1,1,0,0,1,1,0,1,0,0,1,0,0,0,0,0,0,1,0,1,0,1,1,1,1,1,1,1,0,1,0,0,0.604486
0,0,1,0,0,1,1,1,1,1,0,0,1,0,1,0,0,1,1,1,1,1,0,0,1,1,0,0,0,1,0,0,0.616608
1,0,1,0,1,1,0,1,0,1,1,0,1,1,0,1,0,0,1,0,1,1,1,0,0,1,1,1,1,0,0,0,0.590500
1,0,0,1,0,0,0,0,0,1,1,0,1,0,0,0,0,0,0,0,1,0,0,0,1,1,1,1,0,0,0,0,0.644794
1,1,0,1,1,1,0,0,1,0,0,0,1,1,1,1,1,0,0,1,0,0,1,1,0,1,0,0,0,1,1,0,0.580483
1,1,0,1,0,1,1,1,1,1,1,0,1,0,0,1,1,0,0,1,0,1,1,0,0,0,0,0,0,0,0,0,0.633818
0,1,0,0,0,0,1,0,1,0,0,1,0,0,1,0,0,1,0,0,1,0,1,1,0,1,0,0,0,1,0,1,0.642876
1,0,1,1,0,0,1,0,0,1,1,1,0,1,0,0,0,0,1,0,1,0,1,1,0,0,1,0,1,0,0,0,0.635710
0,0,1,0,0,0,0,0,1,0,0,1,1,1,0,1,1,0,0,1,0,0,1,1,0,1,1,1,1,0,0,1,0.644208
0,0,1,0,0,1,1,1,0,0,1,0,1,1,0,1,1,0,0,1,0,1,1,0,0,1,0,1,1,1,1,1,0.548354
1,0,1,0,1,0,1,1,1,0,0,0,0,1,1,0,1,1,0,0,1,1,1,1,0,0,0,1,1,1,0,0,0.566763
1,1,1,0,1,1,1,0,1,0,0,0,0,0,1,1,0,0,1,0,0,0,0,1,0,0,0,0,1,0,1,0,0.594070
1,0,0,0,0,0,0,1,1,1,1,1,0,0,0,1,0,1,0,1,0,1,1,1,0,0,0,1,0,0,0,1,0.622469
0,0,1,0,0,1,1,1,0,1,1,0,0,0,0,0,0,0,1,0,0,1,1,1,1,0,1,1,0,0,1,0,0.611306
1,1,1,0,0,0,0,0,0,1,1,1,1,0,0,0,1,0,1,0,0,0,1,0,0,0,1,1,0,0,0,0,0.595695
0,1,0,1,1,1,0,1,1,0,1,1,0,1,1,1,1,0,1,1,0,1,0,0,1,0,0,1,0,0,1,0,0.592498
1,0,1,0,0,0,1,1,1,0,1,1,1,1,0,0,0,1,0,0,1,0,1,0,1,1,1,1,0,1,0,0,0.604353
0,1,1,1,0,1,1,1,1,1,0,0,1,1,0,1,1,1,1,0,0,1,0,1,0,1,0,0,0,1,0,0,0.591459
0,1,1,0,0,0,0,0,0,0,0,1,1,1,1,1,1,1,1,0,0,1,0,0,1,0,1,1,1,0,1,1,0.618420
0,0,0,1,0,1,1,1,0,0,0,1,1,1,1,0,1,0,1,0,0,1,0,1,1,1,0,1,0,1,1,1,0.539376
0,1,0,0,0,0,1,0,1,0,1,1,0,0,0,1,1,1,1,1,1,1,0,0,1,0,0,1,0,1,1,0,0.604673
0,1,0,1,0,0,0,1,1,1,1,1,1,0,1,0,1,0,1,1,0,1,1,0,1,1,1,0,0,1,0,0,0.597586
1,1,0,0,0,1,0,0,1,0,1,1,0,1,0,1,0,1,1,0,1,1,0,0,1,0,0,0,0,0,0,1,0.605525
1,0,0,0,1,1,1,1,0,1,1,0,0,0,0,0,0,1,1,0,0,1,0,1,0,1,1,1,1,1,1,0,0.579231
0,0,0,1,1,1,0,1,1,0,0,1,0,0,0,0,0,0,1,0,0,1,1,1,0,1,1,0,0,1,1,1,0.631074
1,1,1,1,1,0,0,1,1,0,0,0,1,0,0,0,1,0,1,1,0,1,1,0,1,1,1,0,0,1,0,0,0.638374
0,0,1,0,0,1,1,0,1,0,0,0,1,1,1,1,0,0,1,0,1,0,1,0,0,0,0,1,1,0,0,1,0.590207
0,1,0,1,0,1,0,1,1,1,0,1,1,1,0,0,1,1,0,1,0,1,0,1,0,1,1,1,1,1,1,0,0.545956
1,1,1,1,1,1,1,1,0,1,0,1,0,1,1,0,0,0,1,1,1,1,0,1,0,0,1,1,1,1,0,0,0.641198
1,1,1,0,0,0,1,1,0,0,1,0,0,1,0,0,1,1,1,1,1,0,1,0,0,0,1,0,0,0,0,1,0.596201
0,0,1,1,1,1,0,1,1,0,1,0,0,1,0,1,0,0,1,1,0,0,1,0,1,1,0,1,0,1,1,0,0.589887
0,0,0,0,0,0,0,1,1,1,0,0,0,1,0,0,1,1,0,0,1,1,0,0,1,0,1,1,1,1,0,1,0.684916
1,1,0,0,1,1,0,0,0,0,0,1,1,1,1,0,1,1,1,1,1,0,0,1,0,1,1,0,1,0,1,1,0.568015
0,0,1,0,1,1,0,0,1,0,1,0,1,0,1,1,1,0,0,0,1,0,0,1,0,0,1,1,0,0,0,1,0.605738
0,0,0,0,1,0,0,0,0,1,0,1,0,0,1,0,0,1,1,1,0,0,0,0,1,1,0,0,0,0,1,1,0.657502
0,0,0,1,1,1,1,1,1,0,0,1,0,1,0,0,1,1,1,0,0,0,1,1,1,1,0,0,1,1,0,1,0.586717
1,0,0,0,0,1,1,0,0,1,1,0,0,0,1,1,1,0,1,0,1,1,1,0,1,0,0,1,0,0,1,1,0.590553
0,0,1,1,1,0,0,1,1,0,1,1,1,0,0,1,1,0,0,1,1,0,1,1,0,1,1,1,0,1,1,1,0.549606
1,1,0,1,0,0,0,1,0,0,1,0,0,0,0,0,0,1,0,0,1,1,0,0,1,0,0,0,0,0,1,0,0.625320
0,0,1,0,1,0,0,1,1,1,1,0,0,1,1,1,0,1,0,1,1,0,0,0,0,1,0,0,0,0,0,1,0.653559
1,1,0,0,1,0,0,1,0,0,1,0,1,0,0,0,1,1,1,1,0,1,0,1,0,1,1,1,1,1,0,0,0.577366
1,0,1,0,1,0,1,1,0,0,0,0,0,1,0,1,0,0,0,1,0,0,1,1,0,1,1,1,0,1,0,0,0.620498
1,0,1,0,1,1,0,1,1,0,0,1,0,1,1,0,0,1,1,0,1,1,1,0,0,0,1,1,0,0,1,1,0.579417
1,1,1,0,1,0,0,1,0,1,1,1,0,1,0,0,1,0,1,1,0,1,1,0,0,1,0,1,1,1,1,1,0.553122
1,1,0,1,1,0,1,0,0,0,0,1,0,1,1,0,0,1,1,1,1,0,0,0,1,0,0,1,0,0,0,1,0.607790
1,1,1,0,0,0,0,0,1,1,0,0,1,0,1,0,1,0,0,1,1,1,1,0,1,1,0,1,1,1,0,1,0.590899
0,0,1,0,0,1,0,0,1,0,0,1,1,0,1,0,1,1,1,1,1,1,0,1,0,1,0,0,1,0,1,1,0.617141
1,0,1,1,1,1,0,0,1,1,1,0,0,0,1,1,0,1,0,0,0,0,0,0,0,1,0,1,1,1,1,1,0.579444
0,1,0,1,1,1,1,1,1,1,0,0,1,0,0,0,1,0,1,1,0,0,0,1,1,1,1,0,1,0,1,0,0.579817
1,1,0,1,1,0,1,0,0,1,1,1,1,1,0,0,0,1,1,0,0,1,0,0,1,0,1,0,1,0,1,1,0.578351
1,1,0,0,0,0,1,1,1,1,1,0,0,0,1,0,1,1,1,0,1,1,1,1,0,0,1,0,0,0,1,0,0.611999
0,1,1,1,1,1,1,1,0,1,1,1,1,1,0,0,0,0,1,0,1,0,0,1,0,0,0,1,1,1,0,1,0.559117
0,0,1,1,1,0,0,1,0,0,1,1,0,1,1,0,1,1,0,1,1,0,1,1,1,1,0,1,1,1,0,1,0.570839
0,0,1,1,1,1,0,0,0,1,0,1,0,0,1,1,0,0,0,0,1,1,0,1,0,0,0,0,0,0,0,1,0.666800
1,1,1,0,1,1,1,1,0,0,1,1,0,1,1,1,1,1,0,0,1,1,0,0,0,0,1,1,0,1,1,1,0.535006
1,1,0,1,1,0,1,1,0,1,1,0,1,1,0,1,0,1,0,1,0,0,0,0,1,1,0,1,0,0,0,1,0.574622
1,1,1,1,0,0,0,1,1,1,0,1,0,0,0,0,0,1,0,0,0,0,0,0,0,1,1,1,1,0,0,0,0.633765
0,0,1,0,0,1,0,0,1,0,0,0,0,0,0,0,0,0,1,0,1,1,0,0,0,1,0,1,0,1,1,1,0.649243
0,0,0,0,1,1,1,1,0,1,0,1,0,0,1,0,0,1,1,0,0,0,1,0,0,1,0,1,0,1,0,1,0.615809
0,1,1,0,0,1,0,1,0,1,1,0,0,0,0,1,0,1,0,1,0,0,0,0,1,1,1,1,1,0,1,1,0.596734
1,1,0,1,1,1,1,0,0,1,1,1,0,0,0,1,0,1,0,0,1,1,0,1,1,1,1,1,0,0,1,1,0.551204
0,1,1,1,1,0,1,1,1,0,1,0,1,1,1,0,0,1,0,0,1,0,1,1,0,1,1,0,0,0,0,0,0.588848
0,0,1,1,0,0,1,0,1,0,0,0,1,1,1,0,0,0,1,0,0,1,1,0,0,1,0,0,1,0,1,0,0.625107
1,1,1,0,1,1,1,1,0,1,0,1,1,0,1,1,0,0,0,1,0,1,1,0,0,0,0,0,1,1,1,1,0.519581
1,0,0,0,0,1,1,0,0,1,0,0,0,1,1,1,1,0,1,1,0,1,0,0,1,0,1,1,1,1,1,0,0.570705
0,1,0,1,1,1,0,0,1,1,1,1,1,1,1,0,1,1,1,1,0,0,1,0,0,1,1,0,0,0,1,0,0.579364
1,0,0,1,1,1,1,0,0,0,1,1,1,0,1,1,0,0,0,1,0,0,1,1,1,0,0,0,1,0,0,0,0.592604
1,1,1,0,0,1,0,1,0,0,1,0,1,1,0,0,0,1,1,0,1,0,1,0,0,1,1,0,1,1,1,1,0.578511
0,0,1,1,0,1,1,0,1,1,1,1,0,1,0,0,0,1,1,0,0,1,0,1,0,0,1,0,1,0,1,0,0.603394
1,0,1,0,0,1,1,1,0,1,0,0,0,1,0,0,0,1,1,0,0,0,1,1,1,1,1,0,1,1,1,1,0.565297
0,1,1,1,1,1,1,1,0,1,0,0,0,0,1,0,1,0,0,1,0,1,1,1,0,0,0,1,1,0,0,1,0.615995
1,1,0,0,0,1,1,1,1,0,0,0,1,1,0,1,1,0,1,1,1,0,0,0,0,1,0,0,1,0,1,0,0.594283
1,1,0,1,1,0,0,1,0,0,0,0,0,1,1,0,1,0,0,0,1,1,0,0,0,0,1,1,1,1,0,1,0.583253
1,0,0,1,0,1,0,0,1,0,0,0,0,0,0,0,1,0,0,0,1,1,1,0,0,1,0,1,0,0,0,1,0.614743
1,1,0,0,0,0,0,1,0,0,1,1,1,0,1,0,0,1,1,1,0,1,1,0,0,0,0,1,0,1,0,1,0.609442
0,1,0,0,1,0,0,1,0,1,1,1,1,0,0,0,1,1,0,0,0,0,1,0,0,1,1,0,1,1,1,1,0.602035
1,0,0,1,1,0,1,1,1,1,0,1,0,1,1,0,1,1,1,1,0,1,1,1,0,0,1,1,0,0,1,0,0.584026
0,1,1,0,0,0,0,1,0,1,1,1,1,0,1,1,1,0,0,0,0,0,0,0,1,1,1,0,0,1,1,0,0.618420
0,0,0,0,0,1,0,1,0,0,1,1,0,0,1,0,0,0,0,0,0,0,0,0,1,0,0,0,0,0,0,0,0.655850
1,0,0,0,1,0,0,0,0,0,1,0,1,0,0,0,0,1,0,0,0,1,0,0,1,0,0,0,1,0,1,1,0.616182
1,0,1,1,1,1,1,1,1,1,1,0,1,1,1,1,0,1,1,0,0,1,1,0,0,1,0,0,1,1,1,0,0.547181
1,0,1,0,1,0,0,1,1,1,0,0,0,1,1,1,1,1,0,1,1,0,1,1,1,1,0,1,0,0,1,1,0.545689
1,1,0,1,0,0,1,1,0,0,0,1,0,0,0,0,0,1,0,1,0,0,1,0,1,1,1,0,0,1,0,1,0.601183
0,0,1,0,0,0,0,1,1,1,0,1,1,0,0,1,1,0,1,1,0,0,0,1,1,1,0,1,0,1,0,0,0.632832
1,0,1,0,1,0,0,0,1,1,1,0,1,1,0,0,0,0,0,1,0,0,0,0,1,0,1,0,0,0,1,0,0.676977
1,1,0,1,0,1,1,1,0,1,0,0,1,0,0,0,1,1,1,0,0,1,0,0,1,1,1,0,0,0,1,0,0.597293
1,1,1,0,1,1,1,0,0,0,0,1,1,1,0,1,1,1,1,0,1,0,1,0,0,0,0,1,1,1,0,0,0.584532
0,0,1,1,1,0,1,1,1,0,0,0,1,1,0,1,1,1,1,1,0,1,1,1,1,0,1,0,0,0,0,0,0.589834
1,0,0,0,1,1,0,1,1,0,0,1,1,0,0,1,1,1,1,0,0,1,0,0,1,1,0,1,0,1,0,1,0.587836
1,0,1,1,1,1,0,1,1,1,1,0,1,1,0,1,1,0,1,1,1,1,1,1,0,0,1,1,1,1,0,0,0.533514
1,1,0,0,0,0,1,1,0,0,0,1,1,0,0,1,1,1,1,0,1,0,1,0,1,1,1,0,1,0,0,0,0.606431
1,1,0,0,0,0,0,1,1,1,0,1,1,0,0,0,0,0,0,0,1,0,0,0,1,0,0,0,0,0,1,1,0.634005
0,1,1,0,0,1,0,0,1,0,0,0,0,1,1,1,1,1,1,1,1,0,0,0,1,1,1,0,0,0,1,0,0.629715
0,1,0,0,0,1,0,0,0,1,0,0,1,0,0,1,1,1,0,0,0,1,0,0,1,1,0,0,0,0,0,1,0.630834
1,1,0,1,0,0,0,1,1,0,0,0,0,1,0,1,1,1,0,1,1,1,0,0,0,0,1,0,0,1,1,0,0.591006
1,0,0,0,0,1,0,0,1,1,0,1,0,0,1,1,0,1,0,0,0,0,0,1,0,1,1,0,1,0,1,1,0.607950
0,1,0,0,0,0,1,0,1,1,0,0,0,0,1,1,0,0,0,1,0,0,0,0,1,1,0,0,0,1,0,0,0.656703
0,1,0,1,0,1,0,1,0,0,0,1,1,0,1,0,0,1,1,0,0,1,1,0,1,1,0,1,1,1,0,1,0.573290
0,0,0,0,0,1,1,1,1,1,1,1,0,0,1,0,0,1,1,1,0,1,1,0,0,0,1,1,0,0,1,0,0.622922
1,0,1,0,1,0,1,0,1,1,0,0,1,1,1,0,0,1,0,0,1,1,0,0,0,0,1,1,1,1,0,1,0.593830
1,1,0,0,0,0,1,1,1,1,0,1,1,1,1,0,0,0,0,0,0,0,0,0,0,0,0,0,1,1,1,0,0.656090
1,0,1,0,0,1,1,0,1,0,0,0,1,0,1,1,0,0,0,1,1,1,1,0,1,1,0,1,1,1,0,1,0.564019
0,0,1,1,1,1,1,0,1,1,0,1,1,1,1,1,1,1,0,0,0,1,1,1,1,0,1,1,0,0,0,0,0.597586
0,1,1,1,1,1,0,0,0,0,1,0,0,0,0,1,0,1,0,0,0,0,1,1,1,0,1,1,0,1,1,1,0.611520
1,0,1,0,1,1,0,1,1,1,1,1,0,0,0,1,1,0,1,1,0,1,1,0,0,0,0,0,1,0,0,0,0.600437
0,1,0,0,0,1,0,0,0,1,0,1,1,0,0,1,1,0,1,0,1,1,0,1,0,1,1,0,0,0,1,1,0.621670
1,1,0,0,1,1,0,1,0,1,0,0,1,1,1,1,1,0,0,0,1,0,1,0,1,0,1,0,1,0,1,1,0.553842
0,0,0,0,0,0,0,1,0,0,1,1,1,1,0,1,0,0,1,1,0,0,1,1,0,1,1,0,1,0,0,0,0.674100
1,0,0,0,0,0,1,1,0,0,1,0,1,1,1,1,0,0,1,0,0,0,0,1,0,1,1,1,1,0,0,1,0.575741
0,0,0,0,0,1,0,1,0,1,0,1,1,1,1,1,0,0,1,1,0,0,0,1,1,0,0,0,1,1,0,0,0.737665
1,0,0,1,1,1,0,0,0,1,1,0,0,0,1,1,0,1,1,0,0,0,0,0,0,0,1,0,1,1,0,1,0.614344
1,1,0,1,1,1,1,1,1,0,1,1,1,0,0,0,1,0,0,1,0,0,1,1,0,0,0,0,0,1,0,1,0.603128
1,0,0,1,0,0,1,1,0,0,0,0,1,1,1,1,0,1,0,1,0,0,1,0,1,1,0,0,0,0,1,0,0.605605
0,0,1,0,1,0,1,0,0,1,1,1,0,0,1,1,1,1,0,1,1,0,1,1,1,0,1,1,1,1,0,0,0.595775
1,1,0,0,1,0,0,0,0,0,0,0,1,0,1,0,1,0,0,1,0,0,1,1,0,0,0,1,0,0,0,1,0.623322
1,0,0,1,1,0,1,0,0,0,0,0,1,0,1,1,0,1,0,0,0,0,0,1,1,1,1,1,1,1,1,0,0.570892
0,1,1,0,0,0,0,1,1,1,1,1,1,1,1,1,1,1,0,1,0,1,0,1,1,0,1,1,1,0,1,0,0.568787
0,0,0,0,1,0,0,0,1,1,0,1,1,1,1,0,0,1,1,0,1,0,1,1,1,1,0,1,0,0,0,0,0.728847
0,1,1,0,1,1,1,1,0,0,1,0,1,0,1,1,1,1,0,1,1,1,1,1,0,0,1,1,0,0,0,0,0.566283
1,0,0,0,0,1,0,1,0,0,0,1,1,0,1,0,1,0,0,0,1,1,0,1,0,1,1,1,0,1,1,1,0.601955
0,1,0,1,1,1,1,0,0,1,1,1,1,0,0,0,0,1,0,1,0,1,1,0,1,0,1,0,0,1,1,1,0.576327
1,0,0,1,1,1,1,0,1,1,0,1,0,0,1,1,0,1,1,0,1,0,0,0,1,1,1,1,0,0,1,1,0.570945
1,0,1,0,0,0,1,1,1,0,1,0,1,1,0,1,0,0,0,1,1,1,0,1,1,1,1,1,1,1,1,0,0.550272
1,1,0,1,1,0,0,1,1,1,1,0,0,1,0,1,1,1,0,0,1,1,0,1,1,0,1,1,1,0,0,0,0.588582
1,0,0,1,0,0,1,1,1,0,0,0,0,0,1,1,0,0,1,1,1,0,0,0,1,1,0,0,0,1,0,1,0.615462
1,0,0,0,1,0,1,0,0,0,1,1,0,0,1,0,1,1,1,1,0,0,1,0,1,1,1,1,0,1,0,1,0.592418
1,0,0,1,0,0,0,1,1,0,0,0,1,0,0,0,0,1,0,1,0,1,1,1,0,1,0,1,1,0,0,0,0.624121
1,1,0,0,0,1,1,1,0,1,1,1,1,1,1,1,0,0,1,1,1,0,0,1,1,0,0,0,0,1,0,0,0.569293
