0,0,1,1,0,1,1,0,1,1,1,1,0,1,0,0,0,1,1,0,0,1,0,1,0,0,1,0,1,0,1,0,0.601796
0,1,1,0,0,1,0,1,0,1,1,0,0,0,0,1,0,1,0,1,0,0,0,0,1,1,1,1,1,0,1,1,0.600597
0,1,1,1,1,0,1,1,1,0,1,0,1,1,1,0,0,1,0,0,1,0,1,1,0,1,1,0,0,0,0,0,0.587090
1,1,1,0,1,1,1,0,0,0,0,1,1,1,0,1,1,1,1,0,1,0,1,0,0,0,0,1,1,1,0,0,0.587729
1,0,1,0,1,0,1,1,0,0,0,0,0,1,0,1,0,0,0,1,0,0,1,1,0,1,1,1,0,1,0,0,0.617274
0,0,1,1,1,0,1,1,1,0,0,0,1,1,0,1,1,1,1,1,0,1,1,1,1,0,1,0,0,0,0,0,0.590926
0,0,0,1,1,1,0,1,1,0,0,1,0,0,0,0,0,0,1,0,0,1,1,1,0,1,1,0,0,1,1,1,0.626252
1,0,0,0,0,1,1,0,0,1,1,0,0,0,1,1,1,0,1,0,1,1,1,0,1,0,0,1,0,0,1,1,0.589061
1,0,0,1,0,0,0,1,1,0,0,0,1,0,0,0,0,1,0,1,0,1,1,1,0,1,0,1,1,0,0,0,0.623108
0,0,0,0,1,1,1,1,0,1,0,1,0,0,1,0,0,1,1,0,0,0,1,0,0,1,0,1,0,1,0,1,0.615090
1,1,0,1,0,0,0,1,0,0,1,0,0,0,0,0,0,1,0,0,1,1,0,0,1,0,0,0,0,0,1,0,0.621910
1,1,0,0,1,0,0,0,0,0,0,0,1,0,1,0,1,0,0,1,0,0,1,1,0,0,0,1,0,0,0,1,0.618926
1,1,0,0,0,1,1,1,1,0,0,0,1,1,0,1,1,0,1,1,1,0,0,0,0,1,0,0,1,0,1,0,0.593297
0,0,1,0,0,1,0,0,1,0,0,1,1,0,1,0,1,1,1,1,1,1,0,1,0,1,0,0,1,0,1,1,0.619539
0,1,0,1,0,1,0,1,1,1,0,1,1,1,0,0,1,1,0,1,0,1,0,1,0,1,1,1,1,1,1,0,0.541720
1,0,0,1,0,0,1,1,0,0,0,0,1,1,1,1,0,1,0,1,0,0,1,0,1,1,0,0,0,0,1,0,0.602648
0,0,1,1,1,1,0,0,0,1,0,1,0,0,1,1,0,0,0,0,1,1,0,1,0,0,0,0,0,0,0,1,0.662564
1,1,0,0,0,0,1,1,1,1,1,0,0,0,1,0,1,1,1,0,1,1,1,1,0,0,1,0,0,0,1,0,0.607763
0,1,1,1,1,1,1,1,0,1,1,1,1,1,0,0,0,0,1,0,1,0,0,1,0,0,0,1,1,1,0,1,0.564338
1,1,0,0,0,0,0,1,0,0,1,1,1,0,1,0,0,1,1,1,0,1,1,0,0,0,0,1,0,1,0,1,0.611413
0,1,0,0,0,1,0,0,0,1,0,0,1,0,0,1,1,1,0,0,0,1,0,0,1,1,0,0,0,0,0,1,0.634085
0,0,1,0,0,1,1,1,0,1,1,0,0,0,0,0,0,0,1,0,0,1,1,1,1,0,1,1,0,0,1,0,0.611120
1,1,1,1,1,0,0,1,1,0,0,0,1,0,0,0,1,0,1,1,0,1,1,0,1,1,1,0,0,1,0,0,0.630382
0,0,0,0,0,0,0,1,1,1,0,0,0,1,0,0,1,1,0,0,1,1,0,0,1,0,1,1,1,1,0,1,0.681026
0,0,1,1,1,1,0,1,1,0,1,0,0,1,0,1,0,0,1,1,0,0,1,0,1,1,0,1,0,1,1,0,0.591406
1,1,1,0,0,1,0,1,0,0,1,0,1,1,0,0,0,1,1,0,1,0,1,0,0,1,1,0,1,1,1,1,0.577046
0,0,1,0,1,1,0,0,1,0,1,0,1,0,1,1,1,0,0,0,1,0,0,1,0,0,1,1,0,0,0,1,0.605099
1,0,0,1,1,0,1,1,1,1,0,1,0,1,1,0,1,1,1,1,0,1,1,1,0,0,1,1,0,0,1,0,0.581895
1,0,1,0,0,1,1,1,0,1,0,0,0,1,0,0,0,1,1,0,0,0,1,1,1,1,1,0,1,1,1,1,0.563539
1,0,0,0,1,1,0,1,1,0,0,1,1,0,0,1,1,1,1,0,0,1,0,0,1,1,0,1,0,1,0,1,0.587250
1,0,0,0,1,0,0,0,0,0,1,0,1,0,0,0,0,1,0,0,0,1,0,0,1,0,0,0,1,0,1,1,0.615942
0,0,1,1,1,0,0,1,1,0,1,1,1,0,0,1,1,0,0,1,1,0,1,1,0,1,1,1,0,1,1,1,0.545343
0,1,0,1,1,1,1,1,1,1,0,0,1,0,0,0,1,0,1,1,0,0,0,1,1,1,1,0,1,0,1,0,0.579444
0,0,0,0,1,0,0,0,0,1,0,1,0,0,1,0,0,1,1,1,0,0,0,0,1,1,0,0,0,0,1,1,0.656623
0,1,0,1,1,1,0,1,1,0,1,1,0,1,1,1,1,0,1,1,0,1,0,0,1,0,0,1,0,0,1,0,0.588395
0,0,0,1,1,1,1,1,1,0,0,1,0,1,0,0,1,1,1,0,0,0,1,1,1,1,0,0,1,1,0,1,0.583493
1,0,0,1,0,1,0,0,1,0,0,0,0,0,0,0,1,0,0,0,1,1,1,0,0,1,0,1,0,0,0,1,0.612052
1,1,0,0,0,1,1,1,0,1,1,1,1,1,1,1,0,0,1,1,1,0,0,1,1,0,0,0,0,1,0,0,0.572197
0,1,0,0,0,1,0,0,0,1,0,1,1,0,0,1,1,0,1,0,1,1,0,1,0,1,1,0,0,0,1,1,0.623215
1,1,0,1,0,1,1,1,0,1,0,0,1,0,0,0,1,1,1,0,0,1,0,0,1,1,1,0,0,0,1,0,0.594789
0,1,1,0,0,0,0,0,0,0,0,1,1,1,1,1,1,1,1,0,0,1,0,0,1,0,1,1,1,0,1,1,0.615090
1,0,1,0,0,1,1,0,1,0,0,0,1,0,1,1,0,0,0,1,1,1,1,0,1,1,0,1,1,1,0,1,0.561807
0,1,0,1,1,1,0,0,1,1,1,1,1,1,1,0,1,1,1,1,0,0,1,0,0,1,1,0,0,0,1,0,0.581202
0,0,1,0,1,0,1,0,0,1,1,1,0,0,1,1,1,1,0,1,1,0,1,1,1,0,1,1,1,1,0,0,0.594842
0,0,1,0,0,0,0,0,1,0,0,1,1,1,0,1,1,0,0,1,0,0,1,1,0,1,1,1,1,0,0,1,0.642583
1,1,1,0,1,1,1,1,0,0,1,1,0,1,1,1,1,1,0,0,1,1,0,0,0,0,1,1,0,1,1,1,0.537271
1,1,0,0,0,1,0,0,1,0,1,1,0,1,0,1,0,1,1,0,1,1,0,0,1,0,0,0,0,0,0,1,0.604060
1,0,0,1,0,0,1,1,1,0,0,0,0,0,1,1,0,0,1,1,1,0,0,0,1,1,0,0,0,1,0,1,0.613624
1,1,0,1,0,0,0,1,1,0,0,0,0,1,0,1,1,1,0,1,1,1,0,0,0,0,1,0,0,1,1,0,0.591166
0,1,1,1,0,1,1,1,1,1,0,0,1,1,0,1,1,1,1,0,0,1,0,1,0,1,0,0,0,1,0,0,0.591406
1,0,0,1,1,0,1,0,0,0,0,0,1,0,1,1,0,1,0,0,0,0,0,1,1,1,1,1,1,1,1,0,0.568894
1,1,0,1,1,0,1,0,0,1,1,1,1,1,0,0,0,1,1,0,0,1,0,0,1,0,1,0,1,0,1,1,0.572863
1,0,1,1,1,1,1,1,1,1,1,0,1,1,1,1,0,1,1,0,0,1,1,0,0,1,0,0,1,1,1,0,0.547181
1,0,1,0,1,0,0,0,1,1,1,0,1,1,0,0,0,0,0,1,0,0,0,0,1,0,1,0,0,0,1,0,0.676710
1,0,1,0,1,0,0,1,1,1,0,0,0,1,1,1,1,1,0,1,1,0,1,1,1,1,0,1,0,0,1,1,0.545476
1,0,0,0,0,1,0,0,1,1,0,1,0,0,1,1,0,1,0,0,0,0,0,1,0,1,1,0,1,0,1,1,0.606165
1,0,1,1,0,0,1,0,0,1,1,1,0,1,0,0,0,0,1,0,1,0,1,1,0,0,1,0,1,0,0,0,0.632832
1,1,1,0,1,0,0,1,0,1,1,1,0,1,0,0,1,0,1,1,0,1,1,0,0,1,0,1,1,1,1,1,0.547954
1,1,0,1,1,1,0,0,1,0,0,0,1,1,1,1,1,0,0,1,0,0,1,1,0,1,0,0,0,1,1,0,0.584719
1,0,0,0,0,0,0,1,1,1,1,1,0,0,0,1,0,1,0,1,0,1,1,1,0,0,0,1,0,0,0,1,0.625107
0,0,0,0,0,0,0,1,0,0,1,1,1,1,0,1,0,0,1,1,0,0,1,1,0,1,1,0,1,0,0,0,0.671942
0,0,0,0,0,1,0,1,0,1,0,1,1,1,1,1,0,0,1,1,0,0,0,1,1,0,0,0,1,1,0,0,0.730366
0,0,1,1,0,0,1,0,1,0,0,0,1,1,1,0,0,0,1,0,0,1,1,0,0,1,0,0,1,0,1,0,0.622069
1,1,0,1,1,0,1,1,0,1,1,0,1,1,0,1,0,1,0,1,0,0,0,0,1,1,0,1,0,0,0,1,0.576860
0,1,0,0,0,0,1,0,1,1,0,0,0,0,1,1,0,0,0,1,0,0,0,0,1,1,0,0,0,1,0,0,0.651854
1,1,1,0,0,0,0,0,0,1,1,1,1,0,0,0,1,0,1,0,0,0,1,0,0,0,1,1,0,0,0,0,0.595748
1,0,1,0,0,0,1,1,1,0,1,1,1,1,0,0,0,1,0,0,1,0,1,0,1,1,1,1,0,1,0,0,0.603714
1,0,1,0,1,0,1,0,1,1,0,0,1,1,1,0,0,1,0,0,1,1,0,0,0,0,1,1,1,1,0,1,0.591645
1,0,0,1,1,1,1,0,0,0,1,1,1,0,1,1,0,0,0,1,0,0,1,1,1,0,0,0,1,0,0,0,0.589194
1,0,0,1,1,1,1,0,1,1,0,1,0,0,1,1,0,1,1,0,1,0,0,0,1,1,1,1,0,0,1,1,0.569293
0,1,1,0,1,1,1,1,0,0,1,0,1,0,1,1,1,1,0,1,1,1,1,1,0,0,1,1,0,0,0,0,0.573556
1,1,1,0,1,1,1,1,0,1,0,1,1,0,1,1,0,0,0,1,0,1,1,0,0,0,0,0,1,1,1,1,0.521180
1,1,0,1,1,0,0,1,1,1,1,0,0,1,0,1,1,1,0,0,1,1,0,1,1,0,1,1,1,0,0,0,0.588448
0,1,0,0,0,0,1,0,1,0,1,1,0,0,0,1,1,1,1,1,1,1,0,0,1,0,0,1,0,1,1,0,0.606511
0,0,1,0,0,1,1,0,1,0,0,0,1,1,1,1,0,0,1,0,1,0,1,0,0,0,0,1,1,0,0,1,0.587623
0,1,0,1,0,0,0,1,1,1,1,1,1,0,1,0,1,0,1,1,0,1,1,0,1,1,1,0,0,1,0,0,0.595615
1,1,1,1,0,0,0,1,1,1,0,1,0,0,0,0,0,1,0,0,0,0,0,0,0,1,1,1,1,0,0,0,0.636456
1,1,0,0,0,0,0,1,1,1,0,1,1,0,0,0,0,0,0,0,1,0,0,0,1,0,0,0,0,0,1,1,0.634511
0,0,1,0,0,1,1,1,0,0,1,0,1,1,0,1,1,0,0,1,0,1,1,0,0,1,0,1,1,1,1,1,0.546329
1,0,0,1,0,0,0,0,0,1,1,0,1,0,0,0,0,0,0,0,1,0,0,0,1,1,1,1,0,0,0,0,0.644315
0,0,1,0,0,1,0,0,1,0,0,0,0,0,0,0,0,0,1,0,1,1,0,0,0,1,0,1,0,1,1,1,0.650549
0,1,0,1,0,1,0,1,0,0,0,1,1,0,1,0,0,1,1,0,0,1,1,0,1,1,0,1,1,1,0,1,0.574861
1,0,1,0,1,1,0,1,1,1,1,1,0,0,0,1,1,0,1,1,0,1,1,0,0,0,0,0,1,0,0,0,0.603740
1,0,0,0,1,0,1,0,0,0,1,1,0,0,1,0,1,1,1,1,0,0,1,0,1,1,1,1,0,1,0,1,0.592791
0,0,0,1,0,1,1,1,0,0,0,1,1,1,1,0,1,0,1,0,0,1,0,1,1,1,0,1,0,1,1,1,0.536685
0,1,0,0,0,0,1,0,1,0,0,1,0,0,1,0,0,1,0,0,1,0,1,1,0,1,0,0,0,1,0,1,0.640345
0,0,0,0,0,1,0,1,0,0,1,1,0,0,1,0,0,0,0,0,0,0,0,0,1,0,0,0,0,0,0,0,0.654545
1,1,0,0,1,1,0,0,0,0,0,1,1,1,1,0,1,1,1,1,1,0,0,1,0,1,1,0,1,0,1,1,0.565031
1,0,0,0,0,0,1,1,0,0,1,0,1,1,1,1,0,0,1,0,0,0,0,1,0,1,1,1,1,0,0,1,0.572171
1,0,1,0,0,0,1,1,1,0,1,0,1,1,0,1,0,0,0,1,1,1,0,1,1,1,1,1,1,1,1,0,0.548540
1,1,0,1,1,1,1,1,1,0,1,1,1,0,0,0,1,0,0,1,0,0,1,1,0,0,0,0,0,1,0,1,0.601876
0,0,1,1,1,0,0,1,0,0,1,1,0,1,1,0,1,1,0,1,1,0,1,1,1,1,0,1,1,1,0,1,0.573956
1,0,0,0,0,1,0,1,0,0,0,1,1,0,1,0,1,0,0,0,1,1,0,1,0,1,1,1,0,1,1,1,0.603021
0,1,1,0,0,0,0,1,1,1,1,1,1,1,1,1,1,1,0,1,0,1,0,1,1,0,1,1,1,0,1,0,0.569800
1,1,0,1,1,1,1,0,0,1,1,1,0,0,0,1,0,1,0,0,1,1,0,1,1,1,1,1,0,0,1,1,0.556452
1,1,0,1,1,0,1,0,0,0,0,1,0,1,1,0,0,1,1,1,1,0,0,0,1,0,0,1,0,0,0,1,0.603874
1,1,0,0,0,0,1,1,0,0,0,1,1,0,0,1,1,1,1,0,1,0,1,0,1,1,1,0,1,0,0,0,0.601423
1,1,1,0,0,0,1,1,0,0,1,0,0,1,0,0,1,1,1,1,1,0,1,0,0,0,1,0,0,0,0,1,0.598812
1,0,1,0,1,1,0,1,1,0,0,1,0,1,1,0,0,1,1,0,1,1,1,0,0,0,1,1,0,0,1,1,0.580696
1,0,0,0,1,1,1,1,0,1,1,0,0,0,0,0,0,1,1,0,0,1,0,1,0,1,1,1,1,1,1,0,0.575794
1,0,1,0,1,0,1,1,1,0,0,0,0,1,1,0,1,1,0,0,1,1,1,1,0,0,0,1,1,1,0,0,0.569080
0,0,1,0,0,0,0,1,1,1,0,1,1,0,0,1,1,0,1,1,0,0,0,1,1,1,0,1,0,1,0,0,0.633126
0,1,0,1,1,1,1,0,0,1,1,1,1,0,0,0,0,1,0,1,0,1,1,0,1,0,1,0,0,1,1,1,0.574782
0,0,1,0,1,0,0,1,1,1,1,0,0,1,1,1,0,1,0,1,1,0,0,0,0,1,0,0,0,0,0,1,0.649217
1,1,1,0,0,0,0,0,1,1,0,0,1,0,1,0,1,0,0,1,1,1,1,0,1,1,0,1,1,1,0,1,0.589408
1,0,1,1,1,1,0,1,1,1,1,0,1,1,0,1,1,0,1,1,1,1,1,1,0,0,1,1,1,1,0,0,0.536392
1,0,0,1,1,1,0,0,0,1,1,0,0,0,1,1,0,1,1,0,0,0,0,0,0,0,1,0,1,1,0,1,0.613598
1,0,0,0,0,1,1,0,0,1,0,0,0,1,1,1,1,0,1,1,0,1,0,0,1,0,1,1,1,1,1,0,0.567748
1,1,0,0,0,0,1,1,1,1,0,1,1,1,1,0,0,0,0,0,0,0,0,0,0,0,0,0,1,1,1,0,0.655691
0,0,0,0,0,1,1,1,1,1,1,1,0,0,1,0,0,1,1,1,0,1,1,0,0,0,1,1,0,0,1,0,0.618606
0,1,0,0,1,0,0,1,0,1,1,1,1,0,0,0,1,1,0,0,0,0,1,0,0,1,1,0,1,1,1,1,0.601982
0,0,0,0,1,0,0,0,1,1,0,1,1,1,1,0,0,1,1,0,1,0,1,1,1,1,0,1,0,0,0,0,0.719309
1,0,1,0,1,1,0,1,0,1,1,0,1,1,0,1,0,0,1,0,1,1,1,0,0,1,1,1,1,0,0,0,0.587676
1,1,0,0,1,0,0,1,0,0,1,0,1,0,0,0,1,1,1,1,0,1,0,1,0,1,1,1,1,1,0,0,0.572943
1,1,1,0,1,1,1,0,1,0,0,0,0,0,1,1,0,0,1,0,0,0,0,1,0,0,0,0,1,0,1,0,0.593404
1,1,1,1,1,1,1,1,0,1,0,1,0,1,1,0,0,0,1,1,1,1,0,1,0,0,1,1,1,1,0,0,0.639999
1,1,0,1,1,0,0,1,0,0,0,0,0,1,1,0,1,0,0,0,1,1,0,0,0,0,1,1,1,1,0,1,0.583653
0,1,1,1,1,1,0,0,0,0,1,0,0,0,0,1,0,1,0,0,0,0,1,1,1,0,1,1,0,1,1,1,0.607284
0,1,1,0,0,1,0,0,1,0,0,0,0,1,1,1,1,1,1,1,1,0,0,0,1,1,1,0,0,0,1,0,0.629316
1,1,0,0,1,1,0,1,0,0,1,0,0,0,0,0,0,1,0,1,0,1,1,1,1,1,1,1,0,1,0,0,0.607657
0,1,1,1,1,1,1,1,0,1,0,0,0,0,1,0,1,0,0,1,0,1,1,1,0,0,0,1,1,0,0,1,0.613917
0,1,1,0,0,0,0,1,0,1,1,1,1,0,1,1,1,0,0,0,0,0,0,0,1,1,1,0,0,1,1,0,0.620737
0,0,1,0,0,1,1,1,1,1,0,0,1,0,1,0,0,1,1,1,1,1,0,0,1,1,0,0,0,1,0,0,0.615409
1,1,0,0,1,1,0,1,0,1,0,0,1,1,1,1,1,0,0,0,1,0,1,0,1,0,1,0,1,0,1,1,0.551417
1,0,1,1,1,1,0,0,1,1,1,0,0,0,1,1,0,1,0,0,0,0,0,0,0,1,0,1,1,1,1,1,0.581788
1,1,0,1,0,1,1,1,1,1,1,0,1,0,0,1,1,0,0,1,0,1,1,0,0,0,0,0,0,0,0,0,0.634591
0,0,1,1,1,1,1,0,1,1,0,1,1,1,1,1,1,1,0,0,0,1,1,1,1,0,1,1,0,0,0,0,0.597240
1,1,0,1,0,0,1,1,0,0,0,1,0,0,0,0,0,1,0,1,0,0,1,0,1,1,1,0,0,1,0,1,0.604699
