1,0,0,0,0,0,1,0,0,1,0,0,0,1,1,1,1,0,1,0,1,0,0,1,0,0,1,1,1,1,0,0,0.626356
1,1,0,0,1,1,1,0,1,0,0,0,1,1,0,0,1,0,0,0,1,1,0,1,1,1,0,1,0,0,0,1,0.581229
0,0,0,0,0,1,1,1,0,1,0,0,0,0,0,1,0,1,1,1,0,0,0,0,1,1,0,0,0,1,0,0,0.654708
0,1,1,1,1,0,0,1,0,1,1,0,1,0,0,0,1,1,1,1,1,1,0,1,0,1,0,1,1,0,0,0,0.593705
1,0,0,0,0,0,0,1,1,0,0,1,0,0,0,0,0,0,0,1,1,0,0,1,0,0,1,0,1,0,1,0,0.641307
1,1,1,1,0,1,0,1,0,0,1,0,1,1,0,0,1,1,1,0,0,1,0,0,0,0,0,1,0,0,0,0,0.660383
0,1,1,0,1,1,1,1,1,0,1,1,0,0,0,1,0,0,1,1,1,0,0,1,0,1,1,0,0,1,1,0,0.587704
0,1,0,1,1,1,1,1,1,0,1,0,1,0,1,0,1,0,0,1,0,0,1,0,0,1,0,1,0,0,0,0,0.613281
1,1,1,1,1,1,1,0,1,1,1,1,1,0,0,1,1,0,1,0,0,1,0,0,1,1,0,0,0,1,0,0,0.656183
0,1,1,0,1,0,0,1,1,0,1,0,0,1,0,0,1,0,0,1,1,0,1,1,0,0,0,1,1,1,0,1,0.602980
1,0,1,1,0,0,0,1,1,1,0,0,0,1,0,1,1,1,0,0,0,0,0,1,1,0,1,1,1,0,0,0,0.606380
0,0,1,1,1,1,0,0,0,0,0,1,1,0,0,0,1,0,0,1,1,0,1,1,1,1,1,1,1,1,0,0,0.599955
0,1,1,1,0,1,0,1,1,0,1,1,0,0,0,0,0,1,1,1,0,0,0,1,0,0,0,0,0,0,1,1,0.643657
1,0,0,1,0,1,1,1,1,1,0,0,1,0,1,0,0,1,1,1,0,1,0,1,1,0,0,1,1,0,0,1,0.586579
1,1,0,0,1,1,1,1,1,1,1,1,0,0,0,1,1,0,1,0,0,0,1,0,1,0,0,0,0,1,1,0,0.595255
1,0,0,0,1,0,1,0,1,0,0,1,0,0,1,0,0,0,0,0,0,0,1,1,1,0,1,1,1,0,1,0,0.621981
0,0,0,1,1,0,0,0,0,1,1,1,1,1,1,0,0,1,1,0,1,0,1,1,1,1,0,0,0,1,1,0,0.586204
1,1,1,1,0,0,1,1,0,1,1,1,0,0,1,1,1,1,1,0,0,0,1,1,1,0,1,0,0,1,1,0,0.567078
0,1,1,1,0,0,0,0,0,0,1,0,1,1,1,1,1,0,1,0,0,1,0,0,0,1,1,1,0,1,0,0,0.621131
1,0,1,0,0,1,1,0,0,0,1,1,0,0,1,0,1,0,1,0,1,0,0,1,0,0,1,0,0,0,0,1,0.632382
1,0,0,0,1,0,0,1,0,0,0,1,1,0,0,1,1,0,0,1,1,1,1,1,1,0,1,0,0,0,1,1,0.616581
1,0,1,0,0,0,1,0,1,1,1,0,0,0,0,1,0,1,1,0,0,0,0,1,0,1,1,0,0,1,1,1,0.605980
1,1,0,1,1,1,0,0,1,0,0,0,1,1,1,0,1,0,1,0,0,1,0,0,1,1,0,0,1,0,0,0,0.631157
1,0,0,0,1,1,1,0,0,1,0,1,1,0,0,0,1,1,1,1,1,1,1,1,1,0,1,1,1,0,1,1,0.564828
1,1,1,1,1,0,0,1,0,1,1,1,0,1,0,1,0,0,1,1,0,0,1,0,0,0,0,0,1,0,0,0,0.618981
0,0,1,1,1,0,0,0,1,0,0,0,0,1,1,1,1,1,0,0,1,1,0,0,1,1,0,1,0,1,1,1,0.584904
0,1,0,0,1,1,1,0,1,1,0,0,0,0,0,0,1,1,1,0,1,0,1,0,1,1,1,0,0,0,1,1,0.617281
1,1,0,0,1,1,1,1,0,1,1,1,0,0,1,0,1,0,1,1,1,1,0,0,0,1,1,0,1,0,1,0,0.600930
0,0,1,1,0,0,1,0,1,0,1,0,1,1,0,0,0,0,0,0,0,1,0,0,1,1,0,1,1,1,1,0,0.655983
0,0,0,0,1,1,1,0,1,0,1,1,0,1,0,1,1,0,1,1,1,1,0,0,0,0,0,0,1,1,1,1,0.598230
1,1,1,1,1,0,0,1,0,0,0,1,0,1,1,1,1,1,0,0,1,0,0,0,1,1,0,1,0,0,0,0,0.614681
1,1,0,0,0,1,0,0,0,0,1,0,1,1,1,0,0,0,1,0,1,0,0,1,0,1,0,0,1,0,0,1,0.622056
0,0,0,0,0,1,1,1,1,1,0,1,0,0,0,0,1,1,0,0,1,0,1,0,1,1,1,0,1,0,1,0,0.617406
1,1,0,1,1,0,0,0,1,0,1,1,1,0,0,1,0,0,1,1,1,0,1,1,1,0,1,1,1,1,0,0,0.568478
0,1,0,0,1,0,1,1,1,1,1,1,0,1,1,0,0,0,1,0,0,0,1,1,0,0,0,0,0,1,0,1,0.602180
1,0,0,1,0,0,1,1,0,1,1,1,1,1,0,0,1,1,1,1,1,0,1,1,1,0,0,1,1,0,0,1,0.566053
1,0,0,0,0,0,0,0,1,0,0,0,1,0,1,1,1,0,1,0,1,0,1,0,0,1,0,0,1,1,0,1,0.637632
0,0,0,1,1,0,1,0,0,1,0,1,1,1,1,0,0,1,0,1,1,1,0,1,1,0,0,0,1,1,0,1,0.594855
0,1,0,1,0,1,0,1,1,0,1,0,0,0,0,1,0,0,0,1,0,0,1,0,0,1,1,0,0,0,1,1,0.627206
1,1,0,1,0,0,1,1,0,0,0,1,0,1,0,1,0,1,0,1,0,0,1,0,1,1,0,1,0,1,0,1,0.588729
0,1,1,1,1,0,1,0,1,0,0,1,1,1,1,1,1,0,1,0,1,1,0,1,0,0,0,0,0,1,0,1,0.559553
1,1,0,0,0,0,1,0,0,1,0,1,0,1,0,1,1,1,0,1,0,1,1,0,0,1,0,1,0,1,1,0,0.612056
1,1,0,1,1,0,1,1,1,0,1,1,0,1,1,0,0,0,1,0,1,1,1,0,1,1,1,1,0,0,1,1,0.536927
1,1,1,1,1,1,0,0,0,0,0,0,0,0,1,0,1,1,1,1,0,0,0,0,1,0,0,1,0,0,1,0,0.622856
0,0,1,0,0,0,1,1,0,1,1,0,1,0,0,0,0,0,1,0,1,1,1,1,1,0,1,1,0,0,1,1,0.600580
1,1,1,0,1,1,1,1,1,0,1,1,0,1,0,1,1,1,0,0,1,1,0,0,0,1,1,0,0,1,1,1,0.512626
0,1,1,1,1,0,0,0,1,1,0,1,1,0,1,0,1,1,0,0,1,0,0,0,0,0,1,0,0,0,1,1,0.597130
0,0,1,0,0,1,0,0,0,0,1,0,1,1,0,1,1,1,0,0,0,1,0,1,0,0,0,0,1,1,1,0,0.630807
1,1,1,0,1,0,1,1,0,1,0,1,0,0,0,1,1,1,1,0,0,0,0,1,0,1,1,0,0,0,0,1,0.605230
1,0,0,1,1,0,1,1,1,0,0,1,1,0,1,1,0,0,1,0,0,0,0,0,1,1,0,1,0,0,1,1,0.617481
1,1,0,1,1,0,1,0,1,0,1,1,0,1,0,0,1,1,1,0,0,1,0,0,1,1,0,0,0,0,0,0,0.610831
0,1,0,0,0,0,0,0,0,1,0,1,1,0,0,0,0,1,0,1,0,1,0,1,0,1,0,1,0,1,0,1,0.658333
1,0,0,0,1,0,0,0,0,1,0,0,0,1,0,1,0,0,0,0,1,0,0,1,0,1,1,0,1,0,0,0,0.634857
0,0,1,1,0,0,1,1,1,1,0,1,0,0,0,0,1,0,0,0,1,0,0,1,0,1,1,1,1,0,0,1,0.618156
1,1,0,0,1,0,0,1,1,1,0,1,1,0,1,1,0,0,1,0,1,1,1,1,1,1,0,0,0,0,0,1,0.597480
0,1,0,0,1,1,0,1,1,0,0,1,0,0,0,1,0,0,0,0,1,0,0,0,0,1,1,0,1,0,0,1,0.634282
1,0,1,0,1,1,1,0,0,0,0,0,0,0,1,0,0,0,0,1,0,1,1,1,1,0,0,0,0,1,1,0,0.625706
0,0,1,1,1,0,1,0,1,1,1,1,1,1,1,0,1,0,0,1,1,0,1,0,1,1,0,1,0,1,1,0,0.588754
1,1,1,0,1,0,0,1,1,0,0,0,1,0,0,0,1,0,0,1,0,0,0,0,1,0,1,1,1,1,0,0,0.603930
0,0,1,1,0,0,0,1,0,0,0,1,0,0,0,1,0,1,0,0,1,0,1,1,0,1,0,0,0,1,1,1,0.675834
1,1,1,0,0,1,1,0,0,0,1,0,1,0,1,0,0,0,1,1,0,1,0,0,1,0,1,0,1,1,1,0,0.601355
1,1,1,0,1,1,0,0,1,0,1,0,1,0,0,1,1,0,0,1,1,1,1,1,0,0,1,0,0,1,1,1,0.550753
0,0,0,0,0,0,0,0,0,1,0,0,1,1,1,0,1,1,0,0,0,1,0,1,0,0,0,0,0,0,1,1,0.676634
1,1,0,1,0,0,0,1,0,1,0,1,0,1,0,1,0,0,1,1,1,1,1,1,1,0,0,1,1,0,1,0,0.579529
0,1,0,1,1,1,0,1,1,0,0,1,0,0,0,0,1,0,1,0,0,1,0,0,1,1,1,0,0,0,0,1,0.617206
0,1,1,0,1,1,1,1,0,0,0,1,1,1,1,0,0,1,0,0,0,0,1,0,0,0,0,1,0,0,0,0,0.632832
0,1,1,1,1,0,0,1,0,0,1,1,1,0,0,0,0,1,0,1,0,1,0,0,1,0,1,0,1,0,0,0,0.621506
1,1,0,0,1,0,0,1,0,0,1,1,1,0,0,0,0,1,1,0,0,0,0,1,1,1,0,0,1,1,1,0,0.620281
1,0,1,0,1,0,1,0,0,1,0,0,0,1,1,1,0,1,0,1,0,1,1,0,1,0,0,0,0,1,1,0,0.597355
0,0,0,0,1,1,1,1,0,1,1,1,0,0,1,1,1,0,0,0,1,0,1,0,0,0,0,0,1,1,1,0,0.563653
0,1,0,1,1,1,1,1,0,0,0,1,1,0,0,0,0,0,1,1,1,1,1,0,0,1,1,0,1,0,0,1,0.594380
1,0,0,0,0,0,0,1,0,0,1,1,0,0,0,0,0,0,0,0,0,0,0,1,0,0,0,0,0,1,1,1,0.635732
0,1,0,0,1,0,1,1,1,1,0,0,1,0,0,0,1,1,1,1,0,1,0,0,0,1,0,1,0,1,1,0,0.609130
1,1,0,0,0,0,1,1,1,0,1,0,0,0,0,1,0,0,1,1,0,0,1,1,0,0,1,0,1,1,0,0,0.613881
0,0,0,0,1,0,1,0,0,1,1,0,0,0,0,0,1,0,1,1,1,1,1,1,1,0,0,0,0,1,0,1,0.633807
1,1,1,1,0,0,1,0,1,1,0,0,0,1,0,1,1,0,1,1,0,0,0,0,1,1,1,0,0,0,0,0,0.639207
1,1,0,1,1,0,0,1,0,0,0,0,0,1,0,0,1,1,1,1,0,0,1,1,1,0,1,0,0,1,1,1,0.601930
0,1,1,1,1,0,1,1,1,0,0,1,1,1,1,0,1,1,0,1,1,1,1,0,0,0,1,0,1,0,0,1,0.576029
0,0,1,0,0,0,1,0,1,0,0,0,1,0,1,0,0,1,1,0,0,0,0,1,1,1,1,0,0,0,0,1,0.633332
0,0,0,0,1,1,0,1,1,1,0,1,0,1,1,0,1,0,1,0,0,1,1,1,1,1,1,0,1,0,1,0,0.607980
0,0,0,0,0,1,1,1,1,1,0,1,1,0,0,0,1,0,1,0,0,1,1,0,0,0,0,0,1,0,1,0,0.616531
1,1,0,1,0,0,1,1,0,0,1,0,0,1,1,0,1,1,1,1,1,1,1,0,0,1,0,1,1,1,0,1,0.554328
0,1,0,1,0,1,1,0,1,1,0,0,1,0,0,1,1,0,0,0,1,0,1,0,1,1,0,1,0,1,1,0,0.605230
0,1,1,1,0,1,1,0,1,0,1,1,0,1,1,0,1,0,0,1,0,1,0,0,0,0,0,0,0,1,1,0,0.621481
1,1,0,0,0,1,1,1,1,0,0,1,0,0,0,0,1,1,1,0,0,1,0,0,1,1,1,1,1,0,1,0,0.599530
0,0,0,0,0,0,1,0,0,0,1,1,1,0,0,0,0,0,1,1,1,0,0,0,1,1,0,0,0,0,1,0,0.680659
1,0,0,1,1,1,1,1,0,1,0,1,1,0,1,1,0,0,0,0,1,1,1,1,1,1,1,0,1,1,1,0,0.512101
1,1,0,0,0,0,1,0,0,0,0,0,1,0,0,1,1,0,0,1,1,1,0,0,1,0,0,1,0,0,0,0,0.623856
1,0,1,0,1,1,1,0,1,1,0,1,1,0,1,1,0,0,1,0,1,0,1,1,1,1,0,0,0,0,1,1,0.569253
0,1,0,0,1,0,1,1,0,0,1,1,1,1,0,0,0,0,1,0,0,0,0,0,1,1,1,1,1,0,0,1,0.632257
0,1,0,1,1,0,1,1,1,0,1,0,1,0,1,0,1,1,0,1,0,1,1,0,1,0,1,1,0,1,0,1,0.566003
0,1,0,1,1,1,1,1,1,1,1,0,0,0,1,1,1,0,0,1,0,1,0,0,1,0,1,0,1,1,1,0,0.575379
0,1,0,0,0,1,0,1,0,1,1,1,0,0,0,1,1,1,0,1,1,0,0,0,0,0,1,0,0,0,1,1,0.639532
0,0,1,1,0,0,0,0,1,1,1,0,1,1,1,0,1,0,0,0,1,1,1,0,1,0,0,1,1,1,1,0,0.590930
1,0,1,0,0,0,1,1,1,0,0,0,1,1,1,0,1,0,1,0,1,1,0,1,1,0,1,0,1,1,0,1,0.582779
1,0,0,1,1,1,1,0,1,1,0,1,1,0,1,0,1,0,1,1,1,1,1,1,1,1,1,0,0,1,0,1,0.534002
1,0,1,0,0,1,1,1,1,1,0,1,0,1,1,1,1,0,0,0,0,0,1,0,0,0,0,1,1,1,1,1,0.559403
0,0,0,1,0,1,1,0,0,0,1,1,1,1,0,0,1,0,0,1,1,1,1,1,1,0,0,1,1,1,1,0,0.607355
0,1,1,1,0,0,1,0,1,1,0,1,1,1,0,1,0,0,1,1,0,1,1,0,0,1,0,0,0,0,0,0,0.605780
1,0,0,0,0,0,1,0,1,0,0,1,0,0,1,1,1,0,1,1,0,0,0,1,0,0,0,1,0,1,0,1,0.640907
0,0,1,1,0,0,0,1,0,0,1,0,0,0,1,0,0,0,1,1,0,1,0,1,1,1,0,1,1,0,1,0,0.654383
1,1,1,0,0,0,0,0,1,0,1,1,0,0,0,1,0,0,0,0,1,0,0,0,0,0,0,1,0,1,1,1,0.622181
0,1,0,0,0,1,0,1,1,1,0,0,0,0,1,0,1,1,0,1,1,1,0,0,0,0,0,1,0,0,1,0,0.621256
0,0,0,1,1,0,1,1,0,1,1,0,1,0,0,0,1,1,0,0,0,0,1,1,1,1,1,0,1,0,0,0,0.610481
1,0,1,0,1,0,0,1,0,0,0,0,1,1,0,0,1,1,1,1,1,0,0,1,0,0,1,0,0,1,0,0,0.613756
1,1,0,0,1,1,1,0,1,1,1,1,1,0,1,0,1,0,1,0,1,1,1,1,0,0,1,1,1,0,1,0,0.555878
1,0,1,1,1,1,0,1,0,0,0,1,1,1,1,1,0,0,1,0,0,1,0,0,1,1,1,0,0,0,1,1,0.597205
0,1,1,1,0,0,0,0,1,0,1,0,1,0,1,1,0,1,1,0,1,1,1,1,1,0,0,0,0,0,1,0,0.614281
0,1,1,1,0,0,0,1,0,1,0,0,0,0,1,0,1,1,0,1,0,0,0,1,0,1,1,1,0,0,0,1,0.617956
1,0,1,1,0,1,1,1,0,1,0,1,0,1,0,1,0,0,1,0,0,1,0,1,1,1,1,0,0,0,0,0,0.586404
0,0,0,1,0,1,0,1,0,0,0,0,0,0,0,1,0,1,1,1,0,0,1,1,0,1,1,1,1,1,1,1,0.668633
1,0,0,0,0,0,1,0,0,0,0,1,1,1,0,0,1,0,1,0,0,1,0,1,0,1,1,0,1,0,0,0,0.621431
1,0,1,1,0,1,0,1,1,1,1,1,0,1,1,0,0,0,1,1,1,0,1,0,0,1,0,1,1,1,1,1,0.520901
0,1,0,1,0,0,0,0,1,1,0,1,1,0,1,1,1,0,1,0,1,0,1,1,1,0,1,0,0,1,0,0,0.602030
0,1,1,0,1,1,0,0,1,0,0,0,0,1,0,0,1,1,1,0,0,1,0,0,0,1,0,0,1,0,1,0,0.618006
1,0,0,1,1,1,1,0,0,1,0,1,1,0,0,0,1,0,1,1,1,0,0,1,1,0,1,0,1,0,1,1,0.581604
0,0,1,1,1,1,0,0,1,1,1,0,1,1,0,1,0,0,1,1,0,0,0,0,1,0,0,1,1,0,1,0,0.621406
0,0,0,0,1,1,1,0,1,1,1,1,0,0,1,0,1,0,0,0,0,1,0,1,1,0,0,0,1,0,1,0,0.608780
0,1,0,0,1,1,0,0,0,1,1,0,0,1,0,0,1,1,0,1,0,1,1,0,1,0,1,0,1,1,1,1,0.600755
0,0,1,1,1,0,0,0,1,1,0,1,1,0,0,1,1,1,1,0,1,1,0,0,0,0,1,0,1,0,0,0,0.600405
1,0,0,0,1,1,1,0,0,0,1,1,0,0,1,0,0,1,1,0,0,0,0,0,0,0,1,0,0,1,1,1,0.620306
1,1,0,0,0,1,1,1,0,1,1,0,1,1,0,0,0,0,0,1,0,0,1,1,1,0,0,1,0,0,0,1,0.604130
0,1,0,0,1,0,0,1,0,1,1,1,0,0,1,0,0,0,1,0,1,0,0,1,1,1,0,1,1,0,1,0,0.610656
0,1,0,1,0,0,0,0,0,0,0,0,1,0,0,0,0,1,1,1,0,1,1,1,1,1,0,1,0,1,0,1,0.601480
0,0,1,1,0,0,1,0,1,1,0,1,1,0,0,0,0,0,0,1,1,0,0,1,1,0,0,1,0,1,0,0,0.623981
1,0,0,1,1,1,0,1,1,1,0,1,1,0,1,1,1,0,0,0,1,0,0,0,1,0,1,0,0,1,0,0,0.608105
1,1,0,1,0,1,1,1,1,0,0,0,1,1,0,0,1,1,1,1,0,0,1,0,0,1,0,1,0,0,1,0,0.603505
0,0,1,0,1,0,1,0,1,1,0,0,0,0,1,1,1,1,1,0,0,1,1,1,1,1,1,0,0,0,1,0,0.604180
0,1,0,0,1,1,1,1,1,0,0,0,0,1,1,1,1,1,1,1,0,1,0,0,1,0,0,1,1,1,1,1,0.539502
0,1,0,1,0,1,0,1,0,1,0,1,1,0,0,0,0,1,0,1,1,0,0,0,1,1,0,1,1,1,1,0,0.593905
0,1,0,0,1,1,0,1,0,1,0,0,1,0,1,1,0,0,1,1,1,1,1,0,1,0,1,1,1,0,1,0,0.583279
0,1,1,1,0,0,1,1,1,0,1,1,1,0,0,0,1,1,1,1,0,1,1,1,0,0,1,1,0,0,1,1,0.565428
0,1,0,0,0,0,0,1,0,1,0,0,1,1,0,1,1,0,1,1,1,0,0,1,1,1,0,0,0,1,0,0,0.623931
1,1,0,0,1,0,1,1,1,0,1,0,1,1,1,0,0,1,1,0,0,1,0,0,0,1,0,1,1,1,0,0,0.584279
1,0,0,1,0,0,1,1,0,1,1,0,1,1,0,1,1,1,1,1,0,1,0,1,1,0,0,0,0,1,1,1,0.526526
1,0,0,1,1,1,1,1,0,1,1,1,1,0,1,1,0,0,0,1,1,1,0,0,0,0,1,0,0,1,0,1,0.601305
1,0,1,1,1,1,0,1,0,0,1,0,1,1,1,0,0,1,0,1,1,0,0,0,1,0,1,1,1,0,1,0,0.584079
1,0,1,0,0,0,0,1,1,1,1,1,0,1,0,0,0,0,0,0,0,1,0,0,0,1,0,1,0,0,0,0,0.638407
0,0,1,0,1,0,0,1,1,1,0,1,1,1,0,0,1,0,0,1,1,0,0,1,0,1,1,1,0,0,0,1,0.616206
1,1,1,1,1,1,0,1,1,1,1,1,1,0,0,0,0,0,1,0,1,1,0,0,1,1,1,0,1,0,0,1,0.594130
1,0,1,0,0,0,0,0,0,1,1,1,1,1,1,0,0,1,0,0,0,0,1,1,1,1,0,0,0,1,0,1,0.660308
0,0,0,0,0,1,1,0,0,1,1,0,0,0,0,1,0,1,0,0,0,1,0,0,1,0,1,0,1,0,1,0,0.658858
1,1,1,1,1,1,1,1,1,1,0,0,0,1,1,1,1,0,0,0,1,1,1,0,0,1,0,0,1,0,1,0,0.547227
1,1,0,0,1,1,0,1,0,0,1,0,0,0,1,0,0,0,0,0,1,0,1,1,1,0,1,0,0,0,0,0,0.614706
0,1,1,0,1,0,0,0,0,0,0,0,1,0,1,1,1,1,1,1,1,0,0,0,0,0,0,1,0,0,1,1,0.626706
0,0,1,0,0,0,1,0,0,0,0,1,0,0,1,0,0,1,1,1,0,0,1,0,1,1,1,1,0,1,1,0,0.648482
0,0,1,0,0,0,1,1,1,1,1,0,0,1,1,0,0,0,1,1,0,1,1,0,1,1,0,0,0,0,1,1,0.599205
1,0,0,0,1,1,1,0,0,0,0,0,1,0,0,1,0,1,1,1,1,0,1,1,1,0,0,0,1,0,1,1,0.608755
0,0,0,1,0,0,1,0,1,0,1,1,0,0,0,0,1,0,1,0,1,1,0,1,1,0,0,1,1,1,0,0,0.621806
1,1,1,1,0,1,0,0,0,0,0,0,1,1,0,1,1,1,0,1,0,0,1,0,0,1,0,0,0,1,0,0,0.659033
0,0,0,0,0,0,1,0,0,1,1,0,1,0,1,1,0,1,0,0,1,0,1,0,1,1,0,1,0,1,0,1,0.688309
0,0,0,1,0,1,1,1,1,1,0,0,1,1,0,1,1,0,0,0,1,1,1,1,0,1,1,0,0,1,0,1,0.537202
0,1,1,0,0,0,1,1,0,0,0,0,1,0,0,1,1,0,0,0,1,0,0,1,0,1,1,0,1,1,0,1,0.632182
1,1,1,0,0,0,1,1,1,0,1,0,1,0,0,0,0,0,0,1,0,0,1,0,1,0,0,1,0,0,0,1,0.613206
0,1,1,1,0,1,1,1,0,0,0,1,1,1,1,0,0,1,1,0,1,0,0,1,1,0,1,1,0,0,0,0,0.603330
0,0,0,1,1,1,1,0,0,1,0,0,1,0,0,1,0,0,0,0,0,0,0,0,1,1,1,1,0,1,1,0,0.649357
0,1,0,0,0,0,0,0,0,0,0,1,1,1,1,1,1,0,1,0,0,1,1,1,1,0,1,0,1,1,1,0,0.641457
0,1,0,0,1,0,1,0,1,1,1,0,0,0,0,0,0,0,0,1,0,0,1,0,1,1,0,0,1,1,0,1,0.625256
1,1,1,0,1,1,0,0,0,1,0,1,1,0,0,1,1,0,0,1,0,0,1,0,1,0,0,1,0,1,0,0,0.607755
0,1,1,0,1,1,0,0,0,0,0,0,0,0,1,0,1,0,0,1,0,1,0,0,1,0,0,1,1,0,1,0,0.624456
0,1,0,1,0,1,1,1,0,1,1,1,1,0,1,1,1,0,1,1,1,1,1,0,1,1,1,0,0,0,1,1,0.542727
0,0,0,1,1,1,1,0,1,0,0,0,1,1,0,1,1,0,1,1,1,0,0,0,1,0,1,1,1,1,0,1,0.584029
0,1,0,0,1,1,0,0,1,0,0,1,0,0,1,1,0,0,1,0,1,1,1,1,0,1,1,0,1,0,0,1,0.607755
0,0,0,0,1,1,1,0,0,1,0,1,1,1,0,1,1,0,1,0,0,0,0,1,1,0,0,1,0,1,1,0,0.621356
0,0,1,1,0,1,1,0,1,0,1,1,1,0,1,0,1,0,1,0,0,1,0,0,0,0,0,0,0,1,0,1,0.607355
0,0,1,1,0,1,1,1,1,1,0,0,1,0,1,0,0,0,0,0,1,1,1,0,0,1,0,0,0,1,0,0,0.574729
0,1,1,1,0,1,1,1,0,1,0,0,0,1,1,1,0,0,0,1,1,1,1,1,0,0,0,0,0,0,1,0,0.599805
0,1,1,0,1,1,0,1,0,0,1,1,1,1,0,1,1,1,1,1,0,0,0,0,0,1,1,1,0,0,1,1,0.578704
1,1,1,1,0,1,0,0,0,0,1,1,0,0,0,0,0,0,0,0,1,1,1,0,0,1,1,1,0,1,1,0,0.652483
1,0,0,1,0,1,0,0,1,1,0,0,1,1,0,1,1,0,0,1,0,0,1,0,0,0,1,1,0,0,0,1,0.620331
0,1,1,1,1,0,1,1,1,1,1,1,0,1,1,1,0,1,0,1,1,1,1,1,0,0,0,1,0,0,0,0,0.607855
0,0,0,1,1,0,0,0,0,1,1,1,1,0,1,0,1,1,1,0,0,1,1,0,1,0,1,0,1,1,0,1,0.600480
1,1,1,1,0,0,1,0,0,0,1,0,0,0,0,0,1,0,1,1,1,0,0,0,0,0,1,1,1,0,1,0,0.621856
1,0,1,1,0,0,0,1,1,0,1,1,1,1,0,1,0,0,0,1,0,0,1,0,1,0,0,0,0,1,0,1,0.610181
1,1,1,1,1,1,1,1,1,0,0,0,1,1,1,1,0,0,1,0,1,1,0,1,0,0,1,1,0,0,0,1,0.591405
1,0,1,0,0,0,0,0,0,0,0,0,0,0,0,0,0,1,1,1,1,0,1,0,1,0,0,0,0,1,0,0,0.654733
0,0,1,1,1,0,0,1,0,1,1,1,0,1,0,0,0,1,1,0,1,1,0,0,1,1,0,0,0,1,0,0,0.610406
1,1,0,1,1,0,1,1,0,1,0,1,0,0,0,0,1,1,0,1,1,1,0,0,0,0,0,0,1,1,0,1,0.613606
1,1,0,1,0,0,0,1,1,0,1,0,0,0,1,1,1,0,1,0,0,0,1,1,0,0,0,0,1,0,1,0,0.605005
0,1,1,1,0,0,1,1,1,1,0,0,0,0,1,0,0,0,1,1,0,0,1,0,0,1,1,1,1,1,0,0,0.596905
0,1,1,1,1,1,0,1,1,1,0,0,0,1,0,0,1,0,1,1,0,0,1,0,0,0,1,0,0,0,0,1,0.616806
1,1,0,1,1,1,1,1,0,1,0,1,1,0,1,1,1,0,0,0,1,0,0,1,0,1,1,0,0,0,0,1,0.580354
0,0,0,0,1,0,1,0,0,1,0,0,1,0,0,1,1,0,1,0,1,1,1,0,0,1,1,0,0,1,0,1,0.633132
0,0,0,0,1,0,1,1,1,0,1,1,1,1,1,0,0,0,0,0,1,1,1,1,0,0,1,1,1,0,0,1,0.570629
1,0,0,1,0,1,0,0,1,1,1,1,1,1,1,0,1,1,1,1,0,1,0,0,0,1,0,0,0,0,1,0,0.609480
0,1,1,0,0,1,0,0,0,1,0,0,1,1,0,0,0,0,0,0,0,1,1,1,1,1,1,1,0,0,1,1,0.667283
1,1,1,1,1,1,1,0,0,0,1,0,0,1,0,1,0,0,1,1,0,1,0,1,0,1,0,1,1,1,0,0,0.589079
0,0,0,1,1,0,1,1,1,1,1,0,0,0,1,0,1,0,0,1,0,0,1,0,0,0,1,0,1,1,0,1,0.612806
1,0,1,0,1,1,1,0,1,1,1,1,0,1,0,1,1,1,1,0,0,1,0,0,0,1,1,1,0,0,0,0,0.594805
0,0,0,1,0,0,1,0,0,0,0,0,1,1,0,1,1,1,0,1,1,0,0,0,1,0,0,1,0,0,1,0,0.659733
0,0,0,0,0,1,1,0,0,0,0,1,0,1,1,1,1,1,1,0,0,1,0,1,1,0,1,0,0,1,1,0,0.648632
0,0,0,1,0,1,1,0,0,0,1,1,1,1,1,1,1,0,0,0,0,1,1,1,0,0,0,0,0,0,0,0,0.654258
0,0,1,1,0,1,1,1,0,0,1,0,1,0,1,1,0,1,0,1,0,1,1,1,0,1,1,0,1,0,0,0,0.605430
1,1,0,1,0,1,1,1,0,0,0,0,1,0,1,0,0,0,0,1,0,1,0,0,0,0,0,1,0,0,0,0,0.642582
0,0,1,1,0,1,0,1,1,1,0,1,0,1,0,0,0,0,1,0,0,0,1,1,0,1,0,0,0,0,1,1,0.623531
1,0,1,0,1,1,1,0,1,1,1,0,0,1,1,0,0,1,0,0,1,1,0,1,0,0,0,1,1,0,0,1,0.590180
1,1,0,1,1,0,1,0,1,1,1,0,1,1,1,1,1,1,1,1,0,1,0,1,1,0,0,0,0,0,0,1,0.571479
1,1,1,1,1,1,0,0,1,0,1,1,1,1,1,0,0,0,0,0,1,0,1,0,0,1,1,0,0,0,0,0,0.630907
0,1,0,0,1,1,0,0,0,0,0,0,1,0,0,0,1,1,0,0,1,1,1,1,1,0,1,0,1,1,1,0,0.607630
0,0,1,1,1,1,0,1,1,0,0,1,1,0,1,0,1,0,1,1,1,1,1,0,1,0,1,0,0,1,0,1,0.587654
0,0,1,1,0,1,1,0,0,0,0,0,1,1,1,1,0,1,1,1,1,1,1,1,0,0,0,0,0,0,0,0,0.573329
0,1,1,1,0,0,1,1,0,1,1,0,1,1,0,0,1,1,1,0,1,0,0,1,1,1,1,0,1,0,1,0,0.588429
1,1,0,0,0,1,0,1,0,1,1,0,0,1,0,0,0,0,0,0,0,1,1,0,0,0,1,0,1,1,0,0,0.633882
0,0,1,0,1,1,0,1,1,1,0,1,1,1,1,1,0,1,0,0,0,1,0,0,1,1,1,0,1,1,1,0,0.629606
0,0,0,0,0,0,1,0,1,0,1,0,0,1,1,0,1,0,0,1,1,0,0,1,1,1,1,0,1,0,0,1,0.648107
0,0,0,0,0,0,0,1,1,1,0,0,0,0,1,0,1,0,1,0,0,0,0,0,1,1,1,1,0,1,1,0,0.695110
0,1,1,0,0,0,0,0,1,0,0,1,1,1,1,0,1,0,1,1,1,0,0,1,1,0,1,0,0,0,0,0,0.617056
0,1,1,0,0,0,0,0,1,1,1,0,1,1,1,0,0,1,0,0,1,1,0,0,1,0,0,0,1,1,0,0,0.641357
1,0,1,1,1,1,0,1,1,1,0,0,0,1,0,1,1,0,0,0,0,0,0,0,0,0,0,1,1,1,1,1,0.585454
1,1,0,0,0,0,1,0,1,1,1,0,0,1,1,1,0,0,1,1,0,1,0,1,1,1,0,0,0,0,0,1,0.618681
0,0,1,1,0,0,1,0,1,0,0,1,0,0,0,1,0,0,0,0,1,0,0,1,1,1,1,1,1,0,0,0,0.637782
1,0,0,1,0,0,0,0,0,0,0,1,0,0,0,1,1,1,0,0,1,1,1,0,0,0,1,1,1,0,0,0,0.638057
0,1,1,1,0,1,0,0,1,0,1,1,0,1,0,1,1,0,0,1,0,1,0,0,0,0,0,1,0,0,0,1,0.611706
1,0,1,1,1,0,1,1,0,0,0,1,1,1,1,0,0,0,0,1,0,0,1,0,1,1,0,1,0,0,0,0,0.612581
0,1,1,0,0,0,1,1,1,0,1,1,0,1,1,0,0,0,0,1,1,1,1,1,1,0,0,0,0,1,1,1,0.518401
0,0,1,1,1,0,1,0,1,1,0,0,0,1,1,0,1,1,0,1,0,0,0,1,0,0,0,0,0,0,0,0,0.625531
1,1,1,0,1,0,0,1,1,1,1,0,1,0,1,1,0,1,0,0,0,0,0,0,0,1,1,1,1,0,0,0,0.613781
1,1,0,1,1,0,0,1,1,0,1,0,1,1,1,0,0,0,1,1,0,0,1,0,0,0,0,1,0,0,1,0,0.611856
1,1,1,1,0,0,1,0,1,0,1,1,1,0,1,0,1,1,0,1,0,0,0,1,0,1,0,1,1,0,1,0,0.597655
0,0,1,1,0,1,1,0,1,0,1,1,0,0,1,0,0,1,0,1,1,1,1,0,1,0,1,1,0,1,1,0,0.595930
1,0,0,0,1,1,0,1,1,0,1,1,0,1,0,0,1,1,0,1,0,1,0,1,1,1,1,1,0,1,1,0,0.585979
0,1,0,1,0,0,1,0,1,1,0,1,1,1,1,0,1,0,0,0,1,1,0,1,1,1,1,0,0,0,0,1,0.603105
0,0,0,0,1,0,1,0,0,0,1,1,1,0,1,1,1,0,1,1,0,0,1,0,0,0,0,0,1,0,0,0,0.631107
0,1,1,0,0,0,0,0,1,0,0,1,0,1,0,1,1,1,0,1,0,1,0,1,0,1,0,1,0,1,0,0,0.619581
0,1,1,0,1,0,0,1,0,1,1,1,0,1,1,0,0,0,1,0,1,0,0,0,1,1,1,1,1,0,0,0,0.610256
1,1,1,1,1,0,0,1,0,1,1,0,1,0,1,1,0,0,1,0,0,1,0,1,1,0,1,1,1,1,1,1,0.503325
0,1,1,1,0,1,1,1,1,1,0,0,0,0,0,1,0,0,1,0,1,1,0,0,0,1,0,1,1,0,0,1,0.606380
1,1,0,1,0,1,1,0,0,0,1,0,0,1,1,1,0,1,1,1,0,0,1,0,0,0,0,1,0,1,0,0,0.629256
1,0,1,1,1,0,0,0,0,1,0,0,0,1,0,0,0,0,1,1,1,0,1,1,1,0,1,0,0,1,0,1,0.612256
1,0,1,1,0,0,0,0,1,1,0,0,1,1,0,1,1,0,1,1,0,0,1,0,0,1,1,1,0,0,1,1,0.600005
1,0,1,0,1,1,1,1,0,1,0,1,1,0,1,1,1,0,0,0,0,1,0,0,0,1,1,0,0,0,1,0,0.596805
0,0,0,1,0,1,0,0,1,0,0,0,0,0,1,1,1,1,1,0,1,0,1,1,1,1,1,0,0,0,1,1,0.646157
0,0,0,0,1,0,0,0,1,0,0,1,0,0,0,1,1,0,1,0,0,0,0,1,1,0,1,1,0,0,1,0,0.684584
1,0,1,1,0,0,0,1,0,0,0,0,1,1,0,0,1,1,1,1,0,0,0,1,0,0,0,0,0,0,1,1,0.629556
0,1,1,0,1,1,0,1,1,0,1,1,1,1,1,1,1,0,1,0,0,0,0,0,0,1,1,0,1,0,0,0,0.617481
0,0,0,1,0,1,0,0,0,1,1,0,0,1,1,1,1,1,0,0,1,1,1,0,0,0,0,0,1,0,0,0,0.630957
1,0,0,1,0,0,0,1,0,1,1,0,0,0,0,0,1,0,1,1,1,1,0,1,1,1,0,0,0,1,0,1,0.611156
1,0,1,0,0,0,0,1,1,1,0,0,1,1,0,0,1,1,0,1,0,1,1,1,1,0,1,0,0,1,0,1,0.587329
1,1,0,1,0,0,1,0,1,0,0,1,1,0,0,0,0,1,0,1,0,0,0,0,1,0,1,0,0,1,0,0,0.632157
0,1,0,0,0,0,0,0,1,1,0,1,0,0,0,1,1,0,1,1,1,0,0,0,1,0,1,1,1,1,0,0,0.636932
1,1,0,1,1,0,0,0,0,1,0,0,1,0,1,1,0,1,0,0,1,1,1,0,0,0,0,1,0,0,1,0,0.612856
1,0,1,0,0,1,0,0,0,1,1,1,1,0,1,0,1,1,0,0,0,0,1,1,0,1,0,0,0,1,0,1,0.613531
1,0,0,1,0,1,1,0,1,0,1,1,0,0,0,0,1,1,0,1,0,1,1,0,0,1,0,0,1,1,0,0,0.598305
1,0,1,0,1,0,1,1,0,0,1,1,0,1,0,1,0,0,0,1,1,1,1,1,0,1,1,1,1,1,1,1,0.498325
0,1,0,1,1,1,1,1,1,1,0,1,0,0,0,1,0,0,1,0,1,1,1,1,1,0,0,1,0,1,0,0,0.577329
1,1,1,1,0,0,1,1,1,0,0,1,1,1,0,0,0,1,0,0,0,0,1,0,1,1,0,1,1,0,0,0,0.627856
0,0,1,0,1,0,0,0,0,0,0,0,1,1,1,0,0,1,1,0,1,1,0,1,0,0,0,0,0,1,1,1,0.619831
0,0,1,0,1,1,0,1,0,0,1,1,1,1,0,0,1,1,0,0,1,0,0,0,1,1,1,1,0,0,0,1,0.623156
1,0,0,0,1,1,1,1,0,0,0,1,1,1,1,0,0,0,1,0,0,1,1,0,0,0,1,0,0,0,1,1,0.545227
1,1,0,1,1,0,0,0,1,1,0,1,0,0,0,0,1,1,0,0,1,0,1,1,1,1,0,1,0,1,1,1,0.591355
0,0,0,0,0,0,1,0,1,1,1,1,1,1,1,0,1,1,0,0,0,0,1,1,1,1,0,1,1,1,0,1,0.612056
1,0,0,1,0,0,1,0,1,0,1,1,0,0,1,1,0,1,0,1,1,1,1,0,0,1,1,1,0,1,0,1,0.551153
1,0,1,1,1,0,0,1,1,1,0,1,0,0,0,1,0,1,0,0,1,0,1,0,0,0,1,0,1,1,0,0,0.607655
0,1,1,1,1,0,1,1,1,1,1,1,1,1,0,1,1,1,1,1,0,1,0,1,0,0,0,1,0,1,0,0,0.579354
0,1,0,0,0,0,0,0,0,0,0,1,0,0,1,0,1,1,1,1,0,0,0,0,0,0,1,0,1,1,1,1,0.659333
0,1,0,0,0,1,0,0,1,1,0,1,0,0,0,0,0,1,1,0,1,0,1,1,0,0,1,0,0,1,0,1,0.630982
1,1,0,1,0,0,0,1,0,1,1,0,1,1,1,0,1,1,1,1,0,0,1,1,1,0,1,1,0,0,0,0,0.590130
0,0,0,0,1,0,1,1,1,1,0,0,1,1,0,1,1,0,0,0,0,0,1,0,0,1,1,1,0,1,0,0,0.613856
0,0,1,1,1,1,1,0,1,0,0,0,1,1,0,0,1,0,1,0,0,0,0,1,1,0,1,1,0,0,0,0,0.614756
1,1,1,0,0,1,1,1,1,1,1,0,1,1,0,1,1,0,0,0,0,0,0,1,1,1,0,0,0,1,0,1,0.610081
1,1,0,1,1,0,1,0,0,0,0,0,1,1,1,0,1,0,0,0,0,1,1,1,1,1,0,0,1,1,0,0,0.605805
1,0,0,0,0,1,1,1,0,0,0,0,1,0,1,0,1,1,1,0,0,0,0,0,1,1,1,1,1,1,0,1,0.601680
1,0,1,0,1,0,0,0,1,1,0,0,1,0,0,0,1,0,1,1,1,1,1,1,1,1,0,1,1,1,1,0,0.617306
1,0,0,1,1,1,1,0,0,1,0,0,0,0,0,1,0,1,1,0,1,1,1,0,1,1,1,0,0,1,1,1,0.567828
1,0,0,1,0,0,0,1,0,1,0,0,0,0,1,0,0,1,0,1,1,0,0,1,0,0,0,1,0,0,0,0,0.638007
0,0,1,0,1,0,1,1,1,1,0,1,1,0,1,0,1,0,1,0,1,1,0,0,1,1,0,1,0,0,1,1,0.588029
0,1,0,0,1,0,1,0,1,0,0,0,0,0,1,1,0,1,0,0,1,1,0,1,1,0,0,0,0,0,0,1,0.617931
1,1,0,0,0,1,0,1,1,1,1,0,0,1,0,0,1,1,1,0,0,0,0,1,1,0,1,1,1,1,0,0,0.604255
1,1,0,1,0,0,1,1,0,1,0,0,1,0,0,0,1,0,1,1,0,1,1,1,0,1,1,0,0,0,0,1,0.590855
0,1,1,1,1,1,0,0,1,1,1,1,0,0,0,0,1,0,0,1,0,0,1,0,1,1,0,0,1,1,1,1,0.584704
1,0,0,0,1,1,1,0,1,1,1,1,1,1,0,0,0,0,0,1,0,1,0,1,0,0,1,0,0,1,1,1,0.585279
1,0,0,0,1,0,1,0,0,0,1,0,1,0,0,1,1,1,1,0,0,0,0,0,0,1,1,1,1,1,0,0,0.614606
1,0,0,1,0,1,0,0,1,0,0,1,0,0,1,0,1,1,1,0,1,0,0,0,0,0,0,1,0,0,1,0,0.631207
0,0,0,0,0,1,0,1,1,0,1,1,0,0,1,1,1,1,1,0,1,0,1,1,1,1,0,0,0,1,0,0,0.671384
1,1,1,1,1,1,1,1,1,1,1,1,1,0,0,0,1,0,1,0,0,0,0,1,0,1,0,1,1,1,0,0,0.637782
1,1,0,1,0,0,0,1,0,0,1,1,0,1,0,0,0,1,1,1,0,0,1,1,0,1,1,0,0,1,1,1,0.589354
1,1,1,0,1,1,1,0,0,0,0,0,1,0,0,0,1,1,1,0,1,0,0,0,0,0,0,0,1,1,1,0,0.599480
0,1,0,1,1,1,0,0,0,0,1,0,1,0,1,1,1,1,0,1,0,0,1,0,0,0,0,1,0,1,0,1,0.616381
0,0,1,0,0,1,1,1,1,1,1,0,1,1,0,0,0,0,1,1,1,0,1,0,0,0,1,0,1,0,0,0,0.611006
1,1,0,1,0,0,1,0,0,0,1,1,0,0,1,1,1,1,0,0,1,1,1,1,0,1,1,0,1,0,1,0,0.593605
1,1,0,1,1,0,0,0,1,1,1,1,1,0,0,0,0,0,1,0,0,1,0,1,1,0,0,0,0,1,0,1,0.607055
0,0,0,1,1,0,0,1,0,0,0,1,0,0,0,1,0,0,1,1,0,0,0,1,0,0,0,1,1,1,1,1,0.609305
0,1,0,0,1,0,0,0,1,1,0,0,0,1,0,1,0,0,0,0,0,1,1,1,1,0,0,0,0,1,1,1,0.631907
1,0,1,0,0,1,0,1,1,1,1,1,1,0,1,0,0,1,1,0,0,1,0,0,1,0,0,1,1,0,0,1,0.599930
1,1,1,1,1,1,1,1,0,1,1,1,0,0,0,0,0,1,0,0,1,1,0,0,1,1,0,1,1,1,0,1,0.580129
0,1,0,0,1,1,1,0,1,0,0,0,1,1,0,0,0,1,0,0,0,0,0,0,1,1,1,0,0,0,1,1,0.639932
1,0,0,0,1,1,1,0,0,1,0,0,1,1,1,0,1,0,0,1,1,1,1,0,0,0,1,1,0,0,0,0,0.599555
1,0,1,1,1,1,0,0,0,1,0,0,1,0,0,1,1,1,0,0,1,0,1,1,0,1,1,0,1,0,1,0,0.601705
1,1,0,1,1,1,0,0,1,0,0,0,0,0,1,0,1,1,0,1,1,1,1,1,0,1,1,0,1,0,0,1,0.572279
1,0,1,1,1,1,0,1,0,0,1,0,0,0,1,0,0,1,1,1,0,1,1,0,0,0,0,1,0,0,1,1,0.619006
0,1,0,0,1,1,1,1,1,1,1,0,0,1,1,1,1,1,1,0,1,1,0,1,0,1,1,0,0,1,0,1,0.537502
1,1,1,1,1,0,1,0,0,1,0,0,1,1,0,0,1,0,1,0,0,0,0,0,1,1,1,0,0,1,0,1,0.590080
1,0,1,1,1,0,1,1,1,1,0,1,1,1,1,0,0,0,1,1,1,0,0,1,0,1,0,1,1,0,1,1,0.544452
0,0,1,1,0,1,0,0,1,0,1,1,0,1,1,1,1,1,0,1,1,1,1,0,0,0,0,1,0,0,1,0,0.597130
0,1,0,1,0,1,0,1,1,1,0,1,0,0,1,0,0,1,1,0,1,0,1,1,1,1,0,1,1,0,0,0,0.598680
1,0,0,1,1,1,1,0,0,1,1,0,0,0,0,0,1,0,0,1,1,1,1,1,0,1,1,0,1,1,0,0,0.583254
1,1,0,1,0,0,1,0,1,0,1,1,0,1,0,1,1,0,0,1,1,1,0,0,1,0,1,0,0,0,1,0,0.598930
0,1,1,1,1,0,0,1,0,1,1,1,1,0,0,1,1,1,1,1,1,0,0,0,1,1,1,0,1,0,0,0,0.604230
0,0,1,0,0,0,0,1,0,0,1,1,0,1,0,1,0,1,1,0,1,0,1,1,1,0,0,0,0,1,0,0,0.635607
1,1,1,0,1,1,1,1,0,1,1,1,0,1,0,0,0,0,0,0,0,0,1,0,0,0,1,0,1,1,0,0,0.610056
1,1,1,1,0,1,0,0,0,0,1,1,1,1,0,1,0,0,1,1,0,1,1,1,1,1,1,1,0,1,1,1,0.476349
1,0,0,1,1,1,1,1,0,1,0,0,1,1,1,1,0,0,0,1,0,1,1,0,0,0,0,1,1,0,0,0,0.593705
1,1,1,1,0,1,1,0,0,1,1,1,0,0,0,0,0,0,1,0,1,1,1,0,1,0,0,0,0,1,0,1,0.602780
0,0,1,0,1,1,1,0,0,1,1,1,1,1,1,0,0,0,1,1,0,1,0,0,1,1,1,1,0,1,1,0,0.633082
0,0,1,1,1,0,1,1,1,1,0,1,1,1,0,0,1,0,0,1,1,0,1,1,1,0,1,1,0,1,1,0,0.571829
1,0,1,0,0,0,0,0,1,0,0,0,1,1,0,0,1,0,0,1,1,1,0,0,0,0,0,1,1,1,0,1,0.615931
0,0,0,0,1,1,0,1,1,1,1,0,1,0,0,1,1,0,0,1,1,1,0,1,0,0,0,1,0,0,1,0,0.614781
0,0,0,1,0,0,1,1,1,0,0,1,0,0,1,1,1,0,0,1,0,0,1,0,1,0,1,0,0,1,0,1,0.621031
0,0,1,0,0,1,1,1,1,0,1,1,1,1,0,1,0,1,0,1,0,1,0,1,0,0,1,0,1,0,0,0,0.609655
1,0,1,1,1,0,0,0,0,0,0,1,0,1,1,1,1,0,0,1,1,0,0,0,0,0,1,0,1,0,1,1,0.615406
1,1,1,0,1,1,0,0,1,1,1,1,1,1,0,1,1,0,0,0,0,0,0,0,0,0,1,0,0,1,1,0,0.645257
0,0,1,0,1,0,1,0,1,0,0,1,0,1,0,0,0,0,0,0,1,0,1,0,0,0,1,0,0,1,0,0,0.649032
0,0,1,1,1,1,1,0,0,1,0,1,0,1,1,0,1,0,0,1,1,0,0,1,1,0,0,1,1,0,1,0,0.594680
0,1,1,1,1,1,1,1,0,1,0,1,0,0,0,0,0,0,1,0,0,0,1,1,0,1,1,1,0,0,1,0,0.621331
1,0,1,1,1,0,0,1,1,0,0,1,1,1,0,1,0,0,1,1,1,1,1,1,0,1,1,0,0,0,1,0,0.572004
0,1,1,1,0,1,1,1,1,0,1,1,1,0,0,1,0,0,1,0,0,1,1,1,0,0,1,1,0,1,1,1,0.533202
0,1,1,1,0,0,0,1,0,1,0,1,0,1,1,0,1,0,1,0,1,1,0,0,0,1,0,0,1,0,1,1,0.603105
0,1,0,1,1,1,0,1,0,1,0,0,0,1,0,1,0,0,1,1,0,1,0,1,0,0,0,1,0,0,0,1,0.637357
1,1,1,0,1,0,1,1,1,0,0,1,0,0,0,1,0,0,1,0,0,1,1,1,1,0,1,1,1,1,0,0,0.557603
0,1,0,0,1,1,1,1,1,1,0,1,0,0,1,1,1,0,0,0,1,1,1,0,0,0,1,0,0,0,1,1,0.567478
0,0,0,1,0,1,0,1,0,1,1,1,1,1,1,0,1,1,0,1,1,0,1,1,1,1,0,0,0,1,0,0,0.574154
1,0,0,0,0,1,1,1,1,1,1,0,1,0,0,1,1,1,0,0,1,0,1,0,0,0,0,1,1,0,0,0,0.600080
0,0,0,1,1,1,1,0,1,0,1,1,0,0,0,1,0,1,1,1,0,1,0,0,0,0,1,1,1,1,0,0,0.614981
0,1,0,1,0,0,0,0,0,1,0,0,0,0,0,1,1,1,0,0,0,0,1,1,1,0,0,0,0,0,0,1,0.645657
0,1,1,0,1,1,0,1,0,0,1,1,1,0,0,0,1,0,0,0,0,1,0,0,0,1,1,1,1,0,0,1,0.614656
1,1,0,0,0,0,1,1,0,0,0,1,1,0,0,1,0,0,0,1,1,1,0,0,0,1,1,1,1,0,0,0,0.614381
0,1,0,0,1,1,0,1,1,0,0,1,1,1,0,0,0,1,1,0,1,1,0,0,1,1,0,0,0,0,0,0,0.608080
0,1,1,0,0,1,0,0,0,0,1,0,0,1,0,0,1,1,1,1,0,1,0,1,0,1,1,1,1,0,1,1,0.624731
1,0,0,0,1,1,0,1,1,1,1,1,0,1,1,0,1,0,0,0,0,0,1,1,0,1,0,1,1,0,1,1,0.576504
0,1,0,1,1,0,1,0,1,0,0,1,0,1,1,1,1,0,1,1,0,0,1,0,0,0,0,1,1,1,0,1,0.585929
1,1,0,1,1,0,0,0,0,1,1,1,0,1,0,1,0,1,0,1,1,1,1,0,1,1,0,0,1,1,0,1,0.571104
1,0,1,0,0,0,1,1,0,0,0,1,1,1,0,1,0,1,1,1,1,0,1,1,0,1,0,0,0,0,0,0,0.603855
0,0,1,1,0,1,0,0,1,1,0,1,1,1,0,1,1,0,1,0,1,0,1,1,0,1,0,1,1,1,1,0,0.585279
0,0,1,1,1,1,1,1,1,1,1,1,1,1,0,0,0,0,0,1,1,0,1,0,1,0,0,0,0,1,0,0,0.610806
1,1,0,0,1,0,0,1,0,1,0,0,1,1,1,0,0,1,1,0,1,1,1,1,0,1,1,0,0,0,1,1,0.564453
0,0,0,1,0,1,0,0,1,1,0,1,1,1,0,1,1,0,1,1,0,1,1,1,1,1,0,0,0,0,0,0,0.596980
1,0,0,0,1,0,1,0,0,1,0,0,0,0,1,0,1,0,1,0,1,0,0,1,0,1,1,0,0,1,0,0,0.622256
0,1,1,0,0,1,1,1,1,1,0,1,1,1,0,0,0,1,0,0,1,1,1,1,1,0,0,1,0,0,1,0,0.584129
1,1,0,0,0,1,0,0,0,1,1,0,1,1,0,0,1,0,0,0,1,1,1,0,1,1,1,1,1,1,1,0,0.621581
1,0,0,1,1,1,0,1,1,0,1,0,0,1,1,0,0,1,0,0,1,0,0,0,0,1,0,0,0,1,0,0,0.612306
1,0,0,1,0,1,0,1,1,1,1,0,0,1,1,1,0,0,0,1,1,1,1,0,0,1,1,0,0,1,0,1,0.577979
1,0,1,1,1,1,0,0,0,0,0,1,0,1,0,1,1,1,1,1,0,0,1,1,0,0,0,1,0,1,1,1,0.571979
0,1,0,0,0,1,0,1,0,1,0,0,0,1,0,0,1,0,0,1,0,1,1,1,1,0,0,0,0,0,1,1,0.643332
0,1,1,0,1,0,1,1,0,0,0,0,1,0,0,1,0,0,0,0,0,0,1,1,1,1,0,0,1,0,0,1,0.620231
0,1,0,0,1,1,0,0,0,0,0,1,1,1,0,0,0,1,0,0,1,0,1,1,1,1,0,0,0,1,0,1,0.609905
1,0,1,0,0,0,1,0,0,0,0,1,0,1,1,1,0,0,1,1,0,0,0,1,1,0,1,0,0,1,0,0,0.642107
0,0,1,0,0,1,0,0,0,1,0,1,1,0,0,1,0,0,0,0,0,0,1,0,0,1,0,0,1,1,0,1,0.671909
1,0,0,0,1,1,1,0,0,0,0,1,1,0,1,1,0,0,0,1,1,1,1,0,1,0,1,1,1,0,1,0,0.565203
1,0,1,0,0,0,0,0,0,1,0,1,1,0,1,0,1,0,1,0,1,0,1,1,1,1,1,1,1,0,1,0,0.610231
1,0,1,0,1,0,1,0,1,1,0,0,0,0,1,1,1,0,0,0,1,0,0,1,0,0,0,0,0,1,0,1,0.592580
1,0,0,1,0,1,0,0,0,1,0,1,1,1,0,0,0,1,0,0,1,0,0,0,1,1,1,1,0,1,1,0,0.611106
0,1,0,0,0,0,1,1,1,0,1,1,1,0,0,1,1,1,1,0,1,1,1,0,0,0,0,0,1,1,1,0,0.583804
0,0,0,0,0,1,0,1,1,1,1,0,0,0,0,1,0,1,1,1,0,1,1,1,1,1,1,0,1,1,1,0,0.666933
1,1,0,1,1,1,0,1,1,0,1,1,1,1,0,0,0,0,0,0,0,0,1,1,1,0,0,1,0,1,0,1,0.594305
0,0,0,1,0,1,1,0,0,1,1,1,1,0,1,1,1,0,0,0,0,0,0,1,0,1,0,1,0,0,1,0,0.634832
1,0,0,1,1,1,1,1,1,1,0,0,0,0,1,0,1,0,1,1,1,1,0,0,1,1,1,0,0,1,0,0,0.612806
1,1,1,1,1,1,1,1,1,1,0,1,1,1,1,1,1,1,0,0,1,0,0,0,0,1,1,1,1,0,1,0,0.598680
1,0,1,0,0,0,0,0,0,0,1,1,0,0,1,1,1,0,1,0,1,0,1,1,0,0,0,0,1,1,1,0,0.623781
1,1,0,1,1,1,0,0,1,1,1,1,0,1,1,1,0,1,1,1,0,1,0,0,0,0,1,0,1,1,1,1,0.561128
0,1,0,1,1,0,1,1,0,0,1,1,1,0,1,0,0,0,0,0,0,0,0,0,0,1,1,0,0,1,0,0,0.630482
0,1,0,0,0,0,1,0,1,1,1,0,0,1,1,1,0,1,0,0,0,0,1,0,0,0,1,1,0,1,0,0,0.632582
1,1,0,0,1,0,1,1,1,0,1,0,1,0,1,0,0,0,1,1,0,0,1,0,1,0,1,1,0,1,1,1,0.590880
1,1,0,0,0,0,0,0,1,1,1,1,1,1,0,1,1,0,0,1,0,1,1,0,0,1,1,1,1,1,1,0,0.585829
1,0,1,0,0,0,1,1,1,1,1,0,1,1,1,1,0,0,1,0,1,1,1,1,0,1,0,1,1,1,1,1,0.474649
1,1,0,0,0,1,1,1,1,0,1,1,0,0,0,0,1,1,0,1,1,1,0,0,0,0,0,1,1,1,0,1,0.601180
1,0,1,0,0,1,1,1,0,1,1,0,1,0,1,0,0,0,0,0,1,1,0,1,0,1,0,0,1,1,0,0,0.588929
0,0,1,0,0,0,0,1,1,0,0,0,0,1,0,0,1,0,0,1,1,1,1,0,1,0,1,0,1,0,0,0,0.649957
1,0,0,0,0,1,1,1,1,0,1,1,0,1,1,0,1,0,0,0,1,1,1,0,0,0,1,0,1,1,0,1,0.582479
1,0,1,0,1,1,1,1,0,0,1,0,1,0,1,1,1,0,1,1,1,1,0,0,1,1,0,1,0,0,1,0,0.578754
1,0,0,0,0,1,0,1,1,1,0,0,0,0,0,1,1,1,1,1,1,0,0,1,1,1,1,1,0,1,0,0,0.615731
0,1,1,0,1,1,1,0,1,0,1,0,0,0,1,0,1,1,0,1,1,1,0,0,1,1,1,0,0,0,1,1,0.598080
0,0,0,0,0,0,0,1,0,1,0,0,0,0,1,0,1,0,0,1,0,0,0,0,1,0,1,0,1,0,0,0,0.708910
1,0,0,1,0,1,1,1,0,0,1,1,1,0,0,0,0,0,1,0,1,1,0,1,0,1,1,1,1,0,1,1,0.571604
1,0,1,0,1,0,0,1,1,1,1,1,1,1,1,0,0,0,0,0,0,1,1,0,1,1,1,0,1,1,1,1,0.602530
1,0,1,0,0,0,1,0,0,0,1,1,1,0,0,0,1,0,0,1,0,1,1,0,0,1,1,0,0,0,1,1,0.625581
0,0,0,1,0,0,0,1,1,1,0,0,0,0,0,0,0,0,0,0,0,1,1,0,1,0,1,0,1,0,1,1,0.697310
0,1,1,1,1,1,1,0,0,0,0,1,0,1,1,1,0,0,1,1,1,1,0,0,0,0,1,0,1,1,0,0,0.590655
0,1,1,0,0,0,1,1,1,1,0,1,0,0,0,0,1,1,0,0,0,1,1,0,1,0,0,1,1,1,0,1,0.616156
0,0,0,1,1,1,0,1,0,0,0,0,0,1,0,0,1,1,1,1,0,0,0,1,0,1,1,0,1,1,0,1,0.632182
1,0,1,1,1,0,0,1,1,1,1,0,1,0,1,1,0,1,1,0,1,1,0,1,0,0,0,0,0,1,0,1,0.565953
1,1,1,1,1,0,0,0,1,1,0,0,1,1,0,1,1,0,0,1,1,1,0,1,1,1,1,1,1,0,0,1,0.565228
0,1,1,1,0,0,0,1,1,1,0,0,1,0,1,1,1,1,0,0,1,1,0,1,0,1,1,0,1,1,0,1,0.560603
1,0,0,0,0,1,1,0,1,1,1,1,0,1,1,1,1,0,0,0,1,1,1,1,1,0,0,0,1,0,0,0,0.604780
1,0,0,0,1,0,1,1,0,0,0,1,0,1,0,1,0,0,1,1,1,0,0,0,0,0,1,1,1,1,0,0,0.627106
0,0,1,0,0,1,0,0,0,0,1,0,1,1,0,0,0,0,1,0,1,1,1,1,1,1,0,1,1,0,0,0,0.750488
1,0,0,1,0,1,1,1,0,0,1,0,1,1,1,0,1,1,0,0,0,0,1,0,0,1,0,0,0,0,0,1,0.607355
1,1,1,1,1,0,0,1,0,0,1,1,1,1,1,0,0,1,1,0,0,0,0,1,0,0,0,1,1,0,0,0,0.617356
1,1,1,0,1,1,0,1,1,0,1,0,1,1,1,0,1,0,0,1,1,0,0,1,0,1,0,0,1,1,0,0,0.589904
1,1,0,1,1,1,1,0,0,1,1,0,0,1,1,1,0,0,1,1,0,0,1,0,0,0,0,1,0,0,1,1,0.606980
1,0,1,1,0,1,0,1,1,0,1,1,1,1,1,1,1,0,0,0,0,1,0,1,1,0,0,1,1,0,1,0,0.562428
1,1,0,1,1,1,0,1,0,0,0,1,1,0,1,1,1,1,1,0,1,1,1,0,0,0,1,0,0,1,0,1,0.577854
0,0,1,1,1,1,1,1,0,1,1,1,1,0,1,1,0,1,0,0,0,0,1,1,1,1,1,1,0,1,1,1,0.491375
1,0,1,1,1,0,1,1,0,1,0,1,0,0,0,1,0,0,1,0,0,1,1,1,0,1,1,1,1,1,0,1,0.576429
0,1,0,0,0,0,1,1,1,0,0,1,1,0,1,1,1,1,1,1,1,1,1,1,0,0,1,1,0,0,1,0,0.553978
1,0,1,1,0,0,1,1,1,0,1,0,1,1,0,1,1,0,0,1,0,0,0,1,1,0,1,1,1,0,0,1,0.587679
0,0,1,1,0,0,1,0,1,0,0,0,0,1,1,1,0,1,0,0,0,0,0,0,1,1,1,0,0,0,0,1,0.638307
1,1,0,1,0,1,0,1,0,0,1,0,1,0,1,0,0,0,1,0,0,1,1,0,1,1,0,0,1,1,0,1,0.598255
1,0,1,0,1,0,0,1,1,1,1,0,0,1,1,0,1,1,1,0,1,1,0,1,0,1,1,0,0,0,1,1,0.584504
1,0,1,0,1,0,1,1,0,1,0,0,0,1,1,1,1,0,1,1,1,1,0,0,1,0,0,1,0,0,0,1,0.574304
0,0,0,1,1,0,1,0,1,0,1,1,1,1,1,1,0,0,1,0,1,0,1,1,1,0,0,1,1,1,1,1,0.534727
0,1,0,0,0,0,1,1,1,1,0,1,1,0,1,1,0,1,0,0,1,0,0,1,1,0,0,1,1,0,1,1,0.559753
1,0,1,1,0,0,0,0,1,1,0,0,0,1,1,1,1,0,0,1,1,1,0,0,1,0,0,1,1,0,0,1,0.606980
0,1,1,0,0,1,0,0,1,1,0,1,1,1,1,0,0,0,1,1,0,1,1,1,1,0,0,0,1,0,1,0,0.587854
0,0,1,1,0,1,0,0,0,0,0,1,0,1,0,0,0,0,1,0,0,0,1,1,1,0,1,1,0,1,0,0,0.666608
0,0,1,0,0,1,0,1,1,0,0,1,0,1,1,1,1,1,1,0,1,0,0,1,0,1,0,1,0,1,1,0,0.604255
0,0,1,1,0,0,1,1,0,0,1,0,0,1,0,0,0,0,1,0,0,0,0,1,1,0,0,1,0,1,1,0,0.637282
0,1,1,1,0,0,1,1,0,0,1,0,1,1,0,0,0,1,1,1,0,1,0,1,1,1,1,0,0,1,1,1,0.535902
0,1,1,1,0,0,1,1,1,0,1,0,0,1,1,1,0,0,0,1,1,1,1,0,1,1,0,0,0,1,0,0,0.569303
1,1,1,0,1,0,1,0,0,1,1,1,0,1,0,1,0,0,1,0,1,0,0,0,1,0,0,0,1,1,1,0,0.594255
0,0,1,0,0,1,0,1,0,0,0,1,1,0,0,0,0,1,0,1,1,1,0,0,1,1,0,1,1,0,1,1,0.648107
1,0,1,0,0,1,0,1,1,1,1,0,0,1,0,1,0,1,1,0,0,1,1,0,1,1,1,0,0,1,0,1,0.583029
1,0,0,1,0,1,1,0,1,1,1,1,0,1,1,0,0,1,1,1,0,1,0,0,1,1,0,1,0,1,0,1,0.571729
1,0,1,1,0,0,0,1,0,1,0,1,1,1,1,1,0,1,1,1,1,0,0,1,0,0,0,0,1,1,1,1,0.544602
0,1,0,0,0,1,1,1,0,0,1,0,1,1,1,1,0,1,0,1,0,1,0,0,1,1,0,1,0,0,1,1,0.591530
1,0,1,0,0,1,0,1,0,1,1,0,1,0,1,0,0,1,0,0,0,0,1,0,1,1,1,0,1,1,0,1,0.616631
0,0,1,1,1,0,0,0,0,1,0,1,0,1,0,1,1,1,0,0,1,0,0,0,0,0,1,0,0,1,0,1,0.623356
0,0,1,1,1,0,1,0,0,0,1,0,0,1,0,0,0,1,0,1,1,0,1,1,0,0,1,1,0,1,0,0,0.656208
1,0,0,0,1,0,0,1,0,1,1,0,1,1,0,0,1,1,0,1,0,0,0,1,0,0,1,1,1,1,1,0,0.610131
1,0,0,0,0,0,0,0,1,1,1,0,0,0,1,0,0,0,1,0,0,0,0,0,1,1,0,0,1,0,1,1,0.652508
0,1,0,1,1,0,1,0,0,1,1,1,1,0,0,0,1,0,1,0,0,1,1,1,0,1,0,1,1,0,1,1,0.578329
0,0,0,1,1,0,1,1,0,1,1,0,0,0,0,1,1,0,1,0,1,1,1,1,0,1,0,0,0,0,0,1,0.603255
0,0,1,1,1,0,1,1,0,1,0,0,1,0,1,0,1,0,1,0,1,0,1,0,1,1,0,0,0,0,0,1,0.599005
0,0,1,0,1,0,1,0,1,1,0,0,1,1,1,1,1,0,0,1,1,0,1,1,1,1,1,1,1,1,1,0,0.592580
1,0,1,1,0,1,1,0,0,0,1,1,1,0,0,1,1,0,0,0,0,1,1,1,0,1,0,1,1,0,1,0,0.577779
1,1,0,1,0,1,1,0,1,0,0,1,1,0,0,1,1,1,1,0,0,1,0,0,1,0,1,1,1,0,1,1,0.568478
1,1,1,1,0,0,1,1,1,1,0,1,1,1,1,0,0,0,0,1,1,0,1,1,0,1,1,0,1,1,1,1,0.511651
1,1,0,0,0,1,1,0,0,1,0,1,1,1,0,0,1,1,1,0,1,0,0,1,1,1,1,1,0,1,1,1,0.540652
1,1,1,0,0,0,1,1,1,0,1,0,0,0,1,1,0,0,0,0,0,1,1,1,1,0,1,0,1,0,0,1,0.593305
0,1,0,1,0,0,1,0,1,1,1,0,0,1,0,1,0,0,1,0,1,0,1,1,0,1,0,1,1,1,0,1,0.583104
1,0,1,0,0,0,0,1,0,1,1,1,1,0,0,0,1,0,0,1,0,1,1,1,1,1,1,1,1,1,0,1,0.560303
1,1,0,1,0,0,0,1,0,0,0,0,1,0,0,0,1,1,0,0,1,0,1,1,0,0,1,1,1,0,1,1,0.604705
0,1,1,1,1,0,0,1,0,0,1,1,1,0,0,0,1,1,1,0,0,1,1,1,1,0,1,0,0,1,1,0,0.591730
1,0,0,0,0,0,0,1,1,0,0,0,1,0,1,1,1,1,1,1,1,1,0,0,1,0,0,0,1,0,1,0,0.600355
0,1,1,0,0,0,0,1,1,1,1,1,0,1,0,0,1,1,0,1,0,0,1,0,0,1,1,0,0,1,1,1,0.597830
0,1,1,0,1,1,1,1,0,0,1,1,0,1,1,1,1,1,1,0,0,0,0,1,0,0,1,1,1,1,0,1,0.540677
1,0,0,1,0,1,1,1,0,0,0,0,1,0,0,0,1,0,0,0,0,0,0,1,0,1,1,1,0,0,0,1,0.622706
0,1,1,1,1,0,1,1,1,1,0,1,1,0,1,0,1,1,1,0,1,0,0,1,1,1,0,1,0,0,0,0,0.595880
1,1,0,1,1,0,0,1,0,1,0,1,1,0,1,1,0,1,0,0,1,0,1,1,1,1,0,0,0,0,0,0,0.587779
1,1,1,0,0,1,1,1,1,1,1,1,1,1,1,0,1,0,0,0,0,1,0,1,1,0,1,0,1,1,0,0,0.589629
0,0,0,1,0,0,0,1,1,1,1,0,1,0,0,0,0,0,0,1,1,0,1,1,1,1,1,1,0,0,1,1,0.640482
1,1,0,1,0,1,1,0,0,0,0,0,0,0,1,1,0,1,0,1,0,1,0,1,1,1,1,0,1,1,1,1,0.516526
0,1,0,1,1,0,1,0,0,0,0,1,1,0,1,1,1,1,1,0,0,0,0,1,1,0,0,0,0,0,1,1,0.603605
0,1,0,1,1,0,0,0,0,1,1,1,0,1,1,1,1,1,1,0,0,1,0,0,0,0,0,0,0,0,0,0,0.614331
0,0,0,0,1,1,1,0,1,1,1,1,1,1,1,0,1,1,1,1,0,1,1,1,0,0,0,0,1,1,0,1,0.545902
1,0,0,0,1,0,1,0,0,0,0,1,1,1,1,1,0,1,1,0,0,1,0,1,0,0,0,0,0,0,1,0,0.584504
0,0,1,1,1,1,0,1,0,0,0,0,0,1,1,0,0,0,1,1,0,0,0,1,0,0,0,0,1,1,1,1,0.665108
1,0,0,1,0,1,1,1,1,1,0,0,0,1,0,1,0,1,0,1,1,0,1,1,1,0,1,0,1,0,1,0,0.580979
1,1,0,0,1,1,0,1,0,1,1,1,0,1,0,1,0,1,1,0,1,1,1,1,0,0,0,1,0,0,0,1,0.579654
1,1,0,1,1,1,1,0,1,1,1,0,0,0,0,0,1,0,0,0,1,0,0,0,0,1,0,1,1,0,1,1,0.596630
0,0,0,0,0,1,1,1,0,0,0,1,0,0,0,1,0,0,0,0,0,0,1,1,0,1,0,0,1,0,0,0,0.642232
1,0,0,0,1,1,1,1,0,0,0,0,1,0,1,1,1,1,1,0,1,1,1,0,0,1,1,0,1,1,1,0,0.566953
0,0,0,1,1,1,0,0,0,1,1,1,1,1,1,0,0,0,1,0,1,0,0,0,0,0,0,0,0,0,1,0,0.628331
0,1,1,0,0,1,0,1,0,1,0,1,1,1,1,1,0,1,0,0,0,0,0,1,1,0,1,1,1,0,1,0,0.626056
1,1,0,1,1,1,1,1,1,0,1,1,0,1,1,0,1,1,1,0,0,1,0,0,1,0,0,0,1,1,1,0,0.587304
1,1,0,0,1,0,1,1,0,0,0,0,0,0,1,1,1,1,0,1,1,1,1,0,1,1,1,0,0,0,0,0,0.617506
1,1,0,1,1,1,0,1,1,0,1,1,1,0,1,1,1,0,0,0,0,0,1,0,1,1,1,1,1,0,0,0,0.608155
1,1,0,1,0,0,1,0,0,0,0,0,1,0,1,1,1,0,0,1,0,1,0,1,1,1,0,0,1,1,0,0,0.607830
1,0,0,0,1,1,0,1,0,1,0,1,1,1,1,0,0,1,0,1,1,0,1,1,0,1,1,1,0,0,0,1,0.578029
1,1,1,0,0,1,1,0,0,0,1,1,1,0,1,0,0,0,0,0,0,0,0,1,0,0,0,0,1,0,1,1,0.618631
0,0,1,1,1,1,0,0,1,1,0,0,1,0,0,1,0,0,1,1,0,1,1,0,0,0,0,0,1,1,0,1,0.593080
1,0,0,0,0,1,0,1,0,0,0,1,0,0,0,0,0,1,1,0,1,1,1,0,0,1,0,1,0,0,0,1,0.623256
0,0,1,0,0,0,1,1,1,1,0,0,1,0,1,0,1,0,0,1,1,0,0,0,0,0,0,1,1,1,1,0,0.604580
1,1,1,0,0,1,0,0,1,1,1,0,1,0,1,0,1,1,0,0,0,1,1,0,0,0,0,0,0,0,0,1,0.618681
1,1,0,1,0,0,0,1,1,1,1,0,1,0,1,1,1,0,0,1,0,1,1,0,1,1,1,1,0,0,1,1,0.550378
0,1,0,1,0,0,0,1,1,0,1,0,0,0,0,1,1,0,1,0,1,0,1,0,1,0,0,1,0,0,1,0,0.630557
1,1,1,1,1,0,0,0,1,1,1,1,1,1,0,0,0,0,1,0,0,1,0,0,0,1,0,1,1,0,0,0,0.639482
1,0,1,0,0,1,1,1,1,0,1,0,0,0,0,0,1,0,0,1,0,0,0,1,0,0,1,1,0,1,1,0,0.619856
1,0,1,0,1,1,0,0,0,1,1,1,1,0,0,0,1,0,0,0,1,0,1,0,0,0,0,1,0,0,1,1,0.615506
0,0,0,1,1,1,1,0,1,0,0,0,1,0,0,0,0,0,0,0,1,0,0,0,1,0,0,0,1,0,1,1,0.609380
0,0,0,0,0,1,0,1,1,0,0,0,0,1,0,0,0,0,1,1,0,1,0,0,1,0,1,1,1,1,1,0,0.756763
0,1,0,0,1,0,1,0,0,0,0,1,0,1,1,1,0,0,0,0,1,0,1,0,0,0,1,1,1,0,1,0,0.592880
1,0,1,1,1,0,0,1,0,0,1,1,1,1,0,0,1,0,0,1,0,0,1,0,0,1,1,0,1,1,1,0,0.596655
0,0,1,1,0,0,1,1,0,1,0,1,0,0,1,0,0,1,0,1,1,1,1,0,0,1,1,1,1,1,0,0,0.614431
1,0,0,1,0,1,0,1,1,1,1,1,1,0,1,0,0,1,0,1,1,1,1,0,0,0,1,0,1,0,1,1,0.583154
1,0,0,0,1,0,1,0,1,1,1,1,0,0,0,1,1,0,0,0,1,0,0,1,1,0,1,0,1,1,1,0,0.616306
0,1,1,1,1,1,1,1,1,1,0,1,0,0,1,1,1,0,1,0,1,1,1,0,0,0,0,0,0,1,1,1,0.562478
1,0,1,1,1,0,0,1,0,1,1,1,1,1,1,0,0,0,0,0,1,1,1,0,0,1,1,0,0,0,0,0,0.599030
0,1,0,0,1,1,1,1,0,1,1,0,0,0,0,1,0,1,1,1,0,0,0,1,0,0,0,0,1,0,0,1,0.646832
0,0,0,0,0,0,0,0,0,1,0,0,1,0,1,1,0,0,1,0,1,1,1,1,1,1,1,1,0,0,0,1,0.755713
0,1,0,1,1,1,0,0,0,0,0,0,1,1,1,0,1,0,0,0,0,0,1,0,1,1,0,0,1,0,0,0,0.629456
1,0,1,0,0,1,1,0,1,0,0,0,1,1,1,0,1,1,1,0,1,0,0,0,0,0,1,1,1,0,1,0,0.597255
0,0,1,1,0,0,1,0,1,1,1,0,0,0,1,1,0,0,1,0,1,1,0,0,0,0,0,1,1,1,0,0,0.626306
0,1,0,0,0,0,0,0,0,1,0,0,0,0,1,1,0,1,0,1,0,0,0,1,0,1,1,1,0,0,1,0,0.661083
0,1,0,0,1,0,0,1,0,0,1,0,1,1,0,1,1,1,0,0,0,0,1,1,0,1,1,1,0,0,1,1,0.637557
1,1,1,1,1,0,0,0,0,0,0,1,1,0,1,1,1,0,0,1,1,1,1,1,0,0,0,0,1,0,1,0,0.585054
1,1,1,0,0,0,0,0,1,1,1,0,1,0,1,1,0,1,1,1,1,1,1,1,0,0,1,1,0,1,0,0,0.575929
1,0,0,0,1,1,0,0,0,1,1,0,0,0,1,1,0,1,1,0,1,1,1,1,1,1,1,1,0,0,1,0,0.595930
0,1,0,0,0,0,1,1,0,0,1,0,1,0,0,0,0,0,1,0,0,1,0,0,1,1,1,0,0,1,0,1,0.665083
1,1,1,1,0,0,1,0,0,0,0,0,1,0,1,1,1,0,1,1,1,1,1,1,0,1,1,0,0,1,1,1,0.521426
0,0,1,1,1,1,0,0,1,1,0,0,0,0,0,1,0,1,0,0,1,0,1,1,0,1,1,1,0,1,0,0,0.626131
0,1,0,0,0,1,1,1,1,0,1,1,0,1,1,0,1,1,0,1,0,0,0,0,1,0,1,0,1,1,0,1,0.594255
0,0,0,0,1,0,1,1,0,0,1,1,1,1,1,0,1,1,0,0,1,1,1,0,1,1,0,1,1,0,0,1,0.585704
0,0,1,0,0,0,0,1,1,0,0,0,1,0,0,0,0,1,1,1,0,0,0,1,1,0,1,0,1,0,0,1,0.651133
1,0,1,1,1,0,1,0,1,1,1,1,1,1,1,0,0,0,1,0,1,0,0,0,1,1,0,1,0,0,0,0,0.602505
0,0,0,1,1,0,1,0,0,0,1,1,0,0,0,0,1,0,0,0,0,0,0,1,1,1,1,0,0,1,1,0,0.631232
1,0,0,0,1,0,1,1,0,1,1,1,1,0,0,1,0,1,0,0,1,0,0,1,0,1,1,0,1,1,1,1,0.577279
1,1,1,1,0,0,1,0,1,1,0,1,1,1,0,1,0,0,0,1,1,0,1,0,1,0,1,1,1,1,1,0,0.565353
1,0,1,0,1,1,1,1,0,1,1,1,1,1,0,1,1,0,0,0,1,0,0,0,1,0,0,0,1,1,1,1,0.578854
0,0,0,1,0,1,1,1,0,1,1,0,0,1,0,0,1,0,0,1,1,1,1,1,0,0,1,1,0,1,0,1,0.590455
0,0,0,1,1,1,0,1,0,1,1,1,0,1,0,0,0,0,1,0,0,0,0,1,0,0,1,0,0,1,1,1,0.635257
1,1,1,1,0,1,0,0,0,1,0,0,1,0,0,1,0,0,0,1,1,0,0,1,0,1,0,0,0,1,1,0,0.623256
1,1,0,0,0,1,1,0,1,0,0,0,0,0,0,0,0,1,0,0,1,1,1,0,0,0,0,1,0,1,1,0,0.594780
0,1,1,1,1,0,0,0,0,0,0,1,1,0,0,1,0,0,0,1,0,1,0,1,1,1,1,0,1,0,0,0,0.622731
0,1,0,1,1,0,1,0,0,0,0,1,1,1,0,1,0,1,1,0,1,0,0,0,0,1,1,1,0,0,0,1,0.616881
1,1,1,1,1,0,0,1,1,1,1,1,1,1,1,0,1,0,1,0,0,1,1,1,1,0,1,0,0,0,1,1,0.554253
1,1,1,0,0,0,1,0,1,0,0,1,1,0,0,0,0,1,1,1,0,1,1,0,0,1,0,1,0,1,0,1,0.594980
1,0,0,0,0,0,1,0,1,0,0,1,1,1,1,1,1,0,1,1,0,1,1,1,0,1,1,1,1,0,0,0,0.613506
1,1,0,1,1,0,1,0,1,0,1,1,1,1,1,1,1,1,0,1,0,0,0,0,0,0,0,1,1,0,1,1,0.606430
1,0,1,0,1,0,1,0,0,1,0,1,0,0,1,0,1,0,0,1,1,1,1,0,1,1,1,1,1,1,1,0,0.588479
0,0,0,1,0,1,1,1,1,1,0,0,1,1,1,1,0,1,1,1,1,1,1,1,1,0,0,1,0,0,0,0,0.580854
0,1,0,0,0,0,1,0,0,0,1,0,0,0,0,0,0,0,1,1,1,1,0,1,0,0,1,1,0,0,1,0,0.665283
1,0,1,1,0,1,0,1,0,0,1,1,0,1,1,0,0,0,1,0,1,0,0,1,0,1,1,1,1,0,1,0,0.594630
1,1,1,1,1,0,0,0,0,0,1,0,0,0,0,0,1,1,0,1,0,0,1,1,1,0,1,0,0,1,1,1,0.609755
0,1,0,0,0,1,0,0,1,0,0,0,1,0,0,0,0,1,0,0,1,1,0,1,1,1,1,1,1,0,1,0,0.635157
0,0,0,0,0,1,0,1,1,1,0,1,0,1,1,0,0,1,0,0,0,0,0,0,0,1,0,0,0,1,1,1,0.721061
0,0,0,1,0,1,1,0,0,0,1,1,1,0,1,0,1,1,1,1,1,0,1,0,0,1,1,1,0,0,1,0,0.591530
0,1,0,0,0,1,0,0,0,0,1,1,0,0,1,0,0,0,0,0,1,0,0,0,1,1,0,0,0,1,1,0,0.665058
1,1,0,1,1,0,1,1,1,1,0,0,1,1,1,0,1,1,1,0,1,0,1,0,0,0,1,1,0,1,0,1,0.563628
1,1,1,0,0,1,0,1,1,0,0,0,0,1,1,0,1,0,0,0,0,1,1,0,1,1,0,0,1,0,0,0,0.604055
0,1,0,0,0,1,1,0,0,0,1,1,0,0,0,1,1,0,0,0,1,0,0,0,1,0,1,0,1,1,1,0,0.629281
0,1,0,1,0,0,0,1,1,1,0,1,0,1,0,0,1,1,1,1,0,0,1,0,0,1,1,1,1,1,1,1,0.556753
1,1,1,1,0,0,1,1,0,0,1,0,1,1,1,1,1,0,1,0,0,0,0,1,0,0,0,1,1,0,0,0,0.602430
1,0,1,0,1,1,1,1,1,0,1,0,1,1,0,0,0,0,0,1,1,1,0,1,1,0,1,0,1,0,0,0,0.583854
0,0,0,0,1,0,0,0,1,0,0,0,0,0,1,0,1,0,0,0,0,0,1,0,1,0,0,0,0,1,0,0,0.666958
1,0,1,1,1,0,0,0,0,1,1,0,0,1,1,1,1,1,1,0,0,1,1,1,1,0,1,0,1,0,1,0,0.580404
1,1,0,0,1,0,1,1,0,1,1,1,1,0,0,0,0,0,0,1,1,0,0,0,1,1,0,0,0,1,1,0,0.601680
1,0,1,0,0,1,1,0,0,0,0,1,0,1,0,0,1,1,0,0,0,0,0,1,1,1,0,1,1,0,1,1,0.601755
1,0,1,0,0,0,0,1,1,1,0,1,1,0,1,0,1,0,0,0,0,1,0,1,1,0,1,1,0,1,0,1,0.620506
1,1,0,0,1,1,1,1,1,0,1,1,0,0,0,0,0,0,0,0,1,1,1,1,0,1,0,0,1,1,1,0,0.572904
1,1,0,1,0,0,0,0,0,1,1,0,0,0,1,1,0,0,1,1,0,1,1,1,1,1,1,0,1,1,1,1,0.550553
1,0,1,1,1,0,1,0,1,1,1,0,0,1,1,0,1,0,1,1,0,0,0,1,1,1,1,0,1,0,1,1,0.578579
1,1,1,1,1,1,0,1,1,0,0,1,1,0,1,0,1,1,1,1,1,1,0,0,0,1,1,0,1,0,0,0,0.632332
1,0,1,1,0,1,0,1,1,1,1,1,1,0,0,0,1,1,0,0,1,1,1,1,1,0,1,1,1,0,0,0,0.590380
0,1,1,0,1,1,0,1,0,0,0,1,1,0,1,0,1,1,1,0,0,1,0,1,0,1,1,1,1,1,0,0,0.596680
1,0,1,1,1,0,0,0,1,0,0,1,0,1,1,1,1,0,0,1,1,0,1,1,0,1,0,0,0,0,0,0,0.613856
0,0,1,1,0,1,0,0,0,1,1,0,1,1,0,0,0,0,1,1,0,1,0,1,1,0,1,0,0,0,1,1,0.608755
0,0,1,0,1,0,0,1,1,0,0,1,0,1,0,0,0,0,0,1,0,1,0,1,1,1,1,1,1,0,1,1,0.657008
0,0,1,1,0,1,0,1,1,1,0,1,1,1,0,0,1,0,0,0,0,0,0,1,0,1,0,0,1,0,0,0,0.642407
0,1,0,1,0,1,1,1,1,1,1,1,1,0,1,1,1,1,1,1,1,0,0,1,1,0,1,1,1,0,1,1,0.488349
1,1,0,0,0,0,1,1,0,1,1,1,1,0,1,0,1,0,1,1,0,1,0,0,1,0,1,1,1,0,0,0,0.591280
1,1,0,0,0,0,1,1,1,0,1,0,0,1,1,0,0,1,1,1,1,0,0,1,1,1,1,0,0,0,0,0,0.598405
1,0,1,0,1,0,1,0,0,0,1,0,0,0,1,1,0,1,0,0,1,1,0,0,0,0,0,0,0,1,1,1,0.627581
1,0,0,1,0,0,0,1,1,0,0,1,0,1,0,1,1,1,0,0,0,1,0,0,1,1,1,1,1,1,1,1,0.558928
1,1,1,0,1,0,1,0,0,1,1,0,0,1,0,1,0,0,0,0,0,0,1,0,0,0,1,1,0,1,1,0,0.628656
0,1,1,0,1,0,1,1,0,0,0,1,0,0,0,0,1,0,1,1,1,1,0,0,1,1,0,1,1,0,1,1,0.618456
1,1,0,1,1,1,1,1,0,0,0,1,0,1,1,1,1,1,1,0,0,0,0,1,1,0,0,1,1,0,1,1,0.486074
0,0,0,1,1,1,0,0,0,1,0,1,1,0,1,0,0,0,1,1,1,1,0,1,0,1,0,0,1,0,0,1,0.603755
1,1,1,1,0,0,1,0,1,0,0,0,0,0,1,1,0,1,1,0,1,0,0,0,1,1,1,1,1,1,1,1,0.526526
0,0,1,1,1,1,0,1,0,0,1,0,1,1,0,1,0,1,1,1,0,0,1,1,1,1,1,1,0,1,0,0,0.567928
1,1,1,0,1,1,0,0,0,1,0,1,0,0,0,1,1,0,0,1,0,0,0,0,0,0,1,1,0,1,0,0,0.620431
0,1,1,1,1,0,1,0,0,0,0,0,1,0,0,0,0,1,1,0,1,1,1,1,1,0,1,0,0,1,1,0,0.606405
1,0,0,0,1,0,0,1,1,1,0,1,1,0,1,1,0,0,0,1,0,1,1,1,0,1,0,0,0,1,1,1,0.577204
0,0,1,0,0,0,0,0,0,0,1,1,1,0,1,0,0,1,1,0,0,0,0,0,1,0,1,1,1,0,0,0,0.668733
1,1,1,0,1,0,0,0,1,0,1,1,0,0,0,1,1,1,0,0,1,0,0,0,0,0,1,1,0,0,0,1,0.596280
0,0,0,0,0,1,1,1,0,1,0,1,1,0,0,1,1,0,0,0,1,0,1,0,1,0,0,1,1,0,1,0,0.605805
0,1,0,1,0,1,1,1,1,1,1,1,1,0,1,1,0,1,0,0,0,1,0,1,1,0,0,0,0,1,0,0,0.603880
0,0,1,1,0,1,0,1,1,1,1,0,0,1,0,1,0,1,1,0,1,0,1,1,0,1,1,1,0,0,0,1,0.586029
0,0,1,1,0,0,1,1,1,1,1,0,1,0,1,1,0,1,1,1,0,0,0,0,0,1,1,0,1,0,1,1,0.563128
0,0,0,0,1,0,1,1,1,0,0,0,1,0,0,1,1,0,1,0,0,1,0,1,0,1,0,1,1,0,0,0,0.622856
0,1,1,0,1,1,0,0,0,1,0,1,1,1,0,1,0,0,1,1,0,0,1,0,0,0,0,0,0,0,0,1,0.629881
1,0,1,0,0,1,1,0,1,0,1,0,0,0,1,1,1,1,1,1,1,0,0,1,1,0,0,0,1,0,0,0,0.612506
0,0,0,0,0,0,0,1,0,1,1,1,1,1,1,0,0,1,0,0,1,1,1,0,1,1,0,0,0,1,1,1,0.705660
0,1,1,1,0,0,1,0,1,0,0,1,1,1,1,0,1,1,0,0,1,1,0,1,1,0,1,0,0,1,0,1,0.586604
1,0,0,1,1,0,0,1,0,0,0,1,1,1,0,0,0,1,1,1,1,0,1,1,0,0,0,0,0,0,0,1,0.616781
1,0,0,0,0,0,0,0,1,0,0,0,0,1,0,1,1,1,0,1,0,1,0,0,1,0,0,1,1,1,1,1,0.593555
1,1,1,1,0,0,1,0,0,1,1,0,1,0,1,0,0,1,1,1,1,0,0,1,0,1,1,0,0,0,0,1,0.595805
0,1,1,0,0,0,0,1,1,1,0,0,1,0,0,1,0,0,1,0,0,0,0,0,1,1,1,0,0,0,0,0,0.649007
0,0,0,0,0,0,0,0,0,0,1,1,0,0,0,1,1,0,1,0,0,1,0,1,1,1,0,0,1,0,0,0,0.714261
1,0,0,1,0,0,1,1,1,1,0,0,1,1,1,0,0,1,0,1,0,1,0,1,0,1,0,1,1,1,1,1,0.522851
0,0,1,1,0,1,1,0,1,0,0,0,0,0,0,0,0,0,0,0,1,1,0,1,0,0,1,0,0,0,1,1,0.654608
0,1,0,0,1,1,0,0,0,0,1,0,1,0,0,0,0,0,1,0,1,0,1,1,0,1,0,1,0,1,0,0,0.628706
1,1,1,1,1,0,0,1,0,1,1,1,1,1,0,1,0,0,1,0,0,1,0,1,1,1,1,0,1,1,1,1,0.504800
1,0,0,1,0,0,0,1,1,0,1,1,0,0,1,0,1,0,1,1,0,0,1,0,1,1,0,1,1,0,0,1,0.625431
1,1,0,0,1,1,0,0,1,0,1,0,1,1,1,0,0,0,0,0,1,1,0,0,0,1,1,0,0,1,0,1,0.618931
1,1,1,0,1,1,1,1,1,0,0,1,1,0,0,1,0,1,0,0,0,1,0,0,1,0,1,0,1,1,0,1,0.584954
0,0,0,1,1,1,1,0,0,1,0,0,1,1,0,0,1,0,1,0,0,0,1,0,1,0,0,1,0,0,0,1,0.624181
1,0,0,1,0,0,0,0,0,0,0,1,0,1,1,1,0,0,0,0,0,0,1,0,0,1,1,0,1,0,0,1,0.621181
1,0,1,1,0,1,1,0,1,1,0,0,1,0,1,0,1,1,1,1,1,0,1,1,0,1,1,1,1,1,1,1,0.510026
1,0,1,0,0,0,1,1,1,1,0,0,0,1,0,0,0,1,0,0,1,1,0,1,1,1,1,1,1,1,0,1,0.575304
0,0,0,0,0,0,0,0,0,0,0,0,1,1,0,1,0,0,0,1,0,1,0,0,1,1,1,0,0,1,1,0,0.807890
1,1,1,1,1,0,0,1,0,0,1,1,0,0,0,0,0,1,1,0,0,1,1,1,0,1,1,0,1,0,0,1,0.603530
1,0,1,0,1,1,1,0,0,0,0,1,1,1,0,0,0,1,0,1,1,1,0,1,1,1,0,1,1,1,0,1,0.551678
1,0,0,1,0,1,1,1,0,1,0,1,1,1,1,1,1,1,0,0,1,0,0,1,0,1,1,0,1,1,0,1,0.556478
1,0,1,0,0,0,0,0,0,0,1,1,0,1,0,0,0,1,0,1,0,0,1,1,0,0,0,1,0,0,1,1,0.641307
0,1,1,0,0,1,1,0,1,1,1,0,0,1,0,0,0,0,0,1,1,0,0,1,1,0,0,0,0,1,0,1,0.610306
1,1,0,0,1,0,0,1,1,1,1,1,0,1,0,0,0,1,0,1,0,0,1,1,1,1,1,0,0,0,1,1,0.590755
1,1,0,1,0,1,1,1,0,0,1,0,0,0,0,1,1,0,0,1,1,0,1,1,0,0,0,1,1,1,0,0,0.606105
1,0,0,0,0,0,0,0,0,1,1,1,0,0,1,0,0,0,1,0,1,1,0,0,1,0,0,0,0,0,1,1,0.636732
0,1,0,0,0,0,1,1,1,0,1,0,1,1,1,0,1,1,0,0,0,1,0,0,0,1,0,0,1,1,1,0,0.610006
0,1,0,0,0,0,1,1,0,0,1,0,0,1,0,0,0,1,1,0,1,0,1,1,0,0,0,1,0,0,1,0,0.634632
0,1,1,0,1,0,0,1,0,0,1,1,0,0,0,0,1,1,1,1,0,1,1,0,1,1,0,1,0,1,0,1,0.608580
0,0,0,0,1,1,0,0,1,1,1,1,1,0,1,0,1,1,1,1,1,0,1,1,1,1,0,0,1,1,1,0,0.645932
1,1,1,0,1,0,0,1,1,1,1,1,1,1,1,1,1,1,0,1,1,0,0,1,0,0,0,1,1,0,0,1,0.566978
0,0,1,0,0,1,1,0,1,0,0,0,1,1,0,0,0,1,1,1,0,1,1,1,1,1,1,0,0,0,0,0,0.647932
0,0,0,0,1,1,0,0,1,0,0,0,0,0,1,1,0,1,1,0,1,0,0,0,0,1,0,1,0,1,1,0,0.653708
1,1,0,0,0,0,1,1,1,0,1,0,1,1,1,0,0,0,1,1,0,0,0,0,0,1,1,0,1,0,0,1,0.605030
0,0,0,1,0,1,1,1,0,0,0,0,1,0,0,0,0,1,1,0,1,0,1,0,0,1,0,0,1,0,1,0,0.633782
0,1,0,0,1,0,0,1,0,1,1,1,0,1,1,0,1,1,0,0,0,0,0,0,1,0,0,0,0,0,0,1,0.623931
1,1,1,1,1,0,0,0,0,0,0,0,0,1,0,1,1,0,1,0,0,1,0,1,0,0,1,0,1,1,0,0,0.608505
1,1,0,1,0,1,0,0,0,0,1,1,0,0,1,0,0,0,0,1,1,1,0,1,1,0,0,0,1,0,1,0,0.615681
1,0,0,0,1,1,1,1,1,0,0,0,0,0,0,0,0,1,1,1,1,0,0,0,0,0,0,0,1,0,0,0,0.627006
0,0,0,1,1,0,0,1,1,1,1,1,0,0,0,0,1,1,0,1,0,1,0,0,1,0,0,1,1,0,1,1,0.604930
0,0,0,1,1,1,0,0,0,1,0,1,0,0,1,0,0,0,0,1,1,1,0,1,0,1,1,0,0,0,1,0,0.619406
0,1,1,1,0,0,0,0,1,0,1,1,1,0,1,0,1,0,0,0,0,0,1,0,1,1,0,1,1,1,1,0,0.597030
1,1,0,1,1,1,0,1,1,0,1,0,1,1,0,1,1,0,0,0,1,0,1,0,1,1,1,1,1,1,0,0,0.585679
0,0,1,1,0,0,0,1,0,0,1,0,0,0,1,0,0,1,1,0,1,1,0,1,1,1,1,1,0,1,1,1,0.668133
1,0,1,1,1,0,1,1,1,1,0,1,1,0,0,1,0,1,0,1,0,1,0,1,0,0,0,0,1,0,0,0,0.599180
0,0,0,0,1,0,0,0,0,0,1,0,0,0,1,0,0,1,1,1,1,0,0,1,1,1,0,0,1,0,1,1,0.654908
0,1,0,1,1,0,0,1,0,1,0,0,1,1,0,0,1,0,1,0,1,1,1,0,0,0,0,0,0,0,0,1,0.597680
1,1,0,1,1,0,0,0,0,0,1,1,0,0,0,0,0,0,0,1,1,0,0,1,1,1,0,0,1,1,1,1,0.618706
0,0,1,0,0,0,0,1,1,1,0,0,0,0,0,1,0,1,1,1,0,1,0,1,1,1,1,0,1,1,1,0,0.648257
1,1,1,0,1,1,1,1,1,1,1,0,0,1,0,1,1,1,0,1,0,0,1,1,1,1,1,1,1,0,0,0,0.599080
1,0,0,1,0,1,0,1,1,1,0,0,1,1,0,0,1,0,0,1,1,1,1,1,1,0,1,1,0,1,0,0,0.573554
0,0,1,1,0,1,0,0,1,0,1,1,1,0,0,0,1,0,0,1,1,1,1,1,1,1,1,1,0,0,0,1,0.602280
1,0,1,1,1,0,0,1,1,1,0,1,1,0,0,0,1,0,1,1,1,0,1,0,0,0,1,0,1,1,0,1,0.586554
0,1,0,0,1,1,1,1,0,0,1,1,1,0,0,1,0,1,1,1,0,0,1,1,1,0,0,0,0,1,1,0,0.588679
1,0,0,1,0,0,1,0,1,1,0,1,1,0,0,0,1,1,1,1,0,0,1,1,1,0,0,0,1,1,0,0,0.600105
1,0,0,1,0,1,0,1,0,0,0,1,1,0,1,1,0,0,0,1,0,1,0,0,0,1,1,1,1,0,0,0,0.617931
0,0,0,0,0,0,0,0,1,1,1,0,1,0,0,1,0,1,1,0,0,0,1,1,1,0,1,0,0,0,1,1,0.766063
1,1,1,0,0,0,0,0,1,1,1,1,1,1,1,1,0,0,1,1,1,1,0,1,1,0,1,0,1,1,1,1,0.511051
0,1,0,1,1,1,0,1,0,1,0,0,0,0,0,1,0,0,0,0,1,1,0,0,1,1,0,0,0,1,0,0,0.605805
1,1,0,1,1,1,1,1,1,1,0,1,0,1,1,0,0,0,1,1,1,1,1,0,1,0,0,0,0,1,0,1,0.575129
1,1,1,0,1,0,1,0,0,1,1,0,1,0,0,1,1,1,1,0,1,1,0,1,0,0,1,1,1,1,0,0,0.584554
1,0,1,0,0,1,1,1,1,0,1,1,0,0,0,1,0,0,1,0,0,0,0,1,1,0,0,1,0,0,0,1,0.620406
0,1,1,0,0,1,1,1,0,0,1,0,1,1,0,0,0,0,1,1,0,0,1,1,0,0,0,0,1,0,1,0,0.570479
0,0,0,1,1,1,1,0,0,0,1,1,0,0,0,0,0,1,1,1,0,1,0,1,0,0,0,0,1,1,0,0,0.641232
0,0,0,0,0,0,0,0,0,1,1,0,0,1,1,0,1,1,0,1,1,1,1,0,0,0,1,1,1,1,1,0,0.679234
0,0,0,0,1,1,0,1,1,0,1,1,0,1,0,1,0,1,1,0,1,1,1,0,0,1,0,0,1,1,1,1,0.591255
0,0,1,1,0,1,1,0,0,0,0,1,1,1,1,1,1,1,0,1,0,1,0,1,0,1,0,1,0,0,0,1,0.593155
1,0,1,1,0,0,0,1,0,0,1,0,0,0,1,0,1,1,0,1,0,0,1,0,1,1,1,1,1,0,0,0,0.631407
0,1,0,1,0,1,1,1,1,1,0,0,1,0,1,0,1,1,1,1,1,0,0,0,0,1,0,1,0,1,0,1,0.578454
1,1,1,1,0,1,0,0,0,1,1,1,1,1,0,0,1,0,1,0,1,1,1,0,1,0,0,0,0,1,0,0,0.606855
0,0,0,1,0,0,0,0,0,0,0,0,1,1,1,1,1,1,1,1,0,0,0,0,0,0,1,0,1,0,1,0,0.698885
0,0,0,1,0,0,1,0,1,1,0,0,1,0,1,1,0,1,1,0,1,0,1,1,0,1,1,0,0,0,0,0,0.611281
1,0,0,0,1,1,1,1,0,1,1,1,1,1,0,0,0,0,0,1,1,0,1,1,0,0,0,1,1,0,1,0,0.572704
0,0,0,1,0,1,1,0,1,1,0,1,1,0,1,0,0,0,0,0,0,0,0,0,0,1,1,1,1,0,0,0,0.659633
0,1,1,1,1,1,0,1,1,1,0,1,1,1,1,1,1,0,1,1,0,0,1,1,0,1,0,1,1,1,0,1,0.508400
1,0,1,1,1,1,0,1,1,1,0,1,0,1,1,0,0,1,0,0,0,1,0,1,0,1,0,0,0,0,0,0,0.608955
1,1,0,0,1,0,0,1,1,0,1,0,0,1,1,0,1,0,0,1,1,0,0,0,0,1,0,1,0,1,1,0,0.606705
1,1,1,1,1,1,0,0,1,0,1,1,1,1,0,1,0,1,0,0,1,0,0,0,0,0,0,1,1,1,0,1,0.586104
1,1,1,0,1,1,1,0,0,0,0,0,1,0,0,1,0,0,1,1,1,1,1,0,1,1,0,1,0,0,1,1,0.592705
0,0,0,1,0,0,1,0,0,0,0,1,0,1,0,1,0,0,0,0,1,0,0,1,1,0,0,0,0,0,0,1,0.647107
1,0,0,0,1,1,0,0,0,0,0,0,1,1,0,0,1,1,1,0,1,0,0,0,0,0,1,0,0,1,0,0,0.601505
0,1,0,1,0,1,1,1,1,1,0,1,0,1,1,1,1,0,1,0,1,1,0,1,1,0,0,0,1,0,0,0,0.586179
0,1,0,1,1,0,1,1,1,0,1,0,1,0,0,0,1,1,0,1,0,1,1,0,1,0,1,0,0,1,1,1,0.569978
1,1,0,0,0,0,1,0,1,1,1,0,1,0,0,1,0,0,1,0,1,1,0,0,1,0,0,1,1,1,0,0,0.607280
1,1,0,0,0,0,0,0,0,0,0,0,1,1,1,0,0,0,1,0,0,1,1,0,1,0,1,1,0,0,1,1,0.639557
0,1,1,0,1,1,1,0,1,1,1,1,0,0,0,0,0,1,0,1,1,1,1,0,1,0,1,1,0,1,1,1,0.573379
0,1,1,1,0,1,1,1,0,1,1,0,1,1,0,0,0,0,0,0,0,0,1,1,1,1,0,0,1,0,0,1,0.602330
0,1,1,1,1,1,1,1,0,0,1,1,1,1,0,0,0,1,1,1,1,1,1,0,0,0,1,1,1,1,1,1,0.527701
1,1,1,1,0,0,1,1,1,1,1,1,1,1,1,1,1,1,1,1,1,1,0,0,0,1,0,0,1,0,0,0,0.667383
1,1,0,0,0,0,1,1,0,1,0,0,0,1,0,1,0,1,1,0,1,0,1,1,0,1,1,0,0,1,0,1,0.608355
1,1,0,0,0,0,0,1,1,1,1,1,0,0,0,1,1,0,1,0,1,0,1,0,1,1,1,0,0,1,0,1,0.607280
0,1,0,1,1,1,1,1,0,0,1,1,0,0,0,1,1,1,0,1,0,1,1,1,0,0,0,1,1,0,1,0,0.588954
1,0,1,1,1,1,0,1,0,1,0,1,1,0,0,1,0,0,1,1,0,1,1,0,1,1,1,1,1,1,0,1,0.538427
1,1,1,1,1,0,0,1,0,1,0,0,1,1,0,1,1,1,0,0,1,1,0,0,1,1,1,0,0,1,0,1,0.585854
1,0,1,0,1,1,1,1,0,1,1,0,0,0,0,0,0,0,1,1,1,1,0,1,1,0,1,1,0,1,1,0,0.587879
0,1,0,0,0,1,0,1,1,1,1,1,1,0,0,1,1,0,0,1,1,1,0,1,1,1,1,0,0,1,0,0,0.603555
1,1,0,1,1,0,1,0,0,1,0,0,1,1,1,1,0,1,0,1,0,0,0,1,1,1,0,1,0,1,1,1,0.487174
1,0,0,0,0,1,0,1,1,0,0,1,0,1,0,1,1,1,1,0,1,0,0,0,1,1,0,1,0,1,1,0,0.621881
1,1,1,0,0,1,0,0,0,1,0,0,1,0,1,1,0,0,1,1,1,1,0,1,0,1,0,0,0,1,1,1,0.614331
0,0,0,1,1,1,1,0,1,1,1,1,1,0,1,1,0,0,0,0,1,0,1,1,1,1,1,1,0,1,0,0,0.581779
1,0,0,0,1,1,1,0,1,1,0,0,1,1,0,1,1,1,0,0,0,0,1,0,1,0,0,1,1,1,1,1,0.569028
1,1,0,0,1,0,0,1,0,1,1,1,1,0,0,0,1,1,1,0,1,1,0,1,1,1,0,0,0,1,0,0,0.591380
0,1,0,0,0,1,1,1,0,1,0,0,1,0,1,0,1,1,0,0,1,0,1,1,0,0,1,0,0,1,1,1,0.614731
1,0,1,0,1,1,0,0,0,0,0,1,0,1,1,1,0,0,0,0,0,1,0,0,1,1,1,1,0,0,0,0,0.634232
1,0,0,1,0,1,0,1,1,0,1,1,1,1,1,0,0,1,1,1,0,0,0,1,0,1,1,0,1,1,1,1,0.556328
0,1,1,1,1,1,0,1,0,0,1,1,1,1,1,0,0,1,0,0,0,1,1,1,0,0,0,1,1,0,0,1,0.583004
0,0,1,1,0,0,0,1,1,1,1,0,0,0,0,1,0,1,1,0,0,0,0,0,0,0,0,0,1,0,0,0,0.634007
1,0,0,0,1,1,1,1,1,1,0,0,1,1,0,1,0,0,1,1,0,1,1,0,1,0,0,1,1,0,0,1,0.576954
0,1,0,0,1,0,1,1,1,1,0,1,0,0,0,1,0,1,0,0,1,0,0,1,1,1,1,1,0,0,0,0,0.634557
1,1,0,1,1,1,0,1,1,1,1,1,0,1,1,0,0,1,1,0,0,1,1,0,1,0,0,1,0,0,1,0,0.582754
1,0,1,0,0,1,0,0,0,1,1,0,1,0,0,0,0,0,1,0,1,1,1,1,0,1,1,1,1,0,1,0,0.625881
1,0,0,1,0,1,0,0,1,0,1,1,1,1,1,1,0,1,1,0,0,0,0,0,1,0,0,0,0,0,1,1,0.623631
1,0,1,1,1,0,0,0,0,0,0,1,1,0,0,1,0,0,0,0,1,1,0,0,1,0,1,0,1,0,0,1,0.600680
1,0,1,0,0,1,0,1,1,1,0,1,1,0,0,0,0,1,1,1,0,0,1,0,0,0,1,0,1,1,1,1,0.597105
1,1,0,0,0,0,1,1,1,0,0,0,0,1,1,0,0,1,1,1,0,0,1,0,1,0,1,0,0,1,1,0,0.614281
1,1,0,0,0,0,0,0,0,0,1,0,0,1,0,0,1,1,1,0,0,0,1,1,1,0,0,1,0,0,0,0,0.626131
1,1,0,1,1,1,1,1,1,0,1,0,0,0,1,0,1,0,1,1,1,1,0,0,1,0,0,1,0,0,1,1,0.602180
1,0,1,0,0,0,0,1,0,0,0,0,1,0,0,1,1,1,1,0,0,1,0,0,0,1,1,1,1,1,1,1,0.607305
0,1,0,1,0,1,1,0,1,0,1,0,0,0,1,0,0,0,1,0,0,0,0,0,1,0,0,0,0,0,1,0,0.632732
0,1,1,1,0,1,1,0,1,1,1,0,0,1,0,1,1,1,0,1,0,0,0,0,1,0,1,1,1,0,0,0,0.590905
0,0,0,0,0,0,0,1,0,1,1,1,0,1,1,1,0,1,1,1,0,1,0,0,1,0,0,0,0,0,1,0,0.668583
0,1,0,0,0,1,0,0,1,0,1,0,1,1,1,0,1,0,1,1,1,0,1,1,1,0,0,1,0,0,0,0,0.610931
1,0,0,0,0,1,0,1,1,0,1,0,1,0,0,0,1,1,0,1,1,1,0,0,0,0,0,1,0,0,0,0,0.620981
0,0,1,1,0,1,0,1,0,1,0,1,1,0,0,0,0,0,1,0,1,1,1,1,0,0,1,1,0,1,0,1,0.618231
1,1,0,0,1,1,0,1,0,1,0,1,1,1,1,0,0,1,0,1,0,1,0,1,0,1,0,0,0,1,0,0,0.601455
1,0,0,1,1,0,0,0,0,0,1,1,1,1,0,1,0,1,1,1,0,1,1,0,0,0,0,0,1,0,1,1,0.585979
0,0,1,1,0,1,1,1,0,1,0,0,0,1,0,1,1,0,0,1,0,0,0,1,0,1,1,0,1,1,1,1,0.550628
0,1,1,1,1,1,1,1,1,1,0,0,0,1,1,0,1,0,1,0,1,0,0,1,1,1,1,1,1,1,1,0,0.559403
1,1,1,0,0,0,0,0,1,1,0,1,0,0,1,0,0,1,1,0,1,1,0,1,0,1,1,0,0,1,0,1,0.610506
0,0,1,0,1,0,1,0,1,0,1,1,0,1,1,1,1,1,0,0,1,0,0,0,1,0,0,1,0,1,0,1,0.600830
1,0,1,1,1,0,1,1,1,1,1,0,1,1,0,0,1,0,0,0,0,1,1,1,0,1,1,0,1,1,1,1,0.526851
0,1,0,1,0,1,0,1,0,0,0,1,0,0,0,1,0,0,1,0,1,0,1,1,1,1,0,1,1,1,0,1,0.638957
1,0,1,1,0,0,0,0,0,1,0,1,0,1,1,1,0,0,0,1,0,0,1,0,1,1,0,0,1,1,0,1,0.635382
1,1,1,0,0,0,0,0,0,0,0,0,1,0,0,1,1,0,0,1,0,1,1,1,1,0,0,1,0,0,1,0,0.614006
1,0,1,0,0,0,1,1,0,1,1,0,0,1,1,0,1,1,0,1,0,1,0,1,0,1,0,1,1,0,1,1,0.569828
1,1,0,0,1,0,0,1,1,0,0,0,0,1,1,1,0,0,1,0,1,0,0,0,0,1,0,1,1,0,1,0,0.615581
0,0,0,0,0,0,0,1,1,1,1,0,0,0,0,0,0,0,0,1,1,1,1,1,1,0,0,0,1,0,0,0,0.727861
0,1,1,1,1,1,0,1,1,1,1,1,1,0,1,0,0,0,1,0,1,1,0,1,0,0,1,1,1,1,1,1,0.515876
0,1,1,0,0,0,0,1,1,1,1,0,1,1,1,0,0,0,0,1,0,0,0,1,0,0,1,1,0,1,0,0,0.678734
0,0,1,0,0,1,1,0,1,1,1,0,0,0,0,0,0,0,1,0,0,1,1,1,0,1,1,0,1,1,0,1,0.587529
1,1,1,1,1,0,1,0,1,1,0,1,1,1,0,0,0,1,0,0,1,1,1,1,0,0,0,0,1,1,0,0,0.590505
0,1,0,1,1,1,1,0,1,1,1,1,1,0,0,0,0,1,1,0,1,0,0,0,0,0,0,1,0,0,0,1,0.622081
1,1,1,0,1,0,0,1,1,1,1,1,0,0,0,0,1,0,1,0,1,0,0,0,0,0,1,0,1,1,1,1,0.566853
1,1,0,1,0,0,1,0,0,1,1,1,1,1,0,1,0,0,1,0,1,0,0,1,0,0,1,0,1,1,1,1,0.542402
1,1,0,0,1,1,1,0,1,1,0,0,0,0,0,0,0,0,1,0,1,1,1,1,0,0,1,1,0,1,0,1,0.590130
1,0,0,1,0,1,0,1,1,1,0,1,1,0,0,0,0,0,1,1,0,1,0,0,0,0,0,1,0,0,1,1,0.627531
1,0,1,0,1,0,1,1,1,0,1,1,1,1,1,1,1,0,1,0,1,0,0,1,0,1,0,1,0,1,0,0,0.574629
0,0,0,0,1,1,1,0,1,0,0,0,1,0,1,0,1,0,1,1,1,0,1,0,1,1,1,0,0,0,1,0,0.611456
0,0,1,1,1,1,1,0,0,1,0,0,0,0,1,0,0,1,0,1,1,1,0,0,1,0,0,0,1,1,1,0,0.605830
1,0,0,0,1,1,0,1,0,1,1,1,1,1,1,0,1,0,0,0,0,1,1,1,0,0,1,0,0,1,1,0,0.613056
0,1,1,0,1,1,1,0,0,1,1,0,0,0,0,0,0,1,0,1,1,0,0,1,1,0,0,1,1,1,0,1,0.595255
0,1,1,1,0,1,0,1,0,1,0,0,0,0,1,0,0,1,1,0,0,0,1,1,0,1,1,1,1,0,0,1,0.621331
0,1,0,1,1,0,0,0,1,1,0,1,0,1,1,1,0,1,1,0,1,1,1,1,0,1,0,1,0,0,1,1,0.554178
0,1,0,1,0,0,1,0,0,1,0,0,0,0,1,1,1,1,0,1,0,0,0,1,1,0,1,0,0,1,1,0,0.607380
0,1,0,1,0,1,0,1,0,0,1,0,1,1,0,1,1,0,0,0,0,1,1,0,1,0,0,0,1,0,1,0,0.611081
1,0,0,0,0,1,0,0,0,1,1,1,1,1,0,1,0,1,1,0,1,0,0,1,0,1,0,0,0,0,1,1,0.616281
1,1,0,1,0,1,0,0,1,0,0,0,1,0,1,0,0,1,0,0,1,1,0,1,1,1,1,1,0,0,1,0,0.600180
0,1,1,0,1,1,0,0,1,1,1,0,1,1,1,0,1,0,0,1,1,0,1,1,1,0,0,1,1,1,0,1,0.566328
1,1,0,0,0,0,1,0,0,1,1,1,0,1,1,0,1,0,1,1,1,0,0,0,0,1,1,0,1,1,0,1,0.597830
0,0,0,0,1,1,1,0,0,1,1,1,0,1,1,0,0,1,0,1,1,1,0,0,1,0,0,1,1,1,1,1,0.619856
0,0,1,1,0,0,0,1,1,1,0,1,0,1,0,1,0,1,1,0,0,0,0,1,1,1,1,1,1,1,1,0,0.591405
0,0,1,1,1,0,0,1,0,1,0,1,1,1,0,1,1,1,1,0,1,0,0,1,0,1,0,1,0,0,0,0,0.613406
0,0,0,0,0,0,1,1,1,0,1,1,0,0,0,1,0,0,1,0,0,0,0,0,1,0,1,0,0,0,0,0,0.683934
1,1,0,0,0,0,1,0,0,1,1,1,1,1,0,0,1,1,1,0,0,0,1,1,1,0,0,0,0,1,0,1,0.588104
0,0,0,0,0,1,1,0,0,1,1,1,0,1,0,0,1,0,0,0,1,0,1,1,1,1,0,0,1,0,0,0,0.620431
1,0,0,0,0,0,1,1,1,0,1,1,1,0,1,1,1,1,1,1,0,1,0,1,1,1,0,0,0,1,1,1,0.516026
1,1,0,0,0,0,1,1,1,0,0,1,1,0,0,0,0,0,0,1,0,1,0,0,1,1,1,1,1,1,1,0,0.601455
1,0,0,0,0,0,1,0,0,1,0,1,1,1,0,1,1,1,0,0,1,1,1,0,0,0,0,1,0,1,0,1,0.597930
1,1,1,1,1,0,0,0,0,0,1,0,1,0,0,1,0,1,1,1,0,1,0,0,1,1,0,1,0,1,0,0,0.598455
0,1,0,1,1,1,1,0,0,1,1,0,0,0,1,1,1,0,0,0,1,0,1,1,0,1,0,0,0,0,1,1,0.587379
0,1,1,0,0,0,0,0,0,1,0,1,0,1,1,0,0,0,0,0,1,0,0,1,0,0,0,1,0,0,0,1,0.666383
1,1,1,0,0,1,1,1,0,1,1,0,0,1,0,1,1,1,1,0,0,1,0,0,1,1,0,1,0,0,1,0,0.591255
1,0,0,1,1,0,0,1,0,0,0,1,0,0,1,0,0,1,1,1,1,1,1,1,0,0,0,0,0,1,0,1,0.615931
0,0,1,1,1,0,1,1,1,1,1,1,0,0,1,0,1,0,1,0,0,1,1,0,0,0,1,1,1,1,0,0,0.590755
1,1,0,1,0,1,1,1,0,1,0,1,1,1,1,0,0,1,1,0,1,1,0,0,1,1,1,0,0,1,1,0,0.602455
0,1,0,0,1,1,0,0,0,0,0,1,0,1,0,0,0,0,1,1,0,1,0,1,1,0,1,1,0,1,0,0,0.640807
0,0,1,1,1,0,0,1,1,1,0,0,0,1,0,0,1,1,0,0,0,0,0,1,0,1,0,0,1,1,0,1,0.617256
1,0,0,0,0,0,1,1,0,1,1,0,0,0,0,1,1,0,1,1,0,1,0,0,1,1,1,1,0,1,1,1,0.595630
1,1,0,1,0,0,0,1,1,1,0,0,0,1,1,1,1,0,0,0,1,1,0,0,0,1,0,0,1,1,0,1,0.596505
1,0,1,0,0,0,1,0,0,0,0,1,1,1,1,1,1,0,1,0,1,0,1,0,1,1,1,0,1,1,0,0,0.592855
1,1,1,0,0,0,1,0,1,0,0,0,1,1,0,0,1,1,1,1,1,1,0,0,0,1,0,0,1,0,0,1,0.606180
0,1,0,1,0,0,1,1,1,0,1,0,0,0,1,1,1,0,0,1,1,1,0,1,1,0,0,0,1,0,1,0,0.587054
0,0,0,1,0,0,1,0,0,1,1,0,1,0,1,0,1,0,0,0,0,1,0,0,0,1,0,1,1,1,1,0,0.658133
0,0,1,1,1,1,0,1,1,1,1,1,0,0,0,0,1,1,0,1,1,0,0,0,1,0,1,1,0,0,1,1,0.587954
1,1,0,1,1,1,1,1,0,1,1,1,0,1,1,1,1,0,1,0,0,0,0,0,1,0,0,0,1,1,1,1,0.509575
0,1,0,1,1,0,0,0,0,1,0,0,0,1,1,1,0,0,1,1,1,0,1,0,1,0,0,1,0,1,1,1,0.584779
1,0,0,0,1,1,0,1,1,1,1,1,1,1,1,1,0,0,1,0,0,1,0,1,1,0,0,0,0,0,1,0,0.621431
1,1,0,1,1,0,0,0,0,1,1,1,1,1,1,1,0,1,0,0,0,0,1,1,1,1,0,1,1,0,0,0,0.595180
0,1,1,1,0,1,0,1,1,0,1,1,1,1,0,1,0,0,0,0,0,1,0,0,0,0,0,0,1,1,0,0,0.625006
0,1,0,1,0,1,0,0,0,1,0,1,0,0,0,0,1,1,0,1,0,0,1,0,0,1,1,1,1,1,1,1,0.606380
0,0,0,1,1,0,1,1,0,0,1,1,1,1,1,1,0,0,1,1,0,1,1,1,1,0,0,1,0,0,1,0,0.589654
1,1,1,0,0,1,1,1,1,1,1,1,1,1,0,1,0,0,1,1,1,0,1,1,0,0,0,0,1,0,1,0,0.559703
0,1,1,1,1,0,1,0,0,0,0,0,0,0,0,0,0,0,1,0,0,0,1,0,0,1,0,1,0,1,0,0,0.646157
1,0,1,0,0,1,0,1,0,0,0,0,1,1,1,0,1,1,1,0,0,1,1,0,0,0,1,0,0,1,1,1,0.586654
0,1,0,1,1,1,1,0,0,0,1,1,1,1,1,1,1,0,0,1,0,0,1,0,1,1,0,1,0,0,0,1,0.578579
0,0,1,0,0,1,1,0,1,1,0,1,0,1,1,0,1,0,1,0,1,1,1,0,0,0,1,1,0,1,0,0,0.638782
0,1,1,1,1,1,1,1,1,1,0,1,0,0,1,1,1,0,1,0,0,1,0,0,1,0,1,0,1,0,0,0,0.591605
0,0,1,1,0,0,0,1,1,0,0,0,1,0,0,1,0,1,1,1,1,1,1,1,1,0,0,1,0,1,0,1,0.611956
1,0,0,0,0,0,0,0,1,1,1,1,0,1,1,0,1,0,0,1,1,0,0,1,1,1,1,1,1,0,1,1,0.627556
0,0,0,1,1,0,1,1,0,0,0,1,1,1,1,1,0,0,0,0,1,1,1,1,1,1,0,0,0,1,1,0,0.520201
0,1,1,1,1,1,1,1,0,1,1,1,1,0,0,1,1,0,1,0,1,0,0,1,1,0,0,1,1,0,0,0,0.585504
0,1,1,1,0,0,0,1,0,1,1,1,1,0,0,0,1,0,1,0,0,0,0,0,1,0,0,1,1,0,0,1,0.615506
1,1,0,0,1,0,1,0,1,1,0,1,0,0,1,1,1,0,0,0,1,1,0,1,1,0,0,0,0,1,0,1,0.590830
1,0,1,0,1,0,1,0,0,1,1,0,0,1,1,1,1,1,0,1,1,0,1,1,1,1,0,0,1,0,1,1,0.534702
0,0,1,0,0,1,1,1,1,1,0,1,1,0,1,0,1,0,0,1,0,0,0,1,1,1,0,1,0,1,0,1,0.584329
0,1,1,1,0,1,0,0,1,1,1,1,1,1,0,1,1,1,1,0,1,1,0,0,1,1,0,1,0,1,0,1,0.571504
1,0,1,0,1,1,0,1,0,0,0,1,1,1,0,1,0,0,1,1,1,1,0,0,1,1,0,1,0,0,1,0,0.593155
0,1,1,0,1,0,0,0,0,1,0,0,0,1,1,1,1,1,0,0,1,0,0,0,1,0,1,1,1,0,0,0,0.625931
1,0,1,1,0,0,1,1,1,0,1,0,1,0,0,0,1,1,0,1,0,0,0,1,0,0,0,0,1,0,0,1,0.615681
0,0,1,0,0,0,1,1,1,1,1,0,1,1,0,0,1,0,0,0,1,0,0,1,0,0,0,1,0,1,0,0,0.613481
1,0,0,0,1,0,0,1,1,0,1,1,0,1,1,1,1,1,1,0,0,1,1,1,0,0,0,1,0,0,1,1,0.592480
1,1,0,1,1,0,1,1,0,1,1,1,1,1,0,1,1,1,1,1,1,1,1,1,1,0,0,1,1,1,0,0,0.563578
0,1,0,0,1,1,0,1,1,0,1,1,1,0,1,0,0,1,1,1,0,0,1,0,0,1,0,0,0,1,1,0,0.600855
0,0,0,0,1,1,1,0,1,1,0,0,1,1,1,1,1,0,1,1,1,1,1,0,1,0,0,0,0,1,1,0,0.546102
1,0,1,0,1,1,1,1,1,0,1,0,1,1,0,0,0,0,1,1,0,0,0,1,1,0,0,1,1,0,1,1,0.590705
1,0,1,1,1,1,0,1,0,1,1,0,1,0,0,0,0,1,0,1,0,0,1,1,0,1,0,1,1,1,1,1,0.572704
1,0,0,1,0,1,1,1,1,1,0,0,0,1,0,0,1,0,0,0,1,1,1,1,0,1,1,1,1,1,1,0,0.550878
0,0,0,1,0,0,1,1,1,1,1,1,1,1,0,1,0,1,1,0,1,0,0,0,0,0,1,1,1,0,0,0,0.608705
0,0,0,0,0,0,1,1,1,1,1,1,1,1,0,1,1,0,0,1,1,0,0,1,0,1,0,0,0,1,1,1,0.549602
0,0,0,0,1,1,0,1,0,1,0,0,1,1,1,1,1,0,0,1,1,1,1,1,0,0,0,1,1,1,0,0,0.550003
0,0,0,1,0,0,0,0,1,1,1,1,1,1,0,1,0,1,0,1,1,0,1,0,0,1,1,0,0,1,0,1,0.646782
0,1,1,0,0,1,0,1,1,1,0,0,1,1,0,1,0,1,1,1,1,1,1,0,1,1,1,1,0,1,1,1,0.518326
0,0,1,1,1,0,1,1,1,1,0,1,1,0,1,0,1,0,1,1,0,1,1,0,0,0,0,1,0,1,0,0,0.592405
1,0,0,0,0,0,0,0,0,0,1,1,1,0,1,1,1,1,1,0,0,1,0,1,1,1,1,1,0,1,0,1,0.609380
0,0,1,0,1,0,0,1,0,0,1,1,1,1,0,0,1,0,1,1,0,0,1,1,0,1,0,0,0,0,0,0,0.620006
0,1,0,1,0,0,1,1,1,0,1,1,1,0,0,0,1,0,0,0,0,0,0,1,1,0,1,1,1,1,0,0,0.619431
1,1,1,1,1,0,1,0,0,0,0,0,0,1,1,1,1,0,1,1,1,0,1,1,0,1,1,0,1,1,1,0,0.527251
1,0,0,0,0,0,1,1,1,1,0,1,0,0,0,1,1,1,1,1,0,1,0,1,0,1,1,0,1,1,0,1,0.582054
0,0,0,1,0,1,0,0,1,0,1,0,1,1,1,0,1,1,0,0,0,0,0,0,1,0,1,1,1,0,1,1,0.642932
0,0,0,0,0,0,1,0,0,1,1,1,1,1,1,0,0,1,1,0,0,1,0,1,1,1,0,0,1,0,0,1,0.682609
0,0,0,1,1,1,1,0,1,1,0,1,1,1,0,0,0,0,1,1,1,1,1,0,1,1,0,1,1,1,0,1,0.558028
1,0,0,1,0,1,0,1,1,0,1,1,0,1,0,0,0,0,1,1,0,1,1,1,1,1,0,1,1,0,0,1,0.579604
1,1,0,0,0,0,0,1,1,1,1,0,1,0,1,0,1,0,0,1,1,1,0,1,0,1,0,1,1,1,1,1,0.550503
0,0,0,1,1,1,0,1,0,0,1,0,1,1,1,1,0,0,0,0,0,0,1,1,0,1,1,0,1,1,1,0,0.580954
1,1,1,0,0,1,0,1,1,1,1,0,0,1,0,1,0,0,0,1,1,1,1,1,1,1,0,1,0,0,1,1,0.532677
1,1,1,0,0,1,0,1,1,0,1,1,1,0,0,0,0,0,0,1,1,0,0,1,1,0,1,0,1,0,0,1,0.604730
1,0,1,0,1,0,1,1,1,0,0,0,1,0,0,1,1,1,0,0,1,0,0,1,0,0,1,0,0,0,0,1,0.594205
0,1,1,1,0,1,1,1,1,1,1,1,1,0,1,1,1,1,1,1,1,1,0,1,0,0,0,1,0,0,0,0,0.610631
0,0,0,1,1,1,0,1,1,1,1,1,1,0,1,1,1,0,1,1,0,1,0,1,0,1,1,0,1,0,1,0,0.579979
1,1,0,1,1,1,1,1,0,1,1,1,1,0,0,0,0,0,1,1,1,0,0,1,0,1,0,1,0,1,1,0,0.586804
0,0,0,1,0,1,1,0,0,0,0,0,1,1,1,0,0,0,1,1,0,0,0,0,0,0,1,1,1,0,0,0,0.651233
1,1,0,1,0,1,1,1,0,1,1,0,0,1,0,1,0,1,1,1,1,1,1,1,0,0,1,1,1,1,0,0,0.557228
1,1,0,0,1,0,0,0,0,1,1,0,1,1,1,1,0,1,1,0,0,1,1,1,0,0,1,1,1,1,1,1,0.550153
1,0,1,0,0,0,1,1,0,0,1,1,1,0,0,0,0,0,1,1,0,1,0,1,1,1,1,0,0,1,1,0,0.601080
1,0,0,1,1,0,0,0,1,0,1,1,0,1,0,0,1,1,1,0,0,1,0,0,0,1,0,1,0,1,1,1,0.608805
0,1,1,0,1,1,0,0,1,1,1,1,0,1,0,0,0,0,0,0,0,1,0,1,0,0,1,1,1,1,1,0,0.642782
1,1,0,1,1,0,0,0,1,1,1,1,1,0,0,1,0,0,1,0,1,0,0,1,1,1,0,1,0,0,1,1,0.602055
1,0,0,1,0,1,1,1,0,1,0,1,0,0,1,1,0,1,1,1,1,0,0,1,1,0,1,1,1,0,1,1,0.524101
1,0,0,1,0,0,0,0,1,1,1,0,1,1,1,0,1,0,1,1,0,1,1,1,0,0,0,1,1,1,1,0,0.568478
0,1,1,0,1,1,0,1,1,1,1,1,1,0,0,1,0,0,1,1,0,1,1,1,0,0,0,1,1,0,1,0,0.582479
1,1,0,1,1,0,1,0,0,0,0,0,0,1,0,1,1,0,0,1,1,0,1,1,0,1,0,1,0,1,1,0,0.605130
0,0,0,1,0,1,1,1,0,1,1,1,1,1,1,0,0,1,1,0,1,0,0,0,1,0,0,1,0,1,1,1,0.573504
0,0,1,1,0,1,0,0,0,1,0,1,1,0,1,0,1,1,0,0,0,0,1,1,0,0,0,0,0,0,0,0,0.637207
1,0,0,0,1,0,0,0,0,1,0,0,0,0,0,1,0,1,0,0,1,0,1,0,1,1,1,1,1,0,0,1,0.642557
0,0,1,1,1,1,1,1,0,1,1,1,1,1,0,0,0,1,0,1,0,0,0,0,0,1,0,1,0,1,0,0,0.642607
0,1,0,0,0,0,0,1,1,0,1,0,1,1,0,1,1,1,1,1,0,0,0,0,1,1,0,0,1,1,0,0,0.619631
0,1,1,1,1,0,0,0,0,0,0,0,1,1,0,1,0,0,0,0,1,0,0,1,1,0,1,0,0,0,1,1,0.627506
1,0,1,0,0,1,1,1,0,1,0,0,1,0,1,1,0,1,1,0,0,1,1,1,1,0,0,1,1,1,1,1,0.510126
0,0,0,0,0,1,0,0,1,1,0,1,1,0,0,1,1,0,0,1,0,1,1,1,0,1,0,0,1,0,1,0,0.660833
1,0,0,1,0,0,1,0,0,0,1,0,0,1,1,1,1,0,1,0,1,0,0,0,0,1,1,1,1,0,0,0,0.611681
1,1,1,0,1,1,0,0,0,0,0,1,1,1,1,0,0,0,0,1,0,1,1,1,1,0,1,1,0,0,0,0,0.612806
0,1,1,1,0,0,1,1,0,0,1,1,1,0,1,0,1,0,1,0,0,0,1,0,0,1,0,0,0,0,1,0,0.615831
1,1,1,1,0,1,1,1,0,0,0,1,1,0,1,1,0,0,1,1,1,0,0,0,0,0,0,1,0,0,1,0,0.599380
1,1,1,0,1,0,0,0,0,1,0,1,0,1,1,1,0,1,1,0,0,0,1,1,0,1,1,1,0,0,0,1,0.596355
1,1,1,1,0,0,1,1,0,0,1,0,1,1,1,0,1,1,0,0,1,1,1,1,1,1,1,1,0,1,0,0,0.604405
0,1,0,1,1,1,1,0,0,1,1,1,0,1,1,0,1,1,1,0,1,1,0,0,1,0,1,1,0,0,1,0,0.585679
1,0,0,0,1,0,1,0,1,1,0,0,0,0,0,0,0,1,0,0,1,1,0,1,1,0,1,1,1,1,0,0,0.617106
0,0,0,1,0,0,0,0,1,1,0,1,1,0,1,1,1,0,0,1,1,1,1,0,0,0,0,0,1,1,0,0,0.611456
0,0,1,0,1,0,1,0,0,1,1,0,0,1,0,1,0,0,1,0,1,1,0,1,1,0,0,0,1,0,1,0,0.621006
0,0,0,0,1,1,1,1,0,1,1,1,0,1,0,0,0,1,1,1,0,1,0,1,0,0,0,0,0,1,0,0,0.616506
0,0,0,1,0,0,1,0,1,1,1,1,1,0,0,0,0,0,0,0,0,0,0,0,1,1,0,0,0,1,1,1,0.736612
0,1,1,0,1,0,0,0,0,1,0,0,1,1,0,1,1,0,1,0,0,1,0,0,1,0,1,1,0,1,1,0,0.628356
1,1,0,1,1,1,0,0,0,1,1,1,1,1,1,0,1,1,1,0,0,1,1,0,0,0,1,1,0,0,1,0,0.583979
0,1,1,0,1,1,0,0,0,1,1,1,0,0,0,1,1,0,0,0,0,1,0,0,0,1,1,1,1,0,0,1,0.619981
1,0,1,0,1,0,0,0,1,1,1,0,0,1,0,1,0,0,1,0,0,0,0,1,1,1,0,0,1,0,1,0,0.614856
0,1,1,0,0,1,1,1,1,0,1,1,1,1,0,1,1,0,0,1,1,1,1,0,0,1,0,1,0,0,0,0,0.600755
0,1,0,0,0,1,0,1,1,0,0,0,0,0,0,1,1,1,1,1,1,1,1,1,1,1,1,0,1,1,0,1,0.621256
0,0,0,1,0,0,1,0,0,0,1,1,0,0,1,0,0,0,1,1,1,0,1,1,1,1,1,0,1,0,0,0,0.622056
0,0,1,0,1,1,1,0,0,1,0,1,0,1,0,1,0,0,0,1,0,0,1,1,1,1,0,0,1,1,1,1,0.620556
0,0,0,1,0,0,1,0,1,0,0,1,0,1,1,0,1,0,1,0,0,0,0,1,0,0,1,1,0,0,1,1,0.645332
0,1,0,0,1,1,1,0,1,1,1,1,0,1,1,0,1,1,1,1,0,1,1,0,0,0,1,0,1,0,1,0,0.587054
1,0,0,1,1,0,0,0,0,1,0,0,1,1,1,1,0,1,0,0,0,0,0,0,1,0,1,0,1,0,0,0,0.631232
0,1,1,0,0,1,0,1,1,1,1,1,1,0,0,1,0,0,0,1,1,1,1,1,1,1,0,1,0,1,1,1,0.530552
0,1,0,0,0,1,1,1,0,0,0,0,1,0,0,1,0,0,1,0,1,0,1,0,1,1,0,0,0,1,0,1,0.647557
1,1,1,1,1,1,1,1,0,1,0,0,1,1,1,0,0,1,0,1,0,1,0,1,0,1,0,0,1,1,0,0,0.595680
0,0,0,1,0,1,0,1,0,0,0,0,1,0,1,0,1,1,0,1,0,1,1,1,0,1,0,0,1,1,0,1,0.637832
0,0,0,1,1,1,1,0,0,1,0,1,1,1,0,1,1,1,1,1,0,1,1,0,0,1,0,0,0,1,0,0,0.602930
0,0,0,1,1,1,1,1,1,0,1,1,0,0,1,0,1,1,1,1,1,0,0,1,1,0,0,0,1,0,1,1,0.599480
0,1,0,0,1,1,0,1,0,1,1,0,1,1,1,1,1,0,1,0,0,0,0,0,0,0,1,1,1,1,1,0,0.605155
0,0,1,0,0,1,0,1,1,1,0,1,0,0,0,1,1,1,1,1,0,0,0,1,1,0,1,0,1,0,0,0,0.635507
0,0,1,0,0,0,1,0,0,1,1,1,0,1,1,0,1,0,0,0,1,1,1,0,0,0,0,0,0,0,0,1,0.620531
1,0,1,1,1,1,0,0,0,1,1,0,0,1,1,0,1,1,1,0,1,1,1,1,0,1,1,1,0,1,0,0,0.588154
1,1,1,0,1,0,0,0,1,0,1,0,0,0,1,1,0,1,1,1,1,0,1,1,0,1,1,1,0,0,1,0,0.595705
1,0,0,0,1,1,0,0,1,0,0,0,1,0,0,1,0,0,0,1,0,0,1,0,1,0,0,1,1,1,1,1,0.619281
1,1,0,1,1,0,1,1,1,0,1,0,1,0,0,0,1,0,1,0,0,1,1,1,1,0,1,1,0,1,0,1,0.582279
0,0,1,1,0,0,0,0,1,0,1,0,1,1,1,0,1,1,1,0,1,0,0,1,1,1,1,1,1,0,0,1,0.601505
0,0,1,1,0,0,1,1,0,0,0,1,0,0,0,0,1,0,1,1,1,1,0,0,1,0,1,0,0,1,1,1,0.647532
0,1,1,1,0,0,1,0,0,1,0,1,1,1,1,0,0,0,0,1,1,1,0,1,1,0,0,0,1,1,1,1,0.551578
1,0,1,0,1,0,0,0,0,1,1,0,1,0,0,1,0,1,0,0,0,1,0,0,0,0,0,0,1,1,0,1,0.621231
1,0,1,1,1,1,1,0,1,0,1,1,1,1,1,1,1,0,1,0,0,1,1,1,0,1,0,0,1,1,1,1,0.451373
0,0,0,0,1,0,1,1,1,1,0,0,1,0,0,0,1,0,1,0,1,1,0,1,1,1,0,0,1,1,0,1,0.601880
1,0,1,0,1,1,0,0,0,1,1,1,0,1,1,0,0,0,1,1,1,0,1,1,1,1,0,0,1,1,0,0,0.597780
1,0,0,0,1,1,1,0,0,1,0,1,1,0,0,0,1,0,0,0,0,1,0,0,0,0,1,1,1,1,1,0,0.600380
1,0,1,0,0,0,0,0,1,1,0,1,0,1,0,0,1,1,0,1,1,0,1,1,0,0,0,1,1,1,0,1,0.607505
1,0,0,0,0,0,1,1,0,1,0,1,0,0,1,0,0,1,1,1,1,1,0,0,0,0,0,1,0,1,0,1,0.621856
1,1,1,1,0,0,0,1,1,0,0,1,0,1,0,1,1,1,1,1,0,0,1,0,1,1,0,0,0,1,1,1,0.545527
1,1,0,0,0,0,0,0,1,1,1,0,1,1,1,1,0,0,0,1,1,0,1,1,0,0,0,1,1,1,1,1,0.594130
1,1,1,1,1,0,0,0,1,0,1,1,1,1,0,1,1,1,1,0,1,1,1,1,1,0,0,0,1,1,0,0,0.587254
0,0,1,1,1,0,0,0,1,0,0,1,1,1,0,0,1,1,0,0,0,0,0,1,1,1,0,1,0,0,0,0,0.620956
1,1,0,1,0,0,1,0,1,1,1,0,1,1,0,1,1,1,0,0,0,0,0,0,0,0,1,1,1,0,0,0,0.632407
1,0,0,0,1,1,1,1,1,0,1,0,0,1,1,0,0,1,1,1,1,1,1,0,0,1,0,1,0,1,0,0,0.586179
0,0,0,0,0,0,0,1,1,1,1,0,1,0,1,1,1,1,0,0,1,1,0,1,0,0,1,0,0,1,0,1,0.657558
1,1,1,0,0,0,1,1,1,1,0,1,1,1,0,0,0,0,0,0,0,1,0,0,0,1,1,1,0,1,0,1,0.607580
1,1,1,0,0,0,1,1,1,1,1,1,1,0,0,1,1,1,1,0,1,1,0,0,1,0,0,1,0,0,0,1,0.576629
0,1,0,1,0,0,1,0,1,1,1,1,0,1,0,0,0,1,0,0,0,1,1,1,1,1,0,0,0,0,1,0,0.635307
0,0,1,0,0,0,1,1,1,0,0,1,1,0,1,1,1,1,0,0,1,0,0,0,1,0,1,0,1,0,1,1,0.568328
1,1,1,0,0,0,1,0,0,1,0,0,1,1,1,0,1,1,0,1,0,0,0,0,0,1,1,0,1,0,1,0,0.600980
1,1,0,1,0,1,1,1,0,1,0,1,0,0,0,0,1,0,0,1,1,1,0,1,0,0,1,0,1,1,1,1,0.570154
1,1,0,0,0,1,1,1,0,0,1,1,0,0,1,1,1,0,1,0,0,0,1,1,1,0,0,0,0,0,0,0,0.621206
1,0,1,0,1,1,0,1,1,0,1,0,0,1,1,1,0,0,0,1,0,1,0,0,1,0,0,0,1,1,0,0,0.607980
0,0,1,1,1,1,1,1,0,0,0,0,1,0,1,0,0,1,0,0,0,1,0,0,1,0,0,0,0,0,0,0,0.621631
1,1,0,0,0,1,0,0,0,0,1,0,0,1,0,0,1,1,0,0,1,0,0,1,0,1,1,1,1,1,0,0,0.614406
0,1,0,0,0,1,1,1,0,0,0,0,1,0,1,0,0,0,0,0,1,1,0,1,1,1,1,0,1,0,0,1,0.612956
1,0,0,1,1,1,0,0,0,1,0,0,0,0,1,1,0,1,1,0,1,0,1,0,1,0,0,1,1,1,1,1,0.565828
0,1,1,0,1,1,1,1,0,1,1,1,1,1,1,1,1,0,0,0,1,1,1,0,1,1,1,0,1,0,0,1,0.559453
1,1,0,1,1,0,0,0,1,0,0,0,1,1,1,0,0,1,1,1,1,0,0,1,0,1,0,1,0,1,1,0,0.591630
1,1,1,1,1,1,1,0,0,0,0,0,1,0,1,0,0,1,0,0,0,0,0,1,1,0,1,0,0,0,1,1,0.605855
1,0,1,0,0,1,1,0,0,1,1,0,0,1,1,1,1,1,0,0,1,1,1,0,1,0,0,1,0,1,1,1,0.550328
1,0,1,1,0,1,0,0,1,0,1,1,1,1,1,0,0,0,1,0,0,1,0,1,0,1,0,0,0,0,0,0,0.612931
0,0,1,1,1,0,0,0,1,0,0,0,1,0,0,0,0,0,1,1,0,1,0,1,0,0,1,0,0,1,1,1,0.631357
0,0,0,1,0,0,0,0,0,0,1,0,1,0,1,0,1,0,1,0,0,0,1,1,0,1,1,1,0,0,0,1,0.666658
1,1,0,0,0,1,1,1,1,1,0,0,1,1,0,1,1,1,1,1,1,1,1,1,1,1,0,1,0,1,0,1,0.506775
1,0,1,1,0,0,0,0,0,1,1,1,1,1,0,1,0,1,1,0,0,0,1,1,0,0,1,0,0,1,1,1,0.565253
0,0,0,1,0,1,1,1,1,0,1,1,1,0,1,0,0,0,1,1,1,1,1,1,0,0,1,0,1,1,0,0,0.590730
0,1,1,1,0,1,1,1,0,1,0,0,1,0,0,1,0,0,0,0,1,1,1,0,0,1,0,1,0,1,0,1,0.569053
1,1,1,1,1,1,0,1,0,0,0,0,0,1,1,1,1,0,1,1,1,0,1,0,1,1,0,1,1,0,0,0,0.590130
0,0,1,0,0,0,0,0,0,1,0,0,0,0,1,1,1,1,0,0,1,1,0,1,1,0,0,0,1,1,1,1,0.669158
1,0,0,1,0,1,1,1,0,0,0,1,0,1,0,1,0,0,1,0,0,1,0,1,0,0,1,1,1,1,0,0,0.614856
1,0,1,1,1,1,1,1,1,0,1,1,0,1,1,0,1,0,1,1,1,0,1,0,1,1,1,1,1,0,0,0,0.594605
0,1,1,0,0,0,0,0,1,1,0,1,1,0,0,1,1,1,0,0,1,0,1,1,1,1,1,0,0,1,0,0,0.622431
0,0,1,1,1,1,1,1,1,0,0,1,0,1,0,1,0,1,0,0,0,0,1,0,0,0,1,1,0,0,0,1,0.641432
1,0,0,0,1,1,0,1,1,1,1,0,0,1,0,0,1,1,0,0,1,0,0,0,0,1,0,1,1,1,0,1,0.608605
0,0,0,1,1,1,1,1,0,1,0,1,0,1,1,1,0,0,1,0,1,1,0,1,1,0,1,1,1,0,1,0,0.555553
1,1,0,0,1,1,1,1,0,1,1,1,0,1,1,1,1,0,1,1,0,0,0,0,1,0,0,1,1,1,1,0,0.554403
1,1,1,0,0,1,1,1,0,1,1,0,0,1,1,0,0,0,0,0,1,0,0,1,1,1,1,1,1,1,1,0,0.562553
1,1,1,0,0,1,0,0,1,0,1,1,0,1,0,0,0,0,1,1,0,1,1,0,1,0,1,1,1,1,1,1,0.600555
1,1,1,1,0,0,1,0,0,0,0,1,1,1,1,0,1,0,1,0,1,0,1,1,1,0,1,1,1,1,0,1,0.536777
1,0,0,0,0,1,0,0,0,1,0,1,1,1,0,0,1,0,1,1,1,0,0,1,0,0,1,0,0,1,1,0,0.627181
1,0,1,1,1,1,1,1,1,1,0,0,1,1,0,1,1,1,0,0,1,0,1,1,0,0,1,0,0,0,0,0,0.607505
1,0,1,1,0,0,1,0,1,0,1,0,1,0,1,0,1,1,0,0,1,0,1,0,1,0,0,1,1,1,1,1,0.569328
0,0,1,0,1,0,0,0,0,0,1,1,1,0,1,0,0,0,1,0,1,0,0,0,0,0,1,1,1,0,1,0,0.603230
0,1,1,1,0,0,0,1,0,0,0,0,0,0,1,0,0,0,0,1,0,0,1,0,0,0,0,1,0,1,0,0,0.663008
1,1,0,1,0,1,0,1,0,1,1,0,0,1,0,0,0,1,1,0,1,1,0,0,0,0,1,0,0,0,1,0,0.630007
0,1,0,1,0,1,0,0,1,0,1,0,0,0,0,1,1,1,0,1,1,1,0,0,0,1,1,0,1,1,0,0,0.603830
0,0,0,1,1,1,0,0,0,1,1,0,0,1,1,0,0,1,0,0,0,1,0,0,1,1,1,1,1,0,1,0,0.619781
0,1,1,1,0,1,1,0,1,1,0,1,1,1,0,1,0,1,0,0,0,1,1,0,0,1,0,1,0,0,0,1,0.600580
1,1,0,1,0,0,0,1,0,0,0,1,1,1,1,1,1,0,0,1,1,1,1,0,1,1,0,0,1,0,1,1,0.507800
1,0,1,0,0,1,0,0,0,1,0,1,1,1,1,0,0,0,0,1,0,0,1,1,1,0,0,1,0,0,0,0,0.628706
0,1,1,0,0,0,0,1,1,1,1,1,0,0,1,0,1,1,1,1,1,1,1,1,0,1,0,1,1,1,1,1,0.561378
0,1,1,1,0,0,0,1,1,0,0,0,1,1,1,0,0,1,0,0,1,0,1,1,0,1,0,0,0,0,1,1,0.610531
1,1,0,0,1,1,0,1,1,1,0,0,0,0,1,1,1,0,1,0,0,0,0,1,1,0,1,0,1,0,1,0,0.593330
1,1,1,1,0,1,1,0,1,1,1,1,0,0,1,1,0,0,1,0,0,1,0,1,1,0,0,0,0,0,0,1,0.577554
1,1,1,1,0,0,1,0,1,1,0,0,1,0,0,1,1,0,1,1,0,1,1,0,0,0,0,1,1,0,0,1,0.601580
1,1,0,0,0,1,1,0,0,0,1,1,1,0,0,1,0,1,1,0,0,0,0,1,0,1,0,0,1,0,0,0,0.624606
1,1,0,1,1,0,1,0,0,1,0,1,0,1,1,0,0,1,0,0,0,0,0,1,1,1,0,1,1,1,0,0,0.609080
0,0,0,0,0,1,1,1,1,1,0,1,1,1,0,0,1,1,1,0,1,1,1,1,1,0,0,0,0,1,1,1,0.534877
1,1,0,1,1,1,1,0,1,0,1,1,1,1,0,0,0,1,0,1,0,1,0,1,1,1,1,0,1,0,0,1,0.579104
1,1,1,0,0,1,0,1,0,0,1,0,0,1,1,0,1,0,0,1,0,1,0,1,0,1,1,1,0,0,0,0,0.618681
1,0,1,1,0,1,0,1,0,1,1,0,1,0,1,1,0,0,1,0,0,1,0,1,1,1,0,0,1,1,1,0,0.583779
0,0,1,0,0,1,1,1,0,0,1,0,1,0,1,1,0,0,0,1,1,1,1,1,1,0,1,0,1,0,1,1,0.565303
1,0,1,0,0,0,1,1,1,0,1,0,1,0,1,0,1,0,1,0,0,0,0,1,1,0,0,0,0,0,1,0,0.602855
0,1,0,0,1,0,0,0,1,0,1,1,0,1,1,0,0,0,0,1,0,1,1,0,0,1,1,1,0,0,1,1,0.620981
0,1,0,0,0,1,0,0,1,0,0,0,0,1,1,0,0,0,0,1,0,0,0,1,0,1,0,0,1,0,0,1,0.668933
1,1,1,1,0,0,1,0,1,0,1,1,0,1,0,0,1,0,1,0,0,0,0,1,0,0,0,1,1,0,1,1,0.595030
1,1,1,0,1,0,0,0,1,0,1,0,0,0,1,0,0,1,0,0,0,0,0,1,0,0,0,1,0,1,0,0,0.639307
0,0,1,0,1,1,1,1,0,1,0,0,1,0,1,0,0,1,0,1,1,0,0,0,0,1,0,1,0,0,0,0,0.602105
0,0,1,0,1,1,0,0,0,1,0,1,0,1,1,0,0,0,1,1,1,1,1,1,0,1,1,1,1,0,1,1,0.659408
0,1,1,1,1,0,0,1,1,1,1,1,0,1,1,0,1,0,1,1,0,0,1,1,0,1,0,1,1,1,0,0,0.587279
0,0,1,1,1,0,1,1,0,0,1,0,1,1,1,0,1,1,1,1,0,1,1,0,1,1,0,1,0,1,0,0,0.602530
0,1,1,0,1,0,0,0,1,0,1,1,0,1,1,0,0,0,1,1,0,1,1,1,1,1,0,0,0,1,0,0,0.584379
1,0,0,0,1,1,0,0,0,0,1,0,1,1,0,0,0,1,0,1,1,1,0,0,0,1,1,0,0,1,0,0,0.620131
0,1,1,0,0,1,0,1,0,1,1,0,0,1,1,1,1,1,1,0,1,0,0,0,0,0,1,0,0,1,1,0,0.614356
1,0,0,1,0,1,1,1,1,1,0,1,0,0,1,0,0,0,0,1,0,0,0,1,0,0,0,0,1,1,1,1,0.629281
0,0,1,1,0,1,0,1,1,1,1,1,1,1,0,1,0,1,1,0,0,1,0,0,0,1,1,1,0,0,1,0,0.608930
1,1,0,0,1,0,1,1,1,0,0,1,0,1,0,1,1,0,0,0,1,0,0,1,1,0,1,0,0,1,1,1,0.528676
0,0,1,1,1,0,0,0,1,0,1,0,0,1,0,1,1,0,0,1,1,1,1,0,1,0,1,0,1,1,1,0,0.595505
1,1,1,0,1,0,0,1,1,0,1,1,0,0,1,0,1,1,0,1,0,1,1,1,0,1,0,1,1,1,1,0,0.581729
0,1,0,0,0,0,1,1,1,0,0,1,1,0,1,0,1,1,0,0,1,1,0,0,1,1,1,1,1,0,0,1,0.602305
1,1,0,0,1,0,0,0,1,1,0,1,1,1,0,0,1,0,0,0,1,0,1,1,0,1,0,1,1,1,0,1,0.604505
1,1,1,1,1,1,1,1,0,0,1,0,1,0,1,0,1,1,1,1,0,1,1,1,1,0,0,1,1,1,1,0,0.565553
0,0,1,1,0,1,0,0,1,1,1,1,0,1,0,1,1,1,0,1,1,1,1,1,0,0,0,1,1,1,0,1,0.531152
1,0,1,1,0,0,0,0,1,0,0,0,0,1,1,1,0,1,0,0,0,0,0,1,0,1,1,1,1,0,0,0,0.626131
0,1,0,1,1,1,1,0,0,1,0,0,1,1,0,0,0,1,1,0,1,0,0,0,0,0,0,0,0,1,0,0,0.632882
0,1,0,1,0,0,1,1,1,1,1,1,0,1,0,0,0,1,1,1,0,1,1,0,1,0,1,0,1,1,0,0,0.593080
1,0,1,1,0,1,0,1,0,0,0,0,1,0,1,1,1,1,0,0,1,0,0,0,0,0,1,0,0,0,1,0,0.626431
1,0,0,0,0,1,1,1,1,1,1,1,0,0,1,1,0,1,0,1,1,1,1,0,0,0,1,1,0,0,0,1,0.588129
1,1,0,0,0,0,1,1,0,0,1,1,0,0,0,1,0,0,0,0,1,1,0,1,0,0,0,1,0,1,1,1,0.589829
0,1,0,0,0,0,1,1,0,1,0,1,1,1,0,0,0,0,1,0,0,1,0,1,1,0,1,0,0,1,0,1,0.617706
1,1,1,1,0,0,1,1,1,0,0,1,0,1,1,0,1,1,1,1,0,1,0,0,0,1,0,0,0,1,0,1,0.592530
0,0,1,0,0,0,0,0,1,0,0,1,1,0,1,1,1,0,1,1,1,1,1,0,1,0,1,0,0,1,0,1,0.611631
1,0,1,1,1,1,1,1,0,0,1,1,1,1,0,1,0,0,1,1,0,0,1,0,1,0,1,1,0,1,0,1,0.546752
1,0,0,1,1,0,1,1,1,1,1,1,0,0,0,1,0,0,1,0,0,0,0,1,0,0,0,1,0,0,1,0,0.650458
0,1,1,0,1,1,0,0,1,0,0,1,0,1,1,0,1,0,1,1,0,1,1,0,1,0,1,1,0,1,0,0,0.611331
0,1,0,1,0,0,0,1,0,1,1,1,0,0,0,1,0,0,0,1,1,0,0,1,0,1,0,1,0,1,0,1,0.656833
0,1,1,1,1,0,1,0,0,0,1,0,1,0,0,0,0,1,1,1,1,0,0,1,1,0,1,1,1,0,0,0,0.608530
0,1,0,0,1,1,1,0,1,1,0,0,1,0,0,0,0,1,1,0,0,0,1,1,0,1,1,1,0,0,1,0,0.611956
1,1,1,1,0,0,0,1,1,1,0,0,0,1,1,1,1,0,1,1,0,1,1,0,0,1,1,0,0,1,0,0,0.595805
1,1,1,1,0,1,1,1,0,0,0,0,0,1,1,1,0,1,1,1,0,0,1,0,0,1,0,1,0,0,1,0,0.604755
1,0,0,1,0,1,0,0,0,1,1,1,1,0,1,1,1,0,0,1,0,0,0,0,1,1,1,0,0,1,0,0,0.606380
1,1,0,1,0,0,0,1,1,0,1,0,0,0,1,1,0,0,0,0,0,1,0,0,1,1,1,0,0,0,0,1,0.634282
0,0,0,0,0,0,0,1,1,1,1,1,1,1,0,1,0,1,0,0,0,0,0,0,1,1,0,0,1,1,0,0,0.909995
0,1,1,1,0,1,0,1,1,0,0,0,0,1,0,0,0,1,0,1,0,0,0,1,1,1,0,1,0,1,1,0,0.612956
1,1,1,0,1,0,1,0,1,1,1,0,1,1,0,1,0,1,1,1,1,1,1,1,0,0,0,0,0,0,1,0,0.567253
1,1,0,1,0,1,0,1,0,1,0,0,1,0,0,1,0,0,0,1,1,0,1,1,1,0,1,0,1,1,1,1,0.540352
1,1,0,0,1,1,0,0,0,1,0,1,1,1,1,1,1,0,0,0,1,1,1,0,1,0,1,1,1,1,0,0,0.600630
1,0,0,1,1,0,1,0,0,1,1,0,0,1,0,1,1,1,0,0,1,0,0,0,0,0,1,0,0,0,1,0,0.620456
1,0,0,0,1,0,0,0,1,1,0,1,0,1,1,0,0,0,1,1,1,0,1,0,1,1,1,1,1,0,0,0,0.629806
0,1,0,0,0,1,0,1,0,1,1,0,1,1,1,0,1,1,0,1,0,0,1,0,0,1,0,0,0,1,1,0,0.607380
1,0,0,0,0,1,1,0,0,0,0,1,0,1,1,1,1,0,0,0,1,0,0,1,0,0,0,0,0,0,1,0,0.633257
1,0,1,1,1,0,1,1,0,1,0,0,0,1,0,0,1,0,1,1,0,0,0,0,0,1,0,1,1,0,0,0,0.609180
0,1,1,0,1,0,0,0,1,0,0,0,0,1,1,1,1,0,0,1,1,1,1,0,1,1,0,0,0,0,0,0,0.603880
0,0,0,0,1,1,1,1,0,0,0,0,1,0,1,1,1,1,0,1,0,1,1,0,0,0,0,1,1,0,0,1,0.584254
0,0,0,0,0,1,0,1,1,0,1,1,0,0,1,1,0,1,0,0,0,0,0,0,1,0,1,0,1,0,0,1,0.760938
0,1,0,0,1,1,0,1,0,1,0,0,0,1,1,0,0,0,1,0,0,0,1,0,1,1,0,0,0,0,1,1,0.635682
1,1,0,0,0,1,1,0,0,0,1,0,1,0,0,1,1,0,0,0,1,0,1,1,1,0,0,0,1,0,1,1,0.561378
0,1,0,0,0,0,1,0,0,1,0,0,0,1,1,1,1,0,1,0,0,1,1,0,1,1,1,1,1,0,0,0,0.617931
1,0,0,0,1,0,1,1,1,0,0,0,1,1,1,0,1,1,0,1,1,1,0,0,1,0,0,0,1,1,1,0,0.574929
1,0,0,1,0,1,1,1,0,0,0,0,1,1,1,1,1,0,0,0,0,0,1,0,0,1,0,1,1,1,1,0,0.562853
0,0,0,0,0,1,0,1,0,1,0,0,0,1,1,0,0,0,1,0,1,1,0,0,0,1,0,1,1,0,0,0,0.634507
0,1,1,0,0,1,0,1,1,0,1,0,1,1,1,0,0,1,0,0,0,1,1,1,1,0,1,1,1,1,0,0,0.615481
0,0,1,1,1,0,1,0,0,1,1,0,0,0,0,1,1,0,1,1,1,1,1,1,1,0,1,1,1,1,1,0,0.573879
0,1,0,0,1,1,1,0,0,1,1,1,1,0,0,1,0,1,1,1,1,1,0,1,1,0,0,1,0,0,1,1,0.550653
0,0,0,1,0,0,0,1,0,0,1,1,1,0,0,1,0,0,0,0,1,0,0,0,0,1,1,1,1,0,0,1,0.637182
1,1,0,0,0,1,1,1,1,0,1,1,0,0,1,1,0,1,1,0,1,0,1,0,0,1,0,1,0,0,0,0,0.591305
1,0,0,0,0,1,0,1,0,1,0,1,0,1,1,1,0,1,0,0,1,0,1,1,1,0,0,0,0,1,0,0,0.612206
1,1,1,1,0,0,0,1,1,0,1,1,1,0,1,1,0,1,1,1,0,1,0,1,1,0,0,0,0,0,0,0,0.589304
0,0,0,0,0,0,0,1,1,0,1,1,0,1,1,0,1,0,0,0,0,1,1,1,0,1,1,0,0,0,0,1,0.682609
0,0,1,1,1,1,0,1,1,1,1,0,0,0,0,0,1,1,1,0,0,0,0,0,1,0,0,0,0,0,1,0,0.625656
