0,0,1,1,1,0,0,0,1,0,1,1,1,0,1,1,1,0,1,0,0,1,1,1,1,1,0,0,0,0,1,0,0.612905
1,1,0,0,0,1,0,1,1,0,1,0,0,0,1,0,0,1,0,1,0,0,0,0,0,0,0,1,1,0,0,1,0.636909
1,0,1,1,0,1,1,1,1,1,0,1,0,1,1,0,0,0,0,1,1,1,0,0,1,1,1,0,1,1,0,0,0.601050
1,1,0,0,1,1,0,0,0,1,0,1,1,0,1,0,1,0,0,1,0,1,1,0,1,0,0,1,1,0,0,0,0.637015
0,0,1,1,0,1,1,0,0,1,1,1,0,1,0,1,1,1,1,1,1,1,1,1,0,0,0,1,0,0,1,0,0.634458
0,0,1,0,1,1,1,1,0,0,0,0,0,0,1,1,0,0,1,1,0,0,1,1,1,1,1,1,1,0,0,1,0.587969
0,0,0,0,0,0,1,1,1,1,1,0,1,1,1,0,1,0,0,0,0,0,1,0,0,1,1,0,0,1,1,0,0.608882
0,0,0,1,1,1,0,0,1,0,1,1,0,0,1,0,0,1,1,0,0,0,0,0,1,1,1,0,1,1,1,1,0.611013
0,1,1,1,0,1,0,0,0,1,1,1,1,0,1,0,1,0,1,1,0,0,0,1,1,0,1,0,1,0,0,1,0.601423
1,1,0,0,1,0,1,0,0,1,1,1,0,1,1,1,1,1,1,0,0,0,1,0,0,0,1,0,0,0,0,0,0.621590
1,0,1,0,0,0,0,1,0,0,0,0,0,1,0,1,1,1,0,1,1,0,1,1,1,0,1,0,1,0,0,0,0.616208
1,1,0,1,1,0,0,1,0,0,1,0,1,1,0,1,0,0,1,0,0,0,0,0,1,0,1,1,1,1,0,0,0.620018
1,1,0,0,0,1,0,1,1,0,0,1,0,0,0,0,1,0,1,1,0,1,0,0,1,1,1,1,0,0,0,1,0.627504
0,0,0,0,0,0,0,0,1,1,0,0,1,1,1,0,0,1,0,1,0,0,0,1,0,1,0,1,1,0,0,1,0.649163
0,1,1,0,0,0,1,0,1,0,1,0,1,1,0,0,1,0,1,0,1,0,0,1,1,0,0,1,1,1,0,1,0.616235
0,1,1,0,0,1,1,0,0,0,1,1,0,1,0,1,1,1,1,0,0,0,1,0,1,1,0,1,0,1,1,0,0.600677
1,0,1,0,1,0,0,0,0,1,1,0,1,0,1,1,1,0,1,1,1,0,0,1,0,0,1,1,0,1,1,1,0.570439
0,1,1,0,0,0,1,0,1,1,0,1,0,0,1,0,0,1,1,1,1,1,1,0,0,0,0,0,1,0,1,0,0.611067
1,0,1,1,0,1,1,1,1,1,0,0,1,0,0,0,0,0,0,0,1,0,0,0,1,0,1,1,1,0,1,0,0.618659
1,0,1,0,1,1,1,1,1,1,0,0,1,1,1,1,0,0,1,0,0,0,0,0,1,1,1,0,0,1,1,0,0.612479
0,1,1,1,1,1,0,1,0,0,1,1,0,0,1,1,1,1,0,0,0,1,1,1,0,0,0,0,0,0,1,1,0.633632
1,1,1,0,1,1,1,0,0,1,1,1,0,1,0,0,0,1,0,0,0,1,1,1,1,0,1,1,1,0,0,0,0.613837
0,1,0,1,1,1,0,0,0,1,0,0,1,1,1,0,1,0,1,0,1,1,1,1,0,0,0,0,1,1,0,1,0.583866
0,0,1,0,1,1,1,1,1,0,1,0,0,0,0,0,1,0,1,1,0,0,0,1,1,1,0,1,1,1,0,1,0.625639
0,0,0,1,0,0,1,1,0,0,1,0,0,1,1,0,0,0,0,0,0,1,0,1,1,1,1,1,1,0,1,1,0.591539
1,0,0,1,0,1,1,0,1,1,0,0,1,0,0,1,0,1,0,1,0,0,1,0,1,1,0,1,0,1,1,1,0.589674
1,0,1,1,1,1,0,0,0,0,1,1,0,1,1,0,1,1,0,1,1,1,0,0,1,1,0,0,1,0,0,0,0.617327
0,1,0,1,0,0,1,1,1,1,0,0,0,0,0,0,0,1,1,1,0,0,1,1,1,0,1,1,0,1,1,1,0.621110
1,1,1,1,0,0,1,1,0,1,0,0,0,0,1,1,1,1,1,0,1,0,1,0,0,1,1,0,0,1,0,0,0.596014
0,0,0,1,0,1,0,1,1,0,0,0,1,1,0,1,0,0,1,1,0,1,1,0,0,0,0,1,0,0,1,0,0.612132
1,1,1,1,1,1,1,1,1,0,1,1,0,1,0,1,1,1,1,0,1,0,1,1,0,1,0,1,0,0,0,0,0.602915
1,1,1,0,0,1,1,0,1,0,1,1,1,0,1,0,0,0,0,1,1,0,0,1,1,1,0,0,1,1,1,1,0.565937
0,1,0,0,1,1,1,1,1,0,0,1,1,0,1,0,0,0,0,1,0,0,1,0,0,1,0,0,0,1,1,0,0.603394
0,0,1,0,1,1,0,0,1,0,0,0,1,1,0,0,1,0,0,0,0,1,1,1,1,0,0,0,0,0,0,1,0.637148
0,0,1,1,1,1,0,0,1,1,1,1,1,1,0,1,0,0,1,1,0,0,1,0,0,1,0,0,0,0,1,1,0.645061
0,1,0,1,1,1,0,0,0,1,1,1,0,0,0,1,0,1,0,1,0,0,1,1,1,0,1,1,0,1,1,0,0.647352
1,0,0,0,1,1,0,1,0,1,1,0,0,1,1,0,0,1,0,0,0,1,1,0,1,1,0,0,0,0,0,0,0.610481
1,1,1,1,0,0,0,1,0,1,1,0,0,0,0,0,0,1,0,0,1,0,0,1,0,0,1,1,1,1,1,0,0.619885
0,1,1,0,1,1,0,1,0,1,1,1,1,1,0,0,0,0,0,1,0,0,0,1,1,0,0,0,0,1,1,0,0.611813
0,1,1,1,1,0,0,0,0,1,0,1,1,0,1,0,0,1,1,1,0,0,0,0,0,0,1,1,1,1,1,1,0.614024
0,0,1,0,1,0,1,1,1,0,0,1,0,0,1,0,0,1,0,0,1,0,1,1,1,0,1,1,1,1,0,1,0.597560
0,1,1,1,1,1,0,0,0,1,1,1,0,0,1,0,1,1,1,1,0,0,1,1,1,1,1,0,0,0,1,0,0.600703
1,1,0,0,1,0,1,1,1,1,1,1,0,0,0,0,0,0,0,1,0,0,1,1,0,0,1,0,1,0,1,1,0.636988
0,1,0,1,1,0,0,1,1,1,1,0,0,0,0,1,1,1,1,0,1,1,1,0,1,0,0,1,1,1,1,1,0.577872
0,0,1,1,0,1,1,1,0,0,0,1,1,0,0,1,1,0,1,1,1,1,0,1,1,0,0,1,1,1,1,1,0.610028
1,0,1,0,0,0,0,1,1,1,1,1,1,1,1,1,0,0,1,0,1,1,1,0,0,1,1,0,0,0,1,1,0.586690
1,0,1,1,0,0,0,0,0,1,1,0,1,1,0,1,0,0,0,0,0,1,0,1,0,1,1,0,1,0,1,1,0.609015
1,0,0,1,1,0,0,0,0,1,0,0,0,0,0,1,0,0,0,1,0,0,0,1,0,1,0,0,1,0,0,0,0.643063
0,1,1,0,1,0,0,1,1,1,1,1,0,1,0,0,0,1,0,1,1,0,0,0,0,1,1,0,1,0,0,1,0.623908
1,0,1,1,1,0,1,0,0,0,0,0,1,0,0,1,1,1,0,1,1,0,0,0,1,1,1,0,0,1,1,1,0.604327
0,0,1,0,0,1,1,0,1,0,0,0,1,1,0,1,1,0,0,0,1,1,0,0,1,0,1,1,1,0,0,0,0.599531
1,1,0,1,1,0,0,0,1,0,0,0,1,1,1,0,1,0,1,0,1,1,0,0,0,0,1,0,0,0,1,0,0.642077
1,1,0,1,0,0,0,1,0,1,0,0,0,1,0,1,1,0,0,1,1,1,0,0,0,0,0,1,1,0,0,1,0.654199
1,0,0,0,0,1,0,1,1,0,1,1,1,1,1,1,1,1,0,0,0,1,0,1,1,1,1,0,0,1,1,0,0.610854
1,1,0,0,0,1,1,1,0,0,1,0,1,1,0,0,1,0,0,0,0,0,0,1,0,0,1,1,0,1,0,0,0.626492
0,0,1,0,1,1,0,1,0,0,0,0,0,1,0,1,1,0,0,1,1,0,1,0,1,0,1,1,1,1,0,1,0.627824
0,1,0,1,1,1,0,0,0,1,0,0,0,1,1,1,0,1,1,0,1,1,1,1,1,0,0,0,1,0,0,0,0.577019
0,0,1,0,0,1,1,1,0,0,0,0,1,0,1,0,1,1,1,0,1,1,0,0,1,0,0,0,1,0,1,1,0.616049
1,1,0,1,0,0,0,0,0,1,1,1,1,0,0,1,1,1,0,0,0,0,0,1,1,0,1,0,1,0,0,0,0.627797
0,0,1,1,1,0,0,1,1,0,0,1,0,0,1,0,0,0,1,1,0,1,1,1,0,0,1,0,1,0,1,0,0.609841
0,0,0,1,0,0,1,0,1,0,0,1,0,1,1,1,0,1,1,1,0,1,1,1,1,0,1,1,1,0,0,0,0.619192
1,0,0,0,0,0,0,0,1,0,1,0,0,1,0,0,1,1,0,1,0,0,1,1,1,1,0,0,0,0,0,0,0.639626
1,1,0,0,1,0,0,1,1,1,1,1,1,0,0,0,0,1,1,1,0,0,1,0,0,1,1,1,1,1,1,0,0.633472
1,0,1,1,1,0,0,1,0,1,1,0,1,0,1,0,1,1,0,1,1,0,0,0,1,0,0,0,0,1,0,1,0.610001
1,1,1,0,0,0,1,0,1,1,0,0,0,1,1,1,0,1,0,1,0,1,0,1,0,1,0,0,0,1,1,0,0.600970
0,1,1,1,0,0,1,0,0,0,1,0,1,1,0,0,1,1,1,1,1,0,1,0,1,0,1,0,0,0,0,1,0.610294
1,0,0,0,1,1,1,1,0,1,0,1,0,0,1,0,0,1,1,0,0,0,0,1,0,1,0,1,1,1,1,0,0.628144
1,0,0,1,0,1,1,1,1,1,1,1,0,0,1,1,0,0,0,1,1,1,0,1,0,1,1,1,1,1,0,0,0.595322
1,0,0,0,1,0,0,0,1,0,0,0,0,1,0,1,1,1,0,1,0,0,1,1,0,1,1,1,1,0,1,0,0.628996
0,1,1,0,1,0,1,1,1,0,1,0,1,0,0,0,1,0,0,0,1,1,1,0,0,1,1,1,0,0,1,1,0.604273
1,0,0,0,0,1,1,1,0,0,1,0,1,0,0,0,0,1,0,1,1,1,0,1,1,1,0,1,1,1,1,1,0.614157
1,1,0,0,1,1,0,0,1,0,0,0,1,1,0,0,0,1,1,1,0,0,1,1,0,0,1,1,1,0,0,1,0.639306
1,1,0,1,1,0,0,0,1,0,1,0,0,1,0,0,0,0,1,0,1,0,1,0,0,1,0,1,1,1,1,1,0.624520
1,1,0,1,0,0,1,0,1,1,1,1,0,0,1,1,1,0,1,0,0,0,1,1,1,1,0,1,0,1,0,0,0.627238
1,0,0,0,1,1,1,1,1,0,0,0,1,1,0,1,1,0,0,0,1,1,1,1,1,0,0,1,0,0,0,0,0.519954
0,1,1,1,0,1,0,0,1,1,1,1,0,1,1,1,0,0,1,1,0,0,0,1,0,1,0,1,0,1,0,0,0.648977
0,1,1,0,1,1,1,1,1,0,0,1,0,0,1,1,0,0,1,0,0,0,0,0,0,0,0,0,1,1,0,1,0.609921
1,0,0,1,0,0,1,1,0,1,0,0,0,0,0,0,0,1,0,0,1,1,0,0,0,1,1,1,1,1,1,0,0.607630
1,1,1,1,1,0,1,0,1,0,1,1,0,0,0,0,0,1,1,1,0,1,1,0,0,0,0,1,0,0,1,1,0.641358
0,1,1,0,1,1,0,0,0,0,0,0,1,1,1,0,1,0,1,0,0,1,0,0,1,0,1,1,0,1,1,1,0.613331
1,0,1,0,0,1,0,0,0,1,1,1,1,1,0,0,0,1,0,0,1,1,1,0,0,0,1,1,0,1,1,1,0.628996
1,1,0,0,1,1,0,1,0,1,1,0,1,0,1,0,1,0,1,1,1,1,0,1,1,0,0,1,0,1,1,1,0.589834
1,1,0,0,1,1,0,1,1,0,1,0,1,1,0,0,1,0,1,1,1,0,0,1,1,1,0,1,1,1,0,0,0.615862
0,0,1,0,1,1,0,1,1,0,0,1,0,0,0,1,1,0,1,0,1,1,1,1,0,0,0,1,0,1,1,0,0.624893
0,0,0,1,1,0,1,1,0,0,0,0,1,1,1,0,1,0,0,0,1,1,0,0,1,0,1,1,1,1,0,0,0.569240
1,1,0,1,0,1,0,0,0,0,1,0,0,1,0,0,0,0,1,0,0,1,0,0,1,1,0,0,0,1,0,1,0.617434
1,0,1,0,0,1,0,1,0,0,1,1,1,0,1,0,1,1,1,0,1,1,0,1,1,1,0,1,0,1,1,1,0.559596
1,0,1,1,0,1,0,1,0,1,0,1,1,0,1,0,0,1,1,1,1,0,0,0,0,1,1,0,1,1,1,1,0.612718
1,1,0,1,0,1,0,0,1,0,1,0,1,0,1,0,0,1,1,0,1,0,1,0,1,1,1,0,0,1,0,1,0.604620
1,1,1,1,0,0,0,1,0,1,1,0,1,1,1,0,0,0,0,1,1,0,0,0,1,1,1,0,0,1,1,1,0.598918
0,1,0,1,1,0,0,1,1,0,1,1,1,1,1,0,0,0,0,0,1,0,1,1,1,0,1,0,0,1,1,1,0.570546
1,0,1,0,1,0,1,0,0,1,1,0,0,1,0,1,1,1,0,0,1,1,0,0,1,0,1,0,0,1,1,0,0.603021
0,0,0,1,0,1,0,0,1,1,0,0,0,1,1,0,0,1,1,0,0,0,1,0,1,1,1,1,1,0,1,0,0.659021
0,0,0,1,1,1,0,1,0,1,0,0,1,1,0,0,1,1,0,1,1,1,1,1,1,0,0,0,0,1,1,0,0.627691
1,1,1,1,1,1,1,1,0,1,0,1,0,1,1,1,0,1,0,0,0,1,0,1,0,0,0,0,1,0,0,0,0.632912
0,1,1,0,0,1,0,1,1,1,0,0,0,1,0,0,0,1,0,1,0,1,0,1,0,1,1,1,1,0,1,1,0.627584
0,1,0,0,1,0,0,1,0,1,0,1,0,0,0,1,1,0,0,0,0,1,1,1,1,0,1,1,0,1,1,0,0.631767
0,0,0,0,0,0,1,0,1,0,1,0,1,1,0,0,1,0,0,0,1,1,1,1,0,1,1,1,0,1,1,1,0.632646
1,0,1,0,0,1,1,1,0,1,1,1,0,0,1,1,0,0,0,0,0,0,0,1,1,0,1,1,1,0,0,0,0.624973
0,0,1,1,0,0,1,1,1,1,0,0,0,0,1,0,1,1,0,1,0,1,0,0,0,1,0,1,0,1,0,0,0.622176
1,0,0,1,1,0,1,0,1,1,1,1,1,0,1,1,0,1,0,0,1,0,0,0,1,0,1,1,0,1,0,0,0.632406
1,0,0,0,1,1,1,1,0,0,0,1,1,0,1,1,0,1,1,1,1,0,1,1,1,0,1,1,0,1,1,0,0.577685
0,1,0,0,1,0,0,1,0,0,0,0,0,1,1,0,0,0,0,1,0,0,1,0,1,0,0,1,1,0,0,0,0.641251
1,0,0,0,1,1,1,0,0,0,0,1,1,0,0,0,0,1,1,1,1,0,0,0,0,1,1,0,0,0,1,1,0.621936
1,0,0,0,0,0,0,1,0,0,0,1,1,1,1,1,1,1,1,1,1,1,0,1,0,0,1,1,1,0,0,0,0.602488
0,1,1,1,1,1,0,1,1,1,1,1,1,1,0,0,0,0,0,0,0,1,0,0,1,0,0,1,0,1,0,1,0.627185
0,1,1,0,1,0,0,0,0,1,1,0,0,1,0,1,0,1,0,0,0,1,1,0,1,0,1,1,0,1,0,1,0.627851
1,1,0,0,0,1,0,0,0,0,0,1,0,0,1,1,1,1,1,0,1,0,0,0,1,1,0,1,1,0,0,0,0.646233
0,0,1,0,1,0,1,1,0,0,1,0,1,1,0,1,1,0,0,1,1,0,1,1,1,0,1,0,1,1,0,0,0.601662
1,1,0,1,0,0,0,0,1,0,0,1,1,1,1,0,1,0,0,0,1,0,0,0,1,0,1,1,1,0,0,0,0.659873
0,0,1,1,0,1,1,0,1,1,1,1,1,1,1,0,0,1,1,0,0,0,1,1,1,0,1,1,0,0,0,1,0.590447
0,0,0,0,0,1,0,1,0,0,0,0,1,0,1,1,0,0,1,0,0,0,0,1,1,0,0,1,1,1,0,1,0.651908
1,0,1,1,1,0,0,0,0,1,0,0,0,0,1,1,0,0,0,1,0,0,1,1,1,0,0,0,0,0,1,0,0.625906
1,0,0,0,0,1,1,0,0,1,0,0,1,1,0,0,1,0,0,1,0,1,1,1,1,0,1,1,0,1,1,1,0.610401
0,0,0,0,0,0,1,0,1,0,0,1,1,0,0,0,0,0,0,1,0,1,0,1,0,0,0,1,1,1,1,0,0.633365
0,1,1,1,0,1,1,1,0,0,1,0,0,1,1,0,1,1,1,0,1,1,0,1,0,0,1,1,0,0,1,0,0.636003
0,1,0,0,0,0,1,0,1,1,0,0,0,0,1,0,1,1,0,1,0,1,1,0,1,1,0,0,0,1,0,1,0.627371
0,0,0,0,1,0,0,1,0,1,1,0,1,0,0,0,0,0,1,0,0,0,0,0,1,1,1,0,0,0,0,1,0.609468
0,0,1,0,1,0,0,1,0,1,0,1,0,0,1,0,1,0,0,0,0,0,0,1,1,1,0,1,1,0,1,1,0.615729
0,1,0,0,1,0,1,1,0,0,0,0,1,0,0,0,1,1,0,1,0,0,0,0,0,0,1,0,0,1,0,0,0.649057
1,1,0,1,1,0,0,1,0,1,0,1,0,1,0,0,1,1,0,0,0,1,1,1,1,0,0,1,1,1,1,0,0.610427
1,1,1,1,0,1,0,1,1,0,0,1,0,0,1,0,0,1,0,1,1,1,1,1,0,0,1,1,1,0,0,0,0.624574
0,1,1,1,1,0,1,1,1,0,1,1,1,1,1,0,0,1,0,0,0,0,1,1,1,1,0,1,0,1,1,1,0.587782
1,1,1,0,1,1,1,1,1,0,0,1,0,0,0,0,1,0,1,0,0,0,1,0,0,0,0,0,1,0,0,0,0.634511
1,1,0,1,1,1,0,0,0,0,1,0,1,0,1,1,1,1,1,1,1,0,0,1,0,1,0,0,1,0,0,1,0.635230
0,0,0,1,1,1,0,1,1,1,0,0,1,1,0,1,1,1,1,0,0,1,1,1,1,0,0,1,1,0,1,1,0.584932
1,0,0,0,0,0,1,1,0,1,0,0,0,1,1,0,0,0,1,0,0,1,0,0,1,0,1,1,0,0,0,0,0.623002
0,0,1,0,0,1,0,0,1,1,1,0,1,1,0,1,0,0,0,1,1,0,1,0,0,0,0,0,0,0,1,1,0.591752
