0,1,1,1,1,1,0,0,0,1,1,1,0,0,1,0,1,1,1,1,0,0,1,1,1,1,1,0,0,0,1,0,0.599824
0,1,0,1,0,0,1,1,1,1,0,0,0,0,0,0,0,1,1,1,0,0,1,1,1,0,1,1,0,1,1,1,0.621297
1,1,0,1,1,0,0,1,0,0,1,0,1,1,0,1,0,0,1,0,0,0,0,0,1,0,1,1,1,1,0,0,0.618793
1,0,1,0,0,1,0,1,0,0,1,1,1,0,1,0,1,1,1,0,1,1,0,1,1,1,0,1,0,1,1,1,0.559090
0,0,0,1,1,1,0,1,1,1,0,0,1,1,0,1,1,1,1,0,0,1,1,1,1,0,0,1,1,0,1,1,0.590074
0,0,0,1,0,1,0,1,1,0,0,0,1,1,0,1,0,0,1,1,0,1,1,0,0,0,0,1,0,0,1,0,0.611520
0,0,1,0,1,1,1,1,0,0,0,0,0,0,1,1,0,0,1,1,0,0,1,1,1,1,1,1,1,0,0,1,0.590793
0,1,0,0,1,0,0,1,0,0,0,0,0,1,1,0,0,0,0,1,0,0,1,0,1,0,0,1,1,0,0,0,0.642503
1,1,1,1,0,0,0,1,0,1,1,0,0,0,0,0,0,1,0,0,1,0,0,1,0,0,1,1,1,1,1,0,0.622229
1,0,0,0,0,1,1,1,0,0,1,0,1,0,0,0,0,1,0,1,1,1,0,1,1,1,0,1,1,1,1,1,0.614397
1,1,0,1,1,0,0,1,0,1,0,1,0,1,0,0,1,1,0,0,0,1,1,1,1,0,0,1,1,1,1,0,0.611040
1,0,0,0,0,1,1,0,0,1,0,0,1,1,0,0,1,0,0,1,0,1,1,1,1,0,1,1,0,1,1,1,0.610507
0,1,0,0,0,0,1,0,1,1,0,0,0,0,1,0,1,1,0,1,0,1,1,0,1,1,0,0,0,1,0,1,0.626705
1,1,0,0,0,1,0,1,1,0,0,1,0,0,0,0,1,0,1,1,0,1,0,0,1,1,1,1,0,0,0,1,0.627531
0,0,1,0,1,1,0,1,1,0,0,1,0,0,0,1,1,0,1,0,1,1,1,1,0,0,0,1,0,1,1,0,0.622975
0,1,1,0,1,1,0,0,0,0,0,0,1,1,1,0,1,0,1,0,0,1,0,0,1,0,1,1,0,1,1,1,0.612878
0,0,1,0,0,1,1,1,0,0,0,0,1,0,1,0,1,1,1,0,1,1,0,0,1,0,0,0,1,0,1,1,0.617354
1,1,0,1,1,0,0,0,1,0,1,0,0,1,0,0,0,0,1,0,1,0,1,0,0,1,0,1,1,1,1,1,0.624361
0,1,1,0,1,0,0,0,0,1,1,0,0,1,0,1,0,1,0,0,0,1,1,0,1,0,1,1,0,1,0,1,0.629129
0,1,0,1,1,1,0,0,0,1,1,1,0,0,0,1,0,1,0,1,0,0,1,1,1,0,1,1,0,1,1,0,0.647751
0,0,0,1,1,1,0,0,1,0,1,1,0,0,1,0,0,1,1,0,0,0,0,0,1,1,1,0,1,1,1,1,0.611493
0,1,0,1,1,1,0,0,0,1,0,0,0,1,1,1,0,1,1,0,1,1,1,1,1,0,0,0,1,0,0,0,0.578032
0,0,0,0,0,0,0,0,1,1,0,0,1,1,1,0,0,1,0,1,0,0,0,1,0,1,0,1,1,0,0,1,0.651135
1,1,0,0,1,0,0,1,1,1,1,1,1,0,0,0,0,1,1,1,0,0,1,0,0,1,1,1,1,1,1,0,0.629662
1,0,1,0,0,0,0,1,1,1,1,1,1,1,1,1,0,0,1,0,1,1,1,0,0,1,1,0,0,0,1,1,0.585997
1,1,0,0,1,1,0,0,1,0,0,0,1,1,0,0,0,1,1,1,0,0,1,1,0,0,1,1,1,0,0,1,0.638827
1,0,0,1,0,1,1,0,1,1,0,0,1,0,0,1,0,1,0,1,0,0,1,0,1,1,0,1,0,1,1,1,0.591326
1,1,1,1,1,1,1,1,1,0,1,1,0,1,0,1,1,1,1,0,1,0,1,1,0,1,0,1,0,0,0,0,0.603581
0,0,1,0,1,1,1,1,1,0,1,0,0,0,0,0,1,0,1,1,0,0,0,1,1,1,0,1,1,1,0,1,0.630435
1,0,1,0,1,1,1,1,1,1,0,0,1,1,1,1,0,0,1,0,0,0,0,0,1,1,1,0,0,1,1,0,0.610134
1,1,1,1,1,0,1,0,1,0,1,1,0,0,0,0,0,1,1,1,0,1,1,0,0,0,0,1,0,0,1,1,0.641651
0,1,1,1,0,1,1,1,0,0,1,0,0,1,1,0,1,1,1,0,1,1,0,1,0,0,1,1,0,0,1,0,0.638054
1,1,0,0,0,1,1,1,0,0,1,0,1,1,0,0,1,0,0,0,0,0,0,1,0,0,1,1,0,1,0,0,0.627211
1,1,0,1,1,0,0,0,1,0,0,0,1,1,1,0,1,0,1,0,1,1,0,0,0,0,1,0,0,0,1,0,0.644714
0,1,1,1,0,0,1,0,0,0,1,0,1,1,0,0,1,1,1,1,1,0,1,0,1,0,1,0,0,0,0,1,0.612665
0,1,0,0,1,0,1,1,0,0,0,0,1,0,0,0,1,1,0,1,0,0,0,0,0,0,1,0,0,1,0,0,0.649563
1,1,0,1,0,1,0,0,0,0,1,0,0,1,0,0,0,0,1,0,0,1,0,0,1,1,0,0,0,1,0,1,0.619778
1,0,1,0,0,0,0,1,0,0,0,0,0,1,0,1,1,1,0,1,1,0,1,1,1,0,1,0,1,0,0,0,0.615782
0,0,1,0,1,1,0,1,0,0,0,0,0,1,0,1,1,0,0,1,1,0,1,0,1,0,1,1,1,1,0,1,0.629449
1,0,1,1,1,0,0,0,0,1,0,0,0,0,1,1,0,0,0,1,0,0,1,1,1,0,0,0,0,0,1,0,0.626252
0,1,1,1,1,1,0,1,1,1,1,1,1,1,0,0,0,0,0,0,0,1,0,0,1,0,0,1,0,1,0,1,0.626678
0,0,0,1,1,0,1,1,0,0,0,0,1,1,1,0,1,0,0,0,1,1,0,0,1,0,1,1,1,1,0,0,0.573583
1,1,1,0,0,0,1,0,1,1,0,0,0,1,1,1,0,1,0,1,0,1,0,1,0,1,0,0,0,1,1,0,0.600144
1,0,1,0,0,1,0,0,0,1,1,1,1,1,0,0,0,1,0,0,1,1,1,0,0,0,1,1,0,1,1,1,0.628623
1,1,0,1,0,0,0,0,1,0,0,1,1,1,1,0,1,0,0,0,1,0,0,0,1,0,1,1,1,0,0,0,0.661871
1,0,0,1,0,0,1,1,0,1,0,0,0,0,0,0,0,1,0,0,1,1,0,0,0,1,1,1,1,1,1,0,0.610374
0,1,0,1,1,0,0,1,1,0,1,1,1,1,1,0,0,0,0,0,1,0,1,1,1,0,1,0,0,1,1,1,0.572757
0,0,1,1,1,0,0,0,1,0,1,1,1,0,1,1,1,0,1,0,0,1,1,1,1,1,0,0,0,0,1,0,0.610401
1,0,0,0,0,0,0,0,1,0,1,0,0,1,0,0,1,1,0,1,0,0,1,1,1,1,0,0,0,0,0,0,0.642184
0,0,1,0,0,1,1,0,1,0,0,0,1,1,0,1,1,0,0,0,1,1,0,0,1,0,1,1,1,0,0,0,0.601023
1,1,0,0,1,0,1,1,1,1,1,1,0,0,0,0,0,0,0,1,0,0,1,1,0,0,1,0,1,0,1,1,0.633605
1,1,0,0,0,1,0,1,1,0,1,0,0,0,1,0,0,1,0,1,0,0,0,0,0,0,0,1,1,0,0,1,0.637521
0,1,0,1,1,1,0,0,0,1,0,0,1,1,1,0,1,0,1,0,1,1,1,1,0,0,0,0,1,1,0,1,0.585118
0,0,0,0,0,0,1,1,1,1,1,0,1,1,1,0,1,0,0,0,0,0,1,0,0,1,1,0,0,1,1,0,0.611520
1,1,1,1,0,0,0,1,0,1,1,0,1,1,1,0,0,0,0,1,1,0,0,0,1,1,1,0,0,1,1,1,0.598279
1,0,1,1,0,1,1,1,1,1,0,0,1,0,0,0,0,0,0,0,1,0,0,0,1,0,1,1,1,0,1,0,0.620844
1,0,0,0,0,1,0,1,1,0,1,1,1,1,1,1,1,1,0,0,0,1,0,1,1,1,1,0,0,1,1,0,0.611413
0,1,1,1,0,1,0,0,0,1,1,1,1,0,1,0,1,0,1,1,0,0,0,1,1,0,1,0,1,0,0,1,0.602621
0,0,1,1,0,1,1,0,0,1,1,1,0,1,0,1,1,1,1,1,1,1,1,1,0,0,0,1,0,0,1,0,0.635257
1,1,1,1,1,1,1,1,0,1,0,1,0,1,1,1,0,1,0,0,0,1,0,1,0,0,0,0,1,0,0,0,0.635017
1,1,1,1,0,0,1,1,0,1,0,0,0,0,1,1,1,1,1,0,1,0,1,0,0,1,1,0,0,1,0,0,0.595721
1,0,1,0,1,0,0,0,0,1,1,0,1,0,1,1,1,0,1,1,1,0,0,1,0,0,1,1,0,1,1,1,0.569187
1,0,0,0,1,1,1,1,0,1,0,1,0,0,1,0,0,1,1,0,0,0,0,1,0,1,0,1,1,1,1,0,0.629156
1,1,1,0,1,1,1,0,0,1,1,1,0,1,0,0,0,1,0,0,0,1,1,1,1,0,1,1,1,0,0,0,0.611520
1,0,1,1,1,1,0,0,0,0,1,1,0,1,1,0,1,1,0,1,1,1,0,0,1,1,0,0,1,0,0,0,0.619112
1,0,1,1,1,0,1,0,0,0,0,0,1,0,0,1,1,1,0,1,1,0,0,0,1,1,1,0,0,1,1,1,0.604433
1,0,1,1,0,1,0,1,0,1,0,1,1,0,1,0,0,1,1,1,1,0,0,0,0,1,1,0,1,1,1,1,0.615143
1,1,0,1,0,1,0,0,1,0,1,0,1,0,1,0,0,1,1,0,1,0,1,0,1,1,1,0,0,1,0,1,0.603554
1,1,0,0,1,1,0,1,0,1,1,0,1,0,1,0,1,0,1,1,1,1,0,1,1,0,0,1,0,1,1,1,0.590340
0,1,1,1,1,0,1,1,1,0,1,1,1,1,1,0,0,1,0,0,0,0,1,1,1,1,0,1,0,1,1,1,0.587889
0,0,0,1,0,1,0,0,1,1,0,0,0,1,1,0,0,1,1,0,0,0,1,0,1,1,1,1,1,0,1,0,0.662111
0,1,1,1,1,1,0,1,0,0,1,1,0,0,1,1,1,1,0,0,0,1,1,1,0,0,0,0,0,0,1,1,0.634351
0,0,1,0,0,1,0,0,1,1,1,0,1,1,0,1,0,0,0,1,1,0,1,0,0,0,0,0,0,0,1,1,0.588981
1,1,1,0,0,1,1,0,1,0,1,1,1,0,1,0,0,0,0,1,1,0,0,1,1,1,0,0,1,1,1,1,0.565617
1,0,0,1,1,0,0,0,0,1,0,0,0,0,0,1,0,0,0,1,0,0,0,1,0,1,0,0,1,0,0,0,0.641944
0,0,0,0,0,0,1,0,1,0,0,1,1,0,0,0,0,0,0,1,0,1,0,1,0,0,0,1,1,1,1,0,0.636056
0,0,1,1,1,0,0,1,1,0,0,1,0,0,1,0,0,0,1,1,0,1,1,1,0,0,1,0,1,0,1,0,0.612585
1,0,0,1,0,1,1,1,1,1,1,1,0,0,1,1,0,0,0,1,1,1,0,1,0,1,1,1,1,1,0,0,0.593777
0,0,1,0,1,0,1,1,0,0,1,0,1,1,0,1,1,0,0,1,1,0,1,1,1,0,1,0,1,1,0,0,0.602222
0,1,1,0,0,0,1,0,1,0,1,0,1,1,0,0,1,0,1,0,1,0,0,1,1,0,0,1,1,1,0,1,0.614583
0,1,1,0,0,1,1,0,0,0,1,1,0,1,0,1,1,1,1,0,0,0,1,0,1,1,0,1,0,1,1,0,0.600810
1,0,1,1,0,0,0,0,0,1,1,0,1,1,0,1,0,0,0,0,0,1,0,1,0,1,1,0,1,0,1,1,0.609495
1,1,0,0,1,0,1,0,0,1,1,1,0,1,1,1,1,1,1,0,0,0,1,0,0,0,1,0,0,0,0,0,0.623348
0,1,1,0,1,0,0,1,1,1,1,1,0,1,0,0,0,1,0,1,1,0,0,0,0,1,1,0,1,0,0,1,0.621590
1,0,0,0,1,1,1,1,1,0,0,0,1,1,0,1,1,0,0,0,1,1,1,1,1,0,0,1,0,0,0,0,0.520221
1,0,0,0,1,1,1,0,0,0,0,1,1,0,0,0,0,1,1,1,1,0,0,0,0,1,1,0,0,0,1,1,0.621910
1,1,1,0,1,1,1,1,1,0,0,1,0,0,0,0,1,0,1,0,0,0,1,0,0,0,0,0,1,0,0,0,0.634937
1,1,0,1,0,0,0,1,0,1,0,0,0,1,0,1,1,0,0,1,1,1,0,0,0,0,0,1,1,0,0,1,0.654465
0,0,1,1,1,1,0,0,1,1,1,1,1,1,0,1,0,0,1,1,0,0,1,0,0,1,0,0,0,0,1,1,0.643382
1,0,0,0,1,1,1,1,0,0,0,1,1,0,1,1,0,1,1,1,1,0,1,1,1,0,1,1,0,1,1,0,0.576167
1,0,0,0,1,1,0,1,0,1,1,0,0,1,1,0,0,1,0,0,0,1,1,0,1,1,0,0,0,0,0,0,0.610427
0,0,1,0,1,1,0,0,1,0,0,0,1,1,0,0,1,0,0,0,0,1,1,1,1,0,0,0,0,0,0,1,0.635310
1,0,0,0,0,0,1,1,0,1,0,0,0,1,1,0,0,0,1,0,0,1,0,0,1,0,1,1,0,0,0,0,0.623348
0,1,1,0,1,1,1,1,1,0,0,1,0,0,1,1,0,0,1,0,0,0,0,0,0,0,0,0,1,1,0,1,0.611573
0,0,0,1,0,0,1,1,0,0,1,0,0,1,1,0,0,0,0,0,0,1,0,1,1,1,1,1,1,0,1,1,0.592578
1,1,0,0,1,1,0,0,0,1,0,1,1,0,1,0,1,0,0,1,0,1,1,0,1,0,0,1,1,0,0,0,0.632593
1,1,0,1,1,1,0,0,0,0,1,0,1,0,1,1,1,1,1,1,1,0,0,1,0,1,0,0,1,0,0,1,0.634351
1,1,0,1,0,0,0,0,0,1,1,1,1,0,0,1,1,1,0,0,0,0,0,1,1,0,1,0,1,0,0,0,0.628676
0,1,1,0,1,1,0,1,0,1,1,1,1,1,0,0,0,0,0,1,0,0,0,1,1,0,0,0,0,1,1,0,0.612505
0,1,1,1,0,1,0,0,1,1,1,1,0,1,1,1,0,0,1,1,0,0,0,1,0,1,0,1,0,1,0,0,0.649110
0,1,1,0,0,1,0,1,1,1,0,0,0,1,0,0,0,1,0,1,0,1,0,1,0,1,1,1,1,0,1,1,0.626385
1,1,0,1,0,0,1,0,1,1,1,1,0,0,1,1,1,0,1,0,0,0,1,1,1,1,0,1,0,1,0,0,0.630914
0,0,0,0,0,0,1,0,1,0,1,0,1,1,0,0,1,0,0,0,1,1,1,1,0,1,1,1,0,1,1,1,0.633685
0,0,0,1,0,0,1,0,1,0,0,1,0,1,1,1,0,1,1,1,0,1,1,1,1,0,1,1,1,0,0,0,0.621164
0,0,1,1,0,1,1,0,1,1,1,1,1,1,1,0,0,1,1,0,0,0,1,1,1,0,1,1,0,0,0,1,0.591166
1,0,0,0,1,0,0,0,1,0,0,0,0,1,0,1,1,1,0,1,0,0,1,1,0,1,1,1,1,0,1,0,0.632113
0,1,0,0,1,0,0,1,0,1,0,1,0,0,0,1,1,0,0,0,0,1,1,1,1,0,1,1,0,1,1,0,0.630115
0,0,1,1,0,1,1,1,0,0,0,1,1,0,0,1,1,0,1,1,1,1,0,1,1,0,0,1,1,1,1,1,0.613837
0,0,0,1,1,1,0,1,0,1,0,0,1,1,0,0,1,1,0,1,1,1,1,1,1,0,0,0,0,1,1,0,0.628383
0,0,1,1,0,0,1,1,1,1,0,0,0,0,1,0,1,1,0,1,0,1,0,0,0,1,0,1,0,1,0,0,0.622682
1,0,0,0,0,0,0,1,0,0,0,1,1,1,1,1,1,1,1,1,1,1,0,1,0,0,1,1,1,0,0,0,0.605259
0,1,1,0,0,0,1,0,1,1,0,1,0,0,1,0,0,1,1,1,1,1,1,0,0,0,0,0,1,0,1,0,0.610907
1,1,0,0,0,1,0,0,0,0,0,1,0,0,1,1,1,1,1,0,1,0,0,0,1,1,0,1,1,0,0,0,0.648178
1,1,0,0,1,1,0,1,1,0,1,0,1,1,0,0,1,0,1,1,1,0,0,1,1,1,0,1,1,1,0,0,0.617834
0,1,0,1,1,0,0,1,1,1,1,0,0,0,0,1,1,1,1,0,1,1,1,0,1,0,0,1,1,1,1,1,0.577233
0,0,0,0,0,1,0,1,0,0,0,0,1,0,1,1,0,0,1,0,0,0,0,1,1,0,0,1,1,1,0,1,0.652440
0,1,1,1,1,0,0,0,0,1,0,1,1,0,1,0,0,1,1,1,0,0,0,0,0,0,1,1,1,1,1,1,0.616661
0,0,1,0,1,0,1,1,1,0,0,1,0,0,1,0,0,1,0,0,1,0,1,1,1,0,1,1,1,1,0,1,0.596254
0,0,1,0,1,0,0,1,0,1,0,1,0,0,1,0,1,0,0,0,0,0,0,1,1,1,0,1,1,0,1,1,0.617034
0,1,0,0,1,1,1,1,1,0,0,1,1,0,1,0,0,0,0,1,0,0,1,0,0,1,0,0,0,1,1,0,0.603714
0,1,1,0,1,0,1,1,1,0,1,0,1,0,0,0,1,0,0,0,1,1,1,0,0,1,1,1,0,0,1,1,0.604513
1,0,1,0,1,0,1,0,0,1,1,0,0,1,0,1,1,1,0,0,1,1,0,0,1,0,1,0,0,1,1,0,0.602222
1,0,1,0,0,1,1,1,0,1,1,1,0,0,1,1,0,0,0,0,0,0,0,1,1,0,1,1,1,0,0,0,0.621883
1,0,0,1,1,0,1,0,1,1,1,1,1,0,1,1,0,1,0,0,1,0,0,0,1,0,1,1,0,1,0,0,0.631341
1,0,1,1,0,1,1,1,1,1,0,1,0,1,1,0,0,0,0,1,1,1,0,0,1,1,1,0,1,1,0,0,0.599638
1,1,1,1,0,1,0,1,1,0,0,1,0,0,1,0,0,1,0,1,1,1,1,1,0,0,1,1,1,0,0,0,0.626199
0,0,0,0,1,0,0,1,0,1,1,0,1,0,0,0,0,0,1,0,0,0,0,0,1,1,1,0,0,0,0,1,0.611173
1,0,1,1,1,0,0,1,0,1,1,0,1,0,1,0,1,1,0,1,1,0,0,0,1,0,0,0,0,1,0,1,0.609974
