0,1,1,1,0,1,0,0,0,1,1,1,1,0,1,0,1,0,1,1,0,0,0,1,1,0,1,0,1,0,0,1,0.602382
0,0,1,1,0,1,1,1,0,0,0,1,1,0,0,1,1,0,1,1,1,1,0,1,1,0,0,1,1,1,1,1,0.612559
1,0,0,0,1,1,1,1,0,1,0,1,0,0,1,0,0,1,1,0,0,0,0,1,0,1,0,1,1,1,1,0,0.627931
0,1,1,1,1,1,0,0,0,1,1,1,0,0,1,0,1,1,1,1,0,0,1,1,1,1,1,0,0,0,1,0,0.599318
1,0,0,1,0,1,1,1,1,1,1,1,0,0,1,1,0,0,0,1,1,1,0,1,0,1,1,1,1,1,0,0,0.594016
1,0,0,0,0,1,1,0,0,1,0,0,1,1,0,0,1,0,0,1,0,1,1,1,1,0,1,1,0,1,1,1,0.610108
1,1,1,1,0,0,0,1,0,1,1,0,0,0,0,0,0,1,0,0,1,0,0,1,0,0,1,1,1,1,1,0,0.621776
0,1,1,1,1,1,0,1,0,0,1,1,0,0,1,1,1,1,0,0,0,1,1,1,0,0,0,0,0,0,1,1,0.633232
1,0,0,0,0,0,0,0,1,0,1,0,0,1,0,0,1,1,0,1,0,0,1,1,1,1,0,0,0,0,0,0,0.640825
0,1,1,1,0,1,1,1,0,0,1,0,0,1,1,0,1,1,1,0,1,1,0,1,0,0,1,1,0,0,1,0,0.637521
1,0,1,1,1,1,0,0,0,0,1,1,0,1,1,0,1,1,0,1,1,1,0,0,1,1,0,0,1,0,0,0,0.616661
1,1,1,1,0,0,0,1,0,1,1,0,1,1,1,0,0,0,0,1,1,0,0,0,1,1,1,0,0,1,1,1,0.598918
0,1,0,1,1,1,0,0,0,1,0,0,1,1,1,0,1,0,1,0,1,1,1,1,0,0,0,0,1,1,0,1,0.584426
0,0,1,1,1,0,0,1,1,0,0,1,0,0,1,0,0,0,1,1,0,1,1,1,0,0,1,0,1,0,1,0,0.610827
1,0,0,0,0,0,0,1,0,0,0,1,1,1,1,1,1,1,1,1,1,1,0,1,0,0,1,1,1,0,0,0,0.604460
0,1,1,0,0,0,1,0,1,1,0,1,0,0,1,0,0,1,1,1,1,1,1,0,0,0,0,0,1,0,1,0,0.610214
1,1,1,0,0,1,1,0,1,0,1,1,1,0,1,0,0,0,0,1,1,0,0,1,1,1,0,0,1,1,1,1,0.566176
1,1,1,1,0,1,0,1,1,0,0,1,0,0,1,0,0,1,0,1,1,1,1,1,0,0,1,1,1,0,0,0,0.624920
1,0,0,1,0,1,1,0,1,1,0,0,1,0,0,1,0,1,0,1,0,0,1,0,1,1,0,1,0,1,1,1,0.588928
0,1,0,0,1,0,0,1,0,0,0,0,0,1,1,0,0,0,0,1,0,0,1,0,1,0,0,1,1,0,0,0,0.642184
0,0,0,0,0,0,0,0,1,1,0,0,1,1,1,0,0,1,0,1,0,0,0,1,0,1,0,1,1,0,0,1,0.649510
0,0,0,1,0,0,1,1,0,0,1,0,0,1,1,0,0,0,0,0,0,1,0,1,1,1,1,1,1,0,1,1,0.593004
1,0,0,0,1,0,0,0,1,0,0,0,0,1,0,1,1,1,0,1,0,0,1,1,0,1,1,1,1,0,1,0,0.631873
0,0,0,1,0,0,1,0,1,0,0,1,0,1,1,1,0,1,1,1,0,1,1,1,1,0,1,1,1,0,0,0,0.620391
1,1,0,1,0,0,0,1,0,1,0,0,0,1,0,1,1,0,0,1,1,1,0,0,0,0,0,1,1,0,0,1,0.654731
0,1,1,0,0,0,1,0,1,0,1,0,1,1,0,0,1,0,1,0,1,0,0,1,1,0,0,1,1,1,0,1,0.616262
0,0,1,1,0,1,1,0,1,1,1,1,1,1,1,0,0,1,1,0,0,0,1,1,1,0,1,1,0,0,0,1,0.591619
0,0,1,1,0,0,1,1,1,1,0,0,0,0,1,0,1,1,0,1,0,1,0,0,0,1,0,1,0,1,0,0,0.622043
0,0,0,1,1,1,0,1,0,1,0,0,1,1,0,0,1,1,0,1,1,1,1,1,1,0,0,0,0,1,1,0,0.628517
1,0,0,0,0,0,1,1,0,1,0,0,0,1,1,0,0,0,1,0,0,1,0,0,1,0,1,1,0,0,0,0,0.623988
0,0,0,1,0,1,0,0,1,1,0,0,0,1,1,0,0,1,1,0,0,0,1,0,1,1,1,1,1,0,1,0,0.663443
0,0,0,1,0,1,0,1,1,0,0,0,1,1,0,1,0,0,1,1,0,1,1,0,0,0,0,1,0,0,1,0,0.611067
0,0,1,0,1,0,0,1,0,1,0,1,0,0,1,0,1,0,0,0,0,0,0,1,1,1,0,1,1,0,1,1,0.617088
0,1,0,0,0,0,1,0,1,1,0,0,0,0,1,0,1,1,0,1,0,1,1,0,1,1,0,0,0,1,0,1,0.627744
1,1,1,1,1,1,1,1,0,1,0,1,0,1,1,1,0,1,0,0,0,1,0,1,0,0,0,0,1,0,0,0,0.634085
0,0,1,0,1,0,1,1,0,0,1,0,1,1,0,1,1,0,0,1,1,0,1,1,1,0,1,0,1,1,0,0,0.600810
1,1,0,0,1,1,0,1,1,0,1,0,1,1,0,0,1,0,1,1,1,0,0,1,1,1,0,1,1,1,0,0,0.617514
1,1,0,0,0,1,0,1,1,0,0,1,0,0,0,0,1,0,1,1,0,1,0,0,1,1,1,1,0,0,0,1,0.627984
0,1,1,1,0,1,0,0,1,1,1,1,0,1,1,1,0,0,1,1,0,0,0,1,0,1,0,1,0,1,0,0,0.647911
0,1,1,0,1,1,1,1,1,0,0,1,0,0,1,1,0,0,1,0,0,0,0,0,0,0,0,0,1,1,0,1,0.609228
0,1,0,1,1,0,0,1,1,0,1,1,1,1,1,0,0,0,0,0,1,0,1,1,1,0,1,0,0,1,1,1,0.571185
0,0,0,0,0,0,1,1,1,1,1,0,1,1,1,0,1,0,0,0,0,0,1,0,0,1,1,0,0,1,1,0,0.610081
0,0,0,0,0,0,1,0,1,0,1,0,1,1,0,0,1,0,0,0,1,1,1,1,0,1,1,1,0,1,1,1,0.634271
0,0,0,1,1,0,1,1,0,0,0,0,1,1,1,0,1,0,0,0,1,1,0,0,1,0,1,1,1,1,0,0,0.570892
0,1,1,0,1,1,0,0,0,0,0,0,1,1,1,0,1,0,1,0,0,1,0,0,1,0,1,1,0,1,1,1,0.612559
1,1,0,1,0,0,1,0,1,1,1,1,0,0,1,1,1,0,1,0,0,0,1,1,1,1,0,1,0,1,0,0,0.630488
0,0,1,1,1,0,0,0,1,0,1,1,1,0,1,1,1,0,1,0,0,1,1,1,1,1,0,0,0,0,1,0,0.611679
1,1,0,0,1,0,1,1,1,1,1,1,0,0,0,0,0,0,0,1,0,0,1,1,0,0,1,0,1,0,1,1,0.636296
1,1,0,1,1,0,0,0,1,0,0,0,1,1,1,0,1,0,1,0,1,1,0,0,0,0,1,0,0,0,1,0,0.642663
1,0,1,1,1,0,0,0,0,1,0,0,0,0,1,1,0,0,0,1,0,0,1,1,1,0,0,0,0,0,1,0,0.625853
1,1,1,1,0,0,1,1,0,1,0,0,0,0,1,1,1,1,1,0,1,0,1,0,0,1,1,0,0,1,0,0,0.595695
1,1,0,0,1,1,0,0,0,1,0,1,1,0,1,0,1,0,0,1,0,1,1,0,1,0,0,1,1,0,0,0,0.635497
1,1,0,1,1,0,0,0,1,0,1,0,0,1,0,0,0,0,1,0,1,0,1,0,0,1,0,1,1,1,1,1,0.623668
1,1,1,0,0,0,1,0,1,1,0,0,0,1,1,1,0,1,0,1,0,1,0,1,0,1,0,0,0,1,1,0,0.600890
0,0,1,1,1,1,0,0,1,1,1,1,1,1,0,1,0,0,1,1,0,0,1,0,0,1,0,0,0,0,1,1,0.643889
1,1,0,1,0,0,0,0,0,1,1,1,1,0,0,1,1,1,0,0,0,0,0,1,1,0,1,0,1,0,0,0,0.627904
0,1,1,1,1,0,1,1,1,0,1,1,1,1,1,0,0,1,0,0,0,0,1,1,1,1,0,1,0,1,1,1,0.587116
1,1,0,0,1,0,1,0,0,1,1,1,0,1,1,1,1,1,1,0,0,0,1,0,0,0,1,0,0,0,0,0,0.622149
1,0,1,0,0,1,0,1,0,0,1,1,1,0,1,0,1,1,1,0,1,1,0,1,1,1,0,1,0,1,1,1,0.559649
1,1,0,1,0,0,0,0,1,0,0,1,1,1,1,0,1,0,0,0,1,0,0,0,1,0,1,1,1,0,0,0,0.661152
1,0,1,1,0,1,0,1,0,1,0,1,1,0,1,0,0,1,1,1,1,0,0,0,0,1,1,0,1,1,1,1,0.615436
0,1,1,0,1,0,0,1,1,1,1,1,0,1,0,0,0,1,0,1,1,0,0,0,0,1,1,0,1,0,0,1,0.623002
0,1,0,0,1,0,0,1,0,1,0,1,0,0,0,1,1,0,0,0,0,1,1,1,1,0,1,1,0,1,1,0,0.631048
1,0,0,0,0,1,0,1,1,0,1,1,1,1,1,1,1,1,0,0,0,1,0,1,1,1,1,0,0,1,1,0,0.610934
1,1,0,0,1,1,0,1,0,1,1,0,1,0,1,0,1,0,1,1,1,1,0,1,1,0,0,1,0,1,1,1,0.590420
1,0,0,1,0,0,1,1,0,1,0,0,0,0,0,0,0,1,0,0,1,1,0,0,0,1,1,1,1,1,1,0,0.609122
1,0,0,1,1,0,1,0,1,1,1,1,1,0,1,1,0,1,0,0,1,0,0,0,1,0,1,1,0,1,0,0,0.631474
0,1,0,0,1,0,1,1,0,0,0,0,1,0,0,0,1,1,0,1,0,0,0,0,0,0,1,0,0,1,0,0,0.649483
1,1,0,1,1,1,0,0,0,0,1,0,1,0,1,1,1,1,1,1,1,0,0,1,0,1,0,0,1,0,0,1,0.634538
1,0,0,1,1,0,0,0,0,1,0,0,0,0,0,1,0,0,0,1,0,0,0,1,0,1,0,0,1,0,0,0,0.642929
1,0,1,0,0,1,0,0,0,1,1,1,1,1,0,0,0,1,0,0,1,1,1,0,0,0,1,1,0,1,1,1,0.629129
1,0,1,0,1,0,0,0,0,1,1,0,1,0,1,1,1,0,1,1,1,0,0,1,0,0,1,1,0,1,1,1,0.569880
0,0,1,1,0,1,1,0,0,1,1,1,0,1,0,1,1,1,1,1,1,1,1,1,0,0,0,1,0,0,1,0,0.632779
1,0,0,0,1,1,1,1,1,0,0,0,1,1,0,1,1,0,0,0,1,1,1,1,1,0,0,1,0,0,0,0,0.520434
1,0,1,1,1,0,0,1,0,1,1,0,1,0,1,0,1,1,0,1,1,0,0,0,1,0,0,0,0,1,0,1,0.610507
1,1,1,1,1,1,1,1,1,0,1,1,0,1,0,1,1,1,1,0,1,0,1,1,0,1,0,1,0,0,0,0,0.603714
1,1,1,0,1,1,1,0,0,1,1,1,0,1,0,0,0,1,0,0,0,1,1,1,1,0,1,1,1,0,0,0,0.613305
0,0,1,0,1,1,1,1,0,0,0,0,0,0,1,1,0,0,1,1,0,0,1,1,1,1,1,1,1,0,0,1,0.589328
0,1,0,1,0,0,1,1,1,1,0,0,0,0,0,0,0,1,1,1,0,0,1,1,1,0,1,1,0,1,1,1,0.618899
0,1,0,1,1,1,0,0,0,1,1,1,0,0,0,1,0,1,0,1,0,0,1,1,1,0,1,1,0,1,1,0,0.646046
1,0,0,0,1,1,1,0,0,0,0,1,1,0,0,0,0,1,1,1,1,0,0,0,0,1,1,0,0,0,1,1,0.621750
1,0,1,1,0,1,1,1,1,1,0,1,0,1,1,0,0,0,0,1,1,1,0,0,1,1,1,0,1,1,0,0,0.601156
1,0,1,0,1,1,1,1,1,1,0,0,1,1,1,1,0,0,1,0,0,0,0,0,1,1,1,0,0,1,1,0,0.610614
1,0,1,0,0,0,0,1,0,0,0,0,0,1,0,1,1,1,0,1,1,0,1,1,1,0,1,0,1,0,0,0,0.616368
1,1,0,1,1,0,0,1,0,1,0,1,0,1,0,0,1,1,0,0,0,1,1,1,1,0,0,1,1,1,1,0,0.610614
1,0,0,0,0,1,1,1,0,0,1,0,1,0,0,0,0,1,0,1,1,1,0,1,1,1,0,1,1,1,1,1,0.614024
1,0,1,0,0,1,1,1,0,1,1,1,0,0,1,1,0,0,0,0,0,0,0,1,1,0,1,1,1,0,0,0,0.622682
0,0,1,0,1,1,1,1,1,0,1,0,0,0,0,0,1,0,1,1,0,0,0,1,1,1,0,1,1,1,0,1,0.627957
1,0,1,1,0,0,0,0,0,1,1,0,1,1,0,1,0,0,0,0,0,1,0,1,0,1,1,0,1,0,1,1,0.608882
0,0,1,0,0,1,1,0,1,0,0,0,1,1,0,1,1,0,0,0,1,1,0,0,1,0,1,1,1,0,0,0,0.600410
0,1,1,1,1,0,0,0,0,1,0,1,1,0,1,0,0,1,1,1,0,0,0,0,0,0,1,1,1,1,1,1,0.615196
0,0,1,0,1,1,0,0,1,0,0,0,1,1,0,0,1,0,0,0,0,1,1,1,1,0,0,0,0,0,0,1,0.636322
0,1,1,0,0,1,0,1,1,1,0,0,0,1,0,0,0,1,0,1,0,1,0,1,0,1,1,1,1,0,1,1,0.625932
1,1,0,0,0,1,0,1,1,0,1,0,0,0,1,0,0,1,0,1,0,0,0,0,0,0,0,1,1,0,0,1,0.636988
0,1,0,1,1,1,0,0,0,1,0,0,0,1,1,1,0,1,1,0,1,1,1,1,1,0,0,0,1,0,0,0,0.577579
0,0,0,1,1,1,0,0,1,0,1,1,0,0,1,0,0,1,1,0,0,0,0,0,1,1,1,0,1,1,1,1,0.611386
0,1,1,0,1,0,0,0,0,1,1,0,0,1,0,1,0,1,0,0,0,1,1,0,1,0,1,1,0,1,0,1,0.628543
1,1,0,0,1,0,0,1,1,1,1,1,1,0,0,0,0,1,1,1,0,0,1,0,0,1,1,1,1,1,1,0,0.632806
0,0,0,0,1,0,0,1,0,1,1,0,1,0,0,0,0,0,1,0,0,0,0,0,1,1,1,0,0,0,0,1,0.611839
1,1,0,0,0,1,1,1,0,0,1,0,1,1,0,0,1,0,0,0,0,0,0,1,0,0,1,1,0,1,0,0,0.627797
1,0,1,0,1,0,1,0,0,1,1,0,0,1,0,1,1,1,0,0,1,1,0,0,1,0,1,0,0,1,1,0,0.602275
1,1,0,1,0,1,0,0,0,0,1,0,0,1,0,0,0,0,1,0,0,1,0,0,1,1,0,0,0,1,0,1,0.618846
0,0,0,0,0,1,0,1,0,0,0,0,1,0,1,1,0,0,1,0,0,0,0,1,1,0,0,1,1,1,0,1,0.652280
1,1,0,1,1,0,0,1,0,0,1,0,1,1,0,1,0,0,1,0,0,0,0,0,1,0,1,1,1,1,0,0,0.619059
0,1,0,1,1,0,0,1,1,1,1,0,0,0,0,1,1,1,1,0,1,1,1,0,1,0,0,1,1,1,1,1,0.577605
0,1,1,1,0,0,1,0,0,0,1,0,1,1,0,0,1,1,1,1,1,0,1,0,1,0,1,0,0,0,0,1,0.611520
0,0,1,0,1,0,1,1,1,0,0,1,0,0,1,0,0,1,0,0,1,0,1,1,1,0,1,1,1,1,0,1,0.596494
0,0,0,0,0,0,1,0,1,0,0,1,1,0,0,0,0,0,0,1,0,1,0,1,0,0,0,1,1,1,1,0,0.635577
1,0,1,0,0,0,0,1,1,1,1,1,1,1,1,1,0,0,1,0,1,1,1,0,0,1,1,0,0,0,1,1,0.587090
1,0,0,0,1,1,0,1,0,1,1,0,0,1,1,0,0,1,0,0,0,1,1,0,1,1,0,0,0,0,0,0,0.610161
0,0,1,0,0,1,0,0,1,1,1,0,1,1,0,1,0,0,0,1,1,0,1,0,0,0,0,0,0,0,1,1,0.589674
0,0,1,0,0,1,1,1,0,0,0,0,1,0,1,0,1,1,1,0,1,1,0,0,1,0,0,0,1,0,1,1,0.615223
0,1,1,0,0,1,1,0,0,0,1,1,0,1,0,1,1,1,1,0,0,0,1,0,1,1,0,1,0,1,1,0,0.600970
1,0,1,1,0,1,1,1,1,1,0,0,1,0,0,0,0,0,0,0,1,0,0,0,1,0,1,1,1,0,1,0,0.620125
1,1,0,0,1,1,0,0,1,0,0,0,1,1,0,0,0,1,1,1,0,0,1,1,0,0,1,1,1,0,0,1,0.638294
0,1,1,0,1,0,1,1,1,0,1,0,1,0,0,0,1,0,0,0,1,1,1,0,0,1,1,1,0,0,1,1,0.603954
1,0,0,0,1,1,1,1,0,0,0,1,1,0,1,1,0,1,1,1,1,0,1,1,1,0,1,1,0,1,1,0,0.576966
1,0,1,1,1,0,1,0,0,0,0,0,1,0,0,1,1,1,0,1,1,0,0,0,1,1,1,0,0,1,1,1,0.603101
0,0,0,1,1,1,0,1,1,1,0,0,1,1,0,1,1,1,1,0,0,1,1,1,1,0,0,1,1,0,1,1,0.587889
1,1,1,0,1,1,1,1,1,0,0,1,0,0,0,0,1,0,1,0,0,0,1,0,0,0,0,0,1,0,0,0,0.636083
0,1,1,0,1,1,0,1,0,1,1,1,1,1,0,0,0,0,0,1,0,0,0,1,1,0,0,0,0,1,1,0,0.611386
1,1,0,1,0,1,0,0,1,0,1,0,1,0,1,0,0,1,1,0,1,0,1,0,1,1,1,0,0,1,0,1,0.604620
1,1,1,1,1,0,1,0,1,0,1,1,0,0,0,0,0,1,1,1,0,1,1,0,0,0,0,1,0,0,1,1,0.641997
0,1,1,1,1,1,0,1,1,1,1,1,1,1,0,0,0,0,0,0,0,1,0,0,1,0,0,1,0,1,0,1,0.627478
1,1,0,0,0,1,0,0,0,0,0,1,0,0,1,1,1,1,1,0,1,0,0,0,1,1,0,1,1,0,0,0,0.647165
0,0,1,0,1,1,0,1,0,0,0,0,0,1,0,1,1,0,0,1,1,0,1,0,1,0,1,1,1,1,0,1,0.628703
0,0,1,0,1,1,0,1,1,0,0,1,0,0,0,1,1,0,1,0,1,1,1,1,0,0,0,1,0,1,1,0,0.623828
0,1,0,0,1,1,1,1,1,0,0,1,1,0,1,0,0,0,0,1,0,0,1,0,0,1,0,0,0,1,1,0,0.603980
