0,1,0,1,1,0,1,0,0,1,0,1,0,0,1,0,0,0,0,1,0,0,1,0,0,0,0,0,0,0,0,0,0.573103
1,1,1,1,1,1,1,1,1,0,0,0,1,0,0,0,1,0,0,0,1,0,0,0,0,0,1,0,1,0,1,0,0.537298
0,1,1,0,0,0,1,1,0,0,0,0,1,1,1,0,1,1,1,0,0,1,1,0,1,1,1,0,0,1,1,1,0.640985
1,0,1,0,0,0,1,1,0,0,0,1,0,1,1,0,1,0,1,1,1,0,1,1,1,0,0,0,0,1,0,0,0.594709
0,1,1,0,0,0,1,0,1,0,1,0,1,1,1,0,1,0,0,0,0,0,1,0,1,1,1,0,0,0,0,0,0.613811
0,0,1,1,0,1,0,1,0,1,1,1,1,1,0,0,0,0,1,0,0,1,0,0,1,0,1,0,0,0,1,0,0.630062
0,1,1,1,0,0,0,0,0,0,1,1,1,0,0,1,0,0,0,1,1,1,1,0,0,0,0,0,1,0,1,0,0.590340
0,0,1,0,1,1,1,0,1,0,1,0,0,0,0,1,1,1,0,1,1,0,0,0,0,1,0,0,0,0,1,0,0.615303
1,1,1,1,0,0,0,0,1,1,1,1,1,0,0,1,0,1,1,0,1,0,1,1,1,0,0,0,0,0,1,0,0.614956
1,0,1,0,1,0,0,1,0,0,0,1,0,0,0,0,1,1,0,1,1,1,0,0,1,0,0,1,1,1,0,0,0.605818
1,0,0,0,0,1,0,1,0,0,1,0,1,0,1,1,1,0,1,1,0,1,0,1,1,0,1,1,1,0,0,0,0.617008
1,1,1,0,0,1,1,1,1,1,0,1,0,0,0,1,1,0,0,1,0,0,0,0,1,1,0,0,0,1,0,0,0.640772
1,1,0,1,0,1,1,1,0,1,1,0,0,0,1,1,1,0,0,0,0,0,0,0,0,0,0,0,1,1,1,0,0.623455
1,0,1,1,1,0,0,1,1,0,1,1,0,0,1,0,0,0,0,0,0,1,0,0,1,0,0,1,0,1,0,0,0.603980
0,0,0,1,1,1,1,0,1,1,0,1,0,0,1,0,1,1,0,1,1,0,0,1,0,1,0,1,1,1,1,1,0.629396
0,0,1,1,1,1,1,0,0,1,1,0,0,0,0,1,1,0,0,0,0,1,0,0,0,1,0,0,1,0,1,1,0.602648
1,0,0,1,0,1,1,0,1,0,0,1,0,1,0,1,1,0,1,1,0,0,1,1,1,0,0,0,0,1,1,0,0.614690
0,1,1,0,1,1,0,1,0,0,1,0,0,0,0,0,0,1,1,1,1,0,1,0,0,1,1,0,1,1,0,1,0.643782
0,1,0,1,1,0,0,0,1,0,1,0,0,1,1,0,1,1,1,1,1,1,0,0,1,0,0,0,1,1,1,1,0.631287
1,1,0,1,1,1,0,1,1,0,0,1,1,0,0,1,0,0,0,1,1,0,0,1,1,0,0,0,0,1,1,0,0.575741
0,0,1,0,1,1,0,0,1,0,0,0,0,1,0,0,0,1,1,0,0,1,0,0,1,0,0,0,1,1,1,0,0.602941
1,0,0,0,0,1,1,1,1,0,1,0,1,0,1,1,1,1,0,0,0,0,1,0,0,1,0,1,1,0,1,1,0.604460
0,0,1,1,0,0,0,0,1,0,0,1,1,1,0,1,1,0,0,0,1,0,0,0,1,0,0,0,0,0,1,0,0.594256
1,1,0,1,1,1,1,1,0,1,0,0,1,0,1,0,1,1,0,1,1,1,1,1,1,0,0,1,0,0,1,0,0.565937
1,1,1,1,0,1,1,1,0,0,1,0,0,0,1,1,0,1,0,1,0,1,0,1,0,1,1,1,1,0,0,0,0.649137
1,1,0,1,1,1,0,0,0,1,0,0,0,0,0,0,1,0,0,1,1,1,0,0,1,0,1,0,1,0,0,0,0.601103
1,1,0,0,0,0,0,1,1,1,0,1,0,0,1,0,0,1,1,0,1,0,0,1,1,0,0,1,0,1,1,1,0.614823
0,1,1,0,0,1,1,1,0,1,0,1,1,0,1,0,0,1,1,1,1,1,1,0,1,0,0,0,0,1,0,1,0.616075
1,1,0,1,1,1,0,1,0,1,0,1,0,0,1,1,0,0,1,1,1,1,0,1,1,1,1,0,1,1,0,0,0.653053
1,1,1,0,0,0,0,0,0,0,1,0,0,1,0,0,1,0,0,0,1,1,1,1,1,1,1,0,1,1,1,0,0.635390
1,0,0,0,1,1,0,1,1,1,0,0,1,1,0,1,0,0,1,1,1,1,1,1,1,1,1,1,1,1,0,0,0.680254
1,0,0,0,1,1,1,0,0,0,1,1,1,0,1,1,1,0,0,0,1,0,0,0,0,0,1,1,0,1,0,1,0.571798
0,0,0,0,1,1,1,0,0,1,1,1,1,1,1,0,1,0,1,0,0,0,1,1,0,1,1,0,1,0,1,0,0.612718
1,0,0,1,1,1,1,1,1,0,1,1,0,0,0,1,0,0,0,0,0,0,0,1,1,0,0,0,0,1,0,0,0.590153
1,0,0,1,1,1,0,0,0,0,1,1,1,1,1,0,0,1,1,1,1,0,1,0,0,0,1,1,1,0,0,0,0.627424
1,0,1,1,0,1,0,0,0,1,0,0,1,0,1,1,0,1,1,0,0,1,1,0,1,0,1,0,0,1,1,1,0.600597
1,1,1,1,1,1,1,1,0,0,0,0,1,1,1,0,0,0,0,0,1,0,0,0,0,0,0,1,0,1,1,0,0.516597
1,0,1,1,0,1,0,0,1,1,1,0,0,1,1,0,1,0,1,0,1,1,0,1,1,0,1,0,1,0,1,0,0.642716
1,1,0,1,0,0,0,1,1,0,1,0,1,1,0,0,0,1,1,0,0,1,1,0,0,0,1,0,1,0,1,0,0.600837
1,1,1,1,0,0,0,0,0,1,1,0,1,1,0,0,0,0,0,1,0,1,1,1,1,1,1,1,1,0,0,1,0.639919
0,1,0,1,0,0,1,0,1,0,1,0,1,0,0,1,0,0,0,0,0,1,1,1,1,0,0,0,1,0,1,0,0.597879
1,0,1,0,0,0,0,0,1,0,0,1,0,0,1,1,0,1,0,0,0,1,0,0,0,0,1,0,0,0,1,1,0.612852
1,1,1,1,1,1,1,0,1,1,1,0,1,0,0,0,1,1,1,1,0,1,0,1,0,0,1,1,1,0,1,0,0.641358
0,1,0,1,0,0,1,1,1,0,1,0,1,0,0,0,1,0,1,1,0,1,0,1,1,0,0,1,0,1,0,0,0.620551
0,1,1,0,1,0,0,0,0,0,0,1,0,0,0,0,0,1,1,0,1,1,1,1,0,0,0,0,0,1,1,1,0.627717
1,0,1,0,1,1,1,1,0,0,1,1,0,1,1,0,0,1,0,1,1,1,0,0,0,1,1,1,1,1,0,0,0.649536
0,0,0,0,0,0,1,0,0,0,0,1,0,1,0,1,0,1,1,1,0,0,1,0,1,1,0,0,0,0,1,1,0.618127
1,1,0,0,1,1,0,0,1,1,0,1,1,0,0,0,0,0,1,1,1,0,1,1,1,1,1,1,0,1,1,1,0.656197
0,0,0,1,0,1,0,1,1,1,0,1,1,1,1,1,0,0,1,0,1,0,0,1,0,0,0,0,0,1,1,1,0.632593
0,1,1,0,0,1,0,0,0,1,0,1,1,0,0,1,1,0,0,0,0,1,1,1,1,0,0,0,0,0,0,1,0.605792
1,1,1,1,1,0,1,0,0,0,0,0,0,1,0,1,1,0,1,1,1,0,1,1,1,0,0,0,1,1,0,0,0.606191
0,1,0,1,1,0,0,1,0,0,1,1,1,1,0,1,0,0,1,1,1,0,0,0,0,0,0,1,1,1,1,0,0.594363
1,0,1,1,0,0,1,0,1,0,1,0,1,1,1,0,1,1,1,1,0,0,0,0,0,0,1,1,0,1,0,0,0.626465
1,0,1,0,1,1,1,1,0,1,0,1,0,1,1,1,1,0,1,1,0,0,0,0,0,1,1,1,0,0,1,0,0.606538
1,0,0,0,0,0,1,1,1,0,0,1,0,1,1,0,1,0,1,0,0,0,0,0,0,0,0,0,0,0,0,1,0.588955
0,0,0,1,0,0,0,1,1,0,0,0,1,1,1,1,1,0,1,1,1,0,0,0,0,1,0,1,1,0,1,0,0.594150
1,1,1,0,0,0,0,1,1,0,1,0,0,1,1,0,0,0,1,0,0,0,1,0,1,0,1,0,1,0,0,0,0.594336
0,1,0,0,1,1,1,1,1,1,1,1,0,1,0,0,0,1,0,1,0,1,1,1,1,1,0,1,0,0,1,1,0.644475
1,1,1,0,1,1,0,0,1,1,0,0,0,1,0,0,0,0,0,1,1,0,1,1,0,0,1,1,1,1,1,1,0.631953
1,1,0,1,0,1,1,1,0,1,1,1,0,1,0,1,1,0,1,1,1,0,1,0,0,0,1,0,1,0,1,0,0.621990
1,0,0,1,1,1,0,0,0,0,0,1,0,1,1,1,0,0,0,0,0,0,0,1,1,0,1,0,0,0,0,0,0.538416
1,0,1,0,1,0,0,1,0,1,0,0,1,1,0,0,1,1,0,1,1,1,0,1,0,0,0,0,1,1,1,1,0.628570
1,0,1,0,0,0,1,0,0,1,0,1,0,1,1,0,0,1,0,0,1,1,0,1,0,1,1,0,0,1,1,0,0.623881
1,1,0,0,1,0,0,0,0,1,1,1,1,1,1,1,0,0,0,0,0,1,0,1,1,1,0,1,1,1,1,0,0.639146
0,0,0,1,0,1,0,0,1,0,1,1,0,0,1,0,1,1,0,1,0,0,0,0,0,1,0,1,1,0,0,1,0.588475
0,0,0,1,1,0,0,1,1,1,0,1,1,0,1,1,0,0,1,1,1,1,1,0,1,0,0,0,0,0,0,1,0.613012
1,1,1,0,1,1,0,1,0,0,0,1,0,0,1,0,1,0,0,0,1,0,0,0,1,0,1,1,0,0,1,1,0.610827
0,0,1,0,0,1,1,0,0,0,0,1,0,1,0,1,1,1,1,0,0,1,0,0,0,0,1,0,0,1,1,1,0.608376
0,0,1,0,0,1,1,1,1,1,1,1,1,0,1,1,0,0,1,0,0,0,1,0,0,0,1,0,1,0,1,1,0.608323
0,0,0,1,0,0,1,0,1,0,1,1,1,1,0,0,1,0,0,0,1,0,1,1,1,1,1,1,1,0,0,0,0.666107
0,0,0,1,1,1,1,0,1,0,0,0,1,1,1,1,0,1,1,0,1,1,0,1,1,0,1,1,0,0,0,1,0.617780
1,1,1,0,0,1,0,0,0,1,1,1,0,1,1,1,0,0,1,1,0,0,0,1,1,0,1,0,0,0,0,0,0.631421
1,1,0,0,0,0,0,0,1,0,0,1,0,1,0,0,1,0,1,1,1,0,0,1,1,0,1,1,1,1,0,1,0.604300
1,0,1,0,0,0,1,1,1,0,0,0,1,1,0,1,0,0,0,0,1,1,0,0,0,1,0,0,1,0,0,0,0.599211
0,0,1,0,1,0,0,0,0,0,1,0,0,0,0,0,1,1,1,1,0,0,1,1,0,0,1,1,0,1,0,0,0.614876
0,1,1,0,1,1,0,0,0,0,1,0,0,0,1,1,1,1,0,0,1,1,0,1,0,1,1,0,1,0,1,0,0.608616
0,1,0,1,1,0,1,1,0,1,0,1,1,1,0,0,0,0,1,1,0,0,1,1,1,0,0,0,1,0,0,0,0.614663
0,0,1,1,0,0,1,1,0,0,0,0,0,0,0,1,1,0,1,1,0,1,0,0,1,0,1,1,1,0,1,0,0.611973
1,1,1,0,1,0,1,0,1,1,0,0,1,0,1,0,1,1,1,0,0,0,0,1,0,0,0,1,0,1,0,1,0.611706
0,1,0,1,0,0,0,0,0,1,0,0,0,1,1,1,0,1,0,0,0,1,1,1,1,0,0,0,1,1,0,1,0.574142
1,0,0,0,1,0,1,0,0,1,1,0,0,1,0,1,0,1,1,1,0,0,0,1,1,1,0,1,0,0,1,1,0.605312
0,1,0,1,0,1,0,0,1,0,0,0,1,1,1,0,0,1,1,0,1,0,1,1,0,1,1,1,0,1,1,1,0.659474
0,0,0,1,0,1,0,1,0,1,0,1,0,0,0,1,0,0,1,1,1,1,1,0,1,1,1,1,0,0,0,1,0.611147
0,0,1,0,0,0,0,1,1,1,1,0,0,0,1,1,0,1,1,1,1,0,1,1,0,0,1,0,0,1,0,0,0.645141
0,1,0,1,1,1,1,0,0,0,0,1,1,0,0,0,0,0,1,0,0,1,0,0,1,1,0,0,1,1,0,1,0.608562
1,1,0,0,0,1,1,1,1,0,0,0,0,1,1,1,0,0,0,1,0,1,0,0,0,1,1,0,1,1,0,0,0.627478
1,1,0,0,0,1,1,1,0,0,0,0,0,0,0,1,0,0,1,0,0,1,1,1,1,1,1,1,1,0,0,0,0.602515
0,0,1,0,0,1,1,0,0,0,1,0,1,1,0,0,1,1,0,1,0,1,0,1,0,1,1,0,1,1,0,1,0.624707
1,1,1,0,0,0,1,0,1,1,0,0,1,1,0,0,0,1,0,0,1,1,1,1,1,0,1,1,0,1,0,1,0.643516
0,1,1,1,1,0,1,1,0,1,1,0,1,0,0,0,1,1,1,0,0,1,0,0,1,0,1,0,1,0,0,0,0.625959
1,1,0,0,0,1,1,1,0,1,1,0,0,0,0,0,0,0,0,1,0,0,1,0,0,0,0,1,0,1,1,0,0.594256
0,0,1,0,1,1,0,1,1,1,1,0,1,1,1,0,0,1,0,0,0,0,1,0,1,0,1,1,0,0,0,0,0.620418
1,0,1,0,0,1,1,1,0,1,0,0,1,0,1,0,0,1,1,0,1,0,0,0,1,1,0,1,1,1,1,0,0.630621
1,1,1,1,1,0,0,1,1,0,1,0,1,1,0,0,0,0,1,0,1,1,0,1,0,0,0,0,1,0,0,1,0.607390
0,1,1,0,0,1,1,1,0,0,0,1,0,0,1,1,1,0,0,1,0,1,0,0,1,0,0,0,1,1,1,1,0.599132
0,0,1,0,0,1,0,1,1,1,0,1,0,1,1,0,0,0,0,0,0,0,1,0,0,1,0,0,1,0,0,1,0.590553
1,0,0,1,1,1,0,0,1,1,0,0,0,0,0,1,1,0,1,1,1,1,0,0,0,1,1,1,1,0,0,0,0.623268
0,0,0,1,1,1,0,0,1,1,1,1,1,1,1,0,0,0,1,0,1,0,0,1,1,0,0,0,0,1,1,0,0.603474
1,1,1,0,0,1,0,0,1,1,0,0,0,0,1,0,1,0,1,1,1,1,1,0,0,0,0,0,1,0,1,1,0.615090
0,1,0,0,1,0,0,0,1,0,0,1,1,0,0,0,0,0,1,0,0,1,0,1,1,1,0,1,1,1,0,0,0.635337
1,0,1,1,0,1,1,1,0,0,1,1,0,0,1,0,0,0,1,1,1,1,0,1,0,1,0,0,0,0,1,0,0.609175
0,0,1,0,0,0,0,0,0,0,0,0,0,0,0,0,0,0,1,1,1,1,1,0,0,1,1,1,1,1,1,1,0.571771
1,1,0,1,1,1,0,1,0,0,1,1,1,1,1,1,1,1,1,1,1,1,1,0,0,0,0,0,1,1,0,1,0.615622
0,1,1,0,0,0,0,1,1,1,0,0,1,1,1,1,0,1,0,0,1,0,0,0,0,0,0,0,1,1,1,1,0.608403
0,1,0,1,1,1,0,1,1,1,0,0,1,0,0,0,1,0,1,1,0,0,0,1,1,0,1,1,1,1,1,0,0.622496
1,0,0,0,1,1,0,1,0,0,0,1,1,0,1,1,1,1,1,0,0,1,1,1,0,1,1,1,1,1,1,0,0.632912
0,1,1,1,1,0,1,0,1,1,0,0,0,0,0,1,1,1,0,0,0,0,0,0,0,1,0,0,0,1,0,1,0.634831
0,0,0,1,1,1,1,0,0,0,0,0,1,1,0,1,0,1,1,1,1,1,1,0,0,1,0,0,0,0,0,1,0.599824
1,1,1,1,0,0,1,0,0,0,1,1,1,0,0,1,1,1,0,1,0,1,0,0,0,0,1,0,1,1,0,1,0.624760
0,0,1,1,0,1,1,0,0,1,0,0,0,1,0,0,1,1,1,0,0,1,0,0,0,1,0,1,0,1,1,0,0.621190
0,1,1,1,1,0,1,0,0,0,0,1,0,1,1,1,1,1,0,0,1,1,1,0,0,0,1,0,0,1,0,1,0.627691
1,0,1,1,0,0,0,1,1,1,0,1,0,1,0,1,0,1,0,1,0,1,1,0,0,0,0,0,0,1,0,0,0.606085
1,1,1,1,0,1,1,1,0,1,0,0,1,1,0,0,0,0,0,1,1,0,1,0,0,1,0,1,1,0,0,1,0.630009
0,0,0,0,1,1,0,1,0,1,0,1,0,1,1,1,0,1,0,1,0,1,0,1,1,1,1,0,0,1,0,1,0.659953
1,0,0,0,0,0,1,0,0,0,0,0,1,1,0,0,1,1,1,1,0,1,0,1,1,1,1,1,1,1,0,0,0.622016
0,0,0,1,1,0,1,0,0,0,0,1,0,1,0,0,0,1,1,0,1,1,0,0,1,1,1,1,0,1,1,0,0.617674
1,1,1,0,1,1,1,0,0,1,0,0,0,1,1,0,1,1,0,1,1,1,0,1,0,0,0,0,0,1,1,1,0.626332
1,0,1,0,0,0,0,0,1,0,1,0,1,1,0,1,1,0,1,0,0,1,0,0,0,0,0,0,1,1,0,1,0.608163
1,1,1,1,1,1,0,0,1,0,0,1,1,0,0,1,0,0,0,0,0,1,0,0,1,0,0,1,0,0,1,0,0.593883
0,0,0,0,0,1,0,0,1,1,0,0,0,0,0,1,1,0,1,0,0,1,0,0,1,1,0,0,0,0,0,1,0.576646
0,1,0,0,1,0,1,1,0,0,1,0,0,0,0,1,0,0,1,0,1,0,0,0,0,0,0,0,0,0,1,1,0.585944
0,0,0,1,1,0,0,1,0,1,1,1,0,1,0,0,0,0,1,0,0,1,1,0,1,1,0,0,0,0,0,0,0.549659
0,1,1,0,0,1,1,1,1,0,1,1,1,0,0,0,0,0,0,0,1,1,1,1,0,1,1,0,0,1,1,0,0.626838
0,1,1,0,1,0,1,1,1,0,1,1,1,1,1,0,1,1,0,0,1,1,1,1,0,0,0,0,1,1,1,1,0.584212
0,0,1,0,1,1,0,0,1,0,0,0,1,1,0,1,0,0,0,0,1,1,1,1,0,0,1,0,1,1,0,0,0.575714
0,1,1,0,1,0,1,0,1,1,0,1,1,0,0,0,1,1,0,0,0,1,0,0,1,1,0,1,0,0,0,0,0.612612
0,1,1,0,1,0,0,1,0,0,0,1,1,1,1,1,0,0,0,0,0,0,1,0,1,0,0,0,1,1,1,1,0.553922
0,0,0,1,1,0,0,1,0,0,0,0,1,1,1,1,1,1,0,0,1,1,1,0,1,1,1,0,1,1,0,1,0.642743
