1,1,1,1,0,1,1,1,0,1,1,0,1,0,0,1,1,1,0,1,1,1,0,0,0,1,0,0,0,0,0,0,0.614157
1,1,1,1,0,0,0,0,0,1,0,0,1,1,1,0,1,1,0,1,0,0,0,0,0,1,1,0,1,1,0,0,0.605312
1,0,1,0,1,1,0,1,0,1,1,0,0,1,1,0,0,0,0,0,0,1,0,1,1,1,0,0,0,0,1,1,0.604087
0,1,1,1,1,0,0,0,0,1,1,1,1,1,0,1,0,1,1,0,0,0,0,1,0,1,0,0,0,1,1,1,0.600837
0,1,0,1,1,1,1,1,0,1,1,0,1,1,1,0,1,1,1,1,1,0,0,1,0,1,0,0,0,1,1,0,0.618313
1,0,0,1,0,0,0,0,1,0,1,1,0,0,0,1,1,1,1,1,0,1,1,0,1,0,0,0,0,0,1,0,0.635763
1,0,1,0,0,0,1,0,1,1,1,1,1,0,0,0,0,1,0,1,1,0,1,0,0,1,0,1,0,1,1,0,0.620471
0,0,0,0,0,0,1,1,0,0,0,1,1,1,1,1,1,0,1,1,1,0,0,0,0,1,1,0,0,1,1,0,0.731405
0,1,1,1,0,0,0,1,1,1,1,1,0,1,0,1,1,0,0,0,1,0,1,1,1,1,1,1,1,0,0,0,0.577366
1,0,1,1,0,1,0,0,0,1,1,0,0,0,0,0,1,1,0,1,1,0,1,1,1,0,0,1,0,1,1,0,0.587409
1,0,1,1,1,1,1,1,0,0,1,0,1,1,0,1,0,0,1,1,1,0,0,1,0,1,1,0,1,1,0,1,0.530664
1,0,1,0,0,0,1,0,1,0,0,0,0,1,1,1,1,0,1,0,0,1,1,1,0,1,0,0,1,1,1,1,0.579257
0,0,1,1,0,1,0,0,0,0,0,1,1,1,1,0,0,0,1,0,1,1,1,0,0,0,0,1,1,1,1,1,0.680840
0,1,0,0,0,0,0,1,0,1,1,0,1,1,1,0,1,1,0,0,1,1,1,0,0,0,0,0,0,1,1,0,0.634937
1,0,1,1,1,1,1,0,1,0,0,1,1,0,1,0,1,0,1,0,0,1,0,1,0,0,0,0,0,1,1,0,0.592871
0,1,1,0,0,1,0,0,1,0,1,1,0,0,1,1,1,0,0,1,0,1,1,1,0,0,0,0,0,0,1,1,0.602835
1,0,0,0,0,1,0,0,0,1,0,0,1,0,0,0,1,0,0,1,1,0,0,1,1,1,1,0,0,0,1,1,0.645540
1,0,0,1,0,1,0,1,1,1,0,0,0,1,1,1,0,1,0,0,0,0,1,1,1,0,1,1,0,1,1,1,0.561967
0,1,0,1,0,0,0,0,0,1,1,1,1,0,0,1,1,1,0,1,1,0,1,0,0,0,0,0,0,1,0,0,0.642743
1,0,0,1,1,1,0,0,1,1,0,0,0,1,0,1,0,1,0,1,1,0,1,1,1,0,1,1,1,0,1,0,0.563752
0,0,1,1,0,1,0,1,1,1,0,1,1,0,0,0,0,0,1,1,1,1,1,1,0,0,0,1,0,1,0,0,0.636216
0,1,0,0,1,0,0,0,0,1,0,0,1,1,1,0,0,1,1,0,1,1,0,0,1,1,0,0,1,1,0,0,0.623348
1,0,0,1,0,0,0,0,1,0,0,1,1,1,0,1,1,0,1,0,0,0,0,1,1,1,1,0,1,0,1,0,0.645274
1,0,1,0,0,1,1,1,0,1,1,0,0,1,0,1,0,0,0,0,1,1,0,1,1,0,0,0,1,1,0,1,0.551764
1,0,0,0,0,1,0,1,0,0,1,0,0,1,1,0,0,1,0,1,1,1,1,0,1,1,0,1,1,1,0,0,0.602542
0,0,1,1,0,1,1,0,1,0,1,1,1,1,1,0,1,0,0,1,0,1,1,0,1,1,1,0,0,0,0,1,0.590233
0,0,1,1,1,1,0,0,1,0,0,0,0,1,0,0,0,1,1,1,0,0,0,0,1,1,0,0,0,1,0,1,0.646153
0,1,1,0,1,1,0,0,0,1,1,1,0,1,1,0,1,1,0,1,0,1,0,1,1,0,0,0,0,1,0,0,0.622203
1,0,1,1,1,0,0,0,1,1,1,0,1,0,0,1,0,0,0,0,1,1,1,1,1,0,0,0,1,0,1,1,0.608536
1,0,1,1,1,0,1,0,0,1,0,0,0,1,1,0,1,1,1,1,0,1,1,0,0,1,0,1,0,1,1,1,0.522725
1,1,0,1,0,0,0,0,1,1,1,1,0,0,0,0,0,0,0,1,0,0,0,1,1,1,0,1,0,0,1,1,0.669677
0,1,1,1,1,0,0,1,0,1,0,0,1,1,1,0,1,0,1,0,0,0,1,0,0,0,0,0,0,1,0,0,0.646206
1,0,1,0,0,1,0,0,0,0,0,0,0,0,1,1,1,1,0,1,0,0,1,1,1,0,0,0,0,1,0,1,0.627637
1,0,0,1,1,0,0,0,1,0,0,0,0,0,1,0,1,0,0,1,0,1,1,1,1,1,1,0,1,0,0,1,0.608642
1,0,1,1,0,0,0,1,1,0,0,1,1,1,0,1,0,0,0,0,1,0,1,1,1,1,0,0,0,0,1,0,0.652520
0,0,1,1,0,1,1,1,0,1,1,1,0,1,1,1,1,0,0,1,0,1,1,1,0,0,1,0,0,0,0,0,0.637814
1,1,0,0,0,0,0,0,0,1,0,0,1,1,0,0,1,1,1,0,0,1,1,1,0,0,0,1,0,0,1,1,0.635790
0,1,1,1,1,1,1,1,1,1,1,0,0,1,1,0,1,1,0,1,1,0,1,1,0,0,1,1,1,1,0,0,0.598226
0,0,0,0,0,1,1,0,1,0,1,1,1,0,0,1,0,1,1,0,0,0,0,1,0,1,0,1,1,1,1,1,0.671276
1,0,1,1,1,0,0,0,1,1,0,0,1,0,0,0,0,1,0,1,1,1,1,0,0,1,1,1,1,0,0,1,0.578378
1,1,0,0,0,0,0,1,0,1,1,0,0,0,1,0,1,1,1,0,0,1,1,1,1,1,1,1,1,0,1,0,0.572490
0,1,0,1,0,0,0,0,1,0,0,1,1,1,1,0,0,0,0,1,1,0,1,1,1,1,1,0,0,1,1,0,0.660513
0,1,1,1,1,1,0,0,1,0,0,1,1,0,0,1,1,0,0,1,1,0,1,1,0,0,1,0,1,0,1,1,0.609601
1,0,0,1,1,1,0,0,0,0,1,0,1,1,1,0,0,1,1,1,1,0,0,0,1,0,0,0,1,0,1,0,0.602009
0,1,0,1,1,0,0,1,0,0,1,0,1,1,1,0,1,0,1,0,0,1,0,0,0,1,1,1,0,1,1,1,0.598972
0,1,1,0,0,0,0,1,1,1,0,0,0,1,1,1,0,0,1,1,0,1,1,1,1,1,1,0,0,0,1,0,0.637548
0,0,1,0,1,1,0,0,0,0,0,1,0,0,1,0,0,1,0,1,0,0,0,1,1,0,1,0,0,0,0,1,0.734335
0,0,0,0,0,0,1,1,0,1,1,1,1,0,0,0,1,0,0,1,1,0,0,1,1,0,0,0,0,0,1,1,0.686088
1,1,0,1,0,0,1,0,0,0,1,1,0,1,1,1,0,0,1,1,1,1,1,0,0,1,0,0,1,1,0,0,0.571744
1,0,0,0,1,1,1,0,1,1,0,1,0,0,1,1,0,1,1,0,1,1,0,1,0,0,0,1,0,0,0,0,0.590979
1,1,1,0,1,1,0,0,0,0,1,1,0,0,1,0,1,1,1,1,1,1,0,0,0,0,0,1,1,0,1,0,0.758152
0,0,1,0,0,1,1,1,1,1,1,1,1,1,0,1,0,0,1,0,0,1,1,0,1,1,0,1,0,0,0,1,0.606138
0,1,0,0,0,1,1,0,0,1,0,1,0,0,1,1,0,0,1,0,0,0,1,0,1,0,0,0,0,1,1,0,0.732630
1,1,0,0,1,0,1,1,0,1,1,1,0,0,0,1,0,0,1,1,1,1,1,0,1,1,0,1,0,0,1,1,0.555040
0,0,1,1,0,0,0,0,0,0,0,0,0,1,1,0,1,0,0,1,1,1,1,0,0,1,0,0,0,0,0,1,0.715526
0,1,1,1,1,0,0,1,1,0,1,0,1,0,0,1,0,0,1,0,1,1,0,1,1,0,1,0,1,0,0,1,0.613384
0,0,0,0,1,1,1,0,0,0,0,1,1,1,0,0,1,0,1,0,0,0,0,0,0,0,0,1,0,1,0,0,0.661392
0,0,1,0,1,0,0,1,0,0,0,1,0,0,1,0,1,0,1,0,0,0,1,1,1,0,1,1,1,1,0,0,0.667359
0,0,0,1,1,0,1,1,1,0,0,0,0,0,0,1,0,0,1,0,1,1,1,1,1,0,1,0,1,1,0,1,0.666640
0,1,0,0,0,0,1,1,0,1,1,0,0,1,1,1,1,0,0,1,0,0,0,1,0,1,0,0,0,1,1,1,0.685955
0,1,1,0,1,0,1,0,1,0,1,1,1,0,1,1,0,1,1,0,0,1,1,1,0,1,0,0,0,1,0,1,0.576753
1,0,1,1,0,0,0,0,1,0,1,0,0,1,0,1,1,0,1,0,1,0,1,1,1,0,0,1,1,0,1,1,0.595721
1,0,0,0,0,0,0,1,0,0,1,1,1,0,1,0,0,0,1,1,0,0,0,0,1,0,1,0,0,0,0,0,0.691842
1,1,1,0,1,0,0,1,0,1,0,0,0,0,0,0,0,1,0,0,0,0,1,1,1,1,1,0,1,0,1,1,0.605898
0,0,0,1,0,0,0,0,1,1,0,0,0,0,1,1,1,0,0,1,0,0,0,0,1,0,0,0,1,0,1,0,0.702366
0,1,0,1,1,1,1,1,1,0,1,0,1,1,0,0,1,0,0,0,1,0,1,0,0,0,0,1,0,0,1,0,0.623721
1,1,0,0,0,0,0,1,0,1,0,0,0,0,0,1,1,0,0,0,0,1,0,0,1,1,0,0,0,1,1,1,0.607577
1,1,1,0,1,0,1,0,0,0,0,1,0,1,0,0,1,1,0,1,1,0,0,1,0,1,0,0,1,0,1,0,0.610667
1,0,0,0,0,1,0,0,1,0,0,1,1,1,0,1,1,0,0,0,1,1,1,1,1,1,0,1,1,1,1,0,0.586770
1,1,1,1,0,1,0,1,0,1,1,1,1,0,0,1,0,0,1,0,0,1,1,1,1,1,0,0,1,1,0,1,0.526668
1,0,0,1,1,0,1,1,1,1,1,0,1,1,0,1,0,1,1,0,0,0,1,0,1,1,0,1,0,1,1,0,0.594603
0,0,1,1,1,0,0,1,0,0,1,1,0,0,1,0,0,0,1,1,1,1,1,1,1,1,0,1,1,1,1,0,0.580936
1,0,1,1,1,0,0,0,0,0,0,1,0,0,0,0,1,1,1,1,1,0,1,1,1,1,0,0,0,1,0,0,0.610374
1,1,1,0,0,1,0,1,0,1,0,0,1,0,1,0,0,0,0,1,1,1,1,1,0,0,0,1,0,1,1,1,0.554028
0,1,1,1,1,0,1,1,1,1,0,0,1,0,1,0,0,0,1,0,1,0,1,0,1,1,0,0,0,1,0,0,0.642477
0,1,1,1,0,1,1,1,0,1,0,0,1,1,0,1,0,1,1,1,1,0,1,0,1,0,1,1,1,1,1,0,0.595695
0,1,0,0,1,0,0,0,1,1,0,0,0,1,1,1,0,0,1,1,0,0,1,1,0,1,0,0,0,1,1,1,0.655691
1,1,1,1,0,1,0,1,1,0,1,1,0,1,1,1,0,1,0,1,0,1,1,0,0,0,1,1,0,0,0,1,0.545290
1,1,1,1,1,1,1,0,0,1,0,1,1,1,0,1,0,1,1,1,0,0,0,0,1,1,0,1,1,0,0,0,0.607017
1,0,0,0,0,0,1,0,1,1,1,1,1,1,1,0,0,1,0,1,0,0,1,0,1,1,0,1,1,1,1,0,0.592924
1,0,1,1,1,0,0,1,0,0,1,0,1,1,0,1,1,1,0,0,1,0,1,0,0,0,1,1,0,1,0,0,0.596068
0,1,0,1,0,1,1,0,1,0,0,1,0,1,1,0,0,1,0,1,0,1,0,0,0,0,0,1,0,1,1,0,0.660326
1,0,0,1,1,1,0,0,0,0,0,0,1,0,0,0,0,0,0,0,0,0,1,0,1,0,0,1,1,0,1,0,0.631634
0,1,1,0,0,1,1,1,1,1,0,1,1,0,1,0,1,1,0,1,1,1,0,0,1,1,0,1,1,0,1,1,0.557571
0,1,1,1,1,1,0,0,1,0,1,1,1,0,1,0,1,0,1,1,0,1,1,1,0,1,1,0,1,0,1,0,0.583546
0,0,0,1,0,1,1,0,1,0,1,0,1,1,1,0,1,1,1,0,1,1,0,0,1,1,1,0,0,0,0,1,0.600330
0,0,1,0,0,0,0,0,1,1,0,1,0,1,0,0,0,0,1,1,0,0,0,0,1,0,0,0,1,1,1,1,0.917306
0,0,0,1,0,0,1,1,0,1,0,1,0,0,1,1,0,1,0,0,1,0,1,0,1,0,0,1,1,1,0,0,0.745658
0,0,1,0,0,0,0,1,1,0,1,1,0,1,0,0,1,1,1,1,1,0,1,1,0,1,1,1,0,0,1,0,0.590313
0,0,0,0,0,0,0,0,0,0,1,1,0,1,0,0,1,0,0,1,1,0,0,0,0,0,0,0,0,1,0,1,0.729673
0,1,0,0,0,1,0,1,1,1,0,0,1,0,1,0,1,0,1,0,0,0,0,1,0,0,0,0,1,1,0,0,0.664855
1,1,1,0,0,1,1,1,1,1,1,1,1,0,0,0,1,0,1,1,0,1,1,1,0,0,1,0,1,1,1,1,0.401401
0,0,0,1,1,1,0,0,1,0,0,1,1,1,1,0,1,1,1,1,1,0,1,1,0,1,1,1,0,1,1,1,0.575821
0,1,0,1,1,1,0,0,1,1,0,1,0,1,1,0,1,0,0,1,1,1,0,0,0,0,0,0,0,0,0,1,0.624014
0,0,1,1,1,0,0,0,1,1,0,0,0,0,0,0,0,1,1,1,0,1,1,1,0,0,1,1,0,0,1,1,0.622416
0,0,1,0,0,1,1,0,0,1,0,0,1,0,1,1,0,0,1,1,1,1,0,1,1,1,1,1,0,1,0,1,0.635363
0,0,0,1,1,1,1,0,0,0,0,1,1,0,0,0,0,0,1,0,0,1,0,1,1,0,1,1,1,1,0,1,0.679747
1,1,1,1,1,0,0,0,0,0,0,1,1,0,1,0,0,0,1,0,1,1,1,0,1,0,0,1,0,0,1,0,0.632007
1,1,1,1,0,0,0,1,0,0,1,1,1,0,1,0,0,0,0,0,1,1,1,1,1,1,0,1,0,1,0,0,0.581389
0,0,0,0,0,0,0,0,1,0,0,1,1,0,1,1,1,1,1,1,1,1,0,0,0,1,0,0,0,1,1,0,0.655930
1,0,0,1,0,1,0,0,0,1,0,0,0,0,1,0,1,0,1,1,0,0,1,1,0,1,1,1,1,0,0,1,0.634298
1,1,0,1,0,1,1,0,0,1,1,0,1,0,1,0,1,1,1,0,0,1,1,0,0,1,0,0,0,1,1,1,0.567748
1,0,1,1,0,0,0,1,0,1,0,1,0,0,0,1,1,0,0,0,1,0,1,1,1,1,0,0,1,0,0,0,0.648631
1,0,1,1,1,1,1,1,1,0,1,0,0,0,0,0,0,1,0,0,1,1,0,1,1,1,0,1,1,1,1,1,0.410886
1,1,1,1,1,0,0,1,0,0,1,1,0,1,1,0,0,1,1,1,0,0,1,1,1,0,0,1,1,1,0,0,0.574968
0,0,0,0,0,1,1,1,0,1,0,0,0,0,0,1,0,1,1,1,1,0,0,0,0,1,1,1,1,1,1,1,0.732257
1,0,0,1,0,0,1,1,1,1,0,1,1,0,0,1,1,0,0,1,1,1,1,1,1,0,1,0,0,0,0,1,0.584079
0,1,0,1,1,0,1,0,1,0,0,1,0,1,0,1,0,0,1,0,1,0,1,0,1,0,1,1,0,0,1,0,0.642343
1,1,1,0,1,1,0,0,1,1,0,0,1,1,1,1,1,1,1,1,1,1,1,0,0,1,0,0,1,0,1,1,0.450687
0,0,1,0,1,0,1,1,0,0,1,1,0,0,1,0,1,0,0,0,1,1,1,0,0,0,1,1,1,0,0,0,0.638640
0,0,0,0,0,0,1,1,0,0,0,0,0,1,0,1,0,0,0,0,1,0,0,0,0,0,0,0,0,1,0,1,0.751732
0,0,1,0,0,0,1,1,0,1,1,0,1,1,1,0,0,1,1,1,0,0,0,1,0,0,0,1,0,0,0,0,0.718857
0,1,1,1,1,1,0,1,0,0,1,1,0,1,0,1,1,1,1,1,1,0,0,0,1,1,1,1,0,0,0,0,0.602009
0,1,0,1,1,1,1,0,0,1,1,0,1,1,0,0,1,1,1,0,1,1,1,1,0,1,0,1,0,0,0,0,0.621856
0,0,0,0,0,1,1,0,1,1,1,0,1,1,0,1,1,1,0,1,0,1,1,0,1,1,0,0,0,0,0,1,0.564338
1,0,1,0,1,1,1,0,1,1,1,0,0,1,1,1,1,0,0,0,0,1,0,0,0,1,0,1,0,1,0,0,0.596494
0,1,0,1,0,0,1,0,1,1,0,0,0,0,1,1,0,1,0,1,0,0,1,1,0,0,1,0,1,1,0,0,0.653826
1,1,0,0,1,0,0,1,1,0,1,1,0,1,1,0,0,0,1,0,1,1,0,1,1,0,0,0,1,1,0,0,0.607310
0,1,1,1,0,1,1,0,1,0,1,0,0,1,1,0,1,0,1,0,0,1,1,0,0,0,0,1,1,0,0,1,0.601582
1,1,0,0,0,1,1,1,0,1,0,0,1,0,1,0,1,0,0,1,0,0,0,1,0,0,0,1,0,0,1,0,0.658168
0,0,0,1,0,0,0,1,0,1,0,1,1,0,1,1,0,0,1,0,1,1,1,1,1,1,0,0,1,1,1,1,0.719309
1,1,0,1,0,0,0,0,0,1,0,0,1,1,1,0,0,0,0,1,1,0,0,0,1,1,0,1,1,0,1,1,0.619139
1,1,0,1,0,0,1,1,1,1,1,0,0,0,1,1,1,1,0,1,0,1,0,0,0,1,0,0,1,0,1,0,0.562260
0,0,0,0,0,0,1,0,0,0,0,1,0,1,1,1,1,0,1,0,1,0,1,1,0,1,1,1,1,1,1,0,0.733616
1,1,1,1,1,1,1,0,1,0,0,0,0,1,0,0,0,0,0,0,1,1,1,1,0,0,0,0,0,1,1,0,0.525442
0,0,0,0,0,1,0,1,0,0,1,0,0,1,1,0,1,1,0,0,1,0,0,1,1,0,1,0,1,1,0,1,0.651455
0,1,1,1,1,1,0,1,0,1,0,1,1,1,0,1,0,1,1,1,0,1,1,1,0,0,0,0,1,0,0,1,0.599238
0,1,1,1,1,1,1,0,0,0,1,0,1,0,0,0,0,0,0,1,1,1,1,0,1,0,1,0,0,0,0,0,0.653879
