1,0,1,1,0,1,1,1,0,1,1,0,1,0,0,1,1,0,1,1,0,0,0,1,0,1,1,1,0,0,1,1,0.705989
0,0,0,0,0,0,0,0,0,0,0,1,0,1,1,0,1,1,1,0,0,1,1,0,0,0,0,1,0,1,0,1,0.758072
0,0,1,1,0,0,0,0,0,1,0,0,1,1,1,1,1,1,1,1,0,0,0,0,0,0,1,0,1,1,0,1,0.611946
0,0,0,1,0,1,1,0,0,1,0,1,1,0,0,0,0,0,1,1,1,0,0,1,0,0,0,1,0,1,0,0,0.545689
1,0,1,0,0,0,0,0,1,0,0,1,1,1,1,0,0,1,1,0,1,1,1,0,0,0,0,0,1,1,1,1,0.819640
1,0,0,0,0,1,0,0,1,1,1,0,0,0,1,1,1,1,0,1,0,1,0,0,1,1,0,0,1,1,1,1,0.579577
0,0,1,0,1,0,0,1,0,1,0,1,0,0,1,1,1,0,1,1,0,0,0,1,1,0,0,1,1,0,1,1,0.559649
1,0,1,0,0,1,0,0,0,1,0,1,1,0,1,1,0,1,1,1,1,0,1,1,1,0,0,1,1,0,1,1,0.582534
0,1,0,0,1,0,1,0,0,0,0,1,0,0,0,1,1,0,1,1,1,1,1,0,1,1,0,1,0,0,0,1,0.764226
0,1,0,1,1,0,0,1,0,1,1,0,0,0,0,0,0,0,0,1,1,1,0,0,1,0,1,0,0,0,0,1,0.567029
1,0,1,1,0,0,0,1,1,0,1,1,0,0,1,0,1,0,1,0,1,0,1,0,1,0,0,0,1,0,0,1,0.744912
0,1,0,0,0,1,1,0,0,0,1,1,0,0,0,0,1,1,0,0,0,1,1,0,0,0,1,0,0,0,0,1,0.542679
0,0,0,1,1,0,1,1,1,1,0,1,1,0,0,1,0,0,0,0,0,0,1,1,1,1,1,1,0,1,1,0,0.622336
1,1,1,0,0,1,1,1,0,1,1,1,0,0,0,1,0,1,0,0,1,0,0,0,0,1,1,0,0,1,1,0,0.635736
1,0,1,0,1,1,0,1,1,1,1,1,1,1,1,1,1,0,0,1,1,1,1,0,0,0,1,0,0,0,1,1,0.561701
1,0,1,1,0,1,1,1,1,1,0,0,1,0,1,0,1,1,1,0,1,0,1,1,0,0,0,0,1,1,1,0,0.597933
0,1,0,0,1,1,1,1,1,1,1,0,1,1,0,0,1,1,0,0,0,1,0,0,0,0,0,1,0,0,0,1,0.609548
0,1,1,0,1,1,1,0,1,1,0,1,1,0,1,1,0,0,0,1,0,1,1,0,0,0,0,0,0,0,1,0,0.734228
1,1,1,0,0,1,1,0,0,1,0,0,0,0,0,0,0,0,1,0,0,1,0,1,1,1,1,1,0,0,0,0,0.706575
0,0,1,1,1,0,0,0,0,1,1,1,0,0,0,1,1,0,1,0,0,0,0,1,0,0,0,1,1,1,0,1,0.850277
1,1,0,0,1,0,0,1,0,0,0,1,1,0,0,1,1,0,1,0,0,0,1,0,0,1,1,0,1,1,1,0,0.590660
0,0,0,0,1,0,1,1,1,1,0,0,0,0,1,1,0,1,1,1,0,1,0,0,1,1,1,1,1,0,1,0,0.672927
0,0,1,1,1,0,0,1,0,0,0,0,1,1,0,1,0,1,1,0,0,1,0,0,1,0,0,1,1,1,1,1,0.826860
0,1,1,1,0,1,1,1,0,0,1,0,0,0,0,1,0,0,0,1,1,0,0,1,1,0,1,1,1,0,0,1,0.689498
0,0,0,0,1,1,0,1,1,0,1,1,0,0,0,0,0,1,0,1,1,1,1,1,1,0,0,1,1,1,1,0,0.593723
0,0,1,1,1,1,1,1,1,1,0,1,1,0,1,0,0,1,0,0,0,1,0,1,0,1,1,0,0,1,0,1,0.679881
1,1,1,1,1,0,0,1,1,1,1,1,1,0,1,0,1,0,0,1,1,1,0,1,0,0,1,1,1,0,1,0,0.555733
0,1,0,0,0,1,1,1,0,1,1,1,1,1,0,0,1,1,1,0,1,1,0,0,1,0,1,1,1,0,1,1,0.588688
0,0,1,1,1,0,1,1,0,1,0,0,0,0,1,1,1,0,0,1,0,0,1,0,1,1,1,0,1,0,0,1,0.606671
0,0,1,1,1,1,1,1,1,1,1,0,0,0,1,1,1,1,0,0,1,0,1,0,1,1,1,0,0,0,0,1,0.823822
0,0,0,1,1,1,1,1,0,1,0,0,1,0,1,1,0,0,1,0,1,1,1,0,0,1,1,1,0,0,1,0,0.767503
1,0,1,0,1,1,1,0,0,0,1,1,0,0,0,0,0,0,0,0,1,0,0,1,0,0,1,0,1,1,1,0,0.731298
1,0,0,0,0,0,1,0,0,0,0,1,1,0,1,0,1,0,0,1,0,0,1,1,1,0,1,1,0,1,1,0,0.566869
0,0,0,0,0,1,1,0,1,1,1,1,0,1,1,1,1,0,1,0,1,0,0,1,0,1,1,0,0,1,0,0,0.664455
1,0,1,0,0,0,1,1,0,0,1,0,1,0,1,1,1,1,1,1,1,1,0,0,1,1,1,0,0,1,1,0,0.603394
0,0,0,0,1,1,1,1,0,0,1,1,1,1,1,1,0,1,1,1,0,0,0,0,1,0,0,0,1,0,0,0,0.704204
0,0,0,1,0,0,1,1,0,1,0,0,0,1,0,1,1,1,0,0,0,1,1,1,1,1,1,1,0,0,1,1,0.714727
0,1,1,1,1,0,1,1,0,1,0,0,1,1,1,0,0,0,0,1,1,1,0,0,1,1,1,0,1,0,0,0,0.774670
1,0,1,1,0,1,0,0,1,1,1,1,0,0,1,0,0,1,1,0,1,1,0,1,0,0,1,0,0,0,0,1,0.593643
1,0,1,1,0,0,1,1,1,0,0,1,0,0,0,1,1,0,1,1,1,1,1,1,0,0,0,0,1,0,1,1,0.758232
0,1,1,0,1,1,1,1,0,1,1,1,0,0,1,1,1,1,0,1,0,1,1,1,0,1,1,0,0,1,1,0,0.577392
0,1,0,0,1,1,1,1,1,1,1,0,1,0,1,1,1,1,1,1,1,0,0,0,1,1,0,1,1,1,1,0,0.611946
1,0,1,0,0,1,1,0,1,0,1,1,0,1,0,1,0,1,1,0,0,1,1,1,1,0,0,0,1,0,1,0,0.598199
1,1,1,1,1,0,1,0,0,0,0,1,1,0,0,0,0,1,1,1,1,1,0,0,0,1,0,1,1,0,0,1,0.758818
0,0,1,1,0,1,0,1,1,0,0,0,1,1,0,1,0,0,0,0,0,1,1,0,0,1,1,1,1,1,1,0,0.828272
1,0,1,1,0,0,1,1,0,0,0,1,1,0,0,1,0,0,0,0,0,1,1,0,0,0,0,0,1,0,1,0,0.725011
1,0,0,0,0,1,0,0,1,1,0,0,1,1,0,1,0,0,0,0,1,0,0,1,0,0,1,1,0,0,0,1,0.602062
1,1,0,1,1,0,0,1,1,1,1,1,1,1,0,1,0,1,0,0,0,1,1,1,1,1,1,1,1,0,1,1,0.547048
0,0,1,0,1,0,0,0,0,0,0,0,1,1,0,0,1,0,1,0,1,1,0,0,1,1,1,0,0,0,1,0,0.824995
0,0,0,0,1,1,1,1,1,1,1,0,1,0,0,1,0,1,0,1,1,1,1,1,0,0,1,1,1,1,0,0,0.602542
0,1,0,1,1,0,1,0,0,1,0,1,1,1,0,0,1,0,1,1,1,0,0,0,0,0,0,1,1,0,0,1,0.585331
1,0,0,0,0,1,0,1,1,1,1,0,1,0,1,0,0,1,1,0,1,1,0,1,1,1,0,1,0,0,0,1,0.621670
1,1,0,0,1,1,1,1,1,1,0,0,1,1,0,1,1,0,0,0,0,1,1,0,0,0,0,1,0,1,1,1,0.830483
1,0,1,1,1,1,0,1,1,0,0,1,1,0,0,0,0,0,0,1,1,0,0,0,1,0,1,1,1,1,1,1,0.616022
1,1,0,0,0,0,1,1,1,0,1,1,0,0,1,0,0,1,0,0,0,1,0,1,1,1,0,0,0,0,1,1,0.674393
0,0,1,1,1,1,1,0,0,0,1,1,1,1,1,0,0,0,1,0,1,1,1,0,0,1,0,1,1,0,1,1,0.606591
1,0,0,0,0,1,0,0,1,0,0,1,1,1,0,0,0,1,1,1,1,0,0,1,0,0,0,0,1,1,1,0,0.652520
1,0,0,0,1,1,0,1,0,1,1,1,0,0,1,0,1,0,1,1,1,0,0,1,1,1,1,0,1,0,0,0,0.668105
1,0,1,0,0,1,1,1,0,0,1,1,0,0,0,0,0,1,1,1,0,1,0,1,0,0,0,0,1,1,0,1,0.574515
0,0,0,0,1,0,0,0,0,1,0,1,0,1,0,1,1,0,0,1,0,1,0,0,1,0,0,0,0,0,0,0,0.722320
1,1,1,1,0,0,0,1,1,1,0,1,1,0,0,0,1,0,1,0,0,1,0,1,0,0,1,1,1,1,1,1,0.656836
0,0,1,1,0,1,0,0,1,1,1,1,1,0,0,0,1,0,1,1,0,0,1,0,1,1,1,1,1,1,0,1,0.785326
0,0,0,0,0,0,0,0,0,1,1,1,0,0,1,0,0,1,0,1,0,0,1,0,0,0,0,0,0,1,0,0,0.687766
0,1,1,0,0,0,0,0,0,1,0,1,0,0,1,1,0,1,1,1,0,0,0,0,1,1,1,1,0,0,1,1,0.615489
0,0,0,0,0,0,0,0,1,0,0,0,0,0,0,0,0,0,0,0,0,0,0,0,0,1,0,1,1,0,1,1,0.516011
0,0,0,1,1,0,1,1,0,0,0,0,1,0,0,0,0,1,1,1,0,1,0,1,0,1,0,1,0,0,0,1,0.765452
1,1,0,0,0,0,1,0,1,1,1,1,1,1,1,1,0,1,0,0,0,1,0,0,0,0,0,0,0,0,0,1,0.605978
1,0,0,1,0,0,0,1,0,0,0,1,0,0,1,1,0,0,1,0,0,0,0,0,0,1,0,0,0,1,1,1,0.567882
1,0,1,0,0,0,1,1,1,1,1,0,1,1,1,0,1,0,1,1,1,1,1,0,1,0,1,1,0,1,1,1,0.558371
1,0,0,1,0,0,0,0,1,0,1,0,0,1,0,1,1,0,1,1,0,0,1,1,1,0,1,0,1,0,0,1,0.663043
0,1,0,0,1,0,1,0,0,1,1,0,0,0,0,0,1,1,1,0,1,0,0,1,1,0,1,0,0,0,0,0,0.648790
0,0,0,0,0,0,1,0,1,1,1,1,1,0,0,1,1,0,0,0,1,1,0,0,1,0,0,1,1,1,1,1,0.558930
1,1,0,0,1,1,1,1,0,1,1,0,1,1,0,1,0,1,1,0,0,0,0,0,1,1,0,0,0,0,0,1,0.629422
0,1,1,0,1,1,0,1,0,1,0,1,0,1,1,1,0,1,0,1,0,1,1,1,0,0,0,0,1,0,0,1,0.776748
1,0,1,0,1,1,1,1,0,1,0,1,1,1,1,1,0,0,1,0,1,1,0,0,1,0,1,1,0,1,1,0,0.776748
1,0,0,1,0,1,1,0,0,0,1,0,1,1,1,1,0,1,0,0,0,1,0,0,1,1,1,0,1,1,1,1,0.576167
1,0,1,0,1,1,0,1,1,1,0,0,1,0,1,1,0,0,0,0,1,1,0,0,0,0,0,0,0,0,0,1,0.828218
1,0,0,0,0,1,1,0,0,0,1,0,0,0,1,1,1,1,1,1,0,0,0,1,1,0,0,0,0,0,0,1,0.623881
0,1,1,1,1,0,1,0,1,0,0,1,0,0,0,1,0,1,1,0,0,1,0,0,1,1,0,0,0,0,1,1,0.713688
0,1,0,0,0,1,1,1,1,0,0,0,1,0,1,1,0,0,0,0,1,0,0,1,1,1,1,0,1,0,1,1,0.609735
0,0,0,0,1,0,0,1,1,0,1,1,0,0,1,1,0,1,0,0,0,0,0,0,1,1,0,1,1,1,1,1,0.734522
1,1,1,0,1,0,1,1,0,1,1,1,0,1,0,1,1,0,1,1,1,1,0,0,0,0,1,1,1,0,0,0,0.605712
1,1,0,1,0,1,1,0,1,1,1,1,0,1,1,0,1,1,1,1,1,1,0,1,0,0,1,1,0,0,1,1,0.620604
1,1,0,0,0,1,0,0,0,1,0,0,0,0,0,1,1,0,1,1,1,1,1,1,1,1,0,1,0,1,1,1,0.818974
1,1,1,1,1,1,1,0,1,0,0,0,1,0,1,0,0,1,1,0,0,0,0,0,1,1,0,0,0,1,0,1,0.601636
1,0,1,1,1,1,0,1,1,0,1,1,1,0,1,0,1,0,1,0,1,0,1,0,0,0,1,1,1,1,1,1,0.683744
0,0,0,0,1,0,0,1,1,0,1,0,0,0,1,1,1,0,1,0,0,1,0,1,1,0,1,1,1,1,0,0,0.549313
0,0,1,0,1,1,1,0,0,0,1,1,1,1,1,1,1,0,1,1,0,0,1,0,0,0,0,1,0,0,0,0,0.699648
0,1,1,0,0,1,0,1,1,1,1,1,0,1,0,0,1,1,1,0,0,1,1,0,1,1,0,0,0,0,1,1,0.620951
0,0,1,1,1,1,1,1,1,0,0,1,1,1,0,0,0,1,0,0,0,1,0,1,1,1,1,0,0,1,0,1,0.783568
0,1,1,0,0,0,0,0,1,1,1,0,0,1,1,0,0,0,0,1,1,1,1,0,0,0,0,0,1,1,1,1,0.690271
1,1,1,0,1,0,0,0,0,0,0,1,1,0,1,1,0,0,1,1,1,0,0,1,0,0,0,0,0,1,0,1,0.602355
0,0,0,1,0,0,1,1,0,1,0,1,0,0,1,0,1,1,1,0,1,0,1,1,0,1,1,1,0,1,0,0,0.597986
1,1,0,1,1,0,1,0,1,0,0,1,1,1,1,0,0,0,1,0,0,1,1,1,1,1,1,0,0,1,0,0,0.731964
0,0,0,0,1,0,0,1,1,0,0,1,1,1,1,0,0,1,1,0,0,0,1,1,0,0,1,0,1,1,1,1,0.567136
1,0,0,1,1,1,1,1,0,1,1,0,0,1,0,1,0,0,1,1,0,0,1,0,1,1,1,1,1,0,1,0,0.772085
1,1,0,0,0,0,1,0,1,1,0,1,0,1,1,0,1,0,0,0,1,0,0,0,0,0,0,0,1,0,1,1,0.610987
1,1,0,0,0,0,1,0,0,1,0,0,0,0,1,0,0,1,0,0,1,1,0,0,1,1,0,1,0,0,1,0,0.776428
1,0,1,1,0,1,1,1,0,1,1,1,0,0,0,1,0,0,1,1,1,0,1,0,0,0,1,0,1,0,0,0,0.781277
0,0,1,1,0,0,0,1,0,1,1,1,0,1,1,1,0,1,0,0,0,1,0,0,1,1,1,1,0,1,1,0,0.595881
1,0,0,1,1,0,0,0,1,0,1,1,1,0,0,1,0,0,0,0,1,0,0,1,1,1,0,1,1,1,0,0,0.715420
0,1,1,1,1,0,0,1,0,0,0,0,0,1,0,1,1,1,0,1,1,0,0,1,1,0,0,0,0,0,0,1,0.627424
1,1,1,0,1,0,0,0,0,1,1,1,0,1,0,1,0,1,1,1,0,1,1,1,0,0,1,0,0,0,1,1,0.563859
0,1,1,1,1,1,0,0,0,0,0,0,1,0,1,1,1,1,0,1,0,0,1,0,0,1,0,1,0,1,0,1,0.613065
0,0,1,0,0,1,0,1,0,0,1,0,0,1,0,1,1,0,1,0,0,1,1,1,1,0,1,0,0,1,1,1,0.601316
0,0,0,1,0,0,0,0,1,1,0,0,0,1,0,1,1,1,0,0,1,0,1,0,1,0,0,0,0,1,1,1,0.592178
1,0,0,1,1,0,1,0,0,0,1,1,0,1,1,1,0,1,1,1,1,0,0,0,0,0,0,0,0,0,1,1,0.911605
0,0,1,1,0,1,0,1,1,0,0,1,0,0,1,1,1,0,1,1,0,1,1,1,0,1,1,0,1,0,1,0,0.714381
1,0,1,1,1,0,1,0,0,1,0,1,0,1,0,0,1,0,0,0,0,1,0,0,0,0,0,0,1,1,0,1,0.723652
1,0,0,1,0,1,0,1,0,0,0,0,0,0,1,0,1,1,1,0,0,0,1,0,1,1,0,0,1,1,1,0,0.576247
1,0,0,1,0,0,1,1,1,1,0,1,0,1,0,1,0,1,0,1,0,1,1,0,1,0,0,0,0,0,1,1,0.728501
1,0,0,0,1,1,1,1,0,1,0,0,0,1,1,1,0,1,1,1,0,1,1,0,0,1,1,0,0,0,0,1,0.775309
0,0,1,0,0,0,1,0,1,0,0,1,0,0,1,1,1,1,1,0,0,0,0,0,1,0,1,1,1,1,0,0,0.607284
1,0,1,0,0,1,0,1,1,1,1,1,1,1,1,0,1,0,1,0,1,0,0,0,0,0,0,0,1,0,0,0,0.677190
0,1,0,1,0,0,1,0,1,0,0,0,0,1,0,1,1,1,0,0,0,1,1,0,1,1,0,1,0,0,0,1,0.811408
0,0,1,0,1,0,1,1,1,1,0,0,1,1,1,0,1,0,0,0,0,1,0,0,0,1,1,0,0,0,1,1,0.732284
1,1,0,0,0,0,0,0,1,1,1,0,0,1,0,0,0,0,0,1,1,0,1,1,0,0,1,0,1,0,1,0,0.625613
1,1,0,0,0,1,0,1,1,1,0,0,0,0,0,0,1,1,0,1,1,0,0,1,1,0,1,0,1,0,0,1,0.602915
0,0,1,0,0,0,1,0,0,0,0,0,1,0,1,0,1,1,1,0,0,1,1,0,0,1,0,1,0,0,0,1,0.758738
1,0,1,0,0,0,1,0,1,0,0,1,0,1,1,1,1,0,1,1,0,0,1,1,1,1,0,0,1,1,0,0,0.599904
1,1,1,0,1,1,1,1,0,1,1,1,0,0,0,1,0,0,0,1,0,0,0,1,1,0,1,0,1,0,1,1,0.766651
0,0,1,1,0,1,0,0,1,1,1,0,1,0,0,1,0,0,0,1,1,0,0,1,1,1,0,1,1,0,0,0,0.637308
0,1,1,1,1,0,1,1,0,0,1,0,1,0,1,1,0,1,1,1,0,0,1,1,1,0,0,0,0,0,1,1,0.650682
0,1,0,0,1,0,0,0,1,1,0,0,1,1,1,0,0,1,0,0,1,1,0,0,0,0,1,0,0,0,0,1,0.783648
1,1,0,1,0,1,0,1,1,1,0,1,1,1,0,1,1,1,1,0,0,0,1,0,1,0,0,1,1,0,0,0,0.580909
0,1,0,1,0,0,0,0,1,0,1,0,1,1,0,1,0,1,1,1,0,1,1,1,0,1,1,1,1,0,0,0,0.635230
0,0,1,1,1,0,1,1,0,0,1,1,0,0,0,0,0,1,1,1,1,0,0,0,1,1,1,1,0,0,1,1,0.756953
0,1,1,1,1,0,0,0,1,1,0,1,0,1,0,1,1,0,1,1,0,0,1,0,1,0,1,0,0,1,0,0,0.594736
