0,0,1,1,1,1,1,1,1,0,0,1,1,1,0,0,0,1,0,0,0,1,0,1,1,1,1,0,0,1,0,1,0.784234
0,1,0,0,1,1,1,1,1,1,1,0,1,0,1,1,1,1,1,1,1,0,0,0,1,1,0,1,1,1,1,0,0.611546
0,0,1,1,0,0,0,0,0,1,0,0,1,1,1,1,1,1,1,1,0,0,0,0,0,0,1,0,1,1,0,1,0.611120
0,0,0,1,0,1,1,0,0,1,0,1,1,0,0,0,0,0,1,1,1,0,0,1,0,0,0,1,0,1,0,0,0.546808
0,0,1,0,1,0,0,1,0,1,0,1,0,0,1,1,1,0,1,1,0,0,0,1,1,0,0,1,1,0,1,1,0.558957
1,0,1,0,0,0,0,0,1,0,0,1,1,1,1,0,0,1,1,0,1,1,1,0,0,0,0,0,1,1,1,1,0.819666
0,0,0,1,0,0,0,0,1,1,0,0,0,1,0,1,1,1,0,0,1,0,1,0,1,0,0,0,0,1,1,1,0.593883
1,1,1,0,1,0,0,0,0,0,0,1,1,0,1,1,0,0,1,1,1,0,0,1,0,0,0,0,0,1,0,1,0.606911
1,1,0,0,0,0,0,0,1,1,1,0,0,1,0,0,0,0,0,1,1,0,1,1,0,0,1,0,1,0,1,0,0.625986
1,1,0,1,0,1,1,0,1,1,1,1,0,1,1,0,1,1,1,1,1,1,0,1,0,0,1,1,0,0,1,1,0.622176
1,1,1,0,1,1,1,1,0,1,1,1,0,0,0,1,0,0,0,1,0,0,0,1,1,0,1,0,1,0,1,1,0.767450
1,0,0,0,0,0,1,0,0,0,0,1,1,0,1,0,1,0,0,1,0,0,1,1,1,0,1,1,0,1,1,0,0.565404
0,0,0,0,1,0,0,0,0,1,0,1,0,1,0,1,1,0,0,1,0,1,0,0,1,0,0,0,0,0,0,0,0.723039
0,0,0,1,1,1,1,1,0,1,0,0,1,0,1,1,0,0,1,0,1,1,1,0,0,1,1,1,0,0,1,0,0.769608
0,1,1,1,0,1,1,1,0,0,1,0,0,0,0,1,0,0,0,1,1,0,0,1,1,0,1,1,1,0,0,1,0.683264
1,0,1,0,1,1,1,1,0,1,0,1,1,1,1,1,0,0,1,0,1,1,0,0,1,0,1,1,0,1,1,0,0.781010
1,0,1,0,1,1,0,1,1,1,0,0,1,0,1,1,0,0,0,0,1,1,0,0,0,0,0,0,0,0,0,1,0.829897
0,0,0,0,1,0,0,1,1,0,0,1,1,1,1,0,0,1,1,0,0,0,1,1,0,0,1,0,1,1,1,1,0.562020
0,1,0,0,1,0,1,0,0,0,0,1,0,0,0,1,1,0,1,1,1,1,1,0,1,1,0,1,0,0,0,1,0.762042
0,1,0,0,1,0,1,0,0,1,1,0,0,0,0,0,1,1,1,0,1,0,0,1,1,0,1,0,0,0,0,0,0.644075
1,0,1,0,0,1,1,1,0,0,1,1,0,0,0,0,0,1,1,1,0,1,0,1,0,0,0,0,1,1,0,1,0.581602
1,0,0,1,0,0,0,0,1,0,1,0,0,1,0,1,1,0,1,1,0,0,1,1,1,0,1,0,1,0,0,1,0.667253
1,0,1,1,0,1,0,0,1,1,1,1,0,0,1,0,0,1,1,0,1,1,0,1,0,0,1,0,0,0,0,1,0.590233
1,0,0,1,0,0,1,1,1,1,0,1,0,1,0,1,0,1,0,1,0,1,1,0,1,0,0,0,0,0,1,1,0.726156
0,0,1,1,0,1,0,0,1,1,1,0,1,0,0,1,0,0,0,1,1,0,0,1,1,1,0,1,1,0,0,0,0.632246
1,0,1,1,0,0,1,1,0,0,0,1,1,0,0,1,0,0,0,0,0,1,1,0,0,0,0,0,1,0,1,0,0.724238
0,1,0,0,1,1,1,1,1,1,1,0,1,1,0,0,1,1,0,0,0,1,0,0,0,0,0,1,0,0,0,1,0.609735
1,0,0,0,0,1,0,1,1,1,1,0,1,0,1,0,0,1,1,0,1,1,0,1,1,1,0,1,0,0,0,1,0.621750
0,0,1,1,0,1,0,1,1,0,0,1,0,0,1,1,1,0,1,1,0,1,1,1,0,1,1,0,1,0,1,0,0.715287
0,1,0,0,0,1,1,1,0,1,1,1,1,1,0,0,1,1,1,0,1,1,0,0,1,0,1,1,1,0,1,1,0.591672
0,1,0,1,1,0,0,1,0,1,1,0,0,0,0,0,0,0,0,1,1,1,0,0,1,0,1,0,0,0,0,1,0.569853
1,0,0,0,0,1,0,0,1,1,1,0,0,0,1,1,1,1,0,1,0,1,0,0,1,1,0,0,1,1,1,1,0.580749
1,1,0,1,0,1,0,1,1,1,0,1,1,1,0,1,1,1,1,0,0,0,1,0,1,0,0,1,1,0,0,0,0.580909
0,0,1,1,1,1,1,1,1,1,0,1,1,0,1,0,0,1,0,0,0,1,0,1,0,1,1,0,0,1,0,1,0.682465
1,0,1,1,0,1,1,1,0,1,1,0,1,0,0,1,1,0,1,1,0,0,0,1,0,1,1,1,0,0,1,1,0.707108
1,0,1,1,1,1,0,1,1,0,1,1,1,0,1,0,1,0,1,0,1,0,1,0,0,0,1,1,1,1,1,1,0.685022
1,0,1,0,0,0,1,0,1,0,0,1,0,1,1,1,1,0,1,1,0,0,1,1,1,1,0,0,1,1,0,0,0.597426
0,1,1,1,1,0,1,1,0,1,0,0,1,1,1,0,0,0,0,1,1,1,0,0,1,1,1,0,1,0,0,0,0.775416
0,0,1,1,0,1,0,1,1,0,0,0,1,1,0,1,0,0,0,0,0,1,1,0,0,1,1,1,1,1,1,0,0.826247
0,0,0,0,1,1,1,1,0,0,1,1,1,1,1,1,0,1,1,1,0,0,0,0,1,0,0,0,1,0,0,0,0.704337
1,0,1,1,1,1,0,1,1,0,0,1,1,0,0,0,0,0,0,1,1,0,0,0,1,0,1,1,1,1,1,1,0.611733
1,0,0,1,0,1,1,0,0,0,1,0,1,1,1,1,0,1,0,0,0,1,0,0,1,1,1,0,1,1,1,1,0.575874
1,1,0,0,0,0,1,1,1,0,1,1,0,0,1,0,0,1,0,0,0,1,0,1,1,1,0,0,0,0,1,1,0.666906
0,0,0,0,0,0,0,0,1,0,0,0,0,0,0,0,0,0,0,0,0,0,0,0,0,1,0,1,1,0,1,1,0.516811
1,0,0,0,0,1,0,0,1,0,0,1,1,1,0,0,0,1,1,1,1,0,0,1,0,0,0,0,1,1,1,0,0.655477
1,0,1,0,0,0,1,1,0,0,1,0,1,0,1,1,1,1,1,1,1,1,0,0,1,1,1,0,0,1,1,0,0.600623
0,1,1,0,1,1,1,0,1,1,0,1,1,0,1,1,0,0,0,1,0,1,1,0,0,0,0,0,0,0,1,0,0.734415
0,0,1,1,0,1,0,0,1,1,1,1,1,0,0,0,1,0,1,1,0,0,1,0,1,1,1,1,1,1,0,1,0.785326
0,1,0,1,0,0,1,0,1,0,0,0,0,1,0,1,1,1,0,0,0,1,1,0,1,1,0,1,0,0,0,1,0.807944
0,0,0,0,1,1,0,1,1,0,1,1,0,0,0,0,0,1,0,1,1,1,1,1,1,0,0,1,1,1,1,0,0.590953
1,0,0,0,0,1,0,0,1,1,0,0,1,1,0,1,0,0,0,0,1,0,0,1,0,0,1,1,0,0,0,1,0.605925
1,1,1,0,1,0,0,0,0,1,1,1,0,1,0,1,0,1,1,1,0,1,1,1,0,0,1,0,0,0,1,1,0.569347
0,1,0,0,1,0,0,0,1,1,0,0,1,1,1,0,0,1,0,0,1,1,0,0,0,0,1,0,0,0,0,1,0.785379
1,0,1,0,1,1,1,0,0,0,1,1,0,0,0,0,0,0,0,0,1,0,0,1,0,0,1,0,1,1,1,0,0.735401
0,1,1,1,1,0,0,1,0,0,0,0,0,1,0,1,1,1,0,1,1,0,0,1,1,0,0,0,0,0,0,1,0.625240
0,1,1,1,1,1,0,0,0,0,0,0,1,0,1,1,1,1,0,1,0,0,1,0,0,1,0,1,0,1,0,1,0.615702
1,1,0,0,0,0,1,0,1,1,1,1,1,1,1,1,0,1,0,0,0,1,0,0,0,0,0,0,0,0,0,1,0.604406
0,0,1,1,1,0,1,1,0,1,0,0,0,0,1,1,1,0,0,1,0,0,1,0,1,1,1,0,1,0,0,1,0.609628
0,0,1,0,0,0,1,0,0,0,0,0,1,0,1,0,1,1,1,0,0,1,1,0,0,1,0,1,0,0,0,1,0.759511
1,0,1,0,1,1,0,1,1,1,1,1,1,1,1,1,1,0,0,1,1,1,1,0,0,0,1,0,0,0,1,1,0.563646
1,1,0,0,1,0,0,1,0,0,0,1,1,0,0,1,1,0,1,0,0,0,1,0,0,1,1,0,1,1,1,0,0.591672
1,1,1,1,1,0,0,1,1,1,1,1,1,0,1,0,1,0,0,1,1,1,0,1,0,0,1,1,1,0,1,0,0.555893
1,1,0,1,1,0,1,0,1,0,0,1,1,1,1,0,0,0,1,0,0,1,1,1,1,1,1,0,0,1,0,0,0.732816
0,0,0,0,1,1,1,1,1,1,1,0,1,0,0,1,0,1,0,1,1,1,1,1,0,0,1,1,1,1,0,0,0.604300
1,1,1,0,0,1,1,1,0,1,1,1,0,0,0,1,0,1,0,0,1,0,0,0,0,1,1,0,0,1,1,0,0.638907
1,0,1,1,0,1,1,1,0,1,1,1,0,0,0,1,0,0,1,1,1,0,1,0,0,0,1,0,1,0,0,0,0.783914
0,0,0,1,0,0,1,1,0,1,0,1,0,0,1,0,1,1,1,0,1,0,1,1,0,1,1,1,0,1,0,0,0.596574
1,0,1,1,0,0,1,1,1,0,0,1,0,0,0,1,1,0,1,1,1,1,1,1,0,0,0,0,1,0,1,1,0.758099
1,0,1,1,0,1,1,1,1,1,0,0,1,0,1,0,1,1,1,0,1,0,1,1,0,0,0,0,1,1,1,0,0.598759
1,1,1,1,0,0,0,1,1,1,0,1,1,0,0,0,1,0,1,0,0,1,0,1,0,0,1,1,1,1,1,1,0.659340
1,1,0,0,0,1,0,1,1,1,0,0,0,0,0,0,1,1,0,1,1,0,0,1,1,0,1,0,1,0,0,1,0.603101
0,0,0,1,1,0,1,1,0,0,0,0,1,0,0,0,0,1,1,1,0,1,0,1,0,1,0,1,0,0,0,1,0.768622
0,1,1,1,1,0,0,0,1,1,0,1,0,1,0,1,1,0,1,1,0,0,1,0,1,0,1,0,0,1,0,0,0.593883
1,0,1,0,0,1,0,0,0,1,0,1,1,0,1,1,0,1,1,1,1,0,1,1,1,0,0,1,1,0,1,1,0.585065
0,0,1,1,1,0,0,0,0,1,1,1,0,0,0,1,1,0,1,0,0,0,0,1,0,0,0,1,1,1,0,1,0.850224
0,1,1,1,1,0,1,0,1,0,0,1,0,0,0,1,0,1,1,0,0,1,0,0,1,1,0,0,0,0,1,1,0.716326
0,0,1,0,0,1,0,1,0,0,1,0,0,1,0,1,1,0,1,0,0,1,1,1,1,0,1,0,0,1,1,1,0.601103
1,0,1,0,0,0,1,1,1,1,1,0,1,1,1,0,1,0,1,1,1,1,1,0,1,0,1,1,0,1,1,1,0.555280
0,0,1,0,1,1,1,0,0,0,1,1,1,1,1,1,1,0,1,1,0,0,1,0,0,0,0,1,0,0,0,0,0.695812
1,0,0,1,1,0,1,0,0,0,1,1,0,1,1,1,0,1,1,1,1,0,0,0,0,0,0,0,0,0,1,1,0.910939
1,1,0,0,1,1,1,1,0,1,1,0,1,1,0,1,0,1,1,0,0,0,0,0,1,1,0,0,0,0,0,1,0.629236
0,1,1,0,1,1,1,1,0,1,1,1,0,0,1,1,1,1,0,1,0,1,1,1,0,1,1,0,0,1,1,0,0.576060
1,0,0,0,1,1,1,1,0,1,0,0,0,1,1,1,0,1,1,1,0,1,1,0,0,1,1,0,0,0,0,1,0.775948
1,1,1,1,1,1,1,0,1,0,0,0,1,0,1,0,0,1,1,0,0,0,0,0,1,1,0,0,0,1,0,1,0.603767
0,1,1,0,0,0,0,0,1,1,1,0,0,1,1,0,0,0,0,1,1,1,1,0,0,0,0,0,1,1,1,1,0.690084
0,0,1,1,1,1,1,1,1,1,1,0,0,0,1,1,1,1,0,0,1,0,1,0,1,1,1,0,0,0,0,1,0.823236
0,0,0,0,1,0,1,1,1,1,0,0,0,0,1,1,0,1,1,1,0,1,0,0,1,1,1,1,1,0,1,0,0.676337
1,0,1,0,0,1,1,0,1,0,1,1,0,1,0,1,0,1,1,0,0,1,1,1,1,0,0,0,1,0,1,0,0.602275
0,0,1,1,1,0,0,1,0,0,0,0,1,1,0,1,0,1,1,0,0,1,0,0,1,0,0,1,1,1,1,1,0.830350
0,0,0,1,1,0,1,1,1,1,0,1,1,0,0,1,0,0,0,0,0,0,1,1,1,1,1,1,0,1,1,0,0.620364
0,0,1,0,1,0,1,1,1,1,0,0,1,1,1,0,1,0,0,0,0,1,0,0,0,1,1,0,0,0,1,1,0.734255
0,1,0,0,0,1,1,1,1,0,0,0,1,0,1,1,0,0,0,0,1,0,0,1,1,1,1,0,1,0,1,1,0.611120
0,0,0,0,0,0,0,0,0,1,1,1,0,0,1,0,0,1,0,1,0,0,1,0,0,0,0,0,0,1,0,0,0.691123
0,0,1,0,1,0,0,0,0,0,0,0,1,1,0,0,1,0,1,0,1,1,0,0,1,1,1,0,0,0,1,0,0.827206
0,0,0,1,0,0,1,1,0,1,0,0,0,1,0,1,1,1,0,0,0,1,1,1,1,1,1,1,0,0,1,1,0.712463
0,1,0,1,1,0,1,0,0,1,0,1,1,1,0,0,1,0,1,1,1,0,0,0,0,0,0,1,1,0,0,1,0.584319
0,0,0,0,0,1,1,0,1,1,1,1,0,1,1,1,1,0,1,0,1,0,0,1,0,1,1,0,0,1,0,0,0.664109
1,0,1,1,1,0,1,0,0,1,0,1,0,1,0,0,1,0,0,0,0,1,0,0,0,0,0,0,1,1,0,1,0.724504
1,1,1,0,0,1,1,0,0,1,0,0,0,0,0,0,0,0,1,0,0,1,0,1,1,1,1,1,0,0,0,0,0.710704
1,0,1,1,0,0,0,1,1,0,1,1,0,0,1,0,1,0,1,0,1,0,1,0,1,0,0,0,1,0,0,1,0.746723
1,0,0,1,1,1,1,1,0,1,1,0,0,1,0,1,0,0,1,1,0,0,1,0,1,1,1,1,1,0,1,0,0.772032
1,1,1,0,1,0,1,1,0,1,1,1,0,1,0,1,1,0,1,1,1,1,0,0,0,0,1,1,1,0,0,0,0.599957
1,1,0,0,1,1,1,1,1,1,0,0,1,1,0,1,1,0,0,0,0,1,1,0,0,0,0,1,0,1,1,1,0.829763
1,1,0,0,0,0,1,0,0,1,0,0,0,0,1,0,0,1,0,0,1,1,0,0,1,1,0,1,0,0,1,0,0.772512
1,1,0,0,0,1,0,0,0,1,0,0,0,0,0,1,1,0,1,1,1,1,1,1,1,1,0,1,0,1,1,1,0.817722
0,0,1,1,1,1,1,0,0,0,1,1,1,1,1,0,0,0,1,0,1,1,1,0,0,1,0,1,1,0,1,1,0.605659
0,0,0,0,0,0,1,0,1,1,1,1,1,0,0,1,1,0,0,0,1,1,0,0,1,0,0,1,1,1,1,1,0.558877
1,1,0,1,1,0,0,1,1,1,1,1,1,1,0,1,0,1,0,0,0,1,1,1,1,1,1,1,1,0,1,1,0.550725
0,0,1,0,0,0,1,0,1,0,0,1,0,0,1,1,1,1,1,0,0,0,0,0,1,0,1,1,1,1,0,0,0.605952
0,1,1,1,1,0,1,1,0,0,1,0,1,0,1,1,0,1,1,1,0,0,1,1,1,0,0,0,0,0,1,1,0.650069
0,0,0,0,0,0,0,0,0,0,0,1,0,1,1,0,1,1,1,0,0,1,1,0,0,0,0,1,0,1,0,1,0.758046
1,0,0,0,1,1,0,1,0,1,1,1,0,0,1,0,1,0,1,1,1,0,0,1,1,1,1,0,1,0,0,0,0.666400
1,0,1,0,0,1,0,1,1,1,1,1,1,1,1,0,1,0,1,0,1,0,0,0,0,0,0,0,1,0,0,0,0.674792
1,1,0,0,0,0,1,0,1,1,0,1,0,1,1,0,1,0,0,0,1,0,0,0,0,0,0,0,1,0,1,1,0.611733
1,1,1,1,1,0,1,0,0,0,0,1,1,0,0,0,0,1,1,1,1,1,0,0,0,1,0,1,1,0,0,1,0.761189
0,0,0,0,1,0,0,1,1,0,1,1,0,0,1,1,0,1,0,0,0,0,0,0,1,1,0,1,1,1,1,1,0.732577
0,1,1,0,1,1,0,1,0,1,0,1,0,1,1,1,0,1,0,1,0,1,1,1,0,0,0,0,1,0,0,1,0.775256
0,0,0,0,1,0,0,1,1,0,1,0,0,0,1,1,1,0,1,0,0,1,0,1,1,0,1,1,1,1,0,0,0.550538
0,0,1,1,0,0,0,1,0,1,1,1,0,1,1,1,0,1,0,0,0,1,0,0,1,1,1,1,0,1,1,0,0.591965
0,1,1,0,0,1,0,1,1,1,1,1,0,1,0,0,1,1,1,0,0,1,1,0,1,1,0,0,0,0,1,1,0.618873
1,0,0,1,1,0,0,0,1,0,1,1,1,0,0,1,0,0,0,0,1,0,0,1,1,1,0,1,1,1,0,0,0.716565
0,1,0,1,0,0,0,0,1,0,1,0,1,1,0,1,0,1,1,1,0,1,1,1,0,1,1,1,1,0,0,0,0.644741
0,0,1,1,1,0,1,1,0,0,1,1,0,0,0,0,0,1,1,1,1,0,0,0,1,1,1,1,0,0,1,1,0.758552
1,0,0,1,0,0,0,1,0,0,0,1,0,0,1,1,0,0,1,0,0,0,0,0,0,1,0,0,0,1,1,1,0.563326
0,1,0,0,0,1,1,0,0,0,1,1,0,0,0,0,1,1,0,0,0,1,1,0,0,0,1,0,0,0,0,1,0.542493
0,1,1,0,0,0,0,0,0,1,0,1,0,0,1,1,0,1,1,1,0,0,0,0,1,1,1,1,0,0,1,1,0.618793
1,0,0,1,0,1,0,1,0,0,0,0,0,0,1,0,1,1,1,0,0,0,1,0,1,1,0,0,1,1,1,0,0.578351
1,0,0,0,0,1,1,0,0,0,1,0,0,0,1,1,1,1,1,1,0,0,0,1,1,0,0,0,0,0,0,1,0.619991
