0,0,0,1,0,0,0,1,1,1,1,0,0,0,1,0,1,1,1,1,0,1,0,0,0,0,1,0,0,1,1,1,0.885843
0,0,0,0,0,0,1,0,1,1,1,1,1,0,0,0,1,1,0,0,1,1,0,1,0,0,0,1,1,1,1,1,0.884671
0,0,1,0,0,1,1,0,1,1,1,1,0,1,1,1,1,1,0,0,1,0,0,1,1,1,0,0,0,0,1,1,0.939312
1,1,0,1,1,0,1,1,1,1,1,0,0,0,0,1,0,1,1,0,1,1,0,1,1,0,1,0,1,1,0,0,0.771473
0,1,1,1,0,1,0,1,0,1,1,1,0,0,0,0,0,1,0,0,0,0,1,0,1,1,0,1,1,0,1,0,0.370977
1,0,1,1,1,0,1,1,1,1,0,1,1,0,1,1,1,1,0,1,1,0,1,0,0,1,0,0,1,0,0,0,0.969043
1,0,1,0,0,1,0,0,0,1,1,0,1,1,1,1,1,0,0,1,0,1,0,1,1,1,0,0,0,0,0,1,0.897006
1,1,1,0,0,1,1,1,0,0,0,0,0,0,0,0,1,0,1,1,1,1,1,0,1,0,1,1,1,0,0,0,0.931959
0,1,1,0,0,1,1,1,1,1,1,1,1,1,1,1,1,0,1,0,0,0,0,1,0,1,0,1,0,0,0,1,0.864397
0,1,0,0,0,1,0,0,0,1,1,0,0,0,0,0,1,0,0,0,1,0,0,0,0,0,1,0,1,1,0,1,0.836024
0,0,0,0,1,1,1,1,1,0,1,1,0,0,0,0,0,0,0,1,1,0,0,1,1,1,0,1,1,1,1,0,0.321425
0,0,1,1,1,0,0,0,1,0,0,1,0,1,1,0,1,0,0,0,0,1,1,0,1,1,0,0,1,0,0,1,0.815803
0,0,0,0,0,0,0,1,1,0,0,1,1,0,1,0,1,1,1,0,0,1,1,0,0,1,1,1,0,0,0,0,0.200368
0,0,1,1,1,1,0,0,1,1,1,1,0,0,0,1,1,0,0,0,0,0,1,0,0,1,1,0,0,0,1,0,0.557039
0,0,1,1,1,0,0,0,1,0,1,1,1,1,0,0,1,0,0,0,1,1,0,0,1,0,0,1,0,1,1,0,0.500293
1,0,1,0,1,1,1,1,0,0,0,1,0,0,1,0,0,1,1,0,0,1,0,1,1,1,0,1,1,1,0,0,0.797261
1,1,0,0,0,0,0,0,0,0,0,1,1,1,1,1,1,0,0,1,1,0,0,1,0,0,1,0,0,0,0,1,0.892450
1,0,0,1,0,0,0,1,0,0,1,0,0,0,1,1,0,1,1,1,1,1,1,0,1,1,1,1,0,0,0,0,0.814951
1,0,1,0,0,1,1,0,0,0,0,1,0,0,1,1,1,1,0,1,0,0,0,0,0,1,1,0,1,0,0,1,0.837196
1,1,1,0,0,0,1,1,1,1,1,1,0,0,0,0,0,0,1,0,0,1,0,1,0,0,0,1,1,0,1,0,0.811141
0,0,1,0,1,0,0,0,0,1,1,1,0,1,0,0,1,1,1,1,1,0,0,0,0,0,0,0,0,1,1,1,0.890292
0,1,0,0,0,1,1,0,1,0,0,1,1,1,0,1,0,1,0,0,1,1,0,0,1,0,1,1,0,1,1,1,0.914162
0,0,1,0,1,0,0,0,1,1,0,1,0,1,1,0,0,1,1,0,0,1,1,1,0,0,0,1,1,1,1,0,0.165574
1,0,1,0,0,1,1,1,1,1,1,1,1,0,0,1,0,1,1,0,1,1,1,1,0,0,0,1,1,1,1,1,0.942668
1,0,0,1,0,0,0,0,0,0,1,0,0,1,1,1,0,1,1,1,0,0,1,0,1,1,1,1,1,0,0,1,0.862798
1,1,0,0,1,0,1,1,1,1,0,1,0,1,1,1,0,1,0,1,0,1,1,0,0,1,1,0,0,1,1,0,0.785859
0,0,1,0,1,0,0,0,0,0,1,1,1,0,0,1,0,1,0,1,0,0,1,1,0,0,0,0,1,0,0,1,0.886855
0,0,0,1,0,0,0,1,0,0,0,1,0,1,1,0,1,1,0,1,1,1,1,1,0,1,1,0,1,0,1,1,0.907662
0,0,0,0,0,0,1,1,0,0,0,1,0,1,1,0,1,0,1,1,1,0,0,1,1,0,0,0,1,1,1,1,0.941629
0,0,0,1,1,0,1,1,0,1,1,1,1,1,0,1,0,0,0,0,0,0,0,0,0,1,1,1,0,1,0,1,0.870951
0,0,1,1,1,1,0,1,0,1,0,1,0,0,0,0,0,0,0,1,1,0,1,1,1,1,1,1,1,1,0,1,0.900629
0,1,0,0,0,1,1,0,1,0,1,0,1,0,1,0,0,1,0,1,1,1,1,0,0,0,1,0,1,0,0,1,0.800405
0,0,1,1,1,0,0,0,0,0,0,0,1,0,0,0,1,0,0,1,0,0,0,1,1,0,1,1,1,1,0,1,0.875080
0,0,0,0,1,1,0,0,0,1,0,0,1,1,1,0,1,1,0,0,0,0,1,1,0,1,0,0,1,1,1,0,0.332907
1,0,1,0,0,1,1,1,0,1,1,1,0,1,1,1,0,0,1,0,0,0,1,0,1,0,0,1,0,0,0,1,0.796462
0,1,0,1,1,1,1,1,0,0,0,0,1,0,1,1,1,1,1,0,1,0,0,0,0,0,1,0,0,1,0,1,0.898684
0,0,0,1,0,0,0,0,0,1,1,0,0,0,1,1,1,0,1,1,0,1,0,0,0,0,1,0,0,1,0,1,0.884138
1,1,0,0,0,0,1,1,1,1,1,1,0,1,1,1,1,1,1,0,0,1,0,0,0,0,0,1,0,0,1,1,0.836743
1,0,0,1,1,0,1,1,0,0,1,1,1,1,1,1,0,1,0,1,1,1,1,1,0,0,1,1,1,0,1,0,0.808557
1,0,0,1,0,1,1,1,0,1,1,0,1,0,0,1,1,1,1,0,1,0,0,0,0,1,0,1,0,0,1,1,0.836930
1,0,0,0,0,1,1,0,1,0,1,1,1,1,0,0,1,0,0,0,0,1,1,1,0,1,0,0,1,0,1,0,0.791587
1,0,1,1,0,1,1,0,0,1,1,1,1,1,1,1,0,0,1,1,1,0,1,0,1,1,0,0,1,0,0,1,0.859415
1,0,0,1,0,1,1,0,1,1,1,0,1,0,0,1,0,1,0,1,1,1,1,0,1,1,1,1,0,0,0,0,0.808344
1,1,1,0,0,0,0,0,1,0,1,0,0,1,0,1,0,0,0,0,0,0,0,1,1,0,1,0,0,1,1,1,0.982657
0,1,1,1,1,0,0,0,0,1,1,1,1,1,1,0,0,0,0,0,0,1,1,1,0,1,1,1,0,1,0,1,0.909687
0,1,1,0,1,1,0,1,0,1,0,1,0,0,0,1,0,1,0,1,0,1,0,0,1,0,1,0,0,1,0,1,0.882326
1,1,0,1,1,0,1,1,1,1,1,1,0,1,0,0,1,0,1,0,0,0,1,1,0,0,0,0,1,1,1,1,0.946451
1,1,0,1,0,0,1,1,0,1,1,0,0,0,0,1,1,0,1,1,1,0,0,0,0,1,1,0,1,1,1,1,0.952339
1,0,0,1,1,1,1,1,1,1,1,1,1,1,0,1,1,0,1,1,0,1,1,1,0,0,0,1,1,0,1,1,0.915015
0,1,1,0,0,0,0,1,0,0,1,0,0,1,1,0,1,0,1,0,0,0,0,0,1,0,0,0,0,0,0,0,0.173300
1,1,1,0,1,1,1,0,1,0,1,0,1,1,1,0,1,0,1,0,1,1,1,0,1,1,1,1,1,0,1,0,0.934676
0,1,0,1,0,0,0,0,0,0,1,0,0,0,0,0,0,1,0,1,1,0,1,1,0,0,0,1,0,1,0,0,0.167546
1,0,1,0,1,0,0,1,0,1,1,1,1,1,1,0,1,1,1,1,0,0,1,0,0,0,0,1,0,1,1,1,0.890532
1,1,0,1,1,0,0,0,0,1,0,1,1,1,0,0,1,0,0,1,1,1,1,1,0,1,0,0,1,0,0,0,0.927829
0,0,1,0,0,0,1,0,0,1,1,1,0,0,1,0,1,1,1,0,0,0,1,1,0,1,0,1,0,0,1,1,0.872283
1,1,0,0,0,0,0,1,1,1,1,0,0,1,1,0,0,1,0,0,1,1,0,1,0,1,1,1,0,0,1,0,0.758499
1,1,0,1,1,0,0,0,1,1,1,1,1,0,0,1,1,1,1,1,1,1,0,1,0,0,0,1,0,0,0,1,0.856378
0,1,1,0,0,0,1,0,1,1,1,1,1,0,0,1,1,1,1,0,0,1,1,1,0,0,1,1,1,1,1,1,0.942615
0,1,0,0,0,1,0,1,1,1,1,1,0,0,0,1,1,0,0,1,1,1,1,1,0,1,1,1,0,0,1,0,0.504982
0,0,0,1,0,0,0,0,0,1,1,1,0,0,0,0,0,1,0,1,0,1,0,0,0,0,0,0,1,0,1,1,0.831495
0,1,0,1,0,0,1,0,1,0,1,1,0,0,0,1,0,1,0,0,1,1,1,1,0,0,0,1,0,0,1,1,0.909633
0,0,1,1,1,0,0,1,0,0,1,0,1,0,1,1,1,1,1,1,1,1,0,0,0,1,0,0,0,1,0,1,0.897352
0,0,0,1,0,0,0,0,0,0,1,0,0,0,0,1,1,0,1,0,1,1,1,0,0,1,0,1,1,0,1,0,0.270673
0,0,1,0,0,1,0,0,0,0,0,0,0,0,0,1,0,0,0,0,0,1,1,0,0,0,1,0,1,0,0,0,0.111360
0,0,1,1,1,1,1,0,0,0,0,0,1,1,0,1,0,0,1,0,1,1,0,0,1,1,0,1,1,1,0,1,0.870151
1,0,0,1,0,1,1,0,1,0,1,0,0,0,1,1,0,1,0,1,1,0,0,1,0,1,0,0,0,1,0,0,0.725117
1,1,1,1,0,0,0,1,1,1,1,0,1,1,1,0,0,0,0,0,0,1,0,1,1,0,1,1,1,1,0,1,0.875559
1,1,1,1,0,1,0,1,0,0,0,0,1,0,1,0,0,1,1,0,0,1,0,0,1,0,1,1,0,0,0,1,0.755355
0,0,1,1,1,1,1,0,0,1,0,0,0,1,1,1,1,1,1,0,1,0,1,0,0,0,1,1,1,1,0,0,0.526295
1,1,1,1,1,1,1,1,0,1,0,0,1,0,0,1,0,0,1,1,0,0,1,0,0,0,0,1,1,0,1,1,0.885230
0,0,0,0,0,1,1,1,1,1,1,0,1,0,0,0,0,0,0,0,0,1,1,1,0,1,1,0,1,1,0,1,0.894555
1,0,1,0,1,0,1,1,1,1,1,0,0,1,0,0,0,0,1,1,0,0,1,0,1,0,0,0,1,0,0,0,0.924206
0,0,0,1,1,1,1,0,1,0,0,1,1,1,0,0,1,1,1,1,1,0,1,1,0,1,1,1,1,1,1,1,0.906969
1,1,1,1,1,1,0,1,0,0,1,1,0,1,1,1,1,1,1,0,1,0,1,0,0,0,0,0,0,0,1,1,0.899137
1,1,0,0,1,1,1,1,0,1,1,0,0,1,1,0,0,1,1,1,0,0,1,1,1,1,1,0,1,1,1,0,0.788283
0,1,1,1,0,0,1,1,0,0,0,1,1,1,0,0,1,0,0,1,0,0,1,0,0,0,0,0,0,0,0,0,0.190750
0,0,1,1,0,1,0,1,0,0,1,0,0,0,0,0,1,1,0,0,0,0,1,1,1,0,1,0,1,0,0,0,0.251945
1,0,0,1,0,1,0,1,1,1,0,1,1,1,0,1,0,1,1,1,0,1,0,1,1,1,0,1,1,1,0,1,0.899670
0,1,0,1,1,0,0,1,0,0,1,0,1,1,0,0,0,0,1,1,0,1,0,0,0,1,0,1,0,1,0,0,0.237585
1,1,0,1,0,1,0,1,0,1,1,0,0,1,0,1,1,0,0,1,0,1,1,1,0,0,1,0,1,0,0,1,0.898124
0,1,0,0,1,0,0,1,0,0,0,0,1,0,0,0,0,0,1,0,0,1,0,0,1,1,0,0,0,1,1,1,0.879955
1,1,1,1,0,0,1,1,1,0,1,0,1,1,0,0,0,0,1,1,0,1,1,1,1,0,1,0,1,1,1,0,0.890345
0,1,0,0,1,0,0,1,1,1,1,1,1,0,1,0,0,0,0,0,0,1,1,0,0,1,1,0,1,1,0,0,0.406863
0,1,1,1,0,0,1,1,0,1,1,1,0,0,0,0,1,0,0,0,0,0,1,0,1,0,0,1,1,0,1,1,0.795157
0,1,1,1,1,0,1,1,1,0,0,1,0,0,0,0,1,1,0,0,0,1,0,0,1,0,0,0,0,0,1,0,0.557305
0,0,1,0,0,1,0,1,1,0,1,1,1,0,1,0,1,0,1,0,0,1,0,1,0,1,1,0,1,0,0,0,0.399643
1,1,0,1,1,0,0,0,0,1,1,1,0,1,0,0,1,0,0,0,1,0,1,0,1,1,0,0,0,0,1,0,0.852169
1,0,1,0,0,1,1,1,0,1,1,1,1,1,0,0,0,1,1,0,1,0,1,1,1,0,0,0,0,1,1,0,0.821451
1,1,0,0,0,0,1,1,0,0,1,0,1,1,0,1,1,1,1,0,0,0,1,1,0,0,0,0,1,0,1,1,0.942482
1,0,1,0,0,0,1,0,0,1,0,1,0,1,0,1,0,0,0,1,1,0,1,1,0,0,1,0,1,0,0,0,0.798993
0,0,0,1,1,1,1,0,1,1,0,1,0,1,0,0,0,1,1,1,0,1,0,1,1,0,0,1,1,0,0,0,0.369539
1,0,0,0,1,0,0,0,0,1,0,0,0,1,0,1,0,0,1,0,0,1,0,0,1,0,1,0,0,0,1,1,0.885150
0,0,0,0,0,1,1,0,1,1,1,1,0,1,0,0,0,1,1,0,1,1,1,0,0,0,1,1,1,0,0,1,0.779252
1,0,1,0,0,0,0,1,0,0,1,0,1,0,1,1,1,1,1,1,1,1,1,0,0,0,1,1,0,1,1,0,0.823370
1,0,0,1,0,0,1,1,1,1,1,0,1,1,1,1,0,1,1,0,0,0,1,0,1,1,1,1,1,0,1,1,0.876172
1,1,1,0,0,0,0,0,0,0,1,0,0,1,1,1,0,1,1,0,1,1,0,1,0,0,0,1,0,0,1,0,0.720322
1,0,0,0,1,0,0,1,0,0,0,0,1,0,0,1,0,0,1,0,1,1,1,0,1,1,1,0,1,1,1,0,0.719869
1,0,1,1,0,0,0,1,0,0,0,1,1,1,1,0,0,1,1,1,1,0,1,0,1,0,1,1,1,1,0,1,0.811088
1,1,1,1,1,1,0,0,1,1,0,1,0,1,0,1,1,0,0,1,1,0,0,0,0,0,1,0,1,1,0,1,0.890878
1,0,0,1,1,1,1,0,1,0,0,0,0,0,1,1,0,1,0,0,1,0,1,1,0,0,0,0,1,1,0,0,0.777014
0,1,1,1,0,1,1,0,1,0,1,1,0,0,0,1,1,0,1,1,1,1,1,0,1,0,0,1,0,1,0,1,0.881953
1,1,1,0,1,1,0,0,1,0,1,0,0,0,0,1,1,1,1,1,1,1,0,1,1,1,1,0,0,0,1,0,0.881820
1,0,1,0,1,1,0,0,1,0,0,0,1,0,1,1,0,0,0,0,1,1,1,1,0,1,1,1,1,1,1,1,0.939738
1,1,0,1,1,0,1,1,0,1,1,0,0,0,0,1,1,0,1,1,1,0,0,0,0,0,1,0,0,1,1,0,0.879742
0,0,1,0,1,0,0,1,0,0,1,0,0,0,1,0,0,0,1,0,1,1,0,1,0,1,0,1,0,1,0,1,0.848599
1,1,1,0,1,0,1,1,0,0,1,0,1,1,0,0,1,0,1,0,0,1,0,0,0,1,0,0,0,0,0,1,0.796915
0,1,0,0,1,1,0,0,1,0,0,0,0,1,0,0,1,0,0,0,1,1,1,1,0,1,0,0,1,1,1,0,0.517184
0,1,0,0,1,0,1,1,0,1,0,1,1,0,1,0,0,0,1,0,0,1,1,1,1,1,0,0,0,0,1,0,0.413923
1,0,0,0,1,0,0,0,1,0,0,0,0,1,1,1,0,0,0,0,1,1,1,0,0,1,0,1,0,1,1,0,0.720402
0,0,0,1,1,1,1,1,0,0,0,1,0,0,0,0,0,1,1,1,0,0,1,0,1,1,0,1,1,1,0,0,0.213688
0,0,0,1,1,1,1,1,0,1,1,1,1,1,1,0,1,1,1,0,1,1,1,1,1,1,1,0,1,0,1,1,0.915175
0,0,0,0,1,1,1,1,0,1,1,0,1,0,0,0,1,1,0,1,1,0,1,0,1,0,0,0,1,1,1,1,0.890212
0,0,0,1,0,1,1,1,0,1,0,1,0,1,0,0,0,1,1,0,0,1,0,1,0,0,1,1,0,1,1,1,0.906809
1,0,0,0,1,0,1,0,1,1,1,0,1,0,0,1,1,1,0,1,0,1,1,1,0,0,1,0,0,0,0,1,0.889733
0,1,1,0,1,1,0,1,1,1,1,1,1,1,1,0,1,0,1,0,0,1,1,1,0,0,1,0,1,1,1,1,0.952605
1,0,0,1,1,1,0,1,0,1,1,1,0,0,0,0,1,0,1,0,0,1,1,1,0,0,0,0,0,0,1,1,0.889066
0,1,0,0,1,1,0,1,0,0,1,1,1,1,0,1,0,1,0,1,0,0,1,1,1,0,1,0,1,0,1,1,0.943787
1,0,1,0,0,1,0,1,1,0,0,1,0,0,0,1,0,0,0,1,0,1,1,0,0,0,0,0,0,1,0,0,0.770540
1,1,0,1,0,0,1,0,1,0,1,1,1,0,1,0,1,1,0,0,1,1,1,1,0,0,1,0,1,1,0,0,0.858829
1,1,1,0,0,0,1,1,1,1,0,0,1,1,0,0,0,0,1,1,0,1,1,1,0,1,0,0,1,0,1,1,0.898551
0,0,0,1,0,0,1,1,1,0,0,0,0,1,1,0,0,1,0,0,1,1,1,0,1,0,1,0,0,1,0,1,0.882060
0,0,0,0,0,1,0,0,0,0,1,1,1,0,1,1,1,0,1,0,0,1,0,0,0,0,0,1,1,1,0,1,0.833094
0,0,1,0,1,0,0,0,0,0,1,0,0,0,1,1,1,0,1,1,1,1,0,1,1,1,1,1,1,1,0,0,0.452126
0,1,1,1,0,0,1,1,0,1,1,0,1,0,0,0,0,0,1,1,0,1,1,1,0,1,1,0,1,1,1,0,0.488704
1,0,1,0,0,0,1,0,1,1,0,0,1,0,1,0,1,1,1,1,1,1,1,0,1,1,0,1,0,0,1,1,0.824568
0,0,0,0,1,1,0,0,1,0,1,0,0,0,1,1,0,0,0,1,0,1,0,1,1,0,0,0,1,1,1,0,0.251305
1,1,1,1,0,0,1,1,1,1,1,0,0,0,0,0,1,0,0,0,0,0,1,0,0,1,0,0,1,1,0,0,0.893143
1,0,0,1,0,1,0,1,1,0,0,0,1,1,0,0,1,1,0,0,0,0,0,0,1,1,1,0,0,1,0,0,0.839328
