0,1,0,0,0,0,1,0,1,0,0,1,0,1,1,0,1,0,1,0,1,0,1,0,1,1,1,1,0,1,1,1,0.610161
1,1,1,0,0,0,1,0,1,0,0,1,1,1,1,1,1,0,1,0,1,0,1,1,1,1,0,0,0,0,0,0,0.634165
0,0,1,1,0,1,0,1,1,1,0,0,1,1,1,1,1,0,0,1,1,1,1,0,1,0,1,0,0,0,1,1,0.587543
1,1,0,1,0,1,0,1,1,1,0,0,1,0,1,0,0,1,0,1,0,1,1,0,1,0,1,0,0,0,0,0,0.673513
1,0,0,0,1,0,1,0,1,0,0,1,1,0,1,1,0,0,0,1,0,0,1,0,0,0,1,0,1,0,1,0,0.610747
1,1,0,0,0,1,0,0,1,1,0,0,0,0,0,0,1,0,1,0,1,1,1,1,0,0,0,0,1,1,1,0,0.677296
1,0,0,1,1,1,0,0,1,1,1,1,0,0,1,1,1,0,0,0,0,1,1,0,0,1,0,1,1,1,1,1,0.466033
1,1,0,1,0,0,1,0,0,1,1,0,0,1,1,1,1,0,1,0,1,0,0,1,1,0,1,0,0,0,1,1,0.579524
1,1,0,0,1,0,1,0,1,0,1,0,0,0,0,1,0,1,0,0,0,1,1,1,0,0,0,1,1,0,1,0,0.639333
1,0,0,0,1,1,1,1,1,0,0,0,1,1,0,1,0,0,1,1,0,1,1,1,0,1,0,0,0,0,1,0,0.603740
1,0,1,1,0,0,0,0,0,0,0,1,0,0,0,0,0,0,1,0,1,0,1,0,0,1,1,1,1,1,0,1,0.736440
0,1,0,1,0,0,0,0,1,0,0,1,1,0,1,1,1,1,0,0,0,0,0,0,0,0,1,0,1,1,1,0,0.692375
0,1,0,0,0,1,1,0,0,1,0,0,1,1,0,1,1,0,0,0,0,0,1,0,1,1,0,1,0,1,0,0,0.785912
1,1,0,0,0,1,0,1,0,1,1,0,1,1,0,0,1,1,1,0,0,0,0,0,1,1,1,1,0,0,0,0,0.629795
1,0,0,0,1,1,0,0,1,1,0,1,0,1,0,0,1,1,1,1,0,1,1,1,0,0,1,0,0,0,1,0,0.742168
0,0,1,0,1,0,0,1,0,1,1,0,0,1,1,1,0,1,0,0,1,1,1,0,0,1,1,1,0,1,0,0,0.833147
0,0,1,1,1,1,1,1,0,1,1,0,1,1,1,1,0,1,1,0,1,1,1,0,0,0,0,0,0,1,0,0,0.694214
1,0,1,0,1,1,1,0,1,0,0,0,0,0,1,1,1,1,0,0,1,1,1,1,1,1,0,1,1,0,1,1,0.328884
1,0,1,0,0,0,1,0,1,0,1,1,0,0,0,1,1,1,0,0,1,1,0,0,1,0,1,0,1,0,1,1,0.623641
1,0,0,0,1,1,0,1,1,1,0,1,0,0,1,1,1,1,0,1,0,1,1,1,0,1,1,0,0,0,0,0,0.597373
0,0,0,1,0,1,0,1,0,1,0,0,0,0,1,0,0,1,1,1,1,1,0,0,0,0,1,0,0,1,0,1,0.846521
0,0,1,0,1,0,1,0,0,1,0,0,0,0,0,0,1,1,0,0,0,0,0,1,0,0,1,0,0,0,0,0,0.701300
1,0,0,0,0,1,1,1,1,1,1,1,0,0,1,0,1,1,1,0,1,1,0,1,0,1,0,0,1,1,1,1,0.487798
0,0,0,1,0,1,1,1,1,1,0,1,0,0,0,1,1,1,0,1,0,1,1,0,0,0,1,0,0,0,0,1,0.666400
1,1,1,1,1,0,1,0,1,0,0,0,0,0,1,0,0,0,1,0,1,0,0,0,0,0,1,1,0,1,0,1,0.620658
1,1,1,0,1,0,1,0,0,0,0,1,1,1,0,1,0,0,1,1,0,0,1,0,0,1,0,1,0,1,0,0,0.657689
1,1,0,0,0,1,0,0,1,1,1,1,0,0,0,1,0,0,0,0,0,0,1,0,1,1,1,1,1,0,1,0,0.622602
0,1,1,0,0,0,0,0,1,0,1,0,1,0,0,0,0,1,0,0,0,0,1,1,0,1,1,1,1,1,1,0,0.640345
1,0,1,0,0,0,1,1,0,1,1,1,0,0,1,1,0,0,1,1,1,0,0,0,0,1,0,1,0,1,0,1,0.666267
1,1,1,1,0,1,0,0,1,1,0,0,1,1,1,0,0,1,1,0,1,1,0,1,1,1,0,1,1,0,0,0,0.616608
1,0,0,0,0,0,1,0,0,0,1,0,0,0,1,0,0,0,1,1,0,0,1,0,0,1,0,0,0,1,1,1,0.729966
1,1,0,1,1,0,1,0,0,0,0,0,0,1,1,0,1,1,1,1,0,0,0,1,0,1,1,1,0,1,1,0,0.595855
1,1,0,0,0,0,0,1,0,1,1,0,1,0,1,1,0,1,0,1,1,1,0,0,0,1,0,0,0,0,1,0,0.720109
1,1,0,1,1,0,1,1,0,0,1,1,1,0,1,0,1,1,0,1,0,1,1,1,1,0,0,0,1,0,0,1,0.527147
0,0,0,0,1,1,0,0,1,0,0,1,1,0,0,1,1,1,1,0,1,0,1,1,0,1,1,1,1,1,0,0,0.608909
1,1,0,1,0,1,0,1,0,1,0,1,0,1,0,1,0,0,1,1,0,1,1,1,0,0,1,0,0,0,0,1,0.626812
1,0,1,0,0,0,1,1,0,1,0,1,0,1,1,1,0,1,0,0,1,0,0,0,1,1,1,0,0,0,1,1,0.634937
1,1,1,0,0,0,1,1,0,0,1,0,0,0,1,1,1,1,1,1,1,0,0,0,0,0,0,0,1,0,0,1,0.643915
1,1,1,1,0,0,1,0,1,1,1,1,1,0,1,1,0,0,1,0,0,0,1,0,0,0,0,0,0,1,1,1,0.559729
1,1,0,0,1,0,0,0,0,0,0,1,1,0,0,1,1,1,0,1,0,0,0,1,0,1,0,1,0,1,0,1,0.634165
1,1,0,0,0,1,1,0,1,0,0,1,0,0,1,1,0,0,0,1,1,1,0,1,1,1,1,1,1,1,1,0,0.546409
1,1,1,1,0,1,1,0,1,0,0,1,1,1,0,1,1,1,0,1,0,0,0,0,1,1,0,1,1,0,0,1,0.517397
0,1,0,0,1,0,1,0,0,1,0,1,0,1,1,1,1,0,0,0,1,0,1,0,0,1,0,0,0,0,1,0,0.672528
1,1,0,1,1,0,1,0,1,1,1,1,1,0,1,0,0,1,1,1,0,1,1,0,1,1,0,1,0,0,0,0,0.704204
0,0,1,1,1,0,0,1,0,1,0,0,1,1,0,0,0,0,0,0,0,0,1,1,0,0,1,1,1,0,0,0,0.793079
0,0,1,0,0,1,0,1,1,1,1,0,0,0,1,1,1,1,0,0,0,1,0,0,1,0,1,1,0,1,1,0,0.639173
0,1,0,0,0,0,0,0,1,1,0,1,0,1,1,1,1,1,0,1,0,0,0,1,0,1,0,0,1,1,0,0,0.673061
1,1,0,1,1,1,0,0,0,1,1,1,1,0,0,1,0,0,0,1,0,0,0,1,1,0,1,0,1,0,0,1,0.614317
1,1,0,1,0,0,1,0,1,0,0,1,0,0,1,1,0,0,0,0,1,0,1,1,1,1,1,0,0,1,0,0,0.629369
1,1,0,1,0,1,0,0,0,0,0,1,0,0,0,1,1,1,1,0,1,0,1,0,1,0,1,1,1,1,0,0,0.597693
1,0,1,1,1,0,0,1,1,0,1,1,1,1,1,0,0,1,0,1,1,0,1,0,1,0,1,0,0,1,1,1,0.490676
0,1,1,0,1,0,1,0,1,0,1,0,1,1,0,0,1,1,1,1,1,1,1,0,1,1,0,0,1,0,1,1,0.425538
0,0,1,0,0,1,0,0,0,0,1,0,0,1,0,1,0,0,0,1,0,1,1,0,0,0,0,1,0,1,0,1,0.982603
0,1,0,0,0,0,0,0,1,0,1,0,0,1,0,0,0,1,1,1,0,0,0,1,0,0,0,1,0,1,1,1,0.707747
1,0,0,0,0,1,1,0,1,0,0,0,0,0,1,1,1,1,1,1,1,0,1,0,0,0,1,0,1,1,1,0,0.597347
1,1,0,0,0,0,0,1,0,0,0,1,1,0,0,0,1,1,1,1,0,0,0,0,1,1,1,0,1,0,0,1,0.633925
0,1,1,1,1,1,1,1,0,1,1,1,0,0,1,1,1,1,1,1,1,0,1,0,1,0,0,1,0,1,1,1,0.469230
0,1,1,0,1,0,1,0,0,0,0,0,1,0,0,0,0,1,0,0,0,0,0,0,1,0,1,0,0,1,0,1,0.729513
0,1,0,0,0,1,0,1,0,1,0,1,0,1,0,0,0,0,1,1,0,1,0,0,1,1,1,1,1,0,0,0,0.850437
0,0,1,0,1,1,1,1,1,1,1,0,1,0,1,0,1,0,1,1,0,1,0,1,0,0,1,0,1,0,0,0,0.697730
0,1,0,1,0,0,1,0,1,0,1,0,0,0,0,1,0,0,0,1,0,0,0,0,1,0,1,0,1,1,0,1,0.774163
1,1,0,0,1,0,0,0,0,0,0,1,1,0,0,0,1,1,1,0,0,1,1,0,0,0,1,0,0,0,1,1,0.664775
0,0,1,1,0,1,1,0,0,0,0,0,0,0,0,1,0,0,0,0,1,0,1,1,1,0,0,0,1,0,0,0,0.981165
1,0,1,0,0,0,1,1,0,0,0,0,1,1,0,1,0,0,0,1,1,1,1,0,0,0,0,0,0,1,0,1,0.649696
0,0,1,0,1,1,0,1,1,0,0,1,0,1,1,1,0,0,0,1,1,0,1,1,0,1,1,0,1,0,1,1,0.574835
1,1,1,1,0,1,1,0,1,0,0,1,1,1,0,1,0,0,0,0,0,1,0,0,1,0,0,1,1,1,1,1,0.476289
0,0,1,0,0,0,1,0,1,0,1,0,0,0,1,1,0,0,0,1,1,0,0,1,1,1,0,0,0,1,1,1,0.697970
1,0,0,1,0,1,0,0,1,1,0,0,1,1,1,0,0,1,0,0,1,1,1,0,0,0,0,0,0,1,0,1,0.590393
0,1,1,0,1,0,0,1,1,1,1,0,0,0,1,1,0,0,0,0,0,0,1,1,1,1,0,0,0,1,0,1,0.641438
0,1,0,1,0,1,1,0,1,1,1,1,0,1,0,1,0,1,0,1,1,1,1,0,0,1,0,1,0,1,0,0,0.683371
1,1,0,0,0,0,0,0,0,0,0,1,0,1,0,1,0,0,0,1,1,1,1,1,1,0,1,1,0,0,0,1,0.689471
1,0,1,0,0,0,1,1,1,0,1,0,1,0,0,0,1,1,0,1,1,1,0,1,0,0,1,0,1,1,1,0,0.579151
1,0,0,1,0,0,0,0,1,0,1,1,0,0,1,0,1,0,0,0,1,1,1,1,0,1,0,0,1,1,1,0,0.664296
1,1,1,0,0,0,1,1,0,1,0,1,0,0,0,1,1,0,0,0,0,1,1,0,1,0,0,1,0,0,1,1,0.612212
0,1,0,0,1,0,0,1,1,0,1,1,0,0,1,1,1,0,1,0,0,1,1,1,0,1,0,1,0,0,1,0,0.536445
0,1,1,0,1,0,1,0,1,0,0,1,1,1,1,1,0,1,0,0,0,0,1,0,1,0,1,1,0,0,1,0,0.632033
1,1,1,1,0,1,1,1,0,1,0,0,0,1,1,0,1,0,0,0,1,1,0,1,0,1,0,0,1,0,1,1,0.584852
1,1,0,0,0,1,1,1,1,1,0,0,1,0,0,0,0,0,1,0,1,0,1,1,1,1,1,0,1,0,1,0,0.599158
0,1,0,0,1,1,1,0,0,1,1,1,0,1,1,1,0,0,1,0,0,0,0,0,1,1,0,0,1,0,1,0,0.660379
0,1,1,1,0,0,1,1,1,1,1,0,1,0,1,0,1,0,1,0,1,0,1,0,0,1,1,0,1,0,0,0,0.668372
0,1,0,1,1,0,1,0,1,1,1,0,0,1,0,1,1,1,1,0,0,0,0,1,0,1,1,0,0,1,0,0,0.606431
1,1,1,0,0,1,0,1,0,0,1,1,0,1,0,1,1,0,1,0,0,1,0,0,0,0,0,0,0,0,1,1,0.677456
0,1,1,1,0,1,0,1,0,1,0,0,1,0,1,1,1,0,0,0,0,1,1,1,1,1,0,1,0,1,0,1,0.632246
1,1,1,1,1,1,1,0,0,0,0,0,1,0,1,1,0,0,1,1,0,0,0,0,0,0,1,1,0,1,1,0,0.611440
1,0,1,1,0,0,1,0,1,0,0,1,0,1,1,0,1,0,0,1,0,0,0,1,1,0,0,0,1,0,0,1,0.611413
1,0,1,1,0,1,1,1,1,0,0,1,0,0,0,0,0,1,0,0,0,0,1,1,1,1,0,0,1,1,0,1,0.635870
1,0,0,0,0,1,0,0,0,1,1,1,1,0,0,0,0,0,0,0,0,0,1,1,0,0,0,1,0,0,0,1,0.716486
1,1,1,0,0,1,1,1,0,0,1,1,0,1,0,1,1,0,1,0,0,0,0,0,0,0,1,1,1,0,1,0,0.660353
1,0,0,0,0,1,1,0,0,0,0,1,0,1,0,0,1,1,0,0,1,0,0,1,1,1,1,1,0,1,1,0,0.689871
1,1,1,0,1,1,0,0,0,1,1,1,0,1,1,0,1,0,0,0,0,0,1,1,1,0,0,1,1,0,0,0,0.731591
0,0,1,1,0,1,0,0,1,0,1,1,1,0,1,1,1,0,1,0,1,1,0,1,0,1,0,1,0,0,1,0,0.630808
1,0,0,0,0,1,1,1,1,1,0,0,0,0,1,0,0,0,1,1,1,1,1,1,0,0,0,0,0,1,0,1,0.633126
1,1,0,0,1,0,1,1,1,1,0,0,0,0,1,0,0,1,1,1,1,1,1,1,0,1,0,1,1,0,1,0,0.510497
0,1,1,1,1,0,0,1,0,1,0,0,0,1,1,0,1,0,1,1,1,1,0,0,0,0,1,0,0,0,0,0,0.670023
1,0,0,1,1,1,1,1,1,0,0,1,1,1,0,1,1,0,1,0,1,1,0,1,1,1,0,1,1,1,0,1,0.413789
0,1,0,1,1,1,1,0,0,0,1,0,0,1,0,0,0,1,0,0,0,1,1,1,1,1,1,1,1,1,0,0,0.673167
1,1,0,1,1,1,0,0,1,0,0,0,0,0,0,1,0,0,0,0,0,0,0,0,1,0,1,1,1,0,1,0,0.703351
0,1,0,0,0,1,0,0,1,1,1,1,1,0,1,0,0,0,0,0,0,0,0,1,1,0,0,0,1,1,1,1,0.722586
1,1,1,1,1,0,0,1,1,0,0,0,0,1,0,1,1,1,0,0,0,1,0,1,1,1,1,0,0,0,0,1,0.223918
1,1,0,1,1,1,1,0,0,0,1,1,1,0,0,0,0,1,1,0,1,0,1,1,0,1,0,0,1,0,1,0,0.637148
0,0,0,1,1,0,1,1,0,0,1,0,1,0,0,1,1,1,0,0,1,0,0,1,0,0,0,0,1,0,1,1,0.660566
0,1,0,1,0,0,1,1,0,1,0,1,1,1,1,1,0,0,0,1,1,0,0,0,0,0,0,0,0,1,0,1,0.888853
1,1,1,1,1,0,1,0,1,1,0,0,0,0,0,1,1,0,1,1,1,1,0,0,1,0,0,1,1,0,1,0,0.794837
0,0,0,1,1,0,0,1,1,1,0,1,0,1,1,0,1,0,0,1,1,0,0,0,0,0,1,0,0,1,1,0,0.645727
0,1,1,0,0,0,1,1,0,0,1,0,1,1,0,1,1,0,0,0,0,0,0,0,0,1,0,0,1,0,1,1,0.694800
1,1,0,1,1,0,0,1,0,0,1,1,0,0,1,0,1,1,0,1,1,1,1,1,0,1,1,0,1,0,0,0,0.592711
1,0,0,1,1,0,1,1,0,1,0,0,1,1,1,1,1,1,0,1,0,1,1,1,0,0,1,1,0,1,1,1,0.538523
1,0,1,0,0,0,1,1,0,0,1,1,0,1,1,0,0,1,1,0,1,0,0,1,1,1,1,0,0,0,1,1,0.583253
1,0,1,0,0,0,1,1,1,0,0,0,0,1,1,0,0,0,1,0,1,0,0,0,1,0,1,0,1,1,0,0,0.726343
0,0,1,1,1,0,0,1,0,0,0,0,0,0,1,1,0,1,0,1,0,0,1,1,1,1,0,0,1,1,1,0,0.689045
1,1,1,0,1,1,0,1,1,1,1,1,0,0,1,0,1,0,0,1,1,1,1,0,0,0,1,1,0,0,1,1,0.389892
1,0,1,1,0,1,1,0,0,0,1,0,1,0,1,1,1,1,1,0,1,0,0,1,1,0,0,0,1,1,1,1,0.540894
1,0,0,1,1,0,1,0,0,1,0,0,1,0,1,1,1,1,1,0,1,0,1,0,0,1,1,1,1,0,0,1,0.593031
0,1,0,1,0,0,1,1,0,1,1,0,0,0,1,1,1,1,1,1,1,0,1,1,0,0,0,1,1,1,0,1,0.671569
1,0,1,0,1,0,1,0,0,1,0,0,0,0,1,1,0,0,0,0,1,0,0,1,0,0,1,1,1,1,0,1,0.654838
0,1,0,0,1,0,0,0,0,0,1,0,0,1,1,0,0,1,0,1,0,1,1,1,1,1,0,1,0,1,1,0,0.716992
1,1,1,0,1,0,1,1,1,0,1,1,1,1,1,0,1,0,0,0,1,1,0,0,1,1,1,0,1,1,0,1,0.406064
0,1,0,1,1,1,1,1,0,1,0,1,1,1,1,0,0,1,1,1,0,0,1,0,1,0,0,0,0,1,1,1,0.719389
1,0,0,1,1,1,1,0,0,0,1,1,1,0,0,0,0,0,0,1,0,1,0,0,0,1,0,0,0,1,1,0,0.653000
0,1,1,0,0,0,0,0,1,0,0,1,0,0,1,0,1,0,0,0,0,1,0,1,0,0,1,1,1,1,0,0,0.685768
0,1,1,0,0,1,1,0,0,0,1,0,1,0,0,1,0,0,1,1,0,0,0,1,0,0,0,1,1,1,1,0,0.733269
0,1,0,0,0,0,1,0,1,1,0,0,0,0,0,1,1,0,0,1,1,1,0,1,1,1,1,0,0,0,1,1,0.644395
1,0,1,0,1,0,1,0,0,1,1,1,0,1,0,1,1,1,0,0,1,1,0,0,0,1,0,1,1,0,1,1,0.562047
0,0,1,1,0,0,0,1,0,1,1,0,1,1,0,0,1,1,0,1,1,0,0,1,0,0,0,1,1,1,1,1,0.669597
1,1,0,0,1,0,1,0,1,1,0,1,1,0,1,0,0,0,1,1,1,0,1,0,0,0,1,0,0,1,1,0,0.616688
0,0,1,1,1,1,1,0,0,1,0,0,1,0,1,0,0,1,1,1,1,1,1,0,0,0,1,0,0,0,0,1,0.717231
0,1,1,1,1,0,1,1,0,0,0,1,0,1,1,1,0,0,1,0,1,0,0,1,1,1,1,0,1,1,1,0,0.583360
1,1,1,0,1,1,1,0,0,1,0,0,1,1,0,0,0,0,1,1,1,1,0,1,0,1,1,0,0,0,0,1,0.558877
