0,1,1,0,0,0,1,0,1,0,0,1,1,1,0,1,0,1,1,0,0,0,1,0,0,1,1,1,1,0,1,0,0.578032
0,1,0,1,0,0,1,1,0,0,1,1,1,0,0,0,1,0,1,0,0,0,1,1,1,0,1,1,0,1,1,1,0.611813
0,0,0,1,0,0,1,0,0,0,0,1,1,0,1,0,0,0,0,1,1,0,0,1,1,1,1,0,1,0,0,1,0.675245
0,1,1,1,1,0,1,0,1,1,1,1,0,1,1,0,1,0,1,1,1,0,0,0,0,1,1,1,0,0,0,0,0.687553
1,0,0,0,1,0,1,0,0,0,1,1,1,1,1,1,1,1,0,1,1,1,0,0,0,0,1,0,1,1,1,0,0.611679
0,1,0,0,1,1,1,0,0,1,0,0,1,0,0,0,1,0,0,0,0,1,0,1,0,1,0,1,0,1,1,0,0.720189
0,0,1,0,0,0,0,0,1,0,1,1,1,1,1,0,1,0,0,0,0,0,1,0,0,0,0,1,0,1,1,1,0.716326
1,0,1,0,1,1,1,1,1,1,0,0,1,0,1,0,0,0,0,1,0,0,1,1,1,0,1,0,1,0,1,1,0.610854
1,1,0,0,1,1,1,0,1,1,1,1,0,1,1,0,1,1,1,0,1,1,1,1,0,1,1,1,0,0,0,1,0.575980
1,0,0,1,1,1,0,1,0,1,1,0,1,1,1,0,1,0,0,0,0,0,1,1,1,1,1,1,0,1,1,1,0.611706
1,1,0,1,1,0,0,1,0,0,0,1,0,0,0,0,1,0,0,0,0,1,0,1,1,1,0,1,1,0,0,1,0.621244
1,0,1,0,0,0,1,1,1,0,1,0,1,1,0,0,0,0,0,1,1,1,1,1,0,0,0,1,1,1,0,0,0.614903
0,0,0,0,1,0,0,1,0,0,1,1,0,1,1,0,1,1,1,0,1,0,0,1,0,1,0,1,1,1,1,0,0.648391
0,1,1,0,1,0,1,0,0,1,0,0,0,0,1,0,1,0,1,0,0,0,0,1,1,0,1,0,1,0,0,1,0.617247
1,0,1,0,0,1,0,0,0,1,1,0,1,0,1,0,0,0,1,1,1,1,0,0,0,1,1,1,0,0,0,1,0.601662
0,1,1,1,1,1,0,0,0,1,1,0,1,0,1,0,0,0,1,0,0,1,0,1,0,0,0,0,1,0,1,0,0.610640
0,1,1,0,0,0,1,1,1,0,0,1,1,1,1,0,1,0,0,0,1,0,0,1,0,1,1,1,1,1,1,1,0.522485
0,1,1,0,1,1,1,0,1,0,1,0,1,1,1,0,1,1,1,0,0,1,0,0,1,1,0,1,0,1,1,0,0.611893
1,0,1,0,1,0,1,0,1,0,1,0,1,1,0,1,1,0,0,1,0,1,0,1,1,1,0,1,1,1,1,1,0.474957
1,1,0,0,0,0,0,1,0,1,1,0,1,1,0,1,0,1,1,0,1,1,0,1,0,1,1,1,0,1,0,0,0.574515
1,1,0,1,0,0,0,1,1,1,1,0,1,0,1,1,0,0,0,1,1,0,1,1,0,1,1,1,0,0,0,1,0.570439
1,0,1,0,1,0,1,1,1,1,0,0,1,1,1,1,0,1,0,1,1,1,1,0,1,0,1,0,1,0,1,0,0.621004
0,1,1,0,1,0,0,0,0,0,1,1,0,1,1,0,0,1,1,0,0,1,1,1,0,0,0,0,1,1,1,1,0.577046
0,0,0,0,0,1,0,1,0,1,1,1,1,1,0,1,0,1,0,0,1,0,1,1,0,0,1,1,1,1,0,0,0.649457
1,1,1,1,0,1,1,0,0,1,1,1,1,0,0,0,1,1,0,1,0,0,0,0,0,0,1,0,1,0,0,0,0.656889
0,1,0,0,1,1,1,0,1,0,0,0,0,0,0,1,0,0,1,0,1,0,1,0,1,1,0,0,1,0,0,1,0.686354
0,0,0,1,1,0,0,0,1,1,1,1,0,0,0,0,1,1,1,0,1,0,1,1,0,1,0,1,1,0,0,1,0.610161
1,0,1,0,1,0,0,1,1,1,1,0,0,0,0,0,1,0,0,0,1,0,1,1,0,0,0,0,1,1,1,0,0.625639
0,1,0,0,1,0,0,0,1,1,0,1,1,0,1,0,0,1,1,0,0,1,1,1,0,0,1,1,1,0,1,1,0.572117
1,1,0,0,0,1,1,0,1,1,1,1,0,0,0,0,1,1,1,0,1,0,1,1,0,0,1,0,1,0,1,1,0.558237
0,1,1,1,1,0,0,1,1,0,1,1,1,0,1,1,0,1,0,0,0,0,0,1,0,0,1,1,0,0,1,1,0.641970
0,0,0,0,1,0,1,0,0,0,1,0,0,1,0,1,0,0,1,1,1,0,0,1,0,1,1,0,1,1,0,1,0.702659
0,1,1,0,1,1,1,0,0,0,0,1,1,0,1,0,1,1,1,0,1,0,1,0,1,1,0,0,0,1,1,1,0.609681
1,0,1,0,0,0,1,1,0,0,0,0,1,1,0,1,0,0,0,1,1,1,0,0,1,1,1,1,1,1,0,1,0.671515
0,0,1,1,1,0,1,0,0,1,0,1,1,0,1,0,0,1,0,1,0,1,0,1,0,0,0,1,1,1,1,1,0.600650
0,1,0,1,0,1,1,0,0,0,1,0,0,0,1,1,0,1,1,0,1,0,0,0,1,0,1,0,1,0,1,0,0.610667
0,0,1,1,1,1,1,0,1,1,1,0,1,1,0,1,1,1,0,0,1,1,0,1,0,0,0,0,0,1,0,0,0.637921
0,0,1,1,0,0,1,0,0,1,0,0,1,1,0,1,0,1,1,0,0,0,1,1,1,0,0,1,0,0,1,1,0.619219
1,1,0,0,0,1,1,0,0,0,0,1,0,1,0,0,0,1,0,1,1,0,0,0,0,0,0,0,1,1,1,0,0.675325
1,0,0,0,0,0,1,0,0,0,0,1,0,0,0,0,0,0,0,1,1,1,1,0,0,0,0,0,1,0,1,0,0.745125
0,0,1,1,1,0,0,0,0,0,0,0,0,1,0,1,0,0,1,1,1,0,1,1,0,1,0,0,1,0,0,1,0.691310
0,0,0,1,0,1,0,1,0,1,0,1,1,1,1,0,0,0,0,1,1,0,0,0,1,1,0,0,1,1,0,0,0.727568
1,0,1,0,0,1,1,0,1,1,1,0,0,1,1,0,0,0,0,1,1,1,0,0,0,1,0,0,1,1,1,0,0.596574
0,0,0,1,0,0,0,1,0,1,0,0,1,1,1,0,0,0,1,0,1,1,0,1,1,0,0,1,0,1,0,0,0.736466
1,0,1,1,1,0,0,0,1,1,0,1,1,1,0,0,0,0,0,1,1,1,0,1,0,1,1,1,0,1,1,1,0.563033
0,0,0,1,0,1,1,1,1,1,1,0,0,0,0,1,0,1,1,1,1,0,1,0,1,0,0,0,0,1,0,0,0.612026
1,0,0,0,0,0,0,1,0,1,1,0,0,1,1,1,0,0,0,0,0,1,0,0,1,0,0,0,1,0,1,1,0.552350
0,0,1,1,1,1,1,1,1,1,1,0,1,0,1,1,1,1,1,1,0,1,0,0,0,1,0,0,1,1,1,0,0.577792
1,0,0,1,0,1,0,0,1,0,1,0,0,1,0,0,0,0,0,0,1,0,0,1,1,1,1,0,1,1,0,0,0.621697
0,1,0,1,1,0,0,1,0,1,1,1,0,0,0,0,0,0,0,0,1,1,1,0,0,1,0,1,0,0,1,1,0.619192
0,0,1,0,1,1,0,1,0,0,0,0,1,0,0,0,0,0,0,0,1,0,0,0,0,0,0,1,1,0,0,0,0.794810
1,1,0,1,0,0,1,1,0,1,1,0,1,0,0,1,1,1,1,0,0,0,1,0,1,1,1,1,0,0,0,1,0.643862
1,0,1,0,1,0,1,1,0,1,0,0,1,1,1,0,1,1,0,0,1,1,0,1,0,0,0,1,0,0,1,1,0.675059
1,1,1,0,0,0,0,1,0,1,1,0,1,0,1,0,1,1,1,0,0,0,0,0,1,1,0,1,0,1,0,1,0.672741
0,1,0,0,1,0,0,0,1,0,1,0,1,0,0,1,0,0,0,0,1,0,1,0,0,1,0,1,1,1,0,1,0.612772
1,0,1,1,0,0,0,1,1,1,1,1,1,1,0,1,0,1,1,1,0,0,0,1,1,0,0,0,0,0,1,0,0.629742
1,1,0,1,0,1,0,1,1,0,0,1,1,0,1,1,1,0,0,1,1,1,0,1,0,1,0,1,0,0,1,1,0.582081
1,1,0,1,0,0,1,0,0,1,0,1,1,0,1,0,1,1,1,0,1,1,1,0,0,1,1,1,0,1,1,1,0.570892
1,1,1,0,1,1,0,1,1,0,0,0,0,0,1,0,1,1,0,0,1,0,0,1,1,1,0,1,1,1,0,0,0.757832
1,1,1,0,1,1,0,0,1,1,1,0,1,1,1,0,0,0,0,0,0,0,0,0,0,1,1,1,0,1,1,0,0.617620
1,1,1,1,1,1,0,1,0,1,0,1,0,0,1,0,0,1,0,1,1,1,0,1,0,0,1,0,0,1,1,0,0.615383
0,0,1,1,0,1,0,1,1,0,1,0,0,0,1,1,0,0,1,0,1,0,1,0,0,1,1,1,1,0,1,0,0.599531
0,1,0,1,1,0,1,0,1,1,0,0,0,1,1,0,0,0,1,1,1,1,1,1,0,1,1,0,1,0,1,1,0.645594
1,0,1,0,1,1,1,1,1,1,1,0,0,1,0,1,1,1,0,0,1,1,1,1,0,1,1,0,0,0,0,0,0.686008
1,0,1,1,1,1,1,1,0,1,1,1,0,0,1,0,0,1,1,1,0,1,0,1,0,0,1,0,0,1,0,1,0.592152
1,0,1,0,1,0,1,0,0,1,1,0,1,1,1,0,1,0,1,0,1,1,1,0,1,1,0,0,1,0,1,0,0.619405
1,0,1,0,1,1,0,0,1,0,1,1,0,0,1,0,1,1,1,0,1,1,1,0,0,1,0,0,0,0,0,1,0.605046
0,0,0,1,1,0,0,0,0,1,1,0,1,0,1,1,0,0,1,0,1,0,0,0,0,1,0,0,1,1,1,1,0.707401
0,0,1,0,1,0,0,0,0,0,0,1,1,0,1,0,0,0,1,0,1,1,0,0,0,1,1,0,0,0,0,0,0.701007
1,0,0,0,1,0,0,1,0,1,0,1,0,1,1,1,1,1,0,1,1,0,1,1,0,0,0,0,0,1,0,0,0.630888
1,1,1,0,0,1,1,0,0,1,0,1,0,1,1,0,0,0,0,0,0,1,0,0,1,0,1,1,1,0,0,1,0.590526
1,1,1,1,1,1,1,1,1,1,0,0,0,0,0,1,1,0,1,0,0,1,0,0,0,1,1,0,0,0,0,0,0.595881
1,1,0,0,0,1,0,1,1,0,0,0,1,0,0,0,0,0,0,0,1,0,1,1,1,0,1,0,1,1,1,0,0.651162
0,1,0,1,1,1,0,1,1,0,0,0,0,1,0,0,1,1,0,1,1,0,0,0,1,1,1,0,1,0,0,0,0.673007
0,1,0,1,1,0,1,1,0,1,0,1,0,1,1,0,0,0,1,1,0,1,1,0,1,0,1,1,1,0,1,1,0.627424
1,0,1,0,0,0,0,1,0,1,0,1,1,0,0,1,0,1,0,0,1,1,1,1,1,0,0,0,1,1,0,1,0.604007
0,1,1,0,1,0,1,0,0,1,1,0,0,1,1,1,1,1,0,0,1,0,1,1,1,0,0,0,0,1,1,1,0.579444
1,1,1,1,0,0,0,1,1,1,0,0,0,1,0,0,0,1,1,1,1,0,0,0,0,0,1,1,1,0,0,0,0.646739
1,0,0,1,0,1,1,1,1,0,1,0,1,1,0,0,1,0,1,1,1,0,1,0,1,0,1,0,0,1,1,0,0.578351
0,0,0,0,0,1,0,1,0,1,1,0,1,0,0,1,1,0,0,1,0,1,1,1,1,1,0,0,1,0,1,0,0.605392
0,1,1,1,0,1,0,1,1,0,1,1,1,0,1,0,0,0,0,1,0,0,0,1,0,1,0,0,1,1,0,1,0.590660
1,1,0,1,1,0,1,0,1,0,1,0,1,1,1,1,0,0,0,1,1,0,0,0,1,1,0,0,0,0,0,0,0.629955
0,0,1,1,1,0,1,0,1,0,0,1,1,1,1,1,1,0,1,0,1,1,0,0,1,0,0,0,1,0,1,0,0.676391
0,1,1,0,1,0,0,0,0,1,0,0,1,0,0,1,1,0,1,1,0,0,0,1,0,0,0,0,1,0,1,1,0.592445
0,0,0,0,1,1,0,0,0,0,0,1,1,1,1,1,1,0,1,1,0,1,1,0,0,1,0,1,1,1,1,0,0.788363
1,0,1,0,0,1,0,0,1,1,0,1,0,0,0,1,1,1,1,0,1,1,0,0,1,1,1,0,0,1,0,0,0.585438
0,0,0,0,1,0,0,0,1,0,1,0,1,1,0,1,1,1,1,0,0,0,0,0,1,1,1,1,1,0,1,0,0.608562
0,0,1,0,1,1,1,0,0,0,0,0,0,0,1,1,0,1,0,0,1,1,0,0,0,0,0,1,0,0,1,0,0.790441
1,0,0,0,0,1,0,1,1,0,1,0,1,1,0,1,1,1,1,0,0,1,1,0,1,0,0,0,0,0,0,0,0.588901
1,1,0,1,1,1,0,1,1,0,1,1,0,0,1,1,0,0,0,1,1,1,1,1,1,0,0,1,1,1,1,0,0.590127
1,0,0,1,1,0,0,0,1,0,1,0,1,0,0,0,0,0,0,0,1,0,1,0,1,0,0,1,1,0,1,0,0.612106
0,1,1,1,1,1,0,1,0,1,0,0,1,1,1,1,1,1,1,0,0,0,0,1,0,0,0,0,0,1,0,1,0.554428
1,0,0,0,0,1,1,0,1,1,1,1,1,1,0,1,1,0,1,1,1,0,0,1,0,0,0,0,0,0,1,0,0.592125
0,1,1,0,1,0,0,0,0,0,1,1,0,0,1,1,0,1,1,0,1,0,1,1,1,1,1,1,0,1,1,1,0.528719
1,1,0,0,0,0,0,0,1,1,0,1,1,1,1,0,0,0,0,1,0,1,0,0,0,0,0,1,0,1,0,0,0.669864
1,0,1,0,0,1,1,1,1,1,1,0,1,0,0,1,1,1,0,0,0,1,1,1,1,1,0,0,1,1,0,0,0.575341
0,0,1,1,0,0,1,0,0,1,1,1,0,0,0,1,0,1,1,1,1,0,0,0,1,0,1,0,1,0,0,0,0.696771
1,1,1,1,0,1,0,0,1,0,1,0,0,0,1,1,0,1,0,1,0,0,0,0,1,1,0,1,0,1,0,1,0.608749
0,0,1,1,0,1,0,1,0,1,1,0,1,1,1,0,0,1,0,1,1,1,0,0,0,0,1,0,1,1,0,1,0.598572
1,1,1,1,1,0,0,0,1,0,1,0,1,0,1,1,1,0,0,1,1,1,0,0,0,1,0,1,1,1,0,0,0.633179
1,0,1,1,1,1,0,0,0,0,0,0,0,1,0,0,0,1,1,1,1,0,0,1,0,0,0,1,0,1,0,0,0.657316
0,1,0,1,0,0,0,0,0,1,0,0,0,1,0,0,0,1,1,1,0,1,1,0,1,1,1,1,1,0,1,0,0.656703
1,1,1,0,0,0,1,1,1,0,0,1,1,1,1,1,1,0,1,1,0,1,0,1,1,0,0,1,1,1,0,1,0.573636
0,0,1,0,0,0,0,1,1,0,1,1,0,0,0,1,0,1,0,1,1,0,0,0,1,1,0,0,1,0,0,1,0.648124
0,1,1,0,0,0,1,0,1,0,1,1,0,0,0,0,0,0,1,0,1,0,0,1,0,0,0,0,1,0,1,1,0.624760
1,1,0,1,1,1,0,1,1,1,0,1,0,1,1,1,0,0,0,1,0,0,0,1,0,0,0,0,1,1,1,1,0.540974
0,1,0,1,0,1,1,0,1,0,0,1,0,0,0,0,1,1,0,0,1,0,0,1,1,0,0,1,1,0,1,0,0.606564
0,0,0,1,0,1,1,1,1,0,0,1,0,1,1,0,0,0,0,0,0,1,0,1,1,1,1,1,1,1,0,1,0.676337
0,1,1,0,0,1,0,1,0,1,1,0,0,0,1,0,0,0,1,0,1,1,0,1,0,0,1,1,1,0,0,0,0.637708
1,0,0,0,0,0,1,0,0,0,0,0,0,1,1,1,0,0,0,1,1,1,0,0,1,0,1,0,0,1,1,0,0.733749
0,1,1,1,1,1,0,1,1,1,0,0,0,0,1,0,1,0,1,1,0,0,1,0,0,1,1,1,1,0,1,1,0.584506
1,1,0,1,1,1,1,0,0,1,1,1,0,1,0,0,0,1,1,1,1,0,0,0,0,0,1,1,0,1,0,0,0.603341
0,1,0,1,1,1,0,1,1,1,1,1,1,1,0,0,1,1,0,1,1,0,0,0,1,1,1,1,1,0,0,1,0.601503
0,0,0,1,1,0,1,0,1,0,1,1,1,1,0,0,1,1,1,0,1,0,0,0,1,0,1,1,1,0,0,1,0.654625
0,1,0,0,1,1,1,0,0,0,1,1,1,1,1,1,1,0,0,0,1,1,0,0,1,0,0,0,1,1,1,1,0.738944
0,1,1,1,1,1,0,1,1,1,1,1,0,1,1,1,1,1,0,1,0,1,1,1,0,0,0,1,1,1,1,0,0.520034
0,1,0,0,0,0,0,0,1,0,1,0,1,1,1,0,0,0,0,1,1,0,0,0,1,1,0,1,0,0,1,0,0.628517
0,0,1,1,1,1,0,1,1,0,1,1,1,1,1,0,0,0,0,0,1,1,1,1,1,0,0,1,0,1,1,1,0.662111
1,1,0,1,1,0,1,1,1,0,1,0,0,1,0,0,0,1,0,1,1,1,1,0,0,0,1,1,1,1,1,0,0.556719
0,1,1,1,0,0,1,0,1,1,1,0,1,1,0,0,0,1,1,1,0,1,1,0,1,0,0,0,1,1,0,0,0.567615
1,0,0,0,0,0,0,0,1,0,0,0,1,1,1,1,1,1,0,0,1,0,0,1,1,1,1,1,0,1,1,1,0.606191
0,1,0,1,0,0,1,0,1,1,0,0,0,1,1,0,1,1,0,1,0,0,0,0,0,1,0,0,0,1,1,0,0.611919
0,0,0,0,1,1,1,0,1,0,0,0,0,1,1,0,1,1,0,0,1,0,1,0,1,0,0,0,1,0,0,1,0.735960
1,0,0,1,1,1,1,1,0,1,0,1,0,0,0,1,1,0,0,0,1,1,0,1,0,1,0,1,1,1,1,1,0.715127
1,1,0,1,1,0,0,0,0,1,1,1,0,0,1,0,0,1,1,1,0,0,0,1,0,1,1,1,0,1,0,0,0.656969
0,0,0,0,1,0,1,1,1,1,1,1,1,1,0,0,1,1,1,1,0,0,0,0,0,1,0,1,1,0,1,0,0.621164
0,0,1,1,1,0,0,0,1,1,0,0,1,0,1,1,1,0,0,0,0,1,1,0,0,0,0,1,0,1,1,1,0.642716
1,0,1,1,0,1,0,0,1,0,1,1,1,0,1,1,1,0,0,1,1,0,1,1,0,1,1,0,0,1,0,0,0.565457
