1,1,0,1,0,0,1,0,0,0,0,0,0,1,1,1,0,1,1,1,1,1,1,0,0,1,1,1,1,1,1,0,0.600490
1,0,0,1,1,0,0,0,0,0,1,1,1,0,0,1,0,0,0,1,1,1,1,0,1,0,0,1,0,0,1,1,0.650069
1,1,0,0,0,0,1,1,1,1,1,0,0,0,1,0,1,0,0,1,1,1,0,1,1,1,1,0,0,1,0,1,0.498135
0,1,0,1,0,1,1,1,0,1,1,0,1,0,1,0,0,1,0,0,1,0,0,0,0,1,1,1,0,0,0,1,0.834106
0,1,1,1,0,1,0,1,0,1,0,1,0,0,0,0,1,0,1,0,0,0,0,1,1,1,0,1,0,0,1,1,0.679668
1,0,1,1,0,0,0,1,0,0,0,0,0,0,0,0,1,0,1,1,1,0,0,1,1,1,1,0,1,0,0,0,0.666507
1,1,0,1,0,0,1,1,0,0,0,0,0,0,0,1,1,1,0,0,1,1,0,1,0,0,1,0,0,1,1,1,0.409633
0,1,0,1,0,1,0,1,0,0,1,1,1,1,0,0,0,0,1,1,1,0,1,0,0,0,0,1,0,1,0,1,0.847906
0,1,1,0,0,0,1,1,1,1,0,0,0,1,0,0,0,0,0,0,1,0,1,0,1,1,1,1,0,1,0,0,0.728980
0,0,0,0,0,0,1,1,0,1,0,1,0,1,0,0,1,0,1,1,0,0,0,0,0,0,0,0,1,1,0,0,0.911232
0,0,1,1,0,0,1,0,0,1,0,0,1,0,1,0,1,1,0,1,1,1,1,0,1,0,1,1,1,1,0,0,0.728660
1,0,0,1,0,0,1,0,0,0,1,0,1,0,0,1,1,0,1,1,0,1,1,0,1,0,0,1,0,0,1,1,0.646579
0,0,1,0,1,1,1,0,0,0,1,1,1,0,0,1,1,1,1,0,0,1,1,1,1,0,1,0,0,1,0,1,0.710758
1,1,0,0,1,0,0,0,0,1,1,0,0,0,1,1,1,1,1,0,0,1,1,1,1,1,0,1,1,1,0,0,0.596734
0,0,0,1,0,0,0,1,1,1,1,1,1,1,0,1,1,0,1,1,1,0,1,1,1,1,0,1,0,1,1,0,0.746190
0,1,1,0,1,1,1,0,1,0,0,1,1,1,1,1,1,0,0,1,1,1,1,1,0,1,0,0,0,1,1,1,0.509324
1,1,0,0,0,0,1,1,0,0,0,0,1,1,1,1,0,1,0,0,0,0,1,1,0,0,0,1,1,1,0,0,0.661338
1,1,1,0,1,0,0,1,0,0,1,1,1,0,1,0,1,1,1,1,0,0,0,0,1,0,0,1,0,0,0,1,0.655797
1,0,0,0,1,1,0,1,0,0,0,0,0,0,1,1,0,0,0,1,1,0,1,0,1,0,0,1,1,1,1,1,0.452632
0,1,0,0,0,0,1,1,1,0,0,0,1,1,1,0,0,1,1,1,1,1,0,0,1,1,0,0,0,1,1,1,0.732710
1,0,0,1,1,0,0,1,1,0,1,0,0,1,0,1,0,1,0,0,0,1,1,0,0,0,0,0,0,1,1,1,0.609122
1,1,1,0,0,0,0,0,1,1,1,1,0,0,0,1,0,1,0,1,0,1,0,1,0,1,1,1,1,0,1,0,0.606058
0,1,0,1,0,0,1,0,1,1,1,1,1,1,0,1,1,1,0,0,0,0,1,0,1,0,1,0,0,0,1,1,0.668771
1,1,1,0,0,1,0,0,0,1,0,0,1,1,1,0,0,0,0,1,1,0,0,1,0,1,1,0,1,0,1,0,0.720988
1,0,0,1,1,0,0,1,0,0,0,1,0,0,0,0,1,1,0,0,0,0,1,1,1,1,0,1,0,0,1,0,0.708946
0,0,1,0,1,0,0,1,0,0,1,1,0,0,0,0,0,0,1,0,0,1,1,1,0,1,0,0,0,0,0,1,0.889439
0,0,1,1,1,1,0,1,0,0,1,1,0,1,0,1,1,1,1,0,1,1,0,1,0,0,1,1,1,1,1,0,0.633365
0,0,0,0,1,1,1,1,0,0,1,0,0,0,1,1,0,1,0,1,0,0,1,1,0,0,0,1,1,1,0,1,0.797554
1,1,1,0,0,1,0,0,1,1,0,1,1,1,1,0,0,1,1,0,1,1,0,1,0,1,0,1,0,1,1,0,0.608722
0,0,0,0,0,1,0,0,1,0,1,0,1,0,0,1,1,1,1,0,0,1,1,0,0,0,1,1,1,1,0,1,0.773178
0,1,0,0,1,0,0,0,0,1,1,1,0,1,0,1,1,1,0,1,1,0,0,0,1,1,1,0,0,1,0,0,0.656623
1,0,0,0,0,0,0,0,0,0,0,0,1,0,0,0,0,0,1,0,0,1,1,0,1,1,0,1,0,1,0,1,0.722746
0,0,1,1,0,1,1,0,1,0,0,1,0,0,0,0,0,1,0,0,1,1,0,1,1,0,0,1,1,1,0,0,0.731831
0,1,0,0,0,1,1,1,0,0,0,1,0,0,1,1,1,0,0,1,0,0,0,0,0,0,1,1,1,1,0,0,0.819347
0,0,1,1,0,1,0,1,0,1,0,1,1,1,1,0,1,1,0,1,0,1,1,0,0,1,0,0,0,1,0,1,0.727755
0,1,0,0,0,1,0,0,1,1,1,1,0,1,0,0,1,1,0,0,1,1,0,1,1,1,1,0,1,0,1,0,0.711903
0,1,0,0,1,1,0,1,0,1,0,1,0,1,1,0,0,0,1,0,1,0,0,1,0,0,1,0,0,0,0,1,0.732310
0,1,0,0,1,0,1,1,0,1,1,1,1,0,1,1,0,1,0,1,0,1,1,1,0,1,1,1,0,1,0,1,0.710251
1,0,0,1,1,1,1,0,0,1,1,1,0,1,0,1,0,1,0,0,1,1,1,1,1,1,0,1,1,1,1,1,0.428522
1,0,0,0,1,1,1,1,1,1,0,1,1,0,0,0,0,0,0,0,1,1,0,1,0,1,1,1,0,1,0,1,0.521180
0,0,1,0,0,1,1,1,0,1,0,0,0,1,1,1,0,1,1,1,0,1,1,1,0,1,0,0,0,0,0,0,0.851929
1,1,1,0,1,1,1,0,1,1,0,0,1,1,0,0,1,1,0,1,1,1,0,1,0,1,0,1,1,0,1,0,0.874414
0,0,1,0,1,1,1,1,0,1,1,0,1,1,1,1,1,0,0,1,1,0,1,1,0,0,0,1,0,0,0,1,0.650043
1,1,1,0,1,1,1,1,0,1,1,1,0,1,0,0,0,1,0,0,1,0,0,1,0,1,0,0,1,1,1,0,0.604300
0,1,0,0,1,1,1,0,0,1,1,1,1,0,0,0,0,0,0,1,0,1,0,1,1,1,1,0,1,0,0,0,0.706495
1,0,0,0,1,0,0,0,0,0,1,0,0,1,1,1,1,1,0,0,1,0,0,1,0,0,1,0,1,1,0,0,0.714780
1,1,0,1,1,1,0,0,0,1,1,0,0,1,1,0,1,1,0,0,0,0,1,0,0,0,0,1,0,1,0,1,0.626279
1,0,0,0,0,1,0,1,0,0,1,1,0,0,1,0,1,1,0,0,0,1,0,1,1,0,0,1,1,1,0,1,0.544437
1,0,0,1,1,1,0,1,0,0,0,0,0,1,0,0,0,0,1,0,0,1,0,0,1,0,1,0,1,0,1,0,0.693281
1,0,0,0,1,0,1,1,0,1,0,0,0,0,1,1,1,0,0,0,0,1,0,1,0,0,0,1,0,1,0,0,0.788896
1,0,0,1,1,0,0,1,0,1,1,0,0,0,0,1,1,1,0,0,0,1,0,1,0,1,0,1,0,1,1,0,0.660806
0,1,1,1,1,0,1,1,0,0,1,1,1,0,0,0,0,0,1,0,0,0,1,1,0,0,1,0,1,1,1,0,0.636536
1,0,1,0,1,1,1,1,0,0,1,1,0,1,1,0,0,0,0,1,0,0,1,0,0,1,1,1,1,0,1,0,0.585172
1,0,1,1,0,1,0,0,0,0,0,0,0,1,1,1,0,0,0,1,1,1,1,0,1,0,1,1,0,1,0,0,0.625266
0,1,0,1,1,1,0,1,0,1,0,1,0,0,1,0,1,0,0,0,0,1,0,1,1,0,1,0,0,1,0,0,0.681612
1,1,1,0,0,0,1,0,1,0,1,1,1,1,1,0,1,0,1,0,0,0,1,1,0,0,1,0,1,0,0,1,0.527014
1,1,0,1,0,1,0,0,0,0,0,0,0,1,1,0,0,0,0,0,1,1,0,1,0,1,0,0,0,1,0,0,0.797581
0,1,1,0,0,1,0,0,0,0,0,1,0,0,1,0,1,0,0,0,1,0,0,1,0,1,0,0,1,0,1,0,0.736973
0,1,0,0,1,0,0,0,1,0,0,1,1,1,1,1,0,1,1,1,1,0,0,0,1,0,0,0,1,1,0,1,0.710624
0,0,0,0,0,1,1,0,1,0,0,1,0,0,1,1,1,1,1,1,0,0,0,1,0,1,0,0,0,1,1,1,0.798673
0,1,0,1,0,0,1,1,0,0,0,0,0,1,1,1,0,1,0,1,1,0,1,1,1,1,0,1,0,0,0,0,0.836903
1,1,1,0,0,1,1,0,1,0,0,0,0,0,1,1,1,1,1,0,1,1,1,1,0,1,1,1,0,1,0,1,0.236600
1,1,0,0,0,1,0,0,0,0,0,1,0,1,1,0,1,1,1,1,0,0,1,1,0,1,0,1,1,1,0,1,0.670956
0,1,1,0,0,1,0,0,1,0,0,0,0,1,1,1,1,0,1,0,1,0,1,1,1,0,1,0,0,1,1,1,0.607710
1,1,1,1,0,0,1,0,0,1,0,1,1,0,0,1,0,0,0,0,0,1,1,1,0,0,1,1,0,0,0,1,0.642024
1,1,1,0,0,0,1,1,1,0,0,1,1,1,0,0,0,1,0,1,1,1,0,0,0,0,0,1,0,0,1,1,0.565564
1,0,1,1,1,1,1,1,1,1,1,1,0,1,0,1,0,0,1,0,0,1,1,0,1,1,1,1,1,1,1,0,0.544118
1,1,1,0,0,0,1,0,0,0,0,1,1,0,1,1,1,0,0,1,1,1,1,1,0,1,0,0,1,1,0,1,0.405904
1,1,1,1,0,0,0,0,1,0,0,0,1,0,1,0,0,1,0,1,1,1,0,0,0,1,0,0,1,1,1,1,0.527653
0,1,1,0,1,1,0,1,0,1,0,1,0,0,0,0,0,1,1,1,1,0,0,1,0,1,0,0,0,1,1,1,0.708946
1,0,1,0,0,1,1,0,1,1,1,1,0,0,0,1,1,0,0,1,1,0,0,0,1,1,0,0,1,0,1,1,0.550005
0,1,1,0,1,1,0,1,0,1,0,0,0,1,1,1,0,0,1,1,1,0,0,0,0,0,0,0,0,0,1,0,0.724718
0,1,0,1,1,1,1,0,1,0,1,0,0,1,0,0,1,1,1,0,1,0,0,0,0,1,0,1,1,1,0,0,0.672528
0,0,0,1,1,0,1,1,0,0,1,1,1,1,1,0,1,0,1,1,0,1,0,0,0,0,1,0,0,0,0,0,0.778373
1,0,1,1,1,1,1,0,1,0,1,1,0,0,0,0,1,0,0,1,1,0,1,1,1,0,0,0,1,1,1,1,0.562234
1,0,1,0,1,0,1,1,0,1,0,1,0,0,0,0,1,1,0,0,0,1,0,1,1,1,0,1,0,0,1,0,0.657689
0,1,1,0,0,0,0,0,0,0,1,0,1,0,0,1,0,1,1,1,1,1,1,0,1,0,0,0,0,1,0,0,0.710411
1,0,0,1,1,0,1,1,1,1,0,0,0,0,0,0,0,0,0,0,1,1,1,1,0,1,1,0,0,0,0,0,0.676817
1,1,0,1,1,0,1,0,1,1,1,0,1,1,1,0,1,1,1,0,0,0,1,1,0,0,1,1,0,0,1,1,0.415468
0,1,1,0,0,1,0,0,0,0,1,0,1,1,0,1,1,1,0,0,0,0,1,1,0,0,0,0,0,1,0,1,0.724052
0,1,1,1,0,0,1,0,0,1,1,0,0,1,1,1,0,1,1,1,0,0,1,0,0,0,0,0,1,0,0,1,0.706175
1,0,1,1,1,1,1,1,0,1,0,0,0,0,0,1,0,0,0,1,1,0,1,1,0,0,0,0,0,1,0,0,0.651828
1,0,0,0,0,0,1,1,1,1,1,0,0,1,1,1,1,0,1,0,0,0,1,0,1,1,1,1,1,0,1,0,0.580882
1,1,0,1,1,0,0,0,1,0,0,1,0,0,0,0,1,0,1,0,0,1,1,1,1,0,1,1,0,0,0,1,0.632113
0,1,0,0,1,0,0,1,0,1,1,0,0,1,1,1,1,1,1,0,0,0,1,1,1,0,1,1,0,1,0,1,0.656463
1,0,0,1,1,1,1,0,0,1,1,0,0,0,1,0,1,1,0,0,0,1,1,0,1,1,0,0,1,0,0,1,0.594629
0,1,1,0,0,0,0,1,1,0,0,0,1,1,0,0,1,1,0,1,0,0,0,1,0,0,1,1,0,1,1,0,0.675378
0,0,0,0,0,0,0,1,1,0,1,0,1,0,0,1,0,1,0,1,0,0,0,0,0,1,0,1,1,0,1,0,0.982843
1,1,0,0,0,0,1,0,1,1,1,0,0,1,1,0,1,1,1,1,1,1,0,1,0,0,1,0,0,0,0,1,0.622069
0,1,0,1,0,0,0,0,0,1,1,1,1,0,1,1,1,1,0,0,1,1,1,0,1,1,1,1,0,0,0,1,0.740569
0,0,0,1,1,1,0,1,0,1,0,0,1,1,0,0,0,0,0,0,1,1,1,1,1,0,0,0,0,1,0,1,0.785326
0,0,0,0,1,0,0,1,0,1,1,1,1,0,1,0,1,1,0,1,0,1,0,1,0,0,0,0,1,1,0,0,0.773977
0,1,0,1,1,0,0,0,0,0,0,0,1,0,0,0,1,0,0,0,1,0,1,1,1,1,1,1,0,0,0,1,0.753943
0,0,0,1,1,1,1,0,1,0,1,0,1,0,0,1,0,1,1,0,1,1,1,1,0,0,1,1,1,0,1,0,0.719629
1,0,0,0,1,0,1,1,1,1,0,0,0,1,1,0,1,1,1,1,0,1,1,0,1,1,1,1,0,1,1,1,0.397938
0,1,0,0,0,0,0,0,0,1,1,1,1,0,0,1,0,0,1,0,0,0,0,1,1,1,0,1,0,0,0,1,0.841779
1,1,1,0,1,1,1,0,1,1,1,0,0,0,1,1,0,1,1,1,1,0,0,0,0,1,0,1,1,1,0,1,0.555600
0,0,0,1,1,0,0,1,1,0,0,1,0,0,1,1,1,0,1,1,0,1,1,1,0,0,0,0,0,0,1,1,0.670050
1,1,1,0,0,1,1,0,0,1,1,1,1,0,1,0,0,1,0,1,0,1,1,0,1,1,1,0,0,0,0,1,0.555227
0,0,1,0,1,0,1,0,1,0,1,0,1,0,1,1,0,0,0,1,0,0,1,0,1,1,1,0,0,1,1,0,0.733110
0,0,1,1,1,0,1,0,1,1,0,0,0,0,0,0,0,0,0,0,0,0,0,0,1,1,1,1,0,1,1,1,0.759378
0,1,0,0,0,1,0,0,1,1,0,1,0,0,1,0,1,0,0,1,0,1,0,1,0,1,0,0,0,1,0,1,0.725037
0,0,1,1,1,0,0,0,1,1,0,0,0,0,0,1,0,1,1,1,1,0,0,1,1,1,0,0,0,0,0,1,0.708493
0,0,1,1,0,1,0,1,0,0,0,0,0,0,0,0,0,1,0,0,1,0,0,1,0,1,1,1,1,0,0,1,0.852249
1,0,1,1,1,0,0,1,1,1,1,1,1,0,1,1,1,1,1,0,1,0,1,1,1,0,1,0,1,0,0,0,0.719576
1,0,0,1,1,0,1,1,1,0,0,1,1,1,0,1,1,1,0,0,1,0,0,0,0,0,0,1,0,1,0,1,0.621590
0,0,1,0,1,0,1,1,1,0,0,0,1,1,1,0,0,1,1,1,1,1,1,0,0,1,0,1,1,1,0,0,0.684836
0,0,1,1,0,1,0,0,0,0,1,0,0,0,0,1,1,1,0,0,0,1,0,1,0,0,0,0,0,0,1,1,0.826034
0,0,0,1,0,0,0,1,1,1,0,1,1,1,0,1,0,1,1,0,0,0,1,0,0,0,1,0,1,0,0,1,0.966379
0,1,0,1,1,1,0,1,1,0,1,1,0,0,1,0,1,0,0,1,1,0,1,0,0,0,1,1,0,1,0,0,0.632353
0,0,1,1,1,1,1,1,0,0,1,1,0,1,0,0,0,0,0,1,0,1,1,0,0,0,1,0,1,0,0,1,0.762441
1,0,1,0,1,0,1,1,1,1,0,1,1,1,0,0,0,1,1,1,1,0,0,0,1,0,0,0,1,1,0,1,0.567242
1,0,0,1,1,1,1,1,0,0,1,1,1,0,0,0,0,1,0,0,1,1,1,1,0,1,0,0,1,1,0,0,0.609841
1,0,0,1,1,0,1,0,0,1,1,0,1,1,1,1,0,1,0,1,0,0,0,0,1,0,0,1,0,1,1,0,0.633925
1,0,0,0,1,1,0,1,0,0,1,1,1,1,0,0,0,0,1,0,1,0,0,0,1,1,1,0,0,1,0,1,0.599478
0,1,1,1,0,1,0,1,1,0,0,1,0,1,0,1,1,0,0,0,1,0,1,0,1,1,0,1,0,0,0,0,0.630382
1,0,0,1,1,0,0,1,0,0,1,1,1,1,1,1,1,0,0,0,1,1,1,1,1,1,0,1,1,0,0,0,0.584239
0,1,0,1,0,1,0,0,0,1,1,0,1,1,1,1,1,1,0,0,1,1,0,1,1,1,0,1,0,1,1,1,0.731138
0,1,1,0,1,0,1,1,1,0,0,0,0,1,0,0,0,0,1,0,1,0,0,1,0,1,0,1,1,0,1,0,0.739823
0,1,0,1,1,1,1,0,1,1,0,1,1,1,0,1,0,1,0,1,1,1,1,1,0,1,1,0,0,1,1,1,0.626172
0,0,0,1,0,0,1,0,1,1,0,0,0,1,1,0,0,1,1,0,0,0,1,0,0,1,1,1,1,1,0,0,0.937553
0,1,0,0,0,1,0,1,0,0,0,1,0,0,1,0,0,0,1,1,0,0,1,0,0,1,0,0,0,1,0,1,0.850757
0,0,1,1,1,0,0,0,1,1,1,0,1,0,1,1,1,0,1,1,1,0,0,0,1,0,1,0,1,1,0,0,0.622549
0,1,1,0,0,0,0,1,0,1,1,0,0,1,0,1,1,1,0,1,1,0,0,0,0,1,0,1,0,0,0,0,0.689232
0,1,0,1,1,1,1,0,0,1,0,1,1,1,0,0,1,0,0,0,0,1,1,1,1,1,1,0,0,0,1,1,0.648524
1,1,0,0,0,1,1,0,1,1,1,0,0,1,0,0,1,0,0,1,0,0,0,0,0,1,0,0,1,1,1,1,0.378224
0,0,0,0,1,0,1,0,0,0,1,0,1,1,1,1,1,1,1,0,1,0,1,1,0,0,0,0,0,0,0,0,0.736813
0,0,1,0,0,0,1,0,1,0,1,1,0,1,1,0,0,0,1,0,0,0,0,1,1,1,1,1,1,1,1,0,0.737452
