1,1,0,0,0,1,0,1,0,0,0,1,0,1,1,1,0,0,0,1,0,1,1,1,0,0,0,1,0,0,1,1,0.633710
1,0,1,1,0,0,1,1,1,1,1,0,0,0,0,1,1,1,1,0,1,1,0,1,1,1,0,1,1,1,1,0,0.636689
1,0,0,0,0,0,1,0,1,0,1,0,1,1,1,0,1,0,1,0,1,0,0,0,0,1,0,0,0,0,0,0,0.602348
0,0,1,1,1,0,0,1,0,0,0,1,0,0,1,0,1,1,1,0,1,0,1,0,1,0,1,0,1,1,0,0,0.617866
0,1,0,0,1,0,1,0,0,1,1,0,1,0,1,0,0,0,1,1,1,0,1,1,1,1,0,1,1,0,1,1,0.711003
0,0,1,1,0,0,1,0,1,1,1,1,1,0,0,1,0,1,0,0,1,1,0,0,1,1,0,1,0,1,0,0,0.643923
0,1,1,0,1,0,0,1,1,0,0,1,0,0,0,0,1,1,0,1,0,0,1,0,1,0,0,0,0,1,0,1,0.594964
0,1,1,0,1,1,1,0,0,0,1,0,0,1,1,0,1,0,0,1,0,1,1,1,1,1,0,0,0,1,1,0,0.571961
1,0,0,1,0,0,1,1,0,1,0,1,0,0,1,0,1,1,0,1,0,1,0,0,0,0,1,0,0,0,1,0,0.605351
0,1,0,0,1,0,0,1,1,1,0,1,1,0,0,0,0,1,0,0,0,0,0,0,1,0,1,0,1,0,0,1,0.570309
0,0,1,1,0,1,1,1,1,0,1,0,1,1,1,1,0,0,0,1,0,0,1,1,0,1,0,0,0,1,1,0,0.585903
0,1,1,0,1,0,1,0,0,1,1,1,1,1,0,1,0,0,1,0,1,1,0,0,1,0,1,1,1,1,0,0,0.677713
0,0,0,1,1,1,0,0,0,1,0,0,1,1,0,1,0,0,0,0,0,1,0,0,0,0,0,0,0,1,1,1,0.612961
1,0,0,1,0,1,0,0,1,1,1,1,0,0,0,0,0,0,1,1,1,0,1,1,1,1,1,1,0,0,1,1,0.733405
0,1,1,0,0,0,0,1,1,1,1,0,0,0,1,0,1,1,0,0,1,0,0,1,1,1,0,1,0,0,0,1,0.614863
1,0,0,1,0,0,1,1,1,0,1,1,0,0,1,0,1,1,0,1,1,0,1,0,1,0,0,0,1,1,1,0,0.615539
1,0,1,0,1,0,1,1,0,1,0,1,1,1,0,0,0,1,1,1,1,1,1,1,1,1,1,1,1,1,0,1,0.636814
1,0,1,0,0,0,0,1,1,0,0,0,1,1,0,1,0,1,1,0,1,0,0,1,0,1,0,1,1,0,1,1,0.638516
1,1,1,0,0,1,1,0,1,0,1,1,0,1,1,0,0,0,0,1,1,1,0,0,0,1,1,1,0,1,1,1,0.658365
0,1,1,1,0,1,0,1,1,0,1,0,1,0,0,0,0,1,0,0,0,1,1,1,1,1,1,0,1,1,1,0,0.613561
1,1,0,0,0,0,1,0,0,0,1,0,0,1,1,0,0,0,1,0,1,0,1,1,1,0,1,0,0,0,1,0,0.581122
0,1,0,0,0,1,0,1,0,1,0,0,0,1,1,0,0,1,0,1,1,1,1,1,1,1,0,1,1,1,1,0,0.594764
1,1,1,0,0,0,0,1,1,1,1,1,0,0,0,0,0,0,0,0,1,1,1,1,0,0,0,0,0,1,1,0,0.604876
1,0,0,0,1,1,1,1,0,1,0,0,1,1,1,0,0,1,1,0,1,0,0,1,0,1,1,1,1,0,0,1,0.627002
1,0,1,0,1,1,0,0,1,0,0,0,0,1,1,1,1,0,1,1,0,1,1,0,0,0,1,0,0,0,1,0,0.603900
1,1,0,0,0,0,1,0,0,1,0,1,1,1,1,0,0,0,0,0,1,0,1,1,1,1,1,0,1,0,1,0,0.611133
0,1,0,0,0,1,0,0,1,0,1,1,1,0,1,1,1,1,0,1,1,1,1,0,1,1,1,1,0,1,0,0,0.634587
0,1,0,1,0,0,1,1,0,0,0,1,0,0,0,0,1,1,1,0,1,1,1,0,1,1,1,1,0,0,0,0,0.812650
0,0,1,1,0,0,0,0,1,0,0,1,1,1,0,1,1,1,1,1,0,0,0,0,1,0,1,0,0,0,0,0,0.594689
0,0,1,0,0,1,1,0,1,1,1,1,0,1,0,0,1,0,0,1,1,0,1,1,0,1,1,0,0,1,1,0,0.620394
0,1,1,0,1,0,1,0,0,0,0,1,0,0,1,1,1,0,0,1,0,1,1,0,0,1,0,0,0,1,0,1,0.581948
0,1,1,0,0,0,1,1,0,0,1,1,1,1,1,0,0,0,0,1,0,1,1,1,0,0,1,1,0,1,1,1,0.640994
0,1,0,0,1,1,0,1,0,1,0,1,1,1,0,0,1,0,1,1,0,1,0,0,0,0,1,0,1,0,1,0,0.596466
1,0,1,1,1,1,1,0,0,1,1,1,1,0,0,1,0,0,1,1,1,1,1,1,1,0,1,0,1,1,1,1,0.622172
1,0,0,0,1,0,0,1,0,1,0,1,0,0,1,1,1,1,0,0,0,1,1,0,1,1,0,1,0,1,1,1,0.653409
1,1,0,0,0,1,1,0,1,0,1,1,0,1,0,1,0,1,1,1,0,0,1,1,0,0,0,0,1,1,0,1,0.615489
0,1,1,0,1,0,0,1,0,1,1,1,1,1,0,0,0,1,0,1,0,1,0,0,0,0,1,1,0,1,1,0,0.669228
0,1,0,0,1,0,1,0,0,0,1,0,0,0,0,1,1,0,1,0,0,0,0,0,0,1,1,0,0,1,0,0,0.561248
1,1,1,0,1,1,0,1,1,0,0,1,1,1,0,1,0,0,0,0,0,0,1,1,0,1,1,0,1,0,0,1,0.612435
1,1,1,0,1,0,1,1,1,1,0,1,1,0,0,0,1,1,0,0,0,0,0,1,1,1,1,0,0,0,0,0,0.627203
1,0,0,0,0,1,0,0,0,0,0,0,1,0,1,1,0,0,1,1,0,0,1,1,1,1,0,0,1,1,0,1,0.597492
0,1,0,1,1,0,1,1,1,1,0,0,1,0,1,0,0,0,0,0,1,1,1,0,0,0,1,0,0,0,0,0,0.577443
0,1,0,1,0,0,0,1,1,0,0,0,1,1,0,1,0,0,1,0,1,0,1,0,1,0,1,1,1,0,1,0,0.605226
1,1,1,0,0,0,0,0,1,0,1,0,0,0,1,1,0,1,0,1,0,1,1,0,1,0,1,0,0,0,1,0,0.593187
0,1,1,1,0,0,0,0,1,1,0,1,1,1,1,0,0,1,0,1,1,1,0,1,0,1,0,0,1,0,0,0,0.625375
0,0,1,1,1,0,0,0,0,1,1,0,0,0,1,1,0,0,1,1,1,1,1,0,0,0,1,0,0,1,1,1,0.601196
1,0,0,1,1,0,1,1,1,1,1,1,1,0,1,1,0,1,0,1,0,1,0,1,1,1,1,1,0,0,1,1,0.662770
0,1,0,1,1,0,1,0,0,0,0,0,1,1,0,1,1,0,0,1,1,0,0,0,0,0,1,0,0,1,1,0,0.558395
1,0,1,0,1,0,1,0,0,0,0,0,1,0,0,1,0,0,1,1,1,0,0,0,1,0,0,0,0,0,0,0,0.589057
1,0,1,0,1,0,1,1,1,1,1,0,0,0,0,0,0,0,1,0,0,1,1,1,1,0,0,0,1,0,1,1,0.617841
0,1,1,1,1,1,0,1,0,1,1,0,0,1,0,1,1,0,0,0,1,1,1,0,1,1,1,1,1,1,1,0,0.630957
0,0,1,1,0,1,0,0,1,1,0,1,1,0,1,1,1,1,1,0,0,1,1,1,0,0,1,1,1,1,0,0,0.633210
0,1,0,1,0,1,0,1,0,0,0,1,0,1,0,0,1,0,1,1,1,1,1,1,1,1,1,0,0,0,1,0,0.626852
1,0,1,0,0,0,1,0,1,1,1,1,1,1,1,1,1,1,1,1,1,0,0,1,1,1,0,0,0,0,0,0,0.643447
0,0,0,1,0,0,1,1,1,1,1,0,1,1,1,1,0,0,1,1,0,0,0,1,0,0,1,1,1,0,1,1,0.664497
1,0,1,1,0,1,1,0,0,1,0,0,0,0,1,0,0,0,0,0,1,1,0,1,1,0,0,0,1,1,0,0,0.576542
0,0,0,0,0,0,0,1,0,0,1,0,0,1,1,1,1,0,1,0,0,1,1,0,0,0,1,1,1,0,0,1,0.573663
1,0,1,1,1,0,1,1,0,0,0,0,0,1,0,0,0,0,0,1,0,1,0,0,0,1,0,1,0,1,1,0,0.610382
1,1,0,0,0,1,1,0,0,0,0,1,1,0,0,0,0,1,0,1,0,1,1,0,0,1,0,0,0,1,0,1,0.569233
1,0,1,1,1,0,0,1,1,1,0,1,1,0,1,0,0,1,0,0,1,1,0,1,1,0,0,1,0,0,0,0,0.616440
0,1,1,0,1,1,0,1,0,0,0,1,0,1,0,0,1,1,0,0,1,0,1,0,0,1,0,0,0,0,1,1,0.575265
0,0,1,1,1,1,1,1,1,0,1,1,0,0,0,0,0,0,0,1,0,0,1,0,1,0,0,1,0,1,0,1,0.641920
0,1,1,1,1,1,1,0,1,0,0,1,1,0,1,0,1,0,0,1,0,0,0,1,1,1,0,1,0,1,1,1,0.640569
0,0,1,0,1,1,1,0,0,1,0,1,1,0,0,1,1,1,0,0,1,1,1,1,0,1,1,1,0,0,1,0,0.662445
0,0,1,1,0,0,1,0,1,1,0,1,0,0,0,0,0,0,1,0,1,0,0,1,0,1,1,1,1,1,0,1,0.610032
0,1,1,0,0,0,1,0,0,0,0,1,1,0,1,1,0,1,0,0,0,1,1,1,1,1,1,1,0,1,1,1,0.680767
1,0,1,0,1,0,0,0,1,0,1,0,1,1,1,1,1,0,0,0,0,0,1,0,0,0,0,1,0,1,1,1,0.628179
1,0,0,0,0,0,1,0,1,1,1,0,1,1,0,1,0,0,1,1,0,1,1,0,1,1,0,1,1,1,1,0,0.618742
1,1,0,0,1,0,1,0,0,0,1,1,0,0,1,0,0,0,0,1,0,0,1,0,0,0,1,1,1,0,1,0,0.621321
1,0,1,0,1,1,0,1,0,1,0,1,1,1,1,0,0,0,0,1,0,1,0,0,1,1,0,0,0,0,1,1,0.616189
0,1,1,1,0,0,0,1,1,0,1,1,1,0,1,0,0,0,1,1,1,1,1,1,1,1,1,0,1,1,1,0,0.638516
0,1,1,0,1,0,1,1,1,0,1,0,0,1,0,0,1,0,0,0,0,1,0,0,0,1,1,0,0,1,0,1,0.588306
1,0,0,0,1,1,0,1,0,0,0,1,0,0,0,1,0,1,1,0,1,0,0,0,1,0,0,1,1,0,1,0,0.606278
0,1,1,1,0,0,0,1,1,1,0,1,1,1,1,0,1,0,0,1,0,0,0,0,0,1,1,0,1,1,1,0,0.648203
1,1,0,1,1,1,1,0,0,0,0,1,0,1,1,0,1,0,1,1,1,0,1,0,1,1,1,1,1,0,0,1,0.634712
1,1,1,1,0,1,1,0,0,1,1,0,1,1,0,0,0,0,1,0,0,0,1,1,0,0,1,0,0,0,0,1,0.599494
0,1,1,0,1,0,0,0,0,0,1,0,0,0,0,1,1,1,1,1,1,0,0,0,1,1,0,0,0,1,0,0,0.576842
1,1,1,1,0,0,0,1,0,1,0,0,0,1,1,0,0,0,1,0,1,0,1,0,1,0,1,0,0,0,1,0,0.595314
0,0,0,1,0,0,1,1,1,0,0,0,0,0,0,0,1,1,0,0,1,1,1,1,0,1,0,0,1,0,1,0,0.574665
0,0,0,1,0,0,0,1,0,1,0,0,0,1,1,1,1,0,1,1,1,0,0,1,0,0,0,0,1,1,1,0,0.588156
0,0,1,0,0,1,0,1,1,1,1,0,1,0,1,1,1,1,0,0,1,1,1,0,1,0,1,1,1,1,1,0,0.641119
0,0,1,0,1,1,1,1,1,1,0,0,0,1,0,1,0,1,0,1,0,0,0,0,0,1,0,1,0,0,0,0,0.600095
0,1,1,0,1,0,1,1,0,1,1,1,0,1,1,0,1,1,0,0,1,0,1,0,1,1,0,0,1,1,1,1,0.611934
1,1,1,1,0,1,0,0,1,0,1,0,0,0,0,1,1,0,0,0,1,1,1,0,1,1,1,0,0,0,1,0,0.610382
1,1,1,1,1,0,0,0,0,0,1,0,0,1,1,0,0,0,1,0,0,0,1,0,0,1,0,0,1,0,0,0,0.601722
1,1,0,0,1,0,1,0,0,0,0,0,1,0,0,0,0,1,1,1,1,0,1,1,1,1,0,0,1,1,1,0,0.638867
0,0,1,0,0,0,1,1,0,0,0,1,1,1,0,1,1,1,1,0,1,0,0,0,0,1,0,0,1,1,0,0,0.593938
1,1,1,0,0,1,0,0,0,0,1,0,0,1,1,1,0,1,1,1,1,0,0,1,1,0,0,1,0,0,0,0,0.614037
0,1,1,1,0,0,1,1,1,1,1,0,1,0,1,1,1,0,1,1,1,0,0,1,0,0,0,0,0,1,0,0,0.618417
1,0,0,0,0,0,0,0,0,0,0,1,0,0,0,0,0,1,1,0,0,1,1,1,0,1,1,1,1,1,1,1,0.681493
1,1,0,0,0,1,1,1,0,0,1,0,1,0,0,1,0,1,1,1,0,1,1,0,1,1,0,0,0,0,1,1,0.622122
0,0,0,0,1,1,1,1,0,0,1,0,0,1,1,1,1,0,1,0,0,1,1,0,1,0,1,0,0,1,0,1,0.571085
0,0,1,0,0,0,1,1,0,1,0,0,1,0,1,0,1,1,1,0,0,0,1,0,0,0,1,1,1,0,1,1,0.613461
1,1,0,0,0,0,1,0,0,1,0,1,1,0,1,0,0,1,0,1,0,1,0,0,0,0,0,1,1,0,1,0,0.566605
1,0,0,0,0,0,0,0,0,1,0,1,0,1,1,0,1,0,0,0,0,0,1,0,0,0,1,0,1,1,0,1,0.574615
1,1,0,0,1,0,1,0,0,0,0,0,1,0,1,1,1,1,1,0,1,1,1,0,0,1,0,1,0,1,1,1,0.630331
0,1,0,1,1,1,0,0,1,1,0,1,0,0,1,1,0,1,1,1,0,1,1,0,0,0,0,0,0,1,1,0,0.607104
0,1,0,1,1,0,1,1,1,1,1,0,1,1,0,1,1,0,1,1,0,1,1,0,0,1,0,1,1,0,0,0,0.611484
0,0,0,0,0,1,0,0,1,1,0,0,0,0,0,1,0,1,0,0,0,1,1,0,1,0,1,0,1,1,1,0,0.563351
0,1,0,1,1,0,0,1,0,1,0,0,0,1,0,0,0,1,0,1,1,0,1,0,1,0,0,1,0,1,0,0,0.572312
1,0,0,0,0,0,0,1,1,1,1,1,0,0,1,0,0,1,0,1,1,0,1,0,0,1,0,1,0,1,0,1,0.638842
1,1,1,1,1,0,0,1,0,0,1,1,1,1,0,1,1,1,0,1,0,0,0,1,1,0,1,1,0,1,0,0,0.673283
1,0,1,0,1,1,1,0,1,0,1,1,0,1,1,0,1,1,1,0,0,1,0,0,0,1,0,1,0,1,0,0,0.627503
0,1,1,1,0,0,1,0,1,0,1,0,1,1,1,0,0,0,0,0,1,0,1,0,1,0,1,1,0,1,1,1,0.620895
1,1,0,1,0,0,1,0,0,0,1,1,0,0,0,1,0,1,0,1,0,1,1,1,1,1,0,1,0,1,0,0,0.706548
0,1,1,1,0,0,0,1,1,0,0,0,1,1,1,0,0,0,0,1,1,1,1,1,1,1,1,0,0,0,1,0,0.613661
1,1,0,0,1,0,1,0,1,0,0,0,1,0,0,0,0,0,1,1,1,1,0,1,0,1,1,1,1,0,1,0,0.640469
1,1,1,0,0,0,0,1,0,1,0,1,1,1,0,1,1,1,0,0,1,1,0,1,1,0,0,1,0,1,1,0,0.644649
0,0,1,1,1,1,1,0,0,0,1,0,0,1,0,1,0,1,1,0,1,0,1,0,1,0,0,0,0,0,0,0,0.604100
0,1,0,1,1,0,1,1,0,1,0,0,1,0,1,0,1,0,1,1,0,0,0,0,1,1,1,0,0,0,0,0,0.576467
0,1,1,0,0,0,0,0,1,1,1,0,0,0,0,1,0,1,1,1,0,0,1,0,1,0,0,0,1,1,0,1,0.641244
1,1,0,1,0,1,0,1,1,0,0,0,1,1,0,1,1,1,1,0,0,0,1,0,0,1,0,1,1,1,0,0,0.618667
1,1,1,1,1,1,0,1,0,0,0,1,1,1,0,0,1,0,0,0,0,1,1,1,0,0,0,1,1,0,1,1,0.616440
0,0,1,1,1,0,0,1,1,0,0,1,1,1,1,0,1,0,0,1,0,1,1,1,1,0,1,1,1,0,0,1,0.640143
1,1,0,0,0,0,0,1,1,1,1,1,1,1,1,1,0,0,0,1,1,1,0,1,1,1,0,1,0,1,0,1,0.689152
0,1,1,1,1,1,0,1,0,1,0,0,1,1,1,0,1,0,1,0,1,0,0,1,1,0,1,0,0,0,1,0,0.603674
0,1,0,1,0,1,0,0,1,1,0,1,0,1,1,0,0,1,0,0,1,1,1,1,0,0,1,1,1,1,0,0,0.592411
0,0,0,1,1,0,1,0,1,0,0,0,0,0,1,1,0,1,1,1,1,1,1,0,0,1,1,1,1,1,1,1,0.708550
0,0,0,1,0,1,1,1,0,1,1,1,0,0,0,0,0,0,1,1,1,0,1,0,0,0,0,1,0,0,0,1,0.616189
1,0,1,0,1,1,0,0,0,0,1,0,1,0,0,1,0,1,0,1,0,1,0,0,1,1,1,1,1,0,0,0,0.606603
1,1,0,0,0,0,0,0,1,1,0,1,1,0,0,1,0,1,0,1,1,1,1,1,0,0,0,1,1,0,0,1,0.620520
0,1,1,0,0,0,0,0,1,0,1,0,1,1,0,1,1,1,1,1,1,0,0,0,1,0,1,1,0,0,0,1,0.675486
0,0,0,0,0,0,1,0,1,0,0,0,1,0,1,0,0,0,0,1,0,0,1,0,1,1,0,0,1,1,1,0,0.572612
0,1,1,0,1,1,0,1,0,1,1,0,0,0,0,0,0,1,0,1,1,0,0,0,1,0,0,0,0,1,0,1,0.575691
1,1,0,1,1,0,0,1,0,0,1,0,1,1,0,0,0,0,0,0,0,0,0,1,0,1,0,1,1,0,1,0,0.609932
1,0,0,1,1,1,0,1,0,1,1,1,1,1,1,0,1,0,0,0,0,1,1,1,0,0,0,1,1,1,0,1,0.633986
1,0,0,0,1,0,1,1,1,0,0,0,1,1,0,1,1,1,0,0,0,1,1,0,0,1,0,0,1,0,0,1,0.574865
1,0,1,1,1,0,0,1,0,0,0,0,0,1,0,0,1,1,0,0,0,0,1,1,0,1,1,0,1,0,0,0,0.598794
0,0,0,0,1,0,1,0,0,0,1,0,0,0,1,1,1,1,0,1,0,0,1,1,0,0,1,0,0,1,1,1,0.573363
1,0,1,0,1,1,0,1,1,0,1,1,0,0,1,0,1,0,0,1,1,0,0,1,1,0,1,0,1,1,1,0,0.616340
1,0,1,1,0,0,1,1,0,1,0,0,0,1,0,1,1,1,1,1,0,0,1,0,0,0,1,0,1,1,0,1,0.618642
1,1,0,1,1,1,0,1,1,0,0,1,1,0,0,0,0,0,1,0,0,1,0,1,1,1,1,1,1,1,1,1,0.653034
1,0,0,0,0,1,0,1,1,1,0,1,0,1,0,1,1,0,0,0,0,0,1,1,1,0,0,0,1,1,1,1,0.600245
1,0,0,1,1,0,0,0,0,0,1,0,0,0,0,1,0,1,1,1,0,1,1,0,1,1,0,1,1,0,0,0,0.663546
0,1,0,0,0,1,1,1,0,1,0,1,1,0,0,0,0,1,1,0,1,1,1,1,0,1,0,0,0,0,0,1,0.609481
0,0,0,0,1,0,1,1,0,0,0,0,0,1,0,1,0,1,0,0,0,1,1,0,0,0,1,1,1,1,0,1,0.558595
1,0,0,0,1,0,0,0,1,1,1,1,0,1,0,1,0,0,0,1,0,0,1,0,1,0,0,0,0,0,0,0,0.576442
0,0,0,1,0,0,0,0,1,0,0,1,0,0,1,0,0,0,1,0,1,1,0,0,1,1,0,1,1,1,1,0,0.589282
1,0,1,1,1,0,0,0,0,0,0,1,1,0,0,0,0,1,1,0,1,0,0,1,0,1,0,1,1,0,0,0,0.607779
1,1,1,0,1,0,1,1,1,0,0,0,1,0,0,1,1,1,0,1,1,1,1,1,1,1,1,1,0,0,1,1,0.702718
0,1,0,0,0,0,1,1,0,1,0,1,1,1,0,0,0,0,1,0,1,1,0,0,0,1,1,1,0,1,0,1,0.669378
1,0,1,1,0,0,1,1,0,1,0,1,0,1,0,1,1,1,0,0,1,1,1,0,1,0,1,1,1,1,0,0,0.625200
0,0,0,1,1,0,0,0,0,0,1,1,0,1,0,1,1,1,0,1,0,0,0,1,1,1,1,1,0,1,0,0,0.623148
1,0,0,0,0,0,0,1,0,0,1,0,1,0,0,1,1,1,0,1,1,0,1,0,0,0,1,0,0,1,0,0,0.573238
0,0,0,0,1,0,0,0,0,0,0,1,1,0,1,1,1,0,1,1,0,0,0,0,0,0,1,0,1,0,1,0,0.517171
0,1,0,0,0,1,1,1,0,1,0,0,1,0,1,0,0,0,0,0,0,1,1,0,1,1,0,1,0,0,1,0,0.578970
1,0,0,1,1,0,1,1,1,0,1,0,0,0,0,0,0,0,0,0,1,0,1,0,1,1,0,1,0,0,1,0,0.620044
0,0,1,1,0,0,0,0,1,1,0,0,1,1,0,0,0,1,1,1,1,0,1,1,0,0,1,1,0,0,0,1,0.606127
1,0,0,0,1,0,0,0,0,0,1,0,0,0,0,0,1,0,0,0,1,0,0,0,1,0,0,1,0,1,0,1,0.583025
0,0,0,1,0,0,1,1,1,1,1,0,1,1,0,0,0,0,0,0,1,1,0,0,0,0,1,0,1,1,0,0,0.571761
1,1,1,1,0,1,1,1,0,0,0,1,0,0,1,1,0,1,1,0,0,1,1,1,0,1,0,0,0,0,0,1,0.637390
1,0,0,1,0,1,0,1,1,1,1,1,1,0,1,0,0,0,1,0,1,0,0,0,1,0,1,0,1,1,1,0,0.613186
0,0,1,0,0,1,1,1,0,0,1,1,1,0,0,0,0,1,0,1,1,1,0,1,0,0,1,1,0,0,1,1,0.587680
0,0,0,0,0,1,1,1,0,0,0,0,1,1,1,0,0,0,1,1,1,1,1,0,0,1,0,0,1,0,1,0,0.526282
0,0,1,1,0,1,0,0,0,0,0,0,0,1,1,0,0,0,0,0,1,1,0,1,1,0,0,0,1,1,0,0,0.524554
1,0,1,0,1,0,0,0,1,0,0,1,0,0,0,1,0,0,1,1,1,0,1,0,0,0,1,0,1,1,1,0,0.604375
0,0,0,1,0,0,0,1,0,1,1,0,1,1,0,1,1,1,0,1,0,1,0,1,0,0,0,1,1,1,0,1,0.634787
0,1,1,1,0,0,1,1,1,1,0,0,1,0,0,1,0,0,1,1,1,1,0,1,0,0,1,0,0,1,0,1,0.599244
0,1,1,1,0,1,1,0,1,1,0,1,0,0,0,0,1,1,0,0,1,1,1,1,0,1,0,1,1,0,0,0,0.681318
1,0,1,1,0,0,1,0,1,0,0,0,0,1,1,1,0,0,1,0,1,0,0,0,0,1,0,0,0,1,1,0,0.585127
1,0,1,0,1,0,1,1,1,0,0,1,1,0,1,1,0,0,0,0,1,0,0,0,0,0,0,0,0,0,0,1,0.534191
1,0,0,1,1,1,0,1,1,0,1,0,1,1,1,1,1,0,0,1,1,0,0,0,1,0,0,0,0,0,1,0,0.582699
1,1,0,1,1,0,0,0,0,0,1,1,0,0,1,0,1,0,0,0,0,1,1,1,0,1,1,1,0,0,1,1,0.658165
1,0,1,0,1,1,1,1,1,1,1,1,1,1,0,0,1,1,1,1,0,0,1,1,0,1,1,1,1,0,1,0,0.634186
0,1,0,1,0,1,0,1,1,0,1,1,1,0,0,1,0,1,0,0,1,0,0,1,0,1,0,0,1,0,1,0,0.581097
1,1,0,1,0,1,1,1,1,1,0,0,0,1,0,0,1,1,1,1,1,0,0,1,1,0,1,1,0,1,1,1,0.651732
1,0,1,1,1,0,1,0,0,0,1,1,1,1,0,0,0,0,0,0,0,1,1,0,1,1,1,0,1,1,1,1,0.613987
1,0,0,0,0,1,0,1,1,0,0,0,0,0,1,1,0,0,0,0,1,0,1,1,1,1,1,0,1,0,0,1,0.577243
0,1,0,0,0,1,1,1,1,1,0,0,1,1,1,0,1,1,0,1,0,0,0,1,1,1,0,1,1,1,1,0,0.646125
0,0,0,0,1,0,0,1,1,1,1,0,0,1,0,1,1,1,1,0,1,0,1,0,0,1,0,1,1,0,0,1,0.612410
0,1,0,1,0,1,1,0,1,1,0,0,0,0,1,0,0,0,0,0,1,0,1,0,0,0,1,0,1,1,1,1,0.588131
1,1,1,0,0,0,1,0,0,0,1,0,1,0,1,1,0,1,0,1,1,0,0,1,1,0,0,1,1,0,1,1,0.619218
1,0,0,0,0,0,0,0,0,1,0,0,1,1,0,1,1,0,0,0,0,1,1,1,1,0,1,0,1,1,1,1,0.638266
0,1,1,0,0,0,0,1,1,1,0,0,0,0,1,1,0,0,1,1,1,1,1,1,0,1,1,1,1,0,0,1,0.672257
1,0,1,1,1,0,0,1,0,0,1,0,1,0,0,1,0,1,1,1,0,1,1,0,1,1,1,0,0,1,1,1,0.651482
0,0,1,1,0,1,1,1,0,1,0,1,1,1,1,1,0,1,0,1,1,0,1,1,0,0,1,0,1,1,1,1,0.561999
1,0,1,0,0,1,1,1,0,1,0,1,0,1,0,1,0,1,1,1,0,0,1,1,0,1,1,0,1,1,0,0,0.620970
0,1,0,1,0,0,0,0,0,1,1,0,1,1,1,0,1,0,1,0,0,1,1,0,1,1,0,1,0,1,1,0,0.604826
1,0,0,1,1,0,1,1,0,1,0,0,0,1,1,1,1,1,0,0,1,0,1,1,0,0,1,1,1,1,1,0,0.625400
0,1,0,0,0,0,1,0,0,1,0,1,1,1,0,1,1,1,1,1,0,0,1,0,1,1,0,1,0,1,1,0,0.619093
1,1,1,0,1,0,1,1,0,1,1,0,0,1,1,0,1,1,0,1,0,0,0,1,0,1,0,1,1,1,1,1,0.646726
1,1,1,0,1,1,0,1,0,1,1,0,0,1,0,0,1,1,0,1,0,0,1,0,1,1,1,0,0,0,0,0,0.624950
0,0,0,1,1,0,0,0,1,1,1,0,0,1,1,0,0,1,0,1,1,1,1,1,1,1,0,0,0,0,0,0,0.596190
0,1,0,0,0,0,0,1,0,1,1,0,0,0,0,0,1,0,0,0,1,0,0,0,1,0,0,0,0,1,0,0,0.521150
1,1,1,1,1,1,1,1,1,1,1,0,1,0,1,1,1,0,0,1,0,1,1,1,1,0,0,1,0,0,0,1,0.653634
0,0,1,0,1,0,0,0,0,0,1,1,0,0,0,1,0,1,0,1,1,1,1,1,0,0,0,1,0,0,0,0,0.595740
0,0,0,1,1,1,0,1,1,0,0,0,0,1,0,1,0,1,0,0,1,1,0,0,1,1,0,1,0,1,1,0,0.636289
0,1,1,1,0,1,1,1,1,0,1,0,1,1,1,1,1,0,0,1,0,0,1,1,1,0,1,0,0,1,1,0,0.575165
1,1,0,1,0,1,1,1,0,0,0,0,1,1,0,1,1,1,1,1,1,0,0,0,1,1,1,0,1,1,0,0,0.633310
0,0,0,0,0,0,1,1,0,0,1,1,0,1,1,0,0,0,0,1,1,1,1,0,1,0,0,0,0,1,0,0,0.540849
0,1,0,0,1,0,1,1,0,1,1,0,1,0,1,0,0,0,0,0,1,0,0,0,0,1,0,0,0,1,0,0,0.536594
0,0,1,0,1,0,0,1,0,0,0,1,0,1,0,0,1,0,1,1,1,0,0,1,0,1,0,0,1,0,0,0,0.564377
1,1,1,1,1,0,0,0,1,0,1,0,0,0,1,1,0,1,0,1,1,1,0,0,1,1,0,0,0,0,0,1,0.610433
0,0,1,1,1,0,1,1,0,1,1,1,0,0,1,1,0,1,1,0,0,1,1,1,1,1,0,0,1,1,0,1,0.631433
0,0,1,1,1,1,0,0,1,1,0,0,0,1,1,1,1,1,1,1,1,1,0,1,1,0,0,1,1,0,1,1,0.656613
0,1,0,1,0,1,0,0,1,1,1,1,0,0,1,1,0,1,0,1,1,0,1,0,1,0,0,1,1,0,0,1,0.641570
1,1,1,0,1,0,1,0,0,1,1,0,0,1,0,0,0,1,0,0,1,1,1,1,0,0,0,0,0,1,1,1,0.569308
0,1,0,0,1,0,1,1,0,1,1,1,1,0,1,1,0,0,0,1,1,1,1,1,0,1,0,1,1,0,1,0,0.645875
1,1,0,1,0,1,0,1,0,0,0,0,1,1,0,0,1,1,1,1,1,1,0,0,1,0,1,1,0,0,1,0,0.633310
1,0,0,1,0,0,1,0,1,1,1,0,1,0,0,0,1,0,0,1,0,1,1,0,1,1,1,0,0,1,1,1,0.612535
0,0,1,1,0,1,0,1,1,1,1,1,0,0,1,1,0,1,1,0,0,0,1,0,1,0,0,0,0,0,0,1,0.618217
1,0,0,0,0,0,1,0,0,0,1,1,0,1,0,1,1,0,0,1,1,1,1,1,1,0,1,0,1,0,1,1,0.632709
1,1,0,1,1,1,1,0,0,0,1,0,0,0,1,1,1,1,0,1,0,1,1,1,0,0,1,1,1,1,1,1,0.670880
0,1,0,0,1,0,1,0,0,1,0,0,0,1,1,1,0,1,0,1,0,1,0,0,0,0,1,1,1,0,1,0,0.607229
1,1,0,1,1,0,0,0,1,0,0,0,1,1,0,1,0,1,0,1,0,0,0,1,0,0,1,0,1,1,1,1,0.619769
0,0,1,1,1,0,1,1,0,0,0,0,0,0,0,1,1,1,0,0,0,1,1,1,1,1,0,0,0,0,1,0,0.591985
0,1,0,0,1,1,1,0,1,0,1,1,1,1,1,0,0,0,0,0,0,1,0,0,1,0,0,0,0,0,0,1,0.555366
1,1,0,1,1,1,0,0,1,1,0,1,1,1,0,0,0,1,1,1,1,1,0,1,1,0,1,1,1,0,1,0,0.636589
0,1,1,0,1,1,0,0,1,0,1,0,0,0,0,1,1,1,1,1,0,1,1,0,1,1,0,0,1,1,0,0,0.628104
1,0,1,0,1,1,0,1,0,0,1,1,0,0,1,0,0,0,1,1,1,1,0,1,1,0,0,0,1,1,0,0,0.604851
1,0,1,1,0,1,1,0,0,1,1,0,0,1,0,1,1,1,1,1,0,0,1,1,1,0,1,1,1,1,1,1,0.645500
0,1,0,0,1,0,1,1,0,1,0,1,0,0,1,0,1,1,0,1,0,0,1,1,0,0,1,0,0,1,1,1,0.605226
1,1,1,1,0,0,0,0,0,1,0,0,1,0,1,0,0,0,1,0,1,0,0,0,0,1,0,0,1,0,1,0,0.604525
0,1,1,0,1,1,1,0,1,1,0,0,1,0,1,1,1,0,1,0,0,0,0,1,0,1,1,0,1,0,1,1,0.619594
1,1,0,1,0,0,1,0,1,1,1,1,1,0,0,0,1,0,1,0,1,1,1,0,0,0,0,1,1,0,1,1,0.621471
1,1,1,0,1,0,0,1,1,1,0,0,1,1,0,0,0,0,0,1,1,0,1,0,0,0,1,0,0,0,1,1,0.606027
1,1,1,0,1,1,0,0,1,0,0,0,1,1,1,1,0,0,1,0,0,1,0,0,1,0,1,1,0,1,1,0,0.755507
0,1,0,1,1,0,0,1,1,0,1,1,0,1,0,0,0,0,1,1,0,0,0,1,0,1,1,1,0,0,1,1,0.636989
0,0,0,1,0,0,1,0,0,0,0,0,0,0,0,1,0,1,1,0,0,0,1,1,1,1,1,1,1,1,0,0,0.676312
1,0,0,0,1,1,0,0,0,0,1,1,0,1,0,1,0,1,1,1,1,1,1,0,1,1,0,1,0,1,1,1,0.671331
0,1,1,1,1,0,1,1,1,0,1,0,1,0,0,1,0,1,0,1,1,0,0,1,0,1,1,0,0,0,1,1,0.631182
0,1,0,0,0,1,0,0,1,1,0,1,0,1,1,1,1,1,1,1,1,0,0,1,0,1,1,1,0,0,1,1,0.653734
0,1,0,0,1,1,0,1,1,1,1,1,1,0,0,0,0,0,0,1,0,1,0,1,1,1,1,0,1,0,1,1,0.602373
1,0,1,0,0,1,0,0,1,1,0,0,0,0,1,1,0,0,1,0,0,1,1,0,1,0,0,0,0,1,1,1,0.589608
1,1,0,0,1,1,1,0,0,1,1,0,0,1,0,1,0,1,1,1,1,1,1,1,1,1,1,0,1,1,1,1,0.583300
1,1,1,0,1,1,1,1,0,1,0,1,1,0,0,1,1,0,1,1,1,1,1,1,0,1,1,1,1,0,1,0,0.692356
1,0,1,0,1,0,0,0,0,0,0,1,1,0,0,1,0,0,0,0,1,1,0,1,1,0,1,1,1,0,1,0,0.562800
0,0,1,1,0,0,1,1,1,1,0,0,1,0,1,0,1,0,1,1,1,0,0,1,0,0,1,0,0,1,1,1,0.599269
0,0,0,1,0,0,1,0,0,1,1,0,1,0,0,0,0,1,0,0,1,0,1,1,1,0,0,0,1,1,0,0,0.565904
0,1,0,0,1,1,0,1,1,1,0,1,1,0,0,1,1,1,1,0,0,0,0,1,1,1,1,1,0,0,0,0,0.624900
0,1,0,1,0,1,1,0,1,0,1,0,0,1,0,0,0,1,0,1,1,0,0,1,0,0,0,1,0,0,1,1,0.585453
1,0,0,0,0,0,0,0,0,1,1,0,0,1,0,1,0,1,1,0,0,0,1,1,1,1,0,0,1,1,0,0,0.603349
0,0,0,0,0,0,0,0,0,1,1,1,0,0,0,0,1,0,1,1,0,0,1,0,0,1,0,0,0,1,1,1,0.613186
0,1,1,1,0,1,0,0,1,1,0,0,0,0,1,1,1,0,1,1,1,1,0,0,1,0,1,1,1,1,0,1,0.624124
1,0,0,0,0,0,0,0,0,1,0,0,0,0,0,0,0,1,1,0,1,0,0,1,1,0,0,0,1,1,0,1,0.566905
1,0,0,1,1,0,0,0,1,0,0,0,1,0,1,0,0,0,0,0,1,0,0,1,1,0,1,0,0,0,0,1,0.579245
1,0,1,0,0,1,1,1,1,1,0,1,1,1,0,0,1,1,0,1,1,1,0,1,0,0,1,1,1,1,0,1,0.648303
0,1,0,1,0,1,0,0,1,0,0,1,1,0,0,0,1,1,1,0,1,1,0,1,1,1,1,1,0,0,1,1,0.629555
1,0,0,0,1,1,0,0,0,1,1,1,1,0,1,1,1,0,1,1,1,0,1,0,1,1,0,1,1,0,1,0,0.632459
1,1,0,1,1,1,1,0,0,0,1,1,1,0,1,1,0,1,1,0,0,1,1,0,0,1,1,1,0,0,1,0,0.638441
1,1,0,1,0,1,0,0,0,0,1,1,0,1,0,0,0,0,1,1,1,1,0,1,0,0,0,1,1,0,1,0,0.607980
0,1,0,0,1,1,1,0,1,0,0,1,0,1,1,1,0,1,0,1,1,0,1,0,1,0,0,0,0,0,0,0,0.594614
1,0,0,1,1,0,0,1,0,1,0,0,0,0,0,0,0,0,1,0,1,0,0,1,1,0,1,0,1,0,0,0,0.588581
1,1,1,0,1,1,1,0,0,0,0,0,0,0,0,1,1,0,1,1,1,1,0,1,0,0,1,0,1,1,1,0,0.609506
1,0,0,0,0,0,0,0,0,0,1,1,1,1,0,0,1,1,0,0,0,0,0,0,1,0,0,1,0,1,1,0,0.630607
0,0,0,0,0,0,1,1,0,1,0,1,1,1,0,0,0,1,1,0,0,0,0,1,1,0,1,0,1,1,1,0,0.591660
1,0,0,1,0,1,0,1,1,0,1,0,0,0,0,0,0,0,1,1,0,0,1,0,0,0,0,1,1,0,1,0,0.603074
0,1,0,0,1,1,0,1,1,0,1,1,0,0,1,0,0,1,1,0,1,1,1,0,1,0,0,1,0,1,0,1,0.639593
1,0,0,1,1,1,0,0,0,0,0,1,0,1,1,1,0,0,1,1,0,0,1,0,0,1,0,1,1,1,1,0,0.610382
0,1,1,0,1,1,0,0,1,1,1,1,0,1,0,1,0,0,0,1,0,1,1,1,0,1,0,0,1,1,1,1,0.592261
1,0,1,0,0,0,0,0,1,1,1,1,0,0,1,1,1,0,1,1,1,0,0,0,1,1,1,1,1,0,0,0,0.619168
0,0,1,1,0,0,0,1,0,0,1,1,1,1,1,1,0,0,0,1,1,1,1,0,0,0,0,0,0,0,0,0,0.582199
0,0,1,0,1,1,1,0,1,1,1,1,0,1,1,1,0,1,1,0,0,0,0,1,0,1,1,0,0,0,0,1,0.593287
1,1,1,1,1,0,0,0,0,0,1,1,0,1,1,0,1,1,0,1,1,1,1,0,0,1,1,1,0,0,1,1,0.646526
0,0,1,0,1,1,0,0,0,1,1,1,0,0,1,1,1,0,0,1,1,0,0,1,0,1,0,0,0,0,0,1,0.562350
1,1,1,1,1,0,0,0,1,0,1,1,0,1,1,0,0,1,0,1,1,0,1,1,1,1,0,1,1,1,1,1,0.671556
0,1,1,0,0,0,0,1,1,1,0,0,0,1,1,1,1,1,0,0,1,1,1,1,0,1,1,1,1,1,0,0,0.616990
0,1,0,1,0,1,1,0,0,1,1,0,1,1,1,1,1,0,1,0,0,1,0,0,0,1,1,1,0,0,1,0,0.680191
1,1,0,1,0,0,0,1,0,1,0,1,0,1,0,1,1,0,0,0,0,0,1,1,1,1,0,0,1,0,0,0,0.621546
0,0,0,1,1,1,1,1,0,1,1,1,0,0,0,1,1,0,0,0,1,0,0,1,1,0,0,0,0,0,0,1,0.573814
1,1,0,1,0,1,0,0,0,1,0,1,0,0,1,1,0,1,1,1,0,1,0,0,0,0,1,0,0,1,1,1,0.597567
0,1,0,1,0,0,1,0,0,0,0,0,1,1,0,1,0,0,0,1,0,1,1,1,0,0,0,1,1,1,1,0,0.579696
1,1,1,0,0,0,1,0,0,1,0,0,0,1,1,1,1,1,1,0,0,0,1,0,1,1,1,0,1,1,1,1,0.653184
0,1,0,0,0,1,0,1,1,1,0,1,1,1,1,1,0,0,1,0,1,1,0,0,0,1,1,0,0,0,1,0,0.638591
1,1,1,0,0,1,0,1,0,0,0,1,1,1,1,1,0,1,0,1,0,1,1,1,1,1,1,0,1,1,0,1,0.641044
0,0,0,1,1,0,0,0,1,1,0,1,0,0,0,0,1,0,0,1,1,0,0,0,0,0,0,0,1,0,1,0,0.565904
0,1,1,0,1,0,0,0,0,0,1,1,0,1,1,1,1,1,1,1,0,1,1,1,1,0,0,0,0,1,1,1,0.599795
0,1,1,0,0,0,1,0,0,1,0,1,1,0,0,0,0,0,0,0,0,1,0,1,0,0,0,0,1,0,0,0,0.538421
0,0,0,0,0,1,0,0,0,1,0,0,0,1,1,0,0,0,1,0,0,0,0,1,1,1,0,1,1,0,0,0,0.563852
0,0,1,0,0,1,1,1,1,0,1,1,0,1,1,1,1,1,1,1,0,1,0,1,1,0,0,1,1,0,0,1,0.646926
1,1,0,1,0,0,1,0,0,1,1,0,1,0,0,1,1,0,1,0,1,0,0,1,0,0,0,1,1,1,0,0,0.603174
1,1,0,1,1,0,0,1,0,1,0,0,0,1,1,1,0,0,1,1,1,0,0,0,1,1,0,1,1,0,0,1,0.649730
1,0,1,1,1,0,0,0,0,0,1,0,1,1,1,0,1,1,1,1,0,0,1,1,1,0,1,1,0,0,1,1,0.629280
1,1,0,0,0,1,1,1,0,0,1,0,0,1,1,0,0,1,0,0,1,0,0,0,1,1,0,1,0,0,1,1,0.625150
0,1,0,1,0,0,1,1,1,1,0,1,1,1,1,0,1,1,0,0,0,0,0,0,0,0,1,0,0,0,1,0,0.608956
1,0,0,1,0,0,0,0,0,1,0,1,1,1,0,0,1,0,0,0,0,0,1,0,0,0,1,0,0,1,1,0,0.582549
1,0,1,0,1,0,0,1,1,0,0,0,1,0,1,1,1,0,1,0,0,1,0,1,0,1,1,0,0,1,1,1,0.612610
1,0,1,0,1,0,0,1,1,0,0,1,1,0,0,0,0,0,0,0,0,1,1,1,0,0,0,0,0,0,1,1,0.566480
0,1,0,0,0,0,1,1,0,0,1,0,1,0,1,1,0,0,0,0,0,1,0,1,0,0,0,0,0,0,1,1,0.503029
1,1,0,0,1,0,1,0,0,1,0,1,0,1,0,0,1,0,1,0,0,0,0,0,1,1,0,1,0,1,0,0,0.623223
0,1,0,0,1,1,1,1,0,0,1,0,1,1,1,1,0,0,0,0,0,1,1,1,1,1,1,1,1,0,1,1,0.655587
1,0,1,0,0,0,1,1,1,1,1,1,1,0,0,0,0,0,0,1,1,0,1,0,1,0,1,1,0,1,0,0,0.636789
1,1,0,1,0,0,1,0,1,0,0,1,1,1,1,1,0,0,1,1,1,1,1,1,1,0,1,1,0,1,0,1,0.644223
0,1,0,1,0,0,1,0,0,1,0,1,0,1,1,0,1,0,0,1,0,0,1,0,0,1,0,1,0,1,1,0,0.589407
1,0,1,1,1,0,1,0,1,1,0,1,0,1,0,1,0,0,0,0,1,1,1,0,0,0,1,1,1,1,0,0,0.609607
1,0,0,1,0,0,0,0,1,1,1,0,1,0,1,1,0,0,0,0,0,1,1,0,1,0,0,0,1,1,0,1,0.579921
1,1,1,0,1,0,0,0,0,0,1,1,1,0,1,0,1,1,1,0,0,0,1,0,1,0,1,0,1,0,0,1,0.618968
0,0,0,1,0,1,0,1,1,0,0,0,0,0,1,1,1,1,0,1,1,1,0,0,0,0,0,1,0,0,1,1,0.579420
1,1,0,0,0,1,0,0,1,1,0,0,0,1,0,0,1,0,0,1,1,1,0,0,1,0,0,0,0,1,1,0,0.586003
1,1,0,0,0,1,0,0,0,0,1,1,0,1,0,1,1,0,0,1,1,1,0,0,0,1,1,0,1,1,0,0,0.592511
0,0,1,1,1,1,1,1,0,0,0,0,0,1,1,1,0,0,0,0,0,1,0,0,0,0,0,1,0,0,1,0,0.610908
0,1,0,0,0,0,0,1,1,1,0,0,1,0,1,1,0,0,1,0,1,1,0,1,0,0,0,0,0,0,0,1,0.568332
0,1,1,0,0,1,0,1,1,0,1,0,0,1,1,1,1,1,0,1,1,1,0,0,1,0,1,1,0,0,0,1,0.650706
1,1,0,0,0,0,0,0,1,0,1,1,0,0,1,0,0,1,0,1,0,0,1,1,1,0,1,0,0,0,1,0,0.597517
1,1,1,0,1,0,0,0,0,0,0,1,1,0,1,0,0,0,1,0,0,1,1,1,1,1,1,0,0,0,0,0,0.606753
1,0,1,0,1,0,1,0,0,0,1,0,1,1,0,0,0,0,1,0,1,0,0,1,1,0,1,0,1,1,1,0,0.581923
0,1,0,1,0,0,1,0,0,0,0,0,1,0,1,1,0,1,0,0,0,0,1,1,1,1,1,0,1,1,1,0,0.604500
1,0,1,0,0,1,1,1,1,1,0,0,0,0,0,1,1,0,1,1,0,1,1,0,1,0,1,1,1,0,1,0,0.670455
0,0,0,0,1,1,1,1,0,0,1,1,0,0,0,0,0,1,1,1,0,0,1,0,1,1,0,0,1,0,1,1,0.579095
1,0,0,0,0,1,0,1,0,1,0,1,0,1,1,1,1,0,1,1,1,0,1,1,1,0,1,1,1,0,0,0,0.622122
1,0,1,0,1,1,1,1,0,0,1,0,0,1,1,1,0,1,1,1,0,0,0,1,1,1,1,1,1,1,1,0,0.654510
1,0,0,1,1,1,1,0,0,0,1,1,0,0,0,1,1,1,1,0,1,1,0,1,1,1,0,1,1,0,0,0,0.645875
1,0,1,1,0,1,0,0,0,0,1,1,1,0,1,1,1,1,1,1,0,0,0,1,0,0,1,0,0,1,1,1,0.630457
0,1,0,0,0,0,0,0,0,1,0,0,0,1,1,1,1,0,0,1,0,0,1,0,1,1,0,0,0,1,0,1,0.554591
0,1,1,0,1,0,1,0,0,0,0,0,0,0,0,0,1,1,1,1,1,0,0,0,0,0,1,1,1,0,1,1,0.695384
0,1,1,0,0,0,0,1,0,1,0,0,0,0,0,0,0,1,0,1,0,1,1,0,1,1,0,1,1,1,1,1,0.662620
0,0,1,0,1,0,1,0,1,0,1,1,1,0,1,0,1,0,0,1,0,1,1,0,0,0,1,1,0,1,0,0,0.618617
0,0,0,0,0,1,0,0,0,1,1,1,0,1,0,1,0,1,1,1,0,0,1,1,1,1,1,1,1,1,1,1,0.662170
1,1,1,0,1,0,1,1,1,0,0,1,1,0,0,0,0,1,0,1,1,1,0,1,1,0,0,0,1,0,0,1,0.604601
1,0,1,0,1,1,0,0,1,0,1,1,0,1,0,0,0,1,1,0,0,0,0,1,0,1,0,1,1,1,1,0,0.616265
1,1,1,0,0,1,1,1,0,0,1,0,0,1,1,0,0,1,0,1,0,1,1,1,1,1,1,0,0,1,1,0,0.615689
1,1,1,1,0,1,0,1,1,0,1,1,1,0,0,0,1,1,0,0,0,0,1,0,0,1,0,1,1,0,0,0,0.633911
1,1,0,0,0,1,1,0,0,0,0,0,1,0,0,1,1,0,0,1,0,0,1,1,1,0,0,0,1,0,0,1,0.616365
1,1,0,1,0,1,0,0,0,1,1,1,1,0,0,1,1,0,0,1,1,0,1,0,0,1,0,1,0,0,1,0,0.621746
1,1,0,1,0,0,0,0,0,0,0,0,0,1,1,0,0,1,1,0,0,0,0,1,1,0,1,1,0,0,1,0,0.606853
1,0,0,0,1,0,0,1,1,0,0,0,1,1,1,0,1,1,1,0,0,1,0,0,0,0,1,0,1,0,1,1,0.594864
0,1,1,0,1,0,0,0,1,0,0,0,0,0,1,1,1,1,1,0,0,0,1,1,0,0,1,1,1,0,1,1,0.646326
1,0,0,0,0,0,1,1,0,1,1,0,0,1,1,1,0,0,1,0,1,0,0,1,1,0,0,0,0,1,1,0,0.584551
1,1,1,1,1,0,0,1,0,1,0,1,0,1,0,1,1,1,0,0,1,1,0,1,0,1,1,1,1,0,0,0,0.639442
1,1,0,0,1,1,1,0,1,1,0,0,0,1,0,1,1,0,1,1,0,0,1,1,1,1,0,0,1,1,1,1,0.614813
0,0,1,0,0,1,1,1,0,0,1,0,1,0,0,0,0,1,0,0,1,1,0,1,0,1,0,1,0,0,1,1,0.561524
1,1,0,1,1,0,1,1,0,0,0,0,1,0,1,0,1,1,1,0,1,0,1,1,0,1,1,0,0,1,0,1,0.636664
1,0,0,0,1,1,0,0,0,1,1,0,0,1,0,1,1,0,0,0,0,0,0,0,1,1,0,0,1,0,1,1,0.622347
0,1,1,1,1,0,0,0,0,0,0,1,1,1,0,0,0,1,0,1,0,1,0,0,0,0,1,0,0,1,1,1,0.581673
0,1,0,0,0,0,1,0,1,1,1,1,0,0,0,0,0,0,0,1,1,1,0,0,1,1,1,0,1,0,1,0,0.586629
1,0,0,0,0,0,1,1,1,1,1,1,0,0,1,0,1,1,0,1,1,1,0,0,1,0,0,1,1,1,1,0,0.627052
0,0,0,1,1,1,0,0,0,0,1,0,1,1,1,0,1,1,1,0,1,0,1,0,0,0,0,0,1,0,1,0,0.590759
0,1,0,1,1,1,0,0,0,1,1,0,1,0,0,0,0,1,1,0,1,0,1,1,1,1,1,0,1,0,1,0,0.611534
0,1,1,1,1,0,0,1,1,1,0,0,0,1,0,0,0,1,1,1,1,0,0,1,1,0,1,1,0,0,0,1,0.629255
1,0,1,1,1,1,1,1,1,0,1,0,0,1,0,0,1,0,1,0,1,0,1,0,1,1,1,0,0,1,1,0,0.609031
0,0,1,1,1,1,1,1,0,0,1,1,1,1,1,1,0,0,1,1,1,1,0,0,0,1,0,0,1,1,1,1,0.648003
1,0,0,0,0,0,0,0,0,1,1,0,0,0,0,1,0,0,1,1,1,0,0,1,1,0,1,1,0,0,1,1,0.611559
1,0,1,1,0,0,1,1,1,1,1,1,1,1,1,0,0,1,1,1,1,1,0,1,1,1,0,0,0,1,1,1,0.657414
1,1,0,1,0,0,0,1,1,0,0,1,0,0,0,0,0,0,1,1,0,0,0,1,0,1,0,0,1,0,0,0,0.594188
1,0,0,1,1,0,0,0,0,1,0,1,1,1,0,1,1,1,0,1,0,1,1,1,0,0,0,0,1,1,0,1,0.616089
0,1,0,0,1,1,1,1,0,1,0,1,1,0,0,0,0,0,0,1,1,0,1,1,1,0,1,0,0,1,0,1,0.604325
0,1,1,0,0,1,1,0,1,1,0,0,1,1,1,1,0,1,0,0,0,0,0,0,0,1,0,1,0,1,1,1,0.700991
0,1,0,1,0,1,1,1,1,1,1,1,1,0,0,1,1,1,1,1,1,1,1,1,0,1,1,0,0,1,0,1,0.662345
0,1,0,0,0,0,1,0,1,1,1,0,0,0,0,0,0,0,0,1,0,1,1,1,1,0,0,1,0,1,0,1,0.639142
0,0,1,1,1,0,1,1,1,0,1,0,1,1,0,0,1,1,1,1,0,0,1,1,1,0,0,1,0,1,0,0,0.620695
0,1,1,1,0,0,0,1,0,1,1,1,1,0,1,1,0,0,0,1,0,1,1,0,1,1,1,1,1,0,1,0,0.640619
1,0,1,1,0,0,0,0,0,0,0,1,0,0,0,1,1,0,0,1,1,1,1,0,0,0,1,1,0,1,0,1,0.645399
0,1,0,1,0,0,0,1,1,0,0,1,1,1,1,1,0,1,0,0,0,0,0,1,0,1,0,0,1,1,0,1,0.594363
0,1,0,1,1,1,0,0,0,0,1,0,0,0,0,1,0,0,1,1,1,1,0,1,0,1,0,0,1,1,0,1,0.582524
1,1,0,1,1,1,0,0,1,0,0,0,1,1,0,1,1,1,0,1,0,0,1,1,1,0,0,0,1,0,0,0,0.642596
1,1,0,0,1,0,1,1,0,1,1,1,0,1,1,1,1,0,0,1,1,0,1,0,0,1,1,0,0,0,1,0,0.616465
1,0,0,0,1,1,0,1,1,0,0,0,0,0,1,1,0,0,1,1,1,0,0,1,0,0,1,0,0,1,0,1,0.585878
0,1,1,1,0,1,0,1,1,1,0,0,1,1,1,0,1,1,1,0,0,1,1,1,0,1,1,1,0,0,0,0,0.625200
0,1,1,1,0,0,1,1,1,0,0,1,1,0,1,1,0,1,0,0,1,1,1,0,0,1,0,1,0,0,0,1,0.635137
0,1,1,1,1,0,0,1,1,0,0,0,0,1,0,0,1,0,0,0,1,0,1,0,0,1,0,0,1,0,0,1,0.588932
0,1,0,1,1,1,1,0,0,0,0,0,0,0,1,0,0,1,1,0,1,0,1,0,0,1,0,1,1,1,1,1,0.627178
0,0,0,0,1,0,1,1,1,1,1,1,0,1,0,0,1,0,1,1,1,0,0,1,1,1,1,1,1,0,0,0,0.629380
0,0,1,0,0,0,0,1,0,1,0,0,1,0,0,0,0,0,0,0,0,0,0,1,0,0,0,1,1,0,1,1,0.516194
0,0,0,0,1,1,0,0,1,1,1,0,0,0,0,1,0,0,0,0,0,1,0,0,1,1,0,1,0,0,1,1,0.693532
1,1,0,0,0,1,1,1,1,0,1,1,1,0,0,1,0,1,1,1,0,0,0,1,1,0,1,0,0,0,1,0,0.602348
1,1,1,0,1,1,0,1,0,1,1,0,1,0,0,1,1,0,0,1,0,1,1,0,1,1,0,0,1,1,1,1,0.636514
1,1,1,1,1,0,1,0,0,1,1,1,1,0,0,1,1,1,0,1,1,0,1,1,0,1,0,1,0,0,1,0,0.670505
0,0,0,1,1,1,1,0,1,1,1,0,1,1,0,0,1,1,0,0,1,1,0,0,1,0,0,0,0,0,0,0,0.596641
1,1,0,0,1,0,0,1,1,1,1,0,0,1,1,1,1,1,0,0,1,0,1,1,1,1,1,1,0,1,0,0,0.625200
0,0,1,0,1,0,0,0,1,0,0,0,1,0,0,1,0,0,0,1,1,1,0,1,0,0,0,1,0,0,1,1,0.544704
0,1,1,1,1,0,1,1,0,0,1,0,0,0,1,1,1,0,1,0,1,0,0,1,0,0,0,1,0,1,1,0,0.611734
1,0,1,0,1,0,1,0,1,1,1,1,0,1,1,1,1,1,0,1,1,0,1,0,0,0,0,1,0,1,1,1,0.632659
1,1,0,1,0,0,1,1,0,0,1,0,0,1,0,0,1,0,0,0,1,0,1,0,0,1,0,1,0,1,0,1,0.607754
1,1,0,1,0,1,0,0,0,1,0,1,1,0,1,0,0,0,0,1,1,0,0,1,0,1,0,0,1,0,0,1,0.604400
1,0,1,1,1,1,1,0,1,1,0,0,0,1,0,0,1,0,0,0,1,1,0,1,1,1,0,0,0,0,0,1,0.620420
0,1,1,1,1,1,1,1,1,0,1,0,0,0,1,1,0,1,1,1,0,0,1,0,1,1,0,1,0,0,0,1,0.645099
0,1,1,1,0,0,0,1,0,1,1,1,1,0,0,1,1,0,0,0,0,1,1,0,0,1,1,1,1,1,0,0,0.624725
1,1,1,0,1,0,1,1,1,1,1,1,1,1,0,1,0,1,1,1,0,0,0,0,0,1,1,1,1,1,0,0,0.751176
1,1,1,0,0,0,0,0,1,1,1,1,1,1,0,0,0,0,0,1,0,1,1,0,1,0,0,1,0,0,0,0,0.609607
1,1,1,0,1,1,1,0,1,1,0,1,1,1,0,1,0,0,0,1,1,1,1,1,0,1,0,1,0,1,0,1,0.643823
0,1,0,0,0,1,0,1,0,1,1,1,1,0,1,0,1,1,1,0,1,0,0,1,1,0,0,0,0,1,1,0,0.594488
1,0,1,1,1,1,1,1,0,0,0,1,1,0,0,1,0,0,1,1,0,0,1,0,1,0,0,0,0,1,1,0,0.632384
0,0,1,1,0,1,1,0,0,1,0,1,1,0,1,0,0,1,0,0,0,0,0,1,1,1,1,0,1,1,1,0,0.593487
1,1,1,1,1,1,1,0,0,0,1,0,0,0,1,1,1,1,0,0,1,0,1,0,0,1,0,1,0,1,0,0,0.620269
0,1,1,1,0,1,1,1,1,0,1,0,0,0,1,1,0,1,0,1,0,1,0,1,0,0,1,1,0,1,1,1,0.638867
1,1,1,0,1,0,0,0,0,0,1,0,1,1,0,1,0,1,1,0,0,0,0,0,1,0,1,0,0,0,1,0,0.601597
0,1,0,0,1,1,0,1,0,1,0,0,1,1,1,0,1,1,0,1,0,0,1,0,0,0,1,0,1,0,0,0,0.599294
1,1,1,1,1,0,1,1,1,0,0,0,0,0,1,1,0,0,1,0,0,1,0,0,0,1,1,1,0,0,0,0,0.617416
1,1,1,1,1,0,1,0,1,1,0,0,0,1,0,1,0,0,0,1,0,0,1,1,0,0,0,0,0,1,1,1,0.607154
1,0,0,0,1,1,0,0,0,1,0,1,1,1,1,0,1,0,1,0,0,1,1,1,1,1,1,0,1,1,0,1,0.634987
0,1,0,0,1,1,1,1,1,1,0,1,0,1,0,0,1,0,0,0,0,1,1,1,1,1,0,1,1,0,1,0,0.619043
0,0,0,1,0,0,0,1,0,0,1,1,0,0,1,0,1,0,1,0,0,0,1,1,1,0,1,1,1,0,0,1,0.654836
1,0,1,0,0,1,1,0,0,1,1,1,0,0,1,1,1,1,0,1,1,0,1,0,1,0,0,0,0,0,0,0,0.604250
1,1,1,1,1,1,1,1,1,1,1,0,1,1,0,1,1,1,1,1,0,0,1,1,1,0,0,0,1,1,1,1,0.579370
1,0,1,1,1,1,0,1,0,1,0,0,0,1,0,1,0,1,1,0,0,1,0,1,1,0,1,0,1,0,1,1,0.623723
1,0,1,1,1,0,0,1,0,1,0,1,1,1,1,0,0,0,0,0,1,1,1,0,1,0,0,1,1,1,1,1,0.644924
1,0,0,0,1,1,1,0,0,0,0,1,1,1,0,0,0,1,1,1,0,1,1,1,1,1,0,1,0,0,0,1,0.627728
1,0,1,1,0,1,0,1,1,0,1,1,1,0,0,1,0,1,0,1,1,0,1,0,0,1,0,0,1,0,0,1,0.610833
0,1,1,1,1,1,0,0,1,1,0,1,1,0,0,1,0,0,0,0,1,0,1,0,1,1,1,0,1,0,0,1,0.605802
0,0,0,1,1,0,1,1,1,1,1,1,0,0,1,1,1,0,1,0,1,1,1,1,1,0,0,1,1,0,1,0,0.664798
0,1,1,1,0,1,0,0,1,1,1,1,0,1,0,0,0,0,1,1,0,1,0,1,0,1,0,1,1,0,0,1,0.621996
1,0,1,1,0,0,1,0,1,0,1,1,1,1,0,1,0,0,1,1,1,0,1,1,1,1,0,0,1,1,1,1,0.611484
0,1,1,1,1,0,1,0,1,0,1,1,0,1,1,1,1,0,0,1,0,0,0,0,1,0,1,0,1,0,1,0,0.590959
1,0,0,0,1,1,0,1,1,1,0,0,0,1,1,1,1,0,0,1,1,0,0,0,1,0,0,1,0,0,1,1,0.651957
0,0,1,0,1,0,0,1,1,1,1,1,1,1,1,0,0,1,0,0,0,1,1,1,0,0,0,1,0,0,0,1,0.584476
1,0,0,1,1,0,0,0,0,0,1,0,1,0,1,1,0,1,0,1,0,0,0,0,1,1,1,0,0,1,1,0,0.579220
1,0,0,0,0,1,1,1,1,0,0,1,1,0,0,0,0,1,1,1,0,1,0,0,1,1,0,1,1,1,1,0,0.625826
1,1,0,0,0,1,0,1,0,0,1,1,1,0,0,0,0,0,0,0,1,0,1,0,1,0,0,0,0,0,1,1,0.587255
1,0,1,1,1,0,1,0,1,0,0,0,1,1,1,1,0,1,1,1,0,0,0,0,0,1,0,1,0,0,0,0,0.629005
1,0,0,0,0,1,0,0,0,0,0,0,0,1,0,1,0,0,1,0,1,1,1,1,1,0,0,0,0,1,1,1,0.537069
0,1,1,1,0,1,1,0,1,0,0,0,1,1,1,0,0,1,0,1,0,1,0,0,1,0,1,0,0,0,0,0,0.589107
0,0,0,0,0,1,0,1,1,1,1,1,1,0,1,0,0,0,1,1,1,0,1,1,0,0,1,0,1,1,0,0,0.582499
1,1,0,1,0,1,1,0,1,0,0,0,1,0,0,0,1,0,1,0,0,1,0,1,0,1,0,1,1,0,1,0,0.597667
0,0,0,1,1,0,0,0,0,0,0,0,0,0,0,0,0,1,1,1,0,0,1,1,0,0,0,1,0,0,1,1,0.626201
0,1,1,0,1,1,1,0,0,1,1,1,0,0,0,0,1,1,0,1,0,0,0,1,1,1,0,1,0,1,0,1,0.629756
0,1,0,1,0,1,1,1,0,0,0,1,0,0,0,0,0,0,1,1,1,0,1,0,1,0,0,1,1,0,1,0,0.655186
0,0,0,1,1,0,0,0,1,0,0,1,1,0,1,0,1,0,0,0,1,0,1,1,1,1,1,1,1,1,1,0,0.673558
1,0,0,1,1,1,1,0,1,0,0,1,0,0,1,0,1,1,1,1,1,0,0,0,0,0,1,0,1,1,0,1,0.615288
0,1,1,0,1,0,1,1,0,0,0,1,0,1,1,0,1,0,0,0,0,0,0,1,0,1,0,1,0,0,1,1,0.602949
0,0,0,1,1,1,1,1,1,0,0,1,0,0,1,0,1,1,1,1,0,1,0,1,1,0,0,0,0,0,0,1,0.593537
1,0,1,1,0,0,1,1,1,0,1,1,0,0,0,1,0,1,1,0,1,0,0,0,1,1,0,1,0,0,1,1,0.609607
0,0,0,1,0,1,0,1,0,1,0,0,1,0,0,0,0,0,0,0,1,1,0,1,1,0,0,0,0,0,0,0,0.482229
0,1,0,1,1,1,0,0,1,1,0,0,0,1,1,1,1,1,0,1,0,0,0,1,1,0,1,0,1,0,0,0,0.621671
1,1,0,1,1,1,0,0,0,0,0,0,0,0,1,0,1,0,1,1,1,0,0,1,0,0,1,0,1,1,1,1,0.612085
1,0,1,1,1,1,0,0,0,1,1,0,1,0,0,0,0,1,1,1,0,1,0,0,0,1,1,0,1,0,1,0,0.603324
1,0,1,1,1,1,1,0,0,0,1,0,1,0,1,0,0,1,1,0,1,0,1,1,0,1,1,0,1,1,1,0,0.644473
1,0,0,0,0,0,0,0,0,1,0,0,1,0,1,0,1,1,0,1,1,0,1,0,0,0,1,0,0,0,1,1,0.568607
0,1,1,0,0,0,0,0,0,1,1,0,1,1,0,1,0,0,0,1,1,1,1,1,0,1,0,0,1,0,1,1,0.606728
1,1,1,0,1,1,0,0,1,1,0,0,1,0,1,1,1,1,1,1,1,1,1,0,0,1,0,1,0,1,1,1,0.662245
0,1,1,1,0,1,0,1,1,1,0,1,1,0,0,0,0,1,1,1,1,1,1,1,0,1,1,0,0,0,0,0,0.649805
0,0,0,0,1,1,1,1,1,1,0,1,1,0,0,1,1,0,0,1,1,1,0,1,0,0,1,0,0,1,0,1,0.578920
0,0,0,0,1,0,1,0,0,0,1,1,1,1,1,1,1,1,0,0,0,0,0,0,1,0,1,1,1,0,0,1,0.685347
0,0,1,1,1,1,0,0,0,1,1,0,0,1,0,1,1,0,1,1,1,1,1,0,0,0,1,0,0,0,0,1,0.612385
0,1,1,1,0,1,0,0,0,1,1,1,0,1,0,1,1,1,1,1,1,1,0,1,0,1,1,1,1,1,0,1,0.652558
1,1,1,1,0,0,1,1,1,0,0,0,0,1,0,0,0,0,0,1,1,1,0,1,0,0,1,1,0,0,1,1,0.617416
0,1,0,1,0,1,1,1,0,0,0,0,1,0,1,1,0,1,1,1,1,1,0,0,0,0,0,1,1,1,0,1,0.580221
0,0,1,0,1,1,0,0,0,1,0,1,1,1,1,1,0,1,1,0,0,0,1,1,0,1,1,1,1,1,0,0,0.569483
1,0,1,0,0,1,1,1,0,1,1,1,0,0,1,0,0,0,1,1,1,0,1,0,1,1,0,1,0,0,0,0,0.655311
1,0,1,0,1,0,0,0,0,1,0,1,1,0,0,0,0,0,1,1,1,1,0,1,1,1,0,1,1,0,0,1,0.626151
1,1,0,0,1,0,1,0,0,1,0,1,1,1,1,1,1,1,0,0,1,1,1,0,1,0,1,1,1,1,1,1,0.710402
1,0,1,1,1,1,1,0,0,1,1,0,0,1,1,0,1,1,0,1,0,1,0,1,0,1,0,0,1,1,1,0,0.630757
1,0,0,1,0,1,0,1,0,1,0,1,0,0,0,0,1,0,0,1,0,1,1,0,0,0,0,0,1,1,1,0,0.576141
0,0,1,1,0,0,0,0,1,0,1,1,0,1,0,0,1,0,1,1,0,1,1,0,0,1,0,1,1,1,0,1,0.621095
1,0,0,0,0,1,1,1,0,1,0,0,1,0,0,1,0,1,1,0,1,1,1,0,0,0,0,1,1,0,0,0,0.597667
0,0,0,1,1,1,1,0,0,0,0,1,1,1,1,0,1,0,1,0,1,0,0,1,1,0,0,1,0,0,0,0,0.601171
0,0,1,0,0,1,1,1,0,1,1,1,0,0,1,0,0,1,0,0,1,1,0,1,1,1,0,1,1,0,1,1,0.630306
0,0,0,0,0,0,0,0,0,1,1,0,1,1,0,1,1,1,1,0,0,0,1,0,0,1,0,1,1,1,1,0,0.600395
0,1,1,0,1,1,1,1,0,1,0,1,0,0,1,0,0,1,0,1,1,1,1,0,1,0,1,0,0,1,1,0,0.611834
1,0,0,1,0,0,0,0,0,1,0,0,0,1,0,1,1,1,1,1,1,0,0,1,0,1,0,0,0,1,0,0,0.582599
0,0,0,0,1,1,0,0,0,1,1,0,1,0,0,0,1,0,1,0,0,1,1,0,1,1,0,1,0,1,1,1,0.620144
1,0,0,0,1,1,1,1,0,1,0,0,1,0,0,1,1,0,0,0,0,1,1,1,1,0,1,1,1,0,0,1,0.632709
0,1,0,0,1,1,0,0,0,1,0,0,1,0,1,0,1,0,0,1,1,1,1,1,0,1,1,0,0,1,0,0,0.596891
1,1,0,1,1,0,0,0,1,0,1,0,1,1,0,1,0,0,1,0,0,1,1,1,1,1,0,0,0,0,0,0,0.607329
1,1,1,0,0,1,1,1,0,1,1,0,0,1,0,1,0,1,0,1,1,1,0,0,0,1,0,1,0,0,1,1,0.645975
1,0,0,0,1,1,0,1,1,1,1,0,1,0,0,0,0,0,1,1,1,1,0,1,0,0,0,1,1,1,0,0,0.590133
0,0,1,1,0,0,0,0,0,0,1,0,0,1,1,0,1,1,0,1,1,0,0,0,1,1,0,0,0,0,1,0,0.577243
0,0,1,1,1,1,0,0,0,0,0,0,0,1,0,0,0,0,1,1,0,0,1,0,1,0,1,1,0,1,1,0,0.593612
1,1,1,0,0,1,1,1,1,1,1,1,0,1,0,1,1,1,0,0,1,0,0,0,1,0,0,1,1,0,0,0,0.637665
1,1,1,0,1,0,1,0,0,1,1,1,0,1,1,0,0,1,0,0,0,1,1,1,1,1,0,0,0,1,0,0,0.609206
1,0,0,1,1,0,0,0,1,0,0,1,0,0,1,0,0,0,1,1,1,1,0,0,0,1,1,0,1,1,1,0,0.606278
1,1,0,0,0,1,0,1,1,1,1,0,0,0,1,1,1,1,0,1,1,0,1,1,1,1,0,1,0,1,1,1,0.696461
0,1,1,0,1,0,1,1,0,1,1,0,0,1,0,0,1,1,0,1,0,0,1,1,1,1,1,1,1,1,1,0,0.642471
1,0,0,0,1,1,1,0,1,1,1,0,1,1,0,0,0,0,1,1,0,1,0,1,1,1,0,1,0,1,1,0,0.644724
0,0,1,1,1,0,0,1,1,0,0,0,1,0,1,1,1,0,1,0,0,0,0,1,1,0,1,1,0,1,1,1,0.640243
1,0,0,0,1,1,1,0,1,0,0,1,1,1,1,0,0,1,1,1,0,0,0,0,0,0,0,1,1,1,1,0,0.647727
1,1,0,1,1,0,0,1,0,1,0,1,0,0,0,1,0,1,0,1,1,0,0,0,0,1,0,0,1,0,0,1,0.622872
1,0,1,1,1,1,1,0,0,0,1,1,0,1,1,1,1,1,1,1,0,0,0,1,0,0,0,0,1,1,0,0,0.621696
1,0,0,0,0,1,0,0,0,1,0,0,0,0,1,1,0,1,1,1,0,1,1,0,0,1,0,0,1,1,0,0,0.587330
1,1,0,1,1,1,1,0,1,0,0,1,0,0,0,1,1,1,0,0,1,0,0,0,0,1,1,1,0,0,0,1,0.596090
0,1,0,1,1,0,0,0,1,0,0,1,1,0,1,0,0,0,1,1,0,1,0,0,1,1,1,1,1,0,0,1,0.634962
0,1,1,0,1,0,0,1,1,1,0,0,1,1,1,1,0,1,1,0,1,0,0,1,1,0,1,0,0,0,1,1,0.625250
1,0,0,1,0,1,0,0,1,0,1,1,0,1,1,1,1,1,1,1,0,1,0,0,0,1,0,1,1,0,1,1,0.668878
1,1,0,0,1,0,0,0,0,1,0,1,1,0,1,0,1,1,1,1,0,1,1,1,1,1,1,0,0,0,1,1,0.662270
0,0,0,1,1,0,1,1,1,1,1,1,0,1,0,0,1,0,0,0,0,1,0,0,0,0,0,1,0,0,1,0,0.599920
0,0,0,0,1,1,0,1,0,0,1,0,0,0,1,1,0,1,1,1,1,1,1,1,0,1,0,1,0,0,0,1,0.636764
1,1,0,0,0,1,1,0,0,1,1,1,1,1,1,0,0,1,0,1,1,0,0,1,1,1,0,0,0,1,0,0,0.621120
1,1,0,0,1,1,1,0,0,1,0,0,0,1,0,0,1,0,0,1,1,0,1,0,1,0,1,1,1,1,1,0,0.611659
0,1,1,0,1,0,0,0,1,0,0,0,1,1,1,0,0,0,1,1,0,1,1,0,0,0,0,1,1,1,1,0,0.589958
0,0,1,1,1,0,0,1,1,1,0,1,0,0,0,1,1,0,1,1,1,1,0,1,1,1,1,1,1,0,0,1,0.657089
0,0,0,1,0,1,1,0,0,1,1,0,1,1,1,1,0,0,0,1,0,0,0,1,1,0,1,1,0,0,1,1,0.647827
0,0,1,1,0,1,0,1,1,0,0,0,0,1,0,1,1,1,0,0,1,0,0,0,0,1,1,0,1,1,1,1,0.623323
0,1,1,0,0,1,0,0,0,0,1,0,1,0,0,0,0,0,1,0,1,1,1,0,1,0,0,1,0,0,0,1,0.588056
0,0,0,0,1,0,0,1,0,0,1,0,1,1,0,0,0,1,0,1,0,1,0,0,0,0,0,0,0,0,1,1,0.498673
1,0,1,1,1,0,0,1,1,0,0,0,1,1,1,0,1,1,0,0,0,0,1,0,0,1,0,0,1,1,0,1,0.606778
0,1,1,0,0,1,0,1,0,0,0,1,1,1,0,1,1,1,1,0,1,0,1,1,1,1,1,0,0,1,0,0,0.625776
1,0,1,0,1,0,0,1,0,1,1,0,0,1,0,0,0,0,0,1,1,1,0,1,1,1,0,1,1,1,0,0,0.621396
1,0,1,0,0,1,1,1,1,1,0,0,0,0,1,1,0,1,0,1,1,1,1,1,1,0,1,0,1,1,1,1,0.610808
1,0,1,0,1,0,1,1,0,0,0,1,0,0,0,1,0,0,1,0,1,0,1,1,0,0,0,1,1,1,1,1,0.647302
1,0,1,1,0,0,1,0,1,0,1,0,0,0,1,0,0,1,1,1,0,1,0,0,0,1,0,0,0,0,0,1,0.590233
0,0,1,0,1,1,0,1,0,0,0,0,0,1,1,1,1,0,0,0,1,1,0,1,0,1,0,0,0,1,1,1,0.527308
0,1,1,1,1,0,1,0,1,0,1,1,1,0,0,0,1,0,0,1,0,0,1,1,0,0,0,0,0,1,0,1,0.607829
1,1,0,0,0,1,0,0,0,1,0,1,0,1,1,1,0,0,1,0,0,0,1,0,0,1,1,1,0,0,1,1,0.606403
0,1,0,0,1,0,1,1,0,0,0,0,1,0,1,1,1,0,0,1,0,1,0,1,1,0,0,0,0,1,1,0,0.572587
1,0,1,0,1,0,1,0,1,1,0,0,0,1,0,0,1,0,0,1,1,0,1,1,1,1,1,1,0,0,0,0,0.627954
1,0,0,1,0,1,0,0,0,1,0,1,0,1,1,0,0,0,0,1,0,0,0,0,0,0,0,1,1,1,0,0,0.626652
1,1,1,0,1,0,0,1,1,1,0,1,0,0,1,1,0,0,0,0,1,0,0,1,0,0,1,0,1,0,1,1,0.584501
1,0,0,1,1,1,0,0,0,0,1,1,0,1,1,1,1,1,1,1,1,0,0,1,1,0,0,1,1,0,0,1,0.627853
1,0,0,0,1,1,1,0,1,0,1,0,0,0,1,0,1,1,0,1,0,0,1,0,0,0,1,0,0,0,1,1,0.583175
0,1,0,1,1,0,1,0,1,0,0,0,1,1,1,1,0,1,1,1,1,0,0,0,0,0,0,1,0,1,0,0,0.629956
0,0,0,1,1,1,1,1,0,1,0,0,0,0,0,1,0,0,1,1,1,1,1,1,1,0,1,0,1,0,1,1,0.661944
0,1,1,1,0,1,0,0,1,1,1,0,0,0,1,1,1,1,0,0,0,1,1,1,0,0,0,1,1,1,1,1,0.660768
1,0,1,1,0,1,1,1,0,1,0,1,0,1,0,1,0,0,1,1,0,1,1,1,0,0,1,1,1,1,0,1,0.652583
1,1,1,1,1,1,0,1,0,0,0,0,0,0,1,1,0,1,0,0,0,0,0,0,1,0,1,1,1,1,1,0,0.604626
0,1,1,0,1,0,0,0,1,0,1,1,0,1,0,1,1,0,1,1,1,0,0,0,1,0,0,1,1,1,1,1,0.655737
1,1,0,0,1,1,1,0,0,0,1,1,1,0,1,1,1,0,0,1,0,1,0,1,0,0,1,0,1,1,0,0,0.593838
1,1,1,1,0,0,1,0,0,0,1,1,0,0,0,1,1,1,0,0,0,0,0,1,1,1,0,1,0,0,1,1,0.647552
0,0,1,0,0,1,0,1,1,0,0,1,0,1,1,1,1,1,0,0,0,0,0,0,1,0,0,0,0,0,0,0,0.553464
1,1,0,1,1,1,1,0,0,0,0,1,0,0,1,0,1,1,1,1,0,0,1,0,0,0,0,1,1,1,0,1,0.650030
0,0,0,0,1,1,1,0,0,0,1,0,0,0,0,0,0,1,0,0,0,0,1,0,0,1,0,0,0,0,1,0,0.491565
1,1,0,0,0,0,0,1,0,0,0,0,1,0,1,1,0,0,0,1,1,1,1,1,1,1,0,0,0,1,1,1,0.589032
0,1,1,1,0,0,0,1,0,0,1,1,1,0,0,0,1,1,0,0,1,1,1,0,0,1,0,1,0,1,0,0,0.629480
0,1,0,0,0,0,1,1,0,0,0,0,0,1,0,1,1,1,1,0,1,1,0,0,1,0,0,0,1,0,0,0,0.580046
1,1,1,0,0,1,1,0,1,0,0,1,0,0,0,0,1,1,1,1,0,1,1,1,0,1,0,1,0,0,0,0,0.783165
0,1,0,0,0,0,0,0,0,1,1,0,0,1,0,1,1,0,1,0,1,1,1,1,1,0,0,0,0,0,0,0,0.584652
0,1,1,0,0,1,0,0,0,1,1,0,0,0,1,0,1,1,0,1,0,0,0,1,1,0,0,0,1,0,1,1,0.583100
1,0,0,0,0,1,1,1,0,0,0,1,0,1,1,1,0,0,0,1,1,0,1,0,0,0,0,1,1,1,1,0,0.603099
0,1,1,1,1,0,1,1,0,1,1,1,0,0,1,1,1,1,0,0,0,1,0,1,0,1,0,0,1,0,0,0,0.605702
0,0,0,0,1,0,0,1,1,1,1,0,1,1,1,0,1,0,0,0,0,1,1,1,0,1,0,0,1,1,1,1,0.585753
1,1,0,1,1,1,0,1,1,0,1,0,1,1,0,1,1,1,1,1,0,1,0,0,0,0,0,1,1,0,1,1,0.648128
0,0,1,0,0,1,0,1,1,1,1,1,1,1,0,1,1,1,1,1,1,1,0,1,0,1,1,1,1,0,1,0,0.646751
0,1,0,0,0,0,1,0,1,1,1,1,0,1,0,1,0,1,0,0,0,0,1,0,0,1,0,1,1,1,1,1,0.654035
0,1,1,0,0,1,0,1,1,0,1,0,0,0,1,0,1,1,1,1,1,0,1,0,0,0,1,1,0,1,0,0,0.639542
1,1,1,0,1,1,0,1,1,1,0,0,0,0,0,0,0,1,0,1,1,0,0,0,0,0,0,0,0,0,0,1,0.605602
0,0,0,0,0,1,1,1,1,1,0,1,1,1,1,0,0,0,1,1,1,0,0,1,1,1,0,0,0,0,1,1,0.630206
0,1,0,0,0,0,1,0,1,1,1,1,0,1,0,1,1,1,1,0,0,0,0,1,1,0,1,1,0,0,1,0,0.615639
1,1,0,1,0,1,1,0,0,1,0,1,0,1,1,1,0,0,1,0,0,1,0,1,0,1,0,0,1,1,0,1,0.629155
0,0,0,0,0,1,0,1,1,0,1,1,0,1,0,1,1,1,0,0,1,1,1,1,0,1,1,0,1,0,0,1,0.622822
1,1,0,0,0,0,1,0,0,1,0,1,1,0,1,0,1,1,0,1,1,1,0,1,0,0,1,0,1,0,1,1,0.610257
1,0,1,1,0,1,1,0,1,1,0,0,1,0,1,0,0,0,0,1,1,1,1,1,1,0,0,0,0,1,0,0,0.597041
1,1,1,0,1,1,1,0,0,0,1,0,1,0,0,0,1,0,1,0,1,0,0,0,0,0,0,0,0,0,0,0,0.613787
0,1,0,1,1,1,1,0,0,1,1,0,1,0,0,1,0,1,0,0,1,0,1,0,1,1,1,0,0,1,1,1,0.614212
0,0,1,1,0,1,1,1,0,0,1,0,1,0,0,0,1,0,1,1,0,0,1,1,0,1,0,0,0,0,0,1,0.621771
0,1,0,1,1,1,1,0,1,1,1,1,1,0,0,0,0,1,1,1,0,0,0,0,1,1,0,1,0,0,0,1,0.632084
0,0,0,0,0,0,0,1,1,0,0,1,0,0,0,1,0,1,0,1,0,1,0,0,0,1,1,0,0,0,0,0,0.474419
1,0,0,0,0,1,0,0,0,1,0,0,1,1,0,1,0,0,1,1,0,1,0,1,1,1,0,1,0,0,0,0,0.663271
1,1,1,1,0,1,1,1,0,0,0,0,0,1,0,1,0,0,1,1,1,0,1,1,1,0,1,0,0,0,1,0,0.634587
0,1,0,0,1,0,0,0,1,1,1,0,1,0,0,0,0,1,0,0,1,1,1,1,0,1,1,1,1,0,1,1,0.690028
0,1,0,0,1,0,0,1,0,0,0,1,0,0,1,1,0,1,1,1,1,1,0,1,0,0,0,1,0,1,0,0,0.596341
0,0,0,0,1,0,0,0,1,0,1,0,0,1,1,1,1,1,1,1,1,1,0,0,1,1,0,1,1,0,1,0,0.647202
0,0,0,1,1,0,1,0,1,0,0,1,1,1,0,1,1,0,0,1,1,0,1,0,0,1,1,1,1,0,0,0,0.589157
1,1,0,0,1,0,1,0,0,0,0,1,0,0,0,1,0,0,0,1,0,0,1,1,0,0,0,1,1,1,0,0,0.625576
1,0,0,0,1,1,0,1,1,1,1,1,0,1,1,0,0,1,1,1,1,1,0,1,0,0,1,1,0,0,1,0,0.626677
0,1,0,0,1,1,0,0,1,0,1,1,0,1,1,0,0,0,0,1,1,1,1,1,0,0,1,1,0,0,0,1,0.592536
0,1,1,0,1,0,0,1,1,0,1,0,0,1,1,1,1,0,0,1,1,1,0,0,1,0,1,1,0,0,1,1,0.665874
1,0,1,1,1,1,0,1,1,0,1,0,1,1,0,1,0,0,0,1,1,1,0,1,1,0,1,0,1,0,0,0,0.580547
1,0,0,1,0,1,0,0,1,0,1,1,0,0,1,0,0,1,1,1,1,0,0,0,1,1,1,0,1,1,0,1,0.616515
1,1,0,1,0,1,1,1,1,1,0,1,0,0,0,0,1,1,0,0,1,1,1,0,0,0,0,1,0,0,1,1,0.638216
1,0,1,0,1,1,1,1,1,1,0,1,1,0,0,0,1,1,0,1,0,0,0,1,1,1,0,1,1,1,1,1,0.653184
0,1,1,0,1,0,0,1,0,0,0,0,0,1,0,1,1,0,1,1,1,1,1,0,1,1,0,0,0,1,1,0,0.568833
1,0,0,0,1,0,1,1,0,0,0,0,1,0,1,0,0,0,1,1,0,1,0,1,1,0,0,0,0,1,1,1,0.585002
1,1,0,0,1,0,1,0,0,0,0,0,0,1,0,1,0,1,1,1,0,0,0,0,0,0,1,1,0,1,1,1,0.621671
0,1,1,1,0,1,0,1,1,1,1,1,1,1,1,0,1,1,1,0,1,0,0,0,0,0,0,0,1,0,1,1,0.672682
1,0,0,0,1,0,0,1,1,0,1,0,1,0,1,0,1,0,0,0,1,1,0,0,0,1,0,0,1,1,0,0,0.577618
0,0,0,1,0,0,0,1,0,1,0,1,0,1,1,1,0,1,0,1,0,0,0,0,0,0,1,1,0,1,1,0,0.636864
0,1,0,0,0,0,1,0,1,0,1,0,0,0,0,1,0,1,1,0,1,0,0,1,1,0,0,1,1,1,0,0,0.586304
1,0,0,0,0,0,1,0,0,1,0,1,1,0,1,0,1,1,0,0,0,0,0,0,1,0,1,1,1,0,1,1,0.609982
1,0,1,0,0,0,1,1,1,0,0,1,0,0,0,0,0,1,0,1,1,0,0,0,0,1,0,0,0,1,0,0,0.582624
0,1,0,1,1,0,0,0,0,0,0,0,0,0,1,0,1,0,1,1,1,0,1,0,0,1,0,0,1,0,0,1,0.603825
1,0,1,0,0,1,1,1,1,1,0,0,1,0,1,1,1,1,0,0,0,0,0,1,0,1,1,1,0,0,0,0,0.606678
1,0,0,1,0,0,0,1,0,1,1,0,1,1,0,1,1,0,1,0,1,0,0,1,0,1,1,1,1,1,0,0,0.676962
0,1,0,0,0,0,0,0,1,1,0,0,0,1,1,0,0,0,0,0,0,1,0,1,0,0,0,0,1,1,1,1,0.584977
1,1,1,0,0,1,1,1,0,0,1,1,1,0,0,0,0,1,0,0,1,0,0,0,1,0,1,0,1,0,1,1,0.592386
0,0,0,0,1,0,0,0,1,1,0,1,1,0,1,1,1,1,1,1,0,1,0,1,1,0,1,0,0,0,1,1,0.584576
0,0,1,0,1,0,1,1,1,1,0,1,1,1,0,0,1,1,0,1,0,1,1,0,0,1,1,1,0,1,1,1,0.646826
1,0,1,1,0,0,0,1,1,1,1,1,1,1,0,1,0,1,0,1,1,1,1,1,1,1,0,0,1,1,1,1,0.584777
0,1,0,0,0,1,0,1,1,1,0,0,1,1,0,0,0,1,0,1,1,1,1,0,0,1,1,0,1,0,0,0,0.589032
1,1,1,1,0,0,1,1,1,1,1,0,1,1,1,0,0,0,0,1,1,0,1,1,0,1,1,1,1,0,0,0,0.638917
1,1,1,1,1,1,1,0,1,1,1,1,0,0,1,1,0,0,1,0,0,0,1,1,0,0,1,1,0,0,0,1,0.639367
0,1,1,0,0,1,1,1,1,0,1,0,0,0,0,1,0,1,1,0,0,1,1,1,1,0,1,0,0,0,1,1,0.617967
0,0,0,1,0,0,1,1,0,0,1,1,1,0,0,1,0,1,1,0,1,1,0,1,0,1,1,0,0,1,0,1,0.569609
0,0,1,1,1,0,0,0,1,1,0,0,1,1,1,1,0,1,1,0,1,1,0,0,1,0,0,0,0,0,0,1,0.618042
1,0,1,1,1,0,1,0,0,0,1,0,0,0,1,1,0,0,0,0,1,1,1,1,0,0,0,0,0,1,0,0,0.597292
1,0,1,0,0,0,0,1,1,0,1,1,0,0,0,0,1,1,1,0,0,1,1,1,0,1,0,0,0,0,0,1,0.644123
0,0,0,1,1,1,1,0,0,0,0,1,0,0,1,0,0,0,1,0,1,0,0,1,0,0,1,1,0,1,0,1,0.571786
0,0,1,0,0,1,0,1,0,1,1,0,0,1,0,0,0,1,0,1,0,1,0,1,1,0,0,1,0,1,1,0,0.584126
0,0,0,0,0,1,1,0,1,0,0,0,1,1,1,1,0,0,0,1,1,0,1,1,1,1,0,1,0,0,0,1,0.600546
1,1,1,0,1,1,1,1,0,1,0,0,1,0,0,0,1,0,1,0,0,0,1,1,0,0,1,0,1,0,0,0,0.636364
0,1,0,1,1,0,0,1,0,1,1,1,1,1,1,1,1,1,0,0,1,0,1,1,1,0,0,1,1,0,0,1,0.636889
1,0,0,1,0,1,1,1,1,0,0,0,1,1,0,0,1,0,1,1,1,1,1,0,0,1,1,0,0,0,0,0,0.632334
0,0,0,0,1,1,0,0,0,0,1,1,1,0,0,1,1,1,0,0,1,0,0,0,0,0,1,0,0,0,1,1,0.553014
0,1,0,0,0,0,0,1,0,1,1,1,0,1,1,1,1,0,0,0,1,0,1,1,1,0,1,1,0,1,0,1,0.633660
0,0,0,1,1,1,0,1,1,0,1,1,0,1,1,1,1,1,0,1,0,0,1,0,1,1,0,1,0,0,0,1,0.632109
1,0,0,0,0,0,0,1,1,0,0,1,1,1,1,0,1,1,0,0,1,0,0,1,1,1,0,1,1,1,1,1,0.686148
1,0,1,1,0,0,1,1,1,1,0,0,0,1,0,1,0,1,1,0,0,0,0,1,0,1,1,0,0,1,1,1,0.617116
0,0,0,1,1,1,1,0,0,0,1,0,0,0,0,1,1,1,0,0,1,1,0,0,1,1,0,1,1,1,1,1,0.624750
1,1,1,0,0,0,0,0,0,0,1,1,1,0,0,0,0,1,1,1,0,1,0,1,1,1,0,1,1,0,1,0,0.634712
0,0,0,0,1,1,0,0,0,1,1,1,1,0,1,0,1,1,1,0,0,1,0,1,1,1,1,0,1,1,0,1,0.601071
1,1,0,0,1,1,0,0,1,0,1,0,0,1,0,0,1,0,0,1,1,1,1,0,0,0,0,0,1,1,0,1,0.588706
0,1,1,0,1,0,1,1,0,1,0,0,0,1,0,0,1,0,0,1,0,1,1,1,1,1,0,1,0,0,1,1,0.653734
1,1,1,1,1,0,0,0,1,0,0,0,0,1,1,1,1,0,1,1,1,0,1,0,0,1,1,1,0,0,1,1,0.623874
0,0,1,0,1,1,0,0,0,1,1,0,0,0,0,0,1,1,1,1,0,0,1,1,0,0,1,1,0,1,1,1,0.698263
0,0,1,1,0,1,1,0,1,0,0,1,0,0,0,1,0,0,0,1,0,1,0,1,1,1,0,1,0,1,1,1,0.614437
1,1,1,1,1,1,1,1,1,1,1,1,1,0,1,1,0,0,1,0,0,1,0,0,0,0,1,1,1,1,1,1,0.660493
0,0,1,1,1,1,0,0,0,1,1,1,1,0,0,1,1,0,0,0,1,0,0,1,0,0,0,0,1,1,1,0,0.585578
1,0,1,0,0,1,1,1,1,1,0,1,1,0,1,0,1,0,0,1,1,0,1,0,0,0,0,1,0,1,0,0,0.619894
0,1,1,1,1,1,1,1,1,0,1,0,0,0,0,0,0,1,0,1,0,0,1,0,1,1,1,1,0,0,0,0,0.686023
1,0,0,1,0,0,1,0,0,0,1,1,0,1,0,1,0,0,0,1,0,1,1,0,1,1,1,1,0,0,0,1,0.613086
1,1,0,0,0,0,0,0,0,1,1,0,1,0,1,1,0,1,0,1,1,1,1,0,1,1,0,0,1,0,1,0,0.621220
0,0,0,0,1,1,0,0,0,1,0,1,1,1,0,1,1,1,1,0,0,1,1,0,0,1,0,1,1,0,1,1,0.635037
1,0,1,1,1,0,1,1,1,1,1,0,0,0,0,1,0,1,0,0,0,0,1,0,0,1,0,1,0,0,0,0,0.620219
1,1,0,1,0,1,1,1,1,1,1,1,1,0,0,1,1,1,1,0,1,0,1,1,1,0,0,0,0,0,0,0,0.671456
1,1,0,0,1,1,0,0,1,1,1,1,1,1,1,0,1,1,0,0,0,0,1,1,0,0,1,1,0,0,0,1,0.616089
1,1,0,0,0,1,0,0,1,0,1,0,0,1,1,0,1,0,1,1,0,1,0,0,0,0,0,1,1,0,1,0,0.608380
0,0,1,1,0,1,1,1,1,1,1,1,0,1,1,0,0,1,1,1,0,0,0,1,0,1,1,1,0,0,1,0,0.627378
1,1,0,0,1,0,1,1,1,1,0,1,1,1,0,0,1,1,0,1,0,1,0,1,0,1,0,0,1,0,1,1,0.612059
1,1,0,0,1,0,0,1,1,1,0,0,0,1,1,1,0,1,1,1,1,1,1,0,1,0,1,0,0,1,0,1,0.632884
0,0,1,1,0,1,1,0,1,0,0,0,0,0,1,0,1,1,1,0,0,1,0,1,1,0,1,1,0,1,0,0,0.608030
1,1,0,0,1,0,1,0,0,0,0,1,1,0,0,0,1,1,0,1,0,1,0,1,0,1,0,1,0,1,1,1,0.601297
0,0,0,0,1,0,0,0,0,1,1,0,0,0,0,0,1,1,0,0,1,0,1,0,1,1,1,0,0,1,1,1,0.608405
0,0,1,0,1,1,0,0,0,0,1,1,1,1,0,1,0,0,0,0,1,1,1,1,0,1,1,1,1,0,0,0,0.542301
0,0,0,0,0,0,1,0,0,0,0,0,1,0,0,0,0,1,1,0,0,0,1,0,1,1,0,1,1,1,0,1,0.589482
0,0,1,0,0,0,0,1,0,1,1,0,0,1,0,0,1,0,0,0,0,0,0,0,1,1,1,0,0,1,0,0,0.562525
0,1,0,1,1,0,0,0,0,1,1,1,1,0,1,1,1,1,1,0,1,0,1,1,1,0,0,1,1,1,0,0,0.635387
1,0,0,0,0,0,0,0,0,1,0,1,1,0,1,1,1,1,1,0,0,0,0,0,1,1,1,0,1,1,0,0,0.618117
1,1,0,0,1,0,0,1,0,0,0,0,1,1,1,0,1,1,0,1,0,1,1,0,0,1,1,0,0,0,0,1,0.592336
0,0,1,0,1,1,0,0,1,0,1,1,0,1,0,1,1,0,1,0,0,1,0,1,1,1,1,0,1,0,0,0,0.604425
0,0,1,1,0,0,0,1,0,1,1,0,1,0,1,1,0,0,1,1,1,0,1,1,1,1,0,0,1,1,1,0,0.641420
0,1,0,1,0,0,1,1,0,1,1,0,0,1,0,0,1,0,0,1,1,0,1,1,1,0,0,1,0,1,0,1,0.621396
1,0,0,1,0,1,1,0,1,1,0,0,1,1,0,1,0,0,0,0,1,1,1,0,0,0,0,1,1,1,1,0,0.568983
1,1,0,0,1,0,1,1,0,1,0,1,1,1,1,0,0,1,1,1,1,0,0,1,1,0,0,1,1,1,0,1,0.659892
1,1,1,0,0,0,1,0,0,0,0,1,1,1,1,0,0,1,1,1,1,1,0,1,1,0,1,1,0,1,1,0,0.645975
1,1,1,1,1,1,1,0,1,0,0,0,1,0,1,1,1,0,0,1,0,1,0,0,1,1,1,0,1,1,0,0,0.618117
0,0,1,0,0,1,1,1,0,0,0,0,0,1,1,0,1,0,0,0,0,1,1,1,1,0,0,1,0,1,0,0,0.570334
0,1,0,0,0,1,1,1,1,1,0,1,1,1,0,1,0,0,0,0,1,1,0,0,0,1,0,1,0,1,0,1,0.705997
0,1,1,1,1,1,1,0,0,1,1,0,0,1,0,1,1,1,0,1,0,1,1,0,1,1,1,0,0,1,0,0,0.617166
1,0,1,1,0,1,0,0,0,0,1,0,0,0,0,1,1,1,0,1,0,0,0,1,0,0,1,0,1,0,0,1,0.595790
0,0,1,0,1,0,1,0,0,1,0,0,0,0,0,0,0,0,1,1,1,0,1,0,1,0,0,1,0,0,1,0,0.630582
1,0,0,1,0,0,1,1,0,1,1,0,1,1,1,1,1,1,1,1,0,1,1,1,1,1,0,0,1,0,0,1,0.659016
1,0,0,1,0,1,0,1,1,0,1,0,0,0,0,1,0,0,1,0,0,0,0,0,0,0,0,0,0,1,0,1,0.585478
1,1,0,0,1,1,0,1,1,1,0,1,0,0,0,0,1,0,0,1,1,0,1,1,0,0,1,0,0,0,1,1,0.615263
0,1,1,1,1,1,0,1,0,0,0,1,1,1,1,1,0,1,0,1,0,1,0,1,1,1,1,0,1,1,0,1,0.647352
0,1,0,1,1,0,1,1,1,1,1,1,1,0,1,1,0,0,0,1,0,1,0,0,0,0,0,1,1,1,1,1,0.651332
0,1,1,1,1,0,1,1,0,0,0,0,0,1,1,1,1,1,1,0,1,1,0,1,1,1,0,1,0,0,1,1,0.640419
1,1,0,1,1,1,0,0,0,1,1,1,0,0,0,0,1,0,0,1,1,0,0,0,0,0,0,0,0,0,1,1,0.601322
0,0,1,1,0,1,0,1,0,1,0,1,1,0,0,1,1,1,0,1,1,0,0,1,1,1,1,0,0,1,1,1,0.629030
1,1,0,0,0,0,1,0,1,1,0,1,0,1,1,1,1,0,1,0,0,0,0,1,1,1,1,1,0,0,0,1,0.649129
0,0,1,1,0,0,1,1,1,1,0,1,0,0,0,1,1,1,1,1,0,0,0,0,1,0,1,0,0,1,1,1,0.616239
1,1,1,1,1,1,1,1,1,0,1,0,0,1,0,0,0,0,1,0,1,0,1,1,0,0,1,0,1,1,0,1,0.623098
0,1,1,1,1,0,0,0,0,0,1,1,1,1,1,0,1,1,1,0,1,1,1,0,1,1,1,0,1,1,0,0,0.621871
1,0,1,0,1,1,1,0,1,1,1,0,0,0,0,1,1,0,0,1,1,1,0,0,0,0,0,1,1,0,0,0,0.660142
1,0,1,0,1,1,1,0,0,1,0,1,0,1,0,0,0,1,0,0,0,0,1,0,0,1,1,0,1,0,1,0,0.587105
1,1,0,1,1,0,1,1,1,1,0,0,1,0,1,0,0,0,0,0,0,0,1,0,1,0,0,1,0,0,0,1,0.603674
0,0,0,1,1,0,0,1,1,0,1,1,1,1,1,0,1,0,1,0,0,1,0,1,0,1,1,1,0,1,1,0,0.662820
1,0,0,1,0,1,0,1,1,0,1,0,0,0,0,0,0,1,1,1,1,1,1,0,1,1,0,1,0,0,1,1,0.696461
0,1,0,1,1,0,1,0,1,1,1,0,1,0,1,0,0,0,0,0,1,1,0,0,0,1,0,0,1,0,0,1,0.572437
0,1,0,1,0,1,1,0,0,1,1,0,1,0,1,1,1,0,0,0,0,0,0,0,1,1,0,1,0,1,0,1,0.609581
0,1,1,1,0,1,0,1,1,1,0,1,1,1,1,1,1,0,0,0,1,0,1,0,0,0,1,1,1,0,1,0,0.603449
1,1,0,0,1,0,0,0,1,1,1,0,0,1,0,0,1,1,0,1,1,1,1,0,0,0,1,1,0,1,1,1,0.612510
1,0,0,0,1,1,0,1,0,0,1,1,1,1,1,0,1,0,0,0,1,0,0,1,0,0,0,0,0,0,1,1,0.535643
0,1,1,0,1,0,1,1,1,1,1,1,1,0,1,1,1,0,1,0,0,1,0,0,1,0,0,1,1,0,0,0,0.607729
1,0,0,1,1,1,0,1,1,0,1,0,0,1,0,1,1,0,0,0,0,1,1,0,1,1,0,0,0,1,1,1,0.591285
1,1,1,1,1,0,0,0,1,0,1,0,0,0,1,1,1,1,0,1,1,0,0,0,0,0,1,0,1,1,0,0,0.607904
0,0,0,1,0,1,1,1,1,1,1,0,1,1,0,1,0,1,1,0,1,0,0,1,1,0,0,1,0,0,1,0,0.626427
0,0,0,0,0,1,1,1,1,0,1,1,0,0,0,1,1,1,0,0,1,0,0,0,1,0,1,1,1,1,1,0,0.593012
0,0,1,0,1,1,0,0,0,0,0,0,0,0,0,1,0,1,1,1,0,1,1,0,0,1,0,0,1,0,0,0,0.572662
0,0,0,0,1,1,1,1,1,1,1,0,0,1,1,1,1,0,1,1,1,0,1,1,0,0,1,0,1,0,0,0,0.628004
0,1,0,1,0,0,1,0,0,0,0,0,0,1,0,1,1,1,0,0,1,0,0,1,1,0,0,1,1,1,0,0,0.602148
1,0,1,1,1,0,1,0,0,1,0,0,1,0,1,1,1,1,0,0,1,1,1,1,0,1,1,1,0,1,0,1,0.664097
0,1,0,0,1,0,1,0,1,0,1,1,0,0,0,0,1,0,0,0,1,1,1,1,1,1,0,0,1,1,1,0,0.601822
1,1,1,1,0,0,1,1,0,1,1,0,0,1,0,0,0,0,0,0,0,0,0,1,1,1,0,0,0,0,1,0,0.583250
1,1,1,1,1,0,1,0,1,1,0,0,1,0,0,0,0,1,0,0,0,1,1,0,0,0,1,0,0,0,0,0,0.629055
1,0,1,0,0,0,0,1,0,1,1,0,1,0,1,1,1,0,0,0,1,0,1,0,0,0,1,0,0,1,1,1,0.579696
1,1,1,0,1,1,0,1,0,1,1,0,1,0,1,0,0,0,1,0,0,1,1,0,0,1,1,0,0,1,0,0,0.603299
1,0,1,0,1,1,0,0,1,0,0,0,1,0,1,1,0,1,0,0,1,0,1,1,0,0,1,0,0,0,0,1,0.593337
1,1,0,0,1,0,0,0,0,1,0,1,1,1,1,1,0,0,1,0,0,0,1,0,1,0,0,1,1,0,1,1,0.632734
0,1,0,1,1,1,1,1,0,0,1,1,0,0,0,0,0,0,0,1,1,0,1,0,1,0,1,1,0,1,0,0,0.676236
1,0,0,1,1,0,1,1,1,1,1,1,1,0,0,0,1,1,0,1,1,1,1,0,0,0,1,0,1,0,1,1,0.624124
0,0,0,0,0,0,1,0,1,0,0,0,1,0,0,1,0,1,0,1,1,0,0,0,1,0,1,1,1,0,0,1,0.549935
1,0,1,1,1,1,1,0,0,1,0,1,1,0,1,0,0,0,1,1,1,0,1,0,0,0,1,1,1,0,1,0,0.639618
1,1,0,1,1,1,0,1,1,0,1,1,1,1,1,1,1,1,1,1,1,0,0,1,1,0,1,1,1,1,0,1,0.692856
0,0,1,1,0,1,0,1,1,0,1,0,0,1,0,1,0,1,0,0,0,1,1,1,0,1,1,1,0,1,0,0,0.591059
1,0,0,1,1,0,0,0,1,1,1,1,1,1,1,0,0,1,1,0,0,1,0,1,0,0,0,0,0,1,1,0,0.617065
1,0,0,1,0,0,0,1,0,1,0,0,0,0,1,1,0,0,0,0,1,1,0,1,0,1,1,1,1,1,1,1,0.638691
0,1,1,0,1,1,1,1,0,0,1,0,0,1,0,1,1,1,1,0,0,1,0,1,1,0,0,0,0,1,0,1,0.605727
0,1,0,0,1,0,0,0,1,0,1,1,1,0,0,0,1,1,0,1,1,0,1,0,1,1,1,0,0,1,1,1,0.623323
1,1,1,1,1,1,1,1,1,1,0,1,1,0,1,0,1,1,1,1,1,0,0,0,0,0,0,1,0,0,0,1,0.641119
0,0,0,0,1,0,1,1,0,0,0,0,1,1,1,0,0,1,0,0,1,0,1,1,1,0,1,0,0,1,0,0,0.539973
0,1,0,0,0,0,1,0,1,0,1,1,0,0,0,0,1,0,0,0,0,1,0,0,1,1,0,1,0,0,1,1,0.573889
0,0,1,0,1,0,1,0,0,1,1,0,1,1,1,0,1,1,0,0,0,1,1,0,0,1,1,0,0,0,1,0,0.601046
1,0,1,0,1,0,0,0,0,1,0,0,0,1,1,1,1,0,1,1,1,1,0,1,0,0,0,0,0,1,1,1,0.609907
0,0,0,0,1,1,1,1,0,1,1,0,1,1,1,1,1,0,0,1,1,1,1,1,1,0,0,0,0,1,1,1,0.566930
1,1,1,0,0,1,0,0,1,0,0,0,0,0,1,0,1,0,0,1,1,0,1,0,0,1,1,1,0,1,1,1,0.673483
0,1,0,0,0,1,0,0,1,0,1,1,1,1,1,1,0,1,0,1,0,1,1,0,0,0,0,0,0,1,1,0,0.589532
1,0,1,1,1,1,1,1,1,0,1,0,1,0,1,0,1,1,0,1,0,1,0,0,0,0,1,0,0,1,0,1,0.606027
0,0,1,1,0,1,0,1,1,1,0,0,1,0,1,0,0,0,0,0,0,0,0,0,1,1,1,1,0,0,0,0,0.609607
1,1,1,1,1,1,1,0,1,0,0,1,1,1,1,1,0,1,1,1,1,1,1,1,0,0,1,0,0,0,1,1,0.656112
0,0,0,0,0,0,0,1,0,1,1,1,1,1,1,0,0,0,0,1,0,1,1,1,0,0,0,1,0,0,1,1,0.570710
1,1,0,0,0,0,1,1,1,1,0,1,1,0,0,0,1,1,1,0,1,0,1,0,0,1,0,1,0,0,1,1,0.628780
0,1,1,1,0,0,0,0,0,0,1,1,0,1,1,0,0,1,1,0,0,1,0,0,1,0,0,1,0,0,0,0,0.607429
0,1,1,0,1,1,1,0,0,0,1,1,0,0,1,1,0,1,0,0,1,0,0,0,1,1,1,0,1,1,1,0,0.612360
0,1,1,0,0,1,1,1,0,1,1,0,1,1,1,1,0,0,1,0,0,1,1,1,1,0,0,0,1,1,1,0,0.530036
0,1,1,0,1,0,0,0,1,1,1,1,0,0,1,0,0,1,1,1,1,0,1,0,0,1,1,1,1,1,1,0,0.668427
1,1,1,1,1,0,0,0,0,0,1,1,1,0,1,0,1,0,1,1,0,1,0,0,0,0,1,0,1,1,0,0,0.607254
0,0,0,1,0,1,1,1,0,1,1,0,0,0,0,0,1,0,1,0,1,0,0,0,0,0,1,0,1,0,1,0,0.558295
1,0,0,1,0,1,1,0,0,1,1,1,1,1,1,1,1,0,0,0,0,0,1,1,1,0,1,1,1,1,0,0,0.617191
0,1,0,1,0,0,0,1,1,0,1,0,1,0,1,1,0,0,0,1,1,0,1,1,0,0,1,1,0,0,1,0,0.625501
0,0,0,1,0,0,1,1,1,1,0,1,1,1,0,1,0,0,1,0,0,1,1,0,0,1,0,0,1,1,1,0,0.602298
1,0,0,1,0,0,0,0,1,1,0,0,0,1,1,0,1,1,0,0,1,1,0,0,1,1,1,1,0,1,0,0,0.646776
1,0,0,1,1,1,0,1,1,0,0,0,0,1,1,0,1,0,1,1,1,1,1,1,1,1,0,0,0,1,0,0,0.565278
0,0,0,0,0,1,1,1,0,0,0,1,0,1,0,1,1,0,1,1,0,1,0,0,1,1,1,1,0,1,1,0,0.662620
1,1,0,1,1,1,1,0,1,0,0,0,1,1,0,0,0,1,0,1,0,0,0,1,0,1,1,1,0,0,1,1,0.626302
1,0,0,0,0,0,0,0,1,0,1,1,1,1,1,0,0,1,0,1,0,1,1,0,1,0,0,0,0,0,1,1,0.587480
0,0,1,0,0,1,1,0,1,1,0,1,1,0,0,0,1,0,0,0,1,0,0,1,0,1,0,1,0,1,1,1,0.608580
0,0,1,1,1,1,0,0,1,1,1,1,0,0,1,1,0,0,0,0,1,1,0,1,1,0,1,1,1,1,0,1,0.653259
0,1,0,1,1,1,1,1,0,1,0,1,0,1,1,1,1,0,1,1,0,1,1,0,0,1,1,0,0,0,1,1,0.639267
0,0,1,1,1,0,1,1,1,1,0,1,0,1,0,0,0,0,1,0,0,0,0,1,0,0,1,0,1,1,1,1,0.595039
1,1,1,0,0,1,0,1,1,0,0,0,0,1,1,1,0,1,1,0,1,0,0,0,0,0,1,0,0,0,0,0,0.599795
0,1,0,1,0,0,0,0,0,0,0,1,0,0,1,0,1,0,1,1,1,0,0,0,0,0,0,1,0,0,1,0,0.572963
1,1,0,0,0,0,0,1,0,0,0,0,1,1,1,1,1,0,1,0,0,0,1,0,0,1,0,1,1,0,1,0,0.612460
1,0,1,0,0,1,0,1,0,1,0,1,0,0,1,0,0,0,1,0,0,1,0,0,1,1,1,0,0,0,0,0,0.577618
0,1,0,1,0,0,1,1,1,0,0,0,0,0,1,0,1,1,1,1,1,0,0,0,1,1,0,0,1,0,1,1,0.639492
0,1,1,1,1,0,1,0,0,1,1,0,0,1,1,0,0,0,0,0,0,0,1,1,0,1,1,0,0,0,1,0,0.571986
1,0,0,0,0,0,0,0,0,1,0,0,0,1,0,1,0,1,1,1,1,1,0,1,1,0,1,1,1,0,0,0,0.598593
1,1,0,0,0,0,0,1,1,1,1,1,0,1,0,0,1,1,0,1,0,0,1,0,1,0,1,1,1,1,1,1,0.653709
1,1,1,0,1,1,0,1,1,0,1,1,0,1,0,0,0,0,1,1,1,1,1,1,0,0,0,1,0,1,0,1,0.621671
0,0,0,0,0,0,1,1,1,1,0,0,1,1,0,1,0,1,0,0,0,1,0,0,1,0,1,0,1,1,1,0,0.592736
1,0,1,1,1,0,0,0,0,1,1,1,0,1,1,1,1,0,1,0,1,0,0,0,0,0,0,1,1,0,1,1,0.633135
1,1,1,0,0,0,1,1,0,0,1,1,1,0,0,1,0,1,1,0,1,1,0,1,1,0,0,1,0,0,1,1,0.624224
0,0,0,0,1,0,0,1,0,1,1,0,0,0,0,0,0,0,0,0,1,1,1,1,1,1,1,1,0,1,1,0,0.667501
1,1,0,0,0,1,0,1,1,0,0,1,1,1,0,0,1,1,0,1,0,1,0,0,0,0,0,1,0,0,1,1,0.627903
0,1,1,0,1,1,0,1,0,0,1,0,1,0,0,1,1,0,1,1,1,1,0,0,1,0,1,0,0,0,0,1,0.589357
1,0,1,1,1,0,0,0,1,0,0,0,1,1,0,1,1,0,0,1,0,1,0,0,0,0,0,1,0,0,0,0,0.615914
0,1,1,1,0,0,1,1,0,0,1,1,1,0,0,0,1,1,0,0,1,0,1,0,1,1,0,0,0,1,0,1,0.602924
0,0,0,0,1,1,1,0,1,1,0,1,1,0,0,1,0,0,0,0,1,1,1,1,0,0,1,1,1,1,0,0,0.648078
1,1,1,1,1,0,0,0,1,1,0,0,0,1,1,0,0,1,1,0,0,1,0,0,1,0,1,0,1,1,0,1,0.618918
0,0,1,1,0,1,0,1,1,0,1,1,0,0,0,0,1,1,0,1,0,0,1,1,0,1,0,1,1,1,0,0,0.694083
1,1,1,0,0,1,0,1,0,1,0,0,0,1,0,0,0,0,1,1,0,0,1,0,1,0,0,0,1,0,1,1,0.590258
0,0,0,1,1,1,0,1,1,1,0,0,1,1,0,1,1,0,0,1,0,0,0,1,0,1,1,1,0,0,1,0,0.654385
0,0,1,0,1,1,1,0,1,0,0,1,1,0,0,1,0,0,0,0,1,1,0,0,1,1,1,0,0,1,0,0,0.566630
0,1,1,1,0,0,0,0,1,1,1,1,0,0,1,1,0,0,0,1,0,1,0,1,0,0,1,0,0,1,1,0,0.574014
0,1,0,1,1,1,0,1,0,1,1,0,0,0,0,0,1,0,0,0,1,0,1,0,0,0,0,0,0,0,1,0,0.577944
0,0,0,1,0,0,1,1,1,0,1,0,1,0,1,0,0,1,0,1,1,1,1,0,0,0,0,0,0,0,0,0,0.558745
0,1,0,0,0,1,1,0,0,1,1,1,0,1,1,1,1,0,1,0,0,1,0,0,0,0,1,0,0,1,1,0,0.610683
0,0,1,0,0,1,0,0,0,1,0,0,1,1,1,0,0,1,1,0,1,1,1,1,0,1,0,0,1,0,0,0,0.538146
0,1,1,1,0,0,0,0,0,1,0,0,0,0,0,1,1,1,0,1,1,1,0,1,1,1,0,0,0,0,0,1,0.583776
1,1,0,0,0,0,0,0,0,0,0,1,1,1,1,0,1,1,1,1,0,0,1,0,0,1,1,0,1,0,0,0,0.602623
1,0,0,1,1,1,0,0,0,1,1,1,0,1,0,0,1,0,1,0,1,1,1,1,1,0,0,1,1,1,0,0,0.609657
0,0,1,0,0,0,0,0,1,1,0,0,1,1,0,1,1,1,1,1,0,0,1,0,1,1,0,1,0,1,1,1,0.684296
1,0,1,0,1,1,1,0,0,0,0,1,0,1,0,1,0,0,0,1,1,1,0,0,0,1,0,1,1,0,0,1,0.628179
0,1,0,0,1,0,0,1,0,1,0,1,1,1,1,1,1,1,0,0,1,0,0,0,1,0,0,1,0,1,0,1,0.670930
1,1,0,1,0,0,0,0,1,0,1,1,0,1,1,0,1,0,1,1,0,0,1,1,1,1,1,1,1,1,1,1,0.673433
0,0,1,0,1,0,1,1,0,0,0,1,1,0,0,1,0,0,1,0,1,1,0,0,1,1,0,0,1,1,0,0,0.571336
0,0,1,0,0,0,0,1,1,0,1,1,0,1,0,0,1,0,1,1,0,0,1,0,1,0,0,1,0,1,0,1,0.594213
1,0,1,1,0,1,1,1,1,1,0,1,0,1,1,0,1,0,0,0,0,0,1,0,1,0,1,1,0,1,0,0,0.626001
1,1,0,0,1,1,0,1,1,1,1,0,0,0,0,0,1,1,0,0,0,1,0,1,1,1,0,1,1,1,0,0,0.629931
0,0,0,1,1,1,1,0,1,1,1,0,1,1,1,0,1,0,0,1,0,1,0,1,0,1,0,1,1,1,1,0,0.645800
0,1,1,0,0,1,1,0,0,1,0,1,1,0,1,0,0,0,1,0,0,1,0,1,0,1,1,1,1,0,0,0,0.601196
0,0,0,0,1,0,1,1,0,0,1,1,0,0,0,1,1,0,1,0,0,1,0,0,0,1,1,1,0,1,0,1,0.599244
1,0,0,1,0,0,1,0,0,0,1,1,1,1,0,0,0,1,1,1,0,0,0,0,1,1,0,1,0,1,1,0,0.656938
0,0,1,0,1,1,1,0,0,1,0,1,0,1,0,0,1,0,1,1,1,1,0,1,0,1,0,1,0,1,0,1,0.610232
1,1,0,0,1,0,0,0,1,0,1,1,1,1,0,0,0,0,0,1,1,0,1,0,1,1,1,1,0,0,1,0,0.609782
0,1,1,0,1,1,1,1,1,0,0,0,1,1,1,1,1,0,0,0,0,0,0,0,0,1,1,0,1,0,1,1,0.578344
1,0,1,1,0,1,1,0,1,0,0,1,1,1,0,1,0,1,1,0,1,1,1,1,1,1,1,0,0,1,1,1,0.601722
0,1,0,1,1,1,1,1,1,0,1,1,1,0,0,0,1,0,0,0,1,1,0,0,0,0,1,0,1,0,0,0,0.547332
1,0,0,1,1,1,0,0,1,1,1,0,1,0,0,0,0,0,1,0,0,1,0,1,0,1,0,0,0,0,1,0,0.593212
1,0,1,0,0,0,0,1,0,0,1,1,1,0,1,1,0,0,0,0,1,1,0,0,1,1,1,1,0,0,0,1,0.614487
0,0,1,1,1,0,0,0,1,1,0,1,1,1,1,0,1,0,1,1,0,0,0,1,1,1,0,1,0,0,1,0,0.641345
1,1,1,0,0,0,0,1,0,1,0,1,0,0,1,1,0,1,1,1,1,1,1,1,0,0,1,0,0,1,0,0,0.675611
0,1,0,1,1,0,0,0,0,1,1,0,0,0,0,0,0,0,0,1,0,1,1,0,0,1,0,0,0,1,1,0,0.560423
1,1,1,1,0,1,0,1,1,1,1,0,0,1,1,0,1,1,1,1,1,1,1,0,0,1,0,0,1,1,1,0,0.621696
1,0,0,1,0,0,1,0,0,0,0,1,1,1,1,0,0,0,0,1,0,0,1,1,1,1,0,0,0,0,1,0,0.593612
0,0,1,1,1,0,0,0,0,1,1,0,0,0,0,1,0,1,1,1,0,1,1,1,1,1,1,0,0,0,1,0,0.630281
1,1,1,0,1,0,1,1,0,0,0,0,1,0,1,1,1,0,1,1,0,0,1,0,0,0,1,0,0,1,1,1,0.625876
1,1,0,0,1,1,1,1,0,0,0,0,1,1,1,0,0,0,0,0,0,1,0,0,0,0,0,1,1,1,1,1,0.609882
0,0,1,1,1,0,0,0,1,1,0,1,1,0,0,1,1,0,0,0,1,1,1,0,1,0,0,1,1,1,1,1,0.642671
0,1,0,1,0,1,0,1,0,0,0,0,0,1,1,0,1,0,1,0,0,0,0,0,0,0,1,1,1,1,0,0,0.612235
0,1,1,0,1,1,1,0,0,1,1,0,1,1,1,0,0,0,0,0,1,1,1,0,1,0,0,1,0,0,1,1,0.597392
1,0,1,1,1,0,1,1,0,1,0,1,0,1,0,1,1,1,0,1,1,0,0,0,1,0,1,0,0,0,1,1,0.637240
1,1,1,1,0,1,0,0,1,0,1,0,1,1,1,0,0,1,1,1,0,1,1,0,1,0,1,1,1,0,0,0,0.616640
1,0,1,1,1,1,0,1,1,1,0,1,0,0,0,1,1,0,0,1,1,1,1,0,1,1,0,0,0,1,1,0,0.609031
0,0,1,0,0,0,1,1,0,1,1,1,0,0,1,1,1,0,0,0,1,0,0,1,0,1,0,0,1,1,1,1,0.595239
1,0,0,1,1,0,1,0,1,0,0,0,1,0,0,1,0,1,0,1,1,0,0,1,1,1,1,0,1,1,0,0,0.606603
1,0,1,0,0,0,0,0,0,1,1,1,0,0,0,1,0,1,1,1,0,0,0,0,0,0,1,0,0,1,0,0,0.577193
1,1,1,1,1,1,0,1,1,0,0,0,0,1,1,1,1,1,1,0,1,1,1,0,1,1,1,1,0,0,0,1,0.632659
0,0,0,1,1,0,1,0,1,1,1,0,0,1,1,1,0,0,1,0,1,0,0,0,0,0,0,1,1,1,0,0,0.602072
1,0,1,0,1,1,0,0,1,0,0,1,0,0,1,0,1,0,1,0,0,1,1,0,1,1,1,1,1,0,0,1,0.659191
0,1,1,1,1,0,1,0,0,0,0,0,1,0,0,0,1,0,1,0,0,0,1,0,0,0,0,0,1,1,0,1,0.618417
0,0,0,1,1,0,0,0,0,0,1,1,1,0,1,0,0,1,0,1,0,1,0,1,1,0,1,1,0,1,0,1,0.577743
0,1,1,1,1,1,1,1,0,0,1,1,1,0,1,0,0,1,1,1,0,1,1,1,0,0,0,1,1,0,0,0,0.660292
0,0,1,0,0,1,1,0,0,0,1,0,1,1,0,1,0,0,0,1,1,0,0,1,1,0,0,0,1,1,1,0,0.568307
0,1,0,0,1,1,0,0,0,1,0,0,1,1,0,0,0,1,1,1,1,0,1,1,1,0,0,0,1,1,1,0,0.595440
0,1,1,0,1,0,1,0,1,1,1,0,0,1,1,0,0,1,0,1,1,0,0,1,1,1,0,0,1,1,0,0,0.608781
1,1,1,1,1,1,1,1,0,0,1,1,1,1,0,0,0,0,1,1,0,0,0,1,0,0,1,1,1,0,0,1,0.674534
1,0,1,0,0,0,1,0,1,0,1,0,1,0,1,1,0,0,0,1,1,0,1,0,0,1,0,0,0,1,1,0,0.579195
0,0,1,1,0,1,0,0,1,0,0,0,1,1,0,0,0,1,1,1,1,0,0,1,0,1,1,0,1,1,1,0,0.615063
1,1,1,0,1,1,0,0,0,1,1,0,0,0,0,1,1,0,1,0,0,1,1,1,1,0,1,1,1,1,1,0,0.667025
1,1,0,1,0,1,1,1,0,1,1,0,0,0,0,0,1,1,1,1,0,1,0,1,1,1,0,0,0,0,1,0,0.631207
0,0,0,0,1,0,0,0,1,1,1,1,1,0,0,0,0,1,1,0,1,0,1,0,1,0,1,0,1,1,0,0,0.573839
1,1,1,1,0,0,0,0,1,0,1,0,0,1,0,1,0,0,1,0,1,1,1,1,1,1,0,1,0,1,0,0,0.615188
1,0,1,0,0,1,1,0,1,1,1,1,1,1,0,1,1,1,1,1,0,0,1,0,0,1,0,0,0,0,0,1,0.626877
1,1,0,1,1,0,1,0,0,1,0,1,0,1,1,0,0,1,0,0,0,0,1,1,1,1,0,0,0,0,1,1,0.602623
1,0,1,0,0,0,1,0,1,1,1,0,0,0,0,1,0,0,0,1,1,1,1,1,1,0,1,1,0,0,1,0,0.668277
0,0,0,0,1,1,0,1,1,1,0,0,1,1,0,0,0,0,1,1,1,1,1,0,1,0,1,1,0,0,0,0,0.572036
1,1,0,1,0,0,1,0,1,1,1,0,1,1,1,0,1,1,0,1,1,1,1,1,0,0,1,1,1,0,1,1,0.661344
0,1,1,1,1,0,1,0,0,0,1,0,1,0,0,1,1,0,1,0,0,1,1,0,0,1,0,1,1,1,1,1,0.648103
1,1,1,1,0,0,1,1,1,1,0,0,0,1,1,1,1,1,1,0,0,0,1,1,1,0,0,0,0,1,1,1,0.603374
0,0,1,1,1,1,1,1,0,0,0,0,0,0,0,0,0,0,0,0,1,0,1,1,1,1,1,1,0,0,1,0,0.676712
1,0,0,0,1,1,0,0,0,0,1,0,1,0,0,0,1,0,1,1,0,0,1,1,0,1,1,0,1,0,0,0,0.613661
1,1,0,1,0,1,1,1,1,0,1,0,1,0,1,0,1,0,1,0,0,0,1,0,0,1,0,1,1,0,0,1,0.618492
1,1,0,1,1,0,1,0,0,1,1,0,0,0,0,1,1,1,1,1,0,0,1,1,0,0,1,0,0,1,1,0,0.626977
1,0,1,0,1,1,0,1,0,1,1,0,1,0,1,1,0,0,0,1,1,1,0,1,1,0,1,1,0,1,0,0,0.623098
0,1,1,1,0,0,1,1,0,1,0,0,0,0,0,1,0,0,0,0,1,1,1,0,0,1,1,0,0,1,0,0,0.591034
0,1,1,0,1,0,1,0,1,0,0,0,1,1,0,0,0,1,0,0,1,0,1,1,1,1,1,0,1,1,0,1,0.611909
1,0,1,1,1,0,1,1,0,1,0,0,0,1,0,1,1,0,0,1,1,0,1,0,0,0,0,1,0,1,1,0,0.616390
1,1,1,0,1,0,0,1,1,0,0,1,0,0,1,1,1,1,0,0,0,0,1,1,1,0,0,1,1,1,1,1,0.682995
0,1,1,0,0,1,0,0,0,1,1,0,0,1,0,0,1,0,0,1,1,0,1,1,0,0,1,1,0,0,0,1,0.589232
0,0,1,0,0,1,1,1,1,1,1,1,0,1,1,0,0,0,1,1,0,0,1,1,0,1,1,0,1,1,1,0,0.611459
0,1,0,0,0,1,1,1,1,0,1,1,1,1,0,1,0,1,1,1,0,1,0,0,1,1,0,1,1,1,0,1,0.712305
0,1,0,1,0,0,0,0,0,1,1,1,0,1,1,1,1,1,1,1,0,0,0,1,0,1,0,1,1,0,1,0,0.637590
1,0,0,0,0,1,1,0,1,1,1,0,0,1,0,1,1,1,0,0,0,1,0,0,0,1,0,1,0,1,0,1,0.629155
0,1,0,1,1,1,0,0,1,0,0,0,0,1,1,1,0,0,1,0,1,1,0,1,1,1,0,1,1,1,1,0,0.639467
0,1,1,1,1,1,0,1,1,1,1,1,0,0,0,0,1,1,1,1,0,0,1,0,1,1,1,1,1,0,1,1,0.690904
0,0,0,0,1,0,1,1,0,0,0,1,0,1,0,0,1,1,1,0,0,0,0,0,0,0,0,1,1,0,1,0,0.554115
1,1,1,0,1,0,1,1,0,0,0,0,0,0,1,0,1,1,1,1,0,1,0,1,0,1,1,0,1,0,0,0,0.633035
1,0,1,1,0,1,1,1,1,1,1,1,1,1,0,0,1,0,0,1,1,0,1,1,1,1,1,0,1,1,0,0,0.627077
0,0,1,1,0,1,0,1,0,1,1,1,1,1,0,1,0,0,1,1,0,1,0,0,0,1,1,0,1,1,1,1,0.678064
0,0,1,0,0,0,1,0,1,1,1,0,0,1,1,0,0,1,1,1,1,0,0,1,0,0,1,0,1,1,1,0,0.594338
1,1,0,0,0,0,1,0,0,0,1,0,0,1,0,0,1,1,1,0,0,1,1,0,1,1,0,1,1,1,1,0,0.622147
1,0,0,1,0,1,1,1,1,1,1,0,1,1,1,1,0,0,1,0,1,0,0,1,1,0,0,1,0,1,0,0,0.649680
1,0,0,1,1,0,0,0,0,1,1,1,1,0,1,1,1,1,0,1,0,0,1,1,1,0,1,0,1,0,0,0,0.610433
1,0,1,1,1,0,0,0,1,0,0,0,0,1,1,1,0,0,0,0,1,1,1,1,1,0,1,0,0,1,1,0,0.590634
1,1,0,1,0,0,0,0,1,1,1,1,0,1,1,0,1,0,0,1,0,1,0,1,1,0,1,0,1,1,1,0,0.619719
1,1,1,1,1,0,0,0,1,0,1,1,1,1,1,0,0,1,1,0,0,1,0,1,0,1,0,1,0,1,1,0,0.655537
0,1,0,0,1,1,1,1,0,1,0,1,0,0,0,1,1,0,1,1,1,0,1,0,0,0,1,1,1,1,1,1,0.658265
1,0,0,1,0,0,0,1,0,0,1,0,0,1,1,0,0,1,0,0,1,0,1,0,1,1,1,1,1,0,1,1,0.622597
1,0,1,1,0,1,1,0,1,1,1,1,1,0,0,0,0,1,0,1,1,0,0,1,0,1,0,1,1,0,0,0,0.623248
1,0,1,0,0,1,0,1,1,1,0,0,0,0,0,1,1,0,1,1,0,0,0,1,1,0,1,0,0,1,1,0,0.595465
1,0,1,1,0,0,0,1,1,1,0,1,0,1,1,1,1,1,1,0,1,1,1,0,1,1,0,1,1,0,1,1,0.639092
0,0,0,1,1,1,1,1,1,0,1,1,1,1,0,0,1,0,0,0,0,1,0,1,1,1,1,1,1,1,0,0,0.679991
0,1,1,1,0,0,1,0,0,1,1,0,1,0,1,0,1,0,1,0,1,1,0,0,0,1,1,0,1,0,0,1,0.593212
0,1,1,1,0,0,1,1,0,0,1,0,0,1,0,0,0,1,0,0,1,1,0,1,1,1,1,0,1,1,1,1,0.622347
0,1,1,1,0,1,0,1,0,0,1,0,1,1,1,0,1,1,0,1,1,1,0,0,0,0,0,0,1,0,0,0,0.593162
0,1,0,1,1,1,1,1,0,1,0,0,0,0,0,1,1,1,0,0,1,1,0,0,0,1,0,0,1,1,0,0,0.533991
0,1,0,1,0,0,0,0,0,1,1,1,1,0,0,0,0,1,0,0,1,0,0,0,0,1,0,1,1,0,1,0,0.608680
1,0,1,1,1,0,0,0,1,1,1,0,0,0,1,0,1,1,1,0,0,1,1,0,1,0,1,0,1,0,1,0,0.622998
0,0,0,1,1,0,1,1,1,0,0,0,1,1,1,1,0,0,0,1,1,0,1,1,0,1,1,0,1,1,0,0,0.598593
1,0,0,1,1,0,1,1,0,0,1,0,0,0,1,1,0,1,1,1,0,1,0,0,1,1,0,0,0,0,0,1,0.603624
0,0,0,1,1,1,1,0,0,1,1,0,0,1,1,1,0,0,1,0,0,1,1,0,1,1,0,1,1,1,0,0,0.602573
1,1,0,0,1,0,0,0,1,1,0,0,0,0,1,1,1,1,0,0,0,0,0,1,0,1,0,0,1,1,1,1,0.629956
1,1,0,1,0,1,1,0,0,0,1,0,0,0,1,0,0,0,0,0,0,0,0,1,1,0,1,0,0,0,0,0,0.580547
0,1,1,0,1,1,1,0,1,1,0,0,1,0,0,1,0,1,1,0,1,1,0,1,0,1,0,0,1,0,1,0,0.595690
0,0,1,1,1,1,1,1,0,0,0,1,1,1,1,1,0,0,1,1,0,1,1,1,0,0,1,1,0,1,1,0,0.611559
1,1,0,0,0,1,0,0,1,0,0,0,1,1,1,1,0,1,0,0,0,1,0,1,1,1,1,0,1,1,1,0,0.635212
0,0,1,1,0,0,1,0,1,0,1,0,0,1,0,0,0,1,1,1,0,1,1,1,1,0,0,0,0,1,1,1,0.592761
1,0,0,1,0,1,0,1,1,0,0,1,0,1,1,0,0,0,0,1,0,1,1,1,1,0,1,1,1,0,0,1,0.626627
0,0,0,0,0,1,1,0,0,1,0,0,1,0,1,0,1,0,0,0,0,1,0,0,1,0,1,1,1,1,1,0,0.595264
1,0,1,0,0,1,1,0,0,1,1,1,0,1,0,0,0,0,0,0,1,0,1,0,1,1,0,1,1,1,1,0,0.612385
1,1,0,1,0,1,1,1,1,0,0,1,0,1,1,1,0,0,1,1,0,0,1,0,0,1,1,0,0,1,1,1,0.640168
1,1,0,0,1,0,0,1,1,0,0,1,1,0,0,0,1,0,1,1,1,0,1,0,0,1,0,0,0,1,0,1,0.613586
1,1,1,1,1,0,1,0,0,0,1,0,0,0,0,0,0,1,0,0,0,1,0,1,1,0,1,1,1,0,0,1,0.594238
1,0,1,0,1,0,0,1,0,0,1,1,0,1,0,0,1,1,0,0,1,0,0,0,0,1,0,0,0,0,1,1,0.578619
0,0,0,0,0,1,1,0,0,0,1,0,1,1,0,0,0,0,1,1,1,1,1,0,0,0,0,0,0,0,1,0,0.491640
0,0,0,0,1,0,1,0,1,1,0,0,1,1,1,0,0,0,1,1,0,1,0,1,1,1,1,0,1,0,1,1,0.634962
0,1,1,0,1,1,1,1,1,0,0,1,0,1,1,1,0,1,1,0,0,1,0,1,0,1,1,0,0,0,1,1,0.638917
0,0,0,0,0,0,0,0,1,1,0,1,0,1,0,1,0,0,1,0,0,0,0,1,1,1,1,1,1,1,0,1,0.675786
1,1,1,1,0,1,0,0,0,0,0,1,1,0,0,0,1,0,0,1,0,0,0,0,1,1,1,1,0,1,1,1,0.623323
1,1,1,0,0,0,1,0,0,0,1,0,0,1,1,0,1,0,1,1,1,0,0,0,0,1,0,1,0,1,1,1,0.621145
1,0,1,0,0,0,1,0,1,1,1,1,1,1,1,0,1,0,1,0,0,0,0,0,0,0,1,0,0,0,0,1,0.610908
1,0,0,0,1,0,0,0,0,0,1,0,1,0,0,0,0,0,1,1,1,1,0,0,0,1,0,1,1,1,1,1,0.614262
0,0,1,0,0,0,1,1,0,0,0,0,0,0,0,0,1,1,1,1,0,1,0,1,0,1,1,0,0,0,0,1,0.620094
0,1,1,0,1,1,0,0,0,0,0,1,0,0,1,0,0,0,1,0,1,1,1,1,1,0,0,0,1,1,0,0,0.631533
0,0,1,0,0,1,0,0,0,1,0,0,1,1,0,1,1,1,1,0,0,0,0,1,0,1,1,0,1,1,1,0,0.615814
1,1,1,0,0,0,0,0,1,1,0,0,0,1,1,1,0,1,0,0,0,1,0,1,0,0,1,1,0,0,0,0,0.624074
0,0,0,1,1,0,0,0,1,0,1,1,1,1,1,0,1,1,1,1,0,0,1,1,1,0,1,1,1,0,1,1,0.655712
1,0,0,0,0,0,0,0,1,1,1,1,0,1,0,0,1,0,0,0,1,0,0,1,1,1,0,1,1,0,1,1,0.625175
1,0,0,0,1,1,0,1,0,1,0,0,1,0,0,0,1,0,0,0,0,1,0,0,0,1,1,0,1,1,0,0,0.570034
0,0,1,1,0,1,0,1,0,0,0,0,1,0,0,0,1,0,0,0,1,1,1,1,1,0,0,0,0,0,0,1,0.554891
1,0,1,0,0,1,0,0,1,0,0,1,0,1,1,1,0,1,0,1,0,1,1,0,1,0,0,1,0,0,0,0,0.591835
0,0,0,0,1,0,0,1,1,1,0,1,1,0,0,0,1,1,0,1,1,1,1,0,0,1,0,1,0,0,0,1,0.622147
1,0,1,1,0,0,1,1,1,1,1,0,1,1,0,1,1,0,0,0,0,1,1,0,1,0,0,0,0,1,0,0,0.598969
1,0,1,0,0,0,1,0,1,0,0,1,0,1,1,1,1,1,1,1,0,0,1,1,1,1,0,0,0,0,0,1,0.626577
0,0,0,0,0,0,0,1,1,1,0,0,0,0,1,0,1,1,1,1,1,0,0,1,0,0,0,0,1,0,0,0,0.545755
0,0,0,1,1,1,0,1,0,1,0,1,0,1,0,1,0,1,0,0,0,0,0,0,0,1,1,1,1,0,1,0,0.656413
0,0,0,1,0,0,1,0,0,0,1,1,0,0,0,1,0,0,1,0,0,1,0,0,0,0,0,1,1,0,1,0,0.519699
1,1,0,0,1,1,1,1,0,1,0,1,0,1,0,0,0,1,1,1,0,0,1,0,1,0,0,1,1,0,0,0,0.621971
0,1,0,1,1,0,1,0,1,1,0,1,1,0,1,0,1,0,1,1,1,1,0,1,1,1,1,1,1,1,1,1,0.673683
1,0,0,1,0,0,0,0,0,0,1,1,1,0,0,1,1,1,0,0,1,1,1,0,1,1,1,0,1,1,0,0,0.608605
1,1,1,1,1,0,0,0,0,0,1,0,0,1,0,1,0,1,0,1,1,1,0,0,1,0,0,1,0,0,0,1,0.627979
0,1,1,1,0,1,1,1,0,0,1,0,1,1,1,1,1,0,0,0,1,1,1,0,1,1,1,1,1,1,1,1,0.700265
0,0,0,0,1,1,0,0,0,0,0,1,1,0,1,1,1,0,0,0,1,1,0,1,0,0,1,0,0,1,0,0,0.494744
0,1,1,1,0,1,0,1,0,0,0,1,1,0,1,0,1,0,0,1,0,0,1,0,0,1,0,0,0,0,0,0,0.586304
0,0,1,1,1,0,1,1,0,0,1,1,1,0,0,1,0,1,0,1,0,0,0,0,0,1,0,0,1,1,1,0,0.564678
1,1,1,0,0,1,1,0,1,0,1,0,1,0,0,0,0,0,0,1,0,1,1,0,1,1,0,1,1,1,1,0,0.629330
1,0,1,1,1,0,0,0,0,1,0,0,0,1,1,1,0,0,0,0,0,0,0,1,0,1,1,1,1,0,1,0,0.635863
1,1,0,1,0,0,0,1,0,1,0,0,0,0,1,1,1,1,0,0,0,0,1,1,1,0,0,0,0,1,0,1,0.622847
0,0,0,1,1,1,1,0,1,0,0,0,0,1,0,0,0,0,1,0,0,1,1,0,0,1,1,1,1,0,0,0,0.569133
1,1,1,0,1,0,0,0,0,0,1,0,0,0,1,0,0,0,0,0,1,1,0,0,0,1,0,1,1,1,1,0,0.587054
1,0,1,0,1,0,0,0,0,0,1,1,0,1,0,1,0,1,0,0,0,1,0,0,0,0,1,1,0,0,0,1,0.610858
0,1,0,0,0,1,0,1,1,1,1,1,1,1,1,1,0,0,0,1,1,1,0,0,1,1,1,1,0,0,0,0,0.716735
1,0,0,1,0,0,1,1,0,1,1,1,0,1,0,1,1,0,0,0,1,0,0,0,0,0,0,1,1,0,1,1,0.620169
0,1,1,1,0,0,1,1,0,1,1,0,1,0,0,1,0,0,0,0,1,1,1,1,1,0,0,0,0,1,0,0,0.608831
1,1,1,0,0,1,1,0,0,0,0,0,1,0,1,0,0,0,1,0,0,1,1,1,0,1,0,1,0,0,1,0,0.619744
1,1,0,1,1,0,1,1,0,0,0,0,1,0,1,0,1,1,1,1,0,1,1,1,0,1,0,0,0,0,1,0,0.689352
1,0,0,1,1,1,0,1,0,1,1,1,0,1,0,0,0,0,0,1,0,0,0,0,0,0,0,1,1,1,0,1,0.619919
1,0,1,0,1,0,0,0,0,1,0,1,0,1,0,1,1,1,1,1,1,0,0,0,0,0,1,1,1,0,1,1,0.640393
1,0,0,1,0,1,0,0,0,1,1,1,1,1,0,1,1,1,1,0,0,0,1,0,1,1,1,0,1,0,0,1,0.624625
0,0,1,0,0,1,1,1,1,1,0,1,0,1,0,0,1,0,1,0,1,1,1,0,1,1,1,0,1,0,0,1,0.608956
0,1,0,1,0,1,1,1,1,0,0,1,1,1,0,1,1,1,1,1,0,1,0,0,0,0,1,0,0,1,0,1,0.624600
1,0,0,0,1,0,0,1,0,0,1,0,1,1,0,0,1,1,0,0,1,0,1,1,0,0,1,0,1,1,1,1,0.607179
1,1,1,0,0,0,0,1,0,1,1,1,0,0,1,1,1,0,0,0,0,1,1,1,1,1,1,0,0,0,1,1,0.620770
0,1,1,1,0,1,0,0,0,0,0,0,0,0,1,1,1,1,1,0,1,0,0,1,0,0,1,1,0,0,0,1,0.585177
0,0,0,0,1,0,0,0,1,1,0,1,0,1,1,0,1,0,1,1,0,1,1,0,0,1,1,1,0,0,0,1,0.603624
0,1,0,1,0,0,0,1,0,0,1,1,1,0,1,0,0,0,1,0,1,1,1,0,1,1,0,1,1,0,1,0,0.626151
0,0,1,1,0,1,0,1,1,1,0,1,1,0,1,1,0,1,1,0,0,0,1,1,1,1,0,1,1,0,0,1,0.665974
0,0,1,0,0,1,0,1,0,1,1,0,0,1,0,1,0,1,1,1,0,1,1,0,1,0,1,0,1,0,0,1,0.586228
1,0,1,1,0,1,0,1,0,0,0,0,0,1,0,0,1,0,1,0,1,0,1,1,0,1,0,0,0,0,1,1,0.579921
0,1,0,1,0,1,0,1,1,1,1,0,0,0,0,0,1,1,0,0,1,0,0,0,0,1,0,1,0,1,0,0,0.611709
1,0,1,1,0,0,1,1,0,0,0,0,1,1,1,1,1,0,1,1,1,1,0,0,0,1,1,0,0,0,1,0,0.625050
0,0,0,1,1,1,1,0,1,0,0,0,1,0,0,1,0,0,1,0,1,1,1,1,1,1,0,0,0,0,1,0,0.617091
1,0,0,1,0,0,0,1,1,1,1,1,1,0,0,1,0,1,0,0,0,1,0,0,0,1,1,0,0,1,0,0,0.596991
1,0,1,1,1,0,0,1,0,1,1,0,1,0,1,0,1,1,0,1,1,1,0,0,0,1,0,1,1,0,0,1,0.618367
1,0,0,0,1,0,1,0,1,1,0,0,1,0,0,0,1,1,1,1,1,1,1,0,1,0,1,1,0,1,0,0,0.639467
1,1,0,0,1,1,0,0,0,0,0,0,0,1,0,1,1,1,0,1,0,1,0,1,0,1,0,0,0,0,0,0,0.563777
1,1,0,1,0,0,1,1,0,1,0,1,1,1,1,0,1,1,0,0,1,0,0,0,1,1,1,1,1,0,1,0,0.697537
1,1,0,1,1,1,0,0,0,0,1,0,0,1,0,1,1,0,1,0,1,1,1,1,1,0,1,0,1,1,1,1,0.582975
1,0,1,1,0,0,1,0,1,0,1,1,1,0,0,1,0,0,1,0,1,0,0,1,0,1,1,1,1,0,1,0,0.600946
0,0,1,1,1,0,1,1,0,1,1,1,0,1,1,0,1,0,1,0,1,1,1,1,0,1,0,0,0,0,0,0,0.621321
1,1,0,0,1,0,1,1,1,1,0,1,1,0,1,1,1,1,1,0,0,0,0,0,1,0,0,1,0,0,0,0,0.608931
1,1,1,0,0,0,0,1,0,0,0,1,1,0,0,1,0,0,0,1,1,0,1,1,0,1,1,1,0,1,0,1,0.653134
1,1,1,1,0,0,1,0,0,1,0,1,0,1,1,0,1,0,1,1,0,0,0,1,1,1,0,1,1,0,0,1,0.635237
0,1,1,1,0,1,0,0,1,0,1,0,1,1,1,0,1,1,1,0,0,1,1,0,0,0,0,0,1,0,1,1,0.598643
1,0,1,1,0,1,0,0,1,1,1,1,0,1,0,0,0,1,0,0,1,1,1,1,0,1,1,0,0,0,1,0,0.614337
1,0,0,1,1,1,0,0,0,1,1,1,0,1,0,1,1,1,1,1,1,0,0,1,1,1,0,1,1,0,1,0,0.634361
0,0,1,1,1,0,1,1,0,1,0,1,0,1,0,0,0,0,0,1,0,0,1,0,1,0,0,0,0,1,1,0,0.601497
0,1,0,0,1,1,0,0,1,0,1,1,0,1,0,0,1,0,0,0,1,0,1,0,1,0,0,0,1,0,0,1,0.582549
1,0,1,0,0,1,1,1,0,0,1,0,0,0,1,0,1,1,1,1,1,0,0,1,0,0,1,0,1,1,0,0,0.618192
1,0,0,1,1,0,0,0,0,0,1,1,1,0,1,1,0,1,0,0,1,1,0,0,1,1,0,1,0,0,0,1,0.610132
0,0,0,1,0,0,1,0,0,1,1,1,1,0,1,0,0,0,1,1,0,1,0,1,0,1,1,1,0,1,0,0,0.582950
1,0,0,1,0,1,1,0,1,0,1,0,1,0,0,0,0,1,0,1,1,1,0,1,0,0,1,0,1,1,1,0,0.597592
0,1,0,1,1,0,1,1,1,0,0,1,0,0,0,1,1,1,1,1,1,0,1,0,1,0,0,1,1,0,1,1,0.675385
1,1,0,1,1,0,1,1,1,1,0,1,0,0,1,1,1,0,1,0,1,0,0,1,1,1,1,1,0,0,1,0,0.650005
0,1,0,1,0,1,1,1,1,1,0,0,1,0,0,0,0,0,1,1,1,1,0,1,1,1,1,1,1,0,0,1,0.642571
1,1,0,1,0,0,1,1,0,0,1,0,0,1,1,1,1,0,0,0,0,0,0,0,1,1,0,1,1,1,1,0,0.686699
1,0,1,1,1,0,1,1,1,0,1,1,1,0,0,0,0,0,1,0,0,1,1,1,1,1,1,0,0,0,0,0,0.639167
0,0,1,1,1,1,0,1,0,1,1,1,0,1,1,0,1,0,1,1,0,0,0,1,0,0,0,0,1,0,0,0,0.604425
1,1,0,1,1,1,0,1,1,1,0,1,1,1,1,1,0,1,0,0,1,1,0,1,1,0,1,0,1,1,1,1,0.672132
0,0,1,0,0,1,1,0,0,1,0,0,1,1,1,0,1,1,1,0,1,1,1,0,0,1,0,0,0,1,0,1,0.572887
0,0,0,0,1,0,1,1,0,1,0,0,0,0,0,1,0,1,1,0,0,0,1,1,0,0,1,1,1,0,0,1,0.612785
0,1,0,1,1,1,0,1,0,0,1,0,0,1,0,0,0,1,0,1,0,1,0,0,1,0,1,1,1,0,1,0,0.616715
0,0,0,1,1,0,0,1,0,0,1,1,0,1,1,0,1,1,1,0,1,0,0,0,0,0,0,1,1,1,1,0,0.609106
1,0,0,1,0,1,0,0,1,1,1,1,1,1,0,0,1,0,1,1,1,0,1,0,1,0,1,0,1,1,1,0,0.620294
0,1,1,0,0,0,1,0,0,0,1,1,0,0,1,1,1,1,1,0,1,0,1,0,1,1,1,0,0,1,0,1,0.621946
0,0,0,1,0,0,0,1,1,0,0,1,0,1,0,0,0,1,1,1,0,1,1,0,0,1,1,0,1,0,1,0,0.566705
0,0,1,0,0,1,1,0,0,0,1,0,1,1,0,1,0,0,1,0,0,0,1,0,0,0,1,0,1,0,1,1,0.517171
1,0,0,0,1,0,1,0,1,0,1,1,1,0,1,1,0,0,0,0,0,0,0,0,0,0,0,0,1,0,0,1,0.521976
0,1,1,1,0,0,0,1,1,1,1,1,1,0,0,0,0,0,0,1,0,0,1,0,1,0,0,0,0,0,0,0,0.588782
1,0,0,0,0,1,1,1,0,0,0,1,1,0,1,1,0,1,0,1,0,0,0,0,1,0,0,0,1,1,1,0,0.609181
1,0,0,0,1,1,0,0,1,0,0,0,1,0,1,0,1,1,1,1,0,0,1,1,1,0,0,1,1,0,0,0,0.635337
0,0,1,0,0,0,1,0,0,0,1,0,0,1,0,1,1,0,1,1,1,0,1,1,0,1,0,0,1,0,0,0,0.599169
0,1,1,1,0,0,1,1,1,0,1,0,0,1,1,0,1,1,1,1,0,1,0,0,1,0,0,1,1,0,0,0,0.625025
0,1,0,1,1,0,0,1,0,1,0,1,0,1,1,1,0,1,0,1,1,1,1,0,1,0,0,0,1,1,0,0,0.610883
0,1,1,0,0,1,1,1,0,1,1,1,1,0,0,0,1,0,1,0,1,1,1,1,0,0,0,1,1,1,0,0,0.643197
0,0,0,1,1,1,0,0,1,0,1,1,1,0,0,0,1,0,1,0,1,1,0,0,0,1,1,1,1,1,0,1,0.624750
1,0,0,1,1,1,0,1,0,0,1,1,0,1,0,1,1,0,1,1,1,0,0,1,0,1,0,0,0,0,1,1,0.625951
0,1,0,0,0,1,1,1,1,0,0,1,0,0,1,1,1,1,1,1,1,1,1,0,1,1,0,0,0,0,0,1,0.627503
1,1,1,1,0,0,1,0,0,0,0,0,1,1,1,1,0,0,1,1,0,1,0,1,0,0,1,0,1,1,0,0,0.611284
0,1,1,1,0,0,1,0,0,1,1,1,0,1,1,0,0,1,0,0,1,0,1,0,1,1,0,1,1,0,0,1,0.623849
1,0,1,0,0,0,0,1,0,1,0,0,1,1,0,1,0,0,1,1,0,0,1,1,1,0,0,1,0,0,0,0,0.593112
1,1,0,1,0,1,0,0,0,0,1,0,0,0,1,1,0,0,0,1,1,1,0,0,0,1,1,0,0,1,0,0,0.588256
1,0,0,1,1,1,0,1,1,0,0,0,1,1,1,1,1,1,1,0,0,0,0,1,1,1,0,0,0,1,1,0,0.631333
1,0,1,0,0,1,0,1,1,0,0,1,0,0,1,0,0,0,0,0,0,0,1,0,0,0,0,0,0,1,0,0,0.565779
0,1,1,1,1,0,1,0,0,1,0,0,0,1,0,0,0,1,1,1,1,0,0,0,0,1,1,0,1,1,1,1,0.607754
0,1,1,0,0,1,1,0,1,0,0,1,1,0,0,0,1,0,1,1,1,0,0,1,1,1,1,1,0,0,0,1,0.644148
0,1,1,1,1,1,1,0,0,0,1,0,0,1,1,1,0,1,0,1,1,0,0,0,0,1,0,1,1,1,0,1,0.679540
0,0,1,0,1,0,1,1,1,1,1,0,1,1,1,0,0,1,1,1,0,1,1,1,1,1,1,0,1,0,1,1,0.645399
1,1,1,1,1,0,0,1,0,1,1,0,1,1,0,1,0,1,0,0,0,1,0,0,1,1,0,1,1,0,1,1,0.743818
1,0,1,0,1,1,0,0,1,1,0,0,0,0,0,1,0,1,0,0,0,1,0,0,0,1,1,0,1,1,0,0,0.617166
1,0,1,0,0,1,0,1,0,0,0,0,1,0,0,1,1,1,1,0,1,0,1,1,0,1,0,0,1,1,0,0,0.598243
1,0,1,0,1,1,1,0,0,1,1,0,0,0,0,1,1,1,1,1,1,1,1,1,1,0,0,1,0,1,1,0,0.680742
0,1,1,0,1,0,1,1,1,0,1,1,1,0,0,0,0,1,1,0,1,1,0,1,1,1,0,1,1,0,0,0,0.616465
0,1,0,0,0,1,1,0,0,1,1,1,0,1,0,1,1,1,0,1,1,0,0,1,1,1,0,1,1,0,0,1,0.644223
1,1,1,0,1,1,0,0,0,0,0,1,1,0,1,1,0,0,0,0,0,1,1,1,0,1,1,0,1,0,1,1,0.591860
0,0,1,0,1,0,1,0,0,1,1,1,1,0,0,1,1,0,1,0,1,1,0,1,1,1,1,1,0,1,1,1,0.666475
0,0,1,1,1,1,1,1,0,0,1,1,0,0,0,1,0,1,1,0,1,0,1,1,1,0,0,0,1,0,1,1,0.689102
0,0,0,1,0,1,0,1,0,0,1,0,0,1,0,0,0,0,0,1,0,1,0,0,1,1,0,0,1,0,1,1,0.502077
0,1,0,0,0,0,1,1,1,1,0,1,0,0,0,0,1,0,0,0,0,1,0,1,0,1,1,0,0,1,0,0,0.575390
0,0,1,0,1,0,0,1,1,1,0,1,1,0,0,1,1,0,0,1,0,0,0,1,1,0,0,0,0,0,0,1,0.576542
1,0,1,1,0,1,1,1,0,0,0,1,1,1,1,1,0,1,1,1,0,1,0,0,0,0,0,0,1,0,0,0,0.623849
0,1,0,0,1,0,0,1,1,1,0,0,0,1,0,0,1,0,1,1,1,1,1,0,0,1,0,1,1,1,0,1,0.612185
0,1,1,0,1,1,0,0,1,0,1,0,1,1,0,1,0,0,1,0,1,0,1,0,1,0,0,1,1,0,1,1,0.624474
0,1,0,0,1,0,1,0,1,1,1,0,1,1,0,1,0,0,0,1,1,0,1,1,1,1,0,1,1,0,0,1,0.635463
1,0,0,1,0,1,0,1,1,0,0,0,1,0,0,1,0,0,0,0,1,1,1,0,0,1,1,0,0,1,1,0,0.573563
1,1,1,1,1,0,1,1,0,0,1,1,1,1,1,0,1,1,1,0,1,0,1,1,1,1,0,1,0,1,0,0,0.662795
1,0,0,1,1,1,0,1,0,0,1,0,0,1,1,0,0,1,1,1,1,1,1,1,0,0,0,1,0,0,1,0,0.626377
1,0,1,1,1,1,1,1,1,0,0,1,1,1,0,1,1,0,0,0,1,1,1,0,1,0,0,0,1,0,1,1,0.564052
0,1,0,1,0,1,1,0,0,1,0,0,1,0,1,1,0,0,1,0,0,1,1,1,1,0,1,1,0,1,1,1,0.664197
1,1,0,1,0,1,1,1,0,1,0,1,1,0,0,0,0,1,1,0,0,0,1,0,1,1,1,1,0,1,0,1,0.650030
0,0,0,0,1,0,0,1,0,1,0,0,1,0,1,1,0,1,0,1,0,1,0,1,1,0,1,1,1,0,0,1,0.600395
0,1,0,1,1,0,0,0,1,0,1,0,1,0,1,1,0,1,1,1,0,0,1,1,0,1,1,1,0,1,0,1,0.662445
1,0,0,0,1,0,1,1,0,1,1,1,1,0,0,1,1,0,0,0,0,0,0,0,0,0,1,0,0,0,1,1,0.573889
1,0,1,0,1,1,1,0,0,0,1,1,1,1,0,1,0,1,0,1,0,1,0,0,0,1,1,1,1,0,0,0,0.671055
0,1,0,0,1,0,1,1,0,1,0,1,0,0,1,1,1,0,0,1,0,1,0,1,0,1,0,0,0,1,1,1,0.603749
0,0,1,1,1,1,0,0,1,1,0,0,1,1,0,1,1,0,0,0,0,1,1,1,0,0,1,0,0,1,0,0,0.571060
0,1,1,1,0,0,1,0,1,0,0,1,0,1,0,1,1,0,0,1,0,0,1,1,0,0,1,0,0,1,1,0,0.608605
1,1,0,1,0,1,1,0,1,0,1,1,0,1,0,1,0,0,1,1,1,0,1,0,1,1,1,0,0,0,1,1,0.618067
1,1,0,1,1,0,0,0,1,1,0,1,0,1,1,0,1,0,1,1,0,0,0,1,0,0,0,0,0,0,0,1,0.602673
1,1,0,1,0,1,1,0,1,1,1,1,1,1,1,1,0,1,0,0,1,1,0,0,1,0,0,0,1,1,0,1,0.657714
0,1,1,1,1,0,1,1,0,1,1,0,1,1,0,0,1,1,1,0,0,1,1,0,1,0,0,0,0,1,1,1,0.622071
0,1,1,0,0,1,0,1,0,0,0,1,0,1,1,0,1,0,1,1,1,0,1,0,1,1,0,0,1,0,1,0,0.608906
1,0,0,0,1,0,0,0,0,0,1,1,1,0,1,0,1,1,0,0,0,0,0,1,0,0,1,0,1,0,1,0,0.561449
0,0,0,1,0,0,0,0,1,0,1,0,0,0,0,1,0,0,1,1,1,0,1,0,1,1,1,1,0,1,1,1,0.675436
0,1,1,0,1,1,0,0,1,1,0,0,1,0,1,0,0,0,1,0,0,0,0,1,0,1,1,1,0,0,0,0,0.578394
1,1,1,0,0,0,1,1,1,1,1,1,1,0,0,1,1,1,1,0,1,0,0,1,1,1,1,1,1,0,0,0,0.629781
1,1,1,0,1,1,0,0,0,1,0,0,0,1,0,0,0,0,1,1,0,0,0,0,0,1,1,1,1,0,1,0,0.617666
0,0,0,0,1,0,0,1,1,0,0,1,1,1,0,1,0,1,1,1,0,0,1,0,1,1,1,1,1,0,1,1,0.643347
0,0,0,0,0,1,0,1,0,0,1,0,0,1,1,0,0,0,0,0,1,0,0,0,1,1,0,0,0,1,1,0,0.502077
1,0,1,0,0,0,0,0,0,1,1,1,1,0,1,0,0,0,1,1,1,1,0,0,0,0,0,0,0,0,1,1,0.588807
0,0,0,1,1,1,1,1,1,0,0,1,1,1,0,1,1,1,0,1,1,0,1,1,1,1,0,0,1,0,1,0,0.628254
1,1,1,0,0,0,1,0,0,1,1,1,1,1,0,0,1,0,1,1,0,0,0,0,0,0,1,1,1,0,0,0,0.660718
0,1,0,1,1,0,0,0,1,1,0,0,0,1,1,0,0,0,0,0,1,0,1,0,1,0,1,1,1,0,0,1,0.598618
