1,1,0,1,0,1,1,1,0,1,1,1,0,0,0,1,1,1,1,1,0,1,0,0,0,1,1,1,0,1,1,1,0.005914
1,0,1,0,0,1,1,1,1,1,0,1,0,0,0,1,1,1,1,1,0,1,1,1,0,0,1,0,1,1,1,0,0.990329
1,1,0,1,0,1,0,1,0,0,1,0,0,1,0,0,0,0,0,0,0,1,1,1,0,1,1,0,0,1,0,0,0.994112
0,1,0,0,1,1,0,1,0,1,0,1,0,1,0,1,1,0,1,0,1,0,1,1,0,0,1,1,0,1,1,0,0.993713
0,0,1,0,0,0,0,1,0,1,0,0,0,0,0,0,1,0,1,0,0,0,0,1,1,0,0,1,0,0,1,0,0.996110
1,0,1,1,0,0,0,0,1,1,0,1,0,0,0,0,0,1,1,1,1,1,1,1,0,0,1,0,1,1,0,1,0.010070
0,1,1,0,1,0,1,0,0,0,0,1,1,1,1,1,1,0,0,1,0,1,0,0,0,1,1,1,1,1,0,0,0.991661
1,1,1,0,1,0,0,1,0,0,0,0,1,1,0,0,0,0,1,1,0,0,0,0,0,1,0,0,1,1,1,0,0.993233
0,1,0,0,0,1,1,0,0,0,1,1,1,1,1,1,1,1,1,0,0,1,1,0,1,1,0,0,1,1,1,0,0.991608
0,1,0,1,1,1,1,1,1,1,0,1,0,0,1,1,0,1,1,1,1,0,1,0,0,1,1,0,0,0,0,0,0.992993
1,1,1,0,1,1,1,0,1,1,1,0,0,0,0,0,0,1,0,0,1,1,1,1,1,1,1,1,1,1,1,1,0.005275
1,0,0,1,1,1,0,0,1,0,1,0,0,1,0,1,0,1,1,1,1,1,0,0,0,0,1,0,0,1,1,0,0.992700
0,0,1,0,1,1,1,1,0,1,0,0,0,1,0,1,0,1,0,0,1,1,0,0,1,1,1,1,1,1,0,0,0.992141
0,1,1,0,0,0,0,1,1,1,0,1,0,1,0,1,0,1,0,1,1,0,1,0,1,0,1,0,1,0,0,0,0.993633
1,0,0,0,0,1,0,0,0,0,1,1,1,0,0,1,0,0,0,1,1,0,1,0,1,0,0,0,0,1,1,0,0.994672
1,0,0,1,1,0,0,0,1,1,0,0,0,1,1,0,1,0,0,0,0,0,1,0,0,1,1,0,0,1,0,1,0.012708
1,1,1,0,1,1,0,1,0,1,0,1,1,1,1,1,0,1,1,0,0,1,0,0,0,0,0,1,0,0,1,1,0.009484
1,1,0,1,0,0,0,0,0,0,0,0,0,1,0,0,0,1,0,1,1,1,1,0,0,0,1,1,0,1,1,1,0.014120
1,1,1,1,1,0,1,1,0,1,0,0,1,1,0,0,0,1,1,1,1,0,0,0,0,0,1,0,1,1,1,0,0.991981
0,0,1,0,1,0,1,0,1,1,1,1,1,1,0,1,1,1,1,1,0,1,1,0,0,1,1,0,1,1,0,0,0.992461
0,0,1,1,0,0,0,1,0,1,1,1,0,1,1,0,0,1,1,1,1,0,1,0,0,0,1,0,0,0,0,0,0.995684
0,0,1,0,1,1,0,0,1,0,0,0,0,1,0,0,1,0,1,1,1,0,0,0,0,1,1,1,1,0,1,0,0.994672
1,0,0,0,0,0,0,0,1,1,1,0,0,0,1,0,0,1,0,1,1,0,1,1,0,1,1,1,0,0,1,1,0.011988
0,1,1,1,0,0,1,0,1,0,0,1,1,1,1,1,0,1,1,1,0,1,0,0,0,0,1,0,1,0,0,0,0.992674
1,0,0,1,1,0,1,0,1,0,1,0,1,1,0,0,0,0,1,1,0,0,1,1,1,1,1,1,1,0,0,0,0.992540
0,0,1,0,1,0,0,0,1,1,1,1,0,1,0,0,0,0,0,0,0,1,1,0,1,1,1,0,1,0,1,1,0.994672
0,0,1,1,1,0,0,0,1,1,0,0,0,1,0,0,1,1,1,0,1,0,0,1,0,0,0,1,0,1,0,1,0.994059
1,0,0,1,1,1,0,1,1,1,0,1,0,0,1,1,1,0,0,0,1,1,0,1,0,1,0,1,1,0,0,0,0.992247
0,0,1,0,0,0,1,0,1,1,0,0,1,1,1,0,1,1,1,1,1,0,1,1,0,1,0,1,0,0,1,1,0.991635
0,1,0,1,1,0,1,0,0,1,1,1,1,0,1,1,1,0,0,0,1,1,0,0,0,0,1,1,0,0,0,0,0.993100
0,1,0,0,0,1,0,0,0,1,0,0,1,1,0,0,0,0,1,1,0,0,1,1,0,0,0,1,1,0,1,1,0.995977
0,1,1,1,1,0,1,1,0,0,0,0,0,1,0,0,1,1,1,1,0,0,0,1,1,1,1,1,1,1,1,0,0.990063
1,0,0,0,0,0,1,1,0,1,1,1,1,1,1,0,1,0,1,1,0,1,1,0,0,0,1,0,1,1,1,0,0.991448
1,1,1,0,0,1,1,0,1,1,1,0,1,0,1,0,0,1,0,1,1,1,1,1,0,1,1,0,0,1,0,0,0.992967
1,0,1,0,1,0,0,1,1,1,1,1,1,0,0,1,0,0,1,0,1,0,0,0,1,1,1,1,0,1,0,1,0.010044
0,1,1,0,1,1,0,0,1,0,0,1,0,1,1,0,1,1,0,1,0,1,0,0,0,1,0,1,0,0,0,1,0.993553
0,1,0,0,1,1,1,1,1,1,1,1,0,1,0,1,1,0,1,0,0,1,1,0,0,0,1,1,0,1,1,1,0.990249
0,0,0,1,1,0,1,0,0,0,0,0,1,1,1,1,1,0,0,1,1,0,1,0,0,1,1,1,0,0,1,1,0.994885
1,0,1,0,1,0,0,1,0,1,0,1,1,1,0,1,0,1,1,1,0,1,0,0,1,0,0,0,0,0,1,0,0.992620
1,1,0,0,1,0,1,1,1,1,0,1,1,0,0,0,1,0,0,1,0,0,0,0,0,0,1,1,1,0,1,0,0.994112
0,0,1,1,1,0,1,0,0,1,0,1,0,0,0,0,1,0,0,1,0,0,0,0,0,1,1,1,1,0,1,1,0.994006
0,0,1,0,1,1,0,1,1,0,0,0,1,0,1,0,1,0,1,1,0,0,1,1,1,0,0,0,1,0,1,1,0.993153
0,1,0,1,1,0,1,1,0,0,0,1,0,0,0,0,0,1,1,1,1,1,1,1,1,0,0,1,0,0,1,1,0.991848
0,0,0,0,0,1,0,0,0,1,1,0,1,1,1,1,1,1,1,0,0,0,0,1,0,1,1,0,1,0,1,1,0.992993
0,1,0,0,0,1,1,0,1,0,0,0,0,1,0,0,0,1,0,0,1,1,1,0,0,0,1,0,1,1,1,1,0.993180
0,0,1,1,1,0,0,0,1,1,0,1,0,1,0,0,0,0,1,1,0,1,0,0,0,0,0,0,1,1,0,1,0.994006
1,1,1,0,0,1,1,0,0,0,0,0,1,1,1,1,1,1,0,1,0,0,1,0,0,0,0,1,0,0,1,1,0.011402
1,1,1,0,0,0,0,1,0,1,0,1,1,0,0,1,1,0,0,1,0,1,0,0,0,0,0,0,1,1,1,1,0.009165
1,1,0,1,0,0,1,1,0,1,1,0,0,1,0,0,1,1,0,1,1,0,0,1,0,1,1,1,0,0,0,1,0.010177
0,1,0,0,0,0,0,1,1,1,0,0,0,1,0,0,1,0,0,1,1,1,0,1,1,0,0,0,0,0,0,1,0.994832
1,0,1,1,0,0,1,0,1,1,1,1,0,0,1,0,1,1,1,1,1,1,1,0,0,0,0,1,1,1,0,0,0.991715
1,0,1,1,0,0,0,1,0,1,0,0,1,0,0,1,0,0,1,0,1,0,1,1,0,0,1,1,0,0,1,1,0.010790
0,0,0,0,1,1,1,1,0,0,0,1,1,1,1,1,0,0,0,0,1,1,1,0,1,0,1,0,0,0,0,0,0.993873
0,0,0,0,0,1,0,1,0,0,0,1,0,0,0,1,1,0,1,0,1,0,1,0,0,0,0,1,0,0,0,1,0.997309
1,1,1,0,1,0,0,1,1,1,1,1,1,1,1,1,1,0,1,0,1,1,1,1,0,0,1,1,1,0,1,1,0.004183
1,0,0,1,0,0,0,1,0,1,1,1,0,0,0,0,0,0,1,1,0,0,0,1,1,1,0,0,1,0,0,0,0.995045
1,0,1,0,0,0,1,0,0,0,0,0,0,0,1,0,0,0,0,1,0,0,0,1,0,0,0,0,0,1,0,0,0.996670
1,1,0,1,1,1,1,1,0,1,1,0,1,1,0,0,1,0,0,0,1,0,1,0,1,1,0,0,1,1,1,1,0.010017
1,1,0,1,1,0,1,1,1,0,1,0,1,0,1,0,1,0,1,1,1,1,0,0,0,0,1,1,0,0,0,0,0.993766
0,0,0,0,0,1,0,1,0,0,0,1,0,1,0,0,0,0,0,1,0,0,0,0,1,0,0,1,1,0,1,0,0.999547
0,0,1,1,1,1,0,0,0,0,1,1,1,0,1,0,0,0,1,0,1,0,1,1,1,1,1,1,1,1,0,0,0.993739
1,0,0,1,1,1,0,0,0,1,0,1,1,1,0,1,0,0,1,1,1,1,1,0,0,0,1,0,0,1,1,1,0.010177
0,1,0,0,0,0,0,1,1,0,1,1,1,0,1,0,1,0,0,0,1,0,0,1,0,1,0,1,0,1,0,0,0.994219
1,0,1,0,1,1,1,1,0,0,1,1,0,1,0,0,1,1,1,1,1,1,0,0,1,0,0,1,0,0,1,1,0.010044
0,0,1,1,0,0,1,0,1,1,1,1,1,0,0,0,0,0,0,0,1,1,0,0,0,1,0,0,1,0,0,1,0.994006
1,1,1,0,0,1,1,0,1,1,0,0,1,1,0,1,1,1,0,1,1,1,0,1,1,1,0,0,1,0,0,0,0.993207
0,0,1,0,0,1,1,0,1,1,0,1,1,1,0,0,1,1,0,0,0,0,0,1,0,1,1,0,0,1,1,0,0.993047
1,1,1,1,0,0,0,1,1,1,0,0,0,1,1,0,1,1,0,1,0,0,1,0,1,1,0,1,1,1,1,1,0.005808
0,1,1,1,1,1,0,0,1,0,1,0,0,0,1,1,1,0,0,0,0,1,0,0,0,0,1,0,0,1,0,0,0.993926
1,0,1,1,0,0,0,0,0,0,0,0,1,0,0,0,1,1,0,0,1,0,1,0,1,0,0,1,1,1,0,0,0.995231
0,1,1,0,0,0,0,1,0,1,1,1,1,0,1,0,1,1,1,1,1,1,1,1,0,0,1,0,1,0,1,1,0.991501
1,1,0,1,0,1,1,1,1,0,0,0,0,0,0,1,0,1,1,1,1,0,1,0,0,0,1,0,0,0,0,1,0.009458
1,1,0,1,1,0,1,0,1,0,1,0,0,0,0,0,1,0,0,1,0,1,1,1,1,1,0,0,1,1,1,1,0.009218
0,0,0,0,1,1,1,0,0,0,0,1,0,1,0,0,0,1,1,1,1,0,1,0,0,0,0,0,1,0,0,1,0.997522
1,0,1,0,1,0,1,0,0,1,0,0,1,0,1,1,1,0,1,1,0,0,0,1,0,0,0,1,1,0,0,1,0.012335
1,1,0,1,0,0,0,0,1,0,0,1,1,0,0,0,1,1,1,1,1,0,1,1,0,0,0,1,0,1,1,0,0.994112
0,0,1,0,0,0,0,1,1,1,0,1,1,0,1,1,1,0,0,0,1,1,0,0,1,1,0,1,0,0,1,1,0.993180
0,1,0,1,0,0,1,0,1,1,0,0,0,1,0,1,1,1,0,1,1,1,1,1,0,0,0,1,0,0,0,1,0.992700
0,1,0,0,1,1,1,0,1,1,0,1,0,0,0,0,1,0,0,1,1,1,1,1,1,1,1,1,1,1,1,0,0.990542
1,1,0,1,0,1,1,1,1,1,1,0,0,1,1,0,0,0,0,1,0,1,1,1,0,1,1,1,0,0,0,1,0.009697
1,1,1,0,1,1,1,0,0,1,0,1,0,0,1,0,0,0,1,1,0,1,0,1,0,1,1,0,1,0,0,0,0.994139
1,1,1,1,1,0,0,0,0,1,1,1,1,1,1,0,1,0,1,0,1,1,0,0,0,0,1,1,0,0,0,1,0.011429
0,0,0,0,1,0,1,1,0,1,0,1,1,1,0,1,0,1,0,1,0,0,0,1,0,0,0,0,0,0,0,0,0.997549
1,1,0,1,0,1,0,0,0,0,0,1,1,0,0,1,0,1,1,1,1,1,1,1,0,1,0,1,0,0,1,1,0.008046
0,1,0,0,1,1,1,1,1,0,1,1,0,1,1,0,1,1,0,1,0,0,1,0,0,0,0,1,0,1,1,0,0.992247
1,0,0,0,0,1,1,1,0,1,0,1,0,0,1,1,1,1,0,1,0,1,0,1,1,0,1,0,1,0,0,1,0.008925
0,1,1,1,1,0,1,1,0,0,1,0,0,1,1,1,0,0,1,0,0,1,1,1,0,0,0,1,0,0,0,0,0.993340
1,1,1,1,1,1,1,0,1,0,0,0,1,0,1,1,0,0,1,0,0,1,1,1,1,1,1,1,0,1,0,1,0.005941
0,0,0,1,1,0,0,1,0,1,1,0,1,1,0,1,1,0,0,0,1,0,1,1,0,1,0,0,1,0,1,1,0.992327
1,0,0,1,0,0,1,1,0,0,1,1,0,0,1,0,0,1,1,0,1,1,0,1,1,0,1,0,1,0,0,0,0.994006
0,0,1,0,1,0,0,1,0,1,1,1,1,1,1,1,0,0,1,0,0,0,0,1,1,1,0,1,0,0,0,1,0.994752
1,0,1,0,1,1,0,0,1,1,1,1,1,1,0,1,1,1,1,0,1,0,1,1,1,0,0,0,1,0,0,1,0.008898
1,1,0,0,0,1,0,1,0,1,1,0,0,1,0,0,1,0,1,0,0,1,1,0,0,1,1,0,0,1,0,0,0.994432
0,0,0,1,1,1,1,0,1,0,1,1,1,0,0,0,0,0,0,0,0,1,0,0,1,1,0,1,0,1,1,1,0.993713
1,1,0,1,1,1,1,0,1,0,0,0,1,1,0,1,1,1,0,1,1,1,1,0,1,1,1,1,1,1,0,0,0.993500
0,0,0,0,0,1,0,1,0,1,0,1,1,1,1,1,1,1,1,0,1,0,0,0,0,0,1,0,0,1,1,0,0.993340
0,0,1,0,1,0,0,0,0,0,0,1,0,1,0,1,0,0,1,0,0,0,1,0,1,0,1,0,0,0,1,0,0.997043
0,1,1,1,0,1,0,0,1,1,1,1,0,1,1,0,1,0,1,1,1,1,1,1,1,0,1,1,1,1,1,1,0.987825
0,1,0,1,0,1,1,1,0,0,0,0,1,1,0,0,1,0,1,0,1,0,0,0,1,1,1,1,0,0,1,0,0.993926
1,0,1,0,1,1,1,0,1,0,0,0,1,1,1,0,1,0,1,1,1,1,1,0,1,1,1,0,1,0,0,0,0.994032
1,0,1,1,0,1,1,0,1,0,0,1,1,1,0,1,0,0,1,0,1,1,0,0,0,1,1,1,0,1,0,1,0.009058
0,0,1,1,1,0,1,0,1,1,0,0,0,1,0,0,0,0,0,0,1,0,1,1,0,0,0,0,1,0,1,1,0.994112
0,1,1,1,0,0,0,0,1,0,1,0,0,0,0,0,1,0,1,0,0,1,1,0,0,0,0,1,1,1,1,1,0.993846
1,1,0,0,1,0,0,0,0,1,1,0,0,0,1,1,0,0,1,1,0,0,0,0,1,0,1,1,0,1,0,1,0.012734
1,1,0,1,1,1,0,0,0,1,1,1,0,1,1,0,0,0,1,1,0,1,1,1,0,1,1,1,0,1,1,0,0.993153
0,0,1,0,1,0,1,1,0,0,1,1,0,1,0,0,1,0,1,1,0,0,0,0,1,1,1,1,0,0,1,1,0.992434
0,1,1,1,0,0,0,1,1,1,0,0,0,1,1,0,0,0,0,0,0,0,0,0,0,1,1,0,1,1,1,0,0.993952
1,1,1,0,0,0,1,1,0,1,1,1,1,0,0,0,1,0,0,1,1,1,1,0,0,1,1,1,1,1,0,0,0.992247
0,0,1,0,0,1,1,0,1,1,1,0,1,0,1,1,1,1,0,0,0,0,1,1,0,0,0,0,0,1,0,1,0.993579
1,0,1,0,0,0,0,1,0,1,1,0,0,1,0,0,1,1,1,0,0,1,0,1,1,1,0,0,1,0,1,0,0.993207
1,1,1,0,0,0,1,0,0,1,0,0,0,1,1,0,0,1,1,0,0,0,1,0,0,0,0,1,1,1,0,1,0.012548
1,1,1,1,0,0,0,1,1,0,0,1,0,0,0,1,0,1,1,0,1,1,0,0,1,0,1,0,0,1,1,0,0.992834
1,0,0,0,1,0,0,1,0,1,1,0,1,1,1,1,1,1,0,0,0,1,1,1,1,0,0,1,0,1,1,1,0.007087
0,0,0,0,1,0,1,1,0,1,1,0,1,1,1,0,0,0,1,1,1,1,1,1,0,1,1,1,0,1,0,1,0.997469
1,0,1,0,1,0,1,0,1,1,0,1,1,0,0,1,0,0,1,0,1,0,0,1,0,1,0,0,0,0,0,1,0.013161
1,0,1,1,1,1,0,0,1,0,1,0,0,1,1,1,0,0,1,0,0,1,1,1,0,0,0,1,0,0,1,1,0.008552
0,0,1,0,1,1,0,1,1,1,1,1,1,0,0,0,1,1,1,1,0,1,1,1,0,0,0,1,1,1,0,0,0.992114
1,0,0,0,0,0,0,1,1,1,1,1,1,1,0,1,0,1,1,0,1,1,1,1,0,1,1,1,0,0,0,1,0.008525
1,0,0,0,0,0,0,0,0,1,1,1,0,0,1,0,0,0,0,1,1,1,0,1,0,1,1,1,1,0,0,1,0.014333
0,0,1,0,1,1,0,1,0,0,0,0,1,0,0,0,0,0,1,0,1,1,1,0,0,0,0,1,1,0,0,1,0.996670
0,1,0,1,0,0,1,1,1,1,1,1,1,0,0,0,1,1,0,1,1,0,1,1,0,0,0,1,0,0,1,1,0.991315
0,1,1,1,1,1,1,0,0,0,1,0,0,1,1,1,0,1,0,1,1,0,1,1,1,1,0,1,1,1,1,0,0.991715
1,1,1,0,1,1,1,0,1,0,0,0,0,0,0,0,0,1,1,1,1,0,1,0,1,0,0,1,1,0,0,1,0.012095
0,0,1,0,0,1,1,0,0,0,1,1,0,1,1,0,1,0,0,1,0,0,0,1,1,0,0,0,0,0,0,0,0.995444
1,0,0,0,0,0,1,1,0,1,0,0,1,1,0,0,1,1,1,0,0,0,0,1,1,1,0,0,1,0,0,0,0.993127
1,0,0,0,1,1,1,0,0,1,1,0,1,0,0,0,1,0,1,0,0,0,0,0,1,1,1,0,1,1,1,1,0.009191
1,0,0,1,1,1,1,0,1,0,1,1,0,0,0,0,0,0,1,1,1,1,0,1,1,1,1,1,1,1,1,0,0.989850
1,1,0,1,1,0,0,1,0,0,0,1,1,0,0,0,1,1,0,0,1,0,0,1,1,0,0,0,0,1,1,0,0.993819
