1,0,0,0,0,1,0,1,0,0,0,1,1,1,0,0,0,1,0,1,0,1,1,1,0,1,1,0,0,0,0,0,0.643702
0,0,0,0,0,0,0,0,1,1,0,1,0,1,1,0,1,1,1,1,0,1,0,1,0,1,1,1,1,1,0,0,0.599984
1,1,0,1,0,0,0,0,1,1,0,1,1,1,1,0,1,1,0,1,0,0,0,0,0,1,0,0,1,1,0,0,0.754662
0,0,1,0,0,0,0,1,1,0,1,0,0,0,0,1,0,0,1,1,1,1,1,1,1,0,1,0,0,0,0,1,0.626519
0,0,1,1,0,1,0,1,0,1,0,0,0,1,0,1,0,1,0,1,1,0,0,0,0,0,1,0,0,0,1,0,0.523711
1,0,1,0,0,1,1,0,0,0,1,1,0,0,0,1,1,0,0,1,1,1,0,1,1,1,0,0,1,0,1,0,0.631793
0,0,1,0,1,1,1,1,1,0,0,1,1,0,1,0,1,0,0,0,1,0,1,1,0,1,0,1,0,0,0,0,0.632832
0,0,0,0,1,1,0,1,0,1,1,0,1,1,0,1,0,0,0,0,0,1,0,0,1,1,0,0,1,1,0,0,0.575394
0,0,1,0,1,0,1,0,0,0,0,1,1,0,1,0,1,0,0,0,1,1,0,0,0,1,1,1,1,1,0,0,0.612159
1,0,1,1,1,0,1,1,0,1,0,0,1,0,0,1,1,0,1,0,1,0,1,0,1,1,0,0,1,1,1,1,0.642503
0,1,1,1,0,1,1,1,0,1,1,0,1,1,1,0,1,1,0,0,0,0,1,0,0,1,0,0,1,1,0,0,0.678229
1,0,1,1,1,1,0,1,1,0,0,0,1,0,0,1,1,0,0,1,0,0,1,0,0,1,1,0,1,1,1,0,0.674766
0,0,0,1,0,0,0,0,0,0,1,0,1,1,1,1,1,1,0,0,0,0,0,0,1,0,1,1,0,1,0,0,0.575980
0,0,0,1,0,0,1,0,0,1,0,1,0,1,1,1,0,1,0,1,1,1,1,1,1,1,1,1,1,0,0,0,0.621324
0,0,0,0,1,0,0,1,1,1,0,1,1,1,1,0,0,0,0,0,0,1,1,1,0,1,0,1,1,0,0,1,0.625853
0,1,1,1,0,1,1,1,1,1,1,1,1,0,0,0,1,1,1,0,0,1,0,0,1,1,0,1,1,1,0,0,0.752158
0,1,1,1,0,0,0,0,1,1,0,1,0,1,1,0,1,0,1,1,0,0,1,0,1,0,0,0,0,1,0,0,0.611013
1,0,1,0,0,0,0,1,1,0,0,0,0,0,0,1,1,1,1,0,0,1,1,1,1,0,0,0,1,0,0,1,0.636136
0,1,0,0,1,0,0,1,1,1,0,1,1,1,1,1,0,0,1,0,1,0,0,0,0,1,1,1,1,1,1,0,0.672794
1,1,1,0,0,0,0,0,0,1,1,1,1,0,1,1,1,1,1,1,1,1,1,0,0,1,0,0,0,0,1,0,0.626225
0,0,0,0,1,0,1,0,1,1,0,1,1,1,1,0,1,0,0,0,0,0,0,1,1,1,0,1,0,0,1,1,0.616528
0,0,1,0,1,1,1,1,0,0,0,1,1,0,0,1,0,1,0,0,1,0,1,0,1,0,1,0,0,0,1,0,0.567935
1,1,0,1,1,0,1,0,1,1,1,1,1,1,1,1,1,0,1,1,0,1,1,0,0,1,0,1,0,1,1,0,0.656756
0,1,0,1,1,0,1,0,0,1,1,0,0,0,0,1,1,0,0,1,0,0,0,0,0,0,1,0,0,1,0,0,0.597666
0,0,0,1,1,0,0,1,1,1,0,0,1,1,1,0,1,0,0,1,1,0,0,1,0,1,1,1,1,1,1,0,0.679801
1,0,0,1,1,0,0,0,0,0,0,1,1,1,0,0,0,1,1,1,1,1,0,0,0,0,0,0,0,0,1,0,0.577046
1,1,0,1,0,0,1,1,1,0,0,1,0,0,1,1,1,1,0,0,0,1,1,0,1,1,0,0,1,1,1,1,0.630621
0,0,0,1,1,1,0,1,0,0,1,0,1,1,1,0,1,1,1,1,1,0,1,1,0,0,0,1,1,0,0,0,0.672235
0,1,1,0,1,1,1,0,0,1,1,0,1,0,1,1,0,0,1,0,1,0,1,1,1,1,1,1,0,0,0,1,0.632753
1,0,1,1,1,1,1,1,1,0,0,1,0,0,1,1,0,0,1,1,0,0,1,0,0,0,0,1,0,0,1,1,0.638081
1,1,0,0,1,0,1,0,1,1,0,0,1,1,0,0,0,0,1,0,1,1,1,1,1,0,0,0,0,0,0,1,0.599584
0,1,0,0,0,1,1,1,1,0,1,1,1,0,1,1,0,1,1,0,0,1,1,0,0,0,1,0,0,1,0,1,0.666374
0,1,0,0,1,0,0,1,0,1,1,0,1,1,1,0,0,0,1,0,0,0,0,1,0,1,1,1,0,0,1,0,0.580936
1,1,1,1,1,0,0,0,1,0,1,1,1,1,1,1,0,1,0,1,1,0,1,0,1,1,1,0,1,1,1,0,0.657422
0,0,0,1,1,0,0,0,0,1,1,0,1,0,0,1,0,0,0,1,0,1,1,1,1,1,1,0,0,1,0,1,0.566603
1,0,0,0,0,1,0,0,1,1,1,0,1,1,1,0,0,1,0,1,1,1,1,0,0,0,1,0,0,1,0,0,0.661045
1,1,1,0,1,1,0,1,1,0,1,1,0,1,1,0,1,1,0,0,1,0,0,1,1,1,0,1,0,0,0,0,0.786925
0,1,1,1,0,0,1,1,1,0,1,1,0,0,1,0,0,1,0,0,0,0,0,0,0,1,0,1,0,0,1,1,0.606484
0,0,1,1,1,0,0,0,1,1,0,0,0,1,1,0,1,1,0,0,1,1,1,0,1,0,1,1,1,1,0,0,0.655717
0,0,0,0,1,1,0,1,0,1,1,0,1,0,1,1,0,0,1,0,1,0,0,0,0,0,1,0,1,0,1,1,0.496963
1,1,1,0,0,0,0,1,0,0,0,1,1,0,0,1,1,1,0,1,0,1,1,0,1,1,0,0,0,1,1,0,0.660646
0,0,1,0,0,0,0,1,1,1,0,1,0,0,0,0,0,0,1,0,1,1,1,0,1,0,1,1,0,1,0,1,0.611280
1,0,1,1,1,1,1,1,1,0,0,0,0,1,1,1,0,1,0,1,0,0,0,0,0,0,1,1,1,1,1,1,0.649670
0,0,1,1,1,0,1,0,0,0,0,1,1,0,1,0,1,0,1,1,1,1,0,1,0,0,1,1,0,1,1,1,0.614530
1,0,1,0,1,1,0,0,1,1,0,1,1,0,0,0,1,1,0,0,1,1,0,1,1,0,0,0,1,0,0,0,0.713502
0,1,1,1,1,0,0,0,0,1,0,0,1,1,0,0,0,0,0,1,0,0,0,0,1,1,1,1,0,1,0,1,0.622736
0,0,0,1,1,1,0,1,0,1,0,0,0,1,1,1,1,0,1,1,0,0,1,1,1,0,0,0,1,1,1,0,0.663789
1,0,0,0,1,1,1,0,0,0,0,0,1,0,1,0,0,0,1,0,1,1,1,1,1,0,0,0,1,1,1,1,0.644395
0,0,0,1,0,1,0,1,1,1,1,0,1,1,1,1,1,1,0,1,1,0,0,0,0,1,1,1,1,1,0,1,0.654252
1,1,0,0,0,0,0,0,1,1,1,1,1,0,1,1,1,0,1,0,0,1,0,0,0,1,0,1,1,0,0,0,0.638054
1,1,0,1,0,1,0,0,0,0,1,0,0,0,0,1,1,1,1,1,1,1,0,1,1,0,1,1,1,1,1,0,0.753810
0,1,0,0,0,1,1,0,0,0,1,0,1,1,0,0,1,0,1,0,0,0,1,1,0,0,0,0,1,1,1,1,0.638374
0,0,0,1,0,0,0,0,0,0,1,1,1,0,0,1,1,1,1,0,0,0,0,0,0,0,0,0,0,1,1,0,0.523844
0,0,0,0,0,1,0,1,1,0,0,1,1,0,1,0,1,1,0,0,0,0,1,0,0,1,0,1,1,0,1,1,0.616954
0,1,0,1,1,1,0,1,1,0,0,0,0,0,1,1,0,0,1,1,1,1,1,0,1,0,0,1,1,1,1,1,0.686594
0,1,1,0,1,1,0,0,0,1,0,1,1,1,1,0,1,1,0,1,0,1,0,0,1,1,0,0,1,0,1,1,0.648977
1,0,1,0,0,0,1,1,1,0,0,1,0,0,0,0,0,1,0,0,0,1,0,1,0,0,0,1,0,1,1,0,0.633685
0,0,0,1,0,0,0,1,1,0,1,1,1,0,1,0,1,1,0,1,0,1,0,1,1,1,0,1,0,1,1,1,0.657635
0,0,0,0,1,0,1,1,1,1,1,0,0,0,1,0,0,1,1,1,1,0,1,0,0,0,1,1,1,0,0,0,0.561221
1,0,1,1,1,1,1,0,1,0,1,0,0,0,0,0,1,1,1,1,1,1,0,0,1,1,1,1,0,1,1,1,0.612372
0,1,0,1,0,0,0,1,1,1,1,0,0,0,1,1,0,1,0,1,1,0,1,1,1,1,0,0,0,1,1,1,0.646499
0,0,1,0,0,1,1,0,0,0,0,1,1,1,1,0,1,0,0,1,1,1,0,0,0,1,0,1,0,0,0,1,0.531703
1,0,0,0,0,1,0,1,0,0,1,1,1,1,1,0,1,1,0,1,1,0,0,1,0,1,1,1,1,0,1,1,0.632326
0,1,0,1,0,1,1,1,0,0,1,1,1,1,0,0,0,0,1,0,0,0,1,1,0,1,1,0,0,0,0,0,0.578325
1,0,1,1,1,1,1,0,1,1,0,0,0,1,0,1,1,0,0,1,1,0,0,0,1,0,1,0,0,1,1,1,0.612745
1,1,1,0,1,1,0,1,1,1,0,1,1,0,0,0,1,1,1,0,0,1,1,1,0,0,1,0,1,1,1,1,0.642343
0,1,1,1,1,1,1,1,0,1,1,0,0,0,0,0,1,0,1,1,1,1,0,0,1,1,0,0,1,1,0,0,0.730072
1,0,1,1,1,1,1,1,1,1,1,0,1,1,0,1,1,1,0,0,0,0,1,0,0,1,1,1,1,1,0,1,0.621830
0,0,0,1,1,0,1,1,1,1,0,0,1,0,0,1,1,1,0,0,0,1,0,0,1,0,0,0,1,0,0,0,0.620684
0,1,0,0,0,1,0,0,0,1,0,0,0,1,1,0,1,0,1,0,0,0,0,0,0,1,1,0,0,0,1,1,0.586131
0,1,1,0,1,1,1,1,1,1,1,1,0,1,0,1,1,1,0,0,1,1,0,0,0,1,0,0,0,1,0,1,0.649536
0,1,1,1,0,0,1,0,1,1,0,1,1,0,1,0,1,0,1,1,1,1,0,0,0,1,1,1,0,1,1,0,0.637548
1,1,1,1,0,1,1,0,0,0,1,1,1,1,1,1,0,0,0,0,0,1,0,1,1,0,1,0,0,1,1,1,0.586743
0,1,1,0,1,0,0,1,1,1,0,1,0,1,1,0,1,1,1,0,1,1,1,1,0,1,0,1,1,0,1,0,0.672288
1,0,1,0,1,1,0,1,1,1,1,1,1,0,1,1,1,1,1,1,1,1,1,1,1,1,1,1,0,0,1,0,0.666427
0,0,0,1,1,1,0,0,0,1,1,0,1,1,0,0,1,0,0,1,1,0,0,1,1,0,0,0,1,1,0,0,0.647778
1,1,0,1,1,1,1,0,0,0,1,1,1,1,0,0,1,1,0,1,0,0,1,0,1,0,1,1,0,0,0,0,0.853181
0,1,0,0,1,1,1,1,0,1,1,0,1,0,0,0,1,0,1,1,0,0,0,1,0,0,0,1,1,1,1,0,0.648950
0,0,1,0,1,1,0,1,0,1,0,1,1,0,0,0,1,1,1,0,0,0,1,1,0,1,1,0,1,0,1,0,0.638507
1,1,0,0,1,1,0,0,0,0,1,1,1,1,0,1,1,1,1,1,0,0,0,0,1,1,0,1,0,1,1,1,0.603527
1,1,1,1,1,1,0,0,0,1,0,1,1,1,1,0,0,1,0,0,0,1,0,1,1,0,1,0,0,1,1,1,0.612266
0,0,0,1,1,0,0,0,1,0,1,0,0,1,0,1,1,0,1,0,1,1,1,0,1,1,0,0,0,1,0,1,0.605659
1,0,1,0,1,0,0,0,0,1,1,0,1,0,0,1,0,1,0,1,0,1,0,0,0,0,1,0,1,0,0,0,0.629902
0,0,0,0,1,0,1,0,1,1,0,1,0,1,0,1,0,1,0,1,1,0,0,1,1,0,1,1,0,0,1,0,0.552563
1,1,1,1,0,1,1,1,1,1,0,1,0,0,1,1,1,1,0,1,0,1,0,0,1,0,0,0,0,0,1,0,0.692429
1,0,1,1,0,1,0,0,0,0,0,1,1,0,0,0,0,1,0,1,0,0,0,0,0,1,1,1,1,1,0,0,0.670716
0,0,0,0,0,1,1,0,1,1,0,1,1,1,1,0,1,0,0,1,1,1,1,0,0,0,1,0,0,1,1,1,0.642184
1,1,1,0,0,0,0,1,1,1,0,1,0,1,0,1,0,0,0,0,0,1,0,0,1,1,0,1,1,0,0,1,0.595295
0,1,1,1,1,0,0,0,1,1,1,0,0,1,1,0,1,0,0,0,1,0,1,1,1,0,0,1,0,1,1,1,0.623508
1,1,1,1,0,0,1,1,1,0,1,0,0,1,1,1,1,1,0,0,1,1,0,0,0,0,0,0,1,1,0,0,0.720961
0,1,1,1,0,1,1,0,0,0,0,0,0,1,1,1,1,1,0,0,0,1,1,1,1,0,1,0,0,0,1,0,0.597720
0,0,1,0,1,0,1,0,0,1,0,0,0,0,0,0,1,0,1,1,0,1,0,0,1,0,1,0,0,1,1,1,0.592258
1,0,0,0,0,1,1,1,1,1,1,1,0,0,0,0,1,1,0,1,1,1,1,0,1,0,0,1,1,1,0,1,0.651614
0,0,1,0,0,1,1,1,0,0,1,1,1,0,0,1,1,0,1,0,0,1,0,0,0,0,0,1,1,1,0,0,0.623375
1,0,0,1,0,1,1,1,1,1,0,0,1,0,0,1,0,1,1,1,0,1,0,0,1,1,0,1,1,1,1,0,0.697064
1,0,0,0,1,0,1,0,0,1,1,0,0,1,1,0,0,1,1,1,0,0,1,0,0,0,1,1,1,1,1,0,0.624414
1,0,1,1,1,0,1,0,0,0,0,0,0,1,1,0,0,0,0,1,0,1,1,1,0,1,0,0,1,1,0,0,0.666214
1,1,1,0,1,1,1,0,0,1,1,0,1,1,1,0,0,0,1,0,1,1,0,0,1,1,0,0,0,1,1,0,0.709879
0,0,0,1,1,1,1,1,0,1,1,1,0,0,0,0,0,0,1,0,1,1,1,1,0,0,1,1,1,1,1,1,0.651481
1,1,1,1,1,1,0,1,1,1,0,1,1,0,0,1,1,0,0,1,1,0,1,1,1,1,1,0,0,1,1,0,0.730286
0,0,0,0,0,1,0,1,1,0,0,1,0,1,0,1,0,1,0,0,1,0,1,1,0,0,0,1,0,1,1,1,0.594709
1,1,0,0,1,1,0,0,0,1,0,1,1,1,0,1,1,0,1,1,0,1,1,0,1,1,1,0,1,0,1,1,0.665921
0,1,1,0,1,0,0,0,0,0,1,0,0,0,0,1,0,0,0,1,1,0,1,1,1,1,1,0,1,1,0,0,0.593244
1,0,0,0,0,0,1,0,0,1,0,0,1,0,1,0,0,1,1,0,0,1,1,0,0,0,1,1,0,1,0,1,0.587969
1,0,1,0,0,0,0,1,1,0,1,1,1,0,0,1,1,0,0,0,1,1,1,0,0,0,1,1,1,1,0,0,0.676817
0,0,0,0,0,0,1,1,0,1,1,0,0,1,0,0,1,1,1,1,1,0,0,1,1,1,0,1,1,1,1,0,0.665388
1,1,0,1,0,1,0,0,1,0,0,1,1,1,1,1,0,1,0,1,1,1,1,0,0,0,1,0,0,1,1,0,0.626572
0,0,0,0,1,1,1,0,0,0,0,1,0,1,1,0,1,1,1,0,0,0,0,0,0,0,0,1,1,1,0,0,0.594603
0,0,1,0,1,1,0,0,1,1,1,0,0,0,1,1,1,0,0,1,1,1,1,0,1,0,1,0,0,1,0,0,0.579710
1,0,1,0,0,1,0,0,0,0,1,0,1,1,0,1,1,1,0,1,1,1,1,1,1,1,1,1,1,0,1,0,0.666640
0,0,0,1,1,1,0,1,0,0,1,1,0,1,1,0,0,1,1,0,1,1,1,0,1,0,1,0,0,0,1,0,0.595082
0,0,1,1,1,1,1,1,1,1,0,1,1,1,1,1,0,1,0,0,0,0,0,0,1,1,0,0,0,1,0,0,0.621723
0,0,0,1,1,1,1,1,0,1,0,0,1,1,0,0,1,0,0,1,0,0,1,1,0,0,0,1,1,0,0,1,0.624068
1,1,1,1,1,0,1,1,0,1,1,0,1,0,0,0,0,0,1,0,1,0,0,1,0,0,1,0,1,1,1,1,0.637841
1,1,1,1,0,0,1,0,0,0,0,1,1,0,1,1,1,0,0,1,0,1,1,0,0,1,1,1,0,1,0,0,0.662084
0,0,0,0,1,0,1,0,0,1,0,1,0,0,1,0,0,1,1,0,1,0,0,1,1,1,0,0,1,1,1,1,0.659847
0,1,1,1,0,0,1,1,0,0,0,1,0,0,1,0,0,1,1,1,0,0,0,0,1,1,1,1,1,1,0,1,0.622043
0,0,1,0,0,0,0,1,1,1,1,0,0,1,0,1,0,0,1,1,1,1,0,1,1,0,1,1,1,1,1,0,0.647112
1,0,1,1,1,1,0,1,1,1,0,1,0,1,1,0,1,0,1,1,1,0,1,0,0,0,0,0,1,0,1,1,0.616342
1,1,1,1,0,1,0,0,1,0,0,1,0,1,1,0,0,1,0,1,0,0,1,0,1,0,1,1,0,0,0,1,0.605632
0,1,1,0,0,1,0,0,0,0,0,1,0,1,0,0,1,0,1,0,1,0,1,1,0,1,1,0,1,1,0,1,0.622789
1,1,0,1,0,1,1,1,0,0,1,1,0,0,0,0,0,1,1,1,1,0,1,1,1,1,0,0,1,1,0,0,0.847986
1,1,0,1,0,0,1,1,0,0,0,0,1,0,0,1,0,0,0,1,1,1,1,0,0,0,1,1,0,1,1,1,0.637255
1,0,0,1,0,1,1,0,0,1,0,1,1,0,1,1,0,1,1,1,0,1,0,0,1,1,0,0,1,0,0,1,0.612425
1,1,0,1,1,1,1,1,0,0,1,0,0,0,0,0,1,1,1,1,0,0,1,0,0,0,1,1,0,1,1,0,0.708840
1,0,0,0,1,1,1,0,0,0,0,1,1,0,1,0,0,1,1,1,1,1,1,1,0,0,0,0,0,1,1,1,0.620311
1,1,1,0,0,0,1,0,1,1,0,1,1,0,1,0,0,1,0,1,0,1,1,0,0,0,0,0,0,1,1,1,0.592764
0,0,1,0,1,1,0,0,0,1,1,1,1,1,0,1,0,1,0,0,1,0,0,1,0,0,0,0,0,0,1,0,0.504476
