1,0,1,1,0,0,1,0,0,1,1,1,1,1,1,1,1,1,1,0,1,0,0,0,1,1,1,0,1,1,0,0,0.802866
0,0,0,1,1,0,1,0,1,1,1,1,1,0,1,0,1,1,1,1,0,1,0,1,1,0,0,1,1,0,0,1,0.645383
1,0,1,1,0,0,1,1,1,1,1,1,0,0,1,0,1,1,1,0,0,1,0,1,0,1,0,1,0,0,1,1,0.600296
1,1,1,0,0,1,1,0,1,1,0,1,0,1,0,0,0,0,1,0,1,1,1,1,1,1,1,1,1,1,1,1,0.608787
1,0,1,0,0,0,0,1,0,0,1,0,1,1,0,0,0,1,1,0,1,0,0,0,1,1,1,1,1,1,1,0,0.852087
0,1,1,0,1,1,1,0,0,1,1,0,1,1,0,1,1,0,0,1,0,0,1,0,0,0,0,0,1,0,1,1,0.596814
0,0,1,1,1,1,1,1,0,1,1,1,1,1,0,1,0,1,0,0,0,1,0,1,0,0,1,1,1,0,1,0,0.570212
0,0,1,0,1,1,1,0,1,0,1,0,0,1,0,0,1,0,1,0,0,0,1,0,0,0,0,0,0,1,1,0,0.655804
1,0,0,1,1,0,1,0,1,0,0,1,0,0,0,0,0,0,1,0,1,0,1,0,0,1,0,0,0,1,1,0,0.594985
1,1,1,0,0,0,0,0,1,0,1,0,0,0,0,1,0,1,0,0,0,0,1,0,0,0,0,1,1,1,0,0,0.595261
0,0,1,1,1,1,1,1,0,0,0,1,0,0,1,0,0,0,1,0,1,0,0,1,0,1,1,1,1,0,0,1,0.594935
1,1,0,1,1,0,1,0,1,0,0,0,1,1,1,0,1,1,0,1,0,1,0,0,1,1,1,0,1,0,1,1,0.578553
0,0,0,0,0,0,1,1,0,0,0,0,1,0,0,1,1,1,1,1,1,1,0,1,0,1,0,0,1,0,1,1,0.557988
0,1,1,1,1,0,1,0,0,0,0,1,0,0,1,1,0,1,0,1,1,1,1,1,1,1,1,1,0,0,0,0,0.686839
1,0,0,0,1,0,0,1,0,1,1,1,0,1,0,1,0,0,1,0,0,0,1,0,1,1,1,0,1,0,1,0,0.598492
0,1,0,1,1,0,1,0,0,0,0,0,0,1,0,1,0,1,0,0,0,0,0,1,0,0,1,1,1,1,0,1,0.590752
0,0,0,0,1,0,1,0,1,1,0,1,1,1,1,0,0,0,0,1,1,0,1,0,0,0,1,0,0,0,1,0,0.553204
0,0,1,1,1,1,0,1,0,1,0,1,0,1,1,0,1,0,1,1,1,0,0,1,1,0,0,0,1,1,0,0,0.748384
0,0,0,0,1,1,0,0,1,1,1,0,0,0,0,0,1,1,1,1,0,0,1,1,0,0,1,0,0,0,1,0,0.636166
1,0,0,1,0,0,1,0,0,0,1,0,0,1,1,1,1,0,1,0,1,0,1,1,0,1,1,0,1,1,1,1,0.575046
0,1,1,0,0,1,0,0,1,0,0,0,1,1,0,0,1,1,0,1,1,1,1,1,1,0,0,0,0,0,0,0,0.576800
1,1,1,0,0,0,1,1,1,1,1,0,1,1,0,1,0,1,1,1,0,1,1,1,1,0,0,0,0,1,0,1,0.575923
1,1,0,1,0,0,0,1,0,0,0,1,1,0,0,0,0,0,1,1,1,0,0,1,1,0,1,1,0,0,0,0,0.598166
0,0,0,0,1,0,1,0,1,0,1,0,0,1,0,0,0,0,0,0,0,1,0,1,1,0,0,1,0,1,1,1,0.587370
0,1,0,1,0,1,1,1,1,1,0,1,0,1,0,0,0,0,1,0,0,0,0,0,0,1,1,0,0,1,0,0,0.588347
0,0,0,0,1,0,1,1,0,1,1,0,1,0,0,1,0,0,0,0,0,1,1,0,1,1,0,0,0,1,0,0,0.575272
1,1,0,0,1,0,1,1,1,0,1,0,1,0,0,0,0,1,1,0,1,1,0,0,0,1,0,1,0,0,1,0,0.636065
1,1,0,1,0,0,1,0,1,1,1,0,1,1,0,1,0,1,0,0,1,1,0,1,1,0,1,0,1,0,1,1,0.608837
1,0,1,0,1,1,0,0,0,1,1,0,0,0,0,1,0,1,0,1,1,0,1,0,1,0,0,1,1,1,1,1,0.658785
1,1,1,1,0,0,1,1,0,0,0,0,0,0,0,0,1,1,0,0,0,1,0,1,1,0,0,0,0,1,0,0,0.731076
1,0,1,0,0,0,0,1,0,0,0,1,1,1,0,1,0,0,0,0,0,0,1,1,1,1,1,0,1,0,1,1,0.816793
1,1,0,0,0,0,0,1,0,0,1,0,0,1,1,1,0,1,1,1,0,1,1,1,0,0,1,0,1,0,0,0,0.689444
0,1,0,1,0,1,1,0,1,0,1,0,0,0,1,0,0,0,0,0,0,0,1,0,0,0,0,0,0,0,1,1,0.641125
0,0,0,0,1,1,0,0,0,0,0,1,1,1,0,0,0,0,0,1,1,0,1,0,1,1,0,1,0,0,0,1,0.633936
0,1,0,1,1,0,1,0,1,0,0,0,1,1,0,0,1,1,0,1,0,0,1,1,1,1,0,0,0,1,0,1,0.603377
1,1,1,1,1,1,0,1,1,1,0,1,1,0,0,0,0,1,0,0,1,1,1,1,1,0,1,1,0,0,1,0,0.603652
1,0,0,0,1,1,1,1,1,1,1,1,0,1,0,1,0,1,0,0,0,1,0,1,1,1,1,0,1,1,0,0,0.594735
1,1,1,1,1,0,1,0,1,0,1,0,1,0,0,1,1,0,0,0,0,0,0,1,1,0,1,1,1,0,1,0,0.592205
1,0,0,1,1,1,0,1,0,1,0,0,0,0,1,1,1,1,1,0,0,1,1,1,0,1,1,1,1,1,1,1,0.589349
1,1,0,1,0,0,1,0,0,1,1,1,1,0,0,1,0,0,1,0,1,0,1,1,0,1,1,0,1,0,1,0,0.626096
1,0,1,0,1,0,0,0,0,0,0,1,0,1,0,1,1,0,0,1,0,1,1,0,1,0,0,1,0,1,1,0,0.677145
1,1,0,0,0,1,1,1,1,0,1,0,0,0,1,1,0,1,0,1,1,0,0,1,0,1,1,1,1,0,0,0,0.682180
0,1,1,1,0,1,1,1,1,1,0,1,1,0,0,1,1,0,0,1,1,1,1,1,0,1,1,1,1,1,0,1,0.599669
0,1,0,0,0,0,0,0,0,0,0,1,0,1,0,1,0,0,0,1,0,1,0,1,0,1,0,0,1,1,0,1,0.677722
0,0,1,0,0,1,1,1,1,1,1,1,0,1,0,0,1,1,1,1,1,1,1,1,1,0,1,0,0,0,0,1,0.802164
1,1,0,1,0,1,1,0,0,1,1,1,1,1,0,0,1,1,1,0,1,0,1,1,0,0,1,0,0,0,1,0,0.600696
1,0,0,1,1,1,0,0,0,1,0,1,0,0,1,1,1,0,1,0,1,0,0,1,1,1,0,1,0,1,0,0,0.618982
1,1,1,1,1,1,1,1,1,1,1,0,0,1,0,1,0,0,0,1,1,0,1,1,0,1,1,0,1,1,1,1,0.594760
1,1,0,1,0,0,1,0,0,0,1,1,0,1,1,1,1,1,1,1,0,1,0,1,0,1,0,1,1,1,1,1,0.592105
1,0,0,0,0,0,0,1,1,0,0,0,0,1,0,0,1,1,0,1,1,0,0,1,1,1,1,1,1,0,1,1,0.723461
0,1,1,1,1,0,0,0,0,0,0,1,1,1,1,0,0,0,0,0,1,1,0,1,0,0,1,1,1,1,1,1,0.547643
1,0,0,1,0,0,0,1,0,1,0,1,1,0,0,1,1,1,1,1,0,1,0,0,1,1,0,0,0,1,0,1,0.662517
0,1,0,1,1,0,0,1,1,0,0,1,1,0,0,0,1,0,0,0,1,1,1,0,1,1,1,1,1,1,0,0,0.804444
0,1,0,1,1,1,0,1,1,1,1,0,0,1,1,0,0,1,1,1,0,1,0,1,0,0,1,1,1,1,1,0,0.632584
1,1,0,1,0,1,1,0,0,0,0,1,0,1,1,1,0,0,1,0,0,1,1,1,1,0,1,1,1,0,1,1,0.608637
1,1,1,0,0,1,1,0,0,0,0,0,1,1,0,0,0,0,1,0,0,1,0,0,1,1,0,0,0,1,0,0,0.646561
1,1,0,1,1,1,1,1,1,0,1,0,0,1,0,1,0,1,1,0,1,0,1,1,0,0,0,1,1,0,1,1,0.665848
1,0,1,1,0,1,0,1,0,0,0,0,0,1,1,0,1,1,1,0,1,0,1,1,1,0,1,0,1,0,1,0,0.594484
1,1,1,0,0,1,0,1,1,1,1,0,0,0,1,1,0,0,1,1,0,1,0,1,1,1,0,0,0,1,0,1,0.688543
1,0,1,1,0,1,1,1,0,0,0,0,0,1,0,1,0,0,0,0,0,0,0,0,1,1,1,0,1,1,0,1,0.590326
0,0,0,1,1,0,0,1,1,0,1,0,1,0,1,1,0,1,0,1,1,0,1,0,1,0,0,0,1,1,0,0,0.588923
0,0,1,1,0,1,0,1,1,1,1,0,0,1,1,0,0,0,1,0,0,1,1,0,1,0,0,1,0,1,1,1,0.589800
1,0,1,0,1,0,0,1,0,0,0,1,1,0,1,1,1,1,0,1,1,1,0,1,0,1,0,1,1,0,1,0,0.647838
1,0,1,1,0,1,1,0,0,1,1,1,0,0,1,0,0,1,0,0,1,1,1,0,0,0,0,1,0,1,1,0,0.724513
0,0,1,1,0,0,0,0,1,0,0,1,1,0,1,0,0,0,0,1,0,1,0,0,0,0,0,1,0,1,1,1,0.570938
1,1,0,0,0,1,1,0,0,0,1,0,0,1,0,0,1,1,1,0,1,0,0,1,0,0,1,1,0,1,0,1,0.669105
1,0,1,1,1,1,1,0,1,1,1,1,0,1,1,1,1,1,0,1,0,0,1,1,0,0,0,0,1,1,1,1,0.779445
0,0,0,1,1,1,0,1,1,1,1,0,1,0,1,0,0,1,1,1,1,0,0,1,1,1,1,0,1,0,1,0,0.744827
0,1,0,0,0,1,1,0,1,0,1,0,0,0,1,0,1,0,0,1,0,0,0,0,0,1,0,1,1,0,0,1,0.613922
0,0,1,0,0,0,0,0,1,1,0,0,1,1,0,0,0,1,0,0,0,1,0,1,0,1,0,1,0,0,1,1,0.835379
1,0,0,0,1,1,1,0,1,0,1,0,0,1,0,0,0,1,0,1,0,0,0,1,0,0,1,0,0,1,1,0,0.810080
0,1,0,0,0,1,1,0,0,0,0,0,0,1,0,0,1,0,1,0,0,1,0,1,1,1,0,0,1,0,0,1,0.568659
0,1,1,1,0,0,0,0,0,0,0,0,1,1,0,1,1,1,0,0,1,1,0,0,1,0,1,0,1,1,0,0,0.835930
1,0,0,1,0,1,1,0,1,1,0,1,0,0,0,1,1,1,0,0,0,1,0,1,0,0,1,1,1,0,0,1,0.737188
0,1,1,0,1,0,1,1,1,0,1,0,1,0,1,1,1,1,0,0,0,0,0,1,0,1,0,0,0,0,1,1,0.594935
0,1,1,1,1,1,1,0,0,0,1,1,1,1,0,0,0,0,0,0,0,1,0,1,0,1,1,1,1,1,0,1,0.662567
0,1,1,1,0,0,0,1,1,1,1,1,1,0,0,1,1,0,1,1,1,1,0,1,1,0,1,1,0,0,1,0,0.601423
1,0,1,0,0,1,0,1,1,0,0,1,1,0,0,1,1,1,0,1,1,1,0,1,1,1,0,1,0,0,1,1,0.675818
1,1,0,0,0,1,0,1,0,0,1,0,1,1,0,1,1,1,1,0,1,0,0,1,0,1,0,0,0,1,1,0,0.778318
0,0,0,0,0,1,0,0,0,0,1,1,0,0,1,0,1,0,0,1,0,1,1,0,0,1,1,0,1,0,1,0,0.650669
1,1,0,1,0,1,1,0,1,1,0,1,0,1,1,0,0,0,1,1,0,0,0,0,0,0,1,0,1,1,0,0,0.793472
0,0,0,1,1,0,0,0,1,1,1,0,0,1,1,0,0,0,0,0,0,0,1,0,0,0,1,0,1,0,0,1,0.566204
0,1,1,0,0,0,0,1,0,0,1,0,1,0,1,1,1,1,0,0,0,0,1,1,0,1,1,1,1,1,0,1,0.794249
0,1,0,1,1,0,0,0,1,1,0,0,0,1,0,1,0,0,1,1,0,1,1,1,1,1,0,0,0,1,0,1,0.698111
0,0,1,0,0,1,1,0,0,1,0,0,0,1,0,0,1,1,1,1,1,1,0,0,1,0,0,0,0,1,1,1,0.791443
0,0,0,0,1,1,0,0,1,1,1,1,1,1,1,0,1,1,1,0,1,1,0,1,0,0,0,1,1,0,1,1,0.637543
1,1,0,0,0,1,0,1,0,0,0,0,1,0,0,0,1,1,1,0,0,0,1,1,0,0,0,0,1,0,0,0,0.622614
1,0,0,0,0,0,1,1,0,0,0,1,0,0,1,1,1,0,1,1,0,1,0,1,0,1,1,0,0,0,0,0,0.773333
1,0,1,1,0,1,1,1,1,1,1,0,1,1,0,0,1,1,0,0,1,0,0,1,0,0,1,1,0,0,1,0,0.595662
1,0,1,0,0,0,0,1,0,0,1,0,1,0,1,1,0,1,0,1,1,0,0,0,1,0,0,0,1,1,0,1,0.586243
1,0,1,0,1,0,1,0,0,1,0,0,0,0,1,1,0,0,0,1,0,1,1,1,1,1,1,0,0,1,0,1,0.613747
0,0,0,1,0,0,0,0,1,0,1,1,0,0,0,1,0,0,0,0,0,1,1,0,1,0,1,1,1,0,0,0,0.557888
0,0,1,1,0,1,0,0,1,0,0,0,0,1,0,0,1,0,0,1,1,1,0,0,0,0,1,0,0,1,1,1,0.623641
1,1,0,1,1,1,1,0,0,1,1,1,1,1,0,0,0,0,0,0,1,0,1,1,1,0,1,1,1,0,1,1,0.599344
1,1,0,1,1,1,0,1,1,1,0,0,0,0,0,1,1,1,1,1,1,0,1,0,1,1,0,1,0,1,0,1,0.741346
1,0,1,0,0,0,0,0,0,0,1,0,0,1,1,0,1,1,1,1,1,0,1,1,0,0,0,0,0,1,0,0,0.738565
1,1,0,0,1,1,0,0,0,1,1,1,0,1,1,0,1,0,1,0,0,0,0,1,1,1,1,1,0,1,1,1,0.616703
0,1,1,1,0,1,1,1,1,0,1,1,0,0,1,0,0,1,1,1,1,1,1,0,1,1,1,1,0,1,1,1,0.666500
0,0,1,1,0,0,1,1,1,0,0,1,0,1,0,0,0,0,1,1,0,0,0,1,1,0,0,0,0,0,0,0,0.845123
1,1,0,0,0,1,1,0,0,1,0,1,0,1,1,1,0,1,1,0,1,0,1,0,0,1,1,1,1,1,0,1,0.602450
0,0,1,0,0,1,0,1,1,0,1,0,0,0,1,1,0,1,0,0,1,0,0,0,0,1,0,0,0,1,0,0,0.643805
1,1,0,1,0,1,0,1,0,0,1,0,1,1,1,0,1,1,0,0,0,1,0,1,1,1,1,0,0,1,0,1,0.779946
1,1,0,0,1,1,1,1,0,1,0,1,0,1,1,0,1,1,1,1,0,1,0,0,0,0,1,1,0,1,1,0,0.854817
1,1,0,0,0,0,0,0,1,1,1,0,0,0,1,1,1,0,1,0,0,1,0,0,1,1,1,0,1,1,0,1,0.691448
0,0,0,1,1,0,1,0,0,1,1,0,0,1,1,1,0,1,1,0,0,1,0,0,0,0,0,0,1,0,0,1,0.604679
1,1,1,0,1,1,0,1,1,0,0,0,0,1,0,0,1,0,1,0,0,0,0,1,0,0,1,0,1,1,0,0,0.578929
1,1,0,1,1,1,0,0,1,1,1,0,0,0,1,1,1,1,0,1,0,1,0,0,0,1,1,1,1,1,0,0,0.676845
1,1,1,1,0,1,0,0,1,0,1,1,1,0,1,0,1,1,1,0,0,0,0,1,1,0,0,1,1,1,1,0,0.651145
1,1,1,1,1,0,0,0,0,1,0,0,0,0,1,1,0,0,0,0,0,1,0,0,0,1,0,1,0,1,0,0,0.725114
0,0,1,0,1,1,0,0,0,0,1,1,1,1,1,0,1,0,0,0,1,1,0,1,0,1,1,1,1,1,0,0,0.809929
1,1,1,1,1,0,1,1,0,0,0,1,1,0,1,1,0,0,1,0,1,1,1,1,0,0,1,1,1,1,1,1,0.514428
1,1,0,0,1,1,1,1,0,1,0,0,0,1,0,0,1,0,1,1,0,0,1,0,0,1,0,0,1,0,1,0,0.611718
1,1,0,1,1,0,0,0,0,0,0,1,1,0,0,1,0,1,1,1,0,1,1,1,0,0,1,1,0,1,1,1,0.608862
0,0,1,1,1,0,0,1,0,1,0,0,1,0,0,1,1,0,1,1,1,1,1,1,1,0,1,0,1,0,0,1,0.600195
0,1,1,1,1,1,0,1,0,1,0,0,1,0,0,1,0,0,1,1,1,1,0,1,1,0,0,0,0,1,0,1,0.577977
1,0,0,1,1,0,1,0,1,0,0,1,0,1,0,0,1,1,0,0,0,1,1,1,0,0,0,1,0,0,0,0,0.653299
0,0,1,1,1,1,1,0,1,1,1,1,0,1,1,0,1,1,1,0,0,0,0,0,1,0,0,0,1,0,1,0,0.615024
1,0,0,0,0,1,1,0,0,0,0,1,0,1,0,0,1,0,0,0,1,1,1,0,1,1,1,1,1,0,1,0,0.589099
1,0,1,1,0,1,0,1,1,1,1,0,1,1,0,0,1,0,1,1,1,0,1,0,0,1,1,1,0,1,1,1,0.756976
0,1,1,0,1,0,0,0,0,1,1,1,0,0,0,0,1,1,1,0,0,1,1,1,0,1,1,0,1,1,1,0,0.644557
0,0,1,0,0,0,0,1,0,1,0,0,0,0,0,1,0,1,1,1,0,0,1,0,1,1,0,0,1,1,1,0,0.693577
1,0,1,1,1,0,1,1,1,1,0,0,0,1,1,1,1,1,1,0,0,1,1,0,0,0,1,1,0,1,1,0,0.629177
1,0,0,1,1,0,0,1,0,0,1,1,0,1,1,0,1,1,1,0,0,1,1,1,0,0,0,0,0,1,0,0,0.596663
1,0,0,1,0,0,1,1,0,1,0,1,1,0,0,0,0,0,0,0,0,1,0,1,1,1,1,1,0,1,1,0,0.659236
0,0,1,1,1,0,0,1,1,0,1,1,0,0,0,0,0,0,1,1,0,0,0,0,0,0,1,0,0,1,0,0,0.653574
1,1,0,1,0,1,0,1,0,0,0,1,0,0,0,1,0,0,1,1,0,0,0,1,0,1,0,0,0,0,0,1,0.719979
1,0,0,1,1,1,0,0,1,0,1,1,1,0,0,0,0,1,0,1,1,0,1,1,1,1,0,1,0,0,0,0,0.677922
1,0,1,1,1,1,1,1,1,0,1,1,1,1,0,1,1,1,0,0,0,0,1,0,1,1,1,0,1,0,0,0,0.585166
1,0,0,0,0,0,1,1,1,1,0,0,0,0,0,0,0,1,0,0,0,1,0,1,1,0,0,1,0,0,1,1,0.792245
1,1,1,1,0,0,0,0,0,1,0,1,1,1,0,0,0,0,1,1,1,1,1,0,0,0,0,1,1,0,0,0,0.599845
0,1,1,1,1,1,1,1,1,0,0,0,0,0,1,1,1,1,1,0,1,0,0,1,1,1,1,1,1,0,0,1,0.603151
0,0,1,0,0,0,0,0,1,0,0,0,1,1,0,0,1,0,0,0,0,1,1,0,0,0,1,0,0,0,0,0,0.603051
1,0,0,1,0,0,1,0,0,1,1,1,1,0,0,1,1,0,1,1,1,0,0,0,1,0,0,1,1,1,0,1,0.694980
0,0,0,1,0,0,1,1,0,1,1,0,0,1,0,0,1,0,1,1,1,0,1,0,0,1,0,1,1,0,1,1,0.651546
0,0,0,1,0,0,0,0,1,1,0,0,1,0,0,1,1,1,0,0,1,1,1,1,1,0,1,0,1,0,0,0,0.715721
1,0,1,0,1,0,1,0,0,0,1,0,0,0,1,1,1,0,1,0,1,0,1,1,0,0,1,1,1,1,1,1,0.809203
0,0,0,0,0,1,0,1,0,0,0,1,1,1,1,0,1,1,0,0,1,0,1,0,0,0,0,1,1,0,0,0,0.626622
0,1,1,0,1,0,0,0,1,1,0,1,1,1,1,0,1,0,1,1,0,0,1,1,1,0,1,0,1,1,0,1,0.590026
0,1,1,1,0,0,1,1,1,1,1,0,0,0,1,0,0,0,1,1,0,1,0,1,0,1,0,1,1,0,0,0,0.662742
0,1,1,1,1,1,1,0,1,0,1,0,1,1,1,0,1,0,1,1,1,0,0,0,0,0,1,1,0,0,1,1,0.597941
1,0,1,1,0,0,1,1,1,0,0,1,1,0,1,1,1,1,1,0,1,1,0,0,0,1,0,1,0,0,1,0,0.599644
1,1,0,0,1,0,1,1,0,1,0,0,1,0,0,0,0,0,0,0,0,1,1,1,1,1,1,1,1,1,0,1,0.652748
0,0,0,0,0,1,1,1,0,1,1,0,1,0,0,0,0,0,1,1,0,1,1,1,1,0,0,1,0,1,1,0,0.636241
0,0,1,0,1,0,0,0,0,0,1,0,0,1,0,0,0,1,1,0,0,0,1,0,0,1,1,1,1,1,1,0,0.671860
1,0,1,1,0,0,1,1,1,0,1,0,0,1,1,1,1,1,0,0,0,0,0,1,1,0,1,1,1,0,0,0,0.649892
1,0,0,1,1,0,1,0,1,1,0,0,1,1,0,0,0,0,1,0,0,1,0,1,0,1,1,1,1,1,1,1,0.657106
1,0,1,0,0,1,1,0,1,1,0,0,0,0,0,1,0,1,1,0,0,1,0,0,0,0,0,1,0,1,1,1,0.676845
1,0,0,0,1,1,0,0,1,1,0,1,1,1,1,1,1,1,0,1,0,1,1,1,1,0,0,0,1,0,0,0,0.582912
0,0,0,0,0,0,0,1,1,0,0,0,0,1,1,1,1,0,1,1,0,1,0,0,1,0,0,0,0,1,1,1,0.661941
0,0,0,0,0,0,0,0,1,0,0,0,1,1,1,1,1,1,1,1,0,0,1,1,0,1,1,0,1,0,0,1,0.716522
1,0,1,1,1,0,0,1,0,1,1,0,0,0,0,0,0,0,0,1,1,0,0,0,0,0,0,1,1,1,1,0,0.740018
1,1,0,1,1,0,0,1,0,1,1,0,1,1,0,0,0,0,1,0,0,1,1,0,1,0,0,1,1,0,1,1,0.599193
1,1,0,1,0,0,1,0,1,1,1,0,1,1,0,1,0,0,0,0,0,1,1,1,1,0,0,1,0,1,0,0,0.607935
1,1,0,0,0,1,0,0,1,1,0,1,1,1,0,0,1,0,1,1,1,1,0,1,0,1,0,0,0,1,1,1,0.616177
0,0,0,1,1,0,1,0,0,1,1,1,0,1,1,0,0,0,1,0,0,0,0,1,1,0,0,1,1,1,0,0,0.590702
0,1,0,0,1,0,0,1,0,0,1,0,0,1,1,1,0,0,0,0,0,0,1,1,1,1,0,0,0,1,0,1,0.575472
0,0,0,1,0,0,0,0,0,1,0,0,0,0,1,0,1,1,0,1,1,0,0,1,1,0,1,1,1,1,0,0,0.682381
0,0,1,0,0,0,0,0,1,0,1,0,0,1,0,1,0,0,1,0,0,0,0,0,0,1,0,0,0,1,1,0,0.589700
0,0,0,0,1,1,1,1,0,0,0,0,1,1,1,1,1,1,0,1,0,1,0,0,1,1,1,0,0,1,1,1,0.582461
0,1,1,1,0,0,1,1,1,0,1,1,1,0,1,0,0,1,0,0,0,0,0,1,1,0,0,0,0,1,1,0,0.604228
0,0,1,1,1,0,0,1,1,0,0,0,0,1,1,0,0,1,1,1,0,0,1,1,0,0,1,0,0,1,1,0,0.644757
0,1,0,0,0,0,1,1,1,0,0,1,1,1,1,0,0,1,1,0,1,0,1,1,1,1,0,0,0,0,0,1,0.604679
0,0,0,1,0,1,1,0,1,1,1,0,1,1,0,1,1,0,1,0,0,0,0,1,1,1,1,0,1,0,0,0,0.633435
0,1,1,1,1,0,0,0,1,0,1,0,0,1,1,1,0,0,0,0,0,0,0,0,1,1,0,1,0,1,0,1,0.629152
1,1,1,0,1,0,1,1,0,1,0,1,0,0,1,1,1,1,0,1,0,1,1,0,0,1,1,1,1,0,1,1,0.611016
0,1,0,1,1,0,0,1,1,0,0,0,0,0,0,1,0,0,0,1,1,1,1,1,1,0,1,0,1,0,0,1,0.762938
0,0,1,0,0,1,1,0,0,0,1,1,1,1,1,0,0,1,1,0,0,1,0,0,0,1,0,1,0,1,1,0,0.654526
1,0,1,1,1,0,0,1,1,0,1,0,0,1,1,1,1,1,1,1,0,1,1,1,1,0,1,0,0,1,0,0,0.633711
0,0,1,1,1,0,1,0,0,0,0,0,1,0,0,1,1,1,0,1,1,1,1,1,1,0,0,1,0,0,0,1,0.717424
0,1,1,1,1,0,1,1,1,1,1,0,1,0,1,0,0,0,1,1,1,0,1,1,1,1,1,0,0,1,0,1,0.589525
1,0,0,0,1,1,1,0,0,1,1,0,0,0,1,1,0,1,1,1,1,1,0,1,1,1,1,1,1,1,0,0,0.628977
1,0,0,0,0,1,0,1,0,0,0,0,1,1,1,0,0,0,0,0,1,0,1,1,0,0,0,1,1,0,0,0,0.564801
1,1,1,1,0,1,1,0,1,0,1,1,0,1,1,1,0,1,0,1,1,1,0,1,1,0,1,1,1,0,1,1,0.782676
1,0,0,1,1,0,0,0,0,0,0,0,0,0,0,1,0,0,1,1,1,1,1,1,0,1,1,1,1,1,0,0,0.704849
1,1,0,1,0,1,0,0,0,0,0,1,1,0,1,0,0,0,0,1,0,0,0,0,1,0,0,0,0,0,0,1,0.585892
0,0,1,0,0,0,0,0,1,0,1,1,1,0,1,1,0,0,0,0,0,0,1,0,0,0,0,0,0,1,0,1,0.563449
1,1,1,0,0,1,0,1,0,0,1,1,1,0,0,0,0,1,1,0,1,1,1,0,0,0,0,0,0,0,1,0,0.744176
0,1,1,1,1,1,1,1,0,1,1,0,1,1,1,1,1,0,0,1,1,1,1,0,1,0,1,0,1,0,0,0,0.691624
0,0,1,0,1,0,1,1,1,1,1,0,0,0,1,0,1,1,1,1,0,0,0,0,0,1,0,0,0,1,1,0,0.701643
1,0,1,0,0,1,0,0,1,1,0,1,0,0,1,1,1,0,0,1,0,0,1,1,0,0,1,0,0,0,0,0,0.616678
1,0,0,1,1,1,1,0,1,0,0,0,0,0,0,0,1,1,0,0,1,0,1,1,0,0,1,0,1,0,0,0,0.616502
0,0,0,0,1,1,0,0,1,0,1,0,1,1,0,1,0,0,1,0,1,1,0,0,0,0,1,0,1,1,0,1,0.827288
1,1,1,0,0,1,0,1,1,1,1,1,0,0,1,1,1,1,0,1,0,1,1,1,1,0,0,1,1,1,1,0,0.642152
1,1,1,1,0,0,0,0,1,0,1,1,0,1,1,0,0,0,0,0,1,0,1,1,1,0,1,1,1,1,0,0,0.592681
0,0,0,1,1,1,0,1,0,1,0,0,1,0,1,1,0,0,1,0,0,0,0,0,1,1,0,1,1,1,0,1,0.833826
0,0,0,1,0,1,1,0,0,0,1,1,0,0,0,1,1,1,1,0,1,1,0,1,1,1,0,0,0,1,0,1,0.592280
1,1,0,1,0,1,0,1,1,0,0,1,0,1,0,0,1,0,0,0,1,1,1,1,0,1,0,0,0,1,0,1,0.631206
1,1,0,1,0,1,0,0,1,0,1,0,0,0,0,0,1,1,0,1,1,1,0,1,0,1,1,0,1,0,1,1,0.717349
0,1,1,1,0,1,1,0,1,0,1,0,0,1,1,1,1,0,0,0,0,0,0,0,1,1,0,0,1,1,0,1,0.590001
1,0,0,1,0,1,1,0,1,0,1,1,0,1,1,1,1,0,1,1,1,0,1,1,1,0,0,1,0,1,0,0,0.833801
1,0,0,0,1,0,1,1,1,1,1,1,1,0,1,0,0,1,0,1,0,0,0,1,1,1,1,1,1,0,1,0,0.591128
0,0,0,1,1,0,0,1,1,1,1,0,0,0,0,1,1,0,0,0,1,0,1,1,0,1,1,0,0,1,1,0,0.678022
1,1,0,1,0,1,1,1,0,0,1,1,0,1,1,0,0,0,0,0,1,1,0,0,0,0,1,1,1,0,0,0,0.620911
0,1,1,0,0,0,1,0,0,0,1,0,0,1,1,0,0,0,1,1,1,0,0,1,1,1,1,1,1,0,1,1,0.635589
0,1,0,0,1,1,1,0,0,0,1,1,0,1,0,1,1,1,0,1,0,0,0,1,1,1,1,0,1,1,1,0,0.619408
1,0,0,1,1,1,1,0,0,0,1,1,0,1,0,1,1,0,0,0,0,1,1,0,1,1,0,0,1,0,1,0,0.587721
1,0,0,0,1,1,1,0,1,1,0,0,1,0,1,0,0,1,0,1,1,0,0,0,1,0,1,1,0,1,0,1,0.636266
1,0,1,0,0,0,1,0,0,1,1,0,1,1,0,1,1,1,0,1,1,0,0,0,0,0,1,0,1,0,0,1,0.610816
1,1,1,0,0,1,0,1,1,1,0,0,0,1,1,1,1,0,0,1,1,1,0,0,0,1,1,1,1,0,0,0,0.664195
0,0,1,1,1,1,1,1,1,0,0,0,0,1,0,0,1,1,0,1,1,1,1,1,1,1,0,0,0,0,1,0,0.636566
0,1,1,1,0,0,1,1,1,1,1,1,0,1,0,1,0,0,1,1,1,0,0,0,1,1,1,0,1,0,1,0,0.611217
1,0,0,0,1,1,0,0,0,0,0,0,0,0,0,0,1,0,1,1,1,0,0,0,0,1,1,1,0,1,1,1,0.685862
1,1,0,1,1,0,0,0,1,1,1,1,1,1,1,0,0,0,1,1,0,1,1,0,0,1,0,1,0,0,0,1,0.619182
1,1,1,1,1,0,0,1,0,1,1,1,1,0,1,1,0,0,0,0,1,1,0,1,1,1,1,1,0,0,0,0,0.793297
0,0,0,0,0,1,1,1,1,1,1,0,0,1,0,0,0,1,0,1,0,0,1,0,0,0,0,1,1,1,1,0,0.779019
1,1,0,0,1,1,1,1,0,1,1,0,0,0,0,0,0,1,0,1,1,1,0,0,0,1,1,0,0,0,0,0,0.623240
0,1,1,1,1,1,0,1,0,1,0,0,1,0,1,0,1,1,1,0,0,1,0,1,1,0,0,1,1,0,0,0,0.634262
0,1,1,0,0,0,0,1,0,1,0,1,1,0,1,0,0,0,0,0,0,0,1,1,1,0,0,0,0,1,1,1,0.632759
1,1,0,1,0,0,1,0,0,0,1,1,0,1,0,1,1,0,1,1,0,1,1,0,1,0,0,0,0,0,0,0,0.814739
1,1,1,0,1,0,0,1,0,0,0,0,0,0,0,1,1,1,0,0,0,1,0,0,0,1,1,1,1,0,1,1,0.644857
0,1,0,1,0,1,0,1,1,0,1,1,0,1,1,0,1,1,0,0,0,1,1,1,1,0,1,0,1,1,1,0,0.593808
0,1,0,1,0,0,0,1,1,1,0,1,0,1,1,0,1,1,0,1,0,1,0,0,1,0,1,0,0,1,1,0,0.680778
1,1,0,0,1,1,1,0,0,0,0,0,0,0,0,1,1,0,1,1,0,0,1,1,0,0,1,0,0,1,1,0,0.827188
1,1,0,0,0,1,0,0,1,1,0,1,1,1,0,1,1,0,1,0,1,1,0,0,1,0,0,0,0,0,0,1,0.695682
1,1,0,0,1,1,1,0,1,1,0,0,0,1,1,1,1,1,0,0,0,1,1,0,1,1,0,0,1,1,1,0,0.555358
1,0,1,1,1,0,1,1,1,0,1,0,0,1,1,0,0,0,0,1,1,1,0,0,0,1,1,1,0,0,0,1,0.626046
0,0,0,1,0,0,0,0,1,0,1,1,1,0,1,0,1,0,1,1,0,1,0,1,0,1,1,1,0,0,1,1,0.665047
0,1,1,0,0,0,0,0,0,0,1,1,1,1,0,1,1,0,1,0,1,1,0,0,1,1,1,0,1,1,0,1,0.836882
1,0,0,1,0,0,1,1,0,1,1,1,1,0,0,0,0,0,1,1,0,0,1,0,1,0,1,0,1,1,1,0,0.619834
0,0,1,0,1,1,0,1,0,0,0,0,1,1,1,0,1,0,0,0,1,1,0,0,0,0,1,1,0,0,0,0,0.557662
0,0,1,1,1,0,1,1,1,0,0,1,1,0,1,1,1,0,1,0,0,0,1,0,1,1,0,1,1,0,1,0,0.607434
0,1,1,0,1,1,0,1,1,0,0,0,0,1,1,0,1,0,1,1,1,0,0,1,1,0,0,0,0,1,1,1,0.616427
1,0,1,0,1,0,0,1,0,0,0,0,1,1,0,0,1,0,1,1,1,0,1,0,1,0,0,1,1,0,1,1,0.573418
0,0,0,0,1,0,1,1,1,1,0,0,1,1,1,0,1,0,0,0,1,0,0,0,1,1,0,0,0,0,0,1,0.772381
0,0,0,1,0,1,1,1,0,1,0,1,0,1,0,0,0,0,1,0,0,0,1,1,1,0,1,0,0,1,1,1,0.597215
1,1,1,0,0,1,1,0,1,1,0,0,0,0,1,0,1,0,1,1,0,0,0,0,0,0,1,1,1,0,0,0,0.797104
1,1,0,1,0,1,0,0,0,0,1,0,0,1,0,1,0,0,1,1,1,1,1,1,1,0,1,1,1,0,1,0,0.629402
0,0,1,0,0,0,0,1,1,1,0,1,0,1,0,1,0,1,1,0,1,0,1,0,0,0,1,1,1,0,1,1,0.569711
0,1,1,1,1,0,1,1,1,1,0,0,1,0,1,1,1,1,0,0,1,0,1,1,1,0,1,1,1,1,1,0,0.515806
1,1,0,0,0,1,0,1,1,0,1,1,0,1,1,0,1,1,1,1,0,1,1,1,0,0,1,0,1,1,1,1,0.645935
1,1,0,1,0,0,1,0,1,0,1,0,1,1,1,0,0,1,0,1,0,1,0,1,1,0,0,1,0,1,0,0,0.602224
0,1,1,1,0,1,0,1,1,0,0,1,1,1,1,1,1,1,0,0,0,0,1,0,1,0,1,1,1,0,0,1,0.630680
0,0,0,1,1,0,1,0,0,1,1,1,0,1,1,1,1,1,1,1,0,1,1,1,1,0,0,0,0,1,1,1,0.822554
0,0,0,0,0,0,0,0,0,0,1,0,0,1,0,0,1,0,1,0,1,1,0,1,0,1,1,1,0,1,0,0,0.592530
1,1,1,0,0,0,0,0,1,1,0,0,1,0,1,1,1,0,1,1,0,0,1,0,0,0,0,0,1,1,0,1,0.587696
1,1,1,1,0,1,1,0,0,0,1,0,1,1,0,0,0,1,0,0,0,0,0,0,0,0,1,0,0,1,1,0,0.597690
1,1,0,1,1,1,1,1,0,1,0,0,1,0,1,0,0,1,1,1,0,1,1,1,0,0,0,1,0,0,0,1,0.732528
1,1,1,1,0,0,1,0,1,0,1,0,0,1,1,0,1,1,0,0,1,1,0,0,0,0,0,1,0,1,0,1,0.663093
0,0,0,1,0,1,0,1,0,0,1,0,0,0,1,0,0,1,1,1,1,0,1,0,0,1,0,0,1,1,0,1,0.699940
1,0,1,1,0,0,0,0,0,0,0,0,1,0,1,1,0,1,1,1,0,1,1,1,0,0,1,1,1,0,1,0,0.594860
1,0,0,0,0,1,1,0,0,0,1,0,0,0,0,0,0,1,0,1,1,0,0,0,0,0,0,1,0,1,0,0,0.792621
1,0,1,1,1,1,0,0,0,1,0,0,1,1,1,0,0,0,1,0,0,0,1,1,1,1,0,1,0,1,0,0,0.788888
0,1,0,1,1,1,1,1,0,0,0,0,1,0,1,1,1,1,0,0,0,1,0,0,0,1,1,1,1,1,0,1,0.638220
0,1,1,0,0,1,0,1,0,0,1,1,1,0,1,1,1,1,1,0,0,1,0,0,0,1,0,1,1,0,0,0,0.780171
0,1,1,0,1,1,1,0,0,1,1,0,1,0,0,1,1,1,0,1,0,1,0,0,0,1,1,0,1,0,1,1,0.585792
0,1,0,1,0,1,1,0,0,1,0,0,0,0,1,0,0,1,0,1,1,1,1,0,0,1,1,1,1,0,0,1,0.619784
1,1,1,1,0,1,1,0,1,1,0,1,0,1,0,0,0,1,1,0,0,0,0,0,0,1,0,0,1,1,1,1,0.617178
1,1,1,0,0,1,0,1,1,1,0,0,0,0,1,0,1,0,0,1,1,0,1,0,0,1,0,0,1,0,1,0,0.650644
1,0,0,0,1,0,0,1,0,1,1,0,1,0,1,1,1,1,0,1,1,0,1,0,1,0,1,1,0,1,1,1,0.582160
0,1,1,1,1,0,1,0,0,1,1,0,0,0,1,0,0,1,0,1,0,0,0,0,0,1,1,0,1,0,1,1,0.655754
0,1,0,0,1,0,1,1,0,0,1,0,0,0,0,1,1,1,0,0,0,0,0,0,1,1,1,1,0,0,0,1,0.585241
1,1,0,0,1,0,0,1,1,0,0,1,1,0,1,0,1,0,0,0,1,1,1,0,1,0,1,1,1,0,0,0,0.797856
0,0,1,1,0,0,1,0,1,0,1,0,1,1,0,0,0,0,1,0,0,0,1,1,0,0,0,1,1,0,1,1,0.571640
0,0,1,1,0,0,1,0,0,0,0,1,1,0,1,1,0,0,0,0,0,1,1,1,0,1,1,0,1,1,1,0,0.591503
1,1,1,0,1,0,1,1,0,0,0,1,0,0,0,1,1,1,1,0,0,0,0,1,1,0,1,1,1,1,0,1,0.644256
0,1,1,0,1,1,1,0,1,0,0,1,0,1,1,0,1,0,1,0,1,1,1,0,0,1,0,0,0,1,1,0,0.572717
1,0,0,0,0,1,1,0,1,0,1,0,0,0,0,1,1,1,1,0,1,1,0,1,0,0,0,1,1,1,1,0,0.688092
0,0,0,0,1,1,0,1,0,1,1,1,0,0,0,1,0,0,1,0,0,0,1,0,0,1,0,0,1,0,0,1,0.530284
1,0,1,0,1,1,0,1,0,1,0,1,1,1,1,1,1,1,1,1,0,0,0,1,0,0,0,0,1,0,0,0,0.604704
0,1,0,0,1,1,0,1,0,0,0,1,1,1,1,0,1,1,0,0,1,0,1,0,0,1,1,0,0,0,0,1,0.795050
0,0,0,1,0,1,0,0,0,1,1,1,0,1,1,1,0,0,0,0,1,0,1,1,0,1,0,0,1,0,1,0,0.587045
1,0,0,1,1,1,1,0,1,0,1,0,0,0,0,1,0,0,0,1,0,1,0,1,1,1,1,1,0,1,1,1,0.689444
0,0,1,1,1,1,1,1,0,0,1,0,0,1,0,1,1,0,0,0,0,0,0,0,0,1,0,1,0,0,1,0,0.607835
1,0,0,0,1,1,0,1,1,0,1,0,1,0,1,1,0,1,1,1,1,1,0,1,0,1,1,1,1,1,0,1,0.611092
1,1,0,0,1,1,0,0,1,0,0,1,1,0,1,1,0,0,0,0,1,1,0,0,0,1,1,0,0,0,1,0,0.771730
1,1,1,0,0,1,0,1,0,1,1,1,1,1,0,1,1,0,0,0,0,1,1,0,1,0,0,1,1,0,1,0,0.632884
0,0,1,0,0,0,0,1,0,1,0,0,1,1,1,0,0,0,1,1,0,1,0,0,1,0,1,0,0,0,1,0,0.593833
1,0,1,0,0,1,0,1,0,1,1,1,0,0,0,1,1,0,1,0,1,0,0,1,0,1,1,1,0,0,1,1,0.655027
1,0,1,1,0,0,0,1,1,1,1,1,0,1,0,0,1,1,0,0,1,0,0,1,0,0,0,0,1,1,1,1,0.578002
0,1,0,0,0,0,1,1,1,0,0,0,1,0,0,0,0,1,1,0,1,1,0,0,1,1,1,1,1,0,0,0,0.676795
1,1,0,1,0,0,0,0,1,1,1,0,1,0,1,1,0,0,0,0,0,0,0,1,1,0,1,1,0,1,1,0,0.674515
0,0,0,0,1,1,1,1,1,1,1,0,0,0,1,1,1,1,0,1,0,0,1,0,0,0,0,0,1,0,1,0,0.792846
0,1,0,0,1,0,0,0,0,0,1,1,1,1,0,0,1,1,0,1,0,0,1,0,0,1,1,1,0,0,0,1,0.643279
1,1,1,1,1,1,0,0,0,1,1,1,1,1,1,0,0,0,0,1,1,0,1,0,1,0,1,0,0,1,0,0,0.585291
0,0,1,0,1,0,0,0,0,1,0,1,1,0,0,1,1,0,0,1,1,0,0,0,1,0,0,1,1,1,0,0,0.583488
0,1,0,1,0,0,1,0,0,1,1,1,0,0,0,0,0,1,0,0,1,0,0,0,0,1,1,0,0,1,1,0,0.594559
0,1,0,1,0,1,1,1,0,1,0,1,0,1,0,1,0,0,1,0,1,1,1,0,1,0,1,1,0,1,1,1,0.604679
1,0,0,0,0,0,1,1,1,0,1,0,0,1,0,0,1,1,0,0,1,1,1,0,1,0,0,0,1,1,1,0,0.769125
1,1,1,1,1,0,1,1,0,1,0,1,1,1,1,1,0,0,1,0,0,0,1,0,1,0,1,0,1,0,1,1,0.488452
1,0,0,1,0,0,0,1,0,0,0,1,0,1,0,0,1,0,0,0,1,1,1,1,1,1,0,0,0,1,0,1,0.616552
0,0,1,0,1,1,0,1,0,1,0,1,0,1,0,1,0,1,1,1,0,0,1,0,1,1,0,1,0,0,1,0,0.700341
0,0,0,0,0,1,1,1,0,0,1,1,0,1,0,1,1,0,0,0,1,1,0,1,0,0,1,1,0,0,0,1,0.592931
0,1,0,0,1,0,1,0,0,0,0,1,0,0,0,0,0,0,1,1,1,1,1,1,1,0,1,1,1,0,1,0,0.817770
1,1,0,1,0,0,1,1,1,0,0,1,1,0,0,0,1,1,0,1,1,0,1,1,1,1,0,1,0,0,0,1,0.637193
1,1,1,1,0,0,0,1,0,0,0,1,0,1,0,0,1,1,1,1,1,0,1,1,0,1,0,0,1,0,1,1,0.703246
1,0,1,1,0,0,1,1,0,0,1,1,0,0,0,0,1,0,1,0,0,0,1,1,0,1,1,1,1,1,0,0,0.591353
0,0,0,1,0,1,1,0,1,1,0,0,0,1,0,0,0,1,1,1,1,1,1,0,0,0,0,1,0,0,0,1,0.844948
1,1,1,1,1,1,0,1,1,1,0,0,1,1,0,1,0,0,0,0,0,1,1,0,1,1,1,1,0,0,0,1,0.827889
1,0,0,0,0,0,1,1,1,1,0,0,0,1,1,0,0,0,1,1,1,0,0,0,0,0,1,1,0,1,0,0,0.858198
1,1,1,1,0,0,0,0,1,0,1,1,0,1,0,1,1,1,0,0,1,0,1,1,0,1,1,1,0,0,0,0,0.687941
0,0,1,0,0,1,0,0,1,0,1,0,0,1,0,1,0,0,1,0,0,1,1,0,0,1,1,0,1,0,1,1,0.597615
0,1,1,0,0,1,1,0,0,0,1,1,0,0,1,1,1,1,1,1,0,0,1,1,1,1,0,1,0,0,1,0,0.687516
0,0,0,0,0,0,0,0,1,1,1,0,1,0,1,0,0,1,1,1,0,1,1,0,0,1,1,1,1,0,1,1,0.608712
1,1,1,0,0,0,1,1,1,1,1,1,1,1,0,0,0,1,0,0,0,1,1,0,0,1,0,1,0,0,1,1,0.644056
1,0,1,1,0,0,1,1,1,0,0,1,1,0,1,0,1,1,1,1,1,0,1,1,0,1,1,1,1,1,0,0,0.583939
1,1,1,1,1,0,0,1,1,1,1,1,1,0,1,0,1,1,1,0,1,0,1,1,1,1,1,1,0,0,1,1,0.765242
0,1,0,1,0,1,0,1,1,1,1,1,0,1,0,0,0,1,0,0,0,1,0,1,1,0,1,1,1,1,1,0,0.602625
0,0,0,1,0,1,1,1,0,1,1,0,0,1,0,0,0,1,1,0,1,1,1,0,1,1,1,1,0,1,1,1,0.586619
1,1,1,1,0,0,1,0,1,0,0,1,1,1,1,0,0,1,0,0,1,0,1,1,1,0,0,1,1,0,0,0,0.604679
0,0,0,0,0,0,0,0,0,0,0,1,0,1,0,0,1,0,1,0,1,0,0,1,0,0,0,1,0,1,1,0,0.544136
1,1,1,0,1,0,1,0,0,1,0,1,0,1,0,0,1,1,0,0,1,0,0,1,0,0,0,0,0,1,1,0,0.622263
0,1,1,0,1,1,0,0,1,0,0,0,0,1,1,0,1,0,1,0,1,1,1,1,1,0,0,1,1,0,0,0,0.587145
1,0,0,0,0,0,0,0,0,0,0,1,0,0,0,0,1,1,1,1,0,1,0,1,1,1,1,1,1,1,1,1,0.737839
0,0,1,0,0,0,1,0,1,0,0,0,0,0,0,0,1,1,1,1,0,1,1,0,0,0,0,0,0,0,1,0,0.832624
0,0,1,1,1,1,1,0,0,0,0,1,1,1,0,0,0,0,0,1,0,1,0,1,0,0,1,1,0,0,0,1,0.743149
0,0,0,0,0,0,1,0,0,1,0,0,0,1,1,0,1,0,0,0,0,0,0,0,1,1,0,0,0,0,0,1,0.548795
1,0,1,0,1,1,1,0,0,1,1,0,1,1,0,0,1,1,1,1,1,0,0,1,0,1,0,0,1,0,0,0,0.580557
1,1,0,0,0,0,0,0,1,1,0,0,0,1,0,0,0,0,1,0,1,1,1,0,0,1,1,0,0,1,1,1,0.653900
1,0,0,0,0,0,1,0,1,1,1,0,1,1,1,0,1,1,0,0,1,1,1,0,1,1,1,0,0,0,1,1,0.772807
1,1,0,0,1,0,0,0,1,1,1,1,0,1,0,0,1,0,1,1,1,0,1,1,1,1,0,1,0,0,1,1,0.698212
0,1,1,1,1,1,0,0,1,1,0,1,0,1,1,0,0,1,0,0,1,0,0,0,1,0,1,1,0,1,0,0,0.589725
0,1,1,1,0,1,1,0,0,1,0,1,1,0,1,0,0,1,1,0,1,1,1,1,0,1,0,1,0,1,1,0,0.605456
1,1,1,1,1,0,1,1,1,1,0,1,0,1,0,0,0,1,1,1,1,1,0,0,1,0,1,1,0,1,1,1,0.805571
1,1,0,0,1,0,1,1,0,0,1,0,0,0,0,0,0,1,1,1,0,1,1,0,1,0,1,0,1,1,1,1,0.838911
1,0,1,0,0,1,0,0,0,1,0,0,1,1,1,0,0,1,0,1,0,1,1,1,0,1,0,1,1,1,1,0,0.619633
0,0,0,1,1,0,0,0,1,1,0,0,1,0,1,0,1,1,0,1,0,0,1,0,0,0,0,1,0,0,0,1,0.570913
0,0,0,0,1,1,0,1,0,1,0,1,0,0,1,0,1,1,0,1,1,0,1,1,0,0,0,1,0,1,0,0,0.609839
1,1,1,0,0,0,1,1,0,0,1,1,0,1,1,0,1,1,1,1,0,0,0,0,1,0,0,1,1,0,0,0,0.802715
1,1,0,0,0,1,0,0,1,0,0,1,1,1,1,0,0,0,0,1,1,1,1,1,1,1,0,0,0,1,0,1,0.579630
1,1,0,0,0,0,1,0,1,1,1,0,0,0,1,0,1,0,1,0,0,0,1,1,1,0,0,1,1,0,1,1,0.640073
1,0,1,0,1,0,0,0,1,0,1,1,0,1,1,1,1,1,1,0,0,0,0,0,1,0,1,0,1,0,1,0,0.573042
0,0,1,1,1,0,0,1,1,1,0,0,1,0,1,0,1,0,1,1,0,0,0,1,1,1,1,0,0,1,0,1,0.615200
1,1,1,0,1,0,0,1,0,0,1,0,0,1,1,1,0,1,1,1,0,0,1,1,0,0,0,0,0,0,1,0,0.679826
0,1,1,0,0,1,1,0,0,1,0,0,0,0,1,1,1,0,0,0,0,1,0,0,0,0,0,1,1,1,1,0,0.665924
1,1,1,0,0,1,1,0,0,0,0,1,0,0,1,0,1,1,0,1,0,0,1,1,0,0,0,0,0,1,1,0,0.846851
1,0,1,1,1,0,1,1,1,1,0,0,1,0,1,1,1,0,1,0,0,0,0,0,0,0,0,1,0,1,1,1,0.592606
1,0,1,1,0,1,0,0,1,0,1,1,1,1,0,1,0,0,0,1,0,1,1,0,1,1,0,1,0,1,0,0,0.743199
0,0,1,1,1,1,0,0,1,0,0,1,1,0,1,1,1,0,0,0,1,1,1,1,0,1,0,0,0,0,1,1,0.739843
1,1,0,0,0,1,1,0,1,1,0,0,0,0,0,0,0,0,1,0,0,0,1,0,0,1,1,0,0,0,1,1,0.574771
1,1,0,1,1,1,0,1,0,0,0,1,1,1,0,1,1,1,1,0,1,1,1,0,0,1,0,0,0,0,1,1,0.765793
1,0,0,1,1,0,0,0,1,1,0,0,0,1,0,1,1,0,0,1,0,1,1,0,0,0,1,1,1,1,1,0,0.734708
1,1,1,1,0,1,0,0,1,0,0,1,0,1,0,1,1,0,0,1,0,1,1,1,0,0,1,1,0,0,0,0,0.623140
0,1,0,0,0,1,0,1,1,1,1,0,0,0,0,0,0,1,0,1,0,1,1,1,0,0,1,1,0,0,1,1,0.680477
0,0,1,0,0,1,0,0,1,1,0,1,0,1,0,1,1,0,0,0,0,0,0,1,1,0,1,1,1,0,0,1,0.581784
1,1,0,1,0,1,1,1,1,0,0,0,0,1,0,1,0,1,1,0,1,0,0,1,1,0,1,1,0,1,0,0,0.705726
1,1,0,1,0,0,1,1,0,1,0,0,1,0,0,1,0,1,0,0,0,0,0,1,0,0,1,0,1,0,1,1,0.563198
0,0,1,0,1,1,0,1,1,0,0,1,1,0,1,0,0,1,1,0,1,0,0,0,1,0,1,1,0,1,0,0,0.603953
1,1,1,0,0,0,1,1,1,0,1,0,0,1,0,0,0,1,0,1,1,1,1,0,0,1,0,1,0,0,1,1,0.656555
1,0,0,0,0,0,0,1,0,0,1,0,0,0,0,1,1,0,0,1,0,0,0,0,0,0,0,1,1,1,1,1,0.615651
0,1,0,0,1,1,0,1,1,0,1,0,0,1,0,1,0,1,1,1,0,1,0,1,1,0,1,0,1,0,0,0,0.638370
0,0,1,1,0,1,1,0,1,1,0,1,0,0,1,1,1,0,1,0,1,1,0,1,0,0,0,0,1,0,1,0,0.625094
0,1,0,0,0,1,0,0,1,1,0,1,1,0,1,1,1,0,0,0,1,1,0,0,0,1,0,0,0,0,0,1,0.819648
0,0,1,1,1,0,0,0,1,0,0,0,0,0,1,1,1,0,0,1,1,0,1,1,1,1,1,1,1,0,1,0,0.662467
0,1,0,0,0,1,1,0,0,0,0,1,1,0,1,1,0,1,1,0,0,0,1,1,1,1,0,0,0,1,0,1,0.596714
0,0,0,1,0,0,0,1,0,0,1,0,1,1,0,0,1,0,0,1,1,1,0,0,0,0,1,1,0,0,1,0,0.582561
1,1,1,0,1,0,0,1,1,0,1,0,1,0,1,1,0,0,1,1,1,1,1,0,0,0,1,1,0,0,0,1,0.597490
1,0,1,1,1,0,0,1,0,1,0,1,0,1,1,0,0,1,0,0,1,0,1,1,1,1,1,1,1,0,1,0,0.641927
1,0,1,0,0,1,1,1,0,0,0,0,0,1,0,1,0,0,0,0,0,1,0,0,1,1,0,1,1,1,1,0,0.576174
0,1,1,0,0,1,0,1,0,1,0,0,0,0,1,0,1,0,1,0,0,0,1,0,1,0,1,0,1,0,1,0,0.595060
1,1,0,1,1,0,0,0,0,1,1,0,0,1,1,1,1,0,0,0,1,1,1,0,1,1,1,0,1,0,1,0,0.618606
0,0,0,0,1,1,0,1,1,1,1,0,0,1,0,1,0,0,0,1,0,0,1,0,0,1,0,1,1,0,1,1,0.659436
1,0,1,1,1,0,1,0,1,1,0,1,1,1,0,1,1,0,1,1,0,0,1,0,0,1,0,0,0,1,1,1,0.591629
0,1,1,1,1,1,1,0,0,0,1,1,1,1,0,1,0,1,1,0,0,0,0,0,0,1,1,0,1,0,0,1,0.607359
1,1,0,0,0,0,0,0,1,0,0,0,1,1,0,1,1,0,0,1,0,0,1,0,1,1,1,1,1,1,1,1,0.790617
1,0,0,0,1,0,1,0,0,0,0,1,1,1,1,1,0,1,0,0,0,1,0,1,1,1,1,0,0,1,0,0,0.601974
1,1,1,0,0,1,1,1,0,1,1,1,1,0,0,1,0,0,1,1,1,1,0,0,1,1,1,0,1,0,1,0,0.591053
1,0,0,1,1,1,0,1,1,1,1,1,0,1,1,0,1,0,0,0,1,1,1,0,0,1,1,0,1,0,0,1,0.679049
1,1,1,1,0,1,0,0,0,0,0,0,1,0,1,1,1,0,1,1,0,1,0,1,1,1,0,0,0,0,1,0,0.737588
0,1,0,1,0,1,1,1,1,1,0,1,1,0,1,0,1,0,1,0,1,0,0,0,0,0,0,0,0,1,0,1,0.603878
0,0,1,0,0,0,1,1,0,0,0,0,0,0,0,0,0,1,0,0,0,0,1,0,0,0,0,1,0,1,1,0,0.783177
0,1,0,0,1,0,0,0,1,0,1,0,0,0,1,1,0,0,0,0,1,1,1,1,0,1,1,1,0,0,1,1,0.690772
0,1,1,0,0,1,1,0,0,1,0,0,1,0,0,0,0,0,0,1,0,0,1,0,1,0,0,0,0,0,1,1,0.607034
0,1,1,0,1,1,1,0,1,0,0,0,1,0,1,1,1,1,0,1,0,1,0,0,0,0,1,0,1,1,0,1,0.604604
0,0,1,1,1,0,1,0,0,1,1,1,1,0,0,1,1,1,0,1,0,0,1,1,1,0,0,1,1,1,1,0,0.634788
1,1,0,1,1,0,1,1,0,1,0,1,0,0,0,0,1,0,1,0,0,1,1,1,0,0,1,1,0,0,0,1,0.618882
1,0,1,0,1,0,1,1,1,1,1,0,1,0,0,0,0,1,1,1,0,0,1,0,0,0,0,0,1,1,0,1,0.615901
0,1,0,1,0,0,0,0,0,1,0,1,0,1,1,1,0,0,1,0,0,0,0,1,0,0,0,0,1,0,0,1,0.566931
1,0,1,0,0,0,1,1,0,1,0,0,0,0,1,1,0,1,0,0,1,1,1,1,1,0,1,0,1,0,1,1,0.692375
1,0,0,0,1,1,1,1,0,0,1,0,0,1,1,0,1,1,1,1,1,1,1,0,0,0,1,1,1,1,1,0,0.811783
1,0,1,0,0,0,1,0,1,1,1,1,1,0,0,1,0,0,0,1,1,1,0,1,0,1,1,0,1,0,0,0,0.600045
1,1,1,1,1,0,1,0,1,1,0,1,1,0,1,1,0,0,1,1,1,1,1,0,1,1,0,0,0,0,1,0,0.577877
1,1,0,1,0,0,0,1,1,0,0,1,0,1,0,0,0,1,1,1,0,0,0,1,1,0,1,1,1,0,0,1,0.698036
0,0,0,1,1,1,0,0,0,0,1,0,1,0,1,1,0,0,0,1,1,1,1,0,1,1,0,1,0,0,0,1,0.610966
1,1,1,1,1,0,1,1,1,1,1,0,0,1,1,1,0,1,1,1,0,0,1,1,1,1,1,0,1,1,1,0,0.598993
1,1,1,0,1,0,0,1,0,1,0,0,0,1,0,0,0,1,0,0,0,1,1,0,0,1,0,1,0,1,1,1,0.698587
1,0,1,1,0,0,0,1,1,1,0,0,0,0,1,1,1,0,0,1,1,1,1,0,1,0,0,1,1,1,0,1,0.619283
0,1,1,0,1,1,1,0,1,1,0,0,0,1,1,1,1,0,0,0,0,1,1,0,1,1,0,0,0,1,1,1,0.546541
1,1,0,0,0,0,0,1,0,0,1,0,0,1,0,1,1,0,1,1,1,1,1,1,1,1,0,0,0,0,1,1,0.709233
1,1,0,1,0,0,1,1,0,0,1,1,1,0,0,1,1,1,0,1,1,1,0,0,0,1,1,1,1,0,1,1,0.584966
0,1,1,1,1,0,1,0,0,1,0,1,1,1,1,0,1,1,1,1,1,1,1,0,1,0,1,1,0,1,1,1,0.649291
0,0,1,0,1,1,1,1,0,1,1,0,0,1,1,0,1,0,0,0,0,0,1,1,1,1,1,0,0,0,1,0,0.528105
0,1,1,0,1,0,1,1,1,1,0,1,0,1,0,0,1,1,1,0,1,1,1,0,0,0,1,0,0,0,1,0,0.609363
1,0,0,0,1,0,1,1,1,0,0,0,0,1,0,0,0,1,0,0,1,1,1,1,1,0,0,1,0,0,1,0,0.712314
1,0,0,1,1,0,1,0,0,1,1,1,1,0,0,0,0,0,0,1,0,0,1,0,1,1,1,0,1,1,0,1,0.601498
1,0,0,1,1,0,0,0,1,0,1,1,0,1,0,0,1,0,1,0,0,0,1,0,0,1,1,1,0,0,0,1,0.710836
1,0,1,1,0,0,0,0,0,1,1,1,0,0,0,0,0,1,1,0,0,0,0,0,0,1,1,0,0,1,0,0,0.664220
1,0,0,1,0,0,0,0,0,1,0,1,1,1,1,0,1,1,1,1,1,1,0,1,0,1,1,1,1,1,0,1,0.641501
0,1,0,1,0,0,0,0,1,1,1,0,1,0,1,1,0,0,0,1,1,0,1,1,0,1,0,1,1,0,1,0,0.657632
1,1,1,0,0,0,1,0,0,1,1,1,0,1,1,1,1,0,0,0,0,0,1,1,1,0,0,1,1,0,0,0,0.640048
1,1,0,0,1,0,1,0,1,0,1,1,0,0,0,0,0,1,1,0,1,0,0,0,1,1,1,1,0,0,1,1,0.576174
0,0,1,0,1,1,0,0,1,0,0,0,0,1,1,0,0,0,1,0,0,0,0,1,0,0,1,0,0,0,0,0,0.518035
0,1,0,0,0,0,1,0,1,0,1,0,0,0,1,1,1,1,0,0,0,0,0,0,0,1,0,1,1,0,1,0,0.611142
0,1,0,1,0,0,1,0,1,1,1,0,0,0,1,1,1,1,1,1,1,1,0,1,1,1,0,0,1,1,1,0,0.624994
1,0,1,0,0,0,1,0,1,0,0,1,0,1,0,0,0,1,0,0,1,0,1,1,1,0,1,1,1,1,1,0,0.627574
0,1,0,1,1,1,0,1,0,0,1,0,0,0,1,1,0,1,1,0,0,1,1,0,1,0,0,0,0,1,1,0,0.595411
1,1,1,0,0,1,0,1,1,1,0,0,0,0,0,1,0,0,0,0,1,1,1,0,1,0,1,0,1,0,0,1,0.586444
1,1,1,0,0,0,1,0,1,0,1,1,0,0,1,1,0,1,0,1,1,1,0,0,1,1,0,0,0,0,1,1,0.652272
1,1,1,1,0,1,0,0,1,1,0,1,1,1,0,1,1,1,1,1,1,1,0,1,0,0,0,0,0,1,1,0,0.574746
1,0,0,0,0,0,1,0,0,1,1,0,1,1,0,1,0,1,1,1,1,0,1,0,0,0,0,1,0,0,0,1,0.623516
0,0,0,1,0,1,0,1,1,0,0,0,1,1,1,0,1,0,1,1,0,0,1,0,0,0,0,0,1,1,1,0,0.580858
1,1,0,1,1,1,1,0,0,0,0,1,1,1,0,0,1,1,1,0,1,0,1,0,0,0,1,1,0,1,1,1,0.605180
0,1,0,0,1,0,1,1,0,0,0,1,1,0,0,0,1,0,1,0,0,0,1,0,0,0,0,0,0,0,1,1,0.575572
1,1,0,1,1,0,1,1,1,0,1,1,0,1,1,0,0,1,1,0,1,0,0,1,0,1,0,1,1,1,1,1,0.581058
1,0,1,0,1,0,1,0,0,0,0,1,1,1,0,1,1,0,1,1,0,1,1,1,0,0,1,1,1,1,0,0,0.648915
0,1,0,1,0,0,0,1,0,0,1,1,1,0,1,0,0,1,0,1,1,1,0,1,0,1,0,0,0,1,1,0,0.622364
1,0,1,0,0,1,1,1,0,1,1,1,1,0,0,0,0,0,0,1,0,0,0,1,0,1,1,1,1,0,1,1,0.598267
0,0,1,0,1,0,0,0,0,1,0,1,0,1,1,0,1,0,1,1,1,1,1,1,1,0,0,1,0,1,1,0,0.679801
1,1,1,1,1,1,0,1,1,1,0,0,0,1,0,1,0,0,1,0,0,1,1,1,0,0,0,0,1,0,1,0,0.595010
0,0,0,0,1,0,0,1,0,1,1,0,0,0,1,0,1,1,0,0,1,1,0,0,1,0,1,0,0,0,1,0,0.572667
1,1,0,1,1,1,0,0,1,0,0,1,1,1,1,0,0,0,1,0,0,1,1,1,1,0,0,0,0,0,0,1,0.749411
0,1,1,1,1,1,1,0,1,0,0,1,0,1,1,0,1,1,0,0,0,0,1,1,1,0,1,0,1,1,1,0,0.610340
1,1,0,1,0,0,0,0,1,0,1,0,0,0,0,1,0,0,1,1,0,1,0,1,1,1,0,1,0,0,1,1,0.706553
1,0,0,0,1,0,1,1,0,1,1,1,0,0,0,1,1,1,0,0,1,1,1,0,1,0,1,1,0,1,1,1,0.605907
0,0,0,1,0,1,1,1,0,1,1,1,1,0,1,1,1,1,1,0,0,1,0,0,0,1,0,0,1,0,1,1,0.636591
0,1,0,1,1,1,1,0,1,0,0,1,0,0,1,0,1,0,0,0,1,0,1,0,1,1,0,0,1,1,0,0,0.578904
0,0,0,0,0,0,1,1,1,0,0,0,1,1,0,0,0,0,0,1,1,0,1,0,1,1,0,0,0,1,1,0,0.589424
1,0,1,1,0,1,1,1,0,1,0,0,1,1,1,1,0,1,0,1,0,0,0,1,0,0,0,1,0,1,1,0,0.622138
0,1,0,0,0,0,0,0,0,1,1,1,0,0,1,1,0,0,1,1,0,1,1,1,0,1,0,1,1,1,1,0,0.691098
1,1,0,1,1,1,0,0,1,1,1,0,0,0,1,0,1,1,1,1,0,0,0,1,0,1,1,1,0,1,1,0,0.721056
1,0,1,1,0,1,1,1,0,1,1,1,0,1,1,0,1,0,0,0,1,0,1,1,0,1,1,0,1,0,1,0,0.588047
0,1,0,1,1,1,1,1,0,1,1,1,0,1,0,0,0,1,0,0,0,0,1,0,0,0,0,0,1,0,1,1,0.608261
1,0,1,0,1,0,0,0,0,0,0,1,0,0,0,1,0,0,0,0,0,0,1,0,1,0,0,1,1,1,0,0,0.588447
0,0,0,0,0,0,1,1,0,0,0,0,1,1,0,0,0,1,1,0,1,0,1,0,1,0,0,0,1,1,0,0,0.551500
0,1,1,0,0,0,1,1,1,1,1,0,0,1,1,1,0,1,0,1,1,0,0,1,0,1,0,0,1,1,1,1,0.555934
1,0,1,1,0,0,0,1,0,0,1,1,0,0,1,0,0,1,0,0,0,1,0,1,1,0,1,1,1,1,1,1,0.583012
1,0,1,1,1,0,0,0,1,0,0,0,1,0,0,0,0,0,0,0,1,0,0,1,0,0,1,1,0,1,0,0,0.633836
1,1,1,0,0,0,0,0,1,0,1,1,1,0,1,1,0,1,1,0,1,0,1,0,0,0,0,1,0,1,1,0,0.636967
0,1,0,1,1,0,1,0,1,1,1,1,0,1,1,0,0,1,1,0,0,1,1,1,0,1,0,0,1,0,1,1,0.580181
0,0,1,1,0,1,0,1,0,1,0,1,0,0,0,0,0,0,1,0,0,0,1,1,0,1,0,0,0,1,0,0,0.658684
1,0,1,0,1,1,0,0,1,0,0,0,0,0,0,1,0,0,0,1,1,0,0,1,0,1,1,1,0,1,1,1,0.668328
1,1,0,0,1,1,1,1,0,1,1,1,0,0,1,0,1,1,1,1,0,0,1,1,0,1,0,1,1,1,1,1,0.613972
0,1,0,0,1,1,1,0,1,1,1,0,1,0,0,0,1,1,0,1,0,1,1,0,0,1,1,0,0,0,1,0,0.579255
0,1,0,0,1,0,1,1,0,1,0,0,0,1,1,1,1,0,0,1,0,0,0,0,1,0,1,0,1,1,0,1,0.749286
1,1,1,1,0,1,0,0,0,0,0,0,1,1,0,0,0,1,1,0,1,1,1,0,1,1,1,1,0,1,0,0,0.768348
1,0,1,0,0,1,0,0,1,1,1,1,1,1,1,0,1,0,1,1,0,0,0,1,1,0,0,1,1,1,0,0,0.588723
0,0,1,1,0,1,1,1,0,1,1,0,1,0,1,1,0,1,0,1,0,1,1,0,1,0,1,1,0,1,0,0,0.649116
1,1,1,1,1,0,0,1,1,0,0,1,0,1,1,0,0,1,0,0,1,0,1,1,0,0,1,0,1,0,1,1,0.596062
0,0,0,1,1,0,1,1,1,0,1,1,0,0,1,1,1,0,1,1,0,0,0,0,0,0,0,0,1,0,1,1,0.836506
1,0,0,0,0,0,1,0,1,0,1,1,0,0,1,1,1,1,0,1,0,0,1,1,1,1,0,0,0,0,0,0,0.726517
1,1,0,0,0,0,1,0,0,1,0,0,1,1,0,0,0,0,1,1,0,1,1,1,0,0,1,1,1,1,0,0,0.632183
0,1,1,0,1,1,1,0,1,1,0,1,0,0,1,0,1,1,1,1,1,0,0,0,1,0,1,0,1,0,0,1,0.770753
0,0,1,1,0,0,1,0,0,1,1,0,0,1,0,1,1,1,0,1,1,1,1,0,0,0,1,1,1,1,1,1,0.783854
1,1,1,1,0,1,0,1,0,1,0,1,1,1,1,0,1,0,0,1,1,0,0,0,1,0,0,0,1,0,1,1,0.579881
1,0,1,1,1,1,1,0,0,1,0,0,1,0,0,0,0,1,1,0,0,0,1,0,1,0,0,1,1,1,1,0,0.598217
0,0,1,0,0,0,1,1,1,0,0,0,1,0,1,0,1,1,1,1,0,0,0,1,0,1,1,1,1,0,1,1,0.579680
0,1,1,1,1,0,1,0,0,1,0,0,1,1,0,1,1,0,1,0,1,1,0,0,1,1,0,1,1,0,1,1,0.687265
0,1,0,1,0,0,1,1,1,0,0,1,0,0,1,0,1,1,1,0,1,0,0,0,1,0,1,0,1,1,1,0,0.700366
1,1,0,0,0,0,1,0,1,1,1,1,0,1,0,0,0,1,0,0,0,0,1,0,0,0,0,1,0,0,0,0,0.708256
0,0,0,1,0,1,1,1,1,0,1,0,0,1,1,0,0,0,1,1,0,0,1,1,0,0,0,1,1,0,0,0,0.889660
1,0,0,1,1,0,0,1,0,1,1,0,0,1,1,1,0,1,1,0,0,0,0,0,1,0,1,0,0,0,0,0,0.590827
0,0,0,0,1,1,0,1,1,1,0,1,0,0,0,1,1,0,0,0,0,1,0,1,1,0,1,0,0,0,1,1,0.583738
0,1,0,0,0,1,0,1,1,1,0,1,1,1,0,1,0,0,0,0,1,0,1,0,1,0,0,1,1,0,1,0,0.713166
1,1,1,1,1,0,1,0,1,0,1,0,1,0,1,0,1,1,0,1,1,0,0,1,0,0,1,0,1,1,1,1,0.606783
0,1,0,1,1,0,0,0,1,0,1,0,0,0,0,1,0,0,0,0,0,1,0,1,0,1,1,0,0,1,0,0,0.698813
0,0,1,1,1,0,1,0,0,0,1,1,0,1,1,1,1,0,0,0,1,0,1,0,0,0,0,0,1,0,1,1,0.831221
1,1,1,1,1,1,1,1,1,1,1,0,0,1,0,0,1,0,0,1,0,0,0,0,0,1,0,1,1,1,1,1,0.667301
1,0,0,1,1,0,1,1,1,0,1,1,0,0,0,1,1,0,0,0,1,1,0,1,0,1,1,0,0,0,1,1,0.588698
0,0,1,1,0,0,0,0,1,1,1,0,0,1,1,1,0,0,0,0,1,1,0,0,1,1,1,1,1,1,1,0,0.632784
0,0,0,0,1,0,1,0,0,0,1,1,0,0,1,1,0,0,0,0,1,1,1,1,1,1,1,1,0,1,1,1,0.564376
0,0,0,1,0,1,0,0,1,0,1,0,0,1,0,0,1,1,1,1,1,1,0,0,0,1,1,1,1,0,1,1,0.738415
1,0,1,0,0,1,1,1,1,0,1,1,1,0,0,0,1,0,0,1,0,0,0,0,1,0,1,0,1,0,1,0,0.611568
0,0,1,0,1,1,0,1,0,0,0,0,0,0,0,0,0,1,0,0,1,0,1,0,1,0,1,0,1,1,1,0,0.571439
1,1,1,1,1,0,1,1,0,0,1,1,1,0,1,0,1,0,0,0,0,1,0,1,0,1,1,0,1,0,0,0,0.600972
1,1,1,1,1,0,0,0,0,0,0,0,1,0,1,0,0,1,0,1,1,0,0,1,1,1,1,0,1,0,1,0,0.707805
1,0,1,1,1,1,0,1,1,1,0,1,1,0,1,0,1,1,0,1,0,1,1,1,0,1,1,0,1,1,0,1,0.597039
0,0,1,1,0,1,1,1,1,1,1,0,0,0,0,0,1,1,0,0,0,0,0,1,1,1,1,1,1,0,0,0,0.586444
1,1,1,1,1,0,1,1,0,0,0,0,1,1,1,1,0,1,1,1,1,0,1,0,0,0,0,0,0,0,1,0,0.739617
1,1,1,0,0,1,0,0,1,1,0,0,0,0,1,1,1,0,0,0,1,0,1,0,0,0,0,1,1,1,0,0,0.583112
0,1,1,1,1,0,1,1,0,1,1,0,1,1,0,1,0,1,0,1,1,0,0,1,1,0,0,1,0,1,1,1,0.627023
0,1,1,0,0,1,0,1,0,1,1,1,1,1,1,0,0,0,0,1,1,0,1,0,1,0,1,1,1,1,0,1,0.598066
1,0,1,0,0,0,1,1,0,0,0,0,1,1,0,1,0,1,0,1,0,0,0,0,1,1,0,0,1,0,0,1,0.587471
0,1,1,1,0,1,0,0,1,0,0,1,0,0,1,1,1,0,0,1,1,0,0,0,0,0,0,1,1,1,0,0,0.619658
0,1,1,0,1,1,0,0,1,1,1,0,0,0,0,1,1,0,0,0,0,0,0,1,1,0,1,0,0,0,0,1,0.593082
0,0,0,0,0,0,0,0,1,0,0,1,1,0,0,1,0,1,0,1,1,0,1,1,1,1,1,0,1,1,1,0,0.624618
0,1,1,0,1,0,0,1,0,0,0,1,0,1,1,0,1,0,1,0,1,1,1,0,0,1,1,0,1,1,0,0,0.681779
0,1,1,1,1,1,0,1,0,1,1,1,0,1,1,1,1,1,1,0,0,1,0,0,1,1,0,1,0,0,0,0,0.630379
0,1,0,0,1,1,1,1,0,0,1,0,0,0,0,0,0,1,0,1,1,0,0,1,1,1,1,1,1,0,1,0,0.698963
0,1,1,0,1,0,0,1,1,0,1,1,0,1,1,1,0,1,1,1,0,0,0,1,0,0,0,0,0,1,0,0,0.619759
0,0,1,1,1,0,1,1,0,1,0,0,0,1,1,1,1,0,1,1,0,0,0,0,0,1,0,0,0,0,0,0,0.754196
1,1,0,1,0,0,1,1,1,1,0,1,0,0,0,0,1,1,0,1,1,0,0,0,0,0,1,0,0,1,1,1,0.837107
1,1,1,0,1,1,1,1,0,1,1,1,0,0,1,0,0,0,1,1,1,0,1,0,1,0,1,0,0,0,1,1,0.868168
1,1,1,0,1,0,0,1,1,0,0,0,1,0,1,0,1,1,1,1,1,0,0,0,0,0,1,1,1,1,0,1,0.584690
1,1,1,0,1,1,1,1,0,0,0,0,1,1,0,1,0,0,1,0,1,1,1,0,0,0,1,1,0,0,1,1,0.587120
0,1,0,1,0,1,1,0,1,1,0,0,0,0,0,1,0,1,1,1,0,1,0,1,0,1,1,0,0,1,0,0,0.664846
1,1,1,0,1,0,0,0,1,1,1,1,0,0,1,0,1,0,0,0,1,0,0,1,0,1,1,1,1,0,0,0,0.655127
1,1,1,0,0,1,0,1,0,1,0,0,1,0,1,1,0,1,1,1,1,0,0,0,0,0,0,1,1,1,1,1,0.582285
1,0,0,1,1,1,0,0,0,1,1,1,0,1,1,0,0,1,1,0,1,0,1,0,0,1,0,1,0,0,0,1,0.615751
0,0,0,1,1,0,0,0,1,1,0,1,1,0,0,1,1,1,0,0,1,0,0,1,0,0,0,0,0,1,0,0,0.615150
1,0,0,1,1,0,1,0,1,1,0,0,1,1,0,1,0,0,1,1,0,0,1,1,0,0,1,1,0,1,1,0,0.639672
0,1,1,1,1,1,1,1,0,0,1,1,0,0,0,1,0,0,1,0,0,1,0,1,0,0,0,1,1,0,0,0,0.829367
1,0,1,1,1,0,1,1,1,1,1,0,0,1,0,0,1,1,1,1,0,1,1,1,1,0,0,0,1,0,1,1,0.797605
1,1,0,0,0,0,0,1,0,0,1,1,0,1,0,0,0,0,1,0,1,1,0,0,1,0,1,0,0,1,0,0,0.579330
1,0,0,1,0,0,0,0,1,1,0,0,0,0,1,0,1,1,1,0,0,0,0,1,0,1,0,0,1,0,0,1,0.739617
0,0,0,0,0,1,0,0,1,1,1,0,0,0,1,1,1,1,1,1,1,1,1,0,0,1,0,1,0,1,0,1,0.707655
1,1,0,1,1,1,0,1,1,1,0,0,1,0,1,1,0,1,0,0,0,0,1,0,1,1,0,1,0,0,1,0,0.770978
1,1,1,1,1,0,1,0,1,1,0,0,0,1,1,0,0,0,0,1,0,0,1,0,1,0,1,1,1,0,1,0,0.765818
1,0,1,0,0,1,1,0,1,0,1,0,0,1,0,1,0,0,0,0,0,1,0,0,0,1,0,1,1,1,0,1,0.586419
1,1,0,0,0,1,0,0,0,1,0,1,1,1,1,1,0,1,1,1,0,1,0,0,1,1,1,1,1,1,0,0,0.693127
1,1,1,1,0,0,1,0,0,1,0,0,1,1,1,1,0,1,1,1,1,1,1,1,0,0,1,1,1,0,1,0,0.665122
1,1,0,1,0,1,1,0,0,1,0,0,1,1,0,1,0,0,0,1,0,1,0,1,0,1,0,1,1,0,0,0,0.591353
1,0,1,0,1,0,1,1,0,0,0,1,0,0,0,0,0,1,1,1,1,0,0,0,0,0,1,1,1,0,1,1,0.791669
1,0,1,1,0,0,1,1,0,1,0,0,1,0,1,0,0,1,0,0,0,0,0,0,0,1,0,1,0,1,1,0,0.631857
1,1,1,0,1,0,1,1,1,0,1,0,1,0,0,0,1,1,0,0,0,0,0,1,0,1,0,0,0,1,0,0,0.600421
1,1,1,1,1,0,0,0,0,0,0,0,0,1,1,0,1,1,0,0,1,1,1,1,1,0,1,1,1,1,1,0,0.593633
0,0,1,1,1,0,0,0,0,1,0,0,0,1,0,1,1,1,1,0,0,0,0,1,0,0,1,1,0,1,0,0,0.609188
0,1,1,0,0,0,1,0,0,0,1,0,1,1,1,1,1,0,0,0,1,0,0,1,1,1,0,0,1,0,0,1,0.622739
0,1,0,0,0,0,0,1,0,1,0,0,1,1,0,0,0,1,1,1,1,1,1,0,0,0,0,0,0,0,1,1,0.600095
0,1,1,0,1,0,1,0,0,1,0,0,0,1,1,0,1,1,1,0,0,0,1,0,1,0,1,0,0,0,0,0,0.648865
0,1,1,1,1,0,1,1,1,1,1,0,0,0,0,0,0,1,1,1,0,1,1,1,1,1,0,1,0,0,1,1,0.840614
1,0,0,0,1,0,1,0,0,0,0,0,1,1,0,0,1,1,1,0,1,0,1,0,0,0,1,0,0,0,0,0,0.511072
1,0,1,0,0,1,1,0,0,0,1,1,0,0,1,1,1,0,1,1,0,0,0,1,1,1,0,1,1,0,0,0,0.646711
0,0,0,0,0,0,0,0,1,0,1,1,0,0,0,0,0,1,0,1,1,1,1,1,1,1,1,1,0,0,0,0,0.720430
1,0,1,0,0,0,1,0,1,0,1,0,0,0,1,1,1,0,1,1,1,1,0,0,1,1,1,0,1,0,0,1,0.615851
0,0,0,0,0,0,1,0,1,0,0,0,0,0,1,0,1,1,0,0,1,1,0,0,0,1,1,1,0,1,0,1,0.582010
0,1,1,1,0,1,1,1,0,1,0,0,0,0,1,1,1,1,0,0,1,1,0,1,1,1,0,1,0,0,0,1,0.574871
0,1,0,1,1,1,0,0,0,1,0,0,1,1,0,0,1,1,0,1,1,1,0,0,0,0,0,0,1,0,0,1,0.540830
0,1,1,0,0,1,1,1,0,0,1,1,1,0,0,0,1,1,1,0,0,1,1,0,1,1,0,1,0,0,0,0,0.672086
0,0,0,1,0,1,0,0,1,1,0,0,0,1,0,1,1,1,1,1,0,0,1,0,0,0,0,1,0,1,0,1,0.684535
0,1,0,1,1,1,0,1,0,0,1,1,0,0,0,0,1,0,0,1,1,0,1,0,1,1,1,0,1,0,1,0,0.677822
1,0,1,1,0,0,0,1,0,1,1,1,0,1,1,0,0,0,1,1,1,0,1,0,1,0,0,1,1,1,0,0,0.659686
0,1,1,1,1,1,0,0,0,1,0,1,0,1,0,1,1,1,1,1,1,0,0,1,1,1,0,1,0,0,0,0,0.710385
0,0,1,0,1,0,0,0,1,0,0,0,0,0,1,0,0,1,0,0,0,1,0,0,1,0,1,0,1,0,1,0,0.573669
1,1,0,1,0,1,1,1,1,0,0,1,1,1,0,0,0,1,0,1,0,0,0,1,1,1,0,1,0,0,1,1,0.608461
1,0,1,1,0,1,0,0,1,0,0,1,0,0,0,0,0,1,1,0,1,1,1,1,0,1,1,1,0,0,1,1,0.701468
1,0,0,1,1,1,1,0,0,1,0,1,0,0,1,1,1,0,1,1,0,0,1,1,0,1,0,0,0,0,1,1,0.789965
0,1,0,0,0,1,1,0,0,0,1,1,1,0,1,0,0,0,0,0,1,1,1,1,1,0,1,0,1,0,0,1,0.605656
1,1,1,0,0,1,1,1,1,1,0,0,0,0,1,0,1,0,1,0,1,0,0,1,1,0,1,0,0,0,0,1,0.610490
0,0,0,0,1,0,0,1,0,1,0,0,0,1,0,0,1,1,0,0,1,0,1,1,1,1,0,0,1,0,0,1,0.607284
0,1,0,0,1,1,0,0,0,0,0,0,0,0,1,0,1,1,1,1,1,1,0,0,0,1,1,0,1,1,1,0,0.664195
0,1,1,0,1,1,1,1,0,1,1,0,0,0,1,0,1,0,0,0,0,1,1,1,0,1,1,1,1,1,0,0,0.584815
0,0,0,1,1,1,1,1,0,1,1,0,1,0,0,0,1,0,1,1,1,0,0,1,1,1,1,1,0,0,1,0,0.593658
0,1,1,1,1,0,0,1,1,1,1,1,0,1,0,1,0,1,1,0,1,1,0,1,1,1,1,1,1,0,1,1,0.614448
0,0,1,0,1,0,0,0,1,1,0,0,1,0,1,0,1,1,0,0,1,0,0,0,1,0,1,0,0,1,0,0,0.591729
0,1,1,0,1,1,0,0,1,0,1,0,1,0,1,0,0,1,0,0,0,1,1,0,0,0,0,0,0,1,0,0,0.588347
1,0,1,0,0,0,1,1,1,1,1,0,1,1,1,1,0,0,0,0,1,1,1,0,0,0,1,0,1,0,1,1,0.476304
1,1,0,1,1,1,1,1,1,0,1,0,1,0,1,1,0,1,1,1,0,1,0,1,1,1,1,0,0,0,1,0,0.598066
1,1,0,0,0,0,1,0,1,0,1,1,0,1,0,0,0,1,0,1,0,1,1,1,0,0,0,1,1,0,1,1,0.803492
1,1,0,1,0,1,0,0,0,0,0,0,1,0,0,0,1,0,0,1,0,0,0,0,0,0,1,0,0,1,0,0,0.591679
1,0,0,1,1,1,1,0,1,1,0,0,1,1,1,1,1,0,0,0,0,1,0,1,1,1,0,1,1,1,0,1,0.601247
0,0,0,0,0,0,0,1,0,0,0,0,1,0,0,1,1,1,1,0,0,1,0,1,1,1,1,1,1,1,1,1,0.802765
1,1,1,0,0,1,1,0,0,1,1,0,1,1,1,0,0,1,1,1,0,0,1,1,1,0,1,1,0,0,1,0,0.655153
0,0,1,0,1,1,1,1,1,0,1,0,0,1,1,1,0,1,0,1,0,1,1,1,1,0,1,0,0,0,1,1,0.886403
1,1,0,1,1,1,1,0,0,1,0,0,1,1,1,1,1,1,1,0,0,1,0,0,0,0,1,1,0,1,0,1,0.624292
0,1,1,0,0,1,0,0,1,1,0,0,0,1,0,1,0,1,0,1,0,0,0,0,0,1,1,1,1,1,0,1,0.742723
1,0,0,0,0,0,1,1,1,0,1,0,1,1,1,0,0,1,0,1,1,1,0,0,1,1,0,1,1,0,0,0,0.600847
0,0,0,1,1,0,1,1,1,1,0,0,0,0,0,0,0,0,1,1,1,0,0,1,0,1,1,1,0,1,1,1,0.718251
0,1,1,1,1,0,1,0,1,0,1,1,0,1,0,1,0,0,1,0,1,0,0,1,0,1,0,1,0,1,0,1,0.583262
1,1,1,1,0,1,1,1,0,1,0,1,0,0,0,0,1,0,0,0,0,1,1,1,1,1,1,1,1,0,0,0,0.597766
1,0,1,1,0,1,1,0,1,0,1,0,0,1,0,1,0,0,0,0,0,0,0,1,0,0,0,1,0,1,0,1,0.608887
0,1,0,1,0,0,0,1,0,1,1,0,0,0,1,1,0,1,1,1,1,1,0,0,1,0,0,0,1,1,0,0,0.673438
0,1,0,0,1,0,0,1,0,1,1,0,0,1,0,0,1,0,0,0,0,0,1,0,1,0,0,1,1,1,0,0,0.588999
1,0,0,1,1,1,0,1,0,0,0,1,1,0,0,0,0,1,1,1,1,1,0,0,0,1,1,0,0,1,0,0,0.638044
1,1,1,1,0,0,1,1,1,1,0,0,0,0,1,1,0,0,1,1,0,1,0,1,0,0,1,0,0,1,0,0,0.878388
1,1,0,1,0,1,1,0,1,0,1,0,1,0,1,1,1,1,0,0,0,1,1,0,0,1,0,1,1,0,0,1,0.617078
1,0,0,1,0,0,0,1,0,1,1,0,0,0,0,1,0,1,1,0,0,1,0,0,0,0,0,1,0,0,1,0,0.597089
0,1,0,0,0,0,1,1,0,0,1,0,1,0,1,1,1,1,0,1,1,0,1,1,0,0,1,0,1,1,0,0,0.614849
0,1,0,0,0,0,1,1,0,0,0,1,0,0,1,1,1,1,1,1,1,1,0,0,0,1,1,0,0,0,0,1,0.667226
1,0,0,1,0,1,0,0,0,0,0,0,1,1,1,1,0,0,0,0,0,0,1,0,0,0,1,0,1,0,1,1,0.585692
0,0,1,0,1,0,1,1,1,0,1,1,1,1,1,0,0,0,1,1,1,0,1,1,0,1,0,0,0,0,1,0,0.594960
1,1,0,0,0,0,0,0,0,1,1,0,1,1,0,1,1,0,1,1,0,0,0,0,1,1,1,1,1,0,0,1,0.670407
1,1,0,1,1,0,1,1,1,1,1,1,1,1,0,1,0,1,0,0,0,0,1,1,1,0,0,1,0,1,0,0,0.594184
1,1,0,0,1,0,0,0,0,1,1,1,1,1,1,0,0,0,0,1,1,1,1,1,1,0,1,1,1,0,0,1,0.594384
1,1,0,0,1,0,1,0,1,0,1,0,1,1,1,0,0,1,1,0,1,1,1,1,1,1,1,1,1,0,1,1,0.639297
1,0,1,1,1,1,1,0,0,0,0,1,1,1,1,1,1,1,0,0,0,1,0,1,1,0,1,0,0,1,1,0,0.593683
1,1,0,1,1,1,0,1,1,0,1,1,1,1,0,1,1,1,1,1,1,0,0,1,0,1,0,0,0,0,0,0,0.629377
1,0,0,0,0,1,1,1,1,0,0,0,0,1,0,0,0,0,0,0,1,1,0,0,0,0,1,1,0,1,1,0,0.653900
1,1,0,0,1,0,1,1,0,1,0,0,0,0,0,1,0,0,1,1,1,0,0,0,0,1,1,0,0,0,0,0,0.623691
1,0,0,1,0,1,1,0,1,0,1,0,0,0,0,0,1,1,1,1,0,1,1,1,0,1,0,0,0,1,1,0,0.650619
1,0,1,0,0,0,1,0,1,0,0,0,0,1,0,1,1,0,0,0,1,1,0,1,1,1,1,0,0,0,0,0,0.585341
0,0,1,0,1,0,1,0,1,1,0,1,0,0,0,1,1,0,1,1,0,1,0,1,0,1,1,1,0,0,0,1,0.717875
1,0,0,0,1,1,1,0,1,0,0,1,0,1,1,1,1,0,0,0,1,1,0,1,1,0,0,0,0,1,0,1,0.567782
1,1,1,1,1,1,0,1,1,1,1,0,1,0,0,1,1,1,1,1,1,0,0,0,1,1,0,0,1,0,1,1,0.579480
0,0,1,1,1,1,1,0,0,1,0,0,1,1,1,0,0,1,1,0,1,0,0,0,1,1,0,0,0,1,1,1,0.725966
0,1,0,1,0,0,1,0,1,0,0,0,0,0,1,1,1,0,1,1,1,1,1,1,1,1,0,1,1,1,0,0,0.628175
0,0,1,1,0,1,0,1,1,1,0,0,0,1,1,0,0,0,0,1,0,1,1,0,1,1,0,1,0,0,1,1,0.665673
0,1,1,1,1,0,1,0,0,0,0,0,1,0,1,1,0,1,0,1,1,0,1,0,0,1,0,0,1,0,0,0,0.595837
0,1,0,1,0,1,1,1,0,0,1,1,0,0,0,1,0,1,0,0,0,0,1,1,1,0,1,1,0,1,0,0,0.649967
1,0,0,1,0,1,1,1,0,0,1,1,0,0,1,1,0,0,1,0,0,1,0,1,1,1,0,0,1,1,0,1,0.579931
0,0,0,0,0,0,0,1,0,1,1,1,1,0,0,1,1,0,1,0,0,1,0,0,1,1,0,1,1,1,1,1,0.795752
0,0,1,1,0,1,0,1,0,0,1,0,1,1,0,1,0,0,0,0,1,1,1,1,1,0,1,0,1,0,0,1,0.639697
1,1,0,0,0,0,0,0,1,0,1,0,0,1,1,1,1,1,1,1,1,0,1,0,1,0,0,0,0,1,1,0,0.667552
1,0,1,0,0,1,0,1,0,1,1,1,1,1,0,0,0,1,1,0,1,1,0,0,0,0,1,1,1,1,0,1,0.752392
0,0,1,0,0,0,1,0,0,1,1,0,0,1,0,1,1,0,1,1,1,0,1,0,1,0,0,1,1,1,0,1,0.754346
0,1,1,0,0,1,0,0,1,1,1,0,1,0,1,0,0,0,1,1,1,1,1,0,0,0,1,1,0,0,1,0,0.579129
0,1,1,1,0,0,0,0,0,0,0,1,1,1,1,0,1,1,1,0,0,1,0,1,0,1,1,1,0,1,1,0,0.798031
1,1,0,1,0,1,0,0,0,0,1,1,0,1,0,0,1,1,1,0,0,1,1,1,0,0,1,0,0,0,0,0,0.595812
0,0,0,0,0,0,1,1,1,1,0,0,0,0,0,1,0,1,1,0,1,0,1,0,0,1,0,1,1,0,0,1,0.572967
1,0,0,0,1,1,0,1,0,1,0,0,1,1,0,0,1,1,0,1,0,1,0,1,1,0,0,1,1,1,1,0,0.566204
0,1,1,0,1,1,0,1,0,0,0,0,1,1,0,1,0,0,1,1,1,1,0,1,0,0,0,1,1,0,1,1,0.547342
1,1,1,0,1,1,0,0,1,1,1,0,1,1,0,1,0,1,1,0,1,1,0,0,0,0,1,0,1,1,0,1,0.596663
1,1,1,0,0,1,1,1,1,0,0,1,0,1,1,0,1,0,0,0,0,0,1,0,1,1,1,0,1,1,1,0,0.595286
1,0,1,1,0,1,1,0,1,0,1,0,1,1,0,0,1,1,0,1,1,0,1,0,1,1,0,1,1,1,1,0,0.589750
0,0,1,1,1,1,0,1,1,1,1,1,0,1,1,0,1,0,1,0,0,0,1,1,1,1,0,1,0,1,1,0,0.613020
1,1,1,1,0,1,0,0,0,1,0,0,1,0,1,0,1,0,0,1,0,0,1,1,0,1,0,0,0,0,1,0,0.747733
0,1,0,1,1,1,0,1,0,1,0,1,1,1,1,0,0,0,1,0,0,1,0,1,0,1,0,0,1,1,1,1,0.777266
1,0,1,0,1,1,0,1,1,1,1,1,0,0,1,0,0,1,0,1,0,0,1,0,0,1,1,1,1,1,1,0,0.661139
0,1,0,1,1,0,0,0,0,1,1,0,1,1,0,0,0,0,1,0,1,1,0,0,0,1,1,0,1,1,1,1,0.785607
1,1,0,1,0,1,0,0,0,0,1,0,0,0,1,0,1,0,0,1,0,1,1,1,1,0,1,0,1,1,0,1,0.619007
1,0,1,0,0,0,0,1,0,0,0,0,0,0,0,0,1,1,1,1,0,0,1,0,0,0,1,0,1,1,1,1,0.788513
1,1,1,0,0,1,0,1,1,0,0,1,1,1,0,0,0,0,0,1,1,1,1,1,0,1,1,1,1,1,1,0,0.669631
0,1,0,0,1,0,0,0,0,1,1,1,1,0,1,1,1,0,1,1,1,1,1,0,1,1,1,1,1,0,0,0,0.608687
0,0,1,0,0,0,0,0,1,1,0,0,0,1,0,1,1,0,0,0,0,1,0,1,1,0,0,0,1,1,0,1,0.585141
0,1,1,1,1,0,1,1,1,1,0,0,0,0,1,1,1,1,1,1,0,1,1,1,0,1,1,0,1,0,1,0,0.716447
0,1,1,0,1,1,1,1,1,0,1,1,0,1,0,0,1,1,1,1,1,1,0,1,0,0,1,1,1,0,1,0,0.805771
1,0,0,0,1,0,1,1,1,1,0,1,1,1,1,0,1,0,1,1,1,1,1,1,1,1,0,0,1,1,0,1,0.576023
0,0,1,1,1,0,0,1,0,0,1,1,0,0,1,1,0,1,1,1,1,1,1,1,1,0,0,1,0,1,0,1,0.671234
1,0,1,1,1,1,1,0,1,1,0,1,1,0,1,0,1,1,1,1,0,0,0,1,1,1,1,0,0,0,0,1,0.600195
1,0,1,1,0,1,0,0,1,0,0,0,0,1,1,1,0,0,0,1,0,1,1,0,0,1,1,0,1,1,0,1,0.651696
1,0,0,0,0,1,0,0,0,1,0,0,1,0,0,0,0,1,1,0,1,1,0,0,0,0,1,0,1,1,0,0,0.637919
0,1,1,0,1,0,0,1,0,0,0,0,0,1,1,0,1,1,0,1,1,0,1,1,0,1,0,0,0,0,1,0,0.656906
0,1,1,1,0,0,1,0,1,0,0,1,0,0,1,1,0,0,0,1,0,0,0,1,1,1,1,1,1,1,0,1,0.622689
0,0,0,1,1,0,1,1,1,0,1,0,1,0,0,1,0,1,0,0,1,1,0,0,1,0,1,0,1,1,0,0,0.557938
0,0,1,1,1,0,0,1,1,1,0,0,1,0,1,0,1,1,0,1,1,1,0,1,1,0,0,1,0,0,1,0,0.599995
1,1,1,1,0,0,1,1,1,1,0,0,1,1,1,0,0,1,1,0,0,0,1,1,0,1,0,1,1,1,0,1,0.619733
1,1,1,0,0,1,1,0,1,0,1,1,0,1,1,1,0,0,0,0,0,0,1,0,0,1,1,1,0,1,1,1,0.581133
0,0,1,1,0,1,1,1,0,0,0,1,0,0,0,1,1,0,0,1,1,0,1,1,0,1,1,0,0,0,1,1,0.699213
1,0,1,0,1,0,0,1,0,1,1,0,1,1,1,0,0,0,0,1,1,1,1,1,1,1,0,1,0,0,1,1,0.644382
1,1,1,1,1,1,1,0,1,1,1,1,1,1,1,0,0,1,0,0,1,0,0,0,1,0,1,1,0,1,1,0,0.625319
0,0,1,0,0,1,0,0,0,0,0,1,0,0,0,0,1,1,0,0,1,1,0,1,0,1,1,0,1,1,1,1,0.660388
1,0,1,0,0,1,1,1,0,1,1,0,1,0,0,1,1,1,0,0,1,0,0,1,1,1,0,0,1,1,0,0,0.602400
0,1,1,0,1,0,0,0,1,1,1,1,1,0,1,1,1,0,0,1,0,1,1,0,0,1,0,1,1,0,0,0,0.608436
1,1,1,1,0,1,1,1,0,1,0,1,0,1,1,0,1,1,0,0,1,1,1,1,0,0,1,1,1,1,0,1,0.691098
1,1,0,1,1,1,0,1,1,0,0,1,0,0,0,1,1,1,0,0,1,0,0,1,0,1,0,0,0,0,0,0,0.642628
0,0,1,0,0,0,1,1,1,1,1,0,0,0,0,1,1,1,0,1,0,0,1,1,0,1,1,0,1,1,1,0,0.615225
1,0,1,1,1,0,1,0,1,1,0,0,0,1,0,0,1,0,1,1,1,0,0,1,0,0,1,0,1,1,1,1,0.784254
1,0,0,1,0,1,1,0,0,0,1,1,0,1,1,0,0,1,1,0,1,0,0,0,0,0,0,0,1,1,1,0,0.640975
0,1,1,1,0,1,1,0,0,1,0,0,0,1,1,0,0,1,1,0,1,1,1,1,1,1,0,1,1,1,1,1,0.548870
0,1,0,1,1,1,0,0,0,1,0,1,1,0,1,0,1,1,0,0,1,0,0,0,1,1,0,1,0,1,0,1,0.812509
1,0,1,1,0,1,1,0,1,0,0,0,1,1,1,1,0,1,1,0,0,1,1,0,1,0,0,0,0,1,1,1,0.607259
1,1,0,1,0,1,1,0,1,0,1,0,1,0,1,0,0,1,1,1,0,1,0,0,1,0,1,0,0,0,0,0,0.637543
1,1,1,0,1,1,0,1,1,0,0,0,0,1,0,1,1,1,1,1,0,1,1,0,0,0,0,1,0,0,1,1,0.639447
0,0,1,0,0,0,1,1,1,0,0,0,0,1,1,1,0,0,0,0,0,1,1,1,0,1,0,1,1,1,0,1,0.566204
0,0,0,0,1,0,0,0,1,1,1,0,1,0,0,0,0,0,0,0,0,0,0,0,1,1,1,1,0,1,0,0,0.854466
0,1,0,0,0,1,0,0,0,0,0,0,1,0,0,1,1,1,1,0,1,0,0,1,1,1,0,0,0,0,1,1,0.797555
0,1,1,1,0,1,0,1,0,0,0,1,0,0,0,0,0,1,1,0,1,1,0,1,0,0,1,1,1,0,0,1,0.601172
0,0,0,1,1,0,1,0,0,1,0,0,1,0,0,0,1,0,1,1,0,0,0,0,0,0,1,1,1,0,1,0,0.631506
1,1,1,1,0,1,1,0,0,0,1,1,0,0,1,1,1,1,0,1,0,1,1,1,1,0,0,0,1,0,0,1,0.810856
0,0,0,0,1,1,1,1,0,0,0,1,0,0,0,1,0,0,0,0,1,1,0,1,1,0,0,0,1,0,1,0,0.501177
0,0,1,0,1,1,0,0,0,0,0,0,1,0,1,1,0,0,0,1,0,0,1,0,1,1,0,1,1,0,1,1,0.598191
1,0,0,1,0,0,0,0,1,1,0,0,0,1,1,1,0,1,0,1,1,0,0,0,0,0,0,0,0,0,0,1,0.685862
0,1,1,0,1,1,1,0,0,1,1,0,0,0,0,0,1,1,1,1,0,0,0,0,1,1,0,0,1,0,0,0,0.620234
0,1,1,0,0,1,1,0,0,0,1,1,1,1,1,0,0,0,0,1,1,0,0,0,1,1,0,1,1,1,0,1,0.617254
0,0,1,0,0,1,0,0,1,1,0,1,0,0,0,0,0,1,1,0,1,0,1,0,1,1,1,1,1,1,1,1,0.731501
0,0,0,1,1,0,0,0,0,1,0,1,0,1,0,0,0,0,1,0,1,1,1,1,0,1,0,1,1,0,0,0,0.567431
1,0,1,0,1,0,0,0,0,0,0,1,1,0,1,1,0,0,1,1,0,0,1,1,1,1,0,0,1,1,0,1,0.596263
1,0,0,1,0,0,0,0,1,0,0,0,1,1,0,1,0,0,1,0,1,1,1,0,0,0,1,1,1,0,1,1,0.635765
0,0,1,1,1,0,0,1,0,0,0,0,0,1,1,0,1,0,0,1,1,0,1,1,0,0,0,1,0,0,1,1,0.714067
0,0,1,0,1,0,1,0,1,0,0,1,0,0,1,1,1,0,0,1,0,1,1,0,1,1,0,0,0,0,0,0,0.613321
0,0,1,1,1,0,0,0,1,0,1,1,0,0,0,0,1,1,0,0,0,0,0,1,1,0,0,0,0,0,1,0,0.583563
0,1,1,0,1,1,1,0,0,0,1,1,1,0,0,0,1,1,1,1,1,1,0,0,0,0,1,0,1,1,1,0,0.626447
0,0,1,0,1,1,0,1,0,1,0,1,1,0,1,0,1,1,1,1,0,1,1,0,0,1,0,1,1,0,0,0,0.604930
0,1,0,0,0,0,0,0,0,1,1,1,1,1,0,0,1,1,1,1,0,0,0,1,0,0,0,1,1,0,0,1,0.573318
0,1,1,1,0,1,1,1,1,0,0,0,0,1,0,0,1,1,0,1,1,0,1,1,1,0,1,0,0,0,0,0,0.818922
1,1,1,1,1,1,1,1,1,0,0,0,1,1,0,1,0,0,0,0,1,1,1,1,0,1,1,0,1,1,1,1,0.565979
0,1,1,1,1,1,1,1,0,1,1,0,1,0,0,0,1,0,0,1,0,0,1,0,0,0,0,0,0,1,0,1,0.621487
1,1,1,0,1,1,1,0,0,0,0,1,0,1,1,0,0,1,1,0,0,1,0,1,1,0,0,0,1,1,0,0,0.624042
1,1,1,1,1,0,0,1,1,0,0,1,0,0,1,1,0,1,0,0,1,1,1,0,1,1,1,1,0,0,0,0,0.610040
0,0,0,0,1,1,1,1,1,1,1,1,0,0,1,1,0,1,0,1,0,0,1,1,1,0,0,1,1,1,0,1,0.802114
0,0,1,0,1,1,0,1,0,0,1,0,0,1,0,1,0,0,0,0,0,0,0,1,1,0,1,1,1,1,0,1,0.577075
1,0,1,1,0,0,0,1,1,0,0,0,0,1,1,1,1,0,0,1,0,0,0,1,1,0,1,1,0,1,0,0,0.626271
0,0,0,0,1,1,0,0,0,1,1,1,1,0,1,1,0,1,0,1,1,1,0,1,0,1,0,0,1,1,1,1,0.565979
1,1,0,0,0,0,0,0,0,0,0,1,1,1,1,0,1,0,1,1,1,1,1,1,1,1,0,0,0,0,1,1,0.712264
0,0,1,0,0,0,0,1,1,0,1,0,1,1,0,0,1,0,1,0,0,0,1,1,0,0,1,1,0,1,0,0,0.588447
1,1,1,0,1,0,1,0,0,0,0,1,1,0,0,0,0,0,0,1,1,0,1,1,0,0,0,0,0,0,0,1,0.708106
0,1,0,0,0,0,1,1,1,0,1,1,1,0,0,0,1,1,1,0,1,1,1,0,0,1,1,0,0,0,1,1,0.605907
1,0,1,1,0,1,0,0,0,0,1,0,0,1,1,1,0,0,0,1,1,1,0,0,1,0,1,0,1,1,0,1,0.665999
0,0,1,1,0,1,1,0,0,0,1,1,0,1,0,1,0,1,1,0,1,1,0,0,1,1,0,0,1,1,1,0,0.602224
1,0,1,0,1,1,1,0,1,1,1,1,1,0,0,0,1,0,0,0,1,1,1,0,0,0,1,0,1,1,0,1,0.568158
1,1,1,1,0,1,1,0,0,0,0,1,1,1,1,0,1,0,0,0,1,1,1,1,1,0,1,1,0,1,0,1,0.606608
0,1,1,1,0,1,1,0,0,1,0,0,1,1,1,1,0,0,0,1,0,1,1,1,1,1,0,1,1,1,1,1,0.519162
1,1,1,1,0,0,0,1,0,1,1,0,1,1,0,1,1,0,0,1,0,1,0,1,1,0,1,0,0,1,0,1,0.589174
1,1,1,0,0,0,0,1,1,0,1,1,0,1,0,1,1,0,1,0,0,0,0,1,0,0,1,1,0,0,0,0,0.588999
0,0,1,0,1,1,1,0,0,0,0,1,1,0,1,0,0,1,1,0,0,1,0,1,1,1,1,0,1,0,0,1,0.604178
0,1,0,1,1,1,0,0,1,1,0,0,1,0,1,0,1,0,0,1,1,0,0,0,1,0,1,0,0,0,0,1,0.591503
0,0,0,1,1,0,1,1,1,0,0,1,1,1,0,1,0,1,0,1,0,0,0,1,0,1,1,1,0,0,1,1,0.587621
0,0,0,1,1,1,1,1,0,1,1,1,1,0,1,0,0,0,1,0,1,0,1,0,0,0,1,0,1,1,0,1,0.556585
0,1,1,1,0,0,0,1,1,0,1,1,0,0,1,0,1,0,0,0,0,0,0,1,1,1,1,0,1,1,1,0,0.603427
1,0,1,1,1,1,0,0,1,1,0,1,0,1,1,1,0,1,1,0,1,1,0,0,0,0,0,1,0,1,1,1,0.587997
1,0,1,0,0,1,0,1,1,0,1,0,0,1,0,0,0,0,0,1,1,0,1,1,1,1,0,1,1,0,1,1,0.679776
0,1,0,1,1,1,1,1,0,0,0,1,0,1,1,1,0,1,0,1,1,1,0,1,0,0,0,1,1,0,0,1,0.802415
0,1,1,0,0,1,1,0,0,1,0,1,1,0,1,1,0,1,1,0,0,1,1,0,1,0,1,0,1,1,1,1,0.594985
1,0,0,0,1,1,0,1,0,1,0,0,0,0,1,1,1,0,0,0,1,1,1,0,1,1,1,0,1,0,1,1,0.577401
0,1,1,1,1,0,1,0,0,0,1,0,0,1,0,0,0,1,1,0,0,0,0,0,1,1,1,1,1,1,0,1,0.596363
1,1,1,1,1,0,1,1,1,1,0,0,1,1,1,1,1,0,1,0,0,0,0,0,1,0,1,1,1,1,1,1,0.579029
0,0,1,0,1,0,1,0,1,1,1,0,1,0,1,0,1,1,0,0,0,1,1,1,1,1,1,1,1,0,0,1,0.651095
1,0,1,0,0,0,1,1,1,1,1,1,0,0,1,0,0,1,1,0,0,0,1,0,0,0,0,1,1,1,1,1,0.646511
1,1,1,0,0,1,0,0,1,1,1,0,1,1,1,0,0,1,1,0,1,0,1,0,0,1,0,0,1,1,0,0,0.837683
0,1,0,0,0,0,1,0,0,1,1,1,1,0,0,1,0,1,1,1,0,1,1,1,0,1,1,0,1,1,1,1,0.550949
0,0,0,0,1,0,1,1,0,1,1,1,1,0,0,1,1,0,1,1,0,0,1,1,1,1,0,0,1,1,0,0,0.593582
1,0,0,0,0,0,0,0,1,0,1,0,1,0,1,0,1,1,1,0,1,0,0,1,0,1,1,0,0,1,0,1,0.819122
1,0,1,1,1,1,0,0,1,1,0,0,1,0,0,1,1,1,0,1,1,1,1,0,0,1,0,0,0,0,1,0,0.604930
1,0,0,1,0,1,1,0,1,0,1,0,0,1,1,0,0,1,1,1,1,0,0,1,1,1,0,1,1,1,0,1,0.637117
0,1,1,0,0,0,1,1,0,0,0,1,1,0,0,1,0,0,1,0,0,0,1,1,1,1,0,0,0,1,0,1,0.611367
0,1,0,0,1,1,0,0,0,0,1,0,0,0,1,0,0,0,1,1,1,1,1,1,0,1,0,0,0,0,0,1,0.661941
0,0,1,0,0,1,1,0,0,1,1,0,0,0,1,0,0,0,1,1,0,0,0,0,1,0,0,1,0,1,0,0,0.809303
1,1,1,1,1,0,1,1,1,1,1,0,1,1,1,0,1,1,0,0,1,1,1,1,1,0,1,0,1,1,0,1,0.546441
1,1,0,0,1,0,0,0,0,0,0,0,1,0,1,0,1,1,1,0,0,0,0,1,0,0,1,1,0,1,0,1,0.599870
0,1,1,1,1,1,0,0,0,1,0,0,1,0,0,1,0,1,0,1,1,0,1,0,0,0,1,1,0,1,1,0,0.599244
0,0,1,0,0,0,0,0,1,1,1,0,1,0,1,1,0,0,0,1,0,0,1,1,0,0,1,1,0,1,1,1,0.564100
1,0,0,0,0,0,1,1,0,1,1,0,1,0,0,0,0,0,1,0,1,1,1,0,1,0,0,1,0,0,0,1,0.591303
0,1,0,0,0,1,1,1,0,0,1,0,1,0,0,1,0,1,0,1,0,1,1,1,0,0,0,1,0,1,0,1,0.653349
1,1,0,1,1,1,0,1,1,1,0,1,1,0,1,1,0,1,0,1,1,0,0,0,0,0,1,0,1,1,0,1,0.580282
0,0,0,1,0,1,1,0,0,0,0,0,1,1,0,1,1,1,1,1,0,0,1,1,0,1,0,1,1,1,0,0,0.600646
0,1,0,1,1,0,1,0,0,0,1,0,1,1,1,0,1,1,0,1,1,0,1,1,0,0,0,1,0,0,1,0,0.665222
0,0,1,1,0,0,0,0,0,0,0,0,0,0,0,1,1,0,0,0,0,0,0,0,1,1,1,0,0,1,1,1,0.655854
1,1,1,1,0,0,0,1,1,0,1,0,1,1,0,1,0,0,0,1,0,0,0,0,0,0,1,0,0,1,1,1,0.580407
0,0,0,1,1,1,0,0,1,0,1,1,0,0,1,0,0,0,1,0,0,1,1,1,0,1,0,0,0,1,0,0,0.664571
1,1,0,0,0,1,0,0,0,0,1,1,0,0,0,1,1,1,1,0,0,0,0,0,1,0,1,1,0,1,1,1,0.599770
1,1,0,1,0,0,1,0,1,0,1,1,1,0,1,1,1,1,0,0,0,0,1,1,0,1,0,1,0,0,1,0,0.641802
0,1,1,1,1,1,0,0,0,1,0,1,1,1,0,0,0,0,1,0,1,0,1,0,1,0,0,1,1,0,0,1,0.606934
0,1,0,1,0,1,1,1,0,0,0,0,0,1,0,0,0,1,1,0,1,1,0,1,1,1,1,1,0,1,0,1,0.593482
0,1,0,0,0,1,0,0,1,0,1,1,0,1,0,1,0,1,1,1,1,0,0,0,0,0,1,1,0,1,0,0,0.673188
0,1,1,1,0,0,0,0,1,1,1,0,0,0,1,0,1,1,0,1,0,0,1,1,0,1,1,0,0,0,1,0,0.687365
1,1,1,1,1,0,1,0,0,1,0,0,0,0,1,1,0,1,1,0,1,1,1,1,1,1,0,0,1,1,0,1,0.582686
0,1,1,1,1,0,0,1,1,1,0,0,1,1,0,0,1,0,1,0,1,1,1,0,1,1,0,1,0,0,0,0,0.794199
1,0,0,0,1,1,1,1,1,1,1,0,0,0,1,0,1,0,1,0,0,1,1,1,0,0,0,1,1,0,1,1,0.617805
1,0,1,1,0,1,0,0,0,1,0,1,1,1,1,1,1,0,1,1,1,0,0,1,0,1,0,0,1,1,0,1,0.588748
1,1,0,0,1,0,0,0,1,0,1,0,0,0,1,0,0,1,1,0,0,0,0,1,0,1,0,0,1,0,1,0,0.676269
0,1,1,0,1,1,1,0,0,0,0,1,0,1,1,1,1,0,1,1,1,1,1,1,0,1,1,0,1,1,1,1,0.544111
1,0,1,0,1,0,1,1,0,0,0,1,0,1,0,1,1,1,0,0,1,1,0,1,0,1,0,1,1,0,0,1,0.580757
0,1,0,1,1,1,1,0,1,1,1,0,0,1,0,0,0,1,1,0,1,1,1,0,0,0,0,1,0,0,1,1,0.641225
1,0,0,0,0,1,0,1,1,1,1,1,1,0,1,0,1,0,1,1,0,1,0,1,1,1,0,0,1,1,0,0,0.628701
0,1,0,1,0,1,0,0,1,1,0,1,0,1,1,0,0,0,1,0,1,1,0,0,0,0,0,1,1,1,0,0,0.582311
0,0,1,0,1,0,0,0,1,1,1,0,1,0,1,1,1,0,0,0,1,1,1,0,0,1,0,1,0,0,1,0,0.798131
0,0,0,1,0,0,1,0,1,1,0,1,1,1,1,1,0,0,0,0,1,1,1,0,1,1,0,1,1,0,1,1,0.632959
1,0,0,1,0,1,1,1,0,0,1,0,1,1,1,0,1,0,1,0,0,1,0,1,0,1,1,0,0,0,0,0,0.616001
0,1,0,0,0,1,0,0,1,0,0,1,0,1,1,1,1,0,1,0,1,0,1,0,0,1,1,1,1,0,1,1,0.647362
0,1,1,1,1,0,1,0,0,0,0,0,0,0,1,1,1,0,1,1,0,1,1,0,0,1,0,0,0,0,0,0,0.759606
0,1,1,1,0,1,1,1,0,0,1,1,1,1,0,1,0,1,1,1,1,1,1,1,0,1,1,0,1,1,1,0,0.571114
0,1,1,1,1,1,1,0,0,1,0,0,0,0,1,0,0,1,1,0,1,1,0,1,0,0,0,1,0,0,0,1,0.658209
0,0,1,1,0,1,0,0,1,1,0,1,0,1,0,1,0,1,0,1,1,0,1,0,0,0,0,1,0,1,0,0,0.678749
0,0,0,1,0,0,0,1,1,1,0,1,1,1,0,0,0,1,0,0,0,1,0,0,0,0,1,1,1,1,1,1,0.703121
1,0,0,0,1,1,0,1,1,0,0,0,1,0,1,1,0,0,0,1,0,1,0,1,1,1,0,0,1,1,0,1,0.588573
1,1,0,1,1,0,0,1,0,1,1,0,1,0,0,0,1,1,1,1,1,0,1,0,0,1,0,1,0,0,1,0,0.645559
1,1,1,0,0,0,0,1,0,1,1,0,1,1,1,1,0,0,0,1,1,0,1,0,0,0,0,1,1,0,0,1,0.588147
0,0,1,0,0,0,0,1,1,1,1,1,0,1,1,0,0,1,0,1,1,1,1,1,0,0,1,1,0,1,0,1,0.649391
0,1,1,0,0,1,1,1,1,0,0,1,1,0,1,0,1,0,0,1,0,0,0,0,0,1,0,0,0,0,1,1,0.600396
0,0,1,1,0,0,1,0,0,1,0,0,0,1,1,1,1,1,1,1,0,1,1,1,1,0,1,0,1,0,0,1,0.789665
0,0,1,1,1,0,0,1,0,0,0,1,0,0,0,0,0,1,1,1,0,0,0,0,0,1,0,1,0,0,0,0,0.720856
0,0,0,1,0,0,0,1,0,0,1,0,1,1,0,0,0,0,1,1,0,0,1,0,0,1,1,1,1,0,1,1,0.635665
0,0,1,1,0,1,1,0,1,0,0,0,1,0,0,1,0,1,0,1,0,0,0,0,0,1,0,1,1,1,1,1,0.588247
1,0,1,1,1,0,0,0,0,0,0,1,1,0,0,1,0,1,0,0,0,0,0,0,0,1,1,1,1,1,1,0,0.770828
1,1,1,1,1,1,1,0,1,1,0,1,1,1,1,1,1,1,0,0,1,0,1,1,0,0,1,0,1,1,0,1,0.542157
0,0,1,1,1,1,1,1,1,0,1,1,0,0,0,0,1,1,0,0,1,0,1,0,1,1,0,0,0,0,1,0,0.593056
0,1,0,0,0,0,0,0,0,0,0,1,1,0,0,1,0,0,1,1,0,1,0,1,0,1,1,1,1,0,1,1,0.677120
0,0,0,1,0,0,0,1,1,0,0,0,1,0,0,0,1,1,1,1,1,0,1,1,1,1,1,0,1,1,1,1,0.620360
1,0,0,0,0,1,1,1,0,0,1,0,0,1,1,0,1,0,0,0,0,1,0,1,1,1,0,0,0,0,0,0,0.592581
1,1,0,1,0,0,1,0,1,1,1,1,1,1,0,1,0,0,1,1,1,1,0,0,1,0,1,1,0,1,0,0,0.727293
1,0,1,0,1,0,1,1,1,1,1,0,0,1,1,0,1,0,1,0,0,1,0,1,0,1,1,0,0,0,0,0,0.590902
0,0,1,0,1,1,1,0,0,0,0,1,1,0,0,0,1,0,1,0,0,1,0,0,1,0,0,0,1,1,0,0,0.583713
1,1,1,1,1,1,1,1,1,0,1,0,0,1,1,0,0,1,1,0,0,0,0,1,1,0,1,0,0,0,0,0,0.619508
1,1,0,1,0,0,0,0,1,1,1,1,1,0,1,1,1,1,1,0,1,0,1,1,0,1,1,1,1,0,1,1,0.783603
0,0,1,1,0,0,0,0,0,0,1,1,1,0,0,0,1,1,1,1,0,1,1,1,0,1,0,0,1,1,0,1,0.631757
1,1,1,0,1,1,0,1,0,1,1,0,0,0,0,0,1,0,0,1,1,0,0,1,1,0,0,1,0,1,1,1,0.674666
0,0,1,0,0,0,0,1,0,1,1,1,0,0,0,0,1,1,1,0,0,0,0,0,0,1,0,0,1,1,0,0,0.674666
1,0,0,0,0,0,0,1,1,1,0,0,1,0,0,1,0,1,0,0,1,1,0,0,1,1,0,0,0,0,1,1,0.823706
0,0,0,1,0,1,0,0,1,0,1,1,0,0,1,0,0,0,1,0,1,1,1,0,1,0,0,0,1,0,1,0,0.572867
1,1,0,1,1,1,0,0,1,1,1,0,1,0,0,0,1,1,1,0,0,0,1,1,1,0,0,0,0,1,0,0,0.611016
1,0,1,1,0,1,0,0,0,1,1,0,0,0,0,0,1,0,1,0,1,0,0,1,1,1,0,1,1,0,0,0,0.657632
1,1,1,0,0,0,0,0,0,1,0,1,0,0,1,1,0,0,0,1,1,0,1,0,0,1,0,0,0,0,1,1,0.673313
0,1,1,0,1,1,0,1,1,1,1,0,0,0,0,1,1,1,1,1,0,0,1,1,1,0,1,1,1,0,0,0,0.635589
1,1,0,1,0,0,0,1,0,1,0,0,1,0,0,1,0,0,0,0,0,1,0,0,0,0,1,1,1,0,1,1,0.584289
0,1,0,0,1,1,0,0,0,0,1,1,0,0,0,1,0,0,1,1,1,0,0,1,0,1,0,0,1,1,1,1,0.671008
1,1,0,0,1,0,0,0,0,0,0,1,0,1,0,0,1,0,1,1,0,0,1,1,0,1,0,0,0,1,1,1,0.676970
1,1,0,0,1,0,0,0,0,0,1,0,0,1,1,0,0,0,0,1,1,1,0,1,1,0,0,0,1,1,1,1,0.592355
0,1,0,1,1,0,0,0,0,0,0,1,1,0,1,1,0,1,1,0,1,1,0,0,1,0,0,0,1,0,0,0,0.594760
0,0,1,0,0,1,0,1,1,0,1,1,1,1,0,1,1,1,0,0,1,0,1,1,1,1,0,1,0,1,1,0,0.796102
0,1,1,0,1,1,0,1,1,0,1,0,0,0,0,1,0,1,1,0,0,0,0,1,0,1,0,1,1,1,1,0,0.616302
1,1,0,1,1,1,1,0,1,1,0,0,1,1,1,0,0,1,1,0,0,1,0,0,1,1,0,0,0,1,0,1,0.735033
0,1,1,1,1,1,0,1,1,1,0,0,0,1,1,0,0,1,1,1,0,0,0,1,0,0,0,1,0,0,0,0,0.630079
0,0,1,0,1,1,1,1,0,1,1,0,1,1,1,0,1,0,1,0,0,0,0,1,0,0,0,0,0,1,0,0,0.510120
0,1,1,1,1,0,0,1,0,1,1,1,0,1,0,1,0,1,0,1,1,0,1,1,0,0,1,1,1,0,0,0,0.690296
0,0,0,0,0,1,1,1,0,0,0,1,1,0,1,0,1,0,0,0,1,0,0,1,1,0,0,0,1,1,0,0,0.573243
0,0,0,1,0,1,1,0,1,1,1,0,0,0,1,1,0,0,0,1,1,1,1,1,0,1,0,0,1,0,0,0,0.702570
0,1,1,0,1,0,1,1,1,0,1,0,0,0,0,1,1,1,1,0,0,1,0,0,0,1,0,0,1,0,0,0,0.584114
0,0,1,0,0,1,0,0,1,1,1,0,0,1,0,0,1,0,1,1,0,0,1,1,1,0,0,0,0,1,0,1,0.622088
0,1,1,1,1,1,0,0,0,1,0,1,0,0,1,0,0,1,0,0,0,1,0,0,1,0,0,1,1,0,0,1,0.592180
1,0,1,1,0,0,1,1,1,1,1,0,1,1,0,0,0,0,0,1,1,0,1,1,1,0,1,0,0,1,1,0,0.610841
1,1,0,1,0,1,1,0,0,1,1,1,0,1,1,1,1,1,0,1,0,1,0,1,1,1,0,1,0,1,0,1,0.626046
0,1,0,1,0,0,0,0,1,1,0,1,1,0,0,0,1,0,0,1,1,0,0,0,1,0,1,1,0,1,0,0,0.608512
1,0,0,1,0,1,0,1,0,1,1,1,0,1,0,1,1,1,0,1,1,0,1,1,1,0,0,1,1,1,0,0,0.661640
0,1,1,0,1,0,0,0,0,1,1,1,0,1,0,0,0,1,1,0,1,1,0,0,1,1,0,0,1,1,0,1,0.621512
0,1,0,0,1,0,0,1,0,0,1,0,1,1,1,1,0,1,0,1,0,1,1,0,0,0,0,0,0,1,0,0,0.574746
0,1,1,1,0,1,0,0,1,0,1,1,0,0,0,1,0,1,1,0,0,0,0,1,0,0,0,0,1,0,0,1,0.583338
1,0,1,0,1,0,1,1,1,1,1,1,1,1,1,0,1,0,0,0,1,0,1,1,1,1,0,0,0,0,1,0,0.568634
0,0,1,1,1,0,0,1,0,0,1,1,0,0,1,1,1,1,0,1,0,1,0,0,1,1,1,1,0,1,1,0,0.688568
1,0,1,1,0,0,1,1,0,0,0,0,0,1,0,1,1,0,0,1,0,0,0,0,1,1,0,1,0,1,0,0,0.667126
0,1,1,0,0,0,0,0,1,0,0,1,0,1,0,0,0,1,1,1,0,1,0,0,1,1,1,1,0,1,0,1,0.755699
0,0,1,1,0,1,0,1,1,1,0,0,1,0,1,1,0,1,1,0,0,1,1,0,0,1,1,1,1,0,1,1,0.736812
0,0,1,0,0,1,0,0,0,1,0,0,1,0,0,0,0,1,1,1,0,1,0,1,1,0,0,1,1,0,0,0,0.603176
0,1,0,0,1,1,1,1,1,0,0,1,0,0,1,0,0,0,0,0,1,0,1,0,1,1,1,1,1,0,0,1,0.567156
1,0,0,0,0,1,0,0,0,1,0,0,0,0,0,0,0,0,1,0,1,0,0,0,1,1,1,1,0,0,0,0,0.618732
1,0,0,0,0,0,1,1,0,0,1,0,1,0,1,1,1,1,1,1,0,0,1,1,0,0,0,1,1,1,1,1,0.587370
1,0,1,0,1,0,0,1,1,0,1,0,0,1,0,1,0,1,0,0,0,0,0,0,0,1,1,0,0,0,0,0,0.599294
0,0,0,1,0,1,0,0,0,1,1,1,0,1,0,0,0,0,0,0,0,0,1,0,1,0,1,0,0,0,0,1,0.534142
0,0,1,0,1,0,1,1,1,0,0,0,0,1,0,1,1,0,1,0,1,0,0,1,1,0,1,1,0,0,1,1,0.718075
0,0,1,0,0,1,0,0,1,1,1,0,1,1,1,0,1,0,1,0,1,1,0,1,0,1,0,1,1,1,1,1,0.813311
0,1,0,0,1,0,1,0,0,1,0,0,0,0,1,1,0,0,1,0,1,0,0,0,1,0,0,0,1,1,1,1,0.599093
1,1,0,0,1,1,0,0,0,1,0,1,0,1,1,0,0,0,1,0,1,0,1,0,1,0,1,1,0,0,1,0,0.590902
0,0,0,0,1,0,0,0,0,0,1,1,0,1,1,1,0,1,1,0,1,0,0,1,0,0,1,0,1,0,1,1,0.535068
0,0,1,1,1,0,0,1,1,1,1,0,0,0,0,1,1,0,1,1,0,1,1,1,1,1,0,0,0,1,1,1,0.690446
0,1,1,0,0,0,1,0,1,1,0,0,0,0,1,0,1,1,1,1,0,1,1,0,1,1,0,1,0,1,1,0,0.673213
0,0,0,1,1,0,0,0,1,0,0,1,1,0,0,1,0,0,1,0,0,1,0,1,0,0,1,0,0,1,0,1,0.776414
0,0,1,1,1,1,1,1,1,1,0,0,1,0,1,1,0,0,1,1,1,0,1,0,1,1,1,1,1,0,1,0,0.579505
1,0,0,1,1,1,0,0,1,1,0,0,0,0,0,0,0,1,0,1,0,0,0,0,0,1,1,0,0,1,0,0,0.686038
1,1,0,0,1,1,0,1,1,1,1,1,1,1,1,0,0,1,0,0,0,0,0,0,1,0,1,0,1,1,0,1,0.731151
0,1,0,1,1,1,1,0,1,1,0,1,1,1,0,0,1,0,0,0,0,0,1,0,1,0,0,0,1,1,0,1,0.612144
1,0,0,1,0,0,0,1,0,0,0,0,1,1,1,0,1,1,0,1,0,0,0,1,0,1,0,0,1,1,0,0,0.591854
1,1,1,1,1,1,0,0,0,1,0,1,0,1,1,0,0,0,1,0,0,0,1,1,1,0,0,0,1,1,1,1,0.588222
1,1,0,1,0,0,1,0,0,1,1,1,0,0,1,1,1,1,0,0,1,0,0,1,0,1,0,1,1,1,1,1,0.594159
1,0,0,0,1,0,1,1,1,1,0,1,1,1,1,0,1,1,1,1,0,0,0,0,1,1,0,0,1,0,1,0,0.583563
1,1,0,0,1,0,0,1,1,1,0,0,1,0,0,0,1,0,0,1,0,1,0,1,0,0,0,0,0,0,0,1,0.586469
0,0,0,1,1,0,1,1,1,0,0,1,1,0,0,1,1,1,0,0,0,1,1,0,0,0,1,0,0,0,0,1,0.599970
1,0,1,0,0,1,1,1,1,0,0,1,0,1,0,0,1,1,0,1,0,1,0,0,1,1,1,1,1,1,1,1,0.674390
0,0,1,0,1,1,0,1,1,0,0,1,0,0,1,0,1,1,1,1,0,1,0,0,1,0,0,1,1,0,1,0,0.621161
0,1,1,1,1,0,0,1,0,0,1,0,0,0,0,1,1,1,1,1,1,0,1,0,0,0,0,0,1,1,1,1,0.649617
1,1,1,0,0,0,0,0,1,0,1,1,0,0,1,0,1,1,0,0,1,0,0,0,0,1,1,0,0,0,1,1,0.661440
0,1,0,0,1,1,1,0,1,0,1,0,1,1,0,0,1,0,0,1,1,1,0,1,0,1,0,1,0,1,0,0,0.588473
1,0,1,1,1,1,1,0,0,0,0,0,0,0,1,1,0,1,1,0,1,0,1,0,1,1,0,1,1,0,1,0,0.586168
1,0,0,0,0,1,0,0,0,1,1,0,0,0,0,0,0,0,1,1,0,0,0,0,0,1,0,0,1,0,0,0,0.661816
0,1,0,0,1,1,0,0,0,0,0,0,0,0,1,0,0,0,0,1,1,1,1,1,1,0,0,1,1,0,1,1,0.545514
1,1,0,0,1,1,0,1,1,0,1,1,1,0,1,0,1,0,1,0,0,1,1,1,1,1,1,1,1,0,0,0,0.857472
1,1,0,1,0,1,0,1,0,0,1,1,0,1,0,1,0,1,1,1,0,1,1,0,1,0,0,1,0,1,1,1,0.705776
1,0,1,0,0,0,1,0,1,0,1,0,1,1,0,1,0,1,0,0,0,0,1,1,0,0,0,0,0,1,0,1,0.509919
0,0,0,1,1,1,0,0,1,0,0,0,0,1,1,0,1,0,0,1,1,0,1,0,1,0,0,1,1,1,1,1,0.775362
0,1,1,0,1,0,0,0,1,1,1,1,1,0,1,1,0,0,1,0,0,0,0,1,0,1,1,1,1,0,1,1,0.798507
0,1,1,0,0,0,1,0,1,1,1,1,0,1,1,0,1,0,1,1,1,1,0,1,1,0,0,0,0,0,0,1,0.789439
0,1,0,1,0,1,0,0,1,0,0,1,1,0,1,0,1,1,0,0,1,1,1,1,0,1,1,0,1,1,1,0,0.787786
0,1,1,1,1,0,0,1,1,0,1,0,0,1,1,1,0,0,0,1,1,1,0,1,1,0,1,0,1,1,0,1,0.598617
1,1,0,0,1,1,0,0,1,1,0,1,1,1,1,1,0,0,0,0,1,0,1,0,0,1,1,1,0,0,1,0,0.827864
0,0,0,0,1,1,0,0,0,1,0,0,1,0,1,0,1,1,0,1,0,0,0,0,1,0,0,1,1,1,0,1,0.579505
1,0,0,0,0,0,1,0,0,1,1,0,0,1,1,1,1,1,0,1,0,0,1,0,0,0,0,0,1,1,0,1,0.774886
0,0,0,1,0,0,1,0,1,1,1,0,0,1,0,1,1,0,1,0,0,1,0,0,1,0,0,1,1,0,1,1,0.637643
1,1,1,1,1,0,0,0,1,0,1,0,1,0,0,1,0,1,0,0,0,1,0,1,1,0,1,0,1,1,1,0,0.610816
0,1,1,0,0,1,0,1,0,0,0,1,1,0,1,1,1,1,0,1,1,0,0,1,0,0,0,0,1,0,0,1,0.588923
0,1,1,0,1,0,1,0,0,0,0,1,0,0,1,0,0,1,1,0,1,1,0,0,1,1,1,0,0,1,1,0,0.593482
1,0,0,1,0,0,1,0,0,0,1,0,1,1,1,0,0,1,0,0,0,1,0,0,1,0,0,0,1,0,0,0,0.592205
0,1,0,0,1,0,0,1,1,1,1,1,1,1,0,1,1,1,1,0,0,0,1,0,0,0,0,1,1,0,0,0,0.627198
1,0,0,0,0,0,0,1,1,0,1,0,0,1,0,1,0,0,0,1,1,0,1,1,0,0,1,0,1,0,0,0,0.640524
1,0,1,1,0,0,0,0,0,0,1,0,1,1,1,1,0,1,0,1,0,1,0,0,1,1,0,0,1,0,1,0,0.644356
1,0,0,0,0,0,0,1,1,0,0,0,1,0,1,0,0,0,0,1,0,1,0,0,1,1,0,0,1,0,1,1,0.684760
0,0,0,1,0,0,0,1,0,1,1,0,1,0,1,0,1,0,1,0,0,1,1,0,1,1,1,0,1,0,1,1,0.774786
1,1,0,1,1,1,0,1,1,1,0,0,1,1,1,1,0,0,1,0,1,0,1,1,1,0,1,1,0,1,1,1,0.715044
1,1,0,1,0,0,1,0,1,0,0,0,0,0,1,0,0,1,1,1,1,0,1,0,0,1,0,1,0,1,1,0,0.669255
1,0,1,1,0,1,0,1,0,1,1,0,0,1,0,1,0,1,1,0,1,1,0,0,0,1,0,0,1,1,1,0,0.659411
0,0,1,1,0,1,0,1,0,1,1,1,1,0,1,1,0,1,1,0,0,0,0,1,0,1,1,0,0,0,0,1,0.760082
1,1,0,1,1,0,0,0,1,0,0,1,1,0,1,0,1,0,0,0,0,1,1,0,1,0,1,1,0,1,0,1,0.701393
0,0,0,1,1,0,0,0,0,1,0,0,1,1,1,1,0,1,0,1,0,0,0,1,0,0,1,1,1,1,1,0,0.549772
1,1,0,1,0,1,1,0,0,1,0,1,0,0,1,1,0,0,0,1,0,0,1,0,0,0,1,1,0,1,1,0,0.819423
0,0,0,1,1,1,1,1,0,1,1,0,0,1,0,0,1,1,1,0,1,0,1,0,0,0,1,1,0,1,1,0,0.614749
1,0,0,1,0,0,0,1,0,1,0,1,1,1,1,1,0,0,1,1,0,0,1,0,0,1,0,0,0,1,1,0,0.719528
1,1,1,0,0,1,1,0,0,0,0,1,0,1,1,0,0,1,0,0,0,0,0,1,0,1,0,0,0,0,1,1,0.600922
1,1,0,1,0,1,1,0,0,0,0,1,0,0,1,1,0,0,1,1,1,1,0,0,0,0,1,0,1,0,1,0,0.817970
1,0,1,0,1,1,1,0,0,0,1,0,0,0,1,0,0,1,0,1,1,1,0,1,1,1,0,1,0,0,0,0,0.655478
0,0,1,0,0,1,0,0,0,1,0,1,0,0,1,0,1,1,0,0,1,1,1,0,0,1,0,0,0,1,0,0,0.662868
0,0,0,0,1,0,1,0,1,1,0,0,0,1,1,0,1,0,0,1,1,0,1,1,0,0,1,1,1,1,0,0,0.751165
1,0,0,0,1,1,1,0,1,1,1,0,0,1,1,1,1,1,0,0,1,0,1,0,0,1,0,0,0,1,1,0,0.594259
0,0,1,1,1,0,0,0,1,0,1,0,0,0,1,0,0,0,0,0,0,0,1,1,0,0,1,0,1,1,1,1,0.583513
1,1,1,1,1,1,0,0,0,0,1,0,1,0,1,1,0,1,1,0,0,1,1,1,0,1,1,0,1,0,1,0,0.795902
0,0,0,0,1,1,1,1,0,1,1,1,1,0,1,0,1,0,0,1,0,1,0,1,0,1,1,1,0,0,0,0,0.584114
0,0,0,1,0,1,1,1,0,0,0,1,0,1,1,1,0,1,1,0,0,1,1,1,0,1,0,0,0,0,1,0,0.614724
0,1,1,0,0,0,0,1,1,1,1,0,0,0,0,1,0,0,1,1,0,1,0,0,0,0,0,0,0,0,1,1,0.626447
0,1,0,0,1,0,1,0,0,0,0,0,1,0,0,1,0,0,0,0,0,1,0,0,0,1,0,0,1,0,0,0,0.565979
0,0,1,0,0,0,1,0,0,0,1,1,0,1,0,0,1,1,1,1,1,1,1,1,0,1,1,1,0,0,0,1,0.713366
0,1,1,1,0,0,1,1,1,0,1,0,0,1,1,1,0,0,0,1,1,1,1,0,0,1,0,1,1,1,0,1,0.635264
1,1,1,1,1,1,1,1,0,0,0,1,0,0,1,0,0,0,0,1,0,1,1,1,1,1,1,0,0,0,1,0,0.760007
0,0,0,1,1,0,1,1,0,1,1,0,0,0,1,0,1,0,1,1,1,0,1,1,1,0,1,1,0,0,1,0,0.858750
0,1,0,0,1,1,1,0,1,1,0,1,0,0,0,0,1,1,1,1,1,1,0,0,1,1,0,0,1,0,1,0,0.628300
1,1,1,1,0,0,1,0,1,1,0,0,1,0,0,1,1,1,0,1,0,1,1,0,1,0,1,0,1,1,1,0,0.635414
1,0,1,1,0,0,1,0,0,1,0,1,1,1,0,1,0,1,0,1,1,1,0,0,0,1,1,0,1,0,1,1,0.593507
0,0,1,0,1,0,0,0,1,0,1,0,0,1,0,0,1,1,0,0,0,0,0,1,1,0,1,0,0,1,0,0,0.568834
0,0,1,0,1,1,1,1,1,0,1,0,1,0,0,1,0,0,0,0,1,0,1,1,0,1,1,0,1,1,1,0,0.599068
1,0,1,1,0,0,0,1,1,0,0,1,1,1,0,0,1,0,0,1,1,1,1,1,1,1,1,0,0,1,1,1,0.608286
0,0,0,0,1,0,0,0,0,1,0,1,1,1,0,1,0,1,0,0,1,0,1,1,1,0,1,0,1,0,0,0,0.609313
0,1,1,1,0,0,0,0,1,0,0,0,0,0,0,0,1,0,0,1,0,0,0,1,0,1,0,0,1,0,1,1,0.693452
1,1,0,1,0,0,0,0,1,1,0,1,0,0,0,1,0,0,0,0,1,1,1,0,0,1,0,0,0,1,1,1,0.672637
0,0,1,1,0,0,1,1,1,0,1,1,1,0,0,0,0,1,1,0,0,1,1,1,1,1,0,0,1,0,0,0,0.624568
1,1,0,1,1,0,0,1,1,1,0,0,1,0,1,0,1,1,1,1,0,0,0,1,1,0,1,1,0,1,1,1,0.590927
1,0,0,0,0,1,1,0,1,0,1,1,1,0,0,1,1,0,0,0,1,1,0,1,0,1,0,1,1,0,0,0,0.712339
1,0,0,1,1,1,1,1,0,0,0,0,0,1,1,0,1,1,0,0,0,0,0,0,0,0,1,0,1,1,1,0,0.607384
0,1,0,1,0,1,0,1,0,0,0,0,1,1,0,1,1,0,0,1,0,0,0,0,1,0,0,0,1,0,1,0,0.583864
1,1,1,1,0,0,0,0,0,0,1,0,1,0,1,1,1,1,1,1,1,0,0,1,1,0,1,0,0,1,1,0,0.590501
1,1,1,0,1,0,0,0,1,0,1,0,1,1,1,0,1,0,1,1,1,1,0,1,1,1,0,1,1,1,1,0,0.607009
0,1,1,0,1,0,0,1,1,1,1,0,1,0,0,1,0,1,0,0,1,1,0,1,1,1,1,0,1,0,1,1,0.847503
1,1,0,1,0,0,1,1,0,1,1,1,0,0,0,0,0,0,0,0,1,1,1,1,1,1,1,1,0,0,0,1,0.604554
0,1,1,0,0,1,0,1,1,1,1,0,0,0,0,1,0,0,1,0,1,0,0,1,1,0,0,1,1,0,1,0,0.587521
0,1,0,0,1,1,1,1,0,0,0,0,0,1,1,1,0,1,1,1,1,1,0,0,1,0,0,0,1,1,0,0,0.767973
0,1,0,1,0,0,1,0,1,0,1,1,1,0,0,1,0,1,1,1,0,1,0,1,1,1,0,0,0,0,1,1,0.597190
0,1,0,0,0,1,1,1,0,0,0,0,0,0,1,0,1,1,1,0,1,1,0,0,1,0,0,0,1,1,1,0,0.626672
0,0,1,1,0,0,0,1,1,0,1,0,0,0,0,0,0,1,0,1,0,1,1,0,1,1,0,1,1,0,1,0,0.717649
0,1,1,0,0,1,0,1,0,0,1,1,0,0,1,1,0,1,1,1,1,1,0,1,0,0,0,1,1,0,0,0,0.774160
1,0,0,0,1,0,0,0,0,1,1,0,0,1,0,1,1,0,1,1,0,0,1,0,1,1,1,0,1,1,0,1,0.683458
0,0,0,1,0,1,0,0,0,1,0,1,1,0,0,1,0,0,0,0,0,1,0,1,1,1,0,0,0,1,1,0,0.829543
0,1,0,0,1,1,0,1,1,0,0,1,1,0,1,1,1,1,1,0,0,0,1,1,0,1,0,1,1,0,1,0,0.771680
0,1,1,1,1,1,0,1,0,0,1,0,1,0,0,1,0,1,1,1,0,1,1,1,1,1,1,1,0,1,0,0,0.680953
1,1,0,0,0,0,0,0,1,1,0,1,1,0,1,0,0,1,0,1,1,1,1,1,0,1,0,0,0,0,1,0,0.757828
0,0,0,0,0,1,0,0,0,1,0,1,0,1,1,0,1,1,0,1,0,1,0,1,1,1,1,0,0,1,1,0,0.715946
1,0,1,1,0,1,0,0,0,0,0,1,0,1,0,1,0,1,0,1,1,1,1,1,0,0,0,0,1,0,0,1,0.751115
1,0,1,1,1,0,0,1,1,0,0,0,0,0,0,1,0,0,1,1,0,1,1,0,0,0,0,1,1,0,1,1,0.662918
0,1,0,0,1,1,1,1,1,0,1,0,1,0,1,0,1,0,0,0,0,0,1,1,1,0,1,1,0,0,1,0,0.497846
1,0,0,0,0,0,0,1,1,1,0,1,0,0,1,0,0,0,0,1,0,1,1,1,0,1,0,1,0,0,0,0,0.662918
0,1,0,0,1,1,0,0,1,0,1,0,1,0,1,0,1,1,1,0,0,0,1,1,1,1,0,0,0,0,1,0,0.796378
0,1,0,0,1,1,0,0,0,0,1,0,0,0,1,1,1,1,0,0,1,1,0,0,1,0,0,1,1,1,1,1,0.590927
1,0,0,0,0,1,1,0,1,0,0,1,1,1,1,0,0,0,1,1,0,0,1,1,0,1,1,1,1,0,1,1,0.573594
1,1,0,1,0,1,1,0,0,1,0,0,0,1,1,1,0,0,0,1,0,0,0,1,0,1,0,1,1,0,0,0,0.627824
0,1,1,0,0,0,1,0,1,1,0,1,1,1,1,0,0,1,1,0,0,1,1,0,0,1,1,0,0,1,1,0,0.747683
0,1,1,1,0,1,1,0,1,0,0,0,1,1,1,1,0,0,0,0,1,0,1,0,1,1,1,0,1,1,1,0,0.847954
1,0,1,1,0,1,1,1,0,0,0,0,1,0,1,0,0,0,0,0,0,0,1,0,0,0,1,1,1,0,0,1,0.547242
1,1,0,0,1,1,0,1,1,1,1,0,0,1,1,0,0,1,0,1,1,0,0,0,1,0,1,0,1,1,0,0,0.640173
1,1,1,1,0,1,0,1,0,0,1,1,1,1,0,1,1,1,0,1,1,1,0,1,0,0,1,0,1,0,1,1,0.571665
1,0,0,0,0,0,0,1,1,1,1,0,1,1,0,1,1,0,0,1,0,1,1,1,0,1,0,1,1,1,1,1,0.644331
0,0,0,1,1,0,1,1,0,0,1,1,1,0,1,1,1,1,1,1,0,1,1,0,1,1,0,1,1,0,1,0,0.586043
0,1,0,1,0,0,1,1,0,0,1,0,0,1,0,1,0,1,1,0,0,1,0,1,0,1,0,0,1,0,1,1,0.583087
1,1,1,0,0,1,0,0,0,0,1,1,1,0,1,1,0,1,1,1,0,1,0,1,0,1,0,1,1,1,1,1,0.596363
0,1,1,1,1,0,1,0,1,0,0,0,1,1,0,1,0,0,0,0,0,1,0,1,0,0,0,0,0,1,1,1,0.566329
0,1,0,0,1,0,1,0,0,0,0,1,1,0,0,1,0,1,1,1,0,1,1,0,1,0,1,0,1,0,0,0,0.606758
1,1,0,1,1,0,1,1,0,1,0,1,1,1,0,0,1,0,1,0,1,0,1,0,0,1,1,0,1,0,0,1,0.616678
1,1,1,0,0,0,1,1,1,1,1,0,1,0,0,0,0,0,0,0,0,1,1,0,0,1,1,0,0,1,1,0,0.615475
1,0,1,1,1,1,0,1,1,1,1,0,0,0,1,1,1,0,1,1,1,1,0,0,1,0,0,1,1,0,1,1,0.624969
1,1,1,1,1,1,1,0,1,1,0,0,1,1,1,1,1,1,1,0,1,0,1,1,1,0,1,0,0,0,1,1,0.613847
1,0,1,0,0,1,1,1,0,0,1,1,1,0,0,1,0,0,0,1,0,0,0,0,0,0,0,1,0,1,1,1,0.688668
0,1,0,0,0,0,0,0,0,1,0,1,1,1,1,0,1,1,1,1,0,1,1,1,1,1,0,0,1,0,1,0,0.735359
1,1,1,1,1,0,0,0,0,1,1,0,0,1,0,0,0,1,0,0,0,1,0,0,1,0,1,1,0,0,1,0,0.582811
1,1,1,1,0,1,0,1,1,1,1,0,1,0,1,0,0,0,1,0,0,0,1,0,1,0,0,1,1,1,0,0,0.593958
0,0,1,1,0,0,1,1,1,1,0,1,0,0,1,0,0,1,1,1,1,1,0,0,0,0,1,1,1,1,1,0,0.815165
1,1,1,1,0,0,1,0,1,1,0,1,0,1,0,0,0,0,1,0,0,1,0,1,1,0,1,0,0,1,0,0,0.607284
1,1,0,1,0,0,0,1,1,1,0,1,0,1,0,0,0,0,0,0,0,1,0,0,1,0,1,1,0,1,1,1,0.591353
1,1,0,1,0,1,0,1,1,0,1,0,0,1,1,0,1,0,0,1,1,1,0,1,1,1,1,0,0,0,0,1,0.679300
0,1,1,1,1,1,0,0,0,0,1,1,0,0,1,1,1,1,1,0,0,0,0,0,1,0,1,1,0,1,0,0,0.605130
1,0,0,1,0,1,1,0,0,1,1,0,0,0,0,0,0,1,0,1,0,1,0,0,1,0,0,0,0,1,0,0,0.802114
0,1,0,0,0,0,0,1,0,0,0,1,0,1,1,1,0,1,0,0,0,1,1,0,0,0,1,1,0,1,0,1,0.563900
1,1,1,0,0,1,1,1,0,1,0,1,1,1,0,0,0,1,0,1,1,0,0,1,1,0,1,0,1,0,0,0,0.650143
0,0,1,1,0,0,0,0,1,1,1,0,0,0,1,1,0,0,0,1,1,0,0,1,0,1,1,1,1,0,1,1,0.681304
0,1,0,1,1,0,0,0,0,0,1,1,0,0,1,1,0,0,0,0,1,1,1,0,1,1,1,0,0,0,0,0,0.579129
1,0,1,0,0,1,0,0,0,0,0,1,1,0,1,1,0,1,1,1,1,0,0,0,0,1,0,0,1,1,0,1,0.740569
0,1,1,0,1,0,0,0,0,1,1,1,1,1,0,0,0,0,1,1,1,0,0,1,1,0,0,0,1,0,1,0,0.571740
0,0,1,1,1,1,1,1,0,0,0,0,1,1,1,0,0,0,1,1,1,1,0,0,0,1,1,1,1,0,1,0,0.592731
1,1,0,1,0,0,0,1,1,1,0,0,0,1,1,0,0,1,1,1,0,0,0,0,0,1,1,0,1,0,1,1,0.679300
1,1,1,0,1,0,0,1,0,1,0,0,1,0,1,1,1,1,1,1,1,0,0,0,0,0,0,0,0,0,0,1,0.598542
1,1,1,1,0,1,1,0,1,1,0,1,0,0,0,1,1,1,0,0,1,1,0,0,0,1,1,1,1,0,1,0,0.601698
0,0,0,1,1,0,0,1,0,1,1,1,1,0,1,1,1,1,1,0,0,1,1,0,1,1,0,0,1,0,0,0,0.768874
1,1,1,0,0,0,1,1,0,0,0,0,0,1,1,0,0,0,1,1,1,1,1,1,1,1,1,1,0,0,0,0,0.655679
0,1,0,0,0,0,1,1,1,1,0,0,1,1,0,1,1,0,0,0,0,0,1,1,0,1,1,1,0,1,0,0,0.646085
0,0,1,1,1,0,1,0,0,0,0,0,0,1,0,1,1,1,1,0,1,0,0,0,1,0,0,0,0,0,0,1,0.641275
1,0,0,0,0,0,1,1,0,1,1,0,0,0,1,0,1,1,0,1,0,1,1,1,1,1,0,1,1,1,1,0,0.627799
0,1,0,0,1,0,0,0,1,1,1,1,1,1,0,1,1,1,0,0,0,0,0,0,1,1,0,0,1,0,1,0,0.892515
1,0,0,0,1,1,0,1,1,1,1,0,1,0,1,1,0,1,0,1,1,1,1,1,1,1,1,0,1,1,0,0,0.571715
0,1,0,1,0,0,1,1,1,0,1,1,1,0,0,1,1,1,1,0,1,1,0,1,0,1,0,1,1,0,0,1,0.744852
1,1,1,0,0,1,1,0,0,0,0,1,0,0,0,1,1,0,1,1,0,0,1,1,1,1,1,1,1,0,1,1,0.764892
1,0,0,0,1,1,1,0,1,1,1,1,1,0,1,0,1,0,1,1,1,1,1,1,1,0,0,0,0,1,1,1,0.602725
0,0,1,0,1,1,1,1,0,0,0,1,0,0,1,1,1,1,0,0,1,0,1,0,1,0,0,0,0,1,1,1,0.725214
1,0,0,0,1,0,0,1,1,0,0,0,1,0,0,0,0,0,0,1,0,1,1,0,1,0,0,0,0,1,0,0,0.584865
0,1,0,0,1,0,0,1,0,1,1,0,0,0,1,0,1,1,1,1,0,0,1,0,1,1,1,0,0,1,1,1,0.684059
1,0,1,0,1,0,0,0,1,0,0,0,1,1,0,1,1,0,0,1,1,1,0,1,0,1,0,1,0,1,1,0,0.655804
0,0,0,1,0,1,0,0,1,1,0,1,0,0,0,1,0,0,1,0,0,1,0,0,0,0,0,1,0,0,0,0,0.564626
0,1,0,1,0,1,1,0,0,1,0,0,1,1,0,0,0,0,1,1,1,0,1,0,0,1,1,0,0,1,0,1,0.604880
1,0,0,0,0,0,1,1,1,1,0,0,0,0,0,0,1,1,0,0,0,0,0,1,1,1,0,1,1,1,0,0,0.596839
0,0,1,0,1,0,0,0,0,0,1,1,0,1,1,1,0,1,0,1,1,1,1,0,1,0,0,1,1,0,1,1,0.614624
0,1,0,0,0,0,0,1,1,0,1,0,0,0,1,1,0,1,0,0,0,0,1,1,1,1,1,1,0,0,0,1,0.813211
1,0,0,1,1,1,1,1,1,0,1,0,1,0,1,0,1,1,0,0,0,1,1,1,1,1,1,1,1,1,0,0,0.610140
0,1,0,0,0,1,0,0,0,1,0,0,0,1,0,1,0,1,0,0,0,1,0,0,1,0,0,0,0,0,1,1,0.578979
1,0,1,0,0,1,0,0,1,0,1,0,1,0,0,0,0,0,1,0,0,0,1,1,0,1,1,0,1,1,1,1,0.788162
0,0,0,0,0,0,0,0,1,1,0,0,1,0,1,1,1,0,1,0,1,1,0,0,1,0,1,0,0,0,1,0,0.683057
0,1,0,0,1,0,0,0,1,0,1,0,0,1,0,1,0,1,0,1,1,1,0,1,1,0,1,0,1,1,1,0,0.627048
1,0,0,0,1,0,1,1,0,1,0,1,1,1,1,0,0,0,1,1,1,0,0,0,1,0,1,0,0,0,0,0,0.593257
1,0,0,0,0,1,1,1,1,0,1,0,1,0,1,1,0,0,0,1,0,0,0,0,1,0,0,1,0,1,0,0,0.638570
0,0,1,1,1,0,0,1,0,1,1,1,0,1,0,1,1,0,1,0,0,0,0,1,0,1,0,1,1,1,0,1,0.668028
0,0,0,1,0,1,1,0,0,0,0,0,0,0,1,1,0,0,0,1,1,0,0,1,1,0,0,0,1,1,1,0,0.834452
1,0,0,1,0,0,0,1,1,0,1,1,1,1,1,0,0,0,1,1,0,1,1,1,0,1,0,0,1,0,1,0,0.712414
1,1,0,1,0,0,0,1,1,1,1,1,1,0,1,1,1,1,1,1,0,0,0,0,0,1,0,1,0,0,1,0,0.619759
0,1,1,0,1,1,1,0,1,1,1,1,1,0,1,1,1,0,1,0,1,1,0,1,1,1,0,0,1,0,1,1,0.598116
1,0,1,1,1,0,1,1,1,1,0,0,0,0,1,1,0,0,1,1,0,1,1,1,0,1,0,1,1,1,0,0,0.628776
1,0,1,0,0,1,1,0,0,1,0,1,1,1,0,1,0,0,1,0,0,0,0,1,0,1,1,1,0,0,1,0,0.708557
0,0,0,0,0,0,0,1,1,1,1,0,0,0,1,1,0,1,1,0,1,1,0,1,1,1,1,1,0,1,1,0,0.778218
0,0,1,1,1,0,0,1,1,1,0,0,1,0,0,1,1,0,0,1,0,1,0,0,0,0,0,0,0,0,1,0,0.591053
0,1,1,1,1,0,0,0,0,0,0,0,0,1,0,1,0,0,0,0,1,0,1,1,1,1,0,1,1,0,1,1,0.664170
0,1,1,0,0,0,0,0,1,0,0,1,1,1,1,1,1,0,0,0,1,1,0,1,0,0,1,1,0,1,0,0,0.610465
0,0,0,0,0,0,1,1,0,0,1,1,0,1,1,1,0,0,0,1,1,0,1,1,0,0,0,1,1,1,0,1,0.806823
1,0,1,0,1,1,0,0,1,0,0,1,1,0,1,0,1,1,0,0,0,1,0,0,0,0,1,0,1,0,1,0,0.593833
1,0,0,1,1,0,0,1,1,0,1,1,1,1,0,0,0,0,1,1,1,0,1,1,1,1,1,0,1,1,0,1,0.611693
0,1,0,0,0,1,1,0,0,0,0,1,0,1,1,1,1,0,1,0,1,0,0,0,0,0,0,0,1,0,1,1,0.627248
0,0,1,0,0,1,1,1,1,1,0,0,0,0,1,0,0,0,0,0,0,0,0,1,1,0,1,1,1,0,0,1,0.604353
0,1,1,1,1,1,1,0,1,0,0,1,1,0,0,0,0,0,0,0,1,0,1,1,1,1,0,0,0,1,0,0,0.608361
1,1,0,1,1,0,1,1,0,0,1,1,1,1,0,0,0,1,0,1,0,0,1,0,0,1,0,1,0,0,1,0,0.591028
0,0,1,1,0,0,0,0,0,1,1,1,0,1,1,0,1,0,1,1,0,1,0,1,1,1,0,0,1,0,1,1,0.682882
1,0,1,0,1,0,1,1,1,1,1,0,1,0,1,1,1,0,1,0,1,1,1,0,0,0,1,1,0,0,1,0,0.599469
0,1,1,0,1,0,0,1,1,0,1,1,1,0,1,1,0,1,1,0,0,0,1,1,1,0,1,1,0,0,1,0,0.602926
0,1,1,0,1,1,1,0,1,1,0,1,0,1,1,0,1,0,0,0,0,1,0,0,0,0,1,1,1,1,0,1,0.646561
1,1,1,1,1,1,0,0,1,0,0,1,0,1,1,1,1,0,1,1,0,1,1,1,0,1,0,1,1,0,1,0,0.653274
0,0,1,1,1,1,0,0,1,0,0,0,0,0,0,0,0,1,0,1,0,1,1,1,0,1,0,0,0,0,1,1,0.692250
1,1,0,1,1,0,0,0,0,0,0,0,0,0,1,0,0,0,0,1,0,1,1,1,0,0,1,0,1,1,0,0,0.611317
0,1,0,1,1,1,0,0,0,0,0,1,0,0,0,0,1,0,1,1,0,1,1,1,0,1,0,1,0,1,0,0,0.710310
0,0,1,1,0,0,1,0,1,0,1,0,0,1,1,0,1,1,1,0,0,1,1,1,1,0,0,0,1,0,1,1,0.705526
0,0,1,0,1,1,1,0,0,0,0,1,1,1,1,1,1,1,0,0,0,1,1,1,1,1,0,1,0,0,0,0,0.644832
0,0,1,1,0,1,1,0,1,0,0,1,0,1,0,1,0,0,1,0,0,0,0,1,1,1,0,1,1,1,1,1,0.583463
1,1,0,0,1,0,0,0,1,1,1,1,1,0,0,0,1,0,1,1,0,1,0,1,0,1,1,1,0,0,1,1,0.677120
0,1,0,1,1,0,1,0,0,0,0,1,0,1,0,0,1,0,0,0,0,1,1,0,1,1,1,0,1,1,1,0,0.595737
1,0,0,0,0,0,1,0,1,1,1,0,0,1,0,0,0,0,1,1,1,0,0,1,0,1,0,0,1,0,1,1,0.635815
1,1,0,0,0,0,1,1,1,1,0,0,1,0,0,1,0,0,0,1,1,0,0,1,0,0,0,0,0,0,1,1,0.668303
0,1,1,1,0,1,1,0,1,1,1,0,1,0,0,0,0,0,0,0,1,0,1,0,0,0,1,0,0,0,0,1,0.551926
