1,0,0,1,0,1,0,0,0,1,0,0,0,1,0,1,1,0,1,1,0,0,0,0,0,1,0,0,0,0,1,0,0.528266
1,0,0,0,1,1,0,1,1,1,0,0,0,0,0,1,1,1,0,1,0,0,1,1,1,1,0,1,1,1,0,0,0.645993
0,1,1,0,0,0,1,1,0,0,1,0,0,1,0,0,0,1,1,1,0,1,0,1,1,0,1,0,0,0,1,1,0.578085
1,1,1,0,0,1,1,1,1,0,0,1,0,1,1,0,1,0,0,1,1,1,0,0,1,1,0,0,1,1,0,1,0.617620
1,0,0,1,1,0,1,0,1,0,1,1,0,1,1,1,0,1,0,1,1,1,1,0,0,0,1,1,0,1,1,0,0.683237
0,1,0,0,1,1,1,0,0,1,1,0,1,0,0,1,1,1,1,1,1,0,0,1,1,0,0,1,1,0,0,0,0.590340
0,0,0,0,0,0,0,1,0,0,1,0,0,0,1,1,0,0,0,0,0,1,0,0,1,0,1,0,0,1,0,0,0.409181
0,0,1,1,0,1,0,1,0,0,0,0,0,0,1,1,1,0,0,0,1,1,0,1,1,1,0,1,1,0,1,1,0.705429
1,1,0,0,0,1,1,1,0,1,0,0,1,1,1,0,1,1,0,1,0,1,1,1,0,1,0,1,0,1,1,0,0.624760
1,0,1,0,1,1,0,0,1,0,1,1,1,0,1,0,1,0,0,0,0,1,1,1,1,1,1,0,0,1,0,1,0.660086
1,1,0,0,0,1,0,1,0,1,1,1,1,1,1,0,1,1,1,0,0,1,1,1,0,0,1,1,0,0,1,0,0.662564
1,1,0,1,0,1,0,0,1,0,0,1,1,1,0,0,0,0,1,0,1,1,0,1,0,1,1,1,0,1,0,1,0.661845
0,0,0,1,0,1,1,1,1,0,0,1,1,1,1,0,0,1,0,1,1,0,1,1,0,1,1,1,1,1,0,0,0.589780
0,0,0,1,0,0,1,1,0,1,0,1,0,0,0,1,0,1,0,0,0,1,0,1,1,0,0,1,1,1,0,0,0.558690
0,0,0,1,1,1,0,1,0,1,0,0,1,1,1,0,0,0,1,0,0,1,1,1,0,0,1,0,0,1,1,1,0.710278
1,0,0,1,0,0,1,0,1,1,1,1,0,0,1,1,0,1,1,1,0,1,0,1,1,1,1,1,1,0,1,0,0.687393
1,0,1,0,0,0,1,0,0,1,1,0,0,0,0,1,0,0,0,0,1,0,0,1,1,0,1,0,0,1,0,1,0.559330
1,1,1,1,1,0,0,0,0,0,0,0,1,0,0,0,1,1,1,0,1,0,1,1,1,0,1,1,0,0,1,0,0.639333
1,1,0,0,1,1,1,0,0,0,0,0,1,1,0,1,0,1,1,1,0,0,0,0,1,0,0,1,1,0,0,0,0.569267
1,1,1,0,1,1,1,0,1,0,0,0,0,1,0,1,1,1,0,1,1,0,0,1,1,0,1,1,0,1,0,0,0.614104
1,1,0,0,1,1,1,1,1,0,0,0,1,1,0,0,1,1,1,1,1,0,0,0,0,1,0,1,0,0,1,1,0.630142
0,0,0,0,1,1,1,0,0,1,0,0,0,1,0,1,1,1,1,1,0,1,0,0,1,1,1,0,1,1,0,1,0.626225
1,0,0,1,0,0,1,0,0,1,1,1,1,1,0,0,1,1,0,0,0,0,1,0,0,0,0,1,0,1,0,1,0.579444
0,1,1,0,0,0,1,1,1,0,1,0,0,1,1,0,1,1,0,1,0,0,0,0,1,1,1,1,1,1,0,0,0.641944
0,0,1,0,1,1,1,0,1,1,1,0,0,1,0,0,0,0,0,1,1,0,1,0,1,1,1,1,1,1,1,0,0.548966
1,1,0,1,1,0,0,0,1,0,0,0,0,1,0,0,0,1,1,0,0,1,0,1,1,1,1,0,1,1,0,0,0.567162
0,1,0,0,0,0,0,0,0,0,0,1,1,1,0,0,1,0,0,1,0,1,0,0,1,1,1,1,1,0,1,0,0.528906
0,1,0,0,1,1,0,0,0,0,0,1,0,1,0,0,0,1,0,1,1,1,0,1,0,1,1,0,0,1,0,1,0.589860
1,0,0,1,0,0,0,0,1,0,0,0,1,0,1,0,1,1,1,0,0,0,1,1,0,1,0,1,0,0,1,1,0.632806
0,1,0,1,0,0,1,1,1,0,0,1,1,0,0,0,1,0,1,1,1,1,0,0,1,1,1,0,1,0,0,0,0.499574
0,0,0,0,0,0,0,1,0,0,0,1,0,1,0,0,1,1,0,0,0,1,0,0,1,1,1,0,1,1,0,1,0.498268
0,0,1,0,1,1,0,0,0,0,1,1,1,0,0,1,1,0,0,0,1,0,1,0,1,0,0,0,1,0,0,0,0.558903
1,1,0,1,1,0,0,1,0,0,1,1,1,1,1,0,0,1,1,1,0,0,1,0,0,0,1,1,1,1,1,0,0.663816
1,0,1,1,1,0,0,0,1,0,0,1,0,0,0,0,0,1,0,0,1,0,0,0,1,0,1,1,0,0,0,1,0.579177
1,0,0,1,0,1,0,0,1,0,0,0,1,1,0,0,0,0,0,1,1,1,0,1,0,0,0,0,0,0,0,0,0.543265
0,0,1,1,0,1,0,1,1,0,0,1,0,0,0,1,0,1,1,0,0,0,1,1,0,0,1,1,1,1,1,0,0.648897
0,1,0,0,0,0,0,1,0,1,1,1,0,1,0,1,1,0,1,1,0,0,1,0,0,0,0,1,1,0,1,1,0.616874
1,0,1,0,0,1,0,0,0,0,1,0,1,0,0,0,0,0,0,1,0,1,0,0,0,1,0,0,0,1,0,1,0.541827
1,1,0,0,0,1,0,1,1,1,0,1,1,0,0,0,1,1,0,1,1,1,0,0,0,0,0,0,1,0,1,0,0.638614
1,0,1,1,1,0,1,0,1,1,0,1,1,1,0,1,0,1,1,0,1,0,1,1,0,0,0,0,0,0,0,0,0.642556
0,1,1,0,0,1,0,1,1,0,0,1,1,0,1,0,1,0,0,1,1,1,1,0,0,1,1,1,0,0,0,1,0.625719
0,0,1,1,0,1,1,0,0,0,1,1,0,1,0,0,0,1,1,1,0,1,0,1,0,0,1,1,0,0,0,1,0.583067
0,1,1,0,1,1,0,1,1,0,0,1,0,1,1,1,0,1,0,0,1,0,0,1,1,0,0,0,0,0,1,1,0.644608
1,0,0,1,1,1,1,1,0,1,1,1,1,0,1,0,0,1,1,1,1,0,0,1,0,1,1,1,0,0,1,0,0.661711
0,0,1,1,1,1,0,0,1,1,0,1,1,0,1,1,0,0,1,1,1,1,1,1,0,1,1,0,1,1,0,0,0.642077
0,1,1,0,0,1,1,1,1,0,0,0,1,1,0,0,0,0,0,1,0,0,0,1,0,1,1,1,1,1,1,1,0.725490
0,0,0,1,0,0,1,0,1,1,0,1,0,1,0,1,0,0,1,0,0,0,0,0,1,0,1,0,0,1,1,1,0.631048
0,0,0,1,0,1,0,0,0,0,0,1,0,1,0,1,1,1,0,0,0,0,0,1,1,1,1,1,0,0,0,1,0.590233
1,1,0,1,1,1,0,0,1,1,1,1,0,0,0,0,0,1,0,1,1,0,0,1,0,0,0,0,0,1,0,1,0.584532
0,0,1,0,1,0,0,0,0,1,0,1,1,0,1,0,0,0,1,0,1,1,0,0,0,1,0,0,1,0,1,1,0.450368
0,0,0,0,1,0,1,0,1,1,1,1,1,0,0,0,1,0,1,0,0,1,0,0,0,0,0,1,1,0,1,1,0.573663
0,0,1,0,1,0,1,0,1,0,1,1,1,0,0,1,0,0,1,0,1,1,1,0,1,0,0,0,1,0,0,0,0.502131
0,1,1,0,1,1,0,0,0,0,0,1,0,0,1,0,1,0,1,1,0,1,1,1,0,1,0,1,0,0,1,0,0.669624
1,0,1,0,0,0,1,0,0,1,0,1,0,0,0,1,0,1,1,1,0,0,0,1,0,0,0,0,0,0,0,0,0.528319
0,0,0,0,0,1,1,0,0,1,0,0,0,1,1,1,1,1,1,0,0,1,0,1,0,1,1,1,1,1,1,0,0.655424
0,1,1,1,0,1,1,1,0,1,0,0,0,1,1,1,1,0,1,1,0,0,1,0,1,1,0,0,1,1,0,1,0.662377
0,1,1,1,1,0,1,0,1,0,0,0,1,0,1,1,1,1,1,1,1,0,1,0,0,0,1,1,0,1,1,1,0.769182
0,1,1,1,0,0,1,0,0,1,0,0,1,0,1,0,0,1,0,0,1,0,1,1,0,0,1,0,1,0,1,1,0.573050
1,0,0,0,0,1,0,1,1,0,0,1,0,0,0,0,0,1,0,0,1,0,1,0,0,0,1,1,0,0,0,1,0.539029
0,1,1,0,1,1,1,0,0,0,1,1,1,0,1,1,1,0,1,1,0,1,0,0,1,1,1,0,1,1,1,1,0.778719
0,0,0,0,0,0,0,0,0,0,0,1,0,1,1,1,1,0,0,1,0,0,1,0,0,1,1,0,1,0,1,1,0.561514
0,1,0,0,0,1,0,1,0,0,0,0,1,0,1,1,1,1,0,1,1,1,1,1,1,0,0,0,0,0,1,1,0.590873
1,1,1,0,1,0,0,1,1,0,0,1,0,0,1,0,1,1,0,0,1,0,0,1,1,0,1,0,0,0,1,0,0.657449
1,1,1,1,0,0,1,1,1,0,0,0,0,0,0,0,1,0,0,1,0,0,1,1,0,0,0,0,0,0,0,0,0.721840
0,1,0,1,1,0,1,1,0,1,1,1,0,0,1,1,1,1,0,0,0,0,0,1,0,1,0,0,0,0,1,0,0.571478
1,0,0,0,0,0,0,0,1,1,0,1,0,1,1,1,0,0,0,1,0,1,1,0,0,0,0,0,0,0,0,0,0.497256
1,1,1,0,1,1,1,1,0,1,1,1,1,0,1,0,0,1,0,1,0,1,1,0,1,0,1,1,0,0,0,0,0.626465
0,0,1,1,1,0,0,1,0,0,1,0,0,1,0,1,0,0,0,0,0,0,1,1,1,1,0,1,1,0,0,0,0.546649
0,0,0,1,0,1,0,1,0,0,1,0,0,1,0,1,0,1,1,0,1,1,1,0,1,0,1,0,0,1,0,1,0.570732
1,1,0,1,0,1,1,0,0,0,1,1,0,0,1,1,1,1,0,1,0,0,1,1,1,1,0,0,0,0,1,1,0.636722
1,0,0,1,0,0,1,1,0,0,0,1,1,1,1,1,1,0,1,1,1,0,1,0,0,0,0,1,1,0,1,0,0.606724
1,0,0,1,1,0,0,1,0,0,1,0,1,0,1,1,1,0,1,1,1,1,0,0,1,1,0,0,1,0,0,0,0.626092
1,0,1,1,0,0,0,0,1,1,0,0,1,1,1,1,1,0,0,0,0,0,1,1,0,1,0,1,0,0,1,0,0.576939
1,0,0,1,1,0,0,0,0,0,0,1,0,0,0,1,1,1,0,1,1,1,0,0,0,0,0,0,1,1,0,1,0.545050
0,0,1,1,1,1,0,1,0,1,1,0,1,0,0,0,0,1,0,1,0,1,1,0,0,1,1,1,1,0,0,1,0.611813
0,0,0,0,1,0,0,0,0,1,0,0,0,0,0,1,0,0,0,1,1,0,1,0,1,0,1,0,1,0,1,1,0.480579
1,0,0,1,1,1,1,0,1,0,0,0,0,0,1,1,1,0,1,1,1,1,1,1,1,0,1,0,1,1,0,0,0.685475
0,0,1,1,1,1,0,0,0,1,0,1,0,0,0,1,1,0,1,1,1,1,1,1,1,0,1,1,0,0,1,0,0.670023
1,1,1,1,1,1,0,1,1,1,1,1,1,0,1,0,0,0,1,0,1,0,1,0,0,0,0,0,0,0,0,1,0.627025
1,1,1,0,1,0,1,1,1,1,0,0,1,0,0,1,1,1,1,0,0,1,0,0,1,1,1,1,0,0,0,1,0.637655
0,1,0,1,0,1,0,0,0,1,1,1,0,0,1,1,1,1,0,1,1,1,0,0,1,0,0,1,0,0,1,0,0.616129
0,1,0,1,0,0,0,1,0,0,1,1,0,0,1,0,0,1,1,1,1,1,1,0,0,0,1,1,0,0,0,1,0.564205
1,0,1,0,0,0,0,0,0,1,0,1,0,1,0,0,1,1,1,0,0,0,1,0,0,0,0,1,0,0,1,0,0.531996
0,0,1,1,1,0,1,0,1,1,1,1,1,1,1,0,0,1,1,1,0,1,1,1,0,1,1,0,0,1,0,1,0.725650
1,1,1,0,1,1,0,1,0,0,0,0,1,1,0,0,0,0,0,0,1,0,0,0,0,0,1,0,1,0,1,0,0.564312
1,1,0,1,0,1,0,1,0,0,0,0,0,1,1,0,0,1,0,0,1,1,1,1,1,0,0,0,1,1,0,1,0.547608
1,1,0,0,0,1,1,0,0,1,0,0,1,0,1,0,1,1,0,0,1,1,1,0,1,1,0,0,1,1,0,0,0.580882
0,1,0,0,0,0,1,0,0,0,0,0,0,0,1,1,1,0,1,0,1,0,0,1,0,0,0,1,1,1,0,1,0.586663
0,1,0,0,1,1,1,1,0,0,1,1,1,0,1,0,1,1,0,0,0,0,1,0,1,0,0,1,0,1,1,0,0.612052
1,0,0,0,0,0,1,0,0,0,0,0,1,0,1,1,0,0,1,0,1,1,1,1,0,0,0,0,1,1,1,1,0.627051
1,1,0,1,1,1,0,0,1,0,0,1,1,1,0,0,1,0,0,0,0,0,0,0,0,1,1,1,0,0,1,0,0.571025
1,1,1,1,1,0,0,0,1,1,1,0,1,0,0,0,1,0,1,0,0,1,1,1,0,0,1,0,0,0,1,1,0.643436
0,0,1,0,1,0,1,1,0,1,1,1,0,0,0,1,1,0,1,1,1,1,0,1,0,1,0,1,0,0,0,1,0.650016
0,1,1,0,1,1,0,1,0,0,0,1,1,1,1,0,0,1,1,0,0,0,0,1,0,0,0,0,1,0,1,1,0.613944
0,1,0,0,0,1,1,0,1,1,1,0,0,0,1,1,0,1,1,1,1,1,1,1,1,1,1,1,0,0,1,0,0.712170
0,1,1,0,0,1,0,1,1,0,0,0,1,0,1,0,0,0,1,0,0,1,1,0,1,0,1,1,0,1,1,1,0.655291
1,0,1,0,1,0,0,0,1,1,0,0,0,0,0,1,0,1,0,0,0,0,1,1,1,0,0,1,0,0,1,1,0.633046
0,0,0,0,1,1,1,0,0,1,0,0,0,1,1,0,0,1,1,1,0,0,0,0,0,1,0,0,0,0,0,0,0.310342
1,1,0,1,0,0,0,0,0,0,1,0,1,0,1,0,0,1,0,1,0,1,0,1,0,1,0,0,1,1,0,1,0.567695
0,1,1,0,1,1,0,0,1,0,0,0,1,1,0,0,0,0,0,1,1,0,1,1,1,0,1,1,1,0,0,0,0.567961
1,0,0,1,0,0,1,1,1,1,0,0,0,0,0,1,1,0,0,0,1,1,1,1,0,1,0,1,0,1,0,1,0.662857
1,1,0,0,0,0,1,0,1,0,1,0,1,1,0,0,1,0,1,0,1,1,0,0,1,1,0,1,0,0,1,1,0.600304
0,0,1,1,0,1,1,0,1,1,0,0,0,0,1,1,1,1,0,0,1,0,1,1,0,0,0,1,0,0,1,0,0.599185
0,1,1,1,0,1,1,1,0,0,1,0,1,1,1,0,1,0,1,0,0,0,1,0,0,0,0,1,0,1,0,1,0.599931
0,1,1,1,1,0,1,1,1,0,1,0,1,1,1,0,1,0,0,1,1,1,1,1,1,1,1,1,0,1,0,1,0.745391
1,0,1,0,1,0,1,0,0,0,0,1,1,0,1,1,1,0,1,0,0,0,0,1,1,1,1,1,0,1,0,1,0.670077
0,0,1,1,0,1,0,1,0,1,1,0,1,1,1,0,0,0,0,0,0,1,1,0,0,0,1,0,0,1,1,1,0.598705
0,0,0,0,0,0,1,1,1,1,0,1,0,0,1,0,0,0,1,1,0,1,1,0,1,0,0,1,0,0,0,1,0.553469
1,0,1,0,0,0,0,0,0,0,0,0,0,1,0,1,1,1,0,0,1,0,0,1,0,1,0,0,1,0,1,0,0.516917
0,0,1,1,0,0,0,1,0,1,0,1,1,0,1,0,1,1,0,0,0,1,1,1,0,0,1,0,0,1,1,1,0.703724
1,0,0,0,1,0,1,0,0,0,0,0,0,1,1,0,1,0,1,0,0,0,0,1,1,1,1,1,1,0,1,1,0.621990
0,1,1,1,1,0,1,0,1,0,1,1,0,0,1,1,0,0,0,1,0,1,1,0,1,0,1,0,1,0,1,1,0.640878
1,1,1,0,0,1,0,0,0,1,1,0,0,0,0,1,0,0,0,1,0,0,0,0,0,0,0,0,0,1,0,0,0.602222
1,1,0,0,0,0,0,1,1,0,1,0,1,0,1,1,0,1,0,0,1,1,1,0,1,0,0,1,0,1,0,1,0.626359
1,1,1,1,0,0,1,1,1,0,1,1,1,1,0,0,1,1,0,1,1,1,1,1,0,1,1,0,1,1,1,0,0.680893
0,0,0,1,1,0,1,1,1,1,0,1,0,0,0,0,1,1,0,1,1,0,1,0,0,1,1,1,0,0,1,1,0.667919
1,1,0,0,1,1,1,0,0,0,1,0,1,0,0,1,1,0,0,1,1,0,1,1,1,1,1,0,0,0,0,0,0.648098
1,1,0,0,0,1,1,0,1,1,1,1,1,1,0,0,0,0,1,1,1,0,0,1,0,1,1,0,0,1,1,1,0.675805
1,0,1,1,0,1,0,0,0,1,0,1,0,0,1,0,1,1,1,0,1,0,1,1,1,0,1,1,1,0,0,1,0.638907
1,0,1,1,0,1,1,0,1,0,1,0,1,0,1,0,0,1,0,0,0,0,1,1,0,1,1,0,1,1,0,1,0.599798
0,0,1,0,0,1,0,0,1,0,1,0,1,1,1,0,1,1,1,1,1,1,0,0,1,0,0,0,1,1,0,1,0.645487
1,1,0,1,0,1,0,1,0,0,1,1,0,0,1,0,0,1,1,1,0,0,1,0,0,0,0,0,0,1,0,1,0.528213
1,0,1,1,0,0,1,1,0,0,0,1,1,1,1,1,0,0,1,1,1,1,1,0,0,1,1,1,0,1,1,0,0.687287
1,0,0,1,1,0,1,0,1,0,0,0,0,0,1,0,0,1,1,0,1,0,1,1,0,1,0,0,0,1,0,1,0.574782
0,1,1,1,0,0,1,1,1,0,0,1,0,1,1,1,0,0,0,1,1,0,1,1,0,1,1,1,1,1,0,1,0.759591
0,0,0,1,1,1,0,1,1,1,0,0,0,1,1,1,0,1,1,1,1,0,0,0,0,0,1,0,0,1,0,1,0.649936
0,1,1,0,1,1,0,1,0,1,0,1,0,0,1,0,1,0,0,1,1,0,0,0,1,0,1,1,0,1,0,1,0.614423
0,1,0,1,0,1,0,0,1,0,0,0,1,0,0,1,0,1,0,0,0,1,0,1,1,1,1,0,1,1,0,1,0.591219
