0,0,0,0,0,1,1,1,0,1,1,0,0,0,1,1,1,1,1,1,0,0,1,0,0,1,1,0,1,0,0,1,0.636669
1,0,1,1,0,0,1,0,1,1,0,1,0,0,0,0,0,0,1,0,0,0,1,1,0,1,1,1,1,0,0,1,0.713875
1,1,1,1,0,1,0,0,1,0,1,0,0,0,0,1,1,1,1,1,1,1,0,0,1,0,0,1,1,1,1,1,0.648284
1,0,1,0,0,1,0,0,0,1,0,0,1,0,0,0,1,1,0,1,0,1,0,1,1,0,0,0,0,0,0,0,0.566949
0,0,0,0,0,0,0,1,1,0,1,1,1,1,0,0,1,0,1,0,0,1,0,1,0,0,0,0,0,0,0,1,0.567908
0,0,1,0,0,0,1,1,0,1,1,0,1,0,0,1,1,1,1,0,1,1,1,1,0,1,1,1,1,0,1,1,0.687367
1,1,1,1,0,0,1,0,0,0,1,1,1,1,0,0,0,0,1,1,1,0,1,1,0,1,0,0,0,1,1,1,0.634458
0,0,0,1,1,0,1,0,1,0,1,0,1,1,1,0,0,1,0,1,0,0,1,1,1,1,0,1,1,0,0,0,0.574195
1,1,0,1,0,1,1,1,1,0,1,0,1,0,0,1,1,0,1,1,1,0,0,0,0,1,0,0,1,1,0,1,0.635896
1,0,0,0,0,1,0,1,0,0,0,0,1,1,0,0,1,1,1,0,1,1,1,0,1,0,0,1,1,0,0,0,0.564764
1,0,0,0,1,1,0,1,0,0,0,1,0,0,0,0,0,1,0,0,1,0,0,1,1,1,1,1,0,0,1,1,0.540841
1,1,0,0,0,0,0,1,0,0,0,0,1,1,1,1,0,1,0,0,0,0,0,0,0,1,1,1,0,0,1,1,0.572384
0,0,1,1,0,0,0,0,0,1,1,0,0,1,0,1,1,0,1,1,1,0,1,0,0,1,0,1,0,1,1,0,0.599718
1,1,0,0,1,0,0,1,0,0,0,0,0,1,0,0,1,0,1,1,1,0,1,0,1,0,0,1,0,0,0,1,0.599558
1,1,0,0,0,1,0,0,0,1,1,0,1,1,1,0,0,0,1,0,1,0,0,1,1,1,1,0,1,1,0,0,0.598599
0,0,0,1,1,1,0,0,0,1,0,1,0,1,1,1,1,0,0,1,1,0,1,0,1,0,1,1,0,1,1,0,0.627771
1,0,0,1,0,0,0,1,0,0,0,1,1,0,0,0,0,0,0,1,1,0,0,1,0,0,0,1,0,0,0,0,0.551364
0,1,1,0,1,0,1,0,0,1,1,1,1,0,0,0,1,1,0,0,1,1,1,0,0,0,1,1,1,0,1,0,0.635283
0,1,0,1,1,1,0,1,0,0,1,0,0,1,1,0,1,0,1,1,1,0,1,0,0,1,1,1,0,1,1,0,0.625346
0,1,0,1,1,0,1,0,0,1,0,0,0,1,1,1,1,1,1,1,0,0,1,1,0,1,0,0,1,1,1,0,0.621776
0,0,1,1,0,1,1,1,0,1,1,0,0,1,1,1,0,0,0,1,1,1,0,0,1,0,1,0,1,0,0,1,0.596467
1,1,0,1,0,1,1,0,0,0,0,1,0,1,0,0,0,0,1,0,0,1,1,1,0,1,1,1,0,1,1,0,0.607444
0,0,1,1,0,1,1,0,0,1,1,0,0,1,1,0,1,0,0,0,0,0,0,1,0,1,0,1,1,0,0,1,0.566976
1,1,0,0,1,1,0,0,1,0,0,0,0,0,0,1,1,0,1,1,0,1,0,0,1,0,1,1,1,1,0,1,0.584692
1,1,0,0,1,0,1,1,0,1,0,0,1,0,0,0,1,0,1,1,1,1,1,0,0,0,0,0,1,1,1,0,0.574648
1,1,1,1,1,1,1,0,0,1,0,1,0,1,1,0,1,0,1,1,1,1,1,1,1,1,1,0,0,1,1,0,0.630035
0,1,0,0,0,0,1,1,0,0,1,1,0,1,0,1,0,1,1,0,1,1,0,1,1,0,1,0,1,1,1,1,0.664322
1,0,0,0,1,0,0,1,0,0,0,1,1,0,0,0,1,0,0,1,0,1,1,0,1,1,1,0,1,1,0,1,0.585411
0,1,1,1,0,1,1,1,0,0,1,0,1,1,1,0,1,1,0,1,1,0,1,1,1,0,0,0,0,0,1,1,0.621483
1,1,0,0,0,0,0,1,0,1,0,1,1,0,0,0,0,1,1,0,1,0,0,0,1,1,0,1,1,0,1,1,0.587436
0,0,0,1,0,1,0,1,1,0,0,1,0,1,0,0,1,1,0,0,0,0,1,0,0,0,1,0,0,0,1,0,0.524243
1,0,0,1,1,0,0,1,1,0,1,1,1,0,0,0,0,1,1,0,1,1,1,0,1,1,0,0,0,1,1,1,0.614850
0,1,1,1,1,0,1,1,0,0,0,1,0,1,1,0,0,0,1,1,0,1,0,0,1,0,0,1,0,1,1,0,0.641757
1,0,1,1,1,1,1,1,0,1,1,0,0,1,0,1,0,0,0,0,1,0,1,1,0,1,1,1,0,0,1,0,0.639519
0,0,0,1,1,0,1,1,1,0,1,1,1,0,1,0,0,0,1,1,0,0,0,1,0,1,1,1,1,0,1,0,0.817002
1,1,1,0,1,0,1,0,1,1,0,0,0,0,1,0,1,0,0,0,0,0,1,1,1,0,0,0,1,1,1,1,0.615995
1,0,1,1,0,1,1,0,0,1,0,1,0,0,0,0,1,0,1,0,0,1,1,1,0,1,1,1,1,0,1,0,0.630088
0,0,1,1,1,0,1,0,0,1,1,0,1,1,0,0,1,0,0,1,0,1,0,0,1,0,0,0,0,0,1,1,0.575607
0,0,1,1,0,0,1,1,0,1,0,1,1,0,0,0,0,1,0,0,1,0,0,1,0,0,0,1,1,1,1,1,0.567615
0,1,0,1,1,1,0,1,1,1,1,0,0,1,0,0,0,0,0,0,0,0,0,0,0,0,1,1,0,0,0,1,0.587063
1,1,0,1,0,0,0,1,0,1,0,1,0,0,0,0,1,1,0,1,0,1,0,1,1,0,0,0,0,1,0,1,0.622949
0,0,1,0,1,1,1,0,0,0,0,1,1,1,1,1,0,1,0,1,1,1,0,1,1,0,0,1,1,1,0,1,0.811834
0,0,0,0,1,0,1,0,1,1,1,1,1,0,0,0,1,1,1,0,1,1,0,0,0,0,0,0,1,0,0,1,0.560955
0,1,0,0,0,0,0,0,0,1,1,0,0,0,1,0,1,0,1,0,0,0,1,0,0,0,0,0,0,0,0,1,0.511003
0,1,1,1,1,1,0,1,1,0,1,1,0,1,1,1,1,1,0,0,0,0,0,0,0,1,1,1,0,0,1,0,0.656170
1,0,1,0,1,1,1,0,0,1,0,1,1,0,1,0,1,0,1,1,0,1,1,1,1,0,0,0,0,1,0,0,0.609468
1,1,1,0,1,0,1,0,0,0,1,0,0,0,1,1,1,1,0,1,1,0,1,0,1,1,1,0,1,0,0,0,0.635390
1,1,1,0,1,1,0,0,1,0,1,1,1,0,0,1,1,1,0,1,1,1,1,0,0,1,1,1,0,0,1,1,0.687207
1,1,1,1,1,1,0,0,0,0,1,1,0,0,1,1,1,1,1,0,1,0,1,0,0,0,0,0,1,0,0,1,0.614956
0,1,1,1,0,1,0,1,0,0,1,0,0,0,1,1,1,0,1,0,1,0,0,0,1,1,0,1,0,0,1,0,0.583467
0,1,0,0,0,0,1,0,0,0,1,0,1,1,1,1,0,0,0,1,0,1,1,0,0,0,1,0,1,1,1,0,0.583467
0,1,1,0,0,1,1,1,0,0,0,0,0,1,0,1,0,0,1,0,0,1,1,1,0,1,0,0,0,1,1,1,0.528639
0,1,1,1,0,0,0,0,0,0,0,0,0,1,1,0,1,0,1,0,0,0,0,0,1,1,0,1,1,0,0,1,0.555973
0,1,0,1,0,0,0,1,0,1,0,0,1,0,0,0,1,1,0,1,1,0,1,0,0,1,1,0,0,1,1,1,0.570919
0,0,1,0,0,1,0,1,1,1,1,1,1,1,1,0,1,0,0,0,0,0,0,0,1,1,1,0,0,1,0,0,0.601849
1,1,0,0,0,1,1,1,0,1,1,0,0,1,0,1,0,0,1,1,0,1,1,1,1,1,1,0,1,1,0,0,0.624467
0,1,0,0,0,1,0,0,0,0,1,1,0,0,0,1,0,0,0,1,1,0,1,1,0,0,0,1,1,1,0,0,0.563432
1,0,0,1,0,0,1,0,1,0,0,0,1,0,0,0,1,0,0,1,0,1,0,0,1,1,1,1,1,0,0,0,0.598679
0,0,1,1,0,1,1,1,0,0,1,1,1,0,1,1,0,1,1,0,1,0,0,0,1,0,0,1,0,0,0,0,0.615542
0,1,0,0,1,0,1,1,1,1,1,1,1,0,1,1,1,0,1,0,1,0,0,1,1,0,0,1,0,1,1,0,0.635710
0,0,1,1,0,0,0,1,1,0,1,0,1,0,0,0,0,1,0,0,1,1,1,1,1,1,0,1,0,0,1,1,0.603954
0,1,1,0,1,0,1,0,1,1,1,0,0,1,0,0,0,1,1,1,1,1,0,1,0,1,1,1,0,0,0,1,0.607763
1,1,1,1,0,1,1,1,0,1,0,1,1,1,1,1,0,0,0,0,0,1,0,1,1,1,0,0,1,1,0,0,0.684223
0,1,0,0,1,1,0,0,1,1,1,1,1,0,1,0,0,1,1,1,0,1,1,0,1,0,0,1,0,0,0,1,0.606591
1,0,0,1,1,0,1,0,0,1,0,0,1,1,0,0,0,1,1,1,1,0,0,1,0,1,0,1,1,1,0,0,0.583573
1,1,0,1,1,1,1,1,1,1,1,1,1,0,1,1,0,1,0,1,0,1,0,1,1,0,0,1,1,0,0,0,0.648737
0,0,1,0,1,0,0,1,0,1,0,0,1,1,1,0,1,1,0,1,1,1,1,0,1,0,0,1,0,0,1,1,0.590100
0,1,0,0,1,1,1,0,1,1,1,0,0,0,1,1,1,1,0,0,0,0,1,1,1,1,0,0,1,0,1,1,0.652360
1,0,1,0,0,0,0,0,0,1,1,1,1,0,0,0,1,1,0,0,0,0,0,1,0,0,1,1,0,1,1,0,0.600410
1,0,1,0,0,0,1,1,1,1,0,1,0,1,0,1,1,0,1,0,0,1,1,0,1,1,1,0,1,1,0,1,0.647751
0,0,0,1,0,0,0,1,0,0,0,0,0,0,0,1,0,1,0,0,0,1,1,1,0,1,0,0,0,0,0,1,0.488518
0,1,0,1,1,0,0,0,1,0,1,0,0,0,0,0,0,0,1,1,0,1,1,1,1,0,1,0,0,0,1,1,0.613464
0,1,0,0,1,1,0,0,0,1,1,0,1,1,1,1,0,0,0,1,0,1,1,0,1,0,0,0,1,0,0,1,0.582055
0,1,1,0,1,0,1,0,0,0,0,1,1,1,1,1,1,0,1,1,1,0,0,1,1,1,0,0,0,1,1,1,0.642024
1,1,1,1,1,1,1,1,0,1,0,1,0,0,0,0,1,0,0,0,1,0,0,1,1,0,0,0,0,1,0,0,0.619086
0,0,1,1,0,0,0,1,0,0,0,1,0,1,1,0,1,1,0,0,0,0,1,1,1,0,1,0,0,1,0,1,0.565084
0,0,1,1,1,0,0,1,0,0,1,0,0,0,1,0,0,0,0,0,0,0,1,0,1,0,1,1,0,1,1,0,0.602994
1,0,0,1,0,1,0,0,0,1,1,0,0,0,1,1,1,1,1,0,0,0,0,1,0,1,0,0,0,0,1,0,0.557864
0,0,0,1,0,0,0,1,1,1,0,1,1,0,1,1,0,1,0,1,0,1,0,0,1,0,1,0,1,1,1,1,0.642663
1,0,1,1,1,1,0,1,1,1,0,1,1,0,0,0,1,0,1,0,0,1,1,1,1,1,1,1,1,1,0,1,0.653426
0,0,0,0,1,1,1,1,1,1,1,0,0,0,1,1,0,1,1,0,1,1,0,1,0,1,0,1,1,1,1,0,0.587889
1,1,0,0,1,1,0,1,0,1,1,0,0,1,1,0,0,0,0,1,0,0,1,1,0,1,0,0,0,1,1,1,0.579177
1,0,0,1,1,0,1,1,0,1,1,0,0,1,0,0,1,1,0,1,0,1,0,1,1,1,1,1,0,0,0,1,0.613571
0,1,0,0,0,1,0,1,0,0,0,0,1,1,0,0,1,0,1,1,1,0,1,0,0,0,1,1,0,0,0,0,0.510283
1,1,0,1,1,0,1,1,1,0,0,1,1,0,0,0,1,1,1,1,1,0,1,0,1,1,1,1,1,0,0,0,0.655424
0,1,0,0,0,1,0,1,0,1,0,0,1,1,1,0,0,1,0,1,1,1,1,1,1,1,0,0,0,1,1,1,0.520540
0,1,1,1,0,0,1,0,1,1,0,0,0,1,1,0,0,1,0,1,1,1,0,0,0,0,1,1,1,0,0,1,0.583893
1,0,1,0,0,0,1,0,1,1,1,0,0,1,1,0,0,1,1,0,0,0,0,0,0,1,1,0,0,1,0,1,0.615276
0,0,1,1,0,1,0,0,1,1,1,0,0,1,1,1,1,0,0,0,1,0,1,1,1,1,0,1,1,1,0,1,0.635044
0,0,1,0,1,1,0,1,1,1,1,0,0,0,1,1,0,0,0,0,0,0,0,0,0,1,0,0,1,1,0,1,0.491422
0,1,1,1,0,0,1,0,0,0,0,0,0,1,1,0,0,1,1,0,1,1,1,0,1,0,1,1,1,1,1,1,0.610987
1,0,0,0,0,1,0,0,0,1,0,0,1,1,0,1,0,1,0,0,1,1,1,1,0,1,1,1,1,1,0,1,0.688059
1,0,1,0,0,1,0,1,1,0,0,0,0,1,0,0,1,1,1,1,1,1,1,1,1,1,0,1,0,1,0,1,0.533728
0,1,0,0,0,1,0,1,0,1,0,0,0,0,1,1,0,1,1,0,1,0,1,1,1,0,0,0,1,1,1,0,0.563299
0,1,1,1,0,1,1,1,0,0,1,1,0,1,0,0,0,1,1,1,1,1,0,0,1,0,0,1,0,1,0,0,0.615036
1,1,1,0,0,1,1,0,1,0,1,1,1,0,1,0,0,0,1,1,1,1,1,0,0,0,1,1,1,0,1,1,0.662884
1,1,1,1,1,0,1,1,0,0,0,1,1,0,1,0,1,1,1,1,1,0,1,1,0,1,1,0,1,0,0,0,0.666720
1,0,1,0,0,1,1,1,1,1,1,0,1,1,0,1,1,1,0,0,0,0,1,1,1,1,0,1,1,0,1,0,0.623029
0,1,1,0,1,0,1,0,1,0,1,1,0,1,1,0,1,1,0,1,1,1,0,1,1,1,1,0,0,1,1,1,0.676657
0,1,0,1,0,1,1,1,0,1,0,0,0,1,0,1,1,1,1,1,1,1,0,0,1,0,1,1,1,0,1,1,0.646286
0,0,1,0,0,0,1,0,0,1,1,1,1,0,1,1,1,1,1,0,1,0,1,1,0,1,0,1,0,1,0,0,0.639946
0,0,0,1,0,0,1,1,1,0,0,0,1,1,1,0,1,0,0,1,0,0,1,0,1,0,0,1,1,1,1,0,0.642983
0,1,0,0,0,0,0,1,1,1,1,1,0,1,1,1,0,0,0,0,1,0,1,0,1,1,0,1,1,0,1,1,0.639919
0,0,0,0,1,0,1,1,0,1,1,1,0,1,1,0,0,1,0,1,0,0,0,1,1,0,1,1,0,1,0,1,0.642450
0,0,1,1,1,0,1,0,1,0,0,0,0,0,0,1,0,1,0,1,0,0,1,0,0,1,0,1,0,1,0,1,0.535646
1,1,0,0,0,0,0,1,1,0,0,0,1,0,0,1,1,1,1,1,1,0,0,0,0,1,0,0,1,0,1,0,0.626066
1,1,1,1,0,0,0,0,0,0,0,0,0,1,0,0,1,0,1,0,1,0,0,0,1,1,0,1,1,1,1,1,0.607790
1,0,0,1,0,1,1,0,0,0,0,0,1,1,1,0,0,0,1,1,0,1,0,1,1,1,1,1,0,1,1,0,0.605765
1,0,1,0,0,0,1,0,1,0,0,1,0,1,1,0,1,1,1,0,0,0,1,1,0,0,1,1,0,1,0,0,0.591086
1,1,0,1,0,0,0,0,0,1,1,1,1,1,0,1,0,1,1,1,1,1,0,0,0,0,0,0,1,0,1,1,0.621776
1,1,0,0,1,0,1,1,1,0,1,0,1,0,0,1,0,0,1,1,0,1,0,1,1,0,1,1,1,0,1,1,0.676684
0,1,0,1,1,0,0,0,1,0,1,0,0,1,1,0,1,1,0,0,0,1,0,0,0,0,0,1,0,1,1,1,0.581175
1,1,1,1,1,1,1,1,0,1,1,1,0,0,1,0,1,1,0,0,0,0,1,0,1,0,1,0,1,0,1,0,0.691603
0,0,1,1,1,1,1,0,1,1,0,0,1,1,0,0,1,1,1,0,1,0,0,0,1,0,0,1,0,1,0,1,0.590873
1,0,0,1,0,0,0,1,0,0,1,0,1,0,1,1,1,0,1,1,1,0,0,0,1,1,1,0,0,0,0,0,0.588022
0,0,1,0,1,0,0,0,1,1,0,0,1,1,1,0,1,1,1,0,1,0,1,1,1,0,1,0,1,1,1,0,0.582774
0,1,1,1,1,1,1,1,1,1,1,1,1,1,1,1,1,1,0,1,0,1,0,1,0,1,1,1,1,0,1,1,0.724265
1,1,1,0,0,1,1,1,1,0,0,1,1,1,1,0,0,0,0,1,1,1,1,0,1,1,1,1,0,1,0,1,0.636722
1,0,0,0,0,1,0,1,1,1,0,0,1,0,1,0,0,1,1,0,0,1,1,1,1,0,1,0,1,1,0,0,0.609095
1,1,1,1,0,0,1,1,1,1,1,0,1,0,1,0,1,0,1,1,1,0,0,1,0,0,0,1,1,1,0,1,0.630248
0,0,0,0,0,0,1,1,1,0,0,0,1,0,1,0,0,0,0,1,0,0,1,1,0,1,1,0,1,1,0,0,0.484495
1,1,1,1,1,0,1,0,0,1,1,0,0,0,0,0,0,1,1,0,1,1,1,1,0,1,0,0,1,0,1,0,0.619725
1,1,1,1,1,1,0,1,0,1,0,1,0,1,1,1,0,1,0,1,1,1,0,0,0,0,1,1,0,1,0,1,0.693601
0,0,0,1,0,1,0,0,0,1,1,0,1,1,1,1,1,1,1,1,1,1,1,1,0,0,0,0,0,1,0,1,0.569054
0,0,1,0,0,1,0,1,0,1,1,0,0,0,0,1,1,1,1,0,1,1,0,1,1,0,1,1,0,1,1,1,0.675352
1,0,0,0,1,0,1,1,0,0,0,1,1,1,1,0,0,0,1,0,1,1,0,0,1,0,1,1,0,0,1,1,0.642317
0,1,1,0,1,1,1,0,0,1,0,1,1,0,0,1,0,0,1,0,0,1,1,0,0,1,0,1,1,1,0,1,0.643569
1,0,1,1,1,0,1,0,1,1,0,1,1,1,0,0,0,0,0,1,1,0,0,0,1,1,0,0,1,0,1,0,0.632966
