0,0,1,0,0,1,1,1,1,1,0,1,0,1,0,1,0,1,1,0,1,1,1,1,0,1,0,1,0,1,0,0,0.641939
1,0,0,0,0,1,1,1,1,0,1,1,1,1,0,1,0,0,1,0,0,1,0,1,1,1,1,1,1,1,1,1,0.694783
1,1,0,0,0,0,1,1,1,0,1,1,1,1,0,1,0,0,0,1,1,0,0,0,0,1,0,0,0,1,1,0,0.584938
0,0,1,0,1,0,0,1,0,1,1,1,1,1,0,1,0,1,1,1,1,0,0,1,1,1,1,1,0,1,1,1,0.699792
0,1,0,1,1,1,0,0,0,1,0,1,1,0,0,1,1,1,0,1,1,1,0,1,0,0,1,0,1,0,0,0,0.627113
0,0,0,1,0,1,0,0,0,0,1,0,0,0,0,1,1,0,1,1,0,1,0,0,0,0,0,1,1,0,0,1,0.517143
0,1,0,1,1,0,1,1,1,1,1,0,0,0,0,0,0,1,1,0,1,1,1,1,0,1,0,1,0,0,1,0,0.608655
0,0,1,0,1,1,1,1,0,0,0,1,0,1,0,0,0,1,1,1,0,0,1,0,1,0,1,1,0,0,1,0,0.575121
1,0,1,1,1,1,0,1,1,0,1,0,1,1,1,1,1,1,1,1,1,0,0,1,1,1,0,1,1,1,0,1,0.712239
1,0,1,0,1,0,1,1,0,0,1,1,1,0,1,1,1,0,0,0,1,0,0,0,0,1,1,0,0,0,0,1,0.624333
1,1,0,0,1,1,1,0,0,1,1,1,0,0,0,1,1,0,0,0,1,0,1,1,1,1,0,1,0,0,0,1,0.624909
1,1,0,0,1,1,1,1,1,1,0,0,1,1,1,0,0,1,0,0,1,1,0,0,1,0,1,0,0,1,0,1,0.618623
0,0,0,0,0,0,1,1,1,1,0,0,1,1,0,1,0,0,1,1,0,1,0,0,0,1,0,1,1,0,0,0,0.540710
0,1,1,1,1,0,0,1,0,0,0,0,1,0,1,0,0,0,1,0,0,0,1,1,1,0,0,0,1,0,1,1,0.573493
1,0,1,0,1,0,0,0,1,0,1,0,0,0,0,0,1,1,0,0,1,1,0,0,1,1,0,1,1,0,0,0,0.655388
1,1,0,0,0,0,1,1,1,0,1,0,0,0,1,1,1,1,0,1,0,0,0,1,0,0,1,0,1,0,1,0,0.641814
1,1,0,0,0,0,0,0,1,1,0,0,1,1,0,0,1,1,0,0,1,0,1,0,0,1,0,0,0,1,1,1,0.573368
1,0,1,1,0,1,0,1,1,0,0,1,1,1,1,1,0,0,0,1,0,1,0,1,1,0,0,0,1,0,0,0,0.624859
1,1,1,1,1,0,0,0,0,0,1,0,0,1,0,1,0,1,1,0,1,0,1,0,0,0,1,1,1,0,1,1,0.619750
1,0,1,0,1,0,1,1,1,1,0,1,0,1,0,1,1,0,1,1,0,1,1,1,0,0,0,1,0,0,0,1,0.626863
0,1,0,0,0,0,0,1,0,0,0,1,1,0,0,0,1,0,1,0,1,0,0,0,1,0,0,1,1,1,0,0,0.528188
0,0,1,0,1,1,0,0,0,0,0,0,1,1,1,0,0,0,0,1,1,1,0,1,1,0,0,1,1,1,1,0,0.528162
1,1,1,0,0,1,1,0,1,1,0,0,1,1,1,0,0,0,1,1,1,1,1,1,1,1,0,1,0,1,0,0,0.580555
1,1,0,1,1,0,0,1,1,1,0,1,1,0,0,0,0,1,1,1,0,0,0,1,1,0,0,0,1,1,1,0,0.595783
1,0,1,0,0,1,0,0,0,0,1,1,0,0,0,0,0,1,0,1,0,1,0,0,0,0,1,0,1,0,1,0,0.545543
0,1,1,1,0,1,1,1,0,1,1,0,1,0,1,0,1,1,1,0,1,0,1,0,1,0,1,0,0,0,1,0,0.623407
0,1,0,1,0,0,0,1,1,0,0,0,0,0,0,0,1,1,1,1,0,1,0,0,1,0,0,1,0,0,0,0,0.552205
1,1,1,1,1,0,1,1,1,1,1,0,0,1,0,0,1,0,0,1,1,1,1,1,1,1,0,0,1,0,0,1,0.628315
1,1,1,1,1,1,1,0,0,1,0,0,1,0,0,0,0,0,1,1,0,0,0,0,0,0,0,1,1,0,0,0,0.640462
0,1,0,1,1,0,0,1,1,1,1,0,0,0,0,0,0,0,1,0,1,1,0,0,0,0,0,0,1,0,1,0,0.515515
1,1,0,1,1,1,1,1,1,1,0,1,1,1,1,1,0,0,0,0,0,0,1,1,1,0,0,0,1,0,0,1,0.616394
1,1,0,1,0,0,1,1,0,0,0,0,0,1,0,0,0,0,0,0,0,1,1,1,0,1,1,0,1,0,1,0,0.600391
0,1,1,0,0,1,0,0,1,1,0,0,0,1,1,0,0,1,0,1,0,1,0,0,0,0,0,0,0,0,1,1,0.584763
1,0,0,1,0,0,0,1,0,0,0,1,0,0,0,0,0,0,1,0,0,0,1,1,1,1,1,0,1,0,1,1,0.604172
1,0,1,0,1,0,1,1,0,1,0,0,0,1,1,0,1,0,0,0,0,0,0,0,1,0,0,1,1,0,1,0,0.579228
1,0,1,1,0,1,0,1,0,0,0,0,0,1,0,0,0,0,1,0,0,1,1,1,1,1,0,0,0,0,0,1,0.562949
0,1,0,0,1,0,0,1,1,0,0,1,1,1,0,1,1,1,1,0,1,0,0,1,0,1,0,1,0,0,0,0,0.586741
1,0,0,1,1,0,1,0,1,1,0,0,0,0,0,0,1,1,1,1,0,1,1,0,0,1,1,1,0,1,1,0,0.613238
1,1,1,0,1,1,0,1,1,1,0,1,1,1,1,0,1,0,0,0,1,1,0,0,1,0,1,0,0,0,1,0,0.632923
0,1,1,0,0,0,1,1,1,0,0,1,1,0,0,1,1,0,1,1,1,1,1,0,1,0,1,1,1,1,0,1,0.670515
1,1,1,0,1,1,1,0,1,0,0,1,0,1,1,1,0,1,1,0,0,0,1,0,0,1,0,0,0,0,1,0,0.612212
0,0,1,0,1,0,0,1,1,0,0,0,0,1,1,1,1,0,0,1,0,0,1,1,1,1,1,1,1,1,1,0,0.609532
1,1,0,0,1,1,1,1,0,1,0,1,1,0,0,0,0,0,1,0,1,1,1,0,1,0,0,0,0,0,1,0,0.590398
0,1,0,1,1,0,0,0,1,1,1,0,1,1,0,0,0,1,1,1,0,0,1,1,0,1,1,0,1,1,0,0,0.627088
1,1,0,1,1,0,1,1,1,1,1,0,0,1,0,1,0,0,0,1,1,0,1,0,0,0,1,1,1,0,0,1,0.638408
1,1,1,0,1,1,1,0,0,1,0,0,1,0,1,1,0,1,0,0,1,1,0,1,1,1,0,1,0,0,0,1,0.602795
0,1,1,0,0,0,0,0,1,0,0,1,0,1,0,1,0,1,0,0,0,1,0,1,1,1,0,0,1,1,0,1,0.660673
0,0,0,1,0,1,0,0,1,1,0,0,1,1,0,1,0,1,0,0,1,1,0,1,0,1,1,1,0,1,0,0,0.615167
0,0,0,1,0,1,1,0,1,1,0,0,1,0,0,0,0,0,1,0,1,1,0,1,1,0,0,1,1,1,1,0,0.591450
1,1,1,1,1,0,1,1,0,0,0,0,0,1,1,0,1,1,0,1,1,1,0,1,0,1,1,0,1,0,1,1,0.612713
1,1,0,1,1,1,0,0,1,1,1,1,1,1,0,0,1,1,0,1,0,1,0,0,0,0,0,1,0,1,0,1,0.700944
0,1,0,0,1,1,1,0,1,1,0,0,1,1,0,0,1,1,0,1,1,0,1,1,1,0,0,1,0,0,1,1,0.623281
1,1,0,1,1,1,0,1,1,1,0,1,1,1,0,0,0,1,1,0,0,0,1,0,1,0,0,0,1,1,1,0,0.642065
1,0,1,1,1,1,0,1,1,1,0,0,1,0,0,1,0,0,0,1,1,1,1,0,1,1,0,1,0,0,0,0,0.597661
0,1,0,1,1,1,0,0,1,1,0,0,1,1,1,1,1,0,0,0,1,0,0,0,0,0,1,0,0,0,1,1,0.590097
1,1,1,0,0,0,0,0,1,1,1,0,1,1,1,0,1,1,1,0,0,1,1,0,1,1,1,0,0,0,1,1,0.625210
1,0,1,0,0,0,0,0,1,1,1,1,1,0,1,1,0,1,0,1,0,0,0,1,1,1,1,0,1,0,0,0,0.630319
1,1,1,0,0,1,0,1,0,1,1,0,0,0,0,1,1,0,0,0,1,0,1,1,1,1,1,1,1,1,0,1,0.650555
1,0,1,0,0,1,0,0,1,1,0,0,1,0,1,1,0,1,1,0,0,0,0,1,1,1,1,0,0,1,0,0,0.586741
0,1,0,0,0,0,1,1,1,1,1,0,1,0,0,1,0,0,0,1,1,0,0,0,1,1,0,1,0,1,1,0,0.567683
1,0,1,1,0,0,1,1,0,0,0,1,1,1,0,0,0,0,1,1,1,1,0,1,0,0,0,0,0,1,1,0,0.617646
0,1,0,0,1,1,0,0,1,1,0,1,1,1,0,0,1,0,0,1,1,0,0,1,0,0,0,1,1,1,1,1,0.661925
0,1,1,1,0,1,0,0,1,0,0,1,1,0,1,0,1,0,1,0,0,1,1,0,1,1,1,0,1,0,1,1,0.627940
1,1,0,0,0,1,1,0,1,1,1,1,1,1,1,0,1,1,0,0,1,0,0,1,0,1,0,1,0,0,0,0,0.622229
0,0,0,1,1,1,1,1,0,1,1,1,1,0,0,0,0,0,0,1,0,1,0,1,1,0,0,0,1,0,1,1,0.586867
0,1,1,1,0,0,1,1,0,0,1,0,0,0,0,1,0,1,0,0,1,1,0,1,0,1,0,0,0,1,0,1,0.602620
1,0,0,1,0,0,0,0,0,0,0,1,1,1,0,0,0,1,1,1,0,1,1,0,1,0,0,1,0,0,0,0,0.562348
0,0,1,0,1,0,1,1,1,0,1,0,0,1,0,1,0,1,0,0,1,1,1,1,0,0,1,1,1,1,1,1,0.680959
0,0,0,0,0,0,0,1,0,0,0,0,1,1,1,1,1,1,0,0,1,0,1,1,0,0,1,0,0,0,1,1,0.553733
0,0,1,0,1,0,0,0,1,0,0,1,1,1,0,0,1,1,1,0,0,1,1,1,0,0,1,0,1,0,1,0,0.602995
1,1,1,0,0,0,1,1,0,1,0,0,1,1,1,0,0,0,0,1,1,1,1,0,0,0,1,0,1,1,0,1,0.581607
0,1,0,1,0,0,0,0,1,1,0,1,0,1,1,1,1,1,1,1,0,0,1,1,0,0,0,0,0,1,1,1,0.630720
0,1,0,0,0,0,0,1,1,1,1,1,0,1,1,0,1,0,0,0,1,0,1,0,1,0,1,0,0,1,1,1,0.622179
1,1,1,0,0,0,0,0,1,0,0,0,1,1,0,0,1,1,1,0,1,0,0,0,0,0,0,0,1,1,0,1,0.624584
1,1,1,1,1,1,0,0,1,1,0,0,1,1,1,1,1,0,1,0,0,0,1,1,1,1,1,0,1,1,0,1,0.633174
1,1,0,1,0,0,1,1,0,1,1,1,0,0,1,1,0,0,0,0,0,0,0,0,1,1,0,1,0,0,1,1,0.612838
0,0,0,1,1,0,1,1,0,0,0,0,1,0,0,0,1,1,0,0,1,0,1,1,0,0,0,0,1,1,0,0,0.514188
0,0,1,1,0,0,1,1,1,1,0,0,0,1,0,1,1,1,1,0,0,1,0,1,1,0,1,0,1,0,0,1,0.613439
1,0,1,1,1,1,1,1,0,1,0,1,1,0,0,1,1,0,1,0,1,1,1,0,1,0,0,0,1,0,0,1,0.618097
1,0,0,1,1,0,1,0,1,1,0,0,0,0,1,0,1,1,0,1,0,1,1,0,1,0,0,0,1,1,0,0,0.593503
1,0,0,1,1,0,1,0,1,0,1,0,1,0,1,0,1,1,0,0,1,0,0,0,1,0,1,0,0,1,1,0,0.663553
0,0,1,1,1,1,1,1,0,1,0,0,1,1,1,0,0,0,0,1,1,0,1,0,0,0,1,1,1,1,0,0,0.581883
1,0,0,1,0,1,1,1,0,1,1,0,0,1,1,1,1,0,0,0,0,1,0,1,0,1,0,1,0,1,0,1,0.727742
0,1,0,1,1,0,0,0,0,1,1,0,1,1,1,1,1,1,0,1,1,0,1,0,1,1,0,1,0,0,1,1,0.634451
1,0,0,0,0,1,0,1,0,1,0,1,1,0,0,0,0,0,0,1,0,0,0,1,0,0,0,0,0,1,1,0,0.527687
1,1,0,0,1,1,1,1,1,0,1,0,1,1,0,0,1,0,1,1,1,1,1,0,0,1,1,0,1,1,0,0,0.595532
1,1,1,0,1,0,0,0,1,0,0,1,1,0,1,0,1,1,0,0,1,1,1,0,1,0,1,1,0,1,1,0,0.631145
0,1,0,1,0,0,1,0,1,0,1,1,1,1,0,0,0,1,0,0,1,0,0,0,0,1,1,1,0,0,1,0,0.583786
0,0,1,0,0,0,1,1,0,1,0,0,0,1,1,0,1,0,0,1,1,1,0,0,1,0,0,1,0,0,1,1,0.564302
0,1,0,1,1,0,1,1,0,0,0,1,1,1,1,1,1,0,1,0,1,1,0,0,0,0,0,1,1,0,0,0,0.611335
0,0,1,0,0,0,0,0,1,0,1,0,0,0,0,1,0,1,0,0,0,0,1,0,1,0,0,1,1,1,1,0,0.546295
1,1,1,1,0,1,0,1,0,0,1,0,1,1,1,1,0,0,0,0,0,0,0,1,1,0,0,1,0,1,1,1,0.701771
0,0,0,0,0,0,0,0,1,0,0,1,1,1,1,1,1,1,0,0,1,1,1,1,0,1,1,0,0,1,0,1,0.668737
1,0,0,1,0,0,0,1,1,0,1,1,0,0,1,0,0,0,1,0,1,0,0,0,1,0,0,1,1,0,1,1,0.594280
0,0,0,0,1,0,0,1,1,0,0,1,1,1,0,0,1,1,1,1,0,0,1,1,0,0,0,1,1,0,1,1,0.571990
0,0,0,0,1,0,0,1,1,1,0,0,0,1,1,0,1,1,1,0,0,0,1,0,0,0,0,1,1,0,1,0,0.549125
1,0,1,1,0,1,0,0,1,1,1,0,1,1,0,1,1,1,1,1,1,1,0,0,0,1,0,1,1,0,1,1,0.648601
0,1,1,1,0,0,1,1,1,1,1,1,0,0,0,0,1,0,0,0,0,1,1,1,0,1,1,0,0,0,1,0,0.621478
0,1,1,0,1,1,1,1,1,1,1,1,1,0,0,0,0,1,1,0,1,0,0,1,1,1,0,1,0,1,0,1,0.640387
0,1,0,1,0,0,1,1,1,1,0,0,0,0,1,1,1,1,1,1,0,0,1,1,1,1,0,1,1,0,0,1,0.683964
1,1,0,1,1,0,1,1,1,0,1,1,1,0,1,0,1,1,1,1,1,0,0,1,0,0,1,1,0,1,1,1,0.684064
1,0,1,1,1,0,1,0,1,1,1,0,1,1,0,1,1,0,0,0,0,1,1,1,1,0,1,0,0,0,0,1,0.619875
1,0,1,0,0,0,1,1,1,0,0,1,0,0,0,1,0,1,0,1,1,0,1,0,0,1,1,0,0,0,1,1,0.608079
1,0,0,0,0,1,0,0,1,1,1,0,0,0,1,0,1,0,1,1,1,1,0,1,1,0,1,0,0,0,0,1,0.564252
0,1,1,1,1,1,1,0,1,1,0,0,0,1,0,1,0,0,1,0,1,0,1,0,1,1,1,0,0,0,1,0,0.595732
1,0,1,1,1,1,0,1,1,1,1,0,1,1,1,0,0,0,0,0,1,0,0,1,1,0,0,0,0,0,0,1,0.596233
0,1,1,1,0,0,0,0,0,1,1,0,1,1,1,0,1,0,1,0,1,1,0,0,1,0,1,0,1,0,0,1,0.596534
1,0,0,0,1,1,0,1,0,1,0,0,0,0,1,1,1,1,1,0,1,1,1,0,0,1,1,0,1,1,1,0,0.639886
0,1,0,0,0,0,0,1,0,1,1,1,1,0,0,1,0,0,0,0,0,0,0,0,1,1,0,0,1,1,0,1,0.527612
1,1,0,0,1,0,1,0,1,0,1,0,0,0,1,0,1,1,0,0,0,1,0,1,1,0,1,0,0,0,0,0,0.608205
1,1,1,1,1,0,1,1,0,0,0,0,0,0,1,1,1,0,0,1,1,1,0,1,0,0,1,1,1,0,1,0,0.640762
0,0,0,0,0,1,1,0,0,1,0,1,1,1,1,1,0,1,1,0,0,1,1,0,0,0,0,0,0,0,0,0,0.525157
0,0,1,0,0,0,1,0,1,0,0,1,1,0,0,0,1,0,1,1,0,0,0,0,1,0,0,0,0,1,0,0,0.559618
0,1,0,1,1,0,1,0,1,1,1,0,0,1,1,0,0,0,0,1,0,1,1,0,0,0,0,0,1,0,0,0,0.561046
0,1,0,0,0,1,1,0,1,0,1,0,1,0,0,0,1,1,1,1,1,1,1,1,1,1,1,1,1,1,0,0,0.605800
1,0,0,0,0,1,0,1,0,1,0,1,0,1,1,0,0,0,0,0,0,1,1,1,1,0,1,1,1,0,0,0,0.576649
1,0,0,0,1,0,0,1,1,1,0,0,1,1,0,1,1,1,0,1,1,0,0,0,1,1,0,0,1,0,1,1,0.684665
0,1,1,1,1,1,0,1,0,1,0,0,1,1,0,0,0,1,0,1,1,0,0,0,0,1,0,1,1,0,1,1,0.581182
0,1,0,0,1,1,0,1,0,0,1,1,1,1,1,1,0,1,1,0,0,0,0,1,1,0,0,0,0,0,1,1,0.627839
0,0,1,1,0,1,1,1,0,0,1,1,1,0,0,0,1,0,0,1,1,0,0,0,0,1,0,0,1,0,0,0,0.564302
0,1,1,1,0,1,0,1,1,1,1,0,1,0,1,0,0,0,1,1,1,1,0,1,1,0,1,0,0,0,0,0,0.591675
1,1,0,0,1,1,0,0,1,0,1,0,1,1,1,1,0,1,1,1,1,0,1,0,0,0,0,1,0,0,0,0,0.614340
1,1,0,0,1,0,0,1,0,0,1,0,1,1,0,1,1,0,1,1,0,1,0,0,1,0,1,1,0,0,0,1,0.595282
0,0,0,0,0,1,1,1,0,0,1,1,0,0,0,1,1,0,0,0,1,0,0,1,0,1,0,0,0,1,1,1,0.567733
0,0,0,1,1,0,0,0,0,0,0,0,1,1,1,1,1,0,0,1,0,1,0,1,0,1,1,0,1,1,1,0,0.581958
0,0,1,1,1,1,0,0,1,1,1,0,1,0,1,0,0,0,0,0,1,1,0,0,0,1,1,1,0,1,0,1,0.602519
1,1,1,0,0,1,0,1,1,0,1,0,1,0,0,1,0,0,1,0,1,1,0,0,1,1,0,1,1,1,0,1,0.607278
0,1,1,0,1,1,0,0,0,0,1,1,0,0,0,0,0,1,1,0,0,1,1,1,0,0,0,1,1,0,0,0,0.553583
0,1,0,0,1,0,1,1,1,1,1,0,1,0,0,1,0,1,1,1,0,1,1,1,1,1,1,1,1,0,0,1,0.674572
1,0,0,0,1,0,1,1,1,0,1,1,1,0,1,1,1,1,0,0,1,0,0,0,0,1,0,1,0,0,1,1,0.603847
0,1,0,1,1,1,0,1,1,1,0,0,1,0,1,0,1,1,0,1,0,0,0,0,1,1,0,1,0,0,0,1,0.595257
1,1,0,1,1,0,0,0,0,0,1,0,1,0,0,0,0,0,0,1,0,1,0,0,0,1,1,0,0,0,0,1,0.557014
1,0,0,0,0,0,0,1,0,1,0,0,0,1,1,1,0,0,0,1,1,0,0,1,0,0,1,1,0,0,1,1,0.645972
1,0,1,0,1,0,0,0,1,0,0,0,1,0,0,0,0,1,0,0,0,0,1,0,0,0,1,1,0,1,1,0,0.565228
1,0,1,1,1,1,0,0,1,1,0,1,0,0,0,0,0,0,1,0,0,1,1,0,1,1,0,0,1,0,0,0,0.615793
0,0,0,0,1,1,0,0,1,0,0,1,0,0,1,1,0,0,0,0,0,1,0,1,1,0,1,0,0,0,0,0,0.509855
1,1,1,0,0,0,0,1,1,0,1,0,1,0,0,1,0,1,0,0,1,0,0,1,0,0,0,0,1,0,0,0,0.590924
0,1,0,1,0,0,0,0,1,0,1,0,0,1,1,1,0,0,0,0,1,1,0,0,0,1,1,0,1,0,1,1,0.553808
1,0,0,0,0,0,1,0,1,1,1,1,0,1,0,1,1,1,1,1,0,0,1,1,0,0,1,0,0,0,1,0,0.649202
1,1,1,0,0,0,1,0,0,0,1,1,1,1,0,0,0,1,1,1,1,0,1,1,0,0,0,0,0,1,1,0,0.624834
1,0,1,0,0,1,0,0,0,1,0,1,1,0,1,0,0,0,1,0,0,0,1,0,1,0,0,1,0,0,0,0,0.580706
1,1,0,0,0,1,1,1,1,1,1,1,1,0,1,0,1,1,1,0,1,1,0,0,1,1,1,1,1,1,0,0,0.651056
0,0,0,1,0,0,1,0,0,0,1,1,0,1,0,1,0,1,0,1,1,1,1,0,0,0,1,0,0,1,1,0,0.557965
1,0,1,0,1,1,1,0,1,1,0,1,0,0,1,0,1,1,0,0,0,0,1,1,0,1,1,1,1,0,0,1,0.651306
0,1,1,0,0,0,0,1,0,0,1,0,1,1,0,0,0,1,1,0,0,1,1,0,1,0,1,1,1,0,0,1,0.589997
1,0,0,1,1,1,0,0,0,1,1,1,0,0,0,0,0,0,1,1,1,1,0,1,1,1,1,1,1,0,0,0,0.604273
1,0,0,0,1,0,1,1,1,0,1,1,1,1,0,0,1,0,0,1,1,1,1,1,1,0,1,1,0,1,0,1,0.635728
0,1,1,0,0,1,0,0,1,1,0,0,0,0,0,1,1,0,1,1,1,0,1,1,0,0,0,1,0,0,1,1,0.589046
1,0,1,1,0,0,1,0,0,0,0,1,1,1,0,1,1,0,0,1,0,1,0,0,0,0,0,1,1,1,1,1,0.650354
0,1,0,0,1,1,0,0,0,0,1,1,1,1,1,0,0,0,0,1,0,0,1,0,1,0,0,1,1,0,0,0,0.570012
0,0,0,0,1,1,1,1,0,0,1,1,0,0,1,0,1,0,1,1,1,1,1,1,0,0,0,1,1,1,0,1,0.666182
0,1,1,0,1,1,1,0,1,0,1,1,0,1,0,1,1,1,0,1,1,1,0,0,0,1,0,0,0,1,1,1,0.639084
0,1,0,0,0,0,1,0,1,1,0,1,0,1,0,0,1,0,1,0,1,0,1,1,1,0,0,0,0,1,0,0,0.580255
1,1,1,1,1,0,0,1,1,0,1,0,1,0,1,1,0,0,1,0,1,1,1,1,1,0,1,1,0,1,0,0,0.627915
0,0,0,0,1,1,1,1,1,1,0,1,1,1,0,1,1,1,1,0,0,1,0,1,0,1,1,1,0,0,0,0,0.636054
1,0,1,0,0,1,1,1,1,0,1,1,0,0,0,0,1,1,0,1,0,1,1,1,1,1,1,0,0,1,0,1,0.647424
1,1,1,0,0,1,0,0,0,1,0,0,0,0,0,0,1,0,1,0,1,1,0,1,1,0,1,1,1,1,1,0,0.597035
1,0,1,1,1,0,0,0,1,1,0,0,1,1,0,1,1,1,1,1,1,0,1,1,1,0,1,1,0,0,0,1,0.631922
1,1,0,1,0,0,1,0,1,0,1,1,1,1,0,0,0,0,1,0,1,1,0,0,0,1,0,0,0,0,0,0,0.584262
1,0,1,1,1,1,0,1,1,1,0,0,1,0,1,1,1,0,1,0,0,1,0,0,1,1,1,1,1,0,1,0,0.627739
0,1,1,0,0,0,1,1,0,1,0,1,1,1,1,0,1,0,0,0,1,0,1,0,0,0,0,1,1,1,0,1,0.600616
1,1,1,0,1,0,1,0,0,0,0,1,0,0,1,0,1,1,0,0,1,1,1,0,1,0,0,0,0,1,1,0,0.593203
0,0,0,1,0,0,0,0,0,0,1,0,1,0,1,0,0,1,1,0,0,0,0,1,0,0,0,0,1,0,1,0,0.457287
0,1,1,1,1,0,1,1,0,0,1,1,0,1,0,1,0,0,0,1,0,1,1,0,1,0,1,0,0,0,1,1,0.639886
1,1,0,0,0,0,1,1,0,0,0,1,0,0,1,0,1,0,0,1,0,0,1,0,0,0,1,0,1,1,0,0,0.584362
0,1,0,1,1,0,1,0,1,1,0,0,1,0,0,1,1,1,1,1,0,1,0,1,1,1,0,1,0,1,0,0,0.616519
0,1,0,0,1,1,0,1,1,1,0,0,1,0,0,1,0,0,1,1,0,0,1,1,0,1,0,1,1,1,0,1,0.639160
1,0,0,0,1,0,1,1,1,1,0,0,1,0,0,0,0,0,0,0,0,0,1,1,1,0,0,0,0,0,0,0,0.550302
1,1,0,1,0,1,1,0,0,1,1,1,1,1,1,0,0,1,1,0,0,1,0,1,1,1,0,0,0,0,0,1,0.619625
0,0,1,1,1,1,0,0,1,0,1,1,1,0,1,1,0,1,1,0,1,1,1,0,0,0,1,0,1,1,1,0,0.626913
1,0,0,0,1,1,0,0,1,0,0,1,0,0,0,1,1,0,1,1,1,1,0,1,1,1,1,0,1,0,0,0,0.589872
1,1,1,1,1,1,1,0,0,0,0,1,1,0,1,0,1,1,1,1,0,0,1,0,0,1,1,0,0,0,0,0,0.632848
0,0,1,1,1,1,0,1,1,1,1,1,1,0,0,1,0,1,1,1,0,0,1,0,0,0,0,1,1,1,0,0,0.627789
1,1,0,0,1,1,0,1,0,1,1,1,1,1,0,0,0,1,1,1,1,1,1,0,1,1,0,1,0,1,1,1,0.659646
1,1,0,0,0,0,0,0,0,0,0,0,1,1,0,1,0,0,0,1,0,0,1,0,1,0,0,1,1,0,1,0,0.579904
0,0,1,0,1,1,1,0,0,0,1,0,0,1,0,0,0,0,1,1,0,1,1,1,1,1,0,1,1,0,1,0,0.563901
1,0,1,1,1,1,1,1,1,1,1,0,1,0,0,0,1,1,0,0,1,1,1,1,0,1,1,1,1,0,1,0,0.710912
1,1,0,0,1,0,0,0,1,1,1,1,1,1,1,0,1,0,0,1,0,1,0,1,0,1,1,0,1,0,0,0,0.610659
1,1,0,0,0,1,1,1,0,0,1,1,1,1,1,0,0,1,0,1,0,1,0,0,0,0,0,1,0,1,1,1,0.651557
0,1,0,1,1,1,0,1,1,1,0,1,0,1,0,1,0,0,0,0,1,1,0,0,1,1,0,1,1,1,1,1,0.690275
1,0,0,0,1,1,1,0,1,0,1,0,0,1,0,1,0,0,1,1,0,1,1,0,0,1,0,1,1,1,0,1,0.625210
0,0,1,1,0,0,0,1,0,1,1,0,1,1,0,1,1,1,1,1,0,1,1,1,0,0,1,1,0,1,1,0,0.640863
1,1,0,0,0,1,1,0,1,1,0,1,1,0,0,0,1,0,0,0,0,1,1,1,1,1,1,0,1,1,0,1,0.616519
1,1,1,0,1,0,1,0,1,1,0,1,0,1,0,0,0,0,0,0,1,1,1,0,0,1,1,1,1,0,0,1,0.601468
0,1,1,1,1,1,1,1,0,1,0,1,1,0,0,0,1,0,1,0,1,0,1,0,0,1,1,0,0,1,0,0,0.604097
0,1,0,1,0,1,0,0,0,1,1,0,1,1,1,1,1,1,1,1,1,0,1,0,0,1,1,1,1,1,1,0,0.670490
1,1,0,0,1,0,0,0,0,0,0,0,1,1,1,0,1,0,0,1,1,0,1,0,0,0,1,1,0,0,1,0,0.585614
0,1,0,0,1,0,1,1,1,1,1,0,0,0,0,0,0,0,0,1,1,1,1,0,1,1,0,1,0,1,1,0,0.601968
0,1,1,1,1,0,0,0,0,1,0,1,1,0,1,0,1,0,1,1,1,0,1,1,1,1,1,1,0,1,0,1,0.658895
1,1,1,0,1,0,0,0,0,0,0,1,1,0,0,1,0,0,1,0,1,0,1,0,0,0,1,1,0,1,0,1,0.579529
0,0,1,1,0,1,0,0,1,0,0,0,0,0,1,1,1,0,1,0,1,0,0,0,0,0,1,1,0,0,0,1,0.560720
1,0,1,0,1,1,0,1,0,0,0,1,0,1,0,0,1,1,0,1,1,1,1,1,1,1,1,0,0,1,0,1,0.625961
0,0,0,1,0,1,1,1,0,1,0,1,0,0,0,1,0,0,0,0,0,0,1,1,1,1,0,1,0,0,1,1,0.723710
1,1,1,0,1,1,1,0,1,0,1,0,0,1,1,0,1,0,0,1,0,0,0,0,1,1,0,0,0,0,0,1,0.621353
1,0,0,0,1,1,0,1,1,0,0,0,0,1,1,0,0,0,1,0,1,0,0,0,1,0,1,1,1,0,0,1,0.566531
1,1,1,0,0,0,1,0,1,0,0,1,0,1,0,0,1,1,1,0,1,0,1,1,0,1,0,0,0,0,1,1,0.594054
0,1,1,1,1,0,1,0,1,1,1,1,1,1,1,0,1,0,1,0,1,0,0,1,0,0,1,0,0,1,1,1,0.658293
1,1,1,1,1,0,1,0,0,1,0,1,1,0,1,0,1,0,0,1,0,0,1,0,1,1,0,1,1,1,1,0,0.647149
1,0,0,1,1,0,0,0,0,1,1,1,0,1,1,1,1,0,1,0,1,0,1,0,1,1,1,1,1,0,1,0,0.653685
1,0,1,0,1,1,1,1,0,0,0,1,0,1,0,0,1,1,1,0,0,0,1,0,1,1,1,0,1,1,1,0,0.624408
0,1,0,0,1,1,0,0,1,0,1,1,1,0,0,0,1,0,0,0,1,1,0,0,1,1,1,1,0,1,0,1,0.594956
0,0,0,0,0,1,1,1,0,1,1,1,0,0,1,1,0,0,1,1,0,1,0,1,1,0,0,1,0,0,0,1,0.603697
0,0,0,0,1,0,1,1,0,0,1,0,1,0,0,1,1,1,0,1,1,1,1,1,1,1,1,0,1,1,0,1,0.645295
1,0,1,1,1,0,0,0,1,0,1,0,0,1,0,0,0,0,1,1,0,0,1,0,1,1,1,0,1,1,0,1,0.603471
0,1,0,1,0,1,1,1,0,0,0,1,0,0,1,0,0,0,0,0,1,0,0,0,0,0,1,0,1,0,0,1,0.496832
1,1,1,0,0,0,1,1,1,0,1,1,1,0,1,0,1,1,0,0,1,1,0,0,0,0,0,0,0,0,1,0,0.614165
0,1,1,1,1,0,1,0,0,0,0,1,0,0,0,0,1,0,1,0,0,0,1,0,1,0,1,1,1,0,0,1,0.618122
0,1,1,0,1,1,0,1,0,1,1,1,1,1,1,0,0,1,0,1,0,0,1,0,0,0,0,1,1,0,0,1,0.614942
1,1,0,1,1,0,1,1,1,0,0,1,0,1,1,0,1,1,1,0,0,1,0,0,0,0,1,1,0,1,1,1,0.621704
1,1,1,0,0,1,0,0,0,0,1,1,1,1,1,1,0,0,1,1,0,1,0,0,0,0,0,1,0,1,0,1,0.684139
1,1,1,0,0,0,1,0,1,1,0,0,0,0,1,1,1,1,1,1,1,0,1,1,1,1,0,0,1,1,0,1,0.638934
0,1,0,1,1,0,1,1,1,0,0,1,1,1,1,1,0,1,1,1,0,1,1,0,1,1,1,0,0,0,1,1,0.670966
0,0,0,1,1,1,1,1,1,1,1,1,1,0,0,0,0,0,0,1,0,0,1,1,0,1,1,0,0,0,1,1,0.652809
0,1,0,0,1,0,1,1,0,0,0,0,1,1,0,0,1,1,1,1,1,1,1,1,1,1,1,1,0,0,1,0,0.650855
1,0,1,1,1,0,1,1,1,0,0,0,0,1,1,0,0,0,0,0,0,0,0,0,0,1,0,1,1,1,0,0,0.592001
0,0,1,0,1,1,1,0,1,0,1,1,0,1,0,1,0,0,0,1,0,1,1,0,1,0,0,1,0,0,0,1,0.579103
1,1,1,0,0,0,0,0,0,0,0,0,1,0,0,0,0,0,0,1,1,0,0,0,0,0,0,1,1,0,0,1,0.571740
1,1,0,1,0,1,1,1,0,0,0,1,0,0,0,0,0,1,1,1,1,0,1,1,0,0,0,1,1,0,0,1,0.612988
1,0,1,1,1,1,0,1,1,1,1,1,1,0,1,0,0,1,0,1,0,0,1,0,1,1,1,1,1,1,0,0,0.650279
0,0,0,0,1,1,0,0,0,1,0,1,1,1,1,1,0,0,0,0,0,1,1,1,1,1,1,0,0,1,0,1,0.689524
0,0,0,0,0,0,1,0,1,1,0,0,0,1,1,1,1,0,1,1,1,1,1,1,0,0,0,1,0,0,0,1,0.585439
0,0,0,0,1,1,1,0,1,0,0,1,1,1,1,0,0,0,1,1,1,0,1,1,1,1,1,1,0,0,1,1,0.713892
0,0,0,1,0,0,1,0,0,0,0,0,0,0,0,1,1,0,0,0,1,1,0,0,1,1,0,0,0,0,1,1,0.490420
1,1,0,0,0,0,0,0,0,1,1,0,1,1,0,0,1,1,0,1,0,1,1,0,1,0,1,0,0,0,0,0,0.610734
0,1,1,1,1,0,1,1,0,0,0,0,1,1,0,1,1,1,0,0,1,1,0,1,0,0,0,1,1,1,1,1,0.613339
0,0,0,0,1,0,0,0,0,0,1,1,0,0,0,0,0,0,0,0,0,1,1,0,0,0,1,1,1,0,0,1,0.516316
0,1,0,0,0,0,0,0,0,0,0,1,1,0,1,1,0,1,0,1,1,1,0,0,0,1,0,0,1,0,1,1,0.520098
1,1,1,0,0,0,1,1,0,1,1,0,1,0,0,0,0,0,1,0,1,1,1,1,1,1,1,1,0,1,0,0,0.634151
0,0,0,0,1,0,1,1,1,0,1,1,0,1,1,1,0,1,0,0,0,1,0,0,0,1,1,0,0,1,1,0,0.583010
0,0,1,1,0,1,1,1,1,1,0,0,0,0,0,0,0,0,1,1,0,0,1,1,1,0,0,0,0,1,0,0,0.573894
1,0,0,0,1,1,0,0,0,1,0,1,0,0,0,1,1,0,0,0,0,0,0,0,1,1,0,1,1,1,1,0,0.573293
1,0,0,1,0,1,0,0,0,1,1,0,1,0,1,1,1,1,1,1,1,1,0,1,0,0,1,0,0,1,0,1,0.633224
1,1,1,0,0,0,1,0,1,1,1,1,1,0,1,1,1,1,1,0,1,1,1,0,1,1,1,1,0,0,0,1,0.658819
1,1,0,1,0,0,0,1,1,1,1,1,1,0,0,1,0,1,0,1,0,1,1,1,0,0,0,1,1,1,0,1,0.698916
0,0,1,1,1,0,1,1,1,1,1,0,1,1,0,0,1,1,0,1,1,1,1,1,1,1,1,1,0,0,0,0,0.597636
0,1,1,1,1,1,0,0,0,0,0,0,0,0,1,1,0,0,1,0,1,0,0,1,1,1,0,0,0,0,0,1,0.553758
0,1,1,0,1,0,1,0,1,1,1,1,0,0,1,0,0,1,0,0,0,1,1,1,0,0,1,0,0,0,0,0,0.576699
0,1,0,1,1,1,1,0,1,1,0,0,0,0,0,1,1,0,0,0,1,1,0,0,0,1,1,1,1,0,1,0,0.603496
1,0,0,0,0,0,1,0,0,0,1,0,1,1,1,0,0,1,0,0,1,0,0,1,1,0,0,0,1,0,0,1,0.557439
0,1,1,1,0,1,0,1,1,1,0,1,0,0,1,0,0,1,0,0,0,1,1,0,1,0,0,1,0,0,1,0,0.610008
1,0,0,1,1,0,0,1,1,0,1,0,0,0,0,1,0,1,0,0,1,0,1,0,1,0,1,1,1,0,0,1,0.599865
0,0,1,0,0,0,1,0,1,0,0,0,1,0,0,1,0,1,1,0,1,0,0,1,1,0,0,1,0,0,0,0,0.538806
1,1,0,0,1,0,0,1,1,0,0,1,0,1,1,1,1,1,0,0,0,1,1,0,0,0,1,0,1,1,0,0,0.599614
0,0,1,1,0,1,0,1,0,0,1,0,1,0,1,1,1,1,1,1,0,0,0,0,0,1,0,1,0,1,0,1,0.620526
0,1,1,1,1,1,0,1,1,0,0,0,0,1,1,0,0,0,0,0,0,1,0,1,0,0,1,1,0,1,0,0,0.571790
1,1,0,1,1,1,1,0,0,1,1,1,0,1,0,0,1,0,0,1,0,1,1,0,1,0,1,1,1,0,0,0,0.604022
1,1,1,1,1,0,0,1,1,0,1,1,0,1,1,0,1,1,0,0,0,0,0,0,1,0,0,1,0,0,1,1,0.623106
1,1,1,1,1,0,1,1,1,0,1,1,0,1,0,1,0,0,1,0,0,0,1,1,1,1,0,1,0,1,0,1,0.687420
0,1,1,0,0,1,0,1,0,1,0,0,1,1,0,0,0,0,0,1,0,1,1,1,1,1,0,1,1,0,1,1,0.602920
1,0,1,1,0,1,1,0,0,1,0,0,1,0,1,1,1,0,1,0,0,1,0,1,1,1,1,0,1,1,1,0,0.632147
0,1,0,1,0,0,0,0,0,0,1,0,1,1,1,1,0,1,1,0,0,0,0,0,0,1,1,0,1,1,1,0,0.575497
0,0,0,0,0,0,0,1,1,0,0,1,0,1,1,0,1,1,0,0,0,0,1,1,0,0,0,1,0,0,0,1,0.509780
0,1,1,1,1,1,1,0,0,0,1,1,0,0,0,1,0,1,1,1,0,1,0,0,0,1,0,0,1,0,1,1,0.571890
0,0,1,0,1,1,1,0,1,0,1,0,0,0,1,0,0,1,0,0,0,1,1,1,0,0,1,1,1,0,1,0,0.648125
0,1,1,1,0,0,1,0,1,0,0,0,0,0,1,1,1,1,1,0,0,1,0,1,0,1,1,0,0,1,1,1,0.615893
1,1,1,1,0,1,1,0,0,0,1,0,0,0,1,1,1,1,1,1,0,1,1,0,0,1,0,0,0,1,0,1,0.611761
1,0,1,1,1,0,1,1,0,0,1,0,1,1,0,1,0,1,1,1,1,0,0,0,1,0,0,0,0,1,1,1,0.634677
1,0,0,0,0,1,0,0,0,0,1,1,0,0,1,1,0,1,0,0,1,1,1,1,1,0,0,0,1,1,0,0,0.583285
0,0,1,1,1,1,1,1,0,0,1,0,1,1,0,0,0,1,1,0,0,0,1,0,1,0,1,1,1,0,0,0,0.588394
1,0,1,1,1,1,1,1,0,0,1,1,1,0,1,0,0,0,1,1,0,0,0,0,0,1,1,0,1,0,0,1,0.638308
0,1,1,1,1,0,1,1,1,1,1,0,0,1,0,0,0,1,1,0,1,0,1,1,1,0,1,0,0,1,1,1,0.647299
0,1,1,1,0,1,0,1,0,1,1,1,0,1,1,0,1,0,1,1,0,0,0,0,0,1,1,0,0,0,1,1,0.621002
0,0,0,0,1,0,0,1,0,1,0,1,1,0,0,1,0,1,1,1,0,1,1,0,1,0,0,0,1,0,1,0,0.541035
1,0,1,0,0,1,1,0,1,0,1,1,1,0,1,1,0,0,0,0,0,1,1,1,0,0,0,1,1,0,1,1,0.635804
1,0,0,1,0,0,1,1,0,0,0,1,0,1,0,1,1,0,0,1,1,1,0,1,1,1,1,1,1,0,0,0,0.647875
0,0,1,0,0,1,0,1,1,1,0,0,1,0,0,1,1,0,0,1,1,1,1,0,0,0,0,1,1,0,1,0,0.572291
1,1,1,0,0,1,1,0,1,0,1,1,0,1,0,1,0,0,1,0,1,1,0,1,1,0,0,1,1,1,1,1,0.717499
1,1,0,1,0,0,0,0,1,1,0,0,1,1,1,0,0,1,0,0,0,1,1,0,0,1,0,1,1,1,1,1,0.607629
0,0,0,0,0,1,1,0,0,0,0,0,1,1,0,0,0,1,1,0,0,0,0,0,1,0,1,1,0,0,0,0,0.441809
1,0,1,1,0,1,1,1,0,0,0,1,0,1,0,1,1,0,0,1,0,0,0,0,0,0,0,0,1,0,0,1,0.584112
1,0,1,1,0,0,0,0,1,1,0,1,1,1,1,1,0,1,0,0,1,0,1,0,0,0,0,1,1,0,0,1,0.605124
0,0,1,1,0,1,1,1,0,0,1,1,1,1,0,0,1,1,1,1,1,1,0,1,0,0,0,0,1,0,0,0,0.608906
1,0,0,0,0,1,1,1,1,1,0,0,1,1,0,1,0,0,1,0,0,0,1,1,1,0,1,1,0,0,0,1,0.597360
1,0,0,0,0,1,0,0,1,0,1,1,0,1,1,0,0,0,0,0,0,1,1,0,0,1,1,0,0,1,0,0,0.578051
1,0,1,0,1,1,1,0,1,1,1,0,0,0,1,0,0,1,0,1,1,1,0,0,0,1,0,0,0,0,1,1,0.595181
1,0,1,1,1,1,1,0,0,0,0,1,1,1,1,0,0,0,0,1,0,1,0,0,0,1,0,0,0,1,1,1,0.602244
0,0,0,0,0,1,0,0,0,0,1,0,0,0,0,0,1,1,0,0,1,0,1,1,0,1,1,1,1,1,0,0,0.573243
1,1,1,0,0,1,1,0,1,0,1,1,0,0,0,1,1,1,0,1,1,0,1,1,1,0,0,1,0,0,0,0,0.610434
1,1,0,1,0,0,0,0,1,1,1,1,0,1,1,1,0,1,0,1,1,0,1,1,1,0,1,1,0,0,1,1,0.923013
1,0,1,0,1,1,0,0,1,0,1,0,0,0,1,1,1,0,1,1,0,1,0,0,1,0,1,1,1,1,1,1,0.661825
0,1,0,0,1,1,0,0,1,0,1,1,1,0,1,1,1,1,0,0,1,0,0,0,0,1,1,0,1,0,1,0,0.625435
0,0,1,0,0,1,1,1,1,0,0,0,1,1,1,1,0,1,1,1,0,0,1,1,0,1,1,0,1,0,1,0,0.583335
1,0,1,0,0,1,1,1,1,0,1,1,1,0,1,0,0,1,0,1,0,0,1,1,1,0,0,0,0,0,1,1,0.619024
0,1,0,1,1,0,1,0,1,0,0,1,0,0,0,0,1,1,1,1,0,0,0,0,0,0,0,1,0,1,0,0,0.599915
1,0,1,0,1,0,0,1,0,1,1,0,1,0,0,0,0,1,1,0,0,1,1,0,0,0,1,0,0,0,1,1,0.588995
0,1,1,1,1,0,1,0,0,0,0,1,1,0,0,1,1,1,0,0,0,1,0,1,0,1,0,0,1,0,0,0,0.603471
0,0,0,0,1,0,1,0,0,0,0,0,1,0,0,1,0,0,1,0,0,1,0,1,1,0,0,1,1,0,1,1,0.510656
1,0,0,1,1,0,1,0,1,1,1,0,0,1,0,1,1,0,1,0,0,1,1,1,0,0,0,0,0,0,0,0,0.584387
0,0,1,0,0,0,1,1,1,1,1,1,1,0,1,0,1,1,1,0,0,0,0,1,0,0,1,0,0,0,1,1,0.656716
0,1,0,1,0,0,0,1,0,1,1,0,1,1,0,1,1,0,1,1,1,1,0,1,1,0,1,0,0,0,1,1,0.629743
1,0,1,0,1,0,1,0,0,1,1,0,1,1,1,0,1,1,1,1,1,1,1,1,1,1,0,1,1,1,1,1,0.686393
0,1,0,1,0,1,1,1,0,1,0,1,1,0,1,0,0,0,1,0,1,0,0,0,0,0,0,0,0,1,0,1,0.539958
0,1,0,0,0,0,0,0,0,0,0,1,1,1,0,0,1,1,1,1,1,0,1,1,0,1,1,0,0,1,0,0,0.586541
0,1,1,1,1,0,1,1,1,0,0,0,1,0,0,1,0,0,1,1,1,0,1,0,1,1,1,0,0,1,1,0,0.620176
1,0,1,1,1,0,1,0,1,0,1,1,0,0,0,0,0,0,1,1,0,0,1,1,1,0,0,1,0,1,1,1,0.763806
1,1,1,1,1,1,0,1,0,1,0,0,0,0,0,0,1,0,1,0,1,0,0,0,1,0,1,1,0,1,1,0,0.612061
0,1,1,0,0,1,0,0,0,0,1,1,1,0,0,1,0,1,1,1,1,1,0,1,0,0,1,0,1,0,0,0,0.594906
1,1,0,0,0,0,1,0,1,1,1,0,1,0,1,1,1,1,1,0,1,1,1,0,1,0,0,1,1,0,0,0,0.619249
0,0,0,1,0,0,0,1,1,0,0,1,1,0,1,0,1,0,0,1,0,1,0,1,1,0,0,1,0,1,1,0,0.601793
1,1,0,0,1,0,1,1,0,0,1,1,0,0,1,1,1,0,0,0,1,0,0,1,0,0,0,1,1,1,0,1,0.590373
0,1,1,0,1,0,0,1,0,0,0,0,0,0,0,1,0,0,1,1,1,0,1,0,1,1,1,1,1,0,0,1,0.588645
0,0,0,1,1,1,1,1,0,1,1,0,1,0,1,0,1,1,1,0,0,1,1,0,1,1,1,1,0,1,1,1,0.664980
0,1,1,1,0,1,0,0,0,0,0,0,1,1,0,0,1,1,1,0,0,0,0,1,0,0,0,1,1,0,1,0,0.564252
1,0,0,1,0,1,1,0,1,0,0,0,1,0,0,1,0,1,0,0,1,0,1,1,0,0,0,1,0,1,0,1,0.584462
0,1,0,0,0,0,1,0,0,1,1,0,0,1,0,1,1,1,0,1,0,1,1,0,0,0,0,0,1,1,0,0,0.555185
1,1,0,0,1,1,1,1,0,1,1,0,0,1,0,1,1,0,1,0,1,1,1,1,1,1,0,1,0,1,1,1,0.665556
1,0,1,1,0,1,0,1,1,0,1,1,1,0,0,1,0,1,0,1,1,1,0,1,0,1,1,0,0,0,0,0,0.598688
1,0,1,0,0,0,1,0,0,1,0,1,0,1,0,1,0,1,1,1,1,1,0,0,1,0,0,0,1,1,1,1,0.628766
0,0,1,1,0,1,0,1,1,1,1,1,1,0,0,0,0,1,0,0,0,0,1,0,0,1,0,0,0,0,0,1,0.564978
1,1,0,1,0,1,0,0,1,0,1,0,0,1,1,1,0,0,1,1,1,1,0,0,1,1,1,0,0,0,0,1,0.619399
0,1,0,1,1,1,0,0,1,1,1,0,1,0,0,0,0,0,0,1,0,1,0,1,0,1,0,0,0,0,1,1,0.573368
0,0,0,0,1,1,1,0,0,1,0,1,0,0,1,1,0,0,1,1,1,1,0,0,1,1,1,1,0,1,1,1,0.690325
1,1,1,1,1,0,0,1,1,1,0,1,0,1,0,1,0,1,0,0,0,1,0,0,0,1,1,0,0,1,0,1,0.634176
0,1,1,0,1,1,1,0,1,1,0,1,1,1,1,1,0,1,1,0,1,0,1,1,0,0,0,1,0,0,1,1,0.650254
0,1,1,1,1,0,0,0,0,1,1,0,1,0,1,0,1,1,1,0,1,1,1,1,1,0,1,0,0,0,0,1,0.605650
0,1,1,1,0,0,0,0,1,1,0,1,0,1,1,1,0,1,1,0,0,1,1,1,1,0,1,1,1,0,1,1,0.764181
1,1,0,1,0,1,0,1,1,0,0,1,0,0,0,0,0,0,0,1,1,1,0,0,1,0,1,1,0,1,0,1,0.578477
1,0,0,0,0,0,1,1,1,0,0,0,1,1,0,1,0,1,0,1,0,0,0,1,1,1,0,1,1,1,1,0,0.638183
0,1,0,0,0,1,0,0,0,0,1,0,0,1,0,0,1,1,1,0,1,0,1,1,0,0,0,1,1,0,1,0,0.565404
1,0,0,1,1,0,1,0,1,0,1,0,1,0,0,1,1,0,1,1,1,0,0,1,0,1,0,0,1,0,1,0,0.614365
0,0,1,0,0,0,1,1,1,0,1,0,1,0,1,1,1,1,0,0,0,1,1,0,1,1,0,1,1,0,1,0,0.619074
1,1,1,1,0,0,1,0,0,1,1,1,1,0,0,1,0,0,0,0,1,1,0,1,0,0,1,1,0,0,0,1,0.604899
1,1,1,1,0,0,1,0,0,0,1,0,0,0,1,1,1,1,0,0,1,1,0,0,1,0,0,0,0,0,1,0,0.596634
0,0,1,0,1,0,0,1,0,1,0,1,1,0,1,0,1,1,1,1,0,0,1,0,1,0,0,0,1,1,1,1,0.619925
0,0,1,1,0,0,1,0,0,1,0,0,0,0,1,0,1,0,1,1,1,0,1,1,0,1,1,1,1,0,0,1,0.635653
0,0,0,0,0,0,0,0,1,0,0,0,0,0,0,0,0,1,1,1,0,1,1,1,0,1,1,0,0,1,1,1,0.589096
1,1,0,1,0,1,0,0,1,1,0,0,1,0,1,1,0,0,1,1,0,0,0,1,0,1,1,0,1,1,0,1,0.611936
1,0,1,0,1,1,1,0,1,0,1,1,0,1,1,0,1,0,1,1,1,0,0,1,1,0,0,1,0,0,1,0,0.640612
0,1,1,1,1,0,0,0,1,0,0,1,1,0,0,1,0,0,1,0,1,0,1,1,1,0,0,0,1,1,1,0,0.586541
0,1,0,0,1,1,0,0,1,0,0,1,1,0,0,0,0,0,0,0,0,1,1,0,0,1,1,1,1,1,1,0,0.574445
1,1,1,0,0,1,0,0,1,1,0,0,1,0,1,1,1,1,0,1,0,1,0,0,0,0,1,1,0,1,1,0,0.603571
0,1,0,0,1,1,0,1,0,0,1,1,0,1,1,0,0,1,0,0,0,1,0,0,0,0,0,0,0,1,0,1,0.569686
0,0,1,1,1,1,1,0,1,0,0,0,0,0,0,0,0,0,1,0,1,0,1,1,0,1,1,1,0,1,1,1,0.624584
0,1,0,1,0,0,1,0,1,0,0,1,0,0,1,1,0,1,0,0,1,1,0,0,1,1,1,0,1,1,1,1,0.643041
0,0,0,1,1,1,1,1,0,0,1,1,1,0,1,1,1,1,1,0,1,1,0,0,0,1,1,0,0,1,1,0,0.634251
0,0,1,1,0,1,1,0,0,0,0,1,1,1,0,1,1,0,0,0,0,0,0,0,1,0,0,0,0,1,0,0,0.531493
1,0,0,1,0,0,1,1,0,0,1,0,1,1,0,0,0,0,1,0,1,0,1,1,1,1,1,1,1,1,1,0,0.641338
1,0,1,0,1,0,0,0,1,1,1,0,0,0,0,1,1,0,0,0,0,1,1,1,1,0,1,1,1,1,1,0,0.632698
1,1,0,1,0,0,1,0,1,0,1,0,1,1,1,0,1,1,0,1,1,1,1,1,0,0,1,1,0,0,0,1,0.630544
1,1,1,0,1,1,0,1,0,0,1,0,1,1,1,0,0,0,1,0,0,1,0,1,1,1,1,1,0,1,1,0,0.631521
0,1,0,1,0,0,0,1,0,0,0,1,0,1,1,1,1,1,1,1,0,0,0,1,1,0,0,0,1,0,0,1,0.646372
0,1,1,0,1,1,1,1,1,0,1,0,0,1,1,1,1,1,1,0,1,1,1,1,1,1,1,1,1,1,1,1,0.677152
1,0,0,1,1,0,1,0,1,0,1,0,0,1,0,1,0,0,1,1,1,0,1,1,1,0,0,0,1,0,0,1,0.607929
0,1,1,0,0,1,0,1,1,1,1,0,0,0,0,0,0,1,0,1,0,0,0,0,1,0,1,1,1,0,0,1,0.589972
0,0,0,0,0,1,0,1,0,1,1,1,1,0,0,1,1,1,0,0,1,0,0,1,0,1,1,1,0,1,1,1,0.698465
1,1,1,0,0,1,1,1,0,0,1,0,1,1,0,0,1,0,0,1,1,0,1,0,1,1,1,0,0,1,1,0,0.630344
0,1,1,1,1,1,1,1,1,0,1,1,1,1,0,0,0,1,0,0,1,0,1,1,1,1,1,0,1,1,1,1,0.667084
0,0,1,0,1,1,1,1,0,1,1,1,1,1,0,0,0,0,0,1,1,0,1,1,1,1,1,0,1,1,1,1,0.669789
1,1,1,1,0,1,0,0,0,0,1,1,1,0,0,1,0,1,1,1,0,1,0,0,1,1,0,0,0,0,0,1,0.604248
0,0,1,0,0,1,0,1,0,0,1,0,0,1,0,1,1,0,1,0,0,1,1,0,1,1,0,0,0,0,0,0,0.553457
1,0,0,0,0,0,0,0,0,1,0,0,1,1,1,1,1,0,0,1,0,1,1,1,0,1,0,1,1,0,1,0,0.579879
0,0,0,0,0,1,1,0,1,1,0,0,1,0,1,1,1,1,1,1,0,1,1,0,0,0,0,0,1,1,1,1,0.604673
1,0,0,0,0,1,0,0,1,1,1,1,0,0,1,1,1,0,1,0,1,0,0,1,1,0,1,0,1,0,0,0,0.595933
1,1,0,1,0,1,0,0,0,1,1,1,0,0,0,1,0,1,0,0,0,0,0,0,0,1,1,1,1,0,1,1,0.608154
0,1,1,0,1,1,1,0,1,1,0,1,0,0,1,1,0,0,0,0,1,1,1,1,0,1,1,0,1,1,1,0,0.633550
1,1,1,0,1,0,1,1,1,0,0,1,0,1,1,1,1,0,1,1,0,1,0,0,0,1,1,1,1,1,0,0,0.657893
1,0,0,1,0,0,0,1,1,0,0,0,1,0,0,1,1,0,0,1,0,1,1,1,0,0,1,0,1,0,1,1,0.625385
0,1,1,1,1,1,0,1,1,0,0,0,1,0,1,0,0,0,0,1,1,0,0,0,1,1,0,1,0,0,1,0,0.577325
1,1,0,1,1,1,1,1,0,0,1,1,0,1,1,1,1,0,0,0,1,1,1,0,1,0,0,1,1,0,0,0,0.585038
0,0,1,1,1,0,0,1,0,0,0,1,0,0,0,1,1,0,1,0,1,1,0,0,1,0,0,1,0,1,1,1,0.596359
0,0,0,1,1,1,1,1,1,1,1,1,1,1,1,1,0,0,1,0,0,0,0,0,0,1,0,0,0,1,1,1,0.652233
0,0,0,0,0,1,0,1,1,0,0,1,1,1,1,1,0,1,0,0,0,0,0,0,0,0,1,1,0,1,0,1,0.585965
0,0,0,1,1,0,1,0,0,0,0,0,0,1,1,0,0,1,1,0,1,1,0,1,1,1,0,1,1,0,0,1,0.567031
0,1,0,0,0,0,1,1,0,0,1,0,0,0,0,1,1,1,0,1,1,1,1,1,0,0,1,1,1,1,0,1,0.662751
0,0,0,0,0,1,0,1,0,0,0,1,0,0,0,0,1,1,1,1,1,1,0,1,0,1,1,0,0,0,0,0,0.527787
1,1,1,0,0,0,0,0,1,0,0,1,1,0,1,1,0,0,1,0,0,1,0,0,1,1,1,1,1,0,1,1,0.618498
0,0,0,1,1,0,0,1,0,1,1,1,1,0,0,1,0,1,0,1,1,0,1,1,0,1,1,0,0,1,1,1,0.689273
0,1,0,1,1,0,1,0,1,0,0,1,1,1,1,1,0,0,1,0,0,1,0,1,0,1,1,1,1,1,0,0,0.639160
1,0,1,0,1,1,1,1,1,0,1,1,0,1,1,0,1,0,0,1,1,1,1,0,1,0,0,0,1,1,1,0,0.610684
1,0,1,1,0,1,0,1,1,0,0,0,1,1,0,1,0,1,0,0,1,0,0,0,1,1,1,0,0,0,1,0,0.597911
1,1,0,0,0,1,0,0,1,1,1,1,0,1,0,0,1,1,0,0,0,1,1,1,1,1,0,0,0,0,1,1,0.599564
0,0,1,0,1,0,0,0,0,1,1,0,1,1,1,1,0,0,0,0,1,1,1,1,1,0,1,0,0,1,0,1,0.598462
1,0,0,0,1,1,0,1,0,1,1,1,0,1,0,1,1,1,0,1,0,1,1,1,1,0,0,0,0,0,1,0,0.604298
1,1,0,1,0,0,1,1,0,0,1,1,1,1,0,0,1,0,1,0,0,1,1,0,1,0,1,0,0,1,1,1,0.619374
1,0,1,0,1,0,0,0,1,0,1,1,1,1,1,1,1,0,0,1,1,1,1,0,1,1,1,1,0,0,0,0,0.636054
1,0,1,1,1,1,1,0,1,1,1,1,1,1,0,0,1,1,1,0,1,1,0,1,1,0,1,1,0,1,0,1,0.660898
0,0,1,1,1,0,0,1,0,1,0,0,1,1,0,1,1,0,0,0,0,0,1,1,0,1,0,0,1,0,0,0,0.562824
1,0,0,1,1,0,0,0,1,1,1,0,0,1,0,1,0,0,0,1,1,0,1,0,0,0,1,0,1,0,1,0,0.590749
0,1,0,0,1,0,1,0,1,1,1,1,0,0,0,0,1,0,1,0,1,0,0,0,0,1,0,0,1,0,0,0,0.566055
1,1,1,1,0,0,1,0,0,1,1,0,1,0,1,1,0,1,0,0,1,1,1,0,1,0,1,1,1,1,0,1,0.647074
1,1,0,0,1,1,1,1,1,0,1,0,1,0,0,0,1,1,1,1,0,0,0,0,1,1,0,0,0,1,1,0,0.683513
0,1,0,1,0,1,0,0,1,0,0,0,0,0,1,0,1,1,1,1,0,0,0,0,0,1,0,0,1,0,1,1,0.548173
1,1,1,1,0,1,1,1,1,0,0,1,1,1,0,0,0,0,1,0,0,0,1,1,1,1,0,0,1,1,1,0,0.631045
1,0,0,1,1,1,0,1,1,0,0,0,1,0,0,0,1,0,1,0,0,0,1,1,0,1,1,1,1,1,0,0,0.604773
1,0,1,0,1,1,0,0,1,0,1,0,0,1,1,0,1,0,0,1,1,0,0,0,0,0,1,0,0,1,1,0,0.581708
1,0,0,1,0,1,0,1,0,0,0,0,0,1,0,1,0,1,0,0,1,0,1,1,0,1,1,1,0,0,1,1,0.630745
0,1,0,1,1,1,1,0,0,0,0,0,0,0,1,1,1,1,0,0,1,1,1,1,1,0,0,1,1,0,0,1,0.552581
0,1,1,0,1,0,0,1,1,1,0,0,0,0,1,0,1,0,0,1,1,1,1,1,1,1,1,0,0,1,1,0,0.635002
1,1,1,1,1,1,1,1,0,0,1,0,1,0,1,0,0,0,1,0,1,0,1,0,0,1,1,1,1,1,1,0,0.651356
1,1,1,0,0,1,0,0,1,0,0,0,1,0,0,1,0,0,0,1,0,0,1,0,0,1,0,0,1,0,0,1,0.597335
1,1,1,0,1,0,0,1,0,0,0,1,1,0,0,0,1,1,0,1,1,1,1,0,0,0,0,1,0,1,0,1,0.613364
1,0,0,0,1,1,0,1,0,0,0,0,0,0,0,0,0,0,0,0,1,0,1,0,1,0,0,1,1,0,1,1,0.505172
1,0,1,1,0,0,0,0,1,0,0,1,1,0,0,0,1,1,0,0,0,1,0,1,1,0,0,0,0,0,0,1,0.588770
0,0,0,0,0,0,0,1,1,0,0,0,1,0,0,0,1,1,1,0,1,0,1,1,1,0,1,0,1,1,0,1,0.557214
0,0,0,1,1,1,0,0,1,1,0,0,0,1,1,1,1,0,0,0,1,0,1,0,1,1,0,0,0,1,0,0,0.576649
0,0,0,0,1,0,1,0,0,0,0,0,1,0,1,0,0,1,0,0,1,0,0,0,1,0,0,0,1,1,0,0,0.422625
1,0,1,0,0,1,1,0,0,0,0,0,0,0,0,1,1,0,1,0,1,1,0,1,1,1,1,0,0,0,0,0,0.583160
0,1,0,0,1,1,1,1,1,1,1,1,1,0,1,1,0,0,0,0,0,1,0,0,1,1,0,1,0,0,1,0,0.618423
1,1,1,1,0,1,0,0,1,1,0,1,1,0,1,1,0,1,0,0,1,1,1,1,0,0,0,1,0,1,1,1,0.693155
1,1,0,1,1,1,0,0,1,0,0,0,0,1,0,0,1,0,1,0,0,1,1,0,1,1,0,0,1,0,0,0,0.682161
1,1,0,0,0,1,1,0,1,0,0,1,0,0,1,0,0,0,1,1,1,0,1,1,0,0,1,1,0,0,0,1,0.656090
0,1,1,0,1,0,0,1,1,1,1,1,0,1,0,1,1,1,1,1,1,1,1,1,1,1,1,1,0,1,0,1,0.725513
1,0,1,1,1,1,0,1,0,0,1,1,0,0,1,0,1,1,0,0,1,1,0,0,1,1,0,1,0,0,1,0,0.614215
1,0,1,0,1,0,0,0,1,1,0,1,1,1,1,1,1,1,0,0,1,0,1,0,1,1,0,1,0,0,0,1,0.604999
1,0,1,1,1,0,0,1,0,0,0,0,0,0,0,1,1,1,0,0,1,1,1,1,1,0,1,0,0,0,1,0,0.585139
1,0,0,0,0,0,1,1,0,0,0,0,0,0,0,1,0,0,1,1,0,1,1,1,1,0,0,1,0,0,1,0,0.545118
1,0,0,1,0,0,0,1,1,0,0,0,0,1,0,1,1,0,0,1,0,1,1,0,1,0,1,1,0,1,1,0,0.611035
0,0,0,1,1,1,1,0,0,1,1,0,1,0,0,1,0,0,0,0,0,0,1,1,1,1,1,0,1,0,1,1,0.614365
1,1,0,1,1,0,0,1,0,1,0,1,0,1,0,0,0,0,1,1,1,1,0,0,1,0,1,0,0,1,1,0,0.600541
1,1,1,1,0,0,1,0,1,0,0,0,1,0,1,1,0,1,0,1,1,0,0,1,0,1,1,0,0,0,1,0,0.619625
0,0,0,0,0,0,1,1,1,0,1,0,0,0,1,1,0,0,0,0,1,0,1,0,0,0,1,0,0,1,0,1,0.530366
1,1,0,0,1,1,1,0,0,0,1,1,0,0,1,1,1,1,0,1,0,0,1,1,0,0,1,0,1,0,1,0,0.775451
1,1,1,1,0,0,1,0,0,0,1,0,1,1,0,1,0,0,1,1,0,1,0,1,0,0,1,0,0,1,1,1,0.612287
1,0,1,0,0,0,0,1,0,1,1,1,0,1,1,1,1,0,0,0,1,0,1,0,0,0,1,1,0,1,1,1,0.681986
1,1,0,0,1,1,1,0,1,1,0,0,0,1,1,0,0,0,0,0,0,0,1,0,0,0,0,0,1,0,0,1,0.576598
1,0,0,1,1,1,1,0,1,0,0,1,0,0,0,0,1,0,1,1,1,1,1,1,0,0,1,0,0,1,0,1,0.615868
0,1,1,1,1,1,1,1,0,1,1,1,1,0,0,1,1,1,1,0,1,1,0,0,0,1,1,1,0,0,1,1,0.652283
1,0,1,1,0,0,0,0,0,0,0,0,0,1,0,0,0,0,1,1,1,1,1,1,0,0,0,1,0,1,1,1,0.572366
1,0,0,0,0,0,0,0,1,0,1,1,0,1,0,0,1,1,1,0,1,0,1,0,1,0,1,1,0,1,0,0,0.578377
1,1,0,1,1,0,0,0,0,1,1,0,1,1,1,1,1,1,1,1,0,0,0,0,0,0,1,0,0,1,1,1,0.623582
1,0,1,0,0,0,1,1,1,1,1,0,1,1,0,0,0,1,1,1,1,0,1,0,1,1,1,0,0,0,1,1,0.626161
0,0,1,0,1,0,0,1,0,1,1,0,0,1,0,1,1,1,0,1,0,1,0,1,1,0,0,0,1,0,0,0,0.573092
0,0,0,0,1,1,0,1,1,1,0,1,0,1,1,1,1,0,0,0,0,0,0,0,0,1,1,1,0,0,0,0,0.561697
1,0,1,0,1,0,1,1,0,0,0,1,1,0,0,1,1,1,0,0,1,1,1,0,1,0,1,1,0,0,1,1,0.647474
0,1,1,0,1,1,1,1,1,0,0,1,1,0,0,0,1,0,1,0,0,0,0,1,0,0,1,1,0,1,0,1,0.596759
0,0,1,1,1,0,0,0,0,0,0,1,0,1,1,0,1,0,1,0,0,0,1,0,0,1,0,1,1,1,1,1,0.586391
0,0,1,0,0,0,1,1,1,0,0,1,0,1,0,1,1,0,1,1,0,0,1,1,0,0,1,0,0,0,0,0,0.581833
0,1,0,0,1,0,0,0,1,1,1,0,0,1,1,1,1,0,1,0,1,0,0,0,1,1,0,1,0,1,0,1,0.608405
1,0,0,0,0,0,1,1,0,0,0,1,1,1,1,0,1,0,1,0,1,0,1,1,1,1,1,1,0,1,0,1,0.653159
1,0,1,0,1,1,0,0,0,1,0,0,0,0,0,1,0,1,0,1,1,0,0,0,0,1,1,1,0,0,1,0,0.575046
0,0,0,1,0,1,1,1,1,0,1,0,0,1,1,0,1,0,0,0,1,1,1,0,1,1,1,1,0,0,0,1,0.615092
0,1,0,0,0,0,0,1,0,0,0,1,1,1,1,0,0,0,0,1,0,0,1,1,0,0,0,0,0,1,0,1,0.515791
0,0,1,1,1,0,1,0,1,1,1,0,0,0,1,0,1,1,1,1,0,0,0,0,1,1,1,1,1,0,1,0,0.754690
1,0,1,1,0,1,0,0,0,0,0,1,1,1,1,0,0,1,0,1,0,1,0,0,0,1,0,1,1,0,0,1,0.631746
1,1,1,1,1,0,0,0,0,1,1,0,1,1,1,0,1,1,1,0,0,1,1,1,1,1,0,1,1,0,1,0,0.629317
0,0,0,1,1,1,1,1,1,0,1,0,0,1,1,0,0,1,1,0,1,0,1,1,0,0,0,1,0,1,0,1,0.597911
0,1,0,1,0,1,0,0,0,0,0,1,1,1,0,0,0,1,0,0,1,0,0,1,1,0,1,0,1,1,0,0,0.557089
0,1,0,0,1,1,1,0,1,0,0,0,1,1,1,0,1,1,1,1,0,0,1,1,1,0,1,0,0,1,0,1,0.602795
1,0,0,1,0,1,0,0,1,0,1,0,0,0,1,1,1,0,1,0,1,0,1,1,0,1,1,1,1,1,0,0,0.621628
0,1,1,0,0,0,1,0,0,1,0,1,0,1,0,0,0,0,1,1,1,0,1,0,1,1,1,1,1,1,1,0,0.581382
1,0,1,0,0,0,1,1,0,0,1,0,1,1,0,0,0,0,0,1,0,0,0,1,1,1,1,1,1,0,1,0,0.584738
0,0,0,1,0,0,0,0,1,0,0,0,1,0,1,0,0,0,0,1,1,1,1,0,0,1,1,0,1,0,1,0,0.514739
0,1,1,0,1,0,0,0,1,0,1,0,0,1,0,1,0,1,0,0,0,1,0,0,0,1,0,0,0,1,0,1,0.571740
1,0,0,0,1,1,1,0,0,1,1,0,0,1,0,0,0,1,0,0,0,0,0,0,0,1,1,0,1,1,1,0,0.589496
0,0,1,0,0,1,0,0,1,0,0,1,1,0,0,0,1,0,0,0,1,1,1,0,0,1,1,1,0,0,0,0,0.557740
0,0,1,1,1,1,1,0,1,1,1,0,0,1,1,1,1,0,0,1,1,1,0,0,1,0,0,0,0,0,0,0,0.603621
0,0,0,0,0,1,0,1,1,1,0,1,1,0,0,1,0,1,1,0,1,1,1,0,0,0,1,0,0,0,1,0,0.527912
1,1,0,0,1,0,0,1,0,0,0,1,1,1,0,1,0,1,0,0,1,1,1,0,0,1,0,1,0,0,1,0,0.552806
0,0,0,1,0,1,0,0,0,1,0,0,0,1,1,0,0,1,1,0,0,0,1,0,0,0,0,1,1,1,0,1,0.485086
0,0,0,1,0,0,1,1,0,0,1,0,0,0,1,0,0,0,0,0,1,0,1,1,0,0,0,1,0,0,1,1,0.534624
0,0,0,1,1,1,0,1,1,0,0,1,0,1,1,0,0,1,0,0,0,0,0,0,0,0,0,1,1,1,0,0,0.525533
1,0,1,1,1,0,1,1,0,0,1,1,0,1,0,0,1,0,1,0,1,0,1,0,1,0,0,0,1,0,1,1,0.643117
0,0,0,0,1,1,0,0,1,1,0,1,1,0,0,1,1,0,1,0,0,0,0,0,0,0,0,0,1,0,0,0,0.550828
0,0,0,1,1,0,0,1,1,0,0,0,0,1,1,0,1,1,0,0,1,1,0,1,1,1,1,1,0,1,1,0,0.620501
1,1,1,0,0,0,0,0,1,0,0,0,1,1,0,1,0,1,1,0,0,0,0,1,0,1,0,1,1,0,0,0,0.579704
1,0,0,0,1,1,1,0,0,1,0,1,1,1,0,0,1,1,0,1,0,1,0,1,1,0,0,1,1,1,0,0,0.686043
0,1,0,0,0,0,1,0,0,1,0,0,0,0,0,1,1,1,1,1,0,1,0,1,0,0,1,1,1,1,0,0,0.577375
0,1,1,0,1,0,0,1,0,0,0,0,1,1,1,0,0,0,1,0,1,1,1,0,1,0,1,0,1,1,1,0,0.606176
1,1,1,0,0,1,1,1,1,1,1,0,1,0,1,0,1,0,1,1,1,0,1,1,0,1,1,1,1,1,0,1,0.669914
0,1,0,0,0,0,1,0,0,1,1,1,1,0,1,1,1,0,1,0,0,1,1,1,1,0,1,1,1,1,1,0,0.642140
1,0,1,1,0,1,0,1,0,1,0,0,0,1,1,1,0,0,0,1,0,0,1,1,1,0,0,0,0,0,1,1,0.613088
1,1,1,0,1,0,0,0,1,0,1,0,0,0,0,0,0,0,1,1,0,0,1,0,1,1,0,1,1,1,0,1,0.600992
0,0,0,1,1,0,0,0,0,0,0,1,1,0,1,0,1,0,1,0,0,0,0,1,1,0,0,0,1,1,0,0,0.504195
0,0,1,0,1,0,1,1,0,1,0,1,1,1,0,0,1,0,0,0,0,0,0,0,0,0,0,1,0,0,0,1,0.544692
1,0,0,1,1,0,1,1,1,1,0,1,1,0,0,0,0,0,0,1,0,1,0,1,0,1,1,0,1,1,1,1,0.635428
0,0,1,0,1,1,0,1,1,1,0,1,0,1,1,0,1,0,0,1,0,1,1,0,0,0,0,0,0,0,0,1,0.560144
1,1,1,1,0,1,0,1,1,0,0,0,0,1,0,0,0,1,0,1,1,0,0,1,0,0,1,0,0,0,0,1,0.588294
1,0,0,1,0,0,1,0,0,0,0,0,1,1,0,0,1,0,0,1,1,0,1,1,1,0,0,1,0,0,0,1,0.575972
1,1,1,1,0,1,0,1,1,0,0,0,1,0,1,0,0,1,0,1,0,0,1,0,0,1,0,0,1,0,0,1,0.619525
1,0,0,1,0,1,0,0,0,0,0,0,0,1,1,0,1,1,1,0,1,1,1,1,1,0,0,0,1,0,0,0,0.540735
1,1,0,0,1,0,1,1,0,1,0,1,1,1,0,1,1,1,0,0,1,0,1,0,0,1,0,0,0,1,1,1,0.616970
0,0,1,1,1,0,1,0,1,0,1,1,1,0,0,0,0,0,0,1,1,0,1,1,0,1,0,0,1,1,1,1,0.639660
1,0,0,0,1,1,1,1,0,0,1,0,1,0,1,0,0,1,1,0,0,0,0,1,1,1,1,1,1,0,1,1,0.635002
1,0,0,0,0,1,1,0,1,1,1,0,1,0,1,0,0,1,1,1,1,1,1,1,1,1,1,0,1,0,0,1,0.626763
1,1,1,0,1,0,1,0,1,0,1,1,0,0,1,0,1,0,1,1,0,1,1,0,0,1,0,1,1,1,1,0,0.626086
1,0,0,0,1,0,1,0,1,0,0,0,0,0,1,0,1,1,0,0,0,0,0,0,0,0,0,1,0,0,0,1,0.572116
1,0,1,1,1,0,1,0,1,0,1,0,1,1,0,0,1,0,1,0,0,1,1,0,1,0,0,1,1,1,0,0,0.615518
0,0,1,0,1,1,1,0,1,0,0,1,1,0,1,0,1,0,1,1,0,1,1,0,1,1,1,1,0,1,0,1,0.632648
0,1,0,1,0,0,0,1,1,1,0,0,1,0,1,0,1,1,0,1,0,1,0,1,1,1,0,1,0,0,0,0,0.611661
1,1,0,0,1,0,1,1,1,1,1,0,0,0,1,1,0,0,1,1,1,0,1,1,1,0,0,0,0,1,0,0,0.612913
1,0,0,1,1,1,0,1,0,1,0,1,0,1,0,1,1,1,0,1,0,1,1,0,0,0,1,0,1,0,1,1,0.636430
1,1,0,0,0,0,0,1,1,0,1,0,0,1,1,1,1,1,0,1,0,0,1,0,1,0,0,1,1,1,0,1,0.647875
1,0,1,1,1,0,1,0,0,1,1,0,0,1,0,0,1,1,0,0,0,0,1,1,0,0,1,0,0,1,0,1,0.603020
0,0,0,1,1,0,0,0,0,1,0,1,1,1,0,0,0,1,0,0,1,1,0,0,1,1,0,1,1,0,1,1,0.628466
0,1,0,1,0,0,1,1,1,1,1,1,1,1,1,0,0,0,1,0,0,1,1,1,0,0,0,1,1,1,1,1,0.698164
1,0,1,1,1,0,1,0,1,0,1,0,1,0,0,0,0,1,1,0,1,1,0,1,0,1,1,1,1,0,1,0,0.615968
1,1,1,1,1,1,1,0,0,0,1,0,0,1,0,1,0,1,0,1,1,1,1,1,1,0,0,0,0,1,1,0,0.592802
1,0,0,1,1,1,1,1,0,1,1,0,0,0,1,0,1,1,0,1,0,1,1,1,1,1,1,1,1,1,1,0,0.672944
0,0,0,0,1,1,0,0,1,1,1,0,0,1,1,0,0,1,0,0,1,0,0,0,1,1,0,1,1,1,0,1,0.575471
0,0,0,0,0,1,1,0,0,0,1,0,1,0,0,0,1,1,1,0,0,0,1,1,1,0,1,0,0,1,1,0,0.579879
1,0,1,1,1,0,0,1,0,1,1,0,0,0,0,0,0,1,1,0,1,0,0,0,0,1,0,0,0,1,1,1,0.576874
1,0,0,0,1,1,1,1,1,1,0,1,1,1,0,0,0,0,0,1,0,0,0,0,0,0,0,0,1,0,0,0,0.595858
1,0,0,1,0,1,1,1,0,0,0,1,0,1,0,0,1,0,0,0,1,1,0,0,0,1,0,1,0,0,1,1,0.600917
0,1,1,0,1,1,1,1,1,0,0,1,0,1,0,1,1,1,0,1,0,0,1,1,0,1,0,1,0,1,1,1,0.697037
0,0,1,0,1,1,1,0,0,1,0,0,1,0,1,1,0,1,1,0,0,1,0,1,1,0,0,1,1,1,0,1,0.607403
0,0,1,1,0,1,1,1,0,0,1,0,1,1,0,1,1,1,0,0,1,1,1,0,1,1,0,1,0,0,1,1,0.615593
1,1,1,1,1,0,1,0,1,0,1,1,0,1,0,1,0,1,0,1,1,0,0,1,0,0,1,0,0,0,0,1,0.617346
1,1,1,1,0,0,1,1,1,0,1,1,0,0,1,0,1,1,1,1,0,0,0,1,0,1,0,0,1,0,0,0,0.626161
1,1,0,1,1,1,1,0,0,1,0,1,1,0,1,1,0,0,1,1,1,1,1,1,0,1,1,0,1,0,0,0,0.623131
0,0,1,0,0,1,0,0,1,0,1,0,0,1,0,0,0,0,1,0,1,0,1,0,1,0,1,0,1,0,0,0,0.526785
1,1,0,0,0,1,0,1,1,0,0,1,0,0,0,1,0,0,1,1,0,1,0,1,0,0,1,1,1,0,1,0,0.601267
1,0,1,1,0,1,1,1,1,1,1,0,1,0,0,1,0,1,0,0,0,0,0,1,0,1,1,0,1,1,1,1,0.658844
1,0,1,0,1,0,0,1,0,0,1,1,1,1,1,1,1,0,1,1,0,0,0,1,1,0,1,1,0,1,0,1,0.685817
1,0,1,0,0,1,1,1,0,0,0,1,1,1,1,0,0,1,1,1,1,1,1,1,1,0,1,1,1,1,0,1,0.681410
1,1,1,1,1,1,1,1,0,1,0,0,0,1,1,1,0,0,1,1,1,0,1,1,1,0,0,1,1,1,1,0,0.644895
1,0,1,1,1,1,1,0,0,0,0,0,1,0,0,0,0,1,1,0,0,0,1,0,1,0,1,0,0,1,0,1,0.590899
0,1,1,1,0,1,1,1,0,1,1,0,0,0,1,0,0,1,1,1,1,1,0,0,1,1,1,1,0,1,1,0,0.636505
0,0,1,1,1,0,1,0,0,0,1,0,1,0,1,0,0,0,0,0,0,0,1,0,0,1,0,1,0,1,1,1,0.573318
0,1,0,0,1,0,0,0,0,1,0,0,1,1,0,1,1,0,1,1,0,0,0,0,1,0,0,0,0,1,0,0,0.562899
1,0,0,0,0,1,0,1,1,0,1,0,0,1,0,1,1,1,0,1,1,1,1,0,0,0,0,1,1,1,0,1,0.617596
0,1,1,1,0,1,1,1,0,1,1,1,0,0,1,1,1,0,1,1,0,0,1,0,1,0,1,0,0,1,0,0,0.664905
0,1,1,0,1,0,1,1,0,0,1,1,0,1,1,0,1,1,0,1,1,1,1,1,0,1,0,1,1,0,1,0,0.641914
0,0,0,1,0,0,0,1,0,1,0,0,1,0,1,1,1,1,0,1,1,0,1,1,1,0,1,0,1,0,1,0,0.620026
0,1,0,1,1,0,0,0,1,0,1,1,0,0,0,1,1,0,0,1,1,1,0,0,1,1,1,1,1,1,1,1,0.673220
1,1,1,1,0,0,1,0,0,0,1,1,0,1,1,0,1,1,0,0,1,1,0,1,1,1,1,1,1,0,1,1,0.682662
1,1,1,1,0,0,0,1,1,0,1,1,1,0,0,0,1,1,1,1,0,0,0,0,1,0,0,1,0,0,1,1,0.616219
0,1,0,1,0,1,0,1,1,0,0,0,1,0,1,0,1,0,1,1,1,0,0,1,0,0,1,1,1,0,1,1,0.606527
0,0,0,1,1,0,1,0,1,0,1,0,0,0,1,0,0,0,1,1,1,0,0,1,1,0,1,1,1,0,0,1,0.621153
1,1,1,1,1,1,1,1,1,0,1,1,0,0,0,0,0,0,0,0,1,1,1,1,1,1,0,1,1,1,1,0,0.656691
1,0,1,0,1,1,0,0,1,0,1,1,1,1,0,1,1,0,1,0,0,1,0,1,0,1,1,1,0,1,1,0,0.629918
1,0,0,1,0,1,1,1,0,1,1,0,1,0,1,0,0,0,1,0,0,1,1,0,0,1,0,1,1,1,1,1,0.628315
0,1,1,1,1,0,0,1,0,0,0,1,1,0,0,0,0,1,1,1,1,0,1,0,1,0,0,0,1,1,0,1,0.600666
0,1,1,1,1,1,1,1,0,0,0,0,1,0,1,1,1,1,0,0,1,1,0,1,1,1,0,0,1,0,1,1,0.586666
1,0,0,1,0,1,0,1,0,1,1,1,0,1,1,0,0,1,0,0,1,1,0,1,0,0,1,0,0,1,0,1,0.655488
0,1,0,1,1,0,1,1,0,1,0,1,0,1,0,0,0,0,1,1,0,0,1,1,0,0,0,1,1,1,0,1,0.636355
1,1,0,0,0,0,0,0,0,1,0,1,1,0,0,1,0,0,1,1,1,1,0,0,0,0,1,0,0,0,0,0,0.560295
0,1,1,1,1,1,1,0,1,1,1,1,1,1,0,1,0,0,0,0,0,1,1,1,1,1,0,0,0,1,1,1,0.639685
0,0,1,0,0,1,0,1,1,0,1,1,0,0,0,1,0,1,1,0,1,0,0,1,0,0,0,0,1,0,0,0,0.522553
0,0,0,0,0,1,0,0,0,1,0,1,1,0,0,0,0,0,0,1,0,0,0,0,1,0,0,0,1,0,0,0,0.410429
0,1,1,0,1,1,0,1,0,0,0,0,0,0,1,0,1,0,0,1,0,1,0,0,1,1,0,1,0,0,0,1,0.563125
1,0,1,0,1,0,0,0,0,1,1,0,1,0,1,1,0,0,0,1,1,0,0,1,0,0,1,0,1,0,0,0,0.600065
0,1,1,0,0,0,0,0,0,1,0,0,1,1,0,1,0,0,0,1,0,1,0,0,0,0,1,0,1,0,0,1,0.554835
1,0,1,0,1,0,0,1,0,1,1,0,0,1,0,1,0,0,1,0,1,0,0,0,1,0,1,1,1,0,0,0,0.583135
0,1,0,0,1,1,1,1,0,0,1,1,0,0,1,1,0,0,0,1,0,0,1,0,1,1,1,1,1,1,0,0,0.715821
0,0,0,0,0,1,1,1,0,1,0,0,1,0,1,1,0,1,1,0,0,0,0,0,1,0,1,0,1,1,0,1,0.530767
0,1,1,0,0,1,1,1,1,0,0,1,0,0,1,1,1,0,1,0,0,0,0,1,0,0,1,0,1,0,1,1,0.644444
1,1,0,0,1,1,0,1,0,1,0,0,0,0,0,1,0,0,0,0,1,0,1,1,0,0,1,0,1,1,0,1,0.553558
0,1,1,1,0,1,0,1,1,1,1,0,1,1,0,0,1,0,0,0,0,0,1,1,0,1,1,0,1,0,1,1,0.620551
1,0,1,0,1,0,1,1,1,1,0,1,1,1,1,0,0,0,1,1,1,1,0,1,1,0,1,1,0,0,0,0,0.630644
1,1,0,0,1,0,0,0,1,0,0,1,0,1,0,0,0,0,1,0,0,1,1,0,0,1,0,1,0,0,1,0,0.572065
1,1,1,0,1,0,1,1,0,0,1,0,1,1,0,0,0,0,0,0,1,0,0,0,1,0,1,1,0,0,0,0,0.569411
1,0,0,0,1,1,0,1,0,1,0,1,0,0,0,0,0,0,0,1,1,1,1,1,1,1,0,1,1,1,1,1,0.662551
0,0,0,0,1,1,0,0,1,1,0,1,1,0,1,0,1,1,0,0,0,1,0,1,0,1,0,1,0,1,0,1,0.674898
0,1,1,0,0,1,0,0,1,1,0,1,1,1,1,0,1,1,0,0,1,0,1,0,1,1,1,1,0,1,0,0,0.590047
1,1,1,1,1,1,0,1,1,0,0,0,1,1,0,1,1,0,0,1,0,0,1,0,0,0,1,0,1,1,1,1,0.650730
0,0,1,0,0,1,1,0,1,1,0,1,1,0,1,0,1,1,0,1,1,1,1,1,1,1,0,0,0,1,1,0,0.625560
1,0,0,0,1,0,0,1,0,0,1,0,1,0,0,1,1,1,1,1,0,1,0,1,0,0,1,0,0,0,1,0,0.587593
1,1,1,1,0,1,1,0,1,0,0,0,1,1,1,1,1,1,0,0,1,1,0,0,0,0,1,1,0,0,0,0,0.621729
1,1,0,0,0,0,0,0,1,0,1,1,0,1,0,0,0,0,1,1,1,1,0,1,0,0,0,1,0,0,0,0,0.573092
1,1,1,0,1,1,0,0,1,0,1,0,1,1,0,1,0,1,1,0,1,0,1,1,1,1,0,1,1,1,1,0,0.627965
1,0,1,1,0,1,1,1,0,1,1,1,0,1,1,1,0,1,1,0,0,0,1,1,0,1,0,1,0,0,1,0,0.653861
0,1,0,0,0,0,1,1,1,1,0,0,0,0,0,0,0,1,1,0,0,0,1,0,1,0,0,1,0,1,0,0,0.551754
0,0,0,1,0,1,1,1,1,1,0,1,1,1,1,1,1,1,1,1,1,1,1,0,0,0,0,1,1,1,0,0,0.670665
0,1,0,0,0,0,1,0,0,0,0,0,0,0,1,1,1,1,0,1,1,0,0,0,1,0,1,1,0,1,1,1,0.554735
0,1,1,1,0,1,1,0,0,0,0,0,0,0,0,1,1,0,0,0,1,1,1,0,1,0,0,1,1,1,1,0,0.552431
1,0,0,1,1,0,0,0,1,0,0,0,1,0,0,0,0,0,0,1,0,1,1,0,0,0,0,0,1,0,0,1,0.544867
0,1,0,0,1,1,0,1,1,1,0,0,1,0,0,1,0,0,0,0,1,1,0,1,1,0,0,0,0,0,0,1,0.576148
1,0,0,0,0,0,0,1,0,0,0,1,0,1,1,1,0,0,1,1,0,0,0,1,1,0,0,0,0,1,0,1,0.573618
0,1,1,1,1,1,0,0,0,1,1,0,1,0,1,0,0,1,0,0,1,1,0,1,0,1,0,1,1,0,1,1,0.610659
1,0,0,1,0,0,1,0,0,0,1,1,1,0,0,1,1,0,0,0,0,1,1,1,1,0,0,1,1,0,0,1,0.627063
1,1,1,0,1,0,0,0,0,0,0,1,0,0,0,0,0,1,0,0,1,0,0,1,0,1,1,1,1,0,1,0,0.562974
1,0,1,0,1,0,1,1,0,0,0,1,0,1,1,1,1,0,1,0,1,0,1,0,1,0,1,0,1,0,0,0,0.596058
0,1,1,1,1,0,0,1,1,0,0,0,0,0,0,1,1,0,1,0,1,0,0,1,0,0,0,1,1,1,1,1,0.657742
1,0,1,0,0,1,1,1,0,0,1,0,1,0,0,1,1,1,1,1,0,1,1,0,1,0,0,0,0,1,0,1,0.600716
0,0,1,1,0,0,1,0,1,0,0,0,0,0,0,1,1,0,1,1,1,1,0,1,0,0,0,1,1,0,1,0,0.577700
0,1,1,1,1,0,0,1,0,0,0,0,1,1,0,0,0,1,0,0,1,1,0,0,1,1,1,0,0,1,0,0,0.574645
1,0,0,0,0,0,1,0,0,1,1,1,1,1,1,1,1,1,0,1,0,1,1,1,1,0,1,1,1,0,0,1,0.699542
0,0,0,1,1,1,0,1,0,0,1,0,1,0,1,0,0,1,1,1,0,0,1,1,0,1,1,0,0,1,1,0,0.625009
1,0,1,1,0,0,0,0,1,0,0,0,1,0,0,1,0,1,1,0,0,1,0,0,0,1,0,1,0,1,0,0,0.570938
0,0,1,0,1,1,1,1,0,1,0,0,1,1,1,1,1,0,1,1,1,0,0,0,0,1,0,1,0,1,0,1,0.591625
0,0,0,0,1,0,1,1,1,1,0,1,1,0,1,1,0,0,0,1,1,0,1,1,0,0,1,1,1,0,1,1,0.776578
1,1,0,1,0,0,0,0,1,0,0,0,1,1,1,1,0,1,1,1,0,0,1,0,0,0,0,1,0,1,0,0,0.574319
0,1,0,1,0,1,0,0,1,1,1,0,0,0,0,1,1,1,0,0,1,0,1,1,1,0,0,1,0,0,0,0,0.553332
1,1,1,0,1,0,1,1,1,0,1,0,1,1,0,1,0,0,0,1,0,0,0,1,1,1,0,0,1,0,0,1,0.608154
1,1,0,0,0,0,1,0,0,1,1,0,1,1,0,1,0,0,1,0,0,1,0,0,0,0,0,1,1,1,0,0,0.571565
0,0,0,1,0,1,1,1,1,0,0,0,1,0,1,1,1,1,0,1,1,1,1,1,0,0,1,1,1,1,1,0,0.646998
0,1,1,0,0,0,1,1,0,0,0,1,1,1,1,1,1,0,1,0,0,0,1,1,1,1,1,1,1,1,1,0,0.649954
0,1,1,0,1,1,0,0,1,1,0,0,1,1,0,1,0,0,1,1,0,1,1,1,1,1,1,0,0,0,1,0,0.623682
0,1,0,0,1,0,1,0,1,0,1,0,0,0,1,1,1,1,1,0,0,1,0,0,1,1,0,0,0,1,1,0,0.591525
0,1,0,0,0,0,1,1,1,1,0,0,1,0,1,1,1,0,0,0,1,1,0,1,0,0,0,1,1,0,0,1,0.573468
0,0,1,0,1,0,0,1,1,1,0,0,1,1,0,1,0,0,1,0,0,0,0,0,0,0,1,0,1,0,1,1,0.570788
0,1,0,0,1,1,0,1,0,0,1,0,0,0,1,0,0,0,1,0,1,1,1,1,0,1,1,0,1,1,1,1,0.672218
1,0,0,1,0,0,1,0,1,1,0,0,1,0,1,1,1,0,1,1,0,1,0,0,1,1,0,0,0,0,1,1,0.601017
1,0,1,1,1,1,1,1,0,0,0,0,0,1,1,1,0,0,0,0,1,0,1,0,1,1,0,0,1,1,1,1,0.641188
0,1,0,1,0,1,0,1,0,0,1,0,0,1,0,1,1,1,0,0,1,0,1,0,0,1,1,0,0,0,0,0,0.565078
0,1,0,1,1,0,0,1,1,0,0,1,1,0,1,0,0,0,1,1,1,0,1,1,1,0,1,0,0,0,0,1,0.625410
0,1,0,1,0,0,1,1,1,0,1,0,1,0,1,1,1,1,0,1,0,1,0,0,0,1,0,1,0,0,1,0,0.606852
1,1,0,0,0,0,0,1,0,1,1,1,1,1,1,0,0,1,1,0,0,1,1,0,1,1,0,0,1,1,1,0,0.624909
0,0,1,1,1,0,1,1,0,1,0,0,0,1,1,0,0,0,1,0,1,0,1,1,0,0,0,0,1,0,0,0,0.548549
1,1,1,1,0,0,0,0,0,1,1,0,0,1,0,0,0,1,1,1,0,1,0,0,1,0,0,0,0,0,1,0,0.568133
0,1,1,1,0,1,0,1,0,1,1,0,0,0,1,1,0,0,1,0,1,0,0,0,0,1,1,1,1,0,0,0,0.592677
1,0,1,1,0,0,1,1,1,1,1,1,1,1,0,0,0,0,1,0,1,1,1,0,1,1,0,0,1,1,0,0,0.636380
1,0,0,1,0,1,0,0,0,1,1,0,1,1,1,0,1,1,1,1,1,1,0,0,0,1,0,0,1,0,0,1,0.615217
0,0,0,1,1,1,1,0,1,1,1,1,1,0,0,1,1,1,1,1,1,1,1,0,1,0,1,1,1,0,0,1,0.659546
0,0,1,1,0,0,1,0,1,0,0,0,1,1,0,1,1,1,0,0,0,1,1,0,0,1,1,0,1,1,0,1,0.593779
1,1,1,0,0,1,0,1,1,0,0,1,1,0,0,1,0,0,1,0,1,1,1,1,0,0,1,0,1,1,0,0,0.621879
1,1,1,0,1,0,1,1,1,0,0,1,1,0,1,1,1,1,1,1,1,1,0,1,1,0,1,1,1,1,1,0,0.653209
0,1,0,0,1,0,1,1,1,0,1,1,0,1,0,1,0,0,0,0,1,1,1,0,1,1,1,1,0,1,1,1,0.701345
1,1,0,1,1,0,0,0,0,0,1,1,0,1,1,1,0,1,0,0,0,1,0,0,0,0,0,1,1,1,1,1,0.666884
0,1,0,0,0,0,1,0,0,0,0,1,0,1,1,1,1,0,0,1,0,0,1,1,1,1,0,1,1,1,0,1,0.633900
1,0,0,1,0,0,1,1,1,0,0,1,1,0,0,1,1,0,0,0,0,1,0,0,1,0,1,0,0,0,0,0,0.570563
0,1,0,0,0,0,1,0,0,1,0,1,0,0,1,0,0,1,1,0,0,1,0,1,0,0,1,1,0,1,1,1,0.612337
0,0,1,1,0,1,0,1,1,1,0,0,0,0,1,0,1,0,0,0,1,1,0,0,0,1,0,1,1,1,0,1,0.596359
0,1,0,0,0,0,0,1,1,1,0,1,0,1,0,0,1,0,1,1,0,0,0,1,1,0,0,1,0,0,1,1,0.579704
0,1,1,0,1,1,1,0,0,1,1,1,0,0,1,1,1,1,1,1,0,0,0,1,1,0,0,0,1,1,0,1,0.632398
1,1,1,0,1,1,0,1,0,1,1,0,0,0,0,0,0,1,1,1,1,0,0,1,0,1,0,1,1,0,0,0,0.601643
0,1,0,0,0,0,0,0,0,0,0,1,0,1,0,1,0,1,1,1,1,0,0,1,0,0,0,0,1,1,0,1,0.523129
1,1,1,0,0,0,0,0,1,1,0,0,1,0,0,1,0,1,1,0,1,0,1,0,0,1,1,0,1,1,0,0,0.595257
0,1,0,0,0,1,1,1,0,1,1,0,0,0,0,1,1,0,1,1,1,0,0,0,0,1,0,0,0,0,0,0,0.538506
0,0,0,1,1,1,1,1,0,0,0,1,1,1,1,0,0,0,0,1,0,0,0,0,1,0,1,0,1,1,1,0,0.607453
0,1,0,0,1,1,0,0,0,1,0,0,0,1,0,1,0,0,1,0,0,0,1,1,0,1,0,0,0,1,1,0,0.512485
0,0,0,1,1,1,0,0,1,1,1,0,1,0,0,1,0,0,1,0,1,1,1,0,1,0,0,1,0,0,0,0,0.579203
1,0,1,0,0,1,0,0,0,1,0,1,1,1,0,0,0,0,0,0,1,0,1,0,0,0,1,0,0,1,0,0,0.555311
0,0,0,0,0,1,0,1,0,0,1,0,1,1,1,0,1,0,1,0,0,0,0,0,1,1,0,1,1,1,1,1,0.585364
0,0,0,1,1,0,1,0,1,1,0,0,0,0,0,1,0,0,0,0,0,0,1,0,0,1,0,0,1,0,1,0,0.491923
0,1,0,1,0,0,1,0,1,1,1,1,1,1,1,0,1,1,0,0,0,1,0,1,1,0,0,1,0,1,0,0,0.611886
1,1,0,0,1,1,0,1,1,0,0,0,0,1,1,0,1,0,1,1,1,1,1,1,1,1,0,1,0,0,1,1,0.622831
0,0,1,0,0,1,1,0,1,1,1,0,1,1,1,0,0,0,0,0,0,0,0,0,1,1,1,0,0,1,1,0,0.612262
1,1,0,1,1,1,1,1,0,0,0,0,0,0,0,1,0,0,0,1,1,0,0,1,0,0,1,1,0,0,1,0,0.552931
1,1,0,1,0,1,0,0,0,1,0,0,0,0,1,0,0,0,1,1,1,1,1,1,0,0,0,1,1,0,0,1,0.560445
0,0,1,1,0,0,1,0,1,1,1,0,1,1,1,1,1,1,1,0,1,1,1,0,0,0,0,1,1,0,1,0,0.629267
0,0,1,1,0,0,1,0,1,1,1,1,0,1,0,0,0,0,1,0,0,1,1,0,1,0,1,1,1,1,0,0,0.605926
0,1,1,0,0,1,1,1,0,0,1,0,0,0,0,1,0,1,1,1,0,1,0,1,1,0,1,1,1,0,0,0,0.604097
0,1,0,0,0,0,1,0,0,1,0,1,0,0,0,0,0,1,0,0,0,0,0,1,0,1,1,1,0,1,1,1,0.543490
0,0,1,0,0,0,1,0,0,0,1,0,1,0,1,1,1,0,0,0,1,1,0,1,0,0,0,0,1,1,0,1,0.568835
0,0,0,1,0,0,0,1,0,1,0,1,0,0,0,0,1,0,1,0,0,0,1,0,0,1,1,1,1,1,0,1,0.535826
1,0,1,1,1,1,1,0,1,0,1,1,1,0,0,0,1,0,1,0,0,1,1,1,0,0,1,0,0,1,0,1,0.634075
1,1,1,0,1,0,0,1,1,0,1,0,0,0,0,1,1,0,0,1,1,1,1,0,1,1,0,1,0,0,0,0,0.607929
0,1,0,1,1,1,0,1,0,1,0,1,0,0,1,1,1,0,1,1,1,1,0,0,1,0,0,1,1,0,1,1,0.651481
0,0,0,1,0,1,1,0,1,0,0,0,0,0,0,1,1,1,1,1,1,0,1,0,1,1,0,1,1,1,0,1,0.594405
1,0,0,1,1,0,1,1,1,1,0,1,1,1,1,1,0,1,0,1,0,1,1,1,0,1,1,0,0,0,0,1,0.641113
0,0,0,0,0,0,0,1,0,0,0,1,1,0,1,0,0,0,1,0,1,1,1,1,1,0,0,1,0,0,0,0,0.529665
0,1,0,0,0,0,0,1,1,0,1,0,0,0,1,0,0,1,1,1,1,0,1,0,0,1,1,0,0,1,0,1,0.600115
1,1,0,0,0,0,0,0,0,1,1,1,1,0,0,0,1,1,1,1,0,1,1,0,0,0,1,1,0,1,0,0,0.587944
1,0,0,0,1,0,0,1,0,1,0,0,0,0,1,1,0,1,1,1,0,1,1,1,1,0,1,1,1,1,1,1,0.687195
0,0,0,1,1,1,1,1,1,0,0,0,1,1,0,1,0,1,1,0,0,0,0,1,1,1,1,0,0,1,0,0,0.590373
0,1,0,0,1,0,1,0,0,1,0,1,1,0,0,0,1,0,0,1,1,1,0,0,0,1,0,1,1,1,0,0,0.580706
0,0,0,0,1,1,1,0,0,1,1,0,0,0,0,0,1,1,0,1,1,1,0,0,0,0,1,0,1,1,0,1,0.593729
1,0,1,0,0,0,1,1,0,1,0,1,1,0,1,1,0,1,0,0,1,1,0,1,1,0,1,0,1,1,0,0,0.616069
1,0,1,1,0,0,1,0,0,0,0,0,0,0,0,1,1,0,1,0,1,0,0,1,1,0,1,1,1,0,1,1,0.582158
1,0,0,0,0,1,0,1,0,0,0,0,0,1,1,1,0,0,1,1,0,1,0,0,0,1,0,1,1,1,1,0,0.587843
1,1,0,0,0,0,1,1,1,0,0,0,1,1,0,1,0,1,0,1,1,1,0,1,1,0,0,0,1,1,1,1,0.609056
0,0,1,1,0,0,0,1,0,1,1,0,1,1,0,0,1,1,0,1,1,0,1,1,0,0,0,0,0,1,0,0,0.606226
0,1,0,1,0,0,0,0,0,1,1,1,0,1,1,1,1,1,0,0,1,0,1,1,0,1,0,0,0,0,1,0,0.581708
0,1,0,1,1,1,0,1,1,0,0,1,1,1,1,1,0,0,1,0,0,0,0,0,1,0,1,0,1,1,0,0,0.606451
0,0,0,1,1,0,1,1,1,0,1,1,0,1,0,1,1,1,0,1,0,1,0,0,1,0,0,0,1,1,1,1,0.638959
1,0,0,1,0,1,1,0,1,1,0,1,1,1,0,0,1,0,0,1,1,0,1,1,1,0,0,1,1,0,1,1,0.661023
0,0,0,1,1,1,0,0,0,0,1,0,1,1,0,0,0,1,0,0,1,1,0,1,1,1,1,1,0,0,1,0,0.588720
0,1,0,1,0,0,1,1,0,1,1,1,1,0,0,1,1,1,1,1,1,0,0,1,1,0,1,0,1,1,1,1,0.669438
0,0,0,0,0,1,1,1,0,0,0,1,1,0,0,1,0,0,0,1,0,0,0,0,0,0,1,1,0,0,0,0,0.447494
0,1,1,1,0,0,0,0,0,0,1,0,1,0,0,0,0,1,1,0,1,1,1,0,0,1,0,1,1,0,1,0,0.583235
1,1,0,0,1,0,1,0,1,1,1,1,1,0,0,1,1,0,0,1,0,0,1,0,1,0,1,0,0,0,0,0,0.615818
1,1,1,0,0,1,1,1,0,1,1,0,0,1,0,0,1,1,1,0,0,1,1,1,1,1,0,0,1,0,0,0,0.598888
0,1,0,1,0,1,1,1,1,1,1,1,1,0,1,1,0,1,1,0,1,1,1,0,0,0,1,1,0,0,0,0,0.621052
1,1,1,0,1,1,1,0,1,0,0,0,1,1,1,0,1,1,1,1,0,0,0,0,1,1,1,0,0,1,0,0,0.685316
0,1,1,1,1,1,0,1,0,0,0,1,1,0,0,1,0,0,0,0,0,0,1,1,1,0,1,0,0,0,0,1,0.577600
1,0,1,1,0,0,1,0,1,1,1,0,0,0,1,0,0,1,1,0,1,0,0,1,1,1,0,0,1,1,1,1,0.624959
1,1,0,1,0,0,0,0,1,0,0,1,1,0,0,0,1,0,1,1,0,0,1,0,1,1,1,0,0,0,1,0,0.593654
0,1,0,1,1,1,1,1,1,0,1,1,1,1,0,0,1,0,0,0,0,1,0,1,1,1,1,0,0,1,1,0,0.619475
0,0,0,0,0,0,1,0,0,0,1,1,0,1,1,1,1,1,1,0,0,1,0,0,0,1,1,0,1,0,1,0,0.591249
0,0,0,1,1,1,0,1,1,1,1,0,0,0,1,1,1,1,0,0,1,1,0,1,0,1,0,1,0,1,1,1,0.653685
1,1,1,1,1,0,0,1,0,1,1,0,0,1,1,1,1,1,0,1,0,0,1,1,1,0,0,0,1,1,1,0,0.628140
0,0,1,1,0,0,1,1,1,1,0,1,1,1,1,1,1,0,1,0,1,0,1,0,0,1,0,0,0,0,1,1,0.607829
1,0,0,1,0,1,1,0,0,0,1,1,1,0,1,0,0,0,1,1,0,1,0,0,1,1,0,1,1,1,1,1,0.639360
1,1,0,0,0,1,0,1,0,1,1,0,1,1,1,0,1,0,1,0,1,1,1,1,0,0,1,1,0,1,0,1,0.654161
1,0,0,0,0,0,0,1,0,0,0,1,0,0,0,1,1,1,1,0,1,1,1,0,1,1,0,1,1,0,1,1,0.589146
0,1,0,0,1,1,1,0,0,1,0,0,1,0,1,1,0,0,0,0,0,1,0,1,0,0,1,1,0,1,0,1,0.596359
0,0,0,1,0,1,0,0,1,0,1,0,1,1,0,1,1,0,1,1,0,0,0,1,0,0,0,0,0,0,1,0,0.571865
0,1,1,0,1,0,1,0,1,1,0,1,0,1,0,0,0,0,0,0,1,0,0,1,0,0,0,0,0,0,1,1,0.558617
1,0,1,1,0,1,0,0,1,1,0,1,0,1,1,0,0,1,1,0,0,0,0,0,1,1,1,1,0,0,1,0,0.610784
0,1,0,0,0,0,0,1,0,0,1,1,0,1,1,1,0,0,0,1,0,1,0,1,1,1,1,0,0,1,0,1,0.665081
0,0,0,1,1,0,1,1,0,1,0,0,1,0,0,1,0,1,0,1,1,1,1,1,0,1,0,0,1,0,1,0,0.562423
0,1,1,1,0,0,0,1,1,1,1,0,0,1,1,0,0,1,1,0,1,0,1,1,1,1,1,0,1,1,0,0,0.632347
1,1,1,1,0,0,0,1,1,0,1,0,0,1,0,0,1,0,1,0,1,1,0,1,0,1,1,0,1,0,0,0,0.614591
0,1,1,1,1,1,1,0,0,0,0,0,0,0,1,0,0,1,0,0,0,1,1,1,1,1,1,0,0,1,0,0,0.607303
1,1,1,0,1,0,0,0,1,0,1,0,1,0,0,1,1,0,0,0,0,1,1,1,1,1,0,0,1,1,1,1,0.649628
0,0,0,1,1,1,0,1,0,0,1,1,0,1,0,0,0,0,1,0,0,0,1,0,0,1,1,1,1,1,1,1,0.590473
1,0,0,0,1,0,0,1,0,1,1,1,0,0,1,1,1,1,1,1,0,0,0,1,1,1,0,1,0,0,0,1,0.643442
1,1,0,0,0,1,0,1,0,1,1,1,1,1,1,1,1,1,0,0,1,1,0,1,0,1,0,0,1,0,1,1,0.660247
1,1,0,0,1,1,1,1,0,0,1,1,1,1,0,0,0,0,1,1,0,0,1,0,1,1,1,1,1,1,1,0,0.630770
1,0,1,0,1,0,0,1,1,1,0,1,0,0,0,0,0,0,1,1,0,0,1,0,0,1,0,0,0,0,1,0,0.600391
1,1,0,0,0,0,1,1,0,0,1,0,0,1,0,1,1,0,0,1,1,1,0,0,1,1,0,1,0,1,0,0,0.603070
0,1,0,1,0,0,0,1,0,0,0,0,0,1,0,0,1,1,1,1,0,1,0,1,1,1,0,0,0,0,0,1,0.553983
0,0,0,1,0,1,1,0,0,1,1,1,0,0,1,1,1,1,0,1,0,1,0,0,0,0,0,0,0,1,0,1,0.573192
1,0,0,1,1,0,0,1,0,0,0,0,0,0,0,0,0,1,0,1,0,0,1,0,0,1,1,1,0,0,0,1,0.559693
1,1,0,0,0,1,1,0,1,1,1,1,0,0,0,0,0,1,0,1,0,0,0,0,1,1,0,0,1,1,0,0,0.586416
0,0,0,0,0,0,1,0,1,0,0,0,0,0,0,1,1,1,0,0,0,0,0,1,1,1,0,1,1,0,1,0,0.489544
0,0,1,0,0,1,0,1,0,1,1,0,0,0,0,0,0,0,1,1,0,0,1,0,1,0,1,1,1,1,1,0,0.556162
1,0,1,1,0,0,0,0,1,0,1,1,1,0,1,1,1,1,0,1,1,1,0,0,0,1,0,0,1,1,0,0,0.632948
0,1,1,0,1,1,1,0,1,1,0,0,1,1,1,0,0,0,1,1,1,1,1,0,1,1,1,0,1,1,1,0,0.623131
1,0,1,1,0,0,0,1,1,1,0,1,0,0,1,0,0,0,1,0,0,0,1,1,0,0,1,0,0,1,1,1,0.619174
1,0,0,1,1,0,1,0,1,0,0,0,1,0,1,1,1,0,0,1,1,0,1,1,1,1,0,0,0,1,0,0,0.611711
1,1,1,1,0,0,1,0,1,0,0,0,0,0,1,1,0,0,0,0,0,0,1,1,1,1,1,1,0,1,0,0,0.597435
1,0,0,1,0,0,1,1,0,1,0,1,0,0,1,1,0,0,0,0,0,1,0,1,1,0,0,0,0,0,0,0,0.578026
0,0,1,1,0,0,1,1,0,0,0,0,1,1,1,1,0,1,0,0,0,0,1,0,0,0,0,0,0,0,1,0,0.556989
0,1,0,1,1,0,0,0,0,1,1,0,1,1,0,1,1,0,0,1,0,1,1,1,1,1,0,0,0,0,0,1,0.596183
0,0,0,0,1,1,1,0,0,1,1,1,1,1,0,1,1,0,1,0,0,0,0,0,1,0,1,0,0,1,0,0,0.599088
0,1,1,0,0,0,1,1,0,1,1,0,1,1,1,0,0,1,0,0,0,0,1,1,0,0,0,1,1,0,1,0,0.583711
0,1,0,0,0,1,0,1,0,1,0,1,1,0,0,1,1,1,0,1,1,1,0,0,1,1,0,0,0,1,0,1,0.628791
0,0,1,1,0,1,0,1,1,0,0,1,0,0,1,1,1,1,1,0,1,1,0,1,0,0,1,1,1,0,1,1,0.727015
1,1,1,1,0,0,0,0,0,1,1,0,0,0,0,0,0,0,1,0,1,0,1,0,1,1,0,1,1,0,1,1,0.608680
0,1,1,0,1,0,1,0,0,0,0,1,0,0,1,1,1,0,1,0,0,0,1,0,1,0,1,1,0,0,1,0,0.609332
1,1,0,1,1,0,0,1,1,1,1,1,1,0,1,1,1,0,1,0,1,0,0,0,0,0,1,0,1,1,0,0,0.633525
0,0,1,0,1,0,0,1,0,1,0,1,0,1,1,1,1,0,1,0,0,1,1,1,1,1,1,1,1,0,0,0,0.611961
1,0,0,1,1,0,1,1,0,1,0,0,0,1,1,1,1,0,0,0,0,1,0,0,0,1,1,1,0,1,1,1,0.666859
0,0,1,0,0,0,0,0,1,0,0,0,0,1,1,1,1,1,1,0,0,1,1,0,0,0,0,1,0,0,0,1,0.552481
1,1,1,1,0,1,0,0,1,1,1,1,1,0,1,1,0,1,0,0,1,0,0,1,0,0,0,0,1,0,0,0,0.607403
0,0,0,1,1,1,0,1,0,0,0,1,0,1,0,1,0,1,0,1,1,1,0,1,0,1,0,1,1,1,1,1,0.755741
0,1,1,0,1,1,1,1,0,0,1,1,0,1,0,1,0,0,0,0,1,0,1,0,1,0,1,0,1,1,0,1,0.597235
0,0,0,1,1,0,1,1,1,1,0,0,1,1,0,1,1,0,1,1,0,1,1,0,1,0,0,1,1,0,1,0,0.612888
0,0,1,0,0,1,0,1,0,0,0,0,0,0,0,0,1,1,1,1,1,0,1,0,1,1,0,1,1,0,0,1,0.542363
0,0,0,0,0,0,1,1,1,1,0,0,0,0,0,1,1,1,0,1,1,1,0,1,0,0,1,1,1,0,0,0,0.589321
1,0,0,0,1,0,1,0,1,1,0,0,1,0,0,1,0,0,1,0,1,1,1,0,0,1,1,1,1,1,1,1,0.629242
1,0,0,0,1,1,1,0,1,1,1,0,0,0,1,0,0,0,0,0,0,0,1,0,0,0,0,0,0,1,0,1,0.531819
0,0,0,0,1,0,1,1,0,0,0,0,1,0,0,0,1,0,0,0,0,1,1,0,1,0,1,0,0,0,1,0,0.506098
0,0,0,1,0,1,1,0,0,0,1,0,1,0,0,1,1,1,0,0,1,0,0,0,0,1,0,0,1,0,0,0,0.495705
0,1,0,1,1,1,0,1,0,0,0,1,1,1,0,1,1,0,1,0,0,1,1,0,1,1,1,1,1,1,1,0,0.643492
1,1,0,0,1,0,1,0,0,1,1,0,0,1,0,0,1,0,1,0,0,0,1,1,0,0,0,0,1,1,1,1,0.590724
1,1,1,0,0,1,1,1,1,0,0,0,0,1,0,0,1,0,1,1,1,0,1,1,0,1,1,0,1,0,1,1,0.635979
0,0,0,0,0,0,1,1,1,1,1,1,1,0,0,1,0,0,0,0,1,1,1,0,1,0,0,1,0,1,0,0,0.556964
0,1,1,0,0,1,0,0,0,1,1,1,1,0,0,0,0,0,1,1,1,0,1,0,1,1,1,0,1,1,0,0,0.592477
1,0,1,0,1,0,1,1,0,0,1,1,0,0,1,0,0,0,0,0,1,1,1,0,0,1,0,0,1,1,0,1,0.570412
1,0,0,0,1,0,1,1,1,0,1,1,0,0,1,0,1,1,0,1,0,0,0,0,1,0,0,1,0,0,0,0,0.591700
0,0,1,0,0,1,1,0,1,1,0,1,1,0,1,1,0,0,1,0,0,1,0,1,0,0,0,1,1,0,1,1,0.628140
0,1,0,1,0,0,1,0,1,0,0,0,0,1,0,1,0,1,0,0,0,0,1,1,1,1,0,1,1,1,0,0,0.558041
0,1,1,0,1,0,0,1,1,0,0,1,1,1,0,0,0,1,0,0,0,0,1,1,1,0,0,1,1,1,1,0,0.582609
1,1,0,1,0,0,0,0,0,1,0,1,0,0,1,0,1,1,0,1,0,0,0,0,0,1,1,0,0,1,1,0,0.565955
1,1,0,1,0,1,1,1,1,0,1,1,0,0,1,0,0,1,0,1,0,0,1,1,1,1,0,0,1,0,1,0,0.626262
1,0,0,1,0,0,0,0,0,1,0,0,1,0,0,1,0,1,0,0,1,0,0,0,0,0,1,1,1,0,1,0,0.537729
1,0,1,1,0,0,1,0,0,0,1,0,0,0,1,1,1,1,0,0,0,0,1,0,1,0,0,0,0,1,1,0,0.578176
1,0,1,1,1,1,0,0,1,0,1,0,0,0,1,1,0,0,0,1,1,1,1,1,0,1,0,1,1,1,1,1,0.653760
1,1,0,0,0,0,0,0,0,0,1,0,0,1,1,1,0,1,1,1,1,1,0,0,1,1,0,0,0,0,0,0,0.558216
1,1,1,1,1,0,1,1,1,0,0,0,0,1,1,1,1,1,1,0,0,0,0,0,0,1,1,1,0,1,1,1,0.694633
1,0,0,1,0,1,1,1,1,0,1,0,0,1,1,0,0,1,0,0,0,1,1,1,1,1,1,1,0,0,0,1,0.646072
1,1,1,0,0,0,1,1,1,0,1,1,0,0,1,1,1,0,1,0,1,0,0,1,1,1,0,0,0,1,0,1,0.638383
0,0,0,1,0,0,1,1,0,1,1,1,0,0,1,1,0,0,0,1,1,0,0,1,1,1,0,0,0,1,0,1,0.627213
1,1,1,0,1,0,1,1,1,0,1,0,1,0,1,1,1,1,1,1,0,0,0,0,1,0,0,0,1,1,1,0,0.656415
1,1,1,0,1,0,0,1,0,0,0,0,0,0,0,1,1,1,0,1,0,0,1,0,0,0,0,0,0,1,1,1,0.609432
1,0,1,1,0,0,1,1,1,0,0,1,0,0,1,1,0,1,0,0,1,0,0,1,1,0,0,0,1,0,1,1,0.656415
0,0,0,0,1,0,0,1,0,1,1,0,1,0,0,1,0,1,0,1,0,0,0,0,1,0,0,1,1,1,0,0,0.478800
0,0,1,1,1,1,0,1,1,1,0,1,1,1,0,1,1,0,1,1,1,1,1,1,1,1,0,1,1,0,1,0,0.656115
1,0,1,1,0,1,1,1,0,1,0,1,1,1,0,0,0,0,1,0,0,0,1,1,0,0,0,1,0,1,1,1,0.637306
1,0,0,1,1,1,1,1,1,0,1,0,1,0,1,1,1,1,0,1,0,1,0,1,0,0,1,1,0,0,0,0,0.616043
0,1,1,1,0,1,1,0,1,0,0,1,1,1,0,1,0,1,0,0,1,1,0,1,0,0,0,0,1,1,0,1,0.701996
0,1,1,1,0,1,0,1,0,0,1,0,0,1,1,0,1,1,1,0,0,0,0,0,0,1,0,0,1,0,1,0,0.586892
1,0,0,1,0,1,0,1,1,0,1,1,1,0,0,1,0,0,0,1,0,0,1,1,1,0,1,0,1,1,1,1,0.689198
1,1,1,0,1,0,0,1,0,0,0,1,0,0,0,1,1,0,1,0,1,0,1,0,1,0,0,1,0,1,0,0,0.596434
1,1,0,1,0,1,1,1,1,1,1,0,1,0,0,0,0,1,1,1,1,1,0,0,0,1,0,1,0,0,0,1,0.594681
0,0,1,0,0,0,1,1,1,0,0,1,0,0,1,1,0,0,0,1,1,0,1,1,0,0,1,1,1,0,0,1,0.727692
0,1,1,0,0,1,0,1,0,1,1,0,0,1,1,1,0,0,1,0,0,0,1,1,0,1,0,0,1,0,0,0,0.542663
0,1,1,0,1,0,0,1,0,0,0,1,0,0,0,1,1,0,0,0,1,0,0,0,0,1,1,0,0,1,0,0,0.553307
1,0,0,1,0,1,0,1,0,0,0,0,1,0,1,0,1,1,0,1,1,1,0,1,1,0,0,0,0,1,1,1,0.545143
1,0,1,1,1,1,1,1,0,1,0,1,1,0,1,0,1,0,0,0,0,0,1,1,0,1,1,0,0,0,1,1,0.647800
1,1,0,0,1,1,1,1,1,1,0,1,0,1,0,0,1,1,0,0,0,1,0,0,0,1,1,1,1,0,0,0,0.623382
0,0,0,0,0,0,1,0,1,0,0,1,0,1,1,0,1,1,1,1,1,1,0,0,1,0,1,1,0,1,1,1,0.614215
0,1,0,1,0,1,1,0,0,1,0,0,1,0,0,0,0,1,0,0,1,1,0,1,0,0,1,0,1,0,1,0,0.573443
0,0,0,1,0,0,1,0,1,0,0,0,0,0,0,0,0,1,1,1,1,0,0,1,0,1,1,0,0,0,1,1,0.486338
0,1,0,1,1,0,0,1,0,0,1,1,1,1,0,0,0,1,1,1,1,0,0,1,0,0,0,1,0,1,1,1,0.641614
0,1,1,1,1,0,0,1,0,0,0,0,0,1,1,0,1,1,0,1,1,1,1,1,1,1,0,1,1,1,0,1,0.587092
0,1,1,0,1,1,1,0,1,0,1,0,1,0,0,0,1,1,1,0,0,1,1,1,0,0,0,1,0,0,1,1,0.613339
0,0,1,1,1,0,1,0,0,0,0,0,0,0,1,1,0,0,0,0,0,1,0,1,0,0,0,0,0,1,0,1,0.519071
1,0,0,0,0,1,1,1,0,0,0,0,0,0,0,1,1,1,0,1,1,1,0,1,0,0,0,1,0,0,1,0,0.530517
0,0,1,1,1,0,1,1,1,1,1,0,0,1,1,0,1,0,1,0,1,0,1,1,1,1,1,1,0,1,1,0,0.641138
0,0,0,0,0,0,1,0,0,1,1,1,1,0,0,0,1,1,0,1,0,0,0,0,0,0,0,1,1,1,0,0,0.537579
1,0,0,0,1,1,1,1,1,1,0,1,0,0,1,0,0,1,1,1,0,1,1,0,0,1,0,0,1,0,1,0,0.608004
1,0,1,0,1,0,1,0,0,0,1,0,0,1,0,0,1,0,1,1,1,1,1,1,1,1,0,0,0,1,1,0,0.596233
1,1,0,0,0,0,0,0,1,0,0,0,1,0,0,0,1,1,0,1,1,1,0,0,1,0,1,0,1,0,0,1,0.594505
1,0,0,1,1,0,1,1,1,1,0,0,1,1,0,0,0,1,0,0,0,1,0,0,0,0,1,1,1,0,0,0,0.586741
1,1,0,0,1,0,0,0,0,0,0,1,0,1,0,0,1,0,1,0,0,1,1,0,1,1,1,1,0,0,0,0,0.581457
0,0,0,0,0,1,1,1,0,0,1,0,0,0,0,1,0,1,0,0,0,0,0,0,1,0,0,1,0,0,1,0,0.446918
0,1,1,1,0,0,1,0,0,0,0,1,0,0,1,1,1,1,1,1,0,0,0,1,1,0,0,1,1,1,1,1,0.671442
1,0,1,1,1,1,0,0,1,1,0,1,1,0,0,0,0,0,1,1,0,0,1,1,0,1,0,1,1,1,1,0,0.622104
0,1,0,1,0,1,1,0,1,1,0,1,1,0,0,0,1,1,0,0,1,0,0,1,1,1,0,1,0,1,0,0,0.612738
0,0,0,0,0,0,1,0,0,1,1,0,0,1,0,1,0,0,1,1,1,1,0,1,1,0,1,1,0,0,1,0,0.561572
0,0,1,0,1,0,0,1,1,1,0,1,0,0,1,0,1,0,1,1,0,0,1,0,1,1,1,1,0,0,1,0,0.633775
0,0,0,0,0,0,0,0,1,0,0,0,0,1,1,1,1,1,0,1,1,1,1,1,0,1,1,0,0,0,1,1,0.623532
1,0,0,0,0,0,1,0,1,0,0,1,0,1,0,0,0,0,1,1,0,1,0,0,0,1,0,0,1,0,1,0,0.536302
0,0,0,1,0,0,0,0,0,1,0,0,1,0,1,0,0,0,1,1,1,1,0,1,0,1,0,1,1,1,0,1,0.546119
0,1,0,0,1,1,1,0,0,0,1,1,1,1,0,0,1,0,1,0,1,0,0,1,0,0,0,1,1,0,0,0,0.600766
1,1,1,0,1,1,0,0,0,1,0,1,1,0,0,1,0,0,1,1,0,0,0,1,1,1,0,0,0,0,0,0,0.587192
0,0,1,1,0,0,0,0,0,0,1,0,0,0,1,0,0,0,0,1,1,0,0,0,0,0,1,0,0,1,0,1,0.498009
0,0,0,0,0,1,0,1,1,0,0,0,1,0,0,0,1,1,0,1,1,0,1,1,0,0,0,0,0,1,1,0,0.531368
1,0,0,0,0,0,0,1,1,0,0,1,1,1,0,1,1,1,1,1,1,1,0,0,1,1,0,1,0,0,1,0,0.635052
0,1,1,1,1,1,1,1,1,1,1,0,1,1,0,1,0,0,1,0,1,1,1,1,1,1,1,1,1,1,1,0,0.655138
0,1,1,1,1,0,0,1,0,1,1,0,0,1,0,0,0,1,0,1,0,1,0,1,1,1,1,0,1,0,0,1,0.611586
1,1,0,0,0,0,1,1,1,0,1,1,0,1,1,0,0,0,0,0,0,1,0,0,1,1,1,0,1,1,0,1,0.597636
0,0,0,1,0,1,1,1,1,1,0,1,1,1,1,1,0,1,0,0,1,1,1,0,1,1,0,0,1,1,1,0,0.643793
1,0,1,1,1,1,0,0,1,1,0,0,0,1,1,0,1,0,0,0,0,0,0,0,1,0,0,1,1,0,0,0,0.641964
0,0,0,1,1,1,1,1,1,0,0,0,0,1,0,0,1,0,0,1,0,0,1,1,1,1,1,1,1,0,0,1,0.625836
1,0,1,1,0,1,0,0,0,1,0,1,0,0,1,0,0,1,1,1,0,0,0,0,0,1,1,0,1,0,0,1,0.568284
1,1,1,1,1,0,1,0,0,1,1,0,1,0,0,1,0,0,1,1,0,1,0,0,1,0,1,1,0,0,1,0,0.615718
1,0,0,1,0,0,0,0,1,0,0,1,0,1,1,0,0,0,1,1,1,1,0,1,1,1,1,0,1,0,0,0,0.610859
0,1,0,0,0,0,1,1,1,1,0,1,1,1,0,0,0,0,1,0,1,0,0,1,1,1,0,0,1,0,1,1,0.597536
0,1,1,0,1,0,0,0,0,1,1,1,1,1,1,1,0,1,0,0,0,1,0,0,0,1,0,1,1,0,1,0,0.621353
1,0,0,0,1,1,1,0,0,1,1,0,0,1,0,1,1,0,0,1,0,1,0,0,0,0,1,1,1,1,1,1,0.642791
1,0,0,0,1,1,0,1,1,1,1,1,1,0,1,0,0,1,1,0,0,1,1,1,1,0,0,1,0,0,0,0,0.601342
0,0,0,1,0,0,0,0,0,1,0,0,0,0,0,0,0,0,1,1,0,1,1,1,1,0,1,1,0,0,1,0,0.536903
1,1,1,1,0,1,0,1,0,0,0,1,0,0,1,0,0,0,0,1,1,0,0,1,0,0,0,1,0,0,1,0,0.555586
1,0,1,1,0,0,0,1,1,1,1,1,1,0,1,1,0,0,1,1,1,1,1,0,1,0,0,1,0,0,1,0,0.646322
1,0,0,1,1,1,1,0,0,1,1,0,1,1,0,0,1,1,0,1,0,0,1,0,0,0,0,1,0,1,1,0,0.592276
1,0,1,1,1,1,1,1,0,0,0,0,0,1,1,0,0,0,1,0,1,0,1,0,0,1,0,1,1,0,1,1,0.615192
1,0,0,1,1,0,0,0,1,1,1,0,1,1,1,0,1,1,0,1,0,0,0,1,0,0,0,1,1,0,0,0,0.600566
0,1,1,0,1,0,0,0,1,1,0,1,1,1,1,0,1,1,1,0,1,1,1,1,0,0,1,1,1,0,0,1,0.634752
0,1,1,0,0,0,0,1,1,0,0,1,0,0,0,1,0,1,1,0,1,0,1,0,1,0,1,1,1,1,1,1,0.664880
1,1,1,0,1,1,1,0,0,0,0,0,0,0,0,1,0,1,0,0,1,0,0,1,1,0,1,0,1,1,1,0,0.573418
1,0,0,1,0,1,1,1,0,0,1,1,0,0,0,1,1,1,1,0,0,0,1,1,1,0,0,1,0,1,1,1,0.698991
1,1,1,0,0,1,1,1,0,1,1,0,0,1,1,0,0,0,0,0,0,0,0,0,0,1,0,0,1,1,1,1,0.582309
1,1,0,0,1,0,1,0,0,0,0,1,0,1,1,0,1,0,0,1,0,1,1,0,0,0,0,1,1,1,1,1,0.621353
1,0,0,1,0,0,0,1,0,1,1,0,0,1,1,0,0,0,1,0,1,1,1,1,1,0,1,1,1,0,1,0,0.627739
0,0,1,1,0,0,0,1,1,0,0,0,0,0,1,0,0,0,1,0,0,0,1,1,0,0,1,0,1,0,1,1,0.613163
0,1,0,0,1,0,0,0,1,0,0,0,1,0,1,1,0,0,0,1,0,0,1,0,1,1,1,1,0,0,1,0,0.555711
0,0,0,1,1,1,0,1,0,0,1,1,1,1,0,0,1,0,1,1,1,0,0,1,1,1,0,0,1,1,0,0,0.633499
0,1,1,1,1,1,0,0,0,1,0,1,0,1,0,0,1,1,0,0,1,0,0,0,0,1,0,0,1,0,1,1,0.596008
1,0,0,1,1,1,1,0,0,0,0,0,1,1,0,0,0,1,1,1,1,1,0,0,1,0,0,0,0,0,0,0,0.558667
0,1,1,1,1,0,1,0,1,1,0,1,0,0,0,1,1,1,1,1,0,0,1,1,1,1,0,0,0,1,1,1,0.639736
1,1,1,0,0,0,0,1,1,0,1,1,1,0,0,0,0,1,0,0,1,0,1,1,1,1,1,0,0,0,1,0,0.666758
0,1,1,0,1,1,0,0,1,0,0,0,0,1,0,1,1,0,0,0,1,0,1,0,0,0,0,0,1,1,0,0,0.575647
1,1,1,1,1,1,0,0,0,1,1,0,1,1,1,0,0,1,1,0,0,0,0,0,0,0,1,1,0,0,1,1,0.617797
0,0,1,0,1,1,1,1,1,1,0,1,0,0,1,1,1,1,1,0,1,1,1,0,0,0,1,1,0,0,0,0,0.642415
1,1,1,1,0,0,0,1,1,1,1,0,0,1,1,0,0,1,1,0,1,1,0,0,1,1,1,1,0,0,0,0,0.599364
1,0,0,1,1,0,0,1,1,0,1,1,1,0,0,1,1,1,1,1,1,1,1,0,1,0,1,0,0,1,1,0,0.633049
0,1,1,0,1,0,1,0,0,0,0,1,0,0,1,0,1,0,1,1,1,1,0,0,0,1,1,1,1,0,0,0,0.622480
0,1,1,0,0,0,1,0,1,1,0,0,1,1,1,1,1,1,1,0,0,0,0,0,0,0,1,0,1,1,0,1,0.605024
1,1,1,0,1,0,1,1,1,0,1,1,1,1,0,0,0,0,1,0,1,1,0,1,1,1,0,0,1,0,1,0,0.620927
0,1,1,1,0,0,0,0,1,1,1,0,1,1,1,1,1,1,0,0,0,1,1,1,0,1,0,0,1,0,1,0,0.607128
1,0,0,0,1,1,1,0,1,1,0,1,1,1,0,1,0,1,0,0,0,0,0,0,0,1,0,1,1,1,0,1,0.657943
0,0,1,1,1,0,0,0,1,1,1,1,1,1,0,1,1,0,1,1,1,0,1,1,1,1,1,0,1,0,1,0,0.712465
1,1,0,0,0,1,1,0,1,1,1,1,1,0,0,1,0,0,1,1,0,1,0,1,0,1,0,0,1,0,1,1,0.650530
0,1,0,1,1,1,0,0,0,0,1,1,0,0,0,0,1,0,0,1,1,1,1,1,0,1,0,1,1,0,1,0,0.593453
1,0,0,0,0,1,0,0,0,0,1,0,0,1,1,1,0,0,1,1,0,1,1,1,1,0,0,1,0,0,1,1,0.665757
0,0,1,1,0,1,1,0,0,0,1,0,1,0,0,1,0,1,1,1,0,1,1,1,1,1,1,1,1,1,1,1,0.688647
1,1,0,1,1,0,0,1,1,0,1,0,1,0,0,0,0,1,0,0,0,0,0,0,1,1,0,0,1,1,0,1,0.605725
0,1,0,0,0,0,1,1,0,1,1,0,0,0,0,1,0,1,0,1,1,1,1,0,0,1,1,1,0,1,1,0,0.600516
0,0,1,1,0,0,0,1,1,1,1,1,1,1,0,0,0,0,1,0,1,0,1,1,0,0,0,1,1,1,0,0,0.635854
0,1,0,0,1,1,1,0,1,1,0,1,0,0,1,1,0,1,0,1,1,1,1,0,0,1,0,0,0,0,1,0,0.630068
1,0,0,1,1,1,1,1,1,0,1,0,1,1,0,1,0,1,0,1,0,1,1,1,1,1,1,1,0,0,0,1,0.662676
0,0,0,0,1,0,0,0,0,1,0,0,0,1,1,0,1,0,1,1,0,1,0,0,0,1,0,1,1,1,1,1,0.555686
0,1,0,1,0,0,0,1,0,1,0,0,1,0,1,0,0,0,1,0,1,0,1,1,1,1,1,0,1,1,1,0,0.621954
0,0,0,1,1,1,1,0,1,1,0,1,0,1,0,1,0,0,1,1,0,1,1,1,0,1,0,0,0,0,0,1,0.576874
0,1,0,1,0,1,0,1,1,0,1,1,0,0,0,0,0,0,0,1,0,0,0,1,1,0,1,1,0,0,1,0,0.576273
1,1,0,0,0,1,1,1,1,1,0,0,1,0,0,0,0,0,0,0,1,1,1,1,1,0,1,1,0,1,0,1,0.637832
0,1,0,1,0,0,1,1,1,1,0,0,1,1,0,1,1,0,0,1,0,1,1,1,1,0,0,1,0,1,1,1,0.611761
0,1,1,0,0,1,1,0,1,0,0,1,0,1,0,0,0,0,0,1,0,1,1,1,1,1,0,1,1,1,1,0,0.627714
0,0,0,0,0,0,1,1,1,0,1,0,0,1,0,0,1,1,1,0,0,0,1,0,0,1,1,0,1,0,0,0,0.547572
1,0,0,1,0,1,1,0,1,0,0,1,1,1,0,0,0,1,0,1,1,0,0,1,0,1,0,1,0,1,0,1,0.622755
0,1,1,1,1,0,0,1,0,1,1,0,0,1,1,0,1,0,1,0,1,1,1,1,1,0,1,1,1,0,1,1,0.685943
1,1,0,0,1,1,0,0,0,0,0,1,1,1,1,0,0,1,1,0,1,1,1,0,0,1,1,1,1,1,1,0,0.613614
0,1,0,0,1,0,0,1,1,0,1,0,1,1,1,0,0,0,1,1,0,1,1,1,0,1,0,1,0,1,1,1,0.679231
1,0,1,0,1,1,0,1,0,1,1,0,1,0,0,1,1,1,0,0,1,1,1,1,1,1,1,0,1,0,1,0,0.631847
0,0,1,1,0,1,1,0,0,0,0,0,1,0,1,0,0,0,1,1,0,1,1,0,0,0,0,1,1,1,0,1,0.578727
0,0,1,0,0,1,1,1,1,1,0,1,0,0,1,1,1,0,0,1,1,1,1,1,1,0,1,0,0,0,0,0,0.601367
1,1,0,0,1,1,0,1,1,0,0,0,0,1,1,1,1,0,1,0,1,1,0,0,0,1,0,1,0,0,1,1,0.592752
0,0,0,0,0,1,0,0,0,1,0,1,1,1,1,1,1,0,0,0,0,1,1,1,0,0,0,0,1,1,0,0,0.607553
0,1,1,1,0,0,1,0,1,0,1,0,1,0,1,1,1,0,0,1,0,1,0,0,0,1,1,0,1,1,1,1,0.665606
0,1,1,1,0,0,1,1,0,0,1,0,1,1,1,0,0,1,1,1,1,1,1,1,0,1,1,0,0,0,0,1,0.619299
0,0,1,0,1,1,0,1,1,0,1,1,1,0,0,0,1,0,1,1,0,0,1,1,0,0,1,0,0,1,1,0,0.643392
0,1,1,0,1,0,1,0,0,0,1,0,1,0,0,0,1,0,0,0,0,1,0,0,1,0,0,1,0,1,1,0,0.566305
0,1,1,1,0,1,1,0,1,0,1,1,0,0,0,0,0,1,0,0,1,0,0,0,1,0,1,1,1,0,0,0,0.593654
1,0,0,1,1,0,0,1,0,1,1,1,0,1,1,1,1,1,1,1,0,0,0,1,0,1,1,0,0,1,1,0,0.649628
0,1,1,0,1,1,1,0,0,1,0,0,0,0,1,0,1,0,1,0,0,1,1,0,0,0,0,1,1,0,0,0,0.566130
0,0,0,1,0,0,1,0,1,0,0,1,1,0,1,1,0,0,1,0,0,0,0,1,1,1,0,1,1,0,1,0,0.545794
0,0,0,0,0,0,0,0,0,0,1,1,1,1,1,0,1,0,1,1,1,1,0,1,0,1,1,1,1,0,0,0,0.577700
1,0,0,1,1,1,1,0,1,1,1,0,1,0,0,0,1,0,1,1,1,0,1,1,0,1,0,0,0,0,0,0,0.612562
0,0,1,1,0,1,1,0,0,1,1,0,0,0,1,0,0,0,0,0,1,0,0,1,0,1,1,0,1,1,0,1,0.562824
1,0,1,0,1,0,0,1,1,1,0,1,0,0,1,0,0,0,1,1,1,1,0,1,1,1,0,1,1,1,0,0,0.622580
1,1,1,0,1,1,1,0,1,1,0,1,1,0,1,1,1,0,0,1,0,0,1,0,1,1,0,0,0,0,0,0,0.660072
0,0,1,0,1,1,0,0,1,0,1,0,1,0,0,1,1,0,1,0,1,1,1,0,1,0,0,0,0,1,1,0,0.571364
1,1,0,0,1,0,0,1,0,1,1,0,1,0,0,0,0,0,0,1,0,0,1,1,1,1,0,1,1,1,1,0,0.600090
1,0,0,1,1,0,0,1,0,1,0,0,0,0,0,0,1,0,1,0,1,0,1,1,1,0,1,0,1,1,0,0,0.588620
1,1,0,0,0,1,0,1,0,1,1,0,1,0,0,1,1,0,0,1,0,0,0,1,1,1,1,1,0,0,1,0,0.608480
0,1,0,0,1,1,1,0,1,1,0,0,1,0,0,1,0,1,0,1,0,1,0,0,0,1,0,1,1,0,0,0,0.602144
1,1,0,1,0,1,0,1,0,1,0,1,0,0,0,1,1,0,1,1,0,1,1,1,0,0,0,0,1,1,0,0,0.630469
0,1,0,0,1,1,0,1,0,0,0,1,0,1,0,0,1,0,0,0,1,0,1,1,1,1,1,0,0,1,1,1,0.584012
0,0,1,1,1,1,1,0,0,1,0,0,0,1,0,1,0,1,0,0,0,0,1,0,0,1,0,1,1,1,1,1,0.582734
1,1,0,0,0,0,0,0,1,0,0,0,0,1,0,1,1,1,1,0,1,0,0,0,0,1,0,0,1,1,0,1,0.572391
0,0,1,1,1,1,1,0,1,1,1,1,1,1,0,0,0,0,1,0,1,1,0,1,0,1,0,0,1,0,1,0,0.585790
1,0,0,0,0,1,1,1,1,0,0,1,0,0,0,0,0,0,1,1,1,0,0,1,1,1,1,0,1,1,0,1,0.596409
1,1,0,1,0,0,1,0,0,0,0,0,0,1,1,0,1,0,1,0,1,0,1,0,0,1,0,1,0,0,1,0,0.565529
1,1,1,0,0,1,0,0,0,0,1,1,0,0,1,0,1,1,0,0,0,0,0,0,0,1,1,0,1,1,1,1,0.585464
0,0,1,0,0,1,0,0,0,1,0,1,0,1,1,0,0,1,0,1,0,0,1,0,1,0,1,0,0,0,1,1,0.535701
0,0,0,0,1,0,1,1,0,1,0,0,0,1,1,0,1,1,0,1,1,1,1,0,1,1,1,0,0,1,0,0,0.587017
0,1,0,1,1,0,1,1,0,0,1,0,0,1,0,1,1,1,0,1,0,1,1,1,1,1,0,1,1,0,0,1,0.674497
0,1,0,1,0,0,1,1,0,0,0,0,1,1,1,0,0,0,0,1,0,0,0,1,1,0,1,1,1,1,0,0,0.626136
1,1,1,0,0,1,1,0,1,1,1,0,0,1,0,0,0,0,0,0,1,0,0,1,0,0,1,0,0,0,1,1,0.601543
0,1,0,1,1,0,0,0,1,1,1,1,0,0,1,0,0,0,1,0,1,0,0,1,0,0,0,0,0,1,0,0,0.540009
1,0,0,1,1,1,1,1,1,0,0,1,0,1,1,1,0,1,1,1,0,0,1,0,1,1,1,1,1,1,0,0,0.645195
0,1,0,0,0,0,1,0,0,0,0,0,0,1,0,0,1,1,0,0,0,1,1,0,0,1,1,1,1,0,1,0,0.521400
0,1,0,1,1,0,0,1,1,1,0,1,0,1,1,0,0,0,0,0,0,1,1,1,0,1,0,0,1,0,1,0,0.593103
0,1,0,0,0,1,1,1,0,1,1,0,1,0,1,1,0,0,1,1,0,1,0,0,1,1,1,1,1,1,0,1,0.657692
0,0,1,1,1,1,0,0,1,0,1,0,1,0,0,1,1,0,0,1,0,1,1,0,1,1,0,1,1,0,1,0,0.612412
1,1,0,1,1,1,0,0,1,1,0,1,1,1,0,0,1,0,0,0,1,1,1,1,1,0,0,1,1,0,0,1,0.627188
1,0,1,1,1,1,1,1,1,0,1,0,1,0,1,1,1,1,1,1,0,0,1,1,1,1,0,0,1,1,1,0,0.641990
0,0,0,1,0,1,0,0,1,1,1,1,1,0,0,0,0,0,0,0,0,1,0,1,1,0,1,0,0,1,0,0,0.546420
0,0,1,1,1,1,0,0,0,0,1,0,0,1,0,0,1,0,0,0,0,1,0,1,0,1,0,0,1,0,0,1,0.570763
1,0,0,0,0,1,0,0,0,0,1,1,0,1,0,0,1,0,0,0,1,0,1,0,0,0,1,0,1,1,0,1,0.567382
1,1,1,0,1,0,0,0,0,1,1,1,0,0,0,0,0,1,1,1,0,0,0,1,0,1,0,0,0,1,0,0,0.563074
1,1,0,0,0,0,1,0,1,1,1,1,0,0,1,0,1,1,0,1,0,1,1,0,0,0,1,1,0,1,0,1,0.631271
0,1,0,1,0,1,0,0,0,1,0,0,1,0,0,0,0,1,1,0,0,0,1,0,0,1,0,1,0,1,1,0,0.524231
1,0,0,1,0,0,1,0,1,0,1,0,0,1,1,0,0,0,0,0,0,0,1,1,1,1,1,1,1,1,0,0,0.608605
0,1,0,0,1,1,0,0,1,1,0,0,1,0,0,0,1,1,1,1,1,1,0,0,0,0,1,0,0,0,1,0,0.588319
0,1,1,1,0,1,0,1,0,1,1,0,0,0,1,0,1,0,1,1,0,1,0,0,0,0,0,0,1,0,0,0,0.558617
0,1,1,0,0,0,1,0,1,1,0,0,0,0,1,0,0,1,1,1,1,0,1,0,0,0,0,0,1,1,0,0,0.588870
0,1,1,1,1,1,1,1,0,1,1,0,1,1,0,1,1,0,0,1,0,1,0,0,1,1,0,1,1,0,1,0,0.635202
1,0,0,1,0,0,0,1,1,1,0,0,0,1,0,1,1,0,0,1,0,0,1,1,0,0,1,1,0,1,0,1,0.620176
1,0,1,1,0,0,0,1,0,1,0,1,1,0,1,1,0,1,1,0,1,1,0,0,0,1,1,0,1,1,1,0,0.623882
0,1,1,1,0,1,0,0,1,0,0,1,1,0,1,1,0,1,0,1,1,1,0,1,0,1,0,1,0,0,1,1,0.681485
0,1,1,1,1,0,1,1,1,0,0,0,0,0,1,0,1,0,0,1,1,1,0,1,0,1,0,1,1,0,0,1,0.616469
1,1,0,1,1,0,1,1,1,0,1,1,0,0,0,1,1,1,0,1,0,1,0,1,0,1,0,1,0,1,1,0,0.648351
1,0,0,1,0,0,0,0,0,0,1,0,0,1,1,1,1,0,1,0,0,0,0,0,1,0,1,0,1,1,0,0,0.568985
0,1,1,1,1,1,1,1,0,0,1,1,0,0,1,1,1,1,0,0,1,0,0,1,0,1,0,0,1,0,0,0,0.609782
0,0,0,0,0,0,0,1,0,0,0,0,0,0,0,1,1,0,1,1,1,0,0,1,1,0,1,1,0,1,1,1,0.590874
1,1,1,0,1,1,1,0,1,0,0,0,0,0,1,0,1,0,1,1,1,1,0,1,1,1,0,0,1,0,1,0,0.673921
1,0,0,1,1,1,0,1,0,1,0,0,0,0,0,0,1,0,0,0,1,1,0,0,0,1,1,0,1,0,1,0,0.567006
0,1,0,1,0,1,1,0,1,1,0,1,0,0,1,1,0,0,0,1,1,0,1,1,1,1,0,1,1,1,1,0,0.646447
1,1,1,1,0,1,0,0,0,0,0,0,0,0,0,0,0,0,1,0,0,0,1,0,0,0,0,0,0,1,1,0,0.539808
0,0,1,0,1,0,0,1,0,1,1,1,0,0,0,0,1,1,0,0,1,1,1,1,1,0,1,1,1,1,1,1,0.687595
0,0,0,0,1,1,1,1,0,0,0,0,0,0,1,0,1,1,1,0,0,0,1,1,1,1,1,1,1,0,1,0,0.580856
0,0,0,1,1,0,0,0,0,0,1,0,1,1,0,1,1,1,0,1,0,1,0,0,1,1,1,1,1,1,0,0,0.636580
1,1,1,1,1,0,1,0,0,1,1,1,0,1,1,1,0,1,0,0,1,0,1,1,1,1,1,1,0,1,1,0,0.662676
1,1,0,0,0,0,0,1,0,1,0,0,0,0,0,1,0,1,1,0,1,1,0,1,1,0,0,1,1,1,0,1,0.581632
0,0,1,0,1,1,1,1,0,1,0,1,1,1,0,0,0,1,1,1,1,0,1,0,0,0,0,1,0,1,1,0,0.540735
0,0,0,0,0,1,1,1,1,1,0,0,0,0,1,1,1,1,0,1,0,0,1,0,0,1,1,1,0,1,0,1,0.602494
0,0,1,1,0,0,0,1,1,0,0,1,1,1,0,1,1,1,1,0,0,0,1,0,0,1,1,0,1,0,0,1,0.593554
0,0,0,0,0,1,1,0,1,0,1,1,1,1,1,0,0,0,0,0,0,1,0,0,0,1,1,0,0,1,1,0,0.536903
1,1,1,1,0,1,0,1,1,1,0,0,0,0,0,0,1,1,1,0,1,0,1,0,0,0,0,0,0,1,1,1,0.615092
0,0,0,1,0,1,1,0,1,0,1,1,0,1,0,0,1,1,0,1,1,1,1,1,1,1,0,1,1,1,0,1,0.642090
0,0,0,1,0,0,0,0,0,0,1,0,0,1,0,0,0,0,1,0,0,0,1,0,1,0,1,1,0,0,1,0,0.503419
1,1,0,0,1,0,0,1,0,1,1,1,0,1,0,1,1,1,0,0,1,1,1,0,0,1,1,0,0,1,1,1,0.683463
1,1,0,0,1,0,1,0,1,0,0,1,1,1,0,1,0,0,1,1,1,1,0,0,0,0,1,0,0,0,0,1,0.596859
0,1,1,1,1,1,1,0,0,0,0,1,1,0,0,0,0,0,0,0,1,1,0,1,1,1,1,1,1,0,1,0,0.621077
0,1,0,0,1,0,0,1,0,1,0,1,0,1,1,0,1,1,0,1,1,1,0,1,1,1,1,0,0,1,0,1,0.653811
0,0,0,1,1,1,0,0,1,0,1,1,0,0,1,1,1,0,1,0,0,1,1,1,0,1,0,1,0,1,0,0,0.606902
0,1,1,0,0,0,1,0,1,0,1,0,1,1,0,0,0,0,0,1,0,0,1,1,0,1,0,1,0,1,0,1,0.569862
0,0,1,0,1,0,0,0,1,1,1,1,1,0,0,1,1,1,0,0,0,0,1,0,1,0,0,0,0,0,0,1,0.569962
1,0,0,1,0,0,1,1,0,0,0,1,1,1,0,1,0,0,0,1,1,0,1,0,0,1,1,0,1,0,0,1,0.608756
1,1,0,0,1,1,1,0,1,1,0,0,0,0,1,1,1,0,1,0,0,0,0,0,0,1,1,1,0,0,0,1,0.621428
1,0,0,0,1,1,0,0,1,0,1,0,0,1,0,0,1,1,1,0,0,1,1,0,0,0,1,1,0,1,0,1,0.576398
1,1,0,0,1,0,0,1,1,0,0,0,1,0,1,1,0,1,0,1,1,0,1,1,0,1,1,1,1,1,0,1,0.686393
1,0,1,0,1,0,0,0,0,1,0,1,1,0,0,0,1,1,0,0,1,1,0,1,0,1,1,1,1,1,0,0,0.615242
1,0,0,0,1,1,1,0,1,1,1,1,0,0,0,0,1,0,0,1,0,1,1,0,0,0,0,0,0,1,0,1,0.560645
1,0,1,0,1,0,0,0,1,0,0,1,0,0,0,1,0,1,0,1,1,0,0,0,0,0,0,0,0,1,1,0,0.565078
1,0,0,1,0,0,0,0,1,0,1,0,1,1,0,0,1,0,0,1,0,0,1,1,0,1,0,1,0,0,1,1,0.576398
1,1,0,1,0,0,1,0,0,1,0,1,1,1,1,0,1,0,0,0,0,1,1,1,0,0,1,1,1,0,0,1,0.613489
1,1,1,1,1,0,1,1,0,0,1,1,0,1,0,0,1,0,0,1,1,0,0,1,0,0,1,1,0,1,0,0,0.613038
1,1,1,1,1,0,0,1,0,1,0,0,1,0,0,1,0,1,0,1,0,0,1,0,1,0,0,1,0,1,0,1,0.619725
1,0,0,1,1,0,1,1,1,1,0,1,0,0,1,0,1,0,0,1,1,0,1,0,1,1,0,0,1,0,0,0,0.618247
0,0,1,1,0,1,1,1,0,0,0,1,1,0,1,0,1,0,1,1,0,1,1,0,0,1,1,0,0,0,1,0,0.599639
1,0,1,0,1,1,0,1,0,0,0,0,0,1,0,1,1,0,1,1,1,1,1,0,1,1,1,0,1,1,1,0,0.633474
1,0,0,1,1,1,0,1,0,0,1,0,1,1,0,1,1,1,0,1,0,0,0,1,1,1,0,0,1,0,1,0,0.588470
0,1,0,0,0,0,1,0,0,0,0,0,0,1,0,1,1,0,1,1,0,0,0,0,1,1,1,0,1,1,0,1,0.546595
1,0,1,0,1,1,0,0,0,1,0,1,0,0,0,0,0,1,0,1,0,1,0,0,1,0,0,0,0,0,0,1,0.576022
1,1,0,1,1,0,1,0,1,0,0,1,1,0,1,1,0,1,0,0,1,0,0,1,0,0,0,1,1,0,0,1,0.604122
0,0,0,0,1,0,1,1,1,1,0,1,0,1,1,1,1,0,1,0,1,0,1,0,0,0,1,1,0,1,1,0,0.605675
0,1,1,1,0,1,0,1,1,0,0,0,1,0,1,1,0,0,1,0,1,1,0,1,0,1,0,1,1,0,0,0,0.601743
1,1,0,1,1,1,1,0,0,0,0,0,1,1,0,1,0,1,1,1,1,1,1,0,1,1,1,1,1,0,0,0,0.625235
1,0,0,0,1,0,1,1,1,0,0,1,0,0,1,1,1,0,1,0,1,1,0,0,1,0,1,1,0,1,0,1,0.602269
0,1,1,0,0,0,0,1,0,1,0,0,1,1,1,1,0,1,1,1,1,0,0,1,1,0,1,1,0,1,0,0,0.608505
1,0,1,1,0,1,1,1,1,1,1,0,0,1,0,0,0,0,1,1,0,0,0,1,0,1,0,0,1,0,0,1,0.601142
1,1,1,0,1,0,1,1,0,0,0,1,0,1,1,1,1,0,1,1,1,1,1,1,1,0,1,1,1,1,1,0,0.654662
0,0,0,1,0,1,0,0,0,0,0,0,0,1,1,1,0,1,1,1,0,0,0,1,0,0,1,0,1,0,0,0,0.470786
0,0,1,0,0,1,0,1,1,0,0,1,0,0,0,1,1,0,1,0,0,0,1,0,1,1,0,1,1,1,1,1,0.654963
1,0,0,0,0,0,0,0,1,1,1,0,0,1,1,0,0,1,1,0,0,1,0,1,1,1,0,1,0,1,1,1,0.627564
1,1,1,0,1,0,1,1,1,1,0,1,0,1,1,0,0,0,1,0,1,1,1,0,1,0,1,0,1,1,0,0,0.620777
0,0,0,1,0,1,1,0,1,0,1,1,0,0,0,1,1,0,1,0,1,1,0,0,1,1,0,0,1,0,0,1,0.585239
0,0,0,0,1,0,1,1,0,1,1,0,1,0,0,0,1,1,0,1,0,0,1,1,1,0,0,1,0,1,0,0,0.592877
0,1,0,1,1,0,0,0,1,1,0,1,1,1,1,1,1,1,1,1,1,0,1,0,0,0,1,0,0,1,1,0,0.630945
0,0,0,1,0,0,1,1,1,1,0,0,1,1,0,1,1,0,0,1,1,0,1,1,0,0,1,1,1,0,0,0,0.603371
0,1,1,0,0,1,1,1,0,0,0,1,1,1,1,0,1,1,1,0,1,0,1,1,0,1,1,0,0,1,0,0,0.624233
0,0,0,0,1,0,0,1,0,1,0,0,1,1,0,0,1,1,0,0,0,1,0,1,0,0,1,0,0,1,1,0,0.555636
0,0,0,0,1,0,0,1,1,0,1,0,0,0,0,0,0,1,0,0,1,1,0,0,1,0,0,0,1,0,1,0,0.483383
0,1,1,1,1,1,1,0,1,1,0,1,0,1,1,1,1,1,0,1,0,0,1,1,1,0,0,1,1,1,1,1,0.662175
1,0,0,0,0,0,1,1,1,1,1,0,0,0,1,1,1,1,0,0,1,0,1,1,1,0,1,0,0,1,0,1,0.611235
0,1,0,1,0,1,1,1,0,0,0,0,0,0,1,1,1,0,0,1,0,0,1,0,0,1,0,0,0,0,1,1,0.605475
1,1,0,0,1,1,1,0,1,1,1,1,0,0,0,0,0,1,0,1,0,1,0,0,1,0,0,0,1,1,0,1,0.599164
0,0,0,0,1,1,1,1,1,0,0,0,0,0,0,1,0,1,1,0,0,0,1,0,1,0,0,1,1,0,0,1,0.534449
1,1,1,0,0,0,0,0,1,1,1,0,1,0,1,0,1,0,0,1,0,1,0,0,1,1,1,0,0,0,1,1,0.615918
1,0,1,1,1,1,0,0,0,1,0,0,0,1,1,1,1,0,0,1,1,1,0,1,1,1,1,1,1,1,1,0,0.655889
1,1,0,0,0,0,0,1,1,0,0,0,0,0,1,1,0,1,1,0,0,0,1,0,1,0,1,0,0,1,0,0,0.558692
0,0,0,1,0,1,0,0,1,1,0,1,1,1,1,0,1,1,0,0,0,1,0,0,1,0,0,0,0,1,1,0,0.606301
1,0,1,0,0,0,0,0,1,1,0,1,1,0,0,0,1,0,0,0,1,0,1,1,0,0,0,0,1,0,0,0,0.578903
0,0,0,0,1,0,0,1,1,0,1,1,1,1,1,0,0,1,1,1,0,0,0,0,0,0,0,1,0,1,0,1,0.655088
0,1,1,0,1,0,1,0,0,0,0,0,0,0,0,0,0,0,0,1,0,0,1,1,1,0,1,1,0,1,1,0,0.539783
0,1,0,1,0,0,1,1,1,1,1,0,0,1,0,1,0,1,1,1,0,1,0,1,1,1,1,1,0,1,0,0,0.650955
0,0,1,1,0,0,1,1,0,0,1,0,0,0,1,1,1,0,1,0,1,1,0,1,0,0,0,0,1,1,0,0,0.590248
0,1,1,1,1,1,1,1,0,0,0,0,1,1,1,0,1,1,1,1,0,0,1,0,1,1,0,1,0,0,1,1,0.627013
0,1,1,1,0,1,0,1,0,0,1,1,1,1,0,0,0,1,1,1,0,1,0,0,1,0,1,1,0,0,0,0,0.605400
1,0,0,1,0,0,0,1,0,0,0,0,0,0,1,0,0,0,1,0,0,1,1,1,0,1,0,1,0,1,1,1,0.582809
1,1,0,1,1,0,0,0,0,0,1,1,0,0,0,1,1,0,0,0,1,0,1,0,1,0,0,0,0,0,0,1,0.576173
1,1,0,0,1,1,1,0,0,0,1,1,0,0,0,0,1,1,0,0,0,1,1,0,1,1,0,0,1,0,0,1,0.596233
1,1,0,0,1,1,1,0,0,0,0,0,1,1,1,1,1,1,0,1,1,1,1,1,0,1,0,1,0,1,1,1,0.590298
0,1,0,0,1,1,0,1,0,1,0,1,0,0,1,0,0,1,1,0,0,1,0,1,0,0,0,1,1,0,0,1,0.597486
1,0,1,0,1,1,0,1,0,1,1,0,1,0,0,0,1,0,0,1,1,0,1,1,0,0,0,1,0,1,1,1,0.606752
0,1,1,0,0,1,0,0,0,0,1,0,0,0,1,1,0,0,1,1,0,1,0,1,0,0,1,0,1,0,0,1,0.534574
0,1,1,0,1,1,0,1,0,1,0,1,1,0,0,0,1,0,0,0,1,1,0,1,1,0,1,0,0,0,1,1,0.600416
1,1,0,0,1,0,0,1,0,0,1,1,1,0,0,0,0,1,0,0,0,0,1,1,1,0,1,0,1,0,1,0,0.609657
0,1,0,0,1,1,0,1,0,1,1,1,0,1,0,0,0,1,1,0,1,0,0,1,1,1,0,0,0,0,1,1,0.633424
0,1,0,1,0,1,1,1,0,1,1,0,1,0,1,0,0,0,1,1,1,1,0,0,1,1,0,1,1,0,1,1,0.656039
1,1,0,0,1,1,0,1,1,1,0,1,0,1,0,1,0,0,1,1,0,0,0,0,0,1,1,0,0,1,1,0,0.599063
1,0,1,0,0,1,0,1,1,1,0,1,0,0,0,1,1,0,1,0,1,0,0,1,0,0,0,0,1,1,0,1,0.599439
1,0,1,0,0,0,0,0,1,1,1,1,1,0,0,1,0,0,0,1,1,1,1,0,0,0,1,1,1,1,0,0,0.628716
