1,0,1,0,0,1,1,1,1,1,1,0,1,1,0,1,1,1,0,0,0,0,1,1,1,1,0,1,1,0,1,0,0.627264
0,0,1,0,1,0,0,1,0,1,0,0,1,1,1,0,1,1,0,1,1,1,1,0,1,0,0,1,0,0,1,1,0.589674
1,1,1,0,0,1,1,1,1,0,0,1,1,1,1,0,0,0,0,1,1,1,1,0,1,1,1,1,0,1,0,1,0.637548
1,0,0,1,1,0,0,1,1,0,1,1,1,0,0,0,0,1,1,0,1,1,1,0,1,1,0,0,0,1,1,1,0.613198
1,1,0,0,0,1,1,1,0,1,1,0,0,1,0,1,0,0,1,1,0,1,1,1,1,1,1,0,1,1,0,0,0.628250
0,0,0,0,0,0,1,1,1,0,0,0,1,0,1,0,0,0,0,1,0,0,1,1,0,1,1,0,1,1,0,0,0.483855
0,1,1,1,0,1,1,1,0,0,1,1,0,1,0,0,0,1,1,1,1,1,0,0,1,0,0,1,0,1,0,0,0.620764
1,1,1,1,1,1,1,1,0,1,0,1,0,0,0,0,1,0,0,0,1,0,0,1,1,0,0,0,0,1,0,0,0.615676
0,1,1,0,1,1,1,0,0,1,0,1,1,0,0,1,0,0,1,0,0,1,1,0,0,1,0,1,1,1,0,1,0.639120
1,0,1,1,0,1,1,0,0,1,0,1,0,0,0,0,1,0,1,0,0,1,1,1,0,1,1,1,1,0,1,0,0.630994
0,0,1,1,1,0,1,0,1,0,0,0,0,0,0,1,0,1,0,1,0,0,1,0,0,1,0,1,0,1,0,1,0.529705
0,0,1,1,0,0,0,1,0,0,0,1,0,1,1,0,1,1,0,0,0,0,1,1,1,0,1,0,0,1,0,1,0.568974
0,1,1,1,1,1,1,1,1,1,1,1,1,1,1,1,1,1,0,1,0,1,0,1,0,1,1,1,1,0,1,1,0.731431
1,0,1,0,0,0,0,0,0,1,1,1,1,0,0,0,1,1,0,0,0,0,0,1,0,0,1,1,0,1,1,0,0.592977
1,0,1,1,1,1,1,1,0,1,1,0,0,1,0,1,0,0,0,0,1,0,1,1,0,1,1,1,0,0,1,0,0.636189
0,0,1,1,0,1,0,0,1,1,1,0,0,1,1,1,1,0,0,0,1,0,1,1,1,1,0,1,1,1,0,1,0.639413
0,1,1,0,1,0,1,0,1,1,1,0,0,1,0,0,0,1,1,1,1,1,0,1,0,1,1,1,0,0,0,1,0.612905
1,0,1,0,0,0,1,0,1,0,0,1,0,1,1,0,1,1,1,0,0,0,1,1,0,0,1,1,0,1,0,0,0.594816
1,1,1,1,1,1,1,1,0,1,1,1,0,0,1,0,1,1,0,0,0,0,1,0,1,0,1,0,1,0,1,0,0.684703
0,1,1,1,1,1,0,1,1,0,1,1,0,1,1,1,1,1,0,0,0,0,0,0,0,1,1,1,0,0,1,0,0.647778
1,0,0,1,0,0,0,1,0,0,1,0,1,0,1,1,1,0,1,1,1,0,0,0,1,1,1,0,0,0,0,0,0.587170
0,0,0,0,0,1,1,1,0,1,1,0,0,0,1,1,1,1,1,1,0,0,1,0,0,1,1,0,1,0,0,1,0.641091
1,1,1,0,1,0,1,0,1,1,0,0,0,0,1,0,1,0,0,0,0,0,1,1,1,0,0,0,1,1,1,1,0.613118
1,0,1,0,0,0,1,0,1,1,1,0,0,1,1,0,0,1,1,0,0,0,0,0,0,1,1,0,0,1,0,1,0.608030
0,1,0,1,1,1,0,1,0,0,1,0,0,1,1,0,1,0,1,1,1,0,1,0,0,1,1,1,0,1,1,0,0.623908
0,1,0,1,1,1,0,1,1,1,1,0,0,1,0,0,0,0,0,0,0,0,0,0,0,0,1,1,0,0,0,1,0.587702
1,1,0,0,0,0,0,1,0,0,0,0,1,1,1,1,0,1,0,0,0,0,0,0,0,1,1,1,0,0,1,1,0.570945
1,1,0,1,1,0,1,1,1,0,0,1,1,0,0,0,1,1,1,1,1,0,1,0,1,1,1,1,1,0,0,0,0.660033
1,1,1,1,0,0,1,0,0,0,1,1,1,1,0,0,0,0,1,1,1,0,1,1,0,1,0,0,0,1,1,1,0.638081
0,1,0,1,0,0,0,1,0,1,0,0,1,0,0,0,1,1,0,1,1,0,1,0,0,1,1,0,0,1,1,1,0.571558
1,1,0,0,1,0,1,1,1,0,1,0,1,0,0,1,0,0,1,1,0,1,0,1,1,0,1,1,1,0,1,1,0.683051
1,0,1,0,0,0,1,1,1,1,0,1,0,1,0,1,1,0,1,0,0,1,1,0,1,1,1,0,1,1,0,1,0.650948
0,0,0,1,0,1,0,1,1,0,0,1,0,1,0,0,1,1,0,0,0,0,1,0,0,0,1,0,0,0,1,0,0.518622
1,0,0,1,0,0,1,0,1,0,0,0,1,0,0,0,1,0,0,1,0,1,0,0,1,1,1,1,1,0,0,0,0.591832
0,0,0,1,1,0,1,0,1,0,1,0,1,1,1,0,0,1,0,1,0,0,1,1,1,1,0,1,1,0,0,0,0.575874
0,1,1,1,0,1,0,1,0,0,1,0,0,0,1,1,1,0,1,0,1,0,0,0,1,1,0,1,0,0,1,0,0.590606
1,1,1,1,1,0,1,0,0,1,1,0,0,0,0,0,0,1,1,0,1,1,1,1,0,1,0,0,1,0,1,0,0.628676
1,1,1,0,0,1,1,0,1,0,1,1,1,0,1,0,0,0,1,1,1,1,1,0,0,0,1,1,1,0,1,1,0.664216
1,1,1,1,1,0,1,1,0,0,0,1,1,0,1,0,1,1,1,1,1,0,1,1,0,1,1,0,1,0,0,0,0.666933
1,0,0,0,1,0,1,1,0,0,0,1,1,1,1,0,0,0,1,0,1,1,0,0,1,0,1,1,0,0,1,1,0.644608
0,0,1,1,0,0,0,0,0,1,1,0,0,1,0,1,1,0,1,1,1,0,1,0,0,1,0,1,0,1,1,0,0.598625
0,0,1,0,1,0,0,0,1,1,0,0,1,1,1,0,1,1,1,0,1,0,1,1,1,0,1,0,1,1,1,0,0.579151
0,0,1,0,1,1,0,1,1,1,1,0,0,0,1,1,0,0,0,0,0,0,0,0,0,1,0,0,1,1,0,1,0.486360
1,0,0,0,0,1,0,0,0,1,0,0,1,1,0,1,0,1,0,0,1,1,1,1,0,1,1,1,1,1,0,1,0.687873
1,0,0,1,1,0,1,1,0,1,1,0,0,1,0,0,1,1,0,1,0,1,0,1,1,1,1,1,0,0,0,1,0.613757
1,1,1,0,1,0,1,0,0,0,1,0,0,0,1,1,1,1,0,1,1,0,1,0,1,1,1,0,1,0,0,0,0.635763
0,0,1,1,1,0,1,0,0,1,1,0,1,1,0,0,1,0,0,1,0,1,0,0,1,0,0,0,0,0,1,1,0.577499
1,1,0,0,1,1,0,0,1,0,0,0,0,0,0,1,1,0,1,1,0,1,0,0,1,0,1,1,1,1,0,1,0.586424
1,1,0,1,0,0,0,1,0,1,0,1,0,0,0,0,1,1,0,1,0,1,0,1,1,0,0,0,0,1,0,1,0.618073
0,1,0,0,0,0,0,0,0,1,1,0,0,0,1,0,1,0,1,0,0,0,1,0,0,0,0,0,0,0,0,1,0.511962
1,0,0,0,1,0,0,1,0,0,0,1,1,0,0,0,1,0,0,1,0,1,1,0,1,1,1,0,1,1,0,1,0.583999
0,1,0,0,0,0,0,1,1,1,1,1,0,1,1,1,0,0,0,0,1,0,1,0,1,1,0,1,1,0,1,1,0.634005
0,1,1,1,1,0,1,1,0,0,0,1,0,1,1,0,0,0,1,1,0,1,0,0,1,0,0,1,0,1,1,0,0.646846
1,0,0,0,1,1,0,1,0,0,0,1,0,0,0,0,0,1,0,0,1,0,0,1,1,1,1,1,0,0,1,1,0.538896
0,0,0,1,0,0,0,1,1,1,0,1,1,0,1,1,0,1,0,1,0,1,0,0,1,0,1,0,1,1,1,1,0.642450
0,0,1,0,0,1,0,1,0,1,1,0,0,0,0,1,1,1,1,0,1,1,0,1,1,0,1,1,0,1,1,1,0.672235
1,0,0,1,1,0,1,0,0,1,0,0,1,1,0,0,0,1,1,1,1,0,0,1,0,1,0,1,1,1,0,0,0.587463
0,0,1,0,0,1,0,1,1,1,1,1,1,1,1,0,1,0,0,0,0,0,0,0,1,1,1,0,0,1,0,0,0.588422
1,1,1,0,1,1,0,0,1,0,1,1,1,0,0,1,1,1,0,1,1,1,1,0,0,1,1,1,0,0,1,1,0.682811
0,0,1,0,1,1,1,0,0,0,0,1,1,1,1,1,0,1,0,1,1,1,0,1,1,0,0,1,1,1,0,1,0.807545
1,1,0,1,0,1,1,0,0,0,0,1,0,1,0,0,0,0,1,0,0,1,1,1,0,1,1,1,0,1,1,0,0.611200
0,1,0,1,1,0,0,0,1,0,1,0,0,0,0,0,0,0,1,1,0,1,1,1,1,0,1,0,0,0,1,1,0.615169
1,1,0,0,1,0,0,1,0,0,0,0,0,1,0,0,1,0,1,1,1,0,1,0,1,0,0,1,0,0,0,1,0.594443
1,0,1,0,0,1,0,0,0,1,0,0,1,0,0,0,1,1,0,1,0,1,0,1,1,0,0,0,0,0,0,0,0.565883
1,0,1,1,0,0,1,0,1,1,0,1,0,0,0,0,0,0,1,0,0,0,1,1,0,1,1,1,1,0,0,1,0.707134
1,1,0,0,0,1,0,0,0,1,1,0,1,1,1,0,0,0,1,0,1,0,0,1,1,1,1,0,1,1,0,0,0.598412
0,1,1,0,1,0,1,0,0,1,1,1,1,0,0,0,1,1,0,0,1,1,1,0,0,0,1,1,1,0,1,0,0.635097
0,1,0,0,0,0,1,1,0,0,1,1,0,1,0,1,0,1,1,0,1,1,0,1,1,0,1,0,1,1,1,1,0.666400
0,1,1,1,0,0,1,0,0,0,0,0,0,1,1,0,0,1,1,0,1,1,1,0,1,0,1,1,1,1,1,1,0.617141
0,1,0,0,0,1,0,1,0,0,0,0,1,1,0,0,1,0,1,1,1,0,1,0,0,0,1,1,0,0,0,0,0.513773
0,0,0,0,1,0,1,1,0,1,1,1,0,1,1,0,0,1,0,1,0,0,0,1,1,0,1,1,0,1,0,1,0.641411
0,1,1,1,0,0,0,0,0,0,0,0,0,1,1,0,1,0,1,0,0,0,0,0,1,1,0,1,1,0,0,1,0.555440
0,0,1,1,0,1,1,1,0,1,1,0,0,1,1,1,0,0,0,1,1,1,0,0,1,0,1,0,1,0,0,1,0.592818
0,0,1,0,0,0,1,1,0,1,1,0,1,0,0,1,1,1,1,0,1,1,1,1,0,1,1,1,1,0,1,1,0.698156
0,1,0,1,0,1,1,1,0,1,0,0,0,1,0,1,1,1,1,1,1,1,0,0,1,0,1,1,1,0,1,1,0.646206
0,1,0,0,0,0,1,0,0,0,1,0,1,1,1,1,0,0,0,1,0,1,1,0,0,0,1,0,1,1,1,0,0.585624
0,1,0,0,1,1,0,0,0,1,1,0,1,1,1,1,0,0,0,1,0,1,1,0,1,0,0,0,1,0,0,1,0.580749
1,1,0,1,1,1,1,1,1,1,1,1,1,0,1,1,0,1,0,1,0,1,0,1,1,0,0,1,1,0,0,0,0.641251
1,1,0,1,0,0,0,0,0,1,1,1,1,1,0,1,0,1,1,1,1,1,0,0,0,0,0,0,1,0,1,1,0.616288
1,1,1,1,1,1,1,0,0,1,0,1,0,1,1,0,1,0,1,1,1,1,1,1,1,1,1,0,0,1,1,0,0.631527
1,0,0,1,0,1,0,0,0,1,1,0,0,0,1,1,1,1,1,0,0,0,0,1,0,1,0,0,0,0,1,0,0.557571
0,0,1,1,0,1,1,1,0,0,1,1,1,0,1,1,0,1,1,0,1,0,0,0,1,0,0,1,0,0,0,0,0.618260
0,1,0,0,0,1,0,1,0,1,0,0,0,0,1,1,0,1,1,0,1,0,1,1,1,0,0,0,1,1,1,0,0.565910
0,1,0,1,1,0,1,0,0,1,0,0,0,1,1,1,1,1,1,1,0,0,1,1,0,1,0,0,1,1,1,0,0.622842
0,0,1,1,0,0,0,1,1,0,1,0,1,0,0,0,0,1,0,0,1,1,1,1,1,1,0,1,0,0,1,1,0.595855
0,0,1,1,0,1,1,0,0,1,1,0,0,1,1,0,1,0,0,0,0,0,0,1,0,1,0,1,1,0,0,1,0.568654
1,1,1,1,0,1,0,0,1,0,1,0,0,0,0,1,1,1,1,1,1,1,0,0,1,0,0,1,1,1,1,1,0.648151
0,0,0,1,0,0,0,1,0,0,0,0,0,0,0,1,0,1,0,0,0,1,1,1,0,1,0,0,0,0,0,1,0.487559
1,0,1,0,0,1,0,1,1,0,0,0,0,1,0,0,1,1,1,1,1,1,1,1,1,1,0,1,0,1,0,1,0.551657
0,1,0,0,1,1,0,0,1,1,1,1,1,0,1,0,0,1,1,1,0,1,1,0,1,0,0,1,0,0,0,1,0.604593
0,0,1,1,1,1,1,0,1,1,0,0,1,1,0,0,1,1,1,0,1,0,0,0,1,0,0,1,0,1,0,1,0.593057
1,0,0,0,0,1,0,1,0,0,0,0,1,1,0,0,1,1,1,0,1,1,1,0,1,0,0,1,1,0,0,0,0.557225
0,1,0,0,0,1,0,0,0,0,1,1,0,0,0,1,0,0,0,1,1,0,1,1,0,0,0,1,1,1,0,0,0.564072
1,0,0,1,0,1,1,0,0,0,0,0,1,1,1,0,0,0,1,1,0,1,0,1,1,1,1,1,0,1,1,0,0.607523
1,1,0,0,1,1,0,1,0,1,1,0,0,1,1,0,0,0,0,1,0,0,1,1,0,1,0,0,0,1,1,1,0.573956
0,0,0,0,1,1,1,1,1,1,1,0,0,0,1,1,0,1,1,0,1,1,0,1,0,1,0,1,1,1,1,0,0.589301
0,1,0,1,1,0,0,0,1,0,1,0,0,1,1,0,1,1,0,0,0,1,0,0,0,0,0,1,0,1,1,1,0.588262
0,1,1,1,0,1,1,1,0,0,1,0,1,1,1,0,1,1,0,1,1,0,1,1,1,0,0,0,0,0,1,1,0.623428
0,1,0,0,1,1,1,0,1,1,1,0,0,0,1,1,1,1,0,0,0,0,1,1,1,1,0,0,1,0,1,1,0.661845
0,1,1,1,0,0,1,0,1,1,0,0,0,1,1,0,0,1,0,1,1,1,0,0,0,0,1,1,1,0,0,1,0.588821
0,1,1,0,0,1,1,1,0,0,0,0,0,1,0,1,0,0,1,0,0,1,1,1,0,1,0,0,0,1,1,1,0.537537
0,0,0,1,1,1,0,0,0,1,0,1,0,1,1,1,1,0,0,1,1,0,1,0,1,0,1,1,0,1,1,0,0.629875
1,1,0,0,0,0,0,1,0,1,0,1,1,0,0,0,0,1,1,0,1,0,0,0,1,1,0,1,1,0,1,1,0.584372
1,1,1,1,1,1,0,1,0,1,0,1,0,1,1,1,0,1,0,1,1,1,0,0,0,0,1,1,0,1,0,1,0.692642
1,1,0,1,0,1,1,1,1,0,1,0,1,0,0,1,1,0,1,1,1,0,0,0,0,1,0,0,1,1,0,1,0.638880
1,0,1,1,1,0,1,0,1,1,0,1,1,1,0,0,0,0,0,1,1,0,0,0,1,1,0,0,1,0,1,0,0.635630
0,0,0,1,0,1,0,0,0,1,1,0,1,1,1,1,1,1,1,1,1,1,1,1,0,0,0,0,0,1,0,1,0.573290
0,0,0,0,1,0,1,0,1,1,1,1,1,0,0,0,1,1,1,0,1,1,0,0,0,0,0,0,1,0,0,1,0.560928
1,1,1,1,0,0,0,0,0,0,0,0,0,1,0,0,1,0,1,0,1,0,0,0,1,1,0,1,1,1,1,1,0.609042
1,0,1,1,1,1,0,1,1,1,0,1,1,0,0,0,1,0,1,0,0,1,1,1,1,1,1,1,1,1,0,1,0.655397
0,1,0,0,1,0,1,1,1,1,1,1,1,0,1,1,1,0,1,0,1,0,0,1,1,0,0,1,0,1,1,0,0.633259
0,0,1,0,0,0,1,0,0,1,1,1,1,0,1,1,1,1,1,0,1,0,1,1,0,1,0,1,0,1,0,0,0.643516
1,1,0,0,1,0,1,1,0,1,0,0,1,0,0,0,1,0,1,1,1,1,1,0,0,0,0,0,1,1,1,0,0.574009
1,1,1,1,0,0,1,1,1,1,1,0,1,0,1,0,1,0,1,1,1,0,0,1,0,0,0,1,1,1,0,1,0.628863
0,1,1,0,1,0,1,0,0,0,0,1,1,1,1,1,1,0,1,1,1,0,0,1,1,1,0,0,0,1,1,1,0.642556
0,0,0,0,0,0,0,1,1,0,1,1,1,1,0,0,1,0,1,0,0,1,0,1,0,0,0,0,0,0,0,1,0.570999
0,1,0,0,0,1,0,1,0,1,0,0,1,1,1,0,0,1,0,1,1,1,1,1,1,1,0,0,0,1,1,1,0.529918
1,0,1,0,1,1,1,0,0,1,0,1,1,0,1,0,1,0,1,1,0,1,1,1,1,0,0,0,0,1,0,0,0.607923
0,0,1,1,0,0,1,1,0,1,0,1,1,0,0,0,0,1,0,0,1,0,0,1,0,0,0,1,1,1,1,1,0.570759
0,1,1,0,1,0,1,0,1,0,1,1,0,1,1,0,1,1,0,1,1,1,0,1,1,1,1,0,0,1,1,1,0.671355
1,1,1,1,1,1,0,0,0,0,1,1,0,0,1,1,1,1,1,0,1,0,1,0,0,0,0,0,1,0,0,1,0.611786
1,1,1,1,0,1,1,1,0,1,0,1,1,1,1,1,0,0,0,0,0,1,0,1,1,1,0,0,1,1,0,0,0.687553
0,0,1,1,1,0,0,1,0,0,1,0,0,0,1,0,0,0,0,0,0,0,1,0,1,0,1,1,0,1,1,0,0.606991
1,0,0,0,0,1,0,1,1,1,0,0,1,0,1,0,0,1,1,0,0,1,1,1,1,0,1,0,1,1,0,0,0.610987
1,1,0,0,0,0,0,1,1,0,0,0,1,0,0,1,1,1,1,1,1,0,0,0,0,1,0,0,1,0,1,0,0.627531
0,0,0,1,1,0,1,1,1,0,1,1,1,0,1,0,0,0,1,1,0,0,0,1,0,1,1,1,1,0,1,0,0.824435
0,0,0,1,0,0,1,1,1,0,0,0,1,1,1,0,1,0,0,1,0,0,1,0,1,0,0,1,1,1,1,0,0.637761
1,0,0,1,0,0,0,1,0,0,0,1,1,0,0,0,0,0,0,1,1,0,0,1,0,0,0,1,0,0,0,0,0.546915
