1,0,1,1,1,1,1,1,1,0,0,1,0,1,0,1,1,0,1,1,1,0,1,0,0,0,0,1,1,1,0,1,0.484868
1,0,0,0,1,0,0,1,0,0,1,0,1,1,0,1,0,0,1,1,0,1,1,1,0,0,1,0,1,1,0,1,0.682033
0,1,1,0,1,0,1,1,1,1,1,0,0,0,1,0,0,0,1,1,0,1,0,1,1,1,0,0,0,0,0,1,0.611445
0,0,0,1,1,0,0,1,0,0,1,1,0,1,1,0,0,1,0,1,1,1,1,0,0,1,1,0,0,0,1,1,0.971718
1,0,0,0,1,0,0,0,0,1,1,1,0,0,0,0,1,1,1,0,0,0,1,1,1,1,0,0,0,1,1,0,0.610507
1,0,1,1,1,0,0,1,1,0,0,0,0,0,1,1,1,1,0,1,0,1,0,1,0,0,0,1,0,0,0,1,0.469331
1,1,0,1,1,0,0,0,0,0,0,0,1,1,0,1,0,0,0,0,1,1,1,0,0,1,1,0,1,0,0,1,0.806245
0,0,1,0,1,1,1,1,1,0,0,0,0,1,0,1,1,0,0,0,1,0,1,0,1,1,0,1,0,1,1,0,0.636701
1,1,0,1,1,0,0,0,1,0,1,1,1,0,0,1,1,1,0,1,1,1,1,0,1,1,1,1,0,0,0,1,0.584548
1,1,1,1,0,1,0,0,0,0,1,1,1,1,0,1,0,1,0,0,0,0,1,1,0,0,0,0,1,1,0,0,0.675384
1,1,0,1,0,0,1,0,0,1,0,0,0,1,0,1,1,0,1,0,0,0,1,0,0,1,0,1,1,0,0,1,0.612937
1,1,0,1,1,0,1,1,1,0,1,0,1,1,0,1,1,1,1,0,0,0,0,0,1,0,0,1,1,1,1,0,0.590367
1,1,0,0,0,1,0,1,0,1,1,1,0,0,0,0,1,0,0,0,0,1,1,1,0,1,1,1,1,1,0,1,0.530328
0,1,1,1,0,1,0,1,0,1,1,1,0,0,0,0,0,1,1,0,0,0,1,1,1,0,0,1,1,0,1,1,0.735017
0,1,1,0,0,1,0,0,1,0,0,0,0,0,0,1,0,0,1,0,1,1,1,0,0,0,1,1,1,1,1,1,0.633078
1,1,0,1,0,1,0,0,1,1,0,0,1,1,1,0,1,0,0,1,0,0,0,0,0,1,0,1,0,0,1,1,0.628410
0,1,0,1,1,1,1,0,1,0,0,1,0,1,1,0,0,1,0,0,0,1,1,1,1,0,0,1,1,0,1,1,0.735273
0,1,1,0,1,0,0,0,0,0,0,0,1,0,1,1,1,1,1,0,1,0,0,1,0,0,1,1,0,0,0,0,0.657225
0,1,1,1,1,0,0,1,1,1,0,1,1,0,0,0,0,0,1,1,0,0,1,1,0,0,0,0,1,0,0,0,0.664791
0,0,1,1,1,0,0,1,0,0,1,0,1,0,1,1,0,1,0,0,0,1,1,1,1,0,0,1,0,0,0,1,0.842498
1,1,0,0,1,1,1,0,0,0,0,0,1,1,0,1,0,1,1,1,0,0,1,0,1,1,0,1,1,1,0,1,0.659037
1,0,0,0,0,1,1,1,1,1,1,0,0,0,0,0,1,0,1,0,1,0,1,0,1,1,0,0,0,1,0,0,0.716965
1,0,1,1,0,0,0,1,1,1,0,1,1,1,0,0,0,1,1,0,1,1,1,1,1,0,1,1,1,1,0,1,0.353005
0,0,0,1,1,1,1,0,1,1,0,1,1,1,0,0,0,0,0,1,1,1,1,0,1,0,0,0,1,1,0,0,0.837639
0,1,1,1,1,0,1,0,0,1,0,0,1,1,1,0,1,1,1,0,0,0,1,1,0,1,0,1,0,1,1,1,0.604263
0,1,1,0,0,0,0,0,0,1,0,0,0,0,0,1,0,1,1,0,0,0,0,0,1,0,1,0,0,1,0,1,0.855286
0,0,1,1,1,0,1,0,0,1,1,0,1,1,0,0,1,1,0,1,0,0,1,1,1,0,0,0,1,0,1,1,0.708781
0,0,0,0,1,0,0,0,0,1,1,1,1,1,0,0,0,0,1,0,1,0,0,1,0,1,1,0,1,1,1,1,0.968244
0,1,0,0,1,1,0,0,0,1,0,0,0,1,0,1,1,1,0,1,1,0,0,1,0,0,1,1,0,1,1,0,0.734420
1,1,1,1,1,1,0,0,1,0,1,0,1,0,1,0,1,1,0,1,1,0,1,0,1,0,0,0,0,1,1,1,0.351364
0,0,1,1,1,0,0,0,1,0,0,1,0,0,0,0,1,1,1,0,1,1,1,1,1,0,1,1,0,0,1,1,0.604412
0,1,1,0,0,0,1,0,0,1,0,0,0,0,0,1,0,0,0,1,1,0,0,0,1,0,1,0,1,1,0,0,0.739791
1,0,1,0,1,1,1,0,1,1,1,0,1,1,0,0,1,1,0,1,1,0,0,1,0,1,1,1,0,0,1,1,0.523167
1,0,0,0,0,0,1,0,0,1,1,0,0,0,0,0,1,1,0,1,1,1,1,1,1,1,0,0,1,0,0,0,0.638832
1,0,1,1,1,0,1,1,1,0,1,0,0,1,0,0,0,1,0,0,0,1,1,0,0,0,1,1,0,0,1,1,0.606181
1,1,1,1,0,0,1,1,1,1,1,1,0,1,1,0,0,0,1,0,1,0,1,0,1,1,0,0,1,1,0,0,0.606373
0,1,1,0,1,1,0,1,0,0,1,0,0,1,0,1,1,1,0,0,1,1,1,1,0,0,1,1,1,0,1,0,0.662873
0,1,1,1,0,0,0,0,0,1,1,1,1,1,0,0,0,1,0,0,0,1,1,1,1,1,1,0,0,1,1,1,0.624147
0,0,1,0,0,0,1,1,0,0,1,0,1,0,0,0,1,0,1,0,1,0,0,1,1,0,1,0,1,1,0,0,0.768905
1,1,1,0,1,1,1,0,0,1,0,0,0,1,0,1,0,1,0,1,1,0,1,1,0,0,0,1,1,0,1,0,0.655094
0,0,0,1,0,0,0,1,0,1,1,1,0,0,0,1,1,1,1,0,1,0,0,1,1,1,1,1,1,1,1,0,0.781181
0,0,1,1,0,0,1,1,1,1,0,1,0,1,1,0,1,0,0,1,1,0,1,1,0,0,1,1,1,1,1,1,0.667178
0,0,0,1,1,0,1,1,0,0,1,0,1,1,1,1,1,0,0,0,1,1,0,0,1,0,0,1,1,0,0,0,0.887788
1,1,0,0,1,0,0,1,1,1,0,0,1,0,1,0,1,0,1,1,0,0,0,1,0,1,1,1,1,0,0,1,0.579454
0,1,1,0,0,0,0,1,1,1,0,0,1,0,1,0,0,0,0,1,1,0,1,1,0,1,1,1,0,0,1,0,0.654604
0,0,0,0,1,1,0,1,1,0,1,0,1,0,1,0,0,1,0,1,1,1,1,1,0,1,0,0,0,1,0,0,0.842732
0,0,0,1,1,0,1,0,0,1,0,1,1,1,1,0,1,0,0,0,1,1,0,1,0,1,1,1,0,0,1,0,0.860379
1,1,1,0,1,0,0,0,1,0,1,1,1,1,0,0,1,0,0,0,1,0,1,1,0,1,0,0,0,0,1,0,0.811232
0,0,0,0,1,0,1,1,1,0,1,0,1,0,0,0,1,0,0,1,0,1,0,0,0,0,1,0,1,1,1,0,0.763683
1,0,1,0,1,0,0,0,1,0,1,1,0,1,1,0,1,1,0,0,0,1,1,1,1,1,0,0,1,1,0,1,0.495887
1,0,0,1,0,0,0,1,1,1,0,1,0,0,0,1,1,0,1,0,1,1,0,1,1,0,1,0,0,1,0,0,0.681181
0,0,0,0,1,0,0,1,1,1,1,1,0,1,1,0,1,1,0,0,1,1,0,0,1,0,0,1,1,0,0,1,0.716880
0,0,0,0,0,0,0,0,1,1,1,0,0,0,0,1,0,0,1,1,0,1,1,0,0,0,0,0,1,0,1,0,0.805456
1,0,0,0,1,1,0,1,1,1,0,0,0,1,0,1,1,1,1,1,0,0,1,0,1,0,1,0,0,0,0,0,0.739749
0,0,1,0,0,0,1,1,1,1,1,0,0,0,1,1,1,1,0,1,0,1,1,1,1,0,1,0,1,0,1,0,0.562042
1,1,0,0,1,1,0,1,0,1,1,1,0,1,1,1,1,1,1,1,1,1,0,0,1,1,0,0,1,1,1,1,0.417136
1,1,1,1,0,1,1,1,1,1,0,0,0,1,0,0,0,0,0,1,1,0,1,0,0,0,0,1,1,1,1,1,0.461509
0,0,0,0,1,0,1,1,1,1,1,0,1,0,1,0,1,0,1,0,1,0,0,1,0,0,0,0,0,1,0,1,0.788427
1,0,0,1,0,0,1,1,0,0,0,0,0,1,1,0,0,1,1,1,0,1,0,1,1,1,0,1,0,1,0,1,0.594928
1,1,1,0,0,1,1,0,1,0,1,0,1,0,1,0,0,1,0,1,0,0,0,1,1,1,0,0,1,0,0,1,0.611679
1,0,1,1,0,1,1,0,1,0,1,0,0,0,0,0,1,1,1,0,1,0,0,1,0,0,0,0,0,1,0,1,0.602685
1,0,1,0,1,1,0,1,1,0,0,0,0,1,0,0,1,0,0,0,0,1,1,0,1,1,0,1,0,1,0,0,0.620546
1,1,0,1,0,1,1,1,0,0,0,0,1,0,1,0,0,1,1,1,1,0,1,1,1,1,0,1,1,1,0,1,0.439237
1,1,1,0,1,0,0,1,0,1,1,1,1,0,1,1,0,1,1,0,0,0,1,0,0,1,0,0,1,0,1,0,0.621078
0,1,1,0,0,1,1,1,0,1,1,1,0,1,0,1,0,0,1,1,0,1,0,0,0,1,0,0,0,0,0,1,0.699446
0,0,0,1,1,1,0,1,1,1,0,0,0,1,0,0,0,1,0,1,0,0,0,1,0,0,1,0,0,0,0,0,0.817647
0,1,1,0,0,1,0,1,0,1,0,0,0,1,0,0,1,1,1,1,0,1,0,0,0,1,1,1,0,0,1,0,0.681692
1,0,0,0,0,0,0,1,1,1,1,0,0,1,1,0,1,1,1,0,0,0,1,0,0,0,0,1,1,1,0,0,0.631927
0,0,0,1,1,1,0,0,0,1,1,0,1,1,1,1,0,0,1,1,0,0,0,1,0,1,0,0,1,0,0,1,0.940452
0,0,0,0,1,0,0,1,0,0,0,1,0,1,0,0,0,1,1,1,0,1,1,1,0,1,0,0,0,0,0,0,0.946846
1,0,1,1,1,0,0,1,1,1,0,0,1,0,1,0,0,0,1,0,0,0,0,0,1,0,0,0,0,1,1,1,0.735742
1,1,1,0,0,0,1,1,0,1,0,1,1,1,1,0,1,0,0,0,1,0,1,0,0,0,0,1,1,0,0,1,0.641049
1,1,0,0,1,0,1,0,0,1,0,0,0,1,1,1,1,0,0,0,0,0,1,0,0,0,0,0,1,0,0,1,0.669288
0,0,0,1,0,0,0,0,1,0,1,0,1,1,1,0,1,1,1,0,0,1,0,1,1,0,1,0,0,1,0,0,0.649147
1,0,0,1,1,1,0,1,0,1,1,1,0,1,0,0,0,1,1,0,1,0,0,1,1,1,1,0,1,1,0,1,0.632971
1,0,1,0,1,1,1,0,0,1,1,1,0,1,1,1,0,1,0,0,0,1,0,0,1,1,0,0,0,0,0,0,0.641517
0,0,1,0,0,1,0,0,0,0,0,1,0,0,0,1,1,1,1,1,1,0,0,1,0,0,0,0,1,1,1,1,0.767690
1,0,0,1,1,1,0,0,0,1,1,0,1,1,1,0,0,0,1,0,1,1,1,1,0,0,0,0,1,1,0,1,0.691454
0,0,0,1,0,0,0,1,1,0,1,0,1,0,1,0,1,1,0,0,0,1,1,1,0,0,1,1,0,0,0,0,0.712958
0,1,0,1,1,0,1,0,1,0,0,0,1,0,1,1,0,1,0,1,1,0,0,0,1,1,1,0,0,0,1,0,0.737063
0,0,1,0,0,1,1,1,1,1,0,0,1,0,0,1,1,1,1,1,0,0,0,0,0,1,0,0,0,0,1,1,0.610550
1,1,1,1,1,1,1,1,1,1,0,0,1,0,1,0,0,0,1,0,1,0,0,1,0,1,0,0,1,0,1,0,0.837084
0,1,0,1,1,0,1,0,1,0,0,1,0,0,1,0,0,0,1,1,1,0,0,1,1,0,1,0,1,0,0,1,0.735230
0,0,1,0,1,1,0,0,1,1,1,1,0,1,0,0,1,1,0,0,1,1,1,1,1,1,0,1,0,0,1,1,0.587020
1,1,0,0,0,1,1,0,1,1,1,0,1,1,0,1,0,0,0,1,1,1,0,1,1,1,0,1,0,1,1,1,0.351471
0,1,0,1,1,1,0,0,1,1,1,0,1,1,1,0,0,1,0,0,1,0,0,1,1,1,0,0,1,0,0,0,0.711168
1,0,1,0,0,0,0,1,0,0,1,0,0,1,1,0,0,0,1,1,1,1,1,1,1,1,0,1,0,1,1,0,0.603090
1,1,0,1,0,1,1,1,1,1,0,1,0,0,0,0,1,0,1,0,1,0,1,1,1,1,1,0,0,0,0,1,0.575234
1,1,1,1,1,1,0,0,1,0,1,0,1,0,1,1,0,0,0,1,0,0,1,1,1,1,1,0,0,0,0,1,0.605584
1,0,1,1,0,0,1,0,1,1,0,0,1,1,1,1,1,1,0,0,0,1,0,0,0,0,1,0,1,0,0,0,0.603048
1,0,1,1,0,1,1,0,0,0,1,0,1,1,0,0,0,1,1,0,1,1,1,0,0,0,1,1,1,0,0,1,0.599979
1,1,1,0,0,0,0,1,1,1,1,1,0,1,0,1,0,0,0,0,1,1,1,1,0,0,1,0,0,0,0,1,0.593137
0,0,0,0,1,1,0,0,0,1,0,0,1,1,0,0,1,0,0,0,0,0,1,0,1,1,0,1,0,0,0,0,0.865409
1,0,0,1,1,1,0,1,0,0,0,0,1,0,0,0,0,1,0,1,0,0,1,0,1,0,0,1,0,0,1,0,0.812468
0,1,0,0,1,1,1,0,0,0,0,1,1,1,1,0,0,0,1,0,0,0,1,0,1,0,1,0,0,0,1,1,0.861637
1,0,1,0,0,1,0,1,1,0,1,0,0,0,0,0,1,0,0,0,1,1,1,0,1,1,0,1,0,0,1,0,0.640153
1,0,0,0,0,1,1,0,1,1,0,1,0,0,0,0,0,1,0,1,1,1,0,1,0,0,1,1,0,1,1,0,0.620375
1,1,1,0,1,0,1,1,0,0,1,1,0,1,0,1,1,0,1,0,0,0,0,1,0,0,1,1,0,1,0,0,0.653389
1,1,1,1,1,0,1,0,0,0,1,0,0,0,0,0,0,1,0,1,0,1,0,0,0,1,0,1,0,1,1,1,0.562788
1,1,1,0,1,0,1,1,1,0,0,0,1,0,0,0,0,1,1,1,0,0,1,0,1,1,0,0,1,0,1,0,0.902110
0,0,0,1,0,0,1,1,0,1,1,1,0,1,0,1,1,0,1,1,0,0,1,1,1,0,1,0,1,1,0,1,0.742285
1,0,0,1,1,0,0,0,1,0,0,0,0,0,0,1,1,0,1,0,0,0,0,1,1,1,1,1,1,0,1,1,0.455051
1,1,1,1,1,1,0,1,1,0,0,0,0,0,1,1,1,0,0,1,1,0,0,1,1,0,0,0,0,1,1,1,0.239301
1,1,0,0,0,1,1,0,1,1,1,0,1,1,0,1,0,1,1,0,1,1,0,1,1,1,1,1,0,0,1,1,0.449318
0,1,1,1,0,0,1,0,1,1,0,1,1,1,0,0,1,1,1,1,1,1,0,0,0,1,0,0,0,1,1,1,0.573444
0,1,1,0,1,1,0,0,1,0,1,0,0,0,0,0,1,1,0,0,1,1,1,0,1,1,1,0,1,1,0,1,0.599403
0,1,0,1,0,0,1,1,0,0,0,0,1,0,1,0,0,1,1,1,1,1,1,1,0,1,0,0,1,0,1,1,0.780691
0,0,1,0,0,0,0,0,1,1,0,1,1,1,1,1,1,0,0,1,1,0,0,1,0,0,0,1,1,0,1,0,0.691262
0,0,1,0,1,0,1,0,1,1,1,0,0,0,1,1,1,1,1,0,1,0,1,1,0,0,1,0,0,1,0,1,0.767327
1,1,0,1,1,0,0,1,1,0,0,1,1,0,0,0,0,1,0,1,1,1,1,0,0,0,1,0,1,1,1,1,0.628730
1,0,1,1,0,0,0,0,1,1,0,0,1,0,0,1,0,1,0,1,1,1,1,1,0,0,1,0,1,1,1,1,0.395503
1,0,1,1,1,0,0,1,1,0,0,0,0,0,1,0,0,1,1,1,1,1,0,1,0,1,1,1,0,0,1,1,0.529156
0,1,1,1,1,0,0,0,1,0,1,1,0,0,0,1,1,1,1,0,0,1,1,0,1,0,0,0,0,0,1,1,0.612042
1,0,1,1,0,1,1,0,0,0,0,1,0,1,1,0,1,1,1,0,1,1,1,1,1,0,1,0,0,0,1,1,0.587702
1,0,1,1,1,0,1,1,1,1,0,0,1,1,0,1,1,0,1,0,1,0,1,1,0,1,1,0,0,0,0,1,0.564024
0,1,1,1,0,1,1,0,1,1,1,1,1,1,0,1,1,0,1,0,0,0,0,0,1,0,0,1,0,1,1,1,0.514642
0,0,1,1,0,0,0,1,0,0,1,0,0,0,0,0,0,1,0,0,0,1,1,1,0,1,0,1,1,1,1,0,0.821078
0,0,1,1,0,0,0,0,0,1,1,1,1,1,1,0,1,0,1,1,1,1,1,0,1,0,1,1,0,0,0,1,0.596249
0,1,1,0,0,0,0,0,1,0,0,0,1,1,1,1,0,0,1,0,0,1,1,0,1,0,0,0,1,1,1,1,0.661914
0,0,1,0,1,1,0,0,0,1,0,0,0,1,1,0,1,1,0,0,0,1,0,1,0,0,0,0,0,1,1,0,0.812873
0,1,1,0,1,0,0,1,1,1,1,0,0,0,0,0,1,0,0,0,1,0,1,0,0,0,0,0,0,1,1,0,0.670460
0,0,0,0,1,1,1,0,0,1,1,1,0,1,0,0,0,1,1,1,0,1,1,1,0,0,0,0,1,0,1,0,0.919139
0,1,1,0,1,1,1,1,1,1,1,0,0,1,0,0,1,0,0,1,0,1,1,1,0,1,1,0,1,0,1,0,0.571270
1,1,1,0,0,1,0,1,0,0,1,0,0,0,1,1,1,1,1,0,0,0,1,1,0,1,0,1,1,0,1,0,0.552025
0,0,1,1,1,1,1,1,1,0,1,1,1,1,1,0,1,1,0,1,1,1,0,1,1,0,0,1,0,1,0,0,0.623444
1,0,1,0,1,1,1,1,1,1,0,1,0,1,0,1,1,1,0,1,1,0,1,0,1,0,0,0,1,1,0,0,0.773423
0,1,1,1,0,0,0,1,0,1,0,1,1,0,1,1,0,1,0,1,1,0,1,0,0,0,1,0,0,1,0,0,0.648423
1,0,0,0,0,0,1,0,0,1,1,1,0,0,1,1,1,0,0,1,0,0,1,0,0,1,1,1,1,0,1,1,0.636594
