0,0,0,1,0,0,0,1,0,1,1,1,0,0,0,1,1,1,1,0,1,0,0,1,1,1,1,1,1,1,1,0,0.781783
0,0,1,1,0,0,1,1,1,1,0,1,0,1,1,0,1,0,0,1,1,0,1,1,0,0,1,1,1,1,1,1,0.664535
0,0,1,0,0,1,0,0,0,0,0,1,0,0,0,1,1,1,1,1,1,0,0,1,0,0,0,0,1,1,1,1,0.760949
1,0,0,0,1,0,0,1,0,0,1,0,1,1,0,1,0,0,1,1,0,1,1,1,0,0,1,0,1,1,0,1,0.691683
0,1,0,1,0,0,1,1,0,0,0,0,1,0,1,0,0,1,1,1,1,1,1,1,0,1,0,0,1,0,1,1,0.781197
1,0,1,1,1,0,0,1,1,0,0,0,0,0,1,1,1,1,0,1,0,1,0,1,0,0,0,1,0,0,0,1,0.468510
0,0,1,0,0,0,1,1,0,0,1,0,1,0,0,0,1,0,1,0,1,0,0,1,1,0,1,0,1,1,0,0,0.762681
0,1,0,1,1,0,1,0,1,0,0,0,1,0,1,1,0,1,0,1,1,0,0,0,1,1,1,0,0,0,1,0,0.733376
1,0,0,0,1,1,0,1,1,1,0,0,0,1,0,1,1,1,1,1,0,0,1,0,1,0,1,0,0,0,0,0,0.737106
1,0,1,0,1,1,1,0,0,1,1,1,0,1,1,1,0,1,0,0,0,1,0,0,1,1,0,0,0,0,0,0,0.639040
0,0,0,0,1,0,1,1,1,0,1,0,1,0,0,0,1,0,0,1,0,1,0,0,0,0,1,0,1,1,1,0,0.763001
0,0,1,0,1,1,0,0,1,1,1,1,0,1,0,0,1,1,0,0,1,1,1,1,1,1,0,1,0,0,1,1,0.580056
0,0,1,1,0,0,0,0,0,1,1,1,1,1,1,0,1,0,1,1,1,1,1,0,1,0,1,1,0,0,0,1,0.588129
1,1,1,0,0,0,1,1,0,1,0,1,1,1,1,0,1,0,0,0,1,0,1,0,0,0,0,1,1,0,0,1,0.633259
1,1,0,1,0,1,0,0,1,1,0,0,1,1,1,0,1,0,0,1,0,0,0,0,0,1,0,1,0,0,1,1,0.629955
1,0,0,1,0,0,1,1,0,0,0,0,0,1,1,0,0,1,1,1,0,1,0,1,1,1,0,1,0,1,0,1,0.604140
1,0,1,1,0,1,1,0,0,0,0,1,0,1,1,0,1,1,1,0,1,1,1,1,1,0,1,0,0,0,1,1,0.591565
1,1,1,1,1,0,1,0,0,0,1,0,0,0,0,0,0,1,0,1,0,1,0,0,0,1,0,1,0,1,1,1,0.569320
1,1,1,0,0,1,1,0,1,0,1,0,1,0,1,0,0,1,0,1,0,0,0,1,1,1,0,0,1,0,0,1,0.603714
1,0,0,0,1,0,0,0,0,1,1,1,0,0,0,0,1,1,1,0,0,0,1,1,1,1,0,0,0,1,1,0,0.609069
1,0,1,1,0,0,0,1,1,1,0,1,1,1,0,0,0,1,1,0,1,1,1,1,1,0,1,1,1,1,0,1,0.347027
1,0,0,1,1,1,0,1,0,1,1,1,0,1,0,0,0,1,1,0,1,0,0,1,1,1,1,0,1,1,0,1,0.639306
1,1,0,1,0,0,1,0,0,1,0,0,0,1,0,1,1,0,1,0,0,0,1,0,0,1,0,1,1,0,0,1,0.613864
1,1,0,0,0,1,1,0,1,1,1,0,1,1,0,1,0,0,0,1,1,1,0,1,1,1,0,1,0,1,1,1,0.361227
0,0,0,1,1,1,0,1,1,1,0,0,0,1,0,0,0,1,0,1,0,0,0,1,0,0,1,0,0,0,0,0,0.812340
0,1,1,0,1,1,0,0,1,0,1,0,0,0,0,0,1,1,0,0,1,1,1,0,1,1,1,0,1,1,0,1,0.595295
0,0,0,1,1,1,0,0,0,1,1,0,1,1,1,1,0,0,1,1,0,0,0,1,0,1,0,0,1,0,0,1,0.937527
1,0,1,1,1,0,0,1,1,1,0,0,1,0,1,0,0,0,1,0,0,0,0,0,1,0,0,0,0,1,1,1,0.724691
1,0,0,0,0,0,1,0,0,1,1,0,0,0,0,0,1,1,0,1,1,1,1,1,1,1,0,0,1,0,0,0,0.630195
0,0,0,0,1,0,1,1,1,1,1,0,1,0,1,0,1,0,1,0,1,0,0,1,0,0,0,0,0,1,0,1,0.788603
0,1,0,1,1,0,1,0,1,0,0,1,0,0,1,0,0,0,1,1,1,0,0,1,1,0,1,0,1,0,0,1,0.733163
1,0,1,1,1,0,0,1,1,0,0,0,0,0,1,0,0,1,1,1,1,1,0,1,0,1,1,1,0,0,1,1,0.529039
0,0,0,1,1,0,1,0,0,1,0,1,1,1,1,0,1,0,0,0,1,1,0,1,0,1,1,1,0,0,1,0,0.859228
0,0,1,1,1,0,1,0,0,1,1,0,1,1,0,0,1,1,0,1,0,0,1,1,1,0,0,0,1,0,1,1,0.703724
0,0,0,0,0,0,0,0,1,1,1,0,0,0,0,1,0,0,1,1,0,1,1,0,0,0,0,0,1,0,1,0,0.798620
0,1,1,0,0,1,0,0,1,0,0,0,0,0,0,1,0,0,1,0,1,1,1,0,0,0,1,1,1,1,1,1,0.635417
1,0,0,0,0,1,1,1,1,1,1,0,0,0,0,0,1,0,1,0,1,0,1,0,1,1,0,0,0,1,0,0,0.715633
0,0,0,1,1,1,1,0,1,1,0,1,1,1,0,0,0,0,0,1,1,1,1,0,1,0,0,0,1,1,0,0,0.834506
1,1,0,0,1,0,1,0,0,1,0,0,0,1,1,1,1,0,0,0,0,0,1,0,0,0,0,0,1,0,0,1,0.666427
0,1,1,1,0,0,1,0,1,1,0,1,1,1,0,0,1,1,1,1,1,1,0,0,0,1,0,0,0,1,1,1,0.575554
1,1,1,0,0,0,0,1,1,1,1,1,0,1,0,1,0,0,0,0,1,1,1,1,0,0,1,0,0,0,0,1,0.592844
1,1,1,1,0,1,0,0,0,0,1,1,1,1,0,1,0,1,0,0,0,0,1,1,0,0,0,0,1,1,0,0,0.667199
1,1,1,0,0,1,0,1,0,0,1,0,0,0,1,1,1,1,1,0,0,0,1,1,0,1,0,1,1,0,1,0,0.550565
1,1,0,1,1,0,0,0,0,0,0,0,1,1,0,1,0,0,0,0,1,1,1,0,0,1,1,0,1,0,0,1,0.810742
0,0,0,1,0,0,1,1,0,1,1,1,0,1,0,1,1,0,1,1,0,0,1,1,1,0,1,0,1,1,0,1,0.743899
1,1,1,1,0,1,1,1,1,1,0,0,0,1,0,0,0,0,0,1,1,0,1,0,0,0,0,1,1,1,1,1,0.467897
1,0,0,1,0,0,0,1,1,1,0,1,0,0,0,1,1,0,1,0,1,1,0,1,1,0,1,0,0,1,0,0,0.677989
0,1,0,0,1,1,1,0,0,0,0,1,1,1,1,0,0,0,1,0,0,0,1,0,1,0,1,0,0,0,1,1,0.860321
0,1,1,0,0,0,0,1,1,1,0,0,1,0,1,0,0,0,0,1,1,0,1,1,0,1,1,1,0,0,1,0,0.646366
1,0,0,0,0,1,1,0,1,1,0,1,0,0,0,0,0,1,0,1,1,1,0,1,0,0,1,1,0,1,1,0,0.621537
1,1,0,1,1,0,0,0,1,0,1,1,1,0,0,1,1,1,0,1,1,1,1,0,1,1,1,1,0,0,0,1,0.578911
1,0,1,1,1,0,1,1,1,1,0,0,1,1,0,1,1,0,1,0,1,0,1,1,0,1,1,0,0,0,0,1,0.556586
1,1,0,1,1,0,0,1,1,0,0,1,1,0,0,0,0,1,0,1,1,1,1,0,0,0,1,0,1,1,1,1,0.632140
0,0,0,1,0,0,0,0,1,0,1,0,1,1,1,0,1,1,1,0,0,1,0,1,1,0,1,0,0,1,0,0,0.639573
0,0,0,0,1,0,0,1,0,0,0,1,0,1,0,0,0,1,1,1,0,1,1,1,0,1,0,0,0,0,0,0,0.943201
1,0,1,1,0,1,1,0,1,0,1,0,0,0,0,0,1,1,1,0,1,0,0,1,0,0,0,0,0,1,0,1,0.594336
1,0,1,0,1,1,1,1,1,1,0,1,0,1,0,1,1,1,0,1,1,0,1,0,1,0,0,0,1,1,0,0,0.768302
0,0,0,1,0,0,0,1,1,0,1,0,1,0,1,0,1,1,0,0,0,1,1,1,0,0,1,1,0,0,0,0,0.708760
0,0,0,0,1,1,0,1,1,0,1,0,1,0,1,0,0,1,0,1,1,1,1,1,0,1,0,0,0,1,0,0,0.838608
1,0,1,1,1,1,1,1,1,0,0,1,0,1,0,1,1,0,1,1,1,0,1,0,0,0,0,1,1,1,0,1,0.484548
0,1,1,0,1,0,0,0,0,0,0,0,1,0,1,1,1,1,1,0,1,0,0,1,0,0,1,1,0,0,0,0,0.646100
0,0,1,1,0,0,0,1,0,0,1,0,0,0,0,0,0,1,0,0,0,1,1,1,0,1,0,1,1,1,1,0,0.814578
0,1,1,1,1,0,1,0,0,1,0,0,1,1,1,0,1,1,1,0,0,0,1,1,0,1,0,1,0,1,1,1,0.592818
1,0,0,0,0,0,1,0,0,1,1,1,0,0,1,1,1,0,0,1,0,0,1,0,0,1,1,1,1,0,1,1,0.632992
1,0,1,0,0,0,0,1,0,0,1,0,0,1,1,0,0,0,1,1,1,1,1,1,1,1,0,1,0,1,1,0,0.598492
1,0,0,0,0,0,0,1,1,1,1,0,0,1,1,0,1,1,1,0,0,0,1,0,0,0,0,1,1,1,0,0,0.634165
0,0,1,0,1,0,1,0,1,1,1,0,0,0,1,1,1,1,1,0,1,0,1,1,0,0,1,0,0,1,0,1,0.760870
1,1,0,0,1,1,0,1,0,1,1,1,0,1,1,1,1,1,1,1,1,1,0,0,1,1,0,0,1,1,1,1,0.423940
0,0,1,0,0,0,1,1,1,1,1,0,0,0,1,1,1,1,0,1,0,1,1,1,1,0,1,0,1,0,1,0,0.564978
1,1,0,1,0,1,1,1,1,1,0,1,0,0,0,0,1,0,1,0,1,0,1,1,1,1,1,0,0,0,0,1,0.568894
0,1,1,0,0,1,1,1,0,1,1,1,0,1,0,1,0,0,1,1,0,1,0,0,0,1,0,0,0,0,0,1,0.700288
0,1,1,0,1,1,0,1,0,0,1,0,0,1,0,1,1,1,0,0,1,1,1,1,0,0,1,1,1,0,1,0,0.662377
1,1,1,1,1,1,0,0,1,0,1,0,1,0,1,0,1,1,0,1,1,0,1,0,1,0,0,0,0,1,1,1,0.356644
1,1,1,0,1,0,0,1,0,1,1,1,1,0,1,1,0,1,1,0,0,0,1,0,0,1,0,0,1,0,1,0,0.612052
1,1,0,0,0,1,1,0,1,1,1,0,1,1,0,1,0,1,1,0,1,1,0,1,1,1,1,1,0,0,1,1,0.451140
0,1,1,0,1,0,0,1,1,1,1,0,0,0,0,0,1,0,0,0,1,0,1,0,0,0,0,0,0,1,1,0,0.657209
1,1,1,0,1,0,1,1,0,0,1,1,0,1,0,1,1,0,1,0,0,0,0,1,0,0,1,1,0,1,0,0,0.643089
0,1,1,1,0,0,0,1,0,1,0,1,1,0,1,1,0,1,0,1,1,0,1,0,0,0,1,0,0,1,0,0,0.640692
0,1,0,0,1,1,0,0,0,1,0,0,0,1,0,1,1,1,0,1,1,0,0,1,0,0,1,1,0,1,1,0,0.731831
0,0,0,0,1,0,0,0,0,1,1,1,1,1,0,0,0,0,1,0,1,0,0,1,0,1,1,0,1,1,1,1,0.966699
0,0,0,1,1,0,0,1,0,0,1,1,0,1,1,0,0,1,0,1,1,1,1,0,0,1,1,0,0,0,1,1,0.969363
1,0,0,1,1,0,0,0,1,0,0,0,0,0,0,1,1,0,1,0,0,0,0,1,1,1,1,1,1,0,1,1,0.465153
0,1,1,0,0,0,0,0,1,0,0,0,1,1,1,1,0,0,1,0,0,1,1,0,1,0,0,0,1,1,1,1,0.660726
0,1,0,1,1,1,1,0,1,0,0,1,0,1,1,0,0,1,0,0,0,1,1,1,1,0,0,1,1,0,1,1,0.731591
0,1,0,1,1,1,0,0,1,1,1,0,1,1,1,0,0,1,0,0,1,0,0,1,1,1,0,0,1,0,0,0,0.706628
0,0,0,0,1,1,1,0,0,1,1,1,0,1,0,0,0,1,1,1,0,1,1,1,0,0,0,0,1,0,1,0,0.914056
0,1,1,0,1,0,1,1,1,1,1,0,0,0,1,0,0,0,1,1,0,1,0,1,1,1,0,0,0,0,0,1,0.608483
1,0,1,0,1,0,0,0,1,0,1,1,0,1,1,0,1,1,0,0,0,1,1,1,1,1,0,0,1,1,0,1,0.494885
0,1,1,1,0,0,0,0,0,1,1,1,1,1,0,0,0,1,0,0,0,1,1,1,1,1,1,0,0,1,1,1,0.621244
1,0,1,1,0,0,1,0,1,1,0,0,1,1,1,1,1,1,0,0,0,1,0,0,0,0,1,0,1,0,0,0,0.598013
1,1,0,1,1,0,1,1,1,0,1,0,1,1,0,1,1,1,1,0,0,0,0,0,1,0,0,1,1,1,1,0,0.580110
0,1,1,1,0,1,0,1,0,1,1,1,0,0,0,0,0,1,1,0,0,0,1,1,1,0,0,1,1,0,1,1,0.732843
1,0,0,1,1,1,0,1,0,0,0,0,1,0,0,0,0,1,0,1,0,0,1,0,1,0,0,1,0,0,1,0,0.807838
1,1,1,0,1,0,1,1,1,0,0,0,1,0,0,0,0,1,1,1,0,0,1,0,1,1,0,0,1,0,1,0,0.898924
0,1,1,0,0,1,0,1,0,1,0,0,0,1,0,0,1,1,1,1,0,1,0,0,0,1,1,1,0,0,1,0,0.685795
1,1,1,0,1,0,0,0,1,0,1,1,1,1,0,0,1,0,0,0,1,0,1,1,0,1,0,0,0,0,1,0,0.804694
1,0,1,0,1,1,1,0,1,1,1,0,1,1,0,0,1,1,0,1,1,0,0,1,0,1,1,1,0,0,1,1,0.529065
1,1,1,1,1,1,0,0,1,0,1,0,1,0,1,1,0,0,0,1,0,0,1,1,1,1,1,0,0,0,0,1,0.610134
0,0,1,0,0,1,1,1,1,1,0,0,1,0,0,1,1,1,1,1,0,0,0,0,0,1,0,0,0,0,1,1,0.615889
0,0,1,1,1,0,0,1,0,0,1,0,1,0,1,1,0,1,0,0,0,1,1,1,1,0,0,1,0,0,0,1,0.838342
1,1,1,0,1,1,1,0,0,1,0,0,0,1,0,1,0,1,0,1,1,0,1,1,0,0,0,1,1,0,1,0,0.652360
0,0,1,1,1,0,0,0,1,0,0,1,0,0,0,0,1,1,1,0,1,1,1,1,1,0,1,1,0,0,1,1,0.594443
1,1,0,0,1,0,0,1,1,1,0,0,1,0,1,0,1,0,1,1,0,0,0,1,0,1,1,1,1,0,0,1,0.568921
1,0,0,1,1,1,0,0,0,1,1,0,1,1,1,0,0,0,1,0,1,1,1,1,0,0,0,0,1,1,0,1,0.698716
0,0,1,1,1,1,1,1,1,0,1,1,1,1,1,0,1,1,0,1,1,1,0,1,1,0,0,1,0,1,0,0,0.611386
0,0,0,1,1,0,1,1,0,0,1,0,1,1,1,1,1,0,0,0,1,1,0,0,1,0,0,1,1,0,0,0,0.888187
1,1,0,0,0,1,0,1,0,1,1,1,0,0,0,0,1,0,0,0,0,1,1,1,0,1,1,1,1,1,0,1,0.527094
1,1,1,1,0,0,1,1,1,1,1,1,0,1,1,0,0,0,1,0,1,0,1,0,1,1,0,0,1,1,0,0,0.602542
1,1,1,1,1,1,0,1,1,0,0,0,0,0,1,1,1,0,0,1,1,0,0,1,1,0,0,0,0,1,1,1,0.247549
1,0,1,0,0,1,0,1,1,0,1,0,0,0,0,0,1,0,0,0,1,1,1,0,1,1,0,1,0,0,1,0,0.637335
0,0,0,0,1,1,0,0,0,1,0,0,1,1,0,0,1,0,0,0,0,0,1,0,1,1,0,1,0,0,0,0,0.865116
1,0,1,1,1,0,1,1,1,0,1,0,0,1,0,0,0,1,0,0,0,1,1,0,0,0,1,1,0,0,1,1,0.598625
1,0,1,0,1,1,0,1,1,0,0,0,0,1,0,0,1,0,0,0,0,1,1,0,1,1,0,1,0,1,0,0,0.616315
1,1,1,1,1,1,1,1,1,1,0,0,1,0,1,0,0,0,1,0,1,0,0,1,0,1,0,0,1,0,1,0,0.833973
1,0,1,1,0,0,0,0,1,1,0,0,1,0,0,1,0,1,0,1,1,1,1,1,0,0,1,0,1,1,1,1,0.396180
0,1,1,1,0,1,1,0,1,1,1,1,1,1,0,1,1,0,1,0,0,0,0,0,1,0,0,1,0,1,1,1,0.500213
0,1,1,0,0,0,0,0,0,1,0,0,0,0,0,1,0,1,1,0,0,0,0,0,1,0,1,0,0,1,0,1,0.855792
0,1,1,1,1,0,0,0,1,0,1,1,0,0,0,1,1,1,1,0,0,1,1,0,1,0,0,0,0,0,1,1,0.612745
0,0,1,0,0,0,0,0,1,1,0,1,1,1,1,1,1,0,0,1,1,0,0,1,0,0,0,1,1,0,1,0,0.692136
0,0,1,0,1,1,1,1,1,0,0,0,0,1,0,1,1,0,0,0,1,0,1,0,1,1,0,1,0,1,1,0,0.634564
1,0,1,1,0,1,1,0,0,0,1,0,1,1,0,0,0,1,1,0,1,1,1,0,0,0,1,1,1,0,0,1,0.596148
1,1,0,1,0,1,1,1,0,0,0,0,1,0,1,0,0,1,1,1,1,0,1,1,1,1,0,1,1,1,0,1,0.438432
1,1,0,0,1,1,1,0,0,0,0,0,1,1,0,1,0,1,1,1,0,0,1,0,1,1,0,1,1,1,0,1,0.659260
0,1,1,0,0,0,1,0,0,1,0,0,0,0,0,1,0,0,0,1,1,0,0,0,1,0,1,0,1,1,0,0,0.736466
0,1,1,0,1,1,1,1,1,1,1,0,0,1,0,0,1,0,0,1,0,1,1,1,0,1,1,0,1,0,1,0,0.576247
0,1,1,1,1,0,0,1,1,1,0,1,1,0,0,0,0,0,1,1,0,0,1,1,0,0,0,0,1,0,0,0,0.657369
0,0,0,0,1,0,0,1,1,1,1,1,0,1,1,0,1,1,0,0,1,1,0,0,1,0,0,1,1,0,0,1,0.713768
0,0,1,0,1,1,0,0,0,1,0,0,0,1,1,0,1,1,0,0,0,1,0,1,0,0,0,0,0,1,1,0,0.806959
