1,0,1,0,0,1,0,0,1,0,1,1,0,0,1,0,0,0,0,1,1,0,1,1,1,0,1,0,0,1,0,0,0.604305
1,0,1,0,1,0,1,0,0,1,0,0,0,1,1,0,0,0,0,0,0,0,1,1,1,1,1,1,0,1,1,0,0.643073
1,1,1,0,1,1,1,0,0,0,1,0,1,1,0,0,0,0,1,0,1,1,0,1,0,0,1,0,1,0,0,1,0.594800
1,1,1,1,0,0,0,0,1,1,1,0,1,1,0,1,1,0,0,1,1,1,1,0,0,0,1,1,1,1,0,0,0.554412
0,0,1,1,1,0,0,0,0,1,0,1,1,1,0,0,0,0,1,1,1,0,1,0,1,0,0,1,0,0,0,0,0.667455
1,1,1,1,1,0,1,0,0,1,0,1,0,0,0,1,1,1,1,1,0,0,0,0,1,0,0,1,0,0,1,1,0.594842
0,1,0,1,0,1,0,1,0,1,1,0,1,0,1,0,0,1,0,0,0,1,1,1,1,0,0,0,0,1,0,0,0.677110
1,0,0,0,0,1,0,1,1,1,1,1,0,0,1,0,1,1,1,1,0,0,1,1,1,0,1,0,1,1,1,0,0.604284
0,1,1,0,0,0,1,0,1,1,0,0,1,1,0,0,0,0,1,0,1,1,0,1,0,0,0,0,1,0,1,0,0.613171
1,0,0,0,0,0,0,0,1,1,1,1,1,0,0,0,0,1,1,0,1,0,1,1,1,1,0,1,0,0,0,0,0.661637
1,1,0,0,1,1,1,1,0,0,0,1,1,1,1,0,1,0,1,0,0,1,1,1,0,1,0,1,0,1,1,0,0.568116
1,1,0,0,0,1,0,1,1,1,0,1,0,1,1,0,1,1,0,0,0,1,0,1,1,1,0,0,0,1,1,0,0.620183
1,1,0,0,1,1,0,0,0,0,0,0,1,1,1,1,0,0,0,0,1,0,0,1,0,1,0,1,0,0,1,1,0.593159
1,1,1,1,0,0,0,0,0,1,0,1,1,1,0,1,1,1,0,0,1,0,1,0,0,0,1,1,0,0,1,1,0.554476
0,1,1,1,1,1,0,1,1,1,0,0,1,0,1,1,1,1,1,0,0,1,1,1,1,0,1,1,1,1,1,1,0.364962
0,0,0,1,1,1,1,0,0,0,1,1,0,0,0,1,0,0,1,1,0,0,0,0,0,1,0,0,0,0,0,1,0.728964
0,1,0,1,0,0,0,0,0,1,1,1,1,1,0,0,0,0,0,1,1,0,1,0,1,1,0,0,1,0,1,1,0.668414
0,1,1,1,0,1,0,0,0,0,1,1,0,0,0,1,1,0,1,1,0,0,0,1,0,1,1,1,0,0,0,1,0.665175
1,0,0,0,0,0,0,1,0,0,0,0,0,0,0,1,1,0,0,1,1,0,1,0,1,0,1,0,1,0,1,0,0.661296
0,1,1,1,1,0,0,1,1,0,1,1,0,1,0,1,1,0,0,0,0,1,0,1,1,0,1,0,1,1,0,1,0.535870
0,0,1,0,0,0,1,1,1,1,1,1,1,0,0,1,0,0,1,0,0,0,0,0,1,1,0,1,0,0,0,0,0.661083
1,0,0,0,0,1,1,0,1,1,0,1,0,1,1,1,1,1,0,1,1,1,1,1,0,0,1,0,0,1,0,1,0.582012
1,1,0,0,0,1,0,1,0,0,0,0,1,0,0,1,0,0,1,1,1,0,0,1,0,0,0,0,1,1,1,0,0.637404
0,0,0,0,0,1,0,1,0,0,1,0,1,0,0,1,0,0,0,1,0,0,0,0,0,0,0,1,0,1,0,0,0.769906
1,0,0,1,0,0,1,0,1,0,0,1,1,0,0,1,0,0,1,1,1,1,1,1,0,0,1,1,0,1,0,1,0.640367
0,0,0,0,0,0,0,1,0,0,1,0,1,1,1,0,0,1,0,1,0,0,0,0,0,1,1,0,1,1,0,1,0.768691
1,0,0,1,1,1,1,1,0,0,0,1,0,1,0,0,0,1,1,0,1,1,0,0,1,1,0,0,1,0,0,0,0.592668
0,1,0,1,0,0,0,0,1,0,1,0,0,1,1,1,0,1,1,0,1,1,0,1,0,1,0,1,0,0,1,1,0.666901
1,1,1,0,1,1,0,0,0,0,1,1,0,0,0,1,1,0,0,0,0,0,0,0,1,0,1,1,1,1,1,1,0.492562
0,1,0,1,0,0,0,0,0,0,0,1,0,1,0,0,0,1,0,1,0,0,1,1,0,0,0,0,1,1,1,1,0.740281
1,1,1,0,0,0,1,0,0,0,1,1,1,0,0,1,0,1,0,1,1,1,1,1,0,0,1,1,1,1,1,1,0.519309
1,0,0,0,0,0,1,0,0,1,1,0,0,0,1,0,0,0,1,0,1,1,0,0,0,0,0,0,0,0,0,1,0.684506
1,1,0,1,0,0,0,0,1,1,0,1,1,1,1,1,1,1,1,1,1,1,1,0,0,0,1,1,0,1,0,1,0.483056
1,0,1,0,0,0,1,0,1,0,1,0,1,1,0,0,0,0,1,1,0,0,1,0,1,0,0,0,0,0,0,1,0.636594
0,1,1,1,0,0,0,0,0,0,1,0,1,0,0,0,0,0,1,1,1,0,0,1,0,1,0,1,1,1,0,1,0.656373
1,0,0,0,1,0,1,1,1,0,0,0,1,0,1,0,1,1,1,1,1,0,1,1,0,1,0,0,0,1,0,1,0.569501
0,0,0,0,0,0,0,0,0,1,1,0,0,0,1,1,0,1,1,0,1,1,1,1,0,1,1,1,1,1,1,0,0.771462
0,0,0,0,0,0,0,1,0,0,0,1,0,0,0,0,0,1,0,0,0,0,1,1,1,0,0,1,0,1,0,1,0.779348
1,0,0,0,0,0,1,1,1,0,0,0,1,0,0,0,1,0,1,1,1,0,1,1,1,0,0,0,1,1,1,0,0.624659
0,1,1,0,1,1,0,0,1,0,1,1,1,0,1,0,1,1,1,1,0,0,0,0,1,0,0,1,1,0,0,1,0.568926
1,0,0,1,1,1,1,1,0,0,1,0,0,0,1,0,0,1,0,0,1,1,1,0,0,1,1,1,0,1,0,0,0.609463
0,0,0,1,0,0,0,1,1,1,0,0,1,0,1,1,0,1,1,0,0,0,1,1,1,1,0,0,0,1,0,1,0.668990
0,1,1,1,0,1,0,1,1,1,0,0,0,1,1,0,0,1,0,1,1,1,0,1,0,0,0,1,0,0,0,1,0.615857
1,0,0,1,1,1,1,1,1,0,1,1,0,0,1,1,0,0,1,1,1,1,1,0,0,1,1,0,1,1,0,0,0.561509
1,0,0,1,1,1,0,1,0,1,1,1,0,0,0,1,1,1,1,1,1,1,1,0,0,1,0,1,1,0,1,0,0.550490
0,1,0,0,1,1,1,1,1,1,0,0,1,1,0,1,0,0,0,1,1,0,1,1,0,1,0,1,1,1,1,0,0.569182
1,1,1,0,0,1,1,0,1,1,1,0,1,1,0,0,0,0,1,0,1,0,1,1,0,1,1,1,0,0,1,0,0.571526
0,1,0,1,1,1,0,0,0,0,0,0,0,0,0,1,1,1,0,1,1,0,0,1,0,1,0,0,1,0,0,1,0.647123
0,1,1,0,1,0,0,0,1,1,1,1,0,1,1,0,1,1,0,0,0,1,1,0,0,1,1,0,0,1,0,0,0.655179
1,1,0,1,0,0,1,0,0,1,1,1,0,1,1,1,0,0,0,0,0,1,0,1,0,0,0,1,0,1,0,1,0.655350
0,0,1,1,0,1,0,1,1,1,1,1,1,0,1,1,1,0,0,1,0,1,0,0,1,1,1,0,0,0,0,0,0.608674
1,1,1,0,0,0,0,1,1,1,1,1,1,1,0,1,0,0,0,0,1,1,1,1,1,1,1,1,1,1,0,0,0.567327
0,1,1,0,0,0,0,0,0,0,1,1,0,0,0,1,1,0,0,0,0,0,0,1,0,0,0,0,0,1,1,0,0.726236
1,1,0,1,1,0,0,1,0,0,1,1,1,0,0,1,0,1,0,1,0,1,1,1,0,0,1,1,1,0,1,1,0.536701
0,0,1,1,1,0,0,1,0,1,1,0,1,0,1,0,0,1,1,0,0,0,0,1,1,0,1,0,0,1,1,1,0.599702
1,1,1,0,0,1,0,0,0,0,0,0,1,1,0,0,1,1,1,0,1,0,1,0,1,0,1,0,1,0,1,0,0.689940
0,0,0,1,0,0,1,0,1,0,1,0,0,1,0,1,1,0,0,1,0,0,1,0,1,1,0,1,1,0,0,0,0.658504
1,0,0,1,0,0,1,0,1,1,0,1,1,1,0,0,1,0,1,0,1,0,0,1,0,0,0,0,0,1,0,0,0.618606
1,0,1,0,1,0,0,0,0,1,0,1,1,1,0,0,0,0,0,0,0,1,0,1,1,0,0,1,0,1,0,1,0.638662
0,0,1,1,1,1,0,1,1,1,1,0,0,1,1,0,0,1,0,1,1,0,1,0,1,0,0,1,0,1,0,1,0.571377
1,0,0,0,0,1,0,0,1,0,1,1,1,0,0,1,1,0,0,0,1,1,1,1,1,1,0,1,0,1,0,0,0.713448
1,0,1,1,1,1,1,0,1,1,0,0,0,1,0,0,0,0,1,0,0,0,1,1,1,1,1,1,1,0,0,0,0.595546
1,1,1,0,0,0,0,1,0,0,0,1,1,0,0,1,1,1,1,1,0,1,1,0,0,1,1,0,0,1,1,0,0.574126
0,1,0,1,0,1,0,1,1,0,0,1,1,0,0,0,0,0,1,0,1,0,0,1,0,1,1,1,0,1,1,1,0.636957
0,1,0,1,0,0,0,0,0,1,1,0,0,1,1,0,0,0,0,1,0,1,1,1,0,1,0,1,1,0,1,1,0.731863
0,1,0,0,0,1,1,1,1,1,1,0,1,0,1,1,1,0,1,1,1,1,0,1,1,1,0,1,1,0,0,1,0.523743
0,1,0,1,0,1,0,1,1,0,0,0,0,0,0,0,0,1,0,0,0,0,1,0,1,1,1,0,0,1,0,0,0.709250
0,1,0,1,1,1,1,1,1,1,1,0,0,1,1,0,0,0,1,1,0,0,1,0,0,0,1,1,1,0,0,0,0.604987
0,0,1,1,1,1,1,0,1,1,1,1,0,1,1,0,1,1,1,1,0,1,1,0,1,0,0,0,0,1,0,1,0.551854
0,1,1,1,0,0,0,1,0,1,0,1,0,0,1,1,1,1,0,1,0,0,0,1,0,1,1,1,0,0,1,0,0.601343
0,0,1,1,0,1,1,1,1,1,0,0,0,0,0,1,1,0,0,1,0,1,0,1,0,0,0,1,1,1,0,1,0.640090
0,1,0,1,1,0,0,1,1,0,1,1,0,1,1,1,0,1,0,0,1,0,0,1,1,1,0,0,1,0,1,1,0.568990
0,0,1,0,0,1,0,0,1,1,0,1,1,0,1,0,0,0,0,0,0,0,1,0,1,0,1,0,0,0,0,0,0.746675
1,0,0,0,1,1,0,0,0,0,1,1,1,1,1,1,0,1,0,0,1,1,1,0,0,0,0,0,0,0,1,0,0.623679
0,1,0,0,1,0,0,0,0,0,1,1,1,1,1,1,1,0,0,1,0,0,1,1,1,1,0,1,0,0,1,0,0.613214
1,0,1,0,0,0,0,0,1,1,1,0,0,0,1,1,1,0,1,0,1,0,0,0,1,0,0,1,0,1,0,1,0.620759
0,1,1,1,0,1,1,0,0,1,1,0,0,1,1,0,1,0,0,1,1,0,1,1,1,0,1,0,0,0,1,1,0.567839
0,0,0,1,0,1,0,0,1,1,1,0,1,1,0,0,0,0,1,0,1,1,1,1,1,1,0,0,1,1,0,0,0.682737
0,1,0,0,1,1,1,0,1,0,0,1,0,1,1,1,0,1,1,0,1,1,1,0,0,1,0,0,0,0,1,1,0.553389
1,1,0,0,1,1,1,1,0,1,0,1,1,0,0,1,0,0,1,0,1,0,1,1,0,1,0,1,0,1,0,1,0.566603
1,1,0,1,0,0,0,0,0,0,1,0,0,0,0,0,0,0,0,1,0,1,0,0,1,0,0,0,0,0,1,0,0.665431
0,1,0,1,1,0,0,0,0,0,0,0,0,1,1,1,1,1,0,0,0,1,1,0,1,0,1,1,0,1,1,0,0.628410
1,0,1,1,1,1,1,1,0,1,0,0,0,0,0,1,1,1,1,1,1,1,0,0,1,1,1,0,1,1,0,0,0.694714
1,1,0,0,1,1,1,0,1,0,1,0,1,0,0,1,1,1,0,0,1,0,0,0,1,1,1,0,0,0,0,0,0.781650
0,0,1,0,1,0,1,0,0,0,1,1,0,1,0,1,0,1,1,0,1,1,0,1,0,1,0,0,1,1,0,1,0.640899
1,0,0,0,0,1,0,1,1,1,1,0,1,0,1,1,0,0,0,0,0,1,1,0,1,1,1,0,0,1,1,0,0.737873
1,0,0,1,0,0,1,1,0,1,1,1,1,1,1,1,0,0,0,1,1,1,0,0,1,1,1,1,0,0,0,0,0.602302
0,0,0,1,1,1,0,1,0,0,0,0,0,1,1,1,1,0,0,1,1,0,0,1,1,1,0,0,0,0,1,0,0.628751
0,1,1,0,0,1,0,0,0,1,0,1,0,0,0,0,1,0,1,0,0,1,1,1,0,1,0,1,1,1,1,1,0.650000
1,0,0,0,1,0,0,0,0,0,0,1,1,1,0,0,0,0,0,1,0,0,1,1,0,0,1,1,0,0,1,0,0.670695
0,1,1,1,0,0,0,1,1,0,1,0,0,0,1,1,1,1,1,1,1,0,0,1,1,0,1,0,0,1,0,1,0.605264
1,0,1,1,1,1,0,1,0,1,1,1,0,0,1,1,0,0,0,0,1,0,1,0,0,0,0,1,1,1,1,0,0.596505
0,1,0,1,0,0,1,1,1,0,1,0,1,0,1,1,0,0,0,0,1,1,0,1,1,1,1,1,0,1,0,0,0.667945
1,1,1,1,1,0,0,0,1,0,0,1,1,0,1,0,1,0,0,0,0,0,0,1,1,1,0,0,1,0,1,0,0.694416
0,1,1,1,0,1,0,1,0,0,0,0,1,1,1,0,1,1,0,1,1,0,1,1,1,0,0,1,0,1,0,1,0.565814
1,1,0,1,0,1,0,0,0,0,0,0,0,0,1,1,0,1,1,1,0,1,1,1,0,1,0,1,0,0,1,1,0.658269
0,0,1,0,1,1,0,0,0,0,0,1,0,0,1,1,1,1,0,0,1,0,1,0,1,0,0,0,0,1,1,1,0.695972
0,0,0,1,1,1,0,0,1,1,0,1,1,0,0,0,0,1,0,1,0,0,0,1,1,1,0,0,1,1,0,1,0.654454
0,0,1,1,1,0,1,1,0,0,0,1,0,1,1,0,1,1,0,0,0,1,0,1,1,1,0,0,1,1,0,0,0.590772
0,1,0,0,0,1,0,1,1,0,1,1,1,1,0,1,1,1,1,0,0,0,1,0,0,0,1,1,1,0,1,1,0.584101
0,1,1,0,1,0,0,1,1,1,1,0,1,0,0,1,0,0,1,0,1,0,1,1,1,1,0,0,1,1,0,0,0.605563
0,1,1,0,1,0,1,0,0,1,0,1,0,0,0,0,0,0,1,1,0,1,0,0,0,0,0,1,0,0,0,0,0.736893
0,1,1,0,1,1,0,1,0,1,1,0,1,1,0,0,0,1,1,1,0,0,0,1,1,0,0,0,1,1,1,1,0.547634
0,1,1,1,1,1,1,1,0,0,0,0,1,0,1,0,1,0,0,1,0,0,1,0,0,0,1,1,0,0,0,0,0.610720
0,0,0,0,0,0,1,0,1,0,0,1,1,1,1,0,0,1,0,0,0,1,0,1,1,0,1,1,0,1,0,0,0.797869
0,1,0,0,0,1,0,1,1,0,0,0,1,0,1,0,1,0,1,0,1,1,1,0,0,0,1,0,1,0,0,1,0.623551
1,0,0,0,1,0,1,1,1,0,1,0,0,1,0,1,1,0,1,1,1,0,0,1,0,1,1,0,1,0,0,0,0.588598
1,1,0,0,1,0,0,1,0,1,0,0,1,0,1,1,0,0,0,0,1,1,1,1,1,0,1,1,0,1,1,0,0.586232
0,1,1,0,0,0,1,0,0,1,1,0,1,0,0,1,0,1,0,1,0,1,1,1,0,0,0,1,1,0,0,0,0.611594
1,0,1,1,0,0,1,0,0,0,1,1,0,1,1,0,0,0,0,0,1,0,1,0,0,0,0,0,1,1,1,1,0.613683
1,1,0,1,0,1,1,1,0,0,1,0,1,0,1,0,1,1,1,1,1,1,0,1,0,1,1,1,0,1,0,0,0.638086
1,0,1,1,0,1,1,0,1,0,1,1,0,0,1,1,0,1,1,0,1,1,0,0,1,1,0,1,0,0,0,1,0.552451
0,0,0,0,1,1,1,1,0,1,0,0,0,0,0,0,0,1,1,1,1,1,0,0,1,0,0,1,0,1,1,0,0.629668
1,0,1,0,0,0,0,0,1,0,1,1,0,1,0,0,1,0,1,0,0,0,1,0,0,1,0,0,1,1,1,1,0.619288
0,1,0,0,0,1,0,1,1,0,0,1,0,1,1,1,1,0,1,1,1,1,0,0,1,1,0,1,1,1,1,0,0.606074
0,1,0,0,0,1,0,0,0,0,1,1,0,1,1,0,1,0,1,0,1,1,1,1,1,1,0,1,0,0,0,0,0.731032
1,1,0,1,1,0,0,1,1,0,1,1,1,1,1,0,1,0,0,0,1,1,1,1,1,0,0,0,0,0,0,1,0.585315
1,1,0,1,0,1,0,1,0,0,1,0,0,1,1,0,1,0,0,1,0,0,0,1,0,0,1,1,1,0,1,0,0.624893
1,0,1,0,1,1,1,0,1,0,0,0,0,1,0,1,1,1,0,0,0,0,1,1,0,1,1,1,1,0,1,0,0.582055
0,1,1,1,1,1,1,0,0,0,1,1,1,0,0,0,0,1,1,0,1,0,0,0,1,1,0,1,0,0,1,0,0.640772
0,1,0,1,1,1,0,1,0,0,0,0,0,0,0,1,0,0,1,1,1,1,0,0,0,1,1,0,1,0,1,0,0.623870
1,1,0,0,1,1,1,0,1,0,1,1,1,1,0,1,1,0,0,0,0,1,0,1,1,0,1,0,0,0,1,1,0.586040
0,0,1,0,0,0,0,1,1,0,0,1,0,0,0,0,1,0,1,0,1,1,1,1,0,1,0,1,1,0,1,1,0.641091
1,1,1,0,0,0,1,1,1,0,1,0,0,1,1,0,0,1,1,1,1,0,1,0,0,1,0,1,1,0,1,1,0.558078
0,0,1,0,0,0,0,0,1,1,1,1,0,1,1,1,0,0,0,0,0,1,1,0,0,1,1,1,0,0,0,1,0.699979
0,0,0,0,0,1,1,0,0,0,0,0,0,1,0,0,1,0,1,0,1,0,0,1,0,1,0,0,0,0,1,1,0.802153
1,0,0,1,1,0,1,0,1,1,1,0,1,1,1,1,1,1,1,1,1,0,1,1,1,0,0,0,0,0,1,0,0.612276
1,1,1,1,1,0,0,1,1,1,1,1,1,1,1,0,1,0,1,1,1,1,0,0,1,1,1,0,0,0,1,1,0.551364
