0,1,1,0,1,1,0,1,0,1,1,0,0,0,0,1,1,0,1,1,0,0,1,0,1,1,0,1,0,0,1,1,0.636243
1,1,1,1,1,1,0,1,1,0,0,1,0,1,0,0,1,1,0,0,1,0,0,0,0,1,1,0,1,1,1,1,0.613944
0,0,0,0,0,0,1,0,0,1,0,1,0,1,1,1,1,1,1,1,0,0,0,0,0,0,0,0,1,0,1,1,0.630195
0,1,1,1,0,1,1,1,0,0,0,1,1,0,1,0,1,0,1,0,0,1,0,0,0,0,0,0,1,1,1,0,0.575021
1,1,1,0,0,0,1,1,1,1,0,0,1,1,0,1,0,1,1,0,1,0,1,1,0,1,1,1,1,1,1,0,0.619086
1,0,0,1,0,0,0,1,1,1,0,1,1,1,0,1,0,0,1,0,1,1,0,1,1,0,0,1,1,1,1,1,0.592338
0,0,1,1,1,1,0,1,1,1,1,1,1,1,1,1,1,0,1,1,0,1,1,1,0,1,0,1,1,1,0,1,0.602542
0,0,0,1,0,0,0,0,0,1,1,0,1,1,0,0,1,1,1,1,0,0,1,1,1,1,0,0,1,1,0,0,0.618899
0,1,1,1,1,0,0,1,1,0,0,1,1,0,1,0,1,0,1,1,1,1,0,1,1,0,0,0,0,0,1,0,0.585438
0,1,1,0,1,0,1,1,0,1,0,0,1,0,0,1,1,0,1,1,1,0,0,0,0,0,1,1,0,1,1,1,0.627078
1,1,0,0,0,0,1,1,1,1,0,1,0,0,0,1,0,0,1,0,0,1,1,0,1,1,1,1,0,1,0,1,0.590660
1,0,0,1,0,1,1,1,0,1,0,1,1,0,0,0,0,0,0,0,1,0,0,0,0,0,1,1,1,0,0,1,0.582507
0,0,1,0,1,0,1,0,1,0,0,0,1,1,1,1,0,0,1,1,1,0,0,1,0,1,0,0,0,1,0,1,0.559756
0,1,1,1,1,0,1,0,1,0,1,0,0,1,0,1,0,1,1,1,1,0,1,1,1,0,0,1,1,0,1,1,0.655078
1,1,0,1,1,0,0,1,1,1,1,0,1,0,0,1,1,0,0,0,1,0,0,1,0,1,0,0,1,0,1,0,0.651614
1,1,1,0,0,1,0,0,0,1,0,1,1,1,1,0,0,0,1,1,0,1,0,0,1,0,1,0,0,0,0,1,0.584292
0,1,1,0,0,0,1,1,1,1,0,1,1,0,1,0,0,0,0,1,0,0,1,1,0,0,1,1,0,0,0,1,0.651614
1,1,0,1,0,1,0,1,1,0,0,1,0,1,1,0,0,1,1,0,0,0,1,1,1,0,1,1,1,0,1,0,0.592525
1,1,0,0,0,1,0,1,0,1,0,0,1,1,1,0,0,0,0,1,1,1,0,0,1,0,0,1,0,0,1,1,0.560715
1,1,1,0,1,0,0,0,0,0,0,0,1,1,0,0,1,0,1,0,0,1,1,1,0,0,0,1,1,0,1,1,0.615729
0,0,1,1,1,1,1,1,1,0,0,1,0,0,1,0,1,1,0,1,0,0,1,1,1,0,0,1,0,1,0,1,0.701433
0,0,1,0,1,0,0,1,1,1,0,0,1,1,1,0,0,0,1,1,0,1,0,0,0,0,1,0,1,1,0,1,0.583946
1,0,0,1,1,1,1,0,0,0,1,0,1,1,0,0,0,1,1,0,1,0,1,1,0,1,0,0,0,1,1,0,0.582987
1,0,1,1,1,1,1,0,0,0,1,0,1,1,1,0,1,0,0,0,1,0,0,1,1,0,1,0,1,0,0,1,0.585518
0,1,1,0,0,1,1,0,0,0,1,1,0,0,1,1,1,0,0,0,1,1,1,1,0,0,0,0,0,1,1,1,0.646046
1,1,1,1,0,0,1,0,0,0,1,0,0,1,0,0,1,1,0,1,1,0,0,1,1,0,1,0,1,0,0,0,0.633871
1,1,0,0,1,1,0,1,1,1,0,0,0,0,0,0,0,0,0,1,0,0,1,0,1,0,0,0,1,1,0,1,0.603714
0,1,1,0,0,1,1,0,0,0,0,1,1,1,0,0,1,0,0,1,1,0,1,0,1,1,1,1,1,0,0,1,0.610534
0,1,0,0,0,1,0,1,1,1,1,1,1,0,0,1,0,0,1,1,0,1,1,1,1,0,0,0,0,0,0,1,0.600330
1,1,1,0,0,1,1,0,1,1,0,1,0,1,0,1,0,1,0,0,0,1,1,0,1,0,1,0,0,0,0,0,0.602142
1,0,0,1,0,1,1,1,1,1,0,1,1,0,1,0,0,0,0,0,0,0,1,1,1,1,0,1,0,1,1,0,0.588741
0,1,1,1,1,0,1,1,0,0,1,1,0,1,0,0,0,1,0,1,0,1,0,1,0,1,0,0,0,0,1,0,0.678069
0,0,0,0,0,0,0,0,1,0,0,0,0,1,1,1,0,1,0,0,1,0,1,0,0,1,1,1,0,0,0,0,0.599638
0,1,0,1,0,0,0,0,0,1,0,0,0,0,1,0,1,0,1,0,0,0,0,1,1,0,1,0,0,0,1,1,0.595908
0,0,1,0,1,0,0,1,0,0,1,0,1,1,0,1,0,1,1,0,1,0,1,1,0,1,0,0,1,1,0,1,0.630408
1,1,1,1,0,0,1,1,1,0,1,0,0,0,1,0,0,0,1,0,1,1,0,0,1,1,0,0,1,1,0,1,0.588102
1,1,1,1,1,0,0,1,0,0,0,1,0,0,1,1,0,0,1,1,1,0,1,0,1,0,1,1,0,1,1,0,0.677057
1,0,1,0,0,0,1,0,0,0,0,0,1,0,1,1,1,0,1,1,1,1,0,0,0,0,0,1,1,1,0,0,0.599824
1,1,0,1,0,1,0,1,1,0,0,1,0,1,0,1,0,0,1,0,1,0,0,0,1,0,1,0,0,0,0,0,0.595002
0,0,0,1,0,1,1,0,1,0,1,1,1,0,0,0,1,1,1,0,0,1,1,1,1,0,0,1,0,1,0,0,0.607390
1,0,0,1,0,0,0,0,1,1,0,0,1,0,1,1,0,0,1,1,0,1,0,1,0,1,1,0,0,0,1,0,0.627744
0,0,1,1,0,0,1,0,0,0,1,0,1,1,0,0,0,0,0,1,1,1,1,1,0,1,1,1,1,1,1,0,0.586823
1,0,1,0,0,1,0,1,0,1,0,0,0,1,0,0,0,0,1,1,0,1,0,1,1,0,0,1,1,1,1,1,0.600330
1,0,0,0,1,1,0,0,1,0,1,1,0,0,1,1,0,0,1,1,1,1,0,0,0,0,1,1,1,1,0,1,0.630035
1,1,1,1,0,1,1,0,1,1,0,1,0,0,1,0,0,0,1,1,1,1,1,1,0,1,1,0,1,0,1,1,0.643436
1,1,1,1,1,1,0,0,1,0,1,1,0,1,1,0,0,1,0,1,1,1,0,0,1,0,1,1,1,0,0,1,0.597853
0,0,1,1,0,1,1,1,1,1,0,0,1,0,1,1,0,0,0,1,1,0,0,1,0,0,0,0,0,1,0,1,0.637468
1,0,1,0,1,0,0,0,0,0,0,1,0,1,0,1,0,1,0,1,0,1,0,1,1,1,0,1,0,0,0,0,0.621430
1,0,1,1,1,1,0,0,1,1,1,0,1,1,0,1,0,1,0,0,1,1,0,1,1,1,0,0,0,1,1,0,0.678149
1,1,1,0,1,0,0,0,1,0,1,0,1,1,0,0,1,1,0,1,1,0,0,0,1,0,1,0,1,1,1,0,0.663896
1,0,1,1,0,1,1,0,0,0,0,1,0,0,0,0,1,1,0,0,0,1,1,1,0,0,0,1,0,1,1,0,0.652307
0,1,1,0,1,0,0,0,1,0,1,0,0,0,1,0,1,1,1,1,1,0,1,1,0,1,1,0,1,1,0,1,0.622576
1,0,0,1,1,0,0,1,1,1,0,1,0,1,0,0,0,0,1,1,0,0,0,1,1,0,1,1,1,0,0,1,0.623561
1,1,1,0,1,1,1,1,0,1,1,0,1,0,1,0,0,0,0,1,0,1,0,0,1,0,0,1,0,0,0,1,0.601236
1,1,0,0,0,1,1,0,0,0,0,0,1,0,0,0,1,0,1,0,0,0,0,1,1,1,0,1,0,0,1,1,0.649004
1,1,1,1,0,1,0,0,0,1,0,0,1,0,0,1,0,0,1,1,0,1,0,1,1,1,1,1,0,1,1,1,0.612266
0,0,1,0,1,0,0,0,0,1,0,1,0,1,1,0,1,1,0,1,1,1,1,1,1,1,1,0,0,1,1,0,0.609388
1,0,1,1,0,1,1,1,0,1,1,1,0,0,0,0,1,1,1,1,1,0,0,0,1,1,1,1,1,1,1,1,0.602222
0,1,0,0,1,0,0,1,1,0,0,0,1,0,1,1,0,0,1,1,1,0,0,1,1,1,1,1,1,0,1,0,0.629209
1,0,0,0,0,0,0,1,0,1,1,0,0,1,0,0,0,0,1,1,0,0,0,0,1,0,1,0,1,0,1,0,0.599771
1,1,0,0,0,0,0,0,1,0,0,1,0,0,1,1,0,0,1,1,0,0,0,0,0,0,1,1,1,0,0,0,0.595295
0,0,0,0,1,1,1,0,1,1,1,0,1,1,1,0,1,1,1,1,0,0,1,0,1,1,0,1,0,1,0,0,0.594709
0,0,0,1,1,0,0,0,0,0,1,1,1,1,1,1,0,1,0,0,1,0,1,0,1,1,0,0,1,0,1,0,0.657129
0,0,1,1,0,0,1,0,0,0,0,0,1,0,0,0,1,0,1,0,1,1,0,1,0,0,1,1,0,1,0,0,0.582454
0,1,1,0,0,0,0,1,1,0,0,1,1,1,0,1,0,1,1,0,0,0,0,0,1,1,0,1,1,1,0,0,0.672874
1,0,0,1,1,0,0,0,0,1,1,0,1,0,1,1,1,1,0,1,1,1,0,0,1,1,1,1,0,0,0,1,0.616129
1,0,1,0,0,0,0,0,0,1,0,1,0,0,0,1,1,1,0,0,1,0,0,1,1,0,0,1,0,0,0,1,0.615835
0,0,1,1,1,1,0,0,1,0,0,1,0,1,1,0,0,0,1,0,0,1,1,0,0,0,0,1,1,0,1,1,0.596894
0,0,1,0,0,0,0,0,1,1,0,1,1,1,1,1,1,1,0,0,0,1,0,0,1,1,1,0,0,1,1,0,0.655184
0,0,0,1,1,0,1,1,0,0,0,1,1,0,0,1,1,1,0,0,1,1,0,1,0,0,0,1,0,1,1,0,0.593004
1,1,1,1,0,0,1,1,1,1,0,1,1,0,1,1,1,1,1,0,1,0,0,0,1,0,0,0,0,0,0,1,0.595935
0,1,0,0,0,1,1,0,0,0,1,0,0,0,0,0,0,0,1,1,1,1,1,0,1,0,0,0,0,1,1,0,0.646766
1,0,0,1,0,1,0,0,0,1,1,0,1,0,1,0,1,1,1,1,0,0,0,1,1,1,1,0,0,1,1,0,0.619086
1,1,0,1,1,0,0,0,0,1,0,1,1,1,1,1,0,0,0,0,1,1,0,0,0,1,1,1,1,0,1,1,0.647192
1,0,0,0,1,1,0,0,1,1,0,0,1,0,0,1,0,1,1,1,1,0,1,0,0,0,1,0,1,1,1,1,0.595189
1,1,0,1,1,0,1,1,0,1,0,0,1,0,1,1,0,1,1,0,1,0,0,1,0,1,0,0,0,1,0,1,0.608030
1,0,0,1,1,1,1,0,1,1,1,0,0,0,1,1,0,0,1,0,0,0,1,0,0,1,0,1,1,1,0,0,0.581255
1,1,0,0,1,1,0,1,0,0,1,1,1,1,0,0,1,1,1,0,1,1,1,1,1,0,1,1,0,1,1,1,0.594736
0,1,0,0,0,0,1,0,1,1,1,0,0,1,1,0,1,0,1,1,1,1,1,1,0,0,1,0,1,1,1,0,0.630382
1,1,0,0,0,1,1,1,0,0,1,0,0,1,0,0,1,1,1,1,1,1,0,1,0,0,0,0,0,1,0,0,0.642157
0,1,0,1,1,1,1,1,0,0,1,1,1,1,0,0,1,0,0,1,0,0,0,0,1,0,0,1,0,0,0,1,0.618739
0,0,0,0,1,1,1,1,0,0,0,1,1,1,0,1,0,1,0,1,0,0,1,1,0,0,0,1,0,0,0,1,0.611333
1,0,1,1,0,1,1,0,0,1,1,0,1,1,1,0,0,1,1,1,0,0,0,1,1,1,1,1,1,0,1,0,0.607071
0,0,0,0,0,1,1,1,1,0,0,1,1,0,1,1,0,0,0,1,0,1,1,1,1,0,1,0,1,1,1,0,0.586530
1,1,0,1,0,1,1,1,1,0,1,0,1,0,1,0,1,0,0,1,0,0,1,0,0,0,0,1,1,1,1,0,0.623695
1,0,1,1,1,1,0,0,0,0,1,0,1,0,1,1,1,1,0,1,1,0,0,1,0,0,1,0,0,1,1,0,0.578724
0,0,0,0,0,0,1,1,0,0,1,1,1,1,0,1,0,0,0,0,1,1,1,1,1,1,1,0,0,0,0,1,0.586823
0,1,0,0,1,0,1,0,1,1,1,0,0,0,0,1,1,0,1,1,1,1,0,0,1,0,1,0,1,1,0,1,0.627451
0,0,1,0,0,1,0,1,0,1,0,1,1,1,1,0,1,0,1,0,0,1,0,1,1,1,1,1,0,1,0,1,0.650575
1,0,1,1,1,1,1,0,1,0,0,1,1,0,0,0,0,1,1,1,0,1,0,0,1,1,0,0,1,1,1,0,0.617461
0,1,0,1,0,0,0,1,1,0,1,1,1,0,0,0,0,0,0,1,0,1,0,0,0,1,1,1,1,0,0,1,0.636109
1,1,0,1,0,0,1,1,1,0,1,1,0,1,0,1,0,0,0,0,0,0,1,1,1,1,0,1,0,0,1,1,0.651641
1,1,0,0,0,0,1,0,0,1,1,0,0,0,0,0,1,0,1,0,0,0,0,1,1,0,0,0,1,0,1,0,0.631421
0,1,1,0,1,0,0,1,0,1,1,0,1,1,1,0,0,0,1,0,0,0,0,1,0,0,1,0,1,1,1,1,0.592684
0,1,1,0,1,0,0,1,1,0,0,0,1,0,1,1,1,0,0,1,1,1,1,0,0,1,0,1,0,1,1,0,0.604433
0,0,0,1,1,1,0,1,0,1,0,0,0,1,1,1,0,0,1,0,0,0,0,1,1,1,1,0,0,0,0,1,0.615569
0,1,1,1,1,1,1,0,0,1,1,0,1,1,0,1,0,0,1,1,1,1,1,1,1,1,1,1,0,0,0,0,0.600304
1,0,1,1,0,0,1,0,0,1,1,0,0,1,1,1,0,0,1,0,1,0,1,0,0,0,1,1,1,0,0,0,0.643143
1,0,1,0,0,1,1,1,1,1,0,0,1,1,1,0,0,0,1,0,1,1,0,0,0,1,1,1,1,0,1,1,0.594283
0,0,0,1,1,1,0,0,1,0,1,1,1,1,0,0,0,1,0,0,0,0,0,0,1,0,0,0,1,1,0,0,0.629183
1,1,1,1,0,1,1,0,1,0,1,1,0,0,0,0,1,0,1,0,0,0,1,0,0,1,1,1,0,0,1,0,0.571292
1,0,0,1,1,0,1,0,1,1,1,1,1,1,1,1,1,1,1,0,0,0,1,0,1,1,0,0,0,0,0,1,0.608110
1,0,0,1,1,0,0,0,0,1,1,0,0,1,1,1,1,1,1,0,1,1,0,1,1,0,0,0,0,1,0,0,0.604300
0,0,1,0,0,0,0,0,0,1,0,0,0,0,1,0,0,0,0,0,1,1,1,0,1,1,0,1,0,0,1,0,0.634218
1,1,0,0,1,0,0,0,1,0,1,0,0,0,1,0,1,1,1,1,1,0,1,1,0,1,0,0,0,0,0,0,0.631154
1,1,0,1,1,1,0,1,1,1,1,0,1,0,0,0,1,0,1,1,0,0,1,0,0,1,1,0,0,1,0,1,0.630302
1,0,1,1,1,1,0,0,0,1,1,0,1,1,0,0,0,1,0,1,1,0,0,1,0,1,1,0,1,1,0,0,0.613464
0,1,0,0,1,0,1,1,1,0,1,0,1,0,0,1,0,1,1,1,1,0,1,0,1,1,0,1,1,1,0,1,0.593377
0,1,1,0,0,0,0,0,1,0,0,1,0,1,1,1,1,1,1,0,1,0,0,1,0,0,0,1,1,0,1,1,0.598279
1,0,0,1,1,1,0,1,1,0,1,1,1,1,0,1,0,0,1,1,0,0,1,0,1,0,0,0,0,0,1,1,0.607204
1,1,0,1,0,1,1,0,0,1,1,1,0,1,1,0,1,1,1,0,0,0,1,0,0,1,1,0,0,0,0,0,0.581335
0,1,0,1,1,1,1,0,1,1,0,0,1,0,0,0,1,0,0,1,1,0,1,0,0,1,1,0,0,1,1,1,0.593963
1,0,0,0,1,0,1,1,1,0,0,0,1,0,1,0,0,1,0,1,1,0,0,1,1,0,1,1,1,0,1,0,0.616555
1,0,0,1,0,1,1,1,0,1,1,0,0,1,0,0,0,0,0,1,0,1,0,0,1,1,0,0,0,0,1,0,0.604833
1,1,0,1,1,1,0,0,0,1,0,1,0,1,1,0,1,0,0,1,0,1,0,0,0,1,0,0,1,0,1,0,0.620658
0,1,1,0,0,0,1,1,0,1,0,1,1,1,0,1,1,1,0,0,1,1,0,1,1,1,0,0,1,1,0,0,0.610880
1,1,0,1,0,0,1,1,0,1,0,1,1,1,0,1,0,1,0,0,0,1,1,0,0,0,0,1,0,0,0,1,0.602888
0,1,0,1,0,1,1,0,1,0,0,0,0,1,1,1,1,0,0,1,1,1,0,0,1,0,0,0,0,0,1,1,0.643835
1,1,1,1,1,0,0,0,1,0,0,1,0,1,1,1,1,0,0,1,1,1,1,0,0,0,1,0,1,1,0,1,0.606964
1,0,1,1,1,1,1,0,1,1,1,1,1,0,0,0,1,1,1,0,0,1,0,1,1,1,1,0,1,1,0,1,0.611120
1,0,1,1,1,1,0,0,0,1,1,1,0,0,0,1,1,0,0,1,1,1,0,0,1,0,1,1,0,1,0,0,0.667173
0,1,0,1,0,0,0,0,0,1,0,0,1,1,0,0,0,0,1,0,0,0,1,0,0,0,0,0,0,1,1,0,0.586131
1,1,0,0,1,0,0,0,0,0,1,0,1,1,1,1,0,1,0,0,0,0,0,0,0,0,0,1,0,1,0,0,0.588422
0,0,1,0,0,0,0,1,0,0,1,0,1,1,1,0,0,1,1,0,1,1,0,0,1,0,0,0,0,1,0,0,0.622149
1,1,0,0,0,1,0,1,0,0,0,1,1,0,0,0,0,0,1,0,0,0,1,0,0,1,0,1,0,1,0,0,0.644475
0,0,0,0,1,0,0,0,1,0,0,1,1,1,1,1,1,1,0,1,1,0,0,1,0,0,1,0,0,1,1,1,0.578778
0,1,1,0,0,0,0,0,0,0,0,0,0,0,1,0,0,0,0,1,1,1,1,1,1,0,0,1,1,1,0,1,0.598705
1,0,1,0,0,1,1,1,0,0,0,1,0,1,0,1,1,1,1,0,1,0,1,0,0,1,1,1,1,1,0,0,0.594736
