1,1,0,0,0,0,0,1,1,0,1,0,0,1,1,1,0,0,0,0,0,1,0,0,1,0,1,1,1,1,0,0,0.645993
0,1,0,0,1,0,0,1,0,0,1,0,0,0,1,1,0,1,1,1,1,1,0,1,0,1,1,1,0,1,0,1,0.590207
1,0,0,1,0,1,0,0,0,1,0,1,1,1,1,1,0,1,0,1,0,1,1,1,1,1,0,0,0,1,1,1,0.543585
0,0,0,1,1,1,0,0,0,1,1,1,1,1,0,1,0,1,1,1,1,0,0,1,0,1,0,0,0,1,1,0,0.609042
0,1,1,1,0,1,1,1,0,0,1,1,1,1,0,1,0,0,1,1,0,0,0,1,1,1,1,0,0,0,0,0,0.604620
0,0,0,0,0,1,0,0,0,0,0,0,1,1,1,0,0,0,1,1,0,1,1,0,0,0,0,1,0,0,1,1,0.646633
1,0,1,1,1,0,1,1,0,1,1,1,1,0,0,1,0,0,1,0,0,0,0,1,1,1,0,0,1,0,0,0,0.615090
0,0,1,1,1,0,0,0,1,0,1,1,1,1,1,1,1,0,0,1,1,0,0,0,0,1,0,0,0,1,1,1,0.602142
1,0,0,0,0,0,1,1,1,1,0,1,1,1,0,0,0,0,0,1,0,0,0,0,1,0,0,1,0,0,1,0,0.658994
0,0,1,0,1,1,0,1,0,0,0,0,1,0,0,0,0,1,0,0,0,0,0,0,0,1,0,1,0,1,1,0,0.625932
0,1,0,1,0,0,1,1,1,0,1,0,0,1,1,0,0,0,1,0,1,0,1,1,0,0,0,1,0,0,1,1,0.626252
0,0,1,0,1,1,0,1,1,1,1,1,1,1,0,1,0,1,0,0,0,0,1,0,1,0,1,1,0,0,0,1,0.626971
1,0,0,0,1,0,0,1,1,1,1,1,1,0,1,0,0,0,0,0,0,1,0,1,0,0,1,0,0,1,0,1,0.626412
0,0,0,0,1,0,1,0,1,0,0,0,1,0,1,0,0,1,0,0,0,0,0,0,0,1,0,1,1,0,0,1,0.618873
1,0,1,0,1,0,1,0,0,1,1,0,0,1,1,0,0,1,1,1,0,1,0,1,1,0,1,1,0,1,0,0,0.615383
1,1,0,1,0,0,0,0,1,1,1,0,0,0,0,1,1,1,1,1,0,1,1,0,0,1,1,1,1,1,1,1,0.556852
0,1,0,0,0,0,0,1,0,0,0,1,1,1,0,0,0,0,0,0,0,1,0,0,0,1,1,1,0,1,1,1,0.663337
1,1,1,0,1,1,1,1,1,0,0,1,1,0,0,1,1,0,1,0,1,1,1,0,1,1,0,0,1,0,0,0,0.635949
0,0,0,0,0,1,1,0,0,0,1,1,0,1,0,0,1,0,0,1,1,0,0,1,1,0,0,0,0,0,1,1,0.665628
1,0,1,1,1,0,0,1,0,0,0,1,0,1,0,0,0,0,0,1,1,0,1,1,1,0,1,0,0,1,0,0,0.624547
0,0,0,1,0,0,0,1,1,0,0,1,0,0,0,1,1,0,0,0,1,0,1,1,1,0,1,0,0,0,0,1,0.652254
1,1,1,1,1,0,0,1,1,0,0,0,0,0,1,0,1,1,0,1,1,1,0,1,0,1,0,1,1,0,1,0,0.614130
0,1,1,0,1,1,1,0,0,0,1,0,0,1,1,1,0,1,0,0,1,1,0,0,0,1,0,0,1,0,1,0,0.599211
0,1,1,1,0,1,1,1,0,0,1,1,1,1,1,1,0,1,1,0,0,0,1,0,0,0,0,1,0,0,0,0,0.631474
0,0,1,1,1,1,0,0,0,0,1,1,1,1,0,1,1,0,1,1,1,0,0,0,1,0,1,0,1,0,0,1,0.607444
0,1,1,1,1,1,0,1,0,0,1,0,1,1,1,1,0,1,1,1,0,1,0,1,1,0,0,1,0,1,1,0,0.573449
1,1,1,0,1,0,1,1,0,0,0,0,1,0,0,1,1,0,1,0,0,0,1,0,1,1,0,1,1,1,1,0,0.604806
1,1,0,1,1,1,1,1,1,0,0,1,0,1,1,0,0,0,0,0,0,0,1,1,0,0,0,0,0,1,0,0,0.659847
1,1,0,0,0,0,0,0,1,0,0,1,0,1,1,1,1,1,0,1,0,1,1,1,0,0,0,1,1,0,0,0,0.645194
0,0,1,0,1,0,0,1,1,1,0,1,0,0,1,0,0,1,0,1,1,1,1,0,1,0,1,0,1,1,0,1,0.597986
0,1,1,0,1,0,1,1,1,0,0,0,1,1,0,0,1,1,0,0,1,0,0,0,1,0,0,0,1,0,1,1,0.624414
0,1,0,0,1,0,0,0,1,1,0,0,0,1,1,1,1,0,1,0,1,1,0,1,1,0,0,0,1,1,1,0,0.630648
0,1,1,1,0,1,0,1,0,1,1,0,0,0,0,0,1,1,1,0,1,1,1,0,0,1,0,1,1,1,0,0,0.614290
1,1,1,1,1,0,0,0,1,1,0,0,0,0,0,0,1,1,1,1,0,0,0,0,0,0,1,0,0,0,0,1,0.612052
0,1,0,1,1,1,1,1,1,0,1,1,0,1,0,1,1,1,1,0,1,1,1,0,1,0,0,1,0,1,0,0,0.599931
1,0,0,0,0,1,1,1,1,1,0,1,0,1,0,0,0,0,0,1,0,0,0,0,0,0,1,1,1,0,0,0,0.638933
0,1,0,0,0,1,0,0,0,0,1,0,0,0,0,1,1,1,1,0,0,0,1,0,1,1,1,0,1,1,0,1,0.629263
0,0,1,1,1,0,1,0,0,1,1,0,1,0,0,0,1,1,0,0,0,1,0,1,1,1,1,1,0,1,0,0,0.622389
0,1,1,1,1,0,1,0,1,0,0,1,1,1,0,0,0,0,1,1,0,0,0,0,1,0,0,0,0,1,1,0,0.618979
0,0,1,1,1,1,1,1,1,1,1,0,1,1,0,1,0,0,0,1,0,0,1,1,0,0,0,1,0,1,0,1,0.638161
1,1,1,1,1,0,1,1,1,0,0,1,0,0,0,1,0,1,0,0,1,0,0,0,0,0,0,0,1,0,0,0,0.624920
0,1,1,1,0,0,1,1,0,1,1,1,0,1,1,0,1,0,0,0,0,0,1,0,0,0,0,1,1,1,0,1,0.625000
0,0,0,1,1,0,0,0,1,0,0,0,0,1,0,0,0,1,1,1,0,1,1,0,0,1,0,0,0,1,1,1,0.643569
0,1,0,1,0,1,1,1,1,1,0,1,0,1,0,1,0,1,0,1,0,1,0,0,0,1,1,1,0,0,0,0,0.621084
1,0,0,1,1,1,0,0,1,0,1,0,1,0,0,1,1,0,0,0,1,1,1,1,1,0,0,0,0,0,0,1,0.613997
1,0,0,1,1,1,1,0,1,1,0,0,1,1,0,1,0,1,1,1,0,1,0,0,1,1,0,1,0,1,1,1,0.524963
0,0,0,0,1,1,1,1,0,0,1,0,1,1,1,0,0,0,1,0,1,1,1,1,0,1,1,1,1,1,1,0,0.577499
1,0,1,1,1,0,0,0,0,0,1,0,1,1,1,1,0,0,0,0,0,0,1,1,1,0,0,1,1,0,0,1,0.613038
1,1,0,1,0,0,1,0,0,1,1,0,1,0,0,1,0,0,1,0,0,1,1,1,0,1,1,0,0,1,0,0,0.636589
1,1,1,1,0,1,0,0,1,0,1,1,0,0,0,0,1,0,1,0,0,1,0,1,0,1,0,0,1,0,1,0,0.623561
0,0,1,0,1,0,0,1,0,1,1,0,1,1,1,1,0,0,0,0,1,0,1,1,0,1,1,0,1,0,1,1,0.549792
1,1,1,0,0,1,0,0,0,0,0,1,0,0,0,0,1,1,0,0,0,0,0,1,1,1,1,1,0,0,0,1,0.651028
1,0,1,0,1,1,0,0,1,0,1,1,1,1,0,1,1,1,0,0,0,0,0,1,0,1,0,0,0,1,1,0,0.607390
0,0,0,1,0,1,1,1,1,0,1,1,1,1,1,1,0,1,0,1,1,0,1,0,0,0,1,1,0,1,0,1,0.622203
1,0,0,0,0,0,1,1,1,0,0,0,0,0,1,1,0,1,0,0,1,0,1,0,1,0,0,1,0,0,0,1,0.643356
0,1,0,1,1,0,0,1,0,0,1,1,1,0,0,1,1,1,0,0,0,1,1,1,1,1,1,0,0,1,1,1,0.555227
0,0,0,0,1,0,1,1,1,1,0,1,1,1,0,0,0,0,0,0,0,1,1,1,1,1,0,1,1,1,1,1,0.595801
1,1,0,1,1,0,1,0,0,0,0,1,1,0,1,1,0,0,1,0,0,0,1,1,0,1,1,0,0,0,0,0,0.642317
0,0,1,1,1,1,0,0,0,1,0,0,1,1,1,1,0,1,0,1,0,0,0,1,1,0,1,1,1,0,0,0,0.626998
1,1,1,1,1,1,1,1,1,1,1,1,1,0,1,1,0,1,0,1,0,0,1,0,1,1,0,0,1,0,0,1,0.578858
1,0,0,1,1,1,0,1,0,0,1,1,0,0,1,0,0,1,0,1,1,0,1,1,1,0,1,1,0,0,0,0,0.595242
1,1,0,0,0,0,0,0,1,1,0,1,1,0,1,0,1,1,0,1,0,1,0,0,1,0,1,0,0,0,0,0,0.655131
0,1,0,0,1,1,0,0,0,0,0,0,0,1,0,0,1,1,1,1,1,0,1,1,0,0,0,0,0,1,0,0,0.647059
0,0,0,1,1,0,0,0,0,0,1,0,0,0,1,0,1,1,0,0,1,0,1,1,0,1,1,0,1,0,1,0,0.640878
0,0,0,0,1,1,0,0,0,0,0,0,1,1,0,1,1,0,1,0,1,0,0,0,0,1,0,1,1,0,0,0,0.607843
0,0,1,1,1,0,0,0,1,0,0,0,1,1,1,0,1,0,1,1,0,1,1,0,1,1,0,1,1,1,0,0,0.619405
1,1,1,1,0,1,1,0,0,0,0,0,0,1,1,0,1,1,1,0,1,1,1,1,1,1,0,1,1,1,1,0,0.597426
1,0,1,1,0,0,1,1,0,1,1,1,1,0,1,1,1,0,0,0,0,0,0,0,1,1,1,1,0,0,1,1,0.611067
0,1,1,1,1,1,1,1,0,1,1,0,1,0,0,1,0,1,1,0,0,1,1,0,1,0,1,0,1,1,1,1,0.511616
1,1,0,0,1,0,1,1,1,1,1,0,1,0,1,0,0,1,0,1,0,1,0,0,0,0,1,0,1,0,0,0,0.643089
1,0,0,0,1,1,0,0,0,1,0,0,1,1,1,1,0,0,1,0,0,1,1,0,1,1,1,0,0,1,0,0,0.618766
1,0,0,1,0,1,1,1,1,1,0,1,1,1,0,1,0,0,0,1,1,0,0,1,0,0,1,0,0,1,0,1,0.601662
0,1,0,0,1,0,0,1,1,1,1,1,1,0,1,0,0,0,0,0,0,1,1,1,0,0,1,1,1,0,0,0,0.616874
0,0,1,0,0,1,0,1,0,0,1,1,1,0,0,1,1,0,0,0,0,1,0,1,1,0,0,1,1,0,1,0,0.641757
1,0,1,1,0,1,0,1,1,0,0,0,0,1,1,1,0,1,0,0,0,1,0,1,0,1,0,1,1,1,1,0,0.575927
1,0,1,1,1,0,0,1,1,0,0,1,1,1,0,1,0,0,1,1,1,1,1,0,1,1,0,1,1,1,1,1,0.502531
0,0,1,1,1,1,0,1,0,0,0,0,0,1,1,1,1,0,0,0,1,1,1,1,1,1,0,0,0,0,1,0,0.550831
1,1,1,0,0,1,0,1,0,0,0,0,0,1,1,0,0,1,0,1,0,0,1,1,1,0,0,1,1,0,1,1,0.588262
1,0,1,0,1,1,0,0,0,1,0,0,1,1,0,0,0,0,0,0,0,1,0,0,1,1,1,0,1,0,1,1,0.632566
0,0,1,0,0,0,1,0,0,1,0,0,1,1,1,0,0,1,0,1,1,0,0,1,1,0,1,1,0,1,0,1,0.635204
1,0,0,1,0,1,1,0,1,1,1,1,1,1,1,1,1,1,1,1,1,1,1,0,0,1,0,0,1,0,0,0,0.605818
1,1,1,0,0,1,1,0,1,1,1,0,1,0,1,1,1,0,0,1,1,0,1,1,1,1,0,1,1,0,1,1,0.495125
1,1,1,0,1,1,1,1,1,0,1,1,0,1,0,1,1,1,1,0,0,0,0,0,1,0,0,1,1,1,0,1,0.576806
0,1,1,1,0,0,0,0,0,0,0,1,0,0,1,0,1,1,1,0,0,1,1,0,1,0,0,0,0,1,1,0,0.635470
0,0,1,0,0,1,0,0,0,1,1,0,0,0,0,1,1,0,1,0,1,1,0,0,1,1,0,0,0,1,0,1,0.644341
1,0,1,1,1,0,0,1,0,1,0,1,0,0,1,1,0,0,0,1,1,1,0,1,1,1,0,1,0,0,0,1,0.580429
1,0,0,1,0,1,0,1,1,0,1,1,0,0,1,1,0,1,0,1,1,0,1,1,1,1,1,0,1,0,1,1,0.496643
1,1,1,0,0,1,1,1,0,0,0,0,0,1,0,1,0,1,0,0,0,1,1,0,1,0,0,1,0,1,0,0,0.629636
0,1,0,1,0,1,0,1,1,0,1,1,0,1,1,0,1,0,0,0,1,0,0,1,0,0,0,0,1,1,0,1,0.620791
1,1,1,1,1,0,1,1,1,0,0,0,1,1,0,0,0,0,1,1,0,0,1,0,0,1,0,0,1,0,1,0,0.626678
0,1,1,0,0,1,0,0,1,1,0,1,0,0,1,1,0,0,1,0,0,1,1,1,0,1,1,1,1,1,0,0,0.607204
0,0,0,0,0,1,1,0,1,0,1,1,0,1,1,0,1,0,0,0,1,0,0,0,1,1,0,1,0,0,0,0,0.636322
0,1,1,0,1,0,1,1,0,0,0,0,0,1,0,1,0,1,1,1,0,0,0,1,1,1,1,0,1,0,0,1,0.628330
0,0,0,1,0,0,1,0,0,0,0,1,1,0,1,0,0,1,0,1,1,0,0,0,0,0,1,0,0,0,0,1,0.653826
0,0,1,0,1,1,0,0,0,1,0,1,0,1,0,0,0,1,1,1,0,1,1,1,1,0,0,1,1,0,1,1,0.654598
0,0,0,1,0,0,1,1,1,1,1,1,1,1,0,0,1,0,1,1,1,1,0,1,0,0,0,1,0,0,1,1,0.600091
1,1,0,0,0,0,0,0,0,1,1,1,1,1,1,0,1,1,0,1,0,0,1,0,1,1,1,0,0,1,0,0,0.634431
0,0,0,0,0,1,0,1,1,0,0,1,1,1,0,0,0,1,1,0,1,1,0,0,0,1,1,1,0,0,0,1,0.645727
0,0,0,0,0,1,0,1,0,0,1,1,0,1,0,0,0,0,1,1,0,1,0,0,1,1,0,1,0,1,0,0,0.651135
0,1,1,1,1,0,0,1,0,1,0,1,1,1,1,0,0,1,0,0,1,1,1,0,1,1,1,0,1,1,1,0,0.598892
0,0,1,0,0,1,1,1,1,1,0,0,1,1,0,0,0,1,0,1,0,1,1,1,0,0,1,1,1,1,1,0,0.589168
1,0,0,1,1,1,0,0,0,0,0,0,1,1,0,1,0,0,0,1,1,0,0,1,0,0,0,0,0,0,0,1,0.586957
0,1,0,0,0,0,1,0,1,1,0,1,1,0,1,1,0,1,0,0,0,0,0,1,1,0,1,1,1,1,0,1,0.630675
0,1,1,0,1,1,1,1,0,1,0,1,1,0,1,1,0,0,1,0,0,1,0,0,1,1,0,1,1,1,1,0,0.576034
0,0,0,0,1,0,0,1,1,1,1,0,1,0,1,1,0,0,0,0,1,0,0,0,0,0,0,1,0,0,0,0,0.673220
1,1,0,1,1,0,1,0,0,1,0,1,0,0,1,0,1,0,1,1,0,1,1,0,1,0,0,0,0,0,1,1,0.616608
1,0,0,0,0,1,0,1,1,0,0,1,0,0,0,0,1,1,0,0,1,1,1,1,0,1,1,1,0,0,1,0,0.640985
1,1,1,0,0,1,1,1,1,0,1,1,1,0,1,0,0,0,0,0,0,1,1,1,0,0,1,0,1,1,1,1,0.549286
1,1,1,0,1,0,0,1,1,0,0,1,1,0,0,1,1,1,0,0,1,1,0,1,0,0,0,0,1,1,0,0,0.629049
1,0,0,1,0,1,0,0,0,0,0,1,1,1,0,0,0,0,0,1,1,1,0,1,0,0,0,0,0,1,0,0,0.634298
0,1,0,0,1,0,0,1,1,1,1,0,1,1,0,1,0,0,0,1,0,1,1,0,0,1,1,0,1,0,0,0,0.614717
1,0,1,0,1,1,1,1,0,1,0,1,1,0,0,0,1,0,1,1,0,1,0,1,1,1,0,0,1,1,1,1,0.595269
1,1,1,0,1,0,1,1,1,0,1,1,1,1,0,1,1,0,0,0,0,1,0,0,0,1,1,0,1,1,0,1,0.581442
1,1,0,0,1,0,1,0,1,1,0,1,0,0,0,1,1,1,0,1,1,0,0,0,1,0,1,1,0,0,1,0,0.619032
1,1,0,1,0,0,0,1,1,0,1,0,1,1,0,1,1,0,1,0,0,0,1,0,0,1,1,1,1,1,0,1,0.592258
0,1,0,1,0,1,1,0,1,1,0,0,0,0,0,1,0,0,1,1,1,0,1,0,1,1,1,0,0,0,0,1,0.618500
0,0,1,1,0,0,1,0,1,0,0,1,0,1,0,1,0,1,0,1,0,1,1,0,0,1,0,1,1,1,0,0,0.627664
0,1,1,0,1,1,1,0,0,1,1,1,0,0,0,0,1,0,0,1,0,1,0,1,1,1,0,1,0,1,1,1,0.591192
1,1,1,1,0,0,0,0,1,0,0,1,1,0,1,0,1,0,1,0,1,1,1,0,0,0,0,1,1,1,1,1,0.608962
1,0,0,0,0,1,1,0,0,1,0,0,0,0,1,1,0,0,0,1,0,0,0,0,1,0,1,1,0,1,1,1,0.647112
1,0,1,0,1,1,0,1,1,0,0,0,1,1,0,0,0,0,1,1,1,1,1,0,0,1,1,1,0,0,1,0,0.613411
0,0,0,1,0,0,0,1,0,0,1,0,0,0,1,1,0,1,1,1,1,1,0,1,0,1,0,0,1,0,0,0,0.642423
0,0,0,1,0,1,1,1,1,0,1,0,1,1,1,0,1,0,0,0,1,0,1,1,0,1,1,1,0,0,1,1,0.579657
0,0,1,1,1,1,0,0,1,1,0,0,1,0,0,1,0,1,1,0,0,0,0,1,1,1,1,1,1,0,1,0,0.604753
1,1,1,1,0,0,1,1,0,1,1,0,0,1,1,1,1,1,1,1,0,0,0,1,0,0,1,1,0,0,0,0,0.648204
0,1,0,0,1,1,0,1,0,1,1,1,0,1,0,1,1,1,0,0,0,1,0,0,1,1,1,1,0,0,1,0,0.593297
0,0,0,0,0,0,0,0,0,0,0,1,1,1,0,1,1,1,0,1,0,0,0,1,1,1,1,0,0,1,0,1,0.666187
0,0,1,0,1,0,0,0,1,0,1,0,1,0,0,1,1,0,0,0,1,1,1,0,0,0,1,0,0,1,0,1,0.638321
