0,0,1,0,0,0,0,0,1,0,1,0,0,1,1,1,0,1,0,1,1,0,0,0,0,1,1,1,1,0,0,0,0.874414
0,0,1,0,1,0,1,1,0,1,0,1,1,0,0,1,0,0,0,0,0,0,1,1,1,0,0,0,1,1,0,1,0.932118
0,1,0,1,1,1,0,0,0,1,1,1,1,0,0,0,1,0,1,0,1,0,0,0,1,1,1,1,0,1,1,1,0.885017
1,0,0,0,1,0,1,0,1,1,0,0,1,0,1,0,1,1,1,1,1,1,1,0,0,1,1,1,0,0,1,0,0.840260
0,1,1,1,0,1,0,0,0,1,0,1,0,1,0,1,1,1,1,1,0,1,0,1,0,0,0,0,0,0,0,1,0.779598
1,1,0,1,1,0,0,1,1,0,0,1,0,0,1,0,0,0,0,0,1,1,0,1,0,0,1,0,0,1,1,0,0.790148
1,1,0,1,0,1,0,1,0,1,1,0,1,1,0,1,1,1,0,1,1,0,1,0,1,0,0,1,0,0,0,1,0.249467
1,1,1,1,0,1,1,1,1,0,0,1,0,1,0,0,1,1,1,0,1,1,0,0,0,0,1,0,0,1,0,0,0.897352
1,0,0,0,0,0,1,0,1,0,0,1,0,1,0,1,0,1,0,1,1,1,1,0,0,0,1,0,1,0,0,1,0.591805
0,0,0,0,1,0,1,1,1,1,0,1,0,1,0,0,1,1,0,1,1,0,0,1,0,0,1,0,0,1,1,0,0.930653
1,1,0,1,1,1,0,0,0,1,0,1,0,0,1,0,0,1,1,1,1,1,0,1,1,0,1,0,0,1,1,0,0.741049
1,0,1,0,1,1,1,1,1,0,0,1,0,1,0,1,0,0,0,1,0,0,0,1,0,0,1,1,0,1,0,1,0.211903
1,0,0,0,1,0,1,1,0,1,0,1,0,0,0,0,0,0,0,1,1,0,1,0,1,1,1,1,0,0,1,0,0.792120
1,1,0,0,1,1,1,0,1,1,1,0,0,0,1,1,1,0,0,0,1,1,0,0,1,0,0,0,1,0,0,0,0.893409
0,1,0,0,1,1,0,1,1,0,0,0,1,1,0,0,0,1,0,0,1,0,1,1,0,1,0,0,0,0,1,1,0.870524
1,1,1,0,1,0,1,0,0,0,1,1,0,1,1,1,1,0,0,1,1,1,0,1,0,0,1,0,1,0,1,1,0.186275
0,1,1,1,1,1,1,1,1,1,1,1,1,1,1,0,1,0,1,1,0,0,1,1,0,0,0,0,1,1,0,1,0.759058
0,0,1,1,0,0,0,1,0,1,0,0,1,0,1,0,1,1,0,1,1,1,1,0,0,1,1,1,1,1,0,1,0.878570
0,0,1,0,0,0,0,0,1,1,0,0,1,1,1,0,1,1,0,0,0,1,0,1,0,1,1,0,0,1,0,1,0.788816
1,1,1,0,1,1,1,0,0,0,1,0,0,1,0,0,0,1,0,0,0,1,1,1,0,1,1,0,0,0,1,0,0.897032
1,1,0,1,1,1,0,0,1,1,1,1,1,0,0,1,0,1,1,0,0,1,0,1,1,1,1,1,0,1,1,1,0.231058
1,0,1,0,1,1,0,1,0,1,0,1,1,1,0,0,0,1,0,0,0,1,0,0,1,1,0,0,1,0,1,0,0.842152
0,0,1,1,0,1,0,0,0,0,0,1,1,1,1,1,0,0,0,0,1,1,1,1,1,1,0,0,0,1,0,1,0.902867
1,0,0,1,1,1,1,0,1,1,1,1,1,0,0,1,0,0,0,1,0,0,0,1,0,1,0,1,0,1,1,0,0.714621
1,1,0,1,1,0,0,1,1,1,0,1,1,0,1,1,0,0,0,1,1,1,0,1,0,1,1,0,1,0,1,0,0.768968
0,0,1,0,0,0,0,0,0,0,0,1,0,1,0,1,0,0,1,1,1,0,0,0,0,0,1,1,0,0,1,0,0.907689
1,0,0,0,1,1,0,1,1,0,0,0,1,1,1,1,1,0,1,1,0,0,1,1,1,1,1,0,0,0,1,0,0.749041
1,1,1,1,1,0,0,0,1,1,1,0,0,1,1,0,1,0,0,1,0,1,1,1,0,1,1,0,1,0,1,1,0.135417
1,1,0,0,0,0,0,1,0,0,1,1,1,1,0,1,0,1,0,1,1,0,0,1,1,1,1,1,0,0,1,0,0.717445
1,0,1,1,1,1,1,0,1,0,1,0,1,1,1,1,0,1,1,1,1,0,1,1,0,0,0,0,0,0,0,1,0.449702
1,0,1,0,1,0,1,0,0,1,0,0,0,1,0,1,0,1,1,0,1,0,0,0,1,1,0,0,0,1,1,0,0.748055
1,0,1,0,1,0,1,0,0,1,1,1,0,0,0,1,1,0,0,1,0,0,1,1,0,1,0,0,0,1,1,0,0.718857
1,0,0,1,0,1,0,1,0,0,1,1,0,1,1,0,0,0,1,1,1,0,1,0,0,0,1,1,0,1,0,1,0.581575
0,1,1,1,0,1,1,0,1,0,0,0,1,0,0,0,0,0,1,0,1,1,1,1,0,1,1,0,0,0,1,1,0.846068
0,0,1,1,0,1,0,1,1,1,0,0,1,0,0,0,0,1,0,1,0,1,0,0,0,1,0,1,0,0,0,0,0.839168
0,1,0,1,1,1,0,0,1,0,0,1,1,0,1,0,1,0,0,1,0,1,0,1,0,1,1,0,0,1,1,0,0.823609
0,0,0,1,1,0,1,0,0,0,0,1,1,1,1,1,0,0,0,0,1,1,0,0,1,1,1,1,1,1,0,1,0.991928
0,0,0,1,1,1,1,0,1,0,0,0,1,0,0,0,0,0,0,0,1,0,1,0,0,1,0,1,1,1,1,1,0.931586
1,1,0,1,0,0,1,0,0,0,0,0,1,1,0,1,1,0,0,0,1,0,0,0,1,1,0,0,0,1,0,0,0.802030
1,1,1,1,1,0,0,1,0,1,1,0,1,0,0,1,1,0,0,1,0,1,1,1,1,0,0,1,0,1,0,1,0.151055
1,0,1,1,0,1,1,0,1,1,1,1,0,0,0,1,0,1,0,0,0,0,1,0,0,0,0,1,1,0,1,0,0.841272
0,0,0,1,1,1,1,0,1,0,1,1,0,0,1,0,0,0,0,1,1,1,1,1,0,1,0,0,0,1,0,1,0.931586
1,1,1,0,1,0,1,0,1,1,1,1,0,1,0,0,0,0,0,0,0,1,0,1,1,1,0,1,0,1,1,0,0.796009
0,0,0,0,0,0,1,1,1,1,0,1,1,1,1,0,0,0,1,1,0,1,1,1,0,1,1,1,1,0,0,1,0.904705
1,1,1,0,1,0,1,1,1,0,1,0,1,0,0,0,0,1,1,0,0,0,0,0,1,1,1,0,1,1,0,1,0.551710
0,1,0,1,0,1,0,0,0,0,1,0,1,0,1,0,1,1,0,1,0,0,1,1,0,0,0,1,1,1,0,0,0.893889
1,1,0,0,1,1,1,0,1,0,1,0,1,1,1,0,1,0,0,0,1,0,1,1,1,0,1,0,0,1,1,0,0.869805
0,1,0,1,0,0,0,0,1,1,0,0,0,0,0,0,0,1,1,0,1,1,1,0,1,0,1,0,1,1,1,0,0.834852
0,1,1,1,0,0,0,1,1,0,1,1,0,0,1,1,1,0,0,1,0,1,1,0,0,1,0,1,1,0,0,0,0.784553
1,1,0,1,0,1,1,1,0,1,1,0,1,0,1,1,0,1,0,0,0,1,1,0,0,1,0,0,1,1,1,0,0.676151
0,0,0,0,1,0,0,1,1,1,1,1,0,1,1,1,0,1,1,0,0,0,0,0,1,0,0,0,0,1,0,1,0.922181
0,0,0,1,0,0,1,1,1,1,1,0,0,1,0,0,0,1,1,0,1,1,0,0,0,1,0,1,0,1,0,0,0.896020
0,1,0,1,0,0,1,0,1,1,0,0,0,0,0,0,1,0,0,1,1,0,0,1,1,1,0,1,0,1,1,1,0.777174
1,1,1,1,1,1,0,0,1,1,1,0,0,0,0,0,1,0,1,1,0,1,1,0,1,0,0,0,1,0,1,0,0.937660
0,1,0,0,1,1,1,0,0,1,1,1,1,1,1,1,1,0,0,0,0,0,1,1,1,1,1,1,0,0,1,1,0.883978
0,0,1,0,0,0,0,1,0,0,1,1,0,1,0,0,1,1,0,1,1,1,1,0,1,0,1,1,0,1,0,1,0.852648
1,1,0,1,1,0,1,0,0,1,0,0,1,0,0,0,0,0,1,0,1,0,1,1,0,1,0,1,1,0,1,0,0.889759
1,1,0,0,1,1,0,0,0,0,1,1,0,0,0,1,0,0,0,0,1,0,1,0,1,0,1,0,0,1,1,0,0.833600
1,1,0,1,1,1,1,0,0,0,1,1,1,0,1,1,1,0,0,0,0,0,0,0,1,0,1,1,0,0,0,0,0.787484
1,1,1,1,0,1,1,1,1,1,1,0,1,1,1,0,0,0,1,0,1,0,1,1,1,0,0,1,0,0,1,1,0.465393
0,1,0,1,0,1,0,1,0,1,1,1,1,1,1,1,1,0,0,0,0,0,0,0,0,1,0,0,0,1,1,1,0.844363
0,0,0,0,0,0,0,1,1,1,1,1,1,0,0,0,1,0,0,0,1,0,0,0,1,1,0,0,1,1,0,1,0.827446
0,1,1,1,0,0,1,1,1,0,0,0,1,1,0,0,0,1,0,0,1,1,0,1,1,1,1,1,0,0,1,0,0.780797
0,0,1,1,0,1,1,0,1,1,0,1,1,1,0,1,1,0,1,0,1,0,1,0,1,0,0,1,0,1,1,1,0.752504
0,0,1,1,0,0,1,0,1,1,0,1,1,1,0,1,0,1,0,1,0,1,1,1,1,1,1,0,0,1,1,0,0.820652
1,0,1,1,0,0,0,0,1,0,1,1,1,0,0,1,0,0,0,0,1,1,0,1,0,1,0,1,0,1,0,1,0.197730
1,0,1,1,1,0,0,1,0,1,0,0,0,1,0,1,1,1,1,0,0,1,1,1,0,1,1,1,1,1,1,0,0.644688
1,0,0,1,1,0,1,0,1,0,0,0,0,1,0,0,0,1,1,1,0,1,1,0,1,0,0,0,0,0,0,0,0.889386
1,0,1,1,1,0,0,0,0,1,0,1,0,1,1,0,1,1,1,1,1,1,1,0,1,0,1,1,0,1,1,0,0.714061
1,1,0,1,0,1,0,1,0,0,1,0,1,0,1,1,1,0,1,0,1,1,0,1,1,1,1,0,1,1,1,0,0.742301
0,0,0,1,1,1,1,1,1,0,1,0,1,0,0,1,0,0,0,1,1,0,1,0,0,1,0,0,1,1,0,1,0.930227
0,1,0,1,0,1,0,1,1,1,0,0,1,0,0,0,0,1,0,1,0,0,0,0,1,0,1,0,1,0,1,1,0.818947
1,0,0,0,1,1,1,1,1,1,1,1,1,1,0,1,1,1,0,1,1,1,1,0,1,0,0,0,1,0,0,1,0.388480
1,0,0,1,1,0,0,1,0,0,1,1,0,1,1,1,0,1,1,0,1,1,0,1,0,0,0,1,0,1,0,1,0.450554
1,1,1,1,1,0,1,0,1,1,0,1,0,0,1,0,1,1,0,1,0,0,0,0,1,1,0,0,1,1,0,0,0.930733
0,1,1,0,1,0,0,1,1,1,0,0,1,1,1,1,0,1,1,0,1,1,1,1,1,1,0,0,1,0,0,0,0.803922
0,0,0,1,1,1,0,0,0,0,0,1,0,1,1,1,1,1,1,0,0,0,1,0,0,0,1,1,0,1,1,0,0.931852
1,1,1,1,1,1,0,1,1,0,1,1,0,1,0,0,1,1,1,0,0,1,1,1,0,0,1,0,0,1,0,1,0.071158
0,0,0,0,0,0,0,0,0,1,0,0,0,0,1,1,1,1,1,1,1,1,0,0,0,0,0,0,0,0,0,1,0.906676
0,0,1,1,0,1,0,0,1,1,0,0,0,0,0,1,1,0,1,0,0,1,1,0,0,0,0,0,1,0,0,1,0.759218
0,0,0,1,0,1,1,0,0,1,1,0,0,1,0,1,1,1,0,1,0,0,1,0,0,1,1,1,0,1,1,0,0.903746
1,1,1,0,1,1,0,1,0,1,1,1,0,1,0,0,0,1,1,0,1,1,1,1,1,0,1,0,1,0,1,0,0.875080
0,1,1,1,0,0,1,1,0,1,1,0,1,0,0,0,1,0,1,0,1,0,1,0,1,0,0,1,1,1,0,0,0.766464
1,0,1,0,0,1,1,0,0,1,1,0,0,0,1,1,0,0,1,1,1,0,1,0,1,1,1,0,0,1,1,1,0.365223
1,1,1,1,1,1,0,1,0,0,1,1,1,0,0,1,1,0,1,1,1,0,0,0,1,1,0,0,0,0,0,0,0.886136
1,1,0,0,0,0,1,0,0,0,0,0,1,1,1,0,0,0,0,1,0,1,1,1,0,0,1,0,1,1,1,1,0.391944
1,0,1,1,0,1,1,0,1,1,0,0,1,0,0,1,1,0,0,1,1,0,1,0,0,1,0,1,0,1,1,0,0.794384
0,0,1,1,1,0,1,1,1,1,1,0,1,0,1,1,1,1,1,1,1,0,0,1,1,0,1,1,0,0,0,0,0.815111
0,0,1,0,0,1,0,1,0,0,1,0,0,0,0,0,0,1,0,1,0,0,0,1,1,1,0,0,1,1,1,1,0.910752
1,1,1,0,0,0,1,1,0,0,0,0,0,0,0,1,1,0,0,1,1,1,0,1,1,1,0,1,1,0,1,1,0.100490
0,0,0,1,0,1,1,1,1,1,1,1,0,0,0,1,0,0,1,1,0,1,0,1,0,0,0,1,0,1,0,1,0.906330
0,0,1,1,1,0,0,1,0,1,0,1,1,0,0,1,0,1,1,0,0,1,0,0,1,0,1,1,0,0,1,1,0.920983
0,1,1,0,0,0,0,0,0,0,1,0,0,1,0,1,0,0,1,1,1,0,0,1,0,1,0,0,0,1,0,1,0.897911
0,0,1,0,0,1,0,0,1,1,0,0,0,0,1,0,0,0,0,1,0,1,1,0,1,0,0,0,0,1,0,1,0.884058
0,0,1,1,1,0,1,0,0,0,1,1,1,0,0,0,1,1,1,0,1,0,0,1,0,1,1,1,1,1,1,0,0.867461
0,0,0,1,1,0,0,1,1,0,1,0,0,0,0,0,1,1,0,1,1,0,1,1,0,1,0,0,1,0,1,1,0.870151
0,0,0,0,1,1,0,0,0,0,1,0,1,1,1,0,1,0,0,0,1,1,1,1,1,1,1,1,1,1,0,0,0.940324
1,0,1,0,1,0,1,0,1,0,1,0,1,0,1,1,1,0,0,1,0,1,0,1,0,0,1,0,1,0,0,1,0.501519
1,1,1,1,0,0,1,1,0,0,1,0,1,0,0,0,1,1,0,0,1,0,1,0,0,0,0,1,0,1,1,1,0.538630
0,0,0,0,1,1,1,0,1,1,1,1,1,0,0,1,1,0,1,0,0,1,1,0,0,1,1,0,0,0,0,0,0.896686
0,1,0,1,1,0,0,1,1,1,0,0,0,0,0,1,0,1,0,0,0,0,0,1,0,1,1,0,1,1,1,0,0.886163
1,1,1,1,0,0,1,0,0,1,0,1,0,0,0,0,0,0,0,1,0,0,1,1,0,0,0,1,0,1,0,1,0.645221
0,0,1,1,0,0,1,1,0,0,0,1,0,0,1,1,0,0,0,0,0,0,0,1,1,1,0,1,1,0,0,0,0.905770
1,1,1,1,0,1,1,0,0,1,0,0,1,1,1,0,0,0,0,0,1,1,1,0,0,1,0,1,1,0,1,0,0.837090
1,1,0,1,0,1,1,0,1,0,1,1,0,0,0,1,0,1,0,0,0,0,1,0,0,0,0,1,0,1,0,1,0.549979
1,1,0,0,0,1,1,0,1,0,1,0,0,1,0,0,1,0,1,1,1,0,1,0,1,1,0,1,0,0,1,1,0.469523
1,1,1,0,1,1,0,1,1,0,0,0,0,1,1,1,0,1,1,1,0,0,0,1,1,0,1,1,1,0,0,1,0.351289
1,1,1,1,0,0,0,1,1,1,0,0,0,0,1,0,0,0,0,1,1,1,1,0,1,0,1,0,0,1,1,0,0.852382
1,0,0,0,0,1,1,1,1,1,1,0,0,0,1,1,1,0,0,1,0,1,0,0,0,1,0,1,1,0,0,0,0.782822
0,0,1,1,1,1,1,0,0,1,0,1,0,0,1,0,1,0,1,0,0,1,0,0,0,0,1,0,1,0,0,0,0.878064
1,0,0,1,1,1,1,1,0,0,0,1,0,1,0,1,1,1,1,0,0,0,1,0,1,0,0,1,0,1,0,0,0.840740
0,0,1,0,0,0,0,1,0,0,1,1,0,0,0,0,1,0,1,1,0,0,0,1,1,1,0,1,0,1,0,0,0.855339
0,0,1,1,0,1,1,1,0,1,1,0,0,1,1,1,1,1,1,1,1,0,0,1,0,0,1,1,0,1,1,1,0.802350
1,0,0,0,1,1,0,0,1,0,0,1,0,0,0,0,0,1,0,1,0,0,0,1,1,1,1,0,0,1,0,1,0.603820
0,1,1,0,1,0,0,1,1,0,1,0,1,1,0,1,0,1,1,1,1,1,0,0,1,0,0,1,0,1,0,1,0.804774
1,0,1,0,1,1,0,0,1,0,0,1,1,0,0,0,0,1,0,0,0,0,0,0,0,0,0,0,1,0,1,1,0.547474
1,0,1,1,0,1,0,0,0,1,1,1,0,1,0,0,0,1,1,1,0,0,0,0,1,0,0,0,1,1,0,1,0.631660
0,1,1,0,0,1,0,1,1,1,0,1,1,1,1,0,0,0,1,1,1,0,0,0,0,0,1,1,1,0,1,0,0.787564
0,0,1,0,0,1,1,0,0,0,1,1,0,1,1,0,1,1,1,0,1,0,0,1,0,0,0,0,1,0,1,1,0.840207
1,0,1,1,1,0,1,0,0,0,1,0,0,1,1,0,1,0,1,0,0,1,1,0,0,0,1,0,0,1,1,1,0.560715
0,1,1,0,1,0,1,1,0,1,0,1,0,0,0,0,0,1,0,0,1,0,0,0,0,0,0,1,0,0,1,0,0.869592
0,1,0,0,1,0,1,1,0,0,1,0,0,0,0,0,1,0,1,0,1,1,0,1,0,0,1,1,1,0,1,0,0.886988
1,0,1,0,1,0,1,0,1,0,0,1,1,0,1,1,1,1,1,1,1,0,1,0,1,1,1,0,0,1,0,0,0.929907
1,1,1,1,1,1,0,0,0,0,0,1,1,0,1,1,1,0,1,0,1,1,0,0,0,0,1,1,0,1,0,1,0.442349
1,1,0,1,0,1,1,1,1,1,0,1,0,0,1,1,1,1,0,0,1,1,0,0,1,0,0,0,1,0,0,0,0.761402
0,1,1,0,0,1,0,1,0,0,1,0,1,0,1,1,0,1,0,1,0,1,0,0,0,0,1,0,0,1,0,1,0.853794
0,0,0,0,1,0,0,1,0,1,1,0,1,0,0,0,1,1,1,1,1,0,1,1,1,1,0,0,1,0,1,0,0.930440
1,0,1,1,1,1,1,0,0,1,1,1,0,1,1,0,1,1,1,1,1,0,1,0,1,0,1,0,0,0,1,0,0.854993
