1,1,0,0,1,1,1,0,1,0,1,0,1,1,1,0,1,0,0,0,1,0,1,1,1,0,1,0,0,1,1,0,0.857390
1,1,0,1,1,1,0,0,1,1,1,1,1,0,0,1,0,1,1,0,0,1,0,1,1,1,1,1,0,1,1,1,0.247203
0,1,1,0,1,0,0,1,1,1,0,0,1,1,1,1,0,1,1,0,1,1,1,1,1,1,0,0,1,0,0,0,0.791294
0,1,0,1,0,1,0,0,0,0,1,0,1,0,1,0,1,1,0,1,0,0,1,1,0,0,0,1,1,1,0,0,0.883019
1,1,1,1,0,1,1,1,1,0,0,1,0,1,0,0,1,1,1,0,1,1,0,0,0,0,1,0,0,1,0,0,0.881207
0,0,1,0,0,1,0,0,1,1,0,0,0,0,1,0,0,0,0,1,0,1,1,0,1,0,0,0,0,1,0,1,0.875133
1,1,1,1,0,0,1,0,0,1,0,1,0,0,0,0,0,0,0,1,0,0,1,1,0,0,0,1,0,1,0,1,0.661179
1,1,0,1,0,1,0,1,0,0,1,0,1,0,1,1,1,0,1,0,1,1,0,1,1,1,1,0,1,1,1,0,0.726503
1,1,1,0,1,0,1,0,1,1,1,1,0,1,0,0,0,0,0,0,0,1,0,1,1,1,0,1,0,1,1,0,0.783488
1,1,1,0,1,0,1,0,0,0,1,1,0,1,1,1,1,0,0,1,1,1,0,1,0,0,1,0,1,0,1,1,0.202632
0,1,0,1,0,1,0,1,0,1,1,1,1,1,1,1,1,0,0,0,0,0,0,0,0,1,0,0,0,1,1,1,0.826487
1,1,1,1,0,0,0,1,1,1,0,0,0,0,1,0,0,0,0,1,1,1,1,0,1,0,1,0,0,1,1,0,0.845269
0,1,0,1,1,1,0,0,1,0,0,1,1,0,1,0,1,0,0,1,0,1,0,1,0,1,1,0,0,1,1,0,0.811088
1,0,0,1,1,1,1,0,1,1,1,1,1,0,0,1,0,0,0,1,0,0,0,1,0,1,0,1,0,1,1,0,0.698689
0,0,0,1,0,1,1,1,1,1,1,1,0,0,0,1,0,0,1,1,0,1,0,1,0,0,0,1,0,1,0,1,0.898790
0,0,0,1,0,0,1,1,1,1,1,0,0,1,0,0,0,1,1,0,1,1,0,0,0,1,0,1,0,1,0,0,0.894262
0,1,1,1,0,0,0,1,1,0,1,1,0,0,1,1,1,0,0,1,0,1,1,0,0,1,0,1,1,0,0,0,0.766677
0,1,1,1,1,1,1,1,1,1,1,1,1,1,1,0,1,0,1,1,0,0,1,1,0,0,0,0,1,1,0,1,0.737612
0,0,0,0,0,0,1,1,1,1,0,1,1,1,1,0,0,0,1,1,0,1,1,1,0,1,1,1,1,0,0,1,0.886749
0,0,1,0,0,1,0,1,0,0,1,0,0,0,0,0,0,1,0,1,0,0,0,1,1,1,0,0,1,1,1,1,0.900069
1,1,1,1,1,0,0,1,0,1,1,0,1,0,0,1,1,0,0,1,0,1,1,1,1,0,0,1,0,1,0,1,0.172554
0,0,0,0,1,0,1,1,1,1,0,1,0,1,0,0,1,1,0,1,1,0,0,1,0,0,1,0,0,1,1,0,0.925245
0,0,1,0,0,0,0,0,1,0,1,0,0,1,1,1,0,1,0,1,1,0,0,0,0,1,1,1,1,0,0,0,0.869219
0,0,1,1,0,0,0,1,0,1,0,0,1,0,1,0,1,1,0,1,1,1,1,0,0,1,1,1,1,1,0,1,0.866208
0,1,1,1,0,0,1,1,0,1,1,0,1,0,0,0,1,0,1,0,1,0,1,0,1,0,0,1,1,1,0,0,0.736067
1,1,0,0,0,0,1,0,0,0,0,0,1,1,1,0,0,0,0,1,0,1,1,1,0,0,1,0,1,1,1,1,0.413390
0,0,1,1,1,0,0,1,0,1,0,1,1,0,0,1,0,1,1,0,0,1,0,0,1,0,1,1,0,0,1,1,0.915548
1,0,1,1,1,1,1,0,1,0,1,0,1,1,1,1,0,1,1,1,1,0,1,1,0,0,0,0,0,0,0,1,0.455216
0,0,1,1,0,1,1,0,1,1,0,1,1,1,0,1,1,0,1,0,1,0,1,0,1,0,0,1,0,1,1,1,0.731165
1,0,0,0,1,1,0,1,1,0,0,0,1,1,1,1,1,0,1,1,0,0,1,1,1,1,1,0,0,0,1,0,0.745604
0,0,1,1,0,1,0,0,1,1,0,0,0,0,0,1,1,0,1,0,0,1,1,0,0,0,0,0,1,0,0,1,0.737639
0,0,0,1,0,1,1,0,0,1,1,0,0,1,0,1,1,1,0,1,0,0,1,0,0,1,1,1,0,1,1,0,0.896499
0,0,1,1,0,1,0,1,1,1,0,0,1,0,0,0,0,1,0,1,0,1,0,0,0,1,0,1,0,0,0,0,0.826673
0,0,0,1,1,1,0,0,0,0,0,1,0,1,1,1,1,1,1,0,0,0,1,0,0,0,1,1,0,1,1,0,0.926630
1,0,1,0,1,0,1,0,0,1,1,1,0,0,0,1,1,0,0,1,0,0,1,1,0,1,0,0,0,1,1,0,0.699488
1,1,0,0,0,1,1,0,1,0,1,0,0,1,0,0,1,0,1,1,1,0,1,0,1,1,0,1,0,0,1,1,0.485294
1,1,0,1,1,1,1,0,0,0,1,1,1,0,1,1,1,0,0,0,0,0,0,0,1,0,1,1,0,0,0,0,0.769555
1,0,0,0,1,1,0,0,1,0,0,1,0,0,0,0,0,1,0,1,0,0,0,1,1,1,1,0,0,1,0,1,0.605632
0,0,1,0,0,0,0,1,0,0,1,1,0,1,0,0,1,1,0,1,1,1,1,0,1,0,1,1,0,1,0,1,0.845615
0,0,0,0,1,0,0,1,0,1,1,0,1,0,0,0,1,1,1,1,1,0,1,1,1,1,0,0,1,0,1,0,0.921382
1,0,1,0,1,1,1,1,1,0,0,1,0,1,0,1,0,0,0,1,0,0,0,1,0,0,1,1,0,1,0,1,0.244379
0,0,0,0,1,1,0,0,0,0,1,0,1,1,1,0,1,0,0,0,1,1,1,1,1,1,1,1,1,1,0,0,0.935182
1,1,0,1,0,0,1,0,0,0,0,0,1,1,0,1,1,0,0,0,1,0,0,0,1,1,0,0,0,1,0,0,0.791454
1,1,0,0,1,1,1,0,1,1,1,0,0,0,1,1,1,0,0,0,1,1,0,0,1,0,0,0,1,0,0,0,0.888081
1,1,0,1,0,1,1,0,1,0,1,1,0,0,0,1,0,1,0,0,0,0,1,0,0,0,0,1,0,1,0,1,0.548220
0,1,1,0,1,0,1,1,0,1,0,1,0,0,0,0,0,1,0,0,1,0,0,0,0,0,0,1,0,0,1,0,0.862399
0,0,1,0,0,1,1,0,0,0,1,1,0,1,1,0,1,1,1,0,1,0,0,1,0,0,0,0,1,0,1,1,0.822277
0,0,1,1,0,1,0,0,0,0,0,1,1,1,1,1,0,0,0,0,1,1,1,1,1,1,0,0,0,1,0,1,0.892210
1,0,0,0,0,1,1,1,1,1,1,0,0,0,1,1,1,0,0,1,0,1,0,0,0,1,0,1,1,0,0,0,0.764786
0,0,0,0,1,0,0,1,1,1,1,1,0,1,1,1,0,1,1,0,0,0,0,0,1,0,0,0,0,1,0,1,0.916853
0,0,0,1,1,0,0,1,1,0,1,0,0,0,0,0,1,1,0,1,1,0,1,1,0,1,0,0,1,0,1,1,0.864770
1,0,0,0,0,0,1,0,1,0,0,1,0,1,0,1,0,1,0,1,1,1,1,0,0,0,1,0,1,0,0,1,0.597267
1,0,1,1,0,1,1,0,1,1,0,0,1,0,0,1,1,0,0,1,1,0,1,0,0,1,0,1,0,1,1,0,0.773045
0,0,1,1,1,1,1,0,0,1,0,1,0,0,1,0,1,0,1,0,0,1,0,0,0,0,1,0,1,0,0,0,0.863571
1,0,1,0,1,0,1,0,0,1,0,0,0,1,0,1,0,1,1,0,1,0,0,0,1,1,0,0,0,1,1,0,0.730179
1,1,0,1,1,0,1,0,0,1,0,0,1,0,0,0,0,0,1,0,1,0,1,1,0,1,0,1,1,0,1,0,0.873402
1,1,0,1,0,1,1,1,1,1,0,1,0,0,1,1,1,1,0,0,1,1,0,0,1,0,0,0,1,0,0,0,0.741901
1,0,1,1,1,1,1,0,0,1,1,1,0,1,1,0,1,1,1,1,1,0,1,0,1,0,1,0,0,0,1,0,0.842525
1,0,1,1,0,1,1,0,1,1,1,1,0,0,0,1,0,1,0,0,0,0,1,0,0,0,0,1,1,0,1,0,0.817882
0,0,1,1,0,0,1,1,0,0,0,1,0,0,1,1,0,0,0,0,0,0,0,1,1,1,0,1,1,0,0,0,0.894981
0,0,1,0,0,0,0,1,0,0,1,1,0,0,0,0,1,0,1,1,0,0,0,1,1,1,0,1,0,1,0,0,0.851849
0,0,0,0,1,1,1,0,1,1,1,1,1,0,0,1,1,0,1,0,0,1,1,0,0,1,1,0,0,0,0,0,0.894821
1,1,1,1,1,1,0,0,0,0,0,1,1,0,1,1,1,0,1,0,1,1,0,0,0,0,1,1,0,1,0,1,0.449462
1,1,1,0,0,0,1,1,0,0,0,0,0,0,0,1,1,0,0,1,1,1,0,1,1,1,0,1,1,0,1,1,0.104300
1,1,1,1,0,1,1,1,1,1,1,0,1,1,1,0,0,0,1,0,1,0,1,1,1,0,0,1,0,0,1,1,0.451273
1,0,0,0,1,0,1,0,1,1,0,0,1,0,1,0,1,1,1,1,1,1,1,0,0,1,1,1,0,0,1,0,0.822064
0,0,0,0,0,0,0,1,1,1,1,1,1,0,0,0,1,0,0,0,1,0,0,0,1,1,0,0,1,1,0,1,0.804215
1,1,1,0,1,1,1,0,0,0,1,0,0,1,0,0,0,1,0,0,0,1,1,1,0,1,1,0,0,0,1,0,0.889839
1,1,1,1,1,1,0,1,1,0,1,1,0,1,0,0,1,1,1,0,0,1,1,1,0,0,1,0,0,1,0,1,0.103501
1,0,0,1,1,0,1,0,1,0,0,0,0,1,0,0,0,1,1,1,0,1,1,0,1,0,0,0,0,0,0,0,0.873375
0,0,0,1,1,0,1,0,0,0,0,1,1,1,1,1,0,0,0,0,1,1,0,0,1,1,1,1,1,1,0,1,0.991715
0,0,0,1,1,1,1,1,1,0,1,0,1,0,0,1,0,0,0,1,1,0,1,0,0,1,0,0,1,1,0,1,0.928389
1,0,0,0,1,1,1,1,1,1,1,1,1,1,0,1,1,1,0,1,1,1,1,0,1,0,0,0,1,0,0,1,0.413576
1,0,1,0,1,0,1,0,1,0,1,0,1,0,1,1,1,0,0,1,0,1,0,1,0,0,1,0,1,0,0,1,0.524750
0,1,1,0,0,1,0,1,1,1,0,1,1,1,1,0,0,0,1,1,1,0,0,0,0,0,1,1,1,0,1,0,0.773311
0,0,0,0,0,0,0,0,0,1,0,0,0,0,1,1,1,1,1,1,1,1,0,0,0,0,0,0,0,0,0,1,0.896020
0,1,0,1,0,1,0,1,1,1,0,0,1,0,0,0,0,1,0,1,0,0,0,0,1,0,1,0,1,0,1,1,0.811887
0,0,1,0,1,0,1,1,0,1,0,1,1,0,0,1,0,0,0,0,0,0,1,1,1,0,0,0,1,1,0,1,0.926284
1,1,1,0,1,1,0,1,0,1,1,1,0,1,0,0,0,1,1,0,1,1,1,1,1,0,1,0,1,0,1,0,0.869565
0,0,0,1,1,1,1,0,1,0,0,0,1,0,0,0,0,0,0,0,1,0,1,0,0,1,0,1,1,1,1,1,0.929534
0,1,0,0,1,0,1,1,0,0,1,0,0,0,0,0,1,0,1,0,1,1,0,1,0,0,1,1,1,0,1,0,0.872602
1,1,0,1,1,0,0,1,1,0,0,1,0,0,1,0,0,0,0,0,1,1,0,1,0,0,1,0,0,1,1,0,0.777547
0,1,1,0,0,0,0,0,0,0,1,0,0,1,0,1,0,0,1,1,1,0,0,1,0,1,0,0,0,1,0,1,0.889120
0,1,0,1,0,0,1,0,1,1,0,0,0,0,0,0,1,0,0,1,1,0,0,1,1,1,0,1,0,1,1,1,0.755754
0,1,1,0,0,1,0,1,0,0,1,0,1,0,1,1,0,1,0,1,0,1,0,0,0,0,1,0,0,1,0,1,0.847027
1,1,0,1,1,0,0,1,1,1,0,1,1,0,1,1,0,0,0,1,1,1,0,1,0,1,1,0,1,0,1,0,0.747442
0,1,1,1,0,1,1,0,1,0,0,0,1,0,0,0,0,0,1,0,1,1,1,1,0,1,1,0,0,0,1,1,0.839035
1,0,0,1,1,0,0,1,0,0,1,1,0,1,1,1,0,1,1,0,1,1,0,1,0,0,0,1,0,1,0,1,0.466645
1,1,1,1,0,1,1,0,0,1,0,0,1,1,1,0,0,0,0,0,1,1,1,0,0,1,0,1,1,0,1,0,0.813965
1,1,1,1,1,1,0,1,0,0,1,1,1,0,0,1,1,0,1,1,1,0,0,0,1,1,0,0,0,0,0,0,0.880382
1,1,1,0,1,0,1,1,1,0,1,0,1,0,0,0,0,1,1,0,0,0,0,0,1,1,1,0,1,1,0,1,0.567748
0,0,0,1,1,1,1,0,1,0,1,1,0,0,1,0,0,0,0,1,1,1,1,1,0,1,0,0,0,1,0,1,0.929961
1,1,1,1,1,0,0,0,1,1,1,0,0,1,1,0,1,0,0,1,0,1,1,1,0,1,1,0,1,0,1,1,0.149883
1,0,1,0,1,1,0,1,0,1,0,1,1,1,0,0,0,1,0,0,0,1,0,0,1,1,0,0,1,0,1,0,0.822464
1,1,0,0,1,1,0,0,0,0,1,1,0,0,0,1,0,0,0,0,1,0,1,0,1,0,1,0,0,1,1,0,0.813939
0,0,1,1,1,0,1,0,0,0,1,1,1,0,0,0,1,1,1,0,1,0,0,1,0,1,1,1,1,1,1,0,0.860241
1,0,1,1,0,1,0,0,0,1,1,1,0,1,0,0,0,1,1,1,0,0,0,0,1,0,0,0,1,1,0,1,0.631580
0,0,1,1,1,0,1,1,1,1,1,0,1,0,1,1,1,1,1,1,1,0,0,1,1,0,1,1,0,0,0,0,0.799153
0,1,1,0,1,0,0,1,1,0,1,0,1,1,0,1,0,1,1,1,1,1,0,0,1,0,0,1,0,1,0,1,0.795929
1,1,1,1,1,0,1,0,1,1,0,1,0,0,1,0,1,1,0,1,0,0,0,0,1,1,0,0,1,1,0,0,0.925192
0,1,0,1,1,1,0,0,0,1,1,1,1,0,0,0,1,0,1,0,1,0,0,0,1,1,1,1,0,1,1,1,0.867354
1,1,0,0,0,0,0,1,0,0,1,1,1,1,0,1,0,1,0,1,1,0,0,1,1,1,1,1,0,0,1,0,0.688725
1,0,1,1,1,0,0,1,0,1,0,0,0,1,0,1,1,1,1,0,0,1,1,1,0,1,1,1,1,1,1,0,0.621537
0,0,1,0,0,0,0,0,1,1,0,0,1,1,1,0,1,1,0,0,0,1,0,1,0,1,1,0,0,1,0,1,0.779891
1,0,1,1,1,0,0,0,0,1,0,1,0,1,1,0,1,1,1,1,1,1,1,0,1,0,1,1,0,1,1,0,0.694880
0,0,1,0,0,0,0,0,0,0,0,1,0,1,0,1,0,0,1,1,1,0,0,0,0,0,1,1,0,0,1,0,0.893462
0,0,1,1,0,0,1,0,1,1,0,1,1,1,0,1,0,1,0,1,0,1,1,1,1,1,1,0,0,1,1,0,0.809676
1,0,0,0,1,0,1,1,0,1,0,1,0,0,0,0,0,0,0,1,1,0,1,0,1,1,1,1,0,0,1,0,0.786871
1,0,0,1,1,1,1,1,0,0,0,1,0,1,0,1,1,1,1,0,0,0,1,0,1,0,0,1,0,1,0,0,0.827952
1,1,0,1,0,1,1,1,0,1,1,0,1,0,1,1,0,1,0,0,0,1,1,0,0,1,0,0,1,1,1,0,0.653026
1,0,1,0,1,1,0,0,1,0,0,1,1,0,0,0,0,1,0,0,0,0,0,0,0,0,0,0,1,0,1,1,0.563459
0,1,0,1,1,0,0,1,1,1,0,0,0,0,0,1,0,1,0,0,0,0,0,1,0,1,1,0,1,1,1,0,0.882273
1,0,1,1,1,0,1,0,0,0,1,0,0,1,1,0,1,0,1,0,0,1,1,0,0,0,1,0,0,1,1,1,0.555280
1,0,1,0,0,1,1,0,0,1,1,0,0,0,1,1,0,0,1,1,1,0,1,0,1,1,1,0,0,1,1,1,0.377824
0,1,0,0,1,1,0,1,1,0,0,0,1,1,0,0,0,1,0,0,1,0,1,1,0,1,0,0,0,0,1,1,0.865090
1,1,0,1,1,1,0,0,0,1,0,1,0,0,1,0,0,1,1,1,1,1,0,1,1,0,1,0,0,1,1,0,0.717738
1,0,1,0,1,0,1,0,1,0,0,1,1,0,1,1,1,1,1,1,1,0,1,0,1,1,1,0,0,1,0,0,0.920796
0,0,1,1,0,1,1,1,0,1,1,0,0,1,1,1,1,1,1,1,1,0,0,1,0,0,1,1,0,1,1,1,0.788337
1,1,1,0,1,1,0,1,1,0,0,0,0,1,1,1,0,1,1,1,0,0,0,1,1,0,1,1,1,0,0,1,0.374307
1,0,0,1,0,1,0,1,0,0,1,1,0,1,1,0,0,0,1,1,1,0,1,0,0,0,1,1,0,1,0,1,0.581575
1,1,0,1,0,1,0,1,0,1,1,0,1,1,0,1,1,1,0,1,1,0,1,0,1,0,0,1,0,0,0,1,0.265185
0,1,1,1,0,1,0,0,0,1,0,1,0,1,0,1,1,1,1,1,0,1,0,1,0,0,0,0,0,0,0,1,0.758152
1,0,1,1,0,0,0,0,1,0,1,1,1,0,0,1,0,0,0,0,1,1,0,1,0,1,0,1,0,1,0,1,0.237239
1,1,1,1,0,0,1,1,0,0,1,0,1,0,0,0,1,1,0,0,1,0,1,0,0,0,0,1,0,1,1,1,0.528080
0,1,0,0,1,1,1,0,0,1,1,1,1,1,1,1,1,0,0,0,0,0,1,1,1,1,1,1,0,0,1,1,0.869618
1,1,1,1,1,1,0,0,1,1,1,0,0,0,0,0,1,0,1,1,0,1,1,0,1,0,0,0,1,0,1,0,0.930360
0,1,1,1,0,0,1,1,1,0,0,0,1,1,0,0,0,1,0,0,1,1,0,1,1,1,1,1,0,0,1,0,0.750533
0,1,0,1,0,0,0,0,1,1,0,0,0,0,0,0,0,1,1,0,1,1,1,0,1,0,1,0,1,1,1,0,0.824116
