0,1,0,0,0,0,1,0,0,0,1,0,0,0,1,0,1,1,0,1,1,1,0,1,0,0,1,1,1,1,1,1,0.589381
0,1,0,1,0,1,0,1,0,0,0,1,0,1,1,0,1,0,0,1,0,1,1,1,0,0,0,0,1,0,1,0,0.594842
0,0,1,1,1,1,1,1,0,1,1,1,1,0,0,0,1,1,1,0,0,1,1,0,1,0,1,1,0,0,1,0,0.596574
1,0,0,0,1,0,1,1,0,0,0,1,0,1,1,0,0,0,1,0,1,1,0,0,1,1,0,1,0,0,0,1,0.582987
0,0,0,1,0,1,0,0,0,1,1,0,1,0,1,0,0,0,1,1,1,0,1,0,1,1,0,0,0,1,1,1,0.592125
0,0,1,1,1,1,1,0,1,0,1,0,0,0,1,0,1,0,0,1,1,1,0,0,1,0,0,0,0,1,1,0,0.596361
0,1,1,1,0,0,0,0,1,1,1,1,0,1,0,0,0,0,1,1,0,1,0,1,1,1,1,1,0,1,1,1,0.580190
1,1,1,1,0,0,1,1,0,1,1,0,1,0,0,1,0,1,1,0,0,0,1,0,0,1,0,0,0,1,0,1,0.597586
0,1,1,0,1,0,0,0,1,0,1,0,0,1,0,0,0,1,0,1,0,1,1,1,1,1,0,1,1,0,0,1,0.594256
0,1,1,1,0,1,1,0,1,0,0,0,1,0,0,1,0,1,1,0,0,0,0,0,0,0,0,1,1,1,1,0,0.593057
1,1,1,1,0,1,0,0,0,0,0,0,0,0,1,1,0,0,1,0,1,0,1,0,0,0,1,0,0,0,1,0,0.598412
0,1,1,0,1,0,1,0,0,1,1,1,0,0,1,0,1,1,0,0,0,0,1,1,0,1,1,0,0,0,0,1,0.588901
1,1,1,1,0,0,1,1,0,1,0,1,1,1,1,1,0,0,1,0,0,0,1,0,1,0,0,0,0,1,1,0,0.604087
1,1,1,1,1,1,0,1,1,0,0,0,0,1,1,0,0,0,0,1,0,0,0,1,0,1,1,1,0,0,1,0,0.597160
1,0,1,1,1,0,1,0,1,0,1,1,1,1,1,1,0,1,1,0,1,0,1,0,0,1,0,1,1,0,1,0,0.590846
0,0,1,0,0,1,1,1,1,1,1,1,0,1,0,0,0,1,1,0,1,0,1,0,0,1,1,0,0,0,0,1,0.595881
1,0,0,1,0,0,1,1,1,0,1,1,0,1,1,0,0,0,0,0,1,0,1,1,1,1,0,1,1,0,0,1,0.594523
0,1,0,1,0,0,1,0,0,0,0,0,0,0,1,0,1,1,0,0,1,0,0,0,0,0,0,1,1,1,0,0,0.578192
0,1,0,0,0,1,1,1,0,1,1,0,0,1,1,0,0,0,1,1,1,1,1,0,1,1,1,0,0,1,1,1,0.589301
0,0,1,1,0,1,1,0,0,1,0,0,0,0,1,0,1,0,1,0,1,0,0,0,0,0,1,1,1,0,1,1,0.599291
1,1,1,1,0,1,1,1,0,0,1,0,1,0,0,1,0,0,1,1,0,0,1,0,0,1,0,0,0,1,1,0,0.599238
0,0,1,1,1,0,1,0,0,1,1,0,1,0,0,0,0,1,0,0,1,1,0,1,0,1,0,0,1,1,1,0,0.593191
1,0,1,0,1,0,0,0,1,1,1,1,0,1,0,1,0,0,0,0,1,1,1,1,0,1,0,0,1,1,0,1,0.586850
0,0,1,0,1,0,1,0,0,1,1,0,0,0,1,1,1,0,1,0,0,0,0,1,0,1,1,0,1,1,1,1,0.591406
1,1,1,0,0,1,1,0,1,1,0,0,1,0,0,1,1,0,1,0,1,0,0,1,0,1,0,0,1,1,0,0,0.594016
1,0,1,0,0,1,1,0,0,0,1,1,0,1,1,1,1,0,1,0,1,0,0,1,0,1,1,1,0,0,0,0,0.593777
1,0,1,1,0,0,1,0,0,0,1,1,0,0,0,0,0,1,0,0,1,0,0,1,1,0,0,1,0,0,1,1,0.593084
1,0,0,1,1,0,0,1,1,0,1,0,0,0,1,0,1,1,0,0,0,0,1,1,1,0,1,1,1,1,0,1,0.591645
1,0,0,0,0,1,0,0,0,1,0,1,1,0,1,0,0,1,1,1,0,1,0,1,1,1,1,0,1,1,1,1,0.590606
1,1,0,0,1,0,1,1,0,1,1,1,1,0,1,0,1,1,0,1,1,1,1,1,0,0,1,0,1,0,1,1,0.587463
0,0,1,0,1,0,1,0,1,1,1,0,0,0,0,0,0,1,0,0,1,0,1,1,0,0,0,0,1,0,0,1,0.585624
1,0,0,1,1,0,0,0,0,1,1,1,1,1,0,1,0,0,0,1,0,1,0,1,0,1,0,1,0,0,1,1,0.593324
0,0,1,0,1,1,0,0,0,1,0,1,1,1,0,1,1,0,1,0,1,0,0,1,0,1,1,1,1,0,0,1,0.595801
1,1,1,1,1,1,1,0,0,1,1,0,0,1,1,0,0,0,0,0,1,1,1,1,0,1,0,0,0,0,1,0,0.569427
0,0,0,1,0,1,1,0,1,1,1,0,0,1,0,1,1,1,0,1,0,0,1,0,1,1,1,1,0,0,0,1,0.592098
0,1,1,1,1,0,1,0,0,0,0,1,0,1,1,0,1,0,0,0,0,1,0,0,1,1,0,1,1,1,1,0,0.594443
0,1,1,1,0,1,1,1,1,0,0,1,1,0,1,0,0,0,0,0,0,1,1,0,0,1,1,0,1,1,0,0,0.591672
1,0,1,1,1,1,0,0,0,0,1,0,1,0,1,0,0,0,0,1,1,1,0,0,1,0,1,0,0,0,0,0,0.590713
1,0,1,1,1,0,0,0,0,1,0,0,0,1,1,0,1,1,1,1,0,0,0,1,0,0,0,1,1,1,1,0,0.595535
1,0,0,0,1,1,1,0,1,1,0,0,0,1,0,1,1,1,0,0,0,1,0,1,1,0,0,1,1,1,0,1,0.590233
0,1,1,0,1,0,0,1,0,0,0,1,1,0,0,1,0,1,0,1,0,1,1,0,1,0,1,1,0,0,0,0,0.590979
1,1,0,1,1,1,0,1,0,0,0,0,1,1,0,0,1,0,1,1,0,1,1,1,1,0,1,0,0,0,1,1,0.594096
0,0,0,1,0,0,0,0,1,1,0,0,0,1,1,0,0,1,0,1,1,0,0,1,0,1,1,0,0,1,0,1,0.581149
1,1,1,1,0,1,0,0,1,0,1,1,0,0,0,1,0,0,0,1,1,0,1,0,1,1,1,1,1,0,0,1,0.593244
0,1,0,0,1,0,1,0,1,1,1,0,0,0,1,1,0,1,0,1,0,1,1,1,1,0,1,0,0,1,0,0,0.591326
1,1,0,1,0,1,0,1,0,1,0,1,1,1,0,1,1,0,1,1,0,1,0,1,0,0,1,0,0,1,0,0,0.599211
1,1,0,0,0,0,1,0,0,0,1,1,0,1,0,0,0,0,0,1,1,1,0,1,1,1,0,0,0,0,1,1,0.592045
0,0,1,0,0,0,1,1,1,0,1,1,0,0,1,1,0,1,1,1,0,1,0,1,1,0,0,1,1,0,1,0,0.592604
0,1,1,1,0,1,0,1,0,1,1,1,1,1,1,1,1,0,1,1,1,1,0,0,1,0,1,0,0,1,0,0,0.602701
1,1,1,0,1,1,1,0,1,1,0,0,0,1,1,1,0,1,1,1,1,0,1,1,1,1,1,1,0,0,1,1,0.569054
1,1,0,1,0,1,1,1,0,1,0,1,1,1,0,0,1,1,1,0,1,1,0,0,1,1,1,1,1,0,1,1,0.600304
1,0,0,1,0,1,0,0,0,1,0,0,1,1,0,0,1,1,1,1,1,1,1,0,0,0,0,1,0,1,1,0,0.561115
1,0,0,1,0,1,1,0,1,1,1,0,0,1,1,0,0,1,0,1,1,0,1,0,0,0,0,1,0,1,0,1,0.593164
1,1,0,1,1,0,0,0,0,0,1,1,1,1,0,0,1,0,0,1,1,0,0,0,1,1,0,0,0,0,0,1,0.595029
0,1,0,1,1,0,1,1,0,0,0,1,1,1,0,1,0,0,0,0,1,1,0,1,0,1,0,0,1,1,1,1,0.541134
0,0,0,0,1,0,0,1,0,1,0,0,0,1,1,0,1,0,0,1,1,1,1,0,1,0,1,0,0,0,1,1,0.594629
1,1,0,0,1,0,1,0,1,0,1,1,0,1,1,0,0,1,0,1,0,0,0,0,1,1,0,0,1,0,1,1,0.597720
0,1,0,0,1,0,1,1,1,0,1,0,1,1,0,1,1,0,1,0,1,1,0,0,0,0,1,0,1,1,1,0,0.570093
0,1,0,1,0,1,1,1,1,1,1,1,0,1,1,1,0,1,0,0,1,0,0,1,1,0,0,1,0,1,0,0,0.593350
1,0,0,0,1,1,1,0,1,1,0,0,0,0,1,1,0,0,0,1,0,0,0,0,1,0,0,0,0,0,0,1,0.590153
1,0,0,0,0,0,1,0,1,0,1,0,0,0,0,0,1,0,1,0,0,1,0,1,0,1,1,0,1,0,1,0,0.592445
1,0,1,0,1,0,1,0,0,1,1,1,1,0,0,1,1,1,1,1,0,0,0,0,1,0,0,0,0,0,1,0,0.592311
0,0,0,1,0,0,0,1,1,0,1,1,1,1,1,1,1,0,0,0,0,1,0,1,1,0,1,1,0,1,1,1,0.554934
1,0,1,0,1,1,0,0,1,0,1,0,0,1,0,1,1,0,0,0,1,0,1,0,1,0,0,0,0,1,0,0,0.589248
1,1,0,1,0,1,1,1,0,1,0,0,1,1,1,1,1,1,0,1,1,0,1,1,1,0,1,0,0,1,0,0,0.591459
0,0,1,1,0,0,1,0,1,1,1,1,1,1,0,0,1,0,0,0,1,1,1,0,0,0,1,1,0,0,1,0,0.594230
1,1,1,1,1,1,1,0,1,1,0,1,0,1,0,0,1,0,0,1,1,0,0,0,1,1,0,0,1,0,1,0,0.594496
0,0,1,0,0,1,0,0,1,0,1,0,0,0,1,1,1,1,0,0,1,1,1,1,0,0,1,0,0,0,1,0,0.588555
0,1,1,0,1,0,1,0,1,0,0,0,0,0,1,1,1,0,1,0,0,1,0,0,1,1,0,1,1,0,1,0,0.589674
0,1,1,1,0,0,0,0,0,0,0,1,1,0,1,1,0,0,1,0,1,0,0,1,1,0,1,0,0,0,1,1,0.594762
1,0,1,0,0,0,0,1,1,0,1,0,1,1,1,0,1,0,0,1,1,1,1,0,0,1,0,1,0,0,0,1,0.594922
0,0,1,0,0,0,0,0,0,1,0,0,0,1,0,1,1,0,1,1,0,0,0,1,0,1,0,1,1,1,0,1,0.601849
0,1,0,0,1,0,1,1,0,0,1,1,0,0,0,1,1,0,0,1,1,0,0,1,1,0,0,0,1,1,1,0,0.586957
1,0,1,0,0,1,1,1,0,1,0,0,0,1,0,0,1,0,0,0,1,1,1,1,0,0,1,1,0,0,0,0,0.591912
0,0,0,1,1,1,0,1,1,1,1,0,0,1,1,1,0,1,1,1,0,0,0,1,0,1,1,1,0,0,0,1,0.588209
1,1,0,0,1,1,0,0,0,1,0,0,0,0,1,1,0,1,0,1,0,1,1,0,1,0,1,0,1,0,1,0,0.588368
1,0,1,0,1,1,0,0,1,1,0,0,0,0,1,1,1,0,1,0,0,1,0,0,0,1,0,1,1,0,1,0,0.593723
1,0,1,1,0,0,0,1,0,1,0,0,1,1,1,0,1,1,0,0,0,0,1,1,1,1,0,1,1,0,1,1,0.592924
1,0,0,0,0,0,1,1,0,1,1,1,1,1,0,0,1,0,1,0,0,0,1,0,0,1,1,0,1,0,0,0,0.599078
1,1,1,1,1,1,0,0,1,1,1,0,1,1,0,1,0,1,1,1,0,1,0,1,0,1,0,1,1,0,1,0,0.591459
0,0,0,0,0,1,0,1,0,0,1,0,1,1,0,1,0,1,0,1,0,1,1,1,0,0,1,1,1,0,1,1,0.557998
1,0,1,0,0,1,0,1,1,1,0,1,1,1,1,0,0,0,1,1,0,1,0,1,1,1,1,0,0,0,1,1,0.593270
0,0,1,1,0,0,0,1,0,0,0,1,1,0,0,0,0,1,1,0,0,1,0,0,1,0,1,0,1,0,0,1,0.588368
0,0,0,0,1,1,1,0,1,1,1,1,1,1,1,1,0,0,0,0,1,0,1,1,0,1,1,0,1,1,0,0,0.552323
1,0,0,0,1,1,1,0,0,1,0,1,1,0,0,0,1,0,1,1,0,1,1,0,1,0,1,1,1,1,0,1,0.592285
1,0,1,1,1,0,0,0,1,0,1,0,1,1,1,0,1,1,0,1,0,0,0,0,1,0,1,1,0,0,1,0,0.592924
0,0,0,0,0,0,1,1,1,1,1,1,1,1,1,0,1,1,0,1,1,1,0,0,1,0,0,0,0,0,1,0,0.596148
1,1,1,0,1,0,0,1,1,1,0,1,0,1,1,1,0,0,1,0,0,1,0,0,0,0,1,1,1,0,0,0,0.596201
0,0,1,1,0,0,1,1,0,0,0,1,0,1,1,1,1,0,0,1,1,1,0,0,0,1,1,0,0,1,0,0,0.590953
1,1,0,1,0,0,0,1,1,0,1,1,1,1,1,1,0,1,1,0,1,1,1,1,1,0,1,1,0,0,1,1,0.569427
1,1,1,0,0,0,0,0,0,0,1,1,0,0,0,0,0,1,1,0,0,1,0,0,1,1,1,1,0,0,1,0,0.587036
0,0,1,1,0,1,0,1,0,1,0,0,0,1,1,1,0,1,1,1,0,0,0,1,0,0,1,1,1,1,0,1,0.592285
0,1,0,0,0,1,1,1,1,1,1,0,1,1,1,1,1,0,0,0,1,0,0,0,1,1,1,0,0,1,0,0,0.597160
1,0,0,1,1,1,0,1,1,1,1,1,0,0,1,1,0,0,0,1,1,0,0,1,1,0,1,1,0,0,1,0,0.590526
1,0,0,1,0,0,1,1,0,0,1,0,0,1,0,1,1,0,1,0,0,0,0,0,0,1,1,0,0,0,0,1,0.593350
0,1,0,0,0,1,0,0,0,1,0,0,0,1,0,1,0,0,1,1,0,0,1,1,0,1,0,1,1,0,1,0,0.593883
0,0,1,1,0,0,1,0,1,0,1,0,1,0,0,0,0,0,0,0,0,1,1,1,0,1,0,1,1,1,0,1,0.598359
0,1,1,1,1,0,0,1,0,1,1,1,1,0,1,1,1,1,0,0,0,1,0,0,1,1,1,0,0,0,0,0,0.597746
1,0,1,1,1,0,0,0,0,1,0,0,1,1,1,0,0,1,1,0,1,0,0,0,1,1,1,0,1,1,0,0,0.597453
0,0,0,0,0,0,0,1,0,0,1,1,1,1,1,0,1,0,1,1,1,0,0,0,0,1,1,0,1,0,1,0,0.594603
0,1,0,1,1,0,0,0,1,0,1,1,0,0,0,1,1,0,0,0,1,1,1,1,0,0,0,0,1,1,0,0,0.594549
0,1,1,0,0,0,1,0,1,1,1,0,1,0,0,1,0,0,0,1,1,0,0,1,0,0,1,0,0,0,0,1,0.595055
1,0,1,1,1,1,1,0,0,0,0,1,0,1,1,1,0,0,1,1,0,1,1,1,0,0,0,0,1,1,0,0,0.586610
1,0,0,1,1,0,0,1,1,0,1,1,1,1,1,0,1,0,1,1,1,1,0,1,1,0,0,0,1,1,0,0,0.593510
0,1,1,1,1,1,0,1,0,1,1,1,1,1,0,1,1,0,1,1,0,1,0,1,1,0,0,0,1,1,1,1,0.546995
1,0,1,1,0,1,1,1,0,1,1,1,1,1,1,0,1,1,0,1,0,0,1,0,0,1,1,1,1,0,1,1,0.580323
1,0,1,1,0,1,0,0,0,1,0,0,0,0,0,1,1,0,0,1,0,1,1,0,0,0,1,0,0,0,1,1,0.593537
0,1,1,0,0,0,1,1,1,1,0,0,0,1,1,0,1,1,0,0,1,0,0,0,1,0,1,0,1,0,0,0,0.597053
1,1,1,1,0,1,1,1,0,1,0,1,1,1,0,0,1,1,1,1,1,0,0,1,0,1,1,1,0,0,1,0,0.595935
0,0,1,0,1,0,1,0,1,0,0,0,0,0,0,0,0,0,0,1,1,0,1,0,1,1,1,1,1,1,1,1,0.595562
0,0,0,0,0,1,0,1,0,1,0,0,0,0,0,0,0,1,1,0,0,1,1,1,1,0,1,0,1,0,0,1,0.576087
0,1,0,0,1,0,0,1,0,0,1,1,1,1,0,0,1,0,1,0,0,1,0,0,0,1,1,1,1,1,1,0,0.591459
1,1,1,1,0,1,0,0,1,1,1,1,0,0,1,0,1,0,0,1,1,0,0,0,1,0,1,0,0,0,1,0,0.587116
0,1,1,0,0,1,1,0,1,1,1,1,0,0,1,0,0,1,0,0,1,1,0,0,0,0,1,0,0,1,0,1,0.594762
0,1,1,0,0,0,0,1,0,0,0,1,0,0,0,1,0,1,1,0,0,1,1,1,1,1,1,0,1,0,1,1,0.587010
1,1,0,0,1,1,1,0,1,1,0,0,0,0,0,1,1,0,1,1,0,0,0,0,0,0,0,1,0,0,0,0,0.588235
1,1,1,1,0,0,1,1,0,1,0,1,0,1,1,1,0,0,0,0,1,1,1,0,1,1,1,0,0,1,1,0,0.596121
0,1,0,1,1,1,0,0,1,1,1,1,0,1,1,1,0,0,0,0,1,0,1,1,1,0,0,1,0,1,1,0,0.591992
1,0,0,1,0,1,0,1,1,1,0,0,0,1,1,1,0,1,1,1,0,1,0,1,0,1,0,1,1,0,1,1,0.568761
0,0,1,0,0,1,1,0,1,1,0,1,1,1,0,0,0,1,0,0,1,0,1,1,1,0,0,1,0,0,1,0,0.596760
0,1,0,1,0,0,1,1,1,1,1,1,0,0,0,0,0,1,0,1,0,0,1,1,0,1,1,1,0,1,0,0,0.589727
0,0,0,1,1,1,0,0,0,1,1,1,1,1,0,0,1,0,1,0,1,0,1,1,1,0,0,0,1,0,0,0,0.605019
0,1,1,0,1,1,0,1,0,1,1,0,1,1,0,1,1,0,0,0,1,1,0,1,1,1,1,0,1,1,0,1,0.589354
1,0,1,1,0,1,1,0,1,0,1,1,0,0,0,1,0,1,1,0,0,1,0,0,1,0,1,0,0,0,1,0,0.591352
0,1,1,1,1,0,0,1,1,0,0,0,1,1,0,1,0,0,0,1,0,0,0,0,0,0,0,1,1,1,0,1,0.601050
1,0,0,1,1,1,1,0,0,0,1,0,0,1,0,0,1,1,0,1,1,0,0,0,0,0,0,0,0,1,0,0,0.580243
1,1,0,0,1,1,0,0,1,0,0,0,1,1,0,1,1,1,0,1,0,1,1,1,0,1,0,0,1,1,0,0,0.555174
0,0,1,1,1,0,1,1,0,0,0,0,1,1,0,1,0,0,0,0,1,1,1,1,1,1,0,0,0,1,1,1,0.559836
