1,1,1,0,0,1,0,1,0,1,0,0,1,1,0,0,1,1,1,1,0,0,1,0,0,0,1,1,1,0,1,0,0.601769
1,0,0,1,0,1,1,1,0,0,0,1,1,1,1,0,0,0,1,1,0,0,1,1,1,1,0,0,1,0,0,0,0.608589
1,1,1,1,0,1,0,0,1,1,0,1,1,0,1,0,0,1,1,0,1,1,0,1,0,0,0,1,0,0,0,1,0.589461
0,0,1,1,0,1,1,0,1,0,0,1,0,0,1,1,1,1,1,1,0,1,0,0,0,1,0,1,1,0,0,1,0.595562
0,0,1,1,1,0,1,0,1,1,1,1,0,1,1,1,1,0,0,0,0,0,1,1,1,0,1,0,1,0,0,1,0.599425
0,1,1,0,0,1,0,1,0,1,0,0,1,1,1,1,1,1,0,1,1,0,1,0,1,0,0,1,0,1,1,0,0.600490
0,1,1,1,1,1,1,0,1,0,0,0,1,1,1,0,0,1,0,0,0,1,0,0,1,1,1,0,0,0,1,1,0.603181
1,0,1,0,1,0,1,0,0,1,1,1,0,0,1,1,0,0,0,1,0,0,1,1,0,1,0,1,1,1,1,1,0.586184
1,1,0,1,1,1,1,1,1,1,0,1,0,0,0,1,0,1,1,0,0,0,1,0,1,1,1,1,1,1,0,1,0.593857
0,1,0,0,1,0,1,1,1,1,1,1,0,1,1,0,1,1,1,0,0,1,0,1,0,1,1,1,1,0,1,0,0.582134
0,0,0,1,1,0,0,1,1,0,0,1,0,0,1,0,0,1,0,1,0,0,0,0,1,0,1,1,0,1,1,1,0.609921
1,1,1,1,1,0,1,0,0,0,0,1,1,0,1,0,0,1,1,0,1,0,1,0,1,1,1,1,0,0,1,1,0.599132
0,1,1,0,0,1,1,1,0,1,1,1,0,1,0,0,0,0,0,1,1,1,0,1,1,0,1,1,1,0,1,1,0.606991
0,0,0,1,1,0,0,1,0,1,1,1,0,1,1,0,0,1,1,0,0,0,0,1,1,0,1,0,0,0,1,0,0.604806
1,1,1,1,0,1,1,1,0,1,0,1,0,1,1,0,0,1,1,1,1,1,0,0,0,0,1,1,1,1,1,1,0.585225
0,0,0,0,0,1,0,0,1,1,1,1,1,0,0,0,1,1,0,0,1,0,1,1,0,0,1,1,0,0,0,0,0.644128
1,1,0,0,1,0,0,1,1,1,0,0,1,1,1,1,0,1,0,1,1,0,0,1,0,1,0,1,1,1,0,0,0.575980
0,1,0,0,1,1,0,0,0,0,1,1,1,0,1,0,0,0,0,0,0,0,0,0,0,0,0,0,0,0,0,0,0.580429
1,0,0,1,1,0,1,0,0,0,1,0,0,0,1,1,0,1,1,0,0,1,0,1,1,0,0,0,0,1,1,0,0.611813
0,0,1,1,0,0,1,1,1,0,1,0,0,0,1,1,1,0,0,1,0,1,0,1,1,1,0,1,1,1,1,0,0.591752
1,0,0,0,0,0,0,0,0,0,1,1,1,0,1,1,0,0,0,1,0,1,0,1,1,0,0,0,0,1,0,0,0.626252
0,0,0,0,1,1,0,1,0,0,1,1,0,1,0,0,1,1,1,1,0,1,0,1,0,1,1,1,0,1,0,1,0.671622
0,0,1,0,1,1,1,0,0,0,1,1,1,0,0,0,1,1,1,1,1,0,1,1,0,1,1,0,0,1,1,1,0.604220
1,1,0,1,0,1,1,0,1,0,1,0,1,1,0,1,1,1,0,0,0,0,0,0,0,0,1,1,1,1,1,1,0.584266
1,0,0,0,0,1,1,0,0,0,0,1,0,0,0,0,0,0,1,1,1,0,0,0,0,0,1,1,1,1,1,1,0.619912
1,0,0,0,0,1,1,0,1,0,0,1,1,1,1,0,0,1,0,0,1,0,1,0,0,1,1,0,1,1,0,1,0.589035
0,0,0,0,1,0,1,1,1,1,0,0,1,0,0,0,0,0,0,0,0,0,1,1,1,1,1,1,0,0,1,1,0.618579
0,0,1,0,0,1,1,1,1,1,0,1,0,0,0,0,1,0,0,0,1,0,1,1,0,1,1,1,0,1,1,0,0.596494
1,1,1,0,1,1,1,1,1,1,1,0,1,0,1,1,1,1,0,1,1,1,1,1,1,0,1,0,0,0,1,1,0.607204
0,0,0,1,0,1,0,1,1,1,1,1,0,1,1,0,0,0,1,0,1,0,1,1,1,1,1,0,1,0,0,1,0.584559
1,0,1,0,0,0,1,1,0,1,0,0,1,1,0,1,1,0,1,0,0,1,0,0,1,1,1,1,1,0,0,1,0.619832
1,1,1,0,0,1,1,1,1,0,0,0,1,0,0,1,1,0,0,0,0,1,0,1,0,1,1,1,0,0,0,1,0.625160
0,0,1,1,1,0,1,1,1,1,1,0,1,0,0,0,1,1,0,0,1,0,1,1,1,1,0,1,0,0,1,1,0.593963
0,0,1,0,0,1,0,1,1,1,0,1,1,0,0,0,1,0,0,0,1,0,0,1,1,1,0,0,0,1,0,1,0.634884
1,0,0,1,1,1,1,0,1,1,0,0,0,1,1,0,1,0,0,0,0,1,0,1,1,1,0,0,1,1,1,0,0.606671
0,0,1,0,0,0,0,1,0,1,0,1,0,0,1,0,0,1,0,1,1,0,1,1,1,1,1,1,1,1,1,0,0.613225
0,1,1,0,0,0,1,0,1,1,1,1,1,0,0,1,0,1,1,0,0,0,1,0,0,1,1,0,1,1,0,1,0.601582
1,1,0,0,0,1,1,0,0,1,1,1,0,0,0,0,1,0,0,1,0,1,1,1,1,1,0,1,0,0,1,0,0.621723
1,0,0,0,1,0,1,0,0,0,0,0,1,0,0,0,0,1,1,1,1,1,1,0,1,0,0,1,0,1,1,1,0.617061
0,1,0,1,0,0,1,0,0,1,0,0,1,1,0,0,1,0,1,0,1,0,0,1,1,0,1,1,0,1,0,1,0.617727
0,1,1,0,1,1,1,1,1,0,0,0,1,0,0,0,0,0,1,0,1,0,1,1,0,1,0,1,1,1,1,1,0.603181
0,0,1,1,0,0,1,1,0,0,0,1,1,1,1,1,1,0,1,0,0,1,0,0,0,1,0,1,1,0,0,1,0.598892
1,1,0,1,0,1,1,1,1,1,1,1,0,1,0,0,0,0,1,1,0,0,0,0,1,0,0,1,1,1,1,0,0.598359
0,1,1,0,0,1,1,1,0,1,1,0,1,0,1,0,0,1,0,1,1,0,0,1,1,1,0,0,0,0,0,1,0.599371
0,1,1,1,0,0,1,1,1,1,1,1,1,0,0,1,1,1,1,0,1,0,0,1,0,0,1,1,1,0,0,1,0.601582
1,0,1,1,1,0,0,1,1,1,1,1,0,1,0,1,0,1,1,0,1,0,1,0,0,1,1,1,0,0,0,1,0.601103
0,0,1,0,0,1,0,1,0,0,1,1,1,0,1,1,1,0,1,0,0,1,1,1,1,1,1,1,0,1,0,0,0.623961
1,0,0,0,1,0,0,0,0,0,1,0,0,0,0,0,0,1,0,1,0,0,1,0,0,0,0,1,0,0,1,0,0.613571
0,0,1,0,1,1,0,0,0,1,1,1,0,1,1,1,0,0,1,0,0,1,0,1,0,0,1,0,0,0,0,1,0.608882
0,1,1,0,0,0,1,0,0,1,0,0,0,0,1,0,1,1,0,0,0,1,1,1,0,0,1,0,0,0,1,0,0.670290
1,1,0,0,1,0,0,0,1,0,0,1,1,1,1,0,1,0,1,1,0,1,1,1,0,1,1,0,0,1,0,0,0.607603
0,1,1,0,1,0,1,1,1,0,1,0,0,1,0,0,1,1,0,1,1,0,0,0,1,0,1,0,1,0,1,0,0.615116
0,0,0,0,1,1,1,1,0,0,0,1,0,1,1,1,1,0,1,1,1,1,1,0,0,0,1,1,1,0,0,1,0.610454
1,1,0,1,0,0,0,1,0,0,0,0,1,0,1,0,1,1,0,1,1,0,1,1,1,0,1,1,1,1,1,0,0.616954
1,1,0,0,0,1,0,0,0,0,1,1,0,1,0,0,0,0,1,1,0,1,1,0,0,1,0,0,1,1,0,0,0.638214
1,0,1,1,0,1,0,1,0,1,0,1,1,1,0,0,0,0,0,0,1,0,1,1,1,0,0,1,1,1,1,0,0.608722
1,1,1,0,1,1,1,0,1,0,1,0,0,0,1,0,0,1,1,0,1,1,1,0,0,0,0,1,0,1,0,1,0.606484
1,0,1,1,0,0,0,1,0,1,1,1,0,0,0,1,0,1,0,0,0,0,0,1,1,1,0,0,1,1,1,1,0.605286
0,0,0,1,1,0,0,1,1,1,1,1,1,1,0,1,1,0,0,0,0,0,1,1,1,1,0,0,0,1,1,1,0.603634
1,1,1,0,0,1,0,0,0,1,1,0,0,0,0,1,0,1,1,1,1,1,0,0,1,0,1,0,1,0,0,1,0.598039
0,0,1,1,0,0,0,0,0,1,1,0,0,0,0,1,0,1,1,0,0,1,1,0,1,0,0,1,0,0,0,1,0.627531
0,0,0,1,1,0,0,1,1,0,0,0,1,1,1,0,1,0,0,1,0,0,0,0,0,0,0,1,0,1,0,0,0.614210
0,1,1,1,1,0,1,0,1,1,1,0,0,1,0,0,1,1,1,1,1,0,1,1,0,0,1,1,0,1,1,0,0.626439
1,0,1,0,0,1,0,0,1,0,0,1,1,0,1,1,1,1,0,1,0,0,0,1,1,0,1,0,1,0,1,0,0.610001
1,1,1,0,0,0,1,1,0,0,1,1,0,0,1,0,1,0,0,0,0,1,1,1,1,0,0,0,1,1,1,1,0.625453
0,1,1,1,0,0,0,1,1,1,0,1,0,1,1,0,1,0,0,1,1,1,0,1,1,0,0,0,0,0,0,0,0.609628
1,1,0,0,0,1,1,0,1,0,1,1,1,1,0,0,1,0,0,0,1,1,0,1,1,1,1,0,0,1,1,0,0.611520
0,0,0,1,1,0,0,1,1,1,0,0,0,1,0,1,0,1,0,0,0,1,1,1,0,0,1,1,0,0,0,1,0.628357
0,0,1,0,0,0,1,0,0,0,0,0,1,0,1,1,1,1,0,1,1,0,1,0,1,0,0,0,1,0,1,1,0.632140
0,0,0,1,0,0,1,1,1,1,0,1,1,0,1,1,0,1,1,0,1,1,0,1,0,1,0,0,1,0,1,0,0.595668
1,1,1,0,1,0,0,1,0,1,1,0,1,0,1,0,1,0,0,1,1,1,1,1,1,1,1,0,1,0,1,0,0.607497
1,1,1,0,1,0,0,0,0,1,0,1,1,0,0,0,1,1,1,0,1,0,1,0,1,1,1,1,1,0,0,1,0.611813
0,0,1,0,0,1,0,1,0,1,0,1,0,1,1,1,1,1,0,1,1,1,1,1,0,1,0,1,1,0,0,0,0.608589
1,1,0,0,1,1,1,0,1,0,1,0,1,0,1,0,0,1,1,1,1,0,1,0,1,0,1,1,0,1,1,0,0.594922
0,0,1,0,1,1,0,0,1,0,1,0,0,1,1,1,0,0,0,0,1,1,1,1,0,1,0,0,0,1,0,0,0.575421
1,0,1,0,0,1,1,1,1,1,0,0,0,1,0,0,1,0,0,0,0,1,1,1,0,1,0,0,0,1,1,0,0.597986
0,0,1,0,0,1,0,1,0,1,1,1,1,1,1,0,0,0,1,1,0,1,0,1,0,1,1,1,1,1,1,1,0.568494
0,1,0,0,1,0,1,1,0,1,1,1,0,0,0,1,0,0,0,1,1,0,1,1,1,0,0,1,1,0,1,0,0.604513
1,1,1,0,1,1,1,1,1,0,0,0,0,1,1,1,1,0,0,0,1,0,0,1,1,1,1,0,1,0,0,1,0.635177
1,0,1,0,0,0,1,1,1,0,1,1,0,1,0,0,0,1,0,1,0,1,1,1,0,0,1,0,1,0,0,1,0.609761
1,0,1,0,1,1,0,1,0,0,1,0,0,0,1,0,0,1,1,1,1,1,0,1,0,0,1,0,0,1,0,0,0.640905
1,1,1,0,1,0,1,1,1,0,1,1,1,1,0,0,0,0,1,1,1,0,0,0,0,0,1,0,0,0,0,1,0.626066
1,0,0,0,1,1,0,0,0,1,1,1,1,0,1,1,1,1,0,1,1,0,1,1,1,0,0,0,0,0,0,1,0.612159
0,0,0,0,1,1,1,1,0,0,0,0,1,0,0,1,1,0,0,0,0,0,1,1,0,0,0,1,0,0,1,0,0.597613
0,0,0,1,0,1,0,1,1,1,1,0,0,0,0,0,0,0,0,0,1,0,0,1,1,1,1,0,1,0,0,1,0.632433
0,1,1,0,1,1,1,1,1,0,1,0,1,1,0,1,0,0,0,1,0,0,0,0,0,0,0,1,0,0,0,1,0.605206
0,1,0,1,0,0,0,1,1,0,1,0,1,0,1,1,1,1,1,1,0,0,1,0,1,1,1,0,0,0,1,0,0.602568
0,0,1,1,1,1,0,1,1,1,0,0,1,1,0,0,1,0,1,0,1,0,0,0,0,1,1,1,1,0,0,1,0.615729
0,0,0,0,1,0,0,0,1,0,1,0,0,1,0,1,1,0,0,0,0,0,1,0,0,1,0,0,1,0,0,1,0.627931
1,1,0,0,1,1,0,0,1,0,1,1,1,1,0,0,0,0,1,1,0,0,0,0,1,0,0,0,0,0,0,1,0.618473
1,1,1,1,1,0,1,0,1,1,1,0,1,1,0,0,0,0,0,1,0,1,0,0,0,1,1,0,0,1,0,0,0.633285
1,0,0,1,1,1,0,1,1,0,1,0,0,0,0,0,1,1,0,1,1,0,1,1,0,0,1,0,1,0,1,0,0.608323
0,1,0,1,0,1,1,1,1,1,1,0,1,0,1,0,0,1,0,0,0,0,1,0,0,1,1,0,0,0,0,1,0.606378
1,0,0,1,1,1,1,0,1,1,0,0,0,1,1,0,0,0,1,1,0,1,0,1,0,0,0,1,0,0,1,1,0.604540
0,0,0,0,1,0,1,1,1,0,0,1,1,0,0,1,1,1,1,0,0,1,0,1,1,1,0,0,0,0,1,0,0.615516
0,1,1,1,0,1,1,0,0,0,1,1,0,1,0,1,0,1,1,1,0,0,1,0,1,1,0,0,0,0,1,0,0.610800
0,0,0,1,0,1,0,1,1,0,0,1,1,0,0,1,1,0,0,1,0,0,0,1,0,1,0,0,0,1,1,1,0.626998
1,0,1,1,0,0,1,1,1,1,1,1,1,0,1,1,1,1,1,0,1,1,0,0,0,0,0,1,1,0,1,0,0.610694
0,0,1,1,0,1,1,1,0,0,0,1,1,1,1,0,1,1,0,0,1,0,1,0,1,0,1,0,0,0,1,0,0.614264
1,1,1,1,1,0,0,1,0,1,1,1,1,0,0,1,1,0,1,1,0,1,0,1,0,1,0,1,0,1,0,0,0.606564
1,0,0,0,1,0,0,1,0,0,1,0,0,0,0,0,0,0,1,0,0,0,1,0,1,0,0,0,0,0,1,0,0.638161
0,0,1,1,1,0,1,1,1,0,1,0,0,0,0,0,1,0,0,0,1,1,0,0,0,0,0,1,1,1,0,0,0.623029
0,0,0,1,1,1,0,1,1,1,1,1,1,0,0,0,1,0,1,0,0,1,1,1,0,1,0,1,1,0,0,0,0.614290
0,0,0,0,1,1,1,0,1,0,0,1,0,1,1,1,0,1,0,0,1,0,0,1,0,1,0,0,0,0,1,0,0.598759
0,1,0,0,1,0,0,1,0,0,0,0,1,1,0,1,0,0,1,1,0,1,0,1,0,1,0,0,1,0,0,0,0.617354
0,1,0,0,0,0,0,0,0,1,1,1,1,1,1,0,1,0,0,0,0,0,1,0,1,1,1,1,0,0,0,1,0.622176
0,1,1,1,1,0,0,1,1,1,1,0,1,1,1,1,1,1,0,0,1,0,1,1,1,0,0,1,0,0,0,1,0.583094
0,0,1,1,1,1,1,1,0,1,0,1,0,0,1,1,1,0,0,0,1,1,1,1,0,0,1,0,0,1,0,0,0.623588
0,0,0,0,1,1,0,0,0,0,1,0,1,1,0,0,1,0,1,1,1,0,1,0,1,0,0,1,1,1,1,0,0.634404
1,1,1,0,0,0,1,1,1,1,1,0,0,1,1,0,1,0,0,0,1,0,0,1,1,1,1,0,0,1,0,0,0.605872
1,0,0,1,0,1,1,1,0,0,0,1,0,1,0,0,0,1,0,1,0,0,0,0,1,1,1,1,1,1,0,1,0.636988
0,0,1,1,1,1,0,1,1,1,0,1,1,1,1,0,1,1,1,1,0,0,1,0,0,1,0,0,0,0,0,0,0.623188
0,0,1,0,1,0,1,0,1,0,1,1,0,1,1,0,1,1,1,0,0,0,0,1,1,1,0,0,0,0,1,1,0.602115
1,0,1,1,0,0,0,1,1,0,1,1,0,1,1,1,0,0,0,1,0,0,1,0,1,1,1,0,0,0,1,1,0.593164
1,1,0,0,1,1,1,0,0,0,0,1,1,0,1,1,0,1,0,1,1,0,1,1,1,1,0,0,0,0,0,1,0.590606
1,1,0,1,1,1,1,0,1,0,0,0,0,0,0,0,0,0,0,0,1,0,1,1,1,1,0,0,0,0,1,1,0.606138
0,0,1,0,0,1,1,0,1,0,1,0,1,1,1,0,0,1,1,0,1,0,0,0,0,0,1,0,1,0,1,0,0.594816
1,1,1,0,1,1,1,1,0,0,1,1,1,1,0,0,0,1,1,1,1,0,1,0,0,1,0,0,0,0,1,1,0.609868
1,0,0,0,0,1,0,1,1,1,0,1,1,0,1,1,0,0,0,0,1,0,1,1,0,0,0,0,1,0,1,0,0.614903
0,1,1,1,0,0,1,1,0,1,0,1,0,0,0,1,0,1,1,1,0,1,1,0,1,1,1,0,0,1,0,1,0.635710
1,0,1,0,0,0,1,1,0,0,0,0,1,0,1,0,1,0,0,0,1,1,0,0,0,1,1,0,1,0,0,0,0.620924
1,0,1,0,0,0,1,1,1,1,1,0,1,1,1,0,0,1,1,0,0,1,1,1,0,1,1,0,0,0,0,1,0.597133
0,1,0,0,0,0,1,0,0,1,1,1,1,0,1,1,1,0,1,0,0,1,0,1,1,0,0,1,1,0,0,1,0.596707
0,0,0,0,0,1,1,1,1,1,1,1,1,0,0,0,1,1,1,0,0,1,0,1,1,1,0,0,0,1,1,0,0.611839
1,0,1,0,0,1,0,1,1,0,0,0,1,0,0,0,0,1,0,1,0,0,0,1,0,0,0,1,1,0,1,0,0.616075
1,0,0,1,0,0,0,1,1,0,1,0,0,1,1,1,0,0,0,1,0,1,1,1,1,1,0,1,1,1,1,1,0.531543
0,1,1,0,1,1,1,1,1,0,0,0,0,0,1,0,1,0,1,1,1,0,0,1,0,0,1,0,1,1,0,0,0.609895
1,1,0,1,0,1,1,1,0,1,0,1,0,0,1,1,0,1,0,1,0,1,1,1,1,0,1,0,0,1,1,1,0.553149
