0,1,1,0,1,1,1,1,1,0,1,0,1,1,0,1,0,0,0,1,0,0,0,0,0,0,0,1,0,0,0,1,0.604140
1,1,0,1,0,1,1,1,0,1,0,1,0,0,1,1,0,1,0,1,0,1,1,1,1,0,1,0,0,1,1,1,0.557491
1,1,0,1,0,0,0,1,0,0,0,0,1,0,1,0,1,1,0,1,1,0,1,1,1,0,1,1,1,1,1,0,0.613411
0,1,1,1,0,0,1,1,1,1,1,1,1,0,0,1,1,1,1,0,1,0,0,1,0,0,1,1,1,0,0,1,0.598306
0,0,1,0,0,0,0,1,0,1,0,1,0,0,1,0,0,1,0,1,1,0,1,1,1,1,1,1,1,1,1,0,0.609015
0,0,1,1,0,0,1,1,0,0,0,1,1,1,1,1,1,0,1,0,0,1,0,0,0,1,0,1,1,0,0,1,0.597826
0,1,1,1,1,0,0,1,1,1,1,0,1,1,1,1,1,1,0,0,1,0,1,1,1,0,0,1,0,0,0,1,0.580083
1,0,0,1,1,1,1,0,1,1,0,0,0,1,1,0,0,0,1,1,0,1,0,1,0,0,0,1,0,0,1,1,0.601822
0,0,1,0,1,0,1,0,1,0,1,1,0,1,1,0,1,1,1,0,0,0,0,1,1,1,0,0,0,0,1,1,0.598599
1,0,0,1,0,0,0,1,1,0,1,0,0,1,1,1,0,0,0,1,0,1,1,1,1,1,0,1,1,1,1,1,0.535113
1,1,1,1,0,1,1,1,0,1,0,1,0,1,1,0,0,1,1,1,1,1,0,0,0,0,1,1,1,1,1,1,0.580802
1,0,0,0,1,0,0,0,0,0,1,0,0,0,0,0,0,1,0,1,0,0,1,0,0,0,0,1,0,0,1,0,0.608935
1,0,0,0,1,1,0,0,0,1,1,1,1,0,1,1,1,1,0,1,1,0,1,1,1,0,0,0,0,0,0,1,0.610774
0,1,0,0,1,0,1,1,0,1,1,1,0,0,0,1,0,0,0,1,1,0,1,1,1,0,0,1,1,0,1,0,0.599185
1,0,1,0,0,0,1,1,1,0,1,1,0,1,0,0,0,1,0,1,0,1,1,1,0,0,1,0,1,0,0,1,0.607444
0,0,0,0,0,1,1,1,1,1,1,1,1,0,0,0,1,1,1,0,0,1,0,1,1,1,0,0,0,1,1,0,0.609548
0,1,0,1,0,1,1,1,1,1,1,0,1,0,1,0,0,1,0,0,0,0,1,0,0,1,1,0,0,0,0,1,0.602302
1,1,1,1,0,1,0,0,1,1,0,1,1,0,1,0,0,1,1,0,1,1,0,1,0,0,0,1,0,0,0,1,0.587916
0,0,0,1,0,1,0,1,1,1,1,0,0,0,0,0,0,0,0,0,1,0,0,1,1,1,1,0,1,0,0,1,0.627078
1,1,1,0,1,0,1,1,1,0,1,1,1,1,0,0,0,0,1,1,1,0,0,0,0,0,1,0,0,0,0,1,0.618366
0,0,0,1,0,1,0,1,1,1,1,1,0,1,1,0,0,0,1,0,1,0,1,1,1,1,1,0,1,0,0,1,0.581602
1,0,1,0,0,0,1,1,0,0,0,0,1,0,1,0,1,0,0,0,1,1,0,0,0,1,1,0,1,0,0,0,0.619272
1,0,1,0,0,0,1,1,0,1,0,0,1,1,0,1,1,0,1,0,0,1,0,0,1,1,1,1,1,0,0,1,0.618313
0,1,1,0,0,1,1,1,0,1,1,0,1,0,1,0,0,1,0,1,1,0,0,1,1,1,0,0,0,0,0,1,0.596627
0,0,1,1,1,0,1,1,1,0,1,0,0,0,0,0,1,0,0,0,1,1,0,0,0,0,0,1,1,1,0,0,0.616075
0,0,0,1,0,0,1,1,1,1,0,1,1,0,1,1,0,1,1,0,1,1,0,1,0,1,0,0,1,0,1,0,0.593750
0,0,1,1,1,0,1,0,1,1,1,1,0,1,1,1,1,0,0,0,0,0,1,1,1,0,1,0,1,0,0,1,0.595748
1,0,0,1,0,1,1,1,0,0,0,1,1,1,1,0,0,0,1,1,0,0,1,1,1,1,0,0,1,0,0,0,0.603687
0,0,0,1,1,0,0,1,1,0,0,0,1,1,1,0,1,0,0,1,0,0,0,0,0,0,0,1,0,1,0,0,0.609228
1,0,1,1,0,0,0,1,0,1,1,1,0,0,0,1,0,1,0,0,0,0,0,1,1,1,0,0,1,1,1,1,0.601076
1,1,1,0,1,1,1,1,1,0,0,0,0,1,1,1,1,0,0,0,1,0,0,1,1,1,1,0,1,0,0,1,0.629902
0,1,0,0,0,0,1,0,0,1,1,1,1,0,1,1,1,0,1,0,0,1,0,1,1,0,0,1,1,0,0,1,0.593883
0,1,1,0,0,1,0,1,0,1,0,0,1,1,1,1,1,1,0,1,1,0,1,0,1,0,0,1,0,1,1,0,0.597560
0,0,1,1,1,1,1,1,0,1,0,1,0,0,1,1,1,0,0,0,1,1,1,1,0,0,1,0,0,1,0,0,0.615143
0,1,1,0,0,0,1,0,1,1,1,1,1,0,0,1,0,1,1,0,0,0,1,0,0,1,1,0,1,1,0,1,0.596840
0,1,1,1,1,0,1,0,1,1,1,0,0,1,0,0,1,1,1,1,1,0,1,1,0,0,1,1,0,1,1,0,0.621430
0,0,1,0,0,1,1,0,1,0,1,0,1,1,1,0,0,1,1,0,1,0,0,0,0,0,1,0,1,0,1,0,0.587170
1,1,0,0,1,0,0,0,1,0,0,1,1,1,1,0,1,0,1,1,0,1,1,1,0,1,1,0,0,1,0,0,0.605072
1,0,0,0,0,1,1,0,1,0,0,1,1,1,1,0,0,1,0,0,1,0,1,0,0,1,1,0,1,1,0,1,0.585864
1,1,0,0,0,1,1,0,1,0,1,1,1,1,0,0,1,0,0,0,1,1,0,1,1,1,1,0,0,1,1,0,0.605286
0,0,1,1,1,0,1,1,1,1,1,0,1,0,0,0,1,1,0,0,1,0,1,1,1,1,0,1,0,0,1,1,0.588368
0,1,0,0,1,0,0,1,0,0,0,0,1,1,0,1,0,0,1,1,0,1,0,1,0,1,0,0,1,0,0,0,0.614983
1,0,1,0,1,0,1,0,0,1,1,1,0,0,1,1,0,0,0,1,0,0,1,1,0,1,0,1,1,1,1,1,0.582507
0,1,1,1,0,1,1,0,0,0,1,1,0,1,0,1,0,1,1,1,0,0,1,0,1,1,0,0,0,0,1,0,0.606777
1,0,1,1,0,1,0,1,0,1,0,1,1,1,0,0,0,0,0,0,1,0,1,1,1,0,0,1,1,1,1,0,0.606165
1,1,1,1,1,0,1,0,1,1,1,0,1,1,0,0,0,0,0,1,0,1,0,0,0,1,1,0,0,1,0,0,0.626519
1,1,1,0,1,1,1,1,0,0,1,1,1,1,0,0,0,1,1,1,1,0,1,0,0,1,0,0,0,0,1,1,0.608429
0,1,0,0,0,0,0,0,0,1,1,1,1,1,1,0,1,0,0,0,0,0,1,0,1,1,1,1,0,0,0,1,0.616768
0,0,1,0,1,1,0,0,0,1,1,1,0,1,1,1,0,0,1,0,0,1,0,1,0,0,1,0,0,0,0,1,0.609681
1,1,1,0,1,1,1,1,1,1,1,0,1,0,1,1,1,1,0,1,1,1,1,1,1,0,1,0,0,0,1,1,0.606857
0,0,1,1,1,1,0,1,1,1,0,0,1,1,0,0,1,0,1,0,1,0,0,0,0,1,1,1,1,0,0,1,0.613837
1,0,0,1,1,0,1,0,0,0,1,0,0,0,1,1,0,1,1,0,0,1,0,1,1,0,0,0,0,1,1,0,0.608989
1,0,1,0,0,1,0,1,1,0,0,0,1,0,0,0,0,1,0,1,0,0,0,1,0,0,0,1,1,0,1,0,0.612692
0,0,1,0,0,1,0,1,0,0,1,1,1,0,1,1,1,0,1,0,0,1,1,1,1,1,1,1,0,1,0,0,0.621776
1,0,0,1,0,1,1,1,0,0,0,1,0,1,0,0,0,1,0,1,0,0,0,0,1,1,1,1,1,1,0,1,0.634751
0,0,0,0,1,1,0,0,0,0,1,0,1,1,0,0,1,0,1,1,1,0,1,0,1,0,0,1,1,1,1,0,0.628144
1,0,0,0,0,1,0,1,1,1,0,1,1,0,1,1,0,0,0,0,1,0,1,1,0,0,0,0,1,0,1,0,0.613438
0,0,0,1,1,0,0,1,1,1,1,1,1,1,0,1,1,0,0,0,0,0,1,1,1,1,0,0,0,1,1,1,0.599718
0,1,0,0,1,1,0,0,0,0,1,1,1,0,1,0,0,0,0,0,0,0,0,0,0,0,0,0,0,0,0,0,0.583467
1,0,0,0,0,1,1,0,0,0,0,1,0,0,0,0,0,0,1,1,1,0,0,0,0,0,1,1,1,1,1,1,0.614610
1,1,1,0,1,0,0,0,0,1,0,1,1,0,0,0,1,1,1,0,1,0,1,0,1,1,1,1,1,0,0,1,0.608802
0,0,1,0,0,1,0,1,0,1,1,1,1,1,1,0,0,0,1,1,0,1,0,1,0,1,1,1,1,1,1,1,0.567349
1,1,0,0,1,1,1,0,0,0,0,1,1,0,1,1,0,1,0,1,1,0,1,1,1,1,0,0,0,0,0,1,0.586690
0,0,0,1,1,1,0,1,1,1,1,1,1,0,0,0,1,0,1,0,0,1,1,1,0,1,0,1,1,0,0,0,0.608110
0,0,1,0,0,0,1,0,0,0,0,0,1,0,1,1,1,1,0,1,1,0,1,0,1,0,0,0,1,0,1,1,0.627211
0,1,1,0,0,0,1,0,0,1,0,0,0,0,1,0,1,1,0,0,0,1,1,1,0,0,1,0,0,0,1,0,0.665361
0,0,1,0,0,1,0,1,1,1,0,1,1,0,0,0,1,0,0,0,1,0,0,1,1,1,0,0,0,1,0,1,0.630142
0,0,0,0,1,1,0,1,0,0,1,1,0,1,0,0,1,1,1,1,0,1,0,1,0,1,1,1,0,1,0,1,0.663763
1,1,0,0,1,0,0,1,1,1,0,0,1,1,1,1,0,1,0,1,1,0,0,1,0,1,0,1,1,1,0,0,0.576007
1,1,1,0,1,1,1,0,1,0,1,0,0,0,1,0,0,1,1,0,1,1,1,0,0,0,0,1,0,1,0,1,0.599851
0,0,0,0,1,1,1,1,0,0,0,1,0,1,1,1,1,0,1,1,1,1,1,0,0,0,1,1,1,0,0,1,0.609335
0,1,1,0,0,1,1,1,0,1,1,1,0,1,0,0,0,0,0,1,1,1,0,1,1,0,1,1,1,0,1,1,0.600464
1,0,1,0,0,0,1,1,1,1,1,0,1,1,1,0,0,1,1,0,0,1,1,1,0,1,1,0,0,0,0,1,0.592258
1,1,0,1,1,1,1,0,1,0,0,0,0,0,0,0,0,0,0,0,1,0,1,1,1,1,0,0,0,0,1,1,0.599611
1,0,1,1,1,0,0,1,1,1,1,1,0,1,0,1,0,1,1,0,1,0,1,0,0,1,1,1,0,0,0,1,0.598465
0,0,0,0,1,1,1,1,0,0,0,0,1,0,0,1,1,0,0,0,0,0,1,1,0,0,0,1,0,0,1,0,0.597853
1,0,1,0,0,1,1,1,1,1,0,0,0,1,0,0,1,0,0,0,0,1,1,1,0,1,0,0,0,1,1,0,0.598119
1,0,1,0,0,1,0,0,1,0,0,1,1,0,1,1,1,1,0,1,0,0,0,1,1,0,1,0,1,0,1,0,0.609601
0,1,1,0,1,1,1,1,1,0,0,0,0,0,1,0,1,0,1,1,1,0,0,1,0,0,1,0,1,1,0,0,0.606032
0,0,1,1,0,0,1,1,1,0,1,0,0,0,1,1,1,0,0,1,0,1,0,1,1,1,0,1,1,1,1,0,0.587596
1,1,0,0,1,1,1,0,1,0,1,0,1,0,1,0,0,1,1,1,1,0,1,0,1,0,1,1,0,1,1,0,0.589088
1,0,0,0,1,0,0,1,0,0,1,0,0,0,0,0,0,0,1,0,0,0,1,0,1,0,0,0,0,0,1,0,0.633099
0,0,1,1,0,1,1,1,0,0,0,1,1,1,1,0,1,1,0,0,1,0,1,0,1,0,1,0,0,0,1,0,0.609095
1,1,0,0,0,1,0,0,0,0,1,1,0,1,0,0,0,0,1,1,0,1,1,0,0,1,0,0,1,1,0,0,0.634697
0,1,1,0,1,0,1,1,1,0,1,0,0,1,0,0,1,1,0,1,1,0,0,0,1,0,1,0,1,0,1,0,0.608855
1,1,1,1,1,0,1,0,0,0,0,1,1,0,1,0,0,1,1,0,1,0,1,0,1,1,1,1,0,0,1,1,0.597053
0,0,0,0,1,1,1,0,1,0,0,1,0,1,1,1,0,1,0,0,1,0,0,1,0,1,0,0,0,0,1,0,0.596494
1,0,1,1,0,0,0,1,1,0,1,1,0,1,1,1,0,0,0,1,0,0,1,0,1,1,1,0,0,0,1,1,0.593963
0,1,1,1,1,1,1,0,1,0,0,0,1,1,1,0,0,1,0,0,0,1,0,0,1,1,1,0,0,0,1,1,0.596574
1,0,1,0,1,1,0,1,0,0,1,0,0,0,1,0,0,1,1,1,1,1,0,1,0,0,1,0,0,1,0,0,0.637788
0,0,1,1,0,0,0,0,0,1,1,0,0,0,0,1,0,1,1,0,0,1,1,0,1,0,0,1,0,0,0,1,0.622922
1,1,0,1,0,1,1,0,1,0,1,0,1,1,0,1,1,1,0,0,0,0,0,0,0,0,1,1,1,1,1,1,0.581362
1,0,1,1,0,0,1,1,1,1,1,1,1,0,1,1,1,1,1,0,1,1,0,0,0,0,0,1,1,0,1,0,0.606804
1,1,1,0,0,0,1,1,1,1,1,0,0,1,1,0,1,0,0,0,1,0,0,1,1,1,1,0,0,1,0,0,0.602115
0,0,0,1,1,0,0,1,1,0,0,1,0,0,1,0,0,1,0,1,0,0,0,0,1,0,1,1,0,1,1,1,0.608882
1,1,0,1,1,1,1,1,1,1,0,1,0,0,0,1,0,1,1,0,0,0,1,0,1,1,1,1,1,1,0,1,0.591033
0,0,1,0,1,1,1,0,0,0,1,1,1,0,0,0,1,1,1,1,1,0,1,1,0,1,1,0,0,1,1,1,0.601902
0,0,0,0,0,1,0,0,1,1,1,1,1,0,0,0,1,1,0,0,1,0,1,1,0,0,1,1,0,0,0,0,0.638640
0,1,0,1,0,0,0,1,1,0,1,0,1,0,1,1,1,1,1,1,0,0,1,0,1,1,1,0,0,0,1,0,0.596840
1,1,1,0,0,1,0,0,0,1,1,0,0,0,0,1,0,1,1,1,1,1,0,0,1,0,1,0,1,0,0,1,0.596467
0,0,0,0,1,0,1,1,1,1,0,0,1,0,0,0,0,0,0,0,0,0,1,1,1,1,1,1,0,0,1,1,0.614770
0,1,0,0,1,0,1,1,1,1,1,1,0,1,1,0,1,1,1,0,0,1,0,1,0,1,1,1,1,0,1,0,0.580030
1,1,0,1,0,1,1,1,1,1,1,1,0,1,0,0,0,0,1,1,0,0,0,0,1,0,0,1,1,1,1,0,0.594176
0,0,1,0,1,1,0,0,1,0,1,0,0,1,1,1,0,0,0,0,1,1,1,1,0,1,0,0,0,1,0,0,0.570759
1,1,0,0,1,1,0,0,1,0,1,1,1,1,0,0,0,0,1,1,0,0,0,0,1,0,0,0,0,0,0,1,0.611759
0,0,0,0,1,0,1,1,1,0,0,1,1,0,0,1,1,1,1,0,0,1,0,1,1,1,0,0,0,0,1,0,0.612399
1,1,1,0,0,1,1,1,1,0,0,0,1,0,0,1,1,0,0,0,0,1,0,1,0,1,1,1,0,0,0,1,0.622256
0,1,0,1,0,0,1,0,0,1,0,0,1,1,0,0,1,0,1,0,1,0,0,1,1,0,1,1,0,1,0,1,0.612639
0,0,0,1,1,0,0,1,0,1,1,1,0,1,1,0,0,1,1,0,0,0,0,1,1,0,1,0,0,0,1,0,0.601076
0,0,1,1,1,1,0,1,1,1,0,1,1,1,1,0,1,1,1,1,0,0,1,0,0,1,0,0,0,0,0,0,0.619832
1,0,0,0,0,0,0,0,0,0,1,1,1,0,1,1,0,0,0,1,0,1,0,1,1,0,0,0,0,1,0,0,0.621137
0,0,1,0,0,1,1,1,1,1,0,1,0,0,0,0,1,0,0,0,1,0,1,1,0,1,1,1,0,1,1,0,0.595988
0,1,1,1,0,0,0,1,1,1,0,1,0,1,1,0,1,0,0,1,1,1,0,1,1,0,0,0,0,0,0,0,0.605366
1,1,1,0,0,0,1,1,0,0,1,1,0,0,1,0,1,0,0,0,0,1,1,1,1,0,0,0,1,1,1,1,0.629502
1,0,0,1,1,1,1,0,1,1,0,0,0,1,1,0,1,0,0,0,0,1,0,1,1,1,0,0,1,1,1,0,0.603474
1,0,0,1,1,1,0,1,1,0,1,0,0,0,0,0,1,1,0,1,1,0,1,1,0,0,1,0,1,0,1,0,0.606618
1,0,0,0,1,0,1,0,0,0,0,0,1,0,0,0,0,1,1,1,1,1,1,0,1,0,0,1,0,1,1,1,0.610028
0,0,0,1,1,0,0,1,1,1,0,0,0,1,0,1,0,1,0,0,0,1,1,1,0,0,1,1,0,0,0,1,0.621990
0,0,1,0,0,1,0,1,0,1,0,1,0,1,1,1,1,1,0,1,1,1,1,1,0,1,0,1,1,0,0,0,0.606245
1,1,1,0,1,0,0,1,0,1,1,0,1,0,1,0,1,0,0,1,1,1,1,1,1,1,1,0,1,0,1,0,0.605232
0,0,1,1,0,1,1,0,1,0,0,1,0,0,1,1,1,1,1,1,0,1,0,0,0,1,0,1,1,0,0,1,0.593297
1,1,0,0,0,1,1,0,0,1,1,1,0,0,0,0,1,0,0,1,0,1,1,1,1,1,0,1,0,0,1,0,0.618846
0,1,1,1,0,0,1,1,0,1,0,1,0,0,0,1,0,1,1,1,0,1,1,0,1,1,1,0,0,1,0,1,0.631527
0,0,0,0,1,0,0,0,1,0,1,0,0,1,0,1,1,0,0,0,0,0,1,0,0,1,0,0,1,0,0,1,0.622922
1,1,1,0,0,1,0,1,0,1,0,0,1,1,0,0,1,1,1,1,0,0,1,0,0,0,1,1,1,0,1,0,0.598146
0,1,1,0,1,1,1,1,1,0,0,0,1,0,0,0,0,0,1,0,1,0,1,1,0,1,0,1,1,1,1,1,0.596228
0,0,0,1,0,1,0,1,1,0,0,1,1,0,0,1,1,0,0,1,0,0,0,1,0,1,0,0,0,1,1,1,0.620631
1,1,1,1,1,0,0,1,0,1,1,1,1,0,0,1,1,0,1,1,0,1,0,1,0,1,0,1,0,1,0,0,0.603687
