0,0,0,0,1,0,1,0,1,1,0,1,0,0,1,0,0,1,0,0,0,1,0,1,0,0,1,0,0,1,0,1,0.537697
0,0,1,1,1,1,0,1,0,0,1,1,1,1,1,1,1,0,0,1,1,1,1,1,1,1,0,0,1,1,0,0,0.615622
1,0,1,1,1,0,0,0,1,0,1,1,0,0,0,0,0,0,1,1,1,1,1,0,1,1,1,1,1,0,0,1,0.591938
0,0,0,0,0,1,1,1,0,1,0,1,1,1,1,0,1,0,1,1,0,0,1,1,1,1,1,1,1,1,1,1,0.580136
1,0,0,1,1,0,1,1,0,1,1,1,0,0,1,0,1,1,1,1,1,1,1,1,1,0,0,1,0,0,1,1,0.583573
1,1,1,0,1,1,0,1,0,1,0,0,0,0,0,1,1,0,1,0,1,1,1,1,0,0,1,1,1,1,1,0,0.618180
0,1,0,0,1,1,0,1,0,1,1,1,1,0,0,1,1,0,0,1,0,1,0,0,0,1,0,0,0,0,0,0,0.598439
0,0,1,0,0,1,1,0,0,0,0,1,0,1,0,0,1,1,1,0,0,1,0,0,1,1,0,1,0,1,1,0,0.592738
0,1,0,1,1,1,1,0,1,0,0,0,0,1,1,1,1,1,1,1,0,1,1,1,0,0,0,0,1,1,0,0,0.579124
1,1,1,1,1,1,1,1,1,1,1,0,0,0,0,0,0,0,1,0,0,1,0,1,1,1,1,1,0,1,0,0,0.604779
1,0,0,0,1,0,0,0,0,0,1,1,1,1,1,0,1,1,0,1,1,1,1,0,0,0,0,1,1,0,1,0,0.596787
0,0,1,0,0,1,0,1,0,0,0,0,1,0,0,0,1,0,0,0,1,0,1,0,0,1,1,0,0,0,0,0,0.579364
1,0,0,1,1,1,1,1,0,1,1,1,0,1,1,0,0,1,1,1,0,0,1,0,0,0,0,1,1,0,1,1,0.590100
1,0,0,0,1,0,0,1,1,0,1,0,0,1,1,0,1,1,0,1,0,0,0,1,1,0,0,0,0,0,1,1,0.596228
1,1,0,0,1,0,1,1,0,0,1,1,1,1,1,0,1,0,0,1,1,0,1,0,0,0,0,1,1,1,1,1,0.575687
0,1,0,1,1,1,1,1,0,0,0,0,0,1,0,0,0,0,0,1,0,1,0,0,0,1,1,0,1,1,1,1,0.600810
1,1,1,0,0,0,0,0,1,1,0,0,1,0,1,1,0,0,1,0,1,0,0,1,1,1,0,1,1,0,1,0,0.601023
0,1,0,0,1,1,1,0,1,0,1,0,1,1,0,0,0,1,0,1,0,1,1,1,0,1,0,1,0,0,1,0,0.597453
0,0,1,0,1,1,0,1,1,0,0,0,0,0,0,1,0,1,0,1,1,1,1,0,1,1,0,1,0,1,0,1,0.580536
1,0,0,1,0,0,1,0,1,0,1,1,1,0,0,0,0,0,0,0,1,1,0,0,0,0,1,1,0,1,1,1,0.595881
1,0,1,0,1,0,0,1,0,0,0,1,0,1,1,0,1,0,0,1,1,0,1,0,1,0,1,1,1,1,1,0,0.605206
0,0,0,0,1,0,1,1,0,1,1,0,0,0,0,0,0,1,0,1,0,0,1,0,0,1,0,0,0,1,1,1,0.548274
1,1,0,0,0,1,0,0,0,0,0,1,0,1,0,1,1,0,0,0,1,0,1,0,1,1,1,1,0,0,0,0,0.617221
1,1,1,0,1,1,1,1,0,0,0,1,0,1,0,1,0,1,0,0,1,0,1,1,1,0,0,1,1,0,1,1,0.553149
1,1,0,1,0,0,0,1,1,0,1,0,1,0,1,0,1,1,0,0,0,0,0,0,0,1,1,1,1,0,1,1,0.598492
1,1,0,0,0,1,0,0,0,1,1,1,0,0,0,0,1,0,1,0,0,1,0,0,0,0,0,1,1,0,0,0,0.615462
1,0,0,0,0,1,0,1,1,0,1,1,1,1,0,1,1,1,1,0,1,1,0,0,1,0,1,1,0,0,1,0,0.602382
0,0,1,0,1,1,1,0,0,0,1,1,1,1,1,0,1,1,0,0,1,1,0,1,1,0,0,1,1,0,0,1,0.601423
1,0,0,1,0,0,0,0,0,1,1,1,0,1,1,1,1,0,0,1,1,1,0,1,0,0,0,1,0,1,0,1,0.592604
1,1,1,1,0,0,1,1,1,0,0,1,1,0,0,0,0,1,1,1,0,0,0,0,1,1,0,1,0,0,1,1,0.601289
1,0,0,0,0,0,0,1,1,1,0,1,1,1,0,0,1,0,1,0,0,0,1,0,0,0,0,0,1,0,0,1,0.582214
1,1,0,0,0,0,1,0,0,0,0,0,0,0,1,1,1,1,0,0,1,1,1,1,0,0,1,0,0,1,0,1,0.598465
0,0,0,0,1,1,0,0,0,1,0,0,1,0,0,0,0,1,1,1,1,1,0,1,1,0,1,1,0,0,1,1,0.584133
0,0,1,1,0,1,0,1,1,1,1,1,1,1,1,1,0,1,0,1,1,1,0,0,1,1,1,0,1,0,1,0,0.643356
1,0,1,0,1,1,1,0,0,0,0,0,0,0,1,1,1,0,0,0,0,0,0,1,1,1,1,1,1,0,0,0,0.591219
1,0,0,1,0,1,0,1,0,0,0,0,0,1,0,0,1,0,0,1,1,1,1,1,1,0,1,1,1,0,1,0,0.582534
0,0,1,1,1,0,1,0,1,0,0,1,1,1,1,0,0,0,0,0,0,0,1,0,0,1,0,0,0,1,0,1,0.587090
1,1,0,1,1,1,1,1,1,0,1,1,1,0,1,0,0,0,1,0,1,0,1,0,1,1,0,0,1,0,1,1,0.593297
0,0,1,1,0,1,1,1,1,0,0,1,0,1,1,0,0,0,0,1,1,0,1,0,1,0,0,1,0,0,0,0,0.631074
1,1,1,0,0,1,1,0,0,1,0,1,0,0,0,0,0,0,0,1,1,1,1,0,0,0,0,0,0,0,1,1,0.601076
0,1,0,0,0,0,1,0,0,0,1,1,1,0,1,1,1,1,1,0,1,1,1,0,1,0,1,1,0,0,1,1,0.587569
0,1,1,1,1,0,1,1,0,1,0,1,0,1,0,0,1,0,0,1,0,1,0,0,0,0,0,1,0,1,1,1,0.598679
1,0,0,1,1,0,1,0,1,0,0,0,0,1,0,0,1,1,0,1,1,1,1,0,1,1,0,1,1,0,0,0,0.613198
0,1,0,0,0,1,1,1,1,0,1,0,1,0,0,0,0,0,1,1,1,1,1,1,0,1,1,1,0,1,1,1,0.579364
0,1,0,1,1,0,0,1,1,1,1,1,0,0,0,1,1,1,1,0,1,0,1,1,0,1,0,1,1,0,1,1,0.594230
1,0,1,1,0,0,1,0,1,1,0,1,0,1,1,1,0,0,0,0,0,1,1,0,1,0,1,0,0,1,0,0,0.578884
1,0,0,1,0,1,1,1,0,0,0,1,0,1,0,0,1,1,1,0,0,1,0,1,0,1,0,0,0,0,0,1,0.588075
1,0,1,0,1,0,1,0,1,1,1,1,1,1,0,1,0,0,1,1,1,0,1,0,0,0,0,1,1,0,1,0,0.597453
0,1,0,0,1,0,1,1,1,0,0,1,0,0,0,0,1,0,1,0,0,0,1,1,0,0,0,1,0,0,1,0,0.598412
0,1,0,0,1,0,0,1,1,0,0,1,1,0,1,0,1,0,1,0,1,1,1,0,0,0,0,1,1,1,1,0,0.600224
0,1,0,0,0,1,1,1,0,1,1,0,0,1,1,1,1,0,0,0,0,0,1,1,0,1,1,0,0,1,1,0,0.564525
1,0,0,1,1,0,1,0,0,0,0,0,1,0,1,0,1,1,1,0,1,0,1,0,0,0,1,1,0,0,1,1,0.579444
0,1,0,0,0,0,1,0,0,0,1,0,0,0,0,0,0,1,0,1,1,0,0,0,0,1,1,1,0,1,1,0,0.570226
0,1,0,1,1,0,0,0,1,0,0,1,1,1,0,0,0,1,0,0,1,0,0,1,0,1,1,0,1,0,0,0,0.599584
0,0,0,0,0,1,0,0,0,0,1,1,0,1,1,1,0,1,0,0,1,0,1,0,1,1,0,1,0,1,0,0,0.539482
0,0,0,0,1,1,1,0,0,1,0,1,1,0,1,0,1,0,0,0,1,1,1,0,1,0,0,0,1,0,0,1,0.590740
1,1,1,1,0,0,0,1,1,1,0,1,0,1,0,0,0,1,0,0,1,0,0,0,0,1,0,1,1,0,0,1,0.587756
0,1,1,0,0,0,1,1,1,0,0,0,0,1,0,1,0,1,0,0,1,1,1,1,1,0,1,0,1,0,0,1,0.584585
1,0,0,1,1,0,1,1,0,0,0,1,1,1,0,1,0,1,1,1,1,0,1,1,1,1,1,1,1,0,0,0,0.634777
0,0,0,0,0,0,1,1,0,0,0,1,0,1,0,0,0,0,1,0,0,0,1,0,0,1,1,1,0,0,0,1,0.544198
0,1,1,1,1,0,0,1,1,0,0,0,0,0,0,1,0,0,1,0,1,0,0,0,1,0,0,0,0,0,1,1,0.613757
0,1,1,1,0,0,0,1,0,1,0,0,0,1,1,0,0,0,0,0,1,1,0,0,0,1,1,1,0,0,0,0,0.602515
0,0,0,1,0,0,0,1,0,0,0,1,0,0,1,0,1,1,1,1,1,1,0,1,1,0,0,0,0,1,0,1,0.593670
0,1,0,1,1,0,1,0,1,1,0,1,0,1,1,0,0,0,1,1,1,1,1,1,1,1,1,0,0,0,1,0,0.605792
0,0,0,1,1,1,0,0,1,1,1,0,1,1,0,0,1,1,1,1,1,1,0,0,0,0,0,0,0,0,1,0,0.622736
1,1,0,1,1,0,1,1,0,1,1,1,0,0,0,0,1,1,1,0,1,1,1,1,1,0,1,1,1,0,1,1,0.577392
1,1,1,0,0,0,1,1,0,1,0,1,1,0,1,1,1,0,1,0,1,0,1,1,1,0,1,1,1,0,1,1,0.541960
1,1,0,0,0,0,0,1,1,1,0,0,0,1,0,1,1,0,1,1,0,0,0,0,1,1,0,1,1,1,0,1,0.589194
1,0,1,0,1,1,1,1,0,1,1,1,0,0,0,0,0,0,0,0,1,0,0,0,0,1,1,0,1,1,0,0,0.591992
0,1,1,1,1,0,0,1,1,1,0,0,0,1,1,0,0,1,1,0,0,1,0,0,0,0,1,1,0,1,0,0,0.603314
0,0,1,1,0,0,1,1,1,0,0,0,1,1,1,1,1,0,1,0,1,1,0,0,0,0,0,1,1,1,0,0,0.571718
1,1,1,1,0,1,1,1,0,1,0,1,0,0,0,1,1,0,0,1,1,1,1,0,1,1,0,0,0,0,1,0,0.606751
0,0,1,1,0,1,1,1,0,1,0,0,1,1,0,1,0,0,0,0,1,1,0,0,0,0,1,1,1,0,1,0,0.604593
1,0,0,1,1,1,0,1,0,1,0,1,0,1,0,0,1,1,0,0,0,1,1,1,0,1,0,1,0,1,0,1,0.579550
1,0,1,1,0,0,1,1,1,1,0,1,1,0,1,0,1,1,1,0,0,1,0,1,0,1,0,1,0,0,1,0,0.586743
0,0,0,1,0,0,1,0,1,1,1,1,0,1,1,0,1,1,1,1,0,0,1,0,1,0,1,0,1,1,1,1,0.591992
0,1,0,0,0,1,0,0,0,1,0,0,1,1,1,0,0,1,0,0,1,0,1,0,1,1,0,0,0,0,0,1,0.581921
1,0,1,0,1,0,1,1,0,1,0,1,0,1,1,1,1,1,0,0,1,1,0,0,1,1,0,1,0,0,0,1,0.573929
0,1,0,0,0,1,1,1,1,1,1,0,0,1,0,1,0,0,1,1,0,0,1,1,0,1,0,0,1,0,0,1,0.593084
1,0,1,0,0,0,0,1,0,0,0,1,0,0,1,1,1,0,1,1,1,0,0,1,0,0,1,1,1,0,0,0,0.593404
1,0,1,1,1,1,0,0,1,1,1,1,1,1,0,0,1,1,1,0,1,0,1,0,1,0,1,0,1,1,0,1,0.597213
0,1,1,1,0,0,0,1,0,0,0,1,1,1,0,0,1,1,0,1,0,0,1,1,0,0,0,1,1,0,1,1,0.599638
1,1,0,0,0,1,1,0,0,0,1,0,1,1,0,1,0,0,0,0,1,1,1,0,1,1,0,1,0,1,1,0,0.585145
1,0,1,1,1,1,0,1,1,0,1,1,1,0,1,1,1,0,0,1,0,0,1,0,1,0,1,0,0,0,0,1,0.576034
1,1,1,1,0,1,0,0,0,0,1,1,0,1,0,0,0,1,1,0,1,1,1,0,1,1,0,0,1,1,1,1,0.603607
1,0,0,0,0,0,1,0,0,0,0,0,1,0,1,1,0,0,1,1,1,1,0,1,0,0,0,1,0,1,1,0,0.585092
0,0,1,0,0,0,0,1,0,0,0,1,1,1,0,1,0,1,1,0,1,0,0,0,1,0,1,0,1,0,1,1,0.579763
0,1,0,1,0,1,1,1,0,1,1,0,1,0,0,1,0,1,1,0,0,1,1,0,1,1,0,0,0,0,1,0,0.617913
0,0,0,0,1,0,1,1,1,1,0,0,1,0,0,1,1,1,1,1,0,0,0,0,1,1,0,0,0,0,0,1,0.601263
1,0,0,1,0,0,1,0,1,0,1,0,1,0,1,1,0,1,1,1,0,0,1,0,1,1,1,1,1,0,0,1,0.585971
1,1,0,1,1,1,1,0,1,1,1,0,1,1,0,1,0,1,1,1,0,0,1,0,0,1,0,0,0,0,1,1,0.584665
1,0,1,1,0,0,1,1,0,0,0,1,1,1,1,1,0,1,0,1,1,0,0,1,0,1,0,0,0,0,1,0,0.602195
0,1,0,1,1,1,1,0,1,1,1,1,0,0,0,0,0,0,1,1,1,0,0,0,0,0,0,1,0,0,1,0,0.599824
1,0,1,0,1,1,0,0,1,0,1,0,0,0,0,1,0,0,1,0,1,1,0,1,0,0,1,1,1,0,1,1,0.599185
0,0,1,1,0,0,1,1,1,1,0,0,1,1,1,1,1,0,0,1,1,1,0,1,1,0,0,0,0,1,0,0,0.615356
1,1,1,1,1,0,1,0,0,0,1,0,0,1,1,0,0,1,0,0,0,0,0,1,1,0,1,1,1,0,0,0,0.605072
0,0,1,0,1,1,1,0,0,1,1,1,1,0,0,1,0,1,0,1,0,0,1,1,0,1,0,1,0,0,1,0,0.573583
0,1,1,1,1,0,0,1,1,1,1,0,0,0,1,0,0,0,0,1,0,1,1,0,1,0,1,1,0,1,1,1,0.596254
0,0,1,0,0,0,0,1,1,1,0,1,0,1,0,1,1,1,1,0,1,0,0,0,1,1,1,1,0,1,0,0,0.608429
0,1,1,1,1,1,0,0,0,0,1,1,0,1,0,0,1,0,1,1,1,0,0,1,1,1,1,1,0,1,1,1,0.578831
0,0,1,0,0,0,0,0,0,1,0,1,0,1,0,0,1,1,0,0,1,0,0,1,1,1,1,1,1,0,0,1,0.594842
0,1,1,1,0,1,0,0,0,1,1,0,1,1,0,0,1,0,0,0,1,1,1,0,1,0,0,1,0,1,0,1,0.600623
1,1,1,0,0,1,0,1,0,0,0,1,1,1,1,1,1,1,1,1,1,0,0,1,1,1,1,1,1,0,0,0,0.613384
0,1,0,0,1,1,1,1,0,0,0,1,0,0,1,1,1,0,0,1,1,0,1,0,0,0,0,1,1,1,1,0,0.593777
0,1,0,0,0,1,1,1,1,1,1,0,0,1,0,0,1,0,0,1,0,1,0,1,1,0,0,0,0,0,0,0,0.600250
0,0,1,0,0,1,1,1,1,1,1,0,0,1,1,1,0,1,0,1,0,0,1,0,1,1,0,1,1,1,1,0,0.611333
0,0,0,0,1,1,1,0,0,0,1,1,1,0,1,0,0,1,1,1,1,0,0,1,0,1,0,1,0,0,0,1,0.553575
1,1,1,1,0,0,1,1,1,1,1,1,0,1,1,1,1,1,1,0,1,0,0,0,1,0,0,1,0,0,0,1,0.591912
1,0,0,0,0,0,1,1,0,0,0,1,1,0,1,0,1,0,1,0,0,0,1,1,0,0,0,0,1,0,0,1,0.582108
1,1,0,0,1,1,0,1,1,0,1,1,0,1,1,0,1,1,0,0,0,0,1,0,1,0,0,1,0,1,0,0,0.608696
1,0,0,0,1,1,1,0,1,1,1,1,0,1,1,1,0,0,1,1,0,0,0,1,0,0,0,0,1,1,0,1,0.581069
0,0,1,1,0,1,1,0,0,0,1,1,0,0,1,0,0,0,0,0,0,0,1,0,0,1,0,0,0,1,0,1,0.583626
1,0,0,1,0,0,1,1,0,0,1,0,1,1,0,1,1,0,1,0,1,1,1,0,0,1,1,0,0,0,0,1,0.605818
0,0,0,0,1,0,0,0,0,1,1,1,0,0,0,1,0,1,0,0,1,0,0,1,1,1,1,1,0,0,0,0,0.569373
0,0,1,1,1,1,1,1,0,1,0,1,0,1,0,0,1,0,0,0,1,1,1,0,0,1,0,0,1,1,0,1,0.583227
1,1,0,0,0,1,1,0,0,0,0,0,0,0,0,1,0,1,1,1,1,1,1,1,1,0,0,1,1,1,0,1,0.554694
0,0,0,1,0,0,0,0,0,1,1,0,0,1,0,0,0,1,1,1,0,0,1,0,1,1,1,0,0,0,0,0,0.566949
0,1,0,1,1,1,0,1,0,0,1,1,1,1,0,0,1,1,0,1,1,0,0,1,0,1,0,1,1,1,1,0,0.592418
0,1,1,0,1,1,1,0,0,0,0,1,1,0,0,0,0,0,1,1,0,1,1,1,0,1,0,1,1,0,0,0,0.618659
0,1,1,1,0,1,0,1,1,1,0,0,1,1,1,1,1,1,1,0,0,1,0,0,1,1,0,0,0,0,1,0,0.615249
0,1,1,0,1,1,0,1,0,0,0,0,0,1,0,1,1,0,1,0,0,0,0,1,1,0,1,1,1,0,0,1,0.611653
1,1,1,1,1,1,1,1,1,1,0,0,0,1,1,1,0,0,1,0,1,0,1,0,1,0,0,1,1,0,1,0,0.602328
1,0,0,0,0,1,1,0,0,0,0,0,0,1,0,0,1,0,0,0,1,0,1,1,1,0,1,1,0,1,1,0,0.594736
1,0,1,0,1,0,0,0,1,1,0,0,0,0,0,1,0,1,0,1,0,1,0,1,1,0,0,0,0,0,0,1,0.597826
0,0,0,0,1,0,1,0,0,0,1,1,0,0,0,1,0,0,1,1,1,1,0,0,1,0,0,0,1,1,0,1,0.575554
1,0,1,1,0,0,1,0,0,0,1,0,1,0,1,0,1,0,1,0,1,0,0,0,1,0,1,1,1,1,1,0,0.600650
0,0,1,0,1,0,1,1,1,0,1,1,1,1,0,1,1,1,1,1,1,1,0,0,0,1,0,1,0,1,0,1,0.590979
0,1,1,1,1,1,1,0,1,0,0,1,0,1,0,1,0,0,1,0,1,0,1,1,1,1,1,1,0,1,1,1,0.572410
