1,1,1,1,1,1,1,1,1,1,1,0,0,0,0,0,0,0,1,0,0,1,0,1,1,1,1,1,0,1,0,0,0.606309
1,1,1,1,1,1,1,1,1,1,0,0,0,1,1,1,0,0,1,0,1,0,1,0,1,0,0,1,1,0,1,0,0.605989
1,1,1,1,0,1,1,1,0,1,0,1,0,0,0,1,1,0,0,1,1,1,1,0,1,1,0,0,0,0,1,0,0.606373
0,1,0,0,1,1,1,1,0,0,0,1,0,0,1,1,1,0,0,1,1,0,1,0,0,0,0,1,1,1,1,0,0.596569
1,0,0,1,0,1,1,1,0,0,0,1,0,1,0,0,1,1,1,0,0,1,0,1,0,1,0,0,0,0,0,1,0.588150
1,1,1,1,1,0,1,0,0,0,1,0,0,1,1,0,0,1,0,0,0,0,0,1,1,0,1,1,1,0,0,0,0.604774
0,0,0,0,0,1,1,1,0,1,0,1,1,1,1,0,1,0,1,1,0,0,1,1,1,1,1,1,1,1,1,1,0.582843
0,1,0,0,1,1,0,1,0,1,1,1,1,0,0,1,1,0,0,1,0,1,0,0,0,1,0,0,0,0,0,0,0.597442
0,0,1,0,1,1,1,0,0,0,1,1,1,1,1,0,1,1,0,0,1,1,0,1,1,0,0,1,1,0,0,1,0.602153
0,1,0,0,1,1,1,0,1,0,1,0,1,1,0,0,0,1,0,1,0,1,1,1,0,1,0,1,0,0,1,0,0.596654
1,0,0,0,1,1,1,0,1,1,1,1,0,1,1,1,0,0,1,1,0,0,0,1,0,0,0,0,1,1,0,1,0.582481
1,1,1,1,0,0,1,1,1,0,0,1,1,0,0,0,0,1,1,1,0,0,0,0,1,1,0,1,0,0,1,1,0.601215
0,0,1,1,0,0,1,1,1,1,0,0,1,1,1,1,1,0,0,1,1,1,0,1,1,0,0,0,0,1,0,0,0.615537
1,0,0,0,1,0,0,1,1,0,1,0,0,1,1,0,1,1,0,1,0,0,0,1,1,0,0,0,0,0,1,1,0.596228
1,0,1,1,1,0,0,0,1,0,1,1,0,0,0,0,0,0,1,1,1,1,1,0,1,1,1,1,1,0,0,1,0.593372
1,0,0,0,0,1,1,0,0,0,0,0,0,1,0,0,1,0,0,0,1,0,1,1,1,0,1,1,0,1,1,0,0.593223
0,0,1,0,0,1,0,1,0,0,0,0,1,0,0,0,1,0,0,0,1,0,1,0,0,1,1,0,0,0,0,0,0.577238
1,1,1,1,0,0,0,1,1,1,0,1,0,1,0,0,0,1,0,0,1,0,0,0,0,1,0,1,1,0,0,1,0.586786
1,1,1,0,0,1,1,0,0,1,0,1,0,0,0,0,0,0,0,1,1,1,1,0,0,0,0,0,0,0,1,1,0.600469
0,0,0,0,1,0,1,0,1,1,0,1,0,0,1,0,0,1,0,0,0,1,0,1,0,0,1,0,0,1,0,1,0.534058
1,0,1,1,0,0,1,1,0,0,0,1,1,1,1,1,0,1,0,1,1,0,0,1,0,1,0,0,0,0,1,0,0.601705
0,0,0,0,1,0,1,0,0,0,1,1,0,0,0,1,0,0,1,1,1,1,0,0,1,0,0,0,1,1,0,1,0.574275
0,0,1,1,1,1,1,1,0,1,0,1,0,1,0,0,1,0,0,0,1,1,1,0,0,1,0,0,1,1,0,1,0.585315
1,0,1,0,0,0,0,1,0,0,0,1,0,0,1,1,1,0,1,1,1,0,0,1,0,0,1,1,1,0,0,0,0.591517
0,1,1,1,0,1,0,1,1,1,0,0,1,1,1,1,1,1,1,0,0,1,0,0,1,1,0,0,0,0,1,0,0.618649
0,0,1,0,0,1,1,0,0,0,0,1,0,1,0,0,1,1,1,0,0,1,0,0,1,1,0,1,0,1,1,0,0.592967
1,1,0,1,0,0,0,1,1,0,1,0,1,0,1,0,1,1,0,0,0,0,0,0,0,1,1,1,1,0,1,1,0.597421
1,1,0,1,1,1,1,1,1,0,1,1,1,0,1,0,0,0,1,0,1,0,1,0,1,1,0,0,1,0,1,1,0.593862
1,1,0,0,0,1,0,0,0,1,1,1,0,0,0,0,1,0,1,0,0,1,0,0,0,0,0,1,1,0,0,0,0.615026
1,0,0,1,1,1,0,1,0,1,0,1,0,1,0,0,1,1,0,0,0,1,1,1,0,1,0,1,0,1,0,1,0.579795
1,1,1,0,0,0,1,1,0,1,0,1,1,0,1,1,1,0,1,0,1,0,1,1,1,0,1,1,1,0,1,1,0.545801
1,1,0,0,1,1,0,1,1,0,1,1,0,1,1,0,1,1,0,0,0,0,1,0,1,0,0,1,0,1,0,0,0.610017
1,1,1,0,0,1,0,1,0,0,0,1,1,1,1,1,1,1,1,1,1,0,0,1,1,1,1,1,1,0,0,0,0.615665
0,1,0,0,0,1,1,1,1,1,1,0,0,1,0,1,0,0,1,1,0,0,1,1,0,1,0,0,1,0,0,1,0.593286
0,1,1,1,1,0,0,1,1,1,1,0,0,0,1,0,0,0,0,1,0,1,1,0,1,0,1,1,0,1,1,1,0.596462
1,0,0,1,1,0,1,1,0,1,1,1,0,0,1,0,1,1,1,1,1,1,1,1,1,0,0,1,0,0,1,1,0.583717
1,1,0,0,0,1,0,0,0,0,0,1,0,1,0,1,1,0,0,0,1,0,1,0,1,1,1,1,0,0,0,0,0.615729
1,0,0,1,1,0,1,0,0,0,0,0,1,0,1,0,1,1,1,0,1,0,1,0,0,0,1,1,0,0,1,1,0.579987
0,0,0,0,1,1,0,0,0,1,0,0,1,0,0,0,0,1,1,1,1,1,0,1,1,0,1,1,0,0,1,1,0.583866
1,0,1,0,1,1,1,0,0,0,0,0,0,0,1,1,1,0,0,0,0,0,0,1,1,1,1,1,1,0,0,0,0.590772
0,0,0,1,0,0,1,0,1,1,1,1,0,1,1,0,1,1,1,1,0,0,1,0,1,0,1,0,1,1,1,1,0.592477
1,1,0,1,1,0,1,1,0,1,1,1,0,0,0,0,1,1,1,0,1,1,1,1,1,0,1,1,1,0,1,1,0.579220
0,0,1,0,0,0,0,0,0,1,0,1,0,1,0,0,1,1,0,0,1,0,0,1,1,1,1,1,1,0,0,1,0.593947
0,1,0,0,1,0,1,1,1,0,0,1,0,0,0,0,1,0,1,0,0,0,1,1,0,0,0,1,0,0,1,0,0.597357
0,0,1,1,0,1,1,1,1,0,0,1,0,1,1,0,0,0,0,1,1,0,1,0,1,0,0,1,0,0,0,0,0.631181
0,1,0,1,1,1,0,1,0,0,1,1,1,1,0,0,1,1,0,1,1,0,0,1,0,1,0,1,1,1,1,0,0.593798
1,0,0,0,0,0,1,0,0,0,0,0,1,0,1,1,0,0,1,1,1,1,0,1,0,0,0,1,0,1,1,0,0.584506
1,1,0,0,0,1,1,0,0,0,1,0,1,1,0,1,0,0,0,0,1,1,1,0,1,1,0,1,0,1,1,0,0.586275
0,1,0,0,0,1,1,1,1,0,1,0,1,0,0,0,0,0,1,1,1,1,1,1,0,1,1,1,0,1,1,1,0.579817
1,0,1,0,1,0,1,0,1,1,1,1,1,1,0,1,0,0,1,1,1,0,1,0,0,0,0,1,1,0,1,0,0.596419
1,0,1,1,0,0,1,0,1,1,0,1,0,1,1,1,0,0,0,0,0,1,1,0,1,0,1,0,0,1,0,0,0.578666
0,0,0,0,0,0,1,1,0,0,0,1,0,1,0,0,0,0,1,0,0,0,1,0,0,1,1,1,0,0,0,1,0.542072
0,1,1,0,1,1,1,0,0,0,0,1,1,0,0,0,0,0,1,1,0,1,1,1,0,1,0,1,1,0,0,0,0.618073
1,1,1,0,1,1,0,1,0,1,0,0,0,0,0,1,1,0,1,0,1,1,1,1,0,0,1,1,1,1,1,0,0.619949
1,0,1,0,1,1,1,1,0,1,1,1,0,0,0,0,0,0,0,0,1,0,0,0,0,1,1,0,1,1,0,0,0.591240
0,0,1,0,0,0,0,1,1,1,0,1,0,1,0,1,1,1,1,0,1,0,0,0,1,1,1,1,0,1,0,0,0.609143
0,1,1,1,0,0,0,1,0,1,0,0,0,1,1,0,0,0,0,0,1,1,0,0,0,1,1,1,0,0,0,0,0.601812
0,1,0,1,1,1,1,1,0,0,0,0,0,1,0,0,0,0,0,1,0,1,0,0,0,1,1,0,1,1,1,1,0.600831
0,0,1,1,1,0,1,0,1,0,0,1,1,1,1,0,0,0,0,0,0,0,1,0,0,1,0,0,0,1,0,1,0.587617
1,1,1,1,0,1,0,0,0,0,1,1,0,1,0,0,0,1,1,0,1,1,1,0,1,1,0,0,1,1,1,1,0.604774
1,1,0,0,0,0,1,0,0,0,0,0,0,0,1,1,1,1,0,0,1,1,1,1,0,0,1,0,0,1,0,1,0.598082
0,0,0,0,1,1,1,0,0,1,0,1,1,0,1,0,1,0,0,0,1,1,1,0,1,0,0,0,1,0,0,1,0.592221
0,0,0,0,0,1,0,0,0,0,1,1,0,1,1,1,0,1,0,0,1,0,1,0,1,1,0,1,0,1,0,0,0.537873
1,0,1,0,1,0,0,0,1,1,0,0,0,0,0,1,0,1,0,1,0,1,0,1,1,0,0,0,0,0,0,1,0.597954
0,0,0,0,1,0,0,0,0,1,1,1,0,0,0,1,0,1,0,0,1,0,0,1,1,1,1,1,0,0,0,0,0.569011
0,1,1,1,1,0,1,1,0,1,0,1,0,1,0,0,1,0,0,1,0,1,0,0,0,0,0,1,0,1,1,1,0.600682
0,1,0,0,0,1,1,1,1,1,1,0,0,1,0,0,1,0,0,1,0,1,0,1,1,0,0,0,0,0,0,0,0.599446
1,0,0,0,0,1,0,1,1,0,1,1,1,1,0,1,1,1,1,0,1,1,0,0,1,0,1,1,0,0,1,0,0.603197
1,1,1,1,0,0,1,1,1,1,1,1,0,1,1,1,1,1,1,0,1,0,0,0,1,0,0,1,0,0,0,1,0.593521
1,0,1,1,1,1,0,1,1,0,1,1,1,0,1,1,1,0,0,1,0,0,1,0,1,0,1,0,0,0,0,1,0.577174
1,0,0,1,1,0,1,0,1,0,0,0,0,1,0,0,1,1,0,1,1,1,1,0,1,1,0,1,1,0,0,0,0.612894
1,0,0,1,0,1,0,1,0,0,0,0,0,1,0,0,1,0,0,1,1,1,1,1,1,0,1,1,1,0,1,0,0.583653
0,1,0,1,1,1,1,0,1,0,0,0,0,1,1,1,1,1,1,1,0,1,1,1,0,0,0,0,1,1,0,0,0.579646
1,0,1,0,1,0,1,1,0,1,0,1,0,1,1,1,1,1,0,0,1,1,0,0,1,1,0,1,0,0,0,1,0.573615
1,0,0,0,0,0,0,1,1,1,0,1,1,1,0,0,1,0,1,0,0,0,1,0,0,0,0,0,1,0,0,1,0.581500
0,0,0,0,1,0,1,1,1,1,0,0,1,0,0,1,1,1,1,1,0,0,0,0,1,1,0,0,0,0,0,1,0.602515
0,0,1,1,0,1,1,1,0,1,0,0,1,1,0,1,0,0,0,0,1,1,0,0,0,0,1,1,1,0,1,0,0.605541
0,1,0,1,1,0,0,1,1,1,1,1,0,0,0,1,1,1,1,0,1,0,1,1,0,1,0,1,1,0,1,1,0.594842
0,0,1,0,0,0,0,1,0,0,0,1,1,1,0,1,0,1,1,0,1,0,0,0,1,0,1,0,1,0,1,1,0.580882
0,0,1,1,1,1,0,1,0,0,1,1,1,1,1,1,1,0,0,1,1,1,1,1,1,1,0,0,1,1,0,0,0.618500
1,0,0,1,1,0,1,1,0,0,0,1,1,1,0,1,0,1,1,1,1,0,1,1,1,1,1,1,1,0,0,0,0.635486
0,0,0,0,1,1,1,0,0,0,1,1,1,0,1,0,0,1,1,1,1,0,0,1,0,1,0,1,0,0,0,1,0.551535
0,1,1,0,1,1,0,1,0,0,0,0,0,1,0,1,1,0,1,0,0,0,0,1,1,0,1,1,1,0,0,1,0.612298
0,1,1,1,1,0,0,1,1,1,0,0,0,1,1,0,0,1,1,0,0,1,0,0,0,0,1,1,0,1,0,0,0.604817
1,1,0,1,1,1,1,0,1,1,1,0,1,1,0,1,0,1,1,1,0,0,1,0,0,1,0,0,0,0,1,1,0.585678
0,1,1,1,0,0,0,1,0,0,0,1,1,1,0,0,1,1,0,1,0,0,1,1,0,0,0,1,1,0,1,1,0.598700
1,0,1,1,1,1,0,0,1,1,1,1,1,1,0,0,1,1,1,0,1,0,1,0,1,0,1,0,1,1,0,1,0.597528
0,0,1,0,0,1,1,1,1,1,1,0,0,1,1,1,0,1,0,1,0,0,1,0,1,1,0,1,1,1,1,0,0.612745
0,1,0,0,1,0,0,1,1,0,0,1,1,0,1,0,1,0,1,0,1,1,1,0,0,0,0,1,1,1,1,0,0.601300
0,0,0,0,1,0,1,1,0,1,1,0,0,0,0,0,0,1,0,1,0,0,1,0,0,1,0,0,0,1,1,1,0.545652
0,1,0,1,1,1,1,0,1,1,1,1,0,0,0,0,0,0,1,1,1,0,0,0,0,0,0,1,0,0,1,0,0.599446
1,0,0,1,0,0,1,1,0,0,1,0,1,1,0,1,1,0,1,0,1,1,1,0,0,1,1,0,0,0,0,1,0.606053
0,1,0,0,0,0,1,0,0,0,1,0,0,0,0,0,0,1,0,1,1,0,0,0,0,1,1,1,0,1,1,0,0.568478
0,1,0,0,0,0,1,0,0,0,1,1,1,0,1,1,1,1,1,0,1,1,1,0,1,0,1,1,0,0,1,1,0.588363
1,0,0,0,0,0,1,1,0,0,0,1,1,0,1,0,1,0,1,0,0,0,1,1,0,0,0,0,1,0,0,1,0.582076
0,1,1,0,0,0,1,1,1,0,0,0,0,1,0,1,0,1,0,0,1,1,1,1,1,0,1,0,1,0,0,1,0.584356
0,0,0,1,0,0,0,1,0,0,0,1,0,0,1,0,1,1,1,1,1,1,0,1,1,0,0,0,0,1,0,1,0.590985
1,0,1,1,0,0,1,1,1,1,0,1,1,0,1,0,1,1,1,0,0,1,0,1,0,1,0,1,0,0,1,0,0.586957
1,1,1,0,1,1,1,1,0,0,0,1,0,1,0,1,0,1,0,0,1,0,1,1,1,0,0,1,1,0,1,1,0.555072
1,0,1,0,1,0,0,1,0,0,0,1,0,1,1,0,1,0,0,1,1,0,1,0,1,0,1,1,1,1,1,0,0.606202
1,1,0,0,1,0,1,1,0,0,1,1,1,1,1,0,1,0,0,1,1,0,1,0,0,0,0,1,1,1,1,1,0.578581
1,0,1,1,0,0,1,0,0,0,1,0,1,0,1,0,1,0,1,0,1,0,0,0,1,0,1,1,1,1,1,0,0.602579
0,0,1,0,1,0,1,1,1,0,1,1,1,1,0,1,1,1,1,1,1,1,0,0,0,1,0,1,0,1,0,1,0.591262
0,1,1,1,1,1,1,0,1,0,0,1,0,1,0,1,0,0,1,0,1,0,1,1,1,1,1,1,0,1,1,1,0.573679
0,1,1,1,1,0,0,1,1,0,0,0,0,0,0,1,0,0,1,0,1,0,0,0,1,0,0,0,0,0,1,1,0.614791
0,0,0,1,0,0,0,0,0,1,1,0,0,1,0,0,0,1,1,1,0,0,1,0,1,1,1,0,0,0,0,0,0.565473
1,0,0,0,1,0,0,0,0,0,1,1,1,1,1,0,1,1,0,1,1,1,1,0,0,0,0,1,1,0,1,0,0.596590
1,0,0,1,0,0,0,0,0,1,1,1,0,1,1,1,1,0,0,1,1,1,0,1,0,0,0,1,0,1,0,1,0.593180
0,1,1,1,0,1,0,0,0,1,1,0,1,1,0,0,1,0,0,0,1,1,1,0,1,0,0,1,0,1,0,1,0.599659
0,1,1,1,1,1,0,0,0,0,1,1,0,1,0,0,1,0,1,1,1,0,0,1,1,1,1,1,0,1,1,1,0.579177
0,0,1,0,1,1,0,1,1,0,0,0,0,0,0,1,0,1,0,1,1,1,1,0,1,1,0,1,0,1,0,1,0.580627
1,0,0,1,0,0,1,0,1,0,1,0,1,0,1,1,0,1,1,1,0,0,1,0,1,1,1,1,1,0,0,1,0.586616
0,1,0,1,1,0,1,0,1,1,0,1,0,1,1,0,0,0,1,1,1,1,1,1,1,1,1,0,0,0,1,0,0.606714
1,1,1,0,0,0,0,0,1,1,0,0,1,0,1,1,0,0,1,0,1,0,0,1,1,1,0,1,1,0,1,0,0.602195
0,1,0,1,1,0,0,0,1,0,0,1,1,1,0,0,0,1,0,0,1,0,0,1,0,1,1,0,1,0,0,0,0.599361
0,0,1,1,0,1,0,1,1,1,1,1,1,1,1,1,0,1,0,1,1,1,0,0,1,1,1,0,1,0,1,0,0.644693
0,0,1,1,0,1,1,0,0,0,1,1,0,0,1,0,0,0,0,0,0,0,1,0,0,1,0,0,0,1,0,1,0.581756
0,1,0,1,0,1,1,1,0,1,1,0,1,0,0,1,0,1,1,0,0,1,1,0,1,1,0,0,0,0,1,0,0.619416
0,0,1,1,0,0,1,1,1,0,0,0,1,1,1,1,1,0,1,0,1,1,0,0,0,0,0,1,1,1,0,0,0.574084
1,0,0,1,1,1,1,1,0,1,1,1,0,1,1,0,0,1,1,1,0,0,1,0,0,0,0,1,1,0,1,1,0.592199
1,0,1,0,1,1,0,0,1,0,1,0,0,0,0,1,0,0,1,0,1,1,0,1,0,0,1,1,1,0,1,1,0.600277
0,0,0,1,1,1,0,0,1,1,1,0,1,1,0,0,1,1,1,1,1,1,0,0,0,0,0,0,0,0,1,0,0.624254
1,1,0,0,0,1,1,0,0,0,0,0,0,0,0,1,0,1,1,1,1,1,1,1,1,0,0,1,1,1,0,1,0.554881
0,0,1,0,1,1,1,0,0,1,1,1,1,0,0,1,0,1,0,1,0,0,1,1,0,1,0,1,0,0,1,0,0.570546
1,0,0,1,0,0,1,0,1,0,1,1,1,0,0,0,0,0,0,0,1,1,0,0,0,0,1,1,0,1,1,1,0.596185
1,1,0,0,0,0,0,1,1,1,0,0,0,1,0,1,1,0,1,1,0,0,0,0,1,1,0,1,1,1,0,1,0.589770
0,1,0,0,0,1,0,0,0,1,0,0,1,1,1,0,0,1,0,0,1,0,1,0,1,1,0,0,0,0,0,1,0.581117
0,1,0,0,0,1,1,1,0,1,1,0,0,1,1,1,1,0,0,0,0,0,1,1,0,1,1,0,0,1,1,0,0.565260
