0,0,0,1,0,0,0,0,0,1,1,1,1,1,1,1,0,1,0,0,0,0,1,1,0,1,1,0,1,1,1,0,0.573982
0,0,0,1,0,0,0,0,0,0,1,0,1,1,1,0,1,1,0,0,0,0,0,0,1,1,0,0,1,0,0,0,0.585545
1,0,0,1,1,1,1,0,1,1,0,1,1,1,0,0,1,1,0,1,0,0,1,0,1,0,1,0,0,0,0,1,0.596867
1,0,0,1,0,0,0,1,0,0,0,1,1,1,0,1,1,0,1,0,1,1,1,1,0,0,0,1,1,0,1,1,0.581788
0,1,0,0,1,1,1,1,0,1,0,0,1,0,1,1,0,0,1,1,1,1,0,0,1,0,0,0,1,1,1,0,0.585545
0,1,1,0,0,1,0,1,1,0,1,1,1,0,1,1,1,1,1,1,1,0,1,0,1,1,0,0,1,1,0,0,0.591672
1,1,1,1,0,0,1,0,1,0,1,0,1,1,0,1,1,0,1,1,1,1,1,0,1,0,1,1,1,0,1,0,0.595135
1,0,0,1,0,0,0,1,0,1,1,1,0,0,1,1,0,1,0,1,0,0,0,1,0,1,1,1,1,1,1,1,0.562686
1,0,1,1,1,1,1,1,1,1,1,0,1,0,0,0,1,1,1,0,1,1,0,0,1,1,0,1,0,1,0,1,0.592391
1,1,0,0,1,1,0,1,1,1,0,0,0,1,1,0,0,1,0,0,1,1,0,1,1,0,1,0,1,1,0,1,0.573796
0,1,0,0,0,1,1,1,0,1,0,1,1,1,0,0,0,0,0,0,0,1,0,0,0,0,0,0,0,0,1,1,0.590713
1,1,0,1,1,1,0,0,0,0,0,0,1,1,1,1,0,1,0,1,0,0,0,1,0,1,1,1,0,0,1,0,0.589807
1,0,0,1,0,0,0,0,1,1,0,1,1,1,0,0,0,0,0,1,1,1,1,1,0,1,1,0,0,0,1,0,0.592551
1,0,0,1,0,0,0,1,0,0,0,1,1,1,0,1,0,0,0,1,0,1,1,1,1,0,1,0,0,1,0,0,0.592125
1,0,1,0,1,1,0,1,0,1,0,0,1,1,1,1,0,1,0,0,1,1,0,1,1,0,1,1,0,0,0,1,0.595508
1,0,1,1,0,0,0,1,1,1,1,1,1,1,0,1,0,1,0,0,0,1,0,0,1,0,1,0,1,1,1,0,0.594176
0,1,0,0,1,1,0,0,0,0,0,0,0,0,1,0,0,0,1,0,0,1,1,0,1,0,1,1,1,1,0,1,0.589354
1,0,1,0,0,0,1,0,1,1,1,0,1,0,0,0,1,0,0,0,1,1,0,0,1,1,0,1,1,0,1,1,0.593883
1,0,1,0,1,0,0,0,1,1,0,1,1,1,0,0,1,0,1,1,1,0,0,0,0,1,0,0,0,1,0,0,0.587223
0,1,0,1,1,1,0,0,1,1,0,0,1,0,0,0,1,1,0,1,0,0,0,1,1,1,1,1,1,0,0,1,0.597320
1,0,1,1,0,1,1,0,1,1,0,1,1,0,1,1,1,0,0,0,0,1,1,1,0,1,0,1,1,0,0,1,0.589114
1,0,1,0,0,1,1,0,0,0,0,1,1,0,0,0,0,0,0,0,0,1,1,0,0,0,0,1,0,0,0,1,0.570386
0,1,0,1,0,1,0,0,0,0,1,0,0,1,1,1,1,0,0,1,1,0,0,0,0,1,1,0,0,0,1,0,0.593297
1,0,1,0,1,0,1,0,0,0,1,1,1,1,0,0,0,1,0,1,0,1,0,1,1,1,1,0,1,1,0,1,0.592951
0,1,0,0,1,1,0,0,0,1,1,1,1,0,0,1,1,1,0,0,0,0,0,1,0,1,1,0,1,1,0,1,0.599211
1,1,1,1,1,0,1,1,0,0,0,1,0,0,0,0,0,1,0,0,0,1,1,1,1,1,1,1,1,0,1,0,0.590553
0,0,0,1,1,1,0,0,0,1,0,1,0,0,0,1,1,1,1,0,1,1,1,0,1,1,1,0,1,0,1,1,0.599345
0,0,1,1,1,1,1,1,0,1,1,1,1,1,1,0,1,0,1,1,0,0,0,1,1,1,1,0,1,0,0,0,0.598492
0,1,0,1,0,0,1,1,1,0,1,0,0,1,1,0,0,1,1,0,1,1,1,1,1,1,0,1,0,0,0,1,0.590020
0,1,1,0,1,0,1,1,0,1,1,0,0,1,1,1,1,0,1,0,0,0,1,1,1,1,1,0,1,1,1,0,0.555280
1,0,0,0,1,0,1,0,1,1,0,1,1,1,0,1,0,1,0,1,1,0,1,1,1,1,0,1,0,0,1,1,0.581762
0,0,0,0,1,1,0,1,0,0,0,1,1,1,0,1,0,0,0,1,1,1,1,0,1,0,1,0,0,0,0,0,0.559170
0,1,0,1,1,1,1,1,1,1,0,0,1,0,1,0,1,0,1,1,0,1,0,0,0,0,1,1,1,0,0,0,0.598279
0,1,1,1,0,0,1,0,0,0,0,1,1,0,0,1,0,0,0,1,1,0,1,1,0,1,1,0,1,1,1,1,0.570839
0,1,1,1,1,0,0,0,0,0,1,0,0,1,1,1,0,0,0,0,0,0,0,1,1,1,0,0,0,0,0,0,0.591885
0,0,0,1,1,1,1,1,0,0,0,1,1,1,1,1,1,1,0,0,1,0,0,0,1,1,0,0,1,1,1,0,0.563646
1,0,1,0,0,0,1,0,1,0,1,0,0,0,0,0,0,1,0,0,0,1,1,1,1,0,0,1,0,1,1,1,0.590606
1,1,1,1,1,0,1,0,1,0,0,0,0,0,0,1,1,0,0,0,0,1,1,1,0,0,1,1,1,1,0,1,0.589754
1,1,1,1,0,0,1,1,0,0,0,1,1,0,0,1,1,1,1,1,1,1,1,1,1,0,1,1,1,1,0,0,0.590846
0,1,0,1,1,0,0,1,1,1,1,0,0,1,0,1,0,0,1,1,1,0,0,1,0,0,0,0,1,0,0,0,0.591938
1,0,0,0,1,0,1,0,1,1,0,0,0,0,1,1,0,1,0,1,1,0,0,1,1,0,1,1,1,0,1,0,0.591912
0,1,1,0,1,0,0,0,0,1,0,1,0,0,0,1,0,1,1,1,1,0,0,0,1,1,0,0,1,0,0,0,0.598199
0,0,0,1,1,0,1,1,1,1,1,1,1,1,0,0,0,0,0,1,1,1,0,1,1,1,0,0,0,1,1,1,0.591459
1,0,1,1,0,0,1,1,1,0,1,1,0,1,1,0,1,1,1,1,1,1,1,0,1,0,1,0,1,0,0,0,0.590686
1,1,0,0,1,1,0,1,1,0,0,1,0,0,1,0,0,1,1,1,0,0,1,1,1,0,1,1,1,0,0,0,0.592711
1,1,0,0,1,0,1,1,0,0,0,0,1,1,1,1,0,0,1,1,1,0,1,0,0,1,1,1,0,0,1,0,0.583387
0,1,1,1,1,1,0,0,0,1,1,0,0,0,1,1,0,0,0,1,0,0,0,1,1,1,1,0,1,0,0,1,0.602302
1,1,0,0,0,0,1,0,0,0,0,0,1,1,1,0,0,1,1,0,0,0,1,0,1,0,1,1,1,0,0,1,0.593111
1,1,0,1,0,0,0,0,1,1,0,1,1,0,1,1,0,1,1,1,0,0,0,0,1,0,1,1,0,0,0,1,0.599584
1,0,1,0,1,1,0,0,1,1,1,1,1,0,0,1,0,1,1,0,1,0,1,0,0,0,1,1,1,0,0,1,0.594123
1,0,0,0,0,1,0,0,1,1,1,1,0,0,0,0,1,0,1,0,0,1,0,0,1,1,1,0,1,1,0,1,0.593350
0,1,1,0,0,1,0,1,0,0,1,0,1,0,1,0,0,1,0,0,0,1,0,0,0,1,1,1,0,1,0,1,0.585624
0,0,1,1,0,0,1,1,0,1,1,0,0,0,0,1,0,0,0,1,1,0,0,1,1,0,0,1,0,0,0,0,0.587250
0,1,0,1,0,1,0,0,1,0,0,1,1,1,1,1,1,1,1,0,1,1,1,1,1,1,0,1,1,1,1,1,0.550458
1,0,0,0,1,1,1,0,0,1,0,1,0,1,0,0,1,0,0,0,0,0,0,1,1,1,1,1,1,1,1,1,0.593084
1,1,0,1,0,0,1,1,0,1,0,0,1,0,0,0,1,0,1,0,0,1,1,0,1,0,1,1,0,1,0,1,0.607523
1,1,0,1,0,1,1,0,0,0,0,0,0,1,0,0,0,1,1,0,1,0,0,1,1,0,1,0,0,1,1,1,0.593883
1,0,1,1,0,1,1,0,1,1,0,1,0,0,0,1,1,1,0,1,1,1,0,0,1,1,0,1,1,0,1,1,0.600916
0,0,1,0,1,1,1,0,0,0,0,0,1,1,1,0,1,0,1,0,1,0,1,1,0,1,0,0,1,0,1,1,0.557465
1,1,0,0,1,1,1,0,0,0,1,0,1,0,0,0,1,0,0,1,0,0,0,0,0,0,1,0,1,0,1,0,0.575634
1,0,0,1,0,1,0,0,1,0,0,1,1,1,0,1,0,1,1,0,0,1,1,0,0,0,0,0,0,1,1,1,0.587463
1,1,1,1,1,1,1,0,1,1,0,1,0,1,1,0,1,0,1,0,1,0,0,1,0,0,0,0,1,0,0,1,0.596814
0,0,1,1,0,0,1,0,0,0,0,0,1,0,1,1,0,0,0,0,1,1,1,0,0,0,1,0,0,1,0,1,0.581628
0,0,0,0,0,0,1,0,1,1,0,0,1,1,0,1,0,1,1,0,0,0,0,1,0,0,1,1,0,0,1,1,0.574355
0,0,0,0,0,0,1,1,1,1,0,0,1,1,1,1,1,1,1,1,1,0,0,1,1,1,0,1,1,1,1,1,0.541560
0,1,0,0,1,1,0,1,0,0,0,1,1,1,0,0,1,0,1,0,1,1,0,1,0,1,0,1,1,1,1,0,0.578405
1,1,1,1,0,0,1,0,1,0,1,0,1,0,1,0,0,1,0,1,1,0,1,1,0,1,0,1,1,1,0,0,0.595881
1,0,1,0,0,0,0,1,1,0,1,1,1,0,0,0,0,0,0,1,0,0,1,1,0,0,0,1,0,0,0,1,0.581442
0,0,1,0,0,1,1,0,0,0,0,1,0,1,0,0,0,1,1,1,1,0,0,0,1,1,1,1,0,0,1,0,0.586637
1,1,1,0,1,1,0,1,0,1,1,0,0,1,0,1,1,1,1,1,1,0,0,1,0,0,0,1,1,1,1,0,0.586930
1,1,1,1,1,0,0,0,0,0,1,0,1,1,1,0,0,0,1,1,0,1,1,1,0,0,1,1,0,0,0,0,0.598812
1,0,0,0,0,1,0,0,0,0,0,0,1,0,0,1,1,0,0,1,0,0,0,0,1,0,1,1,1,1,1,0,0.590447
0,0,0,1,1,1,0,1,1,1,1,0,0,1,1,0,1,0,0,0,1,0,0,0,1,0,0,0,1,0,1,0,0.594203
0,0,0,0,1,0,1,0,0,0,0,1,1,0,1,1,0,1,1,1,0,0,1,0,1,1,1,0,1,1,0,1,0.590686
1,1,1,0,1,0,1,0,1,0,1,1,1,0,1,0,0,0,1,1,1,0,0,0,0,0,0,0,1,1,0,1,0.591752
0,1,1,0,1,0,1,1,0,0,1,1,0,0,0,0,0,0,1,1,1,0,0,0,0,1,0,0,0,0,1,1,0.589807
0,1,1,1,0,0,1,1,1,1,0,0,1,0,1,1,1,1,0,1,1,0,1,1,0,1,1,0,1,1,1,1,0.538097
0,1,1,0,1,1,0,1,1,0,0,1,0,0,0,0,1,0,0,1,0,0,0,1,0,0,0,0,1,0,1,1,0.593803
0,1,0,1,0,0,0,0,0,0,0,0,1,1,0,0,1,1,1,0,0,0,1,1,0,1,1,1,1,1,0,0,0.598785
1,0,1,0,1,0,1,0,0,0,1,0,1,1,1,0,1,0,1,0,1,1,1,1,0,0,1,1,0,1,1,1,0.591752
0,0,1,1,0,1,0,0,1,1,1,1,0,1,0,1,1,1,1,0,0,1,0,1,0,1,0,1,0,1,1,0,0.592711
1,0,1,1,0,0,0,1,0,0,1,0,0,1,0,1,1,0,1,0,0,1,0,1,0,1,0,0,0,0,0,1,0.589514
0,1,1,1,0,1,1,0,1,1,0,0,0,1,1,1,1,0,0,0,1,0,1,1,0,1,0,1,1,0,0,1,0.591086
1,1,1,1,0,1,1,0,1,1,0,1,1,0,0,0,0,1,0,0,0,0,1,1,1,0,0,0,1,0,0,0,0.594603
0,1,1,1,1,1,0,1,0,1,0,1,1,0,1,0,1,1,0,0,1,0,0,0,1,1,1,0,0,0,0,0,0.599478
0,0,0,0,0,0,0,1,0,1,0,0,1,0,1,0,0,0,0,1,1,0,0,1,0,1,1,1,0,1,1,1,0.554348
1,0,1,0,1,1,1,0,0,1,1,1,1,0,0,0,0,0,0,1,0,1,1,1,1,1,0,1,0,0,1,1,0.593164
1,1,0,0,0,0,1,1,0,1,1,1,0,1,0,0,0,0,1,1,0,0,0,1,1,1,1,1,1,0,1,0,0.590740
0,1,0,1,0,0,0,1,1,0,1,0,0,0,0,0,0,1,1,1,1,0,1,1,1,0,1,0,0,1,1,0,0.594150
0,1,0,0,0,1,0,1,1,0,1,0,1,1,1,1,1,1,1,0,0,0,0,1,1,1,0,0,0,1,0,0,0.594842
0,0,0,0,1,1,0,0,1,1,0,0,1,1,1,0,1,1,1,1,1,1,1,1,1,0,1,1,1,1,1,1,0.580350
1,1,1,1,1,0,1,1,1,0,0,1,0,1,0,0,1,0,1,1,0,1,0,1,1,0,1,1,1,0,1,0,0.595668
1,0,1,0,0,1,0,1,0,0,0,0,1,0,1,0,0,0,0,0,1,0,0,0,0,1,0,0,1,1,0,0,0.580483
0,0,0,0,1,0,1,0,1,1,0,1,1,1,1,0,0,1,0,0,0,1,0,1,0,1,0,0,1,0,0,0,0.580749
0,0,0,1,1,1,1,1,1,0,0,0,1,0,1,1,1,0,1,0,0,1,0,1,0,1,0,0,0,0,0,0,0.597533
1,0,0,0,1,0,0,1,1,1,0,0,0,0,1,1,1,0,0,1,1,0,0,1,1,0,1,0,0,1,1,1,0.586131
1,1,1,1,0,0,0,0,1,1,0,1,1,0,1,1,0,1,1,0,1,1,1,0,1,1,0,1,0,0,1,1,0.601423
0,0,1,0,0,0,1,1,0,0,0,0,0,0,1,0,0,1,0,1,1,0,0,1,0,1,1,1,1,1,1,0,0.577392
1,0,0,1,1,0,1,0,1,1,0,0,0,1,0,1,1,1,0,0,0,0,1,1,1,1,1,0,1,1,0,1,0.594656
0,0,0,1,1,0,0,1,1,0,1,1,1,1,0,0,1,1,0,0,0,0,0,0,1,0,1,0,0,1,0,0,0.593377
1,0,0,1,0,0,1,0,1,1,1,0,0,1,0,1,0,1,1,1,1,1,0,1,1,1,1,1,0,0,0,1,0.593857
0,1,1,1,1,1,1,1,0,1,0,0,1,1,1,1,1,1,1,1,0,0,0,1,1,0,0,0,1,1,1,0,0.569800
0,0,0,0,1,1,1,0,1,0,1,0,0,1,0,1,1,1,0,1,1,0,0,1,1,0,0,0,0,0,1,0,0.590979
1,1,0,0,0,0,1,0,1,0,0,0,1,0,0,1,1,0,0,0,1,1,0,1,1,0,0,0,0,0,1,1,0.599132
1,1,1,1,1,1,0,0,1,1,0,1,0,1,1,1,0,1,1,1,1,1,0,1,0,0,1,1,0,1,0,1,0.592365
1,0,1,1,1,1,1,1,1,1,1,1,0,0,0,0,1,0,0,0,1,1,1,1,1,1,1,0,1,1,1,1,0.573822
0,1,0,1,1,0,1,1,1,0,1,1,1,0,0,0,0,1,1,0,1,1,0,0,0,0,1,0,1,1,1,0,0.593510
0,1,0,1,1,0,0,0,0,1,0,1,0,1,0,1,0,0,1,0,0,1,1,1,1,1,0,0,1,0,0,1,0.601449
1,1,0,1,0,0,1,0,1,1,0,0,1,1,0,1,0,0,1,0,0,1,1,0,1,1,1,0,1,0,1,0,0.594176
0,0,0,1,1,0,0,0,1,0,0,1,0,0,0,1,0,1,1,1,0,0,0,0,1,0,1,0,1,1,0,1,0.596148
1,0,0,0,0,1,1,1,1,1,0,1,1,0,1,0,0,1,0,1,1,0,0,1,1,0,0,1,1,1,0,1,0.592285
1,1,1,0,0,0,0,1,1,1,1,1,1,0,0,1,1,0,0,0,1,1,0,1,1,0,1,1,0,1,1,1,0.557944
0,1,0,1,0,0,1,0,0,1,0,1,1,1,1,1,0,0,1,1,1,0,0,1,1,1,0,0,0,0,1,0,0.603847
0,1,0,1,0,0,1,0,0,0,1,0,1,0,0,1,0,1,1,0,1,0,1,1,0,0,0,0,0,0,1,1,0.586823
1,0,1,1,0,0,0,1,1,1,0,1,0,0,0,1,1,0,0,0,0,0,0,1,0,1,1,0,0,1,1,0,0.591033
1,1,1,0,0,1,1,0,1,1,1,0,1,0,0,1,1,1,1,0,0,1,0,0,1,0,1,1,0,0,1,1,0.594762
0,1,0,0,0,1,1,1,1,1,0,1,0,1,1,1,0,1,1,0,0,0,0,1,0,0,1,1,1,1,1,0,0.589487
1,0,1,1,0,1,0,0,1,0,0,0,1,1,0,1,0,0,0,0,0,0,1,1,1,0,0,1,1,0,0,0,0.590047
0,0,1,0,0,0,1,1,1,0,0,0,0,1,1,1,1,0,0,0,1,1,1,1,0,0,1,0,0,0,0,0,0.585784
1,0,1,0,0,1,1,1,0,1,0,1,1,0,1,1,0,0,0,1,1,0,0,0,1,1,1,1,0,1,0,1,0.593883
1,1,1,0,1,1,1,0,0,1,1,0,1,1,0,0,0,0,1,0,0,0,0,1,0,1,0,0,1,0,1,1,0.590846
0,0,0,1,1,0,0,1,0,0,1,1,0,1,0,0,0,1,0,0,1,1,1,1,1,0,0,1,1,0,1,0,0.582081
0,0,0,1,1,1,0,1,1,1,0,0,1,1,0,1,0,1,0,0,1,1,1,0,1,1,0,1,1,0,0,0,0.593270
1,0,0,0,0,1,1,0,1,1,1,1,1,1,1,1,0,1,1,0,1,1,1,0,1,0,1,0,0,0,1,0,0.584692
0,0,1,1,0,1,1,0,0,0,1,1,1,1,1,0,0,1,0,1,1,0,0,0,1,1,1,1,1,1,0,0,0.593617
0,1,0,1,0,1,0,1,0,1,1,1,1,0,0,1,0,1,1,0,0,1,1,0,0,1,1,0,0,1,1,0,0.592791
0,1,1,0,1,0,1,1,0,0,0,0,0,1,1,0,1,1,1,1,1,1,0,0,1,1,0,0,1,1,1,0,0.582747
1,1,1,1,1,1,1,0,0,0,1,1,1,1,1,1,0,1,0,0,0,1,1,1,0,1,1,0,0,1,0,0,0.593004
