1,0,1,1,0,1,1,0,1,0,1,1,0,0,0,1,0,1,1,0,0,0,0,0,1,0,1,1,1,0,1,1,0.993420
1,0,1,1,0,0,0,0,1,0,0,1,1,1,0,0,1,0,1,1,1,0,0,0,0,0,1,0,1,1,1,1,0.992727
1,1,1,1,1,0,1,0,1,1,1,1,1,0,1,0,0,0,0,1,0,1,1,0,1,1,0,0,0,0,0,0,0.994698
0,1,0,0,0,0,0,1,1,0,0,0,0,1,1,1,1,0,1,1,0,1,0,1,1,0,1,1,0,1,1,0,0.013187
0,0,0,1,1,1,0,1,1,0,1,1,0,1,1,0,0,0,1,1,0,0,0,1,1,0,0,1,1,1,0,0,0.012175
0,1,1,1,0,1,0,0,0,0,0,1,1,0,0,0,0,1,1,0,1,1,1,1,1,1,0,0,0,1,1,0,0.012335
1,1,0,1,1,1,0,0,0,0,0,0,1,0,0,1,0,1,1,0,0,1,1,0,0,0,0,0,0,1,1,1,0.992221
0,1,0,1,0,1,0,0,0,1,0,1,1,1,0,1,1,1,1,0,1,0,0,1,1,0,1,0,1,1,0,0,0.013054
0,0,1,1,1,1,0,1,1,1,1,1,1,0,1,1,1,1,0,0,1,1,0,1,0,0,1,0,0,1,1,1,0.996537
0,0,0,0,1,0,0,1,1,1,1,0,1,0,1,1,0,0,0,0,0,1,1,0,1,0,0,1,1,0,0,0,0.007753
0,1,0,0,1,1,1,0,1,1,1,1,1,0,1,0,1,0,1,0,0,0,0,1,1,1,1,0,0,1,0,1,0.993153
1,1,1,1,1,0,1,0,0,1,0,1,1,0,0,1,0,1,0,1,1,1,1,1,1,0,1,0,0,1,0,0,0.993393
0,1,1,0,0,0,0,1,0,1,1,0,0,1,1,0,0,0,1,1,0,1,1,0,1,1,1,1,1,1,1,0,0.014146
0,1,0,1,1,1,1,0,0,1,0,1,1,0,1,1,1,0,1,1,0,1,0,1,0,1,1,0,0,0,1,0,0.014599
1,1,0,0,1,1,1,1,1,1,1,1,1,1,0,0,1,1,1,1,0,0,1,0,1,1,0,0,0,0,1,1,0.994112
0,0,0,1,1,0,0,0,0,0,1,1,0,1,0,1,0,1,0,1,0,1,1,0,0,1,1,0,0,0,1,0,0.007007
1,1,1,1,1,0,0,0,1,0,1,1,1,1,0,1,0,1,1,0,1,1,0,1,0,1,1,0,0,0,0,0,0.993153
1,1,1,0,1,0,0,1,1,1,0,1,0,0,0,1,0,1,0,1,1,0,0,1,1,1,0,0,0,1,1,0,0.992647
0,0,0,0,1,1,0,1,0,1,1,1,1,1,1,0,0,1,0,0,0,0,1,0,1,0,1,1,1,0,0,1,0.991661
1,0,0,1,1,0,0,1,0,0,0,0,1,1,0,0,1,1,0,0,0,1,1,1,1,1,1,0,1,1,0,1,0.993047
1,1,1,1,0,0,0,1,1,1,0,0,1,1,0,0,0,0,1,0,0,0,1,1,1,1,0,1,0,0,1,1,0.993233
0,0,0,1,0,1,1,0,0,1,0,0,0,0,0,0,0,0,0,0,0,1,0,0,1,1,1,0,1,1,0,0,0.005728
1,1,0,0,0,0,1,0,1,0,1,1,1,1,0,0,0,0,0,0,0,1,0,1,1,0,0,1,0,1,0,0,0.992247
1,0,1,0,1,1,0,0,0,0,1,1,1,1,0,0,0,1,1,1,0,1,0,1,1,0,0,1,1,1,0,0,0.993073
1,0,0,0,1,0,0,1,1,0,1,1,0,1,1,1,1,0,0,0,1,1,0,1,0,1,1,0,1,1,0,0,0.991715
0,0,1,0,1,0,1,1,1,0,0,1,1,0,1,1,0,0,1,1,0,1,0,0,1,0,0,0,0,0,0,1,0.991848
1,1,1,0,1,1,1,0,0,1,0,0,0,1,0,1,0,1,1,1,1,1,1,0,1,0,0,1,1,0,1,1,0.994379
0,1,0,0,0,1,0,0,1,1,0,0,1,1,1,0,1,1,1,0,0,0,1,0,1,1,0,1,0,1,1,1,0.993446
1,1,1,1,1,1,0,1,1,1,0,1,0,1,0,0,0,0,0,1,1,0,0,0,1,0,1,1,1,1,1,0,0.993207
0,0,1,1,1,1,0,1,0,1,1,1,1,1,1,0,0,1,0,0,1,1,1,0,1,1,1,0,0,1,1,0,0.012921
0,0,1,0,0,1,1,0,0,0,1,1,0,0,1,0,0,1,1,0,0,0,0,1,1,1,0,0,0,0,1,0,0.006847
1,0,1,0,1,1,0,1,1,0,0,0,0,1,1,0,1,1,1,1,0,1,1,1,1,0,1,1,1,0,0,1,0.994405
0,0,1,0,0,1,0,1,1,1,1,0,1,0,1,0,0,1,1,1,0,0,1,0,0,0,1,1,0,0,0,1,0.991368
1,0,0,1,0,1,0,1,1,0,1,0,0,1,1,1,1,1,0,1,1,0,1,0,0,0,1,0,1,1,1,0,0.993579
0,1,0,0,1,1,1,1,1,0,0,1,1,0,1,0,1,0,1,0,0,0,1,0,1,0,1,1,1,1,1,0,0.014892
0,1,0,1,1,1,0,0,1,1,1,1,0,1,1,1,0,1,0,1,1,1,1,1,0,1,1,1,0,1,1,0,0.014066
1,1,0,0,0,1,1,1,0,1,1,1,1,1,1,1,1,0,1,1,0,1,0,0,1,0,0,1,0,0,1,1,0.994645
1,0,1,0,0,0,0,1,0,1,0,1,0,1,0,1,0,0,1,1,0,0,0,0,1,0,0,1,1,0,1,0,0.989876
1,0,0,1,1,0,0,0,0,0,0,0,1,1,1,1,0,0,0,0,0,1,0,0,0,0,1,1,1,1,1,1,0.992168
1,1,1,0,1,0,0,1,0,0,0,0,1,1,1,1,0,1,1,1,0,1,0,0,1,1,0,1,0,1,1,1,0.995471
0,1,0,1,0,1,1,0,0,0,0,1,0,1,1,1,1,1,0,1,1,0,0,0,1,0,0,0,0,1,0,0,0.010443
0,0,0,1,1,1,1,1,0,0,0,0,1,0,1,1,1,1,1,1,1,1,0,1,0,0,0,0,1,1,1,0,0.012948
1,1,1,1,0,0,1,0,1,0,1,0,1,0,1,1,0,0,0,0,0,0,1,0,1,1,0,1,1,1,0,1,0.993233
1,1,0,1,1,1,0,1,0,1,0,1,0,0,0,0,0,0,0,0,0,1,1,0,0,1,0,0,0,0,1,0,0.990383
1,0,1,0,1,0,0,1,0,0,0,1,0,0,0,1,0,0,0,0,0,1,0,1,1,0,0,1,0,0,0,0,0.990249
0,1,1,0,1,1,1,0,1,0,1,1,1,1,0,1,0,0,0,0,1,1,0,1,0,0,1,1,0,1,0,0,0.010230
0,1,0,1,1,1,0,1,0,1,0,1,0,0,0,0,1,0,1,0,0,0,1,0,0,1,0,0,0,1,1,0,0.009884
1,1,1,1,0,0,1,1,1,0,0,1,1,0,1,0,1,1,0,0,0,1,1,1,0,1,1,1,1,0,0,0,0.995498
0,1,0,0,1,0,0,1,0,1,1,0,0,1,1,0,0,0,0,0,0,1,0,0,0,1,1,1,1,0,0,0,0.007646
1,0,0,0,1,1,1,0,1,0,1,1,1,1,1,1,0,0,1,0,1,0,0,1,1,1,1,1,0,0,1,1,0.994965
1,1,1,0,1,0,0,1,0,0,0,1,0,0,1,0,1,0,1,1,0,1,0,0,1,1,1,0,1,0,1,0,0.993393
0,1,0,1,1,0,0,1,0,1,0,0,1,1,0,1,1,0,1,0,0,1,1,0,1,0,1,1,1,0,0,1,0.993313
0,0,0,0,1,0,0,1,0,0,1,1,1,1,0,1,0,1,1,0,0,1,1,0,0,1,1,0,1,0,0,0,0.007326
1,1,0,0,1,1,1,0,0,0,1,0,0,0,1,1,0,1,1,0,0,1,1,1,1,1,0,0,0,0,0,1,0.992647
0,1,0,1,1,0,1,1,0,0,0,0,1,1,1,0,1,0,1,0,1,1,1,1,0,1,1,0,0,0,1,0,0.012575
1,0,0,0,0,0,0,1,0,0,1,1,1,0,1,1,1,1,0,0,1,0,1,1,1,0,0,1,1,0,1,0,0.993713
0,0,0,1,0,0,0,1,0,1,1,0,1,1,0,1,1,0,0,0,0,0,1,0,0,0,0,0,0,1,0,1,0.989796
1,1,1,0,1,1,1,1,1,1,1,1,0,1,1,1,1,0,1,1,1,1,1,0,0,1,1,0,1,0,1,0,0.995311
1,0,0,1,1,1,0,1,0,0,1,0,0,0,0,1,0,1,0,0,1,0,1,1,1,1,0,0,0,1,0,0,0.990862
1,1,0,1,1,0,1,1,0,0,1,1,0,0,0,1,1,0,0,0,1,0,1,0,0,0,0,0,1,1,0,0,0.990569
1,1,0,0,0,1,0,0,0,0,1,1,0,1,0,1,0,0,0,0,1,1,1,0,0,0,0,0,0,1,1,0,0.990809
0,1,1,0,1,1,0,1,0,0,0,1,0,0,1,0,0,0,1,0,0,0,1,1,0,0,1,1,1,1,0,0,0.010736
1,1,0,1,1,1,0,1,0,0,1,0,0,1,1,0,1,0,0,1,1,0,1,1,0,0,1,1,1,0,1,0,0.993073
1,1,0,1,0,1,0,0,1,0,1,1,0,0,1,0,0,1,1,1,1,0,1,1,0,1,1,1,0,0,1,0,0.993926
0,1,0,0,0,1,1,1,1,0,0,1,1,1,1,0,0,0,0,0,0,1,0,0,1,0,0,1,1,0,1,0,0.010683
1,0,0,1,0,1,0,1,0,1,0,0,0,1,1,0,1,1,0,0,0,1,1,0,1,1,0,1,0,1,0,0,0.991688
1,0,0,1,0,0,0,0,0,0,0,0,1,0,0,0,1,0,1,0,1,0,0,0,1,0,1,0,1,1,0,1,0.991315
0,1,0,1,1,0,0,0,1,0,1,1,1,0,0,1,1,0,1,0,0,0,1,1,0,1,0,0,0,0,1,0,0.012441
0,1,1,1,1,0,0,0,1,0,1,0,1,0,1,1,1,0,0,0,1,0,0,0,1,0,0,0,0,1,0,0,0.012468
1,1,1,0,0,0,1,0,1,0,1,1,1,1,0,1,1,1,1,0,0,0,0,1,1,0,1,1,1,1,0,0,0.994139
0,1,1,1,0,1,1,1,0,0,1,0,1,0,0,1,1,0,0,0,1,0,1,1,1,0,0,0,1,1,1,1,0.995471
0,0,1,1,0,1,0,0,1,1,0,1,0,0,0,1,1,0,1,1,0,1,1,0,1,1,0,0,1,0,1,0,0.012841
0,1,1,1,0,1,1,1,1,1,0,0,0,0,1,0,0,0,0,1,1,0,1,1,0,1,0,0,1,1,0,1,0.993579
0,1,1,1,1,1,1,0,1,0,1,0,1,1,1,0,1,1,1,1,0,1,0,1,1,1,0,0,1,0,1,1,0.995897
1,1,0,1,1,1,1,0,1,1,0,1,0,0,0,1,0,0,1,0,1,0,0,1,1,0,1,0,0,0,0,1,0.993366
1,1,1,1,1,1,0,1,1,1,0,1,0,1,0,1,1,0,0,1,1,1,0,0,0,1,1,0,0,1,0,0,0.994485
1,1,0,1,1,0,1,1,0,0,0,0,0,1,1,0,0,0,0,1,0,0,1,1,0,1,1,0,1,1,1,1,0.995045
0,1,0,0,0,1,1,1,1,0,1,1,1,1,1,0,1,1,0,0,1,0,0,0,0,0,1,0,0,1,0,1,0.992354
1,0,0,0,1,1,1,0,0,0,1,0,1,0,1,1,0,1,1,1,0,1,1,1,0,0,0,0,0,0,0,1,0.992780
0,1,1,1,0,0,0,1,0,1,0,0,0,1,1,1,1,0,1,1,1,1,0,1,1,1,0,0,0,1,0,0,0.013294
1,1,0,0,0,1,0,0,1,0,1,1,1,0,0,0,1,0,1,1,0,0,0,1,1,0,0,0,1,0,0,0,0.995098
1,0,0,0,0,1,0,0,1,1,1,0,1,0,1,0,0,1,0,0,1,0,0,1,0,0,0,0,1,1,1,1,0.991661
1,1,0,0,0,0,0,1,1,1,0,0,1,0,1,1,1,1,1,0,0,1,0,0,0,1,1,0,1,1,1,0,0.993233
0,0,1,1,1,1,1,1,1,1,0,1,0,0,1,1,1,0,0,1,1,1,1,1,0,0,0,1,0,0,1,1,0.994325
0,0,1,0,0,0,1,0,0,0,0,0,1,1,1,0,1,0,0,1,0,1,1,1,1,0,1,0,0,0,1,0,0.008419
1,0,0,0,0,0,1,1,1,1,0,1,0,0,0,0,1,0,1,0,1,0,0,0,0,1,0,1,1,1,0,1,0.991715
1,1,1,0,1,1,0,1,1,1,0,1,0,1,0,1,1,1,0,0,1,1,1,0,1,0,0,0,0,0,0,0,0.995231
0,1,1,0,1,1,1,0,0,0,1,0,1,1,1,1,1,1,0,1,0,0,1,1,0,1,0,0,0,1,0,1,0.993846
1,0,0,1,0,1,1,0,0,1,1,1,1,1,0,0,0,1,1,0,1,1,0,1,0,1,1,1,0,1,0,1,0.993473
1,1,1,1,0,0,0,0,1,1,1,0,1,1,1,0,1,0,1,1,0,0,1,1,0,1,1,1,1,1,1,1,0.996590
0,0,1,0,0,0,1,0,1,1,0,0,1,0,1,1,1,1,0,1,0,1,0,1,0,0,1,1,1,0,1,1,0.993233
1,0,0,0,0,1,0,0,1,0,1,0,0,0,0,1,1,0,1,0,0,0,0,0,1,0,1,0,0,0,0,0,0.991208
0,0,1,0,0,0,0,1,0,0,1,1,1,1,1,1,0,0,1,1,1,1,0,0,0,0,0,0,1,0,0,0,0.008871
1,0,0,1,0,0,1,0,1,0,1,0,1,0,0,0,1,1,1,0,0,0,0,1,1,1,0,0,1,1,0,0,0.992301
1,0,1,0,0,1,0,1,0,0,0,1,1,0,0,0,0,0,0,0,0,1,0,1,1,1,1,0,0,0,1,1,0.990649
0,0,1,0,1,1,0,1,0,1,1,0,1,0,0,0,0,0,0,1,1,1,1,1,1,1,1,1,1,0,1,0,0.011296
0,0,1,1,1,0,0,0,1,0,0,1,1,1,1,1,1,0,0,1,0,0,1,1,0,0,0,0,1,1,1,1,0.993739
0,0,0,0,0,1,0,1,1,1,1,1,1,1,1,1,1,0,0,1,1,0,0,0,0,1,0,0,0,0,1,1,0.993553
1,1,1,1,0,1,0,1,0,0,0,1,0,0,0,1,1,1,1,1,1,1,0,1,0,1,0,0,0,1,0,0,0.992913
1,1,0,1,1,0,0,1,0,0,1,1,1,1,1,1,0,1,0,0,0,0,0,0,1,0,0,1,1,0,1,0,0.992114
0,1,1,1,1,0,0,0,1,1,0,0,1,0,0,1,0,1,1,1,1,0,0,1,1,1,0,1,1,1,1,0,0.015292
1,1,0,1,1,1,1,0,0,1,0,0,1,0,1,0,1,1,1,0,1,0,1,0,0,1,1,1,0,0,0,0,0.993207
1,0,0,1,1,1,0,1,1,0,1,1,1,0,1,1,0,0,0,0,0,1,0,1,1,0,0,0,1,1,0,0,0.991741
0,0,0,0,0,0,1,1,0,0,1,0,0,0,0,1,1,1,1,1,1,1,0,1,0,1,0,1,1,0,1,0,0.009884
0,0,1,1,1,1,0,0,0,1,0,1,1,1,0,1,1,1,0,0,1,1,0,0,1,1,0,0,0,0,0,1,0.992274
0,1,0,0,0,1,0,0,0,1,0,0,0,0,0,0,1,0,0,0,0,0,1,0,1,0,0,0,1,0,0,1,0.988012
1,1,0,1,0,0,1,1,0,0,0,0,0,1,0,1,1,1,0,0,1,1,1,0,0,1,0,0,1,0,1,0,0.992407
1,0,1,1,0,0,0,1,0,1,1,1,1,1,0,0,0,0,1,0,1,0,0,1,1,0,0,0,0,1,1,0,0.991848
0,0,0,0,0,1,0,0,1,1,1,0,0,0,0,0,1,1,1,0,1,0,1,1,1,1,0,1,1,1,1,1,0.993127
0,1,0,1,1,0,1,1,0,0,0,1,1,1,0,1,1,0,1,0,0,0,1,1,0,1,1,0,1,1,0,0,0.014120
0,1,1,0,0,1,1,1,1,0,1,0,0,0,0,1,0,1,0,1,0,1,0,1,0,1,1,0,0,0,0,0,0.010683
0,0,0,1,1,1,0,1,1,0,1,1,0,1,1,1,0,1,1,1,0,1,1,1,0,1,0,1,0,0,0,1,0.993153
0,0,1,0,0,1,0,1,1,1,0,0,0,1,1,1,1,0,0,0,0,0,1,1,1,1,1,1,0,1,1,0,0.011589
1,1,1,0,1,1,1,1,0,0,1,0,0,1,1,1,0,1,1,1,1,1,0,1,0,1,1,0,0,0,0,0,0.991821
1,0,1,0,1,0,0,1,1,1,1,1,0,1,0,1,1,1,0,0,0,1,0,0,1,1,0,0,1,0,0,0,0.992860
0,0,0,1,1,1,1,1,1,1,1,0,0,1,0,0,0,0,1,0,0,1,0,0,1,0,1,0,0,0,1,1,0.992434
1,1,0,1,0,1,1,1,0,1,1,0,1,1,1,0,1,0,1,1,1,0,1,0,0,0,0,0,1,0,0,0,0.994459
1,0,0,1,0,1,0,1,0,0,0,1,1,0,1,0,1,0,1,0,1,0,1,0,1,1,0,1,0,0,1,0,0.992141
1,0,0,0,0,1,0,0,0,1,1,1,1,1,0,0,1,1,1,0,0,0,0,0,0,1,0,1,1,0,0,0,0.991581
0,1,1,0,0,1,0,0,1,1,0,0,0,0,0,1,1,1,1,1,1,0,1,0,0,0,0,0,1,1,1,0,0.013374
0,0,0,1,1,0,0,1,0,1,0,0,0,0,1,1,1,1,1,1,0,0,1,0,0,0,0,1,0,1,0,0,0.009458
0,0,1,1,1,0,1,1,1,1,0,0,0,1,0,0,1,1,0,0,0,1,1,1,0,1,1,0,0,1,0,1,0.993313
1,0,1,0,0,1,1,0,1,0,0,0,1,0,0,1,1,1,0,1,0,0,0,1,0,0,0,1,1,0,1,0,0.991608
0,1,0,0,1,1,0,1,1,0,1,0,0,1,0,0,1,0,1,1,0,0,1,0,1,1,1,1,0,1,0,1,0.993340
0,1,0,1,0,1,0,1,1,0,1,1,0,0,1,0,1,0,1,1,1,1,0,0,1,1,1,0,0,1,1,0,0.014013
0,1,1,1,1,1,0,1,0,0,1,0,1,1,0,0,0,1,1,0,0,0,1,0,1,1,0,1,1,0,1,0,0.013427
1,1,0,1,0,0,1,0,0,1,0,1,0,1,1,0,1,1,0,0,1,0,1,1,1,0,1,0,0,1,0,1,0.994032
0,1,1,0,0,0,0,0,1,0,1,0,1,0,1,0,0,1,0,1,0,0,1,0,1,0,1,1,1,0,1,0,0.011376
