1,1,0,1,1,1,0,1,0,0,1,0,0,0,0,1,1,1,0,0,0,1,1,0,0,1,0,0,0,0,1,1,0.507859
0,1,0,0,0,1,1,0,1,1,1,1,1,1,0,1,1,1,1,1,1,0,1,1,0,0,0,0,0,1,1,0,0.620844
1,1,1,1,1,1,1,1,1,1,0,1,1,1,0,1,1,1,0,0,0,0,1,0,0,0,1,1,0,0,0,1,0.133925
0,0,0,0,1,1,1,0,0,0,0,0,1,0,0,0,1,1,0,1,1,1,1,0,0,0,1,1,1,0,1,0,0.888534
0,1,1,0,0,1,0,0,1,1,1,0,1,1,0,0,0,0,0,1,1,0,1,0,0,0,1,1,0,1,1,1,0.649243
0,0,1,0,1,0,0,1,0,1,0,1,1,0,0,0,0,1,0,1,0,0,0,0,1,0,0,1,0,1,1,0,0.878330
1,0,0,1,1,0,0,0,0,1,0,1,0,1,0,1,0,1,0,1,0,1,1,0,0,1,0,1,0,1,0,1,0.588049
1,0,0,0,0,0,0,0,0,1,1,1,0,1,0,0,0,1,1,0,1,1,0,1,0,1,0,1,0,0,1,0,0.879875
0,1,1,0,1,1,1,1,1,0,0,1,0,1,1,1,0,1,1,1,1,1,0,1,1,0,1,1,0,1,1,1,0.671036
0,1,1,1,0,1,1,1,0,1,1,1,0,1,0,0,1,1,1,1,0,0,1,0,0,0,1,1,0,1,1,1,0.629369
0,1,0,1,1,1,1,1,1,1,0,1,0,1,1,0,0,0,1,1,0,1,1,0,1,0,1,1,0,0,1,1,0.784633
1,0,0,1,1,0,0,1,0,1,1,0,1,1,0,0,0,0,0,0,1,0,1,1,0,1,1,1,0,1,0,0,0.754929
0,1,0,1,0,1,0,1,0,1,1,0,1,0,0,1,0,0,1,1,0,1,1,0,0,1,1,0,0,0,1,0,0.835891
0,0,1,0,1,1,0,1,1,0,0,1,1,1,0,0,1,0,1,1,0,1,0,0,0,0,0,1,0,1,0,1,0.697224
0,0,0,1,1,0,1,0,1,0,0,0,1,1,0,1,1,1,0,0,1,1,0,1,1,1,1,1,0,0,1,0,0.780744
0,1,1,0,1,1,0,0,1,1,1,1,1,0,0,0,1,1,0,1,1,0,1,0,1,0,1,1,0,0,0,0,0.711477
1,0,1,1,0,0,0,1,0,1,1,1,0,0,0,1,0,0,0,1,1,0,0,0,1,0,0,1,0,1,0,1,0.655611
0,0,1,1,0,1,1,0,1,0,1,1,1,1,0,0,1,1,0,0,1,1,1,1,1,0,0,1,1,1,1,0,0.609575
0,1,0,0,1,0,1,0,1,1,0,1,0,1,0,0,1,1,0,1,0,1,0,1,0,1,0,0,0,1,1,0,0.726582
1,0,0,1,1,0,0,0,1,0,0,1,0,1,1,0,1,0,0,0,1,1,0,0,0,0,0,1,1,0,1,1,0.635763
0,0,0,0,1,0,1,1,0,1,0,0,1,1,0,1,0,1,1,0,1,1,1,1,0,1,0,1,0,1,1,1,0.981591
1,1,0,0,0,1,0,0,1,1,0,0,0,1,1,0,1,0,0,1,1,0,1,1,0,1,0,0,1,0,1,1,0.392956
1,1,0,0,0,1,0,0,0,1,1,0,0,1,1,0,1,1,0,1,0,1,1,1,1,0,0,1,1,0,0,1,0.579311
0,1,1,1,0,1,0,1,1,0,0,0,1,0,1,1,1,0,0,0,1,1,0,0,1,1,1,0,1,0,1,1,0.559516
0,1,1,0,1,1,0,1,0,1,1,0,0,1,0,1,1,0,1,0,1,1,1,1,0,0,0,1,0,1,0,1,0.689764
1,1,0,1,1,0,1,1,1,1,0,1,0,0,1,0,1,0,1,1,0,0,1,1,0,1,0,1,1,1,1,0,0.682305
1,1,1,0,0,0,0,1,1,0,0,0,1,0,0,1,0,0,0,0,1,1,1,0,0,0,0,1,0,1,1,0,0.639466
0,0,1,1,0,1,0,0,0,1,1,0,1,1,0,0,1,1,0,1,1,0,1,0,1,0,1,0,0,0,1,0,0.765532
1,1,0,1,1,1,0,0,0,1,0,0,0,1,1,1,1,1,0,1,0,1,0,1,0,0,1,0,0,0,0,0,0.707241
1,1,1,0,1,0,0,1,0,1,0,1,0,1,1,1,1,0,1,0,0,0,0,1,1,0,1,1,0,1,0,1,0.261029
0,1,1,0,0,0,0,0,0,0,1,1,1,1,0,0,0,0,1,0,1,1,0,0,0,1,1,1,0,1,1,0,0.766224
1,1,1,0,1,1,0,0,0,1,1,1,1,0,1,0,1,0,1,0,0,0,0,0,0,0,1,0,0,1,0,1,0.595322
0,1,0,1,0,1,0,1,0,1,1,1,0,1,1,0,1,0,0,0,0,1,1,1,1,1,1,0,0,1,1,1,0.757619
1,0,1,1,0,0,1,0,0,0,1,0,1,1,0,0,0,1,1,1,1,1,0,0,1,0,1,1,1,1,0,1,0.534420
0,1,1,0,0,1,1,0,0,0,0,0,1,0,1,0,0,0,1,1,1,0,1,1,1,0,0,0,1,1,1,1,0.697064
0,0,0,1,1,1,0,1,1,1,0,0,1,1,1,0,1,0,0,1,1,0,1,1,0,0,1,0,1,1,0,0,0.789162
1,1,0,1,1,0,0,1,1,0,1,1,1,0,0,1,0,0,1,1,0,1,0,1,0,1,1,0,1,0,0,1,0.524243
1,1,1,0,1,1,1,0,1,1,0,1,1,0,1,0,1,0,0,1,0,0,0,0,1,1,0,1,1,0,1,1,0.163736
1,0,0,0,1,0,1,0,1,1,1,0,1,1,1,1,0,1,1,0,0,0,0,1,1,1,0,0,0,0,0,1,0.525735
0,0,1,0,0,1,0,1,0,1,0,1,0,0,0,0,0,1,0,0,0,0,1,1,0,0,0,0,0,1,0,0,0.846228
0,0,0,0,0,1,1,1,0,1,1,0,1,1,0,1,0,0,0,1,1,1,1,1,0,0,1,0,0,1,1,0,0.887122
0,1,1,0,0,1,0,1,0,0,1,1,1,1,1,1,1,0,0,0,0,0,1,0,0,0,1,0,1,0,1,1,0.620311
0,0,1,0,0,0,0,1,1,1,0,0,0,0,0,0,0,1,1,0,0,0,1,1,0,0,1,1,1,1,0,1,0.706016
0,1,0,1,0,1,1,0,0,1,0,1,0,0,1,0,0,0,0,1,0,1,0,1,1,0,1,1,0,1,1,1,0.834745
0,0,1,1,1,1,0,0,1,1,1,1,1,0,0,0,1,1,1,1,1,0,0,1,1,1,1,1,0,0,0,1,0.672688
1,1,1,1,1,1,1,1,1,1,1,1,1,1,1,0,0,1,1,1,0,0,0,1,0,0,0,0,1,1,1,0,0.787884
0,1,0,1,1,0,1,0,0,1,1,0,0,1,0,0,1,0,1,1,1,1,0,1,1,0,0,0,1,0,0,0,0.795929
1,0,0,0,0,1,1,0,1,1,1,1,1,0,0,1,0,0,0,0,1,1,1,1,1,0,0,0,0,1,1,0,0.664349
0,0,0,0,0,1,0,1,1,0,1,1,0,1,0,1,0,0,1,1,1,1,1,1,0,0,0,0,1,1,0,1,0.838155
1,0,1,1,1,1,1,0,0,1,0,0,1,0,1,1,1,0,0,1,0,0,0,1,0,0,1,1,0,1,1,0,0.636216
1,0,1,1,0,1,0,1,1,0,0,0,0,0,1,1,1,1,1,0,1,0,0,1,0,0,1,0,1,0,1,1,0.457454
1,0,0,0,1,0,0,0,0,1,0,1,0,0,1,1,1,0,1,1,1,1,0,0,0,0,1,1,0,0,0,1,0.697331
1,1,1,1,0,0,0,0,0,0,1,1,0,1,1,1,1,0,0,0,0,0,0,0,0,1,1,1,0,0,1,1,0.677829
0,0,0,1,1,1,1,0,1,0,1,1,1,1,1,0,0,1,1,1,0,0,0,1,1,1,0,1,1,0,1,1,0.874201
0,0,1,1,0,1,1,1,0,0,1,0,1,1,1,1,0,1,0,1,0,1,0,1,1,0,1,1,0,0,0,1,0.824036
1,1,1,0,0,1,1,0,0,0,0,1,0,1,1,1,0,0,0,0,1,1,1,0,0,0,0,1,1,1,0,0,0.700847
1,0,0,1,0,1,0,1,0,0,1,0,0,1,1,0,0,0,1,0,0,0,0,0,0,0,1,1,1,0,1,1,0.675005
0,1,1,0,0,0,0,1,1,0,1,1,0,0,0,0,0,1,0,0,1,0,1,0,1,1,1,0,1,0,1,0,0.732044
0,1,0,0,0,1,0,0,1,0,1,1,0,1,1,0,1,0,1,1,0,0,1,0,0,0,1,1,1,0,1,1,0.797048
1,1,1,1,1,0,1,0,1,0,1,1,0,1,1,1,1,0,1,1,0,0,0,1,0,1,1,0,0,0,0,0,0.884431
0,1,1,1,0,0,0,1,0,0,0,0,1,0,0,0,1,0,0,1,1,1,1,1,1,0,0,1,1,1,0,1,0.636802
0,0,1,0,0,0,1,1,1,0,1,1,1,1,0,1,1,1,1,1,1,0,1,1,0,0,0,0,1,0,0,1,0.643089
0,0,1,1,0,1,0,0,0,1,0,1,1,1,0,0,1,1,1,0,0,1,1,0,0,0,1,1,0,0,0,0,0.705030
1,1,1,1,1,1,1,1,1,0,1,0,1,0,1,1,1,0,0,0,0,0,1,0,1,0,1,1,1,0,0,1,0.173700
0,0,0,0,0,1,1,0,1,1,0,0,1,0,0,1,1,0,1,1,1,1,0,0,1,1,1,0,1,1,0,1,0.683104
1,0,0,0,0,0,0,1,0,0,0,1,0,0,1,0,1,1,1,0,0,1,0,1,0,1,1,1,1,0,0,1,0.741049
1,0,0,1,1,0,1,1,0,0,1,1,1,0,0,1,1,0,0,0,0,1,1,0,0,0,1,1,0,1,0,0,0.726876
1,0,0,0,0,1,1,1,0,0,0,0,0,0,0,1,1,1,0,0,1,1,0,1,0,1,1,0,0,1,1,1,0.436275
0,0,1,1,1,1,1,1,0,1,1,1,1,0,0,1,0,0,1,0,0,0,0,0,1,1,1,0,1,1,1,1,0.882113
0,0,1,0,0,0,1,0,0,1,0,1,0,0,1,0,1,0,0,1,1,1,1,1,0,1,0,0,1,1,0,1,0.820173
1,1,1,1,1,1,1,1,1,0,0,0,0,1,0,1,0,1,0,1,0,1,1,1,0,0,1,0,0,0,1,1,0.307838
1,1,1,0,1,1,1,0,1,0,1,1,1,1,1,0,1,1,0,1,0,0,1,0,1,0,1,0,1,0,1,1,0.142077
0,1,0,1,1,1,1,1,1,1,0,0,0,1,0,0,0,0,0,0,0,0,0,1,0,1,1,0,0,1,1,1,0.789695
1,1,1,1,0,1,0,0,1,0,1,1,1,1,1,1,0,1,0,1,0,0,0,1,0,1,0,0,1,1,1,1,0.216885
1,1,1,1,1,1,1,0,1,1,0,0,0,1,1,0,0,1,1,1,1,1,1,1,1,1,0,0,0,1,1,0,0.785113
0,0,0,0,1,1,0,0,1,0,0,0,1,1,0,1,0,0,0,1,1,1,1,1,0,0,1,1,0,1,1,0,0.889759
0,0,0,1,0,0,0,1,1,0,1,0,1,1,1,0,1,0,1,0,0,0,1,0,0,0,0,1,1,1,1,1,0.791720
1,0,0,1,1,1,1,1,0,1,1,1,1,0,0,1,1,1,1,1,1,0,1,0,0,1,1,1,1,1,0,1,0.446798
1,0,1,0,1,1,1,1,1,1,1,0,0,0,1,0,0,1,1,0,1,0,1,0,1,1,0,1,0,1,0,0,0.666960
0,1,0,0,0,1,0,1,1,0,1,0,0,1,1,0,1,0,1,1,0,1,0,0,1,0,1,0,0,1,0,0,0.744432
0,1,1,0,0,1,0,0,0,1,0,0,1,1,0,0,1,0,1,1,0,0,0,0,1,1,0,0,0,1,1,1,0.664322
1,1,1,1,1,1,1,0,1,1,0,1,0,0,0,1,0,0,0,0,1,1,0,1,0,0,0,1,0,1,0,1,0.245338
1,1,0,1,1,0,1,0,1,1,1,0,0,0,1,1,0,0,0,0,0,0,0,0,1,1,1,1,1,1,1,0,0.570199
0,1,1,1,1,1,1,0,1,1,1,1,1,0,0,0,1,1,0,0,1,1,1,1,1,0,0,1,0,1,0,0,0.716965
1,1,0,0,1,0,0,0,0,1,0,1,0,0,0,1,0,1,0,0,1,0,0,1,0,1,1,1,1,1,1,0,0.664455
1,1,1,0,0,1,1,1,0,0,1,0,1,0,0,1,1,1,0,0,1,1,1,1,0,0,1,1,0,0,1,0,0.613571
0,0,0,1,1,0,1,0,1,0,0,1,1,1,0,1,0,1,0,0,0,1,1,0,0,0,0,0,0,1,1,1,0.879209
0,0,1,1,0,1,1,0,1,0,0,1,0,0,0,1,0,1,1,0,0,0,0,0,0,0,1,0,1,1,1,1,0.690537
0,1,1,1,1,1,1,1,0,1,1,1,0,1,1,0,0,0,0,0,1,1,0,0,1,0,0,0,0,0,0,0,0.788363
1,1,1,1,0,0,0,1,0,1,1,1,1,0,1,0,1,0,1,0,1,1,0,0,0,0,0,0,1,0,0,0,0.776108
1,1,0,0,1,0,0,1,0,1,1,0,1,0,0,0,0,0,0,0,0,1,0,1,0,0,1,1,0,1,0,1,0.689205
1,0,1,1,0,0,0,1,1,0,1,1,0,1,1,0,0,1,1,0,1,0,1,0,1,1,1,0,0,1,1,1,0.509191
1,0,0,0,1,0,1,0,0,1,0,1,0,0,0,1,1,0,1,0,1,1,1,1,0,1,0,0,0,0,0,1,0.591406
0,1,0,1,0,0,0,0,0,0,0,1,0,1,1,0,1,0,1,1,0,0,1,1,1,0,0,1,1,1,1,1,0.808637
0,0,1,1,1,0,0,1,0,0,0,1,0,1,0,1,1,0,1,1,0,1,1,1,1,1,1,1,1,1,1,0,0.787111
1,1,0,1,1,1,1,0,0,0,0,1,1,1,1,1,1,1,0,1,0,1,0,0,1,0,0,1,0,1,1,0,0.638827
0,1,0,0,1,0,0,0,1,0,0,0,0,0,1,0,0,0,1,0,0,0,0,0,1,0,1,1,1,1,1,1,0.790548
1,0,0,0,0,0,1,1,1,0,0,1,0,0,1,1,0,0,1,1,1,1,0,1,0,0,0,0,0,1,0,0,0.716219
0,0,1,1,0,1,0,0,1,0,1,0,1,0,1,0,0,0,1,0,1,0,1,0,1,0,0,0,0,1,1,1,0.761083
1,0,0,1,1,0,1,1,1,1,0,1,1,1,1,0,0,0,1,1,1,1,1,0,1,1,1,0,1,0,0,0,0.634218
0,0,0,0,1,0,0,0,0,0,1,1,1,1,1,0,0,1,0,1,0,1,0,1,0,0,1,0,1,0,1,1,0.986147
0,1,1,0,1,1,0,0,1,0,1,1,0,1,1,1,0,0,1,0,1,1,0,1,0,1,1,0,1,1,1,1,0.707587
0,0,0,0,1,0,1,1,0,1,0,1,0,1,0,1,0,1,1,1,1,0,0,0,0,0,1,1,1,0,0,1,0.983696
0,0,0,0,0,0,1,0,0,1,0,0,0,1,1,1,0,0,0,1,0,1,0,0,1,0,0,0,0,1,0,1,0.889093
0,0,0,0,0,1,0,0,1,0,1,1,1,1,0,0,0,1,0,1,0,1,1,1,0,0,1,0,0,0,1,0,0.832854
1,0,1,0,1,0,1,1,0,1,0,1,1,1,1,0,0,0,1,0,1,1,0,1,1,0,1,1,0,0,1,0,0.714354
0,0,1,1,0,0,0,1,1,0,1,1,1,0,1,1,0,0,0,1,1,0,0,1,0,1,0,1,0,1,0,0,0.731111
0,0,1,1,1,1,0,1,0,0,0,1,0,0,0,1,1,0,0,0,0,0,0,0,1,1,0,0,0,0,1,0,0.804268
1,0,1,1,1,1,0,1,0,0,0,1,0,0,0,0,0,0,0,1,1,1,1,1,1,0,1,0,1,1,1,1,0.484202
0,1,0,0,1,0,1,1,1,0,1,1,1,1,0,1,0,0,0,0,1,1,1,0,0,1,0,1,0,0,1,0,0.791107
0,1,1,1,1,0,1,0,0,0,1,0,0,0,1,0,1,0,0,1,0,1,0,1,1,0,1,0,1,1,0,0,0.700607
1,0,1,0,1,0,0,1,0,1,0,0,1,0,0,1,1,0,1,0,1,1,1,0,0,0,0,0,1,0,1,1,0.437020
0,1,1,0,0,1,1,1,1,0,0,0,0,0,0,1,1,0,0,0,1,0,0,1,1,0,1,1,0,0,1,1,0.708919
0,1,1,0,1,0,0,0,0,0,0,0,0,0,0,0,0,0,1,1,1,0,1,1,0,0,0,1,0,1,0,0,0.850224
1,1,0,0,0,0,0,1,0,1,0,1,0,0,1,1,1,1,1,1,1,1,1,1,1,1,1,1,1,0,0,1,0.388773
1,0,1,0,0,0,0,0,0,0,1,0,0,0,0,1,1,1,0,0,1,0,0,1,0,0,0,1,1,0,0,1,0.746270
0,0,0,0,0,1,1,0,1,1,0,0,1,1,1,1,0,1,0,0,0,1,0,0,1,0,1,1,0,0,0,0,0.829550
0,1,0,1,1,1,1,1,1,1,0,1,1,1,1,0,0,0,0,0,1,1,1,1,0,1,0,1,1,1,1,0,0.788630
0,1,1,0,1,1,1,0,0,1,1,1,1,1,0,1,0,0,1,0,0,1,0,0,0,0,1,1,0,0,1,0,0.830110
0,0,1,0,0,0,0,0,0,1,1,1,1,1,1,0,0,0,0,1,0,1,0,1,0,0,1,0,0,0,1,0,0.833546
0,0,0,1,1,0,1,0,0,1,1,0,1,0,1,0,1,1,1,0,1,1,1,0,1,0,1,0,1,0,1,0,0.883472
1,0,0,1,0,1,0,0,0,0,1,1,0,1,1,1,0,0,1,0,1,0,0,1,0,1,1,0,1,1,0,0,0.727568
0,0,0,0,0,0,1,0,1,0,0,1,0,0,0,1,1,0,0,0,0,1,0,0,1,1,1,0,0,1,1,0,0.764972
1,1,1,0,1,1,0,1,0,0,1,1,1,0,0,0,0,1,1,1,0,0,1,1,1,0,1,0,0,1,1,1,0.519262
0,0,0,0,0,0,1,1,1,0,0,0,1,0,0,0,1,0,1,1,0,1,0,1,1,1,0,1,1,0,1,0,0.682651
1,1,1,1,1,0,0,0,1,1,1,0,1,0,1,1,1,0,1,0,0,0,1,0,1,1,0,0,0,1,1,0,0.893116
1,0,0,1,0,0,1,1,0,0,0,0,0,0,1,1,0,0,1,1,0,1,0,1,1,1,0,0,0,0,0,0,0.715660
0,1,1,0,0,1,1,1,1,0,1,0,1,1,0,0,0,0,1,0,1,1,1,0,1,0,0,0,0,0,0,0,0.589674
