1,0,1,1,0,0,0,0,1,0,0,1,0,1,0,1,0,0,0,1,1,1,1,0,1,1,1,0,0,1,1,0,0.592578
1,1,0,1,0,0,0,1,1,1,0,1,0,1,0,0,1,0,1,0,0,1,0,0,0,1,1,1,0,1,1,1,0.595855
1,1,0,1,1,0,1,1,1,1,1,1,0,0,0,0,1,0,0,1,0,0,1,1,1,1,0,0,0,1,0,0,0.611946
1,1,0,1,0,1,0,0,1,1,0,1,1,0,1,0,0,1,1,0,0,1,1,1,0,1,0,0,1,1,0,0,0.603394
1,1,0,1,1,0,0,0,1,0,1,0,0,0,1,0,0,1,0,0,1,0,1,0,1,0,1,1,1,0,1,1,0.614237
1,1,0,1,0,0,1,1,0,0,1,0,0,1,1,1,1,1,0,1,1,0,1,1,0,1,0,1,1,1,1,0,0.637548
1,1,1,0,1,1,1,1,0,1,1,1,1,1,0,0,1,0,0,0,0,1,1,0,0,0,0,0,1,1,1,1,0.561514
1,1,1,0,0,1,0,0,0,0,0,0,1,0,1,0,1,1,1,0,1,1,1,0,0,1,0,1,0,1,0,0,0.584133
1,1,0,1,0,0,0,0,0,0,1,1,0,0,1,1,1,0,0,0,0,0,1,0,0,1,1,0,0,1,0,1,0.580616
0,1,0,0,1,0,0,0,1,0,1,1,1,0,0,0,1,1,1,0,1,1,1,1,0,0,1,1,0,1,0,1,0.607257
0,1,1,0,0,0,1,1,1,0,0,1,1,0,1,1,1,0,0,0,1,1,0,0,1,1,1,1,1,1,0,0,0.599105
0,0,0,0,1,1,0,0,1,0,1,1,0,1,0,0,0,0,1,0,0,0,1,1,1,0,1,0,0,1,1,1,0.649270
0,0,0,0,0,1,1,1,1,0,1,0,1,0,1,1,0,0,1,0,1,0,1,0,1,0,0,1,1,1,1,0,0.597746
1,1,1,1,1,0,1,0,0,0,0,0,0,1,1,1,0,0,1,0,1,1,1,1,0,1,0,0,1,1,1,1,0.603527
1,0,0,1,0,1,0,0,1,1,0,1,1,1,0,0,1,0,0,1,1,0,1,1,1,1,0,0,0,0,1,1,0.595002
1,0,0,0,1,1,1,1,0,0,1,1,0,0,0,1,1,1,1,1,1,1,0,0,0,1,0,1,1,0,0,0,0.610081
1,0,1,1,0,1,0,1,1,1,0,1,1,0,0,1,0,1,1,0,1,0,1,1,0,0,0,0,0,0,0,1,0.611040
0,0,1,0,1,1,1,1,1,0,0,1,0,0,1,1,0,1,1,1,1,0,1,0,1,0,0,1,0,0,1,1,0.610001
1,1,1,1,0,0,1,0,0,0,0,1,1,1,1,1,0,0,0,1,0,0,0,0,1,1,0,0,0,0,1,0,0.586637
0,0,0,1,0,0,0,0,0,0,1,0,1,1,0,0,1,0,1,0,0,1,1,0,0,0,0,0,0,0,1,1,0.520700
0,0,1,0,0,1,1,0,0,1,1,0,0,1,0,1,1,1,0,0,1,0,1,1,1,0,0,0,0,0,0,0,0.571984
1,0,1,0,1,0,1,0,1,0,0,1,0,0,0,0,0,1,0,1,1,0,0,1,1,1,1,1,1,1,0,0,0.608323
0,0,0,0,0,1,1,0,0,0,0,1,0,0,1,0,0,1,0,1,0,0,0,0,1,0,0,0,1,0,0,0,0.473972
0,0,0,1,0,1,0,1,0,0,1,1,1,0,1,1,0,1,0,1,0,1,1,0,0,1,0,1,0,1,0,0,0.554534
0,1,0,0,0,1,1,1,1,1,0,1,1,1,0,0,1,1,0,0,1,1,0,1,0,0,0,1,1,0,1,0,0.599851
0,0,0,0,0,1,1,0,0,1,1,0,0,0,1,0,1,0,1,0,0,0,1,0,1,0,0,0,1,1,1,0,0.586850
1,0,0,0,0,0,0,0,0,1,1,1,1,0,1,1,1,0,1,1,1,0,0,1,0,1,0,0,0,1,0,1,0.569960
0,1,1,1,0,1,0,0,1,0,0,1,1,0,0,1,1,0,1,0,0,1,1,0,1,0,0,1,0,1,1,1,0.654945
1,0,1,0,1,1,1,0,1,1,1,0,1,1,1,0,0,1,0,1,0,0,0,1,1,0,0,1,1,1,0,0,0.604646
0,0,0,1,0,0,0,0,0,0,1,0,0,1,0,0,1,1,1,0,0,0,1,0,0,0,0,1,0,1,0,0,0.514786
0,1,1,0,1,1,0,0,1,0,1,0,1,0,0,0,1,1,1,0,0,1,1,1,1,0,1,1,0,0,1,0,0.611706
1,1,1,0,0,0,0,1,0,1,0,1,0,1,1,0,0,1,1,0,1,0,1,1,1,0,0,0,1,1,0,1,0.604033
1,0,1,1,1,0,0,1,1,0,1,0,1,0,1,0,0,0,0,1,1,0,1,1,1,1,1,1,1,1,0,0,0.618420
1,1,1,1,0,1,0,1,0,0,0,1,1,1,0,1,1,1,0,1,0,0,0,1,0,0,1,0,1,0,1,0,0.608163
0,0,1,0,1,1,0,1,0,0,0,0,0,1,0,0,0,1,0,1,1,0,1,0,1,1,1,0,1,1,1,1,0.634777
0,0,1,1,0,1,0,0,0,1,0,1,1,1,1,1,0,1,1,1,1,0,0,1,0,1,0,0,0,0,0,1,0.602915
0,0,0,1,0,0,1,1,1,0,0,0,1,0,1,1,1,0,0,0,1,1,0,0,0,1,1,0,1,0,0,0,0.576540
1,1,1,1,0,0,0,0,1,0,1,1,0,0,1,1,1,0,0,0,0,1,1,1,1,0,1,1,0,0,1,1,0.645460
0,0,1,1,0,1,1,0,1,0,0,0,1,0,0,0,0,1,0,0,0,1,1,1,1,1,0,1,0,1,1,1,0.632113
0,0,1,0,0,0,0,0,0,1,0,0,1,1,0,1,1,0,1,0,1,1,1,0,0,0,0,0,0,1,1,0,0.576114
0,1,0,0,1,1,1,0,0,0,0,0,0,0,0,0,1,0,1,0,1,1,1,0,1,1,1,1,0,0,1,0,0.605952
0,0,0,1,0,0,0,0,0,1,0,1,1,0,1,0,0,0,0,0,1,0,0,0,0,1,1,1,0,0,1,1,0.530264
1,1,1,1,0,1,0,0,0,0,1,0,1,0,1,0,1,1,0,1,1,1,1,1,1,1,1,1,1,0,1,1,0.685102
1,1,0,0,0,0,0,0,1,1,0,0,1,1,0,1,0,0,1,0,1,0,1,0,0,0,0,0,0,0,1,0,0.571158
1,0,1,0,0,0,1,0,0,0,1,0,0,0,1,0,1,0,1,0,0,0,0,1,1,1,1,0,1,0,0,0,0.575288
0,0,0,1,1,1,0,0,0,1,1,0,0,1,0,0,1,1,1,0,0,1,1,0,0,1,1,1,1,1,0,1,0.609442
1,0,1,0,1,0,0,1,1,0,0,0,0,0,1,1,1,0,1,0,0,1,0,1,0,0,0,1,0,0,0,0,0.596174
1,0,0,0,0,0,1,0,1,1,0,1,1,0,1,1,0,1,0,1,0,0,1,1,1,0,1,0,0,1,0,0,0.583120
1,1,0,1,1,0,0,1,1,1,0,0,1,0,0,1,0,1,0,0,0,0,0,0,0,1,1,1,1,1,1,0,0.597107
1,1,1,1,1,1,0,1,0,1,0,0,0,1,1,1,1,1,1,1,1,0,1,1,0,1,0,0,0,1,1,0,0.617887
1,1,1,1,0,0,0,0,1,1,1,1,0,1,1,1,0,0,1,0,1,1,1,0,1,1,0,1,0,0,1,0,0.624627
0,0,0,0,0,0,0,1,1,0,0,1,0,0,0,0,0,0,1,0,0,1,1,0,1,1,0,1,1,0,0,0,0.520860
1,1,0,0,1,1,1,0,0,0,1,1,1,1,1,0,0,0,1,0,0,0,0,1,1,0,0,1,1,0,0,1,0.597693
1,0,1,1,1,0,1,1,1,1,0,1,1,1,0,1,1,0,0,1,1,1,0,1,0,0,1,0,0,1,1,1,0.636029
0,0,0,0,0,1,1,0,1,0,0,0,0,1,0,0,1,0,0,1,1,0,1,0,0,0,0,0,1,1,1,1,0.565857
1,0,1,0,1,1,0,0,1,0,0,1,1,0,1,1,0,0,1,0,1,0,1,1,1,0,0,0,1,0,1,0,0.585997
0,0,1,1,0,1,0,0,0,0,1,1,1,1,0,0,1,1,0,1,0,0,0,1,1,0,1,1,1,0,1,1,0.626199
0,1,0,1,1,1,0,1,1,0,0,0,1,0,1,0,1,0,1,1,1,0,0,1,1,1,1,1,1,1,0,1,0.632380
0,1,1,1,0,1,0,0,0,1,1,0,1,0,1,1,0,1,0,1,1,0,0,1,1,0,1,0,0,1,1,1,0.615622
0,1,1,0,1,0,1,0,1,1,1,0,0,0,0,0,1,1,0,1,0,0,0,1,0,0,0,0,1,1,1,0,0.586344
0,0,1,0,0,1,1,0,1,1,0,0,0,0,1,0,1,0,0,0,0,0,1,1,1,0,0,1,1,1,0,0,0.582161
1,0,0,0,1,0,0,1,0,1,1,0,0,0,1,0,1,1,1,1,0,0,1,0,1,0,0,0,0,1,1,0,0.591192
1,1,1,0,0,1,1,1,1,1,0,1,0,1,0,0,0,0,0,1,1,1,0,1,0,1,1,1,1,1,1,0,0.620844
1,1,0,0,1,0,1,1,1,1,1,0,0,0,0,1,0,0,0,0,1,1,1,0,1,0,1,1,1,0,1,1,0.624361
1,1,1,0,0,0,0,1,1,1,0,1,1,0,0,1,1,1,0,1,0,1,1,0,1,1,1,0,0,1,1,1,0.637788
0,0,0,1,1,1,0,1,0,1,1,0,1,1,0,1,0,0,1,0,0,1,0,0,0,0,0,0,1,1,0,0,0.567748
0,0,0,0,0,0,0,0,1,0,0,0,1,0,0,1,1,0,0,1,1,0,1,1,0,1,0,1,1,0,0,0,0.567615
1,1,1,0,0,0,0,0,1,1,0,0,0,1,1,1,1,0,1,0,1,0,1,0,0,1,1,0,1,0,1,1,0.609282
0,1,1,1,0,1,1,0,1,1,1,1,0,0,0,1,1,0,1,0,0,0,0,0,0,1,0,1,0,0,1,0,0.602648
1,0,0,1,0,1,1,0,1,1,0,1,0,1,0,0,0,0,0,1,1,1,1,1,1,1,0,0,0,1,0,0,0.597826
0,0,1,0,0,1,0,0,1,1,0,0,0,1,1,1,0,0,1,0,0,0,0,1,1,1,1,0,0,1,1,0,0.581362
1,1,0,0,0,0,1,1,0,0,1,0,0,1,1,0,0,1,0,0,0,0,1,0,1,0,0,1,0,1,1,0,0.568574
1,0,1,1,1,1,0,1,0,1,0,0,0,1,1,0,0,0,1,1,1,1,0,0,1,1,1,1,0,0,0,0,0.605898
1,1,0,1,0,1,1,1,0,0,1,1,1,0,0,1,1,0,1,1,1,1,1,0,0,1,1,0,0,0,1,0,0.606964
1,0,1,0,0,1,1,1,1,1,1,1,0,0,1,1,0,0,0,1,1,0,1,1,1,0,0,0,1,1,0,0,0.613305
0,1,0,1,1,1,1,1,1,1,1,0,0,0,1,1,0,1,1,1,0,1,0,0,0,1,1,0,1,0,1,1,0.637441
0,1,0,0,0,0,1,1,0,1,1,0,0,1,0,1,0,1,1,1,0,0,1,0,0,1,1,0,0,1,1,1,0.596281
0,1,0,1,1,1,1,1,0,1,1,1,1,1,0,0,1,1,1,1,0,0,1,0,0,1,1,0,1,1,1,1,0.600410
1,0,0,1,0,1,1,0,0,1,1,0,0,1,0,0,0,0,1,1,0,0,0,1,1,0,1,1,1,0,1,1,0.607390
1,0,0,0,1,0,1,0,0,1,0,0,0,0,0,0,0,1,0,0,0,0,0,0,0,0,1,0,0,1,0,0,0.566549
1,0,1,1,1,1,1,1,1,0,0,0,1,1,0,1,1,0,0,1,0,1,1,1,1,1,0,1,0,1,0,0,0.623775
0,1,1,0,0,1,0,0,1,1,0,1,1,1,1,1,0,0,0,1,1,1,1,0,1,1,0,0,1,1,0,1,0.630515
1,1,0,1,1,1,1,0,0,0,0,0,1,1,0,1,1,1,1,1,0,0,0,0,0,1,1,0,0,1,1,1,0.609601
0,0,0,1,0,1,1,1,1,1,0,0,1,0,1,0,0,1,1,1,0,1,1,1,1,1,1,1,1,0,0,0,0.608882
0,0,1,1,1,0,1,0,1,1,1,1,0,0,1,1,1,0,0,1,0,1,1,1,1,0,0,0,0,0,1,1,0.602195
0,1,1,0,1,0,1,1,1,1,0,1,0,1,0,0,1,1,0,1,0,1,1,1,1,1,1,0,0,1,0,1,0.612905
1,0,0,1,1,0,1,0,0,1,0,1,0,1,0,1,1,1,1,1,1,1,1,1,1,1,0,1,0,0,1,1,0.658035
1,0,0,0,1,1,0,0,0,0,1,0,0,1,1,0,1,1,0,1,0,0,0,0,1,0,1,0,0,0,0,0,0.568121
0,1,0,1,1,1,0,1,0,0,0,0,1,1,0,1,0,1,1,1,0,1,0,0,0,1,1,0,0,0,1,1,0.606005
1,0,1,1,0,0,1,0,0,1,1,1,0,0,1,0,1,0,0,1,1,1,1,1,0,1,1,1,0,0,0,0,0.627051
0,1,1,1,1,0,1,1,0,0,1,0,0,0,0,1,0,1,1,1,0,1,1,0,1,1,1,0,1,1,0,1,0.605312
0,0,1,0,0,1,1,0,1,0,0,0,1,0,1,0,0,1,0,1,0,0,1,1,0,0,1,1,0,0,1,1,0.584692
0,0,1,0,1,1,0,0,0,1,1,1,1,1,0,0,0,1,1,1,1,0,0,1,0,1,1,1,1,1,1,0,0.601236
0,1,1,0,0,1,0,1,0,1,0,1,1,0,0,1,1,0,0,1,0,0,1,1,0,1,1,1,1,0,1,0,0.608696
1,0,0,1,1,0,1,0,0,1,0,1,1,0,0,1,1,1,1,0,1,1,1,0,0,1,1,1,1,0,0,0,0.613038
1,1,1,1,0,0,1,1,0,0,1,1,0,1,0,1,1,0,1,1,1,1,0,0,0,0,0,1,1,1,0,0,0.617008
1,0,1,0,0,0,0,1,0,0,0,0,1,0,1,1,1,0,1,1,1,0,1,1,1,0,1,1,1,1,1,1,0.655424
1,0,1,1,0,1,0,0,0,1,1,0,0,1,0,1,1,0,0,0,0,1,1,0,0,1,0,1,1,0,0,1,0.589168
1,0,0,0,1,0,0,1,0,0,0,1,0,0,1,1,0,0,0,1,0,0,0,0,0,1,0,0,1,1,0,1,0.589194
0,0,0,0,0,0,0,0,0,0,0,0,1,0,1,0,1,1,1,0,0,1,0,1,1,1,1,0,1,0,0,1,0.619086
0,1,1,0,1,1,0,1,0,0,1,0,0,0,1,1,0,0,1,0,0,0,0,1,0,1,1,1,0,0,0,1,0.564392
0,0,1,1,0,1,1,0,0,0,1,1,1,0,1,1,1,0,1,1,0,1,1,1,1,1,0,0,0,0,0,1,0.621537
0,1,1,0,0,1,1,1,0,1,1,1,0,1,0,0,0,1,1,0,0,0,0,0,0,0,1,1,0,1,0,1,0.578431
0,1,1,1,1,1,1,0,0,1,1,1,1,1,0,1,1,1,0,1,0,0,1,1,0,1,1,1,0,1,1,1,0.632859
1,0,1,0,0,1,1,0,0,1,1,0,1,1,1,1,0,1,0,0,0,0,0,1,1,0,0,1,0,1,0,0,0.588688
1,0,0,1,0,1,0,1,0,0,0,0,1,1,1,0,1,0,1,0,1,1,1,0,0,1,0,0,0,0,1,1,0.555227
1,1,0,0,0,0,1,0,0,1,1,0,1,1,0,1,1,1,0,1,0,0,0,0,1,0,0,0,1,0,1,0,0.584612
0,1,0,1,1,1,1,0,0,0,0,0,1,0,1,0,1,1,0,1,1,0,1,0,1,0,0,0,0,1,1,0,0.552643
0,0,1,1,0,1,0,1,0,0,1,1,0,0,1,0,0,1,1,0,0,0,1,1,1,0,0,1,0,0,0,0,0.552296
0,1,1,0,1,0,0,0,1,0,0,1,1,1,0,0,1,1,1,0,1,0,1,0,1,1,0,1,1,0,1,0,0.611306
1,1,1,1,1,0,0,1,0,0,1,1,1,0,0,1,1,1,0,1,0,1,0,0,0,0,1,1,0,1,1,0,0.606458
0,0,0,1,0,0,1,0,1,0,1,0,0,0,0,0,1,1,1,1,1,1,0,0,1,1,0,1,1,1,0,0,0.611333
1,0,1,0,0,1,1,1,0,0,0,0,0,1,1,1,0,1,0,0,0,0,0,0,1,1,0,0,0,1,0,0,0.566656
0,1,0,1,0,0,1,0,1,0,1,1,1,1,0,0,0,0,1,0,1,0,1,0,1,0,0,0,0,0,1,0,0.560635
1,0,0,1,1,0,1,0,0,1,0,0,1,1,0,1,0,1,0,0,1,0,1,1,1,1,0,0,1,0,1,1,0.657822
1,1,0,1,1,0,1,0,0,1,1,1,0,1,0,1,1,0,0,0,0,0,1,1,1,0,0,1,0,1,1,0,0.598465
1,0,1,1,1,0,1,1,0,1,1,1,1,1,0,1,0,0,0,0,0,0,0,0,1,1,1,0,1,0,0,1,0.596121
1,0,1,0,0,1,0,1,1,0,1,1,0,1,0,1,0,1,0,1,0,1,1,0,1,0,1,1,0,1,0,0,0.589967
1,0,1,0,0,0,0,1,0,1,1,0,1,0,0,0,0,1,1,0,1,1,1,0,1,1,1,1,0,1,1,0,0.617327
1,1,1,0,1,0,0,1,0,0,0,1,1,1,0,1,0,1,1,0,1,1,0,0,1,1,1,0,1,0,0,1,0.604939
0,1,1,0,1,1,1,1,0,0,0,1,0,1,0,0,0,0,0,0,0,0,1,0,0,0,0,1,0,0,1,0,0.565324
1,0,0,1,0,0,0,0,0,0,0,1,0,0,1,1,1,0,0,1,0,1,1,0,0,0,1,1,1,0,0,0,0.575687
1,0,1,1,1,1,0,0,1,0,1,0,0,1,0,1,0,0,0,1,0,0,1,1,0,1,1,0,0,1,0,1,0.580723
0,0,1,0,1,0,0,1,0,1,0,0,1,1,0,0,1,0,0,0,1,1,0,0,0,1,0,1,0,1,1,0,0.576646
1,1,0,1,0,0,1,0,1,0,1,1,0,0,1,1,1,1,0,0,1,0,1,1,1,1,1,0,1,1,1,1,0.634804
0,0,0,0,0,1,1,1,1,1,0,1,1,0,1,1,0,1,1,0,0,0,0,0,1,0,1,1,1,1,0,1,0.626039
1,1,0,0,1,0,1,1,0,0,0,0,0,1,0,1,1,1,1,0,0,0,0,1,1,0,0,0,0,0,1,0,0.584585
0,0,0,0,0,1,0,0,0,0,0,0,0,0,0,1,0,0,1,0,1,0,1,1,1,1,0,1,0,1,1,1,0.610054
