1,1,0,0,1,0,1,0,1,0,1,1,0,1,1,0,1,0,0,1,0,1,1,0,0,1,0,1,1,1,0,0,0.589898
0,0,0,1,0,1,0,0,0,1,0,1,1,0,1,1,1,0,0,0,1,0,1,1,1,0,0,0,0,1,1,0,0.591262
0,1,1,0,1,0,1,1,0,1,0,0,0,0,1,0,1,1,0,1,1,0,0,0,1,1,1,1,0,0,0,1,0.625341
0,0,0,1,0,0,1,0,0,1,1,0,1,1,0,0,1,0,0,1,0,0,0,1,0,1,1,1,0,1,0,0,0.762511
1,0,0,1,1,0,0,1,0,0,0,0,0,0,0,0,1,0,0,1,0,1,0,0,0,1,1,0,0,0,0,1,0.623934
0,0,1,0,1,0,1,1,0,1,1,0,0,1,1,1,1,1,1,1,1,0,1,1,0,0,0,1,1,1,1,1,0.642093
1,0,1,0,0,0,1,1,1,1,1,1,1,1,1,1,0,0,0,1,0,1,0,0,1,0,1,1,1,0,0,1,0.621633
0,0,0,1,0,0,1,1,0,1,0,1,0,0,0,1,0,1,0,1,1,0,0,0,0,1,0,0,1,0,1,1,0.554731
0,0,0,0,1,1,1,1,0,1,0,1,0,1,1,0,0,1,1,1,0,0,0,1,0,0,1,1,0,0,0,1,0.559463
0,0,1,0,1,0,1,1,1,1,0,0,1,0,0,0,1,0,1,1,1,0,1,1,1,0,1,1,1,0,0,1,0.625639
0,1,0,0,0,0,0,0,1,0,1,0,1,1,1,1,0,0,0,1,0,1,0,0,0,0,0,1,0,1,0,1,0.586679
1,0,0,0,1,0,1,1,1,0,0,1,0,1,1,0,1,0,1,1,1,1,1,0,0,1,0,0,1,1,0,0,0.683845
0,0,1,0,0,0,1,1,1,1,0,0,0,1,0,0,0,1,1,1,1,1,1,1,1,0,0,1,1,0,1,1,0.664663
1,1,0,1,0,1,0,0,1,1,1,1,1,0,1,0,1,0,1,1,1,0,1,0,1,0,0,1,0,0,0,0,0.730968
0,0,0,0,1,1,1,0,0,1,0,1,1,1,1,1,0,1,0,1,1,0,0,0,0,1,1,1,1,0,0,1,0.602643
0,1,0,1,1,0,0,1,0,1,0,1,0,0,1,0,0,1,0,0,0,1,1,0,0,1,0,0,1,0,1,0,0.623338
0,0,0,1,0,0,0,1,0,1,0,1,1,1,0,0,1,1,1,1,0,1,1,0,0,1,0,0,0,0,0,1,0.626002
1,0,1,0,1,1,1,1,0,1,0,1,0,0,1,1,1,0,0,1,1,0,0,0,0,1,1,1,0,0,0,1,0.610763
1,0,0,0,1,1,0,1,0,1,0,1,0,0,0,0,1,1,0,0,0,0,0,0,0,0,1,0,1,0,1,0,0.608120
0,0,1,0,1,0,0,0,1,0,1,1,0,1,1,1,0,0,1,0,0,1,0,0,1,1,1,0,1,1,1,0,0.600448
0,1,1,1,0,1,0,1,0,1,0,1,1,1,0,1,0,0,1,1,0,0,0,0,1,0,1,0,1,1,1,0,0.614194
1,1,1,0,1,1,1,0,0,1,1,1,1,1,0,0,1,1,0,1,0,1,0,1,0,0,1,1,0,1,1,1,0.575405
0,1,1,0,1,1,1,0,1,1,1,1,0,1,1,0,0,0,1,0,0,1,1,0,1,0,1,1,1,1,0,0,0.585507
1,1,1,0,1,0,0,1,1,0,1,0,0,0,1,1,0,0,0,0,0,0,0,1,0,1,0,1,1,0,1,0,0.762873
1,1,1,1,0,1,1,0,1,0,0,0,0,0,0,1,1,0,0,0,1,0,1,1,0,0,1,1,1,1,0,0,0.606436
0,1,0,0,0,1,1,1,1,1,0,0,1,0,1,1,1,1,1,0,1,0,0,1,0,1,0,1,1,1,0,0,0.609250
0,1,1,0,0,0,1,1,1,1,0,0,1,0,1,1,0,0,1,1,1,0,1,0,1,1,1,1,1,0,0,0,0.596270
0,0,0,1,1,1,1,1,0,1,0,0,0,0,0,0,0,1,1,1,0,1,1,1,1,1,0,1,0,0,1,0,0.667391
0,0,0,0,1,0,0,0,0,1,0,0,0,1,0,1,1,0,1,0,1,0,1,0,1,0,1,0,1,1,0,1,0.595780
0,1,1,0,0,1,0,0,1,0,1,0,1,1,0,0,0,0,1,0,0,0,1,0,0,1,0,1,0,1,1,1,0.636914
0,0,0,1,0,1,0,0,1,0,0,1,1,0,0,1,1,1,1,1,0,0,0,1,1,0,0,1,0,0,0,1,0.612127
1,0,0,1,1,0,1,0,1,0,0,1,0,0,1,0,0,1,1,0,0,1,1,1,0,1,1,1,1,0,0,1,0.621419
0,0,0,1,0,0,1,1,1,0,1,1,1,0,1,0,1,1,1,1,1,0,1,0,1,0,1,0,1,0,1,0,0.724744
0,1,0,1,1,1,1,1,0,0,1,1,1,1,1,0,1,0,0,1,1,0,1,1,0,1,0,0,1,1,0,1,0.612980
0,0,0,1,1,0,1,0,1,0,0,0,1,0,1,0,1,1,0,0,1,1,0,0,0,0,0,1,0,0,1,1,0.700512
1,0,0,0,1,1,0,1,1,1,1,0,0,0,0,0,1,1,0,0,1,1,1,0,0,0,1,1,0,1,0,1,0.593564
1,0,0,0,0,0,1,1,1,1,0,1,0,1,1,0,0,1,1,1,0,1,1,0,1,0,0,0,0,1,0,0,0.634633
1,0,0,1,0,1,0,1,1,0,0,0,1,0,1,1,1,0,1,0,1,0,1,1,0,0,1,0,1,0,0,1,0.604966
1,0,1,1,0,1,0,1,1,0,0,1,1,1,0,0,0,0,0,0,0,0,0,1,0,0,1,0,0,1,0,1,0.648679
0,0,1,1,1,0,0,1,1,1,0,0,1,1,0,1,1,0,1,1,0,1,0,0,1,0,0,1,0,0,1,1,0.622933
0,0,1,1,1,0,1,1,1,0,1,1,1,0,1,0,1,0,1,0,0,0,1,0,1,0,0,1,0,1,1,1,0.783142
0,1,1,0,1,1,0,1,0,1,0,1,0,0,0,1,0,1,1,0,0,0,0,1,0,1,1,0,1,1,0,1,0.629604
0,1,1,1,0,1,1,1,1,0,0,0,1,0,1,0,0,0,1,0,0,0,0,1,1,0,1,1,0,0,1,1,0.622741
1,0,0,1,0,1,1,1,0,1,0,1,0,1,1,1,0,0,0,0,1,0,0,1,1,0,1,1,1,1,1,1,0.557950
0,0,0,0,0,0,0,1,0,1,1,1,1,1,1,1,0,1,1,0,0,0,0,1,0,0,1,0,1,1,1,0,0.827089
0,0,0,1,0,0,0,1,0,0,1,1,0,0,1,1,0,0,1,0,1,0,0,1,0,1,0,1,1,0,1,1,0.747847
0,1,0,0,1,0,1,0,0,1,1,1,0,0,0,0,1,1,0,0,1,1,0,0,0,0,1,0,1,0,0,1,0.616091
1,0,1,0,1,1,1,1,1,0,1,0,1,0,1,1,1,0,1,1,0,0,0,0,0,1,0,1,0,0,1,1,0.705541
1,0,1,1,1,1,1,1,1,0,1,1,1,1,0,1,1,1,0,0,0,0,1,1,0,0,1,0,1,0,0,0,0.663448
1,1,1,0,0,0,0,1,1,0,1,1,1,1,0,1,0,0,0,1,0,1,1,1,0,0,0,0,0,1,0,1,0.600234
1,1,1,0,1,1,0,0,1,1,1,0,0,1,0,1,1,0,0,0,1,1,0,1,1,1,0,1,0,1,0,1,0.626194
1,1,1,1,1,0,0,0,0,0,1,0,1,1,1,1,1,0,0,1,0,0,0,1,1,1,1,0,1,0,1,1,0.693350
1,1,1,1,0,1,1,1,0,0,1,1,1,1,0,1,1,0,1,1,1,0,0,0,1,0,0,1,0,0,1,1,0.701428
0,1,0,0,0,1,1,0,0,1,0,1,1,1,1,0,0,0,1,0,1,1,0,1,0,1,0,1,0,1,0,1,0.669054
1,1,1,1,1,0,1,1,0,0,0,0,0,0,1,1,1,1,1,0,0,0,1,1,1,0,0,0,1,1,1,1,0.575682
0,0,0,1,0,0,0,0,0,1,1,1,1,0,1,0,1,0,0,0,1,1,1,1,0,0,0,0,0,0,1,1,0.568180
1,1,1,0,1,0,0,1,1,0,0,0,1,0,0,1,0,1,1,0,1,1,1,0,1,0,0,0,0,0,1,0,0.729348
1,0,0,0,0,0,1,0,0,0,0,0,0,1,0,0,0,0,0,0,1,0,1,0,0,1,0,0,0,0,0,1,0.596377
0,0,0,1,1,1,0,1,0,1,1,1,1,0,1,1,1,0,0,1,1,1,1,0,1,1,0,0,0,0,0,1,0.580712
0,0,1,1,1,0,1,0,1,1,1,1,0,0,1,0,0,1,1,0,0,1,0,0,0,0,0,0,0,0,0,0,0.620695
1,0,1,1,1,1,1,1,0,1,0,0,1,1,0,1,1,0,0,1,1,1,1,0,1,0,0,0,1,0,1,0,0.523338
0,1,1,1,0,1,1,0,1,0,0,1,0,0,0,0,0,1,1,0,1,0,1,0,0,0,0,1,1,1,0,1,0.601428
0,1,0,0,1,1,1,1,0,1,0,1,1,1,1,1,1,1,0,0,0,1,0,0,0,0,1,1,1,1,0,0,0.667540
0,1,1,1,0,1,0,1,0,0,1,0,1,1,0,0,1,1,1,0,1,1,0,0,0,1,0,1,0,0,1,1,0.595865
1,0,1,0,1,0,1,0,0,1,0,1,0,0,1,1,1,0,1,0,1,1,1,0,0,0,1,1,1,1,1,0,0.621611
1,1,1,0,1,1,0,1,0,1,1,1,0,1,1,1,0,1,0,0,0,1,1,0,0,0,1,1,1,1,0,1,0.585678
1,0,1,1,1,0,1,0,1,1,0,1,1,0,0,1,0,0,0,0,0,0,1,0,1,0,1,1,1,0,0,0,0.604135
0,1,0,0,0,0,1,0,1,0,0,1,0,1,0,1,0,1,1,1,0,1,1,0,1,0,0,1,1,1,1,1,0.650661
1,0,1,1,0,0,1,1,1,1,0,1,0,0,1,0,0,1,0,0,1,0,0,1,0,0,0,0,0,0,0,0,0.590431
0,0,1,0,1,0,0,1,0,0,0,0,0,0,0,1,1,0,1,0,0,0,1,1,1,1,1,0,0,1,1,1,0.687852
0,1,1,0,0,1,1,0,1,1,0,1,0,0,1,1,0,0,0,0,0,1,1,1,1,0,0,1,1,1,1,1,0.654497
1,1,1,0,1,0,0,0,1,1,0,1,0,0,0,0,1,1,1,1,1,1,0,0,0,1,1,0,0,1,0,1,0.615409
1,0,1,1,1,0,0,0,1,1,0,1,1,0,1,1,1,1,1,0,0,1,0,1,0,1,1,1,0,0,0,0,0.605264
0,1,1,0,1,1,0,0,0,1,1,0,1,1,0,0,0,0,0,1,1,0,0,1,1,0,0,0,0,0,0,1,0.608483
1,0,1,1,1,1,0,0,0,1,0,1,1,1,1,0,1,1,1,1,0,0,0,0,1,0,1,0,0,0,1,0,0.605968
1,1,1,1,0,0,0,0,1,1,0,0,0,1,1,0,1,1,0,1,0,1,0,1,0,0,1,1,0,0,1,1,0.630989
1,1,0,1,0,1,1,0,0,0,1,0,1,1,1,0,0,0,0,1,1,0,1,1,1,1,0,0,1,0,1,0,0.594991
0,1,0,0,1,1,0,1,1,0,1,0,1,1,0,1,0,0,0,1,1,1,1,0,1,1,0,0,0,1,0,1,0.626300
1,1,0,0,1,0,0,1,0,1,0,1,0,0,0,0,0,0,0,0,1,1,0,0,1,0,1,1,0,0,0,1,0.619437
1,1,0,1,1,0,1,0,1,0,1,1,1,0,1,1,0,0,0,0,0,0,1,1,1,1,0,1,1,1,0,0,0.737106
0,1,1,1,0,1,1,0,1,0,1,1,0,1,0,1,1,1,1,0,1,1,0,1,0,1,0,0,1,0,1,1,0.557822
0,1,1,1,1,0,0,0,0,0,0,0,1,0,0,0,1,0,0,0,0,0,0,0,1,1,0,1,0,0,1,0,0.546185
1,0,0,0,0,1,0,0,0,1,1,1,1,1,0,0,0,0,0,1,1,0,1,0,0,1,0,1,1,1,1,0,0.610720
1,1,1,1,0,1,1,1,1,1,0,0,1,0,1,1,0,0,0,1,0,0,0,0,0,0,0,0,0,1,0,0,0.591603
1,1,1,1,1,1,1,1,0,1,1,0,1,1,1,0,1,0,0,0,0,1,0,1,1,0,1,1,1,1,1,1,0.566581
0,1,1,1,1,1,1,0,1,0,1,1,1,1,0,1,1,1,0,0,1,1,0,1,0,0,1,0,1,0,1,1,0.593457
1,0,1,0,0,1,0,0,1,0,1,0,0,1,0,0,1,0,1,0,0,1,0,0,0,0,1,1,0,1,0,0,0.530413
0,0,0,1,1,1,0,0,1,1,1,1,1,1,1,1,0,1,1,0,1,0,1,0,1,1,0,0,0,0,0,0,0.688129
0,1,1,1,1,1,0,1,0,1,0,1,1,0,1,1,0,0,1,0,1,0,1,1,0,1,1,0,1,0,0,1,0.571398
0,0,0,1,1,1,0,1,1,1,0,0,0,1,0,1,0,1,0,0,1,0,1,1,1,1,0,0,0,1,0,0,0.641731
1,0,0,0,0,1,0,0,0,0,0,1,0,1,1,1,1,1,1,0,0,0,1,1,1,1,1,0,1,0,0,0,0.569224
0,1,0,1,0,0,0,1,1,0,1,0,0,0,0,1,1,0,1,1,1,0,0,1,1,0,1,1,1,0,1,1,0.730797
1,0,1,1,1,1,1,0,1,1,1,0,0,1,1,0,1,0,1,1,1,0,0,1,1,0,1,0,0,1,0,0,0.701961
0,1,0,0,0,0,0,0,1,0,1,0,1,1,1,0,0,1,0,0,0,0,0,1,0,1,0,0,1,1,1,0,0.651748
1,0,1,0,1,1,1,0,0,1,0,0,1,0,1,0,1,1,0,0,0,1,1,0,0,0,0,0,1,1,0,0,0.709910
1,1,1,0,0,0,1,1,0,0,1,0,0,0,0,1,0,0,1,0,0,0,1,0,0,1,0,0,1,1,0,0,0.685742
1,1,1,0,1,0,0,0,1,1,1,1,1,1,1,1,1,0,0,0,0,1,0,0,0,0,1,1,0,0,1,1,0.612724
0,1,1,0,0,1,1,0,0,0,0,1,1,0,0,1,0,0,0,1,0,1,0,1,1,0,1,1,0,1,0,0,0.632161
1,1,0,0,1,0,0,1,0,0,1,0,0,1,1,1,1,0,0,1,1,1,1,1,1,1,0,1,0,0,0,1,0.639152
0,1,0,1,0,1,1,1,0,0,0,1,0,0,0,0,1,1,0,1,1,0,0,1,0,0,1,0,1,1,0,1,0.571633
1,1,0,0,1,0,1,0,0,0,1,0,0,1,1,1,1,1,1,1,1,1,1,1,1,1,0,0,0,1,1,0,0.532545
1,0,0,1,1,1,0,0,1,0,0,1,0,0,0,0,1,0,0,0,1,0,1,1,0,0,1,0,0,0,1,0,0.593457
0,1,1,1,1,0,1,0,1,0,1,0,0,0,1,0,1,0,1,0,1,0,1,1,0,0,0,0,0,1,1,0,0.653069
0,1,1,1,0,1,0,0,1,1,1,1,1,0,0,1,0,0,1,1,0,0,0,1,1,0,0,1,0,1,1,1,0.757118
1,0,0,1,0,1,0,0,1,0,1,0,1,1,0,0,1,0,0,1,1,0,0,1,1,0,0,0,0,0,1,1,0.613065
0,1,1,0,0,1,0,1,0,0,0,0,0,1,0,1,1,0,1,1,0,1,1,1,0,1,0,0,0,1,0,1,0.620673
0,0,0,0,0,0,0,0,1,1,1,0,1,0,1,0,0,0,0,1,0,0,1,0,1,0,1,0,0,0,1,0,0.792114
1,0,1,1,0,1,0,0,1,1,1,0,1,0,1,1,1,1,1,1,0,1,1,0,0,0,1,0,0,1,0,0,0.616965
0,0,1,1,1,0,1,1,1,1,1,1,0,1,0,0,1,0,0,0,1,1,0,0,0,1,1,0,0,1,1,1,0.593031
1,1,0,0,1,1,1,1,1,1,1,1,1,0,1,0,1,0,0,1,1,0,0,1,0,1,1,1,1,1,0,1,0.707118
1,1,1,1,1,1,0,0,1,1,0,0,0,0,0,0,1,1,1,1,1,1,1,0,1,0,0,1,1,0,0,0,0.664749
0,0,1,0,1,0,1,1,1,1,1,1,1,0,1,1,1,1,1,0,1,1,0,1,1,1,0,0,0,0,0,0,0.619885
1,1,0,1,1,1,1,0,0,1,0,0,0,0,0,1,1,1,0,1,1,0,0,1,1,1,0,1,1,1,0,0,0.624382
1,0,0,0,0,0,1,1,1,1,1,0,0,0,1,0,1,0,0,1,1,1,1,1,0,0,1,0,0,0,1,0,0.590899
0,0,1,0,0,0,0,0,1,1,0,0,0,0,0,0,0,0,1,1,1,1,0,1,1,1,0,0,1,0,0,1,0.610976
0,1,1,1,0,1,0,1,1,0,1,1,1,1,1,1,1,1,0,0,0,0,1,1,0,0,0,0,1,1,0,0,0.608610
1,1,1,1,1,0,1,1,0,1,0,0,0,0,1,1,1,1,1,1,1,1,0,1,1,1,1,1,0,1,0,1,0.620482
1,0,1,0,1,1,0,1,1,1,1,1,0,0,0,1,1,0,1,0,0,1,0,0,1,0,0,1,1,0,1,0,0.618990
0,0,0,0,0,0,0,0,0,0,0,1,0,1,0,0,1,1,1,0,1,1,1,1,1,1,1,1,1,0,0,0,0.660017
1,0,1,1,1,0,0,0,1,0,1,0,1,0,0,1,1,0,1,0,0,0,1,0,0,0,1,0,1,1,0,1,0.729859
1,1,0,0,1,1,0,0,1,1,1,0,1,1,0,0,0,1,0,0,0,1,0,0,0,0,0,1,0,1,1,0,0.682055
0,1,1,0,1,1,0,0,0,1,0,1,0,0,1,1,0,0,0,1,1,1,1,0,1,1,1,1,1,0,1,0,0.664791
1,0,1,0,0,1,1,1,1,1,0,0,1,0,1,0,0,1,1,0,0,1,1,0,1,1,1,0,1,1,0,0,0.635870
0,0,1,1,1,1,1,0,1,0,1,1,0,1,1,0,0,0,0,0,1,1,1,0,1,0,1,0,0,1,0,0,0.605136
1,0,1,1,0,1,1,0,0,0,0,1,0,0,1,1,0,0,1,1,1,1,0,1,1,0,1,0,0,0,1,1,0.639344
0,0,1,0,1,0,1,0,1,0,0,1,1,1,1,0,1,1,1,0,0,1,1,0,1,1,0,1,0,0,0,1,0.667242
1,1,0,0,1,0,0,1,1,0,1,0,1,1,0,0,0,1,0,0,0,1,1,0,0,0,1,1,1,0,1,0,0.639812
1,1,0,0,0,0,0,1,0,1,0,0,0,1,0,0,1,1,0,0,1,1,0,1,0,1,0,0,0,0,0,1,0.594480
