1,1,0,0,0,0,0,1,0,1,0,0,0,1,0,0,1,1,0,0,1,1,0,1,0,1,0,0,0,0,0,1,0.596840
1,0,1,1,1,0,1,0,1,1,0,1,1,0,0,1,0,0,0,0,0,0,1,0,1,0,1,1,1,0,0,0,0.598066
0,1,1,1,0,1,1,0,1,0,1,1,0,1,0,1,1,1,1,0,1,1,0,1,0,1,0,0,1,0,1,1,0.558504
0,0,1,1,1,0,1,1,1,0,1,1,1,0,1,0,1,0,1,0,0,0,1,0,1,0,0,1,0,1,1,1,0.782422
0,1,1,0,0,0,1,1,1,1,0,0,1,0,1,1,0,0,1,1,1,0,1,0,1,1,1,1,1,0,0,0,0.599451
0,1,1,1,0,1,1,0,1,0,0,1,0,0,0,0,0,1,1,0,1,0,1,0,0,0,0,1,1,1,0,1,0.599425
0,1,1,0,1,1,0,1,0,1,0,1,0,0,0,1,0,1,1,0,0,0,0,1,0,1,1,0,1,1,0,1,0.629396
0,1,1,1,1,1,0,1,0,1,0,1,1,0,1,1,0,0,1,0,1,0,1,1,0,1,1,0,1,0,0,1,0.569187
0,0,1,1,1,0,1,1,1,1,1,1,0,1,0,0,1,0,0,0,1,1,0,0,0,1,1,0,0,1,1,1,0.593510
1,0,1,1,1,1,1,1,0,1,0,0,1,1,0,1,1,0,0,1,1,1,1,0,1,0,0,0,1,0,1,0,0.528346
0,1,1,1,0,1,1,1,1,0,0,0,1,0,1,0,0,0,1,0,0,0,0,1,1,0,1,1,0,0,1,1,0.619112
1,1,1,0,1,0,0,1,1,0,0,0,1,0,0,1,0,1,1,0,1,1,1,0,1,0,0,0,0,0,1,0,0.727994
0,0,1,1,1,0,0,1,1,1,0,0,1,1,0,1,1,0,1,1,0,1,0,0,1,0,0,1,0,0,1,1,0.619965
1,1,1,1,1,0,1,1,0,0,0,0,0,0,1,1,1,1,1,0,0,0,1,1,1,0,0,0,1,1,1,1,0.575368
1,1,0,0,1,1,1,1,1,1,1,1,1,0,1,0,1,0,0,1,1,0,0,1,0,1,1,1,1,1,0,1,0.706762
0,0,1,1,1,0,1,0,1,1,1,1,0,0,1,0,0,1,1,0,0,1,0,0,0,0,0,0,0,0,0,0,0.618579
0,0,0,0,1,1,1,0,0,1,0,1,1,1,1,1,0,1,0,1,1,0,0,0,0,1,1,1,1,0,0,1,0.603874
0,0,0,1,1,1,0,1,1,1,0,0,0,1,0,1,0,1,0,0,1,0,1,1,1,1,0,0,0,1,0,0,0.641198
0,1,1,0,1,1,0,0,0,1,1,0,1,1,0,0,0,0,0,1,1,0,0,1,1,0,0,0,0,0,0,1,0.609735
1,1,1,1,1,1,0,0,1,1,0,0,0,0,0,0,1,1,1,1,1,1,1,0,1,0,0,1,1,0,0,0,0.665201
0,0,0,1,0,0,1,1,1,0,1,1,1,0,1,0,1,1,1,1,1,0,1,0,1,0,1,0,1,0,1,0,0.723386
0,0,0,1,0,1,0,0,0,1,0,1,1,0,1,1,1,0,0,0,1,0,1,1,1,0,0,0,0,1,1,0,0.592391
1,1,1,0,1,0,0,0,1,1,1,1,1,1,1,1,1,0,0,0,0,1,0,0,0,0,1,1,0,0,1,1,0.608669
1,0,0,1,1,1,0,0,1,0,0,1,0,0,0,0,1,0,0,0,1,0,1,1,0,0,1,0,0,0,1,0,0.588475
0,0,0,1,0,0,0,1,0,0,1,1,0,0,1,1,0,0,1,0,1,0,0,1,0,1,0,1,1,0,1,1,0.750906
0,0,0,1,1,1,1,1,0,1,0,0,0,0,0,0,0,1,1,1,0,1,1,1,1,1,0,1,0,0,1,0,0.664509
0,0,1,0,1,0,1,0,1,0,0,1,1,1,1,0,1,1,1,0,0,1,1,0,1,1,0,1,0,0,0,1,0.669118
1,1,1,1,0,1,1,1,1,1,0,0,1,0,1,1,0,0,0,1,0,0,0,0,0,0,0,0,0,1,0,0,0.584292
0,1,1,1,0,1,0,1,0,1,0,1,1,1,0,1,0,0,1,1,0,0,0,0,1,0,1,0,1,1,1,0,0.614503
0,0,1,0,1,0,1,1,0,1,1,0,0,1,1,1,1,1,1,1,1,0,1,1,0,0,0,1,1,1,1,1,0.642077
0,1,1,1,0,1,0,1,1,0,1,1,1,1,1,1,1,1,0,0,0,0,1,1,0,0,0,0,1,1,0,0,0.609388
1,0,0,0,1,0,1,1,1,0,0,1,0,1,1,0,1,0,1,1,1,1,1,0,0,1,0,0,1,1,0,0,0.689551
1,1,0,1,1,1,1,0,0,1,0,0,0,0,0,1,1,1,0,1,1,0,0,1,1,1,0,1,1,1,0,0,0.620684
0,1,1,0,0,1,0,0,1,0,1,0,1,1,0,0,0,0,1,0,0,0,1,0,0,1,0,1,0,1,1,1,0.639226
0,1,0,1,0,1,1,1,0,0,0,1,0,0,0,0,1,1,0,1,1,0,0,1,0,0,1,0,1,1,0,1,0.566496
1,1,1,0,1,1,0,0,1,1,1,0,0,1,0,1,1,0,0,0,1,1,0,1,1,1,0,1,0,1,0,1,0.624867
0,1,1,0,1,1,0,0,0,1,0,1,0,0,1,1,0,0,0,1,1,1,1,0,1,1,1,1,1,0,1,0,0.669864
1,1,1,1,0,0,0,0,1,1,0,0,0,1,1,0,1,1,0,1,0,1,0,1,0,0,1,1,0,0,1,1,0.630781
0,0,1,0,0,0,0,0,1,1,0,0,0,0,0,0,0,0,1,1,1,1,0,1,1,1,0,0,1,0,0,1,0.612212
0,0,0,1,1,1,0,1,0,1,1,1,1,0,1,1,1,0,0,1,1,1,1,0,1,1,0,0,0,0,0,1,0.583040
0,0,0,1,1,1,0,0,1,1,1,1,1,1,1,1,0,1,1,0,1,0,1,0,1,1,0,0,0,0,0,0,0.690857
1,0,1,0,0,0,1,1,1,1,1,1,1,1,1,1,0,0,0,1,0,1,0,0,1,0,1,1,1,0,0,1,0.617993
1,0,1,1,1,1,1,1,1,0,1,1,1,1,0,1,1,1,0,0,0,0,1,1,0,0,1,0,1,0,0,0,0.668958
1,1,0,1,0,1,1,0,0,0,1,0,1,1,1,0,0,0,0,1,1,0,1,1,1,1,0,0,1,0,1,0,0.596068
0,1,1,0,0,1,1,0,0,0,0,1,1,0,0,1,0,0,0,1,0,1,0,1,1,0,1,1,0,1,0,0,0.630781
0,1,0,0,0,1,1,1,1,1,0,0,1,0,1,1,1,1,1,0,1,0,0,1,0,1,0,1,1,1,0,0,0.604167
0,0,1,0,1,0,0,0,1,0,1,1,0,1,1,1,0,0,1,0,0,1,0,0,1,1,1,0,1,1,1,0,0.595029
0,0,1,1,1,1,1,0,1,0,1,1,0,1,1,0,0,0,0,0,1,1,1,0,1,0,1,0,0,1,0,0,0.604806
0,0,1,0,1,0,0,1,0,0,0,0,0,0,0,1,1,0,1,0,0,0,1,1,1,1,1,0,0,1,1,1,0.680707
0,1,1,1,1,0,0,0,0,0,0,0,1,0,0,0,1,0,0,0,0,0,0,0,1,1,0,1,0,0,1,0,0.548220
1,0,1,1,0,1,0,1,1,0,0,1,1,1,0,0,0,0,0,0,0,0,0,1,0,0,1,0,0,1,0,1,0.646526
0,1,0,0,1,1,0,1,1,0,1,0,1,1,0,1,0,0,0,1,1,1,1,0,1,1,0,0,0,1,0,1,0.625266
1,0,0,0,1,1,0,1,1,1,1,0,0,0,0,0,1,1,0,0,1,1,1,0,0,0,1,1,0,1,0,1,0.589274
0,0,1,0,1,0,1,1,1,1,0,0,1,0,0,0,1,0,1,1,1,0,1,1,1,0,1,1,1,0,0,1,0.626758
1,0,0,0,0,0,1,0,0,0,0,0,0,1,0,0,0,0,0,0,1,0,1,0,0,1,0,0,0,0,0,1,0.593350
1,0,0,1,0,1,0,1,1,0,0,0,1,0,1,1,1,0,1,0,1,0,1,1,0,0,1,0,1,0,0,1,0.605818
1,0,1,0,1,1,1,0,0,1,0,0,1,0,1,0,1,1,0,0,0,1,1,0,0,0,0,0,1,1,0,0,0.707454
0,0,0,1,0,0,0,1,0,1,0,1,1,1,0,0,1,1,1,1,0,1,1,0,0,1,0,0,0,0,0,1,0.626519
1,0,1,1,1,1,1,0,1,1,1,0,0,1,1,0,1,0,1,1,1,0,0,1,1,0,1,0,0,1,0,0,0.702046
0,1,0,0,1,0,1,0,0,1,1,1,0,0,0,0,1,1,0,0,1,1,0,0,0,0,1,0,1,0,0,1,0.615462
0,1,1,1,0,1,0,0,1,1,1,1,1,0,0,1,0,0,1,1,0,0,0,1,1,0,0,1,0,1,1,1,0.762415
0,1,0,0,0,0,0,0,1,0,1,0,1,1,1,1,0,0,0,1,0,1,0,0,0,0,0,1,0,1,0,1,0.583546
1,1,1,0,0,0,0,1,1,0,1,1,1,1,0,1,0,0,0,1,0,1,1,1,0,0,0,0,0,1,0,1,0.592311
1,1,1,1,1,0,1,1,0,1,0,0,0,0,1,1,1,1,1,1,1,1,0,1,1,1,1,1,0,1,0,1,0.623801
1,0,1,0,0,1,0,0,1,0,1,0,0,1,0,0,1,0,1,0,0,1,0,0,0,0,1,1,0,1,0,0,0.531650
0,1,1,1,1,0,1,0,1,0,1,0,0,0,1,0,1,0,1,0,1,0,1,1,0,0,0,0,0,1,1,0,0.654945
1,0,0,0,0,1,0,0,0,0,0,1,0,1,1,1,1,1,1,0,0,0,1,1,1,1,1,0,1,0,0,0,0.566896
1,1,0,0,1,0,1,0,1,0,1,1,0,1,1,0,1,0,0,1,0,1,1,0,0,1,0,1,1,1,0,0,0.587329
1,0,0,1,1,0,1,0,1,0,0,1,0,0,1,0,0,1,1,0,0,1,1,1,0,1,1,1,1,0,0,1,0.622016
0,1,0,1,1,1,1,1,0,0,1,1,1,1,1,0,1,0,0,1,1,0,1,1,0,1,0,0,1,1,0,1,0.612852
1,1,1,1,0,1,1,1,0,0,1,1,1,1,0,1,1,0,1,1,1,0,0,0,1,0,0,1,0,0,1,1,0.701487
1,0,1,1,1,1,0,0,0,1,0,1,1,1,1,0,1,1,1,1,0,0,0,0,1,0,1,0,0,0,1,0,0.602169
0,0,1,0,0,0,1,1,1,1,0,0,0,1,0,0,0,1,1,1,1,1,1,1,1,0,0,1,1,0,1,1,0.670663
1,0,0,0,0,1,0,0,0,1,1,1,1,1,0,0,0,0,0,1,1,0,1,0,0,1,0,1,1,1,1,0,0.611866
1,1,1,1,1,0,0,0,0,0,1,0,1,1,1,1,1,0,0,1,0,0,0,1,1,1,1,0,1,0,1,1,0.697837
1,1,1,0,0,0,1,1,0,0,1,0,0,0,0,1,0,0,1,0,0,0,1,0,0,1,0,0,1,1,0,0,0.689551
1,0,1,1,0,0,1,1,1,1,0,1,0,0,1,0,0,1,0,0,1,0,0,1,0,0,0,0,0,0,0,0,0.588715
0,0,0,1,0,0,1,1,0,1,0,1,0,0,0,1,0,1,0,1,1,0,0,0,0,1,0,0,1,0,1,1,0.553282
1,0,1,1,0,1,1,0,0,0,0,1,0,0,1,1,0,0,1,1,1,1,0,1,1,0,1,0,0,0,1,1,0.632113
0,1,0,0,0,0,1,0,1,0,0,1,0,1,0,1,0,1,1,1,0,1,1,0,1,0,0,1,1,1,1,1,0.651908
1,0,1,0,0,1,1,1,1,1,0,0,1,0,1,0,0,1,1,0,0,1,1,0,1,1,1,0,1,1,0,0,0.634458
1,0,1,1,0,1,0,0,1,1,1,0,1,0,1,1,1,1,1,1,0,1,1,0,0,0,1,0,0,1,0,0,0.617940
0,0,1,0,1,0,1,1,1,1,1,1,1,0,1,1,1,1,1,0,1,1,0,1,1,1,0,0,0,0,0,0,0.615516
1,0,0,0,0,0,1,1,1,1,0,1,0,1,1,0,0,1,1,1,0,1,1,0,1,0,0,0,0,1,0,0,0.639519
0,1,1,0,0,1,0,1,0,0,0,0,0,1,0,1,1,0,1,1,0,1,1,1,0,1,0,0,0,1,0,1,0.622229
1,1,1,0,1,1,1,0,0,1,1,1,1,1,0,0,1,1,0,1,0,1,0,1,0,0,1,1,0,1,1,1,0.576540
0,1,0,1,1,0,0,1,0,1,0,1,0,0,1,0,0,1,0,0,0,1,1,0,0,1,0,0,1,0,1,0,0.620791
1,1,0,0,1,0,1,0,0,0,1,0,0,1,1,1,1,1,1,1,1,1,1,1,1,1,0,0,0,1,1,0,0.531463
1,1,1,0,1,0,0,0,1,1,0,1,0,0,0,0,1,1,1,1,1,1,0,0,0,1,1,0,0,1,0,1,0.615782
1,0,1,0,1,1,0,1,1,1,1,1,0,0,0,1,1,0,1,0,0,1,0,0,1,0,0,1,1,0,1,0,0.617434
1,1,1,0,1,0,0,1,1,0,1,0,0,0,1,1,0,0,0,0,0,0,0,1,0,1,0,1,1,0,1,0,0.764519
1,1,0,0,1,0,0,1,0,1,0,1,0,0,0,0,0,0,0,0,1,1,0,0,1,0,1,1,0,0,0,1,0.618420
0,0,0,1,0,1,0,0,1,0,0,1,1,0,0,1,1,1,1,1,0,0,0,1,1,0,0,1,0,0,0,1,0.615090
1,0,0,1,0,1,0,0,1,0,1,0,1,1,0,0,1,0,0,1,1,0,0,1,1,0,0,0,0,0,1,1,0.616315
1,1,1,1,0,1,1,0,1,0,0,0,0,0,0,1,1,0,0,0,1,0,1,1,0,0,1,1,1,1,0,0,0.606511
1,1,0,0,1,0,0,1,0,0,1,0,0,1,1,1,1,0,0,1,1,1,1,1,1,1,0,1,0,0,0,1,0.635124
0,1,0,0,0,0,0,0,1,0,1,0,1,1,1,0,0,1,0,0,0,0,0,1,0,1,0,0,1,1,1,0,0.654918
1,0,1,0,1,0,1,0,0,1,0,1,0,0,1,1,1,0,1,0,1,1,1,0,0,0,1,1,1,1,1,0,0.626252
1,1,1,1,1,1,1,1,0,1,1,0,1,1,1,0,1,0,0,0,0,1,0,1,1,0,1,1,1,1,1,1,0.567855
1,0,0,1,0,1,1,1,0,1,0,1,0,1,1,1,0,0,0,0,1,0,0,1,1,0,1,1,1,1,1,1,0.556000
0,0,0,1,0,0,1,0,0,1,1,0,1,1,0,0,1,0,0,1,0,0,0,1,0,1,1,1,0,1,0,0,0.763427
1,1,0,0,1,1,0,0,1,1,1,0,1,1,0,0,0,1,0,0,0,1,0,0,0,0,0,1,0,1,1,0,0.682758
0,1,1,1,0,1,0,1,0,0,1,0,1,1,0,0,1,1,1,0,1,1,0,0,0,1,0,1,0,0,1,1,0.593484
1,0,0,0,0,0,1,1,1,1,1,0,0,0,1,0,1,0,0,1,1,1,1,1,0,0,1,0,0,0,1,0,0.589248
0,1,1,0,1,1,1,0,1,1,1,1,0,1,1,0,0,0,1,0,0,1,1,0,1,0,1,1,1,1,0,0,0.584665
0,1,0,1,0,0,0,1,1,0,1,0,0,0,0,1,1,0,1,1,1,0,0,1,1,0,1,1,1,0,1,1,0.733509
0,0,0,0,0,0,0,0,0,0,0,1,0,1,0,0,1,1,1,0,1,1,1,1,1,1,1,1,1,0,0,0,0.660326
0,0,0,0,0,0,0,1,0,1,1,1,1,1,1,1,0,1,1,0,0,0,0,1,0,0,1,0,1,1,1,0,0.824835
0,1,1,0,1,0,1,1,0,1,0,0,0,0,1,0,1,1,0,1,1,0,0,0,1,1,1,1,0,0,0,1,0.618526
0,0,0,1,1,0,1,0,1,0,0,0,1,0,1,0,1,1,0,0,1,1,0,0,0,0,0,1,0,0,1,1,0.698609
0,0,0,0,1,1,1,1,0,1,0,1,0,1,1,0,0,1,1,1,0,0,0,1,0,0,1,1,0,0,0,1,0.559170
1,0,1,0,1,1,1,1,0,1,0,1,0,0,1,1,1,0,0,1,1,0,0,0,0,1,1,1,0,0,0,1,0.611946
0,1,1,0,0,1,1,0,1,1,0,1,0,0,1,1,0,0,0,0,0,1,1,1,1,0,0,1,1,1,1,1,0.655504
1,0,0,1,1,0,0,1,0,0,0,0,0,0,0,0,1,0,0,1,0,1,0,0,0,1,1,0,0,0,0,1,0.628410
0,1,0,0,0,1,1,0,0,1,0,1,1,1,1,0,0,0,1,0,1,1,0,1,0,1,0,1,0,1,0,1,0.670130
1,0,1,1,1,0,0,0,1,0,1,0,1,0,0,1,1,0,1,0,0,0,1,0,0,0,1,0,1,1,0,1,0.729353
1,0,0,0,1,1,0,1,0,1,0,1,0,0,0,0,1,1,0,0,0,0,0,0,0,0,1,0,1,0,1,0,0.605286
1,1,0,1,1,0,1,0,1,0,1,1,1,0,1,1,0,0,0,0,0,0,1,1,1,1,0,1,1,1,0,0,0.739850
0,0,0,0,1,0,0,0,0,1,0,0,0,1,0,1,1,0,1,0,1,0,1,0,1,0,1,0,1,1,0,1,0.594789
0,1,0,0,1,1,1,1,0,1,0,1,1,1,1,1,1,1,0,0,0,1,0,0,0,0,1,1,1,1,0,0,0.668878
1,0,1,0,1,1,1,1,1,0,1,0,1,0,1,1,1,0,1,1,0,0,0,0,0,1,0,1,0,0,1,1,0.704390
1,0,1,1,1,0,0,0,1,1,0,1,1,0,1,1,1,1,1,0,0,1,0,1,0,1,1,1,0,0,0,0,0.604406
1,1,1,0,1,1,0,1,0,1,1,1,0,1,1,1,0,1,0,0,0,1,1,0,0,0,1,1,1,1,0,1,0.584825
1,1,0,1,0,1,0,0,1,1,1,1,1,0,1,0,1,0,1,1,1,0,1,0,1,0,0,1,0,0,0,0,0.732097
0,0,0,0,0,0,0,0,1,1,1,0,1,0,1,0,0,0,0,1,0,0,1,0,1,0,1,0,0,0,1,0,0.792279
1,1,0,0,1,0,0,1,1,0,1,0,1,1,0,0,0,1,0,0,0,1,1,0,0,0,1,1,1,0,1,0,0.637415
0,0,0,1,0,0,0,0,0,1,1,1,1,0,1,0,1,0,0,0,1,1,1,1,0,0,0,0,0,0,1,1,0.566123
0,1,1,1,1,1,1,0,1,0,1,1,1,1,0,1,1,1,0,0,1,1,0,1,0,0,1,0,1,0,1,1,0.590420
