1,1,0,1,1,0,1,0,0,1,1,0,1,0,0,1,1,1,0,0,0,1,0,1,1,0,0,0,0,0,0,0,0.993793
0,0,0,1,0,1,0,1,0,0,1,1,0,0,0,1,0,0,0,0,0,1,1,0,0,1,1,0,0,1,0,0,0.005568
0,0,1,1,1,1,0,0,1,0,1,1,0,1,1,1,0,0,1,0,1,1,1,0,1,0,0,1,1,1,1,1,0.997736
0,0,0,0,1,1,0,0,1,0,1,1,1,1,1,0,0,0,1,1,1,1,0,0,1,1,1,0,1,1,1,0,0.008046
0,0,1,1,1,1,1,1,0,0,1,0,1,0,0,1,0,1,1,0,0,1,0,0,0,0,1,1,1,1,1,1,0.996324
0,1,1,1,1,0,1,0,0,1,0,0,1,1,1,1,0,1,1,1,0,0,0,0,0,1,1,1,1,0,0,0,0.010230
0,0,1,0,1,1,0,0,0,1,1,1,1,1,1,0,1,1,0,0,1,0,1,1,0,0,0,0,1,0,0,0,0.009111
0,0,1,0,0,1,1,1,1,0,1,1,1,0,0,1,0,0,1,0,1,1,0,0,0,0,0,0,0,0,0,1,0.991129
1,1,0,0,1,1,0,1,1,0,0,1,0,0,1,0,0,1,1,1,0,0,1,1,1,1,1,0,1,1,1,1,0.995364
0,1,1,1,0,0,1,1,1,0,0,0,1,0,0,0,1,1,0,0,1,0,0,0,1,0,0,1,0,0,0,0,0.009538
1,1,1,1,1,1,1,0,1,1,1,0,0,0,1,0,0,0,0,0,0,1,1,1,1,1,0,1,0,0,0,1,0.993899
1,1,0,0,0,1,1,0,1,1,1,1,1,1,1,1,0,1,0,0,0,1,0,1,0,1,1,0,0,0,0,0,0.993846
1,0,0,1,0,0,1,1,0,0,1,1,0,1,1,1,0,1,0,0,1,0,0,0,0,1,1,1,0,0,1,1,0.993793
0,1,1,0,0,1,1,1,0,1,1,0,0,0,1,1,0,0,1,0,1,1,0,0,1,0,0,1,0,1,0,0,0.009511
1,1,0,1,0,1,0,1,1,0,0,0,1,0,0,1,0,0,0,0,1,1,0,1,1,1,1,1,0,1,1,1,0.998402
0,1,1,1,1,1,1,1,1,1,0,1,0,0,0,0,1,0,0,1,0,1,1,0,1,1,1,1,0,1,1,1,0.995231
0,0,1,1,0,1,0,0,0,0,1,0,1,1,0,0,1,0,0,0,1,1,0,1,0,1,0,1,1,0,0,0,0.007832
0,1,1,1,0,1,1,1,1,0,1,1,1,1,0,0,1,1,0,1,0,1,0,0,0,0,1,0,1,0,0,1,0.993659
1,1,1,1,0,0,0,0,1,1,0,0,1,0,0,1,1,1,1,1,0,0,0,1,0,0,0,0,1,0,1,0,0.993659
1,1,1,1,1,1,0,1,1,0,1,1,0,0,0,1,1,0,0,1,1,0,0,1,0,0,1,0,0,1,0,1,0.996324
0,0,1,1,0,1,0,1,0,1,1,1,0,0,1,0,0,1,1,1,1,1,0,1,1,0,0,1,1,1,0,0,0.010443
0,1,1,1,1,1,1,0,0,1,1,1,1,1,1,0,0,0,0,1,1,0,1,1,1,1,0,0,1,0,0,0,0.010363
1,1,0,0,1,0,0,1,1,1,0,1,0,1,1,1,1,1,1,0,0,0,1,0,0,0,1,0,1,1,1,0,0.994059
0,1,1,1,1,1,1,1,0,1,0,1,0,0,1,0,0,0,0,0,0,1,1,1,0,0,0,1,1,0,0,1,0.992727
1,1,1,0,1,0,1,1,0,1,0,1,0,1,1,1,0,1,1,1,1,0,0,1,1,1,0,1,0,0,0,1,0.995897
0,1,0,0,1,1,1,0,1,1,0,1,0,0,1,1,1,1,0,1,0,0,1,0,1,1,1,1,0,0,0,0,0.009244
0,1,1,0,1,0,0,1,1,0,1,0,0,1,1,1,1,1,0,0,1,0,1,0,0,0,0,0,1,1,0,1,0.993286
1,1,0,0,0,0,0,0,0,1,1,0,1,0,1,0,0,1,0,0,0,1,0,1,0,1,1,0,0,0,1,1,0.990782
0,0,1,1,1,0,1,1,0,0,0,1,0,0,0,0,0,1,0,1,0,0,0,0,1,0,1,0,1,1,0,1,0.991821
1,1,0,1,0,0,0,1,0,1,1,0,1,1,1,0,0,0,0,1,0,1,0,1,1,1,1,0,0,0,1,0,0.993446
0,1,1,0,0,0,1,0,1,1,0,1,1,1,0,0,0,1,1,0,1,1,0,0,1,1,1,1,0,0,0,1,0.993819
0,1,0,1,0,0,1,0,0,0,0,0,1,1,1,0,0,0,0,0,1,1,0,0,0,0,0,0,1,1,1,1,0.992274
1,0,1,1,1,0,1,0,0,0,1,1,1,0,1,1,1,0,0,0,1,0,1,1,0,1,0,1,1,0,1,1,0.996403
1,0,0,1,0,0,0,1,1,1,0,1,1,1,0,0,0,0,0,1,1,0,0,0,1,1,0,1,1,1,1,0,0.993207
1,0,1,1,1,1,1,1,1,0,1,0,1,1,1,1,1,1,0,1,0,1,0,1,1,1,1,1,1,1,0,1,0.997762
1,1,1,1,0,1,1,0,1,0,1,1,0,0,1,0,1,1,0,1,0,0,1,1,1,0,0,0,0,0,1,1,0.993739
1,0,0,1,1,1,1,1,1,1,1,0,0,1,1,0,0,1,0,1,1,0,0,1,1,0,0,1,1,1,1,1,0.997416
0,1,0,1,0,1,0,1,1,0,1,0,0,0,1,0,0,1,0,1,1,1,0,1,1,0,1,1,0,1,0,1,0.994405
1,0,1,0,0,1,0,1,1,0,1,1,1,1,1,0,0,1,0,0,0,1,1,1,1,0,1,0,0,1,0,0,0.994006
1,0,0,0,1,0,1,1,1,1,1,0,0,0,0,1,0,1,1,0,0,1,0,1,0,0,1,1,0,1,0,1,0.993313
1,0,1,0,1,0,1,1,1,1,1,1,0,0,1,0,0,0,1,0,0,1,0,1,0,1,0,1,1,0,0,0,0.993713
0,0,0,0,0,1,1,1,1,0,1,1,1,1,0,0,0,0,0,1,0,1,1,0,1,0,0,0,1,0,1,1,0.992993
0,0,1,0,1,0,1,0,1,0,0,1,0,0,0,1,1,0,0,0,1,0,0,0,0,0,0,0,0,1,1,1,0.991635
0,0,1,1,1,0,1,0,0,0,0,1,0,0,1,0,0,0,1,0,0,1,0,0,1,1,0,1,1,1,0,0,0.007433
1,0,0,0,1,1,0,1,1,0,1,0,1,1,1,1,0,1,0,1,1,0,0,1,0,1,0,0,1,0,0,1,0.992860
1,1,1,0,0,0,1,0,1,1,0,0,0,0,1,0,0,1,1,0,0,0,1,1,0,1,1,1,1,1,1,1,0.993793
0,1,1,1,0,1,0,0,1,0,0,0,1,1,0,1,1,1,0,0,1,0,0,0,0,0,1,1,0,1,1,0,0.010124
0,1,1,0,0,1,0,1,0,1,0,1,0,1,0,1,0,0,1,1,1,1,1,1,1,0,0,0,0,1,1,0,0.011136
1,1,1,1,0,1,0,0,0,1,1,0,1,0,1,0,1,0,1,1,1,0,0,0,1,1,0,0,1,1,0,1,0.994485
1,0,1,0,1,0,1,0,0,0,0,0,1,1,0,0,0,1,0,1,0,1,1,1,0,1,0,0,0,0,0,0,0.993446
0,0,1,0,1,1,0,1,0,0,1,1,1,0,1,1,1,1,0,1,1,0,0,0,0,1,1,0,0,0,1,1,0.992860
1,1,0,0,0,1,0,0,1,0,1,0,0,1,0,1,1,1,1,0,0,0,1,0,0,0,0,1,0,0,0,1,0.992860
0,1,1,0,0,1,1,1,1,0,0,1,1,0,0,0,1,1,0,0,0,0,1,0,1,1,0,1,1,1,0,1,0.993633
0,1,1,0,0,1,0,0,0,0,0,1,1,0,0,0,0,0,1,0,1,0,0,1,0,1,1,0,0,1,0,0,0.006101
0,1,1,1,0,0,1,0,1,1,1,1,1,1,1,0,1,0,1,1,1,1,1,0,0,0,0,1,0,0,1,0,0.010577
1,1,0,1,0,0,0,0,1,1,1,0,0,0,0,1,1,1,0,1,1,0,1,0,1,1,1,1,1,0,1,0,0.994379
1,0,1,0,1,1,1,1,1,1,1,0,1,0,0,0,0,1,0,0,1,1,0,0,1,1,0,1,0,1,0,0,0.993899
0,0,0,1,0,1,1,1,0,0,1,0,1,1,0,1,0,1,1,0,1,1,0,1,1,0,1,1,1,1,0,0,0.011456
0,0,0,1,1,0,0,0,0,0,1,1,0,0,1,0,0,0,1,0,1,0,0,0,1,1,1,0,1,1,0,1,0.991182
1,1,0,0,1,1,1,1,1,0,0,0,0,0,1,1,1,0,1,0,1,0,0,1,0,1,1,1,1,1,0,0,0.994246
1,0,1,0,0,1,1,1,0,1,1,0,0,0,1,0,1,1,0,1,0,0,0,0,0,1,1,1,0,0,1,1,0.992940
0,1,0,1,1,1,0,1,0,0,1,0,1,0,1,1,0,1,1,1,0,1,1,0,0,0,1,1,0,0,1,0,0.010656
0,1,1,1,0,1,0,1,0,1,1,1,1,1,1,0,0,0,0,0,0,0,0,0,0,0,0,0,1,1,1,0,0.007912
0,1,0,1,1,0,1,1,0,0,0,1,0,0,0,1,1,0,0,0,1,1,0,1,0,1,1,1,1,0,0,0,0.008712
1,0,1,1,0,1,1,0,0,1,1,1,1,1,0,0,1,0,1,1,0,1,1,1,1,0,0,1,1,1,0,0,0.994672
0,0,1,1,1,1,0,0,0,1,1,0,0,0,0,1,1,1,0,1,0,0,0,1,0,0,0,1,1,1,0,0,0.008738
0,1,0,0,0,1,0,1,1,0,0,1,1,0,1,1,1,1,0,0,1,0,0,1,0,0,0,1,0,0,0,0,0.008099
1,0,0,0,1,0,0,1,1,1,1,1,1,0,1,1,0,0,1,0,0,0,1,0,1,1,1,1,1,0,0,1,0.992967
0,0,0,0,0,0,0,0,1,1,1,1,1,1,0,1,0,0,1,1,1,0,1,0,0,1,1,1,1,0,0,1,0.991501
0,0,0,1,1,0,0,0,0,0,0,1,1,0,0,1,0,0,0,1,1,1,0,0,0,0,1,0,0,0,1,0,0.005088
1,0,1,0,1,1,0,0,0,0,0,0,0,0,0,1,0,1,1,0,0,0,1,0,1,0,1,0,1,1,0,0,0.991848
1,1,1,1,1,1,1,0,0,0,0,0,1,0,0,0,1,1,0,0,0,1,1,1,1,1,0,0,1,0,1,0,0.993952
0,1,0,1,0,1,1,0,0,1,1,0,0,1,1,1,0,0,1,1,0,0,1,0,1,0,1,0,1,1,0,0,0.010283
0,0,0,1,1,1,1,0,0,1,0,1,0,0,0,1,1,0,0,0,1,1,1,1,0,1,0,1,1,1,0,1,0.994272
1,1,0,1,0,1,1,1,1,0,1,1,1,1,1,1,0,0,0,0,1,1,0,0,0,1,0,0,0,0,0,1,0.993553
0,1,1,1,1,0,0,0,0,0,0,0,1,0,1,1,0,0,1,0,1,0,0,0,0,1,1,1,0,1,0,0,0.008605
0,1,1,1,0,0,1,1,1,0,0,1,0,0,1,1,1,0,0,0,0,1,1,1,0,1,1,1,0,1,0,1,0.996936
1,0,0,0,0,0,0,1,1,0,1,1,0,0,1,0,0,1,0,1,1,0,0,0,0,0,0,1,1,1,1,1,0.992327
1,0,0,1,0,0,0,1,0,0,0,0,1,1,0,0,1,1,0,1,1,1,1,1,1,1,0,1,0,0,0,1,0.993366
0,1,0,0,1,1,0,1,0,0,0,1,1,1,1,0,0,1,0,0,1,0,1,1,1,0,1,1,0,0,1,1,0.994246
0,0,0,0,0,1,0,1,0,0,0,0,1,1,1,0,1,1,1,1,1,1,0,0,0,0,1,1,0,1,1,1,0.994592
1,0,0,1,0,1,1,0,1,0,0,1,1,0,0,0,1,0,1,0,1,0,0,1,0,0,1,1,0,0,1,0,0.992620
1,1,0,0,1,0,1,1,0,0,1,0,0,1,1,1,0,0,1,0,1,1,0,1,0,1,1,1,0,0,0,0,0.992887
0,1,1,1,0,0,0,0,1,0,0,0,1,0,0,1,1,1,1,1,0,0,0,0,0,1,1,1,1,0,1,1,0.992993
0,0,0,0,0,0,0,1,0,0,1,1,1,1,1,0,0,0,0,1,0,1,1,1,1,0,1,1,0,1,0,1,0.992274
1,1,1,1,0,1,1,1,1,0,0,1,0,0,0,0,0,0,0,0,1,1,1,1,0,0,1,1,1,1,0,0,0.993873
1,0,0,0,0,1,1,0,1,1,1,1,1,1,1,1,0,1,1,0,0,1,1,1,0,1,1,1,0,0,0,1,0.996217
1,1,0,1,1,1,0,0,1,0,1,1,1,1,0,1,0,0,1,1,1,0,1,0,1,1,1,0,1,0,0,1,0.994272
1,1,1,0,0,1,0,0,1,1,1,1,1,1,0,0,0,1,0,1,1,1,1,0,0,1,1,1,0,1,1,1,0.995604
1,1,0,0,1,1,1,0,0,0,0,0,0,1,1,1,0,0,1,0,0,1,0,1,0,0,0,1,1,0,1,0,0.991768
1,0,1,1,1,0,1,1,1,1,0,0,0,0,1,1,1,1,1,1,0,1,1,0,0,1,1,0,0,1,1,1,0.997602
1,1,1,0,1,0,0,1,1,0,1,0,1,0,1,0,0,0,0,0,0,0,0,1,1,0,0,1,1,0,1,1,0.993793
1,0,1,1,0,1,0,1,0,1,1,0,0,1,0,0,1,1,1,1,0,0,1,1,0,1,1,0,1,1,0,0,0.994192
1,0,0,1,1,1,1,1,0,0,0,0,1,1,1,0,0,0,1,1,0,0,0,0,1,0,1,0,1,0,0,0,0.993793
0,1,1,1,1,1,1,0,1,1,1,0,0,1,1,0,1,0,0,0,0,1,1,1,1,1,1,1,0,1,0,0,0.011296
1,1,1,1,0,0,0,0,0,0,0,0,1,0,0,1,1,1,0,0,1,1,0,1,1,1,0,1,1,0,0,0,0.994219
1,0,1,0,1,1,1,1,1,1,1,0,1,1,1,1,0,0,1,0,0,1,0,0,0,0,0,0,1,1,1,1,0.994299
0,0,1,0,0,0,0,1,0,1,1,0,1,0,0,1,0,0,0,1,0,1,1,0,0,1,0,0,0,1,1,0,0.005382
0,0,0,0,0,0,0,0,0,1,0,0,1,1,0,0,0,1,1,1,1,0,0,1,0,1,0,0,0,0,0,0,0.003863
1,0,0,1,0,1,0,1,0,0,0,0,0,1,1,1,0,0,1,1,1,0,1,0,0,1,1,0,1,1,1,0,0.994645
1,1,0,0,0,1,1,1,0,1,0,0,1,0,0,0,0,0,0,1,1,0,1,0,0,1,1,0,0,0,1,0,0.992407
1,1,1,0,1,0,0,1,0,1,1,1,1,0,1,0,0,0,0,0,0,1,0,1,1,0,1,0,1,0,1,0,0.993313
0,1,1,1,0,0,0,1,0,1,0,1,1,1,1,0,0,0,0,0,1,0,1,1,1,1,0,1,0,1,1,0,0.009964
1,1,1,0,1,0,1,1,0,0,1,1,1,1,1,0,1,1,1,0,1,0,1,1,0,0,0,0,0,0,0,0,0.993979
0,1,0,0,0,0,0,0,1,0,1,0,0,1,1,1,0,0,1,1,1,0,1,1,0,0,0,0,1,0,1,0,0.007486
0,0,1,1,1,0,1,1,1,1,0,0,1,1,0,0,1,0,1,1,0,1,0,1,1,0,1,0,1,0,0,1,0.993952
1,0,1,0,0,1,0,1,1,1,1,1,0,1,1,0,0,1,1,1,1,1,0,1,0,1,1,1,0,0,0,0,0.993340
0,1,1,0,1,1,0,0,0,1,1,1,0,1,1,1,0,0,0,1,0,1,1,1,1,0,1,0,0,1,1,0,0.011163
0,1,1,1,0,1,0,1,1,1,1,1,0,0,0,0,1,0,1,1,0,1,1,1,1,1,0,1,1,0,1,0,0.011029
0,1,0,0,1,1,1,1,0,1,1,0,1,0,0,1,1,1,0,0,1,1,1,1,1,0,0,1,0,0,0,0,0.010310
0,0,1,1,0,1,1,1,1,0,0,1,0,0,1,0,0,1,1,1,1,0,1,1,1,1,0,1,0,1,1,1,0.997363
0,1,0,0,0,1,1,0,0,1,0,0,1,0,0,1,1,1,0,0,1,0,0,1,1,0,1,1,0,1,1,1,0.993873
1,0,1,1,1,1,1,0,0,1,1,0,0,1,0,1,0,1,1,0,0,0,0,1,1,1,1,0,0,0,0,0,0.993313
0,0,1,1,0,1,0,1,1,0,1,1,1,1,1,0,0,0,1,0,0,0,1,1,1,0,1,1,0,1,1,0,0.011322
0,0,0,0,1,0,1,0,1,1,1,1,0,0,0,0,1,1,1,0,0,0,1,1,0,0,0,0,1,0,0,1,0.992434
1,0,0,0,0,1,1,1,0,0,1,0,0,1,0,1,0,1,1,1,0,0,1,0,1,1,1,1,1,1,1,0,0.994832
0,1,0,1,0,0,1,1,0,0,1,1,0,1,1,0,1,0,1,0,1,1,1,0,1,1,0,0,0,1,1,1,0.994858
0,1,1,0,1,0,0,0,0,0,1,0,0,1,1,0,1,0,1,1,0,0,0,0,1,1,1,0,1,0,0,1,0.991901
1,0,1,1,0,1,0,0,0,0,0,1,1,0,1,1,1,0,0,1,1,1,1,1,1,1,0,0,0,1,1,0,0.993500
0,0,1,0,0,0,0,0,1,1,1,0,0,1,0,0,0,0,0,0,1,1,0,0,1,0,0,1,0,1,1,1,0.991342
1,0,1,1,0,0,0,1,0,0,1,1,1,1,0,0,0,0,0,0,0,0,0,0,0,0,1,1,0,0,1,1,0.990889
1,0,0,0,0,0,1,1,1,0,1,1,1,0,1,0,0,0,1,1,0,0,0,0,1,0,0,0,1,1,1,1,0.992221
1,0,0,0,0,0,1,0,0,1,0,0,0,0,0,0,1,0,0,0,0,1,0,0,1,1,0,1,0,0,1,0,0.991315
0,1,0,0,1,0,1,1,0,1,1,1,0,0,0,0,1,0,0,0,0,0,0,0,1,1,1,1,1,0,0,1,0.991795
0,0,0,1,0,0,1,0,0,0,0,0,0,1,0,0,1,0,0,1,1,0,1,1,0,0,0,0,0,0,0,0,0.004369
1,0,1,0,1,0,1,1,1,0,0,0,0,1,0,0,1,0,1,0,1,1,0,0,1,0,0,0,0,1,0,1,0.992860
1,0,0,1,0,1,1,0,1,0,0,1,0,1,0,1,1,0,0,0,1,0,1,1,1,1,0,1,1,0,1,0,0.994299
1,1,0,1,1,0,1,0,1,1,0,1,1,1,1,0,1,0,1,1,1,1,0,0,0,0,0,1,1,1,1,1,0.995311
