0,1,0,0,0,1,1,0,0,1,0,0,1,1,0,0,1,0,1,0,0,0,1,1,0,1,1,1,1,1,0,0,0.590393
0,1,0,0,1,0,1,0,1,1,1,1,1,0,1,0,1,1,0,0,1,1,1,1,0,1,1,1,0,0,0,1,0.589594
0,1,1,0,0,0,0,1,1,1,1,0,0,1,1,0,1,0,1,0,1,1,1,0,0,1,1,1,0,0,1,1,0.596254
1,0,1,0,0,0,1,0,0,1,1,1,1,1,1,0,1,1,0,0,1,1,0,0,0,0,1,1,1,0,0,0,0.602328
0,1,0,0,0,0,1,1,1,0,0,1,1,0,1,1,0,0,1,0,0,1,1,1,1,1,1,1,1,0,1,1,0.579577
0,0,0,0,0,1,1,1,0,0,1,1,0,0,0,1,1,0,0,0,0,1,1,1,1,0,1,1,1,1,0,1,0.554534
1,1,0,0,0,0,1,0,1,1,0,0,0,1,1,0,1,0,0,0,1,1,0,0,0,1,1,0,1,0,0,1,0.610214
0,1,0,0,0,0,0,1,0,1,1,1,0,1,1,0,0,0,1,0,1,1,0,1,1,0,1,1,0,0,1,0,0.601742
1,0,1,0,0,1,0,1,1,0,1,1,0,1,0,0,0,0,1,1,1,0,0,1,1,0,1,1,0,0,0,0,0.594523
1,1,0,0,1,0,1,0,1,1,0,1,0,0,1,0,1,0,1,1,0,0,1,0,0,0,0,0,1,1,1,1,0.594656
0,0,1,0,0,0,1,0,1,1,0,0,1,0,1,1,1,1,1,0,1,1,1,1,1,1,0,1,1,0,0,0,0.596734
0,0,0,0,1,0,0,1,1,1,1,0,0,0,1,1,0,0,1,1,0,1,0,1,0,0,1,0,1,0,0,1,0.568761
1,0,1,1,0,0,1,0,0,1,0,1,0,0,1,1,1,0,0,1,1,0,1,1,0,1,0,1,1,0,1,0,0.600943
1,0,0,1,0,1,0,1,0,1,0,1,1,0,1,1,0,0,1,1,0,0,0,0,0,0,0,0,1,1,0,1,0.604886
1,1,1,0,1,0,0,0,1,0,1,0,0,0,0,1,1,1,1,1,1,0,0,1,1,0,0,0,1,0,0,1,0.602542
0,0,0,0,0,1,1,1,1,1,0,1,0,1,1,0,0,0,0,1,1,1,0,0,0,1,0,0,1,1,1,1,0.582587
1,0,1,1,1,0,0,0,0,0,0,0,0,1,1,1,1,1,0,1,0,0,0,0,0,1,0,1,1,1,1,1,0.590020
0,1,1,1,1,1,1,0,1,0,0,0,0,1,1,0,1,0,1,1,0,1,0,0,0,1,1,1,0,1,0,1,0.594416
1,0,0,1,0,1,1,0,0,1,1,0,1,0,0,1,1,0,0,0,0,0,1,0,1,1,0,0,1,0,0,0,0.596387
0,1,0,0,1,0,0,1,1,1,0,0,0,0,1,1,0,0,1,1,0,0,0,0,1,0,1,0,1,0,1,1,0.585198
1,0,0,1,0,1,0,0,1,1,1,1,0,0,1,1,0,0,1,1,0,0,1,1,0,0,0,0,0,1,0,0,0.594523
0,1,0,1,1,0,1,0,1,0,1,0,1,1,1,0,0,1,1,1,1,1,0,1,1,0,1,1,1,1,1,0,0.588555
0,1,1,0,1,0,1,0,1,0,0,1,0,0,1,1,0,1,0,1,0,0,0,1,0,0,0,1,0,0,0,1,0.594283
1,1,1,0,1,1,1,1,0,1,1,0,1,1,1,1,0,0,1,0,1,1,1,1,1,0,0,1,1,0,1,0,0.563486
1,0,1,0,1,1,0,1,0,0,1,1,0,0,1,0,1,1,1,1,1,0,1,1,1,0,1,1,0,1,1,1,0.593137
1,1,1,1,0,1,0,0,1,1,1,1,0,0,1,0,0,0,1,1,1,0,0,1,0,0,1,0,1,0,1,1,0.598572
0,0,1,0,0,0,1,0,1,1,1,0,1,1,0,1,0,0,0,1,0,1,1,0,0,1,1,0,1,1,0,1,0.587409
0,1,1,1,1,0,1,0,0,0,0,1,1,1,0,1,0,0,1,0,1,1,1,1,0,0,1,0,1,0,1,1,0.561834
0,0,0,0,0,0,1,1,1,1,0,1,1,1,1,0,0,0,0,0,1,1,0,0,1,1,0,0,0,1,0,0,0.592977
1,1,1,0,0,0,1,0,1,0,0,1,0,1,1,0,0,1,1,0,0,1,0,1,0,0,1,0,1,1,0,0,0.595695
1,1,0,1,1,1,0,1,0,0,0,0,1,1,0,0,0,1,0,0,0,1,0,1,1,1,1,1,0,0,0,1,0.614796
0,1,1,1,1,0,1,1,1,0,1,0,1,0,0,1,1,0,0,1,0,1,0,0,0,0,0,0,1,1,0,0,0.591885
0,1,0,0,1,0,0,1,1,1,1,0,1,0,0,1,0,1,1,1,0,1,0,1,1,1,1,0,0,0,1,1,0.590207
0,1,0,1,1,1,1,0,1,1,0,0,0,0,1,1,0,1,0,1,0,1,0,0,0,0,1,0,1,0,0,0,0.602089
0,0,1,0,0,1,1,0,1,0,0,1,1,0,0,1,0,0,0,1,0,0,0,0,1,0,1,1,0,0,1,1,0.591805
0,0,0,0,1,1,0,0,0,0,0,0,0,1,1,0,0,1,0,1,1,0,0,0,1,1,0,0,0,0,0,0,0.533674
1,0,0,1,1,1,0,1,0,1,0,1,1,1,1,0,1,1,0,1,1,1,0,0,0,1,1,0,1,0,0,1,0.606857
0,1,1,0,1,0,1,0,1,0,0,0,1,0,0,0,0,0,1,0,0,0,0,0,1,1,1,0,1,1,1,1,0.609228
1,0,1,0,1,0,1,1,1,0,1,0,1,1,0,1,1,1,1,1,0,0,0,1,1,0,0,0,1,1,0,0,0.588528
0,1,0,1,1,1,1,0,0,1,0,0,0,0,1,0,1,1,1,0,1,1,1,0,0,1,1,0,1,1,1,0,0.599425
0,1,0,0,1,0,0,0,0,0,0,0,0,0,1,0,0,0,1,1,1,0,1,1,1,1,1,0,0,0,0,0,0.575101
1,1,0,1,1,1,1,1,0,1,1,1,1,1,1,1,0,0,0,0,0,0,1,0,1,1,0,0,0,0,0,0,0.588928
1,0,0,0,0,1,1,0,1,1,1,1,1,0,0,0,0,0,0,0,1,1,0,0,1,1,1,1,0,1,1,0,0.595668
0,1,1,0,0,0,1,1,0,0,1,0,0,0,1,1,1,0,1,1,1,1,0,0,0,0,0,0,1,0,0,0,0.595242
1,0,1,0,0,1,0,0,1,1,1,1,0,1,0,0,0,1,0,1,0,0,0,1,1,0,0,0,1,1,1,1,0.596867
1,0,0,1,0,1,0,0,1,0,1,0,1,0,1,0,0,1,0,0,0,1,1,1,0,0,0,0,0,0,0,0,0.587916
1,0,1,0,0,1,1,1,0,0,1,1,0,1,1,1,1,0,0,0,0,1,0,1,1,1,0,0,0,1,1,1,0.572464
0,0,0,0,1,1,0,0,1,0,0,1,1,1,0,0,0,1,1,1,0,0,0,0,0,1,0,0,1,0,1,0,0.583813
1,1,1,0,1,1,0,1,0,1,1,1,0,0,1,1,0,1,1,1,0,0,0,1,1,1,0,0,0,0,0,0,0.598279
1,1,0,1,1,1,1,0,1,1,1,1,0,0,1,0,0,0,1,1,0,1,0,0,0,1,1,1,0,0,1,0,0.594975
1,1,1,0,1,1,1,0,0,0,0,1,0,0,1,0,1,1,0,0,0,0,0,0,0,0,0,1,0,1,1,0,0.586290
0,1,0,1,1,1,1,1,0,0,1,1,0,0,1,1,1,0,1,1,0,1,1,1,1,1,1,1,1,0,0,0,0.600837
1,0,1,0,0,0,1,0,1,0,0,1,1,1,0,1,1,0,0,1,0,0,0,1,0,1,0,1,1,0,0,0,0.596947
0,0,0,0,1,0,0,0,1,1,0,1,1,0,0,0,0,1,0,1,1,0,1,1,0,1,0,1,1,1,1,1,0.582294
1,0,0,0,0,1,1,0,1,1,0,0,0,1,0,1,1,0,0,1,1,1,1,0,0,1,1,1,0,0,0,0,0.603447
0,0,0,0,0,1,0,1,0,0,0,1,0,0,1,1,0,0,0,0,0,1,1,1,0,1,0,1,1,1,0,1,0.553602
1,0,0,1,1,1,0,1,0,1,1,0,0,1,0,0,0,0,1,0,1,0,1,0,0,1,0,0,0,1,0,0,0.596121
1,0,0,1,1,0,1,0,0,1,1,0,1,0,1,0,0,0,0,1,1,1,0,1,1,0,0,0,0,1,1,0,0.588901
0,0,0,0,0,1,0,0,0,1,1,0,0,0,1,1,0,1,1,1,1,0,0,1,0,1,0,1,0,0,0,0,0.551737
0,1,1,0,0,1,0,1,1,0,1,1,1,0,1,1,1,1,0,1,0,1,1,0,0,1,0,0,1,1,0,0,0.592951
1,0,0,1,1,1,1,1,0,0,0,0,1,0,1,0,1,1,1,1,1,0,1,0,0,1,0,0,1,1,1,0,0.607071
1,1,0,0,1,0,0,0,1,0,0,1,1,1,0,0,0,1,0,1,1,0,0,1,1,0,1,1,0,1,1,1,0.593510
1,0,1,0,1,0,1,1,0,1,0,0,0,1,1,1,0,0,0,1,1,0,0,0,0,1,1,1,1,1,1,0,0.589780
0,1,1,1,1,0,0,0,0,0,1,0,0,0,0,1,0,1,1,0,1,1,0,1,1,0,0,1,1,1,1,0,0.588395
1,1,0,1,0,0,1,1,1,1,0,1,1,0,0,0,1,1,1,0,1,0,1,1,0,1,0,0,0,1,1,1,0.592604
1,1,0,0,1,1,1,0,1,1,0,1,1,1,0,0,0,1,0,1,0,1,0,1,0,1,0,0,1,1,0,0,0.658914
0,1,0,1,1,1,0,1,0,0,0,0,1,0,1,0,1,0,1,0,0,0,1,0,0,0,1,1,1,1,1,0,0.590233
1,0,1,0,0,0,1,1,1,1,0,0,0,1,0,0,1,0,1,0,0,1,1,1,0,0,0,0,0,1,1,0,0.587250
1,0,1,1,1,0,1,0,0,1,1,1,1,1,1,0,0,1,0,1,1,0,1,0,0,0,0,1,0,0,1,1,0.596654
0,1,1,1,1,0,0,0,1,0,0,1,0,1,1,0,1,0,0,0,1,0,0,1,1,1,0,0,0,0,1,1,0.594469
1,0,0,1,1,0,1,1,1,1,0,1,0,1,0,0,1,0,1,1,0,1,1,1,1,0,1,0,0,0,1,0,0.598439
0,1,0,1,0,1,1,0,1,0,1,1,0,0,1,0,1,1,1,1,0,1,0,1,1,1,1,1,0,0,1,1,0.598092
1,0,0,0,0,0,0,1,0,1,1,1,0,1,0,1,0,0,0,0,0,1,1,0,0,0,1,1,0,1,1,0,0.593484
0,1,0,0,1,0,1,1,0,0,1,0,1,1,1,1,1,0,0,0,1,0,0,0,1,0,0,1,0,1,0,0,0.558770
0,0,0,0,1,0,0,1,0,1,0,0,0,0,0,1,0,0,0,1,1,0,1,0,0,0,1,0,1,0,1,0,0.527574
1,0,1,0,1,0,0,0,0,0,1,0,1,1,0,1,0,0,0,1,0,0,0,1,0,0,0,0,0,0,0,0,0.574622
1,0,0,0,1,0,0,0,1,0,1,0,0,1,0,1,0,0,1,0,1,1,0,1,1,0,1,0,0,1,0,1,0.598918
1,0,1,0,0,0,1,0,0,0,0,1,1,1,0,1,1,0,0,0,1,0,1,1,1,1,1,1,1,1,1,0,0.590260
1,0,0,0,1,0,1,0,1,1,1,1,1,1,1,1,0,1,1,0,0,0,1,0,1,0,1,0,1,0,0,1,0.597933
0,0,1,1,0,1,1,0,0,1,1,1,0,0,1,0,1,0,1,1,0,1,0,0,1,1,1,1,1,0,0,0,0.595801
1,1,0,1,1,1,1,0,1,0,0,1,0,0,1,1,0,0,0,1,1,0,0,0,1,0,0,1,0,0,1,1,0.589807
1,0,1,1,0,1,0,0,0,0,1,1,1,0,1,1,0,0,0,1,1,0,0,1,1,1,0,1,1,0,0,0,0.589487
0,0,0,0,1,1,1,1,0,1,0,1,0,1,0,1,1,1,0,1,1,1,0,1,1,1,1,0,0,1,0,0,0.619912
1,1,1,0,1,1,0,0,1,1,0,0,0,1,1,0,1,1,0,0,1,1,1,1,0,0,1,0,0,1,0,1,0.603101
0,1,0,0,0,1,1,1,0,0,0,0,0,0,1,1,0,1,1,1,0,1,1,1,1,0,0,1,0,0,0,1,0.576806
0,0,0,0,1,0,0,0,0,0,1,0,0,1,0,1,0,0,1,1,1,0,0,1,1,1,0,1,1,0,0,0,0.560236
0,0,1,1,0,0,0,1,1,0,1,1,0,1,0,0,0,0,1,1,0,1,1,1,0,0,1,0,1,0,1,0,0.615702
0,0,1,1,1,0,0,0,1,0,1,0,1,0,0,0,0,1,0,0,0,0,0,1,1,0,0,0,1,1,0,0,0.592551
0,0,1,1,0,0,0,1,0,1,1,1,0,0,1,0,1,0,1,0,1,1,1,0,0,1,0,1,0,1,0,1,0.596467
1,1,0,0,0,0,0,0,1,1,0,0,1,1,1,1,1,1,0,1,0,0,0,1,0,0,1,0,0,0,0,1,0.595642
0,1,0,1,1,0,1,0,1,0,0,0,0,1,0,0,1,1,1,0,0,1,0,1,1,0,0,1,0,0,1,1,0.602515
1,1,0,1,0,1,1,0,1,0,0,1,1,0,1,0,1,0,1,1,0,1,0,1,0,1,0,1,0,1,0,0,0.597000
0,1,0,1,0,1,1,0,0,0,1,1,0,1,0,0,1,0,0,1,0,1,0,1,0,1,0,0,1,1,0,1,0.610294
0,0,0,1,0,1,1,0,0,1,0,1,1,1,0,1,0,0,0,1,0,0,1,1,1,1,1,1,1,1,1,0,0.591725
0,0,1,1,0,0,0,1,0,0,1,1,1,0,1,1,1,1,0,1,1,1,1,0,0,1,1,0,0,0,1,0,0.599318
0,1,1,0,1,0,0,0,1,0,0,1,1,0,1,0,1,1,0,1,0,0,0,1,1,1,1,1,1,0,0,1,0.594949
1,1,0,1,0,1,0,1,1,1,1,1,1,0,0,1,1,0,0,1,0,0,0,1,1,0,0,0,0,1,1,1,0.585784
1,1,0,0,0,1,1,1,0,1,0,0,1,0,1,1,0,0,0,1,1,0,1,0,0,1,1,0,1,0,1,0,0.583200
1,1,1,1,1,1,0,0,0,0,1,0,0,0,1,0,0,1,0,0,0,1,0,0,0,1,0,0,0,0,0,1,0.597586
1,0,1,0,1,0,1,0,0,0,0,1,0,0,0,1,1,0,1,1,1,0,0,1,0,0,0,0,1,0,1,1,0.592844
0,1,1,0,0,0,1,0,0,0,1,0,1,1,0,0,1,0,0,0,0,0,0,0,0,0,1,0,1,0,0,0,0.591565
1,1,1,0,0,0,0,0,0,0,1,1,0,1,0,1,1,1,1,1,0,1,1,0,1,1,0,1,0,1,1,0,0.594869
0,1,1,1,0,1,0,1,0,1,0,1,0,1,0,1,1,1,1,1,0,1,0,0,1,0,0,0,0,0,1,0,0.619645
1,1,0,1,0,0,0,1,1,1,0,0,1,1,1,0,1,0,1,0,0,0,0,1,0,1,0,0,1,0,1,1,0.594469
1,0,0,1,0,1,1,0,0,1,1,1,1,0,0,0,1,0,1,1,1,0,1,1,0,0,0,1,1,0,0,1,0.592205
1,0,1,0,0,0,1,0,1,0,1,1,1,0,0,1,0,1,0,1,1,0,0,0,1,1,0,0,1,1,0,1,0.592578
1,1,1,1,0,0,0,1,0,0,1,0,0,0,1,0,1,1,0,1,1,0,1,1,1,0,1,1,0,0,0,0,0.589381
0,1,1,0,0,1,1,0,0,1,1,1,0,0,0,0,0,0,1,1,1,0,1,1,1,1,1,1,0,1,0,1,0.596787
1,1,1,0,1,1,1,1,0,1,1,0,1,0,0,1,0,1,1,0,0,0,0,1,1,0,1,0,1,0,1,1,0.580936
0,1,0,1,1,1,0,1,1,0,0,0,0,1,0,1,0,1,1,0,1,1,1,0,1,0,0,0,1,0,1,0,0.566336
0,1,0,0,1,1,1,0,1,0,1,1,0,1,1,0,0,1,0,0,0,0,0,1,1,0,1,1,1,0,0,0,0.589967
1,0,0,0,1,0,0,0,1,0,0,1,1,0,1,0,1,1,1,0,0,0,1,1,0,1,0,1,1,1,1,1,0.593803
0,1,0,0,0,1,0,0,0,1,0,0,1,1,0,0,0,0,0,0,1,0,0,0,1,1,0,1,1,1,1,1,0.617887
1,1,1,1,1,1,0,1,0,1,0,0,0,0,0,1,1,1,1,1,0,0,0,0,1,1,1,1,0,0,0,1,0.612319
1,1,1,0,1,0,0,1,1,1,1,1,1,0,0,1,0,1,1,0,0,0,0,1,0,1,1,1,1,1,0,0,0.585092
0,1,0,1,0,0,1,0,0,0,0,0,1,1,1,0,0,1,0,1,0,1,1,1,1,0,0,1,0,0,1,0,0.600730
1,0,0,1,0,0,0,0,0,1,1,0,1,1,1,0,0,1,1,0,1,0,0,0,0,1,0,1,0,0,1,1,0.595375
0,0,0,0,1,0,0,1,1,1,1,1,1,0,0,0,0,0,0,1,1,0,0,1,0,0,1,0,0,1,0,0,0.567988
0,0,1,0,1,1,0,0,1,0,0,1,0,1,0,0,0,1,1,0,0,1,0,1,0,1,0,1,0,1,0,0,0.571158
0,0,1,0,0,1,0,0,0,1,1,0,0,1,0,1,1,1,0,1,1,1,0,1,1,1,1,1,1,0,1,1,0.581175
1,0,0,0,0,0,1,1,0,0,0,1,1,1,0,1,0,1,0,0,0,0,0,0,1,0,1,0,1,1,0,1,0.590153
0,0,1,0,0,1,1,0,1,0,0,0,0,1,0,0,1,0,1,1,0,0,0,1,0,1,0,1,1,1,0,1,0.586344
1,1,0,1,0,1,0,0,0,0,0,0,0,1,0,1,0,0,1,1,1,1,0,1,0,1,0,1,1,0,0,0,0.584053
1,1,1,0,0,1,1,0,1,1,1,1,1,0,1,1,1,0,0,0,0,1,1,1,0,0,0,1,1,0,0,1,0.590819
1,1,1,1,0,1,0,1,1,0,0,1,0,0,0,0,1,0,0,1,0,0,1,0,0,1,0,1,1,0,1,1,0.598039
0,1,1,1,1,1,1,1,1,1,1,0,0,0,0,0,0,1,1,0,0,1,0,1,1,0,1,1,0,1,0,0,0.597080
0,1,0,0,0,1,0,0,1,0,0,1,0,0,1,1,0,0,0,1,1,1,0,0,0,0,0,1,0,0,0,1,0.598918
0,1,0,1,0,1,1,0,0,1,1,0,0,1,0,0,0,0,0,1,1,0,0,0,0,0,0,0,1,1,1,0,0.597773
