1,1,1,0,1,1,0,1,0,1,1,1,0,0,1,1,0,1,1,1,0,0,0,1,1,1,0,0,0,0,0,0,0.606937
0,0,0,0,1,0,0,0,0,0,1,0,0,1,0,1,0,0,1,1,1,0,0,1,1,1,0,1,1,0,0,0,0.555440
1,1,1,0,0,1,1,0,1,1,1,1,1,0,1,1,1,0,0,0,0,1,1,1,0,0,0,1,1,0,0,1,0.593510
1,0,0,1,0,1,1,0,0,1,1,0,1,0,0,1,1,0,0,0,0,0,1,0,1,1,0,0,1,0,0,0,0.597666
1,0,0,1,1,1,1,1,0,0,0,0,1,0,1,0,1,1,1,1,1,0,1,0,0,1,0,0,1,1,1,0,0.606165
1,1,0,0,0,0,1,0,1,1,0,0,0,1,1,0,1,0,0,0,1,1,0,0,0,1,1,0,1,0,0,1,0.608589
1,0,0,1,0,0,0,0,0,1,1,0,1,1,1,0,0,1,1,0,1,0,0,0,0,1,0,1,0,0,1,1,0.595721
0,0,1,0,0,1,1,0,1,0,0,1,1,0,0,1,0,0,0,1,0,0,0,0,1,0,1,1,0,0,1,1,0.591779
1,1,1,0,1,0,0,0,1,0,1,0,0,0,0,1,1,1,1,1,1,0,0,1,1,0,0,0,1,0,0,1,0.607417
0,1,1,0,0,0,0,1,1,1,1,0,0,1,1,0,1,0,1,0,1,1,1,0,0,1,1,1,0,0,1,1,0.598013
1,1,1,1,0,1,0,0,1,1,1,1,0,0,1,0,0,0,1,1,1,0,0,1,0,0,1,0,1,0,1,1,0.597267
1,0,1,0,0,0,1,1,1,1,0,0,0,1,0,0,1,0,1,0,0,1,1,1,0,0,0,0,0,1,1,0,0.587569
0,1,1,0,1,0,0,0,1,0,0,1,1,0,1,0,1,1,0,1,0,0,0,1,1,1,1,1,1,0,0,1,0.592711
0,0,0,0,1,0,0,1,1,1,1,0,0,0,1,1,0,0,1,1,0,1,0,1,0,0,1,0,1,0,0,1,0.573663
0,0,0,0,1,0,0,0,1,1,0,1,1,0,0,0,0,1,0,1,1,0,1,1,0,1,0,1,1,1,1,1,0.583413
0,0,0,0,1,1,0,0,0,0,0,0,0,1,1,0,0,1,0,1,1,0,0,0,1,1,0,0,0,0,0,0,0.528639
1,0,1,0,0,0,1,0,0,0,0,1,1,1,0,1,1,0,0,0,1,0,1,1,1,1,1,1,1,1,1,0,0.593137
0,1,0,0,1,1,1,0,1,0,1,1,0,1,1,0,0,1,0,0,0,0,0,1,1,0,1,1,1,0,0,0,0.592072
1,1,0,1,1,1,1,0,1,0,0,1,0,0,1,1,0,0,0,1,1,0,0,0,1,0,0,1,0,0,1,1,0.588502
1,1,0,1,0,1,1,0,1,0,0,1,1,0,1,0,1,0,1,1,0,1,0,1,0,1,0,1,0,1,0,0,0.597986
0,0,1,1,0,0,0,1,1,0,1,1,0,1,0,0,0,0,1,1,0,1,1,1,0,0,1,0,1,0,1,0,0.618473
0,0,0,0,0,0,1,1,1,1,0,1,1,1,1,0,0,0,0,0,1,1,0,0,1,1,0,0,0,1,0,0,0.594176
1,1,1,0,1,1,1,1,0,1,1,0,1,0,0,1,0,1,1,0,0,0,0,1,1,0,1,0,1,0,1,1,0.578218
1,1,1,0,1,1,1,0,0,0,0,1,0,0,1,0,1,1,0,0,0,0,0,0,0,0,0,1,0,1,1,0,0.591486
1,1,0,0,0,1,1,1,0,1,0,0,1,0,1,1,0,0,0,1,1,0,1,0,0,1,1,0,1,0,1,0,0.581309
0,1,0,0,1,0,0,1,1,1,0,0,0,0,1,1,0,0,1,1,0,0,0,0,1,0,1,0,1,0,1,1,0.582561
0,1,0,1,0,1,1,0,0,0,1,1,0,1,0,0,1,0,0,1,0,1,0,1,0,1,0,0,1,1,0,1,0.610241
0,1,1,1,0,1,0,1,0,1,0,1,0,1,0,1,1,1,1,1,0,1,0,0,1,0,0,0,0,0,1,0,0.619592
1,1,0,0,1,0,0,0,1,0,0,1,1,1,0,0,0,1,0,1,1,0,0,1,1,0,1,1,0,1,1,1,0.593990
0,1,0,0,1,0,0,0,0,0,0,0,0,0,1,0,0,0,1,1,1,0,1,1,1,1,1,0,0,0,0,0,0.577685
1,1,0,0,1,1,1,0,1,1,0,1,1,1,0,0,0,1,0,1,0,1,0,1,0,1,0,0,1,1,0,0,0.665255
1,0,1,0,1,0,1,1,0,1,0,0,0,1,1,1,0,0,0,1,1,0,0,0,0,1,1,1,1,1,1,0,0.589141
0,1,1,0,1,0,1,0,1,0,0,1,0,0,1,1,0,1,0,1,0,0,0,1,0,0,0,1,0,0,0,1,0.595668
1,0,1,0,0,0,1,0,1,0,0,1,1,1,0,1,1,0,0,1,0,0,0,1,0,1,0,1,1,0,0,0,0.597720
0,1,1,1,1,1,1,1,1,1,1,0,0,0,0,0,0,1,1,0,0,1,0,1,1,0,1,1,0,1,0,0,0.600837
1,0,1,0,0,0,1,0,0,1,1,1,1,1,1,0,1,1,0,0,1,1,0,0,0,0,1,1,1,0,0,0,0.605499
1,1,1,0,1,1,1,1,0,1,1,0,1,1,1,1,0,0,1,0,1,1,1,1,1,0,0,1,1,0,1,0,0.565031
0,0,0,0,1,1,0,0,1,0,0,1,1,1,0,0,0,1,1,1,0,0,0,0,0,1,0,0,1,0,1,0,0.580563
1,1,1,1,1,1,0,0,0,0,1,0,0,0,1,0,0,1,0,0,0,1,0,0,0,1,0,0,0,0,0,1,0.597879
0,1,0,1,1,1,1,1,0,0,1,1,0,0,1,1,1,0,1,1,0,1,1,1,1,1,1,1,1,0,0,0,0.604646
1,0,1,0,1,0,0,0,0,0,1,0,1,1,0,1,0,0,0,1,0,0,0,1,0,0,0,0,0,0,0,0,0.573396
1,1,0,1,0,1,0,1,1,1,1,1,1,0,0,1,1,0,0,1,0,0,0,1,1,0,0,0,0,1,1,1,0.583680
1,0,0,1,0,1,0,0,1,1,1,1,0,0,1,1,0,0,1,1,0,0,1,1,0,0,0,0,0,1,0,0,0.596201
1,0,0,0,1,0,0,0,1,0,1,0,0,1,0,1,0,0,1,0,1,1,0,1,1,0,1,0,0,1,0,1,0.598705
1,0,1,0,1,0,1,0,0,0,0,1,0,0,0,1,1,0,1,1,1,0,0,1,0,0,0,0,1,0,1,1,0.592631
1,0,1,0,0,1,1,1,0,0,1,1,0,1,1,1,1,0,0,0,0,1,0,1,1,1,0,0,0,1,1,1,0.571052
0,0,0,0,1,0,0,1,0,1,0,0,0,0,0,1,0,0,0,1,1,0,1,0,0,0,1,0,1,0,1,0,0.525682
1,1,0,0,0,0,0,0,1,1,0,0,1,1,1,1,1,1,0,1,0,0,0,1,0,0,1,0,0,0,0,1,0.594523
0,1,1,0,0,0,1,1,0,0,1,0,0,0,1,1,1,0,1,1,1,1,0,0,0,0,0,0,1,0,0,0,0.596068
0,1,1,1,1,0,1,1,1,0,1,0,1,0,0,1,1,0,0,1,0,1,0,0,0,0,0,0,1,1,0,0,0.590553
1,0,0,1,0,1,1,0,0,1,1,1,1,0,0,0,1,0,1,1,1,0,1,1,0,0,0,1,1,0,0,1,0.589754
0,0,0,1,0,1,1,0,0,1,0,1,1,1,0,1,0,0,0,1,0,0,1,1,1,1,1,1,1,1,1,0,0.597933
0,1,1,1,1,0,0,0,0,0,1,0,0,0,0,1,0,1,1,0,1,1,0,1,1,0,0,1,1,1,1,0,0.585545
0,0,0,0,0,1,0,1,0,0,0,1,0,0,1,1,0,0,0,0,0,1,1,1,0,1,0,1,1,1,0,1,0.556026
1,0,1,0,1,0,1,1,1,0,1,0,1,1,0,1,1,1,1,1,0,0,0,1,1,0,0,0,1,1,0,0,0.587409
0,0,1,0,1,1,0,0,1,0,0,1,0,1,0,0,0,1,1,0,0,1,0,1,0,1,0,1,0,1,0,0,0.569906
1,1,0,1,1,1,1,0,1,1,1,1,0,0,1,0,0,0,1,1,0,1,0,0,0,1,1,1,0,0,1,0,0.591645
1,0,0,0,1,0,0,0,1,0,0,1,1,0,1,0,1,1,1,0,0,0,1,1,0,1,0,1,1,1,1,1,0.595295
0,0,0,0,1,1,1,1,0,1,0,1,0,1,0,1,1,1,0,1,1,1,0,1,1,1,1,0,0,1,0,0,0.621457
1,0,0,1,1,0,1,0,0,1,1,0,1,0,1,0,0,0,0,1,1,1,0,1,1,0,0,0,0,1,1,0,0.588395
1,1,0,1,0,0,1,1,1,1,0,1,1,0,0,0,1,1,1,0,1,0,1,1,0,1,0,0,0,1,1,1,0.596201
0,1,0,0,1,0,0,1,1,1,1,0,1,0,0,1,0,1,1,1,0,1,0,1,1,1,1,0,0,0,1,1,0.590580
1,1,0,1,0,1,0,0,0,0,0,0,0,1,0,1,0,0,1,1,1,1,0,1,0,1,0,1,1,0,0,0,0.580403
0,0,1,1,0,0,0,1,0,1,1,1,0,0,1,0,1,0,1,0,1,1,1,0,0,1,0,1,0,1,0,1,0.596654
0,0,1,0,0,0,1,0,1,1,0,0,1,0,1,1,1,1,1,0,1,1,1,1,1,1,0,1,1,0,0,0,0.596201
1,0,1,0,0,1,0,1,1,0,1,1,0,1,0,0,0,0,1,1,1,0,0,1,1,0,1,1,0,0,0,0,0.592738
1,0,0,0,0,0,1,1,0,0,0,1,1,1,0,1,0,1,0,0,0,0,0,0,1,0,1,0,1,1,0,1,0.588448
0,0,1,1,0,1,1,0,0,1,1,1,0,0,1,0,1,0,1,1,0,1,0,0,1,1,1,1,1,0,0,0,0.597107
0,1,0,0,0,0,0,1,0,1,1,1,0,1,1,0,0,0,1,0,1,1,0,1,1,0,1,1,0,0,1,0,0.596414
1,0,1,0,0,1,0,0,1,1,1,1,0,1,0,0,0,1,0,1,0,0,0,1,1,0,0,0,1,1,1,1,0.593164
0,0,0,0,0,1,0,0,0,1,1,0,0,0,1,1,0,1,1,1,1,0,0,1,0,1,0,1,0,0,0,0,0.550538
0,1,0,0,0,1,1,0,0,1,0,0,1,1,0,0,1,0,1,0,0,0,1,1,0,1,1,1,1,1,0,0,0.593617
1,1,0,1,1,1,0,1,0,0,0,0,1,1,0,0,0,1,0,0,0,1,0,1,1,1,1,1,0,0,0,1,0.617727
0,1,0,1,1,0,1,0,1,0,0,0,0,1,0,0,1,1,1,0,0,1,0,1,1,0,0,1,0,0,1,1,0.600117
1,0,1,1,1,0,1,0,0,1,1,1,1,1,1,0,0,1,0,1,1,0,1,0,0,0,0,1,0,0,1,1,0.593537
1,0,0,1,1,1,0,1,0,1,1,0,0,1,0,0,0,0,1,0,1,0,1,0,0,1,0,0,0,1,0,0,0.594736
0,0,0,0,0,1,1,1,0,0,1,1,0,0,0,1,1,0,0,0,0,1,1,1,1,0,1,1,1,1,0,1,0.559809
1,0,1,0,1,1,0,1,0,0,1,1,0,0,1,0,1,1,1,1,1,0,1,1,1,0,1,1,0,1,1,1,0.592285
1,0,0,0,1,0,1,0,1,1,1,1,1,1,1,1,0,1,1,0,0,0,1,0,1,0,1,0,1,0,0,1,0.600197
0,1,0,0,0,1,0,0,1,0,0,1,0,0,1,1,0,0,0,1,1,1,0,0,0,0,0,1,0,0,0,1,0.597400
0,1,0,0,0,0,1,1,1,0,0,1,1,0,1,1,0,0,1,0,0,1,1,1,1,1,1,1,1,0,1,1,0.585172
1,1,1,0,1,1,0,0,1,1,0,0,0,1,1,0,1,1,0,0,1,1,1,1,0,0,1,0,0,1,0,1,0.608935
0,1,0,1,0,1,1,0,0,1,1,0,0,1,0,0,0,0,0,1,1,0,0,0,0,0,0,0,1,1,1,0,0.596840
1,1,0,1,0,0,0,1,1,1,0,0,1,1,1,0,1,0,1,0,0,0,0,1,0,1,0,0,1,0,1,1,0.593084
0,1,0,1,1,1,1,0,1,1,0,0,0,0,1,1,0,1,0,1,0,1,0,0,0,0,1,0,1,0,0,0,0.603101
1,0,0,0,0,1,1,0,1,1,1,1,1,0,0,0,0,0,0,0,1,1,0,0,1,1,1,1,0,1,1,0,0.594975
1,0,0,1,0,1,0,1,0,1,0,1,1,0,1,1,0,0,1,1,0,0,0,0,0,0,0,0,1,1,0,1,0.604380
0,0,1,1,0,0,0,1,0,0,1,1,1,0,1,1,1,1,0,1,1,1,1,0,0,1,1,0,0,0,1,0,0.598119
0,1,1,1,1,0,1,0,0,0,0,1,1,1,0,1,0,0,1,0,1,1,1,1,0,0,1,0,1,0,1,1,0.562260
0,1,0,1,0,1,1,0,1,0,1,1,0,0,1,0,1,1,1,1,0,1,0,1,1,1,1,1,0,0,1,1,0.595615
1,0,0,1,1,0,1,1,1,1,0,1,0,1,0,0,1,0,1,1,0,1,1,1,1,0,1,0,0,0,1,0,0.599371
0,0,0,0,0,1,1,1,1,1,0,1,0,1,1,0,0,0,0,1,1,1,0,0,0,1,0,0,1,1,1,1,0.583760
0,1,0,0,1,0,1,1,0,0,1,0,1,1,1,1,1,0,0,0,1,0,0,0,1,0,0,1,0,1,0,0,0.567535
0,0,1,1,1,0,0,0,1,0,1,0,1,0,0,0,0,1,0,0,0,0,0,1,1,0,0,0,1,1,0,0,0.588555
0,1,0,1,1,0,1,0,1,0,1,0,1,1,1,0,0,1,1,1,1,1,0,1,1,0,1,1,1,1,1,0,0.588342
1,1,1,0,0,0,1,0,1,0,0,1,0,1,1,0,0,1,1,0,0,1,0,1,0,0,1,0,1,1,0,0,0.598759
1,1,1,1,0,1,0,1,1,0,0,1,0,0,0,0,1,0,0,1,0,0,1,0,0,1,0,1,1,0,1,1,0.595961
0,0,0,0,1,0,0,1,1,1,1,1,1,0,0,0,0,0,0,1,1,0,0,1,0,0,1,0,0,1,0,0,0.569960
1,1,0,0,1,0,1,0,1,1,0,1,0,0,1,0,1,0,1,1,0,0,1,0,0,0,0,0,1,1,1,1,0.596014
0,1,1,0,0,0,1,0,0,0,1,0,1,1,0,0,1,0,0,0,0,0,0,0,0,0,1,0,1,0,0,0,0.590580
0,0,1,0,0,1,0,0,0,1,1,0,0,1,0,1,1,1,0,1,1,1,0,1,1,1,1,1,1,0,1,1,0.579284
0,1,0,1,0,0,1,0,0,0,0,0,1,1,1,0,0,1,0,1,0,1,1,1,1,0,0,1,0,0,1,0,0.599798
1,0,0,1,1,1,0,1,0,1,0,1,1,1,1,0,1,1,0,1,1,1,0,0,0,1,1,0,1,0,0,1,0.606298
0,1,1,1,1,1,1,0,1,0,0,0,0,1,1,0,1,0,1,1,0,1,0,0,0,1,1,1,0,1,0,1,0.595348
0,0,1,0,0,0,1,0,1,1,1,0,1,1,0,1,0,0,0,1,0,1,1,0,0,1,1,0,1,1,0,1,0.584585
1,1,1,1,0,0,0,1,0,0,1,0,0,0,1,0,1,1,0,1,1,0,1,1,1,0,1,1,0,0,0,0,0.595721
0,1,1,0,1,0,1,0,1,0,0,0,1,0,0,0,0,0,1,0,0,0,0,0,1,1,1,0,1,1,1,1,0.607310
1,0,0,0,0,1,1,0,1,1,0,0,0,1,0,1,1,0,0,1,1,1,1,0,0,1,1,1,0,0,0,0,0.603900
0,1,1,0,0,1,1,0,0,1,1,1,0,0,0,0,0,0,1,1,1,0,1,1,1,1,1,1,0,1,0,1,0.597693
0,1,0,0,0,1,1,1,0,0,0,0,0,0,1,1,0,1,1,1,0,1,1,1,1,0,0,1,0,0,0,1,0.583546
1,0,1,1,0,0,1,0,0,1,0,1,0,0,1,1,1,0,0,1,1,0,1,1,0,1,0,1,1,0,1,0,0.602009
0,1,0,1,1,1,0,1,0,0,0,0,1,0,1,0,1,0,1,0,0,0,1,0,0,0,1,1,1,1,1,0,0.588129
1,1,1,0,0,0,0,0,0,0,1,1,0,1,0,1,1,1,1,1,0,1,1,0,1,1,0,1,0,1,1,0,0.596094
1,0,1,1,1,0,0,0,0,0,0,0,0,1,1,1,1,1,0,1,0,0,0,0,0,1,0,1,1,1,1,1,0.589248
1,0,0,0,0,0,0,1,0,1,1,1,0,1,0,1,0,0,0,0,0,1,1,0,0,0,1,1,0,1,1,0,0.598119
0,0,1,0,0,1,1,0,1,0,0,0,0,1,0,0,1,0,1,1,0,0,0,1,0,1,0,1,1,1,0,1,0.588528
0,1,1,0,0,1,0,1,1,0,1,1,1,0,1,1,1,1,0,1,0,1,1,0,0,1,0,0,1,1,0,0,0.592684
0,1,0,0,1,0,1,0,1,1,1,1,1,0,1,0,1,1,0,0,1,1,1,1,0,1,1,1,0,0,0,1,0.593057
0,1,0,1,1,1,0,1,1,0,0,0,0,1,0,1,0,1,1,0,1,1,1,0,1,0,0,0,1,0,1,0,0.566203
1,1,1,1,1,1,0,1,0,1,0,0,0,0,0,1,1,1,1,1,0,0,0,0,1,1,1,1,0,0,0,1,0.612985
0,1,0,1,1,1,1,0,0,1,0,0,0,0,1,0,1,1,1,0,1,1,1,0,0,1,1,0,1,1,1,0,0.601023
1,0,1,1,0,1,0,0,0,0,1,1,1,0,1,1,0,0,0,1,1,0,0,1,1,1,0,1,1,0,0,0,0.591246
1,1,1,0,1,0,0,1,1,1,1,1,1,0,0,1,0,1,1,0,0,0,0,1,0,1,1,1,1,1,0,0,0.588955
0,1,0,0,0,1,0,0,0,1,0,0,1,1,0,0,0,0,0,0,1,0,0,0,1,1,0,1,1,1,1,1,0.617114
0,1,1,1,1,0,0,0,1,0,0,1,0,1,1,0,1,0,0,0,1,0,0,1,1,1,0,0,0,0,1,1,0.590606
1,0,1,0,0,0,1,0,1,0,1,1,1,0,0,1,0,1,0,1,1,0,0,0,1,1,0,0,1,1,0,1,0.594603
1,1,0,1,1,1,1,1,0,1,1,1,1,1,1,1,0,0,0,0,0,0,1,0,1,1,0,0,0,0,0,0,0.591246
1,0,0,1,0,1,0,0,1,0,1,0,1,0,1,0,0,1,0,0,0,1,1,1,0,0,0,0,0,0,0,0,0.588821
