0,1,1,0,0,0,1,1,0,1,1,0,1,0,0,0,1,1,0,1,0,1,1,0,0,1,0,1,1,1,1,1,0.563592
0,1,1,0,1,1,0,1,0,1,0,1,0,0,0,1,0,1,1,0,1,1,0,0,1,1,0,0,0,0,1,0,0.650309
0,1,0,0,0,1,0,0,1,1,0,0,1,1,0,0,0,1,0,1,0,1,1,1,1,1,0,1,1,1,1,1,0.605845
0,1,0,0,0,0,0,1,0,0,1,1,0,1,0,0,0,1,0,1,0,0,1,0,0,1,0,1,0,1,0,1,0.755009
1,1,0,1,0,0,1,1,1,1,1,0,0,0,0,1,1,1,0,0,1,1,1,1,0,1,0,0,0,0,0,0,0.625373
1,1,1,0,0,0,0,0,1,1,1,0,0,0,0,0,1,0,1,0,1,0,0,0,0,1,0,0,0,0,1,0,0.720748
0,0,0,0,0,0,1,0,1,0,1,0,0,0,0,0,1,0,0,0,1,0,1,0,1,1,1,1,1,0,1,1,0.675325
0,1,1,0,1,1,1,1,1,0,1,1,1,0,1,1,1,0,1,0,0,0,0,0,1,1,0,0,0,0,1,0,0.641091
1,1,0,0,0,0,1,0,0,1,0,1,1,1,1,0,1,1,0,0,1,0,0,1,1,1,0,0,1,0,1,1,0.561381
1,0,1,0,0,1,1,0,1,0,0,0,0,1,0,1,0,1,0,1,1,1,0,0,1,0,1,0,1,1,1,1,0.538150
1,0,0,0,0,1,1,0,0,1,0,1,0,1,0,0,0,1,1,1,0,0,0,1,1,1,0,0,1,0,0,0,0.619405
1,1,0,1,0,0,0,1,0,0,0,1,1,1,0,1,0,0,0,0,0,0,0,0,1,0,0,0,1,1,0,1,0.611653
1,0,1,0,1,0,1,0,1,0,0,0,0,1,0,1,1,1,1,0,0,0,1,0,0,1,1,0,1,0,1,0,0.711557
1,0,1,1,0,0,0,0,1,0,1,0,1,1,1,0,1,1,1,1,0,0,1,1,0,1,0,1,1,1,1,0,0.599052
0,1,0,1,0,1,0,0,0,0,0,1,0,0,1,1,1,0,1,0,0,0,0,0,0,1,0,0,1,0,1,0,0.729566
1,1,1,0,1,0,0,1,0,1,0,1,0,1,1,0,0,1,0,1,1,1,0,1,1,1,0,0,1,0,0,0,0.573050
1,1,1,1,1,1,0,1,1,1,1,0,1,1,1,1,0,1,1,1,0,0,1,1,0,0,0,1,0,1,1,1,0.289908
1,0,0,0,1,0,0,0,0,1,1,0,1,1,0,1,0,0,0,1,0,1,0,0,1,1,0,1,1,0,0,1,0.675005
1,1,1,0,0,0,0,0,1,1,1,0,1,1,0,1,0,0,1,1,1,1,0,1,0,0,1,1,0,0,1,1,0.499361
1,0,0,0,0,1,1,1,1,1,1,0,1,0,0,1,0,0,0,1,0,1,0,1,0,0,0,1,0,1,0,1,0.671675
1,0,1,1,0,0,1,1,1,1,1,0,1,1,0,0,1,0,0,1,0,1,0,0,0,0,1,0,0,0,1,1,0.628090
1,1,1,0,0,0,0,1,1,1,1,1,0,1,0,1,0,1,1,0,0,1,0,0,1,0,0,0,1,1,1,1,0.607816
1,1,1,1,1,0,0,1,0,0,1,0,0,1,0,0,1,1,1,1,0,1,0,0,0,1,0,0,0,1,0,0,0.840233
1,0,1,1,1,0,0,1,0,1,1,1,1,0,0,0,0,1,1,0,0,0,1,0,0,0,1,1,0,1,0,0,0.626439
0,0,1,1,0,0,0,0,1,0,1,0,0,0,0,1,1,1,1,1,1,0,0,1,0,1,0,1,0,0,1,0,0.684090
1,0,1,0,0,0,0,0,1,1,0,0,0,0,0,1,1,1,0,1,0,0,1,1,1,1,0,1,1,0,1,0,0.645780
1,0,1,0,0,1,0,1,0,0,0,1,1,0,1,0,1,1,1,1,0,1,1,1,1,0,0,0,0,0,1,0,0.635443
0,0,0,1,0,0,1,0,0,0,0,1,1,1,1,1,1,1,0,1,0,1,0,1,0,1,1,1,0,0,1,1,0.754902
0,1,0,1,0,0,0,0,1,1,0,1,1,1,1,1,0,1,1,0,1,1,1,0,0,0,0,0,0,0,0,1,0.576194
1,0,0,1,1,1,1,0,1,0,1,1,0,0,1,1,1,0,0,0,1,1,1,1,0,1,1,1,1,0,1,1,0.592631
0,0,0,1,0,0,1,1,1,0,0,1,0,0,0,0,0,1,0,1,0,0,1,1,0,0,1,1,1,0,1,0,0.735214
1,1,0,1,1,1,1,1,0,0,1,1,0,0,1,0,1,0,0,0,0,1,0,1,1,1,1,0,1,1,0,1,0.642184
0,0,0,0,1,0,1,1,1,0,0,0,1,1,1,1,1,1,0,1,0,1,1,0,1,0,1,1,0,1,0,0,0.691496
0,0,0,1,1,0,1,0,0,0,0,1,0,1,1,1,0,1,1,1,1,0,1,1,1,1,0,1,0,1,1,1,0.843803
0,1,1,0,1,0,1,0,1,1,0,0,0,1,0,1,0,1,0,1,0,0,0,1,1,0,1,1,0,0,0,1,0.594230
1,1,0,0,1,1,1,0,1,1,0,1,0,0,1,1,1,1,0,0,0,0,0,0,0,1,0,1,0,1,1,0,0.635497
1,0,0,1,1,0,0,1,1,0,1,1,0,1,1,0,0,1,1,1,0,0,0,0,1,1,0,0,0,0,1,0,0.632033
0,1,1,1,1,0,1,1,0,1,0,0,0,1,1,0,1,0,0,0,1,0,1,1,0,1,0,1,1,1,1,0,0.609708
1,0,1,0,1,1,1,1,1,1,1,0,1,1,0,0,0,0,1,0,1,1,0,0,1,0,1,0,1,1,0,0,0.687314
0,0,0,0,1,0,0,1,0,0,1,1,1,1,0,0,1,1,1,0,0,1,0,1,1,1,0,0,0,1,1,0,0.690404
1,1,1,1,1,1,0,0,1,1,0,1,0,1,1,0,0,0,0,0,1,0,1,0,0,0,0,0,1,0,1,1,0.688725
0,0,1,1,1,0,0,1,1,0,0,1,1,0,0,0,1,0,0,1,1,0,0,0,1,1,1,0,1,1,1,1,0.634644
0,1,1,1,1,1,1,0,0,0,1,1,0,1,1,0,1,1,0,1,1,1,0,1,0,1,1,0,1,1,1,1,0.632912
0,0,1,1,0,0,0,0,0,0,1,0,1,0,0,0,0,0,1,0,1,0,0,0,0,0,1,1,0,0,0,0,0.706575
0,0,0,0,1,0,1,0,1,0,0,1,1,1,0,1,0,1,1,1,1,1,0,1,0,0,0,0,0,1,0,0,0.752797
1,0,1,1,0,1,0,0,0,1,1,1,0,1,0,1,1,1,0,0,1,1,1,0,0,0,0,1,0,1,0,0,0.571931
1,0,1,1,0,1,1,0,1,1,0,1,0,0,1,1,1,1,0,1,1,0,0,1,1,1,1,0,0,1,0,1,0.554108
1,1,0,0,1,1,0,1,0,0,0,0,1,1,1,0,0,1,0,1,0,0,0,0,1,1,1,0,1,0,1,1,0.692562
0,1,0,1,0,1,0,0,0,0,1,1,1,1,1,1,0,1,0,1,1,0,0,0,1,1,1,0,1,1,0,0,0.701860
1,1,0,1,0,1,1,0,1,0,0,1,1,1,1,0,0,0,1,0,0,1,0,0,0,0,1,0,0,0,0,0,0.625160
1,1,1,1,0,1,1,1,1,0,1,0,0,0,1,1,0,1,1,0,0,0,1,1,0,1,0,0,1,0,1,1,0.421036
1,0,1,1,0,1,1,1,1,0,0,0,0,0,1,1,1,1,0,1,0,0,1,1,0,1,1,0,1,0,0,1,0.586344
0,0,1,1,1,1,0,0,1,1,1,0,0,1,1,0,1,1,1,1,0,0,0,0,1,0,0,1,0,0,1,1,0.556506
1,0,0,0,1,1,0,1,0,1,1,0,0,0,1,1,1,0,0,0,0,1,0,1,1,0,1,1,1,1,0,0,0.662298
0,0,1,1,1,0,1,1,0,1,0,0,0,0,0,0,1,0,0,0,1,1,1,1,1,0,1,0,1,0,1,1,0.698556
1,1,1,1,1,0,0,0,1,0,0,1,1,1,0,0,0,0,0,1,1,0,0,1,1,0,1,0,1,1,0,1,0.633658
0,1,0,1,0,0,0,1,1,0,1,0,1,1,0,0,0,0,1,1,1,0,1,0,0,0,0,0,1,1,1,0,0.654865
0,1,1,0,1,1,0,1,0,0,1,0,0,0,0,0,1,1,1,1,1,1,1,1,0,0,0,1,0,1,0,1,0.593590
1,1,1,1,1,1,0,0,0,0,0,0,1,0,0,1,0,0,0,1,0,0,0,0,0,1,0,0,1,1,0,0,0.696292
1,1,1,1,1,1,1,0,0,0,1,1,0,1,0,1,1,0,0,1,1,1,0,1,0,0,0,0,1,0,1,1,0.516171
0,0,0,0,0,0,0,1,1,1,0,0,0,1,0,0,1,0,0,1,0,1,0,1,1,0,1,1,0,0,0,0,0.688353
0,1,1,1,0,0,1,0,0,0,1,1,0,1,0,0,0,0,1,0,0,0,0,1,0,0,0,0,1,0,0,0,0.654092
0,1,1,0,0,1,0,1,0,1,1,0,1,1,0,1,1,0,0,0,1,1,1,1,1,0,0,1,1,1,0,0,0.547501
0,0,1,1,1,0,1,1,0,0,0,1,0,1,0,0,0,0,1,1,0,1,1,0,1,0,1,0,1,0,1,0,0.740329
1,0,0,0,0,1,1,1,1,0,0,1,1,0,0,0,1,0,1,1,0,0,0,0,0,0,1,1,1,0,1,0,0.647965
0,1,0,1,1,1,1,0,1,0,0,1,0,1,1,0,1,0,1,1,1,1,1,1,0,1,0,1,1,1,0,1,0.653399
0,1,1,1,1,0,1,0,0,1,0,0,1,1,1,0,0,1,1,1,0,0,1,0,1,1,0,1,0,0,0,1,0.575314
0,1,1,1,1,0,0,1,0,0,1,1,1,0,1,0,1,0,1,0,0,0,0,0,1,0,1,0,1,0,1,0,0.609095
1,0,1,0,0,0,1,0,0,1,1,1,1,0,1,1,1,1,0,1,1,0,1,1,1,1,1,1,1,0,0,0,0.526987
0,0,1,1,0,1,1,1,0,0,1,1,0,1,1,1,1,0,1,0,1,0,1,1,0,0,1,1,1,0,0,0,0.637282
1,0,1,1,1,0,0,1,0,1,1,0,1,1,1,1,1,0,0,0,1,0,0,0,1,1,1,1,0,0,0,1,0.595988
1,1,1,0,1,1,0,1,0,0,0,0,1,1,1,1,0,1,1,1,0,0,0,1,0,1,0,0,1,1,0,1,0.633019
0,1,0,1,0,0,0,1,0,1,0,1,0,1,0,0,1,1,1,0,1,1,1,0,0,1,0,1,1,0,0,1,0.690351
1,1,0,1,0,1,0,0,0,1,0,1,0,1,1,0,1,1,1,1,1,1,1,0,1,1,0,0,1,1,1,1,0.553655
0,0,1,1,1,1,0,1,1,0,1,1,0,1,1,0,0,1,1,0,1,0,1,1,1,1,0,0,0,0,0,0,0.627105
1,0,0,0,0,1,0,0,0,1,0,0,0,1,1,0,0,0,0,1,0,0,0,1,0,1,1,1,1,1,1,0,0.686195
0,1,0,0,0,0,0,1,0,1,1,0,0,0,1,1,0,1,1,1,0,1,1,1,0,1,0,0,1,0,1,0,0.687793
0,1,1,1,1,1,1,1,0,0,0,0,1,1,1,1,1,1,1,1,1,0,0,0,0,0,0,0,0,0,1,0,0.644235
0,1,1,1,0,0,1,0,1,1,1,1,1,1,0,0,1,1,0,0,1,0,1,1,1,0,1,1,0,0,1,1,0.530397
0,0,1,0,1,0,1,0,1,0,1,0,1,1,0,0,1,1,1,1,1,1,1,0,0,0,1,1,1,0,1,1,0.545423
0,0,1,1,1,0,1,1,1,1,1,0,1,0,1,0,0,1,0,1,1,0,1,0,0,1,0,1,1,0,1,0,0.608216
1,0,1,1,1,1,0,1,0,0,0,1,0,1,0,1,1,1,1,0,1,1,0,0,1,0,0,1,0,0,0,1,0.633179
0,1,1,1,1,0,1,1,1,0,0,1,1,0,1,1,0,1,1,0,1,1,0,1,0,1,0,0,1,0,0,0,0.583893
1,0,1,1,1,0,1,0,1,1,1,0,0,0,1,0,1,1,0,1,1,1,0,0,0,1,0,1,0,1,0,1,0.559969
1,0,1,0,1,0,0,0,0,0,0,0,0,1,0,0,1,0,0,1,1,1,0,0,1,1,0,0,1,1,1,0,0.670023
1,1,0,0,0,1,1,1,1,0,1,0,0,1,1,1,0,0,1,0,0,1,0,1,0,0,1,1,1,1,0,0,0.592418
0,1,0,0,1,0,1,0,0,1,1,1,0,0,1,1,0,0,0,1,0,1,0,1,1,0,1,1,0,1,1,0,0.731724
0,0,1,1,0,1,1,0,1,1,0,0,1,1,1,1,1,1,1,1,1,0,1,1,1,1,0,1,1,1,0,0,0.577792
0,0,0,1,0,0,0,1,1,0,1,0,0,0,0,1,0,0,0,0,1,0,1,0,1,1,1,1,1,0,1,1,0.738118
1,0,0,1,1,0,0,0,0,0,0,0,1,1,0,0,1,1,1,1,1,1,1,1,0,1,1,1,1,1,1,0,0.621244
1,1,0,1,0,0,1,1,1,0,0,0,1,0,0,1,1,0,0,1,1,1,0,1,0,0,1,0,0,0,0,1,0.561967
0,1,1,1,0,1,1,1,0,0,1,0,0,1,0,1,1,1,1,0,0,1,1,0,0,1,1,1,1,1,0,1,0.526508
0,0,1,0,1,0,1,1,0,1,1,1,1,0,0,0,0,1,0,1,1,0,1,0,1,1,0,1,1,1,1,0,0.681532
0,1,0,1,0,1,0,1,0,0,0,0,1,0,0,1,1,1,1,0,1,0,1,1,1,0,0,1,1,0,1,1,0.667572
0,0,0,0,0,0,1,0,0,0,1,1,1,0,1,1,1,0,1,1,0,1,0,0,1,0,0,1,0,0,1,1,0.730046
0,1,0,1,1,0,1,1,1,1,1,1,0,0,0,1,1,1,0,1,1,0,1,0,1,1,1,1,0,0,0,0,0.573929
0,1,0,1,1,1,1,0,1,0,1,0,1,1,1,0,1,0,1,1,1,1,0,0,0,1,1,1,1,0,1,0,0.613411
1,1,1,0,1,1,0,0,1,0,1,0,1,0,1,0,1,0,1,0,0,1,0,1,0,1,0,1,1,0,1,0,0.670370
0,0,1,0,1,0,1,0,1,0,0,0,1,0,0,1,1,1,0,0,1,0,0,0,0,1,0,1,1,1,0,0,0.649909
1,1,0,1,0,1,0,0,0,1,1,1,1,0,0,0,0,0,0,1,0,1,0,0,0,1,1,0,1,1,1,0,0.614503
0,1,1,1,1,1,0,0,1,1,1,0,0,1,1,1,0,1,0,1,1,1,1,0,1,0,0,1,0,1,0,1,0.538869
1,1,0,0,1,1,0,1,0,1,1,0,0,1,0,0,0,1,1,0,0,0,1,1,1,1,1,1,1,1,1,0,0.546808
1,0,0,0,0,0,1,1,1,1,1,1,1,1,1,0,1,0,0,1,1,0,1,1,1,1,0,0,0,0,0,0,0.681825
0,1,0,0,0,1,0,1,1,0,1,1,0,0,0,0,0,0,1,0,1,1,0,1,1,1,1,0,1,0,1,1,0.560608
1,1,1,0,0,0,0,1,0,1,1,0,1,0,1,1,0,1,0,0,1,1,0,1,0,1,1,0,1,0,0,0,0.627797
1,1,0,0,1,0,1,0,1,0,0,1,0,0,0,1,0,0,0,1,1,0,0,0,1,0,0,1,1,1,1,0,0.685608
1,1,1,0,1,1,0,0,1,1,1,0,0,0,0,1,0,1,1,1,1,1,0,1,0,0,0,1,0,0,1,1,0.317429
1,0,0,0,0,1,0,1,1,1,1,1,0,0,0,1,1,0,0,0,1,1,1,1,1,0,0,0,0,1,0,1,0.664562
0,1,0,1,1,0,1,1,0,0,0,1,1,0,1,0,1,0,1,1,0,0,1,1,1,1,1,0,1,1,0,1,0.691416
0,1,1,0,1,0,1,0,1,0,1,1,1,0,0,0,0,0,1,0,0,1,0,1,0,0,1,1,1,0,0,1,0.610454
0,0,0,0,1,1,1,0,0,1,1,0,0,1,0,1,0,1,0,0,1,1,0,0,1,1,0,1,1,0,1,0,0.845801
0,1,1,1,0,1,0,1,0,1,0,0,0,0,0,1,1,1,0,1,0,1,0,0,0,0,0,0,0,0,1,1,0.604753
0,0,1,1,1,1,1,1,1,1,0,0,0,0,0,0,1,1,1,0,0,0,1,0,0,0,1,0,0,1,0,0,0.623721
1,1,1,0,1,1,0,1,0,0,1,1,1,0,1,0,0,0,0,1,0,1,0,1,1,1,0,0,0,0,1,1,0.602861
1,1,1,0,1,0,1,0,0,1,1,0,0,0,1,0,0,1,1,1,1,1,0,1,0,1,0,0,0,0,1,0,0.580350
1,0,0,1,0,0,0,0,0,1,1,0,0,1,0,0,1,1,0,0,1,1,1,0,1,0,0,0,0,0,0,0,0.617860
0,1,0,0,1,1,0,0,1,1,1,0,0,1,1,0,1,1,0,0,0,0,1,0,1,0,1,1,1,0,1,0,0.610081
0,0,0,1,0,0,1,1,1,0,1,1,0,0,1,0,1,1,0,1,0,1,0,1,1,1,0,1,1,0,0,1,0.609708
1,0,0,1,1,0,0,1,1,1,0,0,0,0,1,0,0,0,1,1,0,1,0,0,1,0,1,1,1,0,1,1,0.580003
1,1,1,0,0,0,1,0,1,1,1,1,1,1,0,1,1,1,0,0,1,0,0,1,1,1,1,0,1,0,1,0,0.592098
1,0,0,0,0,1,1,1,0,0,0,1,0,1,0,1,1,0,0,0,0,0,0,0,1,0,0,1,0,0,0,1,0.619086
1,0,1,1,0,0,0,0,0,0,0,1,0,1,0,1,1,0,1,0,1,1,1,0,1,0,1,1,1,0,0,0,0.671355
0,0,1,0,1,1,1,0,1,1,1,1,1,0,0,0,0,1,1,1,0,0,0,1,0,0,0,1,0,1,0,1,0.745844
1,1,0,1,0,1,0,0,1,0,0,1,0,0,1,0,1,0,1,1,1,1,1,1,0,0,0,1,1,0,1,0,0.642104
0,1,1,1,1,1,0,0,1,1,0,0,0,1,1,1,1,0,1,0,0,0,0,1,0,1,0,1,1,1,0,1,0.509564
1,1,1,1,0,1,1,0,0,1,1,1,0,0,0,1,1,1,1,0,0,1,0,1,0,1,0,0,1,1,1,1,0.511296
0,0,1,0,1,0,0,0,1,0,1,1,1,0,1,1,0,0,0,1,0,1,0,0,0,1,1,1,0,1,1,0,0.764519
0,1,0,1,0,0,0,1,0,1,1,1,0,1,1,0,1,0,0,0,0,1,0,0,0,1,1,1,0,0,0,0,0.716752
