0,0,0,1,1,0,1,0,0,0,0,1,0,1,1,1,0,1,1,1,1,0,1,1,1,1,0,1,0,1,1,1,0.833653
0,0,1,1,1,0,0,1,1,0,0,1,1,0,0,0,1,0,0,1,1,0,0,0,1,1,1,0,1,1,1,1,0.639786
0,1,1,1,0,0,1,0,1,1,1,1,1,1,0,0,1,1,0,0,1,0,1,1,1,0,1,1,0,0,1,1,0.534207
0,1,0,1,1,1,1,0,1,0,0,1,0,1,1,0,1,0,1,1,1,1,1,1,0,1,0,1,1,1,0,1,0.648258
0,1,1,1,1,0,1,0,0,1,0,0,1,1,1,0,0,1,1,1,0,0,1,0,1,1,0,1,0,0,0,1,0.561594
1,0,0,0,0,1,1,1,0,0,0,1,0,1,0,1,1,0,0,0,0,0,0,0,1,0,0,1,0,0,0,1,0.624201
1,1,0,1,0,1,0,0,0,1,1,1,1,0,0,0,0,0,0,1,0,1,0,0,0,1,1,0,1,1,1,0,0.630302
1,1,1,0,0,0,0,1,1,1,1,1,0,1,0,1,0,1,1,0,0,1,0,0,1,0,0,0,1,1,1,1,0.623828
0,1,0,1,1,1,1,0,1,0,1,0,1,1,1,0,1,0,1,1,1,1,0,0,0,1,1,1,1,0,1,0,0.604300
1,1,1,0,1,0,1,0,0,1,1,0,0,0,1,0,0,1,1,1,1,1,0,1,0,1,0,0,0,0,1,0,0.591059
1,1,0,1,0,0,1,1,1,1,1,0,0,0,0,1,1,1,0,0,1,1,1,1,0,1,0,0,0,0,0,0,0.623322
0,0,0,0,0,0,1,0,1,0,1,0,0,0,0,0,1,0,0,0,1,0,1,0,1,1,1,1,1,0,1,1,0.677110
0,1,1,1,1,1,1,1,0,0,0,0,1,1,1,1,1,1,1,1,1,0,0,0,0,0,0,0,0,0,1,0,0.644608
1,1,1,1,0,1,1,1,1,0,1,0,0,0,1,1,0,1,1,0,0,0,1,1,0,1,0,0,1,0,1,1,0.426710
1,1,1,1,0,1,1,0,0,1,1,1,0,0,0,1,1,1,1,0,0,1,0,1,0,1,0,0,1,1,1,1,0.525762
1,1,1,1,1,1,1,0,0,0,1,1,0,1,0,1,1,0,0,1,1,1,0,1,0,0,0,0,1,0,1,1,0.541507
0,1,1,1,0,0,1,0,0,0,1,1,0,1,0,0,0,0,1,0,0,0,0,1,0,0,0,0,1,0,0,0,0.650282
0,1,1,0,1,1,0,1,0,0,1,0,0,0,0,0,1,1,1,1,1,1,1,1,0,0,0,1,0,1,0,1,0.584506
1,0,0,0,0,1,1,1,1,1,1,0,1,0,0,1,0,0,0,1,0,1,0,1,0,0,0,1,0,1,0,1,0.675085
1,1,1,1,1,0,0,0,1,0,0,1,1,1,0,0,0,0,0,1,1,0,0,1,1,0,1,0,1,1,0,1,0.633499
0,0,0,0,0,0,1,0,0,0,1,1,1,0,1,1,1,0,1,1,0,1,0,0,1,0,0,1,0,0,1,1,0.732044
1,1,1,0,1,1,0,1,0,0,0,0,1,1,1,1,0,1,1,1,0,0,0,1,0,1,0,0,1,1,0,1,0.638480
1,0,0,1,0,0,0,0,0,1,1,0,0,1,0,0,1,1,0,0,1,1,1,0,1,0,0,0,0,0,0,0,0.626812
1,0,0,0,0,1,1,1,1,0,0,1,1,0,0,0,1,0,1,1,0,0,0,0,0,0,1,1,1,0,1,0,0.639200
1,1,0,1,0,0,1,1,1,0,0,0,1,0,0,1,1,0,0,1,1,1,0,1,0,0,1,0,0,0,0,1,0.558584
1,0,0,1,1,0,0,1,1,0,1,1,0,1,1,0,0,1,1,1,0,0,0,0,1,1,0,0,0,0,1,0,0.626545
1,0,1,1,1,1,0,1,0,0,0,1,0,1,0,1,1,1,1,0,1,1,0,0,1,0,0,1,0,0,0,1,0.635257
0,0,0,0,1,0,0,1,0,0,1,1,1,1,0,0,1,1,1,0,0,1,0,1,1,1,0,0,0,1,1,0,0.681586
1,1,1,0,0,0,0,1,0,1,1,0,1,0,1,1,0,1,0,0,1,1,0,1,0,1,1,0,1,0,0,0,0.613651
1,1,0,1,0,1,0,0,0,1,0,1,0,1,1,0,1,1,1,1,1,1,1,0,1,1,0,0,1,1,1,1,0.560955
1,1,0,1,1,1,1,1,0,0,1,1,0,0,1,0,1,0,0,0,0,1,0,1,1,1,1,0,1,1,0,1,0.651614
1,0,1,1,0,0,1,1,1,1,1,0,1,1,0,0,1,0,0,1,0,1,0,0,0,0,1,0,0,0,1,1,0.613997
0,0,1,1,0,1,1,0,1,1,0,0,1,1,1,1,1,1,1,1,1,0,1,1,1,1,0,1,1,1,0,0,0.577819
1,0,0,1,1,0,0,0,0,0,0,0,1,1,0,0,1,1,1,1,1,1,1,1,0,1,1,1,1,1,1,0,0.635683
1,1,1,0,0,0,1,0,1,1,1,1,1,1,0,1,1,1,0,0,1,0,0,1,1,1,1,0,1,0,1,0,0.586690
1,1,0,0,0,0,1,0,0,1,0,1,1,1,1,0,1,1,0,0,1,0,0,1,1,1,0,0,1,0,1,1,0.568627
1,0,1,1,0,1,1,1,1,0,0,0,0,0,1,1,1,1,0,1,0,0,1,1,0,1,1,0,1,0,0,1,0.590313
0,1,0,0,0,1,0,0,1,1,0,0,1,1,0,0,0,1,0,1,0,1,1,1,1,1,0,1,1,1,1,1,0.591406
1,0,1,0,1,0,1,0,1,0,0,0,0,1,0,1,1,1,1,0,0,0,1,0,0,1,1,0,1,0,1,0,0.697437
1,1,0,0,1,1,0,1,0,1,1,0,0,1,0,0,0,1,1,0,0,0,1,1,1,1,1,1,1,1,1,0,0.538203
1,0,1,0,1,1,1,1,1,1,1,0,1,1,0,0,0,0,1,0,1,1,0,0,1,0,1,0,1,1,0,0,0.687100
1,0,1,0,0,0,1,0,0,1,1,1,1,0,1,1,1,1,0,1,1,0,1,1,1,1,1,1,1,0,0,0,0.544944
0,1,1,1,1,1,0,0,1,1,1,0,0,1,1,1,0,1,0,1,1,1,1,0,1,0,0,1,0,1,0,1,0.533781
1,1,1,0,0,0,0,0,1,1,1,0,1,1,0,1,0,0,1,1,1,1,0,1,0,0,1,1,0,0,1,1,0.504476
0,0,1,0,1,0,1,0,1,0,0,0,1,0,0,1,1,1,0,0,1,0,0,0,0,1,0,1,1,1,0,0,0.635736
0,0,1,1,1,1,0,0,1,1,1,0,0,1,1,0,1,1,1,1,0,0,0,0,1,0,0,1,0,0,1,1,0.567162
0,0,0,1,0,0,1,1,1,0,1,1,0,0,1,0,1,1,0,1,0,1,0,1,1,1,0,1,1,0,0,1,0.606271
0,0,1,1,1,0,1,1,0,0,0,1,0,1,0,0,0,0,1,1,0,1,1,0,1,0,1,0,1,0,1,0,0.731484
0,0,1,1,1,1,1,1,1,1,0,0,0,0,0,0,1,1,1,0,0,0,1,0,0,0,1,0,0,1,0,0,0.625293
0,1,0,0,1,1,0,0,1,1,1,0,0,1,1,0,1,1,0,0,0,0,1,0,1,0,1,1,1,0,1,0,0.610161
0,1,1,1,1,1,0,0,1,1,0,0,0,1,1,1,1,0,1,0,0,0,0,1,0,1,0,1,1,1,0,1,0.502824
1,1,0,0,1,1,1,0,1,1,0,1,0,0,1,1,1,1,0,0,0,0,0,0,0,1,0,1,0,1,1,0,0.630142
1,1,1,1,1,1,0,1,1,1,1,0,1,1,1,1,0,1,1,1,0,0,1,1,0,0,0,1,0,1,1,1,0.302510
1,0,0,0,0,1,0,1,1,1,1,1,0,0,0,1,1,0,0,0,1,1,1,1,1,0,0,0,0,1,0,1,0.673300
0,1,1,0,1,0,1,0,1,0,1,1,1,0,0,0,0,0,1,0,0,1,0,1,0,0,1,1,1,0,0,1,0.587223
0,0,1,1,0,0,0,0,0,0,1,0,1,0,0,0,0,0,1,0,1,0,0,0,0,0,1,1,0,0,0,0,0.717205
1,0,0,1,1,0,0,1,1,1,0,0,0,0,1,0,0,0,1,1,0,1,0,0,1,0,1,1,1,0,1,1,0.576273
0,1,0,1,0,1,0,0,0,0,0,1,0,0,1,1,1,0,1,0,0,0,0,0,0,1,0,0,1,0,1,0,0.722400
1,1,0,0,0,1,1,1,1,0,1,0,0,1,1,1,0,0,1,0,0,1,0,1,0,0,1,1,1,1,0,0,0.586797
1,0,0,0,0,1,0,0,0,1,0,0,0,1,1,0,0,0,0,1,0,0,0,1,0,1,1,1,1,1,1,0,0.677110
1,0,1,1,1,0,0,1,0,1,1,1,1,0,0,0,0,1,1,0,0,0,1,0,0,0,1,1,0,1,0,0,0.629902
0,1,0,1,0,0,0,1,1,0,1,0,1,1,0,0,0,0,1,1,1,0,1,0,0,0,0,0,1,1,1,0,0.651401
0,1,1,0,1,1,1,1,1,0,1,1,1,0,1,1,1,0,1,0,0,0,0,0,1,1,0,0,0,0,1,0,0.653426
1,0,1,1,0,0,0,0,0,0,0,1,0,1,0,1,1,0,1,0,1,1,1,0,1,0,1,1,1,0,0,0,0.669437
1,1,0,0,1,1,0,1,0,0,0,0,1,1,1,0,0,1,0,1,0,0,0,0,1,1,1,0,1,0,1,1,0.705083
0,1,0,0,0,0,0,1,0,1,1,0,0,0,1,1,0,1,1,1,0,1,1,1,0,1,0,0,1,0,1,0,0.678922
0,1,1,1,1,0,1,1,0,1,0,0,0,1,1,0,1,0,0,0,1,0,1,1,0,1,0,1,1,1,1,0,0.613331
0,1,0,1,1,0,1,1,1,1,1,1,0,0,0,1,1,1,0,1,1,0,1,0,1,1,1,1,0,0,0,0,0.579017
0,1,0,0,1,0,1,0,0,1,1,1,0,0,1,1,0,0,0,1,0,1,0,1,1,0,1,1,0,1,1,0,0.722746
0,0,1,0,1,0,0,0,1,0,1,1,1,0,1,1,0,0,0,1,0,1,0,0,0,1,1,1,0,1,1,0,0.746803
1,1,1,1,1,1,0,0,0,0,0,0,1,0,0,1,0,0,0,1,0,0,0,0,0,1,0,0,1,1,0,0,0.699782
0,1,0,1,0,0,0,0,1,1,0,1,1,1,1,1,0,1,1,0,1,1,1,0,0,0,0,0,0,0,0,1,0.579923
0,1,1,1,1,0,0,1,0,0,1,1,1,0,1,0,1,0,1,0,0,0,0,0,1,0,1,0,1,0,1,0,0.598625
1,1,1,0,1,1,0,0,1,0,1,0,1,0,1,0,1,0,1,0,0,1,0,1,0,1,0,1,1,0,1,0,0.642184
1,1,0,1,0,1,1,0,1,0,0,1,1,1,1,0,0,0,1,0,0,1,0,0,0,0,1,0,0,0,0,0,0.630222
0,0,1,0,1,0,1,1,0,1,1,1,1,0,0,0,0,1,0,1,1,0,1,0,1,1,0,1,1,1,1,0,0.672501
0,1,0,1,0,1,0,0,0,0,1,1,1,1,1,1,0,1,0,1,1,0,0,0,1,1,1,0,1,1,0,0,0.694693
1,1,1,0,1,1,0,1,0,0,1,1,1,0,1,0,0,0,0,1,0,1,0,1,1,1,0,0,0,0,1,1,0.611839
1,0,1,1,0,1,0,0,0,1,1,1,0,1,0,1,1,1,0,0,1,1,1,0,0,0,0,1,0,1,0,0,0.577286
1,0,0,0,0,0,1,1,1,1,1,1,1,1,1,0,1,0,0,1,1,0,1,1,1,1,0,0,0,0,0,0,0.681905
0,1,0,1,0,0,0,1,0,1,1,1,0,1,1,0,1,0,0,0,0,1,0,0,0,1,1,1,0,0,0,0,0.720375
0,1,1,0,0,0,1,1,0,1,1,0,1,0,0,0,1,1,0,1,0,1,1,0,0,1,0,1,1,1,1,1,0.556612
0,0,1,1,1,0,1,1,1,1,1,0,1,0,1,0,0,1,0,1,1,0,1,0,0,1,0,1,1,0,1,0,0.615409
0,1,1,1,0,1,0,1,0,1,0,0,0,0,0,1,1,1,0,1,0,1,0,0,0,0,0,0,0,0,1,1,0.594150
0,1,0,0,0,1,0,1,1,0,1,1,0,0,0,0,0,0,1,0,1,1,0,1,1,1,1,0,1,0,1,1,0.553575
0,1,1,0,1,1,0,1,0,1,0,1,0,0,0,1,0,1,1,0,1,1,0,0,1,1,0,0,0,0,1,0,0.632406
1,0,1,0,0,0,0,0,1,1,0,0,0,0,0,1,1,1,0,1,0,0,1,1,1,1,0,1,1,0,1,0,0.656650
0,0,1,1,1,0,1,1,0,1,0,0,0,0,0,0,1,0,0,0,1,1,1,1,1,0,1,0,1,0,1,1,0.691603
0,1,0,0,0,0,0,1,0,0,1,1,0,1,0,0,0,1,0,1,0,0,1,0,0,1,0,1,0,1,0,1,0.753144
0,0,0,0,0,0,0,1,1,1,0,0,0,1,0,0,1,0,0,1,0,1,0,1,1,0,1,1,0,0,0,0,0.684783
0,0,0,1,0,0,0,1,1,0,1,0,0,0,0,1,0,0,0,0,1,0,1,0,1,1,1,1,1,0,1,1,0.732630
1,0,0,0,1,1,0,1,0,1,1,0,0,0,1,1,1,0,0,0,0,1,0,1,1,0,1,1,1,1,0,0,0.665921
0,0,1,0,1,0,1,0,1,0,1,0,1,1,0,0,1,1,1,1,1,1,1,0,0,0,1,1,1,0,1,1,0.536445
0,1,1,1,1,1,1,0,0,0,1,1,0,1,1,0,1,1,0,1,1,1,0,1,0,1,1,0,1,1,1,1,0.638400
1,1,1,0,1,1,0,0,1,1,1,0,0,0,0,1,0,1,1,1,1,1,0,1,0,0,0,1,0,0,1,1,0.324488
0,0,0,0,1,0,1,0,1,0,0,1,1,1,0,1,0,1,1,1,1,1,0,1,0,0,0,0,0,1,0,0,0.743713
0,0,1,1,1,1,0,1,1,0,1,1,0,1,1,0,0,1,1,0,1,0,1,1,1,1,0,0,0,0,0,0,0.618153
0,0,1,1,0,1,1,1,0,0,1,1,0,1,1,1,1,0,1,0,1,0,1,1,0,0,1,1,1,0,0,0,0.649563
0,0,1,0,1,1,1,0,1,1,1,1,1,0,0,0,0,1,1,1,0,0,0,1,0,0,0,1,0,1,0,1,0.731458
1,1,1,1,1,0,0,1,0,0,1,0,0,1,0,0,1,1,1,1,0,1,0,0,0,1,0,0,0,1,0,0,0.845348
1,0,0,0,0,1,1,0,0,1,0,1,0,1,0,0,0,1,1,1,0,0,0,1,1,1,0,0,1,0,0,0,0.629822
1,0,1,0,0,1,1,0,1,0,0,0,0,1,0,1,0,1,0,1,1,1,0,0,1,0,1,0,1,1,1,1,0.568494
1,0,1,1,0,0,0,0,1,0,1,0,1,1,1,0,1,1,1,1,0,0,1,1,0,1,0,1,1,1,1,0,0.611493
0,1,0,1,1,0,1,1,0,0,0,1,1,0,1,0,1,0,1,1,0,0,1,1,1,1,1,0,1,1,0,1,0.684330
1,0,1,1,1,0,0,1,0,1,1,0,1,1,1,1,1,0,0,0,1,0,0,0,1,1,1,1,0,0,0,1,0.590633
0,1,1,1,0,1,1,1,0,0,1,0,0,1,0,1,1,1,1,0,0,1,1,0,0,1,1,1,1,1,0,1,0.524696
0,0,0,0,1,0,1,1,1,0,0,0,1,1,1,1,1,1,0,1,0,1,1,0,1,0,1,1,0,1,0,0,0.695039
1,1,0,1,0,1,0,0,1,0,0,1,0,0,1,0,1,0,1,1,1,1,1,1,0,0,0,1,1,0,1,0,0.611946
0,0,0,0,1,1,1,0,0,1,1,0,0,1,0,1,0,1,0,0,1,1,0,0,1,1,0,1,1,0,1,0,0.835278
1,1,1,0,1,0,0,1,0,1,0,1,0,1,1,0,0,1,0,1,1,1,0,1,1,1,0,0,1,0,0,0,0.581815
0,0,0,1,0,0,1,1,1,0,0,1,0,0,0,0,0,1,0,1,0,0,1,1,0,0,1,1,1,0,1,0,0.726423
0,1,1,1,1,0,1,1,1,0,0,1,1,0,1,1,0,1,1,0,1,1,0,1,0,1,0,0,1,0,0,0,0.574888
0,0,0,1,0,0,1,0,0,0,0,1,1,1,1,1,1,1,0,1,0,1,0,1,0,1,1,1,0,0,1,1,0.758765
1,1,0,0,1,0,1,0,1,0,0,1,0,0,0,1,0,0,0,1,1,0,0,0,1,0,0,1,1,1,1,0,0.690857
1,0,1,1,0,1,1,0,1,1,0,1,0,0,1,1,1,1,0,1,1,0,0,1,1,1,1,0,0,1,0,1,0.540015
1,0,0,1,1,1,1,0,1,0,1,1,0,0,1,1,1,0,0,0,1,1,1,1,0,1,1,1,1,0,1,1,0.619832
1,0,1,1,1,0,1,0,1,1,1,0,0,0,1,0,1,1,0,1,1,1,0,0,0,1,0,1,0,1,0,1,0.554668
1,1,1,0,0,0,0,0,1,1,1,0,0,0,0,0,1,0,1,0,1,0,0,0,0,1,0,0,0,0,1,0,0.728154
0,0,1,1,0,0,0,0,1,0,1,0,0,0,0,1,1,1,1,1,1,0,0,1,0,1,0,1,0,0,1,0,0.689232
1,1,1,1,1,1,0,0,1,1,0,1,0,1,1,0,0,0,0,0,1,0,1,0,0,0,0,0,1,0,1,1,0.694000
1,0,0,0,1,0,0,0,0,1,1,0,1,1,0,1,0,0,0,1,0,1,0,0,1,1,0,1,1,0,0,1,0.680067
0,1,1,0,0,1,0,1,0,1,1,0,1,1,0,1,1,0,0,0,1,1,1,1,1,0,0,1,1,1,0,0,0.547341
1,0,1,0,0,1,0,1,0,0,0,1,1,0,1,0,1,1,1,1,0,1,1,1,1,0,0,0,0,0,1,0,0.635363
0,1,0,1,0,1,0,1,0,0,0,0,1,0,0,1,1,1,1,0,1,0,1,1,1,0,0,1,1,0,1,1,0.666374
1,0,1,0,1,0,0,0,0,0,0,0,0,1,0,0,1,0,0,1,1,1,0,0,1,1,0,0,1,1,1,0,0.669864
0,1,0,1,0,0,0,1,0,1,0,1,0,1,0,0,1,1,1,0,1,1,1,0,0,1,0,1,1,0,0,1,0.679801
0,1,1,0,1,0,1,0,1,1,0,0,0,1,0,1,0,1,0,1,0,0,0,1,1,0,1,1,0,0,0,1,0.583600
1,1,0,1,0,0,0,1,0,0,0,1,1,1,0,1,0,0,0,0,0,0,0,0,1,0,0,0,1,1,0,1,0.604646
