0,0,1,1,0,0,1,1,1,1,0,1,1,0,1,0,1,0,0,1,1,0,0,1,0,0,1,1,0,1,0,1,0.594991
0,0,0,1,0,1,1,0,0,1,1,0,0,0,1,1,0,1,1,0,1,0,0,1,1,1,0,1,1,0,0,1,0.588747
1,1,0,0,0,1,0,0,0,1,0,1,1,1,1,1,1,0,1,0,1,0,1,1,1,0,0,1,1,0,0,0,0.594906
1,1,0,0,1,0,0,1,0,1,0,1,1,1,1,1,1,0,1,1,0,1,1,1,1,1,0,0,0,1,1,0,0.571590
0,0,0,0,0,0,0,1,0,0,1,0,1,1,1,0,1,0,0,1,0,1,1,0,0,1,0,0,0,0,0,0,0.562980
0,0,1,1,1,1,1,1,1,0,0,0,1,0,1,0,0,0,0,0,1,0,1,0,1,1,0,0,0,1,1,0,0.564514
1,0,0,0,0,0,0,1,1,1,0,0,1,1,1,1,0,0,0,0,1,1,1,0,0,1,1,1,1,0,0,1,0.590558
1,0,0,1,1,0,0,1,1,1,1,0,1,1,0,1,0,1,1,1,1,1,0,1,1,1,1,1,0,0,0,1,0.591731
1,1,1,1,0,1,0,1,0,1,0,0,1,1,1,0,1,0,1,0,0,0,1,1,0,0,1,0,0,1,0,0,0.586189
1,0,0,1,0,0,0,1,1,1,0,1,1,1,0,0,1,1,1,1,1,1,0,1,0,0,0,1,1,0,0,0,0.587745
0,1,0,1,0,0,1,0,0,1,1,1,0,0,0,1,0,1,1,0,0,0,0,0,1,0,0,1,1,1,0,0,0.591645
1,1,1,0,1,1,1,0,1,0,0,0,0,0,1,0,0,1,1,1,0,0,0,1,0,1,1,0,1,0,0,1,0.597059
0,1,0,0,0,1,1,1,1,1,0,0,1,1,1,1,0,0,1,0,1,0,1,1,0,0,1,1,1,0,0,1,0.574702
0,1,1,0,0,0,1,1,0,1,1,0,0,0,1,0,0,1,0,0,1,0,1,0,1,0,0,0,1,1,1,1,0.593713
1,0,0,0,1,1,1,0,1,1,1,1,1,1,0,0,1,1,0,1,0,0,0,1,0,0,0,1,0,0,0,0,0.591347
1,0,0,0,0,1,0,1,0,0,0,1,0,0,0,0,1,0,0,1,0,0,0,0,1,1,1,1,1,1,0,0,0.596974
1,1,0,1,1,0,1,0,0,0,1,1,1,1,0,0,1,1,1,1,1,0,0,0,0,0,1,1,1,1,1,1,0.594096
0,0,1,0,0,1,1,1,1,0,1,0,0,0,0,0,1,0,0,1,0,1,1,1,0,0,1,1,0,0,0,0,0.597421
0,1,1,1,0,1,1,0,0,1,1,0,1,1,0,0,1,0,1,0,0,1,1,1,0,0,0,0,1,0,0,1,0.587127
1,1,1,1,0,0,1,0,0,0,0,1,1,0,0,0,1,0,1,1,1,1,0,0,0,0,1,0,0,1,1,1,0.592668
0,1,0,0,0,0,1,1,0,0,1,0,0,1,1,0,0,1,0,0,0,0,0,0,0,0,1,1,0,0,1,0,0.569778
1,0,0,1,0,1,1,0,1,1,1,0,1,0,1,0,1,0,1,0,1,1,0,1,0,0,1,0,0,1,1,1,0.593372
0,1,1,1,1,0,1,1,0,1,1,1,1,0,1,0,1,1,0,0,1,1,1,0,0,1,1,0,1,0,1,0,0.593159
0,1,1,0,1,0,0,0,1,1,0,1,0,0,1,1,0,1,1,0,0,0,1,0,1,1,0,1,1,0,0,0,0.598465
1,1,0,1,0,0,1,0,0,0,1,1,0,1,0,0,0,1,0,0,1,1,0,0,1,0,0,1,1,1,0,1,0.590601
0,0,0,0,1,1,1,1,0,1,1,0,0,0,0,0,0,0,0,0,0,1,1,1,0,0,1,0,1,0,1,0,0.550107
1,0,0,1,1,1,1,0,0,1,0,1,0,1,1,0,0,1,1,0,1,1,1,1,1,0,1,1,1,1,0,0,0.592924
1,0,1,1,1,0,0,1,0,1,0,0,1,1,0,1,1,0,0,1,1,1,1,0,0,1,0,0,0,1,0,0,0.581223
0,0,0,0,1,0,0,0,1,1,0,1,0,1,0,1,1,1,1,1,1,0,0,0,0,1,0,0,1,1,0,1,0.588491
0,0,0,1,1,0,0,1,1,0,0,1,0,1,1,1,1,1,1,1,0,1,1,1,0,1,1,0,1,1,0,1,0.572997
0,1,0,0,1,0,0,0,0,1,0,1,1,0,0,0,0,0,0,1,1,1,1,1,0,1,0,1,0,1,1,1,0.572038
0,0,0,1,0,0,0,0,0,1,1,0,1,1,1,1,1,0,0,1,0,0,1,1,1,1,0,1,1,0,1,0,0.593286
0,0,1,0,1,0,0,0,1,1,0,1,1,1,0,0,1,1,0,1,0,1,1,1,0,1,1,0,0,1,0,0,0.595119
1,0,1,1,1,0,1,0,1,0,1,1,0,1,0,0,0,0,1,0,0,0,1,0,0,0,0,1,0,1,1,1,0.593521
1,0,1,1,1,1,1,1,0,1,1,0,1,1,1,0,0,1,0,0,1,1,1,1,1,1,0,1,0,0,0,1,0.589173
1,0,0,1,1,1,0,0,0,1,1,1,0,1,0,1,0,1,1,0,1,1,0,1,1,1,1,1,1,0,0,1,0.591454
0,1,1,0,1,0,1,1,0,0,0,0,0,1,0,0,1,1,1,1,1,0,1,0,0,1,0,1,0,0,1,0,0.593286
0,1,1,0,0,0,1,1,1,1,0,0,0,0,1,1,0,1,1,1,0,1,1,1,1,1,1,1,0,1,0,1,0.586978
0,0,0,1,0,0,1,1,1,0,1,0,0,0,0,1,0,1,0,1,1,1,1,0,1,1,0,0,0,1,1,1,0.592754
0,0,1,0,1,0,0,0,0,1,0,0,0,0,1,1,1,0,1,1,0,0,0,0,1,1,1,1,0,1,1,1,0.592796
1,1,0,1,1,1,1,0,1,0,1,0,0,0,0,1,1,1,0,1,1,1,0,1,0,0,1,0,0,0,0,0,0.590132
0,1,1,1,0,1,0,1,1,0,1,0,0,1,1,1,0,0,0,0,1,1,0,0,1,0,0,0,0,0,1,1,0.602110
1,0,0,0,1,0,1,0,0,1,1,0,1,1,1,1,1,1,0,1,1,0,0,0,1,1,1,1,0,0,0,0,0.598657
1,1,0,1,1,1,1,0,0,0,1,0,0,0,1,1,0,1,1,0,1,0,0,1,1,1,1,0,1,0,1,0,0.594991
0,1,0,1,0,0,0,1,1,0,1,0,0,0,1,1,1,1,1,0,0,1,0,1,0,1,1,1,1,1,0,0,0.595226
0,0,0,1,1,1,1,0,1,1,0,0,1,0,1,0,1,1,0,1,1,0,1,0,0,0,1,0,0,1,1,0,0.591240
1,0,1,1,0,1,0,0,0,1,1,1,1,0,1,1,0,0,1,1,0,0,0,1,1,0,1,0,1,1,0,0,0.597400
0,1,0,1,1,0,0,1,0,1,1,0,1,1,1,0,0,0,0,1,1,1,0,1,0,0,0,1,0,0,0,0,0.586125
0,1,1,0,1,1,1,0,1,0,0,1,1,0,0,0,1,1,1,1,1,0,0,0,1,0,1,0,0,1,1,0,0.594288
0,0,1,0,0,0,1,0,0,0,1,1,0,1,1,1,0,0,0,1,0,1,0,1,0,1,1,0,1,0,0,1,0.585571
0,0,0,1,1,0,1,0,1,0,0,1,1,1,0,1,1,0,1,1,0,0,1,1,0,0,1,0,1,0,1,0,0.592327
1,0,1,1,1,0,1,0,0,0,1,0,1,0,0,1,1,1,0,0,1,0,1,1,0,0,1,1,1,0,0,1,0.599190
1,1,0,0,0,0,1,0,0,0,1,0,0,0,0,0,0,0,1,1,0,1,1,0,1,0,1,1,1,0,0,1,0.594096
0,0,1,1,1,1,0,1,1,1,0,0,1,1,1,0,1,0,0,0,0,1,0,0,1,1,0,0,1,0,1,0,0.592391
0,0,1,1,0,0,0,0,0,1,1,0,1,0,1,0,1,1,1,0,1,0,0,0,1,0,0,1,1,0,1,1,0.596078
0,0,0,0,0,1,0,1,0,1,1,0,0,1,0,0,1,0,1,0,0,1,1,0,1,1,0,0,0,0,0,0,0.586658
1,1,1,0,1,0,1,1,1,1,1,0,0,1,1,0,1,1,1,1,1,1,0,0,1,0,1,1,1,0,0,1,0.593670
1,0,0,1,0,0,0,0,0,1,1,0,1,1,1,1,1,0,1,1,0,0,1,1,1,0,1,1,0,1,0,0,0.598188
0,1,1,0,0,1,0,1,0,0,0,1,0,1,1,0,0,1,0,0,1,1,0,1,0,1,0,1,1,1,1,1,0.569885
1,0,1,0,1,1,1,1,0,0,0,1,0,0,0,1,1,1,1,1,0,0,1,0,1,1,1,0,1,0,1,1,0.591027
1,1,1,0,0,1,0,0,1,0,1,0,0,1,1,1,0,1,1,0,1,1,0,1,1,0,1,0,0,0,0,0,0.613022
1,0,0,0,0,0,1,1,1,0,0,1,1,1,1,1,1,0,0,0,1,1,1,0,1,1,0,1,1,0,0,1,0.596164
1,0,0,1,1,0,0,0,1,0,1,1,0,0,1,1,1,0,1,0,0,0,1,0,1,1,0,1,1,0,0,1,0.595652
0,1,1,1,1,0,1,1,1,1,0,1,1,0,0,0,0,0,0,0,1,0,1,1,0,0,0,0,0,1,1,0,0.572506
0,1,1,0,0,0,0,1,0,1,0,0,0,0,0,0,1,1,0,0,1,0,1,1,1,1,0,0,0,1,1,0,0.599702
1,0,0,1,1,1,0,0,1,1,1,1,1,1,1,1,1,1,1,0,0,0,0,0,1,1,1,1,0,0,0,0,0.592988
1,0,1,0,0,1,0,1,0,0,0,0,0,1,1,0,0,1,0,1,0,0,0,0,0,1,1,0,1,1,0,1,0.593308
0,0,1,0,1,0,0,1,0,1,0,0,0,1,1,1,0,1,1,0,0,1,1,0,1,1,0,1,1,1,1,0,0.588278
1,1,0,1,1,0,0,1,0,0,0,1,0,0,1,0,1,1,0,0,1,1,1,1,1,0,0,0,1,1,0,1,0.587788
1,1,1,0,1,0,0,1,0,0,1,0,1,1,0,0,0,0,1,1,0,1,0,1,0,1,0,0,1,1,0,0,0.590665
1,0,1,1,0,0,0,1,1,1,1,0,1,1,0,1,0,0,1,0,1,1,0,0,1,0,0,0,1,0,0,1,0.603986
1,1,0,1,1,1,1,1,1,1,1,0,0,1,1,0,1,1,1,0,1,1,1,1,1,0,1,1,1,0,0,1,0.590494
0,1,0,1,1,0,0,0,0,1,0,0,0,1,0,1,0,0,1,1,0,0,1,1,1,1,0,0,1,1,0,1,0.588150
0,0,1,1,0,0,0,1,0,1,1,0,0,0,1,1,0,0,0,1,0,1,1,1,1,1,1,0,0,0,0,0,0.592882
0,0,0,1,1,1,0,0,0,0,1,1,1,1,0,0,1,0,0,0,1,0,1,1,1,1,0,0,1,0,1,1,0.579689
0,1,1,0,1,1,1,1,0,1,0,1,0,0,0,1,0,1,1,1,0,1,1,0,1,0,1,1,0,0,0,0,0.591262
0,0,1,1,1,1,1,1,1,0,1,0,1,1,0,0,1,0,1,1,1,1,1,0,1,1,1,0,1,0,1,0,0.590708
0,0,1,0,0,1,0,0,1,1,0,1,1,1,0,1,0,0,0,1,1,1,1,0,1,0,0,0,0,1,0,1,0.591496
0,1,0,1,0,1,1,0,0,1,0,0,1,1,0,0,0,1,0,0,0,0,1,0,0,0,0,1,0,0,0,1,0.581032
0,0,1,0,1,0,1,0,1,1,0,1,0,0,0,0,1,0,0,1,1,0,0,1,0,1,0,0,1,1,0,1,0.588619
1,1,0,1,0,0,1,0,1,0,1,0,1,0,0,0,0,0,0,1,0,1,1,1,1,1,1,0,1,1,0,1,0.596569
1,0,1,0,1,1,0,0,0,1,1,0,1,1,0,0,0,0,1,0,1,1,1,1,0,0,1,0,0,0,0,1,0.575916
1,0,1,1,0,0,1,1,1,1,1,1,1,0,0,0,0,0,1,0,0,0,0,0,1,1,1,0,0,0,1,1,0.571100
0,1,1,0,0,1,1,0,0,0,0,0,0,1,1,0,1,0,0,1,1,0,0,0,1,1,1,0,0,1,1,1,0.590921
0,0,0,1,1,0,0,0,0,1,1,0,1,1,1,1,0,1,0,0,0,0,0,1,1,1,1,0,0,0,0,1,0.588555
0,0,0,0,0,0,1,1,1,0,1,1,1,1,0,1,1,1,1,1,1,0,1,0,0,0,1,1,1,1,0,0,0.592008
1,1,1,1,1,0,0,0,0,0,1,1,1,0,0,0,0,1,1,0,1,1,0,1,0,1,1,1,0,1,0,0,0.589791
1,0,1,0,1,0,1,0,0,1,1,1,1,0,0,1,0,0,0,0,1,0,1,1,0,0,1,0,0,0,0,1,0.561616
0,0,0,0,0,1,0,1,1,0,1,0,0,0,0,1,0,1,1,1,1,1,0,0,0,1,0,1,1,0,0,1,0.575426
1,0,1,0,0,0,0,1,0,0,1,1,1,1,0,0,0,0,0,1,0,1,0,1,0,0,0,1,0,0,1,1,0.597208
1,0,0,1,0,1,1,0,1,1,0,1,0,0,0,1,1,0,0,1,1,0,1,1,0,0,0,1,1,0,0,0,0.596505
1,0,1,1,0,1,1,1,0,0,1,1,1,0,0,0,1,0,1,0,0,1,0,1,0,1,0,1,1,1,1,0,0.595929
1,1,0,1,1,0,0,0,1,1,1,1,0,0,0,0,0,1,1,1,1,1,1,1,0,1,0,0,1,1,0,1,0.591283
0,0,0,1,0,1,0,1,1,1,0,1,1,0,0,1,1,0,0,0,1,0,0,0,0,1,0,1,1,1,0,0,0.589962
0,0,0,1,1,1,1,1,0,0,0,1,0,1,0,1,0,1,0,0,1,0,0,1,1,0,1,1,1,1,1,1,0.543627
0,1,1,1,1,1,0,1,0,0,1,1,1,0,0,1,1,0,0,1,1,0,1,0,1,1,0,1,1,1,0,0,0.593734
1,0,1,0,0,0,1,0,0,0,1,0,0,1,0,1,0,0,0,1,1,1,1,1,1,1,0,1,1,0,1,1,0.584442
0,0,0,0,0,1,0,0,1,1,0,1,0,0,0,1,0,0,1,1,1,1,1,1,0,0,0,1,0,0,1,1,0.566347
0,0,1,1,0,0,1,1,0,1,0,0,0,1,0,0,1,0,1,0,0,0,0,0,1,1,1,0,0,0,0,1,0.597677
0,1,0,0,1,0,1,1,1,0,1,0,1,0,0,0,0,1,1,0,1,1,1,1,1,0,1,0,0,1,1,0,0.594629
1,0,0,1,0,1,0,0,0,0,1,0,0,1,1,0,1,1,0,0,0,1,0,1,1,1,0,0,0,1,0,1,0.600682
1,1,0,0,1,1,1,1,0,0,1,0,0,1,1,1,0,0,0,1,0,1,1,1,0,1,1,0,1,1,1,0,0.570034
0,1,1,0,1,0,1,1,0,0,0,0,1,1,1,0,1,1,1,0,0,0,0,1,1,1,1,1,1,1,1,1,0.585294
0,1,0,0,0,0,0,1,0,1,0,1,0,1,0,0,1,1,1,1,0,1,0,1,1,1,0,0,0,1,1,0,0.596633
0,0,1,1,0,0,0,0,0,0,0,0,1,1,1,0,1,1,0,1,0,1,1,1,0,1,0,1,1,1,0,0,0.588981
0,0,1,0,1,0,0,0,1,0,1,1,1,1,1,0,0,0,0,0,1,0,1,1,0,1,0,0,0,1,1,1,0.569800
0,0,1,1,1,0,0,1,0,1,1,0,0,0,1,0,1,0,1,1,1,0,1,0,1,0,0,0,0,1,1,1,0.592668
0,0,0,1,1,0,0,0,1,0,0,0,0,0,0,0,0,0,1,0,0,0,0,0,0,1,1,0,1,1,0,0,0.569139
1,0,0,1,1,1,0,1,1,1,0,1,1,1,1,0,0,0,1,0,1,1,1,0,0,1,0,1,1,1,1,1,0.579284
1,1,0,0,1,0,1,1,1,1,1,1,1,1,1,0,1,0,0,1,0,0,0,1,1,1,0,0,1,1,1,1,0.593436
1,1,0,1,0,0,1,0,0,1,0,0,1,0,0,0,1,1,0,1,0,1,1,0,1,1,0,1,1,1,0,0,0.591603
1,1,1,1,1,1,1,0,1,1,1,0,0,1,0,0,1,1,0,1,1,1,0,1,0,1,0,0,1,0,0,0,0.584548
1,1,0,0,0,1,0,1,1,0,1,0,1,0,1,1,1,0,0,0,0,1,0,0,1,1,1,1,1,0,1,0,0.599702
1,1,0,0,0,0,1,1,0,0,1,1,1,1,1,1,1,0,1,1,1,1,1,1,1,0,0,0,0,1,0,0,0.584143
0,1,1,0,1,0,1,0,1,1,0,1,1,1,0,0,0,1,0,1,1,0,0,0,1,1,0,1,0,0,0,1,0.593819
0,0,1,0,1,1,0,0,0,1,0,1,0,1,0,0,1,0,1,1,1,0,0,0,0,0,1,0,0,0,0,0,0.587361
0,1,0,1,1,1,0,0,0,0,0,0,0,0,0,1,0,0,0,0,0,1,0,1,1,1,0,1,0,1,1,1,0.586722
0,1,0,0,0,1,0,0,1,1,0,1,1,0,0,0,1,0,0,0,0,0,0,1,0,1,1,0,0,1,0,1,0.589386
1,0,0,0,0,0,1,0,1,1,1,0,0,1,1,1,1,1,1,1,0,1,0,1,1,1,1,0,0,0,0,0,0.609292
1,0,1,0,1,1,0,0,0,0,0,1,1,1,1,0,1,1,0,0,1,1,1,1,0,0,0,0,0,1,0,1,0.578879
1,0,0,1,1,1,0,0,0,0,0,1,0,1,0,1,1,1,0,1,0,1,0,1,1,1,1,0,0,1,1,1,0.584548
0,0,1,1,1,0,0,1,0,0,1,0,0,0,1,1,0,1,0,0,0,1,0,0,0,0,1,1,1,0,1,0,0.583184
0,1,1,1,0,0,1,1,1,0,0,1,1,0,0,1,1,1,0,0,1,0,1,1,0,0,0,0,0,0,1,0,0.600149
1,1,1,0,0,0,1,0,0,1,1,1,0,0,0,1,0,1,1,1,1,1,0,1,1,1,0,1,1,0,1,0,0.592157
1,0,1,1,1,0,0,1,0,1,0,0,1,1,1,0,0,1,0,0,1,0,1,1,0,0,1,1,0,0,1,1,0.591901
1,0,0,1,1,1,1,1,1,1,0,1,0,1,1,1,0,0,1,1,1,0,0,1,1,1,1,1,0,0,1,1,0.578325
0,1,1,0,0,0,1,0,1,0,0,0,0,0,1,1,0,1,0,0,0,1,1,0,1,0,0,0,1,0,1,0,0.600384
1,1,1,1,1,1,1,0,0,1,1,1,0,0,0,0,0,0,0,0,1,0,0,0,1,1,0,1,1,0,1,0,0.591240
