1,1,1,0,0,1,1,1,1,1,1,1,0,1,1,1,0,1,0,1,1,0,0,0,1,1,1,0,0,1,0,0,0.580456
0,1,1,0,1,1,0,1,0,1,0,0,1,1,0,1,1,1,1,1,0,1,0,1,1,0,1,1,0,0,0,0,0.609292
1,1,0,1,0,0,0,0,0,1,0,0,1,0,1,0,0,1,1,1,1,1,0,0,1,0,0,0,1,0,0,0,0.630136
0,1,0,0,1,0,1,1,0,0,1,1,1,0,1,0,0,0,1,0,1,0,1,0,0,1,0,0,0,0,0,0,0.621270
1,0,0,1,0,0,0,1,0,1,0,1,0,1,0,0,0,1,0,0,0,1,0,0,0,1,1,1,1,0,1,1,0.623402
0,0,0,0,0,1,1,1,0,0,1,0,1,0,0,1,1,0,1,0,1,1,1,0,1,1,0,1,1,0,1,0,0.618755
0,1,1,0,1,1,1,1,0,0,0,1,1,1,1,0,0,0,0,1,1,1,0,1,0,1,0,0,1,0,0,0,0.596505
1,1,1,1,1,1,1,1,1,1,0,1,1,1,1,0,1,1,1,0,0,1,1,0,0,1,0,0,0,0,0,0,0.631714
0,0,0,0,0,1,1,1,1,1,0,0,1,1,1,0,0,1,1,0,0,0,0,1,1,1,0,0,1,0,1,1,0.609399
0,0,1,1,0,0,1,1,0,0,1,0,1,0,1,0,0,1,0,1,1,0,1,1,0,1,0,1,0,0,1,0,0.612553
0,0,0,1,0,0,1,1,0,1,1,0,1,0,0,1,0,1,0,1,1,1,0,0,1,0,0,0,0,1,1,0,0.626364
0,0,1,0,0,1,0,0,0,0,1,0,1,0,0,0,1,1,1,0,1,1,1,0,0,0,0,0,1,1,1,0,0.627451
0,1,1,0,0,1,0,0,1,1,1,1,1,1,1,0,1,1,1,1,0,0,1,1,1,1,1,1,1,0,1,0,0.590580
0,0,1,0,1,1,1,1,0,1,0,1,1,1,0,1,1,1,1,1,0,1,0,1,0,1,0,0,0,0,1,0,0.584633
1,1,1,0,1,1,0,0,0,1,1,0,0,0,1,1,0,0,1,1,0,0,0,0,0,1,0,1,0,1,1,0,0.616262
1,0,0,0,0,0,0,0,0,1,0,1,0,0,0,1,0,0,1,0,1,1,0,1,1,1,1,1,1,1,0,1,0.631820
1,1,0,0,1,0,1,1,0,0,1,1,0,1,1,0,0,0,1,0,1,0,0,0,0,0,1,0,0,1,1,1,0.617583
0,0,0,0,0,1,0,1,1,0,1,1,1,0,1,0,0,0,0,1,1,0,1,1,1,1,1,0,0,1,0,1,0.637639
1,1,1,0,1,0,0,0,1,1,1,1,0,1,1,1,0,1,0,0,1,1,1,1,1,1,0,1,0,1,1,1,0.490217
0,1,1,1,0,1,1,0,1,0,0,0,0,1,0,1,0,0,1,0,0,1,0,0,1,1,1,1,0,0,1,1,0.601321
0,1,1,1,1,1,1,0,1,0,0,0,0,0,0,1,1,0,0,1,0,0,0,0,1,0,0,0,1,1,1,0,0.612639
1,1,0,1,0,0,1,1,1,1,1,1,1,1,0,1,0,1,0,1,1,1,1,1,0,1,0,0,1,0,0,0,0.579966
1,1,1,1,1,1,1,0,1,0,0,1,0,1,0,1,0,0,0,0,0,1,1,1,0,1,1,0,1,1,0,1,0.539045
0,0,1,1,1,0,1,0,0,0,0,0,0,1,0,1,0,1,1,1,0,0,0,0,0,1,0,1,0,0,0,0,0.662575
0,0,0,0,1,1,0,0,1,1,1,0,1,0,0,1,0,1,1,0,0,0,1,0,1,1,0,1,1,1,0,1,0.616880
1,0,1,1,1,0,1,0,1,1,1,1,1,0,0,0,0,0,1,1,1,1,0,1,0,0,1,0,1,0,0,1,0.583951
1,1,0,1,1,0,0,1,0,1,0,1,0,1,0,1,1,0,0,1,0,1,1,0,0,1,1,0,0,1,0,1,0.619565
0,1,0,0,0,1,1,1,0,1,0,1,1,1,1,1,0,0,1,1,1,1,0,0,1,0,1,0,1,1,0,0,0.610656
0,0,0,0,1,0,1,1,0,1,0,1,1,0,0,1,0,1,0,1,1,1,0,0,1,0,1,1,1,1,0,1,0.609165
1,1,1,0,0,1,0,1,0,1,1,1,1,1,1,0,1,0,1,0,1,0,1,1,1,1,1,1,0,1,0,1,0.544757
1,0,0,0,1,0,0,0,1,1,0,1,0,0,1,0,0,0,1,0,1,1,0,1,1,0,1,0,0,1,0,1,0.638150
0,1,0,1,1,1,1,1,0,0,1,1,0,1,1,0,1,0,1,1,0,1,1,0,0,1,1,1,1,0,1,0,0.586957
0,0,0,1,1,1,0,1,1,0,0,0,1,0,0,1,1,0,0,1,0,1,1,1,1,1,0,1,0,1,1,0,0.566049
1,1,1,1,0,1,1,1,0,0,1,1,1,1,1,1,1,1,1,0,0,0,1,1,0,1,0,1,1,0,0,1,0.539557
1,0,1,0,0,1,1,1,1,1,0,1,1,0,0,1,0,0,1,0,0,0,0,1,0,0,0,1,1,0,0,0,0.609974
0,1,1,1,1,1,0,0,1,1,0,0,0,0,0,1,0,1,1,0,1,1,1,1,0,0,1,1,1,1,1,0,0.609015
0,1,1,1,1,1,0,1,0,0,0,1,0,0,1,0,0,1,1,1,0,1,1,0,1,1,0,1,0,1,1,1,0.574211
0,0,1,0,1,1,0,1,1,0,0,1,1,1,1,1,0,1,1,1,0,1,0,0,0,1,1,0,0,0,0,1,0.604668
0,1,0,0,0,0,0,0,0,0,0,0,1,0,1,0,1,0,1,0,0,0,0,1,0,1,0,0,1,0,0,0,0.652856
0,1,1,0,0,0,1,0,1,0,0,1,0,0,1,1,0,0,0,0,0,1,1,0,0,0,0,0,0,0,1,0,0.637553
0,1,0,0,1,0,1,1,1,0,1,1,1,1,1,0,0,1,1,1,0,0,1,0,1,0,1,0,1,0,1,0,0.593905
1,0,0,0,1,1,1,0,0,1,1,1,1,0,0,0,1,0,1,0,0,1,0,0,1,1,1,1,1,1,1,0,0.625192
0,0,0,0,0,1,0,0,1,0,1,0,1,1,1,0,0,0,1,0,1,1,1,1,0,0,0,1,0,1,0,1,0.656415
0,1,0,0,1,0,0,1,0,0,0,0,1,1,1,1,1,1,0,1,1,1,0,0,1,1,0,0,0,1,0,0,0.604263
0,0,0,1,1,1,0,0,1,1,1,0,0,0,0,0,0,1,1,1,0,1,0,1,0,1,1,1,1,0,1,0,0.617988
1,1,0,0,0,0,1,0,0,1,1,0,1,0,1,0,1,0,1,1,1,0,1,1,0,0,0,1,1,1,0,1,0.596952
1,1,1,1,1,1,1,0,0,0,1,1,0,0,1,1,1,1,0,0,0,0,0,1,1,0,0,0,1,0,1,0,0.602344
0,1,0,1,0,1,0,1,0,0,1,0,0,0,0,0,1,0,1,1,0,0,1,0,0,0,0,0,0,1,1,0,0.645055
0,0,0,1,1,0,1,0,1,0,0,1,1,0,0,1,0,1,0,1,1,1,1,1,0,1,1,0,1,1,0,1,0.569864
0,1,1,1,1,0,1,0,1,0,0,1,0,0,0,1,1,0,0,1,0,1,1,1,1,0,0,1,0,0,1,0,0.587276
0,0,0,1,1,0,0,0,1,1,1,1,0,1,1,0,1,0,0,1,0,1,0,0,1,0,0,0,1,0,1,0,0.610102
0,1,0,1,0,0,0,1,1,1,1,1,1,0,0,0,0,0,0,1,1,0,0,0,0,0,0,1,0,1,0,0,0.621846
1,1,1,0,0,0,0,1,1,0,1,0,0,0,0,0,1,1,1,1,1,0,1,1,0,1,1,1,0,1,1,1,0.547229
1,0,0,0,0,0,0,0,0,1,0,1,0,1,1,0,1,1,0,0,1,1,1,1,0,1,1,0,0,0,1,0,0.637809
0,1,0,0,1,0,0,1,0,1,1,1,0,1,0,0,0,0,0,0,1,0,1,1,1,0,0,0,1,0,0,0,0.634378
0,0,0,0,1,1,1,1,0,1,1,0,1,1,0,0,1,1,0,0,0,0,0,1,1,0,0,1,0,1,1,0,0.595972
1,0,1,0,1,0,1,0,1,1,0,0,0,1,0,1,1,0,0,1,1,0,1,0,1,0,1,1,0,1,0,1,0.592349
1,1,1,0,1,1,0,0,0,1,0,1,1,1,1,0,1,0,1,1,0,1,0,0,1,0,0,0,0,1,1,0,0.636637
1,0,0,1,0,0,1,0,0,1,0,0,0,0,0,1,0,0,1,1,1,0,0,0,0,1,0,0,1,1,1,0,0.620652
1,0,0,0,0,1,1,1,1,1,0,0,1,1,0,0,1,0,1,0,1,0,0,0,0,0,1,1,1,1,0,0,0.616134
1,0,1,1,1,0,1,0,0,0,1,1,0,0,1,1,1,0,1,1,0,1,0,0,0,0,0,0,1,1,1,1,0.593862
1,1,1,0,1,1,1,1,0,0,1,1,0,1,0,1,1,1,1,0,0,0,1,1,1,1,0,0,0,1,0,0,0.596121
0,1,1,1,0,1,1,0,1,0,0,0,1,1,1,0,1,1,0,0,1,1,1,0,1,1,1,0,0,0,0,0,0.618095
0,0,0,0,0,0,1,0,0,0,0,0,1,1,1,1,0,1,1,1,0,0,1,1,1,1,0,1,0,1,0,1,0.627728
0,1,1,1,0,0,1,0,1,1,1,1,1,0,0,0,1,0,0,1,0,0,1,0,0,1,0,1,1,1,1,1,0.557374
0,0,0,0,0,1,1,1,0,0,0,1,1,1,1,1,0,1,0,1,0,1,0,0,1,0,1,1,0,1,0,0,0.608824
1,0,0,0,1,1,1,1,0,0,0,1,0,1,0,0,1,0,1,0,1,0,1,0,0,0,1,1,0,0,0,0,0.619672
1,0,0,0,1,0,0,0,0,0,0,1,1,1,0,0,0,0,1,0,0,1,0,0,1,1,1,1,1,0,1,0,0.627856
1,0,0,0,0,0,1,1,1,0,1,1,0,0,0,0,0,0,0,1,0,1,0,0,1,0,1,1,0,1,1,0,0.643095
1,1,0,1,1,1,0,1,0,0,1,1,0,1,0,1,0,1,1,1,0,1,1,0,1,1,0,0,1,0,0,1,0.594736
0,1,0,1,0,0,0,1,1,0,1,0,1,0,1,0,1,0,0,1,0,0,1,1,1,1,1,0,1,0,0,1,0.602494
1,1,1,1,0,1,0,1,1,1,0,1,1,1,1,1,1,1,1,1,0,1,1,1,1,0,0,1,1,1,0,0,0.579049
0,1,0,1,1,0,0,0,1,1,0,0,1,0,1,1,0,0,0,1,1,1,1,0,0,0,0,1,1,1,1,1,0.587511
0,1,0,1,0,1,1,1,1,0,0,1,1,0,0,0,1,0,1,1,0,0,0,0,0,0,1,1,0,0,0,1,0.609420
1,1,0,1,0,1,1,0,0,0,1,0,0,1,0,1,1,1,1,0,0,1,0,0,0,1,0,0,0,1,0,1,0.630584
0,1,0,1,0,1,0,1,1,1,1,1,1,0,1,1,1,0,1,0,0,0,0,1,1,0,0,0,0,0,0,0,0.608163
1,0,0,0,1,1,1,1,1,0,0,0,1,1,1,0,1,0,0,0,0,1,1,1,1,1,0,1,0,0,0,0,0.604731
1,0,1,0,0,1,0,0,0,1,1,0,0,1,1,1,0,1,1,0,0,1,0,0,1,0,0,0,0,0,0,0,0.620205
0,0,0,1,1,1,1,0,0,1,1,0,1,1,0,1,1,0,1,1,0,1,0,1,1,0,1,0,1,1,0,1,0.574105
0,1,0,1,1,1,1,1,0,0,0,0,1,1,1,0,1,1,0,1,0,1,0,0,1,0,0,1,0,0,0,1,0.623465
1,1,1,0,1,0,1,1,0,0,1,1,0,0,1,0,0,1,1,0,1,1,1,0,1,0,0,1,0,0,0,0,0.605413
0,1,1,0,0,0,0,1,1,1,1,1,0,0,1,1,0,1,0,0,0,0,1,0,1,1,0,1,0,0,0,1,0.617050
0,0,0,0,0,1,1,1,1,0,1,1,0,1,0,1,0,1,1,1,0,0,0,1,1,1,1,0,0,0,1,1,0.595098
0,1,1,0,0,0,1,1,0,0,1,1,1,1,1,1,1,0,0,0,1,1,0,0,1,0,1,1,0,0,1,1,0.562489
1,1,0,0,1,0,1,0,0,0,0,1,1,1,1,1,1,1,0,1,0,0,1,0,0,1,0,1,0,0,0,1,0.622421
0,1,1,0,0,1,0,1,1,1,1,0,1,1,0,1,1,1,1,1,1,1,1,0,1,1,1,1,1,0,1,1,0.511019
1,0,0,0,1,1,0,1,1,1,0,0,1,1,0,0,0,1,0,0,1,1,0,1,0,1,1,0,0,0,0,1,0.592413
1,0,0,1,0,1,0,0,1,1,0,1,1,0,0,0,0,0,0,1,1,0,1,0,1,1,0,0,0,0,1,1,0.601726
0,1,1,0,1,0,0,1,1,1,1,0,1,0,1,1,0,0,0,1,1,0,1,0,1,0,1,1,0,1,1,0,0.595013
0,0,0,0,0,1,0,0,1,1,0,0,1,0,0,0,1,1,0,0,1,0,1,0,0,0,1,0,0,0,1,1,0.633525
0,1,0,0,1,1,0,0,1,0,0,1,0,0,1,1,1,1,1,1,1,1,0,0,1,1,1,1,1,0,1,1,0.558205
1,1,1,0,1,1,0,1,0,0,0,0,0,1,1,1,0,0,1,0,1,0,1,0,0,0,0,0,0,1,1,1,0.595780
0,1,0,0,1,1,1,0,1,0,0,0,0,1,1,1,0,0,0,0,1,0,1,1,0,0,0,1,0,0,1,0,0.579987
1,1,1,1,0,1,0,1,0,0,1,0,0,1,1,0,0,1,0,1,1,1,1,1,0,1,0,0,0,1,1,0,0.554646
1,1,0,1,0,0,1,1,0,0,0,1,0,1,0,0,0,0,1,0,0,0,0,1,0,0,1,0,1,0,1,0,0.631543
1,0,1,0,1,0,1,0,1,1,0,1,1,0,1,1,1,1,0,1,1,1,0,0,1,1,1,1,0,0,0,1,0.568990
0,1,0,1,0,0,0,0,0,1,0,0,0,0,1,0,1,0,1,1,0,0,1,0,1,1,0,0,0,1,0,0,0.629625
1,1,1,1,1,1,0,1,0,1,0,1,1,1,0,1,1,1,1,1,0,1,1,1,1,0,1,0,1,1,0,1,0.533184
1,1,1,1,0,0,0,1,0,0,0,0,1,1,0,1,0,0,0,0,1,0,1,1,1,1,1,0,1,1,0,1,0.581841
0,1,0,0,1,0,1,0,1,0,1,1,1,0,1,1,0,0,0,1,1,0,1,0,0,1,1,0,0,1,0,1,0.600767
1,1,0,0,1,0,1,1,1,0,0,1,1,0,0,1,0,0,1,1,1,0,0,0,1,0,1,1,1,1,1,0,0.589898
0,1,0,0,1,0,0,1,0,0,1,1,1,1,0,0,0,0,1,1,1,1,1,0,1,1,1,1,1,0,0,1,0.605541
0,0,0,1,1,1,0,1,0,0,1,0,0,0,1,0,0,1,1,0,1,1,1,0,0,0,0,0,1,1,0,1,0.620887
0,1,0,0,0,0,1,0,0,0,1,0,0,0,0,1,0,0,0,0,0,0,1,1,1,1,1,1,0,1,1,0,0.666837
1,1,0,0,0,1,0,0,1,0,1,1,1,0,1,0,0,0,1,0,0,0,0,0,1,0,0,0,0,1,0,1,0.620951
0,0,0,1,1,0,0,1,0,0,1,0,0,1,0,1,1,0,0,1,0,1,1,1,1,1,0,1,0,1,0,0,0.613321
1,0,1,1,1,1,1,0,0,0,0,0,1,0,0,1,1,1,0,0,1,0,1,1,0,0,0,0,1,0,0,1,0.586616
0,0,0,1,0,1,0,0,1,1,1,0,1,1,1,1,1,1,1,0,0,0,0,0,0,0,0,0,0,1,0,0,0.609484
1,0,1,0,1,1,1,0,1,0,0,1,0,0,0,0,1,0,0,1,0,0,1,1,1,0,0,0,1,0,0,1,0.616113
1,0,1,1,1,1,1,1,1,0,0,1,0,1,0,0,1,0,1,0,1,1,1,1,1,1,0,0,0,0,0,0,0.637255
0,1,0,0,1,1,1,1,0,1,0,1,0,1,1,1,0,0,0,1,0,0,1,0,0,0,1,1,0,0,0,1,0.676556
1,1,0,0,0,0,1,1,0,0,0,0,0,0,1,1,0,0,1,1,0,0,0,1,0,0,1,0,1,0,0,0,0.636807
1,0,0,0,0,0,0,0,1,0,0,1,1,0,1,0,1,1,0,1,0,0,1,1,1,1,1,1,1,0,1,1,0.572485
1,1,0,1,0,0,0,0,0,1,1,1,1,0,1,0,0,0,0,1,0,1,0,1,0,1,0,0,1,0,1,0,0.622272
1,0,1,0,1,0,1,1,0,0,0,1,1,0,0,0,0,0,0,1,1,1,1,1,0,1,1,0,0,0,0,1,0.596910
0,1,0,1,0,1,1,1,1,1,0,1,1,1,0,1,1,0,0,1,0,0,1,0,0,0,1,1,0,1,0,1,0.603090
0,1,1,1,0,1,0,1,1,0,0,1,0,1,1,0,0,0,0,1,0,0,1,1,1,0,1,0,1,1,1,1,0.541240
1,0,1,1,1,0,1,0,1,0,0,0,1,1,0,1,0,0,0,1,1,1,1,1,0,1,1,0,1,1,0,0,0.560465
0,1,1,1,0,1,0,1,0,0,0,1,1,0,0,1,1,1,1,0,1,1,1,0,0,0,1,0,0,0,1,0,0.597847
0,0,1,1,0,0,1,0,1,1,0,0,1,0,0,1,1,0,1,0,0,0,1,0,1,0,0,0,1,0,1,1,0.604327
0,0,0,0,1,0,0,1,1,0,1,0,1,1,1,1,1,0,1,0,1,0,0,0,1,1,0,1,0,1,0,0,0.605882
1,0,0,1,1,1,0,0,1,0,0,1,0,0,0,0,0,0,0,0,1,1,0,1,0,1,1,1,0,0,0,0,0.626769
1,0,0,0,1,1,0,1,0,0,0,0,0,1,1,1,0,1,0,0,0,1,1,1,1,1,1,1,0,1,1,1,0.554859
0,0,0,0,0,0,0,1,1,0,1,0,1,0,0,0,1,0,0,0,1,1,0,1,0,0,1,1,1,1,1,1,0.636616
1,1,0,1,0,0,0,1,1,0,1,1,1,0,1,1,1,1,0,1,1,1,0,1,1,0,1,1,1,1,0,1,0.518286
0,1,1,1,0,0,0,1,1,1,1,1,1,0,0,1,1,1,1,0,1,1,1,0,0,1,0,0,1,0,0,0,0.602643
0,1,1,1,1,1,0,1,0,1,1,1,0,1,0,0,1,1,1,1,0,1,0,1,0,1,0,0,0,0,1,1,0.599616
0,0,0,1,1,1,1,1,0,0,1,1,1,0,0,1,0,0,0,1,1,0,1,0,0,0,0,0,0,0,1,0,0.649233
