1,1,1,0,1,0,0,0,1,1,1,1,0,1,1,1,0,1,0,0,1,1,1,1,1,1,0,1,0,1,1,1,0.490676
1,0,0,0,1,1,0,1,0,0,0,0,0,1,1,1,0,1,0,0,0,1,1,1,1,1,1,1,0,1,1,1,0.557545
0,0,0,1,1,1,0,0,1,1,1,0,0,0,0,0,0,1,1,1,0,1,0,1,0,1,1,1,1,0,1,0,0.614397
1,0,1,0,1,1,1,0,1,0,0,1,0,0,0,0,1,0,0,1,0,0,1,1,1,0,0,0,1,0,0,1,0.614983
1,1,0,1,0,0,0,0,0,1,1,1,1,0,1,0,0,0,0,1,0,1,0,1,0,1,0,0,1,0,1,0,0.620151
1,1,1,1,0,1,0,1,1,1,0,1,1,1,1,1,1,1,1,1,0,1,1,1,1,0,0,1,1,1,0,0,0.575314
0,0,0,1,0,0,1,1,0,1,1,0,1,0,0,1,0,1,0,1,1,1,0,0,1,0,0,0,0,1,1,0,0.625346
0,1,0,1,0,0,0,0,0,1,0,0,0,0,1,0,1,0,1,1,0,0,1,0,1,1,0,0,0,1,0,0,0.628437
0,0,0,1,0,1,0,0,1,1,1,0,1,1,1,1,1,1,1,0,0,0,0,0,0,0,0,0,0,1,0,0,0.607923
0,0,0,0,0,1,1,1,0,0,1,0,1,0,0,1,1,0,1,0,1,1,1,0,1,1,0,1,1,0,1,0,0.617141
0,1,0,0,1,1,1,0,1,0,0,0,0,1,1,1,0,0,0,0,1,0,1,1,0,0,0,1,0,0,1,0,0.580616
0,1,0,1,1,1,1,1,0,0,0,0,1,1,1,0,1,1,0,1,0,1,0,0,1,0,0,1,0,0,0,1,0.621190
1,1,0,0,0,0,1,0,0,1,1,0,1,0,1,0,1,0,1,1,1,0,1,1,0,0,0,1,1,1,0,1,0.594949
1,1,1,0,0,1,0,1,0,1,1,1,1,1,1,0,1,0,1,0,1,0,1,1,1,1,1,1,0,1,0,1,0.541347
0,1,1,1,1,1,0,1,0,1,1,1,0,1,0,0,1,1,1,1,0,1,0,1,0,1,0,0,0,0,1,1,0.596334
0,0,0,0,0,1,0,1,1,0,1,1,1,0,1,0,0,0,0,1,1,0,1,1,1,1,1,0,0,1,0,1,0.637228
1,1,1,0,0,0,0,1,1,0,1,0,0,0,0,0,1,1,1,1,1,0,1,1,0,1,1,1,0,1,1,1,0.546169
0,0,0,1,1,1,1,1,0,0,1,1,1,0,0,1,0,0,0,1,1,0,1,0,0,0,0,0,0,0,1,0,0.646952
0,1,1,1,1,0,1,0,1,0,0,1,0,0,0,1,1,0,0,1,0,1,1,1,1,0,0,1,0,0,1,0,0.587676
0,1,0,0,1,0,0,1,0,0,0,0,1,1,1,1,1,1,0,1,1,1,0,0,1,1,0,0,0,1,0,0,0.601689
0,1,0,0,1,0,0,1,0,0,1,1,1,1,0,0,0,0,1,1,1,1,1,0,1,1,1,1,1,0,0,1,0.606431
0,1,1,0,0,1,0,1,1,1,1,0,1,1,0,1,1,1,1,1,1,1,1,0,1,1,1,1,1,0,1,1,0.510124
0,1,0,0,0,0,1,0,0,0,1,0,0,0,0,1,0,0,0,0,0,0,1,1,1,1,1,1,0,1,1,0,0.664882
1,1,0,1,0,0,0,1,1,0,1,1,1,0,1,1,1,1,0,1,1,1,0,1,1,0,1,1,1,1,0,1,0.515478
0,0,0,1,1,1,0,1,1,0,0,0,1,0,0,1,1,0,0,1,0,1,1,1,1,1,0,1,0,1,1,0,0.567695
0,1,0,1,1,0,0,0,1,1,0,0,1,0,1,1,0,0,0,1,1,1,1,0,0,0,0,1,1,1,1,1,0.586743
1,1,1,1,1,1,1,0,0,0,1,1,0,0,1,1,1,1,0,0,0,0,0,1,1,0,0,0,1,0,1,0,0.600037
0,0,1,1,1,0,1,0,0,0,0,0,0,1,0,1,0,1,1,1,0,0,0,0,0,1,0,1,0,0,0,0,0.658142
1,0,0,0,0,0,0,0,0,1,0,1,0,0,0,1,0,0,1,0,1,1,0,1,1,1,1,1,1,1,0,1,0.629849
0,0,0,0,0,1,1,1,0,0,0,1,1,1,1,1,0,1,0,1,0,1,0,0,1,0,1,1,0,1,0,0,0.612132
1,1,1,1,0,1,0,1,0,0,1,0,0,1,1,0,0,1,0,1,1,1,1,1,0,1,0,0,0,1,1,0,0.555573
0,0,1,0,1,1,0,1,1,0,0,1,1,1,1,1,0,1,1,1,0,1,0,0,0,1,1,0,0,0,0,1,0.601316
0,0,0,0,0,1,1,1,1,0,1,1,0,1,0,1,0,1,1,1,0,0,0,1,1,1,1,0,0,0,1,1,0.596547
1,0,0,0,1,1,0,1,1,1,0,0,1,1,0,0,0,1,0,0,1,1,0,1,0,1,1,0,0,0,0,1,0.591885
0,0,0,0,0,0,1,0,0,0,0,0,1,1,1,1,0,1,1,1,0,0,1,1,1,1,0,1,0,1,0,1,0.632753
1,0,0,0,0,1,1,1,1,1,0,0,1,1,0,0,1,0,1,0,1,0,0,0,0,0,1,1,1,1,0,0,0.614051
1,1,1,0,1,0,1,1,0,0,1,1,0,0,1,0,0,1,1,0,1,1,1,0,1,0,0,1,0,0,0,0,0.604060
0,1,0,1,1,1,1,1,0,0,1,1,0,1,1,0,1,0,1,1,0,1,1,0,0,1,1,1,1,0,1,0,0.586850
1,0,0,0,0,0,0,0,1,0,0,1,1,0,1,0,1,1,0,1,0,0,1,1,1,1,1,1,1,0,1,1,0.571212
1,0,1,0,1,0,1,1,0,0,0,1,1,0,0,0,0,0,0,1,1,1,1,1,0,1,1,0,0,0,0,1,0.596148
1,0,1,1,1,1,1,1,1,0,0,1,0,1,0,0,1,0,1,0,1,1,1,1,1,1,0,0,0,0,0,0,0.633179
1,1,1,0,0,1,1,1,1,1,1,1,0,1,1,1,0,1,0,1,1,0,0,0,1,1,1,0,0,1,0,0,0.577472
1,1,1,1,1,1,1,0,1,0,0,1,0,1,0,1,0,0,0,0,0,1,1,1,0,1,1,0,1,1,0,1,0.536338
0,1,0,0,1,0,1,1,1,0,1,1,1,1,1,0,0,1,1,1,0,0,1,0,1,0,1,0,1,0,1,0,0.594389
1,0,0,0,0,0,1,1,1,0,1,1,0,0,0,0,0,0,0,1,0,1,0,0,1,0,1,1,0,1,1,0,0.641571
1,1,0,1,0,1,1,0,0,0,1,0,0,1,0,1,1,1,1,0,0,1,0,0,0,1,0,0,0,1,0,1,0.629715
1,0,1,1,1,0,1,0,0,0,1,1,0,0,1,1,1,0,1,1,0,1,0,0,0,0,0,0,1,1,1,1,0.590473
1,1,0,1,0,0,1,1,1,1,1,1,1,1,0,1,0,1,0,1,1,1,1,1,0,1,0,0,1,0,0,0,0.578858
0,1,1,0,0,0,0,1,1,1,1,1,0,0,1,1,0,1,0,0,0,0,1,0,1,1,0,1,0,0,0,1,0.613651
0,0,0,0,0,1,1,1,1,1,0,0,1,1,1,0,0,1,1,0,0,0,0,1,1,1,0,0,1,0,1,1,0.605738
0,1,0,0,1,0,1,1,0,0,1,1,1,0,1,0,0,0,1,0,1,0,1,0,0,1,0,0,0,0,0,0,0.620444
1,0,0,0,1,1,1,1,1,0,0,0,1,1,1,0,1,0,0,0,0,1,1,1,1,1,0,1,0,0,0,0,0.604220
0,1,0,1,0,0,0,1,1,0,1,0,1,0,1,0,1,0,0,1,0,0,1,1,1,1,1,0,1,0,0,1,0.600410
1,0,1,0,0,1,1,1,1,1,0,1,1,0,0,1,0,0,1,0,0,0,0,1,0,0,0,1,1,0,0,0,0.608403
1,1,0,1,1,0,0,1,0,1,0,1,0,1,0,1,1,0,0,1,0,1,1,0,0,1,1,0,0,1,0,1,0.614983
1,1,0,1,1,1,0,1,0,0,1,1,0,1,0,1,0,1,1,1,0,1,1,0,1,1,0,0,1,0,0,1,0.591805
0,1,1,1,1,1,1,0,1,0,0,0,0,0,0,1,1,0,0,1,0,0,0,0,1,0,0,0,1,1,1,0,0.611227
1,1,0,0,0,1,0,0,1,0,1,1,1,0,1,0,0,0,1,0,0,0,0,0,1,0,0,0,0,1,0,1,0.620018
0,1,0,0,0,0,0,0,0,0,0,0,1,0,1,0,1,0,1,0,0,0,0,1,0,1,0,0,1,0,0,0,0.649297
1,1,0,0,1,0,1,1,0,0,1,1,0,1,1,0,0,0,1,0,1,0,0,0,0,0,1,0,0,1,1,1,0.614184
0,0,0,0,1,0,0,1,1,0,1,0,1,1,1,1,1,0,1,0,1,0,0,0,1,1,0,1,0,1,0,0,0.604486
0,0,0,1,1,1,1,0,0,1,1,0,1,1,0,1,1,0,1,1,0,1,0,1,1,0,1,0,1,1,0,1,0.573902
1,1,1,1,0,0,0,1,0,0,0,0,1,1,0,1,0,0,0,0,1,0,1,1,1,1,1,0,1,1,0,1,0.580776
1,1,1,0,1,1,0,0,0,1,1,0,0,0,1,1,0,0,1,1,0,0,0,0,0,1,0,1,0,1,1,0,0.614317
0,0,0,0,1,0,1,1,0,1,0,1,1,0,0,1,0,1,0,1,1,1,0,0,1,0,1,1,1,1,0,1,0.612079
0,1,0,1,0,1,0,1,0,0,1,0,0,0,0,0,1,0,1,1,0,0,1,0,0,0,0,0,0,1,1,0,0.643649
1,1,1,0,1,1,0,1,0,0,0,0,0,1,1,1,0,0,1,0,1,0,1,0,0,0,0,0,0,1,1,1,0.594070
0,1,1,1,1,1,0,0,1,1,0,0,0,0,0,1,0,1,1,0,1,1,1,1,0,0,1,1,1,1,1,0,0.607710
0,0,0,0,0,1,0,0,1,1,0,0,1,0,0,0,1,1,0,0,1,0,1,0,0,0,1,0,0,0,1,1,0.629502
1,1,1,1,1,1,0,1,0,1,0,1,1,1,0,1,1,1,1,1,0,1,1,1,1,0,1,0,1,1,0,1,0.529891
1,0,1,1,1,0,1,0,1,1,1,1,1,0,0,0,0,0,1,1,1,1,0,1,0,0,1,0,1,0,0,1,0.582055
1,0,1,0,1,0,1,0,1,1,0,1,1,0,1,1,1,1,0,1,1,1,0,0,1,1,1,1,0,0,0,1,0.568787
0,1,1,0,0,0,1,0,1,0,0,1,0,0,1,1,0,0,0,0,0,1,1,0,0,0,0,0,0,0,1,0,0.636642
1,1,0,1,0,0,0,0,0,1,0,0,1,0,1,0,0,1,1,1,1,1,0,0,1,0,0,0,1,0,0,0,0.627558
0,1,0,1,0,0,0,1,1,1,1,1,1,0,0,0,0,0,0,1,1,0,0,0,0,0,0,1,0,1,0,0,0.620444
0,1,0,0,0,1,1,1,0,1,0,1,1,1,1,1,0,0,1,1,1,1,0,0,1,0,1,0,1,1,0,0,0.611600
1,1,1,0,1,1,1,1,0,0,1,1,0,1,0,1,1,1,1,0,0,0,1,1,1,1,0,0,0,1,0,0,0.592338
0,0,0,1,1,0,0,1,0,0,1,0,0,1,0,1,1,0,0,1,0,1,1,1,1,1,0,1,0,1,0,0,0.614370
1,1,0,0,1,0,1,1,1,0,0,1,1,0,0,1,0,0,1,1,1,0,0,0,1,0,1,1,1,1,1,0,0.590100
0,1,0,1,0,1,1,1,1,0,0,1,1,0,0,0,1,0,1,1,0,0,0,0,0,0,1,1,0,0,0,1,0.609548
0,0,0,0,0,0,0,1,1,0,1,0,1,0,0,0,1,0,0,0,1,1,0,1,0,0,1,1,1,1,1,1,0.632140
0,1,1,0,1,1,0,1,0,1,0,0,1,1,0,1,1,1,1,1,0,1,0,1,1,0,1,1,0,0,0,0,0.608802
0,0,1,1,0,0,1,0,1,1,0,0,1,0,0,1,1,0,1,0,0,0,1,0,1,0,0,0,1,0,1,1,0.601476
0,1,0,0,1,0,1,0,1,0,1,1,1,0,1,1,0,0,0,1,1,0,1,0,0,1,1,0,0,1,0,1,0.600330
1,0,0,1,0,0,0,1,0,1,0,1,0,1,0,0,0,1,0,0,0,1,0,0,0,1,1,1,1,0,1,1,0.621803
1,0,0,1,0,1,0,0,1,1,0,1,1,0,0,0,0,0,0,1,1,0,1,0,1,1,0,0,0,0,1,1,0.600197
1,1,0,0,0,0,1,1,0,0,0,0,0,0,1,1,0,0,1,1,0,0,0,1,0,0,1,0,1,0,0,0,0.632832
0,1,0,0,1,1,0,0,1,0,0,1,0,0,1,1,1,1,1,1,1,1,0,0,1,1,1,1,1,0,1,1,0.558637
1,0,0,1,0,0,1,0,0,1,0,0,0,0,0,1,0,0,1,1,1,0,0,0,0,1,0,0,1,1,1,0,0.619645
1,0,0,0,0,0,0,0,0,1,0,1,0,1,1,0,1,1,0,0,1,1,1,1,0,1,1,0,0,0,1,0,0.635363
0,1,0,1,0,1,1,1,1,1,0,1,1,1,0,1,1,0,0,1,0,0,1,0,0,0,1,1,0,1,0,1,0.599211
1,0,1,1,1,1,1,0,0,0,0,0,1,0,0,1,1,1,0,0,1,0,1,1,0,0,0,0,1,0,0,1,0.585278
1,1,0,1,0,0,1,1,0,0,0,1,0,1,0,0,0,0,1,0,0,0,0,1,0,0,1,0,1,0,1,0,0.629209
0,0,0,1,1,0,1,0,1,0,0,1,1,0,0,1,0,1,0,1,1,1,1,1,0,1,1,0,1,1,0,1,0.567668
0,1,0,0,1,1,1,1,0,1,0,1,0,1,1,1,0,0,0,1,0,0,1,0,0,0,1,1,0,0,0,1,0.673540
0,0,1,1,0,0,1,1,0,0,1,0,1,0,1,0,0,1,0,1,1,0,1,1,0,1,0,1,0,0,1,0,0.611679
0,1,1,1,0,0,1,0,1,1,1,1,1,0,0,0,1,0,0,1,0,0,1,0,0,1,0,1,1,1,1,1,0.555440
0,1,1,1,0,1,0,1,1,0,0,1,0,1,1,0,0,0,0,1,0,0,1,1,1,0,1,0,1,1,1,1,0.543238
0,0,0,0,1,1,0,0,1,1,1,0,1,0,0,1,0,1,1,0,0,0,1,0,1,1,0,1,1,1,0,1,0.617727
1,0,0,0,1,0,0,0,1,1,0,1,0,0,1,0,0,0,1,0,1,1,0,1,1,0,1,0,0,1,0,1,0.637228
0,1,0,0,1,0,0,1,0,1,1,1,0,1,0,0,0,0,0,0,1,0,1,1,1,0,0,0,1,0,0,0,0.633765
1,0,0,0,1,0,0,0,0,0,0,1,1,1,0,0,0,0,1,0,0,1,0,0,1,1,1,1,1,0,1,0,0.626039
0,0,0,0,0,1,0,0,1,0,1,0,1,1,1,0,0,0,1,0,1,1,1,1,0,0,0,1,0,1,0,1,0.656197
0,1,1,0,0,1,0,0,1,1,1,1,1,1,1,0,1,1,1,1,0,0,1,1,1,1,1,1,1,0,1,0,0.588928
0,1,1,0,0,0,1,1,0,0,1,1,1,1,1,1,1,0,0,0,1,1,0,0,1,0,1,1,0,0,1,1,0.561754
0,0,0,0,1,1,1,1,0,1,1,0,1,1,0,0,1,1,0,0,0,0,0,1,1,0,0,1,0,1,1,0,0.594549
0,1,0,1,0,1,0,1,1,1,1,1,1,0,1,1,1,0,1,0,0,0,0,1,1,0,0,0,0,0,0,0,0.608083
0,1,1,1,0,1,1,0,1,0,0,0,0,1,0,1,0,0,1,0,0,1,0,0,1,1,1,1,0,0,1,1,0.601103
0,1,1,1,0,1,0,1,0,0,0,1,1,0,0,1,1,1,1,0,1,1,1,0,0,0,1,0,0,0,1,0,0.598838
1,0,0,1,1,1,0,0,1,0,0,1,0,0,0,0,0,0,0,0,1,1,0,1,0,1,1,1,0,0,0,0,0.624520
0,1,1,0,1,1,1,1,0,0,0,1,1,1,1,0,0,0,0,1,1,1,0,1,0,1,0,0,1,0,0,0,0.593377
1,1,1,1,1,1,1,1,1,1,0,1,1,1,1,0,1,1,1,0,0,1,1,0,0,1,0,0,0,0,0,0,0.627504
1,0,1,1,1,0,1,0,1,0,0,0,1,1,0,1,0,0,0,1,1,1,1,1,0,1,1,0,1,1,0,0,0.559410
0,0,0,1,1,1,0,1,0,0,1,0,0,0,1,0,0,1,1,0,1,1,1,0,0,0,0,0,1,1,0,1,0.617194
0,1,1,1,0,0,0,1,1,1,1,1,1,0,0,1,1,1,1,0,1,1,1,0,0,1,0,0,1,0,0,0,0.600250
1,0,1,0,1,0,1,0,1,1,0,0,0,1,0,1,1,0,0,1,1,0,1,0,1,0,1,1,0,1,0,1,0.591033
0,1,1,1,0,1,1,0,1,0,0,0,1,1,1,0,1,1,0,0,1,1,1,0,1,1,1,0,0,0,0,0,0.617088
1,0,0,0,1,1,1,1,0,0,0,1,0,1,0,0,1,0,1,0,1,0,1,0,0,0,1,1,0,0,0,0,0.617913
0,1,1,1,1,1,0,1,0,0,0,1,0,0,1,0,0,1,1,1,0,1,1,0,1,1,0,1,0,1,1,1,0.572490
0,0,0,1,1,0,0,0,1,1,1,1,0,1,1,0,1,0,0,1,0,1,0,0,1,0,0,0,1,0,1,0,0.608882
1,0,1,0,0,1,0,0,0,1,1,0,0,1,1,1,0,1,1,0,0,1,0,0,1,0,0,0,0,0,0,0,0.619086
0,0,1,0,1,1,1,1,0,1,0,1,1,1,0,1,1,1,1,1,0,1,0,1,0,1,0,0,0,0,1,0,0.582774
0,1,1,0,1,0,0,1,1,1,1,0,1,0,1,1,0,0,0,1,1,0,1,0,1,0,1,1,0,1,1,0,0.595615
0,0,1,0,0,1,0,0,0,0,1,0,1,0,0,0,1,1,1,0,1,1,1,0,0,0,0,0,1,1,1,0,0.619379
1,1,1,1,0,1,1,1,0,0,1,1,1,1,1,1,1,1,1,0,0,0,1,1,0,1,0,1,1,0,0,1,0.535273
1,0,0,0,1,1,1,0,0,1,1,1,1,0,0,0,1,0,1,0,0,1,0,0,1,1,1,1,1,1,1,0,0.621963
1,1,0,0,1,0,1,0,0,0,0,1,1,1,1,1,1,1,0,1,0,0,1,0,0,1,0,1,0,0,0,1,0.620631
1,1,1,0,1,1,0,0,0,1,0,1,1,1,1,0,1,0,1,1,0,1,0,0,1,0,0,0,0,1,1,0,0.632193
