1,0,0,1,0,0,0,1,0,1,0,1,0,1,0,0,0,1,0,0,0,1,0,0,0,1,1,1,1,0,1,1,0.620897
0,1,1,0,1,1,0,1,0,1,0,0,1,1,0,1,1,1,1,1,0,1,0,1,1,0,1,1,0,0,0,0,0.606165
0,1,0,1,1,1,1,1,0,0,1,1,0,1,1,0,1,0,1,1,0,1,1,0,0,1,1,1,1,0,1,0,0.585438
1,1,0,1,0,0,0,1,1,0,1,1,1,0,1,1,1,1,0,1,1,1,0,1,1,0,1,1,1,1,0,1,0.515265
0,0,0,0,0,1,1,1,1,0,1,1,0,1,0,1,0,1,1,1,0,0,0,1,1,1,1,0,0,0,1,1,0.595881
1,0,0,0,0,0,0,0,1,0,0,1,1,0,1,0,1,1,0,1,0,0,1,1,1,1,1,1,1,0,1,1,0.571238
0,1,1,0,0,0,0,1,1,1,1,1,0,0,1,1,0,1,0,0,0,0,1,0,1,1,0,1,0,0,0,1,0.613438
0,1,0,0,1,0,0,1,0,0,0,0,1,1,1,1,1,1,0,1,1,1,0,0,1,1,0,0,0,1,0,0,0.601796
0,0,0,0,0,1,0,0,1,0,1,0,1,1,1,0,0,0,1,0,1,1,1,1,0,0,0,1,0,1,0,1,0.656117
1,1,1,0,1,1,0,0,0,1,0,1,1,1,1,0,1,0,1,1,0,1,0,0,1,0,0,0,0,1,1,0,0.632566
0,0,0,1,1,1,0,1,1,0,0,0,1,0,0,1,1,0,0,1,0,1,1,1,1,1,0,1,0,1,1,0,0.567562
1,1,1,1,1,1,1,0,1,0,0,1,0,1,0,1,0,0,0,0,0,1,1,1,0,1,1,0,1,1,0,1,0.537617
1,1,1,0,1,1,0,1,0,0,0,0,0,1,1,1,0,0,1,0,1,0,1,0,0,0,0,0,0,1,1,1,0.593777
0,1,1,0,0,1,0,1,1,1,1,0,1,1,0,1,1,1,1,1,1,1,1,0,1,1,1,1,1,0,1,1,0.509671
1,1,0,1,0,0,0,0,0,1,0,0,1,0,1,0,0,1,1,1,1,1,0,0,1,0,0,0,1,0,0,0,0.627611
0,1,1,1,0,0,0,1,1,1,1,1,1,0,0,1,1,1,1,0,1,1,1,0,0,1,0,0,1,0,0,0,0.601343
1,1,1,1,1,1,0,1,0,1,0,1,1,1,0,1,1,1,1,1,0,1,1,1,1,0,1,0,1,1,0,1,0.530025
1,0,0,0,1,0,0,0,1,1,0,1,0,0,1,0,0,0,1,0,1,1,0,1,1,0,1,0,0,1,0,1,0.635577
1,0,0,0,1,1,0,1,1,1,0,0,1,1,0,0,0,1,0,0,1,1,0,1,0,1,1,0,0,0,0,1,0.591006
0,1,0,0,1,1,0,0,1,0,0,1,0,0,1,1,1,1,1,1,1,1,0,0,1,1,1,1,1,0,1,1,0.558797
0,1,0,1,0,1,0,1,1,1,1,1,1,0,1,1,1,0,1,0,0,0,0,1,1,0,0,0,0,0,0,0,0.606271
1,0,1,1,1,0,1,0,0,0,1,1,0,0,1,1,1,0,1,1,0,1,0,0,0,0,0,0,1,1,1,1,0.592525
0,1,1,1,1,1,0,0,1,1,0,0,0,0,0,1,0,1,1,0,1,1,1,1,0,0,1,1,1,1,1,0,0.608509
0,0,0,0,1,0,1,1,0,1,0,1,1,0,0,1,0,1,0,1,1,1,0,0,1,0,1,1,1,1,0,1,0.610827
0,0,0,1,1,1,1,1,0,0,1,1,1,0,0,1,0,0,0,1,1,0,1,0,0,0,0,0,0,0,1,0,0.647352
0,0,1,0,0,1,0,0,0,0,1,0,1,0,0,0,1,1,1,0,1,1,1,0,0,0,0,0,1,1,1,0,0.620764
0,1,0,1,0,0,0,1,1,1,1,1,1,0,0,0,0,0,0,1,1,0,0,0,0,0,0,1,0,1,0,0,0.619432
0,0,0,1,0,0,1,1,0,1,1,0,1,0,0,1,0,1,0,1,1,1,0,0,1,0,0,0,0,1,1,0,0.625346
1,1,0,0,1,0,1,0,0,0,0,1,1,1,1,1,1,1,0,1,0,0,1,0,0,1,0,1,0,0,0,1,0.620205
0,1,1,1,0,0,1,0,1,1,1,1,1,0,0,0,1,0,0,1,0,0,1,0,0,1,0,1,1,1,1,1,0.554881
0,0,0,1,1,1,0,1,0,0,1,0,0,0,1,0,0,1,1,0,1,1,1,0,0,0,0,0,1,1,0,1,0.617674
1,0,0,0,0,0,1,1,1,0,1,1,0,0,0,0,0,0,0,1,0,1,0,0,1,0,1,1,0,1,1,0,0.642263
0,0,1,1,0,0,1,0,1,1,0,0,1,0,0,1,1,0,1,0,0,0,1,0,1,0,0,0,1,0,1,1,0.601449
0,1,0,0,1,0,1,1,1,0,1,1,1,1,1,0,0,1,1,1,0,0,1,0,1,0,1,0,1,0,1,0,0.593404
1,0,1,1,1,0,1,0,1,0,0,0,1,1,0,1,0,0,0,1,1,1,1,1,0,1,1,0,1,1,0,0,0.560529
1,1,0,0,0,0,1,1,0,0,0,0,0,0,1,1,0,0,1,1,0,0,0,1,0,0,1,0,1,0,0,0,0.632966
0,0,0,1,1,0,1,0,1,0,0,1,1,0,0,1,0,1,0,1,1,1,1,1,0,1,1,0,1,1,0,1,0.569826
0,0,0,1,1,1,0,0,1,1,1,0,0,0,0,0,0,1,1,1,0,1,0,1,0,1,1,1,1,0,1,0,0.614397
1,0,1,0,0,1,0,0,0,1,1,0,0,1,1,1,0,1,1,0,0,1,0,0,1,0,0,0,0,0,0,0,0.618633
1,1,0,1,1,0,0,1,0,1,0,1,0,1,0,1,1,0,0,1,0,1,1,0,0,1,1,0,0,1,0,1,0.613678
1,0,0,1,1,1,0,0,1,0,0,1,0,0,0,0,0,0,0,0,1,1,0,1,0,1,1,1,0,0,0,0,0.625453
0,1,1,1,1,1,0,1,0,0,0,1,0,0,1,0,0,1,1,1,0,1,1,0,1,1,0,1,0,1,1,1,0.571851
0,1,0,0,1,0,0,1,0,0,1,1,1,1,0,0,0,0,1,1,1,1,1,0,1,1,1,1,1,0,0,1,0.603767
0,1,1,0,1,0,0,1,1,1,1,0,1,0,1,1,0,0,0,1,1,0,1,0,1,0,1,1,0,1,1,0,0.592231
1,0,1,1,1,1,1,0,0,0,0,0,1,0,0,1,1,1,0,0,1,0,1,1,0,0,0,0,1,0,0,1,0.585944
1,1,0,1,1,1,0,1,0,0,1,1,0,1,0,1,0,1,1,1,0,1,1,0,1,1,0,0,1,0,0,1,0.592125
1,0,0,0,1,1,0,1,0,0,0,0,0,1,1,1,0,1,0,0,0,1,1,1,1,1,1,1,0,1,1,1,0.556239
0,1,1,1,1,1,1,0,1,0,0,0,0,0,0,1,1,0,0,1,0,0,0,0,1,0,0,0,1,1,1,0,0.611413
0,0,0,1,1,1,1,0,0,1,1,0,1,1,0,1,1,0,1,1,0,1,0,1,1,0,1,0,1,1,0,1,0.570572
1,1,0,0,0,1,0,0,1,0,1,1,1,0,1,0,0,0,1,0,0,0,0,0,1,0,0,0,0,1,0,1,0.618739
1,0,0,1,0,1,0,0,1,1,0,1,1,0,0,0,0,0,0,1,1,0,1,0,1,1,0,0,0,0,1,1,0.600703
0,1,0,0,0,0,1,0,0,0,1,0,0,0,0,1,0,0,0,0,0,0,1,1,1,1,1,1,0,1,1,0,0.663976
0,1,1,0,1,1,1,1,0,0,0,1,1,1,1,0,0,0,0,1,1,1,0,1,0,1,0,0,1,0,0,0,0.595162
1,0,0,0,0,0,0,0,0,1,0,1,0,0,0,1,0,0,1,0,1,1,0,1,1,1,1,1,1,1,0,1,0.629316
1,1,1,0,1,0,0,0,1,1,1,1,0,1,1,1,0,1,0,0,1,1,1,1,1,1,0,1,0,1,1,1,0.490702
1,0,0,0,1,1,1,0,0,1,1,1,1,0,0,0,1,0,1,0,0,1,0,0,1,1,1,1,1,1,1,0,0.621324
1,1,1,0,0,1,1,1,1,1,1,1,0,1,1,1,0,1,0,1,1,0,0,0,1,1,1,0,0,1,0,0,0.579151
1,1,1,1,0,1,0,1,0,0,1,0,0,1,1,0,0,1,0,1,1,1,1,1,0,1,0,0,0,1,1,0,0.557731
0,0,0,0,0,0,0,1,1,0,1,0,1,0,0,0,1,0,0,0,1,1,0,1,0,0,1,1,1,1,1,1,0.634218
1,1,0,1,0,0,1,1,1,1,1,1,1,1,0,1,0,1,0,1,1,1,1,1,0,1,0,0,1,0,0,0,0.577579
0,1,1,1,0,1,0,1,0,0,0,1,1,0,0,1,1,1,1,0,1,1,1,0,0,0,1,0,0,0,1,0,0.597613
0,1,0,0,0,0,0,0,0,0,0,0,1,0,1,0,1,0,1,0,0,0,0,1,0,1,0,0,1,0,0,0,0.651162
1,1,0,1,0,0,0,0,0,1,1,1,1,0,1,0,0,0,0,1,0,1,0,1,0,1,0,0,1,0,1,0,0.619405
0,1,1,1,0,1,1,0,1,0,0,0,0,1,0,1,0,0,1,0,0,1,0,0,1,1,1,1,0,0,1,1,0.601609
1,0,0,0,0,1,1,1,1,1,0,0,1,1,0,0,1,0,1,0,1,0,0,0,0,0,1,1,1,1,0,0,0.615169
1,1,0,0,1,0,1,1,0,0,1,1,0,1,1,0,0,0,1,0,1,0,0,0,0,0,1,0,0,1,1,1,0.614557
0,0,1,1,0,0,1,1,0,0,1,0,1,0,1,0,0,1,0,1,1,0,1,1,0,1,0,1,0,0,1,0,0.612718
1,1,1,1,0,1,0,1,1,1,0,1,1,1,1,1,1,1,1,1,0,1,1,1,1,0,0,1,1,1,0,0,0.575741
1,1,1,1,1,1,1,1,1,1,0,1,1,1,1,0,1,1,1,0,0,1,1,0,0,1,0,0,0,0,0,0,0.627771
1,0,0,1,0,0,1,0,0,1,0,0,0,0,0,1,0,0,1,1,1,0,0,0,0,1,0,0,1,1,1,0,0.620684
0,1,0,1,1,0,0,0,1,1,0,0,1,0,1,1,0,0,0,1,1,1,1,0,0,0,0,1,1,1,1,1,0.587356
1,1,0,1,0,0,1,1,0,0,0,1,0,1,0,0,0,0,1,0,0,0,0,1,0,0,1,0,1,0,1,0,0.628756
0,1,0,0,1,1,1,1,0,1,0,1,0,1,1,1,0,0,0,1,0,0,1,0,0,0,1,1,0,0,0,1,0.670370
1,1,1,0,1,1,0,0,0,1,1,0,0,0,1,1,0,0,1,1,0,0,0,0,0,1,0,1,0,1,1,0,0.614423
0,1,0,0,1,0,1,1,0,0,1,1,1,0,1,0,0,0,1,0,1,0,1,0,0,1,0,0,0,0,0,0,0.619592
0,1,0,1,0,0,0,0,0,1,0,0,0,0,1,0,1,0,1,1,0,0,1,0,1,1,0,0,0,1,0,0,0.628970
1,0,0,0,1,0,0,0,0,0,0,1,1,1,0,0,0,0,1,0,0,1,0,0,1,1,1,1,1,0,1,0,0.625879
1,0,0,0,1,1,1,1,0,0,0,1,0,1,0,0,1,0,1,0,1,0,1,0,0,0,1,1,0,0,0,0,0.617780
0,0,0,0,1,1,0,0,1,1,1,0,1,0,0,1,0,1,1,0,0,0,1,0,1,1,0,1,1,1,0,1,0.616368
1,1,1,0,0,1,0,1,0,1,1,1,1,1,1,0,1,0,1,0,1,0,1,1,1,1,1,1,0,1,0,1,0.542040
0,1,0,1,1,1,1,1,0,0,0,0,1,1,1,0,1,1,0,1,0,1,0,0,1,0,0,1,0,0,0,1,0.620418
0,0,0,0,1,0,0,1,1,0,1,0,1,1,1,1,1,0,1,0,1,0,0,0,1,1,0,1,0,1,0,0,0.604913
1,0,1,0,1,0,1,0,1,1,0,0,0,1,0,1,1,0,0,1,1,0,1,0,1,0,1,1,0,1,0,1,0.589194
0,0,0,0,0,1,0,0,1,1,0,0,1,0,0,0,1,1,0,0,1,0,1,0,0,0,1,0,0,0,1,1,0.630168
1,1,0,0,0,0,1,0,0,1,1,0,1,0,1,0,1,0,1,1,1,0,1,1,0,0,0,1,1,1,0,1,0.595269
0,1,0,0,1,0,0,1,0,1,1,1,0,1,0,0,0,0,0,0,1,0,1,1,1,0,0,0,1,0,0,0,0.633658
0,1,1,0,0,0,1,0,1,0,0,1,0,0,1,1,0,0,0,0,0,1,1,0,0,0,0,0,0,0,1,0,0.635843
1,0,1,0,0,1,1,1,1,1,0,1,1,0,0,1,0,0,1,0,0,0,0,1,0,0,0,1,1,0,0,0,0.609655
0,1,0,0,1,0,1,0,1,0,1,1,1,0,1,1,0,0,0,1,1,0,1,0,0,1,1,0,0,1,0,1,0.599611
1,1,1,0,1,1,1,1,0,0,1,1,0,1,0,1,1,1,1,0,0,0,1,1,1,1,0,0,0,1,0,0,0.591965
0,0,0,0,0,1,1,1,1,1,0,0,1,1,1,0,0,1,1,0,0,0,0,1,1,1,0,0,1,0,1,1,0.606032
0,1,1,0,0,0,1,1,0,0,1,1,1,1,1,1,1,0,0,0,1,1,0,0,1,0,1,1,0,0,1,1,0.559809
0,1,1,1,1,1,0,1,0,1,1,1,0,1,0,0,1,1,1,1,0,1,0,1,0,1,0,0,0,0,1,1,0.598465
0,0,1,1,1,0,1,0,0,0,0,0,0,1,0,1,0,1,1,1,0,0,0,0,0,1,0,1,0,0,0,0,0.658541
1,1,0,1,0,1,1,0,0,0,1,0,0,1,0,1,1,1,1,0,0,1,0,0,0,1,0,0,0,1,0,1,0.629742
0,1,1,1,0,1,0,1,1,0,0,1,0,1,1,0,0,0,0,1,0,0,1,1,1,0,1,0,1,1,1,1,0.542066
0,1,0,1,0,1,0,1,0,0,1,0,0,0,0,0,1,0,1,1,0,0,1,0,0,0,0,0,0,1,1,0,0.644075
0,0,1,0,1,1,1,1,0,1,0,1,1,1,0,1,1,1,1,1,0,1,0,1,0,1,0,0,0,0,1,0,0.582667
1,0,1,0,1,1,1,0,1,0,0,1,0,0,0,0,1,0,0,1,0,0,1,1,1,0,0,0,1,0,0,1,0.612718
0,0,0,0,0,0,1,0,0,0,0,0,1,1,1,1,0,1,1,1,0,0,1,1,1,1,0,1,0,1,0,1,0.630088
0,0,0,1,1,0,0,1,0,0,1,0,0,1,0,1,1,0,0,1,0,1,1,1,1,1,0,1,0,1,0,0,0.613891
0,1,0,1,0,1,1,1,1,0,0,1,1,0,0,0,1,0,1,1,0,0,0,0,0,0,1,1,0,0,0,1,0.609202
1,1,1,1,1,1,1,0,0,0,1,1,0,0,1,1,1,1,0,0,0,0,0,1,1,0,0,0,1,0,1,0,0.600277
1,1,1,0,0,0,0,1,1,0,1,0,0,0,0,0,1,1,1,1,1,0,1,1,0,1,1,1,0,1,1,1,0.547767
0,0,0,0,0,1,1,1,0,0,1,0,1,0,0,1,1,0,1,0,1,1,1,0,1,1,0,1,1,0,1,0,0.615969
0,0,0,1,1,0,0,0,1,1,1,1,0,1,1,0,1,0,0,1,0,1,0,0,1,0,0,0,1,0,1,0,0.608696
0,1,1,0,0,1,0,0,1,1,1,1,1,1,1,0,1,1,1,1,0,0,1,1,1,1,1,1,1,0,1,0,0.588475
0,0,0,0,0,1,0,1,1,0,1,1,1,0,1,0,0,0,0,1,1,0,1,1,1,1,1,0,0,1,0,1,0.636349
1,0,1,0,1,0,1,1,0,0,0,1,1,0,0,0,0,0,0,1,1,1,1,1,0,1,1,0,0,0,0,1,0.594629
1,1,1,0,1,0,1,1,0,0,1,1,0,0,1,0,0,1,1,0,1,1,1,0,1,0,0,1,0,0,0,0,0.601929
1,0,1,0,1,0,1,0,1,1,0,1,1,0,1,1,1,1,0,1,1,1,0,0,1,1,1,1,0,0,0,1,0.569214
1,1,1,1,0,0,0,1,0,0,0,0,1,1,0,1,0,0,0,0,1,0,1,1,1,1,1,0,1,1,0,1,0.580030
1,0,1,1,1,0,1,0,1,1,1,1,1,0,0,0,0,0,1,1,1,1,0,1,0,0,1,0,1,0,0,1,0.583094
0,1,0,1,0,1,1,1,1,1,0,1,1,1,0,1,1,0,0,1,0,0,1,0,0,0,1,1,0,1,0,1,0.596574
0,0,0,0,0,1,1,1,0,0,0,1,1,1,1,1,0,1,0,1,0,1,0,0,1,0,1,1,0,1,0,0,0.608829
0,1,1,1,1,0,1,0,1,0,0,1,0,0,0,1,1,0,0,1,0,1,1,1,1,0,0,1,0,0,1,0,0.586450
0,1,0,0,0,1,1,1,0,1,0,1,1,1,1,1,0,0,1,1,1,1,0,0,1,0,1,0,1,1,0,0,0.609548
0,0,0,0,1,1,1,1,0,1,1,0,1,1,0,0,1,1,0,0,0,0,0,1,1,0,0,1,0,1,1,0,0.593537
1,0,0,0,0,0,0,0,0,1,0,1,0,1,1,0,1,1,0,0,1,1,1,1,0,1,1,0,0,0,1,0,0.636189
0,1,1,1,0,1,1,0,1,0,0,0,1,1,1,0,1,1,0,0,1,1,1,0,1,1,1,0,0,0,0,0,0.617034
0,1,0,0,1,1,1,0,1,0,0,0,0,1,1,1,0,0,0,0,1,0,1,1,0,0,0,1,0,0,1,0,0.579390
0,0,1,0,1,1,0,1,1,0,0,1,1,1,1,1,0,1,1,1,0,1,0,0,0,1,1,0,0,0,0,1,0.603341
0,1,0,1,0,0,0,1,1,0,1,0,1,0,1,0,1,0,0,1,0,0,1,1,1,1,1,0,1,0,0,1,0.599718
1,1,1,1,0,1,1,1,0,0,1,1,1,1,1,1,1,1,1,0,0,0,1,1,0,1,0,1,1,0,0,1,0.535752
0,0,0,1,0,1,0,0,1,1,1,0,1,1,1,1,1,1,1,0,0,0,0,0,0,0,0,0,0,1,0,0,0.606777
1,0,1,1,1,1,1,1,1,0,0,1,0,1,0,0,1,0,1,0,1,1,1,1,1,1,0,0,0,0,0,0,0.632726
1,1,0,0,1,0,1,1,1,0,0,1,1,0,0,1,0,0,1,1,1,0,0,0,1,0,1,1,1,1,1,0,0.589221
1,0,0,0,1,1,1,1,1,0,0,0,1,1,1,0,1,0,0,0,0,1,1,1,1,1,0,1,0,0,0,0,0.602728
