1,0,0,0,1,1,1,0,1,1,1,1,1,1,0,0,1,0,0,1,1,1,0,1,1,0,1,0,1,1,0,1,0.773764
0,1,1,1,0,1,0,1,1,0,1,0,1,0,0,0,1,0,0,1,1,1,1,1,0,1,1,0,0,1,1,0,0.626705
0,1,1,1,0,0,1,1,1,0,0,1,0,0,1,0,0,0,0,1,0,1,0,0,0,1,1,0,1,0,0,1,0.590207
0,1,0,0,0,0,0,1,1,1,0,0,1,1,0,0,0,1,1,0,0,1,1,1,0,1,0,1,1,0,0,1,0.693121
0,1,1,0,1,1,1,1,0,0,0,1,1,1,0,1,1,1,1,1,0,0,0,1,1,0,1,0,0,0,0,0,0.652653
0,1,0,1,0,1,1,0,0,0,1,1,0,1,0,1,1,0,0,0,0,0,0,1,1,0,0,0,0,0,0,0,0.516278
0,1,1,0,1,1,0,0,1,0,0,1,1,0,1,0,1,0,0,0,1,0,1,1,1,1,1,0,0,1,0,1,0.733483
1,1,1,1,1,0,0,0,1,0,1,0,1,1,1,0,1,1,0,0,0,1,0,0,0,1,1,1,0,1,0,1,0.696052
0,1,0,1,0,0,1,0,1,0,0,0,0,0,0,0,1,1,1,0,0,0,0,0,0,0,0,1,1,0,1,1,0.502025
1,1,0,0,1,0,0,1,1,1,0,0,0,0,0,1,1,1,1,0,0,1,1,0,0,0,0,1,0,0,1,0,0.575794
0,0,1,0,1,0,0,0,1,0,1,1,0,1,1,1,0,1,1,0,0,0,1,0,1,0,1,1,1,1,0,0,0.521899
1,1,1,1,0,1,1,1,0,1,1,0,1,0,1,0,0,1,0,0,1,1,0,0,0,0,1,0,0,0,0,1,0.610267
1,0,1,1,0,0,1,1,0,1,1,0,1,1,1,0,0,1,1,0,1,0,0,1,1,0,1,1,0,1,1,1,0.779705
1,1,1,1,1,0,0,1,0,1,1,0,0,1,1,0,0,1,1,1,0,1,0,1,0,0,1,0,0,1,1,0,0.633871
1,1,1,1,0,1,1,0,1,0,0,1,0,1,0,1,1,0,1,0,0,1,0,1,1,0,0,0,0,0,0,1,0.710278
0,1,0,1,1,1,0,0,0,1,1,1,0,1,0,0,0,0,1,0,1,0,1,1,0,1,1,1,0,0,0,0,0.426471
1,0,1,0,0,0,1,0,0,1,1,1,1,0,0,0,1,0,1,0,1,1,1,0,1,1,0,1,0,0,0,1,0.585278
1,0,1,0,1,0,0,0,0,1,1,1,0,1,1,1,1,0,1,1,0,1,1,1,0,0,0,1,1,1,1,1,0.842418
1,1,0,1,0,1,1,0,1,1,0,1,1,0,0,1,0,1,0,1,0,1,1,0,1,0,1,1,0,1,0,0,0.758898
0,1,1,0,1,0,1,1,0,1,1,1,0,0,0,1,0,1,0,0,1,1,1,1,1,0,0,1,0,1,0,1,0.760683
0,1,1,1,1,0,0,1,0,1,0,1,0,0,1,1,0,1,1,0,0,1,1,1,0,1,0,1,0,1,1,1,0.841459
1,0,0,1,1,0,1,1,0,0,0,1,0,0,0,1,1,1,0,1,1,1,1,1,0,1,0,0,0,1,0,1,0.833546
1,0,1,0,1,0,0,0,1,1,0,1,1,1,0,0,1,1,0,1,1,1,1,0,1,1,0,0,0,0,1,1,0.622709
1,1,0,0,0,1,0,0,0,1,1,0,0,1,1,0,1,1,1,0,0,0,1,0,1,1,0,0,0,1,0,1,0.654332
1,0,1,0,0,0,0,0,1,0,0,1,0,1,0,0,0,0,0,1,1,1,1,0,0,0,0,0,0,0,1,1,0.611013
1,0,0,0,0,0,0,1,1,1,1,0,1,1,1,1,1,1,0,1,1,1,0,0,0,1,1,0,1,0,1,0,0.639333
1,0,1,0,0,0,1,1,0,0,1,0,0,0,1,1,0,0,1,1,1,0,1,0,1,0,0,1,0,1,1,1,0.740409
1,0,1,0,0,1,0,1,0,1,1,0,0,1,0,1,0,0,1,0,0,0,0,1,0,1,1,1,1,0,1,0,0.600490
0,1,0,0,1,0,0,0,0,1,1,1,0,1,1,1,1,0,1,1,1,0,0,1,1,1,1,1,0,1,1,1,0.839940
1,1,0,0,0,0,1,1,1,0,0,0,1,1,1,1,0,0,0,0,0,0,1,0,0,1,1,0,1,1,1,1,0.830429
0,0,0,0,1,0,0,0,0,0,0,1,1,1,0,0,1,0,0,0,1,0,0,1,0,0,1,1,1,1,1,0,0.472826
0,0,0,1,1,1,1,1,0,0,0,1,0,1,1,0,0,1,0,1,1,0,1,1,1,1,0,1,1,0,1,1,0.789136
1,1,1,0,1,0,1,0,0,1,1,1,1,1,1,0,1,0,1,0,1,1,0,1,0,0,1,1,0,0,1,1,0.761482
0,1,0,0,1,1,0,1,1,1,1,0,0,0,1,0,0,1,1,1,0,0,1,0,0,1,0,1,0,1,0,0,0.520967
0,1,1,1,0,0,1,1,1,1,1,1,1,0,0,0,1,1,1,0,0,1,1,1,1,0,1,1,0,1,1,0,0.697277
1,1,1,1,0,1,1,0,0,0,1,1,1,1,0,1,0,0,1,0,1,1,1,1,0,1,1,1,0,0,1,0,0.647032
0,0,1,1,1,1,0,0,0,0,1,1,1,1,1,0,0,0,1,1,0,1,1,0,0,1,0,1,0,1,1,1,0.738917
1,1,1,1,1,1,1,1,1,0,1,1,0,1,1,0,0,1,0,0,0,1,0,0,0,1,1,1,1,1,1,1,0.717231
0,1,1,1,0,0,1,1,0,1,0,1,0,1,0,0,0,1,0,1,1,1,0,1,0,0,0,0,1,1,1,1,0.834053
0,0,0,0,0,0,0,0,0,1,1,1,0,0,0,0,1,1,0,1,1,0,1,0,1,1,0,0,1,0,0,0,0.221521
1,1,1,1,0,0,1,1,0,1,1,1,0,1,1,0,1,0,1,0,0,0,0,0,0,0,1,0,1,1,0,1,0.642370
0,0,0,0,1,0,0,1,0,0,0,0,1,0,0,0,1,0,0,0,0,1,0,0,1,1,1,1,1,1,0,1,0.549366
1,1,1,0,1,0,1,0,0,1,0,0,1,1,0,0,0,1,0,1,1,0,0,0,0,1,1,1,0,1,1,1,0.693974
1,0,1,1,1,0,0,1,1,0,0,0,1,1,1,1,0,0,0,1,0,0,0,1,1,1,1,1,1,0,1,1,0.752637
1,0,1,1,0,0,0,1,1,0,1,1,0,1,0,0,0,0,0,0,0,0,0,0,0,0,1,1,1,0,1,1,0.605579
0,0,1,0,0,1,1,1,0,0,0,0,1,1,1,0,1,1,1,0,0,1,0,1,0,0,1,1,1,1,1,1,0.788257
1,1,1,0,1,0,1,1,1,1,1,0,0,1,0,0,0,0,0,1,1,1,0,0,0,0,0,0,1,1,1,0,0.619432
1,1,0,0,0,1,0,1,1,1,1,0,0,0,0,0,1,1,1,0,1,1,1,0,1,0,1,0,0,1,1,1,0.703938
0,0,0,1,1,1,0,0,0,1,1,1,0,1,0,1,0,1,0,1,1,1,0,1,1,1,1,1,0,0,0,1,0.719842
0,1,1,0,0,0,1,0,0,1,0,1,0,0,0,1,1,0,1,1,0,1,1,0,0,0,0,0,0,1,1,0,0.557731
0,0,0,1,1,0,1,1,1,0,1,1,0,1,0,0,1,1,0,0,1,0,0,0,1,0,1,0,1,0,0,0,0.459799
1,1,0,1,0,0,1,0,0,0,1,0,1,1,0,1,0,0,0,1,1,0,1,0,1,0,1,1,1,0,0,0,0.633445
0,1,0,0,0,0,1,0,0,1,0,1,1,1,1,1,0,1,1,1,1,0,0,0,1,0,1,1,0,1,0,0,0.594762
1,1,0,0,0,1,1,1,1,1,1,0,0,1,1,0,1,0,1,0,1,1,1,0,1,0,0,1,0,1,0,0,0.756873
0,1,1,1,0,0,0,0,1,0,0,0,0,0,1,0,1,1,1,1,0,0,1,1,0,0,0,1,0,0,0,0,0.539828
1,1,0,1,1,0,1,0,1,0,1,1,0,0,0,0,1,1,1,0,1,1,1,1,0,1,0,0,1,0,1,1,0.704977
1,1,1,0,1,1,0,0,0,0,0,0,0,0,1,0,0,1,0,1,1,1,0,1,0,0,1,0,1,0,1,0,0.602009
1,0,1,1,1,0,1,0,0,0,0,0,1,1,1,0,0,0,0,0,1,1,1,1,1,1,1,1,1,1,1,1,0.791667
1,0,0,0,0,0,1,1,0,1,0,0,0,1,0,1,1,0,0,1,1,1,0,1,1,1,1,0,0,0,1,0,0.567242
1,1,1,1,0,1,0,1,1,0,0,1,1,1,0,1,0,1,0,1,1,0,1,0,1,1,0,0,1,1,0,0,0.639333
1,1,0,0,0,0,0,1,0,0,0,1,1,1,0,0,1,0,0,1,1,1,1,1,1,0,0,1,1,0,1,0,0.631554
1,0,1,1,0,1,1,0,0,0,0,0,0,1,0,0,0,0,0,1,1,0,1,1,1,1,1,1,0,1,1,1,0.777627
0,0,1,1,1,0,0,0,1,0,0,0,0,1,1,0,1,1,1,1,0,0,1,1,0,1,1,1,1,1,1,1,0.779385
0,1,0,1,0,1,1,1,1,1,0,1,0,0,1,0,0,1,1,1,1,0,0,1,0,0,0,1,0,0,0,1,0.633685
1,1,0,1,0,0,0,1,1,1,0,1,1,1,1,0,0,0,0,1,1,1,0,0,1,0,0,0,0,1,1,0,0.623455
0,0,1,0,0,1,0,1,1,0,1,1,1,1,0,1,0,0,0,1,1,0,0,0,0,1,1,0,0,1,0,1,0.729966
1,0,0,0,0,1,0,1,0,1,1,1,0,1,1,1,1,1,1,0,1,0,1,1,0,1,1,1,0,1,1,0,0.698849
1,1,1,1,1,1,0,0,0,0,0,1,1,1,1,0,1,1,1,1,0,1,0,0,1,1,1,0,1,1,0,0,0.877637
1,1,0,0,1,0,1,0,1,1,0,0,0,1,0,0,0,0,1,1,1,0,0,0,1,1,0,1,0,1,0,1,0.674233
1,1,0,0,1,0,1,0,1,0,0,1,0,1,0,0,0,1,0,1,0,1,0,1,0,0,0,1,0,0,0,1,0.556079
1,0,1,1,0,1,1,0,1,0,0,1,0,1,1,1,0,1,1,1,0,0,1,1,0,0,1,0,1,1,0,0,0.655344
1,0,0,0,0,0,0,1,1,0,1,1,0,1,0,1,0,0,0,1,0,1,1,0,1,1,0,1,1,1,0,1,0.700394
0,1,1,0,1,1,0,1,0,1,1,1,0,0,1,1,1,1,0,1,0,0,1,1,1,0,1,0,1,0,0,1,0.730685
0,0,1,1,1,0,0,1,0,1,1,0,1,0,1,0,0,0,0,1,1,0,0,1,1,0,1,0,1,1,1,0,0.571238
0,1,1,0,0,1,1,0,1,1,1,1,1,1,1,0,1,1,1,0,1,0,1,1,1,0,1,1,1,1,1,0,0.642929
0,0,1,1,1,1,0,1,1,0,1,0,0,0,1,1,1,0,0,1,1,1,1,0,0,0,1,1,0,1,0,0,0.605312
0,0,0,1,0,1,1,1,0,1,0,0,1,0,1,0,1,0,0,1,1,0,0,0,0,0,1,0,1,1,0,0,0.452765
0,0,0,0,0,1,0,1,1,1,0,0,0,0,0,1,1,1,0,1,0,1,0,0,1,1,0,1,0,1,0,1,0.625826
1,1,0,1,0,0,0,0,1,1,1,0,1,1,1,0,1,0,0,1,0,1,1,0,0,1,1,0,1,0,0,0,0.824382
1,0,0,0,0,0,1,1,0,1,1,0,0,0,1,1,0,0,0,0,1,1,0,1,0,0,0,0,0,1,0,1,0.850277
0,0,1,1,1,0,1,0,0,0,1,1,1,0,1,1,0,0,0,1,0,0,0,0,1,0,0,1,0,1,1,1,0.719869
1,1,0,0,1,0,1,0,0,0,1,0,1,1,0,0,0,1,1,0,1,0,0,1,0,0,0,0,0,0,0,0,0.673966
0,0,0,0,1,0,0,0,1,1,1,1,0,0,0,1,1,1,0,0,0,0,0,1,0,1,0,0,1,1,0,1,0.776162
1,1,1,0,0,1,0,0,1,0,1,1,1,1,0,0,1,1,1,1,0,0,0,1,1,1,1,1,1,1,1,1,0.795210
1,0,1,0,1,0,0,0,1,0,1,1,0,1,1,1,0,0,0,0,0,1,1,0,0,0,0,1,0,1,0,0,0.567455
0,0,0,0,0,1,0,0,0,1,0,1,1,1,1,0,1,0,1,0,0,0,1,1,1,0,1,1,0,0,0,1,0.597560
0,0,0,1,1,0,1,1,0,0,1,0,0,1,0,0,1,1,0,0,0,0,0,1,1,0,1,0,1,1,0,1,0.707028
0,1,1,1,1,0,1,0,0,1,0,0,1,1,0,0,1,0,1,1,1,0,1,0,1,1,1,0,1,1,1,0,0.627744
1,1,0,0,0,1,0,0,0,0,0,1,0,1,0,1,1,1,1,0,1,1,1,0,1,1,0,0,1,1,0,1,0.731937
1,1,1,0,0,0,0,0,0,1,1,0,1,0,0,1,0,1,0,0,0,0,0,1,0,0,1,1,1,0,0,1,0.628703
1,0,0,0,0,1,0,0,1,1,0,0,0,1,0,0,1,1,0,1,1,0,1,1,1,1,0,1,0,0,1,0,0.536578
0,0,0,0,0,0,0,0,1,0,0,0,1,0,1,1,1,1,1,1,0,0,0,0,1,1,0,1,1,1,0,1,0.626066
0,1,1,0,1,0,0,1,0,1,0,0,1,0,1,0,1,0,0,1,1,0,1,1,1,1,1,0,1,1,1,0,0.625639
1,0,0,1,0,0,0,1,1,1,1,0,0,0,1,1,0,1,1,1,1,0,1,1,1,1,0,1,0,0,1,1,0.778213
1,0,0,1,0,0,1,0,1,0,0,0,1,1,1,0,0,1,0,1,0,0,0,1,1,0,0,1,0,1,1,1,0.761749
0,0,0,1,0,0,0,1,1,1,1,0,0,0,0,1,0,0,1,0,0,1,0,1,0,0,0,1,1,0,0,1,0.574542
1,1,0,1,1,0,1,0,0,0,1,1,0,1,0,0,0,1,1,0,0,0,1,1,1,0,1,0,0,0,1,1,0.683078
0,0,1,0,0,1,0,0,0,0,1,0,1,1,1,1,0,0,0,1,1,1,1,1,1,1,1,1,0,0,0,0,0.451860
1,0,0,0,0,0,0,0,0,0,0,1,1,1,1,0,0,0,1,1,0,1,1,0,1,0,0,1,1,0,0,0,0.529092
0,1,1,0,1,0,1,1,0,0,1,0,0,1,1,0,1,0,0,0,1,1,1,0,0,0,1,1,0,1,0,0,0.614956
0,0,0,0,1,1,1,0,1,0,1,1,1,0,1,0,1,1,1,0,0,0,0,1,0,1,1,1,1,0,0,0,0.581309
1,0,0,0,0,0,0,1,1,0,1,0,0,0,0,0,1,0,1,1,1,1,0,1,1,0,1,0,0,0,1,1,0.678389
1,0,1,1,1,0,0,1,0,1,1,1,1,1,1,0,0,0,0,1,0,1,0,0,0,0,1,1,1,1,1,1,0.713395
1,1,0,0,0,1,0,0,0,0,0,1,0,0,1,1,1,1,1,1,1,0,1,1,1,1,1,1,0,1,1,0,0.697490
1,1,0,0,0,1,0,1,1,1,0,0,0,0,0,0,1,0,1,0,0,0,1,1,0,1,1,1,0,0,0,0,0.607683
0,1,1,1,1,1,0,1,0,1,0,1,0,1,1,1,1,1,0,1,1,1,1,1,0,1,1,1,1,1,0,1,0.795210
0,0,0,0,0,1,1,1,1,1,1,1,0,1,1,0,1,0,0,1,0,0,0,1,0,0,0,0,1,1,1,0,0.592924
0,0,0,1,0,0,1,0,1,0,1,0,1,0,0,0,0,0,0,1,0,1,0,0,0,1,1,1,0,0,0,1,0.491022
1,1,1,0,0,0,1,1,1,1,0,0,1,1,0,0,0,0,0,1,0,0,0,0,1,1,1,0,0,1,0,0,0.676018
1,1,1,1,0,1,1,1,1,0,1,0,0,1,0,0,0,0,0,1,1,1,1,1,0,0,1,1,1,0,0,0,0.595695
1,0,1,0,0,1,0,1,0,1,1,1,0,0,1,1,0,1,1,1,0,1,1,0,0,1,1,1,1,0,1,1,0.749227
1,0,0,1,0,1,0,0,0,0,1,1,0,0,1,1,1,0,0,0,1,0,0,0,1,0,1,1,1,0,1,0,0.665121
1,1,0,0,0,1,1,1,1,1,1,1,0,1,0,0,0,1,0,0,0,1,0,0,1,0,0,0,1,0,0,0,0.780824
0,0,1,0,0,1,1,1,0,0,1,1,1,0,0,1,0,1,0,1,1,0,1,0,1,1,1,1,0,1,0,0,0.598892
1,1,1,1,1,0,1,1,1,1,0,1,0,1,1,0,0,0,1,0,0,1,0,1,1,1,1,0,0,0,1,1,0.726822
1,1,0,0,1,1,0,0,0,0,1,0,1,0,0,1,0,0,1,0,1,1,0,0,0,0,1,0,1,0,0,1,0.564764
1,0,1,0,1,0,1,0,1,0,0,1,0,1,1,1,1,0,1,1,1,0,0,0,1,1,0,1,0,0,1,0,0.595668
1,1,0,1,0,0,1,0,1,0,0,1,0,1,0,0,1,0,1,0,0,0,0,0,0,1,1,1,1,1,0,1,0.629795
0,1,1,1,0,1,0,1,1,1,1,1,1,1,0,1,0,1,1,0,1,1,0,0,0,0,0,1,1,1,0,0,0.714487
1,1,0,0,0,1,0,1,0,0,0,0,0,1,1,0,1,0,1,0,1,0,1,1,0,1,1,0,0,1,0,1,0.770780
1,0,0,1,1,0,1,0,1,0,1,0,1,1,0,1,1,0,0,0,0,0,1,1,0,1,1,1,1,1,1,0,0.662058
0,1,1,1,1,0,0,0,0,1,0,0,0,0,0,0,1,1,0,0,1,1,1,1,0,0,1,1,1,1,1,0,0.568681
1,1,1,0,0,0,0,0,1,1,1,1,1,0,1,0,0,0,0,1,0,1,0,0,0,0,1,1,0,0,0,1,0.635816
1,1,1,1,1,1,0,1,1,1,0,0,1,1,0,0,0,0,0,0,1,1,1,0,1,1,1,1,1,1,0,0,0.677403
1,0,0,1,1,1,1,0,0,0,0,1,0,1,0,0,1,0,0,1,0,0,0,1,0,0,1,0,1,1,0,0,0.544810
1,0,1,0,0,0,1,1,1,1,1,0,1,0,0,1,1,0,1,1,0,1,1,0,1,0,1,1,1,0,1,1,0.679081
1,0,0,0,0,1,1,0,1,1,0,1,0,0,0,0,0,0,1,0,1,1,0,0,0,1,1,0,0,0,1,0,0.632087
1,1,1,0,1,0,0,1,0,1,0,0,1,0,0,1,1,0,0,0,0,0,0,0,0,0,1,1,0,1,0,1,0.588662
