0,1,1,1,0,0,1,1,0,1,0,1,0,1,0,0,0,1,0,1,1,1,0,1,0,0,0,0,1,1,1,1,0.834159
1,0,1,0,1,0,1,0,1,0,0,1,0,1,1,1,1,0,1,1,1,0,0,0,1,1,0,1,0,0,1,0,0.595642
1,0,0,1,0,1,0,0,0,0,1,1,0,0,1,1,1,0,0,0,1,0,0,0,1,0,1,1,1,0,1,0,0.663550
1,0,1,1,0,0,1,1,0,1,1,0,1,1,1,0,0,1,1,0,1,0,0,1,1,0,1,1,0,1,1,1,0.785086
1,0,0,1,1,0,1,1,0,0,0,1,0,0,0,1,1,1,0,1,1,1,1,1,0,1,0,0,0,1,0,1,0.833680
1,0,1,1,0,0,0,1,1,0,1,1,0,1,0,0,0,0,0,0,0,0,0,0,0,0,1,1,1,0,1,1,0.602195
1,0,1,0,0,0,0,0,1,0,0,1,0,1,0,0,0,0,0,1,1,1,1,0,0,0,0,0,0,0,1,1,0.616342
0,1,0,0,1,0,0,0,0,1,1,1,0,1,1,1,1,0,1,1,1,0,0,1,1,1,1,1,0,1,1,1,0.840047
0,1,1,1,0,0,1,1,1,0,0,1,0,0,1,0,0,0,0,1,0,1,0,0,0,1,1,0,1,0,0,1,0.588528
1,1,0,0,0,0,1,1,1,0,0,0,1,1,1,1,0,0,0,0,0,0,1,0,0,1,1,0,1,1,1,1,0.832481
1,0,1,0,0,1,0,1,0,1,1,0,0,1,0,1,0,0,1,0,0,0,0,1,0,1,1,1,1,0,1,0,0.611147
1,1,1,0,1,1,0,0,0,0,0,0,0,0,1,0,0,1,0,1,1,1,0,1,0,0,1,0,1,0,1,0,0.609255
0,0,0,0,1,0,0,1,0,0,0,0,1,0,0,0,1,0,0,0,0,1,0,0,1,1,1,1,1,1,0,1,0.536898
0,1,1,1,1,1,0,1,0,1,0,1,0,1,1,1,1,1,0,1,1,1,1,1,0,1,1,1,1,1,0,1,0.798860
0,1,1,1,1,0,0,1,0,1,0,1,0,0,1,1,0,1,1,0,0,1,1,1,0,1,0,1,0,1,1,1,0.841672
0,0,1,1,1,0,1,0,0,0,1,1,1,0,1,1,0,0,0,1,0,0,0,0,1,0,0,1,0,1,1,1,0.723519
0,0,0,1,1,1,1,1,0,0,0,1,0,1,1,0,0,1,0,1,1,0,1,1,1,1,0,1,1,0,1,1,0.784074
1,1,1,0,1,0,1,1,1,1,1,0,0,1,0,0,0,0,0,1,1,1,0,0,0,0,0,0,1,1,1,0,0.619539
1,0,1,0,0,0,1,1,0,0,1,0,0,0,1,1,0,0,1,1,1,0,1,0,1,0,0,1,0,1,1,1,0.745844
0,0,0,0,0,0,0,0,0,1,1,1,0,0,0,0,1,1,0,1,1,0,1,0,1,1,0,0,1,0,0,0,0.221174
0,1,1,1,0,1,0,1,1,0,1,0,1,0,0,0,1,0,0,1,1,1,1,1,0,1,1,0,0,1,1,0,0.630168
0,0,1,0,0,1,1,1,0,0,0,0,1,1,1,0,1,1,1,0,0,1,0,1,0,0,1,1,1,1,1,1,0.791827
1,0,0,0,1,1,1,0,1,1,1,1,1,1,0,0,1,0,0,1,1,1,0,1,1,0,1,0,1,1,0,1,0.768542
1,1,0,0,1,0,0,1,1,1,0,0,0,0,0,1,1,1,1,0,0,1,1,0,0,0,0,1,0,0,1,0,0.572224
1,1,0,1,1,0,1,0,0,0,1,1,0,1,0,0,0,1,1,0,0,0,1,1,1,0,1,0,0,0,1,1,0.686754
1,0,1,0,1,0,0,0,1,0,1,1,0,1,1,1,0,0,0,0,0,1,1,0,0,0,0,1,0,1,0,0,0.583200
0,1,1,0,1,1,0,0,1,0,0,1,1,0,1,0,1,0,0,0,1,0,1,1,1,1,1,0,0,1,0,1,0.731804
1,1,1,0,0,0,1,1,1,1,0,0,1,1,0,0,0,0,0,1,0,0,0,0,1,1,1,0,0,1,0,0,0.672554
0,1,0,0,1,1,0,1,1,1,1,0,0,0,1,0,0,1,1,1,0,0,1,0,0,1,0,1,0,1,0,0,0.526428
1,1,1,1,1,1,0,0,0,0,0,1,1,1,1,0,1,1,1,1,0,1,0,0,1,1,1,0,1,1,0,0,0.879636
0,0,1,1,1,1,0,0,0,0,1,1,1,1,1,0,0,0,1,1,0,1,1,0,0,1,0,1,0,1,1,1,0.739157
1,1,0,0,1,0,1,0,1,0,0,1,0,1,0,0,0,1,0,1,0,1,0,1,0,0,0,1,0,0,0,1,0.565164
0,0,1,0,0,1,1,1,0,0,1,1,1,0,0,1,0,1,0,1,1,0,1,0,1,1,1,1,0,1,0,0,0.595295
1,0,0,0,0,1,0,0,1,1,0,0,0,1,0,0,1,1,0,1,1,0,1,1,1,1,0,1,0,0,1,0,0.543532
0,1,0,0,0,0,0,1,1,1,0,0,1,1,0,0,0,1,1,0,0,1,1,1,0,1,0,1,1,0,0,1,0.700421
1,0,0,0,0,0,1,1,0,1,1,0,0,0,1,1,0,0,0,0,1,1,0,1,0,0,0,0,0,1,0,1,0.846920
0,1,1,0,1,0,1,1,0,0,1,0,0,1,1,0,1,0,0,0,1,1,1,0,0,0,1,1,0,1,0,0,0.618446
0,1,1,0,0,1,1,0,1,1,1,1,1,1,1,0,1,1,1,0,1,0,1,1,1,0,1,1,1,1,1,0,0.644661
1,0,0,1,0,0,1,0,1,0,0,0,1,1,1,0,0,1,0,1,0,0,0,1,1,0,0,1,0,1,1,1,0.761775
1,1,1,0,1,0,1,0,0,1,1,1,1,1,1,0,1,0,1,0,1,1,0,1,0,0,1,1,0,0,1,1,0.760070
1,1,0,1,0,0,1,0,0,0,1,0,1,1,0,1,0,0,0,1,1,0,1,0,1,0,1,1,1,0,0,0,0.640399
1,1,0,0,0,1,0,0,0,0,0,1,0,0,1,1,1,1,1,1,1,0,1,1,1,1,1,1,0,1,1,0,0.697730
0,1,1,1,0,0,1,1,1,1,1,1,1,0,0,0,1,1,1,0,0,1,1,1,1,0,1,1,0,1,1,0,0.695572
1,0,0,0,0,0,0,1,1,0,1,1,0,1,0,1,0,0,0,1,0,1,1,0,1,1,0,1,1,1,0,1,0.707481
1,1,1,0,0,0,0,0,0,1,1,0,1,0,0,1,0,1,0,0,0,0,0,1,0,0,1,1,1,0,0,1,0.630621
0,1,1,1,0,1,0,1,1,1,1,1,1,1,0,1,0,1,1,0,1,1,0,0,0,0,0,1,1,1,0,0,0.719922
1,0,0,0,0,1,0,1,0,1,1,1,0,1,1,1,1,1,1,0,1,0,1,1,0,1,1,1,0,1,1,0,0.691842
0,1,1,0,1,0,1,1,0,1,1,1,0,0,0,1,0,1,0,0,1,1,1,1,1,0,0,1,0,1,0,1,0.764280
1,1,0,1,1,0,1,0,1,0,1,1,0,0,0,0,1,1,1,0,1,1,1,1,0,1,0,0,1,0,1,1,0.703405
0,0,1,0,1,0,0,0,1,0,1,1,0,1,1,1,0,1,1,0,0,0,1,0,1,0,1,1,1,1,0,0,0.523471
1,1,1,0,1,0,0,1,0,1,0,0,1,0,0,1,1,0,0,0,0,0,0,0,0,0,1,1,0,1,0,1,0.586823
1,1,0,0,0,1,0,0,0,1,1,0,0,1,1,0,1,1,1,0,0,0,1,0,1,1,0,0,0,1,0,1,0.656197
1,0,0,0,0,0,0,1,1,1,1,0,1,1,1,1,1,1,0,1,1,1,0,0,0,1,1,0,1,0,1,0,0.641091
1,1,0,0,0,1,0,1,1,1,0,0,0,0,0,0,1,0,1,0,0,0,1,1,0,1,1,1,0,0,0,0,0.602382
1,1,0,0,0,1,1,1,1,1,1,0,0,1,1,0,1,0,1,0,1,1,1,0,1,0,0,1,0,1,0,0,0.760923
1,0,0,0,0,0,1,1,0,1,0,0,0,1,0,1,1,0,0,1,1,1,0,1,1,1,1,0,0,0,1,0,0.561834
0,0,0,0,0,1,1,1,1,1,1,1,0,1,1,0,1,0,0,1,0,0,0,1,0,0,0,0,1,1,1,0,0.587516
1,0,0,0,0,1,1,0,1,1,0,1,0,0,0,0,0,0,1,0,1,1,0,0,0,1,1,0,0,0,1,0,0.624973
0,0,0,1,1,0,1,1,0,0,1,0,0,1,0,0,1,1,0,0,0,0,0,1,1,0,1,0,1,1,0,1,0.707055
1,1,0,1,0,1,1,0,1,1,0,1,1,0,0,1,0,1,0,1,0,1,1,0,1,0,1,1,0,1,0,0,0.758951
0,1,1,0,1,1,1,1,0,0,0,1,1,1,0,1,1,1,1,1,0,0,0,1,1,0,1,0,0,0,0,0,0.660086
1,0,0,1,1,0,1,0,1,0,1,0,1,1,0,1,1,0,0,0,0,0,1,1,0,1,1,1,1,1,1,0,0.665548
1,1,1,1,1,0,1,1,1,1,0,1,0,1,1,0,0,0,1,0,0,1,0,1,1,1,1,0,0,0,1,1,0.726849
0,0,1,1,1,0,0,1,0,1,1,0,1,0,1,0,0,0,0,1,1,0,0,1,1,0,1,0,1,1,1,0,0.574409
1,1,0,0,0,1,0,1,1,1,1,0,0,0,0,0,1,1,1,0,1,1,1,0,1,0,1,0,0,1,1,1,0.705802
0,0,0,1,1,1,0,0,0,1,1,1,0,1,0,1,0,1,0,1,1,1,0,1,1,1,1,1,0,0,0,1,0.721627
0,0,1,1,1,0,0,0,1,0,0,0,0,1,1,0,1,1,1,1,0,0,1,1,0,1,1,1,1,1,1,1,0.783035
1,1,0,0,1,1,0,0,0,0,1,0,1,0,0,1,0,0,1,0,1,1,0,0,0,0,1,0,1,0,0,1,0.566523
0,1,0,1,0,1,1,0,0,0,1,1,0,1,0,1,1,0,0,0,0,0,0,1,1,0,0,0,0,0,0,0,0.521606
1,1,0,0,0,1,0,1,0,0,0,0,0,1,1,0,1,0,1,0,1,0,1,1,0,1,1,0,0,1,0,1,0.770993
1,1,0,0,1,0,1,0,1,1,0,0,0,1,0,0,0,0,1,1,1,0,0,0,1,1,0,1,0,1,0,1,0.675938
1,0,1,0,0,1,0,1,0,1,1,1,0,0,1,1,0,1,1,1,0,1,1,0,0,1,1,1,1,0,1,1,0.745684
0,0,1,0,0,1,0,1,1,0,1,1,1,1,0,1,0,0,0,1,1,0,0,0,0,1,1,0,0,1,0,1,0.735454
1,0,1,0,0,0,1,0,0,1,1,1,1,0,0,0,1,0,1,0,1,1,1,0,1,1,0,1,0,0,0,1,0.590580
1,1,1,1,0,1,1,0,1,0,0,1,0,1,0,1,1,0,1,0,0,1,0,1,1,0,0,0,0,0,0,1,0.712063
1,1,0,1,0,0,0,0,1,1,1,0,1,1,1,0,1,0,0,1,0,1,1,0,0,1,1,0,1,0,0,0,0.828112
1,1,0,0,0,0,0,1,0,0,0,1,1,1,0,0,1,0,0,1,1,1,1,1,1,0,0,1,1,0,1,0,0.631714
1,0,1,1,0,1,1,0,1,0,0,1,0,1,1,1,0,1,1,1,0,0,1,1,0,0,1,0,1,1,0,0,0.658674
1,0,0,0,0,0,0,1,1,0,1,0,0,0,0,0,1,0,1,1,1,1,0,1,1,0,1,0,0,0,1,1,0.678415
1,0,1,0,1,0,0,0,0,1,1,1,0,1,1,1,1,0,1,1,0,1,1,1,0,0,0,1,1,1,1,1,0.842738
0,1,1,0,0,0,1,0,0,1,0,1,0,0,0,1,1,0,1,1,0,1,1,0,0,0,0,0,0,1,1,0,0.566656
0,1,0,1,1,1,0,0,0,1,1,1,0,1,0,0,0,0,1,0,1,0,1,1,0,1,1,1,0,0,0,0,0.429881
0,0,0,0,0,1,0,1,1,1,0,0,0,0,0,1,1,1,0,1,0,1,0,0,1,1,0,1,0,1,0,1,0.625746
0,0,1,0,0,1,0,0,0,0,1,0,1,1,1,1,0,0,0,1,1,1,1,1,1,1,1,1,0,0,0,0,0.451966
0,0,0,1,0,0,1,0,1,0,1,0,1,0,0,0,0,0,0,1,0,1,0,0,0,1,1,1,0,0,0,1,0.500240
1,1,1,1,1,0,0,1,0,1,1,0,0,1,1,0,0,1,1,1,0,1,0,1,0,0,1,0,0,1,1,0,0.637122
1,1,1,0,0,1,0,0,1,0,1,1,1,1,0,0,1,1,1,1,0,0,0,1,1,1,1,1,1,1,1,1,0.795503
1,0,1,1,0,1,1,0,0,0,0,0,0,1,0,0,0,0,0,1,1,0,1,1,1,1,1,1,0,1,1,1,0.777787
1,0,1,0,0,0,1,1,1,1,1,0,1,0,0,1,1,0,1,1,0,1,1,0,1,0,1,1,1,0,1,1,0.677296
1,1,1,1,0,1,0,1,1,0,0,1,1,1,0,1,0,1,0,1,1,0,1,0,1,1,0,0,1,1,0,0,0.644501
1,1,0,1,0,0,0,1,1,1,0,1,1,1,1,0,0,0,0,1,1,1,0,0,1,0,0,0,0,1,1,0,0.619965
1,1,1,1,1,1,0,1,1,1,0,0,1,1,0,0,0,0,0,0,1,1,1,0,1,1,1,1,1,1,0,0,0.677350
1,0,1,0,1,0,0,0,1,1,0,1,1,1,0,0,1,1,0,1,1,1,1,0,1,1,0,0,0,0,1,1,0.628064
0,0,0,0,0,0,0,0,1,0,0,0,1,0,1,1,1,1,1,1,0,0,0,0,1,1,0,1,1,1,0,1,0.631367
1,1,1,1,0,1,1,1,0,1,1,0,1,0,1,0,0,1,0,0,1,1,0,0,0,0,1,0,0,0,0,1,0.603048
1,0,1,1,1,0,0,1,1,0,0,0,1,1,1,1,0,0,0,1,0,0,0,1,1,1,1,1,1,0,1,1,0.752771
0,1,0,1,0,0,1,0,1,0,0,0,0,0,0,0,1,1,1,0,0,0,0,0,0,0,0,1,1,0,1,1,0.501971
1,1,1,0,0,0,0,0,1,1,1,1,1,0,1,0,0,0,0,1,0,1,0,0,0,0,1,1,0,0,0,1,0.630568
1,1,0,0,1,0,1,0,0,0,1,0,1,1,0,0,0,1,1,0,1,0,0,1,0,0,0,0,0,0,0,0,0.675938
0,1,1,0,1,1,0,1,0,1,1,1,0,0,1,1,1,1,0,1,0,0,1,1,1,0,1,0,1,0,0,1,0.734388
0,0,0,0,1,1,1,0,1,0,1,1,1,0,1,0,1,1,1,0,0,0,0,1,0,1,1,1,1,0,0,0,0.568921
1,1,1,1,1,0,0,0,1,0,1,0,1,1,1,0,1,1,0,0,0,1,0,0,0,1,1,1,0,1,0,1,0.687287
0,1,1,1,1,0,1,0,0,1,0,0,1,1,0,0,1,0,1,1,1,0,1,0,1,1,1,0,1,1,1,0,0.629822
0,0,0,1,0,0,0,1,1,1,1,0,0,0,0,1,0,0,1,0,0,1,0,1,0,0,0,1,1,0,0,1,0.574409
1,0,1,1,1,0,0,1,0,1,1,1,1,1,1,0,0,0,0,1,0,1,0,0,0,0,1,1,1,1,1,1,0.713448
0,0,0,1,1,0,1,1,1,0,1,1,0,1,0,0,1,1,0,0,1,0,0,0,1,0,1,0,1,0,0,0,0.438299
0,1,1,1,0,0,0,0,1,0,0,0,0,0,1,0,1,1,1,1,0,0,1,1,0,0,0,1,0,0,0,0,0.552270
1,0,0,0,0,0,0,0,0,0,0,1,1,1,1,0,0,0,1,1,0,1,1,0,1,0,0,1,1,0,0,0,0.528986
0,0,0,0,1,0,0,0,1,1,1,1,0,0,0,1,1,1,0,0,0,0,0,1,0,1,0,0,1,1,0,1,0.774563
0,0,1,1,1,1,0,1,1,0,1,0,0,0,1,1,1,0,0,1,1,1,1,0,0,0,1,1,0,1,0,0,0.621403
0,1,1,0,1,0,0,1,0,1,0,0,1,0,1,0,1,0,0,1,1,0,1,1,1,1,1,0,1,1,1,0,0.625506
0,1,0,1,0,1,1,1,1,1,0,1,0,0,1,0,0,1,1,1,1,0,0,1,0,0,0,1,0,0,0,1,0.640532
0,1,1,1,1,0,0,0,0,1,0,0,0,0,0,0,1,1,0,0,1,1,1,1,0,0,1,1,1,1,1,0,0.566842
1,1,1,0,1,0,1,0,0,1,0,0,1,1,0,0,0,1,0,1,1,0,0,0,0,1,1,1,0,1,1,1,0.694027
1,0,0,1,0,0,0,1,1,1,1,0,0,0,1,1,0,1,1,1,1,0,1,1,1,1,0,1,0,0,1,1,0.778186
1,0,1,1,1,0,1,0,0,0,0,0,1,1,1,0,0,0,0,0,1,1,1,1,1,1,1,1,1,1,1,1,0.795450
1,0,0,1,1,1,1,0,0,0,0,1,0,1,0,0,1,0,0,1,0,0,0,1,0,0,1,0,1,1,0,0,0.544757
1,1,0,0,0,1,0,0,0,0,0,1,0,1,0,1,1,1,1,0,1,1,1,0,1,1,0,0,1,1,0,1,0.735640
1,1,0,0,0,1,1,1,1,1,1,1,0,1,0,0,0,1,0,0,0,1,0,0,1,0,0,0,1,0,0,0,0.784527
0,0,0,1,0,1,1,1,0,1,0,0,1,0,1,0,1,0,0,1,1,0,0,0,0,0,1,0,1,1,0,0,0.441789
0,0,0,0,1,0,0,0,0,0,0,1,1,1,0,0,1,0,0,0,1,0,0,1,0,0,1,1,1,1,1,0,0.469123
1,1,1,1,0,1,1,0,0,0,1,1,1,1,0,1,0,0,1,0,1,1,1,1,0,1,1,1,0,0,1,0,0.669757
1,1,1,1,0,0,1,1,0,1,1,1,0,1,1,0,1,0,1,0,0,0,0,0,0,0,1,0,1,1,0,1,0.651108
1,1,1,1,0,1,1,1,1,0,1,0,0,1,0,0,0,0,0,1,1,1,1,1,0,0,1,1,1,0,0,0,0.591992
1,1,0,1,0,0,1,0,1,0,0,1,0,1,0,0,1,0,1,0,0,0,0,0,0,1,1,1,1,1,0,1,0.626039
1,1,1,1,1,1,1,1,1,0,1,1,0,1,1,0,0,1,0,0,0,1,0,0,0,1,1,1,1,1,1,1,0.713768
0,1,0,0,0,0,1,0,0,1,0,1,1,1,1,1,0,1,1,1,1,0,0,0,1,0,1,1,0,1,0,0,0.601503
0,0,0,0,0,1,0,0,0,1,0,1,1,1,1,0,1,0,1,0,0,0,1,1,1,0,1,1,0,0,0,1,0.595881
