1,0,1,1,1,1,1,1,0,1,0,1,0,0,0,0,0,1,1,0,1,1,1,1,0,1,1,0,0,1,0,0,0.714647
1,1,1,0,1,0,1,0,1,1,0,0,1,1,0,1,1,1,0,0,1,1,1,0,1,0,0,0,0,0,0,1,0.644421
1,0,0,1,0,1,1,1,0,0,1,1,0,1,1,0,0,1,1,0,1,1,1,1,1,1,1,1,1,0,0,0,0.721814
0,1,1,0,1,1,0,0,0,0,0,1,1,0,0,1,1,0,1,0,1,0,1,0,1,1,0,0,0,0,1,0,0.657236
1,1,0,1,0,1,0,0,1,0,1,1,1,0,1,0,1,1,1,0,1,1,1,1,0,0,1,0,0,0,1,1,0.673194
1,0,1,1,0,1,1,0,0,1,0,1,1,0,1,0,1,0,1,1,0,1,1,1,1,1,1,1,1,1,0,1,0.564392
1,1,1,1,1,0,1,1,1,1,1,0,1,1,1,1,0,1,0,0,0,0,1,0,0,1,1,0,1,0,0,0,0.720375
0,0,1,1,1,1,0,0,1,1,1,0,1,1,1,1,1,0,0,0,0,0,1,0,0,0,0,0,0,0,0,0,0.643089
0,0,0,1,1,1,1,0,0,0,0,0,1,0,1,0,0,0,1,1,0,0,0,1,0,1,0,1,0,1,1,0,0.515798
0,0,0,0,1,0,0,0,1,0,1,0,0,1,1,1,0,0,1,0,1,0,1,1,0,0,0,1,0,1,1,1,0.697570
1,0,1,1,0,0,1,1,1,0,1,0,0,1,1,1,1,0,1,1,1,1,0,1,1,0,1,1,0,1,0,0,0.704017
0,1,0,1,1,1,1,1,0,1,1,0,0,0,1,1,1,0,1,0,1,0,1,1,0,0,1,1,1,0,0,0,0.658248
0,1,1,0,0,1,0,1,0,1,1,1,0,0,0,1,1,1,1,0,1,0,0,0,0,0,1,0,0,1,1,1,0.644528
1,0,0,1,0,1,1,0,0,1,1,0,1,0,1,0,0,1,1,1,0,1,1,0,1,0,0,1,0,0,0,0,0.778426
1,1,0,1,0,0,0,1,1,1,0,0,0,1,0,0,1,0,0,1,1,0,0,0,0,1,0,0,0,1,0,1,0.710145
1,0,0,0,1,0,0,0,0,1,1,1,1,1,1,0,0,1,1,1,0,1,0,0,1,0,1,0,1,0,1,1,0.616848
0,1,0,0,0,1,0,0,0,1,0,0,1,1,0,0,0,1,1,0,0,0,1,1,0,0,1,0,1,0,0,0,0.601742
0,1,1,1,1,1,0,0,0,0,0,0,0,0,0,0,1,0,0,0,1,0,0,1,0,1,0,0,1,0,0,0,0.645434
1,0,1,0,1,1,0,1,1,0,0,0,1,0,0,0,1,1,1,0,0,1,1,0,1,0,0,0,0,0,0,0,0.818494
0,0,1,1,0,0,1,0,0,1,0,0,1,1,1,1,1,0,1,0,0,0,0,0,0,0,0,0,1,0,0,0,0.635523
1,0,1,1,0,0,0,1,1,0,0,1,0,1,1,0,0,1,0,0,0,1,1,1,1,1,0,1,1,1,0,1,0.558477
0,0,1,0,1,0,1,1,1,0,1,0,0,0,1,1,0,1,0,0,1,0,0,1,0,1,1,1,0,0,1,1,0.659234
1,1,0,0,1,1,0,1,0,1,1,0,0,1,1,0,0,0,1,0,1,1,1,1,0,1,1,1,0,0,1,1,0.632939
1,1,0,0,0,0,1,0,0,0,0,1,1,0,1,0,0,1,1,1,0,0,0,0,1,0,1,1,1,1,1,1,0.642823
1,1,0,1,1,0,1,1,1,1,1,1,0,1,0,0,1,0,0,0,0,0,1,1,0,1,1,0,0,1,0,1,0.631154
0,0,0,1,0,1,0,0,0,1,0,1,0,0,1,0,1,1,1,0,0,0,0,0,0,1,0,1,0,1,0,0,0.597133
0,0,1,0,0,1,0,1,1,1,1,1,0,0,1,1,0,1,1,1,0,1,0,1,1,1,1,1,0,1,1,1,0.593990
1,0,0,1,1,1,1,1,1,1,1,1,1,1,1,0,1,1,0,1,0,1,0,0,1,0,0,0,1,1,1,0,0.730366
1,1,1,1,1,0,0,1,0,0,1,0,0,0,0,0,1,0,1,1,0,1,0,1,0,0,0,1,1,0,1,1,0.683264
1,0,0,1,0,1,0,0,0,0,0,1,1,0,0,0,1,1,1,1,1,1,1,1,0,0,0,0,1,1,0,1,0.624920
1,1,0,0,1,1,1,0,1,1,0,0,0,0,1,0,0,0,1,1,0,0,1,0,1,1,0,0,0,1,0,1,0.666533
0,1,0,1,1,1,0,0,1,0,1,1,1,0,0,0,1,1,1,0,0,1,0,1,0,0,1,1,1,1,1,0,0.693281
1,1,0,1,1,1,0,0,1,1,1,0,0,1,1,0,1,0,1,1,1,0,0,0,1,0,0,1,1,1,0,1,0.636882
1,1,0,0,0,0,0,1,1,1,0,1,1,0,1,1,0,1,0,1,0,1,0,1,0,1,0,0,0,0,1,1,0.607150
0,1,1,0,1,0,0,0,0,0,0,0,0,1,0,1,0,1,0,1,1,1,0,0,0,0,1,0,1,0,0,1,0.677829
0,1,1,1,1,0,1,0,0,1,1,1,1,1,0,1,1,1,1,1,0,1,1,0,1,1,0,0,1,1,1,1,0.607444
0,1,0,0,1,0,1,1,0,1,1,1,0,0,1,0,1,1,1,1,0,1,1,0,0,0,0,1,0,0,1,0,0.689418
1,0,1,1,1,1,0,1,0,1,0,0,0,0,0,1,1,1,0,1,1,1,1,0,1,1,0,1,1,0,0,0,0.732923
0,0,1,0,1,1,0,1,1,0,0,0,1,1,1,0,1,0,1,0,0,0,0,1,1,0,1,0,1,0,1,1,0.669890
1,1,1,1,0,0,0,1,1,0,0,1,1,0,1,0,0,0,0,1,1,1,1,0,0,1,1,0,1,1,0,0,0.748268
0,0,1,1,0,0,0,0,1,0,0,1,1,0,1,1,0,0,1,1,0,1,1,1,1,0,1,1,1,0,1,1,0.583493
1,0,1,1,0,1,0,1,0,1,0,1,0,0,0,1,0,0,1,0,0,0,1,0,0,1,1,1,1,0,0,1,0.685928
1,1,1,0,1,1,1,0,0,1,1,1,0,0,0,0,0,0,1,1,0,0,0,1,1,0,0,0,1,0,0,1,0.662724
1,0,0,1,0,1,0,1,1,0,0,0,1,0,1,1,0,1,0,0,1,0,1,0,0,1,0,0,1,1,0,0,0.699302
0,0,0,0,1,0,0,1,0,1,1,1,1,0,0,0,0,1,1,0,0,0,1,0,1,0,1,0,0,0,1,0,0.566976
1,1,0,0,0,1,0,0,0,0,1,1,0,0,0,0,0,1,1,1,0,0,1,0,0,0,1,0,1,0,1,1,0.735161
1,1,0,1,0,1,0,1,0,0,1,1,1,0,1,1,0,0,0,0,1,1,1,1,1,0,1,0,0,1,0,1,0.567535
1,0,1,0,1,1,0,1,0,0,0,1,1,0,1,1,1,0,0,0,0,1,0,0,1,1,0,0,1,1,1,1,0.568041
0,1,0,1,0,0,0,1,1,0,0,0,0,0,0,1,0,0,1,0,0,1,0,1,0,1,1,0,0,1,0,0,0.622549
1,1,0,0,0,0,1,0,0,1,1,0,0,1,0,0,1,1,0,1,0,0,0,1,0,0,1,1,1,0,1,1,0.736493
0,0,1,0,1,0,0,1,1,0,0,0,0,1,1,1,0,1,0,1,1,1,0,1,0,1,0,1,0,0,1,1,0.625959
0,1,0,0,0,1,0,1,1,0,0,1,1,0,1,0,1,1,0,1,1,1,1,1,1,1,1,0,0,0,0,1,0.649883
0,0,1,1,0,1,0,0,1,1,0,1,0,1,0,1,0,0,1,0,0,1,1,0,1,1,1,0,0,0,0,1,0.623775
1,1,0,1,0,1,1,0,1,1,0,0,1,1,0,1,0,1,0,0,0,0,0,1,1,0,0,1,1,0,0,0,0.721814
1,1,1,0,0,0,0,0,0,0,0,0,0,1,0,1,0,1,0,0,0,0,1,0,0,0,0,0,1,1,0,1,0.737479
0,1,1,1,1,0,1,0,1,1,1,0,0,0,1,1,0,1,1,0,1,1,0,0,1,0,1,0,0,0,0,0,0.652574
1,1,0,0,0,1,1,0,1,1,0,1,0,0,1,1,0,1,1,0,1,0,0,0,0,1,0,0,1,0,0,1,0.697224
0,1,0,0,1,0,0,0,0,0,1,0,0,0,1,0,0,1,0,1,0,0,0,1,0,0,1,1,1,1,1,0,0.625346
0,1,0,0,0,1,1,1,1,1,1,0,0,0,0,0,1,0,1,0,1,1,1,1,1,0,1,0,1,0,0,1,0.652014
0,1,1,0,1,0,0,1,0,0,0,0,1,1,1,1,0,0,1,0,0,1,0,0,0,1,0,1,0,0,0,0,0.661605
0,0,1,0,0,0,0,0,1,0,0,0,0,1,0,0,1,1,0,1,0,1,0,1,1,0,0,0,1,1,0,0,0.628623
0,1,1,0,1,1,0,1,1,0,0,0,0,1,1,1,1,1,0,0,1,1,1,1,0,1,1,1,1,1,0,0,0.696265
0,0,1,0,0,0,1,0,1,1,1,0,1,1,0,0,1,1,0,1,0,1,0,0,1,1,1,1,1,1,0,1,0.622416
0,1,1,1,0,0,1,1,1,1,1,0,0,1,1,1,0,1,0,1,0,1,0,1,1,0,0,0,0,0,1,0,0.643942
1,1,1,0,0,1,1,1,0,0,0,1,0,0,0,1,0,1,0,1,1,0,1,1,0,1,0,1,0,1,1,1,0.571345
0,1,1,0,0,1,0,0,1,1,1,1,1,1,0,0,1,0,0,1,1,0,0,0,1,0,1,0,0,0,1,0,0.649776
0,1,1,0,0,0,0,0,1,0,0,1,0,1,1,0,0,0,0,1,1,1,1,0,0,0,1,0,1,0,0,1,0.655318
0,1,1,1,1,1,1,1,1,1,0,1,1,0,0,1,1,0,1,0,1,0,0,1,1,0,0,1,0,0,0,0,0.664535
1,1,0,1,1,0,1,1,0,0,0,1,1,0,0,1,1,0,0,0,1,0,1,1,0,1,0,1,1,0,1,1,0.541294
0,1,0,1,1,1,1,0,1,0,0,1,1,0,0,0,0,1,0,0,0,1,1,1,0,1,0,0,0,1,0,1,0.620498
1,1,1,0,1,1,1,1,1,1,1,1,0,0,1,1,0,0,1,1,0,1,0,1,0,1,0,1,1,0,1,0,0.713289
0,1,1,0,0,1,0,1,1,1,1,1,0,0,1,1,0,0,0,0,1,0,0,0,1,0,0,0,1,0,1,1,0.610267
0,0,1,1,1,0,1,0,0,0,1,0,1,1,1,0,0,1,1,1,1,0,0,0,1,0,1,1,1,1,0,0,0.652254
1,0,0,1,0,0,0,1,0,1,0,1,0,0,1,1,0,0,1,0,0,1,0,1,0,0,0,1,1,1,0,1,0.654092
0,0,1,1,1,0,0,1,1,0,1,1,0,1,1,0,1,1,1,0,0,1,1,0,1,0,0,1,1,0,0,0,0.641331
1,1,1,1,0,1,1,0,1,0,0,0,0,0,1,0,0,1,0,1,0,0,0,0,1,0,0,0,1,0,0,1,0.665521
1,0,1,0,1,1,1,0,0,0,1,0,1,0,1,0,0,0,1,0,1,0,0,1,0,1,1,0,0,0,0,0,0.856804
1,0,1,0,1,1,1,1,0,0,1,0,0,0,1,0,1,1,0,0,1,0,0,1,0,0,0,1,1,1,1,0,0.734335
1,1,1,1,1,1,1,1,0,1,1,1,1,1,1,1,0,1,1,1,0,1,1,0,1,1,0,1,0,1,1,1,0.508925
0,1,0,0,1,1,0,0,0,0,1,1,0,0,0,0,0,0,0,1,1,1,1,1,1,0,1,0,1,1,1,0,0.656543
1,0,1,0,1,1,1,0,0,1,0,1,1,1,0,1,0,1,1,0,1,1,1,0,0,0,1,1,1,1,0,1,0.621617
1,0,1,0,1,1,1,0,0,0,1,0,0,0,0,0,1,1,0,0,0,1,0,0,1,0,1,0,1,1,0,0,0.779572
0,0,1,0,0,0,1,1,0,1,1,0,0,1,1,0,1,1,0,1,1,1,1,0,1,1,0,0,0,1,1,0,0.653106
0,0,0,0,1,1,0,1,0,1,1,0,0,0,0,1,1,1,0,1,1,1,1,0,0,1,1,1,1,0,0,0,0.660592
1,0,0,0,1,1,0,1,0,1,1,1,0,0,0,1,0,0,0,0,0,0,1,1,1,1,1,1,1,1,0,1,0.587729
0,1,1,1,0,0,0,0,0,0,1,0,0,0,1,0,1,1,0,1,0,0,0,1,0,0,1,1,1,1,0,0,0.639626
0,1,1,0,1,0,0,1,0,1,1,0,1,1,1,0,1,1,0,1,0,0,1,0,0,0,0,0,1,1,1,0,0.659926
1,0,0,0,1,0,1,0,0,1,1,0,0,1,1,0,0,1,0,1,1,1,1,0,0,0,1,1,1,0,0,0,0.776348
0,0,0,1,1,1,1,0,0,0,0,0,0,1,1,0,1,1,0,0,0,1,0,0,0,0,0,1,0,0,0,0,0.616821
1,0,0,1,1,1,0,0,1,0,0,0,1,0,0,1,1,0,1,1,1,1,0,1,0,1,0,0,1,1,1,0,0.681772
0,1,1,0,1,1,1,0,1,0,0,0,0,1,0,1,1,1,0,0,0,1,1,0,0,1,0,1,0,0,1,1,0.654971
1,0,1,1,0,0,1,0,0,1,1,0,0,1,1,1,0,1,0,0,0,0,1,0,0,1,1,1,1,1,1,1,0.554215
1,0,0,0,1,0,0,1,0,1,0,1,1,1,1,1,1,0,0,0,0,0,1,1,1,0,0,0,1,0,0,0,0.739077
1,1,1,1,0,1,0,1,1,1,1,0,0,0,0,0,1,1,1,0,0,0,0,0,0,1,1,1,0,1,0,1,0.661711
0,0,1,0,0,1,0,1,1,0,1,1,1,1,0,0,0,1,1,0,0,1,0,1,0,0,0,1,1,0,0,0,0.620285
1,0,0,1,1,0,1,0,0,0,0,0,1,0,1,1,1,0,0,0,0,0,1,0,0,1,1,0,0,1,0,0,0.775309
0,1,1,1,0,0,1,0,0,0,0,0,0,1,1,1,0,0,0,1,1,1,0,1,0,1,0,0,1,1,0,0,0.624121
1,1,0,0,1,0,0,0,1,1,0,1,0,0,1,1,1,1,0,0,1,0,1,0,1,0,1,1,0,1,1,0,0.802510
1,1,0,0,0,1,0,1,1,1,1,0,0,0,1,1,0,1,0,1,1,1,1,1,0,0,0,0,1,1,0,0,0.738864
0,1,0,1,1,1,0,0,0,1,1,0,1,1,0,0,1,1,1,0,1,0,1,0,0,1,1,0,1,0,0,0,0.667413
0,1,1,0,1,1,0,0,1,0,1,1,0,0,1,0,1,0,0,1,1,0,0,0,0,0,1,1,1,0,1,0,0.672847
1,0,1,0,1,1,1,1,1,1,1,0,0,1,1,0,0,0,0,0,1,0,0,1,0,0,0,0,0,1,1,0,0.772778
1,1,0,1,1,1,0,0,1,0,1,1,0,0,0,1,0,1,0,1,1,0,0,0,1,0,1,0,0,1,1,1,0.629849
1,0,1,1,0,1,0,0,0,0,1,1,0,1,0,1,1,0,1,0,0,1,0,1,0,1,1,0,1,0,1,0,0.712569
1,0,0,1,1,0,1,0,0,1,1,1,0,0,1,0,1,0,1,1,0,0,0,1,1,0,0,1,0,1,1,0,0.736653
0,0,1,0,0,1,1,1,0,1,1,1,1,1,1,1,0,1,1,0,0,0,0,1,1,1,1,1,1,0,1,1,0.586530
0,1,0,0,1,1,1,0,1,1,0,0,1,0,0,1,1,1,1,1,0,0,0,0,0,0,0,1,0,1,0,1,0.653746
0,0,0,1,0,0,1,1,0,1,1,1,0,1,1,0,1,0,0,1,0,1,1,0,0,1,1,0,1,0,0,1,0.666613
1,1,1,1,0,1,1,0,1,1,1,1,1,0,0,0,1,1,0,0,0,0,1,0,0,0,1,0,0,1,1,0,0.837782
0,0,1,1,0,0,0,1,1,1,1,0,0,1,0,0,1,0,0,0,0,0,1,1,1,1,0,0,1,1,1,0,0.594363
1,1,0,0,0,1,0,0,0,1,0,0,1,0,1,1,1,1,1,1,1,0,0,1,1,1,0,0,1,0,0,1,0.646526
0,0,1,1,0,0,1,0,0,1,1,0,0,0,1,0,1,0,0,1,0,1,0,1,1,0,0,1,0,1,0,0,0.634271
0,0,0,1,0,1,0,1,1,0,0,1,0,1,1,1,0,1,1,0,1,0,1,1,1,1,1,0,0,0,1,0,0.597879
1,1,1,0,1,0,1,1,1,1,0,0,0,0,0,1,0,1,1,0,0,0,1,0,1,0,1,1,0,0,0,1,0.647112
0,1,1,1,1,1,1,1,1,1,0,1,0,0,0,0,0,0,0,0,1,0,1,1,1,0,0,1,1,1,1,0,0.626172
0,0,0,1,1,1,1,1,1,1,0,1,1,0,1,0,0,1,0,1,0,0,1,0,0,1,0,1,1,0,1,1,0.659926
0,1,1,0,0,0,1,1,1,1,1,0,1,0,0,1,1,1,0,1,1,0,0,1,0,1,0,0,0,0,0,0,0.682705
0,0,0,1,1,1,1,1,1,1,1,0,1,0,1,1,1,1,0,0,0,1,0,0,0,1,1,0,1,1,0,1,0.672181
1,1,1,1,0,0,0,1,1,0,0,0,0,1,0,1,1,1,1,1,1,0,1,1,1,0,0,1,0,0,0,0,0.782955
0,0,1,1,0,1,0,1,1,0,0,0,1,0,1,1,1,1,0,0,1,1,1,1,1,0,1,0,1,1,0,0,0.620045
1,1,1,0,0,1,1,0,0,1,1,0,0,0,0,1,1,0,1,1,0,0,0,1,1,0,1,0,0,0,0,0,0.846174
1,0,0,0,1,0,1,1,1,0,0,1,1,1,0,1,0,0,1,0,1,1,1,1,0,0,0,0,0,1,1,0,0.744485
0,1,1,1,1,1,1,1,1,0,0,1,1,0,0,1,0,1,1,0,1,1,0,1,0,1,0,1,0,1,1,0,0.635577
0,0,1,1,1,1,0,0,0,0,0,1,0,0,0,1,0,1,0,0,0,1,1,0,0,0,0,0,0,1,0,0,0.598759
0,0,1,1,1,1,1,0,1,0,0,1,0,1,0,1,0,0,1,0,1,1,1,1,1,1,0,1,0,0,1,1,0.579817
1,1,0,1,1,0,0,0,0,0,1,1,0,0,1,1,0,1,1,0,1,0,0,1,0,1,0,1,1,1,0,1,0.671489
1,1,1,0,0,0,0,0,1,1,1,0,1,0,1,1,0,0,0,0,1,1,1,0,1,0,0,1,0,1,1,0,0.717125
0,0,1,1,0,0,0,1,1,1,1,0,1,1,0,1,1,0,0,0,1,1,1,0,0,0,0,1,0,0,0,0,0.636909
