1,1,1,1,1,1,0,0,1,1,1,1,0,1,0,0,0,1,1,1,0,0,0,1,0,1,1,1,1,0,1,0,0.751439
0,0,0,0,0,0,1,0,1,0,1,1,1,1,0,1,0,1,1,0,1,1,1,1,0,1,1,0,0,0,0,1,0.638614
1,1,0,0,1,1,0,1,1,1,1,0,0,1,1,0,0,0,1,0,1,0,0,1,0,0,1,0,1,1,0,0,0.649829
1,1,0,1,0,1,1,1,0,0,1,0,0,1,1,0,1,1,0,1,0,1,0,1,0,0,1,0,0,0,1,1,0.678682
1,1,1,1,1,1,0,0,1,1,1,1,0,0,1,0,0,0,1,1,0,0,0,0,1,0,0,1,0,0,0,1,0.611839
0,1,0,1,0,1,0,0,0,1,0,0,0,1,1,0,1,0,1,0,0,0,0,0,1,1,1,1,0,0,1,0,0.531490
0,0,1,1,1,0,1,0,0,1,1,0,0,0,1,1,0,1,0,0,1,1,1,1,0,1,0,1,0,1,1,0,0.664695
1,0,1,0,1,0,1,1,0,1,1,1,0,1,0,1,0,0,0,0,1,0,1,0,0,1,1,1,0,0,1,1,0.716486
0,0,1,0,0,0,0,1,1,1,1,0,0,0,0,0,1,0,1,1,0,0,1,0,0,0,1,1,0,0,0,1,0.611893
1,1,0,1,1,0,0,1,1,1,0,0,1,0,0,1,1,1,1,1,0,0,0,1,1,1,0,0,0,1,0,0,0.648551
1,0,0,0,0,0,1,0,1,0,1,0,0,0,0,0,1,0,1,0,0,0,1,0,1,1,0,0,1,0,1,0,0.594975
1,1,1,0,1,1,0,0,0,1,1,0,0,0,0,0,0,0,1,0,0,0,0,0,1,0,0,1,0,0,0,1,0.606618
1,1,1,0,1,1,1,1,1,0,1,1,0,1,0,0,1,1,1,0,0,1,1,1,1,0,0,1,1,1,0,1,0.796462
1,1,1,0,1,0,0,0,0,0,0,0,1,1,1,1,1,0,1,1,1,1,1,1,0,1,1,0,0,1,1,0,0.863438
1,1,1,1,1,1,1,0,0,1,1,1,0,1,1,1,1,0,1,1,1,1,0,0,1,1,1,0,0,0,1,1,0.698609
0,0,0,1,1,1,0,1,1,0,1,0,1,1,0,1,1,0,0,1,0,0,1,0,1,0,0,1,0,0,1,0,0.593537
0,1,1,1,0,1,0,1,0,1,1,1,0,0,0,1,0,1,1,0,0,1,1,1,1,1,0,1,0,1,0,0,0.678575
0,0,1,0,0,1,1,0,0,0,0,0,0,0,1,0,1,0,1,1,0,1,0,0,0,1,0,1,1,1,1,0,0.504529
1,1,0,1,0,1,0,1,0,1,0,1,0,0,0,1,1,0,1,1,1,1,1,1,1,1,1,1,1,1,1,1,0.763987
0,1,0,0,0,1,1,0,0,0,0,0,0,0,0,0,0,0,1,1,1,1,0,0,1,0,0,0,1,1,1,1,0.654412
0,1,0,1,0,0,0,0,0,1,1,1,0,0,1,0,0,0,1,1,0,1,1,1,0,1,1,0,0,0,0,1,0.547528
1,0,0,0,0,0,0,0,0,0,0,1,0,1,1,1,1,1,0,1,0,0,1,0,0,0,1,1,0,0,1,0,0.549313
0,1,0,0,1,0,0,1,0,1,0,0,1,0,1,1,1,1,0,0,1,1,0,0,1,1,0,1,1,0,0,1,0.642104
1,1,1,0,1,0,1,1,0,1,1,0,1,0,0,1,1,1,0,0,0,1,1,0,1,1,1,0,1,1,1,0,0.648311
0,1,1,0,0,1,0,1,0,1,0,1,0,0,1,0,1,0,1,1,0,0,1,0,1,1,1,0,0,0,0,0,0.586370
0,1,1,0,1,0,0,0,0,0,0,1,0,1,1,0,0,1,0,1,1,0,0,0,1,0,0,1,1,1,1,1,0.528453
0,1,1,0,0,1,0,0,1,1,1,0,0,1,0,0,1,1,0,1,1,0,0,0,1,1,1,0,1,0,0,1,0.555120
1,1,1,0,0,0,0,0,0,1,0,1,1,1,1,1,0,0,0,0,1,1,0,0,0,0,1,1,0,1,0,1,0.771233
0,1,0,1,1,1,0,1,0,0,1,1,0,0,0,1,1,1,0,0,0,0,0,1,0,0,1,1,1,0,0,0,0.541533
1,0,1,1,0,1,0,0,1,1,1,0,0,1,1,1,1,1,1,0,0,1,0,0,0,1,1,1,1,1,0,0,0.724105
0,0,0,1,1,1,1,0,0,0,1,1,1,0,0,1,0,0,0,1,1,0,0,0,1,1,0,1,1,1,0,1,0.608722
0,0,1,1,0,1,1,1,0,0,1,1,1,0,1,1,0,1,0,0,0,1,1,0,1,1,1,1,0,0,0,1,0.669038
0,1,0,0,0,0,1,1,0,0,0,0,0,1,1,1,1,0,0,0,1,1,0,0,0,0,0,0,0,1,1,0,0.682678
0,1,1,1,1,1,1,0,1,1,1,0,1,0,0,1,0,1,1,1,1,0,1,0,0,1,0,0,0,0,0,1,0.600996
0,0,1,1,1,0,0,1,1,1,1,1,0,0,0,0,1,1,0,0,0,0,1,1,1,1,1,1,1,1,1,0,0.684516
0,1,0,0,1,0,1,1,1,1,1,1,1,1,1,1,1,1,1,1,0,1,1,0,0,1,1,0,0,0,0,0,0.633578
1,0,0,1,0,1,1,1,1,0,0,0,1,0,1,1,1,1,0,0,1,1,1,1,0,0,1,0,1,1,0,0,0.709639
0,0,0,0,1,1,1,1,1,0,1,0,1,0,1,1,1,0,1,0,0,1,1,1,1,1,0,1,0,0,0,0,0.644262
1,1,0,1,1,0,0,0,1,1,1,1,1,0,1,0,1,0,1,0,0,1,0,0,1,0,0,0,1,0,1,1,0.647751
1,0,0,1,1,0,0,0,1,1,0,0,0,0,0,1,0,1,0,0,1,0,0,1,0,1,1,0,1,0,1,1,0.671622
0,1,0,1,1,1,0,1,0,0,0,1,1,0,1,0,1,0,0,0,1,1,0,0,0,0,0,1,1,1,1,1,0.527307
0,0,1,0,1,0,1,1,0,0,1,0,0,0,0,1,1,0,0,1,0,1,1,1,0,0,0,0,1,0,1,1,0.765425
0,1,0,1,1,0,1,1,0,0,0,0,0,1,1,0,1,1,0,1,0,1,0,0,1,1,1,0,1,1,0,1,0.648817
0,1,0,0,1,1,1,0,0,1,0,0,1,0,1,1,0,1,1,0,0,0,0,1,0,0,0,1,1,1,1,1,0.765452
0,1,0,1,0,1,0,0,1,0,1,1,0,0,1,1,1,1,0,1,0,0,1,0,1,1,0,1,0,0,1,0,0.653613
0,1,1,1,0,0,0,1,0,0,0,1,0,0,1,0,1,0,1,1,1,0,0,1,1,0,1,0,1,0,0,0,0.536525
1,1,0,0,0,0,1,0,1,0,1,1,1,1,0,0,1,1,0,0,1,0,1,1,1,1,0,0,1,0,1,1,0.676604
0,0,1,0,0,0,0,0,0,0,0,1,0,0,0,1,0,1,0,0,1,1,1,0,0,0,0,0,0,0,1,0,0.469416
0,0,0,1,0,0,0,0,0,0,1,0,0,0,1,0,1,0,1,1,1,0,0,1,1,1,1,0,0,0,0,1,0.504076
1,1,0,1,0,0,1,1,1,1,0,0,1,0,0,0,0,1,1,0,1,0,0,1,1,1,1,1,0,1,0,1,0.644714
0,0,0,0,0,0,0,1,1,0,0,1,1,0,1,1,1,0,1,0,1,1,0,0,0,1,0,1,0,0,0,1,0.562686
0,0,1,1,1,0,1,1,1,0,1,1,1,0,0,0,0,0,1,1,1,1,1,0,0,0,1,1,0,1,1,0,0.577073
0,1,1,0,1,0,1,0,1,0,0,0,0,1,0,1,1,0,1,1,1,1,0,0,0,0,1,1,0,0,1,0,0.602755
0,1,1,0,0,1,1,1,0,0,0,0,1,1,0,0,1,0,0,1,0,1,1,0,0,1,0,1,0,1,0,0,0.593723
1,0,1,0,1,1,0,0,0,0,1,0,0,0,1,1,0,0,1,0,0,1,1,1,1,0,1,1,1,1,0,0,0.593617
1,1,1,1,1,1,0,0,0,1,0,1,1,1,0,0,0,1,0,0,1,0,1,0,0,0,1,1,0,0,0,0,0.602595
0,0,1,1,0,1,0,1,1,0,0,0,0,0,1,1,1,0,1,1,0,1,0,0,1,1,0,0,0,0,1,0,0.551417
1,0,1,0,0,0,1,0,0,0,1,0,0,0,0,1,1,0,0,1,1,0,0,1,1,0,1,1,1,0,0,1,0.597506
1,1,0,0,1,1,0,0,1,0,0,0,1,1,0,1,1,0,1,1,0,1,1,1,1,0,1,0,0,0,0,1,0.715313
0,1,0,1,0,1,0,0,0,0,1,0,0,1,1,0,0,0,0,0,0,0,0,0,1,1,1,1,0,1,0,0,0.566470
0,1,1,0,1,0,1,0,0,1,1,1,1,1,0,1,0,1,0,1,1,0,0,0,0,0,1,0,1,0,0,0,0.605179
0,0,1,0,0,1,0,0,0,1,0,0,0,0,1,0,1,1,0,0,1,0,1,1,0,0,0,1,0,1,1,1,0.678762
1,0,0,1,1,1,1,1,1,0,1,1,0,0,0,0,0,1,1,1,1,1,0,1,0,0,1,0,1,1,1,0,0.582134
0,0,1,1,1,1,1,1,0,0,0,1,1,1,1,0,0,1,0,1,0,0,1,1,1,1,1,0,1,1,1,0,0.669118
0,0,1,0,1,0,1,0,1,0,1,1,0,0,0,0,0,1,1,0,0,0,1,1,0,0,0,0,0,1,1,1,0.686941
0,1,0,0,0,1,1,1,0,1,0,0,1,1,1,0,1,1,0,1,0,1,0,0,0,0,1,1,0,1,0,1,0.654572
1,1,1,0,0,1,1,1,1,0,1,0,0,1,0,0,1,1,0,1,1,0,0,1,1,1,0,1,0,1,0,0,0.648391
0,1,1,1,1,0,0,1,0,1,1,0,0,1,0,0,0,0,0,1,0,1,1,1,1,1,1,0,1,0,1,0,0.616315
0,0,0,0,1,1,0,1,1,1,0,1,0,1,1,0,0,0,1,1,0,1,0,1,0,1,0,0,1,0,1,1,0.700075
0,1,0,0,0,0,0,0,1,0,1,0,1,1,1,0,1,1,0,1,0,1,1,1,1,0,1,0,1,1,1,1,0.847533
1,1,0,0,1,1,0,1,1,0,1,1,1,1,0,0,0,1,0,1,0,1,0,1,0,0,0,0,0,0,0,0,0.671755
0,1,0,0,1,0,0,1,1,1,0,0,1,0,0,1,0,1,1,1,1,0,1,0,0,1,1,1,0,1,0,0,0.608136
0,0,0,0,0,1,1,0,1,1,0,1,1,0,0,0,1,1,0,0,1,1,1,0,1,0,1,1,1,0,0,1,0.636536
0,0,0,1,1,0,0,0,1,1,0,0,1,0,1,1,1,1,1,1,1,1,0,1,1,1,1,0,0,1,0,1,0.764706
0,1,0,1,0,0,0,1,1,0,1,0,1,0,0,0,0,0,0,1,0,0,1,0,1,0,0,0,0,1,1,0,0.532502
1,1,1,1,1,1,0,1,0,1,0,0,0,0,0,1,0,0,1,1,0,1,0,1,0,0,0,1,1,1,0,1,0.704897
1,0,0,0,1,1,0,1,1,0,0,0,0,1,1,0,1,1,1,0,1,1,1,1,1,0,1,0,0,0,0,0,0.703032
0,0,0,0,0,1,0,1,0,0,1,1,0,1,1,0,0,1,1,1,1,1,0,0,1,1,1,1,1,0,1,0,0.609601
0,1,1,1,1,0,1,1,1,1,1,1,0,1,1,1,1,1,0,0,1,0,0,0,0,1,0,1,1,1,0,0,0.658568
1,0,0,1,0,0,1,1,0,1,1,1,0,0,0,1,0,1,0,0,1,0,1,1,1,1,1,0,1,0,1,1,0.771792
0,0,1,1,0,0,1,1,1,1,1,0,1,0,0,1,1,0,1,1,1,0,0,0,1,1,0,0,0,0,1,0,0.588555
1,0,0,0,1,1,0,0,0,1,0,0,1,0,1,0,0,0,0,0,1,1,1,0,1,0,1,0,0,0,1,1,0.589567
1,0,0,0,1,0,1,0,0,0,0,1,0,1,1,1,1,0,0,0,0,0,1,0,1,1,0,1,1,1,0,1,0.638933
0,0,0,0,1,1,1,1,0,0,1,1,0,1,1,1,0,0,0,1,1,0,1,0,0,1,0,0,0,0,0,0,0.449275
0,1,0,1,1,1,1,1,0,1,0,0,0,0,0,1,0,1,1,1,0,1,0,1,0,1,1,0,1,1,0,1,0.724691
1,1,0,0,1,0,1,1,1,1,1,0,1,1,0,0,0,0,1,1,0,1,1,1,1,0,0,1,1,0,0,0,0.619272
1,1,1,1,0,0,1,0,1,0,1,0,1,1,0,0,0,1,0,1,0,0,0,0,0,1,1,1,0,0,0,1,0.647885
1,1,1,1,1,0,0,0,1,0,1,1,0,0,0,0,1,0,0,1,0,0,0,0,1,0,0,0,1,1,1,1,0.607444
1,0,0,1,0,0,0,0,1,0,0,0,1,1,0,0,0,1,0,1,1,0,0,1,0,1,0,0,0,1,1,1,0.755781
0,0,0,1,1,0,1,0,1,1,0,1,0,0,1,0,1,0,0,1,0,0,1,0,0,1,0,1,0,1,0,0,0.563273
0,1,1,1,0,0,1,0,0,0,0,0,0,0,1,0,1,1,0,1,1,1,1,1,1,0,1,0,1,0,0,0,0.544091
0,0,1,1,0,0,0,1,0,0,1,1,1,1,1,0,0,0,0,1,1,0,0,1,1,0,0,0,1,1,1,0,0.664562
0,1,0,1,1,1,1,0,1,1,1,0,1,0,1,0,0,1,0,0,1,0,0,1,0,1,0,0,1,0,0,0,0.565377
1,1,1,1,0,0,0,1,0,0,1,0,0,1,1,1,1,1,0,0,0,0,0,0,1,1,1,0,1,0,0,1,0.673727
0,0,1,0,1,0,1,0,0,1,1,0,0,1,0,1,0,0,1,1,1,1,0,1,1,1,0,1,1,1,1,0,0.653293
0,0,0,0,0,1,0,1,0,0,0,1,0,0,1,1,1,0,0,0,0,1,1,1,0,0,0,1,1,0,0,0,0.453645
1,1,1,1,1,0,1,0,1,0,0,1,0,1,1,0,1,1,1,1,0,0,1,1,0,1,0,0,1,1,0,1,0.723998
0,0,1,1,1,0,1,0,0,1,0,1,1,0,1,0,1,0,1,0,0,1,1,1,1,0,0,1,0,1,0,1,0.670743
1,1,1,0,0,1,1,1,1,1,0,1,0,0,0,1,1,1,1,1,0,0,0,0,0,1,0,1,1,0,0,0,0.700075
1,0,0,1,0,0,0,1,0,1,0,0,1,0,0,1,0,1,0,1,1,1,1,1,1,0,0,1,1,1,1,0,0.714754
1,0,1,1,1,1,1,0,0,1,1,0,1,0,1,0,0,0,1,0,1,1,0,0,0,1,0,1,0,0,1,0,0.658568
0,1,0,0,0,0,0,0,0,1,1,1,1,0,1,1,0,1,0,0,0,0,0,1,1,1,0,0,1,0,0,0,0.562580
0,1,0,0,0,1,0,0,0,0,0,0,0,1,0,0,0,0,1,0,0,1,1,0,1,1,0,1,0,1,0,0,0.489743
1,1,1,0,0,1,0,1,1,0,1,1,1,0,1,1,0,0,1,0,0,1,1,1,1,0,0,1,1,1,0,1,0.739077
0,1,0,1,0,1,0,0,0,0,1,0,1,1,1,0,1,1,1,1,0,1,1,1,1,1,0,0,0,1,1,1,0.899909
0,1,0,0,1,0,0,0,1,0,0,0,0,1,1,0,1,1,0,0,0,0,1,0,0,1,0,1,1,1,1,1,0.611679
1,0,0,1,0,1,0,1,0,0,0,0,1,0,0,1,1,1,0,1,1,1,1,0,1,0,1,0,0,1,1,0,0.596867
0,0,0,1,1,0,1,0,0,0,0,1,0,1,0,0,0,1,0,0,0,0,0,0,1,1,0,1,0,1,0,1,0.510470
0,0,1,1,1,0,1,1,1,1,0,1,1,1,0,0,1,1,1,0,1,1,1,0,0,1,0,1,1,1,1,1,0.681426
1,1,0,1,0,1,1,1,0,1,0,0,1,0,0,0,0,0,0,0,0,0,1,1,0,0,1,1,0,0,1,1,0.557491
0,1,0,0,0,1,0,1,0,1,0,0,0,0,0,0,1,1,0,0,1,0,1,1,1,1,0,1,1,1,1,0,0.563353
1,0,0,0,1,1,0,1,1,1,1,0,1,0,1,0,0,1,0,0,0,0,0,1,0,0,0,0,0,1,1,1,0.728527
0,0,1,1,1,1,1,1,1,1,0,1,0,1,0,1,1,0,1,1,1,1,0,1,1,1,1,1,0,0,0,1,0.682252
0,0,1,0,1,0,1,0,1,1,1,0,0,0,1,1,0,1,0,1,0,0,1,1,0,1,1,0,0,0,0,1,0.621244
1,0,0,0,1,1,0,0,0,1,1,1,0,0,0,0,1,1,1,1,1,1,0,1,0,1,1,1,1,0,0,1,0.669491
0,0,1,1,1,0,0,0,0,0,0,0,0,1,0,1,0,1,1,0,1,1,0,0,0,0,0,0,0,0,1,1,0.663710
1,1,0,0,0,0,1,1,1,0,1,0,1,1,1,1,1,0,1,0,0,1,0,1,0,1,1,0,0,0,1,0,0.646126
0,1,1,1,0,0,0,0,0,1,1,1,1,0,0,0,1,0,1,1,0,0,1,1,1,0,1,0,1,0,0,0,0.626172
1,0,0,1,1,1,0,0,0,0,0,0,0,0,0,1,0,1,0,1,0,0,1,0,1,0,1,1,1,1,1,0,0.503517
1,1,1,1,0,1,0,1,1,1,1,0,0,0,1,1,0,0,1,0,0,1,1,0,1,1,1,0,0,1,1,1,0.757619
0,0,1,0,1,1,1,1,0,1,0,0,0,1,1,0,0,0,1,0,1,0,1,0,0,0,0,0,1,1,0,1,0.650469
1,0,0,0,1,1,0,0,1,1,0,1,0,0,1,1,0,1,1,0,1,1,1,0,0,0,0,0,0,0,0,0,0.632886
0,0,0,1,1,0,0,0,1,1,0,1,1,1,0,0,0,1,1,1,0,1,1,1,1,0,0,0,1,0,1,1,0.706255
0,0,1,0,0,1,1,1,1,1,0,1,1,0,1,0,0,1,1,1,1,0,1,0,1,1,0,0,0,0,0,1,0.590819
0,0,1,1,1,0,0,0,1,0,0,0,1,1,0,1,1,1,1,1,1,1,0,0,1,1,0,0,0,0,1,0,0.640372
0,1,0,1,1,1,1,1,0,1,1,0,0,1,1,0,1,1,0,0,0,1,0,0,0,1,1,1,1,1,0,1,0.671569
1,1,0,0,1,1,1,1,1,1,0,0,0,1,0,0,0,1,0,0,0,1,1,1,0,1,1,0,1,0,0,0,0.755861
0,1,1,1,0,1,1,0,0,1,0,1,0,0,1,1,1,1,1,0,1,1,0,1,0,1,0,1,0,0,0,0,0.619485
