1,0,1,1,0,1,1,0,0,0,1,0,0,1,0,0,0,0,0,1,1,0,0,1,0,1,0,0,0,1,1,0,0.590686
1,1,0,0,0,1,1,0,0,0,0,0,1,0,1,1,1,0,1,1,0,0,0,1,0,1,0,1,1,1,1,1,0.568627
0,1,0,1,0,0,1,0,0,0,1,0,0,1,0,1,1,0,0,0,0,0,1,0,1,1,1,1,0,0,0,1,0.589194
0,1,0,1,0,1,0,1,0,1,0,1,0,0,0,1,1,1,0,0,1,1,1,1,0,1,1,0,0,1,1,0,0.592152
1,0,0,1,1,1,0,1,1,0,0,1,0,0,0,0,1,1,1,0,1,1,0,0,1,0,0,1,1,1,1,1,0.592684
0,0,0,0,0,0,1,1,1,0,0,1,1,0,1,1,1,0,1,1,0,0,0,0,0,1,1,1,0,0,1,1,0.592818
1,1,0,1,1,0,1,0,1,1,1,0,0,0,0,0,1,1,0,0,0,1,1,1,1,1,0,1,0,1,0,0,0.595375
1,0,0,0,0,1,1,0,1,0,0,1,1,1,0,1,1,0,0,0,0,1,1,1,0,0,1,0,0,0,0,1,0.583253
1,0,1,0,1,1,0,1,0,1,0,1,1,0,1,1,0,0,0,0,1,1,1,1,1,0,1,0,1,1,0,0,0.589194
1,1,1,0,0,0,0,1,0,0,0,1,0,0,0,0,0,0,0,1,1,1,0,1,1,0,1,1,1,1,0,0,0.597613
1,0,1,0,1,0,0,1,0,0,0,0,0,1,1,0,1,1,0,1,0,0,0,0,1,0,1,0,1,0,0,1,0.592471
0,0,0,1,1,1,1,1,1,1,1,0,0,1,1,0,0,0,0,1,0,1,1,0,0,1,1,1,1,0,0,0,0.603074
0,1,1,0,1,0,0,1,1,0,0,0,0,1,0,0,1,0,0,0,0,1,1,1,1,1,0,0,1,0,0,0,0.594949
1,0,0,0,1,1,0,0,1,1,0,1,0,1,0,1,0,1,0,1,0,1,0,1,0,0,1,1,1,1,1,1,0.569666
0,1,0,0,0,0,0,1,1,1,1,1,1,0,1,1,1,1,0,0,0,1,1,1,1,1,0,1,1,1,1,1,0.571505
0,0,1,1,0,0,1,0,1,0,0,0,1,1,0,1,0,1,0,0,0,1,1,0,1,0,1,1,0,0,0,0,0.588901
1,1,1,1,1,1,0,0,1,0,0,0,1,1,0,1,1,0,0,1,1,1,1,1,0,1,1,0,0,1,0,0,0.567482
1,0,1,0,0,0,0,0,1,1,0,1,0,0,1,1,1,1,1,0,0,0,0,1,1,0,0,0,1,0,0,0,0.603021
1,1,0,1,1,0,1,0,0,0,1,0,1,1,0,1,0,1,1,1,0,1,1,1,0,1,0,1,0,1,1,1,0.552190
1,1,1,1,1,1,1,1,1,1,0,1,0,0,0,1,0,1,1,0,0,0,0,0,1,0,0,0,1,0,1,1,0.553629
1,1,1,1,0,0,0,0,1,0,1,1,0,0,0,0,0,0,0,0,0,0,0,1,0,0,0,1,0,0,0,0,0.620551
0,0,1,0,1,0,1,0,1,0,1,0,0,1,1,0,0,1,0,1,0,1,0,1,0,0,1,1,1,1,1,1,0.583706
0,0,1,1,0,1,0,1,1,0,1,1,1,1,1,0,1,0,0,1,0,0,0,1,1,1,0,0,0,0,0,0,0.596547
0,0,0,0,0,0,0,0,0,1,1,1,1,0,0,0,1,0,0,0,0,1,1,1,0,0,1,1,0,0,1,0,0.579417
0,1,1,0,1,0,0,1,1,1,1,1,0,1,0,0,0,1,0,0,1,0,1,0,0,0,0,1,1,0,0,0,0.599771
0,1,1,0,1,0,1,1,0,0,1,0,0,0,1,1,0,0,0,0,1,0,1,1,1,0,0,0,1,1,1,1,0.544677
0,0,1,0,1,1,1,0,1,1,1,0,1,0,0,1,0,0,0,1,1,0,1,0,0,0,0,0,1,0,0,0,0.587676
1,1,1,0,0,1,0,1,0,0,1,1,0,0,1,1,1,1,1,0,1,1,0,1,0,1,0,0,0,1,0,1,0.595189
1,0,1,0,0,1,1,0,0,1,1,0,1,1,1,1,0,1,1,1,0,1,0,0,1,1,1,0,0,0,1,0,0.596707
0,0,1,0,0,0,1,1,1,0,0,1,1,1,0,0,1,1,0,1,1,0,1,1,0,0,1,1,0,1,1,0,0.598892
0,1,0,0,1,0,1,0,0,1,0,0,1,1,0,1,1,1,0,0,0,0,1,1,0,1,1,0,1,0,0,0,0.596681
1,0,0,0,0,1,1,1,1,0,1,0,1,0,0,1,0,0,0,0,1,1,0,0,0,0,1,0,1,0,0,1,0.568041
1,1,1,0,1,0,1,0,0,0,1,1,1,1,1,1,1,0,1,0,0,0,1,1,1,0,1,1,0,1,0,0,0.598013
0,1,0,1,0,1,1,0,0,1,0,1,1,1,0,1,0,0,1,1,0,1,1,1,0,0,1,0,0,0,1,1,0.587809
0,0,1,0,0,1,0,0,0,0,1,0,1,0,1,1,0,0,0,0,0,0,1,1,1,1,1,1,0,0,0,0,0.582108
0,1,1,0,0,0,0,1,0,0,0,1,0,1,1,0,0,1,1,0,1,0,0,1,1,1,1,1,1,1,0,1,0.602328
1,1,0,0,0,0,1,0,0,1,1,0,1,1,1,1,0,1,0,0,0,0,1,0,0,1,1,1,1,0,1,1,0.598066
1,0,0,1,0,0,0,0,0,0,1,1,1,0,0,1,0,1,1,1,0,0,1,1,1,0,1,1,0,0,0,0,0.595988
1,1,1,1,1,0,1,0,0,0,0,1,0,0,0,1,0,0,1,0,1,0,1,1,0,0,0,1,1,1,1,1,0.572997
0,1,1,0,1,1,1,1,0,0,0,0,1,1,1,1,0,0,1,1,0,0,0,1,1,0,1,0,0,0,0,0,0.583573
0,0,0,0,1,0,1,1,1,0,0,1,0,1,1,0,0,1,1,1,1,1,1,1,0,1,0,0,0,1,1,0,0.569240
1,0,0,1,1,1,1,0,0,0,1,1,0,0,1,1,1,1,1,1,1,1,1,0,1,0,0,1,0,1,1,0,0.592951
0,0,1,1,1,1,0,0,1,0,0,1,1,1,1,1,1,0,0,0,1,0,0,0,1,0,1,0,1,1,0,0,0.593404
1,1,1,1,0,1,0,0,0,1,1,1,1,0,0,1,1,1,0,0,1,1,1,0,1,1,1,0,0,0,1,0,0.590447
0,0,0,1,1,1,1,0,1,0,1,1,0,0,1,1,0,1,0,1,0,1,1,1,1,0,1,0,1,1,0,1,0.593484
0,1,1,0,0,1,1,1,1,1,1,1,0,0,0,0,0,0,1,0,0,1,0,0,1,0,0,0,1,0,1,1,0.593750
1,1,0,0,0,1,1,1,1,1,0,1,0,1,0,0,0,1,0,1,0,1,0,0,0,0,1,0,0,0,1,0,0.592818
0,0,1,1,0,1,1,0,1,0,0,0,0,1,0,0,1,1,1,1,1,1,0,0,1,0,1,0,0,1,1,0,0.599558
0,1,1,0,1,0,0,1,1,1,1,1,0,0,1,1,0,0,0,1,0,1,1,1,0,0,0,0,1,1,1,1,0.542386
1,1,0,0,1,1,1,0,0,1,1,0,1,0,0,0,1,0,1,0,0,1,0,1,0,1,1,1,0,1,0,0,0.594682
0,0,1,0,0,1,0,0,1,1,0,1,1,1,0,1,1,1,1,1,1,1,1,1,1,1,1,1,1,0,0,1,0.582561
1,0,1,0,1,0,0,0,1,0,0,0,0,1,0,1,0,1,1,0,1,1,1,1,1,0,1,1,1,1,0,1,0.588342
0,1,1,1,1,0,1,0,1,1,0,0,1,1,1,0,1,0,0,0,1,0,1,1,1,1,0,1,1,1,0,0,0.604193
1,0,0,1,0,1,0,1,1,1,0,1,1,0,1,1,1,0,1,1,1,1,0,1,0,1,0,1,0,1,1,0,0.590313
0,1,1,1,0,0,0,1,1,1,1,0,1,0,1,0,0,0,1,1,0,0,1,1,0,1,1,1,1,0,0,1,0.594762
1,1,0,0,0,1,0,0,0,1,1,1,1,0,0,0,1,0,1,0,1,1,1,0,0,1,0,0,1,1,0,0,0.593457
0,1,0,1,1,1,0,1,1,1,0,0,1,1,0,0,1,1,1,0,1,1,0,0,1,1,0,1,0,0,0,1,0.593377
1,1,1,0,0,0,0,1,0,1,1,0,1,1,1,1,0,0,1,0,0,0,0,1,0,1,1,1,1,0,0,0,0.601716
0,0,0,1,1,0,0,0,1,0,0,1,1,0,1,1,0,0,0,1,0,1,1,1,1,1,1,0,0,1,0,1,0.601076
0,1,0,0,1,1,0,1,0,1,1,0,0,1,0,0,0,0,1,0,1,1,1,1,0,0,1,0,1,1,1,0,0.590207
0,0,0,1,1,1,1,0,1,0,1,0,0,1,1,0,0,1,1,1,1,1,1,0,1,1,1,0,1,0,0,0,0.595029
0,0,0,0,0,1,1,0,0,0,1,0,1,1,1,0,0,0,0,1,1,1,1,0,1,0,0,1,1,0,1,0,0.607364
0,1,1,1,1,1,1,1,0,1,1,0,0,1,1,0,0,0,1,0,0,0,1,0,0,0,1,0,1,1,1,1,0.588448
1,0,0,0,1,1,0,1,0,0,0,0,1,0,1,0,0,0,1,0,0,0,1,0,1,1,1,0,1,0,1,0,0.583866
1,1,0,0,1,0,1,0,1,0,1,0,0,0,0,0,0,1,1,1,0,1,0,0,0,1,1,0,1,0,0,1,0.595375
0,0,0,1,0,1,0,0,1,1,1,1,0,1,0,1,1,1,0,1,1,1,0,0,0,0,1,1,0,0,1,0,0.593803
0,1,1,0,1,1,0,1,0,1,0,0,1,1,0,1,0,0,0,1,0,0,1,0,0,1,1,0,0,0,1,1,0.587916
1,1,0,0,1,0,0,0,0,1,1,0,1,0,0,1,0,0,1,0,1,0,0,0,0,1,0,1,0,1,0,0,0.596627
1,1,1,1,0,0,0,0,0,1,1,0,0,0,0,0,1,0,1,1,0,1,1,1,0,0,1,1,1,0,0,0,0.593270
0,1,1,1,0,0,1,0,0,1,0,0,0,0,0,0,0,1,1,1,0,0,0,1,1,1,0,0,1,0,0,0,0.601210
1,1,0,1,0,1,0,1,0,0,0,0,1,0,1,0,1,1,1,0,0,0,1,1,0,1,1,0,1,0,0,1,0.593936
0,0,0,1,1,0,0,0,0,0,0,1,0,0,0,0,1,1,1,1,0,0,1,0,0,1,0,1,1,1,0,1,0.589514
0,1,1,1,0,1,1,1,0,0,0,1,1,0,1,1,1,0,0,1,1,0,0,0,0,0,0,0,1,1,0,0,0.593484
0,0,1,1,1,0,1,0,1,0,1,0,0,0,0,0,0,1,1,1,1,1,1,1,1,1,0,1,0,1,0,1,0.590473
0,1,0,0,0,0,0,1,1,1,0,1,0,0,1,0,1,0,1,0,1,0,0,1,1,1,1,1,0,0,1,1,0.599398
0,1,1,1,0,0,0,0,0,1,1,0,1,1,0,0,0,1,0,1,0,0,0,0,0,0,0,0,0,0,1,0,0.592951
1,0,0,1,1,1,1,1,0,1,1,0,0,1,1,0,0,1,1,0,1,1,1,1,0,0,1,0,1,0,0,0,0.590899
1,1,1,0,1,1,0,1,0,0,0,0,1,0,1,0,0,0,1,0,1,1,0,1,1,1,1,1,0,0,1,1,0.591725
1,1,0,1,1,0,0,1,1,0,0,0,0,0,1,0,1,1,1,0,0,0,0,1,1,0,0,0,0,1,0,1,0.595908
0,0,0,0,0,0,0,1,0,1,0,1,0,0,0,1,0,0,1,1,1,1,0,1,0,0,1,0,0,0,1,0,0.560475
0,1,1,0,0,1,1,0,0,1,0,1,1,0,0,0,1,0,0,0,0,0,0,0,0,1,1,0,0,0,1,0,0.593564
0,0,0,1,1,1,1,1,0,1,1,0,1,1,0,0,1,0,1,0,1,1,1,0,1,0,0,1,0,1,1,1,0.585838
0,1,1,1,0,1,0,1,1,1,1,1,0,1,1,0,0,1,0,0,1,1,1,1,1,0,1,0,1,0,1,1,0.583520
0,1,0,0,0,0,0,0,0,1,0,1,1,0,1,1,1,0,1,0,1,0,1,1,1,0,0,1,0,0,1,1,0.594203
1,1,0,1,0,1,1,0,0,0,0,0,1,0,1,1,1,0,1,0,1,0,0,0,0,1,1,0,1,0,1,0,0.593963
1,1,1,0,0,0,0,0,0,1,0,1,0,0,0,1,1,0,0,1,1,1,0,0,0,0,0,0,1,1,1,0,0.596281
1,1,0,1,1,1,0,1,0,1,1,0,1,0,1,0,1,1,1,0,1,1,0,1,0,0,0,1,1,1,0,0,0.583653
1,0,1,0,1,0,1,0,1,0,0,1,1,0,1,0,1,0,0,1,0,0,0,0,0,0,0,1,0,0,1,0,0.591192
0,0,0,1,1,1,0,1,0,0,0,1,0,0,1,0,1,0,1,1,0,0,0,1,1,1,1,1,1,0,0,0,0.606804
1,1,1,1,1,0,1,0,1,1,0,0,0,0,1,1,1,1,0,0,1,1,0,0,0,1,0,1,0,0,1,0,0.593670
1,0,0,1,0,0,1,1,1,1,1,0,0,0,1,1,0,0,1,0,0,0,0,1,1,0,1,0,0,0,1,0,0.594949
1,1,1,0,0,0,1,0,1,1,1,0,0,1,1,1,0,0,0,0,1,0,0,0,1,0,0,1,0,0,1,0,0.595775
0,0,0,0,0,1,1,0,0,1,1,0,0,0,0,0,0,1,0,1,1,1,0,0,1,1,1,1,1,0,1,0,0.605259
0,0,0,1,1,0,0,1,0,1,0,1,0,1,1,0,1,0,0,0,1,1,0,0,0,0,1,0,1,0,1,1,0.587942
0,0,0,1,1,0,1,1,0,1,0,0,0,0,1,1,1,0,0,1,1,0,1,0,1,0,1,0,1,0,0,1,0.592178
0,1,0,0,0,0,0,0,0,1,0,0,0,0,0,1,1,1,0,0,1,0,0,0,1,0,1,1,1,0,0,0,0.595615
1,0,1,1,1,1,1,1,1,1,1,1,0,1,0,1,1,0,1,1,0,1,0,0,1,0,1,1,0,1,1,1,0.577392
1,1,0,1,1,0,0,1,1,0,0,1,1,1,0,1,1,0,1,1,0,0,0,1,0,1,1,0,1,0,1,0,0.593270
0,0,0,1,1,1,0,1,1,1,1,0,1,0,0,1,1,1,0,0,1,0,1,1,0,1,1,1,0,0,0,0,0.595242
0,1,1,0,0,0,1,1,0,1,1,0,1,0,0,1,1,0,0,0,1,1,0,0,0,0,0,1,0,0,0,1,0.589727
1,1,1,1,1,1,1,0,0,1,1,1,1,0,0,0,0,0,1,1,0,1,1,1,0,0,0,1,0,0,1,0,0.601609
0,1,1,1,0,0,0,0,0,1,1,0,0,1,1,0,0,0,0,0,1,1,1,1,0,1,0,0,0,1,1,0,0.587036
1,0,0,1,1,1,1,0,0,1,1,1,0,0,1,0,1,0,0,1,0,0,1,1,0,1,0,1,0,1,1,1,0.588182
0,1,0,1,0,0,1,1,1,1,0,1,1,0,0,0,0,1,1,0,0,1,1,1,1,0,0,1,0,0,1,1,0.596228
1,0,1,1,1,1,1,0,1,1,1,0,1,0,0,1,1,0,1,0,1,0,0,1,0,1,1,0,1,1,1,0,0.592178
1,0,1,1,0,1,1,0,0,0,0,1,0,1,1,1,0,1,1,0,0,1,0,0,1,1,0,0,0,1,1,0,0.595588
1,0,0,0,1,1,0,0,0,0,1,1,0,0,0,1,0,0,0,1,0,1,0,1,0,1,1,1,0,1,1,1,0.586610
0,1,1,1,0,0,1,0,0,1,0,0,1,1,0,0,0,0,0,1,1,0,0,0,0,1,1,1,1,0,1,1,0.588182
0,0,0,1,0,0,1,1,1,0,1,1,0,1,0,1,1,0,1,1,1,1,0,1,0,0,0,1,0,0,1,1,0.592471
0,0,1,1,0,0,1,1,0,0,0,1,0,1,0,1,1,0,1,0,0,1,1,1,1,0,1,1,1,1,1,1,0.572277
1,1,1,0,1,1,0,0,0,0,1,0,1,0,1,0,1,1,1,0,0,1,1,1,0,1,0,0,1,1,1,1,0.582667
1,1,1,0,1,1,0,0,0,0,1,1,1,1,0,1,1,1,1,0,1,1,1,1,1,0,1,1,0,0,0,1,0.594842
1,0,0,0,0,0,1,1,0,0,1,0,1,0,1,1,1,0,0,0,1,0,1,0,1,1,1,1,1,1,0,0,0.603794
0,0,0,1,1,1,1,1,1,0,0,1,1,1,1,0,0,0,0,1,0,1,1,1,0,0,0,1,1,0,0,0,0.589408
1,1,0,0,1,1,0,0,1,0,1,0,1,1,0,1,1,1,0,0,0,1,1,1,0,1,0,1,1,0,1,1,0.578485
1,1,0,1,0,0,1,1,1,0,0,1,1,0,1,0,0,1,0,1,0,0,0,0,0,1,1,0,0,1,0,1,0.594043
0,0,0,1,0,1,0,1,1,1,0,1,1,0,1,0,1,1,1,0,0,1,0,1,0,1,1,0,1,0,0,0,0.600597
0,1,1,1,0,0,0,0,1,1,0,1,0,1,0,0,1,1,1,1,0,0,0,1,0,1,0,0,0,0,0,0,0.598998
1,0,0,1,0,1,1,0,0,0,0,1,1,0,1,0,0,1,1,1,1,0,0,0,1,0,1,0,1,0,1,0,0.599638
0,1,1,0,1,0,0,1,1,1,1,1,1,1,1,1,1,0,0,0,1,1,0,0,1,0,1,1,1,0,0,1,0.591912
1,1,0,0,0,1,0,0,0,1,1,0,0,0,0,1,0,1,0,1,1,1,0,1,1,1,1,0,1,0,0,1,0.597347
1,0,1,1,1,1,0,1,0,0,0,0,0,0,1,1,1,0,0,0,0,1,1,0,0,0,0,1,0,1,0,1,0.596361
1,1,0,0,0,1,1,0,1,1,0,1,1,1,0,0,0,0,1,1,1,0,1,1,1,0,0,1,1,0,0,0,0.600384
0,0,0,1,1,1,0,0,0,0,0,0,0,1,1,0,0,0,0,0,1,0,1,1,0,0,1,1,0,0,1,1,0.518436
0,0,0,0,1,0,0,0,1,0,1,1,1,0,0,1,1,0,0,0,0,0,0,1,0,1,0,0,0,1,1,1,0.593777
0,1,1,0,1,1,1,0,0,1,0,0,0,0,0,0,1,1,1,0,0,0,1,0,1,0,0,0,1,0,1,1,0.593537
0,0,0,1,0,0,1,1,1,1,0,0,1,1,0,0,1,1,1,0,0,0,1,1,0,1,1,1,1,0,0,0,0.611280
0,0,0,0,1,1,0,1,0,1,1,1,0,1,0,1,0,0,1,1,0,1,1,1,0,1,0,0,1,0,1,1,0.533008
