1,1,0,1,0,0,1,0,0,1,1,1,1,1,0,0,1,1,1,1,1,0,1,1,1,1,0,0,0,0,1,0,0.604090
1,0,1,0,1,1,1,0,1,0,1,1,0,1,0,0,1,1,0,1,0,1,1,1,1,1,1,0,0,1,1,0,0.602532
1,1,1,1,1,1,1,0,1,1,0,0,1,0,0,1,0,1,1,0,0,0,1,0,1,1,1,1,0,0,0,0,0.602130
0,0,1,1,1,1,1,0,0,0,1,0,0,0,1,0,0,0,0,0,0,1,0,1,0,0,1,1,1,1,0,0,0.596051
1,0,1,1,1,0,1,1,1,0,0,1,1,0,1,1,0,0,1,0,1,0,0,1,1,0,1,1,1,1,0,1,0.589344
1,0,1,1,0,0,0,1,0,1,1,1,0,1,0,0,1,1,0,0,0,1,0,1,0,1,1,0,0,0,0,0,0.604843
1,1,1,0,1,0,1,0,1,1,0,1,1,1,1,1,0,0,0,1,1,1,0,1,0,1,0,1,0,1,0,1,0.587811
1,0,1,0,1,1,1,0,0,0,0,1,1,0,1,0,0,0,0,0,0,1,0,0,1,0,1,1,0,0,0,0,0.581255
1,0,1,0,1,0,0,1,0,0,0,0,0,1,1,0,0,1,1,1,1,1,0,0,0,1,1,0,1,1,0,0,0.601201
1,1,0,0,1,1,1,1,0,0,1,1,0,0,0,0,1,0,0,0,0,1,1,0,1,1,0,0,0,1,1,0,0.586354
1,0,1,0,1,1,1,0,0,1,1,0,1,1,1,0,1,0,1,0,0,0,0,1,1,0,0,1,0,1,0,0,0.600422
0,1,1,1,1,0,0,0,1,0,0,0,0,1,1,1,0,1,1,1,1,0,0,0,0,0,1,1,1,0,0,1,0.602155
1,1,1,1,1,0,1,0,0,0,1,0,0,0,0,0,0,0,1,1,0,1,1,0,0,1,1,1,1,1,1,1,0.601125
1,1,0,1,1,1,0,1,0,0,1,1,0,0,1,1,0,1,1,1,1,1,0,1,1,0,1,0,1,1,0,0,0.601879
0,1,0,0,0,1,1,1,1,1,0,1,1,1,0,0,1,1,1,0,0,0,0,1,0,1,1,1,1,1,1,1,0.598865
0,1,0,0,0,1,0,1,0,1,1,0,0,1,1,1,0,0,1,0,0,1,0,0,1,0,0,0,1,1,0,1,0.593338
0,1,1,1,0,0,0,0,1,1,1,1,1,0,0,1,0,1,1,1,1,0,0,0,1,0,0,0,1,0,0,0,0.604316
1,0,0,0,0,0,0,1,1,0,0,1,0,0,0,1,0,1,0,1,0,1,1,0,1,0,1,0,0,0,1,1,0.598161
1,0,0,0,1,1,0,1,0,1,0,0,1,1,0,1,0,0,1,1,1,1,1,0,0,0,1,0,1,1,1,0,0.547743
0,0,1,0,1,1,0,1,0,0,1,1,1,0,1,1,0,0,1,0,1,1,0,1,0,1,1,0,1,1,0,1,0.565956
0,1,0,0,1,1,1,0,1,0,0,1,1,1,0,0,0,1,1,1,0,1,1,1,0,1,1,1,0,1,1,1,0.586178
0,1,1,1,1,0,0,1,0,0,1,0,1,0,1,1,0,0,0,1,0,1,0,1,0,1,1,0,0,0,1,0,0.599694
1,0,0,0,0,1,0,1,1,0,1,1,1,0,1,0,0,1,1,0,1,1,1,0,1,0,1,0,1,1,1,1,0.595900
0,0,1,0,0,0,1,1,0,1,1,1,1,1,0,0,1,1,1,0,1,0,1,1,0,0,0,1,0,0,1,0,0.602507
0,0,1,1,0,1,1,0,1,0,1,1,1,1,0,1,1,0,0,1,0,1,0,0,1,1,1,0,0,0,1,0,0.602181
0,0,1,0,1,1,0,0,1,1,0,0,1,0,1,0,0,0,0,1,1,1,1,0,1,1,0,0,0,1,0,0,0.598287
0,0,1,0,1,1,1,1,1,0,0,1,1,0,0,0,1,1,1,1,1,0,1,0,0,1,0,1,0,0,0,0,0.601854
0,1,0,0,0,0,0,1,0,0,1,1,1,0,0,0,1,0,0,1,0,0,0,0,1,1,0,1,0,1,1,1,0.592107
0,1,0,0,0,1,1,1,0,0,1,0,0,1,1,1,1,0,1,1,1,1,0,0,0,1,1,1,1,0,1,1,0.586656
0,1,1,1,1,0,1,0,0,0,0,0,1,1,0,1,1,1,0,0,0,0,0,0,1,0,1,0,1,1,0,0,0.599618
1,0,1,1,0,0,0,0,0,0,0,1,1,1,0,0,1,0,1,1,1,0,1,0,1,0,1,1,1,0,1,1,0.600397
1,1,1,1,1,0,1,1,1,1,1,1,1,1,0,1,0,1,1,1,0,0,0,1,1,1,0,1,1,0,0,1,0.586731
1,1,1,1,0,0,0,1,0,0,0,0,0,0,0,0,1,1,0,0,1,1,0,0,1,0,1,1,0,1,1,1,0.602532
0,1,1,0,0,1,1,0,1,1,1,0,1,1,1,0,1,1,0,1,0,0,0,1,1,0,0,0,1,1,0,1,0.597734
0,1,1,1,1,1,0,0,0,1,1,0,0,1,1,0,1,0,1,0,1,1,1,0,0,0,0,1,0,0,0,0,0.603010
0,1,1,1,0,1,1,1,1,0,1,1,0,1,0,1,1,0,0,1,1,1,0,0,1,0,0,1,1,0,1,0,0.598613
0,1,1,1,0,1,0,1,1,1,1,0,1,1,1,1,1,0,0,0,1,1,1,1,1,1,1,0,1,1,1,0,0.546914
1,0,0,1,1,0,0,0,1,1,1,1,1,1,1,0,1,0,0,1,0,0,0,0,1,0,1,0,0,1,0,1,0.613485
1,0,0,0,0,0,1,0,1,0,1,1,1,0,0,0,0,0,0,1,1,1,0,0,1,1,0,0,1,0,0,0,0.611274
1,1,1,1,1,1,1,0,0,1,0,1,0,0,0,0,1,1,0,1,0,0,1,1,0,0,0,0,0,0,0,1,0.609792
0,0,1,0,0,1,1,1,0,1,0,1,0,0,1,0,1,0,0,0,0,1,0,0,1,1,1,1,1,1,1,1,0.606677
0,0,1,1,0,1,1,1,0,0,1,1,0,0,0,0,0,1,0,1,0,0,0,1,1,0,0,0,1,0,1,0,0.598262
1,1,0,0,1,1,1,1,0,0,0,1,1,0,0,0,0,1,1,1,1,1,0,1,1,1,1,0,0,1,1,1,0.594619
0,0,1,1,0,0,0,0,1,1,0,0,0,0,1,0,0,1,1,1,1,1,1,1,1,1,1,1,1,1,0,0,0.610747
1,0,1,1,1,0,1,0,0,1,1,0,1,1,1,1,1,0,0,0,0,0,1,0,0,1,0,0,1,0,0,1,0.598312
0,0,1,0,0,1,1,1,1,1,0,1,1,1,0,1,0,1,1,1,0,1,1,1,0,0,1,1,1,1,0,0,0.601527
0,1,0,1,1,1,1,1,1,1,0,1,0,1,0,1,0,1,1,1,0,0,0,1,1,0,0,0,0,0,0,0,0.600648
0,1,1,0,0,1,1,0,0,0,1,1,0,1,0,0,1,0,1,0,1,1,1,1,0,0,1,1,0,0,1,0,0.597357
0,0,0,1,1,1,1,0,0,1,0,1,0,1,0,1,1,0,0,0,1,0,0,0,1,1,1,1,1,1,0,1,0.602884
1,0,0,1,0,0,1,1,0,0,0,0,1,0,0,0,1,1,0,1,1,0,1,1,0,0,0,0,0,0,0,1,0.598287
1,1,0,1,1,0,1,1,1,0,0,1,1,1,0,1,0,1,0,0,0,1,0,0,1,1,1,0,1,1,0,0,0.603361
0,1,0,1,1,0,1,0,0,1,1,1,1,0,1,0,0,1,1,1,1,0,0,0,0,0,1,1,0,0,1,1,0.595222
1,1,1,1,1,1,0,0,1,1,1,1,1,0,1,1,1,0,0,1,0,1,0,0,1,1,1,0,1,1,1,1,0.580878
1,0,1,1,1,1,0,0,1,1,0,1,1,1,0,1,1,0,0,1,0,0,1,1,1,1,0,1,0,1,1,0,0.598161
1,1,1,0,0,0,1,0,0,1,0,1,1,0,1,0,0,1,1,0,1,0,1,0,0,0,1,0,0,1,1,1,0.602130
0,1,1,1,1,1,1,0,0,1,1,0,0,1,1,1,1,1,0,1,1,0,1,0,1,1,0,1,1,1,1,0,0.592785
0,1,1,1,0,0,1,0,1,0,0,0,0,0,1,1,1,0,0,1,0,1,0,0,1,1,0,1,0,1,0,1,0.601804
1,0,0,0,1,1,1,1,1,0,1,1,0,0,1,1,0,1,0,0,0,0,1,1,0,0,1,0,1,1,0,1,0.593313
0,1,0,1,1,1,1,0,1,0,0,0,1,0,1,0,1,1,1,1,1,0,1,1,1,0,0,1,0,1,0,0,0.603437
0,1,0,1,0,0,1,1,1,1,0,1,1,1,1,1,1,1,1,0,0,1,1,1,1,0,0,1,1,0,1,1,0.539754
1,0,1,0,1,1,1,1,0,1,1,1,1,1,1,0,1,0,1,0,1,1,0,0,1,1,1,1,1,1,0,1,0.597860
1,0,0,0,1,1,0,0,1,0,1,1,1,1,1,1,1,1,0,1,1,0,0,1,1,0,1,0,0,0,0,0,0.602432
1,1,1,0,0,0,1,0,0,1,1,1,0,1,0,0,1,0,0,1,0,0,1,0,1,1,1,0,1,1,0,1,0.609064
1,1,1,0,0,1,1,1,0,0,0,1,1,1,0,1,0,1,0,1,0,1,1,0,1,0,1,0,1,1,0,1,0.594669
0,0,0,1,1,0,0,1,0,1,1,1,0,1,1,0,1,0,0,0,0,0,1,1,0,1,0,0,0,1,0,0,0.603964
0,0,1,1,0,1,1,1,0,1,1,1,0,0,0,0,0,0,0,0,0,1,1,1,1,1,1,0,1,1,1,0,0.607381
1,0,0,1,1,1,0,1,1,0,1,0,0,0,0,0,0,1,0,1,0,1,1,0,0,0,1,1,0,1,1,0,0.601653
1,0,0,1,1,1,0,0,0,1,0,1,0,0,0,1,1,0,1,0,0,1,0,1,0,1,0,1,1,1,0,1,0.599141
0,0,0,0,1,1,1,0,0,1,0,1,1,1,0,0,0,0,0,0,1,0,0,1,0,0,1,0,0,1,0,0,0.545984
0,1,1,0,1,0,0,1,0,1,0,1,1,1,1,1,0,0,0,1,0,1,1,0,0,0,0,0,0,1,1,0,0.590173
1,1,0,1,1,0,1,0,1,1,1,1,0,1,0,1,1,0,1,1,1,1,1,0,1,1,0,1,0,1,1,0,0.597232
0,1,0,1,0,0,0,1,1,1,0,1,1,1,0,0,1,0,1,1,0,1,0,1,1,1,1,0,0,0,0,0,0.604165
1,0,0,0,0,1,0,0,0,0,1,0,1,1,1,0,1,0,1,1,1,0,1,0,0,1,1,1,1,0,1,1,0.601402
1,0,1,1,1,0,1,0,0,1,1,0,1,1,1,1,0,0,0,0,0,0,1,1,0,0,0,0,0,0,1,1,0.574020
1,0,0,1,1,0,1,1,1,1,1,0,0,1,0,0,1,0,0,1,0,1,1,1,1,0,0,0,1,0,0,1,0.598915
1,1,0,0,1,1,1,0,1,1,1,0,1,1,0,1,1,0,0,1,1,0,0,0,1,0,0,0,0,1,0,1,0.600271
0,1,1,0,1,0,1,1,0,1,0,0,1,1,1,1,0,0,1,0,1,1,1,0,0,0,0,1,1,0,1,0,0.559701
1,1,0,0,0,0,1,0,0,0,1,0,1,1,1,0,1,0,1,1,1,1,1,1,0,0,1,0,0,1,1,0,0.587434
1,1,1,0,1,1,0,0,1,1,1,1,1,1,0,1,0,1,0,1,0,1,1,0,0,1,1,0,1,0,1,0,0.602683
1,1,1,1,1,0,0,1,0,1,1,0,1,1,1,1,1,1,1,0,0,1,1,1,1,0,1,1,0,0,1,0,0.600447
1,1,1,1,0,1,0,0,0,1,1,1,1,1,1,1,0,1,1,1,1,0,1,1,0,1,1,1,1,0,1,0,0.594267
1,1,1,1,1,1,1,0,1,1,1,1,1,0,1,0,0,1,0,1,1,0,0,1,1,1,1,0,1,1,0,0,0.600648
0,1,0,1,1,1,0,1,0,0,0,1,0,1,1,0,0,0,0,0,0,0,0,0,1,1,0,0,0,0,1,0,0.585801
1,0,1,0,0,1,1,0,0,1,1,0,0,1,1,1,0,1,0,1,1,1,1,0,0,1,0,1,0,1,1,1,0.584721
1,0,1,1,1,0,1,0,1,0,1,0,1,0,0,1,1,0,1,1,1,0,1,1,0,0,1,0,0,0,1,1,0.600548
1,1,1,0,0,1,0,0,0,1,0,0,1,0,0,1,1,1,0,1,0,0,0,1,1,1,1,0,1,1,1,1,0.573291
1,1,0,0,0,0,0,0,0,0,1,0,0,0,0,1,0,0,1,1,1,1,1,1,0,1,0,1,1,0,0,0,0.600623
1,1,0,0,0,0,1,1,0,1,1,1,0,1,1,0,0,0,0,0,1,0,1,1,0,1,1,1,1,0,1,0,0.608385
0,0,1,1,1,1,0,0,0,0,1,0,0,1,1,1,1,1,1,0,1,1,1,1,0,0,1,1,1,1,0,1,0.571759
1,1,1,1,1,1,0,1,1,1,0,1,1,1,1,1,0,1,0,0,1,1,1,0,1,1,0,0,1,1,1,0,0.595172
1,1,0,1,1,0,1,1,0,0,1,0,1,1,1,0,0,1,1,0,1,0,0,0,1,1,0,1,1,0,0,1,0.597885
1,0,0,1,1,0,0,1,1,1,0,0,1,0,0,0,0,1,0,0,0,0,1,1,1,0,1,1,0,0,1,1,0.601402
0,1,1,0,1,1,0,1,1,1,1,0,0,0,0,1,0,1,1,0,1,1,0,1,0,1,1,1,1,1,1,0,0.600196
1,1,0,0,0,0,0,1,1,1,1,0,1,0,0,0,0,0,0,0,1,0,0,1,0,1,0,1,0,1,1,0,0.603839
0,1,1,1,0,1,1,1,1,0,0,0,1,1,1,0,1,0,1,1,1,0,0,1,0,1,1,0,0,1,1,1,0.594016
1,0,0,0,1,0,1,0,1,0,1,0,0,0,1,1,1,1,1,0,1,0,0,1,0,1,0,1,1,0,0,0,0.602557
0,0,1,0,0,1,1,0,0,0,0,0,1,1,1,1,0,1,0,0,1,0,0,1,0,1,0,0,0,1,1,1,0.568016
1,0,0,0,1,1,0,1,0,0,0,1,1,1,1,1,1,0,1,1,1,1,1,1,1,1,1,1,0,1,0,1,0.580250
0,1,0,1,0,1,0,0,1,0,1,0,1,0,1,0,1,0,0,1,1,1,1,0,0,1,0,1,0,1,0,1,0.599970
1,1,0,1,0,1,1,0,0,0,1,0,1,0,1,0,0,0,1,0,1,0,0,0,0,1,0,0,1,1,0,1,0.596126
0,0,0,1,1,0,0,1,0,0,1,1,1,0,0,1,0,1,0,0,1,0,0,1,0,0,1,1,0,1,1,0,0.581229
1,0,0,1,1,0,0,0,1,1,0,1,0,1,1,0,1,0,1,1,0,1,0,1,1,1,1,1,1,1,0,0,0.606451
1,1,0,0,1,1,1,1,0,1,1,1,1,0,0,0,1,0,0,1,0,1,0,1,1,1,1,0,1,1,1,0,0.601703
0,1,1,1,0,0,0,1,0,0,0,1,0,0,1,0,1,1,0,1,0,1,0,1,0,1,1,1,1,1,1,1,0.592785
0,1,0,0,0,0,1,0,1,0,0,1,1,0,1,0,0,0,1,1,1,1,0,0,1,0,0,1,0,1,1,1,0.597910
1,0,1,1,0,1,1,0,0,1,0,0,0,1,1,1,0,0,0,0,0,1,1,1,0,1,0,0,1,0,1,1,0.577285
1,0,1,0,0,0,1,0,0,0,1,0,1,0,1,1,0,1,1,0,1,0,1,0,0,0,1,1,0,1,0,1,0.602834
1,0,0,0,1,1,1,0,0,1,0,1,0,0,1,1,0,0,1,0,0,0,1,1,0,0,0,1,1,0,0,0,0.585400
0,0,1,0,0,1,0,0,0,0,0,0,1,0,0,1,1,0,0,0,1,1,1,0,0,1,1,1,1,1,0,1,0.600874
0,1,1,1,1,1,1,0,1,0,1,0,1,0,1,0,1,1,0,1,1,1,0,0,1,0,0,1,1,0,1,0,0.600799
0,1,1,1,0,0,1,0,1,1,0,0,0,1,1,0,1,0,1,1,0,1,1,1,0,0,1,1,1,0,0,0,0.600950
1,1,0,0,0,0,0,0,0,0,0,0,0,1,0,0,1,0,1,0,0,1,1,1,1,1,0,0,1,1,1,1,0.602608
1,0,1,1,0,0,0,1,0,0,1,1,0,0,0,1,0,1,1,1,1,0,0,0,0,0,1,1,1,1,0,0,0.599040
1,0,0,1,1,0,1,1,1,1,0,1,0,0,0,1,1,1,1,1,0,1,1,1,0,0,0,0,0,1,1,1,0.591002
1,0,1,0,1,0,1,1,1,0,0,1,0,0,1,0,1,1,0,0,1,0,0,1,0,1,1,1,1,1,1,1,0.597407
0,1,0,0,0,0,1,0,0,0,0,1,0,1,1,0,1,0,1,0,1,1,1,1,0,1,0,1,1,1,0,1,0.602959
0,1,0,0,0,0,0,0,1,1,0,1,1,0,1,1,0,1,0,0,0,1,0,1,0,1,1,0,1,0,0,1,0.602105
1,0,1,1,1,0,0,0,1,1,0,0,1,0,1,0,1,1,0,0,1,0,0,1,1,1,1,0,0,0,1,0,0.598437
1,0,0,1,1,1,0,0,0,1,0,1,1,1,0,1,0,1,0,1,1,0,0,0,0,0,1,0,1,1,1,0,0.598588
0,1,0,0,1,0,1,0,0,0,1,0,1,0,1,0,0,0,1,0,1,1,0,1,1,1,0,0,1,0,1,1,0.599166
0,0,0,0,1,1,1,0,1,1,0,1,0,0,0,1,0,0,1,0,0,0,1,0,1,1,0,0,1,0,0,1,0.600322
0,1,1,0,1,1,1,0,0,0,1,0,0,1,0,1,0,0,0,0,0,1,1,0,0,1,0,1,0,1,1,0,0.594192
1,1,1,0,1,0,0,1,0,0,1,0,1,0,1,0,1,0,0,0,1,0,1,0,1,0,1,1,0,0,1,0,0.596327
0,1,1,0,1,0,0,1,0,0,1,1,1,0,1,0,0,0,1,0,0,0,0,0,1,1,0,0,1,0,0,1,0.597282
0,0,1,0,1,1,1,0,0,1,0,1,0,0,1,0,0,0,1,0,1,1,1,0,1,1,1,0,1,1,0,1,0.606225
1,1,1,1,0,0,1,1,1,0,1,1,1,0,0,0,0,0,0,1,1,0,0,1,1,1,1,1,1,0,0,0,0.607506
1,1,1,0,1,1,1,1,1,1,0,0,1,0,0,0,1,1,0,0,1,0,0,0,1,1,1,1,1,0,0,0,0.596880
1,0,0,1,1,1,0,0,1,0,1,1,0,1,1,1,1,1,0,0,0,1,1,1,1,0,1,0,1,1,1,0,0.599292
0,0,1,1,0,0,0,1,0,0,1,0,1,1,0,0,1,1,0,0,0,0,0,0,1,1,0,1,0,1,1,0,0.598664
1,1,0,1,1,1,1,1,1,1,1,1,1,0,1,0,1,0,0,1,0,1,1,0,0,0,1,1,1,1,1,1,0.592785
1,1,1,0,0,0,1,0,0,1,1,0,0,1,0,1,1,0,0,0,0,0,1,1,0,1,1,1,0,1,1,0,0.605773
0,1,1,1,1,0,1,1,1,1,0,0,0,0,0,0,0,0,1,1,1,1,1,1,0,0,1,0,0,0,0,1,0.606401
1,0,0,1,1,1,0,1,0,1,1,1,1,1,1,1,1,1,1,0,1,0,0,1,0,0,1,0,1,0,0,0,0.600397
0,1,0,0,1,0,0,1,1,1,1,1,0,1,1,1,1,1,1,0,0,0,0,0,1,1,0,0,0,0,1,1,0.602432
0,0,1,1,0,1,1,0,1,1,0,1,0,0,0,0,0,1,0,1,1,1,1,1,0,0,1,0,0,1,1,1,0.599467
1,0,1,1,0,0,1,0,0,1,0,1,0,0,1,1,1,0,1,1,1,0,1,1,1,1,0,0,0,0,1,1,0.603914
1,1,1,1,1,1,1,0,0,0,0,1,0,0,1,1,1,0,1,1,0,0,0,0,1,0,1,0,0,1,0,1,0.600523
0,0,0,0,1,1,1,0,0,0,1,1,0,1,0,1,1,0,1,0,1,0,0,0,0,1,1,1,1,0,1,1,0.598965
1,1,0,0,0,0,1,1,0,0,1,0,1,1,1,0,0,1,1,0,0,0,1,1,0,0,1,0,0,1,0,1,0.578340
0,0,1,0,0,0,0,1,1,1,1,1,0,0,0,0,0,1,1,1,1,1,1,1,0,0,0,0,0,0,1,0,0.601352
1,1,1,1,1,1,1,0,0,1,0,0,0,1,0,1,1,1,1,1,0,1,1,1,1,1,1,0,1,1,1,1,0.536413
1,1,1,1,0,1,0,0,1,0,1,1,1,1,0,1,0,0,1,1,1,1,0,0,1,0,0,0,0,0,0,0,0.603185
1,1,1,1,0,0,0,0,1,1,0,1,0,0,0,0,1,0,1,0,1,0,1,1,0,0,1,1,0,0,1,0,0.604039
0,1,0,0,1,1,1,0,1,1,0,0,1,0,0,1,0,0,1,0,1,1,1,1,0,1,1,1,1,0,1,1,0.588364
0,0,1,1,0,0,1,0,0,1,1,0,0,0,0,1,1,1,1,1,1,1,1,1,1,0,0,1,0,0,0,0,0.610797
0,0,1,1,1,1,0,0,1,1,1,0,0,0,0,1,0,0,1,1,0,0,0,0,0,1,0,1,1,0,0,1,0.602206
1,1,1,1,0,1,1,1,0,0,0,0,0,1,1,1,1,0,1,0,0,1,0,1,0,1,1,1,1,1,1,0,0.595272
1,0,0,1,0,1,1,0,1,0,0,0,0,0,1,0,1,0,0,0,1,1,0,0,1,1,1,0,1,0,0,0,0.598613
0,0,1,1,0,0,0,1,1,0,1,0,0,0,0,0,0,1,0,1,1,1,1,0,1,1,1,1,0,1,0,1,0.604291
0,0,0,1,0,0,0,0,0,0,0,1,1,1,0,1,1,0,0,0,0,1,0,0,1,0,1,1,0,1,0,0,0.599392
1,1,1,0,1,0,0,1,1,1,1,1,0,0,1,0,1,0,0,1,0,1,0,1,1,0,1,0,0,1,0,0,0.605321
0,1,1,0,1,1,0,1,0,0,1,1,0,0,1,1,1,0,0,0,0,0,1,0,1,1,0,0,1,1,0,0,0.598839
1,0,0,0,1,1,1,0,1,0,1,1,1,1,0,0,1,1,0,0,0,0,1,0,0,0,1,0,0,1,0,0,0.590399
0,1,1,1,1,1,0,0,1,1,0,1,1,0,1,1,0,0,0,1,1,1,1,1,0,0,0,1,1,0,1,1,0.582963
0,1,1,1,1,0,1,0,1,1,1,0,1,0,1,1,0,0,1,0,0,0,0,1,0,1,0,0,0,1,0,0,0.603813
0,0,1,1,1,0,0,0,0,0,1,0,1,1,0,0,1,1,0,1,0,0,0,1,1,1,1,1,1,1,1,0,0.601377
0,0,1,1,1,0,0,0,0,1,1,1,1,1,1,0,1,1,0,1,1,0,1,0,0,1,1,0,1,1,1,0,0.596679
1,1,1,0,1,0,1,0,1,0,1,0,1,0,1,1,0,1,1,1,1,0,0,1,0,0,0,1,0,1,0,0,0.601527
1,0,1,0,1,0,0,1,0,1,0,0,1,0,1,1,0,1,0,1,0,1,0,0,1,0,0,1,1,0,0,1,0.597207
1,0,1,1,1,1,1,0,0,1,0,1,1,0,0,1,0,1,0,1,0,1,0,1,0,1,0,1,1,1,1,1,0.559625
0,0,0,1,1,0,1,1,1,1,0,0,0,0,0,0,0,0,1,1,0,0,0,1,0,1,0,1,1,1,1,1,0.593815
0,1,0,1,1,1,0,1,1,1,1,1,0,0,0,1,0,0,0,0,0,1,1,0,0,0,0,1,0,1,0,0,0.597181
1,1,0,0,1,0,1,0,0,0,0,0,0,1,0,0,1,0,1,0,0,1,0,0,1,0,1,1,1,1,1,0,0.604944
1,0,0,1,0,0,1,0,1,0,0,0,1,0,1,1,0,1,0,0,1,0,0,0,1,0,0,0,0,1,0,0,0.599392
0,0,1,1,0,1,0,0,1,0,0,0,1,0,0,0,0,1,0,0,0,1,0,1,1,1,1,0,0,0,1,0,0.595599
0,1,1,1,0,1,1,0,0,1,0,1,1,1,0,0,0,0,0,0,1,0,1,1,1,1,1,0,0,1,1,1,0.597659
1,0,0,1,1,1,1,1,0,0,0,0,0,0,0,0,0,1,0,0,1,0,1,1,1,0,0,1,1,1,1,0,0.559575
0,0,0,0,1,0,0,1,0,1,1,0,1,1,1,0,0,1,0,0,1,0,0,0,1,0,1,1,1,1,0,1,0.614088
1,1,1,1,1,1,1,0,0,1,1,1,0,1,1,0,1,1,0,1,1,1,0,1,1,1,0,0,0,0,0,1,0.601125
0,0,1,1,1,0,0,0,1,1,0,1,1,1,0,0,1,0,1,1,1,0,1,1,0,0,0,1,1,0,0,1,0.601552
1,1,0,0,0,0,0,0,0,0,1,0,1,0,0,1,1,1,0,0,1,1,1,1,1,0,1,1,1,0,1,0,0.602608
0,0,0,1,1,1,0,0,1,1,1,1,0,1,1,0,1,1,1,1,1,0,0,1,1,0,1,1,0,1,0,1,0.596202
0,0,0,0,0,1,1,1,1,1,0,0,1,0,0,0,1,0,1,1,1,0,0,1,0,1,1,0,0,0,0,1,0.601251
1,0,0,1,0,0,0,0,1,0,0,0,1,0,1,0,0,1,0,1,1,1,0,1,0,0,1,0,1,1,0,1,0.598362
1,1,1,1,0,1,0,0,1,0,0,1,0,0,0,1,1,0,0,0,1,1,0,0,1,0,0,1,0,1,1,0,0.602658
1,0,0,0,1,0,0,1,1,1,1,1,1,0,0,0,0,0,1,0,0,1,0,0,1,0,0,1,0,1,1,0,0.603612
0,1,0,0,1,1,0,0,1,1,1,1,0,1,0,1,0,1,1,0,0,0,1,1,0,0,0,1,0,1,1,0,0.600497
1,0,1,1,0,1,1,0,0,0,0,0,0,1,1,1,1,1,0,1,1,1,0,1,1,1,1,1,1,0,1,0,0.603612
0,1,0,1,1,1,1,0,0,1,0,0,1,1,0,1,1,0,0,1,1,0,0,1,0,1,1,0,1,1,1,1,0.568418
0,1,0,0,1,1,0,1,0,0,0,0,0,1,0,1,1,1,0,1,0,1,1,0,1,0,0,0,0,0,0,0,0.570251
1,1,1,1,0,0,0,1,0,0,0,0,0,1,1,1,0,0,0,1,0,1,0,0,1,0,1,0,1,1,1,1,0.550330
0,1,0,1,0,1,1,0,0,1,0,1,0,1,1,1,1,0,1,1,0,0,1,1,1,1,0,1,0,1,1,1,0.551938
0,1,0,0,0,1,0,1,1,1,1,0,0,0,0,1,0,1,0,0,0,1,1,0,0,0,0,1,1,1,0,0,0.601075
1,1,1,1,0,0,1,0,1,0,0,1,1,0,0,1,1,0,1,1,0,0,1,0,1,1,0,0,0,1,0,1,0.602356
0,1,0,0,0,0,0,0,1,0,1,1,1,1,0,0,0,1,0,1,0,0,1,1,0,0,0,0,0,0,0,0,0.597006
1,1,1,1,0,1,1,0,0,1,1,1,0,0,1,1,0,1,1,0,1,1,1,1,1,1,1,1,1,1,0,0,0.600924
0,0,0,1,1,1,0,0,0,0,1,1,1,0,1,1,1,0,0,0,0,0,1,0,0,0,1,1,0,0,1,0,0.578667
1,1,1,0,0,0,0,0,0,0,0,0,0,0,0,1,1,0,0,0,1,1,0,1,1,1,1,0,0,1,1,0,0.603839
0,1,0,0,1,0,0,1,0,0,1,1,0,0,0,0,1,1,0,0,1,1,1,0,0,0,0,1,0,1,0,1,0.598689
0,1,0,0,0,0,1,1,0,1,1,1,1,1,0,1,1,0,1,0,0,0,1,1,1,0,0,1,0,1,0,1,0.606803
0,1,1,1,0,1,1,0,1,0,0,0,1,0,1,1,1,0,1,0,1,0,0,1,1,0,1,0,0,1,1,1,0.588942
1,1,1,1,1,1,0,1,0,1,0,1,1,0,0,0,0,0,1,0,1,0,1,1,1,1,1,0,0,1,0,0,0.606451
0,1,1,0,1,0,1,1,0,0,1,1,0,1,0,0,1,1,0,0,0,0,1,0,0,0,0,1,1,0,0,1,0.601678
0,0,1,0,0,0,0,0,0,0,1,0,0,1,0,1,0,0,0,1,1,1,0,1,1,1,1,0,0,0,0,1,0.583289
0,0,1,1,0,0,0,0,1,1,0,1,1,0,1,0,0,1,1,1,0,0,0,0,1,1,0,1,1,1,1,0,0.603160
1,1,0,0,0,0,1,1,1,1,1,1,0,1,1,1,0,0,0,1,1,0,1,1,0,0,0,1,1,1,0,0,0.603210
0,0,1,0,1,0,1,1,1,1,0,0,1,0,1,1,1,1,0,1,0,1,0,1,0,1,1,1,1,1,0,0,0.604190
0,0,1,0,0,1,1,1,1,1,1,0,0,1,0,0,1,1,1,0,1,0,1,1,0,1,0,0,0,1,1,1,0.592107
0,1,1,1,0,0,0,1,1,1,0,1,1,0,1,1,1,0,0,1,0,1,1,1,1,1,1,0,1,0,0,0,0.603210
1,1,1,0,1,1,0,0,1,1,0,1,0,0,1,1,0,1,1,1,0,1,1,0,0,1,1,1,0,1,1,1,0.580777
0,0,0,0,0,0,0,1,1,0,0,1,1,0,1,1,1,0,1,0,1,1,1,1,1,1,1,0,0,0,1,0,0.609365
0,1,1,0,1,1,0,0,1,0,1,0,1,1,1,0,1,1,0,0,0,0,0,0,0,0,0,0,0,1,0,1,0.598563
1,1,0,1,0,0,1,1,1,0,1,0,0,1,0,1,0,0,0,1,0,1,0,1,1,1,1,1,0,1,1,1,0.566182
0,1,0,1,0,0,1,1,0,0,1,0,0,1,1,1,1,1,0,1,0,0,1,1,0,0,0,0,0,0,0,0,0.600673
0,1,0,1,1,0,1,0,0,0,1,0,1,1,1,1,0,0,0,0,1,1,0,1,1,1,1,0,1,0,1,1,0.592685
1,1,1,0,0,0,0,0,1,1,0,1,0,0,0,0,1,0,0,1,0,1,0,0,0,1,0,1,1,0,1,1,0.599216
0,0,1,0,1,1,1,1,0,1,0,0,1,1,1,1,1,1,0,1,1,1,1,1,1,1,0,0,1,0,0,1,0.566659
1,1,0,0,1,0,0,1,0,0,0,0,0,1,1,1,1,0,0,0,0,1,0,0,1,0,0,0,0,1,0,1,0.598312
1,1,0,1,0,1,0,1,1,0,1,0,1,0,1,1,0,1,0,1,1,0,0,0,1,0,1,1,1,0,1,1,0.593690
0,0,0,1,0,0,1,0,1,0,1,1,0,1,1,0,0,1,0,0,0,0,0,0,0,0,0,0,0,0,1,0,0.586279
0,1,0,1,1,0,1,1,0,0,1,0,1,1,0,0,0,0,1,0,1,1,0,0,0,1,0,0,1,1,0,1,0.590650
1,0,1,1,1,1,0,0,1,1,0,0,0,1,0,1,0,1,1,1,0,1,0,0,0,1,1,1,1,1,0,1,0.594770
0,1,0,0,1,1,0,0,1,0,1,1,1,1,1,0,1,1,1,1,0,0,1,0,0,0,1,0,1,0,1,0,0.598186
0,1,0,1,0,0,0,1,0,1,1,1,1,0,1,0,1,1,0,0,1,0,0,0,1,1,1,1,1,1,1,0,0.607355
1,1,1,0,1,1,0,0,1,0,1,0,1,0,1,1,0,1,1,0,0,1,1,1,1,1,1,1,1,1,0,0,0.600296
0,1,0,1,1,0,1,1,1,0,1,1,0,0,0,1,0,1,1,0,1,0,1,0,0,1,0,0,1,0,0,0,0.604542
1,1,0,1,0,0,0,1,0,1,0,0,1,1,0,0,0,1,1,0,1,0,1,1,0,0,0,0,1,0,0,1,0.597257
1,0,1,1,0,1,1,0,0,1,1,0,0,0,0,1,1,1,1,1,1,0,0,0,0,0,1,0,1,0,0,1,0.604366
1,1,0,1,1,0,1,1,1,0,0,1,0,1,0,1,0,0,1,1,0,1,0,0,0,0,0,1,1,0,0,1,0.602934
1,0,1,0,0,1,0,0,1,0,1,1,1,1,1,0,0,0,0,1,1,0,0,1,1,1,1,1,0,1,1,0,0.608159
0,1,0,0,0,1,1,0,1,0,0,1,1,1,1,0,1,1,1,0,1,1,1,1,1,0,0,0,0,1,0,1,0.582837
0,1,1,1,1,0,1,0,0,1,0,0,1,0,0,0,0,1,1,0,0,0,1,0,1,0,0,1,0,0,0,1,0.599844
0,0,0,1,0,0,0,1,1,1,0,1,1,0,0,1,0,0,1,0,1,0,0,0,1,1,1,1,0,1,0,0,0.613636
1,0,1,0,1,0,1,1,0,0,0,1,0,0,1,0,1,1,0,1,0,1,1,1,0,1,1,1,1,1,1,1,0.589595
0,0,0,1,1,1,1,0,0,1,1,1,1,1,1,0,0,1,1,1,0,0,1,0,0,0,0,0,0,1,0,0,0.581631
0,0,0,0,1,0,1,1,1,0,1,1,1,1,0,1,0,0,0,0,1,0,0,0,0,0,1,1,0,0,1,0,0.550657
1,1,1,1,0,0,1,1,1,0,0,0,0,0,0,1,1,1,0,0,1,1,1,1,1,1,1,1,1,1,0,0,0.600774
1,1,1,1,1,0,1,1,1,0,0,1,0,0,1,0,0,0,0,0,1,0,1,1,0,1,1,0,1,1,0,1,0.594267
1,1,0,0,1,1,0,1,1,1,0,0,1,0,0,0,0,1,0,0,1,1,1,0,0,0,1,0,0,0,0,0,0.591253
0,1,1,0,0,0,1,1,0,1,0,0,0,0,0,1,0,1,0,1,0,0,0,1,1,0,0,1,0,1,0,1,0.591027
0,1,1,0,1,0,1,1,1,0,0,0,1,1,1,0,0,1,0,0,0,1,1,0,1,1,0,0,0,0,1,0,0.594443
0,1,1,1,1,1,0,0,0,0,0,0,0,0,1,0,1,1,1,1,1,0,1,0,0,1,1,0,1,0,1,0,0.603889
0,0,0,0,0,1,0,0,0,1,1,1,1,0,1,0,0,0,0,0,0,1,0,0,1,1,0,1,0,0,1,1,0.600045
1,0,0,1,1,0,0,0,0,1,1,1,0,1,0,1,0,0,1,1,1,1,1,1,1,0,1,1,1,0,1,1,0.580677
1,0,1,0,1,0,0,1,1,0,1,0,0,1,1,0,1,0,0,0,0,0,0,0,1,1,0,0,1,1,1,1,0.601502
0,0,0,0,0,0,1,0,1,0,1,1,0,1,0,1,0,0,0,1,1,1,1,0,0,0,0,1,1,1,1,1,0.588967
0,0,0,1,0,1,1,0,1,0,0,1,1,1,0,1,0,1,1,0,0,0,1,0,1,0,0,1,1,1,1,1,0.594418
1,0,0,0,1,0,0,0,0,1,0,0,0,0,0,1,0,0,0,0,1,1,0,0,1,0,0,0,1,1,1,1,0.593338
1,1,1,0,1,0,0,1,1,0,1,1,1,1,1,1,0,1,0,0,0,1,1,1,0,0,0,1,1,1,0,0,0.595147
0,1,1,0,1,1,1,0,0,1,1,1,1,1,0,0,0,1,1,1,0,1,1,0,0,1,0,0,0,0,0,0,0.582611
1,0,1,1,1,1,1,1,1,1,1,1,0,0,1,1,0,1,1,0,1,0,1,0,1,0,1,0,1,0,0,0,0.597508
0,0,0,0,1,0,1,1,1,0,1,1,1,0,0,1,1,0,1,1,1,1,0,1,1,1,0,0,0,1,1,1,0.569875
1,0,1,1,1,1,0,1,0,0,1,1,0,0,1,0,1,0,1,1,1,1,1,0,1,0,0,1,1,0,1,0,0.600322
0,1,1,1,1,0,1,0,0,0,1,1,1,0,1,1,1,0,0,1,1,1,1,1,1,0,1,0,0,1,1,1,0.559148
0,0,0,1,1,1,1,1,1,1,1,1,0,1,1,1,1,0,1,0,0,1,0,1,0,0,1,1,0,0,0,1,0.600171
1,0,0,1,0,0,0,1,0,1,0,1,1,0,0,0,1,1,1,1,0,0,1,1,1,0,0,1,0,0,1,1,0.597081
0,1,1,1,0,0,1,1,0,0,0,1,1,1,0,0,0,0,1,0,0,1,1,1,1,0,1,0,0,1,1,1,0.592986
0,0,1,0,1,0,0,1,0,1,1,1,0,1,0,0,0,1,0,0,0,1,1,0,1,0,0,0,0,1,1,0,0.595222
0,1,0,1,1,1,1,0,1,1,0,0,1,0,1,1,0,1,0,0,1,1,0,0,1,0,0,0,0,1,1,0,0.597960
0,1,0,0,1,0,1,0,1,1,1,0,0,0,1,0,1,0,1,1,0,1,0,1,0,0,0,0,1,0,1,1,0.600121
0,1,1,1,1,0,0,1,0,1,1,1,0,0,1,0,0,0,1,1,1,0,0,1,1,0,1,1,1,0,0,1,0.600397
0,0,0,1,1,0,0,1,1,1,1,0,1,0,1,0,1,0,0,1,1,1,0,0,1,1,0,1,0,0,1,0,0.603713
1,1,1,1,0,0,0,1,0,1,1,1,0,1,1,0,1,0,1,1,0,0,0,1,0,1,0,1,1,1,0,1,0.597056
1,0,0,0,0,1,0,0,1,0,1,1,0,0,1,1,1,0,1,1,1,1,1,0,1,0,0,0,0,1,1,1,0.601125
1,0,0,0,0,0,0,0,1,1,1,0,0,1,1,1,1,0,1,0,1,0,0,1,0,0,0,0,0,0,1,1,0.604919
0,1,1,0,1,0,1,1,1,0,0,1,0,0,1,0,1,1,1,0,0,0,0,1,0,0,1,0,0,0,0,0,0.603939
0,1,1,1,0,1,1,0,0,1,0,1,1,0,1,1,1,1,0,0,0,1,0,0,0,0,0,1,1,0,0,1,0.602030
0,0,1,1,1,1,1,0,0,0,1,1,1,0,1,0,0,0,1,1,0,0,1,1,1,1,0,0,0,0,0,0,0.600723
1,0,1,1,0,0,1,0,0,1,1,1,1,0,1,0,1,1,1,1,1,0,1,1,1,1,0,0,0,1,0,0,0.607230
1,0,1,1,0,1,0,0,0,0,0,1,0,1,1,1,1,1,1,1,1,0,0,1,1,0,0,0,0,0,0,1,0.601276
0,0,1,1,0,1,0,1,0,0,1,0,0,0,1,1,1,0,1,0,0,1,1,0,0,1,0,0,0,1,1,0,0.599794
1,0,1,1,0,1,1,0,1,0,0,1,0,1,0,1,0,0,0,0,0,0,0,1,0,1,0,0,0,0,1,0,0.599568
1,0,1,1,1,0,1,0,1,1,1,0,1,0,0,0,0,0,1,1,1,0,0,1,0,1,1,1,1,1,1,1,0.590499
1,1,1,1,0,0,1,1,1,0,0,1,0,0,0,0,1,0,1,1,1,0,0,1,1,1,1,0,0,0,1,0,0.605145
1,1,1,0,0,0,1,0,1,1,1,0,1,1,0,1,1,0,0,0,0,0,1,0,0,0,0,1,1,0,0,1,0.602809
0,0,0,1,1,1,0,0,0,0,0,0,1,0,1,0,1,1,1,1,0,1,0,1,1,1,1,1,0,0,1,1,0.603663
0,0,1,0,0,1,1,1,1,1,1,1,0,0,1,1,1,0,1,1,0,0,0,1,1,1,1,1,1,0,0,1,0.590198
1,0,0,0,0,1,0,0,0,0,0,0,1,0,1,1,1,0,1,0,1,0,0,0,1,1,1,1,0,0,0,0,0.603839
1,1,0,1,1,0,0,1,1,0,0,1,1,0,0,1,1,1,0,1,0,1,1,0,0,0,0,0,0,0,0,1,0.600372
0,0,1,0,0,1,0,1,1,1,0,1,0,1,1,1,1,1,1,1,1,0,1,1,0,1,0,0,0,1,1,1,0.551938
0,0,1,0,1,0,0,1,0,0,1,1,0,1,0,0,0,1,0,1,0,0,1,0,0,0,1,0,1,0,0,1,0.586605
1,1,0,1,1,1,1,0,1,1,0,1,0,1,0,0,0,1,0,1,1,1,1,0,1,1,0,0,1,1,0,1,0.593363
0,0,1,1,1,1,1,0,1,0,1,0,0,0,0,1,1,1,1,0,1,1,1,0,0,0,1,1,0,0,1,1,0.601201
1,0,1,0,0,0,1,1,1,1,1,0,1,1,0,0,1,1,0,1,0,0,1,1,1,1,1,0,1,1,1,0,0.608687
1,0,1,1,1,1,0,0,1,1,0,1,0,1,0,1,1,0,1,1,0,0,0,0,0,0,0,0,1,0,1,0,0.602080
0,1,0,1,0,1,0,1,1,0,0,0,1,1,0,0,1,1,0,0,1,1,0,1,0,1,1,0,0,1,0,0,0.575853
1,0,1,0,1,1,0,1,0,1,1,0,0,1,0,1,1,1,0,1,1,0,0,1,1,0,1,1,1,1,0,0,0.600447
1,1,0,0,1,1,0,0,1,1,1,1,1,0,0,0,0,0,1,1,1,0,1,1,0,1,1,1,1,0,1,0,0.601879
0,0,0,0,1,0,0,0,1,0,0,1,1,1,0,0,0,1,1,1,1,1,1,1,1,0,1,1,0,0,1,0,0.607933
1,1,1,0,0,1,0,0,1,0,0,1,1,1,0,1,0,0,1,1,0,0,1,0,1,1,1,1,0,0,0,0,0.604718
1,1,0,1,1,0,1,1,0,0,0,0,1,1,0,0,0,0,0,0,1,1,1,1,0,1,1,1,0,1,1,1,0.585626
1,0,1,1,1,1,0,0,1,1,0,1,1,0,1,1,1,0,0,1,1,0,1,1,0,1,0,1,0,1,1,0,0.597835
0,0,1,1,0,0,1,1,1,0,1,0,0,1,0,0,1,0,1,1,0,0,1,0,0,0,1,1,0,0,1,1,0.601000
1,0,1,0,0,1,0,0,0,0,0,1,0,1,1,0,1,0,0,1,0,1,0,0,0,1,1,0,0,1,0,0,0.601251
1,1,0,1,0,1,0,1,0,0,1,1,0,0,0,0,1,0,0,0,1,1,1,0,1,1,1,0,1,1,0,1,0.599970
1,0,0,1,1,0,0,0,0,0,1,0,1,1,1,1,1,0,0,1,1,1,1,0,1,0,1,1,1,1,0,0,0.595599
0,0,0,0,0,1,0,0,0,1,0,0,1,0,0,0,1,0,0,0,1,0,1,1,0,0,1,0,0,0,1,1,0.580451
0,0,0,0,1,1,1,1,1,0,1,0,1,0,1,0,1,1,1,0,1,1,1,0,1,1,1,0,0,0,1,0,0.604592
1,1,1,0,1,1,0,0,0,1,0,1,0,1,1,0,0,0,0,0,0,1,1,1,0,0,0,0,0,1,0,0,0.599593
0,1,0,0,0,0,1,0,0,0,1,0,0,0,0,0,0,0,1,1,1,0,1,0,0,1,1,1,1,0,1,1,0.584696
1,0,0,0,1,1,1,0,0,0,0,1,0,1,0,0,0,0,0,0,1,1,0,1,0,0,1,0,0,0,0,1,0.557967
1,0,1,1,0,0,0,0,0,0,1,0,1,1,0,0,0,1,0,0,1,1,0,0,1,0,0,1,0,0,0,1,0.598764
0,1,1,1,0,1,1,0,1,0,0,1,1,0,0,0,0,0,0,0,0,1,1,0,1,0,1,1,0,1,0,0,0.603386
0,1,0,0,1,0,1,1,0,1,0,1,0,1,0,0,1,0,1,0,0,0,1,0,1,0,0,0,0,0,1,0,0.597106
0,0,0,0,0,1,0,1,1,1,0,0,1,0,1,0,0,1,0,1,1,1,1,1,1,1,1,0,0,0,0,1,0.607381
1,1,0,0,0,1,1,1,1,1,0,0,1,1,1,0,1,0,0,1,0,1,1,0,1,0,1,0,1,1,0,0,0.598890
0,0,0,1,0,0,0,0,1,0,0,1,0,0,0,0,0,0,1,1,0,0,1,1,0,0,0,0,1,0,0,0,0.582084
0,1,0,1,1,0,0,1,0,1,0,0,0,0,1,1,0,1,0,0,1,0,0,0,0,1,0,0,0,1,0,0,0.584169
0,0,1,0,1,1,1,0,0,1,0,1,0,0,1,0,0,0,0,0,0,1,0,0,1,0,0,0,1,0,1,0,0.587459
1,1,1,0,1,0,1,0,0,1,1,1,1,0,0,0,0,1,1,0,0,0,1,0,0,1,1,1,1,0,1,1,0.595724
0,1,1,0,0,0,0,0,1,1,0,0,1,1,0,0,1,0,0,0,0,1,0,0,1,0,0,0,0,0,1,1,0.597282
1,1,1,1,1,0,1,0,0,1,1,0,1,1,0,0,0,1,1,1,1,0,0,1,0,1,0,1,0,1,0,0,0.606803
0,0,1,1,1,1,1,0,0,1,0,0,1,0,0,0,0,1,1,1,0,0,0,1,0,1,1,0,1,1,0,0,0.596880
0,1,1,1,1,1,0,0,1,1,0,0,1,0,1,1,1,1,1,1,1,0,0,0,0,1,0,0,1,0,0,0,0.602130
1,1,0,0,1,0,0,0,1,1,1,1,1,0,1,0,1,0,0,1,1,0,0,1,1,1,0,1,1,1,1,0,0.603713
1,0,0,0,1,0,1,1,0,1,1,1,0,0,1,0,1,1,0,1,1,1,0,1,0,0,1,1,0,0,0,0,0.606150
0,1,0,1,0,0,0,1,0,0,1,1,0,1,0,1,0,1,0,0,1,1,0,0,1,0,0,0,1,1,0,1,0.595197
0,1,0,0,0,0,1,1,1,0,1,0,1,1,0,0,0,0,1,0,0,0,0,0,0,0,1,0,1,1,0,1,0.605848
0,1,0,0,0,0,1,0,0,0,0,1,1,1,0,0,0,0,1,1,0,0,1,0,1,1,0,0,0,0,0,1,0.581405
1,1,0,1,0,0,0,1,0,1,1,1,0,1,0,1,0,1,0,0,1,1,0,0,0,0,0,1,0,0,1,0,0.601753
1,1,0,1,0,1,1,1,1,0,0,1,0,1,0,1,1,1,0,0,0,0,0,1,1,0,0,1,1,0,0,0,0.603035
0,0,0,0,0,1,1,1,0,1,0,0,0,1,1,1,0,1,0,1,1,0,1,1,0,1,1,1,0,0,1,0,0.572738
0,1,0,1,1,0,1,1,1,0,0,1,0,0,1,0,1,1,0,1,0,0,1,0,1,1,0,0,0,0,1,0,0.601226
1,1,1,1,0,0,1,1,1,0,0,1,1,1,1,0,0,0,1,1,0,1,1,0,1,0,0,0,0,0,1,0,0.600497
0,0,0,1,0,1,1,0,0,1,0,0,0,1,1,1,0,1,0,1,1,0,0,0,1,0,0,0,1,1,0,0,0.582913
1,1,0,1,1,1,1,0,1,1,0,0,1,1,1,0,0,1,0,0,0,0,1,0,0,1,0,0,1,1,0,1,0.599367
0,0,1,0,1,1,1,1,1,1,0,1,1,0,1,1,1,1,1,0,1,0,0,0,1,0,1,0,1,0,1,0,0.596880
1,0,0,1,1,0,1,0,0,1,1,0,0,1,1,0,1,1,0,0,0,1,0,1,1,1,1,1,0,0,0,1,0.602130
1,0,0,1,0,0,1,1,1,1,0,0,0,1,1,1,0,1,0,0,0,0,0,1,0,0,1,1,0,0,0,0,0.601703
0,0,1,0,1,0,1,0,0,0,1,0,0,0,0,1,1,1,0,1,0,1,1,0,1,1,0,1,1,0,1,1,0.604065
1,0,0,0,0,0,1,1,0,1,1,1,0,0,0,1,0,1,1,0,1,1,1,0,1,0,0,0,1,1,1,1,0.592986
1,1,0,0,1,1,1,1,0,1,1,0,1,1,1,1,0,0,0,1,0,1,1,1,1,1,0,1,0,1,1,1,0.533022
0,0,0,0,0,1,0,0,0,1,0,0,0,0,1,0,1,0,1,1,0,1,1,1,1,0,0,1,1,1,0,0,0.602155
1,0,1,0,1,1,0,1,1,1,1,1,0,0,0,0,1,1,0,1,0,0,1,1,0,0,1,1,1,0,0,0,0.605195
0,1,1,1,1,0,1,1,1,1,1,0,0,0,1,0,1,0,0,1,0,0,1,1,1,1,0,0,0,1,1,0,0.599719
0,1,0,0,0,1,0,1,0,0,0,0,0,1,0,0,0,0,0,1,0,0,0,0,0,1,0,1,0,0,0,1,0.570930
1,1,1,1,1,1,0,1,1,1,1,1,1,0,1,0,0,1,0,0,0,1,0,0,0,0,0,1,1,0,1,0,0.603261
1,0,0,1,1,0,0,0,0,0,1,0,1,1,0,1,1,0,0,1,0,0,0,0,1,1,1,1,1,1,0,0,0.608109
1,1,1,0,1,1,1,0,0,0,0,0,0,0,1,1,0,0,0,1,1,1,1,1,1,0,0,1,0,1,0,1,0.557163
1,0,1,1,1,0,1,0,1,1,0,1,1,1,1,1,1,1,1,1,1,0,0,0,1,0,0,0,1,1,0,1,0.598915
1,0,0,1,0,1,0,0,1,0,0,1,0,1,0,0,0,1,0,1,0,1,1,1,1,1,0,1,1,0,1,0,0.602457
0,1,0,0,0,0,0,0,0,0,0,0,0,1,1,0,0,1,0,0,0,0,0,1,0,1,1,0,1,0,1,0,0.575426
1,1,0,1,0,0,1,0,1,0,0,0,1,1,0,1,1,0,1,0,1,1,0,1,1,1,0,1,0,0,1,1,0.595674
1,1,0,0,0,0,1,1,1,0,1,0,1,1,1,0,0,1,1,1,0,0,0,1,1,1,0,0,1,0,1,0,0.604843
0,0,1,0,1,1,1,1,0,1,0,1,0,1,0,1,0,0,0,0,0,1,0,0,1,0,1,0,0,0,1,1,0.595046
0,1,1,1,1,1,0,1,1,1,1,0,0,1,1,1,1,0,1,1,1,0,0,1,0,0,0,1,0,1,0,1,0.591931
1,1,0,1,1,1,1,0,1,1,0,1,0,0,1,1,1,0,1,0,0,1,0,1,0,0,0,0,1,1,1,0,0.597684
0,1,1,0,0,0,1,1,1,1,0,1,0,0,0,0,1,0,1,1,0,0,1,1,0,1,1,0,0,0,0,1,0.604919
0,0,1,0,1,0,0,1,0,1,1,1,1,1,0,1,0,0,0,1,1,0,1,1,0,0,1,1,1,0,1,0,0.590374
1,0,0,0,1,0,1,1,0,0,0,0,0,0,0,1,0,1,0,1,0,1,0,0,1,1,1,1,0,1,1,0,0.600121
0,1,0,0,0,1,0,1,1,1,1,1,0,1,0,1,1,0,0,0,1,0,0,1,0,1,1,1,0,1,1,1,0.577989
1,1,0,1,0,1,1,1,0,0,0,0,1,0,1,1,1,1,0,0,1,1,1,1,0,1,0,0,0,1,0,1,0.538121
1,0,0,1,1,1,0,1,0,0,1,1,0,0,1,0,1,0,0,1,1,0,0,0,0,1,0,1,1,0,1,0,0.590097
1,0,1,1,0,1,1,0,0,0,0,0,0,0,0,0,1,1,1,1,1,0,0,1,1,1,0,0,0,0,1,0,0.603085
0,0,1,0,1,0,1,1,1,0,0,0,0,0,0,0,0,1,1,0,0,0,1,0,0,1,0,0,1,1,0,0,0.595950
1,1,1,1,0,0,0,0,0,1,1,0,0,1,0,1,0,0,0,1,1,1,1,1,0,1,0,1,1,0,1,0,0.598513
1,1,0,1,1,1,0,0,1,1,0,1,0,1,0,0,1,0,1,1,0,0,0,1,1,0,0,0,1,1,1,0,0.601025
0,0,0,0,1,1,1,1,1,1,1,0,1,1,1,0,0,1,1,1,0,1,0,0,1,0,0,0,1,1,1,1,0.596327
1,1,0,0,1,1,0,0,0,0,1,0,0,0,1,0,1,1,1,1,0,0,1,1,0,0,1,1,1,0,1,1,0.600146
0,1,0,1,0,1,1,0,1,0,0,0,0,0,1,1,1,0,1,1,0,1,1,0,0,1,0,1,1,0,0,0,0.602934
1,1,1,1,0,0,0,1,0,1,0,1,0,1,0,1,0,1,0,1,0,1,0,1,1,0,0,0,1,1,1,1,0.566910
0,1,1,1,0,1,1,0,1,0,0,0,1,0,0,1,0,1,0,1,0,0,0,1,0,1,0,0,0,0,1,0,0.600095
1,1,1,1,0,0,1,1,0,1,1,1,0,1,0,1,0,0,1,1,0,1,1,0,0,1,0,1,0,1,1,0,0.603110
0,0,0,0,0,0,1,1,0,0,1,1,0,0,1,0,0,1,0,1,1,0,1,0,0,0,0,0,1,0,0,0,0.560354
0,1,1,0,0,0,0,1,1,0,0,0,0,1,0,0,0,0,1,1,1,1,1,0,1,1,0,1,0,1,1,0,0.591630
0,1,1,0,1,1,1,0,1,1,0,0,0,1,0,0,1,1,0,0,1,0,1,0,1,0,0,0,0,0,1,0,0.602080
0,0,1,0,1,0,0,1,1,1,1,1,1,1,0,0,0,0,0,1,0,1,0,0,0,1,0,0,0,0,1,1,0.598990
1,0,1,0,1,1,0,0,1,1,1,1,0,1,0,0,1,0,0,0,1,1,0,1,0,1,1,1,1,0,1,1,0.599819
0,1,1,0,1,0,0,0,0,0,1,1,0,1,0,0,0,0,0,1,1,0,1,0,1,0,1,0,0,0,1,0,0.600196
0,0,0,0,0,1,0,0,1,1,0,1,1,1,0,0,1,0,0,0,1,1,0,0,0,0,1,1,1,1,1,0,0.603336
0,1,1,1,1,1,1,1,1,0,1,1,0,1,1,0,0,0,1,0,1,0,0,0,1,0,1,1,1,0,1,0,0.596930
1,1,0,1,1,0,0,0,0,1,0,0,1,0,0,1,1,0,1,0,1,0,1,1,1,1,1,1,1,1,0,1,0.596855
1,0,0,0,0,0,1,0,1,1,0,0,1,0,0,1,1,0,0,1,1,0,1,1,1,1,1,0,0,1,0,1,0.606125
0,0,0,1,0,0,1,0,0,0,1,1,1,1,0,1,1,0,0,1,1,1,0,1,1,1,0,1,0,0,1,0,0.606275
1,1,0,1,0,1,1,0,0,0,1,0,0,1,0,0,1,0,1,1,0,1,1,1,0,1,1,0,1,1,1,1,0.596830
1,1,0,0,0,1,1,0,0,1,1,0,1,1,0,1,0,0,0,0,1,0,0,1,0,0,1,0,1,1,0,0,0.600372
1,1,1,1,1,1,0,0,0,0,1,1,1,1,0,1,1,1,1,0,1,1,1,1,1,0,0,0,1,0,1,1,0.575853
1,0,0,1,0,1,0,0,1,1,0,1,1,0,1,1,1,0,1,0,0,0,0,1,0,1,0,0,0,1,1,1,0.600648
0,0,0,1,1,1,0,0,1,1,0,0,1,0,0,1,1,1,1,1,0,0,1,0,0,0,0,0,1,0,0,0,0.590700
0,0,0,1,1,1,0,1,0,0,0,1,1,0,1,0,0,0,0,1,0,0,1,0,1,0,0,1,1,0,1,0,0.567136
1,1,0,1,0,0,1,0,0,1,1,1,1,0,1,0,1,0,0,1,1,1,0,1,0,1,1,0,0,0,0,0,0.602055
1,0,0,0,0,1,1,1,0,1,0,0,1,0,1,0,1,1,1,1,1,0,1,0,1,1,0,1,0,0,0,0,0.602708
1,0,1,0,0,1,0,0,1,0,1,0,0,0,1,0,0,1,0,0,0,0,0,1,0,0,1,1,0,0,1,0,0.597508
0,1,0,0,0,1,1,1,1,0,1,1,1,0,0,1,1,0,1,0,0,1,1,0,0,0,0,1,1,1,0,1,0.598010
1,0,0,1,0,1,0,1,1,1,0,0,1,1,0,1,0,0,0,1,1,0,1,0,0,1,1,0,1,1,1,1,0.571131
1,0,0,1,0,1,1,1,1,1,0,1,0,1,1,1,1,0,1,1,0,1,1,0,1,1,1,1,0,1,0,0,0.599216
1,1,1,1,1,1,0,0,0,0,1,1,1,0,0,1,1,1,0,0,0,0,1,1,1,1,1,0,0,0,1,1,0.601402
0,1,0,0,0,1,1,1,0,0,1,1,0,1,0,1,1,1,0,1,1,0,0,0,1,1,1,1,1,1,0,0,0.608536
0,0,1,0,0,0,1,1,0,1,1,0,0,0,1,0,0,1,0,0,1,0,1,1,1,0,1,1,1,0,0,1,0.603763
1,0,0,0,0,1,0,0,0,1,0,0,1,1,1,1,1,1,0,1,0,0,0,1,1,0,0,0,0,1,0,1,0.597307
0,0,0,0,0,0,1,0,0,0,1,1,1,0,1,0,1,0,0,0,0,1,1,1,1,0,1,0,0,1,1,1,0.604919
1,1,0,0,0,1,0,1,1,0,1,0,1,0,0,1,0,0,0,1,1,0,0,0,1,0,1,0,0,1,1,1,0.591404
1,1,0,1,0,1,1,1,0,0,0,1,1,0,0,0,1,0,1,0,0,0,1,1,1,1,0,0,1,1,1,1,0.593062
0,0,0,0,1,0,1,0,1,0,1,1,0,1,1,0,1,0,0,0,1,1,0,0,1,1,0,1,0,1,0,0,0.608009
1,1,1,1,1,0,0,1,0,0,1,0,1,0,0,0,0,0,0,0,0,0,1,1,0,0,1,0,0,0,1,0,0.584696
1,0,1,0,0,1,0,1,0,1,0,0,0,0,1,0,1,0,0,0,1,0,0,0,0,1,0,0,0,1,1,1,0.598990
1,1,0,1,0,0,0,0,1,1,0,1,0,0,1,1,1,0,1,0,1,0,1,1,0,1,1,1,1,0,0,0,0.602181
0,0,1,1,0,0,1,1,1,1,1,1,0,0,1,0,1,0,1,0,0,1,0,1,0,1,1,0,1,1,1,1,0.596478
1,1,1,1,1,0,0,0,0,0,1,1,0,1,1,0,0,0,1,1,0,0,0,1,0,1,0,1,0,0,0,0,0.607054
0,1,1,1,0,0,1,1,0,1,0,1,1,1,1,0,0,0,1,1,1,1,1,1,0,0,0,0,0,0,0,1,0.602859
0,1,0,1,0,1,1,1,0,0,1,1,0,0,1,1,0,1,0,1,1,1,0,1,1,1,1,0,0,1,0,0,0.610320
1,1,0,0,0,1,0,0,1,1,1,0,0,0,1,0,1,1,1,1,1,0,1,1,0,0,1,0,0,1,0,0,0.596855
0,1,0,1,0,1,0,0,0,0,0,1,1,1,0,1,0,0,1,1,0,0,0,0,1,1,0,0,0,1,0,1,0.590223
1,0,0,1,1,1,1,0,1,1,0,1,1,0,1,1,0,0,0,0,1,0,0,0,1,0,0,0,1,0,1,1,0.579019
1,0,0,0,1,1,0,0,0,1,1,1,1,1,0,0,1,0,1,0,1,0,0,0,1,1,1,0,1,1,0,0,0.607456
1,0,1,1,0,1,0,1,1,1,0,0,0,0,0,1,0,1,1,1,1,0,0,0,1,1,1,0,1,1,0,1,0.602181
1,0,1,1,0,1,1,0,0,0,1,0,1,1,0,1,1,1,1,1,0,1,0,1,1,1,1,1,0,1,1,0,0.598865
1,1,0,0,0,1,0,0,0,1,0,0,1,1,0,0,1,0,0,0,0,0,1,1,0,0,0,1,0,1,1,1,0.598061
0,0,1,0,0,1,1,0,0,0,0,1,0,1,0,1,0,0,0,1,1,0,0,0,1,1,0,1,1,1,0,1,0.583189
1,0,1,1,1,1,0,1,0,1,0,0,1,0,0,0,1,0,1,0,0,0,1,0,1,0,0,1,1,1,1,1,0.598689
0,0,0,0,1,1,1,0,0,0,0,0,0,1,1,1,1,0,1,0,0,1,0,0,1,1,1,0,0,0,1,0,0.598161
1,0,1,1,1,1,1,1,0,0,1,1,0,1,1,1,1,0,0,1,1,1,0,0,1,0,1,1,0,0,1,0,0.596930
0,0,0,0,0,0,0,1,1,0,0,1,0,1,1,1,1,0,0,1,0,1,1,0,1,0,0,0,1,0,1,1,0.589092
0,0,0,0,0,1,0,0,0,0,1,1,0,0,0,0,1,0,1,0,0,0,1,0,1,0,1,0,0,0,1,0,0.591931
0,0,0,0,1,1,0,1,0,1,0,0,1,1,1,1,0,1,1,0,0,1,1,1,0,1,1,1,0,0,1,1,0.585475
1,1,1,1,1,1,1,1,1,1,0,0,1,1,1,1,1,0,1,1,1,1,0,1,1,0,1,1,1,1,0,1,0.566584
1,1,0,1,1,1,1,0,1,0,0,0,0,1,0,1,0,0,0,1,0,1,1,1,1,1,0,0,0,0,1,1,0.582511
1,0,1,0,1,1,1,1,0,1,0,0,0,0,0,0,0,0,1,0,0,0,0,0,0,0,1,1,1,0,0,0,0.600598
1,0,1,1,1,1,1,0,1,1,0,1,0,1,0,0,1,0,0,0,1,1,1,0,0,1,0,0,0,0,1,1,0.592911
1,0,1,0,1,1,0,1,1,1,0,1,0,0,1,0,0,1,1,1,0,1,1,0,0,1,0,1,0,1,0,0,0.602934
1,0,1,1,0,1,0,1,1,0,0,1,0,1,0,0,0,1,0,1,1,1,0,0,0,1,0,1,0,1,1,1,0.598111
1,1,0,0,1,1,1,0,0,0,0,1,1,1,0,1,1,1,1,0,0,0,1,1,0,1,0,1,0,1,0,0,0.601301
0,0,1,1,0,0,1,0,0,0,0,1,0,0,0,0,0,1,0,1,1,1,0,1,1,0,0,0,1,1,0,0,0.603864
0,0,1,0,0,1,0,0,0,1,1,1,1,0,1,1,1,0,1,0,1,0,0,0,0,1,0,0,1,1,0,0,0.605170
1,1,0,1,1,0,1,1,1,0,1,0,1,0,1,1,1,0,0,0,1,0,1,0,0,1,0,0,1,0,0,0,0.566935
1,0,1,1,0,0,1,1,1,1,0,0,1,1,1,0,1,0,1,1,1,0,1,1,0,0,1,1,1,1,0,0,0.600975
1,0,0,0,1,1,0,0,0,0,1,0,1,0,1,0,1,1,1,1,0,1,1,1,1,1,1,0,1,1,0,1,0.601904
1,1,1,0,0,1,1,0,1,0,1,1,0,1,1,0,0,1,1,1,0,1,1,1,1,1,1,1,1,1,1,1,0.578391
0,0,1,1,1,1,1,0,0,1,1,1,1,0,1,1,0,1,1,0,0,1,1,1,0,0,1,0,0,0,0,0,0.597860
1,1,0,0,1,1,0,0,1,0,0,1,1,0,0,1,1,0,1,1,1,1,0,1,1,1,1,0,1,0,0,0,0.606552
0,0,1,0,0,0,0,0,0,0,1,0,0,0,0,0,1,0,1,0,0,0,1,1,1,1,1,0,0,0,1,1,0.597759
1,0,0,0,0,0,1,0,0,1,0,1,1,1,1,0,0,1,0,0,0,0,0,0,1,0,0,0,0,1,0,0,0.598664
0,0,0,1,0,1,1,0,0,1,1,1,1,0,1,1,0,1,1,0,0,0,1,1,0,1,0,1,1,0,0,0,0.597433
0,0,1,1,1,0,0,0,1,0,1,1,1,0,1,1,1,0,1,1,1,1,0,0,1,0,0,0,1,1,1,1,0.600548
1,0,1,1,0,0,1,0,0,1,1,0,0,0,1,0,1,1,0,0,1,0,1,1,1,1,0,0,1,0,1,0,0.602482
0,0,1,0,0,1,0,1,1,0,0,0,0,0,1,1,1,1,0,0,1,0,0,1,1,1,1,1,1,1,0,1,0.598463
1,0,0,0,1,1,0,1,1,1,0,1,1,1,0,0,0,1,1,0,1,1,0,1,1,0,1,0,1,0,0,0,0.601377
1,1,1,1,0,0,0,0,0,1,1,1,1,0,0,1,1,0,0,0,1,0,1,1,0,0,0,1,0,1,1,1,0.592936
1,1,1,1,1,1,1,1,0,1,1,0,1,1,0,1,0,0,1,0,0,1,1,1,0,1,1,1,1,0,0,1,0.588439
0,1,0,0,1,1,1,1,1,0,1,0,0,0,1,1,1,0,1,0,0,0,0,1,0,0,0,0,0,0,1,0,0.599744
1,1,0,1,0,0,1,0,1,1,0,0,0,0,0,0,0,0,1,0,0,0,0,1,1,1,1,0,0,0,0,1,0.598613
1,0,0,0,0,1,1,0,0,1,1,1,0,1,1,0,1,1,0,0,0,1,1,1,0,0,0,0,1,1,0,1,0.596151
1,0,1,0,1,1,0,0,0,1,1,1,0,0,1,0,1,1,1,1,1,1,0,0,0,1,0,1,1,0,1,1,0.595800
0,1,1,0,1,0,1,0,1,1,0,1,0,1,1,0,0,0,1,1,0,1,0,0,1,1,1,1,0,1,1,1,0.596704
0,1,1,0,1,0,0,0,0,0,1,0,0,0,1,1,1,1,1,1,0,0,1,1,0,1,0,1,1,1,1,0,0.600497
1,0,0,1,0,1,0,1,1,1,0,1,1,1,1,0,1,1,1,0,1,0,1,0,0,0,0,0,0,1,0,0,0.595473
0,0,1,0,0,0,1,0,0,0,1,1,0,1,0,0,1,1,0,1,1,1,0,1,1,0,0,0,1,1,1,0,0.603562
0,1,1,1,1,0,0,1,1,0,0,1,1,1,1,1,1,1,0,1,1,1,0,1,0,0,1,0,1,0,0,1,0.592383
1,1,1,1,0,0,0,0,0,1,1,1,1,1,1,1,0,1,1,1,1,0,1,0,0,1,1,0,0,0,0,0,0.599719
1,1,1,0,0,1,1,1,0,0,1,0,1,1,0,1,0,1,1,0,1,1,1,1,1,1,1,0,0,1,0,1,0.567287
0,0,0,1,1,0,1,1,1,1,1,1,0,0,1,0,0,0,0,1,1,1,1,0,0,0,0,0,1,0,0,1,0.599794
1,1,0,0,1,0,1,1,1,1,1,0,1,0,0,0,1,1,1,0,1,1,0,0,0,1,0,0,0,0,1,1,0.594594
1,0,0,0,1,0,1,0,1,0,0,1,1,0,0,0,0,1,1,1,0,0,0,0,1,0,0,0,1,1,1,0,0.601301
0,0,0,0,1,0,1,1,0,0,0,0,0,1,0,0,1,0,0,0,0,0,1,1,1,1,1,0,0,1,1,1,0.588665
1,0,0,0,0,1,0,0,0,1,1,0,0,0,1,0,1,0,0,1,0,1,0,1,0,0,0,1,0,0,1,1,0.599493
0,1,1,1,1,0,1,0,1,0,1,1,1,0,1,1,1,1,1,0,1,1,0,0,1,1,0,1,1,1,1,0,0.598990
1,1,1,1,0,0,1,1,1,0,1,0,0,1,1,1,0,1,0,0,1,0,1,1,1,0,0,1,0,1,1,0,0.597608
1,0,1,1,1,0,0,0,1,0,0,1,0,1,0,1,0,0,1,0,1,0,1,0,1,0,0,0,0,1,0,0,0.598362
1,0,1,0,1,1,1,0,0,1,0,0,1,0,1,1,1,1,0,1,1,1,1,1,0,1,1,0,1,1,0,1,0.589243
0,0,1,0,0,0,0,1,1,1,1,0,1,0,0,0,0,1,1,0,1,0,0,0,0,1,1,0,0,1,0,1,0.590147
1,1,0,1,1,0,0,1,0,0,0,0,1,1,0,0,0,1,0,1,0,1,0,1,1,1,1,0,1,0,0,0,0.602783
1,1,0,1,1,0,0,1,1,0,0,0,0,0,1,0,0,0,1,0,1,0,1,1,1,0,0,0,1,0,1,1,0.601628
1,0,1,0,0,0,0,0,0,0,1,1,1,0,0,1,0,1,0,1,1,0,1,1,1,0,1,1,1,1,0,0,0.605245
0,0,0,0,1,0,1,1,1,0,0,0,1,1,0,1,0,0,0,0,0,1,0,0,1,1,1,0,1,0,1,0,0.605572
1,0,1,1,1,0,1,1,1,1,0,1,0,1,0,0,1,0,0,1,0,1,1,0,0,1,1,1,1,0,0,1,0.601000
1,0,1,1,0,1,0,1,0,1,0,0,1,0,1,1,1,0,1,1,0,1,1,1,1,1,1,1,1,1,0,1,0.573944
1,0,0,1,1,1,0,0,1,0,1,0,0,1,0,1,1,1,1,0,0,1,0,0,0,0,0,0,0,0,1,0,0.599015
0,1,0,0,1,1,1,1,1,1,0,1,1,0,0,0,1,0,0,0,1,1,1,0,0,1,1,1,0,1,0,0,0.602030
1,1,1,0,1,0,1,0,0,1,1,0,0,0,1,1,1,0,0,1,1,0,1,0,0,1,0,0,0,0,1,0,0.598186
1,1,1,0,0,0,0,1,1,1,1,1,1,1,0,1,0,0,0,0,1,0,0,0,1,0,0,0,0,1,0,1,0.600623
1,1,0,0,0,0,0,0,1,1,0,0,1,1,1,0,0,1,1,1,0,1,1,1,1,0,1,1,0,0,0,1,0.600121
1,0,0,1,1,0,1,0,1,0,0,1,1,1,1,1,0,0,0,1,1,0,1,1,1,1,1,0,1,0,1,0,0.598714
1,1,0,1,1,0,1,1,1,0,1,1,1,0,0,1,0,1,0,1,1,0,1,0,1,0,0,1,0,1,0,0,0.603311
0,1,0,0,0,1,1,0,0,1,1,1,0,0,0,0,0,0,1,1,0,1,1,1,0,0,0,1,0,0,0,1,0.588816
1,1,0,0,0,0,1,1,0,0,0,1,1,1,0,0,1,1,1,1,0,0,0,0,0,0,1,0,1,1,1,0,0.601804
1,1,0,1,1,0,0,1,1,1,0,1,0,1,1,0,0,0,1,1,0,1,0,0,1,1,1,0,0,1,1,1,0.601628
0,1,0,1,1,0,1,0,1,0,1,0,0,1,0,0,0,1,1,0,1,1,1,1,0,1,1,0,1,1,1,1,0.589896
1,0,0,1,1,0,1,1,0,1,1,1,1,1,1,1,0,0,0,0,1,0,1,1,0,1,0,1,1,0,0,0,0.600271
1,0,0,1,0,1,1,1,1,1,0,0,0,0,1,0,1,1,1,1,0,1,0,0,0,0,1,0,0,0,0,1,0.604919
1,1,0,0,1,0,1,1,1,1,1,0,1,1,0,1,0,1,0,1,1,1,1,1,0,1,0,0,1,0,0,0,0.570503
0,0,1,1,1,1,0,0,0,1,0,1,1,0,0,0,0,1,1,0,0,0,0,1,0,1,0,0,0,1,0,1,0.590348
1,0,0,1,1,1,1,1,1,0,1,1,1,1,0,1,1,0,1,0,1,1,0,1,1,1,0,0,1,0,0,1,0.594016
0,1,1,0,0,1,0,0,1,0,1,0,1,1,1,1,1,0,1,1,1,0,1,0,0,0,0,1,1,1,1,1,0.589243
1,0,1,1,0,1,1,1,0,0,0,1,0,0,1,1,0,0,0,0,1,0,1,1,1,1,0,0,1,1,1,1,0.553571
1,0,1,1,0,0,1,0,0,0,0,1,0,1,0,1,0,0,1,0,0,1,1,0,0,0,1,0,1,1,1,1,0.596126
0,1,1,0,0,0,0,1,0,1,1,0,0,1,1,0,0,0,1,0,1,0,0,1,0,1,1,1,1,0,1,0,0.600347
0,1,1,0,1,1,0,0,1,1,1,0,1,1,1,0,0,1,1,0,0,1,0,1,1,1,1,0,1,1,0,1,0.598814
0,0,1,1,0,0,0,1,1,0,0,1,1,0,1,0,1,1,0,1,1,1,0,0,1,1,0,1,0,1,0,1,0.605471
1,0,0,0,1,0,0,0,0,1,1,0,0,0,0,0,1,1,1,0,1,1,0,0,0,1,1,1,1,1,1,0,0.606552
0,0,0,1,0,0,1,1,0,1,0,1,1,1,1,0,1,1,0,0,0,0,1,0,0,1,1,1,1,0,1,0,0.600950
0,1,1,0,1,1,0,1,1,0,0,1,1,1,1,0,1,1,0,0,1,0,1,0,0,1,0,1,1,1,1,0,0.592785
1,1,0,0,1,0,0,0,1,0,1,0,1,1,0,1,1,1,1,0,1,0,1,1,0,0,1,1,0,1,1,1,0.596830
1,1,0,1,0,0,1,0,1,0,1,0,1,1,1,0,0,1,1,0,0,1,1,1,1,0,1,0,1,1,1,1,0.587083
0,1,1,0,1,1,0,1,1,0,0,1,1,0,0,1,1,0,1,0,0,1,1,1,0,1,1,1,0,1,1,0,0.599618
1,0,0,0,1,0,0,0,1,1,1,0,0,0,1,1,0,0,0,0,0,1,0,0,0,0,0,0,0,1,0,1,0.595976
0,1,1,0,1,0,0,0,1,1,1,0,0,0,0,0,0,0,1,1,1,1,0,0,0,0,1,0,0,0,0,1,0.586756
1,1,0,0,0,1,1,1,0,0,0,0,1,0,1,0,0,0,0,0,1,0,1,0,0,1,1,0,1,1,0,0,0.593865
1,1,0,1,1,1,0,1,0,1,0,1,1,0,0,0,1,0,1,0,1,1,1,0,1,0,1,1,0,0,1,0,0.600975
0,0,1,1,0,1,1,0,1,1,0,1,0,1,1,1,0,1,0,1,1,1,0,1,0,1,1,0,1,0,0,1,0.599065
1,1,0,0,0,0,1,0,1,1,0,0,0,1,1,1,1,1,1,0,0,0,1,0,1,0,0,0,0,0,1,1,0.601151
0,0,0,0,1,1,0,1,1,1,1,0,1,0,0,1,0,0,0,0,1,0,1,0,1,0,1,0,1,1,0,1,0.606200
1,1,1,0,1,1,0,1,0,1,1,1,1,1,0,0,0,0,1,1,0,1,0,0,0,0,1,0,0,0,0,0,0.604115
1,0,1,1,0,1,1,1,0,1,1,1,1,1,0,0,1,0,0,0,0,0,0,1,1,1,0,1,1,1,1,1,0.599995
0,0,0,0,1,1,0,0,0,1,1,1,1,0,1,1,0,0,1,1,1,0,0,1,0,1,1,1,0,0,0,0,0.567714
1,1,1,0,1,0,1,1,1,1,1,0,0,1,0,1,0,0,0,1,1,1,0,0,0,1,0,1,1,1,1,1,0.574170
0,1,0,1,0,1,1,0,0,0,0,0,1,1,0,1,1,1,1,0,1,1,0,0,1,0,0,1,0,0,0,0,0.558972
1,1,1,0,1,1,0,0,0,0,1,0,1,0,1,0,1,0,0,0,1,1,1,1,0,0,0,1,1,1,1,1,0.584244
0,1,1,0,0,1,1,1,0,1,1,0,0,0,1,1,1,0,1,0,0,1,1,0,1,0,1,0,1,0,1,0,0.597759
0,0,0,0,1,1,1,1,0,0,1,0,1,0,0,0,0,0,0,0,1,1,1,1,0,0,1,1,1,1,0,1,0.549652
1,0,1,0,1,0,1,0,1,0,1,0,0,1,0,0,1,1,0,1,0,1,0,0,1,1,0,0,1,0,0,0,0.603864
0,1,0,1,1,1,1,1,0,0,1,1,0,0,1,0,0,1,1,0,1,0,0,0,1,0,0,0,0,0,0,0,0.600774
0,0,1,0,0,0,1,0,1,0,1,1,1,1,1,0,0,0,1,1,1,1,1,1,1,0,1,1,0,0,0,0,0.606778
0,1,0,1,0,0,1,0,1,0,0,1,1,0,0,0,1,0,1,1,0,0,0,0,0,0,1,0,1,0,0,1,0.600824
1,1,0,0,1,1,0,0,0,0,1,1,1,1,1,1,0,0,0,0,0,1,1,0,1,1,0,0,1,0,1,0,0.597960
1,1,0,0,1,0,0,0,1,0,1,1,1,0,1,0,0,0,0,1,1,1,0,0,1,0,0,0,0,0,1,1,0.598990
1,0,1,0,0,0,0,1,0,0,1,1,0,1,1,0,1,1,0,1,1,1,1,1,1,0,1,1,1,0,1,0,0.605019
0,0,1,0,0,1,0,0,0,0,0,1,1,0,1,0,0,0,0,1,0,1,0,1,1,1,0,1,0,1,1,0,0.594619
1,1,0,0,0,1,1,0,0,1,0,1,0,0,1,1,0,0,1,1,1,1,0,1,0,0,1,1,0,1,0,0,0.605848
1,0,1,1,0,0,1,1,1,0,0,0,1,0,0,0,1,1,1,1,0,1,0,0,0,0,0,1,1,0,0,1,0.603411
0,1,1,0,1,0,0,0,1,0,1,0,1,0,0,1,1,1,0,0,1,1,1,1,1,1,0,1,0,1,0,0,0.601100
1,1,1,0,1,1,1,1,0,0,1,1,1,0,0,0,1,1,1,0,0,0,1,1,0,1,0,1,0,1,1,0,0.601251
1,0,1,1,1,1,1,0,1,0,1,0,1,1,0,0,0,1,0,0,0,0,1,0,1,1,0,0,1,1,0,0,0.604341
1,0,1,0,1,1,0,1,0,0,1,0,0,0,1,1,1,1,1,0,0,1,1,1,0,1,1,0,0,0,0,1,0.603663
0,0,1,1,1,1,1,0,0,1,0,1,0,1,1,0,1,1,0,0,1,1,0,0,0,0,0,1,0,0,0,1,0.599216
1,0,1,0,1,0,0,0,1,0,1,0,0,1,0,0,1,1,1,0,0,0,0,1,1,0,1,1,1,1,0,1,0.603236
1,0,0,1,0,1,1,0,1,1,1,1,1,1,0,0,0,0,0,1,0,0,1,0,1,1,1,0,0,0,1,1,0.604391
0,1,1,0,0,1,1,0,0,1,1,0,0,0,1,1,1,1,0,0,0,0,0,1,0,0,0,0,0,0,0,0,0.602809
0,0,1,1,1,0,0,0,1,1,0,1,1,0,1,1,1,0,0,0,0,1,1,0,0,0,0,0,1,0,0,1,0.595046
1,1,1,1,0,0,1,0,1,1,0,1,1,1,1,1,1,1,1,1,0,0,0,0,1,0,1,0,0,0,0,1,0.604341
1,1,0,1,0,0,1,0,1,0,1,1,0,1,0,1,0,1,0,1,0,1,1,0,0,0,0,1,0,0,1,0,0.604793
1,1,1,1,0,0,1,1,1,1,1,1,1,1,1,0,0,0,0,1,0,0,1,0,0,1,0,1,1,1,0,1,0.607305
0,0,1,1,1,1,0,1,0,0,1,1,0,1,1,0,0,0,0,1,0,1,0,0,1,1,0,1,0,0,1,0,0.596151
0,1,0,0,0,0,0,1,0,1,1,1,0,1,0,1,0,0,0,0,0,1,0,1,0,1,0,1,0,0,1,0,0.588866
1,1,1,1,1,0,1,0,1,0,0,1,1,0,0,0,0,1,1,1,1,1,1,0,1,1,0,1,1,0,0,1,0.600899
0,1,0,0,0,1,1,1,1,1,0,1,0,1,0,0,1,0,0,1,0,0,0,0,1,0,0,1,1,0,0,1,0.603411
0,1,0,0,1,0,1,0,0,0,1,1,0,0,1,1,1,1,1,1,1,0,1,0,0,1,0,0,1,0,1,0,0.608184
1,1,1,0,0,1,0,1,0,0,1,0,1,0,0,0,0,0,1,0,0,1,1,1,1,0,0,1,1,0,0,1,0.605044
0,0,1,1,0,1,1,1,1,1,0,0,0,0,1,0,0,1,1,0,0,1,1,1,1,1,0,1,0,0,1,1,0.594066
1,0,0,1,1,0,1,1,1,0,1,1,0,0,1,1,0,0,1,0,0,1,0,0,1,1,0,1,1,0,0,1,0.600095
0,1,1,0,0,1,0,1,1,0,0,1,1,0,0,0,0,1,0,1,0,1,1,1,0,1,0,1,0,0,0,0,0.599091
0,1,0,1,0,1,1,1,1,0,1,0,0,1,1,0,0,1,0,0,1,1,1,0,1,1,1,0,0,1,0,0,0.601854
1,0,0,1,0,0,0,0,1,0,0,1,1,1,0,0,1,1,0,0,1,0,1,1,0,1,0,1,0,0,1,1,0.601728
1,1,1,1,0,1,1,0,1,0,0,0,0,1,1,1,1,0,1,1,1,0,1,1,0,1,0,1,1,1,0,0,0.600774
0,0,1,1,0,0,1,1,0,1,1,1,1,1,0,1,0,1,1,0,0,1,0,0,1,0,0,0,0,0,0,1,0.600824
0,1,0,0,1,0,1,0,1,0,0,0,0,1,1,1,0,0,0,1,1,0,0,0,0,0,0,0,0,1,0,0,0.578315
1,0,1,1,1,1,0,1,0,1,1,0,1,1,0,1,0,0,0,1,0,1,1,0,1,1,1,1,1,1,1,0,0.598387
1,0,1,1,1,0,1,1,1,0,1,1,0,1,1,1,1,1,1,0,0,1,1,1,1,1,0,0,1,0,0,1,0.588062
1,0,0,1,1,1,0,1,1,0,1,1,0,0,1,1,0,0,0,0,0,0,1,1,0,0,1,1,1,0,0,0,0.603437
1,1,0,0,0,0,1,0,1,1,1,1,0,0,0,0,0,0,1,0,0,0,1,0,0,0,0,0,1,1,0,0,0.600723
1,1,1,1,0,0,1,1,1,0,1,0,0,1,1,0,1,0,1,1,1,0,0,0,1,1,0,0,0,0,0,1,0.602809
1,0,1,1,1,1,1,0,0,0,0,0,1,0,1,1,0,0,1,1,0,1,0,1,1,1,0,0,0,1,1,1,0.584571
0,1,1,0,1,0,1,1,0,1,1,0,0,0,0,0,1,0,1,0,1,0,0,1,1,0,0,1,0,1,1,0,0.598111
1,0,1,0,1,0,1,0,1,1,0,1,0,1,0,1,0,1,0,0,1,1,0,1,0,0,1,1,1,0,1,1,0.591680
1,0,1,1,0,1,1,1,0,1,0,1,0,0,0,0,1,1,0,1,1,0,0,1,0,0,1,1,1,1,0,1,0.602482
0,0,0,0,0,1,1,1,0,0,0,0,0,1,0,1,1,0,0,0,0,1,0,1,1,0,1,0,0,1,0,0,0.589168
0,0,1,0,1,1,1,0,1,1,0,1,0,1,0,0,0,1,0,1,0,1,0,0,0,1,0,0,1,1,0,1,0.603010
1,1,1,1,1,1,0,0,1,0,1,0,0,0,0,1,0,1,1,0,0,0,0,1,0,0,0,1,1,1,1,1,0.571508
0,1,0,1,0,0,1,1,0,0,0,0,1,1,1,1,1,1,0,0,0,0,1,0,1,1,1,0,0,0,0,0,0.602130
1,0,1,0,0,1,0,1,0,0,0,1,1,1,0,1,1,1,0,1,0,0,1,1,1,0,0,1,0,1,0,0,0.602608
1,1,1,0,0,1,0,1,0,1,0,0,0,0,1,1,1,0,1,1,1,1,1,1,0,1,0,0,1,1,1,1,0.530660
0,1,1,0,1,0,0,0,0,0,0,1,1,1,1,0,1,1,1,1,0,1,0,0,1,1,1,1,0,0,0,1,0.604517
0,0,0,1,0,0,1,1,1,1,0,1,0,1,1,1,0,0,0,1,1,0,1,1,1,0,1,1,1,1,1,1,0.557716
1,1,0,0,0,1,1,1,1,0,1,1,1,0,0,0,0,0,1,0,0,1,0,0,0,1,0,1,0,0,0,1,0.600899
1,1,1,1,0,0,0,0,0,1,1,0,0,1,0,0,1,1,1,0,1,0,0,1,0,1,0,0,0,0,1,0,0.601352
1,0,1,0,0,1,0,0,1,1,1,1,1,1,1,1,1,0,1,0,1,0,0,0,0,1,0,0,0,1,0,0,0.606727
1,0,1,1,0,0,0,1,0,1,1,1,0,0,1,1,0,0,0,0,1,1,1,1,0,0,0,0,0,1,1,1,0.575703
1,0,1,0,1,0,0,0,1,0,1,0,1,0,0,1,0,1,1,0,1,0,0,1,1,0,1,0,1,1,1,0,0.602783
0,1,0,0,1,0,1,0,1,0,0,1,0,1,0,0,1,1,0,0,0,0,0,0,1,0,0,1,0,1,0,0,0.600799
1,0,0,1,1,0,0,1,1,1,1,1,0,0,1,0,1,0,1,0,0,0,0,1,1,0,1,0,0,1,0,1,0.605346
0,0,0,1,1,0,0,1,1,1,1,1,0,0,1,0,1,1,0,1,1,1,1,1,0,1,1,0,1,1,1,1,0.585199
1,1,0,0,0,1,1,1,0,0,1,0,0,1,1,0,1,0,0,1,0,0,0,0,0,0,1,1,1,1,1,0,0.600196
0,1,1,1,0,1,1,1,1,1,1,1,0,0,1,0,0,0,1,1,1,0,1,1,0,0,0,0,1,1,0,1,0.599593
0,1,1,1,1,0,1,1,1,1,1,1,0,0,0,1,1,0,0,1,1,0,0,1,1,1,1,0,0,1,0,1,0.600648
0,0,1,0,0,0,0,1,1,1,0,1,0,1,1,0,1,1,1,1,1,1,0,0,0,1,0,1,1,0,0,1,0.603612
1,1,0,0,0,1,1,1,1,0,1,1,0,0,0,1,1,1,1,1,0,1,1,0,1,0,1,0,0,0,1,1,0.600824
1,1,0,0,0,1,0,0,1,0,1,1,1,1,1,1,1,0,1,0,1,1,1,1,0,0,1,1,0,1,1,0,0.600899
0,0,1,0,0,1,0,1,1,0,1,1,1,0,1,0,0,1,0,1,0,1,0,0,1,0,0,1,0,0,1,0,0.599568
1,0,1,1,1,0,1,1,1,0,1,1,1,0,0,0,0,0,1,1,1,1,1,0,0,1,1,0,0,1,0,0,0.600246
0,1,0,1,0,1,0,1,1,0,1,1,1,0,0,0,1,1,0,0,1,0,1,0,0,0,1,0,0,0,0,1,0.599392
0,1,0,1,1,0,1,0,0,1,1,1,0,1,0,0,0,1,1,1,1,1,1,0,0,1,1,1,1,1,0,1,0.594192
1,1,0,1,0,0,1,0,0,0,1,1,1,1,1,0,0,1,0,0,1,0,1,0,1,1,1,0,1,1,0,0,0.606175
1,0,1,1,1,1,0,0,0,1,0,1,1,0,0,0,0,0,0,0,1,0,1,1,0,0,0,1,0,0,0,0,0.596629
1,0,0,1,1,1,0,1,0,1,0,0,1,1,0,1,0,0,1,0,1,1,1,0,1,0,1,1,0,0,0,0,0.598111
1,1,1,0,0,0,0,0,1,1,1,0,1,1,0,1,1,1,1,0,0,0,1,0,0,0,1,1,1,1,0,0,0.603763
0,0,0,1,0,1,1,1,1,0,0,0,0,0,0,1,0,0,0,1,0,1,1,0,1,0,1,0,1,0,0,1,0.591856
0,0,0,0,1,1,0,1,1,0,1,0,1,1,1,0,0,0,1,0,0,1,1,0,0,0,0,1,0,1,1,1,0.587560
1,1,1,1,0,0,0,0,1,0,0,0,0,1,0,1,1,0,1,0,1,0,1,1,1,0,1,1,1,1,1,0,0.600648
0,1,0,0,1,0,1,0,1,1,1,1,0,1,0,1,1,1,0,1,0,1,0,1,1,1,0,1,1,1,0,1,0.597684
0,0,0,1,0,1,1,1,1,1,1,0,1,0,0,1,0,1,0,0,1,0,0,0,1,1,1,1,0,1,1,0,0.605848
1,1,1,0,1,1,1,0,0,1,0,0,0,0,1,0,0,0,1,0,0,0,0,1,0,1,0,1,1,1,1,0,0.598890
1,0,1,1,1,1,0,0,1,1,1,0,1,0,0,0,0,1,1,1,0,0,0,1,0,0,0,0,1,0,1,0,0.601603
1,0,1,1,1,1,1,1,0,0,0,0,1,1,0,1,0,0,1,1,0,1,0,0,0,1,1,0,0,0,0,1,0.602884
1,1,0,0,0,0,1,1,1,1,1,0,1,0,0,1,1,1,0,1,0,0,1,0,0,0,1,0,1,0,0,0,0.601176
1,0,1,0,1,0,1,1,0,1,0,0,1,1,0,0,1,1,1,1,0,0,1,0,0,0,0,0,1,1,0,1,0.586480
1,1,0,1,1,0,0,1,0,0,0,1,1,0,1,1,0,0,1,1,1,0,1,1,0,1,0,1,1,0,0,1,0.589444
0,1,0,0,0,1,0,1,1,1,0,1,1,1,1,1,0,1,0,0,1,1,0,0,0,0,1,1,1,0,0,0,0.601402
0,0,1,1,1,1,1,1,1,0,0,0,0,0,1,0,1,0,0,0,0,0,0,1,0,1,0,1,1,0,1,1,0.597458
1,0,1,1,0,1,1,0,1,0,1,1,0,1,0,1,0,1,1,0,0,0,0,1,0,1,0,0,1,1,0,1,0.602557
1,0,0,0,0,1,0,1,1,0,0,1,0,0,1,1,0,1,1,0,0,1,0,1,1,0,1,1,1,1,1,1,0.568920
0,1,1,1,1,1,1,0,0,1,1,0,1,1,1,0,1,1,1,0,0,0,1,0,1,0,1,1,1,1,0,0,0.604919
1,0,1,0,0,0,0,1,0,1,0,0,0,0,0,0,1,1,0,1,0,1,0,0,0,0,0,0,0,0,1,0,0.599819
0,0,1,0,1,1,0,0,1,1,0,1,1,0,1,0,0,1,1,1,1,1,1,1,1,1,1,1,0,1,1,1,0.597860
0,0,1,1,1,0,0,1,1,0,0,1,1,1,0,0,1,1,0,1,1,0,0,0,1,1,1,0,0,0,1,0,0.602758
1,0,1,1,0,1,1,1,0,1,0,0,1,0,1,0,0,0,0,0,1,1,1,1,0,0,1,1,1,0,0,1,0.577486
0,1,0,1,1,1,1,1,1,1,1,1,0,0,1,1,0,0,1,0,0,0,1,0,1,0,1,1,0,1,0,1,0.595674
0,0,0,0,0,0,0,1,1,1,1,1,1,0,0,1,1,0,0,0,0,0,1,0,0,1,0,0,1,1,0,1,0.618685
0,1,1,1,1,0,0,1,1,1,0,1,0,1,1,0,0,0,0,1,1,1,0,0,1,0,1,1,1,0,1,1,0.599995
0,0,1,1,1,1,1,1,1,1,1,1,1,1,0,1,1,1,0,1,1,0,0,1,0,0,1,1,0,1,1,0,0.598764
0,1,0,0,0,1,0,0,1,1,0,1,1,0,0,0,0,0,1,0,1,0,1,1,1,1,0,1,0,0,1,1,0.602532
1,0,1,1,0,0,1,1,1,0,1,1,0,0,0,0,0,0,0,1,0,0,1,0,0,0,1,1,1,1,0,1,0.603311
1,0,0,1,0,1,0,0,1,0,1,1,0,1,0,0,0,1,0,1,0,1,0,0,1,1,0,0,0,0,1,0,0.599819
1,0,0,1,0,1,1,0,0,0,1,1,1,0,1,0,1,0,1,1,0,1,1,0,1,1,0,0,1,0,0,1,0.601151
0,0,0,1,0,1,1,0,0,1,0,0,0,1,0,1,1,1,1,0,1,1,0,0,1,0,0,0,1,1,1,0,0.586907
1,0,0,0,0,1,1,1,1,1,1,0,0,1,0,0,1,1,1,1,1,1,1,1,0,1,0,1,1,0,0,1,0.594393
0,1,0,1,0,1,1,1,1,0,0,0,0,0,1,1,0,1,1,0,0,1,0,1,0,0,1,0,1,1,0,1,0.589394
1,1,0,0,0,0,0,1,0,1,1,0,1,1,1,1,0,1,0,0,0,1,1,1,1,1,1,0,1,0,1,0,0.592861
1,1,1,0,1,1,0,1,0,0,0,1,0,1,0,1,0,0,1,0,0,0,0,0,1,1,0,0,1,1,0,0,0.602809
1,0,1,0,1,1,1,0,1,1,0,1,1,1,0,1,0,1,0,0,0,0,1,1,1,1,0,0,1,1,1,1,0.579823
1,1,0,1,1,0,1,0,1,1,0,0,1,1,1,1,0,1,0,1,1,1,0,0,1,0,0,1,1,1,1,0,0.595348
0,0,1,0,1,0,1,0,1,0,1,0,1,0,1,0,1,0,0,0,0,1,1,0,0,1,1,0,1,0,0,1,0.598287
1,0,0,1,0,0,0,1,1,1,0,1,1,0,0,1,0,1,1,1,0,0,1,1,0,0,0,0,1,0,0,0,0.603110
1,1,1,0,1,0,1,0,1,0,0,1,1,1,0,0,1,1,0,1,0,1,0,1,0,0,0,1,0,0,0,0,0.594644
1,1,0,0,1,0,1,1,0,0,0,0,1,0,0,0,1,0,0,1,0,1,1,1,1,1,1,0,0,1,1,0,0.598362
0,0,1,0,1,1,1,1,0,1,0,1,0,1,0,1,1,0,0,0,1,1,1,0,0,0,0,0,1,1,1,0,0.563619
0,0,1,0,1,0,0,0,1,1,1,1,0,1,1,1,0,0,1,1,1,0,0,1,1,0,1,0,1,1,1,1,0.570277
0,1,0,1,0,0,0,0,0,1,0,0,0,0,0,1,1,1,1,0,1,0,1,1,0,0,1,0,0,0,1,1,0.598086
1,0,1,1,0,0,1,0,0,0,1,0,1,1,0,1,1,1,1,1,1,1,1,0,0,1,0,0,1,0,0,1,0.599543
0,0,1,0,1,0,0,0,0,0,0,1,1,1,0,1,1,1,1,0,0,1,0,1,1,1,0,0,0,1,1,0,0.599141
0,0,0,1,0,0,0,1,1,1,0,0,0,1,1,1,0,0,0,0,0,1,0,0,1,0,0,0,1,1,0,0,0.599342
1,1,0,0,1,0,1,1,0,1,0,0,0,1,0,1,1,1,1,0,0,0,1,0,0,0,0,0,0,1,1,1,0.598337
0,1,0,0,1,0,0,0,1,1,0,1,1,1,1,0,0,1,0,1,0,0,1,0,1,1,0,0,0,0,0,1,0.601527
0,0,0,0,0,1,1,0,1,1,0,0,0,1,1,1,0,0,0,0,0,0,1,0,1,0,0,1,1,1,1,0,0.609340
1,1,1,0,0,1,1,0,1,0,0,0,0,0,0,1,1,1,0,0,1,1,0,0,1,1,1,1,0,0,1,0,0.599719
0,0,1,0,0,1,0,1,1,1,1,0,0,0,0,1,0,1,0,1,0,1,0,0,1,0,0,0,0,0,0,1,0.596905
1,0,0,1,1,1,1,1,1,1,1,0,1,0,0,0,1,0,0,1,0,0,0,0,0,0,0,0,0,0,0,0,0.589494
1,0,1,1,1,0,0,1,0,1,0,1,1,1,0,0,0,1,0,0,1,1,0,0,0,1,1,0,1,1,0,0,0.601904
1,0,0,1,1,1,1,0,1,0,0,1,0,1,0,1,1,0,0,0,0,1,1,1,0,1,1,0,0,1,1,1,0.575376
0,1,0,1,1,1,0,0,1,0,1,0,1,0,1,0,1,1,0,0,0,1,1,0,0,1,1,1,0,1,1,1,0.596880
0,0,1,1,0,1,0,0,0,1,0,1,0,0,0,0,0,0,1,1,1,0,0,1,0,0,1,0,0,0,0,0,0.580627
1,1,1,1,1,0,0,1,1,1,0,0,0,1,1,1,0,0,1,1,1,1,1,1,0,1,0,1,1,1,1,1,0.518828
0,0,1,0,1,1,0,0,1,1,1,1,0,1,1,1,1,0,0,0,1,1,0,0,0,1,0,1,1,1,0,1,0.602030
0,1,0,1,1,1,0,1,0,1,0,0,1,0,1,1,0,0,1,0,0,1,0,0,0,1,0,0,1,0,0,1,0.595021
1,1,1,1,0,1,0,1,0,1,1,0,0,0,1,0,0,0,0,1,0,0,0,1,1,1,0,0,0,1,0,1,0.602557
1,1,0,1,1,0,1,1,1,1,0,1,1,0,1,1,1,1,1,0,0,0,1,1,0,0,0,1,1,0,0,1,0.596553
1,1,0,0,0,0,0,0,1,0,0,0,1,0,1,0,0,1,1,0,1,1,1,0,0,1,1,0,0,0,0,1,0.601477
1,1,1,0,1,0,1,1,0,1,0,1,0,1,0,0,0,1,1,1,1,1,0,1,0,0,0,0,1,1,0,1,0.590775
0,1,1,1,1,0,0,1,0,1,0,0,1,0,1,1,0,0,0,1,1,0,0,0,1,1,0,1,1,1,1,0,0.598488
0,0,1,1,0,1,0,1,0,0,1,1,1,1,1,1,1,0,0,0,1,0,1,0,0,0,1,1,1,1,1,0,0.586932
0,0,1,1,0,0,1,1,0,1,1,1,1,0,1,1,1,1,0,1,1,1,1,1,1,0,1,1,1,1,0,0,0.606828
1,1,0,0,0,0,1,1,0,0,1,1,1,0,1,1,1,1,1,0,1,1,1,1,0,0,1,1,1,0,0,0,0.600045
1,1,0,1,1,1,0,1,0,0,1,1,0,1,1,0,1,1,1,0,1,1,1,1,0,1,0,0,0,1,1,0,0.581556
0,1,1,1,0,0,0,1,0,1,0,1,1,0,1,0,1,1,0,0,1,0,1,0,0,1,0,0,0,1,1,1,0.601427
0,0,1,0,0,1,1,0,1,0,0,1,0,1,1,1,0,0,1,1,0,0,0,1,0,1,1,0,1,1,1,1,0.582209
0,1,1,1,1,0,1,1,1,0,0,1,1,1,1,1,1,1,1,1,0,1,1,1,0,1,0,0,0,0,0,0,0.603939
1,1,1,1,1,1,1,0,1,0,0,1,1,1,1,1,0,1,1,1,0,0,1,0,1,1,0,1,0,0,1,1,0.594217
1,0,1,0,1,0,0,1,1,1,0,0,0,0,1,0,1,1,1,0,1,1,0,0,0,1,1,1,0,1,0,0,0.602557
0,1,0,1,1,0,0,0,0,0,0,1,0,0,0,1,0,1,0,0,0,1,1,0,1,0,1,0,1,0,0,0,0.590750
0,1,0,0,1,0,0,1,1,0,1,0,0,1,0,0,0,0,1,1,1,1,0,0,0,0,0,0,0,1,1,0,0.591253
1,1,0,0,0,1,1,0,1,1,1,0,1,1,1,1,0,0,1,0,1,0,0,0,1,1,1,1,0,0,0,0,0.605597
0,0,0,1,1,1,0,1,0,1,1,0,0,1,0,1,0,1,1,1,1,0,1,0,0,1,1,0,0,1,1,1,0.580375
0,0,1,1,1,1,0,0,1,0,1,0,1,1,0,0,1,0,0,0,1,0,1,0,0,1,1,0,1,1,1,1,0.599618
0,0,0,0,0,0,1,0,0,0,0,1,1,1,0,0,1,1,0,0,1,0,1,0,1,0,0,0,0,1,1,0,0.604165
0,0,1,0,1,1,0,1,0,1,0,1,1,0,1,0,1,1,0,1,0,1,0,0,1,0,1,1,1,0,0,1,0.603562
0,0,1,0,0,1,0,0,1,1,1,0,1,0,1,0,1,1,0,1,1,0,0,1,0,1,1,0,1,0,1,1,0.600899
0,0,1,0,1,0,1,0,0,0,0,0,1,0,0,0,1,0,0,0,1,1,1,1,0,1,1,1,1,0,0,1,0.599945
1,1,1,0,1,0,1,1,1,1,0,1,0,0,1,1,1,0,1,0,1,0,1,0,0,0,1,0,0,1,1,1,0.581857
0,1,0,0,0,0,0,0,0,0,0,1,0,0,0,1,0,1,1,1,1,1,0,0,0,1,0,0,1,1,1,0,0.599266
1,1,0,0,0,1,1,0,1,0,1,1,1,1,1,1,0,0,1,0,0,1,1,0,1,1,1,1,0,0,0,0,0.602884
0,0,0,0,1,0,0,0,0,0,1,1,0,1,1,1,1,1,0,0,1,0,0,0,1,0,0,1,1,0,0,1,0.600271
1,0,0,0,1,1,0,1,1,1,1,1,0,1,1,1,0,1,0,1,0,1,0,0,0,0,0,0,1,1,0,1,0.598287
1,1,1,0,0,1,1,1,0,1,1,1,0,0,1,0,1,0,1,0,1,1,0,1,0,0,0,0,0,1,1,1,0.591805
1,0,0,1,0,1,0,0,1,0,0,0,1,0,0,1,1,1,1,0,0,1,0,1,0,0,1,0,0,1,1,0,0.599794
0,0,0,1,1,1,0,1,1,1,0,0,0,0,1,1,1,0,1,1,0,0,1,1,0,1,1,1,0,1,1,0,0.598412
0,0,1,1,1,0,1,0,0,1,1,1,1,0,1,1,1,0,0,1,1,1,1,0,1,1,1,1,1,0,0,1,0.590575
1,0,1,0,0,1,0,0,0,1,1,1,1,0,0,0,0,1,0,1,0,1,0,0,0,0,0,1,0,1,0,1,0.599970
0,1,0,1,1,0,0,0,0,0,1,1,0,0,0,1,0,0,1,1,1,0,1,1,0,0,1,1,1,0,1,1,0.597784
0,1,0,1,0,1,1,0,0,1,0,0,1,0,0,0,0,0,1,1,0,1,0,1,0,1,1,0,0,1,0,1,0.596980
1,1,0,0,0,1,0,1,1,0,1,1,1,1,0,0,0,0,0,1,1,1,1,1,1,1,1,0,1,1,0,0,0.605220
0,1,1,0,1,0,0,0,1,0,0,1,1,1,0,1,0,1,0,1,0,1,1,1,1,0,0,1,0,1,1,0,0.601000
0,1,0,0,0,1,1,1,1,1,0,1,1,1,1,0,1,1,1,0,0,1,0,0,1,1,0,0,1,1,0,1,0.603286
0,1,0,0,0,0,0,1,1,1,0,1,0,1,1,0,0,0,1,1,0,0,0,0,1,1,0,0,1,1,0,0,0.607481
1,0,0,1,1,0,0,0,0,0,1,1,0,1,1,0,1,1,1,1,1,1,1,0,1,1,1,1,1,0,1,0,0.603638
0,0,1,0,0,0,1,1,1,1,1,1,0,1,0,0,0,0,1,1,1,0,1,0,0,0,0,0,1,0,0,0,0.602105
0,1,0,1,1,0,1,1,0,0,0,1,1,1,1,1,1,0,1,1,1,0,1,1,0,0,0,1,1,0,1,0,0.595699
0,1,0,1,0,0,1,1,1,1,0,1,1,1,0,1,0,1,0,0,1,1,0,0,1,1,0,1,1,0,0,1,0.605672
0,1,1,1,1,1,1,1,1,0,1,0,1,1,1,1,0,0,1,1,0,1,1,0,0,1,0,1,1,1,1,0,0.592810
0,1,1,1,0,0,1,1,1,0,1,1,1,1,1,1,0,0,0,1,0,1,0,1,1,1,0,1,0,1,0,1,0.597483
1,0,0,0,0,0,0,0,1,0,0,0,1,1,1,0,1,0,1,1,0,0,1,0,1,1,0,1,1,0,1,1,0.598463
1,1,1,0,0,1,1,1,1,0,0,1,1,1,0,1,0,0,1,0,1,0,1,0,1,0,0,1,0,1,0,0,0.597885
1,0,0,1,0,1,1,0,1,0,1,0,1,1,1,0,0,1,0,1,0,0,0,0,1,1,0,0,1,1,1,0,0.603261
1,1,1,1,1,1,1,1,1,1,1,1,0,0,0,1,0,1,1,1,1,0,1,1,1,0,0,1,0,0,0,1,0.591805
0,1,0,0,0,1,0,0,0,1,0,0,0,0,0,1,1,1,0,1,0,1,1,0,1,0,0,0,1,0,1,0,0.592082
1,1,1,0,1,1,1,1,0,1,0,0,0,1,1,0,0,0,1,0,0,0,0,1,0,0,0,1,1,1,1,0,0.593564
1,0,1,1,1,1,0,0,1,1,0,0,1,0,1,1,1,0,1,0,0,0,1,1,1,0,0,1,0,0,1,1,0.595322
1,1,0,1,1,0,1,1,1,0,0,1,0,0,1,1,0,0,1,1,0,1,0,0,1,0,1,1,1,0,0,0,0.602080
0,0,1,1,0,1,0,1,1,1,0,1,0,1,0,0,0,1,0,0,1,1,0,1,0,0,1,1,0,1,0,0,0.598312
1,0,0,0,0,0,0,1,1,1,0,1,0,1,1,0,1,1,0,0,1,1,0,1,1,0,1,0,1,1,0,0,0.605974
1,0,1,1,1,0,1,1,1,0,0,0,1,0,0,1,1,0,0,0,1,1,1,1,0,0,1,1,1,0,1,0,0.584194
0,1,0,0,1,1,1,0,1,1,1,0,0,0,0,1,1,1,0,0,1,1,0,1,1,1,1,1,0,0,0,0,0.602909
0,0,0,0,1,0,0,0,0,1,1,0,0,1,0,0,1,1,0,0,0,1,0,0,1,0,1,0,1,0,0,1,0.600497
0,0,1,1,1,0,0,0,0,0,1,1,0,0,1,1,0,1,0,0,1,1,1,0,1,0,1,0,1,1,0,0,0.602407
0,0,0,1,0,1,1,0,1,0,1,0,0,0,0,0,0,1,0,1,0,1,1,0,1,0,1,0,0,0,0,1,0.599015
1,1,1,1,0,1,0,1,1,0,1,1,1,1,1,0,1,0,1,0,0,1,0,0,0,1,1,0,0,0,0,0,0.603060
0,1,0,1,1,0,1,1,0,1,0,1,1,1,1,0,0,1,1,0,0,0,0,1,1,0,1,0,0,0,1,0,0.601829
0,1,0,0,1,1,1,0,1,0,0,1,1,1,1,0,0,0,0,1,1,0,1,0,0,1,0,0,1,0,0,1,0.591052
0,1,1,0,0,0,1,1,1,1,1,1,0,0,0,0,0,0,1,1,0,1,1,1,1,1,1,0,1,1,1,1,0.601678
1,0,0,0,0,0,1,1,1,1,1,1,1,1,1,0,1,0,1,1,1,1,1,1,1,0,0,1,1,1,0,0,0.608486
1,0,0,0,1,1,0,1,1,1,0,1,1,0,1,0,0,0,0,1,1,1,0,1,0,1,1,1,1,0,1,1,0.597031
1,1,1,1,0,1,0,0,1,1,1,0,0,1,1,0,0,0,0,0,1,1,0,1,1,1,0,1,0,0,1,0,0.599568
1,0,0,0,0,1,0,0,0,1,1,1,0,0,1,1,1,1,1,1,0,1,0,0,1,1,0,0,0,1,1,1,0.604492
0,1,1,1,0,1,0,0,0,1,1,1,0,0,1,0,0,0,1,1,1,0,0,1,0,0,1,1,1,1,1,0,0.600774
0,1,1,0,0,1,1,0,1,0,0,1,0,0,0,1,1,1,1,0,0,0,0,0,0,1,0,1,0,0,1,1,0.600723
1,0,1,1,0,1,0,0,1,1,1,1,1,0,0,0,0,1,0,0,1,0,1,1,1,1,0,1,0,0,0,0,0.605672
0,1,1,0,0,1,1,1,0,0,0,1,0,0,1,1,1,1,1,1,0,1,0,1,1,1,0,0,0,0,1,0,0.606878
0,1,0,0,1,1,0,0,1,0,0,1,0,1,0,0,0,0,1,0,0,1,0,1,1,0,0,0,1,0,1,1,0.597634
1,0,1,0,1,1,0,1,1,1,0,1,0,0,0,1,0,0,1,0,1,0,0,0,0,1,1,0,0,0,0,1,0.601653
0,0,0,0,0,0,1,1,0,0,0,1,0,1,0,0,1,0,0,0,1,0,0,0,1,0,0,0,1,0,0,1,0.593288
1,0,0,1,1,0,0,0,1,1,1,0,1,1,0,1,1,0,1,1,0,1,1,0,1,0,1,1,1,0,0,0,0.602959
1,1,0,1,1,0,0,1,0,0,0,1,0,0,0,1,0,1,0,0,1,0,1,1,1,1,1,1,1,1,0,1,0.596177
1,1,1,1,0,0,1,0,0,0,0,0,0,0,1,1,0,1,0,1,0,1,0,0,1,0,0,1,0,1,1,0,0.600799
1,1,1,1,0,1,1,1,1,1,1,1,1,0,0,0,1,0,1,0,1,0,0,1,0,1,0,0,1,1,1,0,0.596503
0,1,0,1,0,1,0,1,1,0,1,1,1,0,0,0,0,1,0,1,1,0,1,0,0,1,1,1,0,1,1,1,0.599417
0,0,0,0,0,0,0,1,1,1,1,0,0,0,0,0,1,1,0,1,1,0,1,1,0,0,1,1,1,0,1,0,0.609189
0,1,0,0,1,1,1,1,1,1,1,0,0,1,0,0,0,1,1,1,1,1,0,1,1,1,1,0,0,0,0,0,0.603085
0,1,1,0,1,0,1,0,1,0,0,1,0,0,1,0,0,1,0,0,0,1,0,0,0,0,0,1,0,0,1,0,0.598262
0,1,1,1,0,1,1,0,0,1,0,1,0,0,0,0,1,0,1,1,1,0,1,1,0,1,0,0,0,0,1,1,0.602281
0,0,0,0,1,1,1,1,1,1,0,0,1,1,0,1,1,1,1,1,0,0,0,0,1,1,0,1,1,1,0,1,0.595523
0,0,1,0,1,0,0,1,1,1,1,1,1,1,0,1,0,1,1,1,1,1,0,1,1,1,1,1,1,0,0,1,0.594720
0,0,1,1,0,1,0,0,1,1,0,1,1,1,1,1,0,1,0,0,1,1,0,1,1,1,1,1,1,0,0,1,0.598437
1,1,1,1,1,1,1,0,0,0,1,1,0,0,0,1,1,0,0,1,1,1,0,0,0,1,1,0,0,0,1,1,0.604140
1,1,1,0,0,0,0,0,0,0,0,1,1,0,0,0,1,1,1,1,1,0,1,0,1,0,1,0,0,0,0,1,0.602432
0,1,1,0,1,0,0,0,0,0,1,1,0,1,1,0,0,0,0,0,1,0,0,0,1,0,1,0,1,0,1,1,0.597860
0,0,1,1,0,1,0,1,1,1,0,1,0,0,1,0,0,1,1,1,1,1,0,1,0,0,0,0,0,1,0,1,0.597332
0,1,1,1,1,0,0,0,0,0,1,0,1,0,0,1,0,0,1,0,0,1,1,1,1,0,1,0,1,0,0,1,0.599116
1,1,1,1,0,0,0,0,0,0,0,1,1,0,1,1,1,1,1,1,1,1,1,1,0,0,0,0,0,1,1,1,0.578667
0,0,1,0,0,1,0,0,0,0,1,1,1,0,0,0,0,0,1,0,0,0,1,0,1,0,0,1,0,1,1,0,0.580124
0,1,1,1,0,1,0,0,0,1,0,0,0,0,0,1,0,0,1,1,0,1,1,0,1,0,0,1,1,1,0,1,0.600523
1,0,0,1,0,1,1,1,1,1,1,1,0,1,0,1,0,1,1,0,0,1,1,1,0,0,0,0,1,1,0,1,0.592710
0,1,1,0,0,1,0,0,0,1,1,1,1,0,0,1,0,0,1,1,1,0,1,1,0,1,0,0,0,0,0,1,0.598136
0,1,1,1,0,1,1,0,1,0,0,1,0,0,0,1,1,1,1,0,1,1,0,0,1,0,0,1,1,1,1,0,0.605873
0,0,1,0,1,1,0,0,1,0,0,0,1,0,0,0,0,1,0,1,0,1,1,0,0,1,0,0,1,1,1,0,0.591027
1,0,0,0,1,0,0,1,0,1,1,1,0,1,1,0,1,1,1,0,1,1,0,0,0,1,1,1,1,1,0,0,0.604090
1,1,0,0,0,0,0,0,1,0,1,1,1,0,0,1,0,1,0,0,0,1,0,0,1,0,1,0,1,1,0,0,0.602633
0,1,0,1,0,0,1,1,0,0,1,0,1,0,0,0,1,1,1,1,0,1,1,0,0,1,0,0,1,1,0,1,0.604341
1,1,1,0,0,1,1,0,1,1,0,0,1,0,0,0,0,1,1,0,1,1,0,1,0,0,0,0,0,0,0,1,0.601075
0,1,0,1,0,1,1,0,1,0,0,0,0,1,0,1,0,1,1,0,1,0,0,1,0,1,0,1,1,0,1,0,0.597608
1,0,1,0,0,1,0,0,1,1,0,1,0,0,1,1,1,1,0,0,0,0,1,0,1,0,1,0,0,1,1,0,0.600975
0,0,0,1,1,0,1,0,1,0,0,0,0,0,1,1,0,1,1,0,0,0,1,1,1,0,1,1,1,1,1,1,0.581908
0,1,1,1,0,1,0,1,0,1,1,0,1,1,1,1,0,0,1,1,0,1,0,0,1,1,0,1,0,1,1,1,0.585902
0,0,0,0,1,1,0,1,1,1,1,0,0,0,1,0,1,1,0,0,0,1,0,0,1,0,0,1,1,1,0,0,0.603160
1,0,1,1,0,0,1,0,0,1,0,1,1,0,1,0,1,0,0,0,0,0,0,0,1,0,1,0,1,1,1,0,0.603185
0,1,1,0,1,0,0,1,1,0,1,1,1,0,1,0,0,0,1,0,1,0,0,1,1,1,1,1,1,1,1,0,0.600849
1,0,1,0,1,1,0,1,1,1,0,1,0,0,1,1,0,0,1,0,0,1,0,1,1,0,0,0,0,1,1,0,0.596453
1,1,1,0,1,0,1,1,1,0,1,1,0,1,1,1,0,0,1,0,0,0,1,1,1,0,1,1,0,1,1,1,0.558846
1,0,1,0,0,1,1,0,1,1,0,0,0,1,0,1,0,0,0,0,1,1,0,0,0,0,0,0,0,0,0,1,0.593438
1,0,1,1,1,0,1,1,0,1,0,1,0,0,0,1,1,0,1,1,0,0,1,0,1,1,0,0,0,0,0,0,0.604316
0,0,1,0,0,0,0,1,0,0,0,0,0,1,1,0,0,1,1,1,0,0,0,0,0,0,0,1,1,1,0,0,0.577511
0,1,0,1,1,0,1,1,0,0,0,1,0,0,1,0,0,0,1,1,0,0,0,1,0,0,0,1,1,0,1,0,0.596227
1,0,0,0,1,0,0,0,0,1,1,1,1,0,0,0,0,1,0,1,0,0,1,0,0,1,0,1,1,0,0,1,0.602633
0,0,1,0,1,1,1,1,1,0,0,1,1,1,0,0,0,1,1,0,0,1,0,1,0,1,0,1,1,1,1,0,0.598236
0,1,0,0,0,0,1,1,1,1,1,1,1,0,0,1,0,1,1,0,1,0,1,1,1,0,1,1,1,1,0,1,0.601251
0,0,0,0,0,0,1,1,1,0,0,0,0,1,1,0,0,1,1,1,0,1,1,0,0,1,1,0,1,0,1,0,0.601100
1,0,1,0,1,1,0,1,0,0,1,1,1,1,0,0,0,0,1,0,0,0,0,1,1,0,0,1,1,0,0,1,0.602356
0,1,0,0,1,1,0,0,1,0,1,0,0,0,1,1,1,0,1,0,0,0,1,0,0,0,1,0,1,0,1,0,0.597357
1,0,1,0,0,0,1,0,0,0,0,0,0,1,1,0,0,1,0,1,0,0,0,1,0,1,1,1,0,1,1,1,0.599568
1,0,0,1,0,1,1,1,1,1,1,0,1,0,0,1,0,0,0,0,1,0,1,0,0,1,0,0,1,0,1,1,0.586630
1,0,0,1,1,0,0,1,0,0,1,0,0,1,1,1,1,0,1,1,0,1,0,1,0,0,1,1,0,0,1,0,0.602432
1,0,0,0,0,0,0,1,0,1,0,1,1,0,0,0,1,0,0,0,0,1,1,1,0,1,1,0,1,1,0,1,0.605270
1,0,0,1,1,1,1,0,0,0,0,1,0,1,0,0,0,1,1,1,1,1,1,1,1,1,1,1,1,0,1,1,0.586630
0,0,1,0,0,0,1,1,1,0,0,0,1,1,1,1,1,0,1,0,0,0,0,0,0,0,1,0,1,1,0,1,0.576632
0,0,1,0,0,1,0,0,1,0,1,1,1,0,1,0,1,0,1,1,1,0,1,0,1,0,1,1,1,0,0,0,0.605697
0,0,0,0,0,0,1,0,1,0,0,1,0,0,1,1,1,0,1,0,1,1,0,1,1,0,0,1,0,0,0,1,0.605898
1,0,0,1,0,1,1,1,0,0,0,0,0,1,0,1,1,1,1,0,1,0,1,1,0,0,0,1,0,1,0,0,0.595147
0,1,1,1,0,0,1,0,0,1,1,0,1,0,0,1,0,1,0,1,0,0,0,1,1,1,0,0,1,0,1,0,0.601301
0,1,0,0,1,0,0,0,1,0,1,1,0,1,0,0,0,0,1,1,0,0,0,1,1,1,0,0,1,0,0,0,0.605069
1,0,1,1,0,1,1,1,0,1,0,0,1,1,1,0,1,1,0,1,0,0,1,0,1,1,1,0,0,1,1,0,0.598287
1,1,1,0,0,1,1,0,1,1,1,1,1,1,1,1,1,0,1,0,0,1,0,0,0,1,1,1,1,1,0,1,0.592584
1,1,0,1,0,1,0,1,1,1,0,1,1,0,1,0,0,0,1,1,1,1,0,0,0,1,0,1,0,1,0,0,0.600322
1,0,1,0,0,1,1,0,0,1,0,1,0,0,0,0,1,1,0,1,0,0,1,0,1,1,1,1,1,0,0,1,0.603864
1,1,1,0,1,0,1,1,0,1,0,1,1,1,1,1,0,0,0,0,1,1,1,0,1,0,1,0,1,1,1,1,0.530409
0,0,0,1,1,1,0,0,0,1,0,1,1,0,1,1,0,0,0,0,0,0,0,1,0,1,1,1,0,0,1,0,0.575225
0,1,1,1,1,1,0,1,0,1,1,1,1,0,0,1,0,0,0,1,1,1,0,1,1,0,1,1,0,0,0,0,0.601452
1,0,1,1,1,1,1,1,1,0,0,1,0,1,1,1,1,1,1,0,0,1,0,1,0,1,0,0,1,1,0,1,0.589570
1,0,1,1,1,1,1,0,1,0,0,0,1,1,1,0,1,1,0,1,0,0,0,0,0,1,0,1,1,1,1,0,0.598463
0,1,0,1,0,0,1,1,0,0,1,0,1,1,0,1,0,0,1,0,0,1,1,1,1,0,1,1,1,1,0,0,0.609390
0,1,1,1,1,1,0,1,0,1,1,0,1,0,0,1,1,0,0,0,1,0,0,0,0,0,0,1,0,1,0,0,0.601075
1,1,1,1,0,0,1,0,0,1,0,0,1,0,1,1,1,1,1,0,1,1,1,0,0,1,1,1,1,1,1,1,0.589243
1,1,0,1,0,0,1,1,1,0,1,0,1,0,1,1,1,0,0,1,0,1,0,0,1,1,1,0,1,0,0,0,0.596151
0,1,0,0,1,1,1,0,0,1,0,0,1,0,0,0,1,1,1,1,0,0,1,0,1,0,1,0,0,0,1,1,0.601402
0,0,1,0,1,0,0,1,1,1,1,1,0,1,0,1,0,1,0,0,1,0,1,0,0,1,1,0,1,0,0,1,0.602482
1,1,1,0,1,1,0,0,1,1,0,0,0,0,1,1,0,0,1,1,1,0,1,0,1,1,0,1,1,1,1,1,0.586455
1,0,0,0,0,1,0,1,1,0,1,1,1,0,1,0,0,1,0,0,0,1,0,1,1,1,1,1,0,0,1,0,0.605949
1,1,0,1,0,0,1,0,0,0,1,0,0,1,0,0,0,1,1,0,1,0,1,1,0,0,0,1,0,1,0,1,0.599216
1,1,0,1,0,1,0,0,0,0,0,1,0,1,0,1,0,1,1,0,0,0,0,0,0,1,0,0,1,1,1,1,0.594242
1,0,0,0,1,1,1,0,1,0,0,0,0,0,1,1,0,1,1,1,1,1,1,0,1,1,1,0,0,0,0,1,0.605572
0,0,0,1,1,1,0,1,0,1,1,1,1,0,1,1,1,1,0,1,0,1,1,0,0,1,1,1,0,0,1,0,0.595724
0,0,0,0,1,1,0,1,0,1,0,0,0,1,0,1,0,0,1,0,0,0,1,0,1,0,1,0,1,1,0,1,0.565654
0,0,0,1,1,1,0,1,0,0,0,1,0,0,1,1,0,0,0,1,1,0,0,1,0,1,1,0,0,0,1,0,0.571030
0,0,0,0,1,0,0,0,1,0,1,1,0,1,1,1,1,0,0,1,0,0,1,0,1,0,1,1,0,1,0,1,0.604542
0,0,0,0,1,1,0,0,0,1,1,0,0,0,1,0,1,1,1,0,0,1,1,1,0,0,1,1,1,1,0,0,0.605497
0,0,1,1,0,1,0,1,0,1,0,0,1,1,0,0,0,0,0,1,0,0,0,0,0,1,0,1,1,0,1,0,0.589293
1,1,0,1,1,0,1,0,1,1,1,1,0,0,1,0,0,0,0,0,1,1,0,0,0,1,0,1,1,0,0,1,0.604969
1,1,0,1,1,0,1,1,0,1,1,0,1,1,1,1,1,1,1,0,0,1,0,1,1,1,1,1,0,0,1,1,0.581556
1,0,0,0,0,1,1,0,0,1,0,1,1,0,0,0,1,0,1,0,0,1,0,1,1,1,1,0,0,1,0,0,0.609315
0,0,1,0,1,1,0,1,0,0,0,1,1,0,0,1,0,0,1,1,0,0,1,0,0,0,1,1,1,0,1,0,0.571256
0,0,1,0,1,0,1,1,0,1,1,1,0,0,1,0,1,1,1,1,1,1,1,0,1,1,0,1,0,0,1,1,0.601502
1,0,0,1,1,0,1,1,1,1,0,0,0,1,1,0,0,0,1,0,1,0,0,0,1,0,0,0,1,1,1,1,0.593715
0,1,0,1,0,0,0,1,0,0,0,0,1,0,0,0,0,0,1,1,0,1,1,0,0,0,0,0,0,1,0,1,0.574020
1,1,0,0,0,1,0,0,1,1,0,0,0,0,1,1,1,0,0,1,0,0,0,0,1,0,1,0,1,0,0,1,0.600497
1,0,1,1,1,1,1,1,0,0,1,0,0,0,0,1,1,1,1,0,0,1,0,0,1,0,1,1,1,0,0,1,0.605748
1,0,0,0,1,0,0,0,1,1,0,1,1,0,0,1,1,0,1,0,0,1,0,1,0,1,1,0,1,0,1,1,0.597759
0,0,1,0,1,0,1,0,0,0,1,0,1,1,0,1,0,0,0,0,1,0,0,1,1,0,0,0,1,0,1,1,0.573567
0,1,1,1,1,0,1,1,1,0,0,0,0,0,0,1,1,0,0,0,1,0,1,1,0,1,1,1,1,0,1,0,0.595398
1,1,1,1,1,1,1,0,0,0,1,1,1,0,1,1,0,0,0,0,1,1,0,1,0,0,0,0,1,0,1,1,0.523426
0,1,0,1,0,0,0,0,0,1,0,0,1,0,1,1,1,1,1,0,1,0,1,0,1,1,0,1,1,0,1,0,0.604768
0,0,1,0,1,1,0,0,0,1,0,0,1,0,0,0,1,0,1,1,0,1,1,1,1,0,0,0,0,0,0,1,0.593489
1,0,1,0,0,1,0,1,1,1,0,0,1,1,0,0,1,1,1,0,1,0,0,1,0,0,0,0,1,1,1,1,0.587736
1,1,1,0,1,0,0,1,1,0,1,0,1,1,1,0,1,0,0,1,0,1,0,0,0,1,1,1,1,1,0,1,0.595775
0,0,0,1,1,1,0,0,0,1,0,0,1,1,1,1,0,0,0,1,1,1,1,1,0,0,1,1,0,1,0,1,0.552591
0,0,1,1,0,1,1,0,0,1,0,0,0,0,0,0,0,0,0,0,1,0,0,1,1,1,1,1,0,1,1,0,0.597985
1,1,0,0,1,0,0,1,0,0,1,0,1,1,0,0,0,0,0,1,0,0,1,1,1,0,0,1,0,1,0,0,0.590876
0,1,0,1,1,0,1,1,1,0,1,1,1,1,1,0,0,1,0,1,0,1,1,0,1,1,1,0,1,1,0,1,0.599894
0,1,0,1,1,1,1,1,0,1,0,1,1,0,0,1,0,1,0,0,1,1,0,1,1,1,0,1,0,1,0,0,0.599191
1,1,1,0,0,1,0,1,0,0,1,1,1,0,1,0,1,0,0,0,0,1,1,0,1,1,0,0,0,0,0,0,0.597709
0,0,0,0,0,0,0,1,1,0,0,1,1,1,0,0,0,0,1,0,0,0,1,0,1,1,0,0,0,0,1,0,0.601779
1,1,0,0,1,0,0,1,0,1,1,0,1,0,0,0,0,0,0,0,1,0,1,1,1,1,1,1,1,0,0,0,0.608561
0,1,1,0,1,1,1,0,1,1,0,1,1,0,0,0,1,1,0,1,1,1,0,1,1,1,0,1,0,0,0,0,0.604868
1,0,1,0,1,1,0,0,1,0,0,0,0,0,0,1,0,0,0,1,0,0,1,0,1,1,1,1,0,0,0,0,0.601954
1,0,1,1,0,0,0,1,1,0,1,1,1,1,1,0,1,1,1,1,0,1,0,1,0,1,0,1,0,1,0,0,0.599769
1,1,0,1,1,0,1,0,0,1,0,1,1,0,1,0,1,0,0,1,0,1,0,1,1,1,0,0,0,1,1,0,0.601854
0,1,0,0,0,1,1,1,1,0,1,0,0,1,0,1,0,0,1,0,1,1,0,1,1,1,0,0,0,1,1,1,0.562690
1,1,0,0,1,1,0,0,0,1,0,0,0,1,0,0,0,0,1,0,0,1,1,0,0,0,0,1,1,1,1,0,0.599417
0,1,0,0,0,1,1,0,0,1,1,0,1,1,0,1,1,0,0,1,1,0,1,0,0,1,1,0,0,0,0,0,0.596151
1,0,1,0,1,0,1,0,1,1,0,0,1,1,0,1,1,1,0,1,0,1,0,0,1,1,0,0,0,0,1,1,0.599568
0,0,1,0,0,1,0,0,0,0,1,1,0,1,0,1,1,0,1,0,0,1,1,0,1,0,0,0,0,0,0,0,0.596729
0,0,0,0,1,0,0,0,1,0,1,1,1,1,1,1,1,1,1,0,0,0,0,0,1,0,1,1,0,0,1,1,0.599593
1,0,1,1,1,0,1,1,1,0,1,1,1,1,1,0,1,0,1,1,1,1,1,1,0,1,1,1,0,0,1,0,0.597784
0,0,0,0,1,0,0,0,1,1,1,1,0,1,1,0,1,0,1,1,0,1,1,1,0,1,1,0,0,0,1,0,0.608235
0,1,0,0,0,1,1,0,0,0,0,1,1,1,0,1,0,0,0,0,0,0,1,0,0,1,1,0,1,0,1,1,0.587711
1,1,1,1,0,1,1,1,1,0,0,0,0,0,0,1,0,0,1,1,1,1,0,0,0,0,0,0,1,0,0,0,0.603286
0,1,0,0,1,1,1,0,0,0,0,0,0,0,0,1,0,1,0,1,1,0,0,1,1,1,1,0,1,1,0,1,0.584445
0,1,1,1,1,1,1,0,1,0,0,1,1,0,1,0,0,1,0,0,0,0,0,1,0,1,0,0,0,1,1,1,0.601377
1,1,0,0,1,0,0,0,0,0,0,0,0,0,0,0,0,0,0,0,0,1,1,0,0,1,1,1,0,1,0,1,0.597784
0,0,1,1,1,1,1,0,1,0,1,0,0,0,0,1,0,1,1,1,0,0,0,0,0,0,0,0,1,0,0,0,0.596478
0,0,1,1,1,0,0,0,0,1,1,1,1,0,0,0,0,1,0,1,0,0,0,1,0,0,1,0,1,1,1,1,0.598764
0,1,0,1,1,1,1,0,0,1,1,0,0,0,0,0,0,1,0,1,0,1,1,1,0,0,0,0,0,0,0,1,0.600799
1,0,1,0,0,1,1,1,1,0,1,1,1,1,1,0,0,1,1,1,0,1,1,0,1,0,0,1,1,0,0,0,0.603638
1,1,1,0,0,1,0,1,0,0,1,1,1,1,1,0,0,0,0,0,1,1,0,0,1,0,1,0,1,0,1,0,0.591404
0,0,1,0,1,0,0,0,0,1,1,1,0,0,0,0,0,1,0,0,0,1,0,0,1,0,0,0,1,0,1,1,0.581280
1,0,0,0,0,0,1,0,1,0,1,1,1,0,0,0,0,1,1,0,1,1,1,0,0,0,0,1,1,1,0,0,0.601954
1,0,1,1,1,1,1,1,0,0,1,1,1,1,1,0,1,0,0,0,0,1,1,0,0,0,1,1,0,1,1,1,0.600723
1,1,0,0,0,1,1,1,1,0,1,1,1,1,0,0,0,0,0,0,1,1,0,1,1,1,0,1,0,0,0,0,0.605245
1,0,0,0,1,1,1,0,0,0,1,1,0,0,1,0,0,1,0,1,1,0,1,1,1,1,1,0,1,1,1,1,0.605019
0,0,0,0,1,1,1,0,1,1,0,0,0,0,1,1,1,1,0,1,0,1,1,0,1,1,0,1,0,0,1,1,0.593212
1,0,0,0,0,1,1,0,1,0,0,0,0,0,1,1,1,1,0,1,0,0,0,0,0,1,1,0,1,1,1,0,0.604617
0,0,0,1,0,1,0,0,0,1,1,0,1,0,0,1,1,0,0,0,1,0,1,1,1,0,0,1,1,0,0,1,0.597684
0,1,0,1,1,0,0,1,1,0,1,1,1,0,1,0,0,0,1,1,1,1,0,1,1,0,0,0,0,1,1,1,0.597910
1,1,1,0,0,0,0,0,0,0,0,0,1,1,1,0,0,1,1,0,0,0,0,1,0,1,1,1,0,0,1,1,0.598186
0,0,0,1,0,0,0,0,1,1,1,0,0,1,0,1,0,0,0,0,0,0,0,0,0,1,1,1,0,0,1,1,0.621298
1,0,0,0,1,1,0,0,1,0,1,1,1,1,0,0,1,0,1,1,0,0,1,1,0,1,1,0,0,0,1,0,0.602658
0,1,1,1,1,0,1,0,1,1,0,0,0,1,1,1,0,1,0,0,1,0,0,0,0,1,1,0,1,0,0,1,0.600422
1,1,0,1,0,0,1,1,1,0,0,0,0,1,1,0,1,0,1,1,0,0,1,0,0,1,0,0,1,0,1,1,0.597106
0,0,0,1,1,0,1,0,1,0,0,0,1,0,0,0,1,0,0,0,1,0,0,0,1,0,0,1,0,0,0,0,0.597382
1,0,0,0,1,1,1,1,1,1,0,0,1,1,1,0,1,0,1,1,1,1,1,1,0,0,1,0,1,1,0,1,0.568242
0,0,1,0,1,0,0,0,1,1,1,0,1,0,0,0,1,1,1,1,0,1,0,0,0,1,1,1,1,0,0,0,0.606526
1,1,0,0,1,0,0,1,1,1,0,1,1,0,0,1,1,0,1,0,1,1,1,0,0,1,0,0,0,1,1,0,0.599317
0,1,1,1,0,1,0,1,1,0,0,0,0,1,1,1,1,1,1,1,1,1,0,0,0,0,1,0,1,0,1,1,0.591152
0,0,0,1,1,0,1,1,1,1,0,1,1,0,1,0,0,1,0,0,0,0,0,1,1,1,1,0,1,1,0,0,0.609667
0,1,0,1,1,0,0,0,1,0,0,0,1,1,0,0,1,0,0,0,1,0,0,1,1,0,1,0,0,0,0,1,0.593690
0,0,1,0,1,0,0,1,1,1,1,0,1,1,0,1,1,1,1,1,1,1,0,0,0,0,0,1,1,1,0,1,0.596629
1,0,1,0,1,0,1,1,1,1,0,0,1,0,0,0,1,0,0,1,1,0,0,0,0,0,0,0,1,1,1,0,0.600749
0,0,1,0,1,0,1,1,1,1,0,1,1,0,0,1,0,0,1,0,0,0,1,0,1,1,0,0,1,1,0,1,0.606878
0,1,1,1,1,1,1,0,1,1,1,0,1,0,1,0,1,1,0,1,0,0,0,1,1,1,1,0,0,0,1,0,0.599141
1,0,1,1,1,1,1,1,0,1,1,0,0,0,1,1,1,1,1,1,0,0,0,1,0,1,1,0,1,0,1,0,0.600397
1,1,0,1,0,1,0,1,0,0,0,0,0,1,0,0,0,0,0,1,1,1,0,0,1,0,0,0,1,1,1,0,0.555430
0,0,1,0,1,1,1,1,0,1,1,0,1,1,1,1,0,0,0,1,0,0,1,1,1,1,0,1,0,1,0,0,0.591454
0,1,0,0,1,0,0,1,0,0,0,1,0,1,0,0,0,1,0,1,0,0,1,0,1,1,0,1,0,1,0,1,0.585902
0,0,1,0,0,1,0,0,1,0,1,0,1,1,0,0,1,1,0,0,0,0,1,1,0,1,1,0,0,1,0,0,0.602407
0,1,0,0,0,0,0,1,1,0,1,1,0,1,1,0,0,0,0,1,0,0,1,1,0,1,1,1,1,1,0,1,0.611902
1,0,1,1,1,0,0,1,0,0,1,0,1,0,1,0,1,0,0,0,1,0,0,1,1,0,1,1,0,1,0,0,0.585324
1,1,0,1,1,0,0,1,0,0,0,1,1,1,1,1,0,1,1,0,1,1,1,1,0,0,0,0,1,1,0,0,0.566182
1,0,0,0,0,0,0,1,1,0,0,1,0,0,0,1,1,0,0,1,0,1,0,0,1,0,1,1,1,1,1,1,0.590072
0,0,0,0,1,1,1,1,0,1,1,1,1,0,0,1,0,1,1,1,1,1,0,1,0,1,1,0,0,0,1,1,0.578692
0,1,1,1,1,1,1,1,1,0,1,1,0,1,1,1,0,0,0,1,0,0,1,0,1,0,1,1,0,1,1,1,0.586404
0,0,1,0,1,0,0,0,1,0,0,1,1,1,1,0,0,0,0,0,1,1,1,1,0,0,0,0,1,1,1,0,0.580275
0,0,1,0,0,0,0,1,0,1,1,1,1,0,0,1,0,0,1,1,1,1,0,1,0,1,0,1,0,0,1,0,0.595322
0,1,0,1,1,0,0,1,1,1,0,0,1,0,0,0,1,1,0,0,0,1,1,0,1,0,1,1,1,1,1,0,0.600372
1,0,1,0,1,1,0,0,0,1,0,1,0,0,0,1,0,0,1,1,0,1,1,1,0,0,1,1,1,0,1,0,0.597257
1,1,1,0,0,1,0,1,1,1,1,1,0,0,0,0,1,1,0,1,1,0,1,1,0,0,1,0,1,0,1,1,0.598387
0,1,0,1,0,0,0,0,0,1,1,1,0,1,1,0,0,0,0,0,0,1,1,0,1,1,1,1,0,0,1,0,0.599593
1,1,0,1,0,0,0,1,0,0,0,1,0,1,1,1,0,0,1,1,1,1,1,1,0,1,0,0,0,1,0,1,0.597156
0,1,1,0,1,1,0,0,1,1,1,0,1,1,1,0,1,0,0,1,1,0,0,0,0,0,0,1,0,0,1,1,0.603663
1,1,0,1,0,0,1,0,1,1,0,1,0,1,0,1,1,1,1,1,0,0,1,0,1,1,1,0,0,1,0,1,0.601678
0,0,0,1,1,1,1,0,1,1,1,0,1,1,0,1,1,0,0,1,0,1,1,0,0,0,0,0,1,0,1,0,0.583440
1,1,1,1,0,0,1,1,1,0,0,1,1,1,0,0,0,0,1,0,1,0,0,1,0,0,1,0,1,0,1,0,0.597458
1,0,0,0,1,0,0,1,0,0,1,1,0,1,1,0,1,0,0,1,0,1,1,0,1,0,0,0,1,0,0,1,0.591730
0,1,0,0,0,0,0,0,1,1,1,0,0,0,1,0,1,0,1,0,0,1,0,0,0,0,1,1,1,1,1,0,0.599392
1,0,1,0,0,1,0,0,0,0,0,1,0,0,0,0,1,0,1,1,0,1,1,0,1,0,0,1,1,0,1,0,0.600799
1,0,1,0,1,1,1,0,0,0,0,1,1,0,0,0,1,1,1,1,1,0,1,1,1,0,0,1,0,0,0,0,0.604642
1,1,0,1,1,1,1,1,1,1,1,0,0,1,1,0,0,1,0,0,0,1,1,1,0,0,0,1,1,0,1,1,0.584344
1,1,0,1,1,0,1,1,1,1,0,1,1,1,1,0,0,0,1,0,0,0,0,0,1,1,0,1,1,0,0,0,0.607958
1,1,0,1,0,1,0,0,1,0,0,1,1,1,1,0,0,0,0,1,1,0,0,1,0,0,1,0,1,0,0,0,0.597483
1,0,0,1,0,1,1,1,1,1,0,1,1,0,1,1,1,0,0,1,1,0,0,1,0,1,0,1,0,1,1,1,0.560931
1,1,0,1,0,1,0,1,1,0,0,0,1,1,0,0,1,1,0,1,1,0,0,0,0,1,1,1,1,0,0,1,0.601980
1,0,0,0,0,1,0,1,0,1,0,0,0,0,0,0,1,0,0,0,1,0,1,0,1,0,0,1,0,1,0,1,0.597634
0,1,0,1,1,1,1,0,0,0,0,0,0,1,1,1,1,1,1,0,1,1,1,0,0,1,1,0,1,1,1,0,0.596327
0,1,1,1,1,0,1,1,0,0,1,0,0,0,1,0,0,1,1,0,1,1,1,0,1,1,0,1,1,0,0,0,0.602633
1,1,0,1,0,1,0,0,1,1,0,1,1,1,0,0,1,0,0,1,1,1,0,1,1,0,0,0,0,1,1,0,0.597608
0,0,0,1,0,1,0,0,0,1,0,1,0,0,0,0,0,1,0,1,1,0,1,0,0,0,0,1,1,1,1,1,0.563268
1,1,1,0,1,1,1,0,0,0,0,1,0,0,1,1,1,0,1,0,1,1,0,1,1,0,0,0,1,0,0,0,0.601477
0,1,1,0,1,1,0,1,0,0,0,0,1,0,0,0,1,1,1,1,0,0,1,0,1,1,1,0,1,1,0,1,0.600698
1,1,1,1,1,0,0,1,1,0,0,1,1,0,1,0,1,0,0,1,1,1,0,0,0,0,0,1,0,0,0,0,0.608938
0,1,0,0,0,0,0,0,0,0,0,1,0,1,0,1,1,1,1,0,1,1,0,0,0,1,0,1,0,1,1,0,0.597357
1,0,1,1,1,0,1,0,0,1,1,0,0,1,0,1,1,0,1,0,0,0,1,0,1,0,1,0,1,1,1,0,0.602834
0,1,1,1,0,0,1,0,1,0,0,0,1,1,1,1,0,0,1,1,1,1,1,1,1,0,0,1,1,0,1,0,0.596654
1,1,0,0,1,1,0,1,0,1,1,1,0,1,1,0,1,1,1,1,0,0,0,0,0,1,0,1,0,0,0,1,0.600296
1,1,1,0,1,1,0,1,0,1,1,0,1,1,1,1,0,0,1,0,0,0,0,1,1,1,0,0,0,0,1,0,0.600070
1,1,1,1,1,0,0,1,1,1,1,1,1,1,1,1,0,0,1,1,1,1,1,0,1,1,0,1,1,1,1,0,0.595121
1,1,0,0,1,1,0,1,0,0,0,1,0,1,0,1,1,0,0,1,1,1,0,1,1,1,1,0,0,0,0,1,0.595649
0,0,1,0,0,0,0,1,0,1,0,0,0,0,0,0,0,0,1,0,0,0,0,1,1,1,1,0,0,0,0,1,0.582837
0,0,0,0,0,0,1,0,1,0,0,0,1,0,0,0,1,0,0,1,0,0,1,1,1,1,1,1,0,1,0,0,0.614088
0,0,0,1,1,0,1,0,1,1,0,0,1,1,1,0,0,0,1,0,1,0,1,0,0,1,0,0,0,0,1,0,0.575627
1,1,1,1,1,0,0,0,0,1,0,1,0,1,0,1,1,0,1,1,0,1,0,1,0,0,1,1,0,0,0,1,0.602055
1,0,0,0,0,0,0,1,1,1,0,1,1,0,0,1,0,1,0,0,1,0,1,0,1,1,0,1,1,0,1,1,0.602859
0,1,0,0,1,1,0,1,0,0,1,1,0,0,1,0,1,1,1,0,0,0,1,0,0,1,0,1,0,0,1,1,0.602206
1,0,1,1,1,1,1,1,0,0,0,0,0,1,0,1,1,1,0,0,0,1,0,1,1,0,0,1,0,0,0,1,0.601779
1,0,0,1,0,0,1,1,1,0,1,1,1,0,0,1,0,1,1,0,0,0,0,1,1,0,1,0,0,0,1,1,0.595900
1,1,1,0,0,0,0,0,0,1,0,1,1,0,1,1,1,1,0,0,0,1,0,0,1,1,0,0,1,0,1,1,0.598236
1,0,0,0,1,0,0,1,0,1,0,0,1,1,1,1,0,0,1,0,0,1,1,1,0,1,1,1,0,0,1,1,0.591152
1,1,1,0,0,1,1,1,1,1,1,0,1,1,1,1,1,0,0,1,1,1,0,0,0,1,0,1,1,1,1,1,0.568644
0,0,1,1,1,0,1,1,0,1,1,0,1,1,1,1,0,0,1,0,1,1,1,0,0,1,1,0,0,0,1,0,0.582561
1,0,1,1,1,0,0,1,1,1,1,0,1,1,0,0,0,0,0,0,0,1,0,1,0,1,0,1,1,0,0,1,0.607155
0,0,0,1,1,1,1,0,0,0,0,1,0,1,0,1,1,1,1,0,0,1,0,0,1,1,1,0,1,0,1,1,0.600623
0,0,0,0,0,1,0,1,1,1,0,1,1,0,1,1,0,1,1,0,0,1,0,1,1,0,1,0,1,0,0,0,0.616248
1,1,0,0,1,0,0,1,0,0,1,1,1,0,1,1,0,1,1,1,1,0,1,1,1,1,0,1,0,0,0,0,0.600924
0,1,0,1,0,0,0,0,0,1,0,0,1,0,0,0,0,1,1,0,1,1,1,0,1,0,0,0,0,0,0,1,0.598211
1,1,0,1,1,1,1,1,0,1,0,1,0,1,1,0,1,0,1,0,0,1,1,0,1,0,0,1,1,0,0,0,0.595976
1,0,0,1,0,1,1,1,0,1,0,0,0,1,1,0,0,0,0,0,0,0,1,0,0,1,1,1,1,1,0,1,0.598965
1,1,0,0,1,0,1,1,1,0,1,1,1,1,0,0,1,0,1,0,1,1,1,1,1,1,1,0,1,1,0,1,0.591881
1,0,1,1,0,0,0,1,0,1,1,0,1,0,0,0,0,0,1,1,0,0,0,0,1,0,0,1,0,0,1,0,0.597407
1,1,1,0,1,1,1,0,1,1,1,0,0,0,1,0,0,0,0,1,0,0,1,1,1,1,1,0,1,1,0,0,0.585952
1,0,1,0,1,0,1,1,1,0,1,0,0,0,0,0,0,1,1,1,1,0,0,0,0,0,0,0,1,1,1,0,0.599493
0,1,1,1,1,0,0,1,0,0,0,1,1,1,0,0,0,0,1,0,0,0,0,1,0,1,0,1,1,0,1,1,0.599794
1,1,1,0,1,0,1,1,0,0,1,1,1,0,1,1,1,1,0,1,1,0,1,1,0,1,1,0,0,0,1,1,0.594720
0,1,0,0,1,0,0,1,1,1,1,1,0,0,1,1,0,1,0,1,1,1,0,1,0,1,1,0,0,1,1,0,0.600874
0,0,0,1,1,0,0,0,0,0,0,1,1,0,0,1,1,0,0,0,1,0,1,1,1,1,0,1,0,0,0,0,0.580953
0,1,0,0,1,1,0,1,0,1,1,0,0,0,1,1,1,1,0,1,1,1,0,1,1,1,1,1,1,0,0,1,0.593011
0,1,0,0,0,0,1,0,1,1,0,0,1,1,1,1,0,1,1,0,1,0,1,1,0,1,1,0,0,1,1,1,0.570352
0,1,1,1,0,1,1,1,1,0,1,1,0,1,0,1,1,1,0,1,0,1,1,1,1,1,0,0,1,0,0,1,0.589117
0,0,0,1,0,0,0,0,0,0,0,1,0,0,1,1,0,1,1,1,0,0,0,0,1,1,1,1,1,1,0,1,0.602457
1,1,0,1,0,1,0,1,0,1,0,1,0,0,0,0,1,0,1,0,1,0,1,1,0,0,0,0,1,0,0,1,0.597634
0,1,0,0,0,0,1,1,0,0,1,1,1,1,0,0,0,0,1,0,0,1,0,0,1,0,1,1,0,1,1,0,0.594468
1,0,1,0,1,1,1,0,0,1,1,1,1,0,0,1,1,0,1,0,1,1,1,1,0,1,1,1,0,1,1,0,0.596126
0,1,1,0,0,1,1,1,1,0,0,1,0,1,1,1,0,0,0,1,0,1,1,1,0,0,0,0,1,1,0,0,0.597483
0,1,1,1,1,1,0,0,1,0,0,1,1,0,0,1,1,0,0,1,1,1,0,0,1,0,0,0,0,1,1,0,0.596754
0,0,0,0,0,0,1,1,0,1,1,1,0,0,1,1,1,1,1,1,1,1,0,1,0,1,1,1,1,1,0,0,0.620619
1,1,1,0,0,0,1,1,0,1,1,0,1,1,0,1,0,0,1,0,0,1,0,0,0,1,0,0,1,0,1,0,0.597257
0,1,1,1,1,0,0,0,1,1,1,0,1,0,1,0,0,1,1,1,1,1,1,1,1,1,0,0,0,1,1,1,0.588163
0,1,1,1,0,0,0,0,0,0,1,0,0,1,1,0,1,0,1,1,0,1,1,0,0,1,0,0,0,1,0,0,0.599442
1,0,0,1,0,1,0,1,1,0,1,0,1,1,1,0,0,1,0,0,1,1,1,1,0,0,0,1,1,0,1,0,0.581656
1,1,1,1,1,0,1,0,1,0,1,0,0,1,1,1,0,1,1,1,0,1,0,1,0,0,0,1,0,1,0,1,0.599065
1,1,0,1,1,0,0,0,0,0,0,0,1,1,0,1,1,0,1,0,1,1,0,0,1,0,0,0,0,0,1,1,0.599568
1,0,1,0,1,0,0,0,0,1,1,0,1,1,0,1,1,1,1,0,0,1,1,1,0,1,0,1,1,0,0,1,0.601050
1,1,1,1,1,1,1,0,0,1,0,0,0,1,0,1,1,1,1,0,0,1,0,1,0,0,1,1,1,0,0,0,0.600774
0,0,0,1,1,1,1,0,1,1,1,1,1,0,1,1,1,1,0,1,1,0,0,0,0,1,1,0,0,1,1,1,0.595046
1,0,1,0,1,0,0,0,1,1,1,1,0,0,1,0,0,0,1,0,1,0,0,1,1,0,0,0,1,0,0,1,0.598789
0,0,1,0,1,1,1,0,1,0,1,1,1,1,0,0,0,1,1,1,0,1,1,0,1,1,0,0,1,0,1,0,0.599091
1,1,0,1,0,1,0,0,0,0,0,0,1,1,0,1,0,0,1,0,0,1,0,1,0,0,1,1,0,1,0,1,0.597734
0,1,0,0,1,0,1,1,1,1,1,0,1,0,0,1,1,0,0,1,0,1,0,0,0,1,1,1,1,1,0,1,0.598412
1,0,1,1,1,1,1,0,1,1,0,1,1,1,0,1,0,1,0,1,0,1,1,0,1,1,1,0,1,0,1,0,0.599844
0,1,1,0,1,0,1,0,1,1,1,1,1,1,0,0,1,1,1,0,1,1,0,0,1,0,1,0,1,0,1,0,0.604215
0,0,0,1,0,0,1,0,1,1,0,1,0,1,0,1,1,1,0,0,0,0,0,1,1,1,1,1,1,0,1,0,0.611124
0,1,1,0,1,0,0,0,1,1,1,0,0,0,0,1,0,0,1,1,1,1,0,1,0,0,1,1,0,0,1,1,0.598161
0,1,0,0,1,1,0,0,0,1,1,1,1,0,0,1,0,1,0,0,1,1,0,1,0,0,1,1,0,1,0,1,0.599442
0,0,0,0,0,1,1,1,0,0,1,0,1,0,1,1,1,1,1,1,1,1,1,0,1,0,0,1,0,0,0,0,0.608813
1,0,1,0,1,0,1,1,0,0,0,0,1,0,0,1,1,0,1,1,1,1,0,1,0,0,0,0,1,1,0,0,0.599844
1,1,0,0,1,1,0,1,1,1,0,0,1,0,1,1,1,1,0,1,0,0,0,0,1,0,0,0,1,1,0,0,0.604693
0,1,0,1,1,0,0,0,1,0,0,1,0,0,0,1,0,1,1,0,1,0,1,0,1,1,0,0,0,0,0,0,0.599894
1,1,1,1,1,1,0,0,0,0,0,0,1,0,0,0,1,1,0,1,1,1,0,0,0,0,1,0,0,0,1,1,0.582184
1,0,1,0,1,0,0,0,1,0,1,0,1,1,0,1,1,0,1,1,1,1,0,0,0,1,0,1,0,0,0,0,0.596252
1,0,1,1,0,1,1,1,1,1,1,0,0,1,1,1,0,0,0,1,1,0,0,0,1,1,1,0,0,1,1,1,0.574648
1,0,1,1,1,0,0,0,1,1,1,1,0,0,0,0,1,0,0,1,1,1,0,1,1,1,0,1,1,0,0,1,0.603638
1,1,1,0,0,1,0,1,1,1,0,0,0,0,0,0,0,1,1,0,1,1,1,1,0,1,0,1,1,0,1,0,0.595398
0,0,1,1,1,0,1,1,1,1,0,0,1,0,0,1,1,0,1,1,1,0,0,0,1,0,0,0,1,1,1,0,0.594845
1,0,0,1,0,0,1,1,1,0,0,1,1,1,0,0,1,1,0,1,1,1,1,1,1,1,1,1,1,1,0,1,0.567136
0,1,0,1,0,0,0,0,0,1,1,1,1,0,0,1,0,1,0,0,0,0,0,0,1,1,1,1,0,1,0,0,0.604944
0,1,0,0,0,1,0,1,0,0,1,1,0,1,0,1,0,1,0,1,0,1,0,1,1,1,1,1,1,0,0,0,0.607908
1,1,0,0,1,1,1,1,1,0,0,1,0,1,1,1,0,0,1,0,0,1,0,1,0,1,0,0,1,1,1,0,0.588540
1,0,0,1,0,1,0,1,0,1,0,0,1,1,1,0,1,0,1,0,1,1,1,1,1,1,1,0,0,0,0,1,0.591931
1,1,1,0,1,1,0,1,1,0,0,0,0,0,1,1,0,1,1,0,0,1,0,0,0,0,0,0,0,1,0,0,0.601427
0,0,1,0,0,1,0,0,0,1,0,0,0,0,0,0,0,1,0,0,1,1,0,0,1,1,1,0,0,1,1,1,0.589796
0,1,1,1,1,1,1,1,0,1,1,1,1,0,1,1,0,1,0,0,1,0,1,1,1,1,1,0,1,1,1,1,0.524179
1,0,1,0,1,1,1,0,1,0,1,1,1,0,0,1,0,0,0,0,1,1,0,0,0,1,1,1,0,1,0,0,0.601477
1,1,1,0,0,0,0,1,1,1,1,0,1,0,0,1,1,0,0,1,0,0,1,1,0,1,1,1,0,1,0,1,0.605095
1,0,0,1,1,1,1,0,0,0,1,0,1,1,0,1,1,1,1,1,1,1,1,1,1,0,1,1,1,0,0,1,0.583490
0,1,1,0,0,1,1,0,0,1,1,0,1,1,1,1,1,1,0,0,0,1,0,1,0,0,1,0,0,1,1,0,0.596051
1,0,0,0,0,1,1,0,0,0,0,0,0,1,0,1,1,1,1,0,1,1,1,1,1,0,0,0,1,0,0,1,0.550255
0,1,1,1,1,1,1,1,0,1,1,0,1,0,0,1,1,1,0,1,1,1,0,0,1,1,0,1,0,0,1,1,0.589946
0,0,1,0,1,1,0,1,0,0,1,0,0,1,1,1,0,1,0,1,1,0,0,1,1,0,0,1,0,0,1,1,0.598588
0,0,1,0,0,0,0,1,1,0,1,1,1,0,0,0,0,1,0,1,1,0,1,0,1,1,1,0,0,0,0,0,0.602030
0,1,0,1,1,0,0,1,0,0,0,1,0,1,1,0,1,0,0,0,0,0,1,1,1,1,0,1,1,1,1,0,0.602758
1,0,1,0,1,0,0,1,1,0,1,0,1,0,0,0,1,0,1,1,0,1,1,0,0,1,0,0,1,1,0,1,0.602407
1,1,1,0,1,0,1,1,1,1,0,0,1,1,1,1,0,0,1,0,1,0,1,1,1,0,0,1,1,0,1,0,0.563996
1,0,1,1,0,0,1,0,1,0,0,0,1,1,0,1,0,0,1,1,0,1,1,1,1,1,0,1,1,0,1,0,0.602055
0,1,0,0,0,0,1,1,1,1,1,0,1,1,1,0,0,1,0,0,1,1,1,0,1,0,1,1,0,1,0,0,0.605497
1,1,0,0,1,1,1,1,1,0,1,1,0,0,1,1,0,1,0,1,0,1,1,0,1,1,0,1,0,1,1,0,0.593740
0,0,1,0,0,0,0,1,0,0,1,1,1,1,0,0,1,1,0,0,1,0,1,1,0,1,0,1,1,0,0,0,0.606175
0,1,1,0,1,1,0,1,1,1,0,0,1,0,0,0,1,0,0,1,0,1,1,0,0,1,0,0,1,0,0,1,0.600598
0,1,1,1,1,0,1,1,1,0,1,0,0,1,0,0,1,0,0,0,0,0,1,0,0,1,0,0,1,0,0,1,0.598036
0,1,1,0,0,0,0,0,1,1,1,0,1,0,1,0,0,1,1,1,0,1,0,0,1,1,0,1,0,0,0,0,0.605170
