0,0,1,1,1,0,0,1,0,0,0,0,0,1,1,1,0,0,1,1,0,1,1,1,1,1,1,0,0,0,1,0,0.627744
1,1,1,0,0,0,1,0,1,1,0,1,0,1,1,0,0,1,1,0,0,0,0,1,1,1,1,0,0,1,1,1,0.584399
1,0,1,0,1,0,0,0,0,1,1,0,1,0,0,0,1,0,1,0,1,0,1,1,1,0,1,0,1,0,0,1,0.724132
1,1,1,1,1,1,0,0,0,1,0,1,1,0,0,0,1,0,0,1,0,1,0,1,1,1,0,0,0,0,0,1,0.642823
0,0,0,1,0,0,1,0,0,0,1,0,0,0,0,0,0,0,1,0,0,0,1,0,0,1,1,1,1,0,0,1,0.781756
1,1,0,1,0,1,1,0,0,1,0,1,1,1,0,0,0,1,1,1,1,0,0,1,1,1,1,1,1,0,1,0,0.578458
0,1,0,1,0,0,0,0,0,1,1,1,0,0,0,0,1,1,1,1,0,0,1,1,0,1,0,0,1,1,0,1,0.630248
1,0,1,1,0,1,1,1,1,1,0,0,0,0,0,0,1,0,0,0,1,1,0,1,1,0,0,0,0,0,0,1,0.628250
1,0,0,1,0,0,0,1,0,0,1,1,1,0,0,1,1,0,0,1,0,1,0,1,0,0,1,1,1,0,1,0,0.598652
1,0,0,1,1,0,1,0,1,1,0,1,0,0,0,1,1,0,0,0,0,1,1,0,1,1,0,1,1,1,0,0,0.602648
1,1,0,1,1,1,1,0,1,1,1,1,1,1,0,0,1,1,0,0,1,1,1,1,1,1,0,0,0,0,0,0,0.601076
0,1,0,1,1,0,1,1,1,1,0,0,0,1,0,1,1,0,1,1,0,0,0,0,1,1,0,1,0,1,1,0,0.571052
1,1,0,0,1,0,0,0,0,1,0,1,0,0,0,1,1,1,1,1,1,1,1,0,1,1,0,0,1,1,0,1,0.607124
0,0,1,0,1,1,0,0,1,0,1,0,1,1,0,1,1,1,0,0,0,1,0,0,0,0,0,1,1,1,0,0,0.601636
1,0,1,0,1,1,1,0,1,0,1,1,1,0,0,1,0,0,1,1,1,1,0,1,0,0,1,0,1,0,0,1,0.575927
0,0,1,1,1,1,0,1,0,0,0,1,1,0,1,1,1,1,1,0,1,1,1,0,1,0,1,1,0,0,1,0,0.565510
0,1,0,0,0,1,0,0,1,0,0,0,1,1,1,1,1,1,1,0,0,1,0,1,1,0,0,0,0,0,0,0,0.634697
1,0,0,0,0,1,0,1,0,1,0,0,1,0,1,0,0,1,0,0,1,0,0,1,0,1,1,0,0,0,0,0,0.624254
0,1,0,0,0,1,1,1,0,1,1,1,0,0,0,0,0,1,0,1,1,1,0,1,1,0,1,0,0,0,1,0,0.621110
1,1,1,1,0,1,1,1,0,0,1,0,1,1,1,0,0,0,1,1,1,0,1,1,0,1,1,1,0,0,0,1,0.608616
0,1,0,0,0,0,1,1,0,1,0,1,1,1,0,1,1,0,1,1,0,1,0,1,0,0,0,1,1,0,0,0,0.632753
1,1,1,0,0,1,1,1,0,1,1,1,1,0,1,0,1,1,0,1,0,0,1,1,1,1,0,0,0,0,0,1,0.585305
1,1,0,0,1,1,1,0,0,1,1,0,0,1,1,1,1,0,1,0,1,1,1,1,1,1,0,1,0,0,1,0,0.578351
1,1,1,0,1,0,1,1,1,1,1,0,0,0,1,0,0,1,1,0,1,1,1,0,1,0,0,0,0,0,0,1,0.576140
1,1,0,0,0,0,1,1,1,1,1,0,1,0,1,1,1,1,0,1,0,1,1,0,1,1,0,0,0,0,1,1,0.565963
0,1,1,0,1,1,1,1,1,1,1,1,0,1,1,0,0,1,1,0,1,1,0,1,0,0,1,1,1,1,1,0,0.601849
1,0,0,0,0,0,0,0,0,1,0,0,1,1,0,0,0,1,0,0,0,1,0,0,1,0,0,0,1,1,0,1,0.657129
0,1,1,0,1,0,1,0,1,0,0,1,0,1,0,0,1,1,1,0,1,0,1,1,1,1,0,0,0,1,1,0,0.592738
0,0,0,1,1,0,1,1,0,0,0,1,1,0,0,0,0,0,1,0,0,1,1,0,1,0,1,0,1,1,0,0,0.632886
0,0,0,1,0,1,1,1,1,0,1,1,1,0,0,1,1,0,1,1,0,0,1,0,0,0,1,0,1,0,1,0,0.695519
1,0,0,0,1,1,0,1,0,1,0,0,1,1,0,1,0,0,0,0,0,1,1,0,0,1,1,1,1,1,0,0,0.665601
1,1,0,1,1,1,0,0,0,1,1,0,1,1,0,0,0,0,1,0,1,1,1,0,0,0,1,1,0,0,0,0,0.626172
0,0,0,1,1,0,0,0,1,1,0,1,0,0,0,0,0,0,0,1,1,1,0,0,1,1,0,0,1,1,1,1,0.637708
0,1,1,0,0,1,0,1,1,0,1,0,0,1,1,0,1,0,0,1,1,0,0,0,1,0,1,0,0,1,0,1,0.623988
1,0,1,1,1,1,1,0,1,1,1,1,0,1,0,0,1,1,1,0,1,0,1,0,0,0,0,1,0,0,0,1,0.598545
1,0,0,1,0,0,0,1,0,1,0,1,0,0,1,1,0,0,0,0,1,1,1,1,1,0,0,1,0,1,0,0,0.618393
1,0,1,1,0,0,0,1,0,0,0,1,0,1,1,0,0,0,0,1,1,1,0,1,1,1,0,0,0,0,0,1,0.626812
0,1,1,0,1,1,0,1,1,1,0,0,0,0,0,0,0,1,1,0,0,1,0,0,0,0,0,1,0,1,1,0,0.665867
1,1,1,1,1,1,1,1,0,1,0,0,1,0,0,1,0,1,1,1,1,1,1,0,0,1,1,0,1,0,1,0,0.577845
0,1,1,0,0,1,1,0,0,1,0,0,0,1,1,1,1,0,1,0,0,0,1,0,1,1,1,0,0,0,1,0,0.611067
1,1,0,1,0,1,1,0,1,1,1,1,0,1,1,1,1,1,1,0,1,0,0,0,0,0,1,1,0,1,1,0,0.575821
0,0,1,0,1,0,1,0,0,0,1,0,1,0,1,0,0,1,0,1,0,1,0,1,0,1,1,1,1,1,1,1,0.581175
0,0,1,0,1,0,1,0,1,1,1,1,0,1,1,1,1,0,1,1,0,0,1,1,0,0,0,1,0,1,0,1,0.747895
1,0,1,1,1,0,0,1,1,1,1,1,0,0,0,0,1,0,1,0,1,0,1,0,1,1,1,0,1,1,1,1,0.642157
1,1,1,0,0,1,0,0,1,0,1,1,1,0,0,0,0,0,0,0,1,1,0,0,0,0,0,1,0,1,0,0,0.612425
1,1,1,0,0,1,1,1,1,1,0,1,0,0,0,0,0,1,1,1,0,1,0,0,0,1,1,1,1,0,0,1,0.620524
1,0,0,0,1,0,1,0,0,1,0,0,1,1,0,1,0,0,1,0,1,0,0,1,1,0,0,1,0,1,1,1,0.588315
0,0,1,1,0,1,0,1,1,1,1,0,1,1,1,1,0,1,1,1,1,0,0,0,0,0,0,1,1,1,0,1,0.599052
1,1,1,1,1,1,1,0,0,0,1,1,0,1,0,1,0,1,0,0,1,0,0,1,1,1,1,0,1,0,1,1,0.623428
1,0,0,1,1,0,1,0,1,0,0,0,1,1,0,1,1,1,0,1,0,1,0,0,0,0,1,0,1,1,1,1,0.587383
1,0,0,1,1,0,1,1,0,0,1,1,0,1,0,0,0,1,0,0,1,0,1,1,0,0,1,0,1,1,1,0,0.630035
0,0,1,1,0,1,1,1,1,0,0,0,1,1,0,0,1,1,0,1,1,0,0,1,1,1,1,1,1,1,0,0,0.565351
1,0,0,1,1,1,0,1,0,1,0,1,1,0,1,1,0,1,1,0,1,0,1,1,0,1,1,0,0,0,0,1,0.565111
1,0,0,1,0,1,0,1,1,1,1,0,1,0,0,1,1,0,1,1,1,1,1,1,0,1,0,0,1,1,1,0,0.561674
0,0,1,0,1,1,0,1,0,0,1,1,0,0,0,1,0,1,0,0,1,0,1,1,0,0,0,0,0,0,0,0,0.659447
1,0,1,1,1,1,1,1,1,1,0,1,0,1,0,1,1,0,1,1,1,1,1,1,0,0,0,0,0,0,0,1,0.584239
0,0,1,0,0,0,1,0,0,0,1,0,1,1,0,1,1,0,0,0,0,1,0,1,1,0,1,1,1,1,0,0,0.654252
1,1,1,0,0,1,1,0,0,1,1,0,0,1,1,0,0,0,0,0,0,0,0,0,0,1,1,0,1,0,1,0,0.678442
0,1,1,0,1,1,1,1,1,0,1,1,1,0,0,1,0,0,1,1,1,0,0,1,1,1,0,1,1,0,0,0,0.609522
1,1,0,1,0,1,1,0,0,1,1,0,0,0,1,0,1,1,1,0,1,1,0,1,0,0,1,0,1,0,1,1,0.551817
1,0,1,1,0,1,1,1,0,1,1,1,0,0,0,0,0,0,1,0,0,1,1,0,1,1,0,0,1,1,1,1,0.565111
1,0,0,0,1,1,1,1,1,0,0,1,1,0,0,0,0,1,1,1,1,0,0,1,1,1,0,0,1,1,1,0,0.590047
1,0,1,0,0,0,1,1,0,0,0,0,1,0,0,1,0,1,0,1,1,1,1,0,1,0,1,1,0,0,1,1,0.602888
0,1,0,0,1,0,0,1,0,1,1,0,1,0,0,1,0,1,0,1,1,0,1,1,1,0,0,0,1,0,0,0,0.629316
0,0,0,0,0,0,1,0,0,0,1,1,1,0,0,0,1,0,1,1,0,1,0,1,1,1,0,1,1,1,0,1,0.591192
1,0,1,1,0,0,1,0,0,1,1,0,0,1,0,1,0,0,0,1,1,1,0,1,0,1,0,1,1,1,1,1,0.514839
0,1,0,1,0,1,1,0,1,1,1,0,1,1,1,0,0,0,1,1,0,0,1,1,0,0,0,1,0,0,1,0,0.621430
1,0,1,1,1,0,1,0,1,0,1,1,0,1,1,0,1,0,1,1,1,0,0,0,0,0,1,1,1,1,1,0,0.670370
0,1,1,1,1,1,1,1,0,1,0,1,1,0,1,1,0,0,1,0,1,1,0,0,1,1,0,1,0,0,1,1,0.598279
0,0,0,1,0,1,1,0,0,1,0,1,1,0,1,0,1,1,1,1,1,1,0,1,0,0,0,0,1,0,0,0,0.580509
0,0,1,1,0,0,1,1,0,0,0,1,0,0,0,1,1,0,0,1,1,0,1,0,0,0,1,1,0,0,0,0,0.660886
0,1,1,0,1,0,0,0,0,1,1,1,1,1,0,0,0,1,0,0,1,1,0,1,1,1,0,0,0,0,1,1,0.597053
1,0,1,0,0,0,1,1,1,0,1,1,0,0,1,1,1,1,1,1,0,0,0,1,0,0,0,1,1,1,0,1,0.745285
0,0,0,0,1,0,1,0,0,1,0,1,0,1,1,1,1,0,1,0,0,1,1,1,0,0,0,1,1,1,1,1,0.637921
0,1,1,1,0,0,1,0,1,0,1,1,1,0,1,1,0,1,1,1,1,1,0,0,0,0,0,1,0,0,0,1,0.594682
0,0,1,0,1,1,1,1,1,1,1,1,0,0,1,0,1,1,1,0,1,1,1,0,1,1,1,1,0,0,0,0,0.628330
1,0,0,0,0,0,0,0,0,1,0,1,0,0,0,0,0,1,0,0,1,0,1,0,0,0,1,1,1,1,0,1,0.634671
1,1,0,0,0,0,0,0,0,0,1,0,1,1,1,1,1,1,0,0,0,0,0,1,1,1,0,0,0,1,1,1,0.632246
1,1,0,1,1,1,0,1,1,0,0,0,1,1,1,0,0,0,0,0,0,1,0,1,1,0,1,1,0,0,0,0,0.659101
1,0,0,0,1,1,1,0,1,1,0,0,1,0,0,1,1,1,1,1,1,1,0,0,1,0,1,0,0,1,0,0,0.640159
0,1,0,0,1,1,1,0,0,0,0,0,1,1,0,0,0,1,0,1,0,0,0,1,1,0,0,1,0,0,0,1,0.684916
0,1,0,1,1,0,1,0,0,0,1,1,0,1,1,0,0,1,0,0,0,0,0,0,0,0,0,0,0,0,1,1,0.682491
0,1,0,0,1,0,0,0,0,0,0,0,1,0,0,0,0,1,1,0,1,1,0,1,0,1,1,0,0,1,1,1,0.622815
0,1,0,1,1,1,1,1,1,1,1,0,1,1,0,1,0,1,0,0,1,1,1,1,0,1,0,1,0,1,1,1,0.435369
0,0,0,1,1,0,0,0,0,0,1,0,1,0,1,0,1,1,1,0,1,0,0,1,1,0,0,0,1,0,1,0,0.692109
1,1,0,1,1,1,1,1,1,0,0,0,0,0,1,0,1,1,1,0,1,1,0,1,0,0,0,0,1,1,1,0,0.531410
0,1,0,0,0,0,1,1,0,1,0,0,1,1,0,1,1,1,1,0,0,1,0,0,1,0,1,0,0,0,0,0,0.622602
0,0,0,1,1,0,0,0,1,0,0,1,1,0,1,0,1,1,0,0,0,0,0,0,0,0,1,1,0,1,0,1,0.635417
0,1,0,0,1,1,0,0,1,0,0,1,0,0,1,1,0,0,0,1,1,0,0,0,1,0,0,0,1,1,0,0,0.617860
0,0,0,0,1,1,1,0,0,0,1,1,1,1,0,1,0,1,0,0,0,0,1,1,0,1,0,1,1,1,0,0,0.651295
1,0,0,1,0,0,0,0,1,1,1,0,0,0,0,1,0,0,0,1,1,1,1,1,0,1,0,0,0,1,1,1,0.584053
0,0,1,1,0,1,1,0,1,0,1,1,0,0,1,1,0,0,0,0,1,0,0,1,0,1,0,1,0,1,0,1,0.646419
1,0,0,1,1,1,1,1,0,1,0,1,0,0,1,0,0,1,1,1,1,1,1,0,0,1,0,1,1,0,1,0,0.593297
1,0,1,0,0,0,0,0,1,1,0,0,1,1,0,1,0,0,0,0,1,0,0,1,0,1,1,0,0,1,1,0,0.627264
1,0,1,0,1,1,1,0,0,1,1,0,0,0,1,0,0,0,0,1,1,0,0,0,1,1,1,0,0,0,1,0,0.640292
0,1,0,1,1,1,0,0,0,0,1,0,0,1,1,1,1,0,0,0,1,0,0,0,0,0,0,0,0,0,0,0,0.620764
0,0,0,1,1,1,1,1,0,1,1,1,1,0,1,0,1,0,1,1,0,1,1,0,0,0,0,0,0,1,1,1,0.554668
0,0,1,0,0,0,1,0,0,1,1,0,1,0,0,0,1,0,1,1,1,0,0,0,0,0,1,0,0,1,0,1,0.754769
0,1,1,0,1,0,1,1,0,0,1,1,0,0,0,0,0,0,0,1,0,1,1,1,0,0,1,1,0,1,1,0,0.626092
1,1,0,0,1,0,1,1,0,0,1,1,1,0,0,1,0,0,1,0,1,1,1,0,0,0,0,0,1,1,0,0,0.574542
0,0,1,0,0,1,0,1,1,0,1,0,1,1,1,0,0,0,0,1,1,1,0,1,0,1,0,1,1,0,1,0,0.605419
0,0,1,0,1,0,0,0,1,0,0,0,0,1,1,1,0,0,0,1,0,1,0,0,0,0,0,0,0,1,1,0,0.640558
1,1,1,1,0,0,1,0,0,0,0,1,0,0,1,1,1,1,0,1,0,0,0,0,0,0,0,1,0,0,0,1,0.597773
1,0,0,0,1,1,1,0,1,0,0,0,1,0,1,1,0,1,0,1,0,0,1,0,0,0,1,1,0,1,0,1,0.621244
1,1,1,1,0,0,0,1,1,0,0,1,1,0,0,0,1,1,1,0,1,0,0,1,1,0,1,1,0,1,1,1,0.556959
0,0,0,0,1,0,0,1,0,0,0,0,1,1,0,0,1,0,0,1,1,1,0,1,0,0,1,0,1,1,1,1,0.633499
0,1,0,1,1,1,1,1,1,1,1,0,1,0,1,1,0,1,0,1,1,1,0,1,0,1,1,0,0,0,0,0,0.596228
1,0,1,1,1,1,0,1,1,0,1,0,1,0,0,0,0,1,1,0,0,0,0,0,0,0,1,1,0,0,0,1,0.647192
1,0,0,1,0,0,0,0,1,1,0,0,0,0,1,1,0,1,0,1,1,1,0,1,0,0,0,1,1,0,1,1,0.624494
0,0,0,0,0,1,0,1,1,1,0,0,0,0,0,0,0,1,0,1,1,0,0,1,0,1,1,0,1,0,0,0,0.656889
1,0,0,0,1,0,0,1,1,1,0,0,1,1,1,1,0,0,0,0,0,0,0,1,0,1,1,1,1,0,1,0,0.590899
0,1,0,1,0,0,0,1,0,1,1,1,0,1,1,1,1,1,0,0,1,1,1,1,1,0,0,0,0,0,0,1,0.573716
1,0,0,1,0,1,0,0,1,1,0,1,0,1,0,0,0,1,1,0,0,0,1,0,0,0,1,1,1,0,0,0,0.612772
0,1,0,1,1,0,1,0,1,1,1,1,0,0,1,0,1,1,0,0,1,1,0,0,1,1,1,1,0,1,1,1,0.540095
0,0,0,0,0,1,1,1,1,0,1,1,0,0,0,0,0,1,1,1,1,1,0,0,1,0,1,0,0,0,1,0,0.628570
1,0,1,1,1,0,0,1,1,0,1,1,0,0,0,0,0,0,1,1,0,0,1,1,1,0,0,0,0,0,1,0,0.811514
1,1,0,1,0,0,0,1,0,1,0,0,0,0,1,1,1,0,1,1,0,1,0,1,1,0,1,1,1,1,1,1,0.564312
1,0,0,1,1,1,0,0,0,0,1,0,1,0,0,1,1,0,1,0,0,0,0,0,0,1,1,0,0,0,0,1,0.649536
1,1,0,1,1,1,1,1,1,0,0,0,1,0,1,0,1,0,0,1,1,1,0,1,1,1,0,1,0,0,0,1,0.515638
1,0,0,1,1,1,0,1,1,1,0,1,1,1,1,0,0,0,0,1,0,1,0,0,1,0,1,1,1,1,1,1,0.618952
1,1,1,0,0,0,1,0,1,1,0,1,0,1,0,0,1,1,1,1,0,0,0,1,0,1,0,1,1,1,1,1,0.544730
1,0,1,0,1,1,1,1,0,0,1,0,0,0,1,0,0,0,0,0,1,0,0,0,1,0,0,1,1,1,0,1,0.633898
1,1,0,1,1,0,1,1,0,0,1,0,0,1,1,1,0,1,0,0,1,1,1,0,0,1,1,1,0,0,1,0,0.584985
0,0,1,1,1,1,1,0,1,0,0,0,1,0,0,1,1,1,1,0,1,1,1,0,1,1,1,0,1,0,1,1,0.560981
1,0,1,1,0,1,0,0,1,1,1,0,1,1,0,1,1,1,0,0,1,1,1,0,1,0,1,1,0,1,0,1,0.544144
1,0,0,0,0,0,0,1,0,1,0,1,1,1,0,1,0,1,1,0,0,1,0,0,0,0,1,0,0,1,0,0,0.644315
0,1,1,1,0,1,1,1,1,0,1,1,1,0,0,0,1,1,0,1,1,1,1,1,0,1,1,1,0,0,0,0,0.598146
0,0,0,0,0,1,0,1,1,0,0,1,0,0,0,1,0,0,0,0,1,1,0,0,1,1,0,1,1,1,1,0,0.646819
