0,0,1,0,0,0,1,0,0,0,1,0,1,1,0,1,1,0,0,0,0,1,0,1,1,0,1,1,1,1,0,0,0.654838
0,0,1,0,1,1,1,1,1,1,1,1,0,0,1,0,1,1,1,0,1,1,1,0,1,1,1,1,0,0,0,0,0.628277
0,0,1,1,0,0,1,1,0,0,0,1,0,0,0,1,1,0,0,1,1,0,1,0,0,0,1,1,0,0,0,0,0.659314
0,0,0,0,1,0,0,1,0,0,0,0,1,1,0,0,1,0,0,1,1,1,0,1,0,0,1,0,1,1,1,1,0.637255
1,1,0,1,0,1,1,0,0,1,1,0,0,0,1,0,1,1,1,0,1,1,0,1,0,0,1,0,1,0,1,1,0.546915
1,0,1,1,1,0,0,1,1,0,1,1,0,0,0,0,0,0,1,1,0,0,1,1,1,0,0,0,0,0,1,0,0.806666
1,1,0,1,1,1,1,1,1,0,0,0,0,0,1,0,1,1,1,0,1,1,0,1,0,0,0,0,1,1,1,0,0.530424
1,0,1,1,1,1,1,0,1,1,1,1,0,1,0,0,1,1,1,0,1,0,1,0,0,0,0,1,0,0,0,1,0.598252
0,0,1,0,0,1,0,1,1,0,1,0,1,1,1,0,0,0,0,1,1,1,0,1,0,1,0,1,1,0,1,0,0.606511
1,0,0,1,1,1,1,1,0,1,0,1,0,0,1,0,0,1,1,1,1,1,1,0,0,1,0,1,1,0,1,0,0.592018
0,1,1,0,1,0,1,0,1,0,0,1,0,1,0,0,1,1,1,0,1,0,1,1,1,1,0,0,0,1,1,0,0.590580
0,1,0,1,0,0,0,1,0,1,1,1,0,1,1,1,1,1,0,0,1,1,1,1,1,0,0,0,0,0,0,1,0.574142
1,0,1,0,0,0,1,1,1,0,1,1,0,0,1,1,1,1,1,1,0,0,0,1,0,0,0,1,1,1,0,1,0.733935
1,0,0,0,0,0,0,1,0,1,0,1,1,1,0,1,0,1,1,0,0,1,0,0,0,0,1,0,0,1,0,0,0.643089
1,0,1,1,0,1,0,0,1,1,1,0,1,1,0,1,1,1,0,0,1,1,1,0,1,0,1,1,0,1,0,1,0.544464
0,1,0,0,0,0,1,1,0,1,0,0,1,1,0,1,1,1,1,0,0,1,0,0,1,0,1,0,0,0,0,0,0.618340
1,0,1,0,0,0,0,0,1,1,0,0,1,1,0,1,0,0,0,0,1,0,0,1,0,1,1,0,0,1,1,0,0.624627
0,1,0,1,1,1,0,0,0,0,1,0,0,1,1,1,1,0,0,0,1,0,0,0,0,0,0,0,0,0,0,0,0.623188
1,1,1,1,0,0,0,1,1,0,0,1,1,0,0,0,1,1,1,0,1,0,0,1,1,0,1,1,0,1,1,1,0.552856
1,0,0,1,1,1,0,1,0,1,0,1,1,0,1,1,0,1,1,0,1,0,1,1,0,1,1,0,0,0,0,1,0.560236
1,0,0,1,0,0,0,1,0,0,1,1,1,0,0,1,1,0,0,1,0,1,0,1,0,0,1,1,1,0,1,0,0.597400
1,1,0,1,0,1,1,0,1,1,1,1,0,1,1,1,1,1,1,0,1,0,0,0,0,0,1,1,0,1,1,0,0.567695
0,0,0,1,0,1,1,1,1,0,1,1,1,0,0,1,1,0,1,1,0,0,1,0,0,0,1,0,1,0,1,0,0.683131
0,1,0,0,0,0,1,1,0,1,0,1,1,1,0,1,1,0,1,1,0,1,0,1,0,0,0,1,1,0,0,0,0.631607
1,0,0,0,0,1,0,1,0,1,0,0,1,0,1,0,0,1,0,0,1,0,0,1,0,1,1,0,0,0,0,0,0.623375
1,0,1,1,0,0,1,0,0,1,1,0,0,1,0,1,0,0,0,1,1,1,0,1,0,1,0,1,1,1,1,1,0.515931
1,0,0,1,0,1,0,1,1,1,1,0,1,0,0,1,1,0,1,1,1,1,1,1,0,1,0,0,1,1,1,0,0.561035
0,0,1,0,0,0,1,0,0,1,1,0,1,0,0,0,1,0,1,1,1,0,0,0,0,0,1,0,0,1,0,1,0.743979
1,1,0,0,1,1,1,0,0,1,1,0,0,1,1,1,1,0,1,0,1,1,1,1,1,1,0,1,0,0,1,0,0.569560
0,1,0,0,0,1,1,1,0,1,1,1,0,0,0,0,0,1,0,1,1,1,0,1,1,0,1,0,0,0,1,0,0.623215
0,0,1,1,1,1,0,1,0,0,0,1,1,0,1,1,1,1,1,0,1,1,1,0,1,0,1,1,0,0,1,0,0.563619
1,0,0,1,0,1,0,0,1,1,0,1,0,1,0,0,0,1,1,0,0,0,1,0,0,0,1,1,1,0,0,0,0.610534
0,0,0,0,0,1,0,1,1,0,0,1,0,0,0,1,0,0,0,0,1,1,0,0,1,1,0,1,1,1,1,0,0.638667
0,1,0,1,1,0,1,1,1,1,0,0,0,1,0,1,1,0,1,1,0,0,0,0,1,1,0,1,0,1,1,0,0.569826
1,1,0,0,0,0,0,0,0,0,1,0,1,1,1,1,1,1,0,0,0,0,0,1,1,1,0,0,0,1,1,1,0.630914
1,0,0,0,1,1,1,0,1,0,0,0,1,0,1,1,0,1,0,1,0,0,1,0,0,0,1,1,0,1,0,1,0.618926
1,0,1,1,0,0,0,1,0,0,0,1,0,1,1,0,0,0,0,1,1,1,0,1,1,1,0,0,0,0,0,1,0.629103
1,1,0,0,1,0,0,0,0,1,0,1,0,0,0,1,1,1,1,1,1,1,1,0,1,1,0,0,1,1,0,1,0.599798
1,1,0,1,1,0,1,1,0,0,1,0,0,1,1,1,0,1,0,0,1,1,1,0,0,1,1,1,0,0,1,0,0.583040
0,0,1,1,0,1,0,1,1,1,1,0,1,1,1,1,0,1,1,1,1,0,0,0,0,0,0,1,1,1,0,1,0.599211
1,0,0,0,1,0,0,1,1,1,0,0,1,1,1,1,0,0,0,0,0,0,0,1,0,1,1,1,1,0,1,0,0.588981
0,1,0,0,1,0,0,0,0,0,0,0,1,0,0,0,0,1,1,0,1,1,0,1,0,1,1,0,0,1,1,1,0.625613
1,1,1,0,0,1,1,0,0,1,1,0,0,1,1,0,0,0,0,0,0,0,0,0,0,1,1,0,1,0,1,0,0.675325
1,0,0,1,1,0,1,0,1,1,0,1,0,0,0,1,1,0,0,0,0,1,1,0,1,1,0,1,1,1,0,0,0.603128
0,1,0,1,0,0,0,0,0,1,1,1,0,0,0,0,1,1,1,1,0,0,1,1,0,1,0,0,1,1,0,1,0.626146
0,0,0,1,0,0,1,0,0,0,1,0,0,0,0,0,0,0,1,0,0,0,1,0,0,1,1,1,1,0,0,1,0.781223
1,0,1,0,0,0,1,1,0,0,0,0,1,0,0,1,0,1,0,1,1,1,1,0,1,0,1,1,0,0,1,1,0.599132
0,0,1,1,0,1,1,1,1,0,0,0,1,1,0,0,1,1,0,1,1,0,0,1,1,1,1,1,1,1,0,0,0.562953
0,0,0,1,1,1,1,1,0,1,1,1,1,0,1,0,1,0,1,1,0,1,1,0,0,0,0,0,0,1,1,1,0.551817
0,0,0,0,0,0,1,0,0,0,1,1,1,0,0,0,1,0,1,1,0,1,0,1,1,1,0,1,1,1,0,1,0.587250
0,0,1,0,1,0,1,0,0,0,1,0,1,0,1,0,0,1,0,1,0,1,0,1,0,1,1,1,1,1,1,1,0.585758
0,1,1,1,0,0,1,0,1,0,1,1,1,0,1,1,0,1,1,1,1,1,0,0,0,0,0,1,0,0,0,1,0.585971
1,0,0,1,0,0,0,0,1,1,0,0,0,0,1,1,0,1,0,1,1,1,0,1,0,0,0,1,1,0,1,1,0.620711
0,0,1,0,1,0,0,0,1,0,0,0,0,1,1,1,0,0,0,1,0,1,0,0,0,0,0,0,0,1,1,0,0.637788
1,0,0,1,1,0,1,1,0,0,1,1,0,1,0,0,0,1,0,0,1,0,1,1,0,0,1,0,1,1,1,0,0.627025
1,0,0,0,0,0,0,0,0,1,0,1,0,0,0,0,0,1,0,0,1,0,1,0,0,0,1,1,1,1,0,1,0.634271
0,0,1,0,1,0,1,0,1,1,1,1,0,1,1,1,1,0,1,1,0,0,1,1,0,0,0,1,0,1,0,1,0.729726
1,1,0,1,1,1,0,0,0,1,1,0,1,1,0,0,0,0,1,0,1,1,1,0,0,0,1,1,0,0,0,0,0.624574
1,1,1,1,0,0,1,0,0,0,0,1,0,0,1,1,1,1,0,1,0,0,0,0,0,0,0,1,0,0,0,1,0.595988
0,1,1,1,0,1,1,1,1,0,1,1,1,0,0,0,1,1,0,1,1,1,1,1,0,1,1,1,0,0,0,0,0.594736
1,0,1,0,1,1,1,0,0,1,1,0,0,0,1,0,0,0,0,1,1,0,0,0,1,1,1,0,0,0,1,0,0.636376
1,0,0,0,1,0,1,0,0,1,0,0,1,1,0,1,0,0,1,0,1,0,0,1,1,0,0,1,0,1,1,1,0.585545
1,1,0,1,1,1,0,1,1,0,0,0,1,1,1,0,0,0,0,0,0,1,0,1,1,0,1,1,0,0,0,0,0.651934
1,0,0,0,1,1,1,1,1,0,0,1,1,0,0,0,0,1,1,1,1,0,0,1,1,1,0,0,1,1,1,0,0.591166
1,1,1,1,1,1,1,0,0,0,1,1,0,1,0,1,0,1,0,0,1,0,0,1,1,1,1,0,1,0,1,1,0.615729
0,0,1,0,1,1,0,1,0,0,1,1,0,0,0,1,0,1,0,0,1,0,1,1,0,0,0,0,0,0,0,0,0.659234
1,0,1,1,1,1,1,1,1,1,0,1,0,1,0,1,1,0,1,1,1,1,1,1,0,0,0,0,0,0,0,1,0.584772
0,0,0,1,0,1,1,0,0,1,0,1,1,0,1,0,1,1,1,1,1,1,0,1,0,0,0,0,1,0,0,0,0.581362
0,0,0,0,0,1,1,1,1,0,1,1,0,0,0,0,0,1,1,1,1,1,0,0,1,0,1,0,0,0,1,0,0.627717
1,1,0,1,1,1,1,1,1,0,0,0,1,0,1,0,1,0,0,1,1,1,0,1,1,1,0,1,0,0,0,1,0.516997
1,0,1,1,0,1,1,1,1,1,0,0,0,0,0,0,1,0,0,0,1,1,0,1,1,0,0,0,0,0,0,1,0.622229
0,0,0,0,1,1,1,0,0,0,1,1,1,1,0,1,0,1,0,0,0,0,1,1,0,1,0,1,1,1,0,0,0.649377
1,1,1,0,0,0,1,0,1,1,0,1,0,1,0,0,1,1,1,1,0,0,0,1,0,1,0,1,1,1,1,1,0.542226
0,1,1,1,1,1,1,1,0,1,0,1,1,0,1,1,0,0,1,0,1,1,0,0,1,1,0,1,0,0,1,1,0.592818
1,0,0,0,1,1,1,0,1,1,0,0,1,0,0,1,1,1,1,1,1,1,0,0,1,0,1,0,0,1,0,0,0.637335
0,1,0,1,1,0,1,0,1,1,1,1,0,0,1,0,1,1,0,0,1,1,0,0,1,1,1,1,0,1,1,1,0.542386
0,0,1,1,1,1,1,0,1,0,0,0,1,0,0,1,1,1,1,0,1,1,1,0,1,1,1,0,1,0,1,1,0.557971
1,1,1,0,0,1,1,1,0,1,1,1,1,0,1,0,1,1,0,1,0,0,1,1,1,1,0,0,0,0,0,1,0.584879
0,1,1,0,1,1,1,1,1,1,1,1,0,1,1,0,0,1,1,0,1,1,0,1,0,0,1,1,1,1,1,0,0.601050
0,0,0,1,1,0,0,0,1,0,0,1,1,0,1,0,1,1,0,0,0,0,0,0,0,0,1,1,0,1,0,1,0.637814
0,1,1,0,1,1,0,1,1,1,0,0,0,0,0,0,0,1,1,0,0,1,0,0,0,0,0,1,0,1,1,0,0.663337
0,0,0,1,1,0,1,1,0,0,0,1,1,0,0,0,0,0,1,0,0,1,1,0,1,0,1,0,1,1,0,0,0.628676
1,0,0,1,1,0,1,0,1,0,0,0,1,1,0,1,1,1,0,1,0,1,0,0,0,0,1,0,1,1,1,1,0.584346
0,0,1,1,0,1,1,0,1,0,1,1,0,0,1,1,0,0,0,0,1,0,0,1,0,1,0,1,0,1,0,1,0.647139
1,0,1,0,1,1,1,0,1,0,1,1,1,0,0,1,0,0,1,1,1,1,0,1,0,0,1,0,1,0,0,1,0.576780
1,0,1,1,1,0,0,1,1,1,1,1,0,0,0,0,1,0,1,0,1,0,1,0,1,1,1,0,1,1,1,1,0.632806
1,1,0,1,1,1,1,0,1,1,1,1,1,1,0,0,1,1,0,0,1,1,1,1,1,1,0,0,0,0,0,0,0.601556
1,1,1,0,0,0,1,0,1,1,0,1,0,1,1,0,0,1,1,0,0,0,0,1,1,1,1,0,0,1,1,1,0.587676
0,1,0,1,1,0,1,0,0,0,1,1,0,1,1,0,0,1,0,0,0,0,0,0,0,0,0,0,0,0,1,1,0.677296
1,1,0,1,0,0,0,1,0,1,0,0,0,0,1,1,1,0,1,1,0,1,0,1,1,0,1,1,1,1,1,1,0.560369
0,0,0,1,1,0,0,0,1,1,0,1,0,0,0,0,0,0,0,1,1,1,0,0,1,1,0,0,1,1,1,1,0.637148
0,1,0,1,1,1,1,1,1,1,1,0,1,0,1,1,0,1,0,1,1,1,0,1,0,1,1,0,0,0,0,0,0.597320
0,1,0,1,1,1,1,1,1,1,1,0,1,1,0,1,0,1,0,0,1,1,1,1,0,1,0,1,0,1,1,1,0.435955
1,0,1,1,0,1,1,1,0,1,1,1,0,0,0,0,0,0,1,0,0,1,1,0,1,1,0,0,1,1,1,1,0.562846
0,0,0,0,0,1,0,1,1,1,0,0,0,0,0,0,0,1,0,1,1,0,0,1,0,1,1,0,1,0,0,0,0.658355
0,1,1,0,1,0,0,0,0,1,1,1,1,1,0,0,0,1,0,0,1,1,0,1,1,1,0,0,0,0,1,1,0.591299
1,0,0,0,0,0,0,0,0,1,0,0,1,1,0,0,0,1,0,0,0,1,0,0,1,0,0,0,1,1,0,1,0.654705
1,0,0,1,0,0,0,1,0,1,0,1,0,0,1,1,0,0,0,0,1,1,1,1,1,0,0,1,0,1,0,0,0.615276
0,1,0,1,0,1,1,0,1,1,1,0,1,1,1,0,0,0,1,1,0,0,1,1,0,0,0,1,0,0,1,0,0.617008
0,0,1,0,1,1,0,0,1,0,1,0,1,1,0,1,1,1,0,0,0,1,0,0,0,0,0,1,1,1,0,0,0.599931
1,1,1,1,1,1,0,0,0,1,0,1,1,0,0,0,1,0,0,1,0,1,0,1,1,1,0,0,0,0,0,1,0.637015
1,0,1,0,1,1,1,1,0,0,1,0,0,0,1,0,0,0,0,0,1,0,0,0,1,0,0,1,1,1,0,1,0.635204
0,1,1,0,0,1,1,0,0,1,0,0,0,1,1,1,1,0,1,0,0,0,1,0,1,1,1,0,0,0,1,0,0.609522
0,1,0,0,1,0,0,1,0,1,1,0,1,0,0,1,0,1,0,1,1,0,1,1,1,0,0,0,1,0,0,0,0.628970
1,1,0,1,0,1,1,0,0,1,0,1,1,1,0,0,0,1,1,1,1,0,0,1,1,1,1,1,1,0,1,0,0.571585
1,0,1,1,1,0,1,0,1,0,1,1,0,1,1,0,1,0,1,1,1,0,0,0,0,0,1,1,1,1,1,0,0.655717
0,0,1,1,1,0,0,1,0,0,0,0,0,1,1,1,0,0,1,1,0,1,1,1,1,1,1,0,0,0,1,0,0.618526
1,1,1,0,0,1,1,1,1,1,0,1,0,0,0,0,0,1,1,1,0,1,0,0,0,1,1,1,1,0,0,1,0.617540
0,1,0,0,0,1,0,0,1,0,0,0,1,1,1,1,1,1,1,0,0,1,0,1,1,0,0,0,0,0,0,0,0.629982
1,1,1,0,0,1,0,0,1,0,1,1,1,0,0,0,0,0,0,0,1,1,0,0,0,0,0,1,0,1,0,0,0.615169
1,0,0,1,1,1,0,1,1,1,0,1,1,1,1,0,0,0,0,1,0,1,0,0,1,0,1,1,1,1,1,1,0.613891
0,1,1,0,1,0,1,1,0,0,1,1,0,0,0,0,0,0,0,1,0,1,1,1,0,0,1,1,0,1,1,0,0.629529
1,1,1,1,1,1,1,1,0,1,0,0,1,0,0,1,0,1,1,1,1,1,1,0,0,1,1,0,1,0,1,0,0.570626
1,0,0,0,1,1,0,1,0,1,0,0,1,1,0,1,0,0,0,0,0,1,1,0,0,1,1,1,1,1,0,0,0.662218
0,1,1,0,0,1,0,1,1,0,1,0,0,1,1,0,1,0,0,1,1,0,0,0,1,0,1,0,0,1,0,1,0.621830
1,1,1,1,0,1,1,1,0,0,1,0,1,1,1,0,0,0,1,1,1,0,1,1,0,1,1,1,0,0,0,1,0.611759
1,0,0,1,0,0,0,0,1,1,1,0,0,0,0,1,0,0,0,1,1,1,1,1,0,1,0,0,0,1,1,1,0.581042
1,1,1,0,1,0,1,1,1,1,1,0,0,0,1,0,0,1,1,0,1,1,1,0,1,0,0,0,0,0,0,1,0.577259
1,0,1,1,1,1,0,1,1,0,1,0,1,0,0,0,0,1,1,0,0,0,0,0,0,0,1,1,0,0,0,1,0.645434
0,0,0,0,1,0,1,0,0,1,0,1,0,1,1,1,1,0,1,0,0,1,1,1,0,0,0,1,1,1,1,1,0.632460
1,1,0,0,0,0,1,1,1,1,1,0,1,0,1,1,1,1,0,1,0,1,1,0,1,1,0,0,0,0,1,1,0.564445
1,0,0,1,1,1,0,0,0,0,1,0,1,0,0,1,1,0,1,0,0,0,0,0,0,1,1,0,0,0,0,1,0.648444
1,1,0,0,1,0,1,1,0,0,1,1,1,0,0,1,0,0,1,0,1,1,1,0,0,0,0,0,1,1,0,0,0.573183
0,1,1,0,1,1,1,1,1,0,1,1,1,0,0,1,0,0,1,1,1,0,0,1,1,1,0,1,1,0,0,0,0.605392
1,0,1,0,1,0,0,0,0,1,1,0,1,0,0,0,1,0,1,0,1,0,1,1,1,0,1,0,1,0,0,1,0.717338
0,0,0,1,1,0,0,0,0,0,1,0,1,0,1,0,1,1,1,0,1,0,0,1,1,0,0,0,1,0,1,0,0.690271
0,1,0,0,1,1,1,0,0,0,0,0,1,1,0,0,0,1,0,1,0,0,0,1,1,0,0,1,0,0,0,1,0.686594
0,1,0,0,1,1,0,0,1,0,0,1,0,0,1,1,0,0,0,1,1,0,0,0,1,0,0,0,1,1,0,0,0.614690
