0,1,0,1,0,1,1,0,1,0,1,1,1,1,0,0,0,0,0,1,0,0,1,0,0,0,1,1,0,0,0,1,0.516171
0,0,1,1,0,1,1,1,1,0,0,1,1,1,0,0,1,1,0,0,0,1,0,0,1,0,0,1,1,0,0,0,0.602941
1,0,0,1,1,1,1,0,0,1,0,1,0,0,0,1,0,0,1,0,1,0,1,0,1,1,1,1,0,0,0,1,0.606937
0,0,0,0,1,1,0,0,1,0,1,0,1,0,1,1,1,1,1,1,0,1,0,0,1,0,1,1,1,1,0,0,0.641118
0,0,1,0,0,1,0,0,1,1,0,0,1,0,0,1,0,0,0,1,0,0,1,0,0,1,1,1,0,1,1,1,0.703351
1,0,0,0,0,0,0,0,0,0,0,0,0,1,0,0,0,1,1,0,0,1,1,0,0,1,0,0,1,1,0,1,0.678762
0,1,0,1,0,0,0,1,1,0,0,0,1,0,0,1,1,1,1,0,1,0,1,0,1,1,1,1,0,1,0,1,0.612425
1,1,0,0,0,1,1,1,0,1,1,1,0,1,1,0,0,0,0,0,0,0,1,1,0,1,0,0,0,1,1,0,0.705429
0,1,1,1,0,1,0,0,1,1,1,1,0,0,1,0,0,0,0,1,1,0,1,1,0,1,0,1,1,0,0,1,0.592231
1,1,1,1,1,0,1,1,0,1,1,1,1,1,1,1,1,1,1,1,1,0,1,1,1,1,1,0,0,0,1,1,0.761855
1,0,1,0,0,1,1,0,1,0,1,1,1,0,0,1,1,0,0,0,1,1,0,1,0,1,0,0,1,1,0,1,0.716539
0,0,0,1,1,0,0,1,1,1,0,0,1,0,0,1,0,1,0,0,1,1,0,0,0,0,0,0,0,0,0,0,0.460358
1,0,0,0,0,1,0,1,1,0,1,0,0,0,1,0,0,1,1,0,0,0,0,0,0,0,1,0,0,0,1,1,0.545290
0,1,1,1,1,1,1,1,0,1,1,0,0,1,0,0,1,0,0,0,1,1,1,1,0,1,1,0,1,0,1,1,0.711317
0,0,1,0,1,1,0,0,1,0,1,1,0,0,1,0,1,0,1,1,1,1,0,1,1,0,1,0,0,1,0,0,0.556772
0,1,0,0,0,0,1,1,0,1,1,1,0,0,1,1,1,1,0,0,0,0,0,0,1,0,1,1,1,1,0,0,0.600650
0,0,1,1,1,1,0,0,0,1,1,1,0,0,1,1,1,1,1,1,1,0,1,1,1,0,1,0,0,1,0,1,0.727488
0,1,0,1,1,0,0,0,0,1,0,0,1,0,1,1,0,1,1,0,0,0,1,0,0,0,0,0,0,1,1,1,0.759404
0,1,1,1,0,1,0,1,0,0,0,1,0,1,1,1,0,1,0,0,0,1,0,1,1,0,1,0,0,0,0,0,0.562980
1,1,0,1,0,1,1,0,1,0,0,1,1,1,1,0,1,0,0,1,0,0,0,0,0,0,0,0,1,0,1,1,0.581708
1,1,1,0,1,0,1,1,1,0,0,1,0,0,1,0,0,0,0,1,1,1,1,0,1,0,1,1,0,0,0,1,0.643516
0,0,1,1,1,1,1,0,1,1,0,0,1,0,1,0,0,0,1,1,1,1,0,1,0,0,0,1,0,1,1,0,0.610374
1,1,1,0,1,1,0,0,0,1,1,0,0,1,0,1,1,0,1,0,1,1,0,1,1,0,0,1,1,0,1,0,0.605072
0,1,1,1,0,1,0,1,0,1,1,1,0,1,0,1,0,0,0,0,0,0,0,0,0,1,1,0,0,0,0,0,0.513454
1,0,0,0,0,1,1,0,0,0,1,0,1,0,0,0,1,0,1,1,0,0,1,0,0,0,1,0,0,0,1,1,0.546622
1,0,1,0,0,1,0,0,1,1,1,1,0,1,1,0,0,0,0,0,0,1,0,0,1,1,1,0,0,1,1,0,0.656676
0,0,1,0,0,0,0,1,1,1,1,0,0,1,0,1,1,0,0,1,1,1,1,1,1,0,1,1,1,1,1,0,0.669917
1,0,0,1,1,1,1,0,1,0,1,1,1,1,1,1,1,1,0,0,1,0,0,0,1,0,0,1,1,0,1,1,0.723998
0,1,1,0,0,1,1,0,1,0,1,0,1,1,0,1,0,1,0,1,0,1,1,1,0,1,1,0,1,1,0,1,0.976130
1,1,0,1,0,0,1,1,0,0,0,1,1,0,0,0,1,0,0,0,1,1,1,1,0,1,0,1,1,1,1,0,0.704257
0,0,0,1,0,1,0,0,0,0,1,0,0,0,1,1,0,1,1,1,1,1,1,1,1,0,0,1,1,0,0,1,0.647805
0,0,1,0,0,0,0,1,0,0,0,1,0,0,1,1,1,1,1,0,0,0,1,0,1,0,0,1,1,1,1,1,0.664882
1,0,0,1,0,0,1,0,0,1,1,0,0,0,0,1,1,1,0,0,0,1,0,1,1,1,1,0,1,1,1,0,0.654918
0,1,0,1,0,1,0,0,0,1,1,0,1,0,0,1,0,0,1,1,0,1,1,1,0,1,1,0,0,0,1,0,0.593617
0,1,0,1,0,1,1,1,0,0,1,0,0,0,0,0,1,0,1,0,0,1,1,0,1,1,1,1,0,1,1,1,0.644581
0,0,1,0,1,0,1,1,0,1,0,0,0,1,0,0,0,1,1,0,1,1,1,0,1,1,1,0,0,1,0,1,0.664003
1,1,1,1,1,1,1,1,1,1,1,1,0,1,0,1,1,1,0,0,0,0,1,0,0,0,1,0,1,0,0,1,0.644768
1,0,1,0,1,0,1,1,0,1,1,0,0,0,1,0,1,1,1,0,0,1,0,0,1,0,1,1,0,1,0,1,0.606804
1,0,1,0,0,1,0,0,0,1,1,0,1,1,0,1,1,1,1,1,1,1,1,0,1,0,0,0,0,1,1,1,0.832507
0,1,1,1,1,0,0,1,0,1,0,1,0,0,0,1,0,1,0,0,0,0,1,1,0,0,0,1,0,1,1,1,0.733456
0,0,1,1,0,0,1,0,0,1,1,1,0,0,0,1,0,1,1,1,1,1,0,1,1,0,0,1,0,1,1,1,0.766944
0,0,0,1,1,0,0,0,0,1,1,0,0,0,1,0,1,1,0,0,1,1,0,0,1,0,0,1,1,1,1,1,0.588528
1,1,0,1,1,0,0,0,0,0,0,1,1,1,0,0,0,0,0,0,0,0,1,1,1,1,1,0,0,1,1,1,0.748082
0,0,0,1,1,1,0,1,0,0,0,1,0,0,1,0,1,1,0,1,1,0,1,0,1,1,0,0,0,1,0,1,0.574222
1,1,0,0,1,1,1,1,0,0,0,0,0,0,0,0,1,0,0,0,1,0,0,0,1,1,0,0,1,1,0,0,0.742993
1,0,1,0,0,1,0,0,1,0,1,0,1,1,0,0,1,1,1,0,1,1,0,0,0,0,1,1,1,0,0,0,0.637521
0,1,0,0,1,1,1,1,0,0,1,1,0,1,1,1,0,1,1,0,1,0,1,0,1,1,1,1,1,1,0,1,0.719283
1,0,1,0,0,0,0,0,1,1,1,1,1,1,0,0,1,1,1,0,1,0,1,1,1,1,0,0,1,1,1,1,0.775629
0,1,1,1,1,0,1,1,0,1,1,1,1,0,1,1,0,0,1,1,1,0,1,0,0,0,0,0,1,1,1,0,0.795263
1,1,0,1,0,1,1,1,0,1,1,1,0,0,1,0,1,0,0,1,1,0,0,1,0,1,0,1,1,1,0,0,0.657555
1,0,0,0,1,1,1,0,0,0,0,1,1,0,1,1,1,1,0,1,0,0,1,0,0,0,1,0,0,1,1,0,0.573876
0,1,0,1,0,0,1,1,0,0,1,0,0,1,0,1,1,1,0,0,1,0,1,1,1,0,0,0,0,0,0,0,0.637228
1,0,1,1,0,0,1,0,0,0,1,0,0,1,0,1,0,1,0,0,1,0,1,1,0,1,1,1,1,1,0,1,0.725250
1,0,0,0,0,1,1,1,1,1,0,1,1,1,0,0,1,0,1,0,0,1,1,0,1,0,1,1,1,1,1,0,0.628996
0,1,0,1,0,0,0,0,0,1,1,0,0,1,0,0,0,1,1,1,0,1,1,1,0,0,0,0,1,1,0,0,0.654039
1,0,1,1,0,0,0,0,0,1,0,0,0,0,0,0,0,1,1,1,0,0,1,1,0,1,1,1,1,1,1,0,0.638987
0,0,0,1,1,1,1,1,0,1,1,0,1,1,1,0,0,0,0,0,0,1,0,1,1,0,0,1,1,0,0,1,0.594309
0,0,1,1,0,0,1,0,1,1,0,1,1,0,1,0,0,0,1,0,0,0,1,1,0,0,0,0,1,1,0,1,0.671995
0,0,1,0,1,0,0,0,0,1,0,1,0,0,0,1,1,1,0,1,0,1,0,1,0,0,0,0,0,1,0,1,0.705776
1,0,1,0,0,0,1,0,0,1,1,1,0,1,0,0,1,1,0,0,0,0,0,0,1,1,0,1,1,1,1,1,0.565351
1,0,0,1,0,0,1,1,0,0,1,1,1,0,0,1,0,0,1,1,0,1,0,1,0,1,1,1,0,1,1,1,0.783408
1,0,0,0,1,1,0,1,0,0,1,1,1,0,0,0,0,1,0,1,0,0,0,1,0,0,0,0,1,0,1,1,0.589807
1,0,0,0,1,1,0,0,0,1,1,1,0,0,1,1,1,1,0,0,0,1,1,0,0,1,1,0,1,0,1,0,0.620951
0,1,0,0,1,1,0,1,0,1,1,1,1,1,0,0,1,1,1,0,0,1,0,0,0,0,1,1,1,1,0,0,0.655318
0,1,0,1,1,0,0,0,0,1,1,0,1,1,0,0,1,0,0,1,1,0,0,1,0,0,0,1,1,1,1,1,0.679881
1,0,0,0,0,1,0,0,0,0,0,0,0,0,0,0,1,1,0,1,1,1,1,0,1,0,0,0,1,1,0,1,0.619379
1,0,0,0,1,0,0,1,0,1,1,1,1,0,0,1,0,1,0,1,1,0,0,1,1,1,1,1,0,0,1,1,0.738757
1,1,1,1,1,0,1,1,0,0,1,0,0,1,1,1,0,0,1,0,0,0,1,1,0,0,1,0,1,1,1,0,0.793452
0,0,1,1,1,0,1,0,1,1,0,0,0,0,1,0,1,0,0,0,0,1,1,1,1,0,0,1,1,0,1,1,0.642716
0,0,1,1,1,1,1,0,1,1,0,1,0,1,0,0,1,0,1,1,0,0,1,0,1,0,0,1,1,0,1,0,0.660886
0,1,0,1,0,0,0,0,0,0,0,0,0,1,1,0,0,0,1,0,1,1,0,0,0,1,0,1,0,0,1,1,0.474105
1,0,0,0,0,1,1,0,1,0,1,0,0,0,0,0,1,0,0,0,0,0,1,1,0,1,0,1,0,0,0,1,0.570466
1,0,0,1,1,0,1,1,1,1,1,1,0,0,0,0,0,0,0,1,1,0,1,0,1,0,0,0,1,0,0,0,0.788736
0,1,0,1,0,0,0,0,1,0,0,1,0,0,0,1,0,1,1,0,1,0,1,0,0,1,0,1,1,1,1,1,0.619219
0,0,0,1,0,1,0,1,1,1,1,1,0,1,0,1,1,1,0,0,1,1,1,0,1,0,1,1,1,0,0,1,0.639253
1,0,1,1,1,0,0,1,0,0,0,0,1,0,0,0,0,1,1,1,0,0,1,0,0,0,1,0,1,1,0,1,0.577526
0,0,1,0,0,0,0,1,0,0,1,1,0,0,1,0,0,0,1,0,1,1,0,0,1,1,1,0,1,0,0,1,0.431612
0,0,1,0,1,0,0,0,1,1,0,1,1,1,1,0,1,1,0,0,0,1,1,1,0,1,1,0,1,0,1,1,0.719762
0,1,1,0,1,1,0,1,0,0,0,0,0,0,0,0,1,0,0,1,0,1,0,0,1,0,0,1,0,1,1,0,0.545343
0,1,1,1,0,1,0,0,0,1,1,0,0,0,0,1,1,1,0,1,0,1,0,0,0,0,0,0,1,1,1,1,0.709879
0,1,1,1,1,1,1,0,0,0,1,0,0,1,0,0,1,1,0,0,0,0,0,0,0,1,0,0,1,0,1,0,0.555040
1,1,1,1,0,0,1,0,1,0,0,0,0,1,0,1,1,1,0,0,1,0,0,1,1,0,0,0,1,0,0,0,0.671302
0,1,0,1,0,0,1,1,1,0,1,1,1,0,0,0,1,1,0,1,0,0,0,1,0,1,0,1,1,0,1,0,0.621030
0,0,0,1,1,1,0,1,0,0,0,1,0,0,1,0,0,0,0,1,0,0,1,1,0,0,0,0,1,0,1,0,0.504103
1,0,1,1,1,0,0,1,0,1,1,1,0,0,0,1,1,0,1,0,1,0,1,1,0,1,0,1,0,0,1,1,0.669810
1,0,0,0,0,0,0,1,1,1,0,0,1,0,0,0,0,1,1,0,0,0,0,0,1,1,1,0,0,0,0,1,0.566336
1,0,1,1,0,0,0,0,1,1,1,1,0,1,1,0,0,0,0,0,1,1,1,0,1,0,0,0,1,0,0,1,0.618926
1,0,0,1,0,0,0,0,1,1,0,0,1,1,0,0,0,0,1,1,1,1,0,1,1,0,0,0,1,1,1,1,0.812047
0,0,0,0,1,0,1,1,0,0,1,1,1,1,0,0,1,0,0,1,1,1,0,0,1,1,1,0,1,1,1,1,0.632220
0,1,0,0,1,1,0,1,0,0,0,0,1,0,1,1,0,1,1,1,1,0,0,1,1,1,1,0,0,0,0,1,0.629715
1,0,0,1,1,0,1,0,1,1,1,1,0,0,0,1,0,1,0,1,1,0,0,0,0,0,0,0,1,0,0,1,0.588342
0,0,0,0,0,1,1,1,1,0,0,0,0,0,0,0,1,1,1,1,1,0,0,0,0,1,0,0,1,1,0,1,0.515159
1,0,1,0,0,1,0,0,1,1,1,0,1,1,1,0,1,0,0,0,1,0,0,0,1,1,0,0,0,1,1,1,0.666533
1,1,1,0,0,0,1,0,1,0,0,0,0,1,0,0,0,0,1,0,0,1,0,0,0,1,1,0,1,0,0,0,0.692295
1,0,1,0,0,1,0,0,0,0,1,1,1,0,1,0,0,0,1,0,1,1,1,0,1,0,1,0,1,1,0,0,0.548833
0,0,0,1,1,1,0,1,1,0,0,1,1,1,0,1,1,1,1,1,1,1,0,1,0,0,0,1,0,1,0,0,0.633845
0,0,0,0,1,0,0,1,0,1,1,1,0,1,0,0,1,1,1,1,1,0,0,0,0,0,1,0,0,0,0,0,0.509751
0,0,0,1,1,0,0,1,1,0,1,0,1,0,1,0,0,1,0,0,1,0,0,1,0,0,1,1,1,1,1,0,0.541747
0,0,0,1,1,0,0,0,1,1,1,1,0,1,1,1,1,1,1,1,1,0,1,0,0,0,0,0,1,0,1,1,0.678522
1,1,1,0,1,0,1,1,0,0,0,1,1,0,1,0,0,0,1,1,1,0,0,0,0,0,1,0,0,0,0,0,0.692056
1,1,0,1,0,0,0,0,1,1,1,1,0,0,1,0,0,1,0,0,1,1,0,0,0,1,0,1,1,0,1,0,0.590207
0,1,1,1,1,0,1,0,0,1,1,1,1,1,1,1,0,1,0,0,0,0,0,0,0,0,0,1,1,0,1,1,0.596494
1,1,1,0,0,0,0,0,1,0,1,0,0,1,1,1,0,0,0,1,0,1,0,1,0,0,0,1,0,0,1,1,0.667279
1,1,0,1,0,0,1,0,0,0,1,0,0,0,0,0,0,0,1,0,0,0,1,1,0,1,1,0,0,0,1,0,0.555840
1,0,0,0,1,1,0,0,1,1,0,1,1,1,0,1,0,0,0,1,1,1,0,1,1,1,0,0,0,1,0,0,0.684117
0,1,0,0,0,0,0,0,1,1,0,1,1,1,1,1,1,0,0,0,0,0,1,0,1,0,1,0,1,0,1,1,0.692642
0,0,1,1,1,0,1,0,0,0,1,1,0,1,1,0,1,0,1,1,1,1,1,1,0,1,1,1,1,0,1,0,0.698449
0,0,1,0,0,0,0,1,0,1,1,1,1,1,1,1,1,1,0,0,1,1,0,1,1,1,1,0,1,1,1,0,0.711397
1,1,0,0,0,1,1,1,1,0,1,0,1,1,1,0,0,0,0,0,0,1,0,0,0,1,0,0,0,0,1,1,0.601636
1,1,1,0,0,1,0,1,0,1,0,1,0,0,0,0,1,1,0,0,1,0,0,0,0,1,0,0,1,1,0,1,0.649856
0,0,1,0,1,1,1,0,1,0,1,0,0,0,1,0,0,0,1,1,0,0,0,0,1,1,1,1,1,1,1,0,0.566656
0,1,1,1,1,1,0,0,0,0,0,0,1,1,0,0,1,0,1,1,1,1,0,0,1,0,0,0,1,0,1,1,0.690244
0,0,0,1,1,0,0,1,0,1,1,0,1,0,1,1,0,1,0,0,0,0,0,1,1,0,1,0,0,1,1,0,0.623481
0,0,0,1,1,1,1,0,0,1,1,1,1,1,0,1,0,1,1,0,1,0,1,1,0,0,1,1,1,1,1,1,0.776987
0,1,1,0,0,1,1,0,0,0,1,0,1,1,1,0,1,0,1,1,0,1,0,0,0,1,1,1,1,1,0,1,0.689631
0,0,0,0,1,1,1,0,1,0,1,1,1,1,1,1,0,1,1,0,0,0,1,0,0,0,1,0,0,0,0,0,0.642876
0,0,1,0,0,0,1,1,0,1,0,1,1,0,0,1,0,1,0,1,0,0,1,1,0,0,1,1,0,1,1,0,0.549952
0,0,0,0,1,0,0,0,0,0,0,0,1,1,0,1,0,0,0,1,1,0,1,1,0,0,1,0,1,1,1,0,0.730206
0,1,1,0,1,0,0,1,0,0,0,1,0,0,1,1,1,1,0,0,1,0,0,1,0,0,0,1,0,0,0,0,0.617194
1,0,0,0,0,1,0,0,0,1,1,1,0,0,1,1,0,0,0,1,1,0,0,0,0,0,0,1,0,1,1,0,0.509404
1,0,1,1,0,0,1,1,1,0,0,1,1,1,0,1,1,0,1,0,1,1,1,1,1,1,0,1,0,0,0,0,0.630275
1,1,1,1,0,0,1,0,0,0,1,1,1,1,1,0,0,0,1,1,0,0,0,0,0,1,1,0,0,1,1,1,0.644262
0,0,1,0,0,0,0,1,1,1,1,0,1,0,0,1,1,1,0,0,0,0,1,0,0,1,1,1,0,1,0,0,0.593936
1,0,1,1,0,1,1,1,1,0,1,1,0,1,1,0,1,1,0,1,0,0,1,0,0,1,0,1,1,1,0,0,0.641171
1,0,0,0,0,0,1,1,0,0,0,0,1,1,1,0,0,0,0,1,1,0,1,1,1,1,1,0,1,1,0,0,0.644661
0,0,0,1,1,0,1,1,1,1,1,1,1,1,0,0,0,1,1,0,0,0,1,0,1,0,0,1,1,0,1,0,0.587303
0,0,0,0,0,1,0,1,1,1,0,0,1,0,0,1,1,1,0,1,1,1,1,0,1,0,1,1,0,0,1,0,0.571052
0,1,1,0,1,1,1,1,0,1,1,1,1,1,1,0,0,0,0,0,0,0,1,0,0,0,0,1,0,1,0,1,0.563699
