0,0,0,0,1,1,0,0,1,0,1,0,1,0,1,1,1,1,1,1,0,1,0,0,1,0,1,1,1,1,0,0,0.637495
0,1,1,1,1,1,1,0,0,0,1,0,0,1,0,0,1,1,0,0,0,0,0,0,0,1,0,0,1,0,1,0,0.562180
0,0,1,1,1,1,1,0,1,1,0,1,0,1,0,0,1,0,1,1,0,0,1,0,1,0,0,1,1,0,1,0,0.669704
0,1,0,0,1,1,1,1,0,0,1,1,0,1,1,1,0,1,1,0,1,0,1,0,1,1,1,1,1,1,0,1,0.710358
1,1,1,0,1,0,1,1,1,0,0,1,0,0,1,0,0,0,0,1,1,1,1,0,1,0,1,1,0,0,0,1,0.639599
0,0,1,1,1,0,1,0,0,0,1,1,0,1,1,0,1,0,1,1,1,1,1,1,0,1,1,1,1,0,1,0,0.696665
0,0,1,0,0,0,0,1,0,0,1,1,0,0,1,0,0,0,1,0,1,1,0,0,1,1,1,0,1,0,0,1,0.429881
1,0,0,0,1,1,1,0,0,0,0,1,1,0,1,1,1,1,0,1,0,0,1,0,0,0,1,0,0,1,1,0,0.568601
1,1,0,1,0,0,1,0,0,0,1,0,0,0,0,0,0,0,1,0,0,0,1,1,0,1,1,0,0,0,1,0,0.569960
0,0,0,1,0,1,0,0,0,0,1,0,0,0,1,1,0,1,1,1,1,1,1,1,1,0,0,1,1,0,0,1,0.644182
1,1,1,0,0,0,1,0,1,0,0,0,0,1,0,0,0,0,1,0,0,1,0,0,0,1,1,0,1,0,0,0,0.692349
1,0,1,0,0,0,1,0,0,1,1,1,0,1,0,0,1,1,0,0,0,0,0,0,1,1,0,1,1,1,1,1,0.559863
0,0,1,0,0,0,0,1,1,1,1,0,1,0,0,1,1,1,0,0,0,0,1,0,0,1,1,1,0,1,0,0,0.595828
1,0,1,1,0,0,0,0,1,1,1,1,0,1,1,0,0,0,0,0,1,1,1,0,1,0,0,0,1,0,0,1,0.624281
1,0,1,0,1,0,1,1,0,1,1,0,0,0,1,0,1,1,1,0,0,1,0,0,1,0,1,1,0,1,0,1,0.604993
0,0,0,1,1,1,0,1,0,0,0,1,0,0,1,0,1,1,0,1,1,0,1,0,1,1,0,0,0,1,0,1,0.563539
0,1,1,1,0,1,0,1,0,1,1,1,0,1,0,1,0,0,0,0,0,0,0,0,0,1,1,0,0,0,0,0,0.518835
1,1,1,1,1,0,1,1,0,1,1,1,1,1,1,1,1,1,1,1,1,0,1,1,1,1,1,0,0,0,1,1,0.747682
0,1,0,1,0,0,0,0,0,1,1,0,0,1,0,0,0,1,1,1,0,1,1,1,0,0,0,0,1,1,0,0,0.664935
1,1,1,0,0,1,0,1,0,1,0,1,0,0,0,0,1,1,0,0,1,0,0,0,0,1,0,0,1,1,0,1,0.644262
1,0,1,1,0,0,1,0,0,0,1,0,0,1,0,1,0,1,0,0,1,0,1,1,0,1,1,1,1,1,0,1,0.718111
0,0,1,0,0,0,0,1,0,0,0,1,0,0,1,1,1,1,1,0,0,0,1,0,1,0,0,1,1,1,1,1,0.666427
1,0,0,1,1,1,1,0,1,0,1,1,1,1,1,1,1,1,0,0,1,0,0,0,1,0,0,1,1,0,1,1,0.709692
0,0,0,1,1,1,1,0,0,1,1,1,1,1,0,1,0,1,1,0,1,0,1,1,0,0,1,1,1,1,1,1,0.769768
1,0,0,0,1,1,0,0,1,1,0,1,1,1,0,1,0,0,0,1,1,1,0,1,1,1,0,0,0,1,0,0,0.689658
1,0,0,1,1,1,1,0,0,1,0,1,0,0,0,1,0,0,1,0,1,0,1,0,1,1,1,1,0,0,0,1,0.601449
0,1,1,1,1,0,1,1,0,1,1,1,1,0,1,1,0,0,1,1,1,0,1,0,0,0,0,0,1,1,1,0,0.805946
0,1,0,0,1,1,0,1,0,0,0,0,1,0,1,1,0,1,1,1,1,0,0,1,1,1,1,0,0,0,0,1,0.617221
1,0,1,0,0,1,0,0,1,1,1,0,1,1,1,0,1,0,0,0,1,0,0,0,1,1,0,0,0,1,1,1,0.660965
0,1,0,1,1,0,0,0,0,1,1,0,1,1,0,0,1,0,0,1,1,0,0,1,0,0,0,1,1,1,1,1,0.667466
0,0,0,1,1,0,0,0,0,1,1,0,0,0,1,0,1,1,0,0,1,1,0,0,1,0,0,1,1,1,1,1,0.581442
1,0,1,0,0,1,0,0,0,1,1,0,1,1,0,1,1,1,1,1,1,1,1,0,1,0,0,0,0,1,1,1,0.832561
0,0,0,0,1,0,1,1,0,0,1,1,1,1,0,0,1,0,0,1,1,1,0,0,1,1,1,0,1,1,1,1,0.630541
0,1,1,1,0,1,0,0,0,1,1,0,0,0,0,1,1,1,0,1,0,1,0,0,0,0,0,0,1,1,1,1,0.704577
0,0,0,1,1,0,1,1,1,1,1,1,1,1,0,0,0,1,1,0,0,0,1,0,1,0,0,1,1,0,1,0,0.585411
0,0,1,1,1,1,1,0,1,1,0,0,1,0,1,0,0,0,1,1,1,1,0,1,0,0,0,1,0,1,1,0,0.622869
0,0,1,1,0,0,1,0,1,1,0,1,1,0,1,0,0,0,1,0,0,0,1,1,0,0,0,0,1,1,0,1,0.661179
1,0,1,1,0,1,1,1,1,0,1,1,0,1,1,0,1,1,0,1,0,0,1,0,0,1,0,1,1,1,0,0,0.648311
0,1,0,1,0,0,1,1,0,0,1,0,0,1,0,1,1,1,0,0,1,0,1,1,1,0,0,0,0,0,0,0,0.633525
1,0,0,0,1,1,0,0,0,1,1,1,0,0,1,1,1,1,0,0,0,1,1,0,0,1,1,0,1,0,1,0,0.610214
1,1,1,1,0,0,1,0,0,0,1,1,1,1,1,0,0,0,1,1,0,0,0,0,0,1,1,0,0,1,1,1,0.633605
1,0,0,1,0,0,1,1,0,0,1,1,1,0,0,1,0,0,1,1,0,1,0,1,0,1,1,1,0,1,1,1,0.783381
0,0,1,0,1,0,1,1,0,1,0,0,0,1,0,0,0,1,1,0,1,1,1,0,1,1,1,0,0,1,0,1,0.653426
1,0,0,0,0,1,0,0,0,0,0,0,0,0,0,0,1,1,0,1,1,1,1,0,1,0,0,0,1,1,0,1,0.619539
1,0,1,1,0,0,1,1,1,0,0,1,1,1,0,1,1,0,1,0,1,1,1,1,1,1,0,1,0,0,0,0,0.632087
0,1,0,1,0,0,1,1,1,0,1,1,1,0,0,0,1,1,0,1,0,0,0,1,0,1,0,1,1,0,1,0,0.619112
1,0,0,0,1,1,0,1,0,0,1,1,1,0,0,0,0,1,0,1,0,0,0,1,0,0,0,0,1,0,1,1,0.588022
0,1,0,1,0,0,0,1,1,0,0,0,1,0,0,1,1,1,1,0,1,0,1,0,1,1,1,1,0,1,0,1,0.607097
0,0,1,0,1,1,0,0,1,0,1,1,0,0,1,0,1,0,1,1,1,1,0,1,1,0,1,0,0,1,0,0,0.532023
0,1,0,1,0,0,0,0,1,0,0,1,0,0,0,1,0,1,1,0,1,0,1,0,0,1,0,1,1,1,1,1,0.611813
0,0,0,1,1,0,0,1,1,0,1,0,1,0,1,0,0,1,0,0,1,0,0,1,0,0,1,1,1,1,1,0,0.536418
0,0,0,1,1,0,0,1,1,1,0,0,1,0,0,1,0,1,0,0,1,1,0,0,0,0,0,0,0,0,0,0,0.478447
1,0,1,0,0,0,0,0,1,1,1,1,1,1,0,0,1,1,1,0,1,0,1,1,1,1,0,0,1,1,1,1,0.764733
1,0,0,0,1,0,0,1,0,1,1,1,1,0,0,1,0,1,0,1,1,0,0,1,1,1,1,1,0,0,1,1,0.742247
0,0,1,0,1,0,0,0,1,1,0,1,1,1,1,0,1,1,0,0,0,1,1,1,0,1,1,0,1,0,1,1,0.709026
1,0,0,1,0,0,0,0,1,1,0,0,1,1,0,0,0,0,1,1,1,1,0,1,1,0,0,0,1,1,1,1,0.811994
0,1,0,1,0,0,0,0,0,0,0,0,0,1,1,0,0,0,1,0,1,1,0,0,0,1,0,1,0,0,1,1,0.481191
1,1,1,1,1,1,1,1,1,1,1,1,0,1,0,1,1,1,0,0,0,0,1,0,0,0,1,0,1,0,0,1,0.650149
0,0,0,1,1,0,0,1,0,1,1,0,1,0,1,1,0,1,0,0,0,0,0,1,1,0,1,0,0,1,1,0,0.623295
1,1,0,0,0,1,1,1,0,1,1,1,0,1,1,0,0,0,0,0,0,0,1,1,0,1,0,0,0,1,1,0,0.703485
1,0,0,0,0,1,1,1,1,1,0,1,1,1,0,0,1,0,1,0,0,1,1,0,1,0,1,1,1,1,1,0,0.632619
0,0,1,0,1,0,0,0,0,1,0,1,0,0,0,1,1,1,0,1,0,1,0,1,0,0,0,0,0,1,0,1,0.700527
0,1,1,0,0,1,1,0,1,0,1,0,1,1,0,1,0,1,0,1,0,1,1,1,0,1,1,0,1,1,0,1,0.972506
0,1,0,0,0,0,0,0,1,1,0,1,1,1,1,1,1,0,0,0,0,0,1,0,1,0,1,0,1,0,1,1,0.683664
1,0,1,1,1,0,0,1,0,1,1,1,0,0,0,1,1,0,1,0,1,0,1,1,0,1,0,1,0,0,1,1,0.671835
0,0,0,1,1,1,0,1,1,0,0,1,1,1,0,1,1,1,1,1,1,1,0,1,0,0,0,1,0,1,0,0,0.639093
1,0,0,1,0,0,1,0,0,1,1,0,0,0,0,1,1,1,0,0,0,1,0,1,1,1,1,0,1,1,1,0,0.660246
0,1,1,1,1,0,1,0,0,1,1,1,1,1,1,1,0,1,0,0,0,0,0,0,0,0,0,1,1,0,1,1,0.587543
1,1,1,0,1,0,1,1,0,0,0,1,1,0,1,0,0,0,1,1,1,0,0,0,0,0,1,0,0,0,0,0,0.675831
0,0,1,1,0,0,1,0,0,1,1,1,0,0,0,1,0,1,1,1,1,1,0,1,1,0,0,1,0,1,1,1,0.758046
1,0,0,1,1,0,1,0,1,1,1,1,0,0,0,1,0,1,0,1,1,0,0,0,0,0,0,0,1,0,0,1,0.584985
0,1,0,1,0,1,1,0,1,0,1,1,1,1,0,0,0,0,0,1,0,0,1,0,0,0,1,1,0,0,0,1,0.526934
0,1,0,0,0,0,1,1,0,1,1,1,0,0,1,1,1,1,0,0,0,0,0,0,1,0,1,1,1,1,0,0,0.602515
1,1,0,1,0,0,1,1,0,0,0,1,1,0,0,0,1,0,0,0,1,1,1,1,0,1,0,1,1,1,1,0,0.706095
0,1,0,1,0,1,0,0,0,1,1,0,1,0,0,1,0,0,1,1,0,1,1,1,0,1,1,0,0,0,1,0,0.598972
0,1,1,1,0,1,0,0,1,1,1,1,0,0,1,0,0,0,0,1,1,0,1,1,0,1,0,1,1,0,0,1,0.588608
0,0,1,1,1,0,1,0,1,1,0,0,0,0,1,0,1,0,0,0,0,1,1,1,1,0,0,1,1,0,1,1,0.640905
0,0,1,0,0,0,0,1,1,1,1,0,0,1,0,1,1,0,0,1,1,1,1,1,1,0,1,1,1,1,1,0,0.669890
1,0,1,0,0,1,0,0,1,0,1,0,1,1,0,0,1,1,1,0,1,1,0,0,0,0,1,1,1,0,0,0,0.637521
1,0,0,0,0,0,0,1,1,1,0,0,1,0,0,0,0,1,1,0,0,0,0,0,1,1,1,0,0,0,0,1,0.564658
1,1,0,0,1,1,1,1,0,0,0,0,0,0,0,0,1,0,0,0,1,0,0,0,1,1,0,0,1,1,0,0,0.739290
1,0,1,0,0,1,1,0,1,0,1,1,1,0,0,1,1,0,0,0,1,1,0,1,0,1,0,0,1,1,0,1,0.711104
0,0,1,0,0,0,0,1,0,1,1,1,1,1,1,1,1,1,0,0,1,1,0,1,1,1,1,0,1,1,1,0,0.711290
0,1,1,0,1,0,0,1,0,0,0,1,0,0,1,1,1,1,0,0,1,0,0,1,0,0,0,1,0,0,0,0,0.627877
1,0,0,0,0,0,0,0,0,0,0,0,0,1,0,0,0,1,1,0,0,1,1,0,0,1,0,0,1,1,0,1,0.678815
1,1,0,0,0,1,1,1,1,0,1,0,1,1,1,0,0,0,0,0,0,1,0,0,0,1,0,0,0,0,1,1,0.601503
1,0,1,1,1,0,0,1,0,0,0,0,1,0,0,0,0,1,1,1,0,0,1,0,0,0,1,0,1,1,0,1,0.573956
1,1,1,0,0,0,0,0,1,0,1,0,0,1,1,1,0,0,0,1,0,1,0,1,0,0,0,1,0,0,1,1,0.661925
1,1,1,1,1,0,1,1,0,0,1,0,0,1,1,1,0,0,1,0,0,0,1,1,0,0,1,0,1,1,1,0,0.793585
0,1,0,1,0,1,1,1,0,0,1,0,0,0,0,0,1,0,1,0,0,1,1,0,1,1,1,1,0,1,1,1,0.642663
0,0,1,1,0,1,1,1,1,0,0,1,1,1,0,0,1,1,0,0,0,1,0,0,1,0,0,1,1,0,0,0,0.601210
0,0,0,1,1,1,1,1,0,1,1,0,1,1,1,0,0,0,0,0,0,1,0,1,1,0,0,1,1,0,0,1,0.592631
1,0,1,1,0,0,0,0,0,1,0,0,0,0,0,0,0,1,1,1,0,0,1,1,0,1,1,1,1,1,1,0,0.628197
1,1,0,1,0,1,1,1,0,1,1,1,0,0,1,0,1,0,0,1,1,0,0,1,0,1,0,1,1,1,0,0,0.655717
1,1,0,1,1,0,0,0,0,0,0,1,1,1,0,0,0,0,0,0,0,0,1,1,1,1,1,0,0,1,1,1,0.731991
0,0,0,1,0,1,0,1,1,1,1,1,0,1,0,1,1,1,0,0,1,1,1,0,1,0,1,1,1,0,0,1,0.630355
0,1,1,1,0,1,0,1,0,0,0,1,0,1,1,1,0,1,0,0,0,1,0,1,1,0,1,0,0,0,0,0,0.570013
1,1,0,1,0,0,0,0,1,1,1,1,0,0,1,0,0,1,0,0,1,1,0,0,0,1,0,1,1,0,1,0,0.590153
1,1,1,0,1,1,0,0,0,1,1,0,0,1,0,1,1,0,1,0,1,1,0,1,1,0,0,1,1,0,1,0,0.601449
0,0,0,0,1,0,0,1,0,1,1,1,0,1,0,0,1,1,1,1,1,0,0,0,0,0,1,0,0,0,0,0,0.515105
0,0,0,0,1,0,0,0,0,0,0,0,1,1,0,1,0,0,0,1,1,0,1,1,0,0,1,0,1,1,1,0,0.730445
1,1,1,1,0,0,1,0,1,0,0,0,0,1,0,1,1,1,0,0,1,0,0,1,1,0,0,0,1,0,0,0,0.676604
0,0,0,0,0,1,0,1,1,1,0,0,1,0,0,1,1,1,0,1,1,1,1,0,1,0,1,1,0,0,1,0,0.578325
1,0,0,1,1,0,1,1,1,1,1,1,0,0,0,0,0,0,0,1,1,0,1,0,1,0,0,0,1,0,0,0,0.776135
0,0,0,1,1,0,0,0,1,1,1,1,0,1,1,1,1,1,1,1,1,0,1,0,0,0,0,0,1,0,1,1,0.667732
0,0,0,0,0,1,1,1,1,0,0,0,0,0,0,0,1,1,1,1,1,0,0,0,0,1,0,0,1,1,0,1,0.516890
1,1,0,1,0,1,1,0,1,0,0,1,1,1,1,0,1,0,0,1,0,0,0,0,0,0,0,0,1,0,1,1,0.585225
1,0,0,0,0,1,1,0,1,0,1,0,0,0,0,0,1,0,0,0,0,0,1,1,0,1,0,1,0,0,0,1,0.557944
1,0,0,0,0,1,0,0,0,1,1,1,0,0,1,1,0,0,0,1,1,0,0,0,0,0,0,1,0,1,1,0,0.513107
0,0,0,1,1,1,0,1,0,0,0,1,0,0,1,0,0,0,0,1,0,0,1,1,0,0,0,0,1,0,1,0,0.504209
0,0,1,0,0,0,1,1,0,1,0,1,1,0,0,1,0,1,0,1,0,0,1,1,0,0,1,1,0,1,1,0,0.542866
0,1,1,0,0,1,1,0,0,0,1,0,1,1,1,0,1,0,1,1,0,1,0,0,0,1,1,1,1,1,0,1,0.680627
0,1,1,1,1,1,1,1,0,1,1,0,0,1,0,0,1,0,0,0,1,1,1,1,0,1,1,0,1,0,1,1,0.705856
0,0,1,0,1,1,1,0,1,0,1,0,0,0,1,0,0,0,1,1,0,0,0,0,1,1,1,1,1,1,1,0,0.559649
0,0,1,1,1,1,0,0,0,1,1,1,0,0,1,1,1,1,1,1,1,0,1,1,1,0,1,0,0,1,0,1,0.711264
0,1,1,1,1,1,0,0,0,0,0,0,1,1,0,0,1,0,1,1,1,1,0,0,1,0,0,0,1,0,1,1,0.697490
0,1,0,1,1,0,0,0,0,1,0,0,1,0,1,1,0,1,1,0,0,0,1,0,0,0,0,0,0,1,1,1,0.754129
1,0,1,0,0,1,0,0,0,0,1,1,1,0,1,0,0,0,1,0,1,1,1,0,1,0,1,0,1,1,0,0,0.570253
0,0,0,0,1,1,1,0,1,0,1,1,1,1,1,1,0,1,1,0,0,0,1,0,0,0,1,0,0,0,0,0,0.648204
0,1,1,0,1,1,1,1,0,1,1,1,1,1,1,0,0,0,0,0,0,0,1,0,0,0,0,1,0,1,0,1,0.561861
0,1,1,0,1,1,0,1,0,0,0,0,0,0,0,0,1,0,0,1,0,1,0,0,1,0,0,1,0,1,1,0,0.540068
1,0,0,0,0,1,1,0,0,0,1,0,1,0,0,0,1,0,1,1,0,0,1,0,0,0,1,0,0,0,1,1,0.553815
1,0,0,0,0,0,1,1,0,0,0,0,1,1,1,0,0,0,0,1,1,0,1,1,1,1,1,0,1,1,0,0,0.644608
0,1,0,0,1,1,0,1,0,1,1,1,1,1,0,0,1,1,1,0,0,1,0,0,0,0,1,1,1,1,0,0,0.651668
0,0,1,0,0,1,0,0,1,1,0,0,1,0,0,1,0,0,0,1,0,0,1,0,0,1,1,1,0,1,1,1,0.701620
1,0,1,0,0,1,0,0,1,1,1,1,0,1,1,0,0,0,0,0,0,1,0,0,1,1,1,0,0,1,1,0,0.653053
0,1,1,1,1,0,0,1,0,1,0,1,0,0,0,1,0,1,0,0,0,0,1,1,0,0,0,1,0,1,1,1,0.722720
1,0,0,0,0,1,0,1,1,0,1,0,0,0,1,0,0,1,1,0,0,0,0,0,0,0,1,0,0,0,1,1,0.543611
