0,1,0,1,1,1,1,1,1,1,1,1,1,1,0,1,0,0,0,1,1,1,1,1,1,1,0,0,1,1,1,1,0.995205
1,0,0,0,0,0,1,1,0,1,1,0,0,1,1,0,0,1,1,1,0,1,1,1,1,0,0,0,1,1,0,1,0.991262
1,1,1,1,1,0,1,0,0,1,0,1,0,1,0,1,1,1,0,0,0,0,1,0,1,0,1,1,1,0,0,0,0.990782
0,1,0,1,0,0,1,0,0,1,0,0,0,0,1,1,1,0,1,0,1,1,0,1,0,0,1,1,0,0,1,1,0.990969
0,1,0,0,1,1,1,1,1,1,0,0,1,1,0,1,1,0,0,1,0,0,1,0,0,1,0,0,1,0,0,1,0.990383
1,0,0,0,1,1,1,1,1,1,1,0,0,1,1,0,1,1,1,0,1,0,1,0,0,0,1,0,1,1,1,0,0.991635
1,1,0,0,0,1,0,1,0,1,1,1,0,1,1,1,1,0,0,1,1,0,0,0,0,0,1,0,0,1,0,1,0.991288
0,1,1,1,0,1,0,1,0,0,1,1,0,0,1,0,1,0,1,0,0,0,1,0,0,1,1,1,0,1,1,0,0.017237
0,0,0,0,0,1,1,0,1,0,0,0,0,0,0,1,0,1,1,0,1,0,0,0,0,1,0,0,1,1,0,1,0.987212
1,1,0,1,1,1,1,1,1,0,0,0,1,0,0,1,1,0,1,1,1,1,0,1,1,1,1,0,1,1,0,0,0.992407
0,1,1,0,1,1,1,1,1,0,0,1,0,1,1,0,1,1,1,1,0,1,0,1,1,0,0,0,1,1,1,1,0.992993
1,1,1,1,0,0,1,0,0,1,0,1,1,1,0,1,1,1,1,1,1,0,0,0,0,1,0,1,0,0,0,1,0.990622
1,0,0,0,0,0,0,1,0,0,0,0,1,0,0,1,0,0,1,1,0,1,1,0,1,0,0,1,0,1,0,0,0.986733
0,0,0,0,1,0,0,0,1,1,1,1,1,0,0,0,1,0,1,1,0,0,0,1,0,0,1,1,1,1,1,1,0.990276
1,0,0,0,0,1,1,1,0,1,1,0,0,1,1,0,0,1,0,1,0,1,1,1,0,0,0,0,0,1,1,0,0.988544
0,1,0,0,0,1,0,1,0,0,0,0,0,1,0,1,1,1,0,1,0,1,1,1,1,0,0,0,0,1,1,0,0.015958
1,0,0,0,0,1,1,0,1,1,1,1,1,0,0,1,1,1,1,0,1,1,1,0,1,1,1,0,1,1,1,1,0.994192
0,1,0,1,1,0,1,0,1,0,1,1,0,0,1,1,1,0,1,0,1,1,1,1,0,0,0,1,0,1,0,1,0.991395
1,0,1,0,0,1,1,0,0,0,1,0,0,0,1,1,0,0,1,0,1,1,0,0,1,1,1,0,1,0,0,0,0.988331
0,1,1,1,1,1,0,1,1,1,1,0,1,1,0,1,1,0,0,1,0,1,1,1,1,1,1,1,0,0,0,0,0.021153
1,1,0,0,1,0,1,0,1,1,0,0,0,0,0,1,1,1,0,1,0,0,1,0,1,1,0,0,1,0,1,1,0.995125
1,0,0,1,1,0,0,0,0,1,1,0,0,0,1,0,1,1,0,1,0,1,0,0,1,0,1,1,1,1,1,0,0.990942
0,1,1,1,0,0,1,1,1,0,0,0,0,0,1,0,1,1,1,1,1,0,1,1,1,1,1,1,0,0,0,1,0.991635
0,1,0,1,0,1,1,0,1,1,0,0,1,0,1,0,0,1,0,1,0,0,1,1,1,1,1,1,1,1,1,0,0.021686
0,0,0,0,0,1,0,0,1,0,1,0,1,1,1,0,1,1,1,0,1,1,1,1,1,0,1,0,1,0,1,1,0.991555
1,1,1,0,0,1,1,0,1,1,1,0,0,1,1,1,1,0,1,1,0,1,0,1,1,1,0,0,0,0,1,0,0.991262
1,1,0,1,1,0,1,1,0,1,0,1,1,0,1,0,0,0,0,1,1,0,0,1,0,0,0,0,1,1,1,0,0.990676
1,0,1,0,1,0,0,0,0,0,0,1,0,1,0,0,0,1,0,1,0,1,1,0,0,1,1,1,1,1,0,0,0.988331
0,1,0,1,1,0,0,1,1,1,1,0,1,0,1,0,1,0,1,1,1,0,1,0,0,0,0,1,1,0,1,0,0.018755
0,0,0,1,0,0,0,1,1,1,1,0,1,1,1,1,0,0,1,1,0,1,1,1,1,1,0,1,1,0,1,1,0.996483
1,0,0,1,1,0,0,0,1,1,0,1,1,0,1,0,0,0,0,0,1,1,0,0,0,1,0,0,1,1,0,0,0.988864
0,1,1,1,1,1,0,0,0,0,0,1,1,1,1,1,1,1,0,0,0,0,1,0,1,1,0,1,0,1,1,1,0.995125
1,0,1,0,0,0,0,1,0,0,1,0,1,0,1,1,0,1,1,0,0,1,1,1,0,1,0,1,1,1,1,0,0.989983
0,1,0,1,0,0,1,1,0,1,0,1,0,0,0,0,0,0,0,1,0,0,1,1,0,0,0,0,0,1,1,0,0.011163
0,1,1,1,1,1,0,1,1,0,0,1,0,0,0,0,0,0,0,1,1,0,1,1,0,1,1,0,0,1,1,0,0.014253
1,0,0,1,1,0,1,0,0,0,1,1,0,1,1,1,1,1,0,1,1,0,1,0,0,0,0,1,0,0,1,1,0.990756
0,1,0,1,1,0,0,1,0,0,1,1,1,1,1,1,1,0,0,0,0,0,0,1,1,0,0,1,0,0,1,0,0.016890
1,0,0,1,0,1,1,0,1,0,0,1,1,0,0,0,1,0,0,0,0,0,1,1,1,1,0,1,1,0,1,0,0.990622
1,1,1,1,0,1,0,0,0,0,1,1,0,1,1,1,0,0,1,0,1,1,0,0,1,1,1,0,1,0,1,0,0.990489
0,0,1,0,0,0,0,1,0,1,0,0,0,0,1,0,1,0,0,1,0,0,1,0,1,1,0,0,1,1,1,1,0.989344
0,1,0,0,0,1,1,1,0,0,0,1,1,1,1,0,1,1,1,0,1,0,0,1,0,1,0,0,0,0,1,0,0.015399
0,0,1,1,0,1,0,1,0,0,1,0,1,1,0,0,1,1,0,1,1,0,0,0,1,1,0,1,1,1,1,1,0.992727
1,1,1,0,0,0,0,0,0,1,1,0,0,1,0,1,0,0,1,0,1,1,1,0,1,1,0,1,0,1,1,0,0.989051
0,0,1,1,1,0,0,1,0,1,1,0,0,0,1,1,0,1,1,1,0,0,1,0,1,0,1,0,0,1,1,0,0.016784
0,0,0,1,0,1,1,0,0,0,0,0,0,0,0,1,0,1,1,0,1,0,1,1,0,1,0,0,0,0,1,1,0.988598
0,0,1,1,0,1,1,0,0,0,1,0,0,1,0,0,1,0,1,1,0,1,1,1,1,1,0,0,0,1,0,1,0.990569
1,1,1,1,0,1,1,0,1,1,0,1,0,0,1,1,1,1,1,1,0,1,1,0,1,0,1,1,1,0,1,1,0.993286
1,0,1,0,1,0,1,0,1,1,1,1,0,1,0,1,1,1,1,0,0,1,1,0,0,0,0,0,0,0,0,0,0.992221
0,1,1,0,1,0,0,1,0,1,0,0,1,0,0,1,0,1,0,1,0,1,0,0,0,0,1,0,1,1,1,0,0.015425
0,0,1,1,0,0,1,1,1,1,0,0,1,1,1,0,1,1,1,0,1,0,1,0,0,1,0,0,1,1,1,0,0.019981
1,1,1,0,1,0,1,1,0,1,1,0,0,1,0,1,1,0,1,0,0,1,0,1,0,1,0,0,1,0,1,0,0.989663
1,0,1,0,0,0,1,1,0,0,0,0,0,0,0,1,0,1,1,1,0,0,1,1,1,0,1,1,1,0,1,1,0.991901
0,0,0,0,0,0,1,1,0,1,1,1,0,1,1,1,0,1,1,1,1,1,1,0,1,0,1,1,1,1,0,0,0.015772
0,0,1,1,0,0,1,0,0,1,0,0,1,1,0,1,1,1,0,0,1,0,1,1,0,0,0,0,1,1,1,0,0.018729
1,1,1,1,0,1,1,1,1,0,1,1,1,0,0,0,0,0,1,0,0,1,1,0,0,1,0,0,0,1,1,0,0.991235
0,1,1,0,1,1,0,1,0,1,0,1,0,1,0,1,0,1,0,1,1,1,1,0,0,1,0,0,1,0,1,1,0.994592
1,1,1,1,0,0,1,0,0,1,0,0,0,1,0,0,1,1,0,1,1,0,1,0,1,0,1,1,0,0,0,0,0.992221
0,0,0,0,1,1,1,0,0,0,1,0,1,0,0,0,1,0,0,0,0,1,1,1,0,0,0,0,1,0,1,1,0.988145
1,0,1,1,0,1,0,0,1,1,1,0,1,1,1,0,1,0,0,0,1,1,0,1,1,1,1,0,1,1,0,0,0.992567
1,0,0,1,0,0,1,0,1,0,1,1,0,0,0,1,1,0,1,1,1,0,1,1,0,0,0,0,0,1,1,1,0.991501
0,0,0,0,1,0,1,0,1,0,1,1,0,0,1,1,0,1,0,0,0,1,1,1,1,0,1,1,1,0,0,0,0.012788
1,1,0,0,1,1,0,1,0,1,1,1,1,1,0,0,0,1,1,0,1,1,0,0,1,0,0,0,0,1,1,1,0.992088
1,0,1,0,1,1,1,0,0,1,0,1,1,0,1,0,1,1,0,1,1,1,1,0,1,0,1,0,0,1,0,0,0.991688
0,1,0,1,0,1,1,1,0,0,0,1,0,0,1,0,1,0,0,1,1,1,0,1,0,1,1,0,1,1,1,0,0.021206
1,0,1,0,1,0,0,0,0,0,0,0,1,1,1,0,0,1,1,1,1,1,0,0,1,0,0,0,0,0,1,0,0.989583
0,1,0,1,1,1,1,0,1,0,0,1,0,1,0,0,0,1,0,1,0,1,1,0,1,0,0,0,0,0,1,1,0.989717
1,1,0,0,1,0,0,1,1,0,0,0,1,0,0,1,0,0,0,0,1,0,1,0,1,1,0,0,1,1,1,0,0.988917
0,0,1,0,1,1,1,0,1,1,1,0,0,0,0,1,0,0,0,0,1,1,1,0,1,1,0,1,0,0,0,0,0.013773
1,0,0,1,1,0,0,1,0,0,1,1,0,1,1,1,0,1,1,0,0,1,0,0,0,0,1,1,1,1,1,1,0.995551
1,1,0,1,1,1,1,0,0,1,0,0,0,0,0,0,0,1,0,0,0,1,1,1,0,0,0,0,1,1,1,1,0.989876
0,0,0,0,0,0,1,1,0,0,0,1,0,1,1,1,1,0,0,1,0,0,0,0,1,1,1,1,1,0,1,0,0.013640
1,0,1,1,0,1,1,1,0,1,0,0,0,0,1,1,0,0,1,0,1,0,1,1,1,1,0,0,0,0,0,0,0.989690
1,1,0,0,1,1,0,1,0,1,0,1,1,1,1,0,1,0,0,0,0,1,1,1,1,1,0,1,0,1,1,0,0.991182
0,0,1,0,0,1,0,1,1,1,1,0,1,0,1,0,1,1,1,1,1,1,0,0,1,1,1,1,1,0,0,1,0.991928
0,0,1,1,1,1,1,1,0,0,0,0,0,0,1,0,0,0,0,0,1,0,1,0,0,1,0,0,1,0,1,0,0.010283
1,1,0,0,1,1,1,1,0,1,0,1,1,0,0,0,1,1,1,0,1,1,1,1,1,0,0,1,0,0,0,1,0.990596
1,1,0,1,1,0,0,1,0,1,1,0,1,1,1,0,1,0,0,1,0,1,0,1,0,0,0,1,1,1,0,0,0.991049
1,0,1,1,1,0,0,0,1,1,0,0,1,0,1,1,0,1,1,1,1,1,0,1,1,1,1,1,1,1,1,0,0.992567
0,1,1,1,0,1,0,1,0,0,0,1,1,0,0,1,1,0,1,0,0,1,0,1,0,1,1,1,0,1,1,0,0.018036
1,0,1,1,0,1,1,1,1,0,0,0,1,0,1,0,0,1,0,0,0,1,0,0,1,1,0,1,1,0,1,0,0.989450
0,0,1,1,1,0,0,0,0,0,1,0,0,0,1,0,0,1,1,1,0,0,1,1,0,0,0,0,0,0,0,0,0.008712
1,1,1,1,1,0,1,0,1,1,0,0,1,1,1,1,1,0,1,1,0,0,1,1,1,0,0,1,0,0,1,1,0.994965
0,1,0,1,1,1,1,0,1,0,0,1,0,1,0,0,0,0,1,1,0,1,1,0,0,1,0,0,0,1,1,0,0.014493
1,0,0,1,1,1,0,1,1,1,0,1,1,1,1,1,0,1,1,1,1,0,0,0,1,1,0,1,1,1,0,0,0.991395
0,1,0,1,1,1,1,0,1,0,0,0,0,0,0,1,1,1,0,0,0,1,0,1,1,0,1,1,1,0,0,1,0.990835
1,1,1,0,1,1,1,1,1,1,0,0,1,1,0,0,1,0,0,1,1,1,1,1,0,0,0,1,0,1,0,1,0.990090
0,1,0,1,1,1,1,0,0,0,0,0,0,0,0,0,0,1,0,0,1,1,1,0,1,1,0,1,0,0,0,0,0.013720
1,0,0,0,0,0,1,1,0,1,0,1,0,0,0,1,0,0,0,0,0,0,0,1,1,1,1,1,0,0,1,0,0.987266
0,0,1,1,1,1,0,1,0,1,1,0,1,1,1,1,1,1,0,0,0,0,0,0,1,0,1,1,1,1,1,0,0.020780
1,0,0,0,0,0,1,0,1,1,1,1,0,0,1,1,0,0,0,1,1,1,0,1,1,0,0,0,0,1,1,1,0.990596
1,1,0,1,0,1,0,0,0,1,1,1,1,1,0,1,1,1,0,0,0,0,1,1,1,1,0,0,0,0,0,0,0.990063
0,1,0,0,1,0,1,0,0,1,1,0,1,1,1,1,0,0,0,0,1,1,1,0,0,0,1,1,0,1,0,1,0.989530
1,1,0,0,0,1,0,1,0,0,0,0,1,0,0,1,0,0,0,1,0,1,1,1,1,0,0,1,1,0,1,1,0.993446
1,1,1,0,0,1,1,0,1,0,0,1,1,0,0,0,1,1,1,1,1,1,1,0,0,1,1,0,0,0,1,0,0.993553
0,1,1,0,0,1,1,0,1,0,1,0,1,0,0,1,0,1,0,0,0,1,1,0,0,1,1,1,0,0,0,1,0.990143
1,1,1,1,1,0,1,0,0,1,1,1,0,0,1,0,1,0,1,1,1,1,1,1,0,0,1,0,0,1,1,1,0.992088
0,0,0,1,0,0,0,0,0,0,0,1,0,1,0,0,1,0,0,0,1,0,0,0,0,1,0,1,0,0,1,1,0.986733
1,0,0,1,1,0,1,0,1,0,0,0,1,1,0,0,0,0,0,1,1,0,0,1,0,1,0,1,1,0,1,0,0.988464
1,1,0,1,1,1,0,0,0,1,0,0,0,0,0,1,0,1,0,0,0,0,0,1,1,0,0,0,0,1,1,1,0.991928
0,1,1,0,0,1,0,0,0,0,0,1,1,0,0,1,0,0,0,0,0,1,1,0,1,1,0,1,1,0,1,1,0.990036
1,0,1,1,1,0,0,0,0,0,1,0,1,0,0,1,1,0,1,1,0,0,1,0,0,0,0,0,0,1,0,1,0.988518
0,1,0,0,0,1,0,1,1,0,1,1,1,1,1,0,1,1,1,0,0,1,1,1,1,0,1,1,0,0,0,0,0.019208
0,1,0,0,1,0,0,0,0,0,0,1,1,1,1,0,0,0,0,1,0,0,1,0,1,1,1,1,0,1,1,0,0.010710
1,0,0,1,1,0,0,1,0,0,1,0,0,1,1,1,1,0,0,0,0,0,0,0,0,1,0,1,0,0,0,1,0.988704
0,1,1,0,0,0,0,0,0,0,0,0,0,0,1,1,1,1,0,1,0,0,1,1,1,1,1,0,0,1,1,1,0.990835
1,1,1,1,1,0,0,1,0,0,0,0,0,0,1,0,0,0,1,0,0,1,0,0,0,1,1,0,0,0,1,1,0.989796
1,0,1,0,1,1,0,1,1,1,1,1,0,1,1,0,1,1,0,1,0,1,0,0,1,0,0,1,0,0,1,1,0.990862
0,1,1,1,0,0,0,1,1,0,0,0,0,0,1,1,1,0,1,0,1,0,0,0,0,0,1,1,0,1,0,1,0.990596
1,1,1,1,1,0,1,0,0,0,0,0,0,1,0,0,1,1,0,0,1,0,1,1,1,0,1,1,0,1,0,0,0.992088
0,0,0,0,0,1,0,1,0,0,0,0,1,0,1,0,1,1,1,1,1,1,0,1,0,1,0,1,0,1,1,1,0.991262
1,0,1,0,1,0,1,1,0,0,0,1,0,1,1,1,0,0,0,0,1,0,0,1,0,1,1,1,0,1,0,1,0.990862
0,0,1,1,1,1,0,0,0,1,0,1,0,0,1,0,0,1,0,0,0,1,0,1,0,0,1,0,0,1,1,1,0.989051
0,1,0,0,0,0,0,1,0,0,1,1,1,0,0,1,1,0,1,1,1,1,1,1,1,0,0,1,0,1,1,0,0.018755
0,1,1,1,1,0,1,1,1,1,1,0,1,1,1,1,0,0,1,0,0,1,1,0,1,0,1,0,0,1,1,1,0.993047
0,1,1,0,0,0,1,1,1,1,1,0,1,1,1,1,1,0,0,1,0,1,0,1,0,0,1,0,1,1,1,0,0.020167
0,0,0,0,1,0,0,1,1,1,0,0,0,1,1,1,0,1,1,0,0,1,0,1,1,0,0,0,0,1,0,1,0.990063
1,0,1,1,1,0,1,0,1,0,1,0,1,1,1,1,0,0,1,1,0,0,1,1,1,1,0,1,1,1,1,0,0.991528
0,0,0,1,1,1,0,0,1,0,1,0,0,1,0,1,0,0,0,1,0,0,0,1,1,0,1,1,0,1,1,0,0.013907
1,0,0,1,1,0,1,0,1,0,0,0,0,0,0,1,1,0,0,1,0,1,0,1,1,0,0,1,1,1,0,0,0.989077
1,0,0,0,1,0,0,1,1,0,0,1,1,0,1,1,1,0,1,0,0,1,1,0,0,1,0,1,0,1,0,1,0.990196
1,1,1,1,1,1,0,1,0,0,1,1,0,1,1,0,0,1,1,0,1,0,1,0,1,1,1,0,1,1,1,1,0.993739
1,0,0,0,1,1,0,1,0,1,1,0,0,0,1,0,1,0,1,0,0,0,0,1,0,0,1,0,1,0,1,1,0.990116
0,1,1,1,1,0,0,0,0,1,0,1,0,1,0,1,1,1,0,0,0,1,1,1,0,0,1,0,0,0,0,1,0.989557
0,0,0,0,0,1,1,1,0,1,1,0,0,1,0,1,0,0,0,0,1,0,1,0,0,0,1,0,0,1,1,1,0.989503
1,1,0,1,1,1,0,0,0,0,1,0,0,1,1,1,1,1,1,1,0,1,1,0,0,1,0,1,1,0,0,1,0.991581
1,0,0,1,0,1,1,1,1,1,0,1,1,1,1,0,0,1,1,0,0,1,1,1,0,0,0,0,0,0,1,1,0.991129
0,1,0,1,1,0,0,0,0,0,0,0,1,0,0,0,1,1,0,0,0,1,1,0,1,1,0,1,1,0,1,1,0.990622
0,1,0,1,1,0,0,0,0,0,1,1,1,1,0,0,0,0,0,0,0,0,0,1,0,0,0,1,1,0,0,0,0.009644
