0,0,0,1,0,0,0,0,0,0,0,1,1,1,1,0,0,0,1,0,1,0,0,0,0,1,1,0,1,0,1,1,0.488571
1,1,1,0,1,1,0,0,1,1,0,1,0,0,0,1,0,0,0,1,0,1,0,1,0,0,1,0,0,0,1,0,0.593803
0,1,0,0,0,1,1,1,1,0,0,1,1,1,1,1,0,1,0,1,0,1,0,1,0,0,1,1,1,1,0,0,0.654971
0,0,0,0,0,0,0,1,0,0,0,1,0,0,1,0,0,0,0,1,0,1,0,0,1,0,0,1,1,0,1,0,0.606005
1,0,1,1,1,0,1,1,0,0,0,1,1,0,0,0,0,0,1,0,1,0,0,0,1,1,0,1,1,0,0,0,0.606751
0,1,1,1,1,0,0,1,1,1,0,1,0,1,1,0,1,1,0,1,0,0,0,0,0,1,1,0,1,0,1,0,0.604673
1,0,0,1,1,0,0,1,0,0,1,1,1,1,1,0,0,1,1,0,1,1,1,1,1,1,1,0,1,1,1,0,0.605019
0,0,1,0,1,0,1,0,0,0,1,0,0,0,0,1,0,1,0,0,0,1,0,1,0,1,0,0,1,1,0,0,0.543505
0,0,0,0,0,1,1,0,1,0,1,0,1,0,0,0,0,0,1,1,1,1,1,1,0,0,1,1,0,1,1,0,0.579284
0,1,0,0,1,1,1,1,1,0,1,0,0,0,0,0,0,1,1,1,1,0,1,1,0,0,0,0,0,1,1,1,0.697677
1,1,0,0,0,1,1,1,1,1,0,1,1,0,0,1,1,1,0,1,1,0,1,1,0,1,0,0,0,1,1,0,0.604300
1,1,1,0,1,0,0,1,0,0,0,1,1,0,1,0,1,1,1,1,1,0,1,1,1,0,0,0,1,1,1,1,0.580030
0,1,1,0,0,0,0,0,1,1,0,1,0,1,1,1,0,1,1,1,0,0,1,0,0,1,0,0,1,0,1,0,0.642397
0,0,0,1,1,0,1,0,1,0,1,1,0,1,1,0,1,0,1,1,1,0,0,0,0,0,1,0,0,1,0,0,0.837836
1,1,1,1,0,0,0,0,0,0,0,1,0,1,1,1,1,0,1,1,0,1,1,1,1,0,0,1,1,1,0,1,0.863491
1,0,1,0,0,0,1,1,1,0,1,1,1,0,1,0,0,0,1,1,1,1,1,0,1,1,0,1,1,1,1,1,0.628197
1,1,0,0,1,0,1,1,0,0,1,0,0,0,0,1,1,0,1,1,1,0,0,0,1,0,0,1,0,1,0,0,0.643622
0,0,0,1,0,1,0,0,0,1,1,1,0,1,0,1,0,1,1,0,0,0,0,0,0,1,1,0,1,0,1,1,0.711344
1,1,1,0,1,1,1,0,1,1,1,0,0,1,0,1,1,0,1,1,0,1,1,1,0,0,1,0,1,1,1,1,0.694400
0,0,1,0,0,0,1,1,1,1,1,1,1,0,0,1,0,0,1,1,0,1,0,0,1,0,0,0,1,0,1,0,0.596148
1,1,0,0,1,0,0,1,0,1,1,0,0,0,1,0,0,1,0,1,1,0,1,0,1,0,0,0,1,0,0,0,0.689791
0,1,1,0,1,0,0,1,1,1,0,0,1,1,1,1,0,1,0,0,1,0,0,0,1,1,1,1,1,1,0,1,0.632326
0,1,1,1,0,1,1,0,0,1,0,1,1,1,1,0,1,1,1,1,1,1,1,0,0,1,0,1,0,0,0,1,0.863624
0,0,0,1,1,1,0,0,1,0,0,0,0,1,0,1,0,0,0,0,0,0,1,0,1,0,0,1,0,0,0,0,0.655930
1,1,1,0,0,1,0,1,0,1,0,1,1,0,1,0,0,0,1,1,1,1,1,0,1,0,0,1,1,1,0,0,0.736040
1,0,1,0,1,0,1,1,1,0,0,1,0,0,0,0,1,1,0,0,1,1,0,1,1,0,0,0,0,1,1,1,0.669224
0,1,1,0,0,0,1,0,0,1,1,0,0,1,0,1,0,0,1,1,0,0,0,1,1,0,0,1,1,1,1,1,0.631154
0,0,1,1,0,0,1,1,0,0,1,0,1,0,0,0,1,1,0,1,0,1,1,0,0,1,1,1,1,1,1,1,0.594576
0,1,0,1,1,1,1,0,1,0,1,1,0,1,1,1,1,0,0,0,1,1,1,1,1,1,1,0,0,1,1,0,0.605712
1,1,1,1,0,0,1,0,1,1,1,0,0,1,1,0,0,0,1,1,1,0,0,1,1,1,0,1,1,0,1,0,0.683717
1,0,0,1,0,0,1,0,0,0,0,1,1,0,0,1,1,1,1,0,1,0,0,0,0,0,1,0,1,1,0,0,0.632992
1,0,0,1,0,1,1,0,0,0,0,1,1,1,0,0,1,1,1,1,0,1,0,0,0,0,1,1,0,0,0,0,0.663017
0,1,0,1,1,1,0,1,0,0,0,0,0,1,0,1,0,0,0,0,0,0,0,1,1,0,0,0,1,0,1,0,0.580403
1,1,0,0,1,0,0,0,0,1,0,1,1,1,0,0,1,1,1,1,0,1,0,0,1,1,0,0,1,0,1,1,0.773231
1,0,0,1,1,1,0,0,0,0,0,0,0,1,0,0,0,1,0,0,0,0,0,1,0,1,0,0,1,0,0,0,0.568361
0,0,0,0,0,1,0,0,0,0,1,1,1,0,1,1,0,0,1,1,0,1,0,0,0,1,0,0,1,0,1,0,0.442988
1,0,0,1,1,0,0,1,0,0,0,0,0,1,1,0,1,0,1,0,1,1,1,0,0,1,0,1,1,0,0,1,0.954337
1,1,1,0,0,0,0,0,1,1,1,0,0,0,1,1,0,1,0,0,1,0,0,1,0,1,0,0,0,1,1,0,0.801018
1,0,0,0,0,1,1,1,0,0,1,0,1,0,1,1,1,1,0,0,0,1,1,0,1,0,1,0,1,1,0,1,0.603554
1,0,1,1,0,0,1,0,0,0,1,0,1,0,1,1,0,0,1,0,1,1,1,0,0,1,1,1,1,0,0,0,0.605046
1,1,1,1,0,0,1,0,0,1,1,0,1,1,1,0,1,1,1,0,1,0,0,0,0,1,0,0,0,0,0,0,0.634404
1,0,1,0,1,1,0,1,0,0,1,1,1,1,0,1,1,0,1,1,1,1,1,1,0,0,0,1,0,0,1,0,0.655904
0,0,1,1,0,1,1,0,0,0,1,0,0,1,0,1,0,1,1,0,1,0,1,1,1,1,0,1,0,0,1,1,0.619379
0,0,1,0,0,1,0,0,1,0,1,0,0,0,1,0,1,1,1,1,1,0,1,0,0,0,1,0,0,0,1,1,0.634751
0,1,1,1,1,1,1,1,0,0,0,1,0,0,0,0,1,0,0,0,0,1,1,0,0,1,0,0,1,1,1,0,0.812926
1,0,0,1,1,1,0,1,1,1,1,0,0,1,1,0,1,0,1,1,1,0,0,0,0,1,0,0,1,1,0,1,0.721814
0,1,0,1,1,0,0,1,0,0,1,0,1,1,1,0,0,1,0,1,1,1,1,0,1,0,1,1,0,0,0,0,0.655717
1,1,1,0,0,0,1,0,1,1,0,0,0,1,0,1,1,1,1,1,1,0,1,1,1,0,0,1,0,0,1,1,0.656490
0,0,1,1,0,1,1,0,0,0,1,1,0,1,1,0,1,0,0,0,1,1,0,1,0,0,1,1,1,1,0,0,0.781676
0,1,0,1,1,1,0,1,1,1,1,0,0,0,0,1,1,0,1,1,1,0,0,0,0,1,0,1,1,1,1,1,0.581708
1,0,1,0,0,0,0,1,0,0,0,1,1,0,1,0,0,1,0,1,1,1,0,1,1,1,1,0,1,0,1,0,0.588688
0,1,0,1,1,0,0,0,1,0,0,1,1,1,0,0,0,1,0,0,1,1,0,1,0,1,1,0,1,1,0,1,0.683504
1,0,0,0,1,1,0,0,0,1,1,1,0,1,1,1,1,1,0,0,1,0,0,1,0,1,1,0,0,1,1,1,0.735747
1,1,0,1,0,0,1,1,0,0,1,1,0,0,1,1,0,1,1,0,0,1,1,0,1,1,1,0,1,0,1,0,0.585651
1,0,0,0,0,0,1,0,0,0,1,0,0,1,1,1,1,1,1,1,1,0,0,1,0,0,1,1,0,1,0,1,0.597293
1,0,1,1,0,0,1,1,0,1,1,0,0,1,0,1,0,0,0,0,0,1,0,1,1,0,0,0,1,1,1,0,0.667945
1,0,1,0,1,0,0,0,0,0,0,1,1,0,1,1,1,1,1,0,0,1,1,0,1,0,0,1,1,1,0,1,0.735321
1,0,1,0,1,0,1,0,1,0,0,1,0,0,0,0,0,0,1,0,0,1,0,1,0,1,0,0,1,1,0,0,0.650762
1,1,1,0,0,0,0,1,0,0,1,1,1,1,0,1,0,0,0,1,1,0,0,1,1,0,1,0,1,1,1,0,0.798993
1,0,0,1,1,1,1,0,0,0,0,0,1,1,0,0,0,1,1,0,1,0,1,1,0,1,0,1,1,1,1,1,0.657955
1,0,0,0,0,0,1,1,1,0,1,0,1,1,0,0,1,1,0,1,1,0,0,1,1,1,0,0,0,0,0,0,0.596068
0,0,0,1,1,1,0,1,1,1,0,1,1,0,0,1,0,1,1,1,1,0,1,1,1,1,1,1,1,1,1,0,0.620791
1,1,1,1,1,1,0,1,1,0,0,0,1,1,1,0,1,1,1,1,1,0,0,0,1,0,0,0,0,0,1,0,0.602728
1,1,0,1,0,1,0,1,1,0,1,1,0,0,0,0,1,1,1,0,0,0,0,0,1,0,0,0,0,0,0,0,0.702019
1,1,0,0,1,1,0,0,1,1,0,1,1,0,1,1,0,1,1,0,1,0,0,1,0,1,1,0,0,0,1,0,0.567908
0,1,1,1,1,0,1,1,1,0,1,1,0,1,1,0,1,1,0,1,0,1,0,1,0,0,1,1,0,1,1,1,0.658195
0,0,1,1,1,0,1,0,0,1,0,0,0,1,0,1,1,1,0,0,1,1,1,1,0,0,1,0,1,0,1,0,0.902360
1,1,1,1,0,1,1,1,0,0,0,1,0,0,0,0,0,0,1,1,0,1,0,1,0,1,1,0,1,0,1,1,0.627504
1,1,0,0,1,0,1,1,1,1,1,0,1,1,0,1,0,0,1,0,0,1,0,1,1,1,1,1,0,1,0,1,0.594283
0,1,0,0,0,1,1,1,0,1,0,0,0,0,1,0,0,0,0,0,1,1,0,0,0,1,0,1,1,0,0,1,0.791400
1,0,0,1,0,1,1,0,1,0,1,0,0,0,1,0,1,1,1,0,1,1,0,0,0,1,0,0,1,1,0,0,0.592231
1,0,1,1,1,0,1,0,1,1,1,0,1,1,1,0,0,0,0,1,1,0,1,0,1,0,1,0,1,0,1,0,0.703645
1,0,1,0,0,0,1,1,0,0,0,1,1,0,1,1,1,0,0,1,0,0,1,1,0,1,0,1,0,0,1,1,0.659447
0,0,0,0,1,1,0,1,0,0,0,0,0,0,0,1,1,0,1,1,1,0,0,0,0,0,0,0,0,1,0,1,0.438459
0,1,1,1,1,1,1,0,0,0,0,1,1,1,1,0,0,1,0,1,1,1,0,0,0,1,1,0,0,1,1,1,0.693361
0,0,1,1,0,0,0,0,0,0,1,0,0,0,1,0,0,1,0,0,1,0,1,0,0,1,1,1,1,1,0,1,0.623375
1,1,1,0,1,1,1,0,0,1,0,1,1,1,1,0,1,0,0,0,1,1,0,1,0,1,1,1,0,0,0,0,0.650895
1,1,1,1,1,0,1,0,1,0,0,1,1,1,0,1,1,1,1,0,0,0,1,1,0,1,1,0,0,0,1,1,0.635017
1,0,1,1,0,1,1,0,0,1,1,1,0,0,0,0,0,1,1,1,0,0,1,0,1,1,0,0,0,1,1,0,0.619006
1,1,1,1,1,0,1,1,1,1,0,1,0,0,1,1,1,0,1,1,1,0,1,1,0,0,1,1,0,0,1,1,0.652760
1,0,1,0,1,1,0,0,1,0,0,1,0,0,0,1,0,1,1,0,0,0,0,1,1,1,1,0,0,0,0,0,0.640105
0,1,1,1,0,1,0,0,0,1,0,0,0,1,1,0,1,1,0,0,1,1,0,1,0,0,1,1,0,0,0,1,0.735534
0,1,0,1,0,1,0,1,0,1,1,1,0,1,1,1,0,1,0,0,1,0,1,0,1,1,1,0,1,1,1,1,0.854779
0,0,1,0,0,1,0,0,1,0,1,1,1,1,0,1,1,1,1,0,0,1,1,0,0,1,1,0,0,0,0,1,0.604513
0,0,1,0,1,1,1,0,1,1,0,1,0,1,1,1,1,1,1,0,1,1,1,0,0,0,1,1,0,1,1,0,0.772991
0,1,1,1,1,0,0,0,1,1,0,1,1,0,0,0,0,1,0,0,0,0,1,0,1,0,0,0,0,1,0,1,0.666906
0,0,1,0,1,1,0,1,0,1,0,1,1,1,0,0,0,1,0,0,0,1,0,0,1,0,1,1,1,1,1,0,0.706255
0,0,0,1,1,0,0,1,0,0,0,0,0,1,1,1,0,1,1,0,1,1,0,1,1,1,0,1,1,0,1,1,0.826433
1,1,1,0,1,0,1,0,0,1,1,1,1,0,1,1,0,0,1,0,0,1,0,0,1,1,1,1,0,0,0,0,0.668505
0,0,0,1,0,0,1,0,0,0,0,0,1,1,1,1,1,1,0,0,1,1,0,1,1,1,1,1,0,0,0,0,0.735800
0,0,1,1,1,1,0,0,0,0,0,1,0,0,0,1,0,1,0,1,0,1,1,1,1,1,1,0,0,0,0,0,0.693494
1,0,1,0,0,0,0,1,0,0,1,0,0,1,1,0,1,1,0,0,1,0,1,0,0,1,0,1,1,0,0,1,0.634910
1,1,0,1,1,1,1,0,1,0,0,0,0,1,0,1,0,0,0,0,1,1,1,1,0,0,1,0,0,0,1,0,0.902147
0,1,1,1,0,0,1,0,1,0,0,0,1,0,1,1,0,0,0,0,0,0,0,0,0,0,0,1,0,1,0,1,0.538949
1,0,0,1,0,1,1,1,1,1,1,1,0,0,0,0,0,0,1,1,0,1,0,1,0,0,0,1,1,0,1,1,0.696638
1,0,1,0,1,0,0,0,0,1,0,1,0,1,0,0,1,1,0,0,0,1,1,1,1,0,1,1,0,1,0,0,0.773098
0,0,0,1,0,1,1,0,0,0,0,0,0,1,0,1,1,1,0,1,1,1,1,1,1,0,1,0,0,0,1,1,0.902121
0,0,0,0,1,1,0,0,1,0,0,1,0,1,1,0,0,0,0,1,1,0,0,1,0,0,0,1,0,1,0,0,0.534420
1,1,0,0,0,0,0,1,1,1,0,0,1,0,0,1,1,0,0,1,1,0,0,0,0,1,0,0,1,0,0,0,0.566043
0,1,0,0,0,0,1,1,1,0,1,0,0,1,0,1,1,0,0,0,0,1,1,0,1,0,0,0,1,0,0,0,0.785992
1,1,1,0,1,1,1,0,0,0,0,0,0,0,0,1,0,0,0,0,0,1,1,0,0,0,1,1,1,0,0,1,0.742221
0,1,0,0,1,0,0,1,0,0,0,0,0,1,1,0,1,0,1,1,1,1,0,0,0,1,0,0,1,1,1,0,0.902680
1,0,1,1,1,1,1,0,1,0,0,1,0,0,1,1,0,0,1,1,1,1,1,1,0,1,0,1,0,1,0,1,0.735747
0,0,0,0,1,1,0,1,0,0,1,0,0,0,0,0,0,1,0,1,0,1,1,1,1,1,0,0,1,1,1,1,0.706122
0,0,1,0,0,0,1,1,0,0,1,0,0,1,0,0,0,1,0,0,0,1,1,1,0,0,1,0,1,0,1,1,0.694533
0,1,0,1,0,0,1,1,1,1,0,0,1,0,1,0,0,1,1,1,0,0,0,0,0,1,0,0,0,1,0,0,0.437766
1,0,0,0,0,0,0,1,1,0,1,0,1,1,1,0,1,0,1,1,1,1,0,1,1,0,0,0,0,0,1,0,0.663576
0,0,0,0,0,0,0,0,0,0,0,0,1,1,0,0,0,0,1,1,1,0,1,0,0,1,1,0,1,0,1,1,0.601876
1,1,0,0,0,0,0,1,0,1,1,1,1,1,0,0,0,0,0,1,1,0,0,1,0,0,1,1,0,1,1,1,0.735934
0,1,0,1,1,0,0,1,1,1,1,1,0,1,1,0,0,0,0,1,0,0,0,0,1,0,0,0,0,1,1,0,0.667066
1,0,0,1,1,0,1,1,1,1,0,1,1,1,1,0,1,1,1,1,1,0,1,1,0,0,0,0,0,1,1,0,0.714887
1,0,0,1,1,1,0,1,0,0,1,1,0,1,1,1,1,1,1,1,1,1,0,1,0,1,0,0,1,1,1,1,0.565590
0,1,0,0,1,1,1,1,0,0,0,0,0,1,1,1,1,0,1,0,0,0,1,1,1,0,1,0,0,1,1,0,0.803575
1,1,1,1,0,0,1,1,1,0,1,0,0,1,1,1,0,1,1,1,1,1,0,0,0,0,1,1,0,0,0,0,0.640105
0,0,0,1,1,0,1,0,0,0,1,0,1,1,0,0,0,1,1,1,1,1,0,0,0,0,0,1,0,1,1,0,0.619938
0,0,0,0,0,1,1,1,0,0,1,0,1,0,0,1,0,0,0,0,0,0,1,0,1,1,0,0,0,0,1,0,0.531516
1,1,0,0,0,0,1,1,0,1,0,1,1,0,0,0,0,0,1,0,0,0,0,0,1,1,0,0,1,0,1,1,0.596334
0,0,1,0,1,0,0,1,1,1,0,0,1,1,0,1,0,0,0,0,0,0,1,0,1,1,0,1,1,1,1,0,0.656730
1,1,0,1,0,1,1,1,1,0,1,1,1,1,0,1,0,0,1,1,0,1,0,1,0,0,0,0,1,0,0,1,0.585465
0,1,1,1,0,1,1,0,0,1,0,0,0,0,1,0,1,0,0,1,0,1,1,0,0,1,0,1,1,0,1,0,0.826300
1,1,1,1,1,1,0,1,0,1,1,0,0,1,0,1,0,1,0,0,0,1,1,1,1,0,0,1,1,1,0,1,0.748402
0,0,1,1,1,0,1,0,0,0,0,0,0,1,0,1,1,1,0,1,1,1,0,0,1,1,1,1,0,0,0,1,0.736253
1,1,0,0,1,1,1,1,1,1,0,0,1,0,0,1,1,1,1,0,0,0,1,0,0,0,1,1,1,1,0,0,0.669331
1,0,0,1,1,1,1,0,1,1,1,0,1,1,0,0,1,1,0,1,0,1,1,0,1,1,0,0,1,1,0,0,0.786045
1,1,0,0,0,0,1,0,0,0,0,1,0,1,0,0,0,1,1,0,1,0,0,0,0,1,0,0,0,1,1,0,0.562393
0,1,0,1,1,0,0,0,1,0,1,0,0,1,1,1,1,0,0,1,1,0,0,0,0,1,1,1,0,0,1,0,0.682438
0,0,1,0,1,0,1,1,0,1,1,1,0,1,0,0,0,0,1,1,0,0,1,1,1,0,0,0,1,0,0,0,0.757300
0,1,1,1,0,0,0,1,1,0,1,0,0,1,1,0,0,0,1,1,1,1,1,1,1,1,0,0,0,1,0,1,0.922634
