0,1,0,0,1,1,1,1,0,0,0,1,0,0,0,1,1,1,0,0,0,0,1,0,1,0,0,1,1,0,1,1,0.581731
1,0,1,0,1,0,1,1,0,1,0,0,0,0,1,0,1,1,1,1,1,0,0,0,0,1,0,0,1,1,0,1,0.604479
1,0,1,0,1,0,1,1,0,1,1,0,1,0,0,1,0,1,0,0,0,0,1,1,0,1,0,0,0,0,1,0,0.606289
0,1,1,1,1,1,1,1,0,1,1,0,1,0,0,1,1,0,1,1,1,1,0,1,0,1,0,1,1,1,0,0,0.646055
1,1,1,0,0,1,1,1,1,0,1,0,0,0,0,0,0,1,0,1,1,0,1,0,0,0,1,0,0,1,0,0,0.653822
0,0,1,1,0,0,1,1,1,0,0,0,0,1,0,0,0,1,0,1,0,1,1,0,1,0,0,0,0,1,0,0,0.562200
0,1,1,1,0,0,0,0,1,0,1,1,1,0,1,1,0,1,0,1,0,1,1,1,0,0,1,1,0,1,1,0,0.630244
1,1,1,1,0,1,0,0,1,0,0,1,0,0,0,1,1,1,1,1,1,0,1,0,0,0,1,1,1,1,0,0,0.611744
0,1,1,1,1,0,1,0,0,0,0,1,0,0,1,1,1,0,1,0,1,1,1,1,1,0,0,1,1,1,1,0,0.641530
0,0,1,1,0,0,1,0,0,1,0,1,1,0,1,1,0,1,1,1,0,1,1,0,0,0,0,0,1,0,0,0,0.597517
1,0,0,1,0,1,1,0,0,1,1,1,0,1,1,0,1,0,1,1,1,1,1,1,0,1,0,0,1,1,1,0,0.597919
1,0,0,0,1,1,0,0,1,1,1,0,0,1,0,1,0,0,0,1,1,0,0,1,1,1,1,0,1,0,1,0,0.607068
1,0,0,0,0,1,1,1,0,1,1,1,0,0,1,0,1,1,0,0,0,0,1,0,0,1,1,1,0,1,0,1,0.780962
0,1,0,0,0,1,0,1,1,1,1,1,1,0,1,0,1,1,1,1,0,0,1,1,0,1,0,1,0,0,0,1,0.651836
0,1,0,0,1,0,0,1,0,0,1,0,0,1,1,1,1,1,0,0,1,1,0,1,0,0,0,0,1,0,0,0,0.564286
1,0,1,1,1,1,0,0,1,0,0,0,0,1,1,0,1,1,0,0,1,0,0,1,0,0,1,0,0,0,1,0,0.597994
0,1,1,1,0,1,1,1,0,0,0,0,0,0,0,1,0,1,0,0,0,1,1,0,1,0,1,1,0,1,1,0,0.613805
1,1,1,1,1,1,0,0,0,1,1,0,1,1,0,0,1,0,0,0,1,0,1,0,0,0,0,1,1,0,0,0,0.624010
1,0,1,0,0,0,1,0,1,0,1,0,0,1,1,0,0,0,0,1,1,0,1,0,0,0,0,0,1,1,1,0,0.585602
0,0,1,1,0,0,0,1,1,0,0,1,1,1,1,0,1,1,0,1,0,0,1,0,1,1,0,1,1,0,1,1,0.625694
0,0,0,0,0,1,0,0,0,1,1,0,0,1,1,0,0,1,1,1,1,0,0,1,1,1,0,1,1,0,1,1,0.591006
1,1,1,0,0,1,0,1,0,1,0,1,0,1,1,0,1,1,0,0,1,0,1,0,0,1,0,1,0,1,0,1,0.614509
1,0,1,0,0,1,0,1,1,0,0,0,0,1,1,1,0,0,1,1,1,0,0,1,1,0,0,1,1,1,0,1,0.627027
1,1,0,1,0,1,1,0,0,1,0,0,1,1,1,0,1,0,0,0,1,1,0,0,1,0,0,1,1,0,1,0,0.612146
0,0,1,1,1,0,1,0,1,1,1,1,0,1,0,1,1,1,1,1,1,1,0,0,1,0,0,0,1,0,1,1,0.627177
0,0,1,1,0,0,1,0,0,0,1,1,0,0,1,1,1,1,0,1,0,0,0,1,0,1,0,1,0,1,0,0,0.626599
1,1,1,0,0,1,0,0,1,0,1,1,0,1,1,1,0,0,1,1,1,1,0,0,1,0,1,0,1,0,0,0,0.626524
0,0,1,0,0,0,1,1,1,0,1,0,0,1,0,1,0,1,0,0,0,0,1,0,1,0,0,0,1,0,0,0,0.562904
1,1,1,0,1,0,0,0,1,1,1,1,1,0,1,1,0,0,1,0,1,0,1,1,1,1,0,1,1,1,0,1,0.679939
0,0,1,0,1,0,0,0,1,0,0,0,1,1,0,1,0,1,0,1,1,0,1,0,1,0,1,1,1,1,0,0,0.542719
0,0,1,0,1,1,1,1,1,0,0,1,1,1,1,0,1,1,1,0,1,1,0,1,0,1,0,0,1,0,1,0,0.628133
0,1,0,1,0,1,0,1,0,1,0,1,1,0,1,0,0,1,1,0,0,1,1,0,0,0,0,0,1,0,0,0,0.566297
0,1,1,1,0,0,0,1,0,0,1,1,0,0,0,0,0,1,0,1,1,0,0,0,1,1,1,1,1,1,1,0,0.590101
1,1,0,1,0,0,0,0,0,1,0,0,0,1,0,1,1,0,1,0,1,1,1,1,1,1,0,0,1,1,1,0,0.574793
1,0,1,1,0,0,1,0,1,0,1,0,0,0,0,0,0,1,1,1,0,1,1,0,1,1,1,0,1,0,1,0,0.600860
1,0,1,0,0,0,1,1,1,1,1,1,1,1,0,0,0,0,0,1,1,1,0,1,0,1,0,1,1,0,0,0,0.610688
1,1,0,1,0,1,1,1,0,0,1,1,1,1,1,0,0,0,1,1,1,0,0,0,1,0,0,1,0,0,1,1,0.639218
0,1,0,0,1,1,0,1,0,0,0,1,1,0,1,1,1,1,1,0,1,1,0,1,1,1,1,1,1,1,0,1,0.695423
1,1,0,0,0,0,0,1,0,1,1,1,1,1,1,1,0,0,0,1,1,0,1,1,1,0,1,0,1,0,0,1,0.666767
0,0,1,0,1,1,0,1,1,0,0,0,0,1,1,0,1,1,1,1,0,0,1,0,1,1,1,0,0,1,1,1,0.603222
0,1,0,0,0,1,0,0,1,1,0,0,0,0,0,1,1,1,0,0,1,0,0,1,0,0,1,0,1,0,0,1,0.541940
0,1,1,0,1,1,1,1,0,0,1,0,0,1,1,0,1,0,1,0,0,1,0,1,1,1,0,1,1,0,1,0,0.615967
0,1,0,1,0,1,0,1,0,1,0,0,0,1,0,0,0,0,0,0,0,1,0,1,0,1,0,1,1,1,1,0,0.645728
1,0,0,1,0,1,0,0,0,0,1,1,1,0,0,0,1,0,1,0,0,1,0,1,0,0,0,1,0,1,1,1,0.603424
0,1,1,0,0,1,1,1,1,1,0,1,1,1,0,1,1,0,1,1,1,0,1,0,0,0,0,0,1,0,0,1,0.603901
1,1,0,0,0,0,0,1,0,0,0,1,0,0,1,0,0,1,0,0,0,1,1,1,1,1,0,0,1,0,1,0,0.590202
1,1,0,0,0,1,1,1,1,1,0,0,1,1,0,1,0,1,1,0,0,0,1,0,1,1,1,1,1,1,1,1,0.670839
0,1,0,0,0,0,0,0,0,1,0,1,1,0,0,0,0,0,1,0,1,0,1,1,0,0,0,0,1,1,1,1,0.514416
1,0,0,1,0,0,0,0,1,1,1,1,1,0,1,0,0,0,0,1,1,0,0,0,0,0,1,1,0,1,0,0,0.599326
1,0,0,0,1,1,1,0,0,1,1,1,1,1,0,0,0,0,0,1,0,0,1,0,0,0,1,0,0,1,0,1,0.585526
0,1,0,1,0,0,1,1,1,0,0,0,0,0,1,0,1,1,0,0,1,0,1,0,1,0,0,0,1,0,1,0,0.579443
0,0,0,0,1,1,0,0,0,0,1,1,0,0,0,0,1,0,1,0,1,1,1,0,1,1,1,1,0,1,0,0,0.551467
1,0,0,1,1,0,1,0,0,1,0,1,0,0,0,0,1,0,1,1,0,1,0,1,0,0,0,1,0,1,0,1,0.606943
0,1,1,1,0,1,0,0,1,0,0,0,1,0,0,0,1,0,1,1,0,0,0,0,1,0,0,0,1,0,1,1,0.563758
1,0,0,1,1,1,0,1,0,1,0,1,1,0,1,1,0,1,0,1,1,1,0,1,1,0,1,0,1,0,0,1,0.655406
1,1,0,0,1,1,0,0,0,1,1,0,0,0,1,1,1,0,0,1,1,0,0,1,1,0,1,1,1,0,0,0,0.630043
0,0,1,1,0,0,1,0,1,1,0,1,0,0,0,1,0,1,0,0,0,0,1,0,0,0,1,1,1,1,0,0,0.593821
0,1,0,1,0,0,0,0,1,0,0,0,0,0,1,1,0,0,0,1,1,0,0,1,0,1,1,1,0,0,0,0,0.525249
0,0,1,0,1,0,0,1,0,0,1,1,0,1,1,1,0,0,1,0,1,1,1,0,1,1,0,1,0,1,0,1,0.680894
1,1,0,0,0,0,1,0,1,0,0,1,1,1,1,0,0,1,1,1,1,1,1,0,1,1,0,0,1,1,0,0,0.616645
0,0,0,1,0,0,1,0,1,0,1,1,0,0,0,0,0,1,1,0,1,0,0,0,0,1,1,1,1,1,1,1,0.672247
1,1,1,1,1,0,1,1,0,1,0,0,1,0,0,0,1,1,0,0,0,0,1,1,0,1,0,0,0,0,0,1,0.595380
0,0,1,1,0,0,1,1,0,0,0,0,1,1,1,1,0,1,0,1,0,1,0,1,0,0,0,1,0,0,1,1,0.614232
0,0,1,1,0,1,1,1,1,0,0,0,0,0,0,0,1,1,0,0,1,0,1,0,1,0,1,0,1,0,1,1,0.588995
0,0,1,0,1,0,1,1,1,1,0,0,1,0,0,1,1,0,1,0,1,0,1,1,1,0,0,0,1,0,1,1,0.611693
1,1,0,0,0,0,0,0,1,0,1,1,1,1,1,1,1,1,1,0,1,0,0,1,0,0,1,1,0,1,1,0,0.637207
0,0,1,0,0,1,1,1,0,1,1,0,1,0,1,1,0,0,0,1,0,1,0,0,1,0,1,1,0,1,0,1,0.587990
1,1,0,1,1,1,1,0,0,0,0,0,1,0,1,1,0,0,0,1,1,0,1,0,1,1,1,1,0,1,0,1,0.602292
1,0,1,1,0,1,1,0,1,0,1,1,0,1,0,0,1,0,1,1,1,0,1,1,1,1,1,0,0,1,1,0,0.675339
1,0,0,1,1,1,1,1,0,0,0,0,1,0,1,1,1,1,1,0,1,1,0,0,1,0,0,0,0,1,0,1,0.578036
1,0,1,1,0,0,1,0,1,0,0,1,1,0,0,1,1,1,1,0,1,1,0,0,0,1,0,0,1,1,1,1,0.632230
1,0,1,1,0,1,0,1,1,0,0,0,0,1,0,1,1,0,1,0,1,0,0,1,1,0,0,1,1,1,0,1,0.651233
0,1,0,1,1,0,0,1,0,0,0,0,0,0,0,1,0,0,1,1,1,1,1,1,1,1,1,1,1,0,0,0,0.612347
1,0,1,1,0,1,0,1,0,1,0,1,1,0,0,0,1,0,1,0,1,0,0,0,0,1,1,1,0,1,1,0,0.601438
1,0,1,1,1,0,1,1,0,0,0,0,0,0,0,0,1,1,1,1,0,1,0,1,0,0,0,1,1,0,0,0,0.593444
1,0,0,1,1,0,0,1,0,0,0,0,0,0,0,1,1,0,0,0,1,1,1,0,0,0,1,1,1,1,0,0,0.576503
1,0,1,0,1,0,0,1,1,1,1,0,1,1,0,0,1,0,0,0,0,0,1,1,0,0,0,0,0,1,0,0,0.606264
1,0,1,0,0,1,0,1,1,1,1,0,1,1,0,0,1,1,0,1,0,0,1,0,0,1,1,0,0,1,1,1,0.625217
0,1,1,1,0,0,1,0,1,0,0,0,0,1,0,1,1,1,1,0,1,1,0,0,1,0,0,0,1,1,0,0,0.607973
0,1,1,0,1,1,0,1,0,1,0,1,0,1,1,1,1,1,0,1,1,0,0,1,1,1,0,1,1,0,0,0,0.634542
0,1,0,1,0,0,1,0,1,0,0,0,1,1,0,0,1,0,1,1,1,1,0,0,1,1,0,0,1,0,0,1,0.598497
1,0,1,0,1,1,0,0,0,0,0,1,0,0,1,0,1,0,1,1,0,1,1,1,0,0,1,1,0,1,0,1,0.628434
0,0,1,0,1,0,1,1,0,1,0,1,0,0,1,0,0,1,1,1,0,1,0,0,0,1,1,1,1,1,0,1,0.644949
0,0,1,1,1,1,1,0,0,1,0,1,1,0,1,0,0,1,0,0,1,0,0,0,0,1,0,0,0,0,1,1,0.570797
1,1,1,0,0,1,0,1,1,0,1,1,1,1,1,1,1,1,0,0,1,0,0,1,0,0,1,0,1,1,0,0,0.629666
1,0,1,1,1,1,1,0,1,0,0,0,0,1,1,0,1,1,1,0,0,1,1,0,0,0,1,1,0,0,1,1,0.605384
1,0,1,0,1,0,0,0,1,0,0,1,0,1,0,1,0,1,1,0,1,1,1,1,1,0,1,0,1,1,1,1,0.657014
0,0,1,1,0,0,1,0,1,1,0,0,1,0,0,1,1,1,1,0,0,0,1,1,0,0,1,1,1,1,0,0,0.612070
1,1,0,0,1,1,0,1,0,0,0,0,1,1,0,1,1,0,0,0,1,1,1,1,0,1,1,0,1,0,1,1,0.585904
0,1,1,1,1,0,0,1,1,1,0,1,1,1,1,1,0,1,1,1,1,1,0,0,0,1,0,1,0,1,1,0,0.675062
1,1,1,1,1,1,0,1,0,0,0,0,0,0,0,1,0,1,1,1,1,1,1,1,1,1,0,0,0,0,0,0,0.607169
0,0,0,0,1,0,1,1,1,1,1,0,1,0,1,1,0,1,0,0,0,1,0,0,0,1,1,0,0,1,0,1,0.561370
1,0,1,1,0,1,1,1,0,1,1,0,1,1,1,1,0,0,1,0,1,1,0,0,0,0,0,1,0,0,1,0,0.610763
0,1,1,0,0,0,0,0,1,0,1,1,1,0,0,0,1,1,1,1,1,0,0,0,0,1,1,1,1,0,0,0,0.686650
0,0,1,0,1,1,0,1,1,0,1,1,1,1,0,1,1,1,0,0,0,0,1,1,0,0,1,0,0,1,0,0,0.654928
0,0,0,0,1,0,0,0,0,0,1,0,1,0,1,1,1,1,1,1,0,1,1,1,0,1,0,1,0,1,0,1,0.660257
0,0,0,1,1,0,0,1,0,0,1,1,0,1,1,0,0,1,1,1,0,0,0,1,1,1,1,1,1,0,1,1,0.689289
1,1,1,1,0,1,0,0,1,1,0,0,1,1,0,1,1,0,0,1,1,1,0,0,0,0,0,1,1,1,1,0,0.651434
1,1,0,1,0,1,0,1,0,0,1,0,0,1,1,0,1,1,0,1,1,0,1,0,0,0,0,0,1,1,1,1,0.610210
0,1,1,0,1,1,1,0,1,1,1,1,1,0,0,1,0,1,1,1,0,0,0,0,0,1,0,0,0,1,1,0,0.622402
0,0,0,1,0,0,1,1,1,1,1,0,1,1,0,0,1,1,0,1,0,1,1,0,0,0,1,0,1,0,0,0,0.563029
0,1,0,1,0,1,0,1,0,0,0,1,1,0,1,1,0,1,0,0,0,1,0,1,0,0,1,1,1,1,1,0,0.605585
1,0,1,0,1,0,1,0,0,0,1,0,1,0,0,0,1,1,1,0,1,1,0,0,0,1,1,1,0,1,1,0,0.596008
1,1,1,1,1,1,1,1,1,1,1,1,0,0,0,1,1,1,1,1,0,1,0,1,1,1,1,0,0,1,1,1,0.645829
1,0,1,1,0,1,1,1,1,1,1,1,0,1,0,1,1,1,0,1,1,1,1,1,1,1,1,0,0,0,0,1,0.651736
1,0,0,0,0,0,0,0,1,1,0,0,0,1,1,0,1,0,1,0,1,0,1,1,1,1,1,1,1,1,0,1,0.588819
0,0,0,1,0,0,0,0,1,1,0,1,1,1,1,0,1,1,0,1,0,1,0,0,1,1,1,0,0,1,0,0,0.614509
1,0,0,1,0,0,0,0,1,0,1,1,0,0,0,1,0,0,0,1,1,1,0,1,1,1,1,1,0,0,0,1,0.591383
1,0,0,1,1,0,0,1,0,1,0,0,1,0,1,0,1,0,0,0,1,1,1,0,1,0,1,1,1,1,1,0,0.624211
1,1,0,0,1,1,0,1,0,0,0,1,0,1,1,0,0,1,0,0,0,1,0,0,0,1,1,1,0,0,0,0,0.595305
1,1,0,0,1,0,0,1,0,1,0,0,0,1,0,1,1,1,0,1,1,0,0,1,0,0,1,0,1,0,1,1,0.614383
1,1,0,0,0,0,0,1,1,1,1,0,0,1,1,1,1,1,0,1,1,0,1,1,1,0,0,0,0,0,0,0,0.594827
0,0,0,1,1,1,1,0,0,1,0,0,1,1,1,0,0,1,1,0,0,1,0,0,0,1,1,1,0,1,1,0,0.588920
1,1,0,0,1,1,0,1,1,1,1,1,1,0,1,0,1,0,1,1,1,1,0,0,1,0,1,1,0,0,0,1,0.634995
0,1,0,1,0,0,1,0,1,0,0,0,0,1,1,1,1,1,0,1,1,1,1,0,0,0,0,1,0,0,1,1,0.590730
0,0,1,1,1,0,1,1,0,1,0,0,0,0,0,1,0,1,1,0,1,0,0,0,0,0,1,1,0,1,1,1,0.572983
1,0,1,1,1,1,1,0,1,0,0,1,1,1,0,0,0,1,0,1,1,1,1,0,0,0,1,1,0,0,1,0,0.600508
0,1,1,0,1,0,1,0,1,1,1,1,1,1,0,0,0,0,1,0,1,0,1,0,0,0,1,1,0,0,0,0,0.606767
0,1,1,0,1,1,1,0,0,1,0,0,0,0,0,0,0,0,1,0,0,0,0,0,1,1,1,0,0,1,1,1,0.552673
0,1,0,0,0,1,0,0,0,1,0,1,0,1,1,0,1,1,0,0,1,0,1,0,0,1,0,0,0,1,0,1,0.571425
1,0,1,0,1,1,1,0,0,0,1,1,0,0,1,0,0,1,1,0,0,1,1,1,1,1,1,0,1,0,1,0,0.623633
1,1,1,1,1,1,1,0,1,1,0,1,1,0,0,1,1,1,1,0,1,0,0,1,1,1,0,0,1,1,0,1,0.645225
0,1,1,0,1,1,0,0,1,0,1,1,1,0,0,1,1,1,1,0,0,1,0,0,0,0,0,0,0,1,0,1,0.602066
0,1,0,1,1,0,1,0,0,1,1,0,0,0,0,0,1,1,0,0,1,1,0,1,1,0,0,1,0,1,0,0,0.589171
1,1,1,1,0,1,0,0,1,1,0,0,1,1,1,0,1,0,0,1,0,1,1,0,1,1,1,0,1,0,0,0,0.639142
0,1,0,0,0,0,1,0,1,1,0,1,0,0,0,1,1,0,1,0,1,0,1,0,1,0,0,1,1,1,0,0,0.580147
1,0,0,0,1,0,0,1,0,1,1,1,1,1,1,0,0,0,0,0,0,0,0,1,1,0,0,1,0,0,1,1,0.602192
0,1,1,0,0,1,0,0,1,1,1,0,0,1,1,0,0,1,0,1,1,0,0,1,1,0,0,0,1,1,1,1,0.608375
0,0,1,0,1,1,0,0,1,1,1,1,1,1,1,0,0,1,0,0,1,1,1,1,0,0,0,0,1,0,0,0,0.538170
0,0,0,0,1,1,0,1,1,1,0,0,0,0,1,1,0,1,1,0,1,1,0,0,0,1,0,0,1,1,1,1,0.530805
1,0,1,0,1,1,1,0,1,1,1,1,1,0,0,1,1,0,1,1,0,1,0,1,1,1,0,1,1,1,1,1,0.680894
1,1,0,1,1,0,1,0,0,0,1,0,1,0,1,0,0,1,0,1,1,1,0,0,0,1,1,0,0,0,1,1,0.609632
0,1,0,0,0,1,1,1,0,1,1,0,0,0,1,0,0,1,0,1,0,1,0,1,0,0,1,0,1,0,1,0,0.568383
1,1,0,0,0,0,1,1,1,0,1,0,0,1,1,0,1,0,1,1,0,1,1,1,0,0,0,0,1,0,1,0,0.582535
1,0,1,0,1,1,0,1,1,0,1,0,0,0,1,1,1,1,1,1,0,0,1,1,0,0,1,0,1,1,1,0,0.652942
0,0,1,0,1,0,1,1,1,0,0,0,1,1,0,1,0,1,1,0,0,0,0,1,0,0,1,1,0,1,1,0,0.578388
1,0,0,1,1,1,0,1,1,0,0,1,0,1,0,0,1,1,1,1,0,1,1,0,0,0,0,1,0,0,1,0,0.603901
0,1,1,0,0,1,0,1,0,0,0,1,1,1,1,1,0,1,1,1,0,0,0,1,1,0,1,0,0,0,1,0,0.625694
0,1,1,1,0,0,1,1,1,1,1,1,1,1,1,1,0,0,0,0,1,0,0,1,0,0,1,1,1,0,0,0,0.679939
0,0,1,1,0,0,0,1,0,1,0,0,1,0,0,0,1,0,0,0,1,1,1,1,0,0,0,0,0,1,1,1,0.567554
1,1,1,0,0,0,1,1,0,0,1,1,1,0,1,0,0,0,1,1,1,0,0,1,0,0,0,0,0,1,1,0,0.645929
1,0,1,1,0,0,1,1,1,1,0,0,1,0,1,1,1,1,0,0,1,1,0,0,0,1,1,1,0,1,0,1,0.627479
1,0,0,1,1,1,0,1,0,1,0,0,0,1,1,0,0,0,1,0,1,0,1,0,0,0,1,1,0,0,1,0,0.563658
1,0,1,1,0,1,1,1,1,1,1,1,1,1,0,0,0,0,0,1,0,0,1,1,1,0,0,0,1,1,1,0,0.633964
1,1,0,1,0,0,1,0,0,1,1,0,1,1,1,0,1,0,0,1,0,0,1,0,0,0,1,0,0,1,1,1,0.630948
0,1,1,0,0,1,1,1,1,1,0,0,1,0,1,1,1,0,1,1,1,0,1,0,0,0,1,0,1,0,0,1,0.611140
1,0,1,0,1,0,0,0,1,1,0,1,0,0,0,0,0,0,0,1,1,0,0,0,0,0,1,0,1,0,1,0,0.603549
0,0,1,1,0,0,1,1,0,1,1,0,1,0,0,1,1,1,0,0,0,1,0,0,1,0,1,1,1,1,0,1,0.614484
0,0,0,1,0,0,0,1,1,1,1,0,1,1,0,0,0,1,0,1,0,0,0,0,1,1,1,0,1,1,0,0,0.587688
1,0,1,1,1,1,1,1,1,1,0,0,1,1,0,1,1,1,1,1,0,0,0,0,0,1,1,1,1,1,1,1,0.685142
0,1,1,0,0,1,0,1,0,0,0,1,0,0,0,0,1,1,1,0,0,0,1,0,0,0,1,0,0,1,1,1,0.544303
1,1,0,1,0,1,1,0,0,0,0,1,1,0,0,0,1,1,1,0,1,1,1,1,0,1,0,1,0,1,1,0,0.634040
1,1,1,1,0,0,0,1,1,0,1,1,0,0,1,0,0,1,0,0,0,0,0,1,1,1,0,0,0,0,0,0,0.614182
0,0,1,1,0,0,0,0,0,0,0,0,1,0,0,0,0,0,0,0,0,1,1,0,0,0,1,1,1,1,1,1,0.522811
1,0,1,1,1,0,1,1,0,1,0,0,0,1,1,1,0,1,1,0,0,0,0,1,1,0,0,1,1,1,1,0,0.623809
0,0,0,0,0,1,1,1,0,1,1,0,1,0,0,0,1,1,1,0,0,0,0,0,1,0,0,0,0,1,0,1,0.548526
0,0,1,1,1,1,1,1,1,1,1,1,1,0,1,0,1,1,0,1,0,0,0,0,1,1,0,0,0,1,0,1,0.622402
0,0,1,0,0,0,0,0,0,1,0,1,0,1,1,1,0,1,0,0,1,1,0,0,1,1,1,1,0,1,0,1,0.657014
0,1,0,1,1,1,1,0,1,0,0,0,1,1,0,1,0,0,1,1,0,0,0,0,1,1,1,1,1,0,1,1,0.627580
0,0,0,0,0,0,1,1,0,0,0,1,1,1,1,0,1,1,0,1,1,1,0,1,1,1,0,0,1,0,0,1,0.633889
0,1,0,1,1,0,1,0,1,1,1,0,0,1,1,0,0,1,1,0,0,0,0,0,0,0,0,1,1,0,1,0,0.611794
0,1,1,0,1,0,0,1,0,0,0,1,0,1,1,1,1,1,0,0,1,0,1,1,0,0,1,0,0,1,0,1,0.637835
0,1,0,1,0,0,1,0,1,0,1,1,1,1,1,0,1,1,0,1,1,1,0,1,1,1,0,0,0,0,1,0,0.609657
0,0,0,1,0,1,0,1,1,0,0,0,1,0,0,1,0,0,0,0,0,1,1,1,0,0,1,1,0,1,1,1,0.653294
1,0,1,1,1,1,1,1,1,0,1,1,0,0,1,1,1,1,1,0,1,0,0,1,1,0,1,1,1,0,0,0,0.729633
1,0,1,1,1,0,1,1,0,1,0,0,0,0,0,1,0,0,0,1,0,1,1,0,1,0,0,0,1,1,1,1,0.650856
0,0,0,1,1,0,1,1,1,0,0,1,1,1,0,0,1,1,1,1,0,1,0,1,1,1,0,0,1,0,0,0,0.605359
0,0,1,1,0,0,1,0,1,0,0,1,1,1,1,1,0,0,0,1,1,0,1,1,1,1,1,0,1,1,1,0,0.613755
0,0,0,0,0,1,0,1,0,1,0,1,0,1,1,0,1,1,0,0,1,0,0,1,1,0,1,0,0,0,1,1,0.551969
1,1,0,0,0,0,1,0,0,1,1,1,0,1,0,1,0,1,0,0,0,1,0,0,1,1,1,0,0,0,0,1,0.561446
0,0,1,1,1,1,0,1,1,0,1,0,1,0,1,0,1,1,1,0,0,1,0,0,0,1,0,1,0,1,0,1,0.607144
0,0,1,1,0,0,1,0,1,1,0,1,1,0,1,0,1,0,0,1,1,0,0,1,0,1,0,0,1,0,0,0,0.587412
0,0,0,0,1,1,1,1,1,1,0,0,0,0,1,1,1,0,0,1,0,0,0,1,1,0,1,0,0,0,0,0,0.573109
0,1,1,0,1,0,1,1,0,1,1,0,1,1,1,0,1,1,0,0,1,0,1,0,0,0,1,0,1,1,1,1,0.601287
0,0,0,1,1,1,1,0,0,1,1,0,1,0,0,1,0,0,0,1,1,1,1,1,0,0,0,1,0,0,1,0,0.576402
0,0,0,1,0,0,1,1,0,1,0,0,0,0,1,0,0,0,0,1,1,0,0,0,0,0,0,1,0,1,0,1,0.467863
1,1,0,0,1,0,1,1,0,1,1,0,1,0,1,0,0,0,0,0,0,1,1,1,1,0,1,1,0,0,0,0,0.606591
1,1,0,0,0,1,0,0,1,1,1,1,1,1,0,1,0,0,0,1,1,1,0,0,0,1,1,0,1,1,1,1,0.642234
1,1,0,0,1,1,1,1,1,1,0,0,1,1,0,0,1,1,0,1,1,0,0,1,0,1,0,1,1,0,0,1,0.621974
1,1,0,0,0,1,0,0,1,1,1,0,0,0,1,0,0,0,0,1,1,0,0,0,0,1,1,0,0,0,1,0,0.604228
0,1,0,1,1,0,0,0,1,1,0,0,0,1,1,0,1,1,1,1,0,1,1,0,1,0,1,1,1,1,0,0,0.620240
1,1,1,1,0,1,0,1,0,0,1,0,1,0,1,1,0,0,0,1,1,1,1,1,1,1,0,0,0,1,0,0,0.599050
0,0,1,0,1,0,0,0,0,1,1,0,1,1,0,1,1,0,1,0,1,1,0,0,1,0,0,0,1,0,0,0,0.591207
0,1,0,0,1,0,0,1,0,1,1,0,1,1,0,1,0,1,0,1,1,1,0,0,0,1,1,1,1,0,0,0,0.607370
1,0,0,1,1,0,0,0,1,0,0,1,0,0,1,0,0,1,1,1,0,1,1,1,1,1,1,1,0,0,1,0,0.650026
0,0,1,1,1,0,1,1,0,0,1,1,0,0,1,0,1,1,1,0,1,0,0,0,0,0,1,0,1,0,1,0,0.775281
1,1,0,1,1,0,0,0,0,0,0,1,1,0,0,0,1,1,1,1,1,0,0,1,1,1,1,0,1,0,0,0,0.612774
0,1,1,0,1,0,0,1,0,1,1,1,1,1,1,1,1,0,1,1,1,0,0,0,0,0,0,0,1,0,1,0,0.632456
1,0,0,1,1,0,0,0,0,0,1,0,1,0,0,1,0,1,1,0,1,1,1,0,0,0,0,1,1,0,1,0,0.590981
0,1,1,0,0,0,0,1,0,0,1,0,0,1,1,1,0,1,1,0,0,0,1,1,1,0,1,1,0,0,1,0,0.641782
0,1,0,0,1,1,0,0,0,0,1,0,0,1,1,1,1,0,1,1,0,0,0,0,0,0,0,1,1,1,0,0,0.578463
1,1,0,1,1,1,1,1,1,1,0,1,1,1,0,0,0,0,1,1,0,0,1,0,1,0,1,0,0,0,1,1,0.618204
0,1,1,1,1,0,0,1,1,1,1,1,1,0,0,0,0,1,0,1,0,1,0,1,1,1,0,0,1,1,0,0,0.616922
1,1,0,1,0,1,0,0,0,1,0,1,0,0,1,1,0,0,1,1,1,1,0,0,0,0,1,0,1,0,0,1,0.583993
1,0,0,1,0,0,0,0,1,0,0,0,0,1,0,1,1,0,1,1,0,1,1,0,1,0,1,1,1,0,0,0,0.574341
1,0,1,1,0,0,1,0,0,1,1,1,1,1,0,1,1,0,1,0,0,0,0,1,0,0,0,0,1,1,0,0,0.633160
1,0,0,1,1,0,1,1,1,1,0,1,1,1,1,1,0,0,0,1,0,0,1,1,1,0,1,0,1,0,0,1,0.655280
0,0,0,1,1,1,1,1,1,1,0,1,0,1,0,1,1,1,1,0,0,0,0,1,1,1,0,1,0,1,0,1,0.687756
0,0,0,0,1,1,1,1,1,1,0,0,1,0,0,1,1,0,1,0,0,1,1,0,1,1,1,1,1,0,1,1,0.642209
0,1,0,1,1,1,0,1,1,1,1,1,0,1,1,1,0,0,1,0,0,1,0,0,0,1,0,0,1,0,1,1,0.635950
0,0,0,0,0,1,0,1,1,0,0,0,1,1,0,0,0,0,1,1,0,1,1,1,0,0,0,0,0,1,1,1,0.540658
1,0,1,1,1,0,1,0,1,0,0,0,1,0,0,0,1,1,0,0,0,0,0,0,1,0,0,1,1,1,1,1,0.615388
0,1,0,0,0,0,1,1,0,0,1,1,1,0,1,0,1,0,0,1,1,0,0,0,1,0,0,1,1,0,0,0,0.587060
1,0,1,1,1,0,0,0,1,0,1,1,0,1,0,1,0,0,1,0,0,0,1,0,1,1,1,1,0,0,0,0,0.739889
1,0,0,1,1,0,0,0,0,1,0,0,1,0,1,0,0,1,1,0,0,0,1,0,0,0,0,1,0,0,1,1,0.568761
1,0,1,0,1,0,1,0,1,0,0,0,0,0,1,1,0,0,1,0,0,0,1,0,1,0,1,1,1,0,1,0,0.654300
0,0,1,0,0,1,0,1,0,0,0,1,1,0,0,1,1,0,0,1,1,0,1,1,0,1,1,1,0,1,1,0,0.592263
1,0,1,1,1,0,0,1,1,1,0,1,0,0,0,0,0,0,1,0,1,0,1,1,0,1,1,0,1,1,0,0,0.598874
1,1,1,0,0,1,0,1,0,0,1,1,1,0,1,1,1,1,0,0,0,1,1,0,0,1,0,0,1,1,0,0,0.603373
0,0,0,1,0,1,1,0,0,1,0,0,1,1,0,1,0,0,1,1,0,0,0,0,0,1,0,1,0,1,0,1,0.512983
0,1,1,0,0,1,0,0,1,1,0,0,0,0,0,1,0,0,0,1,1,0,0,1,1,1,0,0,0,0,0,0,0.537064
0,0,1,1,0,1,0,1,0,0,0,1,0,1,1,0,0,0,0,1,0,0,1,0,1,0,0,1,0,1,0,0,0.520926
0,1,0,0,0,1,1,1,0,1,1,1,1,1,0,0,0,0,0,0,0,0,0,1,1,1,0,1,0,0,1,1,0.621446
0,1,0,0,1,0,0,0,0,1,0,1,1,0,1,1,0,0,1,0,0,0,1,1,1,0,1,0,1,1,1,0,0.601061
1,0,0,0,0,1,0,1,1,1,1,0,1,1,1,1,1,1,0,0,1,0,1,0,0,1,0,1,0,0,1,0,0.616469
1,0,1,0,0,1,1,0,0,1,1,1,0,0,0,0,1,0,1,1,0,1,1,0,1,0,1,1,0,1,0,0,0.586708
0,1,1,0,1,0,1,0,0,0,1,1,1,0,1,0,0,1,0,1,1,0,1,0,1,1,1,0,0,1,0,1,0.730790
1,0,0,1,1,0,0,1,1,0,1,0,1,1,0,0,1,1,1,1,0,0,1,0,1,0,1,0,1,1,0,0,0.637106
1,1,0,1,1,1,1,1,0,0,0,1,0,1,1,0,1,0,1,0,1,1,0,1,0,1,1,0,1,1,1,0,0.641631
1,1,1,1,0,0,1,1,0,1,1,1,1,0,1,0,1,1,1,1,0,1,0,1,0,1,1,1,1,1,0,0,0.622427
0,1,1,0,1,1,1,0,1,0,1,1,1,1,1,0,0,1,1,1,1,0,0,1,0,0,1,1,1,1,1,0,0.655330
1,1,1,1,0,1,1,0,1,1,0,1,0,0,1,0,0,0,0,1,1,1,0,1,0,0,0,0,0,1,0,0,0.609079
1,0,1,1,0,0,0,1,1,1,0,0,0,1,0,0,0,1,0,1,0,0,1,1,1,0,1,0,0,0,0,0,0.586105
0,1,1,0,1,0,1,1,0,1,1,0,0,0,1,0,0,1,0,0,1,0,1,0,1,1,1,1,0,0,1,1,0.678933
0,1,1,1,0,0,1,0,0,1,0,0,0,1,1,1,1,0,1,0,1,1,0,0,0,1,0,0,0,0,0,0,0.580499
0,0,1,0,0,1,0,1,1,1,0,0,0,0,1,0,1,0,1,0,1,1,0,1,0,1,0,1,1,1,0,1,0.597165
0,1,0,0,1,0,1,1,1,1,1,0,1,0,1,0,0,0,0,1,0,0,0,0,0,1,0,1,1,1,0,1,0.594525
1,1,1,0,1,0,1,0,1,0,0,1,1,1,0,0,1,0,1,1,1,0,0,0,0,1,1,0,0,1,1,0,0.620642
0,0,0,1,0,1,0,0,1,0,0,1,1,1,1,1,0,1,1,0,1,1,1,0,1,0,0,1,1,1,1,0,0.663902
1,1,1,0,0,1,1,0,1,1,0,0,0,1,1,1,1,0,1,0,0,0,1,0,0,0,0,0,0,1,1,1,0.599025
1,1,0,0,0,0,1,1,0,1,0,1,1,1,1,0,0,0,1,1,0,1,0,0,1,0,0,0,1,0,1,1,0.610060
0,0,1,0,1,1,1,0,0,0,1,0,0,1,1,0,0,0,1,0,0,0,0,1,1,0,1,0,0,1,0,1,0.572807
1,1,0,0,0,1,1,0,1,0,1,1,1,1,0,0,1,1,1,0,1,1,0,0,0,0,1,1,0,0,1,0,0.603248
1,1,1,1,0,0,0,1,0,1,0,1,0,0,1,1,1,1,1,1,0,0,0,1,0,0,0,0,1,0,1,0,0.610889
0,1,0,0,1,0,1,0,1,0,0,1,0,1,0,0,1,1,0,0,0,0,0,1,1,0,0,0,1,0,1,0,0.571877
1,0,1,0,0,1,1,1,1,1,1,1,0,0,1,0,1,1,1,1,0,1,0,0,1,1,1,1,1,0,1,0,0.642988
0,0,0,1,1,0,0,0,1,0,1,0,0,0,0,1,0,1,0,0,1,0,0,1,1,0,1,1,0,1,0,1,0.564940
0,0,1,1,1,1,0,1,0,1,0,0,1,1,1,0,1,1,1,1,1,0,0,0,0,1,1,1,1,1,0,0,0.611945
1,0,0,1,1,1,0,0,1,0,0,1,0,1,1,1,0,0,1,1,0,1,1,0,1,0,1,1,1,0,0,0,0.628459
1,1,1,1,1,1,1,0,0,0,1,0,1,1,0,0,0,1,0,0,0,1,0,1,0,1,1,1,0,0,1,1,0.616846
0,1,1,0,1,1,1,1,1,0,1,1,0,0,1,1,0,1,0,1,1,1,1,1,0,0,1,1,0,0,0,0,0.612825
1,0,1,0,0,1,1,1,0,0,1,0,1,0,1,0,0,1,1,1,1,0,0,0,1,1,0,1,1,1,0,1,0.622402
0,1,0,0,1,0,0,0,1,0,1,0,0,0,0,0,0,1,0,0,1,1,0,1,0,0,0,0,0,0,0,0,0.520800
1,0,0,1,1,1,0,0,0,1,1,1,1,1,0,1,1,1,0,0,1,1,1,0,1,1,1,1,0,1,1,1,0.666013
0,0,1,1,0,1,1,1,1,1,0,0,1,0,0,1,0,1,1,1,0,0,0,0,1,1,1,1,0,0,1,1,0.647538
0,1,0,1,1,1,1,1,0,0,0,0,0,0,1,1,1,1,0,0,0,0,1,1,0,0,1,1,0,1,0,0,0.570646
1,1,0,0,0,0,1,0,0,0,1,0,0,1,0,0,1,0,1,1,0,0,0,1,1,0,1,1,1,0,1,1,0.649926
0,1,1,0,1,0,1,1,1,1,1,1,0,0,0,0,0,0,1,1,0,1,1,0,1,1,0,1,0,0,0,1,0.622879
0,1,0,0,1,1,0,1,1,1,0,0,0,0,1,0,0,1,0,1,0,1,0,0,1,0,1,1,0,1,1,1,0.609582
1,1,1,0,0,0,1,0,0,0,0,1,1,0,1,1,0,0,1,0,1,1,1,1,0,1,1,0,1,1,1,1,0.644471
0,0,0,0,1,0,0,1,1,0,1,1,1,0,1,1,0,0,0,1,1,0,0,0,0,1,1,1,1,1,1,0,0.630923
1,0,0,1,0,0,1,1,0,0,0,1,1,1,0,0,0,1,1,0,1,0,1,1,0,1,1,1,1,0,0,0,0.609833
0,0,0,0,0,0,1,1,1,1,1,0,0,0,1,0,1,1,0,1,0,0,0,1,0,1,1,1,1,0,0,1,0.626599
1,0,1,0,1,1,0,0,0,1,1,0,0,0,1,0,0,0,1,0,0,1,1,0,1,0,1,1,1,1,1,0,0.593872
0,1,1,0,1,1,0,1,1,1,0,0,1,0,1,0,1,1,1,1,0,1,0,1,1,0,1,1,1,0,1,1,0.633839
1,1,0,0,0,0,1,1,1,1,1,0,1,1,0,1,1,1,1,0,0,1,1,1,0,1,0,0,0,1,1,0,0.589247
1,0,0,1,0,1,0,0,0,0,0,0,1,1,1,1,0,1,0,0,0,1,0,1,0,1,0,1,0,0,1,0,0.574743
0,0,0,1,0,1,0,1,0,1,1,1,0,0,0,1,0,0,1,1,1,0,1,0,1,1,1,1,1,0,1,0,0.724581
0,1,0,1,1,1,0,1,1,0,1,0,1,0,0,1,0,1,0,0,0,1,0,0,0,0,0,0,0,0,0,0,0.550386
1,1,1,1,1,1,0,0,0,1,1,0,0,0,0,1,0,0,1,0,1,0,1,1,1,0,1,0,0,0,1,0,0.637106
1,0,1,0,1,0,1,1,0,0,1,1,1,1,1,0,1,1,1,0,0,0,0,1,1,1,0,1,0,1,1,1,0.686223
0,0,1,0,0,0,0,0,1,0,1,1,1,0,1,0,0,0,1,0,0,0,1,1,1,1,0,0,1,0,1,1,0.716638
0,0,0,0,1,1,0,1,0,0,1,1,1,0,1,1,1,1,0,1,0,0,1,1,0,1,1,1,1,0,1,0,0.941784
1,1,0,0,1,0,1,0,1,1,0,1,1,1,0,0,0,0,0,1,0,1,1,1,1,1,0,0,0,1,0,1,0.642284
0,1,1,1,1,0,0,0,0,0,1,1,0,1,0,1,0,0,0,1,1,1,0,0,0,0,0,0,1,1,1,0,0.574416
0,1,0,1,1,1,0,0,0,1,0,1,1,0,1,0,0,0,0,1,0,0,1,0,1,0,0,1,1,1,0,1,0.590227
0,0,1,1,0,1,0,1,0,1,1,0,1,1,1,0,1,1,0,0,0,0,0,1,1,0,0,1,1,1,1,1,0.638916
1,1,1,0,0,1,0,0,0,0,1,0,1,0,0,0,0,1,1,0,0,1,0,1,0,0,1,1,0,1,1,1,0.583516
0,1,0,1,0,1,0,0,1,1,0,1,1,0,0,1,1,0,1,1,0,1,0,0,0,1,1,0,0,0,0,1,0.592590
0,1,0,0,0,0,1,1,0,1,1,0,0,1,1,0,0,0,1,1,0,1,0,1,0,1,1,0,1,1,0,1,0.632733
0,0,0,0,0,0,1,1,0,1,1,0,1,1,1,1,1,0,0,1,1,1,0,0,0,0,1,0,0,1,1,1,0.612196
1,0,1,0,0,1,1,0,0,0,0,1,0,0,1,0,0,0,1,1,0,1,1,0,0,0,0,0,0,1,1,1,0.547269
1,1,1,0,0,1,1,0,0,0,0,0,0,1,1,1,0,0,0,0,0,0,0,1,1,0,0,0,1,0,0,1,0.581027
0,1,1,0,1,0,1,1,1,1,1,1,0,1,0,1,0,0,0,1,1,0,0,0,1,1,1,1,0,0,0,1,0.630847
0,0,0,1,1,1,1,0,1,1,1,1,1,0,1,0,1,1,0,1,1,1,1,1,1,0,1,1,1,1,1,0,0.638137
1,1,1,1,1,0,1,1,1,1,0,1,0,0,1,1,0,1,0,1,1,1,1,1,0,0,0,0,0,1,0,1,0.665963
1,1,1,1,1,1,1,1,0,1,0,1,0,0,0,1,1,0,0,0,1,1,0,1,1,1,1,0,0,1,1,0,0.642988
1,0,1,1,1,1,0,0,0,1,1,1,0,1,0,0,1,1,1,1,0,1,0,1,1,0,1,0,0,0,0,1,0.604680
0,0,0,0,0,1,0,1,1,1,0,0,0,0,1,1,0,0,0,1,0,1,0,0,1,0,1,1,1,0,1,1,0.571148
1,1,0,0,1,1,0,0,1,1,1,0,1,0,0,0,1,1,0,0,1,0,0,0,1,0,0,1,1,0,0,1,0.628283
0,1,1,1,0,0,0,0,0,1,0,1,1,1,0,0,1,0,0,0,1,0,1,1,1,0,1,1,0,1,0,0,0.588141
0,0,0,0,1,1,1,0,1,0,0,0,0,0,1,1,0,0,1,0,0,1,1,0,1,0,0,1,1,1,0,1,0.592540
1,0,1,0,0,1,0,0,0,1,0,0,0,0,1,0,1,1,1,1,1,0,1,1,1,1,1,0,1,0,1,1,0.632733
1,1,0,0,1,0,0,0,0,0,0,0,1,1,1,1,0,1,1,1,0,1,0,0,1,1,0,1,1,0,1,1,0.590252
1,1,0,0,1,1,0,0,1,1,0,1,1,0,0,1,1,0,0,0,0,0,0,0,1,0,1,1,1,1,0,0,0.586532
1,0,1,0,1,0,0,0,1,0,1,1,1,1,1,0,0,0,0,0,1,1,1,0,0,0,0,0,1,0,0,0,0.557977
1,0,1,0,0,1,0,1,1,0,1,1,1,0,1,1,0,0,1,0,1,0,0,1,0,0,1,1,1,1,1,0,0.647764
0,0,0,1,0,1,1,1,1,0,0,1,1,1,1,0,0,0,0,1,1,1,0,1,0,0,0,1,0,0,0,1,0.616293
1,0,1,0,1,1,1,1,0,0,0,0,0,0,0,1,1,1,1,0,1,1,0,0,0,1,0,1,1,1,0,1,0.583893
1,0,1,0,1,1,0,1,1,1,1,0,0,0,1,1,1,1,1,1,0,1,0,0,1,0,1,0,1,1,0,1,0.611040
1,1,0,0,1,1,1,1,1,0,1,0,1,1,1,0,1,0,1,0,0,1,0,0,1,1,1,0,1,0,0,1,0.620164
0,0,0,1,1,1,0,1,1,1,0,0,1,1,0,1,0,1,0,1,0,0,0,0,0,1,1,0,0,0,0,0,0.554885
0,1,1,0,0,0,0,0,0,1,0,0,0,1,1,1,0,1,0,0,1,0,1,1,0,0,1,1,1,0,0,0,0.549506
0,1,0,1,1,1,1,1,0,0,0,0,1,0,0,1,0,0,1,1,0,0,0,0,1,0,0,1,0,0,1,1,0.580172
0,1,0,1,0,0,0,0,1,0,1,0,0,1,0,0,1,1,0,0,1,0,1,1,0,0,1,0,1,1,0,1,0.574064
1,0,1,1,1,0,1,1,1,0,0,0,0,0,1,1,0,0,1,0,0,1,0,0,0,0,1,1,1,1,0,1,0.607873
0,1,0,1,0,1,1,1,1,1,0,1,1,0,1,0,1,0,1,1,1,1,1,1,1,0,0,1,1,1,0,0,0.641530
0,0,1,1,1,1,1,0,0,0,1,0,0,1,1,1,0,1,1,0,0,1,1,1,0,1,1,1,1,0,0,1,0.642586
1,0,0,0,0,1,1,0,0,1,1,0,1,1,0,1,0,1,1,0,0,0,0,1,1,1,0,0,0,1,0,0,0.593394
0,1,0,1,0,0,1,1,0,1,0,0,1,0,1,0,1,1,0,0,0,1,1,1,1,1,1,1,0,0,0,1,0.624538
1,0,0,1,0,0,0,1,1,1,1,0,0,1,0,0,0,0,1,0,0,1,1,0,1,0,1,1,1,1,1,0,0.617952
0,1,1,1,1,0,1,1,0,1,0,1,1,1,1,1,1,1,0,1,0,0,0,0,1,0,0,0,0,1,1,1,0.634341
0,0,0,1,0,0,0,1,1,0,0,1,1,1,1,1,1,1,1,1,0,1,0,1,1,0,0,1,0,1,1,1,0.726994
1,0,1,0,0,1,1,1,0,0,0,0,1,1,1,0,0,0,0,0,0,0,0,1,1,1,0,0,1,1,0,1,0.581781
0,0,1,1,0,1,0,0,0,0,1,1,0,0,1,1,1,1,0,1,1,0,0,1,1,1,0,1,0,0,1,0,0.665083
0,1,0,0,0,0,0,1,1,0,0,1,0,0,0,0,1,0,0,1,0,1,0,0,0,1,1,0,1,1,0,0,0.555866
1,1,1,1,1,0,1,1,1,1,1,0,1,1,1,1,1,1,1,0,0,1,1,0,1,1,0,1,1,1,0,1,0.660232
0,0,0,0,1,0,1,0,1,1,0,0,1,1,1,1,1,0,1,1,0,0,0,0,0,1,1,1,1,1,0,1,0.607043
0,0,0,0,0,0,1,1,0,0,0,0,0,0,0,1,0,0,1,1,0,1,0,0,0,1,0,0,1,0,0,0,0.438730
0,1,1,0,1,0,1,0,1,0,1,1,0,1,1,1,0,0,1,1,0,0,1,0,0,0,0,0,1,0,0,1,0.637785
0,1,1,0,1,1,0,1,1,1,0,0,0,0,1,0,0,0,0,0,1,0,0,0,1,0,1,0,1,0,0,1,0.560717
0,1,1,1,0,0,1,1,1,0,0,0,1,1,1,0,1,0,1,1,0,1,0,0,1,0,1,1,1,1,1,0,0.643340
1,1,1,1,0,0,1,0,0,0,1,0,1,0,0,1,0,0,1,0,1,1,0,1,1,1,1,1,1,1,0,0,0.613001
0,0,0,0,0,1,0,0,0,0,1,0,0,1,1,0,1,1,0,0,0,0,1,0,1,0,0,0,1,0,0,0,0.496745
1,0,0,1,0,0,0,0,1,1,0,0,0,0,0,0,1,1,0,0,0,0,0,0,1,0,0,1,0,0,0,0,0.588065
0,1,1,0,1,0,0,0,1,0,0,0,1,0,0,0,1,1,0,0,0,1,1,0,1,1,0,1,1,0,1,1,0.601589
1,0,0,1,1,0,0,0,1,1,0,1,1,1,0,1,1,1,0,0,1,0,1,0,0,1,0,0,0,0,1,1,0.595631
0,0,0,1,0,1,1,1,0,0,1,1,0,0,1,0,1,1,1,1,1,1,0,0,0,0,0,0,0,1,0,0,0.563205
1,1,1,1,0,1,0,0,0,0,0,1,0,1,0,0,0,1,0,1,0,0,1,1,1,1,1,1,1,1,1,1,0.670337
0,1,1,0,1,0,1,1,0,0,1,1,0,0,0,0,1,1,1,1,0,0,0,0,1,1,0,1,0,0,1,1,0.619637
0,0,0,0,0,0,0,0,1,0,0,0,0,1,0,1,0,1,1,0,0,1,1,0,1,0,1,0,1,1,0,0,0.530805
1,0,0,1,0,1,1,1,0,0,1,0,1,1,0,0,0,1,0,0,1,1,1,1,0,0,1,1,0,0,0,0,0.571148
0,0,1,1,1,1,0,0,1,1,0,0,0,0,1,0,1,0,1,0,0,1,1,0,1,0,1,0,1,1,0,0,0.603122
0,1,1,0,0,0,0,0,1,0,0,0,1,0,1,0,0,1,1,0,1,0,1,0,0,0,1,1,1,0,0,1,0.580273
1,1,0,0,1,0,0,0,1,0,1,1,0,0,1,1,0,0,0,0,0,1,1,0,0,1,1,1,1,0,0,1,0.605987
1,1,1,1,0,1,0,0,0,0,1,1,1,1,0,1,0,0,0,0,1,0,0,1,0,0,0,0,0,0,0,1,0.581077
0,0,0,1,0,1,1,0,1,1,0,1,0,0,0,0,0,1,1,0,1,0,0,0,0,0,1,0,0,0,1,1,0.500189
0,0,1,0,1,0,1,1,1,1,0,0,0,0,1,1,0,1,1,0,1,1,0,0,0,0,0,0,1,1,1,0,0.555790
1,1,1,1,0,1,1,1,1,1,1,1,1,1,1,0,1,0,1,1,1,1,1,0,0,0,0,0,1,1,1,0,0.569992
0,0,1,1,1,1,1,0,1,1,1,1,1,0,0,0,1,1,0,1,0,0,0,1,0,1,0,1,0,0,0,0,0.617073
0,1,1,1,1,0,0,0,0,0,1,0,1,0,1,1,1,1,0,1,1,0,0,1,0,0,0,0,0,1,0,1,0.585351
1,1,1,0,1,0,0,0,0,1,1,1,1,0,1,0,1,1,0,0,1,0,1,1,1,1,1,1,0,0,0,1,0.742604
0,1,1,0,0,1,1,1,1,1,0,1,0,0,1,0,1,1,1,0,0,1,0,0,1,0,0,1,1,1,0,1,0.628459
1,0,1,0,0,1,1,0,1,0,0,0,1,1,0,0,0,1,0,1,0,1,1,0,1,0,1,0,1,0,1,1,0.597139
0,0,0,1,0,0,1,1,0,1,0,0,0,1,0,0,1,1,0,0,0,0,0,1,0,1,0,1,1,0,1,1,0.501848
0,0,0,1,0,1,0,1,0,1,0,1,1,1,1,1,0,1,1,0,0,1,1,0,0,1,1,1,0,1,0,1,0.689591
0,0,1,0,1,1,1,1,1,0,0,1,1,0,0,1,0,0,1,0,1,0,1,1,1,0,0,0,1,1,0,0,0.595204
1,0,1,0,0,0,0,0,1,0,0,1,0,1,0,1,0,0,0,1,0,1,1,0,1,0,1,0,0,0,1,1,0.601136
1,1,1,0,1,1,0,0,0,1,1,1,0,0,1,0,1,0,0,1,0,0,1,1,0,1,1,0,0,0,1,0,0.747078
0,1,1,0,0,1,1,0,1,1,0,1,1,1,0,1,0,1,1,1,1,0,0,0,0,0,0,1,1,1,1,1,0.656084
1,0,0,0,1,0,0,0,0,0,0,0,1,0,1,1,1,1,0,1,0,0,0,1,0,0,0,0,0,0,1,1,0.583063
1,1,1,0,1,0,1,1,0,0,0,0,0,1,0,0,0,1,1,1,1,0,1,1,0,1,1,0,1,0,0,1,0.602267
1,0,1,1,1,0,1,0,1,0,1,1,0,0,0,0,1,1,1,1,0,0,0,0,0,1,1,1,1,1,0,0,0.672297
1,1,1,0,0,0,1,1,1,0,1,0,1,0,1,1,0,0,1,0,1,1,1,0,0,1,0,1,0,0,0,0,0.611668
0,0,0,0,1,0,0,1,0,0,1,1,0,0,0,0,0,0,0,0,1,1,0,1,1,0,1,1,0,1,0,0,0.531810
1,0,0,1,0,1,1,1,1,0,1,0,0,0,1,1,0,1,1,1,0,0,1,0,0,0,1,1,1,1,0,0,0.680316
1,1,1,0,0,1,1,1,0,0,1,1,1,1,1,0,1,0,1,1,1,0,1,0,1,0,1,1,1,0,1,0,0.788050
0,0,1,1,1,0,0,0,0,0,0,1,1,1,1,0,1,1,1,0,0,0,0,0,1,1,1,0,0,0,0,1,0.586859
1,0,1,0,0,1,1,0,1,0,1,1,0,0,0,0,0,1,1,0,1,1,1,1,1,0,0,0,0,1,0,0,0.606289
0,0,0,0,0,1,0,1,0,1,0,0,0,0,1,1,1,0,0,1,1,1,1,0,1,0,0,0,0,1,1,1,0.608426
0,1,1,1,0,0,0,0,0,1,0,1,1,1,0,0,0,0,0,1,0,1,1,1,1,1,1,0,1,1,1,1,0.676922
1,1,1,1,0,0,0,1,0,1,1,1,0,0,1,0,0,1,1,0,0,0,1,0,1,0,0,1,1,0,0,1,0.648443
0,1,1,1,1,1,0,0,0,0,1,1,0,0,0,0,0,0,0,1,0,0,0,1,1,1,1,0,1,1,1,0,0.590705
0,0,1,1,1,1,0,0,0,1,0,1,1,0,0,0,0,1,1,1,0,0,0,1,0,1,0,0,1,0,1,0,0.551291
0,1,0,1,0,0,0,1,1,1,0,0,1,0,0,0,1,0,1,1,1,0,1,1,0,0,0,1,0,0,0,0,0.567830
1,1,1,0,0,0,1,1,0,0,1,1,0,0,0,1,0,1,1,1,1,1,0,1,1,0,1,1,0,0,1,0,0.629817
1,0,0,0,0,1,0,1,1,0,1,0,0,0,0,1,0,0,1,1,1,1,1,0,0,0,0,0,0,1,0,0,0.575070
1,0,1,1,0,0,1,0,0,1,0,0,1,0,0,1,0,0,0,0,1,1,1,1,1,0,1,0,0,1,0,1,0.605183
0,1,1,0,0,0,0,0,1,1,1,1,1,1,0,1,0,0,1,1,1,0,1,0,1,0,1,1,1,1,1,0,0.656813
0,0,0,1,0,1,1,1,1,1,1,1,0,0,1,1,1,0,0,0,1,0,1,0,0,0,1,0,0,1,1,1,0.675942
1,1,1,0,0,0,1,1,1,1,1,0,0,1,0,1,1,1,1,0,0,1,0,1,1,1,1,0,0,1,0,0,0.622175
1,1,0,0,0,1,1,1,0,0,0,1,1,1,1,1,1,0,1,0,0,1,1,1,1,0,0,1,0,1,0,1,0.743131
0,1,1,1,1,1,0,0,0,1,1,1,0,0,0,1,1,0,0,0,1,1,0,1,0,1,1,0,0,0,1,1,0.614685
0,1,1,0,0,1,1,1,0,0,0,0,1,0,1,1,1,1,1,1,0,0,0,0,1,1,1,0,1,1,1,0,0.618958
1,0,1,0,1,1,1,0,0,0,0,1,1,0,0,1,1,0,1,0,0,0,0,0,0,0,0,0,0,0,1,0,0.598447
1,1,0,1,0,1,0,1,0,1,0,0,1,0,1,0,0,1,0,0,0,1,0,1,0,1,0,1,1,1,1,1,0.610110
0,0,0,0,1,0,0,0,1,0,0,0,1,1,1,0,1,1,0,0,0,1,1,1,0,1,1,1,1,1,0,1,0.611744
1,0,0,0,0,0,0,1,0,1,1,1,1,1,1,1,0,1,0,0,0,0,0,0,1,1,0,0,0,0,0,1,0.573863
1,0,0,1,0,1,1,0,1,0,1,1,1,1,0,1,1,0,0,0,1,0,0,1,0,1,1,0,0,0,1,0,0.641204
0,0,0,0,1,1,1,1,1,0,0,1,0,0,1,1,1,0,0,1,0,1,0,0,1,0,1,0,0,1,1,0,0.577231
1,1,1,1,1,0,1,0,1,0,0,0,1,1,0,0,1,1,1,1,0,0,1,0,1,0,0,1,0,0,0,1,0.625317
0,1,1,1,1,1,0,1,0,1,0,1,1,0,1,0,1,0,1,0,1,0,0,1,1,0,1,0,1,1,0,0,0.608199
1,0,1,0,0,1,0,1,1,0,1,1,1,0,0,1,1,0,0,0,0,0,1,1,0,0,1,1,1,1,1,0,0.698766
0,0,1,1,1,1,1,0,1,1,0,1,0,0,0,1,0,1,0,0,1,1,0,0,1,0,1,0,0,0,0,0,0.575799
0,1,1,1,1,1,0,0,0,1,0,1,1,0,0,0,1,0,1,1,1,1,0,0,1,1,0,0,1,1,0,0,0.619461
0,1,0,1,0,0,1,1,1,1,1,0,1,1,1,0,0,1,0,0,1,1,0,1,0,1,0,1,1,0,0,1,0.628585
1,0,0,0,1,0,1,1,1,1,0,1,0,0,1,1,1,1,1,0,1,0,1,1,0,1,0,1,1,1,1,0,0.636126
1,1,1,1,0,1,1,1,0,1,1,0,1,0,0,0,1,1,0,1,0,1,0,1,1,0,1,0,0,1,1,0,0.628836
0,0,0,1,1,0,1,0,0,0,1,0,1,0,1,0,1,0,0,1,1,1,1,1,1,0,0,0,1,0,0,1,0.591258
0,1,0,0,1,1,0,0,1,1,1,1,0,1,0,0,0,1,1,0,0,1,1,0,1,0,0,0,0,0,0,0,0.566926
1,1,0,0,0,1,0,1,0,1,1,0,0,0,0,0,1,0,0,0,1,1,0,1,1,1,0,0,1,1,0,0,0.601438
0,1,0,0,1,0,0,1,0,0,1,0,1,0,1,1,1,1,0,1,0,0,0,1,0,0,1,0,0,0,1,1,0.635875
0,0,0,0,1,1,0,1,0,1,1,0,0,0,1,1,1,0,0,0,0,0,1,0,1,1,0,0,0,1,1,1,0.563608
1,0,1,1,0,0,1,0,0,0,1,1,0,0,1,1,1,0,0,0,1,0,0,0,0,0,0,0,0,1,0,1,0.652917
0,0,1,1,0,1,1,0,0,1,1,1,0,1,0,0,0,1,0,0,0,1,0,0,1,1,0,1,1,1,1,1,0.619109
1,1,1,0,1,0,0,0,0,1,1,0,0,0,0,0,0,0,0,0,0,1,0,1,1,0,0,0,0,1,0,1,0.597215
1,0,1,1,1,0,0,0,1,0,1,0,1,1,1,0,1,1,1,0,1,0,1,0,1,0,0,1,1,1,1,1,0.664882
0,1,0,0,1,1,1,0,0,0,1,0,1,0,1,1,1,0,0,1,0,0,1,1,0,1,1,1,0,1,1,0,0.653973
0,0,0,0,0,0,1,1,0,1,0,1,0,1,0,0,0,1,0,1,1,0,1,0,1,1,1,1,1,1,0,0,0.542041
0,1,0,0,0,1,0,1,0,1,1,1,0,1,0,1,0,1,1,0,1,0,0,0,1,1,0,0,0,0,0,1,0.595430
1,0,1,1,0,0,1,0,1,1,0,0,1,0,0,1,1,0,0,1,0,0,1,1,1,0,1,0,0,0,1,1,0.611769
1,1,1,0,1,0,1,1,0,1,0,0,0,0,0,0,1,0,0,1,1,1,1,1,1,1,1,1,0,1,1,0,0.639595
1,1,1,1,0,0,0,0,0,0,0,0,1,1,0,0,0,1,1,1,0,1,0,0,1,1,1,0,1,0,1,1,0.603197
0,1,1,0,1,0,1,1,1,0,0,1,1,1,1,0,1,0,1,0,1,0,0,1,0,1,1,1,0,1,0,1,0.654651
1,1,0,0,1,0,1,1,0,1,1,1,1,0,0,1,1,0,1,1,0,0,0,1,0,1,1,0,0,0,0,1,0.648644
1,0,0,1,1,1,1,0,0,0,0,1,1,0,0,1,0,0,1,0,1,1,1,1,0,1,1,1,1,1,0,0,0.650856
1,0,1,1,1,1,0,0,1,0,0,1,0,0,0,0,1,1,0,0,0,0,1,0,1,0,1,0,1,0,0,1,0.614660
0,0,0,0,1,1,1,0,1,1,1,0,0,0,1,0,0,1,0,0,0,1,0,0,0,0,0,0,1,1,1,0,0.511299
1,1,0,1,0,0,1,1,0,1,0,0,1,0,1,1,0,0,1,0,0,1,1,0,1,0,1,0,0,0,1,1,0.615414
0,1,0,0,1,0,1,1,0,0,1,0,0,0,1,1,1,0,0,1,0,1,0,1,0,0,1,1,0,1,0,1,0.610034
1,0,0,0,0,0,0,0,1,1,1,1,1,1,1,0,0,1,0,0,1,1,1,1,1,0,0,1,0,1,0,0,0.604178
0,0,0,0,0,0,0,0,0,1,1,0,0,0,1,1,0,0,1,1,1,0,0,1,0,0,0,0,1,0,0,0,0.484202
1,1,0,0,0,0,1,1,1,0,1,1,1,1,0,0,0,1,1,0,1,1,0,1,1,0,0,0,1,1,0,0,0.621296
1,0,1,0,0,1,1,0,1,1,0,0,0,0,1,1,0,1,1,1,0,1,0,1,0,1,0,1,1,0,1,0,0.622577
1,0,1,1,1,1,0,1,0,1,0,1,0,0,1,0,1,1,1,1,1,0,0,0,0,0,1,1,0,0,0,1,0.616218
1,0,0,0,0,1,1,1,1,1,1,1,0,1,0,1,1,1,1,1,0,1,1,0,0,0,1,0,1,0,0,0,0.618078
0,1,0,1,1,1,1,1,1,1,1,0,0,0,0,1,0,1,1,1,1,1,1,0,1,1,1,0,1,1,1,1,0.665561
0,1,0,0,1,1,1,1,0,0,1,0,1,1,1,0,1,0,0,1,0,0,0,0,0,0,1,0,0,1,1,1,0.578187
1,0,1,1,1,0,0,0,1,0,0,0,0,0,1,1,1,0,0,1,1,0,0,1,1,0,0,0,0,0,1,1,0.615715
1,0,1,0,0,1,1,1,0,0,1,0,1,0,0,1,0,0,1,1,0,1,0,1,0,0,0,0,0,1,0,0,0.560214
0,1,1,0,1,1,0,1,0,0,1,1,1,1,1,1,0,1,1,0,0,1,0,1,0,0,0,0,1,1,0,1,0.672071
0,1,1,1,0,1,0,1,0,0,0,0,1,1,1,0,0,0,0,0,1,1,1,1,0,1,1,0,1,0,0,1,0.601111
0,0,1,1,1,0,0,0,1,0,0,0,0,0,1,0,0,0,0,0,0,1,1,1,1,0,1,1,1,0,0,0,0.571500
0,1,0,0,1,0,0,1,0,0,1,1,1,0,1,0,1,1,1,0,0,1,0,0,0,1,1,1,1,0,0,1,0.624639
0,1,1,1,1,0,1,1,1,0,1,0,1,1,0,1,1,0,1,1,0,0,1,0,0,1,1,1,0,1,1,1,0.690898
1,0,1,0,1,1,0,1,1,1,0,1,0,1,1,1,1,0,1,1,0,1,0,0,0,0,1,1,1,1,0,1,0.671970
1,1,1,0,0,0,0,0,1,1,1,1,0,1,1,0,0,1,1,0,1,1,0,1,1,0,1,0,0,0,1,0,0.628660
0,1,1,0,0,1,1,0,0,0,0,0,0,0,0,1,0,1,1,0,0,1,1,1,0,1,0,0,1,1,1,0,0.567127
0,1,1,1,1,1,0,0,0,1,0,0,1,0,1,0,0,0,1,1,1,1,1,0,1,0,1,0,1,1,0,1,0.616947
1,0,1,0,1,1,1,0,0,1,0,1,1,1,0,0,0,1,1,0,1,1,0,1,0,0,1,0,1,1,0,1,0.633009
1,0,1,0,0,1,0,0,1,1,0,1,0,0,1,0,1,0,0,1,0,0,1,0,1,0,0,1,1,0,0,1,0.590076
0,0,0,1,1,1,1,1,1,1,1,1,0,1,1,1,0,0,1,1,1,1,0,1,0,0,1,0,0,1,1,1,0.644949
0,0,0,1,1,1,0,1,1,0,0,0,1,0,1,0,0,1,1,0,1,1,0,0,1,1,1,1,0,0,0,0,0.593294
0,1,0,1,0,0,1,1,0,0,0,1,1,1,0,1,1,1,1,0,1,1,0,1,1,0,0,0,1,0,0,1,0.648342
0,1,1,0,0,0,0,0,0,1,0,0,0,1,1,0,1,0,1,0,0,0,1,0,1,0,0,1,1,0,0,0,0.547998
0,1,0,0,1,0,1,1,1,0,0,0,0,0,0,1,0,1,0,1,0,1,0,1,1,1,1,0,1,0,1,1,0.611442
0,0,1,1,1,0,0,0,1,1,1,0,1,0,1,0,1,1,1,1,1,0,1,1,0,1,1,0,0,0,1,1,0.712189
0,0,0,1,1,0,0,0,0,0,1,1,0,1,1,1,0,0,1,1,0,1,0,0,1,1,1,1,0,0,1,1,0.668175
1,1,1,0,0,1,0,1,0,0,0,1,0,0,0,0,1,1,1,0,1,1,0,0,1,1,1,0,0,1,1,0,0.607018
1,1,1,0,0,0,1,0,0,0,0,0,1,0,0,0,1,1,0,1,1,0,0,0,0,0,0,0,0,0,0,0,0.654777
1,1,0,1,1,0,0,0,1,0,0,1,1,1,1,0,1,1,0,1,0,0,0,1,0,0,1,0,1,0,1,0,0.603901
1,0,0,0,0,0,1,0,1,1,1,0,1,1,1,1,1,0,0,1,1,0,0,1,0,0,1,1,0,0,0,1,0.625619
1,0,0,1,1,1,1,0,1,0,0,0,0,1,1,1,1,1,1,1,0,1,0,1,0,1,0,1,0,1,0,0,0.624840
1,1,0,0,1,0,1,1,1,1,1,0,0,0,0,0,0,0,1,1,1,0,0,1,0,1,0,1,1,0,0,0,0.608451
0,0,1,0,0,1,0,0,0,1,0,0,0,0,1,0,1,1,1,1,0,0,0,0,1,1,0,0,0,0,1,0,0.514089
0,0,0,0,1,0,0,0,1,1,0,0,0,0,1,1,0,0,0,0,0,1,1,0,0,0,1,1,0,0,1,1,0.533645
0,0,1,0,1,1,1,0,0,0,0,1,1,1,1,1,0,0,1,0,1,0,0,0,1,0,1,0,0,0,0,0,0.558932
0,1,0,0,1,0,1,1,0,0,1,1,1,1,1,0,0,1,0,0,1,1,1,0,1,0,1,1,1,1,1,0,0.606867
1,1,1,1,1,1,1,0,1,0,1,0,1,1,0,0,1,1,1,0,1,1,1,0,1,0,1,1,0,1,1,1,0.626398
0,0,0,0,0,1,0,0,1,0,1,0,1,1,0,0,1,1,1,0,1,0,1,1,1,0,1,0,0,1,0,0,0.574818
0,0,0,1,0,0,0,0,1,0,0,0,0,1,1,1,1,0,1,0,0,0,0,1,1,1,1,0,1,0,0,1,0.522862
0,1,1,0,1,1,1,1,0,0,0,0,0,0,1,0,0,1,1,0,0,0,1,1,0,1,0,0,0,1,0,1,0.588191
0,1,0,1,1,1,1,0,1,1,0,1,1,1,1,0,0,0,1,0,0,0,1,1,0,0,0,1,1,0,1,1,0.622452
0,1,0,1,1,1,1,0,1,1,1,1,1,0,1,0,1,1,0,0,1,1,1,0,0,0,1,1,0,0,0,0,0.615514
0,1,0,0,1,0,1,0,1,0,0,1,0,1,0,0,1,0,1,0,0,1,1,1,1,1,0,0,0,1,1,0,0.601186
0,1,0,1,0,1,1,0,0,0,0,0,0,0,1,0,0,0,1,0,0,1,1,0,1,0,0,1,0,0,0,0,0.527034
1,1,0,1,1,1,1,0,1,0,0,0,1,1,1,0,1,1,0,1,0,1,0,0,1,0,0,0,1,0,1,0,0.615665
0,1,0,1,0,0,0,1,0,1,1,0,1,0,1,0,0,1,0,1,0,1,1,1,1,0,1,0,1,1,1,0,0.619084
0,0,1,0,0,0,0,0,1,1,0,1,0,0,1,0,1,0,1,1,0,0,0,1,0,1,1,1,1,0,1,0,0.588719
0,0,1,1,1,0,1,0,1,1,1,0,0,0,0,1,0,0,1,1,1,1,1,0,0,0,1,1,0,1,1,1,0.614333
0,0,1,1,0,1,1,0,1,0,1,0,0,0,1,1,0,1,1,0,0,0,0,0,1,0,0,1,0,1,0,1,0.594425
0,0,1,1,1,1,1,1,0,1,0,0,0,0,1,1,1,1,0,1,0,1,1,1,1,0,0,0,0,0,0,0,0.611970
0,0,0,0,0,0,0,1,1,0,1,0,0,0,0,0,0,1,1,0,1,1,0,1,1,0,0,1,0,1,1,0,0.535279
1,0,0,0,1,0,1,1,1,1,0,0,0,0,1,0,1,0,1,1,1,0,1,1,1,0,1,1,1,1,0,1,0.635623
1,1,0,0,0,1,1,1,1,0,1,0,0,0,0,0,0,0,0,0,0,0,0,0,1,0,1,0,0,0,0,0,0.636453
1,1,1,0,1,0,1,1,0,1,0,1,1,0,0,0,0,0,1,1,0,1,0,0,0,0,1,0,0,0,0,1,0.592816
1,0,0,0,1,0,1,0,0,0,0,1,1,1,1,1,0,1,0,0,0,1,0,1,0,0,1,1,0,1,0,1,0.720760
0,0,1,0,1,0,0,1,1,1,0,1,0,0,1,1,0,0,1,1,1,1,0,0,1,1,1,0,1,0,0,0,0.566574
0,0,0,1,0,0,0,0,0,0,0,1,1,1,1,1,0,0,0,0,1,0,0,1,0,1,0,1,1,0,1,0,0.515874
1,1,1,1,0,1,0,1,1,0,1,1,0,0,1,1,0,0,1,0,0,1,1,1,1,1,1,1,0,1,1,1,0.664706
1,1,0,1,1,0,1,1,1,0,1,1,0,0,0,1,0,1,1,0,0,0,0,1,0,1,1,1,0,1,0,1,0.712742
0,0,0,1,1,0,0,1,0,1,1,0,0,0,0,0,1,0,1,0,0,1,0,0,1,1,1,0,1,1,1,0,0.574316
0,0,1,1,0,0,1,1,0,0,1,1,1,1,0,1,1,1,1,1,0,1,1,1,1,1,0,1,0,1,1,1,0.679235
0,0,1,1,0,0,1,0,1,1,0,1,0,0,1,1,1,0,0,0,1,0,1,1,0,1,0,1,0,0,1,0,0.659553
0,1,0,0,0,1,0,0,1,0,0,1,0,1,0,1,1,0,0,1,0,0,1,1,0,0,0,1,0,0,0,0,0.537767
1,0,0,0,1,0,1,0,1,1,0,1,1,0,0,1,1,0,0,0,1,1,1,1,0,1,1,1,1,1,1,1,0.685293
1,0,0,1,0,1,0,1,0,1,1,0,0,0,0,0,1,0,0,1,1,1,1,1,1,1,1,0,1,0,1,1,0.643139
1,1,0,0,1,1,0,1,0,0,0,0,1,1,1,1,1,1,0,1,0,0,0,0,1,1,0,0,0,0,1,1,0.617324
1,1,1,0,1,0,1,0,0,0,0,0,1,1,0,1,1,0,1,1,1,1,1,0,1,0,0,1,0,1,0,0,0.619812
0,1,1,1,0,1,1,0,0,0,0,0,0,0,0,0,1,1,0,0,0,0,0,0,1,0,1,0,0,0,0,0,0.541462
1,1,1,0,0,1,0,1,1,0,1,1,0,1,0,1,1,0,0,1,1,0,0,1,0,1,1,0,1,1,0,1,0.649297
1,0,0,1,0,0,1,0,1,0,1,0,1,1,1,0,1,1,0,1,1,0,1,0,0,0,0,0,0,1,0,0,0.598421
1,1,0,0,1,1,1,0,0,0,0,1,1,1,1,0,0,1,0,1,1,0,1,1,0,1,1,0,1,1,1,0,0.643994
1,1,1,0,0,1,1,0,0,1,1,1,1,1,0,1,1,1,1,1,0,1,0,0,0,0,0,1,0,0,1,1,0.639193
0,1,0,0,0,1,0,0,0,1,1,1,1,1,1,0,1,1,1,1,1,1,1,1,0,1,1,1,1,1,1,1,0.679914
1,0,0,1,1,0,0,1,0,0,0,0,1,1,0,1,1,0,1,0,0,1,0,1,0,1,1,0,0,1,1,1,0.636704
1,0,1,0,0,1,0,0,1,1,0,0,1,0,0,0,1,1,0,0,0,1,1,0,1,0,0,0,0,1,1,0,0.597718
0,1,1,1,1,1,0,0,0,1,0,0,1,0,0,0,1,1,0,0,1,0,0,0,1,1,0,1,1,1,1,1,0.604429
0,0,0,0,0,1,0,1,1,1,0,0,0,1,0,1,1,1,1,0,1,0,1,1,0,0,0,1,1,0,1,1,0.597517
0,1,0,0,1,0,1,1,1,1,0,1,0,1,1,0,0,1,1,1,1,0,1,0,0,0,1,1,0,0,1,1,0.634542
1,1,0,1,0,0,0,0,1,0,1,0,1,1,1,1,0,1,1,0,1,0,0,0,1,0,1,1,1,1,1,0,0.679009
1,1,1,1,0,1,0,0,0,1,0,0,0,1,0,1,0,1,1,0,0,0,1,0,1,1,0,0,0,1,1,0,0.595858
0,0,1,0,0,0,0,0,0,0,0,1,0,1,0,1,1,0,0,1,1,0,0,0,0,1,0,0,0,1,1,1,0.513762
1,1,1,1,0,0,0,1,1,0,0,0,0,0,0,1,1,0,1,0,0,0,0,0,0,0,1,0,1,0,1,0,0.629113
1,1,0,1,0,0,1,1,1,0,1,0,0,1,1,1,1,0,1,1,1,0,0,0,1,1,0,0,0,0,1,1,0.647563
1,0,0,0,1,1,0,0,0,0,0,0,1,0,1,0,0,1,0,0,0,0,0,1,0,0,0,0,0,0,1,1,0.528492
0,0,1,0,0,0,0,0,1,1,0,1,1,0,0,0,1,1,1,0,0,0,1,1,0,1,1,1,1,0,1,0,0.633989
1,0,0,1,1,0,0,0,1,1,1,1,0,0,0,1,0,1,1,0,0,1,0,1,0,0,1,0,0,0,0,0,0.584747
1,1,0,1,0,0,0,0,1,1,1,0,0,1,1,1,1,1,1,0,1,0,1,0,1,1,1,1,0,1,1,0,0.672423
0,1,0,0,0,1,0,1,0,1,1,1,0,0,0,0,1,0,0,0,0,1,1,0,0,1,1,0,0,1,1,1,0.605812
0,0,0,1,1,1,0,1,1,0,0,1,1,1,0,1,0,0,0,0,0,0,1,1,1,1,1,1,1,0,0,0,0.618531
0,0,1,0,1,0,1,1,1,1,0,1,1,1,0,0,1,0,0,0,1,0,0,1,1,0,1,1,1,1,1,0,0.642259
1,0,0,0,0,1,1,1,1,0,0,1,1,1,0,0,0,1,1,1,1,0,1,0,0,1,0,1,0,0,1,1,0.606113
1,1,1,1,0,0,1,1,0,0,0,0,0,1,0,1,1,0,0,0,0,1,1,0,1,1,1,1,0,1,0,0,0.600734
1,1,1,1,0,1,1,1,0,1,0,0,0,0,0,1,0,0,0,0,0,1,1,1,0,0,0,0,0,0,0,0,0.581756
1,1,1,0,1,1,0,1,0,0,0,0,0,0,0,1,0,1,1,0,0,0,0,0,0,0,0,0,0,0,0,1,0.597014
0,1,1,0,1,0,0,0,0,0,0,1,1,0,0,0,0,1,0,1,0,1,1,1,0,1,0,1,0,1,1,1,0.633763
1,1,1,1,0,1,0,1,0,1,0,1,1,0,0,0,1,1,1,0,0,0,1,1,1,1,0,0,1,1,0,1,0.611316
0,1,1,0,1,1,0,1,1,1,1,1,1,1,1,0,1,1,0,0,1,1,0,1,1,0,0,0,1,0,0,1,0.622577
1,1,1,1,0,1,1,0,0,0,1,1,0,1,0,1,1,0,1,1,0,0,0,1,0,0,0,1,0,0,0,1,0.602594
1,1,0,1,1,1,1,0,0,1,1,1,1,1,1,1,1,1,1,0,1,1,0,0,0,0,1,1,1,0,0,0,0.651308
1,1,0,0,1,0,1,1,0,0,1,1,1,1,1,1,1,0,1,0,0,1,1,0,1,0,0,1,0,0,1,1,0.637081
1,0,0,1,1,0,0,0,1,0,1,1,0,0,1,0,1,0,1,1,1,1,0,0,0,1,0,0,1,1,1,0,0.589096
0,0,1,0,1,1,0,0,1,0,0,0,1,0,0,1,1,0,1,0,1,0,1,0,1,1,0,0,0,1,1,1,0.548802
1,1,1,0,0,0,0,0,1,1,1,0,0,1,1,0,1,1,1,0,0,1,1,0,1,1,0,0,0,0,1,1,0.613352
0,1,0,0,0,1,1,0,0,1,0,0,1,1,1,1,1,1,1,0,0,0,1,1,1,1,0,0,1,0,0,1,0.592590
1,0,1,0,0,1,1,1,1,0,1,1,1,1,1,0,1,1,1,1,0,0,1,0,0,0,0,1,0,1,0,0,0.616168
1,0,1,0,1,1,0,0,0,1,0,0,1,1,0,1,0,0,1,1,0,1,0,0,1,0,0,0,1,0,1,0,0.590881
1,1,1,1,1,1,0,0,0,1,0,0,1,0,0,0,0,1,0,1,1,1,0,0,0,0,0,1,1,0,0,0,0.595254
0,0,1,0,1,0,0,1,1,0,1,1,0,1,0,1,1,1,0,0,1,0,0,1,1,1,1,1,1,0,1,1,0.717065
1,0,1,1,0,1,1,0,1,0,0,1,0,0,1,1,1,1,0,0,0,0,1,1,0,1,1,1,1,0,0,0,0.683056
1,1,0,0,0,1,1,0,1,0,0,0,0,0,1,0,0,1,1,1,0,1,1,0,0,0,1,1,1,1,1,0,0.607822
0,1,1,0,1,0,0,0,1,1,1,0,1,0,0,1,1,1,1,1,1,0,1,0,1,0,1,0,0,1,1,0,0.648015
1,1,0,1,1,1,1,1,0,1,0,1,1,1,0,1,1,0,0,1,0,0,0,0,0,0,0,1,1,0,0,0,0.616595
0,0,0,0,0,1,1,0,0,0,1,0,0,1,1,1,1,0,0,0,1,0,0,0,1,0,0,0,0,0,1,0,0.505693
1,1,1,1,1,1,0,0,0,0,0,0,1,0,0,1,0,0,1,1,0,0,1,0,1,1,0,1,1,1,1,0,0.615187
1,1,0,0,0,0,0,0,1,1,0,1,1,1,0,1,0,0,0,1,1,1,1,0,0,0,0,1,0,0,0,1,0.590177
0,0,1,1,0,0,0,1,0,1,0,1,0,1,1,0,0,0,1,0,1,1,0,0,1,0,0,0,1,1,1,1,0.615489
0,0,0,0,0,0,1,0,0,1,0,1,1,0,0,0,0,1,0,1,0,0,1,0,0,1,0,1,1,1,1,0,0.498781
0,0,0,1,1,1,0,1,0,0,0,0,0,1,1,1,1,1,1,0,0,1,0,0,0,0,1,1,1,1,0,1,0.612774
1,0,0,1,0,1,1,1,0,0,0,0,1,0,1,1,0,0,1,0,0,0,0,0,0,1,1,1,0,0,0,1,0.584521
0,0,0,0,1,1,0,0,0,0,0,0,1,1,0,0,0,0,1,0,0,0,0,0,0,0,0,0,0,0,1,1,0.405047
1,1,0,0,1,1,0,1,1,1,1,0,0,0,1,1,0,0,0,0,1,1,0,0,1,0,1,1,0,0,0,0,0.596335
1,0,1,1,1,1,1,1,0,0,1,1,0,0,1,1,1,0,0,1,0,0,1,1,1,0,1,0,1,1,0,0,0.734007
1,1,1,0,0,0,0,0,1,1,1,0,1,1,0,1,1,0,0,0,0,0,0,1,0,1,0,0,0,1,0,1,0.587889
1,0,0,1,1,1,0,0,1,1,1,0,0,0,0,0,0,1,0,1,1,1,0,0,1,0,1,1,1,0,0,1,0.609456
0,0,1,1,1,1,1,0,0,0,0,1,1,0,1,1,1,1,0,0,0,0,1,1,0,1,0,0,1,1,1,1,0.626725
0,0,0,0,1,0,1,1,0,0,0,0,1,0,1,1,1,0,1,0,0,0,0,0,0,1,0,1,1,1,0,1,0.485207
0,0,1,1,1,0,1,0,1,0,0,1,0,1,1,0,1,0,0,1,1,1,0,1,1,0,1,0,0,0,1,0,0.616520
0,1,0,0,1,1,1,1,1,1,0,1,0,1,0,0,1,1,0,1,0,1,0,1,1,0,0,0,0,0,1,1,0.629063
0,0,0,1,0,0,1,0,0,0,0,1,1,0,0,0,0,0,0,0,1,1,1,0,1,0,0,1,1,0,0,1,0.518362
0,1,1,1,1,1,1,0,1,0,0,0,0,1,1,0,1,1,1,1,1,0,0,0,1,0,1,1,1,0,0,1,0.611869
1,1,0,0,0,1,1,0,0,0,1,1,0,1,1,0,1,0,0,1,1,1,1,0,0,0,0,1,0,1,1,0,0.596788
1,1,1,1,1,0,0,0,1,1,1,0,0,0,1,1,0,1,0,0,0,0,0,1,0,0,1,1,0,1,0,1,0.622402
1,1,0,0,0,0,1,0,1,0,0,1,0,1,1,1,0,0,1,1,0,1,1,1,1,1,0,1,1,1,0,0,0.658145
1,0,0,0,1,0,0,1,1,1,0,0,1,1,1,1,0,0,1,1,0,1,0,0,1,1,1,0,1,0,0,0,0.604203
1,1,1,0,1,0,0,0,1,0,1,1,0,0,0,1,0,1,1,0,1,1,0,1,0,1,1,1,0,0,1,0,0.604404
0,1,1,0,0,0,0,1,1,1,0,1,0,0,1,0,0,1,1,0,0,0,1,0,0,1,1,0,0,1,0,1,0.599754
1,1,0,0,0,1,0,0,1,1,1,1,1,0,0,1,1,0,0,1,1,1,0,1,1,0,0,0,0,1,0,1,0.637408
1,0,1,1,0,1,1,1,1,1,1,0,0,0,0,0,1,0,1,1,1,1,1,1,1,1,0,1,1,0,1,0,0.634291
0,1,0,0,0,1,0,1,1,0,0,0,1,0,1,0,0,1,0,0,0,1,0,0,0,0,1,0,0,0,1,1,0.528341
1,0,0,0,1,0,1,1,1,0,0,1,0,1,0,1,0,0,1,1,1,1,1,0,1,1,1,1,0,1,1,1,0.694266
1,0,1,1,1,1,1,0,0,1,0,0,0,0,1,0,1,1,1,0,1,1,0,1,1,1,1,1,1,0,0,1,0.626247
0,1,0,0,0,0,0,1,0,1,0,0,1,0,0,0,0,0,0,0,1,0,1,0,0,0,1,1,0,0,1,1,0.488048
1,1,1,0,1,1,0,1,1,0,1,0,0,1,0,1,1,0,1,0,0,1,1,1,1,0,0,0,0,1,0,1,0.613503
0,0,0,1,1,1,0,1,0,0,1,1,1,1,0,0,0,1,1,1,0,0,1,1,1,0,0,1,1,1,1,1,0.675841
1,1,1,1,1,0,1,1,0,1,0,1,0,1,0,0,1,1,0,1,1,0,0,0,1,1,0,1,0,1,0,0,0.627052
1,0,1,0,0,1,1,0,1,1,0,1,1,0,0,0,1,1,1,1,1,1,0,1,0,0,1,0,0,0,1,1,0.617575
0,0,0,0,0,1,0,0,1,0,0,0,0,1,1,1,0,0,0,1,1,1,1,0,0,0,1,0,0,1,1,0,0.564613
1,1,1,0,0,0,0,0,0,0,1,1,1,1,1,1,1,1,1,1,0,1,1,0,0,1,1,1,1,1,0,1,0.678204
0,0,1,0,1,0,1,0,1,1,0,0,1,0,0,0,0,1,1,0,1,0,0,1,1,1,0,0,1,1,0,1,0.532338
0,0,1,0,1,1,1,1,1,0,1,1,0,1,1,1,1,0,0,0,1,1,1,0,1,0,1,0,1,0,0,1,0.581781
1,1,1,1,0,1,0,1,1,1,1,1,1,1,1,1,0,0,0,1,0,0,0,1,0,0,0,1,0,0,0,0,0.612548
0,0,1,0,1,0,1,1,0,0,0,0,1,0,1,0,1,1,0,0,1,1,0,1,1,0,0,0,0,0,1,0,0.566398
1,1,0,1,0,1,1,1,0,0,0,0,1,1,0,1,1,0,1,0,1,1,1,0,0,0,0,0,0,1,1,1,0.548400
1,1,0,0,0,1,0,0,0,0,1,0,1,0,1,0,1,1,1,0,1,1,1,1,0,1,1,1,0,0,0,0,0.612825
0,1,1,0,0,0,1,0,1,1,1,0,0,1,1,1,0,1,1,0,0,0,1,1,0,1,1,1,1,1,1,1,0.682427
0,1,0,1,0,1,0,1,1,1,1,1,1,0,1,0,1,1,1,0,0,1,0,0,1,0,0,1,0,0,1,0,0.612975
1,1,0,1,1,1,0,0,1,1,0,1,0,1,1,0,0,1,0,1,1,0,1,0,1,0,0,0,0,1,1,1,0.612523
0,1,1,1,1,1,0,0,1,0,0,1,1,0,1,0,0,1,0,1,1,0,1,0,1,0,1,0,0,0,0,0,0.582736
1,1,0,0,1,1,0,1,0,0,1,1,1,0,0,0,0,0,1,1,0,1,1,1,0,0,1,0,1,0,1,0,0.601111
1,1,0,1,0,0,1,0,1,1,0,0,0,0,1,0,0,1,0,0,1,1,1,0,0,0,1,0,1,1,0,1,0.588015
0,0,0,0,1,0,0,1,1,1,1,0,1,0,1,1,1,0,1,0,1,0,0,0,1,0,0,0,0,0,1,0,0.569062
0,0,0,1,0,0,0,1,0,1,0,1,0,1,0,0,1,1,1,0,1,1,0,1,0,0,1,1,0,1,0,1,0.651057
1,0,0,0,1,1,1,1,1,1,1,1,0,0,1,0,1,1,0,1,1,0,0,1,0,1,1,1,1,1,0,0,0.639243
0,1,1,1,0,0,0,0,0,0,1,1,0,1,0,0,0,1,1,0,1,1,0,1,1,1,0,1,1,0,1,1,0.609984
0,0,1,1,1,0,1,0,1,0,1,1,0,0,0,1,1,1,0,0,0,0,1,1,1,0,1,1,0,0,1,1,0.890707
0,1,0,0,0,1,1,0,0,1,0,1,1,0,0,0,0,1,1,1,0,1,0,1,0,1,0,0,0,0,0,0,0.580223
1,0,1,0,1,1,0,1,0,0,0,0,1,0,1,1,0,1,1,0,0,0,1,1,1,1,0,0,1,0,1,1,0.618329
1,1,1,1,0,1,1,1,0,0,1,0,0,0,1,1,0,1,1,1,1,0,0,0,1,1,0,1,1,1,1,0,0.634894
0,1,0,0,0,1,0,0,0,1,0,1,1,1,0,0,0,0,0,0,0,0,1,1,0,0,1,0,1,1,1,0,0.540733
1,0,0,1,1,1,0,0,0,1,1,1,0,0,1,1,1,1,0,0,0,1,1,0,1,1,1,1,0,0,0,0,0.628409
0,0,1,0,1,0,0,1,0,1,1,0,0,1,1,0,0,0,0,0,0,1,1,1,0,1,0,0,1,0,0,1,0.542895
1,1,1,0,0,1,1,1,1,0,1,1,0,0,1,0,1,1,0,0,1,1,0,1,0,0,0,0,0,1,1,0,0.585351
0,0,1,1,0,1,0,1,0,1,0,1,1,0,0,1,1,0,0,0,1,0,1,0,1,1,0,1,1,0,1,1,0.613654
0,1,0,1,1,0,0,1,0,1,0,0,1,1,1,1,1,0,0,1,1,1,1,0,0,1,0,1,0,0,0,0,0.583717
1,0,1,0,0,0,1,1,0,1,1,1,1,0,1,1,0,0,0,0,0,0,0,0,0,1,1,1,1,1,0,1,0.627077
1,1,1,0,1,1,0,1,0,0,0,1,0,1,1,1,0,0,0,0,0,1,0,0,0,1,1,0,0,1,0,0,0.585552
1,0,1,0,0,0,1,1,0,1,0,0,0,0,0,1,0,0,0,0,0,1,1,1,1,0,1,0,1,1,0,0,0.564638
0,1,1,1,0,0,1,1,0,0,1,0,1,0,1,1,1,0,1,1,1,0,1,0,0,1,1,1,1,0,0,0,0.708368
0,0,0,0,0,0,1,1,0,1,0,0,1,1,0,0,0,0,1,1,0,1,1,1,1,0,1,0,0,1,0,1,0.582787
0,1,0,0,0,1,0,1,1,1,1,0,0,1,0,1,0,1,1,0,0,1,1,1,0,0,1,0,0,1,0,1,0.625669
0,0,1,1,0,1,1,0,0,1,0,1,1,1,1,0,0,1,1,0,1,1,0,0,0,1,0,0,1,0,0,0,0.589925
0,1,1,0,1,1,1,0,0,1,0,1,0,1,0,1,0,1,0,0,0,0,1,1,0,1,1,1,1,1,0,1,0.676947
0,1,0,0,0,0,1,0,0,1,1,0,0,0,0,1,1,1,0,0,0,0,1,1,0,1,1,0,1,1,0,1,0.619159
1,1,1,1,0,0,0,0,0,0,1,1,0,1,1,1,0,0,0,0,0,1,1,1,1,1,0,1,0,0,0,1,0.623709
0,1,0,0,0,1,1,1,1,1,1,0,1,0,1,1,1,1,1,0,1,0,1,1,0,1,1,1,1,1,1,1,0.699520
1,0,1,0,1,0,1,0,0,1,1,1,0,1,1,1,0,0,0,0,0,0,1,0,1,0,1,0,0,1,0,1,0.629364
1,1,0,0,1,1,0,1,1,0,0,0,0,0,1,1,1,1,1,0,1,0,1,0,1,1,1,0,0,1,0,1,0.615564
0,0,1,1,0,1,0,0,1,1,1,0,0,0,1,0,1,1,0,0,1,1,0,0,1,1,1,1,1,1,0,0,0.590478
0,0,1,0,1,1,0,1,1,1,0,1,1,1,1,1,1,1,0,0,0,1,1,0,0,1,0,1,1,1,1,1,0.692934
1,1,0,0,0,0,0,1,0,0,1,0,1,1,0,0,1,0,1,1,1,0,0,0,0,0,0,0,0,0,1,0,0.582234
0,1,1,0,1,0,1,0,1,0,1,0,1,1,0,0,1,1,1,0,1,1,0,0,1,0,0,0,1,1,1,1,0.623432
1,0,0,0,0,1,0,0,1,1,1,0,0,1,1,1,0,1,0,0,1,0,0,0,0,1,0,1,1,1,1,0,0.590227
1,1,0,1,1,1,1,1,1,0,1,0,0,0,1,0,0,0,1,1,1,1,0,1,1,1,0,0,1,0,1,1,0.638539
0,0,1,1,0,0,0,0,1,0,1,0,1,1,0,0,0,1,0,1,1,1,1,0,0,0,1,1,0,0,1,1,0.581253
1,1,1,1,0,0,1,0,1,0,1,0,1,1,0,0,0,0,0,0,0,1,0,1,0,1,0,0,0,1,1,0,0.605334
1,1,1,0,1,0,0,0,1,1,1,0,0,0,1,1,0,0,0,1,0,1,1,1,1,0,0,0,1,0,0,0,0.598271
1,0,1,0,1,0,0,0,1,1,1,1,1,0,0,0,1,1,1,1,1,0,1,1,0,1,1,0,1,0,0,1,0.744112
1,1,0,1,1,0,1,1,0,1,0,1,0,1,1,1,0,1,1,0,0,1,1,1,1,0,0,1,1,1,0,0,0.676118
0,0,0,1,0,1,0,0,1,0,0,0,0,0,1,1,0,1,0,1,0,0,0,0,0,1,0,0,1,0,0,1,0.451876
0,0,0,1,0,1,0,1,0,0,1,1,0,1,1,0,0,1,1,0,0,0,0,0,1,1,1,0,1,0,0,0,0.551467
0,0,0,1,0,1,0,0,1,1,1,1,0,0,1,1,1,1,0,1,0,0,0,0,0,0,0,1,0,1,1,1,0.586733
1,1,0,0,1,0,1,0,1,1,0,1,0,0,1,1,1,1,0,0,0,0,1,1,1,1,1,0,0,1,0,0,0.612749
1,1,0,0,0,0,0,0,1,1,1,0,1,1,1,1,1,1,0,1,0,1,0,1,0,1,1,1,1,0,0,1,0.643767
0,0,1,0,0,1,1,1,1,1,1,0,0,1,0,0,0,0,1,1,0,1,1,0,1,1,0,0,0,0,1,1,0.596084
1,0,1,0,0,0,0,1,1,0,1,0,0,1,1,1,0,1,0,1,1,0,1,1,0,0,1,1,0,1,0,0,0.605837
1,0,0,0,0,0,1,0,0,1,0,1,0,0,0,0,0,0,1,1,1,1,0,1,1,1,0,0,0,0,0,0,0.564311
0,1,0,1,0,0,0,0,1,0,0,1,1,1,1,1,0,1,0,0,1,0,1,1,1,1,0,0,1,1,0,0,0.607119
0,1,0,1,1,0,0,1,0,0,1,0,0,1,0,1,0,1,1,1,0,0,0,1,1,0,0,1,0,0,1,0,0.638564
0,1,0,0,0,0,0,1,1,0,1,1,0,0,0,1,0,1,1,0,1,1,1,1,0,0,1,0,1,0,0,1,0.601086
0,1,0,0,1,0,1,1,1,1,1,0,0,0,0,1,1,0,0,0,0,0,1,0,0,0,1,1,0,0,1,1,0.631199
1,0,1,0,0,1,0,1,0,1,0,0,0,0,0,0,1,1,0,0,0,1,0,1,0,0,0,0,1,1,1,0,0.582963
1,1,0,1,1,1,0,0,0,0,1,1,0,0,1,0,0,1,0,1,0,1,0,0,0,1,0,0,1,0,0,0,0.576025
1,1,0,0,1,0,0,1,1,1,0,0,0,1,1,0,1,1,0,1,1,0,0,0,0,1,0,0,0,1,1,0,0.598522
1,0,1,0,0,0,0,0,1,1,0,0,1,0,0,0,0,0,0,0,1,1,0,1,0,0,1,0,1,0,0,0,0.579041
1,1,0,0,0,1,0,1,0,0,1,1,0,1,0,1,0,0,1,0,1,1,0,1,1,0,0,0,1,0,0,0,0.594249
1,1,1,0,1,1,0,0,1,1,0,1,0,1,1,1,1,0,0,1,1,1,1,0,1,0,0,0,0,1,0,1,0.666843
1,0,0,0,1,0,0,1,1,0,0,0,0,1,1,1,0,1,0,1,1,0,1,1,0,0,0,1,1,1,0,0,0.583541
0,1,0,1,1,1,1,1,1,1,0,1,1,1,1,0,1,1,0,0,0,0,0,0,1,0,1,0,1,1,0,0,0.608300
1,1,1,1,0,0,1,1,0,0,1,0,1,1,0,1,0,1,0,0,1,1,1,1,1,1,0,1,0,1,0,1,0.677500
1,0,1,1,1,1,0,1,0,1,1,0,1,0,0,1,1,1,1,0,1,0,1,0,1,1,1,0,0,1,0,1,0.654903
1,1,0,0,0,1,0,0,1,0,0,0,0,0,0,0,1,0,0,1,0,0,0,0,1,1,1,0,0,0,1,1,0.593168
0,0,1,0,1,1,1,0,1,0,1,1,1,0,0,0,0,0,1,1,1,1,0,0,1,1,0,0,0,1,0,1,0.567479
1,1,0,0,1,1,1,0,1,1,0,0,0,1,1,0,0,1,0,0,1,1,1,1,0,1,0,1,1,0,1,1,0.583792
0,0,0,1,1,0,0,0,0,1,1,1,1,1,1,0,1,0,0,0,0,1,1,0,0,1,1,1,0,1,0,0,0.579242
0,1,0,0,0,1,0,1,1,1,0,1,0,1,1,1,1,1,1,1,0,0,0,1,1,1,0,1,0,0,1,1,0.714124
1,1,1,0,0,0,0,1,1,0,1,0,0,1,0,0,1,0,1,0,0,1,1,1,0,1,1,0,0,1,1,1,0.670412
1,0,0,1,0,0,1,0,0,1,1,1,0,1,0,0,0,0,0,0,0,0,1,0,0,0,0,0,0,0,1,0,0.560189
0,1,1,1,0,1,1,1,1,0,1,1,0,0,1,0,1,0,0,0,0,1,0,1,0,1,0,1,1,1,0,0,0.608652
0,0,0,1,1,0,0,1,0,0,1,1,1,0,0,0,1,0,0,0,1,1,0,1,1,1,0,0,0,1,1,0,0.576477
1,0,1,1,1,1,0,0,1,1,0,1,0,1,0,1,1,1,1,0,1,0,1,1,1,0,1,1,1,0,0,1,0.642511
1,0,0,1,1,1,1,1,0,1,1,1,0,1,0,1,1,0,1,1,0,1,0,0,1,1,0,0,1,0,1,1,0.648744
1,0,0,0,0,0,1,1,0,1,1,1,1,0,1,1,0,0,0,1,0,1,0,0,1,1,1,0,0,0,0,0,0.573612
1,1,1,0,0,0,0,0,1,0,0,0,0,1,1,0,0,0,1,0,0,0,1,0,1,0,0,0,1,0,0,0,0.633235
1,1,0,1,1,0,0,0,0,0,0,1,1,1,0,0,1,1,1,0,0,0,0,0,0,1,1,1,0,0,1,0,0.601991
0,1,1,1,1,0,0,0,0,0,1,0,1,0,0,1,0,0,0,0,0,1,0,0,1,1,0,1,0,1,1,0,0.562627
1,0,0,1,1,0,0,0,1,1,0,0,0,1,1,1,0,0,1,1,1,1,0,0,1,0,1,1,0,1,1,0,0.644873
1,1,0,0,1,1,0,1,0,1,0,1,0,1,1,0,1,0,0,1,0,1,1,1,0,1,0,1,0,0,0,1,0.625694
0,0,1,1,1,0,1,1,0,1,0,1,0,0,1,1,1,0,0,1,0,0,0,0,1,0,1,0,0,0,0,0,0.579896
0,0,0,1,1,0,0,1,0,0,0,0,1,0,0,1,1,1,1,1,0,0,0,1,1,1,0,1,1,0,0,0,0.547747
0,0,0,0,1,0,0,1,1,1,1,0,0,1,1,1,1,0,1,1,0,0,1,0,0,1,1,0,1,1,1,0,0.621823
0,1,0,0,1,1,0,1,1,0,0,1,1,0,0,0,0,0,1,1,1,0,0,0,1,0,1,1,1,0,1,1,0.615238
1,0,1,1,1,0,0,1,0,0,1,1,1,1,0,0,0,1,1,1,1,0,1,1,0,1,1,1,0,0,0,1,0.679436
1,0,0,0,1,0,1,1,1,0,1,0,1,1,1,1,0,0,0,1,0,0,1,0,1,0,1,1,0,1,1,0,0.668502
0,1,1,0,0,0,1,1,1,1,1,0,0,1,1,1,1,0,1,1,0,1,0,0,0,0,0,1,1,0,1,0,0.618531
0,1,0,0,1,1,0,0,0,0,0,0,0,1,1,1,0,0,0,0,0,0,1,0,0,1,0,0,0,0,0,1,0.505819
1,0,0,1,1,1,0,0,1,0,1,1,0,0,0,1,0,1,1,1,1,1,0,1,1,0,1,1,1,0,0,1,0.680718
0,0,0,0,1,1,1,1,1,0,1,1,1,0,0,0,0,1,0,1,0,0,0,1,0,1,0,1,1,1,0,0,0.595480
0,0,1,0,1,0,0,0,0,0,1,1,1,1,1,0,1,1,1,1,0,0,0,0,0,1,0,1,0,0,0,1,0.637408
0,1,0,0,0,1,1,0,0,1,1,1,1,0,0,0,1,0,0,1,1,1,0,1,1,0,1,0,1,1,0,1,0.634844
1,0,1,1,0,1,1,0,1,1,0,0,0,1,0,1,1,1,1,1,0,1,0,1,1,1,0,0,0,0,1,1,0.622301
0,1,0,0,1,1,0,0,1,1,1,1,0,0,1,1,0,1,0,1,1,0,1,1,1,0,1,1,1,0,0,1,0.777970
1,0,0,1,1,0,1,0,1,1,1,0,1,0,0,0,0,0,1,0,1,1,0,0,1,1,1,0,0,1,0,1,0.590126
0,1,1,1,0,1,0,0,0,0,0,1,0,0,1,0,1,1,1,0,0,1,0,0,1,1,0,1,0,1,0,1,0.585803
1,1,1,0,1,1,0,0,1,1,1,1,1,0,0,0,0,1,1,1,0,1,0,0,0,1,0,0,1,0,1,0,0.601061
1,0,1,1,0,1,1,1,1,1,1,1,1,1,1,0,0,1,1,0,1,0,1,0,1,0,0,1,1,0,0,0,0.635749
0,1,1,1,1,1,1,0,0,0,1,0,0,1,1,0,0,1,1,1,0,0,1,0,0,0,1,0,1,1,0,0,0.623910
0,1,1,0,1,1,0,1,0,0,0,1,1,0,1,1,0,0,1,0,1,1,1,0,0,1,1,1,0,0,1,1,0.653520
1,0,0,0,1,1,0,0,0,0,0,1,1,1,0,1,0,1,1,1,0,1,1,1,0,1,0,1,0,1,1,0,0.635875
1,0,1,0,1,0,0,1,0,1,0,1,1,0,0,1,1,0,0,0,0,0,0,0,0,0,0,1,1,0,1,1,0.592690
1,0,1,1,0,1,1,0,1,1,0,1,1,0,1,1,0,1,0,0,1,1,1,1,1,1,1,1,0,1,0,1,0.695071
1,0,0,0,1,0,0,1,0,0,1,1,0,0,1,0,0,0,1,1,0,0,0,0,1,0,1,1,0,1,0,1,0.682100
0,0,1,0,1,1,0,1,1,1,1,0,1,0,0,0,1,0,1,1,0,1,1,0,0,0,0,0,1,1,1,1,0.604303
1,0,0,1,0,1,0,0,1,0,1,1,0,1,0,0,0,0,0,1,1,0,1,0,0,0,0,0,0,1,1,1,0.581480
1,1,0,1,1,1,0,1,1,0,0,0,0,1,0,1,0,1,0,1,0,1,1,0,1,1,1,0,0,0,0,0,0.616168
0,0,1,1,1,0,0,1,1,0,1,1,0,1,1,0,1,0,1,1,1,0,0,1,0,0,0,1,0,1,0,0,0.639142
0,0,1,1,0,1,0,1,0,1,0,0,0,1,0,0,1,1,1,1,1,1,1,1,0,0,1,1,1,0,0,0,0.606088
0,1,1,1,1,1,0,0,1,0,0,0,1,0,1,0,0,0,1,0,0,0,0,0,1,0,0,0,1,0,1,0,0.560993
1,0,0,1,1,0,0,1,0,0,0,1,0,1,1,0,0,1,1,1,0,0,1,1,1,0,0,0,0,1,1,1,0.611216
0,0,0,1,0,0,1,0,1,1,0,0,0,1,0,0,0,0,0,1,1,1,1,1,1,0,1,1,0,1,1,0,0.597114
1,1,0,0,1,0,1,0,0,0,0,0,1,1,0,1,1,0,1,1,0,0,1,0,1,0,0,0,0,1,0,1,0.588291
1,1,1,1,0,1,0,1,1,1,1,1,0,0,1,1,1,0,0,0,0,0,0,0,0,1,1,0,1,0,0,0,0.641706
1,0,1,0,1,1,0,0,0,0,0,1,1,0,1,1,0,1,0,1,0,0,0,1,1,1,1,0,1,1,1,0,0.613327
1,0,0,0,1,0,0,1,0,1,0,0,0,0,0,0,1,1,1,1,1,0,0,0,1,0,0,1,1,1,0,0,0.590679
1,0,0,1,1,0,0,1,1,1,0,1,0,1,0,1,0,1,0,0,1,0,0,1,0,1,0,0,0,1,0,1,0.609858
0,1,1,0,0,1,1,1,0,1,0,0,1,0,0,1,1,0,0,0,1,1,1,0,1,1,0,0,0,1,1,1,0.564186
0,1,0,0,1,0,1,1,0,0,0,0,0,1,1,0,1,1,0,0,0,1,1,0,1,1,1,0,1,1,1,1,0.636679
1,0,0,1,0,0,0,1,1,0,0,1,1,0,1,1,1,0,1,1,1,1,1,0,1,0,1,0,1,1,0,1,0.634115
0,1,0,1,1,1,1,0,0,0,1,1,1,1,0,1,1,0,1,0,0,0,0,1,0,0,1,1,1,0,0,1,0.658347
1,0,0,1,0,0,0,1,1,0,1,0,0,0,1,1,0,1,0,0,1,0,1,1,1,0,0,0,0,0,0,0,0.577407
0,0,1,1,0,1,1,0,0,0,0,0,0,0,1,0,1,1,0,0,0,0,1,0,1,1,0,1,1,1,1,1,0.589146
1,0,1,1,0,1,1,0,1,0,1,0,0,0,0,1,0,0,0,1,0,1,1,1,1,1,0,1,0,1,1,0,0.633612
1,0,0,0,1,0,0,1,1,0,0,1,0,1,1,1,0,0,0,0,0,1,1,0,0,0,0,0,1,0,0,1,0.571626
1,0,1,1,0,0,1,1,0,1,0,0,1,1,0,0,1,0,0,0,1,0,0,1,1,1,0,0,0,0,1,0,0.582837
0,0,0,1,1,0,1,0,0,1,0,1,1,1,0,0,1,0,1,1,0,0,1,0,0,0,0,0,1,0,1,0,0.539803
0,1,0,1,1,1,0,0,0,1,0,0,1,0,0,1,0,1,1,1,1,0,0,1,1,0,0,0,0,1,1,1,0.563180
0,1,1,1,0,0,0,0,1,1,0,0,0,0,1,1,0,1,1,0,1,1,0,0,0,0,1,1,1,0,0,1,0.563281
1,0,0,1,1,0,1,1,0,1,0,0,0,1,1,1,0,0,1,0,0,1,1,1,1,1,0,0,0,1,1,0,0.566775
1,1,1,0,1,1,0,0,0,0,1,1,0,1,0,0,0,1,1,1,0,0,1,1,0,0,0,0,1,0,1,1,0.604303
0,0,0,1,1,1,1,1,0,0,1,1,1,1,0,0,0,1,0,0,1,1,1,0,1,1,0,0,0,0,1,1,0.587010
0,0,1,0,1,0,1,0,1,1,1,1,1,1,0,0,0,1,0,0,1,0,0,0,0,0,0,1,1,0,0,1,0.605309
1,0,0,1,1,1,1,1,0,1,0,1,0,1,1,1,1,1,1,0,1,1,0,1,0,1,1,0,1,0,0,1,0.652037
0,0,0,1,0,1,1,1,1,1,0,1,1,0,0,0,0,0,1,0,1,0,0,0,1,1,0,1,0,0,1,0,0.575422
1,0,0,0,0,0,0,1,1,0,0,1,1,1,0,1,0,0,1,1,0,0,0,0,0,1,0,0,1,0,1,0,0.537139
1,1,1,0,0,0,1,1,1,1,1,1,0,1,1,1,1,0,1,0,1,0,0,0,1,0,1,0,0,1,1,1,0.657316
0,0,1,1,0,0,1,1,0,0,1,0,0,0,0,1,0,0,0,1,1,0,1,1,0,1,1,1,1,1,0,1,0.638790
0,1,1,1,1,0,0,1,1,0,1,1,1,1,0,1,0,1,0,0,0,0,0,1,0,1,0,1,0,0,1,1,0.669859
1,1,0,1,1,0,1,0,0,0,0,0,1,0,1,1,0,0,0,1,1,1,1,1,1,1,1,0,1,0,1,0,0.611643
1,0,0,0,0,0,0,1,1,0,1,1,1,0,0,1,1,1,0,1,1,1,1,1,1,0,0,0,0,0,1,0,0.596209
1,0,0,1,1,1,0,0,0,0,0,0,1,0,0,1,0,0,1,1,0,1,1,0,1,1,1,1,1,1,0,1,0.618480
1,0,1,1,1,0,0,0,0,1,0,0,0,0,1,0,0,1,1,1,0,1,0,1,1,0,1,1,0,1,0,0,0.597265
1,0,0,0,0,1,0,0,0,1,0,0,0,0,1,0,0,1,0,1,1,0,1,0,0,1,1,1,0,1,0,0,0.551743
0,1,1,0,1,0,1,1,1,1,0,0,1,0,0,1,1,0,1,0,0,0,1,1,1,1,0,0,0,0,1,1,0.621999
0,1,1,0,1,0,1,1,0,0,0,1,0,0,1,1,0,1,0,0,1,0,1,0,0,0,1,1,1,0,1,0,0.585979
1,0,0,1,0,0,1,1,1,1,0,1,0,0,0,0,1,0,1,0,0,1,1,1,1,0,0,0,1,1,0,0,0.612699
0,0,1,1,0,1,1,0,1,0,0,1,0,1,1,0,0,0,1,1,0,1,0,1,0,1,0,1,0,1,1,1,0.701656
0,1,1,0,0,1,1,1,0,1,1,0,1,0,1,0,0,0,0,0,1,1,0,0,1,0,0,0,1,0,0,0,0.571576
0,0,1,0,0,0,0,1,0,1,0,0,1,1,0,1,0,0,0,0,0,1,0,0,1,0,1,1,0,1,1,0,0.547797
0,0,1,0,1,0,0,1,0,0,0,0,1,1,1,1,1,1,0,0,1,0,1,1,0,0,0,1,1,1,1,0,0.575824
0,1,1,0,1,0,0,0,1,1,1,0,0,1,0,0,1,1,0,0,1,0,1,0,0,0,1,0,1,0,1,0,0.609733
1,1,0,0,1,1,1,1,0,1,0,0,1,1,1,0,0,1,0,0,1,0,0,1,0,0,0,1,1,1,1,1,0.625217
0,1,1,0,0,0,1,0,0,0,0,0,0,1,0,0,0,1,1,0,0,0,0,1,0,0,0,1,0,0,1,0,0.516100
0,0,1,1,1,0,1,1,1,0,0,0,1,1,1,0,0,1,1,1,1,1,0,0,1,1,1,1,1,1,1,1,0.671694
1,0,0,0,1,1,1,1,0,1,1,0,0,0,1,0,1,0,0,0,1,1,1,0,1,0,0,1,1,1,1,1,0.577734
1,1,1,0,1,1,1,0,1,0,0,1,1,1,1,0,0,0,1,1,0,1,0,0,1,1,1,0,1,0,0,0,0.616067
1,0,0,0,0,1,1,1,1,0,1,0,1,0,0,1,1,0,1,1,0,1,0,1,1,1,0,0,1,0,0,1,0.617802
0,1,0,0,0,0,1,1,1,0,0,0,1,0,1,1,1,1,1,1,1,1,1,0,0,1,0,0,1,1,0,0,0.603700
1,1,1,1,1,0,0,1,1,0,1,0,0,0,1,1,0,0,0,0,1,1,0,0,0,0,1,1,1,1,1,0,0.597843
0,0,0,1,1,1,1,0,0,0,1,0,0,0,0,1,1,1,0,0,1,0,0,1,1,1,0,0,1,1,0,0,0.575497
0,0,0,1,0,0,1,1,1,1,0,0,1,1,1,1,1,1,1,1,0,1,1,0,1,0,0,1,0,0,0,1,0.633637
0,0,1,1,1,1,0,0,0,1,0,1,1,0,1,0,0,0,0,0,1,0,1,0,1,1,1,0,0,1,0,1,0.595933
1,0,1,0,1,1,0,1,0,1,1,1,1,0,1,1,0,1,1,1,0,1,1,1,1,1,0,1,1,0,1,1,0.748410
0,0,1,1,0,1,1,0,0,1,0,0,1,0,0,1,0,1,1,0,1,1,0,1,1,1,1,0,0,0,1,1,0.600055
1,0,1,0,0,0,1,0,0,0,0,1,0,1,0,1,1,1,0,1,1,1,1,0,1,1,1,1,1,1,0,0,0.631325
0,1,1,1,1,0,0,0,1,0,0,0,0,1,0,1,0,0,0,1,0,1,1,0,1,1,1,1,0,1,1,0,0.611040
1,1,0,0,0,0,1,1,0,0,1,0,1,1,1,1,0,1,0,1,0,1,0,0,1,0,0,1,1,0,0,0,0.582234
1,1,1,1,1,0,0,0,1,0,1,0,0,1,0,1,1,1,0,0,1,0,0,0,1,1,1,1,1,0,0,1,0.629942
0,0,0,1,0,0,0,0,0,1,0,0,0,0,1,0,1,1,0,1,1,1,1,0,0,1,1,1,0,1,0,1,0.589573
1,0,1,1,1,1,0,0,1,0,0,1,1,0,1,1,0,0,0,0,0,1,0,1,0,1,0,1,0,1,0,1,0.661438
0,1,0,1,0,1,1,1,0,1,0,1,1,1,0,1,0,0,1,0,0,0,0,0,0,0,0,0,1,1,1,1,0.595305
1,0,1,0,1,0,0,1,1,0,0,1,1,1,0,1,0,0,0,0,1,1,0,1,0,0,1,1,1,0,1,1,0.648946
0,1,0,0,0,0,0,0,0,1,1,1,0,1,0,0,1,1,1,1,1,1,1,1,0,1,0,0,0,0,0,0,0.572682
1,1,0,0,0,1,0,0,0,1,1,0,1,0,1,0,0,1,0,0,1,1,1,1,1,0,1,0,0,0,1,1,0.615037
0,0,0,0,0,0,0,1,1,1,0,0,1,1,0,0,0,1,0,0,0,1,0,1,1,1,1,1,0,1,0,1,0.622980
0,1,0,1,0,0,0,0,1,0,0,0,0,0,0,1,0,1,0,0,1,0,1,0,1,1,1,0,1,0,1,0,0.545082
0,0,1,1,0,1,0,0,1,1,0,1,0,1,1,1,1,1,0,0,1,0,0,0,1,1,0,0,0,0,1,0,0.587588
0,1,1,0,1,0,0,1,0,0,0,1,0,0,1,1,1,1,0,1,0,0,1,0,0,1,1,1,0,1,0,1,0.607621
1,0,0,0,0,1,0,1,1,0,0,0,0,0,1,1,0,0,0,1,0,0,1,1,1,1,1,1,0,0,1,1,0.638313
1,0,0,1,0,0,0,1,0,0,0,0,1,0,1,1,1,0,1,1,1,1,0,0,1,1,1,0,1,0,0,0,0.599377
0,1,0,0,1,0,0,1,1,0,1,0,1,1,1,1,1,0,1,0,1,0,0,0,0,1,0,0,0,1,0,0,0.602745
1,1,1,0,1,1,1,1,1,1,1,1,0,1,1,0,1,0,0,0,1,1,1,1,1,1,0,1,0,1,1,0,0.661086
1,1,1,0,0,0,0,1,1,0,1,1,1,0,0,0,1,1,0,0,0,1,0,1,1,1,0,0,0,0,0,0,0.605233
1,1,0,1,1,1,1,0,0,0,1,1,1,0,0,0,1,0,1,0,1,1,0,0,1,1,0,0,0,0,0,0,0.604379
0,1,1,0,1,1,1,0,1,1,1,0,0,0,0,0,0,0,1,0,1,1,0,0,1,0,0,1,1,0,0,1,0.616168
1,1,0,0,1,1,0,0,0,0,1,1,1,1,1,1,1,0,0,1,1,0,0,1,0,0,0,1,0,1,1,0,0.634442
0,1,1,1,1,0,1,0,0,1,0,1,1,0,0,0,1,0,0,1,1,1,1,1,0,0,0,1,0,1,0,1,0.635749
0,1,1,1,0,0,0,0,1,1,1,1,1,0,0,1,0,1,1,1,0,0,1,1,1,0,1,1,0,0,1,0,0.890330
1,0,0,0,1,1,1,0,1,1,0,1,0,1,1,0,0,0,1,0,1,0,0,1,0,0,0,0,1,0,1,1,0.559988
0,0,1,1,1,0,0,0,0,1,1,0,0,1,0,0,1,0,1,1,1,1,1,0,0,0,0,0,1,1,0,0,0.596737
1,0,1,0,0,1,1,0,1,0,0,0,0,0,1,0,0,0,0,1,1,0,0,1,1,0,1,0,0,0,1,1,0.587462
0,0,1,1,1,1,1,0,0,1,0,1,1,0,1,0,0,1,0,1,0,1,0,1,0,1,0,0,1,0,1,0,0.589523
1,1,1,0,0,0,1,1,0,0,0,1,0,1,1,1,1,1,0,1,0,1,0,0,0,0,0,0,0,0,0,0,0.598974
1,0,1,1,1,0,0,1,0,1,0,1,1,1,1,0,0,0,0,1,1,1,1,0,0,1,1,1,1,1,1,0,0.627881
0,0,1,0,0,0,1,0,0,1,1,1,0,1,0,1,1,0,0,0,1,0,0,0,1,1,0,1,0,1,0,0,0.588568
1,0,0,0,1,0,1,0,1,1,0,1,0,0,0,0,0,0,1,0,1,1,0,0,0,0,0,0,1,1,1,0,0.559485
1,0,1,1,1,0,1,0,0,0,1,1,0,0,1,1,0,1,1,0,0,0,0,1,0,0,0,1,1,1,1,1,0.705050
0,0,1,1,0,0,0,1,1,1,0,0,1,1,0,1,1,1,0,0,1,0,0,1,0,0,0,1,1,1,1,0,0.615313
0,1,1,0,1,1,0,0,1,1,0,0,0,1,1,1,1,1,1,0,1,0,1,1,1,0,0,0,1,0,0,1,0.600885
0,1,0,1,0,1,0,1,1,1,0,0,1,1,1,0,0,1,0,1,0,0,0,0,1,0,0,0,1,1,1,1,0.608903
1,0,1,0,1,0,1,0,0,0,0,1,0,0,0,1,0,1,0,1,0,0,1,1,1,1,1,0,1,0,0,0,0.584094
1,1,1,0,1,0,0,0,0,0,0,1,1,1,0,1,1,0,0,1,1,0,1,1,1,0,1,0,0,1,1,1,0.630370
1,0,1,0,1,1,1,0,0,0,1,0,1,0,0,0,0,1,0,0,1,1,1,0,0,1,1,1,0,0,1,0,0.612623
0,0,1,0,1,1,1,1,0,1,1,0,1,1,1,0,0,0,0,0,1,0,1,1,1,1,0,0,1,0,0,0,0.563004
1,1,1,1,0,1,1,1,0,1,1,1,1,0,0,0,1,1,0,0,0,1,1,0,0,0,0,1,1,0,0,0,0.591082
0,1,1,1,1,0,1,0,0,1,0,0,0,1,0,0,1,0,0,0,0,1,1,0,1,0,0,1,0,0,1,1,0.587462
1,1,1,1,1,1,1,1,1,1,1,1,1,1,1,0,1,1,0,0,1,1,1,1,0,1,0,0,0,1,0,1,0.668627
0,1,1,1,0,0,0,1,1,0,1,1,0,1,0,1,1,1,1,0,0,0,1,1,1,1,0,1,0,0,0,0,0.619561
0,1,1,1,1,0,0,0,0,0,0,0,0,0,1,0,0,1,1,1,0,0,1,0,0,0,1,0,1,0,0,1,0.558254
1,1,0,0,0,1,0,0,1,0,1,1,1,1,0,1,1,1,0,0,1,0,0,0,0,0,1,0,1,1,1,0,0.607093
0,0,0,1,0,1,0,1,0,0,1,0,1,0,0,0,0,0,0,0,1,1,1,1,0,0,1,1,0,1,0,1,0.585753
0,1,0,0,1,1,1,0,0,1,1,0,0,0,0,0,1,1,1,0,0,0,1,0,1,1,0,1,0,1,1,0,0.606817
1,0,0,0,0,0,1,0,0,1,1,1,0,1,1,1,1,0,0,1,1,1,1,0,1,0,1,1,1,1,1,0,0.650579
1,0,0,1,0,1,1,0,0,1,0,0,1,0,0,0,1,0,1,1,1,1,0,0,0,0,1,0,1,0,0,1,0.598924
1,0,0,0,1,0,1,1,1,1,0,1,1,0,0,0,1,0,1,0,1,1,1,1,1,1,0,0,1,1,1,1,0.639670
0,0,0,1,1,1,0,1,1,0,1,0,1,1,1,0,0,1,1,0,1,0,1,0,0,0,1,0,0,1,1,1,0.615313
0,1,1,1,1,0,1,1,0,0,1,1,0,0,0,0,0,1,0,1,1,0,1,1,1,1,0,1,1,1,0,1,0.665209
1,0,1,0,0,1,0,1,1,0,1,0,1,1,1,0,0,1,0,0,1,0,0,1,1,1,0,1,1,0,1,1,0.623583
0,1,1,1,0,1,0,1,0,1,1,1,1,0,0,1,1,1,1,0,0,0,1,0,0,0,0,0,0,0,0,1,0.603700
0,1,0,1,1,1,1,1,1,1,1,1,0,0,0,0,1,0,0,1,1,1,1,1,0,0,1,0,0,1,0,1,0.639746
1,1,0,1,0,1,0,1,1,0,1,1,0,1,0,0,1,0,1,1,0,0,0,0,0,1,0,0,0,1,0,1,0.588141
1,0,0,1,0,1,0,1,1,0,1,1,1,0,0,0,1,1,1,0,1,0,0,1,1,0,0,1,1,0,0,1,0.611191
1,0,0,1,0,1,1,1,1,0,1,1,1,0,0,0,1,0,1,0,0,0,1,1,1,0,0,1,1,0,1,0,0.654048
0,1,0,1,0,0,0,1,0,1,0,1,1,0,1,0,0,0,1,1,1,0,1,0,0,1,1,0,1,0,0,1,0.575598
1,1,0,0,0,0,1,0,1,0,1,1,1,1,1,1,0,0,1,0,0,1,0,0,1,1,0,0,1,0,0,0,0.584923
1,1,0,1,0,0,0,0,0,0,0,0,1,0,0,0,0,1,1,0,0,0,1,1,1,1,1,1,1,1,0,1,0.608074
0,1,0,0,1,1,0,0,1,1,0,0,0,0,0,1,0,0,1,0,1,1,1,1,0,1,1,0,0,1,1,1,0.648217
0,0,0,1,0,0,0,1,1,1,1,0,1,0,1,0,0,0,0,1,1,0,0,1,1,1,1,1,1,1,0,0,0.594425
1,0,0,0,1,1,1,0,0,0,1,0,1,0,1,0,0,0,1,1,1,0,1,1,1,1,1,0,0,0,0,1,0.644245
1,0,1,1,1,1,0,1,1,0,0,0,1,0,0,1,1,0,0,1,1,0,0,0,0,1,1,1,1,1,0,1,0.604555
0,1,0,1,0,0,1,1,0,1,0,1,0,1,0,1,1,0,0,0,0,1,1,1,1,0,1,1,0,0,1,1,0.700173
0,0,1,0,1,0,1,1,0,0,1,0,1,0,1,1,0,0,1,0,1,1,0,0,1,1,1,0,0,1,0,1,0.591861
1,0,0,0,1,1,1,0,1,1,0,0,0,0,0,1,1,0,1,0,0,0,1,0,1,0,0,0,0,1,1,0,0.577860
1,1,0,0,0,0,1,1,1,1,1,0,0,1,1,1,0,1,1,1,0,0,1,1,0,0,1,1,0,1,0,0,0.625267
1,1,1,1,1,1,1,0,0,0,1,0,0,1,0,0,0,1,0,0,0,1,1,1,0,1,1,0,1,1,0,0,0.594953
0,1,0,0,1,0,0,0,0,0,1,0,0,0,1,1,0,1,0,0,1,1,0,1,1,1,1,0,0,0,0,0,0.570244
0,1,0,1,0,0,1,1,0,1,1,1,1,0,1,1,1,0,1,0,1,1,1,1,0,1,0,1,1,0,1,1,0.803635
1,1,1,0,0,0,0,0,1,0,1,0,1,0,1,0,1,1,1,0,0,0,1,0,1,1,1,1,0,0,0,0,0.731066
0,1,1,1,1,0,0,0,1,0,1,1,0,0,0,0,0,0,0,0,0,1,0,1,1,1,1,1,0,0,0,1,0.590202
0,0,0,1,1,1,0,0,0,1,1,1,0,0,0,0,1,1,0,1,0,0,1,0,0,1,1,0,1,1,1,1,0.678280
1,0,1,1,1,1,0,1,0,1,0,0,0,0,1,1,0,1,1,1,1,0,0,0,1,0,1,1,0,0,1,1,0.640676
0,0,1,1,1,1,0,1,1,1,0,0,1,0,0,0,1,0,1,0,0,1,0,1,1,1,0,1,0,1,0,1,0.629666
1,0,0,0,1,0,1,1,1,0,0,1,1,1,1,1,0,1,1,1,1,1,0,0,0,1,0,1,1,1,1,1,0.683609
0,0,1,1,1,0,1,1,1,0,0,1,0,0,0,1,0,0,1,1,0,1,0,1,1,0,0,1,0,0,0,0,0.608577
0,1,1,0,1,1,1,0,1,0,0,0,0,0,1,1,1,1,0,1,0,0,0,1,1,1,0,0,0,1,1,0,0.578237
0,0,1,0,1,0,1,0,0,0,1,0,1,1,0,1,1,0,0,0,0,0,0,1,1,1,0,0,0,0,1,1,0.600759
1,0,0,0,0,0,0,0,0,0,1,1,1,0,0,1,0,0,0,0,1,1,1,0,1,0,1,1,1,0,0,1,0.578513
1,1,0,0,0,0,1,0,0,0,1,1,0,1,1,0,0,1,0,1,0,1,0,1,0,1,0,0,0,0,0,1,0.559812
0,0,1,1,0,0,0,0,0,1,1,0,1,1,0,1,0,1,0,0,0,0,0,1,1,0,1,0,1,0,1,1,0.625971
0,0,0,0,1,0,1,0,1,0,0,0,0,1,0,0,1,0,1,1,1,0,0,0,0,1,1,0,0,0,0,1,0.491894
1,1,0,0,1,0,0,0,0,1,1,0,0,0,0,0,1,1,0,1,1,0,1,0,1,1,1,1,1,0,1,1,0.627454
1,0,1,0,1,0,0,1,0,0,0,1,0,0,0,1,1,0,0,0,1,1,1,1,1,0,1,1,1,1,1,0,0.623960
0,1,0,1,1,0,1,0,0,1,0,0,0,1,0,1,1,1,0,0,0,1,0,1,0,1,0,0,0,0,1,0,0.584948
0,1,1,0,0,1,0,0,1,1,0,0,1,0,0,1,1,0,0,0,0,0,0,0,1,1,1,1,0,0,1,0,0.582510
0,1,0,0,1,0,0,0,1,1,1,0,0,0,1,0,1,0,0,0,1,1,1,1,1,0,0,0,0,1,1,1,0.588065
0,0,0,1,1,1,1,1,1,1,1,0,0,0,1,1,1,0,1,0,0,0,0,0,1,1,0,1,0,1,0,1,0.616570
0,0,1,0,1,1,1,1,0,1,0,0,1,0,1,0,1,1,0,1,0,0,0,0,1,1,1,0,1,1,1,1,0.624362
1,1,1,0,1,1,1,0,1,1,1,0,0,1,0,1,0,1,1,1,1,0,0,0,0,0,1,0,1,1,1,0,0.628283
0,0,0,0,1,1,0,0,0,0,1,1,1,0,0,1,0,1,1,1,1,1,0,0,1,0,0,1,1,0,0,1,0.600282
1,0,1,1,1,1,0,0,1,0,0,1,0,1,0,0,0,1,0,0,0,0,0,0,0,0,0,1,1,0,0,0,0.604178
1,1,0,1,1,1,0,0,1,0,1,1,1,0,0,0,0,1,0,1,0,0,0,0,1,0,0,1,1,0,0,0,0.607119
1,1,0,1,0,0,1,1,0,1,0,0,0,1,0,0,1,1,1,0,0,1,0,1,1,0,1,1,1,0,0,1,0.607923
1,0,0,0,1,1,0,0,0,1,1,0,1,0,1,1,1,0,0,1,0,0,0,0,0,1,1,0,1,1,1,1,0.603926
1,1,0,0,1,0,0,1,1,1,0,0,0,0,0,1,0,0,1,1,0,0,0,1,1,0,0,0,0,0,0,1,0.611895
0,1,0,1,1,1,0,0,1,1,0,1,0,0,0,0,1,0,0,1,0,1,0,1,1,0,0,0,0,0,0,0,0.589825
0,1,1,0,0,1,0,0,1,1,0,1,1,1,0,0,0,0,1,0,0,1,0,0,0,0,0,1,1,0,1,0,0.627404
0,0,0,0,0,0,1,1,1,0,1,1,1,1,0,1,1,0,1,0,1,0,1,1,1,0,0,1,0,1,0,0,0.639268
1,1,1,1,0,0,0,1,0,1,0,0,1,1,0,0,0,0,1,0,1,1,0,1,0,0,1,0,0,1,0,1,0.606515
0,0,1,1,0,0,0,0,1,1,0,0,1,1,1,1,1,1,1,1,1,0,1,1,1,0,0,1,1,1,1,0,0.627454
0,1,1,1,1,0,0,1,0,1,0,1,1,0,0,1,0,1,1,0,1,0,1,1,1,1,1,1,0,1,1,0,0.640751
1,0,1,0,1,0,1,1,0,1,1,0,1,0,1,1,0,1,1,0,0,1,1,0,0,0,1,0,1,1,1,1,0.596938
0,1,1,0,0,0,0,1,0,1,0,1,1,1,0,1,1,0,0,1,0,1,1,0,1,1,1,0,0,0,0,1,0.599955
0,0,1,0,1,0,0,0,0,1,1,0,0,0,1,1,1,1,1,0,0,0,1,0,0,0,0,0,0,0,0,0,0.613679
1,0,0,1,0,0,0,0,1,1,1,1,0,0,0,0,1,0,1,0,0,0,0,0,0,0,0,1,1,0,0,1,0.584747
0,0,0,1,0,0,1,1,0,0,0,0,1,1,1,0,1,0,0,1,1,1,0,1,1,1,1,0,0,1,0,0,0.604605
0,0,1,1,1,0,1,0,1,1,0,0,0,0,1,0,1,1,0,0,1,0,0,1,0,0,1,0,0,1,0,1,0.574391
0,1,1,1,1,1,1,1,1,1,0,1,0,0,0,0,1,1,0,0,1,0,1,1,1,1,0,0,0,1,1,1,0.608652
0,0,0,1,0,1,0,1,1,0,0,1,1,0,0,1,1,0,1,1,1,1,1,0,1,1,0,1,1,0,0,0,0.625041
0,0,1,1,1,1,1,0,0,1,1,1,0,1,0,1,0,1,1,0,0,1,1,0,1,0,0,0,0,1,0,1,0.615288
1,0,0,1,0,0,0,0,0,0,1,1,1,0,0,0,1,1,1,1,0,0,1,1,0,1,1,1,1,0,0,0,0.702260
1,0,1,0,0,0,0,1,1,1,1,0,1,1,1,0,1,0,0,1,1,1,1,1,1,0,1,1,1,1,1,1,0.678506
1,0,1,1,0,0,1,1,1,1,1,0,1,1,1,0,0,0,0,1,0,0,0,1,0,1,0,1,0,1,1,1,0.629666
1,0,1,0,0,1,0,0,0,0,0,0,1,1,0,1,1,0,1,0,0,0,1,1,1,0,1,1,0,0,1,0,0.578337
0,0,1,1,1,0,0,1,0,1,1,0,1,0,0,0,0,1,1,0,0,1,1,1,0,1,0,0,0,1,1,0,0.580248
1,1,1,1,0,0,0,1,1,1,1,0,0,0,0,1,0,0,0,1,1,0,1,1,0,1,0,0,0,1,1,0,0.598874
0,1,0,0,0,1,0,0,0,0,1,1,0,0,0,0,0,0,1,0,1,0,1,0,1,0,0,1,1,0,1,1,0.544806
0,0,1,1,0,1,1,1,0,1,1,0,1,1,1,1,0,1,1,0,0,0,0,0,0,0,1,1,0,0,0,0,0.624488
1,0,0,1,0,0,0,1,1,1,0,0,1,0,1,1,0,0,1,0,1,0,1,1,0,0,1,1,0,1,0,1,0.620717
0,1,0,0,1,1,1,0,0,1,0,1,0,0,1,0,1,1,0,0,0,0,1,0,0,1,0,1,1,1,1,1,0.583817
0,1,0,1,0,1,1,1,0,0,1,0,0,0,1,1,0,0,0,0,0,1,1,1,0,1,0,0,1,0,0,0,0.556343
1,1,0,1,0,1,1,0,0,1,0,0,1,0,1,0,1,1,1,1,1,1,0,1,0,0,1,1,0,0,1,1,0.628887
1,1,0,1,1,0,1,0,0,0,1,1,0,1,0,0,1,1,1,1,1,1,1,0,0,1,0,0,1,1,0,1,0.623658
1,1,1,1,0,1,0,0,1,1,1,0,1,0,0,1,1,1,1,0,0,0,1,0,0,0,1,0,0,1,1,0,0.634115
0,1,0,0,0,0,0,0,1,1,1,1,0,0,1,1,1,1,0,1,0,0,0,0,1,1,1,0,1,0,0,0,0.605962
1,0,1,1,1,1,1,1,1,1,0,0,1,0,0,1,0,0,1,0,0,1,1,1,0,0,0,0,0,0,0,0,0.598019
0,1,0,1,0,1,0,1,0,1,1,0,0,1,0,0,0,1,0,0,1,0,1,0,0,1,0,1,0,1,1,0,0.578312
0,1,1,0,0,0,0,0,1,1,1,1,1,0,1,0,1,1,1,0,1,1,1,1,0,0,0,0,1,1,0,0,0.615187
0,1,0,0,0,0,0,0,0,0,1,0,1,1,1,1,1,1,0,0,1,0,1,0,0,0,1,1,0,1,1,0,0.599980
1,0,1,0,0,1,1,0,0,1,0,1,0,1,1,1,0,0,0,0,1,1,0,1,0,0,0,1,0,0,0,1,0.622251
1,1,1,1,0,1,1,1,1,1,0,0,0,1,1,0,0,1,1,1,0,0,0,1,0,1,0,1,1,1,0,0,0.623482
1,0,0,0,0,0,0,0,0,1,1,0,0,1,0,1,0,0,1,0,1,1,1,1,1,1,1,0,1,0,1,0,0.586909
1,1,0,1,1,1,0,1,1,0,1,0,1,0,1,0,0,0,0,1,1,1,1,1,1,1,0,1,0,0,0,1,0.636201
1,0,1,0,1,0,0,1,0,1,1,1,1,1,1,1,0,0,1,1,0,1,1,1,0,1,0,0,0,1,0,0,0.641907
1,0,0,0,0,0,1,0,1,0,1,1,0,0,0,0,1,0,0,1,1,1,1,1,0,1,0,0,1,0,1,1,0.584169
0,0,0,0,0,0,1,1,1,1,1,0,0,1,0,1,0,1,1,0,1,1,1,0,1,1,1,1,0,1,1,1,0.673278
0,1,0,1,1,0,0,0,1,0,0,0,1,0,0,0,0,0,1,1,0,1,0,0,1,0,0,0,0,1,1,1,0.574894
1,1,1,0,1,1,0,0,1,1,1,0,1,1,1,1,1,1,1,1,1,1,1,1,1,0,0,1,0,0,1,0,0.651886
0,0,0,1,1,1,0,1,0,1,1,0,0,0,0,1,1,0,1,0,0,1,0,1,0,0,0,0,1,1,0,0,0.590152
1,1,0,0,1,1,1,1,0,0,1,1,0,0,1,0,0,1,0,1,0,0,1,1,0,0,1,1,0,1,0,1,0.721037
1,0,0,0,1,0,0,0,0,1,1,1,0,1,1,1,1,1,1,0,1,1,0,1,1,1,0,1,0,1,1,0,0.641204
0,0,1,0,0,0,0,1,1,0,1,1,1,0,1,0,1,1,1,1,0,0,0,1,0,0,1,1,0,1,0,0,0.751653
0,0,0,0,1,1,0,0,1,1,1,0,1,0,1,1,0,1,0,1,1,0,1,0,1,0,1,0,0,0,1,1,0.642259
0,0,1,1,1,0,0,0,0,1,1,0,0,0,0,1,1,1,0,0,0,1,0,1,0,0,0,0,0,0,0,1,0.564890
0,0,1,1,1,1,1,1,0,0,1,0,0,0,1,0,0,0,0,0,1,1,1,0,1,0,1,1,1,0,1,0,0.619536
1,0,0,1,0,1,0,1,0,1,1,0,1,1,0,0,1,1,1,1,1,0,0,0,1,0,1,1,1,0,0,0,0.617374
0,1,0,1,0,1,0,1,0,0,1,0,1,1,0,1,0,0,0,1,1,0,1,1,1,1,1,0,1,1,1,0,0.648619
1,0,1,1,1,1,1,1,1,0,1,1,0,1,0,0,1,1,1,0,1,1,1,0,1,1,1,0,1,1,0,0,0.612950
1,0,0,0,0,1,1,1,0,0,1,1,1,0,0,0,1,1,0,1,1,0,1,1,0,0,1,0,0,1,0,0,0.705000
1,0,1,1,1,0,1,0,1,1,0,0,0,0,1,0,0,0,0,1,1,1,1,1,0,1,1,0,0,1,0,0,0.614861
1,1,0,1,1,1,0,0,0,0,1,1,0,1,0,0,0,0,0,1,0,1,0,0,1,1,0,0,0,1,1,0,0.583013
1,1,1,1,0,1,1,0,1,0,0,1,1,0,1,1,0,0,1,0,0,1,0,1,0,0,0,1,1,1,1,1,0.698263
1,0,0,0,0,0,0,1,0,1,0,0,1,1,0,1,0,0,0,1,0,1,1,0,1,1,0,0,1,0,0,0,0.565970
1,1,0,0,1,1,1,1,0,0,0,1,0,0,0,0,0,0,0,0,1,1,1,1,0,0,1,0,1,0,1,0,0.530101
0,1,0,0,0,0,0,0,0,0,0,1,0,0,0,1,0,0,0,1,1,1,1,1,1,0,0,1,1,0,1,0,0.548752
1,0,0,1,0,1,1,0,0,1,0,1,0,0,0,1,1,1,1,1,1,1,1,1,1,1,0,1,1,1,0,0,0.679109
1,1,0,0,1,1,0,0,1,0,1,0,1,0,1,1,0,1,1,1,0,0,1,0,0,1,0,0,1,1,1,0,0.622251
1,0,1,1,1,0,1,1,0,1,1,0,1,1,0,0,0,1,0,0,0,1,0,0,0,0,0,0,0,0,0,1,0.570269
1,0,0,0,1,1,1,0,1,1,1,0,0,0,1,0,1,1,1,0,0,0,1,1,1,0,0,0,0,0,0,0,0.637785
1,1,0,1,1,1,0,0,0,0,1,0,1,1,1,1,0,0,1,0,0,0,0,1,0,1,1,0,0,1,0,1,0.591031
1,1,1,0,1,0,1,1,1,1,1,0,1,0,0,1,0,1,0,0,1,1,1,0,1,0,0,1,0,1,1,0,0.618329
0,1,0,0,1,1,0,0,1,1,0,1,0,1,1,1,1,0,1,1,1,1,0,0,1,1,1,1,0,0,0,1,0.658799
1,0,0,1,0,1,1,1,0,1,0,1,1,0,1,1,1,0,1,0,0,1,0,1,1,1,1,1,0,1,0,1,0.696679
1,1,1,0,0,0,1,1,0,1,0,1,1,1,0,1,0,1,0,1,0,1,1,1,0,0,1,0,0,1,0,0,0.646784
0,1,0,0,0,1,1,0,0,1,0,1,1,0,1,1,0,1,0,0,1,0,1,0,1,1,1,0,0,0,1,0,0.597341
0,0,1,0,1,1,1,1,1,1,1,1,1,1,1,1,1,1,1,1,0,1,0,1,0,1,1,0,0,1,0,0,0.631828
0,1,0,1,0,1,1,0,1,1,0,1,0,1,0,0,1,0,1,0,1,0,0,0,0,0,0,0,1,1,1,0,0.590001
0,0,1,1,0,1,0,0,1,0,0,1,0,0,1,0,1,1,1,0,0,1,1,1,1,1,0,1,1,1,0,0,0.621270
0,0,0,1,1,0,1,1,0,1,1,1,1,1,0,1,1,0,0,0,1,0,1,0,1,0,0,0,1,1,0,0,0.608828
0,0,1,0,0,1,1,0,0,0,0,0,1,0,1,0,0,1,0,0,1,1,0,0,1,0,1,0,0,1,0,0,0.523188
1,1,0,1,0,0,0,0,1,1,0,1,0,1,1,1,1,1,1,0,0,1,0,1,1,0,0,0,0,0,1,0,0.612246
0,1,0,1,0,0,1,1,0,0,0,0,0,1,0,1,1,0,1,1,0,1,0,1,0,0,0,0,1,1,1,1,0.620868
1,0,1,1,0,1,0,1,0,1,0,1,0,0,0,0,0,0,1,1,1,0,0,1,1,1,0,0,0,1,1,0,0.597014
0,0,1,1,0,0,0,0,0,1,1,1,1,0,0,0,1,0,0,0,0,1,1,1,0,1,1,0,0,1,0,0,0.586457
1,1,1,1,0,0,0,1,0,0,1,0,0,1,0,1,0,1,1,1,0,1,0,0,1,0,0,0,1,1,1,0,0.590227
1,0,0,0,1,0,1,0,0,0,1,1,0,1,1,0,1,0,1,1,0,1,0,0,0,1,0,1,1,1,0,0,0.587613
0,0,0,0,1,1,1,1,0,1,1,0,0,1,0,1,1,1,1,0,0,0,1,1,0,0,1,0,1,1,1,1,0.646834
0,0,1,1,0,0,0,0,1,0,0,0,1,0,0,0,1,1,0,1,1,1,0,0,1,0,1,1,0,0,1,1,0.574592
1,0,0,1,1,0,0,0,1,1,0,1,0,1,1,1,0,1,0,0,0,1,1,1,0,0,0,0,0,1,1,0,0.611517
0,1,1,0,1,0,1,0,0,0,1,0,0,1,1,0,0,1,0,0,0,0,0,1,0,1,1,0,1,1,0,1,0.609155
0,1,0,0,0,0,1,1,0,1,0,0,1,0,1,1,1,1,0,1,1,1,1,1,1,1,1,1,0,1,0,0,0.630420
1,0,0,1,0,1,0,0,0,1,1,1,0,1,1,0,0,1,0,0,0,0,1,1,0,1,0,1,0,0,0,0,0.581580
1,0,0,1,0,1,0,0,0,0,0,1,1,0,0,1,1,1,0,0,1,0,0,0,1,0,1,1,0,1,0,1,0.582485
0,0,0,1,0,1,0,0,0,1,1,1,1,1,0,1,1,0,1,0,0,0,0,0,1,1,1,0,0,1,0,0,0.618405
1,1,0,1,0,0,0,0,1,0,0,1,1,0,1,1,0,0,0,0,1,0,0,0,1,1,0,1,1,0,0,0,0.578966
0,1,1,1,0,0,1,0,1,1,0,0,1,0,0,1,0,1,0,1,0,0,1,1,1,1,1,1,1,0,0,1,0.641832
0,0,1,0,1,1,0,0,0,0,1,1,0,0,1,0,0,1,1,1,1,1,0,1,0,1,0,1,1,1,1,1,0.648418
0,1,1,0,1,0,1,0,0,1,0,0,0,0,0,1,0,0,1,0,0,0,0,0,0,1,1,0,1,1,0,0,0.544630
0,0,1,1,0,1,0,0,0,0,1,0,0,1,1,0,1,0,0,0,1,1,1,0,0,1,1,1,0,0,0,0,0.553603
0,0,1,1,1,1,0,0,1,0,1,0,1,1,0,1,1,1,0,1,1,1,1,0,0,0,0,0,0,1,0,1,0.605736
1,1,1,0,1,0,0,0,0,1,1,1,0,0,1,0,0,1,0,0,0,0,1,1,0,0,1,0,1,1,1,0,0.646658
0,0,0,0,1,0,0,1,1,0,1,1,0,1,1,0,0,1,1,1,0,1,1,1,0,0,1,1,1,1,0,0,0.580625
1,1,0,0,0,0,1,1,0,1,0,1,0,1,0,1,1,1,0,0,0,0,1,1,0,1,1,1,1,1,1,1,0.672750
1,0,1,0,1,1,0,1,0,0,0,1,1,1,1,0,1,0,1,1,0,1,1,1,0,1,1,1,1,0,1,0,0.636453
1,1,0,0,0,0,0,0,0,1,0,1,1,1,1,1,1,0,1,0,1,1,0,0,1,0,0,0,1,1,0,0,0.641053
0,1,0,1,1,0,1,1,0,1,0,0,1,1,1,0,1,0,1,0,1,1,1,1,1,0,1,0,0,1,1,0,0.660232
0,1,0,1,1,1,0,1,0,0,1,1,1,1,1,1,0,0,0,0,0,0,1,1,0,0,0,1,1,0,1,0,0.610487
1,1,0,0,0,0,0,0,0,0,1,1,0,1,1,0,0,0,1,0,0,0,0,0,0,0,0,0,0,0,0,0,0.604831
1,1,0,1,0,0,1,1,0,0,0,0,1,0,0,0,0,1,1,0,1,0,0,0,0,1,1,0,1,0,1,0,0.595430
0,1,1,0,0,0,0,1,0,1,1,1,0,1,0,1,0,0,0,1,0,0,0,1,0,0,1,1,1,1,0,0,0.638916
1,1,1,1,1,0,1,1,1,1,0,1,1,0,1,0,1,1,0,0,1,0,0,0,0,1,1,1,1,1,1,0,0.664731
1,1,1,1,1,0,0,1,0,0,1,0,0,1,0,1,0,0,0,0,0,0,1,1,1,0,1,1,0,0,1,0,0.627881
1,1,0,1,1,0,0,1,0,0,1,0,0,0,0,0,0,1,0,1,0,0,0,0,1,0,1,0,1,0,0,0,0.619234
1,0,1,1,0,1,0,1,1,0,0,1,1,1,1,0,1,1,0,0,1,1,0,1,1,1,0,1,1,0,1,1,0.663324
0,1,0,1,1,1,0,1,0,0,0,0,1,0,0,0,1,0,1,0,0,1,0,0,0,0,0,0,0,0,1,0,0.533067
1,1,0,0,0,1,1,0,1,0,0,0,1,1,1,0,0,0,1,1,0,0,0,0,0,0,0,0,0,0,1,0,0.568585
1,1,1,0,0,0,1,1,1,1,1,1,1,0,1,0,0,0,1,0,0,1,1,0,1,1,1,0,1,0,0,0,0.614358
0,1,1,0,0,1,0,0,0,1,1,1,0,0,0,1,0,1,1,0,1,1,0,1,1,1,0,1,1,1,0,0,0.617475
1,1,1,0,0,0,1,0,1,0,0,0,0,1,1,1,1,1,1,1,1,1,1,0,0,0,0,0,1,0,0,0,0.598849
0,0,0,0,1,0,0,0,0,0,0,1,0,1,1,0,1,1,1,1,0,0,1,1,1,1,0,0,0,1,1,0,0.574994
0,0,0,1,1,0,0,0,0,1,0,0,0,0,1,1,0,0,1,0,0,0,1,0,1,0,1,0,0,1,1,0,0.494935
1,1,1,1,0,1,1,0,1,0,1,0,1,0,0,0,1,0,0,0,0,1,1,0,0,0,1,1,0,1,0,1,0.596486
1,0,0,1,0,0,1,0,1,1,1,1,1,0,1,1,1,0,1,0,1,0,1,1,1,0,0,1,0,1,1,1,0.730035
0,1,1,0,0,0,1,1,0,0,1,1,1,1,1,0,0,1,0,1,0,0,1,1,1,1,0,1,1,0,1,1,0.703617
0,1,0,0,1,0,0,1,1,0,1,0,1,0,0,1,0,1,0,0,1,0,1,0,0,1,0,0,0,0,0,0,0.561496
1,0,1,1,0,0,1,1,1,0,0,0,0,1,1,0,1,0,0,0,0,1,0,1,0,0,0,1,1,0,0,1,0.604303
1,0,0,1,1,1,0,0,0,1,0,0,0,0,0,0,0,1,1,0,0,0,0,0,0,0,1,1,1,1,0,1,0.557927
0,0,1,1,0,1,1,1,1,1,1,1,0,1,0,0,0,1,0,1,0,0,0,0,1,0,1,0,1,0,0,0,0.599100
1,0,1,0,1,1,1,0,0,1,0,0,1,0,0,0,1,0,0,0,1,0,1,1,1,1,1,0,1,1,1,0,0.609507
0,1,1,1,0,0,1,0,0,1,1,0,0,1,0,0,0,1,0,1,1,1,0,0,1,0,1,1,0,1,0,0,0.577784
0,0,0,1,1,0,1,0,0,1,0,0,1,0,0,0,1,0,1,0,0,1,1,1,1,0,0,0,0,1,1,1,0.586808
1,1,0,0,1,0,0,1,0,1,0,0,1,1,1,0,0,0,1,1,0,1,1,1,0,1,1,0,1,0,0,0,0.584018
0,0,0,0,0,1,0,0,1,0,0,1,1,1,0,0,0,0,0,0,1,1,1,0,1,0,1,0,0,0,1,0,0.531760
0,1,1,1,0,1,1,0,0,0,1,1,1,0,1,1,1,0,1,0,0,1,1,0,1,0,1,0,1,1,0,1,0.629314
0,0,1,1,1,1,0,0,1,0,1,0,1,1,0,1,1,0,1,0,0,1,0,0,0,0,0,0,1,1,1,1,0.597642
1,0,1,1,0,1,0,1,1,0,1,1,0,1,0,1,1,0,1,0,1,1,1,0,1,1,0,1,1,0,1,1,0.647965
0,1,1,1,1,0,0,1,1,0,0,0,0,1,1,0,1,0,1,1,1,0,0,1,1,1,1,1,0,0,0,1,0.615941
1,1,0,1,0,1,0,0,1,0,1,1,0,1,0,0,0,1,0,0,1,0,1,1,1,0,0,1,0,0,0,0,0.603097
0,1,1,1,0,1,1,0,0,0,1,0,1,1,0,0,1,0,1,0,0,1,1,1,1,1,0,1,0,0,0,0,0.578539
0,0,0,0,0,0,0,0,0,0,1,1,0,1,1,0,0,0,0,1,1,1,1,1,1,0,0,0,0,0,0,1,0.533695
0,1,0,1,0,1,0,0,1,0,0,1,0,0,1,1,0,0,1,1,1,0,1,0,0,1,1,0,0,1,0,1,0.591760
0,0,1,1,1,0,0,0,0,1,0,0,0,1,1,1,0,0,0,0,1,1,0,0,1,0,1,0,1,0,1,0,0.561169
0,1,1,0,1,1,1,1,1,1,0,1,1,1,0,1,1,0,0,0,0,1,0,0,1,0,0,0,0,1,1,0,0.622050
0,0,0,0,0,1,1,0,1,1,1,1,1,1,0,1,1,0,1,1,1,1,1,0,0,1,0,0,0,0,1,0,0.588392
1,1,0,0,0,0,0,1,1,1,0,0,1,0,1,1,1,0,1,0,1,0,1,0,0,0,1,1,0,1,0,0,0.591107
1,0,1,1,0,1,1,1,1,1,1,0,1,1,0,1,1,0,0,0,1,1,0,1,0,1,0,1,0,0,1,0,0.631576
1,1,0,1,1,1,0,1,1,1,0,0,1,1,0,1,0,1,1,1,0,1,1,1,1,0,1,0,0,1,1,1,0.642988
0,0,0,0,1,0,1,0,1,1,0,0,1,1,0,1,0,1,0,1,1,0,0,1,0,1,1,0,0,1,0,1,0.521303
1,0,1,0,0,1,0,0,1,0,1,1,1,1,1,1,0,0,0,1,1,0,1,1,0,1,0,1,1,1,1,0,0.628937
0,0,0,1,1,0,1,0,0,0,0,1,0,1,1,1,0,1,1,1,1,1,0,1,0,1,1,1,1,0,1,1,0.744690
0,0,1,0,1,1,0,1,0,0,1,0,0,0,1,1,1,1,1,0,1,0,0,1,1,1,0,1,1,0,1,1,0.674685
0,1,0,0,0,1,1,1,1,1,0,1,1,0,1,1,1,0,1,0,1,0,1,1,1,0,0,0,0,1,0,0,0.597064
0,1,0,1,1,1,0,0,1,0,0,1,1,1,1,0,0,0,0,1,1,0,0,1,0,1,1,0,1,1,0,0,0.607269
0,0,0,1,1,0,0,1,1,0,1,1,1,1,1,0,0,0,1,1,1,1,1,0,0,0,0,1,1,1,0,0,0.594676
1,0,0,0,0,0,1,1,0,0,0,1,0,0,0,1,1,0,0,0,0,0,0,1,0,1,1,1,1,1,1,0,0.582661
1,1,0,1,1,1,0,0,1,0,0,0,0,1,1,0,0,1,1,1,1,1,0,0,1,1,1,0,0,1,0,1,0.621572
0,1,1,1,0,0,1,1,1,0,0,0,1,1,1,0,1,0,0,1,1,0,1,1,0,1,0,1,1,1,1,0,0.613001
0,1,1,0,1,1,0,1,1,0,1,1,0,1,1,0,1,1,0,1,0,1,1,1,1,1,1,0,0,0,1,1,0.651057
1,0,0,1,1,1,0,0,1,0,0,1,1,1,1,1,0,1,0,0,0,1,0,1,1,1,1,1,0,1,1,1,0.688862
0,1,1,0,0,1,0,1,0,0,0,1,0,0,0,1,1,1,0,1,1,1,1,0,0,1,0,0,1,0,1,1,0.608727
1,0,0,0,0,0,1,0,1,0,1,0,0,0,0,0,1,0,1,1,1,1,1,1,0,1,0,1,0,1,1,1,0.637961
1,0,1,0,1,1,1,0,0,0,1,0,0,0,0,1,0,0,1,0,1,0,1,1,1,1,1,0,1,1,1,0,0.650881
0,1,1,1,1,1,1,1,1,1,1,0,0,1,0,1,1,0,0,1,0,0,0,1,1,1,1,0,0,0,1,1,0.680240
0,0,0,1,1,1,1,0,0,1,1,1,1,1,1,0,1,1,1,0,0,1,0,0,0,1,1,1,1,0,1,0,0.623960
1,1,0,0,0,0,0,1,1,0,1,1,0,0,0,0,1,1,1,1,0,1,0,1,0,0,0,0,0,1,0,0,0.564890
0,1,0,0,1,1,0,0,1,0,1,0,0,0,1,1,1,1,0,1,0,0,0,0,1,1,1,1,1,1,1,1,0.661514
0,0,0,0,0,1,0,0,1,1,0,0,0,0,1,0,0,0,1,1,1,1,1,1,0,1,1,1,1,0,1,0,0.608979
0,0,0,1,0,0,0,1,0,0,0,0,1,1,1,0,1,1,0,1,0,0,0,1,1,0,0,1,1,0,1,1,0.561974
0,0,1,0,0,0,1,0,0,0,1,1,1,0,0,0,1,0,1,1,0,0,0,1,1,1,0,1,0,1,1,1,0.665762
1,0,0,0,0,0,0,0,1,1,0,1,1,1,1,0,1,0,1,0,0,0,0,0,0,1,1,0,0,1,0,1,0.561220
0,0,1,1,0,0,0,0,0,1,0,1,0,0,0,1,1,0,0,1,1,1,1,0,0,1,0,1,0,0,0,1,0.587789
0,0,1,0,0,1,1,1,1,0,1,1,1,1,1,1,0,0,1,1,0,1,0,1,0,0,1,1,1,1,0,0,0.619385
0,0,0,0,1,1,0,0,1,1,1,1,1,1,0,1,1,0,1,0,0,0,0,0,0,1,1,1,0,1,0,1,0.632381
1,0,1,0,1,1,1,0,1,0,1,0,0,0,0,0,0,1,1,0,0,0,0,0,1,0,0,0,0,1,0,1,0.600181
0,0,0,1,1,0,0,1,1,0,0,0,1,0,0,1,0,1,1,1,0,0,0,1,1,1,1,1,1,1,1,1,0.664228
1,0,1,1,1,1,1,1,1,1,1,0,0,0,0,1,1,1,0,1,0,1,1,0,0,1,1,0,0,1,1,1,0.665158
0,1,0,1,1,0,1,1,0,1,0,0,0,0,0,1,0,0,1,0,1,1,0,0,1,0,0,0,0,1,1,1,0.604580
0,1,0,0,1,1,0,1,0,1,0,1,0,0,0,1,0,0,0,1,0,1,1,1,0,0,0,0,0,1,1,0,0.588593
0,1,1,0,0,1,1,0,1,1,0,1,0,1,0,0,1,0,1,1,1,0,0,0,1,1,1,1,0,0,1,0,0.608199
1,1,0,0,0,1,1,1,1,1,0,1,1,0,0,0,0,0,0,0,0,0,1,1,0,1,1,1,0,0,0,1,0.606842
1,1,0,1,1,0,1,0,0,1,1,1,1,0,0,0,1,0,0,0,1,0,1,0,0,0,1,1,0,1,1,1,0.684111
