0,1,1,1,0,1,0,0,1,1,0,0,0,1,0,1,0,0,0,1,1,0,1,1,1,0,1,1,0,0,1,1,0.623775
1,0,0,1,1,1,0,0,0,1,0,1,1,1,1,0,0,1,1,0,1,1,1,1,0,1,0,0,1,1,0,0,0.606378
0,1,1,0,0,1,0,0,0,1,0,0,1,0,0,1,0,0,1,1,0,0,1,0,0,0,1,1,1,1,0,1,0.686861
0,1,1,1,0,0,1,0,1,0,0,0,1,0,0,0,1,1,1,1,0,1,0,0,0,1,0,1,0,1,0,1,0.599744
1,0,0,0,1,0,0,1,0,0,0,1,0,0,1,1,1,1,1,0,0,0,1,1,0,1,1,0,1,0,1,1,0.578884
0,1,0,0,0,0,0,1,0,0,1,1,1,1,0,0,0,1,0,1,1,0,1,1,1,1,0,0,0,1,0,0,0.706682
0,1,1,0,1,0,1,0,1,1,0,1,0,1,1,1,0,0,0,0,1,1,1,1,1,1,0,1,1,0,1,1,0.506154
0,0,0,0,1,1,0,0,1,1,1,0,1,0,0,1,0,0,0,0,1,0,0,1,0,1,0,0,0,1,0,0,0.710784
0,1,0,1,0,1,1,0,1,1,0,0,1,0,1,1,0,1,0,0,0,0,1,0,0,0,0,0,0,1,0,0,0.639280
1,0,0,1,1,0,0,1,0,1,0,1,0,1,0,1,1,0,0,0,0,1,0,0,0,0,0,1,1,0,0,0,0.654065
0,0,0,1,0,0,1,1,1,1,1,0,0,1,1,0,1,1,0,1,0,0,0,0,1,0,0,1,0,1,0,0,0.615489
1,1,1,1,1,0,1,1,1,1,0,1,1,0,1,0,0,1,1,0,0,0,1,1,0,0,0,1,1,0,1,0,0.571851
0,1,0,1,0,1,0,1,1,0,1,1,0,1,0,0,1,0,1,1,0,0,0,0,1,0,1,0,0,0,1,1,0.646233
0,1,1,1,1,0,0,1,1,0,0,1,0,0,1,0,0,1,1,0,0,0,1,1,0,0,1,0,1,1,1,1,0.638214
0,0,1,1,1,0,0,1,1,1,1,1,1,1,0,0,0,1,1,1,0,1,0,1,1,0,0,0,0,1,0,1,0.568867
0,1,1,0,1,0,1,1,0,0,0,1,1,0,0,1,1,0,0,0,0,1,1,1,1,1,1,1,1,1,1,0,0.528319
1,1,1,1,0,0,1,1,1,0,0,1,0,0,0,0,0,0,1,1,0,0,0,1,0,0,0,0,0,0,1,0,0.688912
0,0,1,0,1,0,0,0,1,1,1,1,1,1,1,1,0,1,0,0,1,0,0,0,0,1,0,0,1,1,0,0,0.664402
1,0,0,1,1,0,0,1,1,0,0,0,0,1,1,0,1,1,1,0,1,0,1,0,0,0,1,1,1,1,1,1,0.554001
1,1,1,1,1,1,0,1,1,0,1,1,0,1,0,1,1,0,0,0,0,1,1,1,0,0,1,0,1,0,0,1,0.552296
0,1,1,0,1,0,0,1,1,0,1,1,0,0,0,0,1,1,1,1,0,1,0,1,1,0,0,1,1,1,0,0,0.623641
0,1,0,0,1,0,0,1,0,0,0,1,0,0,0,1,0,1,0,1,1,0,0,0,0,1,0,1,1,1,1,1,0.689232
1,0,0,0,1,0,1,0,1,1,0,0,0,0,1,1,1,1,1,1,0,0,0,1,0,1,0,0,0,1,0,1,0.593404
0,0,1,1,0,0,0,1,1,1,0,1,1,1,1,0,1,0,0,1,0,0,1,1,1,1,0,1,1,1,0,1,0.551684
0,0,1,0,1,1,0,0,0,0,1,0,0,1,0,1,1,0,1,1,0,0,0,0,1,0,0,1,1,0,0,1,0.692562
0,1,1,1,0,1,1,0,1,0,1,0,0,0,0,1,0,0,0,0,1,1,1,1,1,0,1,0,0,0,1,1,0.578724
1,0,1,0,1,0,0,1,1,0,0,0,1,0,0,0,1,1,1,0,0,0,1,0,1,0,0,1,0,0,0,1,0.613811
1,1,0,0,1,0,0,1,0,0,0,1,1,0,0,0,1,0,0,0,1,1,0,0,1,1,0,0,1,0,0,0,0.668665
1,1,0,1,1,1,0,0,1,0,1,1,0,1,1,1,1,1,0,0,0,0,1,1,0,0,1,0,0,0,0,0,0.602488
1,1,0,1,0,1,1,1,1,0,0,0,0,0,0,1,0,0,1,1,1,1,0,0,1,1,1,1,0,0,0,0,0.635523
1,0,1,1,0,1,1,1,0,0,0,0,1,0,0,1,1,0,1,0,0,0,0,0,0,0,0,0,1,0,0,0,0.701886
0,0,0,1,0,1,1,0,1,1,0,1,0,1,1,1,0,0,1,1,0,0,0,0,0,0,1,0,1,0,0,1,0.771659
0,1,1,0,1,1,0,0,1,1,1,0,0,0,0,0,1,1,1,1,0,1,0,0,1,1,0,1,0,0,1,0,0.646952
0,0,1,0,1,0,0,1,0,1,0,0,0,1,0,0,0,0,0,0,1,1,0,1,1,0,1,1,0,0,0,1,0.740702
1,1,0,0,0,0,0,0,0,0,1,1,0,1,1,1,1,0,0,0,1,0,1,0,1,0,0,0,1,0,0,0,0.660886
1,0,1,0,0,1,1,0,0,1,1,1,1,1,0,1,1,1,0,0,1,1,1,0,0,0,0,0,0,0,0,1,0.543345
1,0,0,1,1,1,1,0,0,1,1,1,0,0,0,1,1,1,0,0,1,1,1,1,0,1,0,1,0,0,0,1,0.551151
0,0,0,1,0,0,0,0,1,0,0,0,0,1,1,0,0,0,0,0,1,1,0,0,1,0,0,0,0,0,0,1,0.737532
0,1,1,1,1,1,0,0,0,0,0,0,1,0,1,0,0,1,1,0,0,1,1,1,0,0,0,0,1,1,0,0,0.612958
0,0,0,0,0,0,0,0,1,0,0,0,1,0,1,0,1,1,0,0,1,1,1,0,0,0,1,0,0,0,1,1,0.701806
0,1,0,1,1,1,0,1,1,0,1,0,0,0,0,1,0,1,1,0,0,1,0,1,0,1,0,1,1,0,0,1,0.650069
1,1,0,1,1,1,0,0,0,1,0,0,0,0,1,1,0,1,0,1,0,1,0,0,1,0,0,0,0,0,1,1,0.648897
0,0,0,0,0,0,1,0,0,0,1,0,0,1,1,0,1,0,1,1,0,0,0,1,0,1,1,1,0,0,0,1,0.697038
1,0,0,0,0,1,1,0,0,1,0,1,1,0,1,0,1,0,0,0,1,0,0,0,1,0,1,0,0,1,1,1,0.629129
1,0,0,1,0,0,0,1,0,0,1,1,1,1,0,0,1,1,1,0,0,0,0,0,1,1,1,0,0,1,0,0,0.614344
1,1,0,0,1,0,1,1,0,1,0,1,1,0,0,1,0,0,0,0,1,1,0,0,0,1,1,1,1,0,0,1,0.634804
0,0,1,1,1,1,1,1,0,1,1,1,0,0,1,1,0,1,0,0,1,0,0,1,1,0,0,1,0,1,1,1,0.563939
0,0,0,1,0,1,0,1,1,1,1,1,1,0,1,1,0,0,0,0,0,0,0,1,1,1,1,0,1,1,0,0,0.678788
0,1,1,0,0,1,1,0,0,0,1,0,0,1,0,1,0,0,1,0,1,1,1,1,0,0,0,1,1,1,1,1,0.684676
0,1,1,1,0,1,1,1,0,0,1,0,0,0,1,0,0,1,0,1,0,1,0,1,0,1,1,0,0,0,0,0,0.649643
0,0,1,1,0,0,1,1,0,0,0,1,0,0,0,0,0,1,0,0,0,0,0,0,0,1,0,0,0,1,0,1,0.805707
0,0,1,0,1,0,0,1,1,1,1,1,1,1,1,0,1,0,0,1,0,1,1,0,0,1,0,1,0,0,0,1,0.597906
0,0,1,1,0,1,1,0,0,0,1,1,0,1,0,1,0,1,1,1,1,0,0,0,1,0,0,0,0,0,1,1,0.758445
1,0,0,1,1,0,0,1,0,0,1,0,1,0,0,1,1,1,1,1,1,0,1,0,0,0,0,1,0,1,0,1,0.607124
0,1,0,1,1,1,1,1,1,1,1,0,0,0,0,0,1,1,0,1,0,1,0,0,1,0,0,0,0,0,0,1,0.668905
1,1,1,0,0,0,0,0,0,1,1,0,1,0,0,0,1,0,1,1,1,1,1,0,1,0,1,1,1,1,1,1,0.543345
1,0,1,1,1,0,0,0,1,0,1,0,0,0,1,0,1,0,1,1,1,0,1,0,0,0,1,1,0,0,0,1,0.637655
0,1,0,1,0,1,1,1,1,0,0,0,1,0,1,1,0,0,1,0,1,1,1,1,0,0,1,0,0,0,0,1,0.622016
1,1,0,1,0,1,1,1,1,0,1,0,0,1,1,0,0,1,0,0,1,0,0,0,0,0,0,1,0,0,0,0,0.671276
0,1,1,0,1,1,0,1,0,0,1,0,0,1,0,1,1,0,1,0,0,1,0,1,1,1,0,0,1,0,0,1,0.645913
0,1,1,0,1,1,0,0,1,1,1,0,0,0,1,1,1,1,1,1,1,0,0,0,1,0,0,0,0,1,1,1,0.549686
0,0,0,0,0,1,0,0,0,1,1,0,1,1,0,0,1,0,1,1,0,0,1,1,0,0,1,1,1,1,1,0,0.673593
0,1,1,0,0,0,1,1,0,0,0,0,1,1,1,0,0,1,1,1,0,1,1,0,0,1,0,1,0,0,0,1,0.604699
1,0,1,0,0,0,1,0,1,1,0,1,1,0,1,0,0,0,1,1,0,0,1,0,0,0,1,1,0,0,1,1,0.633738
0,0,1,0,0,0,1,1,1,0,1,1,0,0,1,0,1,1,0,1,0,0,1,1,1,1,0,1,0,1,0,0,0.609149
1,1,1,0,1,1,0,1,1,0,1,0,1,1,1,0,1,1,0,0,1,0,0,0,1,0,1,0,1,1,1,0,0.653000
1,0,1,1,1,0,0,1,0,0,0,0,1,1,1,1,0,1,1,1,0,0,1,0,0,1,1,1,0,1,1,1,0.515905
1,0,1,0,1,0,0,0,1,0,0,1,1,0,1,0,1,0,1,1,1,0,1,1,1,0,0,0,1,1,1,1,0.555227
1,0,1,1,0,1,1,1,1,1,0,1,0,1,1,0,1,1,1,0,0,1,1,0,0,0,1,0,0,0,1,0,0.605046
0,0,0,1,0,0,1,1,1,1,0,1,0,0,0,1,1,0,0,1,1,0,1,0,0,1,0,0,0,1,0,0,0.654572
0,0,1,1,1,0,1,1,0,1,1,1,0,0,0,1,1,0,0,1,1,1,0,1,1,1,0,0,0,0,0,1,0.621350
1,1,1,1,0,1,0,0,0,1,1,0,0,1,0,1,0,0,0,1,1,0,0,1,0,0,0,0,0,1,0,1,0.678735
0,0,1,1,1,1,0,1,1,0,1,0,1,0,1,0,1,0,0,1,0,1,1,1,0,1,1,1,1,0,1,0,0.547714
1,1,1,1,0,1,0,0,0,0,1,0,0,0,1,0,0,1,0,1,0,0,0,1,0,0,0,1,1,1,1,0,0.679188
0,0,0,1,1,0,1,1,0,0,0,0,0,0,1,0,0,1,1,0,1,0,1,0,0,0,0,1,1,1,1,0,0.700368
1,0,1,0,0,0,1,0,0,0,0,1,1,0,1,1,0,1,1,0,1,1,0,1,1,1,0,0,1,1,1,1,0.539322
0,1,0,0,1,0,1,0,1,0,1,0,1,1,1,0,0,1,0,1,1,1,0,0,0,0,1,0,0,1,1,0,0.629209
1,1,0,1,1,0,0,0,1,1,1,0,1,0,1,0,1,0,0,1,0,1,0,0,1,1,0,0,1,1,1,0,0.806586
0,1,1,1,1,0,1,0,0,1,1,1,0,0,1,1,0,1,1,1,0,0,1,0,0,0,0,1,0,1,0,1,0.642850
0,1,0,0,1,1,1,1,1,1,0,0,0,1,0,0,0,0,0,1,1,0,0,0,0,0,0,1,0,1,1,0,0.637708
1,0,0,0,0,0,1,0,1,1,1,1,0,1,0,1,1,1,1,1,1,0,0,0,1,1,1,1,0,1,1,1,0.517716
0,1,0,0,1,1,1,1,1,1,1,0,0,0,0,0,1,0,0,0,0,1,1,1,0,0,1,1,1,0,0,1,0.576860
0,1,1,1,1,0,1,0,0,1,0,1,0,0,1,0,0,0,0,1,1,0,1,0,0,1,0,0,0,1,0,0,0.655824
1,1,1,0,1,1,1,0,0,1,0,1,0,0,0,0,0,1,0,1,0,1,1,0,1,1,1,0,1,0,0,0,0.620098
0,0,0,1,1,0,0,1,0,0,1,0,0,1,1,0,0,0,0,0,1,1,0,1,0,1,1,0,0,1,1,1,0.655877
1,1,0,1,0,0,1,0,0,1,1,0,1,0,1,0,1,1,1,1,0,1,0,0,1,1,1,0,0,0,1,0,0.675005
0,0,0,0,1,1,1,1,0,0,1,0,0,0,1,0,1,0,0,1,0,0,1,1,0,0,1,1,1,1,1,1,0.648711
1,1,1,0,0,1,0,0,0,1,1,1,0,0,0,0,1,0,1,0,1,1,1,1,1,0,1,1,1,1,0,1,0.599318
0,1,1,1,0,1,1,1,0,1,0,1,1,1,1,1,1,1,1,1,1,1,0,0,0,0,1,0,1,1,0,0,0.563592
0,0,0,1,0,1,0,0,0,0,1,0,1,0,0,0,1,1,0,0,0,1,0,1,1,1,0,1,0,0,1,1,0.679401
1,1,1,1,1,1,0,0,1,1,1,1,0,1,0,0,0,1,0,0,1,0,1,1,0,1,1,0,1,0,0,0,0.644954
1,0,0,0,0,0,1,0,0,0,1,1,1,1,0,0,1,1,1,0,1,0,0,1,1,0,0,1,1,1,0,1,0.626359
0,1,1,1,0,0,1,0,0,0,1,1,1,1,1,1,0,0,0,0,1,0,0,1,0,1,1,1,0,0,1,1,0.610720
0,1,1,1,1,0,0,1,0,1,0,1,1,0,0,1,1,1,0,0,0,1,0,1,1,0,0,0,1,0,1,0,0.617807
0,0,0,1,0,1,0,0,1,0,0,0,0,1,0,0,0,0,0,1,1,0,1,1,1,1,0,1,1,0,0,0,0.734681
0,1,1,1,0,0,1,0,0,1,1,1,0,1,0,0,0,0,1,0,1,0,1,1,0,0,1,1,1,0,1,1,0.688539
1,1,1,0,0,1,0,0,1,1,0,1,0,1,1,1,0,1,0,1,1,1,1,0,0,0,1,1,0,0,0,1,0.582747
1,0,0,0,0,0,1,0,0,1,0,0,1,0,1,0,0,0,1,1,1,1,1,1,0,1,0,1,0,1,1,1,0.590180
1,0,1,1,0,0,1,0,1,0,0,0,1,1,0,1,1,0,0,1,1,1,1,1,0,1,0,1,0,1,1,0,0.520141
0,1,0,0,0,1,0,0,1,0,0,1,1,0,0,0,0,1,1,0,0,1,1,1,1,1,0,0,0,1,1,1,0.671595
1,0,0,1,1,0,1,1,1,0,0,0,1,0,0,0,1,1,0,0,0,0,1,1,0,1,0,1,0,0,0,1,0.610134
1,0,1,1,0,1,0,0,1,1,0,0,1,1,1,0,0,0,0,0,0,1,1,0,0,0,0,0,1,0,0,0,0.573316
0,0,1,0,1,0,0,1,1,0,0,1,0,0,0,0,0,1,1,1,1,0,0,1,0,0,1,0,0,0,1,1,0.696558
0,0,1,1,1,0,1,0,1,0,0,1,0,0,0,0,0,0,0,0,0,1,0,0,0,1,0,1,1,1,0,0,0.679188
1,0,0,0,1,0,0,0,1,1,0,1,1,0,0,1,1,0,1,0,1,1,1,1,1,1,1,1,1,0,0,1,0.655051
0,0,0,0,0,1,0,1,0,0,1,0,1,0,0,0,0,1,1,1,1,0,0,0,0,0,1,1,0,1,1,1,0.734974
0,0,0,0,1,0,0,0,0,0,1,0,0,1,1,1,1,1,1,0,0,1,0,0,1,1,0,1,0,0,1,0,0.644555
0,0,0,1,1,1,0,1,1,0,1,0,0,0,0,0,1,0,0,1,0,0,0,1,1,1,0,1,1,1,0,1,0.636562
0,0,1,0,0,0,1,0,0,0,1,0,0,1,1,0,0,0,1,1,0,1,1,0,0,0,0,1,0,1,0,1,0.871563
1,1,1,1,1,0,1,0,1,0,0,0,0,1,1,1,0,0,1,1,0,0,0,0,1,1,1,1,1,0,1,1,0.599771
1,1,1,0,0,1,1,0,0,1,1,1,1,1,1,0,0,1,0,1,0,1,0,1,1,1,0,1,1,0,1,0,0.574728
1,0,0,1,1,1,0,0,0,1,1,1,0,0,0,1,1,1,1,1,0,1,1,0,0,1,1,1,1,0,0,0,0.618846
1,0,0,0,0,0,1,0,1,1,1,1,0,0,1,0,1,1,1,1,0,0,0,1,0,1,1,0,1,0,1,1,0.580616
1,0,0,0,0,1,1,1,0,0,1,0,1,1,1,0,0,0,1,0,1,1,0,0,0,1,0,1,0,0,0,0,0.625586
1,1,1,1,0,0,1,0,1,0,0,0,1,1,0,1,1,1,1,1,0,1,1,1,1,0,0,1,0,0,0,1,0.570039
0,0,0,0,0,0,0,1,1,0,0,0,0,1,1,0,0,0,1,1,1,1,0,1,1,1,0,1,1,0,1,1,0.730445
1,1,0,0,0,1,1,0,1,0,0,1,1,0,0,1,1,0,1,1,0,0,1,0,1,1,1,0,0,0,0,1,0.618713
0,1,1,1,0,0,1,1,1,1,0,0,0,0,1,0,1,1,0,1,0,1,1,0,1,1,1,0,0,0,0,1,0.652360
0,1,1,0,1,1,0,1,0,1,1,0,0,1,1,0,0,0,0,1,0,0,0,1,1,0,1,0,1,0,0,0,0.646499
1,0,1,0,0,0,1,1,0,1,0,0,1,1,1,1,0,1,1,1,0,1,0,1,0,0,0,1,1,0,0,1,0.581895
1,1,0,0,1,1,0,1,0,0,1,0,1,1,0,0,0,0,0,1,0,0,0,1,0,1,1,1,1,0,0,1,0.637521
1,0,0,0,0,1,1,1,0,0,1,1,1,0,1,0,1,1,0,1,1,1,0,1,1,1,0,1,0,0,0,0,0.624441
0,0,0,1,1,0,0,0,0,0,0,1,1,1,0,1,0,1,1,0,0,0,0,0,1,1,0,0,0,0,0,0,0.697490
1,0,1,1,0,1,0,1,0,1,0,0,1,0,1,0,0,0,1,1,1,1,1,0,1,0,0,0,1,1,1,0,0.633285
1,0,1,1,1,1,0,0,1,1,1,0,0,1,0,0,0,1,0,1,0,0,1,1,1,1,1,1,1,1,0,0,0.588422
0,0,1,0,0,1,1,0,1,0,1,1,0,0,1,0,0,1,1,1,1,1,1,0,0,1,0,1,0,1,1,1,0.607550
0,0,0,1,1,0,0,1,0,1,0,1,1,1,0,1,1,1,1,0,0,0,0,1,1,1,1,1,0,1,1,1,0.603128
0,1,1,1,1,1,1,0,1,0,1,1,0,1,1,1,1,0,0,0,1,0,1,0,0,1,1,1,0,1,1,0,0.543585
