1,1,1,1,1,1,1,1,1,0,0,1,0,0,1,1,1,1,1,0,1,0,0,1,1,0,0,0,0,1,0,0,0.626918
0,1,0,1,0,1,0,1,1,0,0,0,1,0,1,1,1,1,1,0,0,0,1,1,0,1,0,1,0,0,1,0,0.590633
0,1,1,1,1,1,0,1,0,0,0,0,0,1,1,0,0,0,0,1,1,0,1,0,0,0,1,0,0,1,1,0,0.619645
1,1,1,1,1,1,0,1,1,0,1,0,1,1,1,0,1,0,0,0,0,0,1,1,1,0,1,0,1,1,0,1,0.546915
1,1,1,1,1,0,0,1,1,1,1,0,1,0,1,0,1,0,0,1,1,0,1,1,1,0,0,1,1,1,0,0,0.616954
0,1,0,0,0,1,1,1,1,0,0,1,1,1,1,1,1,1,0,1,0,0,1,0,0,0,1,1,1,0,0,0,0.608269
1,0,1,0,0,0,0,0,1,1,1,1,0,0,0,0,1,1,0,1,1,0,1,0,0,0,0,1,1,0,0,0,0.619565
1,1,0,0,0,0,1,0,0,0,1,0,1,1,1,0,1,0,0,0,0,0,0,1,1,1,1,0,1,1,0,0,0.620364
1,1,1,1,0,1,0,0,0,1,0,1,1,1,1,0,0,1,1,0,1,1,0,0,1,0,1,0,1,1,0,0,0.609282
1,1,1,1,1,1,1,1,1,1,1,0,0,0,0,1,0,1,0,1,0,1,1,1,0,1,0,0,1,0,1,1,0.454897
0,0,0,0,1,0,0,1,0,0,1,0,0,1,0,1,1,0,1,0,0,0,0,1,0,0,1,1,0,0,0,0,0.648471
1,1,1,1,0,0,0,1,1,0,0,1,0,0,1,0,1,1,0,1,1,1,0,0,0,0,0,0,1,1,0,1,0.585971
1,1,1,1,1,0,0,1,0,1,0,1,1,1,1,0,0,0,0,0,0,0,0,1,1,1,0,1,0,1,1,0,0.582321
0,0,1,0,0,0,0,1,1,0,1,1,1,0,0,0,1,0,0,0,0,0,1,1,0,1,1,0,1,0,1,0,0.606724
0,0,1,0,1,1,0,0,1,0,0,1,1,1,1,0,1,1,1,1,1,1,0,1,0,0,1,1,1,0,0,1,0.578298
1,0,0,0,1,1,1,0,0,0,0,1,0,0,0,1,0,0,0,0,1,0,0,1,0,1,0,0,0,1,0,1,0.589701
0,1,0,0,1,1,0,0,0,0,1,0,1,0,1,1,1,0,0,0,1,0,1,0,1,1,0,0,0,1,0,1,0.612132
1,0,0,1,0,0,0,1,1,1,0,0,0,0,0,1,1,0,0,0,0,1,0,0,1,1,1,0,0,1,1,1,0.556799
1,0,0,1,0,1,0,1,1,1,1,0,1,0,1,0,1,0,0,0,1,0,1,1,1,0,0,1,0,1,1,0,0.587329
1,1,1,1,1,0,1,1,0,1,0,1,0,1,0,1,1,1,1,0,1,0,0,0,1,1,1,0,1,0,0,1,0.552030
1,1,1,0,0,0,0,1,0,1,1,0,0,0,1,0,0,0,1,0,1,1,1,0,0,0,0,0,1,0,0,1,0.616182
1,0,0,1,1,0,0,0,1,1,0,0,0,0,1,0,0,1,1,1,0,0,0,1,0,1,1,1,0,1,1,0,0.607683
1,1,0,0,1,1,0,1,1,0,0,1,1,0,0,1,1,1,0,1,0,0,0,1,1,0,1,0,0,1,0,0,0.601156
0,0,0,0,1,0,0,0,1,1,0,1,1,1,0,0,1,1,1,0,1,1,1,0,1,0,0,0,0,0,0,1,0.660379
0,0,1,1,0,0,1,0,0,0,1,1,1,0,0,1,1,1,0,1,1,1,0,0,1,0,1,1,1,1,0,1,0.601156
1,0,0,0,0,0,1,1,0,0,0,1,0,1,0,0,1,0,1,0,0,1,0,1,0,0,0,0,1,1,0,1,0.632779
1,1,1,1,0,0,1,1,0,0,0,1,0,0,0,0,1,1,0,0,0,1,0,0,1,0,0,1,1,1,1,1,0.560395
1,1,0,1,0,0,0,1,1,1,0,1,1,1,1,1,0,1,1,1,0,1,0,0,0,0,1,1,0,1,0,0,0.564551
0,0,1,0,0,0,0,1,1,1,0,1,0,0,0,1,1,0,1,1,1,1,1,0,0,0,0,0,1,1,1,0,0.597453
0,1,1,0,1,0,0,0,0,1,1,1,1,0,1,1,0,1,1,0,1,1,0,0,0,1,0,1,0,1,1,1,0.578431
1,1,0,1,1,0,1,1,1,1,1,1,1,1,1,1,0,0,0,1,1,1,1,1,1,1,0,1,0,1,1,0,0.565297
0,0,0,1,0,1,1,0,0,0,0,0,1,0,0,0,1,0,1,1,0,1,1,1,0,0,0,1,1,0,0,1,0.659260
0,0,1,0,1,1,0,1,0,0,1,1,0,0,0,1,0,1,0,0,1,0,0,0,0,0,0,1,0,0,1,1,0.667493
1,1,1,1,1,1,0,1,0,1,0,1,0,0,0,1,0,1,0,1,0,0,1,0,1,0,1,0,0,1,0,1,0.573396
1,1,0,1,0,0,0,1,0,1,0,0,0,1,1,1,0,1,0,1,0,0,1,0,0,0,1,0,1,1,0,1,0.570306
0,1,0,1,1,0,0,0,1,0,0,1,1,0,0,0,0,0,1,0,0,1,1,1,1,1,0,0,1,0,1,0,0.621537
0,1,0,1,0,1,1,1,1,1,1,0,0,0,0,0,0,0,1,1,0,1,1,0,0,1,1,0,1,0,1,1,0.608669
1,1,1,0,1,0,1,0,0,0,0,0,0,0,1,0,0,1,1,1,1,1,0,0,1,1,0,1,0,1,1,0,0.598172
0,1,1,1,0,1,1,0,1,1,1,1,1,1,0,1,1,0,0,1,0,0,0,1,1,1,1,0,1,0,1,1,0.545023
0,0,1,1,1,0,1,1,0,1,0,0,0,0,0,0,0,1,0,1,1,1,1,1,0,0,1,0,1,0,0,1,0.624840
0,1,0,1,0,1,0,0,0,1,1,0,0,1,1,1,1,0,1,1,0,0,0,0,0,1,1,1,1,1,1,1,0.574329
0,0,0,1,1,1,1,0,1,0,1,1,0,0,1,1,1,1,1,1,0,0,1,0,0,1,0,1,0,1,1,0,0.570332
1,1,1,1,1,1,1,1,0,0,0,1,0,0,1,1,0,0,1,0,0,1,1,1,0,1,1,0,0,0,1,0,0.578724
1,0,0,0,1,1,1,1,0,1,0,1,0,0,1,0,0,0,1,1,0,1,0,1,0,1,1,0,1,0,1,0,0.605499
0,0,0,0,1,1,1,1,0,1,1,1,0,1,0,0,1,1,0,1,1,1,1,0,0,1,1,1,0,0,0,1,0.584133
0,0,0,0,1,0,1,0,0,1,1,0,1,0,0,1,1,0,1,0,0,1,1,1,1,1,0,1,1,0,1,0,0.616342
0,0,0,1,1,1,1,1,0,0,1,1,1,0,1,1,1,0,1,1,0,0,0,0,0,0,1,0,1,0,1,1,0.586211
1,1,1,0,1,0,1,0,1,0,0,1,1,0,1,0,1,0,0,1,0,1,0,1,1,1,0,0,1,0,1,1,0.524297
1,1,0,0,0,0,0,1,0,0,1,1,0,0,0,1,1,0,0,0,0,0,1,1,0,1,1,1,1,0,1,1,0.545050
1,1,0,1,1,1,1,0,0,1,0,0,1,1,1,1,0,0,0,0,1,0,1,0,0,0,1,1,1,1,0,0,0.579843
1,0,0,1,0,1,0,1,1,1,0,0,0,1,1,0,0,1,1,0,0,0,0,0,0,1,1,1,0,0,1,0,0.607550
1,1,0,0,1,1,0,1,1,0,1,1,1,0,0,0,1,0,0,1,1,0,0,1,0,1,1,1,1,0,0,1,0.569880
1,1,0,1,0,1,1,0,1,0,1,1,1,1,0,1,0,0,1,0,1,0,1,0,0,1,1,1,0,0,1,1,0.564978
1,0,1,0,1,1,1,1,1,0,1,1,1,0,0,1,0,1,0,1,1,0,0,0,0,1,1,0,1,0,0,1,0.585278
0,1,1,0,1,1,0,1,1,1,0,0,1,0,0,0,1,0,0,1,0,1,0,1,0,0,0,0,0,0,1,0,0.617780
1,1,0,1,1,1,0,1,1,0,0,0,0,0,1,0,1,0,0,1,1,0,0,0,0,0,1,0,0,1,1,0,0.611759
0,0,1,1,0,0,0,1,1,0,0,1,0,1,1,0,0,0,0,1,0,0,1,0,0,0,0,0,1,1,0,0,0.665415
0,1,1,1,0,1,1,0,1,1,1,1,1,0,0,1,0,1,0,1,0,0,1,0,1,0,0,0,0,0,1,0,0.619459
1,0,1,0,0,1,1,0,1,1,1,1,0,0,0,0,0,1,1,0,1,1,1,1,1,1,0,0,0,1,1,1,0.540894
1,1,0,0,1,0,1,0,0,1,0,1,0,1,1,0,1,1,1,0,0,1,0,1,1,1,1,1,1,1,1,0,0.597959
1,0,0,1,0,0,1,0,0,0,0,0,1,0,0,1,1,1,0,1,1,0,1,1,1,0,1,1,1,0,0,0,0.599984
1,1,1,0,1,0,0,1,0,1,0,1,1,1,1,1,0,1,1,0,0,0,0,0,0,0,1,0,1,1,0,0,0.590313
1,1,0,0,0,0,1,0,0,0,0,1,1,0,0,1,0,1,0,0,1,1,0,1,1,1,0,0,0,0,0,0,0.627531
0,1,0,1,0,0,1,0,0,1,0,1,1,1,0,1,1,1,1,1,0,0,1,1,1,0,1,1,0,1,0,0,0.614796
1,1,0,0,0,1,1,1,0,0,1,0,1,0,0,1,1,0,1,0,1,1,1,0,1,1,1,0,1,0,0,0,0.610454
0,1,1,1,1,0,1,0,0,0,0,0,0,1,0,1,1,1,0,1,0,0,1,1,1,0,0,1,0,0,0,1,0.599931
0,0,1,0,0,1,1,0,1,0,0,1,1,1,1,1,0,1,1,1,0,1,0,1,1,0,0,0,1,1,1,1,0.560102
0,1,1,1,1,0,0,1,0,0,1,0,1,1,1,1,1,1,0,0,0,1,0,1,1,1,0,0,1,0,1,1,0.513161
1,1,1,0,1,1,1,1,0,0,1,1,0,1,1,1,0,1,1,0,1,1,0,0,1,1,1,1,0,0,1,0,0.553549
0,0,0,1,1,1,1,0,1,1,1,1,0,1,0,1,1,1,1,0,0,1,0,1,0,0,1,1,1,1,0,1,0.547954
1,1,1,1,0,1,1,0,1,0,0,1,0,0,1,1,0,1,1,0,1,1,0,1,1,0,0,1,0,1,0,1,0.518862
1,1,0,0,1,0,1,1,0,0,0,0,1,0,0,1,0,0,0,1,0,0,0,0,1,0,0,0,0,1,1,1,0.585811
1,0,1,1,0,0,0,0,1,0,0,1,0,1,1,1,1,1,0,1,1,1,1,1,1,0,0,0,1,0,0,0,0.586504
0,0,0,1,1,1,1,0,0,1,1,0,1,0,0,0,0,1,1,1,0,0,0,1,1,0,1,1,0,1,1,0,0.623801
0,1,0,0,1,1,0,0,1,0,1,1,0,1,1,1,0,0,0,0,1,1,1,0,1,0,1,0,0,0,1,1,0.610001
1,1,1,0,0,1,0,1,0,0,0,1,1,0,0,1,1,0,1,1,1,1,1,0,0,1,0,0,0,1,1,0,0.594043
0,1,0,1,1,0,0,0,0,1,0,1,1,0,0,1,1,1,0,1,0,0,1,0,1,1,1,1,1,0,1,0,0.616901
1,1,1,1,1,0,0,0,0,1,1,0,1,1,0,0,1,0,1,1,1,1,0,0,0,1,0,1,0,1,1,0,0.602994
1,0,1,1,1,0,1,0,0,1,0,1,1,0,0,1,1,1,0,1,0,0,0,0,1,1,0,0,1,1,0,1,0.596974
0,0,0,1,1,0,1,1,1,0,0,1,1,0,0,0,0,1,1,1,0,0,0,0,1,1,1,0,0,1,0,1,0.619672
1,0,1,0,0,0,1,0,0,0,0,0,0,0,1,0,0,0,0,0,0,1,0,0,0,0,0,0,0,1,0,1,0.649377
0,0,0,0,1,0,1,1,0,0,0,1,0,1,1,1,1,0,0,1,0,0,0,0,0,0,0,1,1,0,1,0,0.651881
0,1,0,1,1,0,1,1,1,0,0,0,1,1,0,0,1,1,1,1,1,1,0,1,0,0,0,1,1,0,1,1,0.594283
0,0,0,0,1,1,1,0,1,1,1,1,0,0,1,1,0,1,0,0,0,0,1,0,0,0,1,1,1,0,0,0,0.613438
1,1,1,0,1,1,0,0,1,1,1,1,1,0,1,0,1,1,1,1,1,1,1,1,0,0,1,1,1,0,1,0,0.596627
1,0,1,1,1,1,0,1,1,1,0,1,1,0,1,1,1,0,0,0,1,1,0,1,0,1,1,0,0,0,0,1,0.577605
1,0,0,1,1,0,0,1,1,1,1,1,0,1,0,0,0,0,0,0,1,1,1,1,0,1,1,1,1,1,0,0,0.591006
0,0,0,0,1,1,1,0,0,1,1,1,0,1,0,0,0,1,1,0,0,1,0,0,0,0,0,0,1,0,1,1,0.636216
1,0,0,0,1,1,0,1,0,0,1,0,1,0,1,1,0,0,1,0,0,1,1,0,1,0,1,1,0,1,1,0,0.601716
0,0,0,0,0,1,1,1,1,0,0,0,1,1,1,1,0,1,0,1,1,1,1,1,0,0,1,0,1,1,0,1,0.566150
0,0,0,0,0,0,1,1,1,0,1,0,0,1,1,0,0,0,0,0,1,1,0,0,1,0,0,0,1,0,1,1,0.658168
1,0,1,0,1,1,0,1,1,1,0,0,1,1,0,1,0,1,1,1,1,0,1,0,0,1,0,1,0,0,1,1,0.554881
0,1,1,0,1,0,0,0,0,0,0,0,1,0,0,1,1,1,0,0,0,1,0,0,1,1,0,0,1,1,1,1,0.579204
0,0,0,1,1,0,0,0,0,0,0,1,0,1,1,1,0,0,1,0,0,0,1,0,0,0,1,0,0,0,0,0,0.635363
1,1,0,1,0,1,0,1,1,1,0,0,1,0,1,0,1,0,0,1,0,0,1,0,0,0,1,0,1,0,1,1,0.593510
0,1,1,0,0,0,1,0,0,0,0,1,0,1,0,1,0,1,0,0,0,1,0,0,1,0,0,0,0,0,0,0,0.649137
1,1,0,1,0,0,1,1,1,1,1,0,0,0,1,0,0,0,1,1,0,1,1,1,0,0,0,1,0,1,0,0,0.618366
0,0,0,0,1,0,0,1,1,0,1,0,0,1,1,0,1,1,0,0,0,1,1,1,0,0,0,1,0,0,1,0,0.625693
0,0,0,0,1,1,0,1,0,0,1,1,0,0,0,1,0,0,1,1,0,1,1,0,0,0,0,0,0,0,1,0,0.635443
1,0,0,0,1,1,0,1,0,1,1,1,1,1,0,1,0,0,1,0,1,1,1,1,0,0,0,1,1,0,1,1,0.517796
0,1,1,0,0,1,1,1,1,1,0,1,0,0,1,1,1,0,1,1,0,0,0,1,1,1,1,1,0,0,0,1,0.561301
1,1,1,0,0,0,1,0,1,0,0,0,1,1,0,1,0,0,1,1,1,0,1,0,1,1,1,0,1,0,0,0,0.609655
1,0,1,1,0,0,1,0,0,0,1,1,0,1,1,1,0,1,1,1,0,0,1,1,0,1,0,0,1,1,0,1,0.544437
1,1,1,0,1,1,1,0,0,0,0,0,0,1,0,1,1,1,0,1,0,0,0,1,0,1,0,0,1,0,1,0,0.601343
0,1,1,1,0,0,1,0,0,1,1,0,1,1,0,1,1,1,0,1,1,0,1,0,0,1,0,1,1,1,1,1,0.534047
0,0,1,0,1,0,1,0,1,0,1,0,1,1,1,1,1,0,0,1,0,0,1,0,0,1,0,1,0,1,1,1,0.585145
0,0,1,0,1,0,0,0,0,1,1,0,1,1,0,1,1,1,1,0,0,1,0,0,0,1,0,0,1,1,1,0,0.601183
0,0,0,1,0,1,0,0,1,1,0,1,0,1,0,0,0,0,1,0,1,1,0,0,1,1,1,0,0,1,1,1,0.635124
0,0,0,0,0,1,0,1,0,1,1,1,1,0,1,0,1,0,0,0,0,1,1,1,0,0,1,1,0,0,0,1,0.664189
0,1,0,1,0,1,0,1,1,1,1,1,0,1,0,0,0,0,1,1,0,1,1,1,0,0,1,0,0,1,0,1,0.587729
0,1,1,1,0,1,1,0,0,1,0,1,1,0,1,0,0,0,0,0,1,0,1,1,0,1,1,1,0,0,1,0,0.598465
1,1,1,0,0,1,0,0,1,0,1,1,1,0,1,1,1,0,1,0,1,1,1,1,1,0,0,1,1,1,0,0,0.601130
0,1,0,1,0,0,0,0,0,1,0,0,1,0,1,0,1,1,1,1,0,1,1,1,0,1,1,0,0,1,1,0,0.599158
0,1,0,0,0,1,1,0,0,1,1,0,0,1,0,1,1,1,0,0,1,1,0,0,1,1,0,1,0,0,0,1,0.613757
1,1,0,1,1,0,0,1,0,1,1,0,0,1,0,1,0,0,0,1,1,1,1,1,1,0,0,1,0,0,0,1,0.585545
1,0,1,1,1,1,1,1,1,1,1,1,0,1,0,1,1,0,1,1,1,0,0,0,0,0,1,1,0,1,0,0,0.593750
1,1,1,1,0,0,0,0,0,0,0,1,1,1,1,0,1,0,1,0,0,1,0,0,0,0,0,1,0,0,1,1,0.629236
0,1,1,0,1,1,0,0,1,1,0,1,1,0,0,0,0,0,0,1,0,0,1,0,0,1,1,1,0,1,0,0,0.645247
1,0,0,0,1,1,0,0,1,1,0,1,1,1,0,1,0,1,0,1,1,0,0,1,0,1,0,0,0,1,0,0,0.594762
0,1,0,0,1,1,1,0,1,1,1,1,0,0,0,1,0,0,0,0,0,0,0,1,0,1,1,0,1,1,1,0,0.603714
1,0,0,1,1,0,1,1,0,0,0,1,1,0,0,1,1,0,1,0,0,0,0,1,1,0,0,0,0,0,0,1,0.598545
0,0,1,0,0,0,0,1,1,0,0,1,0,0,0,1,0,1,1,0,0,1,1,1,0,0,0,0,0,1,0,0,0.646633
0,1,1,0,0,0,0,0,1,0,1,1,1,0,1,0,1,1,1,0,1,0,0,1,1,0,0,0,1,0,1,0,0.613358
1,1,0,1,0,0,1,1,0,1,0,0,0,1,0,1,1,0,0,0,1,1,1,1,0,1,1,0,0,1,1,1,0.504023
0,1,0,0,1,0,1,1,1,0,1,1,1,0,0,1,0,0,1,0,1,1,0,0,1,1,0,1,0,1,0,0,0.593217
1,0,1,1,0,0,0,1,1,1,0,1,0,0,0,0,0,0,0,0,1,1,0,1,1,1,1,1,1,0,0,0,0.610827
0,1,0,0,0,0,1,0,0,0,1,0,1,1,1,1,0,1,0,0,0,1,1,0,0,0,1,0,1,0,1,1,0.633205
0,0,1,1,0,1,1,0,0,1,1,0,1,1,0,1,1,1,1,1,1,0,0,1,1,1,0,1,1,0,0,0,0.602808
