0,1,0,1,0,0,0,0,1,0,0,1,1,1,0,0,1,1,1,0,0,1,0,0,1,1,1,1,1,0,1,1,0.579843
1,0,1,0,0,0,1,0,1,0,1,0,0,0,1,1,1,0,0,1,1,0,0,0,1,0,0,0,0,1,1,1,0.608776
0,0,1,1,0,1,0,1,1,0,1,1,0,0,1,1,0,1,0,1,1,1,0,0,0,1,1,1,1,0,0,0,0.602009
0,1,0,1,0,0,1,1,1,1,0,0,1,0,0,0,0,1,0,0,0,1,0,0,0,0,0,1,1,1,0,1,0.688672
0,1,1,0,1,1,1,1,1,0,0,0,0,1,1,0,0,1,0,0,1,0,0,1,0,0,0,0,1,0,0,1,0.586823
0,0,1,1,1,1,1,1,0,1,1,1,0,1,1,1,1,0,0,1,0,0,0,1,0,1,0,0,1,1,1,1,0.537671
1,1,1,1,1,1,0,0,0,0,1,1,0,1,0,0,1,1,1,0,1,1,1,1,0,1,1,1,0,1,0,1,0.564498
0,0,1,1,1,0,0,1,0,1,1,0,0,0,1,1,0,1,1,1,0,0,1,0,1,1,1,0,1,0,1,1,0.529865
0,0,1,1,0,0,0,0,0,0,0,1,1,1,0,0,1,1,0,1,1,0,1,0,0,0,1,1,1,0,0,0,0.648071
1,1,0,1,1,1,0,1,0,0,0,0,0,0,1,1,0,1,0,0,0,0,0,1,0,1,0,1,0,0,0,0,0.635310
0,0,0,0,1,1,1,0,1,1,0,1,1,0,1,1,0,0,1,1,0,0,0,1,1,0,0,1,0,1,0,1,0.600064
0,0,0,1,0,0,1,1,1,1,1,1,0,0,1,0,1,1,1,0,0,0,1,1,0,0,1,1,0,0,0,0,0.598492
1,0,0,1,0,1,1,1,1,0,0,1,1,1,1,1,1,0,0,0,1,1,1,1,1,0,0,1,0,1,1,0,0.543505
1,0,1,0,1,1,1,0,0,1,1,0,0,1,0,1,0,0,0,1,1,1,1,1,0,1,0,1,1,0,1,1,0.540867
1,1,0,1,1,1,0,1,0,1,0,0,0,0,0,1,0,0,1,1,1,1,0,1,0,0,0,1,1,0,0,0,0.623881
1,0,1,1,0,0,0,1,1,0,0,0,0,1,0,1,0,1,0,0,1,0,0,1,1,0,1,1,0,0,0,0,0.627504
0,1,0,0,1,1,0,1,0,0,1,0,0,1,0,0,1,0,1,1,1,1,1,0,1,1,1,0,1,0,0,1,0.597347
1,1,1,1,0,0,0,0,1,1,0,0,1,1,0,1,0,1,0,0,0,1,1,0,1,1,1,1,1,0,0,0,0.592338
0,1,1,0,0,0,1,0,1,1,0,1,1,0,1,0,1,0,1,1,1,0,0,1,1,0,0,1,1,0,0,0,0.600250
1,0,0,1,0,0,1,1,0,0,1,1,0,0,0,1,0,1,0,0,1,0,0,1,1,0,1,0,1,1,1,1,0.559276
0,0,0,0,1,0,1,0,1,0,0,0,0,1,1,0,1,1,0,1,0,1,0,1,1,0,1,0,1,1,0,1,0.622363
0,0,1,1,1,0,1,0,0,0,1,1,0,1,1,0,0,0,0,1,1,0,0,0,0,1,1,0,0,0,1,1,0.698849
0,1,1,0,0,1,1,0,1,1,0,1,0,1,0,0,1,1,0,0,0,0,0,0,1,0,1,1,1,1,1,1,0.592152
0,0,1,1,0,0,1,0,1,0,0,0,0,1,1,1,0,1,0,1,0,0,1,0,1,0,1,0,1,1,0,1,0.623082
0,1,0,0,1,0,0,0,0,0,0,0,0,1,0,1,1,1,1,0,0,0,0,0,0,1,1,1,0,0,1,0,0.649723
0,0,0,0,1,0,0,1,0,1,1,0,1,0,0,0,0,0,0,1,1,0,0,1,0,1,1,0,1,1,0,0,0.635230
1,0,1,0,1,0,1,0,1,0,1,1,0,1,1,0,1,1,1,0,0,1,1,0,1,0,1,0,1,1,0,1,0.586957
0,0,0,0,1,1,1,1,0,1,0,1,0,0,1,0,1,0,1,1,0,1,0,0,0,1,0,0,1,0,0,1,0.625906
0,0,0,1,1,1,1,0,1,1,0,0,1,1,0,0,0,1,1,0,1,0,1,0,0,1,1,0,0,1,1,0,0.661791
1,0,1,1,1,0,0,0,1,0,0,1,1,0,1,1,0,0,0,0,0,0,1,1,0,0,0,1,1,0,1,1,0.553069
0,0,1,0,0,0,0,0,0,0,1,0,1,0,0,1,0,0,1,0,1,1,1,0,1,0,0,1,1,0,0,0,0.699329
1,1,0,1,0,0,1,0,1,0,0,0,0,1,0,1,0,0,1,1,1,0,0,1,0,0,0,1,1,0,1,0,0.616022
0,0,0,1,0,0,0,1,0,1,1,1,0,0,0,0,1,0,0,0,1,1,1,0,0,0,0,1,0,0,1,0,0.693974
0,1,1,1,1,1,0,0,1,0,0,1,0,0,1,0,1,1,0,1,0,0,0,0,1,1,1,0,1,0,0,0,0.611413
1,0,1,1,1,1,0,1,1,0,0,0,1,0,0,1,1,1,1,1,0,1,1,1,0,1,1,1,0,0,1,0,0.557225
0,1,0,1,0,1,1,1,1,0,1,1,0,0,0,1,1,1,0,0,0,0,1,1,0,0,1,0,0,0,1,0,0.634910
0,0,0,0,1,0,0,1,1,0,1,1,0,0,0,0,0,1,0,1,1,1,0,1,1,0,1,0,0,0,0,1,0.657529
1,0,0,0,1,1,0,1,1,0,0,0,1,0,1,0,1,0,1,1,0,0,0,0,1,1,0,1,1,0,0,0,0.623535
0,1,1,0,0,0,1,1,1,1,1,0,1,1,1,1,1,0,1,0,1,1,0,1,0,0,0,0,1,1,0,1,0.524030
0,1,0,0,0,1,0,1,0,0,1,0,1,1,0,1,1,1,1,0,1,1,0,0,1,1,1,0,0,0,0,1,0.630888
0,0,0,1,1,1,1,0,0,0,0,0,0,0,1,0,1,0,0,0,0,0,0,1,1,1,1,0,1,1,1,0,0.610720
0,0,1,1,1,0,0,0,0,0,1,1,1,1,0,0,0,1,0,1,1,1,0,1,1,1,1,1,1,0,0,0,0.583946
0,1,1,0,0,0,0,0,0,0,1,0,1,1,0,1,1,1,0,0,0,1,1,0,0,0,1,0,1,0,1,0,0.632326
0,1,0,0,0,1,0,0,0,1,1,0,0,1,0,0,0,1,0,0,1,0,0,1,1,0,1,0,0,1,1,0,0.700261
0,1,0,0,0,0,0,1,0,0,1,1,1,0,0,1,1,0,1,0,1,0,0,1,1,1,1,0,0,1,1,1,0.625266
0,1,0,0,0,0,1,1,1,1,1,0,1,0,1,0,1,1,1,0,0,1,0,1,0,1,0,1,1,1,1,1,0.562207
0,1,0,0,0,1,0,0,1,1,1,1,1,1,0,0,1,0,1,0,1,0,1,0,0,1,1,1,0,0,0,1,0.634831
1,0,1,1,0,1,0,1,0,1,0,1,1,1,0,0,1,1,1,0,0,1,1,0,1,1,1,0,1,0,1,1,0.550938
1,0,1,1,0,1,0,1,0,1,0,1,1,1,1,0,1,0,0,0,1,1,1,0,1,0,0,1,0,0,1,1,0.567429
0,0,1,0,1,0,0,0,0,1,1,1,0,1,0,1,1,0,1,1,1,0,1,1,1,1,0,0,1,1,1,1,0.550432
0,0,1,0,1,0,0,0,0,1,1,0,1,0,1,0,0,0,0,0,0,1,0,1,1,0,0,0,1,0,0,0,0.670157
1,0,1,0,0,0,1,0,0,0,1,1,0,0,0,1,1,1,1,1,0,0,0,1,0,1,0,1,1,0,1,0,0.636802
1,0,0,1,0,1,0,1,1,1,1,0,0,0,0,1,0,0,1,1,1,0,1,0,1,1,0,0,0,1,0,1,0.579657
0,0,0,0,1,0,1,0,0,1,0,0,1,1,0,1,0,0,1,0,0,1,1,1,1,0,0,1,1,1,0,0,0.654625
0,1,0,0,1,0,1,1,1,1,0,1,0,0,0,1,0,0,0,1,0,0,1,0,0,1,1,1,1,1,1,0,0.620364
0,1,1,1,1,1,0,0,1,0,0,1,0,0,0,1,1,1,1,0,1,1,1,1,0,0,1,1,0,1,0,1,0.600677
1,0,0,1,1,1,1,1,1,1,1,1,0,1,0,0,0,1,1,1,0,1,0,0,0,0,1,1,0,1,1,1,0.577552
1,0,1,1,1,1,1,0,1,1,1,1,1,0,1,0,0,1,1,0,0,1,1,1,1,1,0,0,1,0,0,1,0.538123
0,0,0,0,1,0,1,1,1,0,0,0,1,0,1,0,0,0,1,0,0,1,0,0,1,0,0,1,1,0,0,1,0.614530
1,0,1,0,0,0,1,1,0,0,0,0,0,1,1,1,1,1,0,0,1,1,0,0,0,1,0,1,1,1,1,0,0.550805
0,1,0,1,1,0,1,1,0,1,1,0,1,0,1,0,0,0,1,0,0,0,1,1,0,0,1,1,1,0,0,0,0.635097
0,1,0,0,1,1,1,1,0,1,1,0,1,0,0,1,1,0,0,1,0,0,0,0,1,0,0,0,1,0,1,0,0.616208
0,0,0,0,0,0,0,1,1,0,0,1,0,1,1,0,1,0,0,1,1,1,1,0,0,1,0,1,0,1,0,1,0.688086
1,1,0,0,0,0,1,0,1,0,1,0,1,0,1,0,0,1,0,1,0,1,1,0,0,0,0,1,1,0,1,0,0.607763
1,1,0,1,0,1,1,0,0,0,1,0,0,0,0,0,1,0,0,0,1,0,1,0,1,0,0,1,1,0,1,1,0.554188
1,1,0,1,1,0,0,1,0,1,1,1,0,1,1,1,0,0,0,1,1,0,1,1,1,1,0,0,0,1,0,0,0.571984
0,0,1,1,1,0,0,0,0,0,1,1,0,1,1,0,1,1,1,0,0,1,1,0,0,0,1,0,1,0,1,0,0.603261
1,1,1,0,1,0,1,1,1,1,1,0,1,1,1,0,1,0,1,0,1,1,1,0,0,1,1,0,0,1,0,0,0.686115
1,1,1,0,0,0,0,0,0,1,1,1,0,0,1,1,1,0,1,1,1,1,0,1,1,1,1,0,1,1,0,1,0.538550
0,1,1,0,1,1,0,0,0,0,1,0,0,0,1,1,1,0,0,0,0,1,1,1,0,1,0,0,0,1,1,0,0.624787
1,1,1,0,0,0,1,1,1,1,0,1,1,0,0,1,0,1,1,0,0,1,1,1,1,1,0,1,1,0,1,0,0.560422
1,1,1,1,1,1,0,1,1,1,0,0,0,1,1,1,0,0,1,1,1,1,1,0,1,1,0,0,0,1,1,0,0.564791
0,1,0,0,0,1,1,1,1,0,1,1,1,0,1,0,1,0,0,0,0,0,0,0,1,0,0,0,1,1,1,0,0.601662
1,0,0,0,0,1,0,1,1,0,0,1,0,1,1,0,1,1,1,1,1,0,0,0,0,0,0,1,1,0,1,0,0.600490
0,1,1,1,1,0,0,0,0,0,0,1,1,0,0,1,1,0,1,1,0,0,0,1,1,1,0,0,0,1,0,1,0.628250
0,1,1,0,1,0,1,1,0,0,0,1,0,0,0,1,0,0,1,0,1,0,0,0,1,0,1,0,1,1,1,0,0.629529
0,1,0,0,1,0,1,0,1,0,0,0,0,0,1,1,1,1,1,1,1,1,1,1,0,0,0,0,1,1,0,1,0.597906
0,0,0,1,1,0,1,1,1,1,0,0,1,0,0,1,0,1,0,0,0,0,0,0,1,1,1,1,0,1,0,1,0.608722
1,1,1,1,0,1,0,1,0,0,1,0,0,1,1,0,0,0,1,1,0,0,0,0,0,0,0,0,1,1,1,0,0.637282
0,1,0,1,0,0,1,1,0,1,0,0,0,0,0,0,0,1,0,1,0,1,1,0,1,0,1,0,1,1,1,0,0.664749
0,1,0,1,0,1,1,0,0,0,1,0,0,1,0,0,0,0,0,1,0,0,0,1,0,0,1,0,1,0,0,0,0.734069
1,0,0,1,1,0,1,0,1,0,0,1,0,1,0,1,1,0,1,1,0,1,1,0,0,0,1,0,1,0,0,1,0.593936
0,0,1,0,1,0,0,1,1,0,0,0,0,0,1,1,0,0,1,1,1,0,0,0,1,1,0,0,0,0,0,1,0.649430
1,1,1,1,1,0,1,0,0,1,0,1,0,1,1,1,1,1,0,1,1,0,1,1,1,0,1,1,0,1,0,0,0.561807
0,0,0,1,1,0,1,1,0,1,1,0,1,1,1,1,1,1,0,0,0,1,1,0,0,0,1,0,1,0,1,0,0.558184
1,0,0,1,0,1,0,1,0,0,0,0,0,1,1,0,0,1,0,1,1,1,1,0,1,0,0,1,1,1,0,1,0.565484
1,0,0,0,1,1,0,0,1,0,1,1,0,1,1,0,0,0,1,0,1,0,0,0,1,1,0,0,0,1,1,0,0.641917
1,1,0,0,0,0,1,1,1,1,1,0,0,1,0,1,0,1,0,0,1,1,1,0,0,1,0,1,0,0,1,0,0.600091
1,1,0,1,0,0,1,0,0,0,0,1,0,1,1,0,1,0,0,0,0,1,0,1,0,0,1,1,0,1,0,0,0.643782
1,0,0,1,0,1,1,1,1,0,1,1,1,1,1,0,1,0,0,0,1,1,1,0,1,0,1,1,1,0,0,1,0.567455
0,1,1,0,1,0,0,1,1,0,0,0,0,0,1,0,1,1,0,0,1,0,1,0,1,1,1,0,0,1,1,1,0.604540
1,1,1,1,0,0,0,0,0,0,1,1,1,1,1,1,0,1,1,0,0,1,1,0,1,0,1,0,0,0,0,1,0.587223
0,0,0,0,0,1,1,0,1,1,1,0,0,1,1,1,0,0,0,0,0,0,0,0,1,0,1,1,1,0,1,0,0.625719
1,1,1,0,1,0,1,1,0,1,1,1,0,0,0,1,1,1,0,1,1,1,1,0,0,1,0,0,1,0,0,1,0.559596
0,0,0,0,0,1,1,1,1,0,1,0,0,0,1,0,0,1,1,1,0,0,1,0,0,1,0,1,0,0,0,0,0.667199
1,0,0,0,0,0,1,1,0,0,1,1,1,0,1,0,0,1,1,1,0,0,1,1,0,0,1,1,1,1,1,1,0.569107
0,1,1,1,0,0,1,0,0,0,0,1,0,1,1,1,1,1,1,0,0,1,1,0,1,1,1,0,0,0,1,1,0.585784
0,0,1,1,1,1,1,1,0,1,0,1,1,0,0,1,0,0,1,0,1,1,1,1,1,0,1,0,1,0,0,1,0.583893
1,1,1,0,1,1,1,1,0,1,1,1,0,0,0,0,1,1,1,0,1,0,0,0,1,0,0,0,1,1,0,1,0.557758
1,1,1,0,1,0,1,0,0,1,1,0,0,0,0,0,0,1,1,0,0,1,1,0,1,0,1,1,1,1,1,1,0.567722
0,0,0,0,0,1,1,0,0,0,0,1,0,1,1,1,0,0,0,0,0,0,1,0,0,1,1,0,0,1,0,1,0.692269
0,0,0,1,0,1,0,1,1,0,1,0,1,0,1,1,0,0,1,0,0,1,0,1,1,0,1,1,0,0,0,1,0.616928
0,1,1,1,0,0,1,0,0,1,1,1,0,1,1,1,1,0,1,0,0,1,1,1,1,1,1,1,1,0,0,1,0.527494
1,1,1,1,1,1,0,0,0,1,1,1,1,0,1,1,1,1,1,0,0,1,1,1,0,0,1,1,1,0,0,1,0.539589
0,1,0,1,0,0,0,1,1,0,1,0,1,0,1,1,0,1,0,0,1,1,0,1,0,0,1,1,1,1,1,1,0.572544
1,1,0,1,1,0,1,0,1,1,0,1,0,1,0,0,0,1,1,1,1,1,1,0,1,1,0,1,1,1,1,0,0.567269
0,1,1,0,1,1,0,0,1,0,0,0,0,1,0,0,0,0,0,0,0,0,1,1,0,0,0,0,0,0,1,0,0.658142
0,1,0,0,0,1,1,1,0,0,0,0,1,0,1,0,1,1,0,1,0,1,0,1,1,1,0,1,1,1,0,1,0.601130
1,0,1,0,0,0,0,1,0,1,1,1,1,0,0,0,1,0,0,0,0,1,1,0,1,1,1,0,1,1,1,1,0.558104
0,0,0,0,0,0,0,1,0,0,1,0,0,1,1,1,1,0,1,0,0,1,1,0,0,0,1,1,1,1,0,1,0.645940
1,0,0,0,1,1,1,1,0,1,1,0,0,1,1,0,1,0,0,0,1,0,0,0,0,0,0,1,0,0,1,0,0.611679
1,0,1,0,1,1,1,1,1,1,1,1,1,0,0,0,1,1,0,1,0,1,0,1,1,0,0,0,0,1,0,0,0.599425
1,0,1,0,0,0,1,1,1,0,0,0,0,0,0,1,1,1,0,1,0,0,0,1,1,0,1,1,0,0,0,0,0.621377
0,0,0,1,1,0,1,0,1,0,1,1,1,1,0,0,0,0,0,1,1,1,1,1,0,0,0,0,0,0,0,0,0.709266
1,0,0,0,0,1,1,0,0,1,0,1,1,1,1,1,0,1,1,0,1,1,1,0,0,0,1,0,0,0,0,0,0.629902
1,0,1,0,1,0,1,0,1,1,1,1,1,0,0,1,0,1,0,0,0,0,1,0,0,0,0,0,1,1,0,1,0.581389
0,0,0,0,1,1,1,0,1,0,1,0,0,0,1,0,0,0,1,0,1,0,0,1,1,1,0,0,1,1,0,0,0.631421
0,0,0,1,1,1,0,0,0,0,0,1,0,0,0,0,1,1,0,0,0,0,1,1,1,1,1,1,0,0,0,0,0.624893
1,0,1,0,1,1,0,0,1,1,0,0,1,1,0,1,0,1,1,0,0,0,0,0,1,0,0,0,1,1,1,1,0.544224
1,1,1,1,0,1,0,1,1,0,1,1,1,1,1,1,1,1,1,0,0,1,0,1,0,1,1,1,1,1,1,1,0.427563
0,0,0,1,0,0,1,0,0,0,1,0,0,1,0,0,1,0,0,1,1,1,1,1,1,0,1,1,1,1,0,1,0.633365
1,1,0,0,1,1,0,1,0,1,0,0,0,0,0,0,1,1,1,1,0,0,0,1,0,1,0,0,1,1,1,0,0.628730
0,1,0,1,0,1,1,1,1,1,1,1,0,0,1,1,0,1,0,0,1,1,0,0,0,0,1,1,0,1,0,1,0.639413
0,0,0,1,1,1,0,1,1,1,0,0,1,1,0,1,0,1,1,1,1,0,1,0,1,0,1,1,1,0,1,1,0.539935
0,1,1,1,1,0,0,0,0,1,1,0,0,1,1,0,1,0,1,1,1,1,0,0,0,0,1,1,0,1,1,0,0.598545
0,0,1,0,0,0,1,0,0,0,1,0,1,1,0,1,0,0,0,1,1,0,0,0,1,1,0,0,0,0,1,1,0.686488
0,1,0,0,1,1,1,1,0,1,1,0,1,0,0,1,1,0,1,1,1,0,1,1,0,0,0,1,1,1,1,0,0.563965
0,0,0,0,0,1,0,0,0,1,0,1,1,0,0,1,0,1,1,1,1,0,0,1,1,1,0,1,1,1,0,0,0.675831
