0,1,0,0,0,0,1,1,0,0,1,0,1,1,1,1,0,0,0,0,0,0,0,0,1,1,1,0,0,0,1,0,0.613571
0,0,1,1,0,1,1,0,1,1,0,1,1,0,0,1,1,0,1,0,0,1,1,0,1,1,1,0,0,1,0,1,0.608642
1,0,0,0,1,0,0,1,1,1,0,1,0,0,1,0,1,1,1,0,1,0,1,0,0,0,1,0,0,1,1,1,0.612798
0,0,0,1,0,1,0,0,0,0,1,0,0,0,1,1,0,0,0,0,0,1,1,0,1,1,0,1,0,1,0,1,0.577712
0,1,1,0,0,0,1,0,1,0,0,1,0,1,0,1,0,0,1,1,1,0,1,1,1,0,0,0,1,0,1,1,0.628597
1,1,1,1,0,0,0,1,1,1,1,1,0,1,0,0,1,0,1,0,1,1,0,1,0,1,1,0,0,1,0,0,0.753810
1,1,1,0,0,1,0,1,0,0,1,1,1,0,1,0,1,0,1,0,1,1,0,1,0,0,0,0,0,0,0,0,0.730152
0,1,1,1,1,1,1,1,0,1,0,0,0,0,1,0,0,0,1,0,0,1,0,0,1,1,1,0,0,0,0,1,0.605925
0,1,1,1,1,1,0,1,1,0,1,1,0,1,0,1,0,0,0,1,0,0,0,1,1,0,0,0,0,1,1,0,0.596707
0,0,1,0,0,1,1,1,0,1,0,0,1,0,0,0,0,1,0,0,0,1,0,0,0,1,0,1,1,0,1,1,0.704577
1,0,1,1,0,0,0,1,1,1,0,0,1,0,0,1,0,0,0,1,0,1,1,0,0,1,0,1,1,1,1,0,0.592658
0,1,1,1,0,0,0,0,1,0,1,1,0,1,1,1,0,0,1,0,0,1,1,1,0,0,1,1,1,1,0,0,0.598812
1,0,0,0,1,0,0,1,1,1,1,0,1,0,1,0,1,0,0,0,1,0,0,1,0,0,0,1,0,0,1,1,0.601529
0,1,0,0,1,0,1,1,1,1,0,0,1,1,0,1,0,1,1,1,0,0,1,1,0,0,1,1,1,1,1,1,0.688379
1,1,0,1,0,1,1,0,1,1,1,1,0,0,0,1,1,0,0,0,1,0,1,1,0,0,1,0,1,1,0,1,0.581655
0,0,0,0,1,1,1,0,0,0,0,1,0,1,1,1,1,1,1,1,1,0,0,0,0,0,1,1,1,1,1,0,0.632992
1,0,1,0,0,0,1,1,0,0,0,0,0,1,0,0,0,0,0,1,0,1,1,1,1,1,0,1,0,1,1,1,0.587889
1,1,1,1,1,1,0,0,1,0,0,0,1,1,0,0,1,1,0,1,1,0,1,0,1,0,0,1,1,0,1,0,0.757859
0,1,0,1,0,0,1,1,1,1,1,1,0,0,0,1,0,1,0,0,0,1,0,0,0,1,1,0,0,0,0,0,0.653799
1,1,0,1,0,1,1,0,0,0,0,0,1,0,1,1,0,0,1,1,1,0,1,1,0,0,1,1,1,0,0,0,0.642876
1,0,0,1,0,1,0,1,1,0,0,0,0,0,0,0,1,0,0,1,1,1,0,0,0,1,1,1,1,0,0,0,0.685768
0,1,1,1,1,1,0,1,0,0,0,1,0,1,0,1,0,1,0,1,0,1,1,1,0,1,1,0,0,1,0,1,0.640772
0,1,1,0,0,0,0,0,0,0,0,0,1,1,0,1,1,1,1,1,1,0,1,1,0,1,0,0,0,0,0,0,0.624574
1,0,0,0,0,0,1,0,0,0,1,0,1,0,1,1,1,1,0,0,0,0,0,0,0,0,0,1,0,1,1,1,0.606138
1,0,1,1,1,1,0,1,0,1,0,0,1,1,0,0,0,0,1,0,1,0,0,0,1,0,0,1,0,1,1,1,0.588981
0,1,1,1,0,1,0,0,0,0,1,0,1,0,1,1,0,0,1,0,1,0,1,1,1,1,1,1,1,0,1,1,0.656623
0,1,1,0,0,0,1,1,1,0,0,0,0,0,1,1,1,0,1,0,0,1,1,0,0,0,1,1,1,1,1,0,0.637655
0,1,0,0,0,0,1,1,1,0,0,1,1,1,0,0,1,1,0,1,0,0,0,1,1,0,0,1,0,0,0,1,0.605792
0,1,1,0,0,0,0,0,1,0,0,0,0,0,1,0,1,0,0,1,0,1,1,1,1,0,0,1,0,0,1,1,0.593697
1,1,1,0,1,0,1,0,1,1,1,1,1,1,0,1,1,1,1,1,0,1,1,0,0,0,1,0,0,0,0,0,0.803282
1,0,0,1,0,0,1,0,0,0,0,0,0,1,0,1,0,0,1,1,1,1,1,0,1,0,0,0,0,0,0,0,0.684117
0,0,0,1,0,0,0,1,0,0,1,0,0,1,0,1,1,0,0,0,1,0,0,0,0,1,0,0,0,1,1,1,0.629049
0,1,1,0,1,1,1,1,0,0,0,1,0,0,1,0,0,0,0,1,0,1,0,0,1,1,0,1,1,0,0,0,0.588901
0,0,0,0,1,0,1,0,1,0,0,1,1,1,0,0,1,1,1,0,0,1,0,0,1,1,0,1,1,0,1,0,0.684703
1,0,0,0,0,0,1,0,0,1,0,1,1,1,0,0,1,0,0,1,0,0,0,0,1,1,1,1,0,1,0,0,0.731165
0,1,1,1,1,0,1,1,1,1,0,0,0,1,0,0,1,0,1,1,1,0,1,0,1,1,1,0,1,1,1,0,0.610454
1,0,0,1,0,0,0,1,0,1,0,0,1,0,0,1,0,0,0,0,1,1,0,0,1,0,0,1,0,0,1,0,0.605179
1,1,0,0,1,1,1,1,0,1,1,1,0,1,1,1,0,1,0,0,0,1,1,1,0,0,1,1,1,1,1,0,0.608696
1,1,1,1,1,0,0,0,0,0,1,0,1,0,0,0,0,1,1,1,1,1,1,0,1,0,1,1,1,1,0,1,0.611706
1,1,0,1,1,0,0,1,0,0,1,1,1,0,1,0,0,0,1,1,0,1,0,1,1,1,0,1,1,1,1,1,0.557971
0,1,0,0,0,0,0,1,0,1,1,1,1,0,1,1,1,1,0,1,1,0,1,1,1,0,1,0,1,1,1,1,0.594096
1,1,1,1,0,1,1,1,1,0,1,0,1,0,0,0,1,0,0,0,0,0,0,0,0,1,1,0,0,1,1,0,0.685582
0,1,0,1,1,0,0,0,1,1,0,1,0,1,0,1,0,0,0,0,0,1,1,0,0,1,0,1,1,0,0,1,0.633072
1,0,1,1,0,0,1,1,0,1,0,1,1,0,1,1,1,0,0,0,1,1,0,0,1,1,0,0,1,0,1,0,0.703192
0,0,0,1,0,1,1,1,0,1,1,0,0,1,0,1,0,0,0,0,1,0,0,0,1,0,0,1,1,0,1,1,0.626785
1,1,0,0,1,0,0,0,0,1,0,1,0,1,1,0,0,1,0,1,0,0,1,1,1,0,1,1,1,0,0,0,0.671942
1,0,0,0,1,1,0,1,0,0,1,1,1,0,0,1,0,1,1,0,0,0,0,1,1,1,0,1,1,1,0,0,0.596920
1,1,1,0,0,1,1,1,0,0,1,0,0,0,0,1,0,1,1,1,1,0,0,0,1,1,0,0,1,1,1,0,0.607071
1,0,0,0,1,1,1,1,0,1,1,1,1,0,0,0,0,0,1,1,0,1,0,1,1,0,1,1,1,0,1,0,0.585918
1,1,0,0,0,1,0,0,0,0,0,0,1,1,1,0,0,1,1,1,0,1,1,1,1,1,1,0,1,0,0,0,0.669757
0,0,1,1,0,0,0,0,0,1,1,0,0,1,1,1,1,1,0,1,0,1,1,1,1,0,0,0,1,1,1,0,0.567855
1,1,1,1,0,0,1,0,1,0,0,0,1,1,1,1,1,1,0,1,1,1,1,0,0,1,0,0,1,1,1,0,0.686807
0,1,0,1,1,0,1,0,1,1,1,1,0,1,1,1,0,1,1,0,1,0,1,1,0,0,1,1,0,1,1,1,0.674233
1,0,1,0,0,0,0,1,0,1,1,1,1,0,0,1,0,1,0,1,1,1,1,1,0,1,0,0,0,1,0,1,0.617354
0,0,0,0,0,1,0,1,0,1,0,1,0,0,0,1,0,1,1,1,1,0,0,0,0,1,1,1,0,0,0,1,0.631261
0,1,1,1,1,0,0,1,0,1,1,0,0,0,0,0,1,1,1,0,0,0,1,0,1,1,0,0,0,0,0,0,0.656836
1,0,1,0,1,0,1,0,0,0,0,0,1,0,1,0,1,0,0,1,1,1,1,0,0,0,0,0,1,1,1,0,0.615329
0,0,0,0,1,0,1,0,0,1,0,0,0,0,0,0,1,1,0,0,0,0,0,0,1,0,1,1,0,0,0,0,0.622602
0,0,0,0,1,0,0,0,0,0,1,1,0,1,1,0,1,1,1,0,0,0,0,0,1,1,1,0,0,0,1,1,0.597347
0,1,0,1,0,0,1,0,1,0,1,0,0,1,0,0,1,0,1,1,1,1,1,0,0,0,0,1,0,1,1,1,0.588608
0,1,1,0,1,1,1,1,1,0,1,1,0,1,1,0,1,0,1,1,0,0,1,0,1,0,0,1,1,0,0,0,0.606911
0,1,1,0,0,1,0,1,0,1,0,0,1,1,1,1,1,1,1,1,0,1,0,1,1,1,0,0,0,1,0,0,0.591592
1,1,0,0,0,1,0,1,0,0,1,1,0,1,0,0,0,1,1,1,1,0,0,0,0,1,0,0,1,1,0,1,0.578618
0,1,0,0,1,0,1,0,0,0,1,1,1,0,0,0,0,1,0,1,0,1,1,0,1,0,0,1,1,1,0,1,0.601236
1,0,0,1,1,1,1,0,1,1,1,1,1,0,0,0,1,1,0,1,1,0,0,0,0,0,1,1,1,0,1,1,0.583733
0,0,1,1,1,0,0,0,0,1,1,0,1,0,0,1,0,1,0,1,0,0,1,0,1,1,1,1,1,0,0,0,0.590260
1,0,0,1,1,0,1,1,0,0,0,0,1,0,1,1,1,0,0,0,0,0,0,0,1,0,0,1,1,0,0,0,0.706655
1,1,0,0,0,1,0,1,0,1,0,1,0,1,0,0,1,1,0,1,1,1,0,1,0,1,1,1,1,0,1,1,0.567855
1,0,1,1,0,1,1,1,1,0,1,0,0,0,1,1,1,0,0,0,1,1,0,1,1,0,1,0,0,1,0,0,0.676684
0,0,0,1,0,0,1,1,1,0,0,0,0,0,1,0,0,1,1,1,1,1,0,0,0,0,1,0,0,1,1,0,0.602755
0,0,1,0,1,1,0,0,1,0,0,1,1,0,1,1,1,0,1,0,1,0,0,0,1,1,0,1,1,1,1,0,0.628197
0,1,1,1,0,1,0,1,1,1,1,1,0,0,1,0,0,1,1,1,0,1,0,0,1,1,0,0,1,1,1,0,0.625346
0,0,1,1,0,1,1,1,1,1,0,0,0,1,1,1,1,1,0,1,0,0,0,1,0,0,0,0,0,1,0,1,0.635949
0,0,1,0,1,0,0,1,1,1,1,0,1,0,1,1,1,1,1,1,0,1,0,1,1,1,1,1,0,1,1,1,0.622656
1,0,0,1,1,0,0,1,0,1,1,0,1,0,1,1,1,0,0,0,1,0,1,0,0,1,1,1,0,1,1,0,0.618153
0,1,1,0,0,0,1,0,0,1,1,1,0,1,1,1,0,1,1,0,1,1,1,0,0,0,1,0,1,0,0,1,0.688725
1,0,1,0,1,1,0,1,0,0,1,1,0,0,1,1,0,0,1,1,1,0,0,0,0,0,1,1,1,1,1,1,0.607523
1,1,0,1,0,1,1,1,1,0,1,0,0,1,0,0,0,1,1,1,1,1,1,1,1,1,1,0,1,0,0,0,0.778399
1,0,0,0,1,0,0,0,1,1,1,0,1,1,1,0,1,1,0,0,0,0,0,0,1,1,0,1,0,1,1,1,0.627558
1,0,1,1,1,1,0,0,1,0,0,0,0,0,0,1,0,1,0,1,1,1,1,0,1,0,0,1,1,0,1,0,0.616208
1,0,0,0,1,1,1,1,1,0,1,0,1,0,0,0,0,0,0,1,0,0,1,1,0,0,0,1,0,1,1,0,0.626705
0,1,1,1,0,1,1,0,0,1,0,0,0,0,0,1,0,1,1,0,0,1,1,1,1,0,1,1,0,1,0,1,0.620311
0,0,1,1,0,0,1,1,1,1,0,0,0,1,0,1,1,1,0,1,1,0,1,0,1,1,0,0,1,0,0,0,0.594416
0,1,1,1,1,1,1,1,1,0,1,0,1,1,0,1,0,1,0,0,1,0,1,0,0,1,0,0,1,1,1,1,0.653533
1,1,1,1,1,0,1,1,1,0,1,1,1,0,1,0,0,0,1,0,0,1,0,0,0,1,1,1,0,0,0,1,0.662431
1,1,0,0,0,0,1,1,0,0,1,1,1,1,1,1,0,1,1,1,0,0,1,1,1,1,0,0,1,0,0,0,0.692828
1,1,1,0,1,1,0,1,0,1,0,1,0,0,1,1,0,1,1,1,0,1,1,0,1,0,1,0,0,1,1,0,0.627264
0,1,0,0,0,0,0,0,0,1,0,1,0,0,1,0,0,1,1,1,1,1,1,1,1,1,0,1,0,1,1,0,0.594389
0,0,0,0,0,0,1,1,0,1,1,1,1,0,0,0,0,1,0,0,1,0,1,1,0,0,1,0,0,1,0,1,0.619672
1,1,1,1,0,0,0,0,1,1,1,1,0,0,0,1,1,0,1,0,1,1,1,0,0,1,1,0,0,0,0,0,0.816443
0,1,1,0,1,1,1,1,1,1,0,0,1,0,1,0,0,0,1,0,1,0,1,1,1,0,0,1,1,0,0,0,0.595322
0,1,0,1,0,1,1,0,1,1,1,0,1,1,0,0,0,1,1,0,1,0,1,0,0,1,1,0,0,0,0,0,0.663443
0,0,0,1,0,0,0,1,0,1,0,0,0,1,1,0,1,0,0,0,0,0,1,1,0,0,0,1,1,0,0,1,0.634165
1,1,1,1,0,1,1,1,1,0,0,0,0,0,1,1,1,0,1,0,0,1,0,0,1,0,0,1,1,1,0,1,0.592871
0,0,1,0,0,1,0,0,1,1,0,1,0,0,0,0,0,1,0,0,1,1,1,1,1,1,1,1,1,1,0,1,0.643835
1,0,1,0,1,0,1,1,1,0,1,0,1,1,0,0,0,0,0,1,1,1,0,1,0,0,1,1,0,1,1,0,0.658115
1,1,1,1,1,0,0,0,0,1,1,1,1,1,0,1,1,0,1,1,1,0,0,1,0,0,0,0,0,1,0,0,0.731671
0,0,0,0,1,0,1,1,0,0,1,1,1,1,1,1,0,0,0,0,1,0,0,1,0,1,1,1,1,0,1,0,0.516464
1,0,1,1,0,1,1,1,0,0,1,0,1,0,0,1,0,0,0,0,0,0,1,1,0,1,0,1,0,0,0,1,0.638987
1,0,1,1,0,1,1,1,1,0,1,0,1,1,1,1,0,1,0,0,1,0,0,1,0,0,1,1,1,1,0,0,0.581788
0,0,1,1,1,1,1,1,0,0,0,1,1,1,1,0,1,1,0,1,0,0,1,1,0,1,1,1,1,1,0,1,0.629076
1,0,0,1,0,0,1,1,0,1,0,0,0,1,1,1,1,1,0,1,0,1,1,1,1,0,0,1,0,1,0,1,0.605072
0,0,1,0,1,0,1,0,0,0,1,1,1,1,0,1,1,0,0,0,0,1,0,0,0,0,0,0,1,1,0,1,0.648657
1,0,0,1,0,0,0,0,1,1,1,1,1,1,0,1,1,0,0,1,0,1,0,0,1,0,1,0,1,0,1,0,0.649643
1,0,0,0,1,1,0,0,1,0,1,0,1,0,0,1,0,0,0,0,0,1,1,0,1,0,0,1,0,1,0,1,0.602542
0,1,1,1,1,0,0,0,1,0,1,1,1,1,1,0,1,1,1,0,0,1,1,0,1,0,1,0,1,0,1,0,0.643942
0,1,0,1,0,1,0,1,0,0,1,0,0,1,1,0,0,0,1,1,0,0,1,0,0,0,0,0,0,0,1,0,0.639253
1,1,1,0,1,1,1,0,0,0,0,0,1,1,1,1,1,1,1,0,1,1,1,1,0,0,0,1,0,1,0,0,0.735241
0,1,1,1,0,1,0,0,0,0,0,1,0,0,0,1,1,1,0,1,0,0,1,0,0,0,1,1,0,0,1,0,0.609042
1,1,0,0,0,1,1,1,0,0,0,0,0,1,1,1,1,0,1,0,1,1,0,0,0,1,1,0,1,1,1,0,0.599025
1,0,1,0,0,1,1,0,0,1,1,1,1,1,0,0,1,0,1,1,1,0,1,1,1,0,1,1,0,0,1,0,0.684729
0,0,1,0,1,1,0,1,0,1,1,0,0,0,1,1,0,0,1,1,0,1,0,0,0,0,1,1,1,1,0,1,0.670929
0,1,0,1,0,0,1,0,1,0,1,1,0,1,1,1,0,0,0,0,0,1,0,0,1,1,0,0,0,0,1,1,0.601316
1,0,0,1,0,0,1,1,0,0,0,1,1,1,1,0,1,1,1,1,0,1,0,1,1,0,1,0,0,0,0,0,0.777787
1,0,0,1,1,1,0,0,1,0,0,0,1,1,0,0,1,0,1,1,0,0,0,0,0,1,1,0,1,1,0,0,0.722187
0,0,1,0,1,1,1,0,0,0,0,0,1,1,0,1,1,1,1,0,1,1,1,0,1,0,0,0,1,0,0,0,0.587063
0,1,0,0,0,1,0,1,1,0,0,1,0,0,0,1,1,0,1,0,0,1,0,0,0,0,1,0,0,0,0,1,0.645194
1,1,0,1,1,1,1,0,1,0,1,0,1,0,1,1,1,1,1,0,0,0,1,1,0,1,0,1,1,1,0,0,0.670636
0,1,1,0,1,0,0,1,0,1,1,0,0,0,0,0,1,0,0,1,1,0,0,1,0,1,0,0,1,0,1,0,0.599877
0,0,1,0,1,1,0,1,0,1,0,1,1,0,0,1,0,1,0,1,1,0,0,0,1,0,0,0,0,0,0,0,0.586450
1,0,0,1,0,1,0,1,1,0,1,0,0,1,0,0,0,0,0,1,1,0,0,1,0,1,0,1,1,0,0,1,0.593164
0,0,0,1,1,1,1,0,1,0,0,0,0,1,0,0,0,0,1,0,1,1,1,0,1,1,0,1,0,1,0,0,0.606271
1,1,0,1,1,1,1,1,0,0,0,0,1,1,1,0,0,0,0,0,1,0,0,1,1,0,1,1,0,1,1,1,0.603394
0,0,0,1,1,1,1,0,0,1,1,0,1,0,1,0,0,0,0,1,1,0,0,0,0,1,1,0,1,0,1,1,0.641757
0,1,1,1,1,0,0,1,1,0,1,1,0,1,1,0,0,1,0,1,0,0,1,0,1,1,0,0,0,1,0,1,0.586077
1,1,1,0,1,0,1,0,1,1,0,1,0,1,0,0,1,1,0,0,0,1,1,0,0,1,1,0,0,0,0,1,0.640079
1,1,0,1,1,0,1,1,0,1,1,0,0,1,0,1,0,0,0,1,0,0,0,0,1,0,1,0,0,1,0,1,0.640958
1,1,1,0,0,0,1,0,0,1,1,0,1,1,0,0,0,1,0,0,1,1,0,0,0,0,0,1,1,0,1,0,0.693148
