0,0,0,0,0,1,1,1,1,1,1,1,0,0,1,1,0,1,1,0,0,0,0,0,0,1,0,0,0,0,1,0,0.456735
0,0,1,1,1,1,0,1,0,0,1,0,1,0,0,0,0,0,1,0,0,0,1,1,1,0,0,1,1,1,1,0,0.622629
1,0,0,0,0,0,0,1,0,1,0,0,0,1,0,1,1,1,1,1,0,0,1,1,0,1,0,0,0,1,1,0,0.702526
0,1,0,0,0,1,0,1,1,1,1,1,1,0,1,1,0,1,0,0,0,0,1,1,0,1,1,1,0,1,1,0,0.677536
0,0,0,0,0,0,1,0,1,0,1,0,1,1,0,0,0,1,0,1,1,1,0,1,0,0,1,1,0,1,1,0,0.420636
0,1,1,1,1,1,1,0,0,1,0,1,1,1,1,1,1,0,1,0,0,1,0,1,1,1,0,0,1,0,0,1,0.736626
1,0,1,0,1,0,0,1,1,0,0,1,1,0,0,0,0,1,0,1,1,0,1,1,1,0,1,1,1,1,0,0,0.741395
1,1,0,0,0,0,0,1,0,0,1,0,1,0,1,1,0,0,0,0,0,0,1,1,1,0,0,0,0,0,1,1,0.838555
0,0,1,1,1,0,0,1,0,1,0,0,0,1,0,1,1,0,1,1,0,1,0,1,0,1,1,0,1,1,0,1,0.839594
1,1,0,1,1,0,0,1,1,0,0,1,0,0,1,0,1,0,1,1,1,1,0,1,0,1,0,0,0,1,0,1,0.741262
1,0,0,1,0,1,0,1,0,0,1,1,1,0,0,0,1,1,1,1,0,0,1,1,1,0,1,1,0,1,0,1,0.806852
1,1,1,1,1,1,0,0,1,0,1,0,1,0,1,1,0,0,1,1,1,1,1,0,0,0,1,1,0,0,1,0,0.799020
0,0,0,1,1,0,1,0,1,0,1,1,1,0,1,0,1,1,0,1,0,1,0,1,1,1,0,0,1,1,0,0,0.646340
1,0,0,0,1,0,1,1,1,1,1,1,1,0,0,0,0,1,0,0,0,0,0,1,1,1,0,1,1,0,0,0,0.563592
0,1,1,1,0,0,1,0,1,0,0,0,1,0,0,1,1,0,1,1,1,1,1,0,1,0,1,0,0,1,1,0,0.624414
0,0,0,1,1,1,0,0,0,1,0,1,0,1,0,0,0,0,0,0,0,1,1,0,0,1,0,1,0,1,0,0,0.321105
0,0,0,1,1,0,1,0,1,1,0,1,0,1,1,0,1,1,1,1,0,1,1,1,0,0,0,0,0,0,0,1,0.634058
1,1,1,1,0,1,1,1,0,1,1,0,1,0,1,0,0,0,1,0,1,0,0,1,0,0,0,0,0,0,1,1,0.712596
0,0,1,0,0,1,0,0,1,1,1,1,1,1,0,1,0,1,0,1,0,1,0,0,0,1,0,1,1,1,1,1,0.787431
0,0,0,0,1,1,0,1,0,0,1,0,1,1,1,1,1,1,0,1,0,0,0,1,1,0,1,0,0,0,1,0,0.591725
1,0,0,1,0,0,0,1,0,1,1,0,1,1,1,1,1,1,1,1,1,1,1,0,1,0,1,1,1,1,1,0,0.758472
1,1,1,1,0,1,1,0,0,0,1,0,0,1,1,1,0,1,1,0,0,1,0,0,1,1,0,0,1,1,1,1,0.839701
1,1,0,1,0,1,0,0,0,1,0,1,0,0,1,0,1,1,1,1,1,0,1,1,1,0,1,0,1,1,1,0,0.674925
0,0,1,0,1,0,1,1,1,1,1,1,1,0,0,0,1,1,0,1,1,1,1,0,0,1,1,1,0,0,1,1,0.743020
1,0,0,1,1,1,0,1,1,0,1,0,1,0,0,0,0,0,0,0,0,0,1,0,1,0,0,1,0,1,0,0,0.530504
1,0,1,0,1,1,0,0,1,1,1,0,0,1,1,1,1,1,0,1,0,1,0,0,1,1,1,0,0,0,1,0,0.796089
1,0,1,0,0,1,0,0,1,1,0,0,1,0,0,1,1,1,0,0,1,1,0,1,0,1,1,1,0,1,0,1,0.778106
1,0,0,0,1,0,1,0,0,0,1,1,1,0,0,1,0,1,0,1,0,0,1,0,0,0,1,1,0,1,1,1,0.750426
1,1,0,0,1,0,1,0,0,0,1,0,0,0,1,1,0,1,0,1,0,0,1,0,0,0,1,0,0,0,0,1,0.586957
0,1,1,0,1,0,0,0,0,0,1,1,0,1,0,1,1,1,0,1,0,0,1,0,1,0,0,0,0,0,1,1,0.686195
1,1,1,1,1,1,0,0,1,0,1,1,1,0,0,1,1,1,0,1,0,1,0,1,1,1,1,1,0,1,1,0,0.709719
0,1,0,1,0,1,1,0,0,1,0,0,0,0,1,1,0,0,1,0,1,0,0,1,1,1,0,1,1,1,0,1,0.782848
1,0,1,1,0,1,1,1,0,0,1,0,1,0,0,1,0,1,1,1,1,0,1,1,1,0,0,1,1,1,1,1,0.849345
1,0,1,0,0,1,1,0,1,1,1,1,0,0,1,1,1,0,1,1,0,0,1,1,1,0,1,1,1,0,0,1,0.716486
1,0,1,1,1,1,1,1,0,0,1,1,0,0,0,0,0,1,1,1,0,0,0,0,1,1,1,0,1,1,0,1,0.731724
1,1,0,1,1,0,1,0,0,0,1,0,1,0,1,1,0,0,0,0,1,0,1,0,0,1,1,1,1,0,0,1,0.652414
1,1,0,1,1,1,0,1,0,0,1,1,0,1,1,0,0,1,0,1,0,1,0,1,1,1,1,1,0,1,1,0,0.710305
0,1,1,0,1,0,0,0,1,1,0,1,0,1,1,0,0,0,0,0,0,0,0,1,1,0,0,1,1,0,1,1,0.728234
0,1,0,1,0,1,1,0,1,0,1,0,1,1,0,0,1,1,0,0,1,1,1,0,0,0,0,1,1,0,0,0,0.611893
1,0,0,0,0,1,1,1,1,1,0,1,0,0,0,0,1,1,1,1,1,0,0,1,0,0,0,1,1,1,1,1,0.773551
1,0,0,0,1,0,1,0,0,0,0,0,0,0,0,1,0,1,0,0,1,0,1,0,1,1,0,0,0,1,0,0,0.518276
0,1,1,1,1,1,1,1,0,1,1,1,0,1,0,0,0,1,1,1,0,1,1,0,0,0,0,0,0,1,0,0,0.588475
0,1,0,0,0,0,1,0,1,1,1,0,1,1,1,1,0,0,1,1,0,1,1,0,1,0,0,1,0,1,1,0,0.650256
0,0,0,1,1,0,0,1,0,0,1,0,0,1,0,1,1,1,1,1,0,1,0,0,1,0,1,1,0,0,0,1,0.552669
0,0,1,0,1,0,1,0,0,0,1,1,0,0,1,1,1,1,1,0,0,0,0,1,1,0,0,1,0,1,1,0,0.581708
1,1,0,0,1,0,0,0,0,0,1,0,1,1,1,1,0,0,1,0,0,1,1,1,0,1,0,1,0,1,0,1,0.809490
0,0,1,0,0,0,1,0,0,1,0,1,1,0,0,0,1,1,0,0,1,1,1,0,0,1,1,1,0,1,1,0,0.572517
0,0,0,0,1,0,0,0,1,1,1,0,0,0,1,1,1,1,0,0,0,0,1,0,1,0,0,1,0,0,1,0,0.539242
1,0,1,1,0,0,0,1,1,1,0,1,0,0,1,0,1,1,1,0,1,1,0,0,1,1,0,1,1,1,0,1,0.632380
0,1,0,0,1,0,0,0,1,0,0,0,0,0,0,1,0,1,0,0,0,1,0,0,0,0,0,1,0,1,1,1,0.665308
0,0,0,1,1,1,0,0,1,0,0,0,1,0,1,0,0,1,1,1,1,1,1,1,0,0,1,1,0,1,1,0,0.515372
0,0,1,1,0,1,0,1,0,1,0,1,0,1,0,1,1,1,1,0,0,0,1,0,1,1,1,0,1,1,0,0,0.630461
0,0,0,0,0,0,1,0,0,1,1,1,1,0,0,0,1,0,0,1,0,1,0,0,1,0,1,0,0,0,1,1,0.541560
1,0,0,1,0,1,1,0,0,1,1,1,1,0,0,1,0,1,1,1,1,1,0,1,1,1,0,0,1,1,0,0,0.625480
0,0,0,1,1,1,1,0,0,1,1,0,0,1,1,1,1,0,1,1,1,1,0,0,1,0,1,1,1,0,1,0,0.630648
0,0,0,1,0,0,0,0,0,0,1,0,0,0,0,0,1,0,0,0,1,1,0,0,0,0,0,1,1,1,0,0,0.360587
0,1,1,1,1,0,0,1,0,1,0,0,0,1,0,0,1,0,0,0,1,0,0,0,1,1,0,0,1,0,1,0,0.532662
1,0,0,0,1,0,1,0,1,0,1,1,0,0,0,1,1,1,1,1,1,0,1,0,0,1,0,0,0,0,0,0,0.826220
0,1,1,1,0,1,1,1,1,1,0,0,1,1,1,0,1,0,1,0,1,1,0,1,0,1,1,0,1,0,0,1,0.641491
0,1,1,0,1,0,0,0,0,1,0,1,1,0,0,0,1,0,1,1,0,1,1,1,0,1,1,1,0,1,1,0,0.612026
1,1,0,1,1,1,0,0,0,1,0,0,0,0,0,0,1,0,0,1,1,0,1,0,0,0,0,0,1,1,1,0,0.671888
1,0,1,1,1,1,0,0,1,1,1,0,1,1,1,0,0,1,1,1,1,0,0,0,1,0,1,0,1,1,1,0,0.662377
1,1,1,1,1,0,0,0,0,1,0,1,0,0,1,0,1,1,1,1,1,0,0,1,0,0,1,1,0,0,0,0,0.722053
0,0,1,0,1,0,1,0,1,0,1,0,1,0,0,0,0,1,1,0,0,1,1,0,1,1,0,0,1,0,0,1,0.470828
0,0,1,1,0,0,1,0,0,0,1,0,0,0,1,0,0,0,1,0,0,0,1,0,0,1,1,0,0,1,0,1,0.614903
1,1,0,0,0,1,1,0,0,1,1,0,1,1,0,1,1,1,0,1,0,1,1,0,1,1,1,0,0,1,0,0,0.536871
0,0,1,0,0,1,0,1,0,0,1,0,0,0,1,1,1,0,0,1,1,1,0,0,0,1,1,1,0,0,0,0,0.520380
1,0,0,1,0,0,0,0,0,1,1,1,1,1,1,0,1,0,1,0,0,0,1,0,1,1,0,1,1,0,0,1,0.649004
1,1,1,1,1,0,1,0,1,1,0,0,0,0,1,1,1,0,0,0,0,1,1,1,1,1,0,0,1,1,0,1,0.867860
1,1,1,0,0,1,0,0,1,1,0,1,1,0,0,1,1,0,1,1,0,0,0,1,0,0,1,0,1,0,1,0,0.617780
1,1,1,1,0,0,0,1,1,1,0,1,1,1,0,1,1,1,1,1,1,0,0,1,1,0,1,0,0,0,1,1,0.812020
1,1,1,1,0,1,1,1,0,0,0,0,1,0,1,1,1,0,0,1,0,0,1,1,0,0,1,0,1,1,0,1,0.868926
0,1,1,1,1,1,0,0,1,1,0,0,0,0,0,1,1,1,0,0,1,0,1,1,0,1,0,0,0,1,0,1,0.839061
0,0,1,0,1,1,0,0,0,0,1,1,0,1,1,0,0,0,1,0,0,1,1,0,0,0,1,1,1,0,1,0,0.553895
1,0,0,0,0,0,1,1,1,1,1,0,0,1,1,1,0,0,0,0,1,0,0,1,0,1,1,0,0,0,1,0,0.615010
0,1,1,1,0,1,0,1,0,1,0,0,1,1,0,1,0,1,1,1,0,1,1,0,1,1,0,1,0,0,0,0,0.657076
0,0,0,0,0,1,0,0,1,1,1,1,0,0,1,1,0,1,1,1,0,0,1,0,0,0,1,1,0,1,0,1,0.772112
0,0,0,1,0,0,0,0,0,1,0,0,0,1,0,0,1,0,1,0,1,0,0,1,1,1,0,1,0,0,0,1,0.601183
1,1,1,0,1,1,1,1,1,0,1,0,1,1,1,1,1,1,0,0,1,0,0,1,1,0,0,0,0,1,1,0,0.748988
0,1,1,1,0,1,0,1,1,1,0,1,1,0,0,1,0,0,1,0,0,0,0,0,0,0,0,1,0,0,1,1,0.593510
1,1,1,1,0,1,0,1,1,0,1,0,0,1,0,0,0,1,0,1,0,1,0,0,0,1,0,0,0,0,1,1,0.638773
0,1,0,1,1,0,1,1,0,0,1,0,1,0,0,0,0,0,0,0,0,1,0,0,1,0,0,0,0,0,1,1,0.699275
0,1,1,0,1,0,0,1,0,0,0,0,1,1,0,0,1,0,0,1,0,1,0,0,0,0,0,1,0,1,1,1,0.646446
1,0,0,0,1,1,0,0,1,0,0,1,1,0,1,0,1,1,0,0,1,1,0,1,1,0,1,1,0,0,1,0,0.712010
1,0,1,1,0,1,1,1,1,1,0,1,0,0,0,0,0,1,0,0,0,0,0,1,0,0,0,0,0,0,1,0,0.582721
1,1,0,1,1,0,1,1,1,0,1,1,1,1,0,0,0,1,1,1,0,1,1,0,0,1,1,1,1,0,0,0,0.659127
1,1,0,1,0,1,1,1,1,0,1,1,1,1,0,1,1,0,0,1,0,1,1,1,1,1,0,0,1,1,1,1,0.968617
0,0,1,1,0,0,1,0,0,0,0,1,1,0,1,1,1,1,0,0,1,0,1,0,1,0,0,0,1,1,1,0,0.621190
1,0,0,0,1,0,1,0,1,1,0,1,1,1,1,1,1,1,1,0,1,0,1,1,0,0,0,1,0,0,0,0,0.639333
0,0,0,0,1,0,0,0,1,1,1,0,0,1,0,1,1,1,1,0,0,1,0,0,0,1,0,1,1,0,0,1,0.610587
0,0,1,0,1,1,0,1,1,0,1,1,0,1,1,1,1,0,1,0,1,1,0,0,0,0,1,1,1,1,0,0,0.620578
0,1,1,1,1,0,0,0,1,1,0,0,1,0,1,1,0,0,1,0,0,0,1,0,1,0,0,0,0,1,1,0,0.626039
1,0,1,1,1,1,0,0,0,1,1,0,0,1,1,0,0,0,1,0,1,1,0,1,0,0,1,0,1,1,0,1,0.766651
0,0,0,1,1,0,0,0,0,0,0,1,1,1,1,1,1,1,1,0,1,1,0,0,0,0,1,1,1,1,1,1,0.785806
0,0,1,1,0,1,0,0,1,1,0,1,1,1,1,0,1,1,1,0,1,1,1,0,1,0,0,1,0,0,1,1,0.641411
0,0,0,0,1,0,1,0,1,0,1,1,0,1,1,1,0,1,1,0,0,1,1,1,0,1,1,1,1,1,0,0,0.500027
0,1,1,0,0,0,1,1,0,1,0,1,1,0,1,0,1,0,0,0,0,0,0,1,0,0,0,1,0,0,0,1,0.500080
0,1,0,1,0,0,1,1,0,0,1,0,0,0,1,1,0,0,1,0,1,0,1,0,0,0,0,1,1,0,1,0,0.543105
1,1,0,0,0,0,1,1,0,0,0,1,1,1,0,1,1,0,1,0,1,1,1,1,1,1,0,1,0,1,0,0,0.639386
1,1,0,1,0,0,0,0,0,1,0,0,0,1,0,1,1,0,1,1,1,1,0,0,1,0,0,0,0,1,0,1,0.699329
0,1,1,1,0,0,0,0,1,1,1,0,0,0,1,0,1,1,1,0,0,0,1,0,1,0,1,0,1,1,0,1,0.658008
0,1,1,1,0,1,1,1,0,1,1,1,1,1,1,1,1,1,0,1,0,0,0,1,1,0,1,0,0,0,0,0,0.670210
0,0,1,0,1,0,0,1,0,1,0,0,1,1,1,1,1,0,0,1,0,0,0,1,1,0,0,0,1,0,0,1,0.736946
1,0,0,0,1,0,0,1,1,1,0,1,1,0,0,1,0,1,0,1,0,1,0,0,0,1,1,0,0,1,1,0,0.582481
0,1,0,0,1,1,0,1,1,0,1,0,0,0,0,1,0,1,1,0,1,1,0,0,1,1,0,0,0,1,0,1,0.711983
0,1,1,1,1,1,1,0,0,1,0,0,1,1,1,1,0,0,0,0,1,0,1,1,1,0,0,0,1,1,1,0,0.861706
1,1,0,0,0,1,1,0,1,0,1,1,0,1,1,0,0,1,0,1,0,0,1,0,0,1,0,1,1,0,0,0,0.667386
1,0,1,1,0,0,0,1,0,0,0,1,0,1,1,0,0,1,0,0,1,0,0,0,1,1,1,0,1,0,0,1,0.530850
0,0,0,1,1,0,0,0,0,0,0,0,0,0,0,0,1,0,0,1,0,1,1,0,0,0,0,0,1,0,1,0,0.328671
0,0,1,0,1,1,0,1,0,1,0,1,0,0,1,0,0,1,1,1,0,1,0,1,0,1,0,0,1,1,0,0,0.495125
1,0,0,0,1,0,1,1,0,1,0,0,1,0,1,0,1,0,1,1,1,1,1,1,1,0,1,0,1,0,1,0,0.618047
0,1,1,1,0,1,1,0,1,0,0,1,1,1,0,1,0,0,1,1,0,0,1,0,1,1,1,1,0,1,1,1,0.802083
1,0,1,0,0,0,1,1,1,1,0,1,0,0,0,1,0,0,0,0,0,1,0,1,1,1,0,1,1,0,1,1,0.786099
1,0,1,0,0,0,1,0,0,0,0,1,1,1,0,0,0,1,0,0,1,0,1,0,0,1,0,0,0,0,1,1,0.600757
0,1,0,1,1,1,0,1,0,1,1,1,0,0,1,1,0,0,0,0,1,1,1,0,0,1,0,1,0,1,1,1,0.790095
0,0,0,1,1,1,0,0,1,0,1,1,0,1,0,1,0,1,1,0,1,1,1,1,0,0,1,0,1,1,1,0,0.696292
1,1,1,1,1,0,0,0,1,1,1,0,0,1,0,1,0,1,1,1,0,0,0,1,1,1,1,1,0,1,0,1,0.794677
0,0,1,0,0,0,1,0,0,1,0,1,0,1,0,0,0,1,1,0,0,1,0,1,0,1,0,0,0,0,1,1,0.697597
0,1,0,0,0,0,1,0,1,1,0,0,0,0,1,0,0,0,1,1,0,0,1,1,1,1,1,1,0,1,0,1,0.721627
1,0,1,0,0,0,1,1,0,1,0,0,1,0,1,1,0,1,1,1,0,1,0,1,0,1,1,1,1,1,0,0,0.618127
1,1,1,1,1,0,0,1,1,1,1,1,1,1,0,1,0,1,0,1,1,1,0,0,0,0,0,0,1,0,1,1,0.739397
1,0,0,0,1,1,0,1,1,1,1,1,0,0,1,1,0,1,1,1,1,1,0,1,0,1,1,0,1,0,0,0,0.614264
1,0,1,1,1,1,1,0,0,1,0,0,0,0,1,1,1,0,0,1,0,0,1,1,1,0,1,0,0,0,1,0,0.613251
0,1,1,0,1,1,1,0,1,1,1,1,1,0,0,1,1,0,0,1,1,0,0,0,0,0,1,1,0,0,0,0,0.688646
0,0,0,0,1,0,1,1,0,0,1,0,0,0,1,0,1,0,1,1,1,0,0,0,0,0,0,1,0,0,1,1,0.503117
0,0,1,0,1,0,1,1,1,0,0,0,1,1,1,0,0,0,0,0,1,1,1,1,1,1,0,1,0,1,0,0,0.564019
1,1,0,0,1,0,0,1,0,0,0,0,1,0,0,1,1,1,0,1,0,0,1,0,0,0,0,0,1,1,1,1,0.902254
0,0,1,0,1,1,1,0,1,0,1,0,0,0,0,0,0,0,1,0,0,1,1,0,0,1,0,1,0,1,1,1,0.586823
