0,0,0,1,1,0,0,0,0,0,0,1,1,1,1,1,1,1,1,0,1,1,0,0,0,0,1,1,1,1,1,1,0.782023
0,1,1,0,1,0,0,0,0,0,1,1,0,1,0,1,1,1,0,1,0,0,1,0,1,0,0,0,0,0,1,1,0.694933
0,0,0,0,1,0,1,0,1,0,1,1,0,1,1,1,0,1,1,0,0,1,1,1,0,1,1,1,1,1,0,0,0.480685
0,0,0,1,1,0,1,0,1,1,0,1,0,1,1,0,1,1,1,1,0,1,1,1,0,0,0,0,0,0,0,1,0.653852
1,1,1,1,1,0,1,0,1,1,0,0,0,0,1,1,1,0,0,0,0,1,1,1,1,1,0,0,1,1,0,1,0.867913
0,1,1,1,1,1,1,0,0,1,0,1,1,1,1,1,1,0,1,0,0,1,0,1,1,1,0,0,1,0,0,1,0.745498
0,1,0,0,1,0,0,0,1,0,0,0,0,0,0,1,0,1,0,0,0,1,0,0,0,0,0,1,0,1,1,1,0.656090
0,1,0,0,1,1,0,1,1,0,1,0,0,0,0,1,0,1,1,0,1,1,0,0,1,1,0,0,0,1,0,1,0.708280
0,1,1,1,1,0,0,1,0,1,0,0,0,1,0,0,1,0,0,0,1,0,0,0,1,1,0,0,1,0,1,0,0.545157
0,0,0,0,0,0,1,0,0,1,1,1,1,0,0,0,1,0,0,1,0,1,0,0,1,0,1,0,0,0,1,1,0.543292
1,1,0,0,1,0,1,0,0,0,1,0,0,0,1,1,0,1,0,1,0,0,1,0,0,0,1,0,0,0,0,1,0.597640
0,0,0,0,0,1,0,0,1,1,1,1,0,0,1,1,0,1,1,1,0,0,1,0,0,0,1,1,0,1,0,1,0.764866
0,1,1,1,0,1,1,1,0,1,1,1,1,1,1,1,1,1,0,1,0,0,0,1,1,0,1,0,0,0,0,0,0.670103
0,1,1,1,0,1,0,1,0,1,0,0,1,1,0,1,0,1,1,1,0,1,1,0,1,1,0,1,0,0,0,0,0.651561
0,0,1,0,1,0,1,0,1,0,1,0,1,0,0,0,0,1,1,0,0,1,1,0,1,1,0,0,1,0,0,1,0.478181
0,1,1,0,1,1,1,0,1,1,1,1,1,0,0,1,1,0,0,1,1,0,0,0,0,0,1,1,0,0,0,0,0.706575
0,0,0,1,1,0,0,1,0,0,1,0,0,1,0,1,1,1,1,1,0,1,0,0,1,0,1,1,0,0,0,1,0.563326
1,0,0,0,0,1,1,1,1,1,0,1,0,0,0,0,1,1,1,1,1,0,0,1,0,0,0,1,1,1,1,1,0.762868
1,0,1,0,1,1,0,0,1,1,1,0,0,1,1,1,1,1,0,1,0,1,0,0,1,1,1,0,0,0,1,0,0.790548
0,1,0,1,1,0,1,1,0,0,1,0,1,0,0,0,0,0,0,0,0,1,0,0,1,0,0,0,0,0,1,1,0.686647
0,1,0,0,0,0,1,0,1,1,1,0,1,1,1,1,0,0,1,1,0,1,1,0,1,0,0,1,0,1,1,0,0.648631
1,1,0,0,0,1,1,0,1,0,1,1,0,1,1,0,0,1,0,1,0,0,1,0,0,1,0,1,1,0,0,0,0.658594
0,0,1,0,1,0,1,1,1,1,1,1,1,0,0,0,1,1,0,1,1,1,1,0,0,1,1,1,0,0,1,1,0.746483
0,0,1,1,0,0,1,0,0,0,0,1,1,0,1,1,1,1,0,0,1,0,1,0,1,0,0,0,1,1,1,0,0.613944
1,0,1,0,0,1,0,0,1,1,0,0,1,0,0,1,1,1,0,0,1,1,0,1,0,1,1,1,0,1,0,1,0.763640
1,0,1,0,0,0,1,1,0,1,0,0,1,0,1,1,0,1,1,1,0,1,0,1,0,1,1,1,1,1,0,0,0.614397
1,0,0,0,1,1,0,0,1,0,0,1,1,0,1,0,1,1,0,0,1,1,0,1,1,0,1,1,0,0,1,0,0.694027
1,1,0,1,1,1,0,0,0,1,0,0,0,0,0,0,1,0,0,1,1,0,1,0,0,0,0,0,1,1,1,0,0.680973
0,1,1,0,0,0,1,1,0,1,0,1,1,0,1,0,1,0,0,0,0,0,0,1,0,0,0,1,0,0,0,1,0.496403
1,0,0,1,0,0,0,1,0,1,1,0,1,1,1,1,1,1,1,1,1,1,1,0,1,0,1,1,1,1,1,0,0.754715
1,0,1,1,1,1,0,0,1,1,1,0,1,1,1,0,0,1,1,1,1,0,0,0,1,0,1,0,1,1,1,0,0.680254
0,0,1,0,0,1,0,0,1,1,1,1,1,1,0,1,0,1,0,1,0,1,0,0,0,1,0,1,1,1,1,1,0.789216
1,0,1,0,1,0,0,1,1,0,0,1,1,0,0,0,0,1,0,1,1,0,1,1,1,0,1,1,1,1,0,0,0.734149
1,1,0,0,0,0,0,1,0,0,1,0,1,0,1,1,0,0,0,0,0,0,1,1,1,0,0,0,0,0,1,1,0.836930
1,0,1,1,1,1,1,0,0,1,0,0,0,0,1,1,1,0,0,1,0,0,1,1,1,0,1,0,0,0,1,0,0.627504
0,0,1,0,1,1,0,0,0,0,1,1,0,1,1,0,0,0,1,0,0,1,1,0,0,0,1,1,1,0,1,0,0.541294
0,1,0,0,0,1,0,1,1,1,1,1,1,0,1,1,0,1,0,0,0,0,1,1,0,1,1,1,0,1,1,0,0.675671
1,0,0,1,0,1,1,0,0,1,1,1,1,0,0,1,0,1,1,1,1,1,0,1,1,1,0,0,1,1,0,0,0.620018
0,0,1,0,0,1,0,1,0,0,1,0,0,0,1,1,1,0,0,1,1,1,0,0,0,1,1,1,0,0,0,0,0.509831
1,0,0,0,0,0,0,1,0,1,0,0,0,1,0,1,1,1,1,1,0,0,1,1,0,1,0,0,0,1,1,0,0.700714
0,0,0,0,1,0,0,0,1,1,1,0,0,1,0,1,1,1,1,0,0,1,0,0,0,1,0,1,1,0,0,1,0.603447
0,0,0,1,1,0,0,0,0,0,0,0,0,0,0,0,1,0,0,1,0,1,1,0,0,0,0,0,1,0,1,0,0.333946
1,0,1,0,0,0,1,0,0,0,0,1,1,1,0,0,0,1,0,0,1,0,1,0,0,1,0,0,0,0,1,1,0.616901
0,1,0,1,0,0,1,1,0,0,1,0,0,0,1,1,0,0,1,0,1,0,1,0,0,0,0,1,1,0,1,0,0.532262
0,0,1,0,1,0,1,0,0,0,1,1,0,0,1,1,1,1,1,0,0,0,0,1,1,0,0,1,0,1,1,0,0.565537
0,0,0,0,1,0,1,1,0,0,1,0,0,0,1,0,1,0,1,1,1,0,0,0,0,0,0,1,0,0,1,1,0.504609
0,0,1,0,1,0,0,1,0,1,0,0,1,1,1,1,1,0,0,1,0,0,0,1,1,0,0,0,1,0,0,1,0.740516
0,0,0,1,1,1,0,0,1,0,0,0,1,0,1,0,0,1,1,1,1,1,1,1,0,0,1,1,0,1,1,0,0.509751
0,1,1,1,0,0,0,0,1,1,1,0,0,0,1,0,1,1,1,0,0,0,1,0,1,0,1,0,1,1,0,1,0.663550
0,0,0,1,1,0,1,0,1,0,1,1,1,0,1,0,1,1,0,1,0,1,0,1,1,1,0,0,1,1,0,0,0.619565
1,0,0,1,0,0,0,0,0,1,1,1,1,1,1,0,1,0,1,0,0,0,1,0,1,1,0,1,1,0,0,1,0.643516
1,0,1,0,0,0,1,1,1,1,0,1,0,0,0,1,0,0,0,0,0,1,0,1,1,1,0,1,1,0,1,1,0.780371
1,1,0,1,0,1,0,0,0,1,0,1,0,0,1,0,1,1,1,1,1,0,1,1,1,0,1,0,1,1,1,0,0.676844
1,1,1,1,1,0,0,1,1,1,1,1,1,1,0,1,0,1,0,1,1,1,0,0,0,0,0,0,1,0,1,1,0.746510
1,1,0,0,1,0,0,0,0,0,1,0,1,1,1,1,0,0,1,0,0,1,1,1,0,1,0,1,0,1,0,1,0.818228
0,1,1,1,1,0,0,0,1,1,0,0,1,0,1,1,0,0,1,0,0,0,1,0,1,0,0,0,0,1,1,0,0.634617
0,0,0,1,1,1,0,0,1,0,1,1,0,1,0,1,0,1,1,0,1,1,1,1,0,0,1,0,1,1,1,0,0.687234
1,0,0,0,1,0,0,1,1,1,0,1,1,0,0,1,0,1,0,1,0,1,0,0,0,1,1,0,0,1,1,0,0.575448
1,1,0,0,0,0,1,1,0,0,0,1,1,1,0,1,1,0,1,0,1,1,1,1,1,1,0,1,0,1,0,0,0.664269
1,0,0,0,1,1,0,1,1,1,1,1,0,0,1,1,0,1,1,1,1,1,0,1,0,1,1,0,1,0,0,0,0.610587
1,0,0,0,1,0,1,1,0,1,0,0,1,0,1,0,1,0,1,1,1,1,1,1,1,0,1,0,1,0,1,0,0.635763
0,0,0,1,1,1,1,0,0,1,1,0,0,1,1,1,1,0,1,1,1,1,0,0,1,0,1,1,1,0,1,0,0.630382
1,1,1,1,0,1,1,0,0,0,1,0,0,1,1,1,0,1,1,0,0,1,0,0,1,1,0,0,1,1,1,1,0.837996
1,1,0,1,0,1,1,1,1,0,1,1,1,1,0,1,1,0,0,1,0,1,1,1,1,1,0,0,1,1,1,1,0.966938
0,0,1,0,0,0,1,0,0,1,0,1,0,1,0,0,0,1,1,0,0,1,0,1,0,1,0,0,0,0,1,1,0.700874
0,1,1,1,1,1,0,0,1,1,0,0,0,0,0,1,1,1,0,0,1,0,1,1,0,1,0,0,0,1,0,1,0.837063
1,0,0,1,1,1,0,1,1,0,1,0,1,0,0,0,0,0,0,0,0,0,1,0,1,0,0,1,0,1,0,0,0.537591
1,0,1,1,1,1,1,1,0,0,1,1,0,0,0,0,0,1,1,1,0,0,0,0,1,1,1,0,1,1,0,1,0.726503
0,0,1,1,0,1,0,1,0,1,0,1,0,1,0,1,1,1,1,0,0,0,1,0,1,1,1,0,1,1,0,0,0.619725
0,1,0,0,0,0,1,0,1,1,0,0,0,0,1,0,0,0,1,1,0,0,1,1,1,1,1,1,0,1,0,1,0.736067
1,0,0,0,1,0,1,0,1,0,1,1,0,0,0,1,1,1,1,1,1,0,1,0,0,1,0,0,0,0,0,0,0.820705
0,1,1,1,1,1,1,0,0,1,0,0,1,1,1,1,0,0,0,0,1,0,1,1,1,0,0,0,1,1,1,0,0.863651
0,0,1,1,1,0,0,1,0,1,0,0,0,1,0,1,1,0,1,1,0,1,0,1,0,1,1,0,1,1,0,1,0.837649
1,0,0,0,1,0,1,1,1,1,1,1,1,0,0,0,0,1,0,0,0,0,0,1,1,1,0,1,1,0,0,0,0.561727
0,0,1,1,1,1,0,1,0,0,1,0,1,0,0,0,0,0,1,0,0,0,1,1,1,0,0,1,1,1,1,0,0.606431
0,1,0,1,0,1,1,0,1,0,1,0,1,1,0,0,1,1,0,0,1,1,1,0,0,0,0,1,1,0,0,0,0.610507
0,1,1,0,1,0,0,0,0,1,0,1,1,0,0,0,1,0,1,1,0,1,1,1,0,1,1,1,0,1,1,0,0.595908
0,1,1,1,0,1,0,1,1,1,0,1,1,0,0,1,0,0,1,0,0,0,0,0,0,0,0,1,0,0,1,1,0.605818
1,1,1,1,0,1,1,1,0,1,1,0,1,0,1,0,0,0,1,0,1,0,0,1,0,0,0,0,0,0,1,1,0.711024
0,0,1,1,0,1,0,0,1,1,0,1,1,1,1,0,1,1,1,0,1,1,1,0,1,0,0,1,0,0,1,1,0.639519
0,0,1,0,1,1,1,0,1,0,1,0,0,0,0,0,0,0,1,0,0,1,1,0,0,1,0,1,0,1,1,1,0.586663
1,0,0,0,1,0,1,0,1,1,0,1,1,1,1,1,1,1,1,0,1,0,1,1,0,0,0,1,0,0,0,0,0.623162
0,1,1,0,1,0,0,1,0,0,0,0,1,1,0,0,1,0,0,1,0,1,0,0,0,0,0,1,0,1,1,1,0.637282
1,1,1,1,0,0,0,1,1,1,0,1,1,1,0,1,1,1,1,1,1,0,0,1,1,0,1,0,0,0,1,1,0.808477
1,0,0,0,1,0,1,0,0,0,1,1,1,0,0,1,0,1,0,1,0,0,1,0,0,0,1,1,0,1,1,1,0.755488
0,1,0,1,1,1,0,1,0,1,1,1,0,0,1,1,0,0,0,0,1,1,1,0,0,1,0,1,0,1,1,1,0.788177
1,0,0,0,0,0,1,1,1,1,1,0,0,1,1,1,0,0,0,0,1,0,0,1,0,1,1,0,0,0,1,0,0.588448
1,0,0,0,1,0,1,0,0,0,0,0,0,0,0,1,0,1,0,0,1,0,1,0,1,1,0,0,0,1,0,0,0.516624
1,1,1,1,1,0,0,0,0,1,0,1,0,0,1,0,1,1,1,1,1,0,0,1,0,0,1,1,0,0,0,0,0.725517
0,0,0,1,0,0,0,0,0,1,0,0,0,1,0,0,1,0,1,0,1,0,0,1,1,1,0,1,0,0,0,1,0.599345
0,0,0,0,0,1,1,1,1,1,1,1,0,0,1,1,0,1,1,0,0,0,0,0,0,1,0,0,0,0,1,0,0.445972
1,1,1,1,0,1,0,1,1,0,1,0,0,1,0,0,0,1,0,1,0,1,0,0,0,1,0,0,0,0,1,1,0.635417
1,0,1,1,0,1,1,1,0,0,1,0,1,0,0,1,0,1,1,1,1,0,1,1,1,0,0,1,1,1,1,1,0.851103
0,1,1,0,1,0,0,0,1,1,0,1,0,1,1,0,0,0,0,0,0,0,0,1,1,0,0,1,1,0,1,1,0.721014
0,0,1,0,1,0,1,1,1,0,0,0,1,1,1,0,0,0,0,0,1,1,1,1,1,1,0,1,0,1,0,0,0.569400
1,0,1,1,0,1,1,1,1,1,0,1,0,0,0,0,0,1,0,0,0,0,0,1,0,0,0,0,0,0,1,0,0.579231
0,0,0,1,0,0,0,0,0,0,1,0,0,0,0,0,1,0,0,0,1,1,0,0,0,0,0,1,1,1,0,0,0.353607
0,0,0,0,1,1,0,1,0,0,1,0,1,1,1,1,1,1,0,1,0,0,0,1,1,0,1,0,0,0,1,0,0.593697
0,1,0,1,0,1,1,0,0,1,0,0,0,0,1,1,0,0,1,0,1,0,0,1,1,1,0,1,1,1,0,1,0.784527
1,1,0,1,1,0,1,0,0,0,1,0,1,0,1,1,0,0,0,0,1,0,1,0,0,1,1,1,1,0,0,1,0.661418
0,1,1,1,0,0,1,0,1,0,0,0,1,0,0,1,1,0,1,1,1,1,1,0,1,0,1,0,0,1,1,0,0.629795
1,0,1,0,0,1,1,0,1,1,1,1,0,0,1,1,1,0,1,1,0,0,1,1,1,0,1,1,1,0,0,1,0.707614
0,0,1,1,0,0,1,0,0,0,1,0,0,0,1,0,0,0,1,0,0,0,1,0,0,1,1,0,0,1,0,1,0.627478
1,0,1,1,0,0,0,1,0,0,0,1,0,1,1,0,0,1,0,0,1,0,0,0,1,1,1,0,1,0,0,1,0.554374
1,1,0,1,1,1,0,1,0,0,1,1,0,1,1,0,0,1,0,1,0,1,0,1,1,1,1,1,0,1,1,0,0.696078
0,0,1,0,1,1,0,1,0,1,0,1,0,0,1,0,0,1,1,1,0,1,0,1,0,1,0,0,1,1,0,0,0.480632
1,1,1,1,0,1,1,1,0,0,0,0,1,0,1,1,1,0,0,1,0,0,1,1,0,0,1,0,1,1,0,1,0.868846
1,1,0,0,0,1,1,0,0,1,1,0,1,1,0,1,1,1,0,1,0,1,1,0,1,1,1,0,0,1,0,0,0.544171
1,1,0,1,1,0,0,1,1,0,0,1,0,0,1,0,1,0,1,1,1,1,0,1,0,1,0,0,0,1,0,1,0.741315
1,0,0,1,0,1,0,1,0,0,1,1,1,0,0,0,1,1,1,1,0,0,1,1,1,0,1,1,0,1,0,1,0.806799
1,0,1,1,0,0,0,1,1,1,0,1,0,0,1,0,1,1,1,0,1,1,0,0,1,1,0,1,1,1,0,1,0.634138
1,1,1,1,1,1,0,0,1,0,1,0,1,0,1,1,0,0,1,1,1,1,1,0,0,0,1,1,0,0,1,0,0.789802
0,0,0,0,0,0,1,0,1,0,1,0,1,1,0,0,0,1,0,1,1,1,0,1,0,0,1,1,0,1,1,0,0.410166
0,0,1,0,0,0,1,0,0,1,0,1,1,0,0,0,1,1,0,0,1,1,1,0,0,1,1,1,0,1,1,0,0.561861
1,1,1,0,1,1,1,1,1,0,1,0,1,1,1,1,1,1,0,0,1,0,0,1,1,0,0,0,0,1,1,0,0.750879
0,0,0,1,1,1,0,0,0,1,0,1,0,1,0,0,0,0,0,0,0,1,1,0,0,1,0,1,0,1,0,0,0.315830
0,1,1,1,1,1,1,1,0,1,1,1,0,1,0,0,0,1,1,1,0,1,1,0,0,0,0,0,0,1,0,0,0.578005
1,1,1,0,0,1,0,0,1,1,0,1,1,0,0,1,1,0,1,1,0,0,0,1,0,0,1,0,1,0,1,0,0.612452
1,1,0,1,0,0,0,0,0,1,0,0,0,1,0,1,1,0,1,1,1,1,0,0,1,0,0,0,0,1,0,1,0.703005
1,1,1,1,1,1,0,0,1,0,1,1,1,0,0,1,1,1,0,1,0,1,0,1,1,1,1,1,0,1,1,0,0.720295
0,0,0,0,1,0,0,0,1,1,1,0,0,0,1,1,1,1,0,0,0,0,1,0,1,0,0,1,0,0,1,0,0.541081
0,1,1,1,0,1,1,1,1,1,0,0,1,1,1,0,1,0,1,0,1,1,0,1,0,1,1,0,1,0,0,1,0.650469
0,0,1,0,1,1,0,1,1,0,1,1,0,1,1,1,1,0,1,0,1,1,0,0,0,0,1,1,1,1,0,0,0.613491
1,1,0,0,1,0,0,1,0,0,0,0,1,0,0,1,1,1,0,1,0,0,1,0,0,0,0,0,1,1,1,1,0.889573
0,1,1,1,0,1,1,0,1,0,0,1,1,1,0,1,0,0,1,1,0,0,1,0,1,1,1,1,0,1,1,1,0.802137
1,1,0,1,1,0,1,1,1,0,1,1,1,1,0,0,0,1,1,1,0,1,1,0,0,1,1,1,1,0,0,0,0.670157
1,1,1,1,1,0,0,0,1,1,1,0,0,1,0,1,0,1,1,1,0,0,0,1,1,1,1,1,0,1,0,1,0.791214
1,0,1,1,1,1,0,0,0,1,1,0,0,1,1,0,0,0,1,0,1,1,0,1,0,0,1,0,1,1,0,1,0.771899
