1,0,0,0,0,1,1,0,1,1,1,0,0,1,1,1,1,0,0,1,0,0,0,0,1,1,0,1,1,0,1,1,0.671675
1,0,0,1,0,0,0,0,0,1,0,0,0,1,0,0,1,0,1,1,0,1,0,1,1,1,0,0,0,0,1,1,0.588102
0,0,0,1,0,0,0,1,1,0,1,1,0,0,1,0,1,0,1,0,0,1,0,0,0,0,1,0,1,1,1,0,0.540361
1,1,0,0,1,0,0,0,0,1,0,0,1,0,1,1,0,1,1,0,1,0,0,0,1,0,1,1,1,1,1,1,0.753410
0,0,0,0,0,1,0,0,0,0,0,0,0,1,1,1,1,0,1,0,1,1,1,1,1,1,0,0,0,1,1,0,0.533168
1,1,1,1,1,1,1,0,0,1,1,0,1,1,0,0,0,0,0,0,0,0,1,1,0,1,1,1,1,1,0,0,0.634244
0,0,1,0,0,1,0,1,0,0,1,1,1,0,0,0,0,1,0,1,1,1,1,0,1,1,1,0,0,0,1,0,0.572917
0,1,1,1,1,0,0,0,0,1,0,1,1,0,1,1,1,0,1,0,1,1,0,1,1,1,1,1,0,1,1,0,0.626598
0,0,0,1,1,0,0,0,0,1,0,0,1,1,0,0,1,0,0,1,0,0,0,0,1,0,1,0,0,1,1,1,0.528666
1,1,1,1,1,0,0,1,0,0,1,1,0,0,1,1,0,0,0,0,0,0,0,1,0,1,1,1,1,0,1,0,0.599531
0,0,0,1,0,1,1,1,0,0,1,0,1,1,1,0,1,1,0,1,0,0,1,1,0,1,1,0,1,1,1,1,0.658275
0,0,0,1,0,0,1,0,0,1,0,0,1,1,1,1,0,1,0,1,1,0,1,1,0,1,1,1,0,1,0,1,0.662697
0,0,1,0,0,1,0,0,1,0,1,1,0,1,0,0,1,0,1,0,1,1,1,1,0,1,0,1,0,1,0,1,0.596974
1,1,0,1,1,1,0,0,1,1,0,0,0,1,1,0,1,1,0,0,0,0,1,1,0,0,1,0,0,1,1,0,0.614423
1,1,1,0,1,1,1,0,0,0,1,1,0,1,0,1,0,1,1,1,0,1,1,0,0,0,1,0,0,1,1,0,0.594016
0,1,1,0,1,0,1,0,0,1,0,0,0,1,0,1,1,1,1,1,1,0,1,1,0,1,0,1,0,0,0,0,0.595721
1,1,0,0,1,0,0,0,0,1,0,0,1,1,1,1,0,1,1,1,0,0,0,0,1,0,1,1,0,0,0,1,0.618553
0,0,1,1,0,0,0,1,0,1,0,1,0,0,0,1,0,0,0,0,1,0,0,0,0,0,0,1,1,0,0,0,0.478927
0,1,0,1,0,0,0,0,1,1,1,1,0,1,1,1,0,1,0,0,0,1,1,0,0,0,1,1,1,1,0,1,0.711450
1,0,1,0,1,0,0,0,0,0,1,0,0,1,0,1,0,1,1,1,0,1,0,0,1,1,1,0,0,1,0,1,0.584319
1,1,1,1,1,0,0,1,1,1,0,0,0,1,0,0,1,1,1,0,1,1,0,0,0,0,1,1,0,0,1,1,0.620578
0,1,0,1,0,1,0,1,1,0,1,0,1,1,1,1,1,1,0,0,1,0,0,1,0,0,0,0,0,1,0,0,0.567136
0,1,1,1,1,1,1,0,1,1,1,0,0,1,1,1,0,1,0,1,1,0,1,1,1,1,1,1,0,1,1,1,0.679001
1,0,1,0,0,0,0,1,0,0,0,1,0,0,1,0,1,0,1,0,0,0,0,0,0,0,0,0,1,0,0,0,0.567109
1,0,0,1,1,1,1,1,1,0,1,1,0,1,1,0,0,1,1,0,0,0,0,0,1,1,0,0,1,1,0,0,0.619459
1,1,1,0,0,0,1,1,0,0,1,1,0,0,1,0,0,1,0,0,0,0,1,1,0,0,0,1,1,0,1,1,0.606484
1,1,0,0,1,1,0,0,1,1,0,0,0,0,0,0,0,1,0,1,1,1,1,0,0,0,1,1,0,1,1,0,0.593350
0,1,1,1,1,0,0,1,1,1,0,1,1,0,1,0,0,0,0,0,1,1,0,1,0,0,0,1,1,1,1,1,0.618047
0,0,0,0,0,0,1,0,0,0,1,1,0,1,0,0,0,1,1,1,1,0,1,0,0,1,1,0,1,1,1,1,0.666134
1,1,1,0,0,0,1,1,0,0,0,0,1,0,1,1,0,0,0,1,0,0,0,1,1,0,0,1,1,1,0,0,0.597986
0,1,0,0,0,1,0,0,0,0,1,0,0,0,1,1,0,0,1,1,1,1,0,0,1,1,0,0,1,0,0,0,0.522379
0,1,1,0,0,1,1,1,0,0,0,0,0,0,1,0,1,0,1,1,1,0,0,0,0,1,1,0,1,1,0,0,0.581095
0,0,0,0,0,0,0,0,0,0,1,0,0,1,1,0,1,1,0,0,1,0,1,0,1,1,1,1,1,0,0,0,0.533115
0,0,0,1,0,1,0,0,0,0,1,0,0,1,0,1,1,0,1,1,0,1,0,0,0,1,0,1,1,0,0,0,0.545237
1,1,0,1,0,1,1,0,0,0,0,0,0,0,0,1,1,0,1,1,0,1,0,0,0,1,1,0,1,1,0,1,0.594203
0,1,1,0,1,1,0,1,0,0,1,0,0,0,0,1,1,1,1,0,1,1,0,0,1,1,0,1,1,0,1,1,0.672315
0,0,1,0,1,1,0,0,1,1,0,1,0,0,0,1,0,0,0,1,1,1,1,0,0,1,0,1,0,0,1,1,0.571238
1,0,1,1,0,1,0,1,0,0,1,0,0,1,1,1,0,1,1,1,1,1,1,0,0,1,0,1,1,1,0,0,0.630808
0,0,0,1,1,0,0,0,0,0,1,1,0,1,1,1,0,1,1,0,1,0,0,0,0,0,1,0,1,1,1,1,0.598172
0,0,0,1,0,1,1,1,1,1,1,0,1,0,1,0,0,1,0,1,0,0,1,0,1,0,1,1,1,1,0,1,0.613944
1,1,0,0,0,1,1,1,1,0,0,0,1,0,0,0,0,1,1,0,1,0,0,1,1,0,1,1,1,1,0,0,0.586530
0,1,0,0,1,0,1,1,0,1,0,0,1,0,0,0,1,1,1,0,0,0,0,0,1,0,1,0,1,0,0,0,0.542466
1,0,1,0,0,0,1,0,0,1,0,0,0,0,0,0,1,1,1,0,1,0,1,0,1,1,1,0,0,0,0,1,0.578192
0,0,0,1,0,0,1,1,0,0,0,1,0,0,1,1,1,1,0,0,1,1,1,0,0,1,0,0,0,0,0,1,0.521526
0,0,0,0,1,0,0,1,0,0,0,0,1,1,0,0,1,1,0,0,0,1,1,0,1,1,0,0,1,1,0,1,0.549233
0,1,0,0,0,0,1,1,0,1,0,1,0,0,0,0,1,1,0,1,0,0,0,1,0,0,1,1,1,1,0,0,0.534260
1,0,1,1,1,0,0,1,0,1,0,1,1,1,0,1,1,0,0,0,0,1,1,0,1,1,0,0,1,0,0,0,0.603208
1,0,0,0,1,0,1,1,1,1,0,0,1,0,1,1,0,1,0,1,0,0,0,0,0,0,0,0,1,1,0,0,0.576700
1,1,0,0,0,0,0,1,0,0,1,0,0,1,0,0,1,0,0,1,0,1,0,0,0,0,0,1,0,1,1,1,0.575687
0,1,1,0,1,0,1,0,1,0,0,0,0,1,0,0,1,1,1,0,0,0,0,1,1,0,0,1,1,0,0,0,0.567535
1,0,0,1,0,1,1,0,0,0,0,1,1,1,1,0,0,1,0,1,1,0,1,1,0,0,1,1,1,0,0,0,0.570759
1,1,1,0,1,0,0,1,1,1,1,0,1,1,0,1,1,0,0,1,1,1,1,0,0,0,1,0,1,0,1,1,0.621004
0,1,1,0,0,0,0,0,0,1,1,1,0,0,1,1,0,1,1,0,0,0,0,1,1,0,0,1,1,0,0,1,0.559783
0,1,0,0,0,1,0,0,0,1,1,0,0,0,0,0,1,1,1,0,0,1,0,1,1,0,0,1,1,0,0,1,0.548327
0,0,1,1,1,1,0,0,1,0,0,1,0,0,0,0,0,1,0,0,0,0,0,0,0,1,1,1,1,0,0,1,0.569027
0,0,1,1,0,0,1,1,0,1,0,0,1,0,1,1,0,1,0,1,0,1,1,0,1,1,1,1,0,1,1,1,0.694587
0,0,0,0,0,1,0,1,0,0,0,0,0,1,1,0,1,0,1,1,1,1,0,1,0,0,0,0,1,0,0,1,0.536338
1,0,0,1,0,0,1,1,0,1,0,1,0,1,1,0,1,0,0,0,1,0,1,0,1,0,1,1,0,0,1,0,0.585251
1,0,0,1,0,1,1,1,0,0,0,1,1,1,0,0,1,0,0,1,1,0,1,0,1,1,0,1,0,1,1,0,0.603394
0,1,0,0,0,0,1,1,0,1,1,1,1,0,1,1,0,1,1,0,0,1,0,0,0,1,1,0,1,1,0,1,0.625586
0,0,1,1,1,1,0,1,0,0,1,0,0,1,0,1,0,1,0,0,1,0,0,1,1,1,0,0,0,1,0,0,0.584319
1,0,0,1,0,0,1,1,0,0,1,1,1,0,0,1,1,1,0,1,1,1,1,0,0,1,1,0,0,1,0,0,0.588075
0,1,1,0,0,1,0,0,1,1,0,0,0,0,0,1,0,0,1,1,0,0,0,0,0,1,0,0,1,0,0,0,0.523737
1,1,1,0,0,0,0,1,0,0,1,1,0,0,0,0,0,0,1,1,0,0,0,1,0,0,1,0,1,0,0,1,0.562207
0,0,0,1,0,1,1,0,0,1,1,1,0,0,1,1,1,1,0,0,1,0,1,1,1,1,1,0,0,0,1,0,0.620205
1,1,1,0,0,1,1,1,1,0,1,1,0,1,1,1,1,0,0,1,0,0,1,0,0,0,0,1,1,1,0,0,0.614823
0,1,1,0,0,0,0,0,1,1,1,0,0,1,1,0,1,1,0,0,1,0,1,0,0,1,0,1,1,0,1,1,0.627744
1,1,1,1,0,1,0,0,1,0,0,1,0,1,1,0,0,0,1,0,0,0,1,0,1,1,1,0,1,1,0,1,0.613384
0,0,1,0,0,1,1,0,0,1,1,0,1,0,1,1,1,0,0,1,0,0,0,1,0,1,0,0,0,0,0,1,0.566443
0,1,0,0,0,0,0,1,0,1,1,1,0,0,1,1,0,0,0,0,0,1,1,0,1,0,1,1,1,1,1,1,0.683903
1,0,0,1,1,0,1,0,1,0,0,0,0,1,0,0,0,1,1,1,0,0,1,0,0,1,0,0,1,0,1,1,0.629129
1,0,0,0,0,0,1,0,0,0,0,0,1,0,0,0,1,1,1,0,1,1,1,1,1,0,1,1,1,0,1,0,0.614423
0,0,1,1,0,0,0,1,1,1,1,0,0,0,0,0,1,1,1,0,1,1,1,0,0,1,0,0,1,1,1,0,0.590340
0,0,1,1,1,0,0,0,1,0,1,1,1,1,1,0,0,1,1,0,0,1,0,0,1,1,0,0,0,1,0,1,0.592391
1,0,1,0,0,1,0,1,1,0,1,0,0,1,1,0,1,1,1,1,0,1,0,0,0,1,0,0,1,0,1,1,0.612505
1,1,1,0,1,1,0,0,1,1,1,0,1,1,0,0,0,0,1,0,1,0,0,0,0,1,0,1,0,0,1,1,0.601955
1,1,0,1,0,0,1,1,1,0,0,1,1,1,0,1,0,1,0,0,0,0,1,1,1,1,1,0,0,0,0,1,0.609282
0,0,0,1,0,1,0,1,0,0,1,1,1,0,0,1,0,1,1,0,1,1,0,0,0,1,1,1,0,0,1,1,0.603634
0,1,0,1,1,1,1,1,0,1,0,0,1,1,1,1,1,0,1,1,0,1,1,0,1,0,1,0,0,1,0,1,0.616608
1,1,0,0,0,1,0,0,1,1,0,0,0,0,1,1,0,1,0,1,1,1,1,0,0,0,1,0,1,1,1,0,0.598625
0,0,1,0,1,1,1,1,1,0,0,0,1,0,1,0,1,1,1,0,0,0,1,0,1,0,0,1,0,1,0,0,0.589168
1,0,0,0,1,0,0,0,1,0,1,0,0,0,1,1,1,1,0,0,1,0,1,1,0,0,0,0,1,0,0,0,0.573529
0,1,0,1,1,1,1,0,0,0,1,1,0,0,0,1,0,1,0,0,1,0,0,0,0,1,0,0,0,0,0,0,0.558530
1,1,1,0,1,1,0,0,1,0,1,0,1,0,0,0,1,0,1,0,1,0,1,1,0,1,1,0,0,0,0,0,0.623561
1,0,1,0,1,0,0,0,0,0,0,0,0,0,1,0,0,0,1,0,0,0,0,1,1,0,1,0,1,1,1,1,0.596361
1,0,0,1,0,1,0,0,1,1,1,1,0,1,1,1,1,1,0,1,0,0,1,1,0,0,0,1,0,1,1,0,0.617114
1,1,1,1,1,0,0,1,0,0,1,0,0,0,0,1,0,0,1,0,1,1,0,1,0,0,1,0,0,0,1,0,0.583706
1,1,0,1,1,0,1,0,1,1,1,0,1,1,0,1,1,1,1,0,1,1,0,0,1,1,0,0,1,0,1,1,0.706495
0,0,0,0,1,1,0,0,0,1,1,1,0,1,0,0,0,1,0,0,0,1,1,1,1,0,1,1,1,0,1,0,0.503330
1,0,1,1,0,1,1,1,1,0,0,0,1,0,1,1,1,0,1,1,0,0,1,1,0,1,0,1,0,1,0,1,0.656410
0,1,0,1,1,1,0,0,0,0,1,0,0,0,1,1,0,0,1,1,0,1,0,0,0,1,1,1,1,0,0,0,0.601289
1,1,1,1,1,0,0,1,0,0,0,1,0,1,1,1,1,0,1,0,0,0,1,0,0,0,1,1,0,0,0,0,0.610347
1,1,1,0,0,0,0,0,0,0,0,1,1,0,1,0,1,0,0,0,0,1,0,1,1,1,1,0,0,1,0,0,0.569214
0,0,1,0,1,1,0,1,1,0,1,0,1,0,0,1,0,1,0,0,0,0,0,0,0,1,0,1,0,0,1,1,0.555254
0,1,0,0,0,0,0,1,0,1,1,0,0,0,1,0,0,1,0,0,1,1,0,1,0,1,1,1,0,0,1,1,0.590100
0,0,0,1,0,1,0,1,1,1,0,0,0,1,1,1,1,0,1,1,1,0,1,1,0,0,0,1,0,0,0,1,0.611893
0,0,0,1,0,1,1,0,1,1,0,0,0,1,0,0,1,0,1,1,1,0,1,1,0,1,1,1,0,0,0,0,0.587569
0,0,0,1,1,0,1,1,0,0,1,1,1,0,1,0,1,0,0,1,1,0,1,0,1,1,0,1,1,0,0,0,0.602222
1,1,1,1,1,1,1,0,0,1,0,1,1,0,1,1,1,0,0,0,0,0,0,1,0,0,1,1,1,0,1,0,0.591379
1,1,1,0,1,1,0,1,0,0,0,0,1,0,1,0,1,0,1,1,1,0,1,0,1,0,1,1,0,1,0,1,0.625959
1,0,1,1,0,1,0,0,0,1,1,1,0,1,1,1,0,1,1,0,0,0,1,0,1,1,1,0,0,1,1,1,0.675938
1,0,0,0,0,0,1,0,0,0,1,0,1,0,1,0,1,0,0,1,1,0,1,1,1,1,1,0,0,0,0,0,0.568494
1,1,1,1,0,0,0,1,1,1,0,0,1,1,0,1,1,0,1,0,1,0,0,1,1,0,0,0,0,0,1,0,0.609735
1,0,1,0,0,1,1,1,0,0,0,0,1,1,1,0,0,1,1,0,0,1,0,0,0,1,0,0,1,0,0,1,0.571851
0,0,1,1,1,0,1,0,1,1,0,1,1,1,0,1,0,1,1,0,1,0,0,1,0,1,0,1,1,1,1,0,0.639386
1,1,0,0,0,1,1,1,1,1,0,1,1,0,0,0,0,1,0,0,1,1,0,0,0,1,0,0,1,1,1,1,0.603421
0,0,1,0,0,1,0,1,1,0,0,1,1,0,0,0,1,0,0,1,0,0,1,1,1,1,1,1,0,0,0,0,0.568414
1,0,1,0,0,1,1,0,1,0,1,1,1,0,0,1,0,0,1,1,1,0,0,0,0,1,0,0,0,0,1,1,0.585731
0,0,1,0,1,1,0,1,0,0,0,1,0,0,1,1,1,0,1,0,1,0,1,0,0,1,0,0,0,0,1,1,0.555920
0,0,0,0,1,1,1,0,0,1,0,1,1,1,0,0,0,0,0,1,0,0,0,0,1,1,0,1,0,1,1,1,0.610614
0,0,0,1,1,0,1,0,0,0,1,1,1,1,1,0,0,1,1,1,1,1,0,1,0,1,1,0,1,1,1,0,0.590313
1,1,1,0,0,1,1,1,1,1,0,1,1,1,0,1,0,0,1,0,1,0,1,1,0,0,1,0,0,1,0,1,0.620551
1,0,0,1,1,1,1,0,0,0,0,1,1,1,0,0,0,0,1,0,1,1,0,0,0,0,0,1,1,1,1,0,0.574195
0,0,1,1,1,0,0,1,1,1,0,1,1,0,0,1,0,1,0,1,0,0,0,1,1,0,0,1,1,1,0,1,0.613305
1,1,0,0,0,0,1,1,0,0,1,0,1,1,0,1,1,1,1,0,1,0,1,0,0,1,1,0,1,1,0,1,0.598199
0,0,1,1,0,1,0,0,1,0,1,0,1,0,1,0,0,0,0,1,1,0,1,1,0,1,1,1,1,1,1,0,0.620578
0,0,0,0,0,1,1,1,1,1,0,0,1,1,1,1,0,1,0,0,1,1,0,1,1,0,0,0,1,0,1,1,0.583999
1,1,0,0,1,1,0,1,0,1,1,0,0,0,1,1,1,0,0,0,1,1,0,1,1,0,1,0,1,1,1,1,0.605072
1,0,0,0,1,1,0,0,0,0,1,0,0,1,1,1,1,0,0,0,1,1,1,0,0,1,1,1,1,0,0,0,0.569960
1,0,1,0,1,1,0,0,1,1,1,0,1,0,1,1,0,1,1,0,0,1,0,0,0,1,0,1,0,1,1,0,0.619192
0,1,1,0,1,1,1,0,1,0,1,0,0,0,0,1,0,0,0,1,1,0,0,0,0,0,0,1,1,0,0,1,0.566176
1,0,0,0,1,1,1,0,1,0,0,1,0,0,0,0,1,1,0,1,0,0,1,0,0,1,1,0,1,1,0,0,0.581335
0,1,0,1,0,0,0,0,0,1,0,1,0,0,1,0,0,1,0,1,1,0,0,0,0,1,1,0,0,1,1,1,0.579577
0,1,0,0,0,0,0,1,1,1,0,0,0,0,0,1,0,0,0,1,0,0,0,0,0,1,1,1,0,0,1,0,0.536472
0,1,1,1,0,1,0,1,1,0,0,1,0,1,1,0,0,0,1,0,1,0,0,0,1,0,0,0,0,1,0,1,0.578245
0,0,1,1,1,1,0,1,0,0,1,0,0,1,0,1,1,1,1,1,1,0,1,0,0,0,0,0,0,1,1,1,0.628064
0,1,1,0,1,1,1,0,0,0,1,1,1,1,0,0,0,1,0,1,0,0,1,1,0,0,1,0,0,1,1,1,0.606058
1,0,1,1,1,0,0,1,0,0,1,0,1,1,1,1,1,0,1,1,1,0,0,0,1,1,1,0,1,1,1,1,0.691656
