1,0,1,0,0,1,1,1,0,0,0,0,1,1,1,0,0,1,1,0,0,1,0,0,0,1,0,0,1,0,0,1,0.574355
1,1,1,1,0,0,0,1,1,1,0,0,1,1,0,1,1,0,1,0,1,0,0,1,1,0,0,0,0,0,1,0,0.614024
0,0,1,1,1,1,0,1,0,0,1,0,0,1,0,1,0,1,0,0,1,0,0,1,1,1,0,0,0,1,0,0,0.587276
0,0,1,1,1,1,0,1,0,0,1,0,0,1,0,1,1,1,1,1,1,0,1,0,0,0,0,0,0,1,1,1,0.625266
0,1,0,0,0,1,0,0,0,0,1,0,0,0,1,1,0,0,1,1,1,1,0,0,1,1,0,0,1,0,0,0,0.519608
0,0,0,1,1,0,1,1,0,0,1,1,1,0,1,0,1,0,0,1,1,0,1,0,1,1,0,1,1,0,0,0,0.598945
0,1,1,1,0,1,0,1,1,0,0,1,0,1,1,0,0,0,1,0,1,0,0,0,1,0,0,0,0,1,0,1,0.579470
0,1,0,0,0,1,0,0,0,1,1,0,0,0,0,0,1,1,1,0,0,1,0,1,1,0,0,1,1,0,0,1,0.548806
0,1,1,0,1,0,1,0,0,1,0,0,0,1,0,1,1,1,1,1,1,0,1,1,0,1,0,1,0,0,0,0,0.594043
0,1,1,0,0,1,1,1,0,0,0,0,0,0,1,0,1,0,1,1,1,0,0,0,0,1,1,0,1,1,0,0,0.580909
0,0,1,1,0,0,0,1,1,1,1,0,0,0,0,0,1,1,1,0,1,1,1,0,0,1,0,0,1,1,1,0,0.594443
1,0,0,1,0,1,1,1,0,0,0,1,1,1,0,0,1,0,0,1,1,0,1,0,1,1,0,1,0,1,1,0,0.606325
0,0,0,0,0,0,1,0,0,0,1,1,0,1,0,0,0,1,1,1,1,0,1,0,0,1,1,0,1,1,1,1,0.656010
1,1,0,0,0,0,0,1,0,0,1,0,0,1,0,0,1,0,0,1,0,1,0,0,0,0,0,1,0,1,1,1,0.577552
0,0,0,1,0,0,1,1,0,0,0,1,0,0,1,1,1,1,0,0,1,1,1,0,0,1,0,0,0,0,0,1,0.525815
0,0,0,0,1,0,0,1,0,0,0,0,1,1,0,0,1,1,0,0,0,1,1,0,1,1,0,0,1,1,0,1,0.545130
1,0,1,1,0,1,1,1,1,0,0,0,1,0,1,1,1,0,1,1,0,0,1,1,0,1,0,1,0,1,0,1,0.650682
1,1,1,0,1,1,1,0,0,0,1,1,0,1,0,1,0,1,1,1,0,1,1,0,0,0,1,0,0,1,1,0,0.592711
0,1,1,0,0,0,0,0,1,1,1,0,0,1,1,0,1,1,0,0,1,0,1,0,0,1,0,1,1,0,1,1,0.630568
0,0,1,0,1,1,0,1,0,0,0,1,0,0,1,1,1,0,1,0,1,0,1,0,0,1,0,0,0,0,1,1,0.550059
0,0,0,1,0,0,1,0,0,1,0,0,1,1,1,1,0,1,0,1,1,0,1,1,0,1,1,1,0,1,0,1,0.664589
1,1,1,1,0,1,0,0,1,0,0,1,0,1,1,0,0,0,1,0,0,0,1,0,1,1,1,0,1,1,0,1,0.611866
1,0,0,0,0,0,1,0,0,0,1,0,1,0,1,0,1,0,0,1,1,0,1,1,1,1,1,0,0,0,0,0,0.572677
1,0,1,0,1,0,0,0,0,0,0,0,0,0,1,0,0,0,1,0,0,0,0,1,1,0,1,0,1,1,1,1,0.598492
1,0,0,1,0,1,0,0,1,1,1,1,0,1,1,1,1,1,0,1,0,0,1,1,0,0,0,1,0,1,1,0,0.614583
1,0,0,1,0,0,1,1,0,1,0,1,0,1,1,0,1,0,0,0,1,0,1,0,1,0,1,1,0,0,1,0,0.584612
0,1,1,0,0,0,0,0,0,1,1,1,0,0,1,1,0,1,1,0,0,0,0,1,1,0,0,1,1,0,0,1,0.561514
0,1,1,1,1,0,0,1,1,1,0,1,1,0,1,0,0,0,0,0,1,1,0,1,0,0,0,1,1,1,1,1,0.621324
0,0,0,1,0,1,0,1,1,1,0,0,0,1,1,1,1,0,1,1,1,0,1,1,0,0,0,1,0,0,0,1,0.605818
1,1,1,0,0,1,1,1,1,0,1,1,0,1,1,1,1,0,0,1,0,0,1,0,0,0,0,1,1,1,0,0,0.610800
1,1,1,1,1,0,0,1,0,0,1,1,0,0,1,1,0,0,0,0,0,0,0,1,0,1,1,1,1,0,1,0,0.603660
1,1,0,0,1,0,0,0,0,1,0,0,1,1,1,1,0,1,1,1,0,0,0,0,1,0,1,1,0,0,0,1,0.613624
0,0,1,1,1,0,0,0,1,0,1,1,1,1,1,0,0,1,1,0,0,1,0,0,1,1,0,0,0,1,0,1,0.594603
1,1,1,1,1,0,0,1,1,1,0,0,0,1,0,0,1,1,1,0,1,1,0,0,0,0,1,1,0,0,1,1,0.620737
1,1,1,0,1,1,0,0,1,0,1,0,1,0,0,0,1,0,1,0,1,0,1,1,0,1,1,0,0,0,0,0,0.616768
1,0,0,0,0,1,1,0,1,1,1,0,0,1,1,1,1,0,0,1,0,0,0,0,1,1,0,1,1,0,1,1,0.662111
1,0,0,1,1,0,1,0,1,0,0,0,0,1,0,0,0,1,1,1,0,0,1,0,0,1,0,0,1,0,1,1,0.620045
0,1,1,0,1,0,1,0,1,0,0,0,0,1,0,0,1,1,1,0,0,0,0,1,1,0,0,1,1,0,0,0,0.570492
1,0,1,1,1,0,0,1,0,0,1,0,1,1,1,1,1,0,1,1,1,0,0,0,1,1,1,0,1,1,1,1,0.684996
0,1,0,0,1,0,1,1,0,1,0,0,1,0,0,0,1,1,1,0,0,0,0,0,1,0,1,0,1,0,0,0,0.544784
1,0,1,0,1,1,0,0,1,1,1,0,1,0,1,1,0,1,1,0,0,1,0,0,0,1,0,1,0,1,1,0,0.619112
0,1,1,0,1,1,1,0,0,0,1,1,1,1,0,0,0,1,0,1,0,0,1,1,0,0,1,0,0,1,1,1,0.604247
0,0,1,0,1,1,1,1,1,0,0,0,1,0,1,0,1,1,1,0,0,0,1,0,1,0,0,1,0,1,0,0,0.586264
0,1,1,0,1,1,1,0,1,0,1,0,0,0,0,1,0,0,0,1,1,0,0,0,0,0,0,1,1,0,0,1,0.565910
1,1,1,1,1,1,1,0,0,1,0,1,1,0,1,1,1,0,0,0,0,0,0,1,0,0,1,1,1,0,1,0,0.593270
0,1,0,0,0,0,0,1,1,1,0,0,0,0,0,1,0,0,0,1,0,0,0,0,0,1,1,1,0,0,1,0,0.537004
1,1,1,0,0,0,0,1,0,0,1,1,0,0,0,0,0,0,1,1,0,0,0,1,0,0,1,0,1,0,0,1,0.560342
0,1,0,0,0,0,0,1,0,1,1,1,0,0,1,1,0,0,0,0,0,1,1,0,1,0,1,1,1,1,1,1,0.684356
1,1,0,1,0,1,1,0,0,0,0,0,0,0,0,1,1,0,1,1,0,1,0,0,0,1,1,0,1,1,0,1,0.595588
1,0,0,0,1,1,0,0,0,0,1,0,0,1,1,1,1,0,0,0,1,1,1,0,0,1,1,1,1,0,0,0,0.571798
1,0,1,1,0,1,0,0,0,1,1,1,0,1,1,1,0,1,1,0,0,0,1,0,1,1,1,0,0,1,1,1,0.676604
0,0,0,1,1,0,0,0,0,0,1,1,0,1,1,1,0,1,1,0,1,0,0,0,0,0,1,0,1,1,1,1,0.594016
1,0,1,1,1,0,0,1,0,1,0,1,1,1,0,1,1,0,0,0,0,1,1,0,1,1,0,0,1,0,0,0,0.603820
1,1,0,1,1,0,1,0,1,1,1,0,1,1,0,1,1,1,1,0,1,1,0,0,1,1,0,0,1,0,1,1,0.694986
0,1,0,1,0,0,0,0,0,1,0,1,0,0,1,0,0,1,0,1,1,0,0,0,0,1,1,0,0,1,1,1,0.583040
1,1,1,1,1,0,0,1,0,0,1,0,0,0,0,1,0,0,1,0,1,1,0,1,0,0,1,0,0,0,1,0,0.588981
1,0,0,1,0,0,0,0,0,1,0,0,0,1,0,0,1,0,1,1,0,1,0,1,1,1,0,0,0,0,1,1,0.583173
1,0,0,1,0,1,1,0,0,0,0,1,1,1,1,0,0,1,0,1,1,0,1,1,0,0,1,1,1,0,0,0,0.571398
1,0,0,1,0,0,1,1,0,0,1,1,1,0,0,1,1,1,0,1,1,1,1,0,0,1,1,0,0,1,0,0,0.586051
0,0,1,1,1,1,0,0,1,0,0,1,0,0,0,0,0,1,0,0,0,0,0,0,0,1,1,1,1,0,0,1,0.566070
0,0,1,0,1,1,0,1,1,0,1,0,1,0,0,1,0,1,0,0,0,0,0,0,0,1,0,1,0,0,1,1,0.548513
0,0,1,1,0,0,1,1,0,1,0,0,1,0,1,1,0,1,0,1,0,1,1,0,1,1,1,1,0,1,1,1,0.692402
1,1,1,0,1,1,0,1,0,0,0,0,1,0,1,0,1,0,1,1,1,0,1,0,1,0,1,1,0,1,0,1,0.625746
0,1,0,0,0,0,1,1,0,1,1,1,1,0,1,1,0,1,1,0,0,1,0,0,0,1,1,0,1,1,0,1,0.626305
0,1,1,1,1,0,0,0,0,1,0,1,1,0,1,1,1,0,1,0,1,1,0,1,1,1,1,1,0,1,1,0,0.625932
0,0,1,0,0,1,0,0,1,0,1,1,0,1,0,0,1,0,1,0,1,1,1,1,0,1,0,1,0,1,0,1,0.602035
1,1,1,0,0,0,1,1,0,0,1,1,0,0,1,0,0,1,0,0,0,0,1,1,0,0,0,1,1,0,1,1,0.607284
1,0,1,0,1,0,0,0,0,0,1,0,0,1,0,1,0,1,1,1,0,1,0,0,1,1,1,0,0,1,0,1,0.581229
1,1,1,0,0,0,1,1,0,0,0,0,1,0,1,1,0,0,0,1,0,0,0,1,1,0,0,1,1,1,0,0,0.596574
0,0,0,1,0,1,0,1,0,0,1,1,1,0,0,1,0,1,1,0,1,1,0,0,0,1,1,1,0,0,1,1,0.606245
1,1,0,0,1,0,0,0,0,1,0,0,1,0,1,1,0,1,1,0,1,0,0,0,1,0,1,1,1,1,1,1,0.746590
1,1,0,1,0,0,1,1,1,0,0,1,1,1,0,1,0,1,0,0,0,0,1,1,1,1,1,0,0,0,0,1,0.606511
1,0,1,0,0,0,1,0,0,1,0,0,0,0,0,0,1,1,1,0,1,0,1,0,1,1,1,0,0,0,0,1,0.583573
1,0,1,0,0,0,0,1,0,0,0,1,0,0,1,0,1,0,1,0,0,0,0,0,0,0,0,0,1,0,0,0,0.560582
1,0,0,0,1,0,0,0,1,0,1,0,0,0,1,1,1,1,0,0,1,0,1,1,0,0,0,0,1,0,0,0,0.578511
1,1,0,0,1,1,0,1,0,1,1,0,0,0,1,1,1,0,0,0,1,1,0,1,1,0,1,0,1,1,1,1,0.600011
0,0,1,0,0,1,0,1,1,0,0,1,1,0,0,0,1,0,0,1,0,0,1,1,1,1,1,1,0,0,0,0,0.568494
0,0,0,0,1,1,1,0,0,1,0,1,1,1,0,0,0,0,0,1,0,0,0,0,1,1,0,1,0,1,1,1,0.620391
0,0,1,0,0,1,1,0,0,1,1,0,1,0,1,1,1,0,0,1,0,0,0,1,0,1,0,0,0,0,0,1,0.566523
0,1,0,1,0,1,0,1,1,0,1,0,1,1,1,1,1,1,0,0,1,0,0,1,0,0,0,0,0,1,0,0,0.569560
0,0,1,0,1,1,0,0,1,1,0,1,0,0,0,1,0,0,0,1,1,1,1,0,0,1,0,1,0,0,1,1,0.565164
0,1,1,0,0,1,0,0,1,1,0,0,0,0,0,1,0,0,1,1,0,0,0,0,0,1,0,0,1,0,0,0,0.523711
0,0,0,0,0,1,0,1,0,0,0,0,0,1,1,0,1,0,1,1,1,1,0,1,0,0,0,0,1,0,0,1,0.532049
0,0,0,1,1,0,0,0,0,1,0,0,1,1,0,0,1,0,0,1,0,0,0,0,1,0,1,0,0,1,1,1,0.538123
1,1,0,0,0,0,1,1,0,0,1,0,1,1,0,1,1,1,1,0,1,0,1,0,0,1,1,0,1,1,0,1,0.598092
1,0,1,0,0,1,1,0,1,0,1,1,1,0,0,1,0,0,1,1,1,0,0,0,0,1,0,0,0,0,1,1,0.582747
0,0,0,1,1,0,1,0,0,0,1,1,1,1,1,0,0,1,1,1,1,1,0,1,0,1,1,0,1,1,1,0,0.594469
0,0,1,0,0,1,0,1,0,0,1,1,1,0,0,0,0,1,0,1,1,1,1,0,1,1,1,0,0,0,1,0,0.569613
1,1,0,0,0,1,1,1,1,1,0,1,1,0,0,0,0,1,0,0,1,1,0,0,0,1,0,0,1,1,1,1,0.601529
0,0,1,1,0,1,0,0,1,0,1,0,1,0,1,0,0,0,0,1,1,0,1,1,0,1,1,1,1,1,1,0,0.621510
0,0,0,0,0,1,0,0,0,0,0,0,0,1,1,1,1,0,1,0,1,1,1,1,1,1,0,0,0,1,1,0,0.534101
1,1,1,0,0,0,0,0,0,0,0,1,1,0,1,0,1,0,0,0,0,1,0,1,1,1,1,0,0,1,0,0,0.571451
0,0,0,1,0,1,1,1,1,1,1,0,1,0,1,0,0,1,0,1,0,0,1,0,1,0,1,1,1,1,0,1,0.611866
0,0,1,1,1,0,0,1,1,1,0,1,1,0,0,1,0,1,0,1,0,0,0,1,1,0,0,1,1,1,0,1,0.607044
0,0,0,1,0,1,0,0,0,0,1,0,0,1,0,1,1,0,1,1,0,1,0,0,0,1,0,1,1,0,0,0,0.540548
0,1,0,1,1,1,1,0,0,0,1,1,0,0,0,1,0,1,0,0,1,0,0,0,0,1,0,0,0,0,0,0,0.558158
1,0,1,1,0,1,0,1,0,0,1,0,0,1,1,1,0,1,1,1,1,1,1,0,0,1,0,1,1,1,0,0,0.630142
1,1,0,1,1,1,0,0,1,1,0,0,0,1,1,0,1,1,0,0,0,0,1,1,0,0,1,0,0,1,1,0,0.612159
1,1,1,0,1,0,0,1,1,1,1,0,1,1,0,1,1,0,0,1,1,1,1,0,0,0,1,0,1,0,1,1,0.611893
0,0,0,0,0,1,1,1,1,1,0,0,1,1,1,1,0,1,0,0,1,1,0,1,1,0,0,0,1,0,1,1,0.579737
0,0,0,1,0,1,1,0,0,1,1,1,0,0,1,1,1,1,0,0,1,0,1,1,1,1,1,0,0,0,1,0,0.616741
0,0,1,1,0,0,0,1,0,1,0,1,0,0,0,1,0,0,0,0,1,0,0,0,0,0,0,1,1,0,0,0,0.485507
0,1,1,1,1,1,1,0,1,1,1,0,0,1,1,1,0,1,0,1,1,0,1,1,1,1,1,1,0,1,1,1,0.676684
1,0,0,1,1,1,1,1,1,0,1,1,0,1,1,0,0,1,1,0,0,0,0,0,1,1,0,0,1,1,0,0,0.622895
0,0,0,1,0,1,1,1,0,0,1,0,1,1,1,0,1,1,0,1,0,0,1,1,0,1,1,0,1,1,1,1,0.655238
1,0,0,1,1,1,1,0,0,0,0,1,1,1,0,0,0,0,1,0,1,1,0,0,0,0,0,1,1,1,1,0,0.580749
1,0,1,0,0,1,0,1,1,0,1,0,0,1,1,0,1,1,1,1,0,1,0,0,0,1,0,0,1,0,1,1,0.611173
1,1,0,0,0,1,1,1,1,0,0,0,1,0,0,0,0,1,1,0,1,0,0,1,1,0,1,1,1,1,0,0,0.588289
1,1,1,0,1,1,0,0,1,1,1,0,1,1,0,0,0,0,1,0,1,0,0,0,0,1,0,1,0,0,1,1,0.597773
1,0,0,0,0,0,1,0,0,0,0,0,1,0,0,0,1,1,1,0,1,1,1,1,1,0,1,1,1,0,1,0,0.618579
0,0,0,0,1,1,0,0,0,1,1,1,0,1,0,0,0,1,0,0,0,1,1,1,1,0,1,1,1,0,1,0,0.506074
0,1,1,0,1,1,0,1,0,0,1,0,0,0,0,1,1,1,1,0,1,1,0,0,1,1,0,1,1,0,1,1,0.663230
1,0,0,0,1,1,1,0,1,0,0,1,0,0,0,0,1,1,0,1,0,0,1,0,0,1,1,0,1,1,0,0,0.583387
0,0,0,1,0,1,1,0,1,1,0,0,0,1,0,0,1,0,1,1,1,0,1,1,0,1,1,1,0,0,0,0,0.588875
0,0,1,1,1,0,1,0,1,1,0,1,1,1,0,1,0,1,1,0,1,0,0,1,0,1,0,1,1,1,1,0,0.637148
0,1,0,0,0,0,1,1,0,1,0,1,0,0,0,0,1,1,0,1,0,0,0,1,0,0,1,1,1,1,0,0,0.540095
1,1,1,0,0,1,1,1,1,1,0,1,1,1,0,1,0,0,1,0,1,0,1,1,0,0,1,0,0,1,0,1,0.617168
1,1,1,1,1,0,0,1,0,0,0,1,0,1,1,1,1,0,1,0,0,0,1,0,0,0,1,1,0,0,0,0,0.602115
0,1,0,1,1,1,1,1,0,1,0,0,1,1,1,1,1,0,1,1,0,1,1,0,1,0,1,0,0,1,0,1,0.616368
1,1,0,0,0,1,0,0,1,1,0,0,0,0,1,1,0,1,0,1,1,1,1,0,0,0,1,0,1,1,1,0,0.596521
0,1,0,0,0,0,0,1,0,1,1,0,0,0,1,0,0,1,0,0,1,1,0,1,0,1,1,1,0,0,1,1,0.586317
1,0,0,0,1,0,1,1,1,1,0,0,1,0,1,1,0,1,0,1,0,0,0,0,0,0,0,0,1,1,0,0,0.577659
1,1,1,1,1,1,1,0,0,1,1,0,1,1,0,0,0,0,0,0,0,0,1,1,0,1,1,1,1,1,0,0,0.632646
0,1,0,1,0,0,0,0,1,1,1,1,0,1,1,1,0,1,0,0,0,1,1,0,0,0,1,1,1,1,0,1,0.713049
0,1,0,1,1,1,0,0,0,0,1,0,0,0,1,1,0,0,1,1,0,1,0,0,0,1,1,1,1,0,0,0,0.595242
0,0,0,0,0,0,0,0,0,0,1,0,0,1,1,0,1,1,0,0,1,0,1,0,1,1,1,1,1,0,0,0,0.538789
0,0,0,1,0,0,0,1,1,0,1,1,0,0,1,0,1,0,1,0,0,1,0,0,0,0,1,0,1,1,1,0,0.542679
1,1,0,0,1,1,0,0,1,1,0,0,0,0,0,0,0,1,0,1,1,1,1,0,0,0,1,1,0,1,1,0,0.594309
