1,1,0,0,0,0,1,1,1,0,1,0,0,0,0,0,0,0,1,0,0,0,0,1,1,1,0,0,1,1,1,1,0.756138
1,0,0,1,1,0,1,0,0,1,0,1,1,1,0,1,1,0,0,1,1,0,0,1,0,1,0,0,1,1,0,1,0.599446
1,0,0,0,0,1,0,0,0,1,0,0,0,0,1,1,0,1,1,1,0,0,1,1,0,1,0,1,1,1,0,0,0.606671
1,1,0,1,1,0,0,1,0,0,1,1,0,1,0,1,1,0,0,1,1,1,1,0,0,1,0,1,0,0,1,0,0.610806
1,0,1,0,1,0,0,0,0,1,1,1,0,0,1,0,0,0,0,1,0,1,1,0,0,0,1,0,0,0,0,1,0.587170
0,1,1,1,0,0,0,0,1,0,1,1,1,0,0,1,0,0,1,0,0,1,0,0,0,1,1,0,0,1,0,1,0.640942
1,1,1,1,0,1,0,1,0,0,1,1,0,1,1,0,0,1,0,1,0,0,0,1,1,0,1,0,1,0,1,0,0.683035
1,1,1,1,1,0,0,0,0,1,0,0,1,1,0,1,1,1,1,1,0,1,0,0,0,1,1,1,0,1,1,0,0.640153
1,0,0,0,0,1,1,0,0,1,1,0,1,1,0,0,1,0,1,0,1,1,1,1,0,1,1,1,0,0,1,1,0.581650
1,0,0,1,0,1,0,1,1,1,0,0,1,0,1,1,0,0,0,0,1,1,0,0,1,0,1,0,0,1,0,1,0.789088
0,0,1,1,1,0,1,1,1,1,1,0,1,1,0,1,0,0,1,1,1,0,1,1,0,1,0,1,0,0,0,1,0.630797
1,1,1,0,0,1,0,0,0,0,1,0,0,1,0,0,0,0,0,0,1,1,0,1,1,0,0,0,1,0,0,0,0.655136
1,1,1,1,0,1,0,0,0,1,1,1,1,1,0,1,1,1,1,1,0,1,1,1,0,1,0,1,0,0,1,1,0.586083
0,1,1,1,1,0,0,1,0,1,0,0,1,1,0,1,1,1,0,0,0,0,1,0,1,1,1,1,1,0,0,0,0.593457
0,0,1,0,1,0,0,1,0,0,0,0,0,1,1,0,1,1,1,0,1,0,1,1,1,0,1,0,1,1,1,0,0.607417
1,0,0,0,1,1,1,0,1,0,1,1,1,0,0,1,1,0,1,0,1,1,0,0,1,1,1,0,1,0,0,1,0.591517
1,0,0,1,0,1,1,1,0,1,1,0,0,0,0,1,0,0,1,0,1,1,0,0,0,0,1,0,0,0,1,1,0.558845
0,0,0,0,1,0,1,0,1,0,0,1,0,0,1,1,0,1,1,1,1,0,0,0,1,1,1,1,1,1,0,1,0.610209
1,0,0,1,0,1,1,1,1,0,1,1,1,1,0,0,0,1,0,0,1,1,1,1,0,1,1,1,1,1,1,1,0.611168
1,1,1,0,0,1,1,1,1,1,0,0,1,1,1,1,1,0,0,1,0,0,0,0,0,1,0,1,0,0,1,1,0.596782
1,1,1,1,1,1,1,1,0,1,1,1,0,1,1,0,1,1,1,1,0,0,0,0,1,1,1,0,1,1,1,0,0.770929
0,0,0,1,0,0,0,1,1,1,1,1,0,1,0,1,0,0,0,0,0,1,1,1,0,0,1,1,0,0,0,1,0.548892
1,1,0,1,1,0,1,1,0,1,1,0,0,1,0,0,0,0,1,1,1,1,1,1,1,0,0,1,1,1,0,1,0.604454
1,0,1,1,1,1,0,0,0,1,0,1,0,0,0,0,1,0,1,1,1,0,0,1,0,0,0,0,0,0,0,1,0.609079
0,0,0,1,0,0,0,0,1,1,1,1,0,0,1,0,0,0,1,0,1,0,0,0,0,1,1,0,0,0,0,0,0.789962
1,1,0,1,1,1,1,1,0,1,1,1,0,0,0,1,0,0,0,0,0,0,0,1,0,0,0,0,0,1,0,0,0.620119
1,1,1,1,1,0,0,1,0,1,1,1,0,1,0,1,0,1,0,0,0,0,1,1,1,1,0,0,1,0,0,0,0.661466
0,1,0,1,0,0,1,0,0,0,1,1,0,1,1,1,1,0,0,1,0,0,0,0,1,0,1,0,0,0,0,0,0.732246
0,0,1,1,0,0,1,1,1,1,0,1,0,0,1,1,1,0,0,1,1,0,1,0,0,0,1,0,0,0,1,0,0.583930
0,0,0,0,0,0,0,0,0,1,1,0,0,0,0,1,0,1,1,1,0,0,0,0,0,1,1,1,0,0,0,1,0.777856
0,0,1,0,1,1,1,0,0,1,0,0,1,0,0,0,0,0,1,0,0,0,0,0,1,1,1,0,0,0,1,1,0.569842
0,0,0,0,1,1,1,0,0,0,0,1,1,0,1,1,1,1,1,1,0,1,0,1,1,0,0,1,0,0,1,0,0.691475
0,1,1,1,0,1,1,1,1,0,1,1,1,1,1,1,0,1,0,1,0,0,1,0,0,1,1,1,1,0,0,0,0.765899
0,0,1,0,0,1,1,1,0,1,1,0,1,0,0,1,1,1,0,1,0,0,1,1,1,1,0,1,0,0,1,1,0.689173
0,0,1,1,0,0,0,1,1,1,1,1,1,1,0,1,1,0,1,0,1,0,0,1,1,1,1,0,0,1,1,0,0.689940
0,1,1,1,1,1,0,1,0,0,0,0,0,1,1,0,1,1,0,1,0,1,0,0,1,0,1,0,0,1,0,1,0.751897
1,1,0,0,1,1,0,1,0,0,0,0,0,0,0,0,0,1,0,0,0,0,0,0,0,0,1,1,1,0,0,1,0.622080
1,0,0,0,1,0,0,0,0,1,0,1,1,0,0,1,0,0,0,1,1,0,0,1,1,1,1,0,0,1,0,0,0.565665
0,0,1,1,0,1,1,1,1,0,0,1,1,0,1,1,1,0,1,1,1,1,0,0,1,0,0,1,0,0,0,0,0.741944
0,1,0,0,0,1,0,0,1,1,0,1,1,1,1,0,0,0,0,1,0,1,1,1,1,1,0,1,0,0,0,1,0.780413
1,1,1,0,0,0,1,0,0,1,1,1,1,0,0,0,1,0,0,0,0,1,0,1,1,0,1,0,0,1,1,1,0.581373
0,0,1,0,1,1,1,1,1,0,1,1,1,0,1,1,1,0,0,0,0,1,1,1,1,1,1,0,1,1,1,1,0.596270
0,0,0,1,1,0,0,1,1,1,1,0,1,0,0,1,1,0,1,0,1,0,1,1,0,0,0,0,0,1,1,0,0.624318
0,1,0,0,1,1,1,1,1,0,1,1,1,1,1,0,1,1,0,1,1,1,0,0,0,1,1,0,0,0,0,1,0.600639
0,0,0,0,0,1,0,0,1,1,0,1,1,1,0,0,1,1,1,0,0,1,0,0,1,1,0,0,1,0,1,0,0.688406
1,1,1,1,1,1,1,1,1,1,1,1,0,0,0,0,0,0,1,0,0,0,1,0,0,0,1,0,0,0,0,1,0.747400
0,0,0,0,1,1,1,1,1,0,1,1,1,1,0,0,0,0,1,0,1,1,1,1,0,0,1,0,0,1,1,1,0.572975
0,1,0,0,1,1,1,0,0,1,0,1,1,0,1,0,1,0,0,0,0,0,1,1,1,0,1,1,0,0,1,0,0.582055
0,1,1,0,1,0,1,1,0,1,1,1,1,1,0,1,1,1,0,1,1,0,1,1,0,1,0,1,1,0,0,0,0.630094
0,0,1,1,1,0,1,0,0,1,0,1,1,0,0,0,1,0,0,1,0,0,0,1,1,1,1,1,0,1,0,1,0.596462
0,0,0,0,1,0,1,1,0,0,0,0,1,1,0,0,0,0,0,0,0,0,0,1,0,1,1,1,0,1,1,1,0.503410
1,0,0,1,0,1,1,0,1,1,1,1,0,0,0,1,1,0,1,1,0,1,1,0,0,1,1,1,0,1,1,0,0.602579
1,0,0,0,0,0,0,1,0,0,0,1,1,0,0,1,1,0,1,1,1,1,0,1,0,1,1,0,1,1,1,1,0.645865
1,1,0,1,1,1,1,1,1,0,0,0,1,0,1,1,1,1,1,1,0,0,1,0,0,1,0,0,0,1,1,1,0.593755
1,0,0,0,0,1,1,0,0,0,1,1,1,0,1,1,1,1,0,0,0,0,0,1,0,0,1,1,1,1,1,0,0.753559
0,0,1,1,0,1,0,1,1,1,0,1,1,1,0,1,0,0,1,1,0,0,0,1,0,0,1,0,0,0,0,1,0.591645
1,0,0,1,1,1,0,0,1,0,0,0,0,1,1,1,1,1,1,0,1,1,1,1,1,1,0,0,0,1,1,0,0.858312
1,1,1,0,1,0,0,0,0,0,1,1,0,0,0,0,1,1,1,1,1,0,0,0,0,1,0,1,1,0,0,0,0.739408
1,1,0,1,1,0,1,0,1,0,1,1,1,0,1,1,1,1,1,1,1,1,1,0,1,0,1,1,0,1,1,0,0.601897
0,1,0,0,0,1,0,1,1,0,1,1,0,0,0,0,1,0,0,0,1,0,1,0,0,0,0,1,0,1,0,0,0.582012
1,0,1,0,0,1,0,1,0,0,0,1,1,1,0,1,1,0,0,0,1,1,0,1,0,0,0,0,0,0,0,1,0.802344
0,0,0,1,0,1,0,0,0,0,1,1,1,1,0,0,0,1,0,1,0,0,1,0,1,1,0,1,0,1,1,1,0.571441
1,0,0,0,0,0,1,0,0,0,1,1,0,1,0,0,1,1,0,1,1,1,1,1,0,0,0,1,1,1,0,0,0.616496
0,1,0,1,0,1,1,0,0,0,0,0,0,0,0,1,0,1,1,0,0,1,0,1,1,1,1,0,1,0,1,1,0.682481
0,1,1,0,0,0,0,1,0,1,0,1,1,1,1,0,0,1,1,1,0,0,0,0,0,0,1,1,0,0,0,1,0.614301
0,0,1,1,0,1,1,0,1,1,0,1,0,1,0,0,1,1,0,0,1,0,0,1,0,0,0,1,0,0,0,1,0.614770
1,1,1,0,0,1,0,0,0,1,1,1,1,0,1,0,0,0,0,1,1,1,0,0,1,1,0,1,1,1,1,0,0.606991
0,0,1,0,0,1,0,0,0,0,1,0,0,0,0,1,0,1,1,0,0,1,0,1,1,0,0,1,0,1,0,0,0.582609
1,1,0,1,0,0,1,1,0,0,1,1,0,0,0,0,1,1,1,0,1,0,1,1,1,0,1,0,1,1,1,1,0.669459
0,0,0,0,0,0,0,1,1,1,1,0,0,0,0,1,1,0,1,1,1,1,1,1,1,1,1,1,0,0,0,0,0.572954
0,1,1,0,1,1,1,0,1,0,0,0,1,0,1,0,1,0,1,1,1,0,1,0,0,0,0,1,1,1,1,1,0.615857
0,0,0,1,0,0,1,1,1,0,0,1,1,1,1,0,0,1,0,0,0,1,0,1,0,0,1,1,1,0,0,0,0.659676
0,1,1,0,1,0,1,0,0,1,1,1,1,0,1,0,1,1,1,1,1,0,1,0,1,0,1,1,0,0,0,0,0.733078
1,1,0,1,1,0,1,1,0,0,0,1,0,0,0,1,1,0,0,0,1,1,1,1,0,0,0,1,1,0,0,1,0.816944
0,0,1,0,0,1,1,0,0,0,1,1,1,0,0,1,1,1,0,1,0,1,0,1,0,0,0,0,1,1,0,0,0.593159
0,1,1,1,0,0,1,0,0,1,1,0,1,0,1,1,0,0,0,1,0,0,1,0,1,1,1,0,0,0,0,1,0.759889
1,1,0,1,1,1,0,1,0,0,0,1,1,1,1,0,1,0,0,1,0,0,0,0,1,0,0,1,0,0,1,0,0.604945
0,0,0,0,0,0,1,0,0,1,1,1,1,1,1,1,0,0,0,1,0,1,0,0,0,0,0,1,0,0,1,1,0.584740
1,0,0,0,1,0,1,0,0,0,1,0,0,0,0,0,0,0,1,0,1,0,0,0,0,1,1,0,1,0,1,1,0.640729
1,1,1,0,0,0,0,1,1,1,0,0,0,1,0,1,1,1,0,1,0,0,0,0,0,0,1,0,1,0,1,0,0.594629
0,0,0,1,0,1,1,0,1,1,0,1,1,0,1,1,1,1,0,1,0,0,1,0,0,1,1,1,0,1,0,0,0.618201
0,1,0,1,1,0,1,1,1,0,1,1,0,0,0,0,1,1,0,0,0,0,0,1,1,1,0,0,1,1,1,0,0.692754
1,0,1,1,0,0,0,0,0,0,1,1,0,1,1,1,1,0,0,0,1,0,0,1,1,0,1,0,0,0,1,0,0.780009
0,1,1,0,0,0,0,0,0,0,0,0,1,0,0,1,1,0,1,0,1,0,0,1,1,0,0,0,1,0,1,1,0.623380
1,0,0,0,1,0,1,1,1,1,1,1,1,1,1,0,1,1,1,1,0,0,1,0,1,1,1,0,0,0,1,1,0.837489
1,1,1,0,1,0,0,1,0,0,1,1,0,1,1,1,0,0,1,0,0,1,1,0,0,1,0,1,1,0,0,1,0.604987
1,1,1,1,0,0,0,0,1,1,1,1,0,1,1,0,0,1,0,0,0,0,0,1,0,1,1,1,1,1,1,0,0.721547
1,1,1,0,1,1,1,0,0,0,1,0,1,1,0,1,1,0,1,1,1,0,0,0,1,1,0,1,0,0,0,1,0.677600
1,0,1,0,0,0,0,0,1,0,1,1,0,0,1,1,0,1,0,1,0,0,1,1,0,1,0,1,0,0,1,1,0.752920
0,1,0,1,0,0,0,1,1,0,1,0,0,0,1,1,0,0,1,1,1,0,1,0,1,0,1,1,0,1,0,1,0.642370
0,1,0,0,1,0,0,1,1,0,1,0,0,1,0,1,0,1,1,0,1,0,1,0,1,1,1,0,0,1,0,1,0.661424
1,1,1,0,1,1,0,0,1,1,0,1,1,0,0,0,1,1,1,1,0,1,0,1,0,1,1,0,0,0,1,0,0.665516
1,1,0,1,1,0,0,1,0,0,0,0,0,1,0,1,1,0,0,0,1,1,0,0,0,0,0,0,1,0,0,1,0.824702
1,1,0,0,0,1,0,1,0,0,1,1,1,1,1,0,0,1,0,0,0,1,0,0,0,1,1,1,0,1,1,1,0.646760
0,1,1,1,1,1,1,1,0,0,0,0,0,0,1,1,0,0,0,0,0,1,1,0,1,0,0,0,0,1,0,1,0.871206
1,1,1,1,0,1,1,1,1,1,0,1,1,0,0,1,1,0,0,0,1,0,0,1,1,0,1,0,0,1,0,1,0.626044
0,1,0,1,0,1,1,1,0,0,0,0,1,0,0,1,1,1,1,0,0,0,1,1,1,1,0,0,0,0,0,1,0.577920
0,0,0,1,1,1,1,0,1,1,0,0,0,0,1,1,0,1,0,1,0,1,0,0,1,0,0,0,1,0,0,0,0.801066
0,1,0,0,1,1,1,1,1,1,0,1,0,0,1,0,1,1,0,0,1,1,0,1,0,0,0,0,1,0,0,0,0.824702
0,0,0,0,1,1,0,1,0,1,0,1,1,1,0,1,1,0,0,1,0,0,1,0,0,1,1,1,1,1,0,0,0.597592
1,0,0,1,1,1,0,0,1,0,1,1,0,0,1,0,1,1,0,1,0,1,1,0,1,1,1,1,1,1,0,0,0.578772
1,1,0,1,0,0,1,0,0,1,0,0,0,0,0,1,0,0,1,1,1,1,1,1,1,0,0,1,0,1,0,0,0.783483
1,1,0,0,1,1,1,1,1,0,0,0,1,1,1,1,1,0,1,1,1,0,0,1,1,0,1,0,1,1,0,1,0.590622
1,1,1,0,1,0,1,1,0,1,1,0,1,0,0,1,1,0,1,0,0,0,1,1,0,1,0,0,0,1,1,1,0.722144
0,0,1,1,0,0,1,0,0,0,0,0,0,1,0,0,1,1,0,1,1,1,0,0,1,1,0,0,1,0,1,0,0.799979
1,0,1,1,1,0,1,0,1,0,1,1,0,1,0,1,0,0,1,1,0,1,1,1,0,1,0,1,0,0,0,0,0.607055
0,1,1,1,1,0,0,1,0,1,1,0,1,0,1,0,0,1,0,0,0,1,1,1,1,0,1,1,0,1,1,1,0.574361
1,0,0,1,1,1,1,0,1,0,0,1,1,0,1,1,0,1,0,0,0,0,1,0,0,0,0,1,1,0,1,0,0.628389
1,1,1,1,1,1,1,1,0,1,0,0,0,0,1,0,0,1,0,0,0,1,0,1,0,1,1,0,1,1,1,0,0.757928
1,1,0,1,0,0,1,0,1,1,1,1,1,0,0,1,1,1,1,1,0,1,1,0,0,1,1,0,0,0,1,0,0.622442
1,0,0,1,1,1,1,0,1,1,0,1,0,1,0,1,1,0,0,0,1,1,0,0,0,0,0,0,0,1,1,0,0.818606
1,1,1,0,0,1,0,1,0,0,0,0,0,0,1,1,1,1,1,0,1,1,0,1,1,1,1,0,1,0,1,1,0.728410
0,0,1,0,0,0,0,0,0,0,0,0,0,0,0,1,0,1,0,0,0,1,1,1,1,1,1,0,0,0,1,1,0.748082
1,0,1,1,1,1,0,0,0,1,0,1,0,0,0,1,0,1,1,0,0,0,0,0,0,1,0,1,0,0,0,0,0.585955
1,0,1,1,1,0,0,0,1,0,1,1,1,0,0,0,1,0,0,0,1,1,0,0,1,1,1,0,1,0,0,1,0.622954
0,1,1,1,1,0,0,0,1,0,0,0,0,1,0,0,0,1,0,1,0,1,1,1,1,1,1,1,1,0,0,0,0.745013
1,0,0,0,0,0,0,1,1,1,0,1,0,1,0,1,1,1,1,0,0,1,1,0,1,1,1,0,0,1,1,1,0.670695
0,0,0,1,1,0,1,1,1,1,0,0,1,1,0,0,0,1,1,1,1,0,0,1,1,1,1,1,1,1,0,1,0.599105
1,0,0,1,1,0,0,0,0,0,1,1,1,0,1,0,1,1,0,1,1,1,1,0,1,1,0,1,0,0,1,1,0.603517
0,1,1,0,1,1,1,0,1,0,1,1,1,1,0,1,0,0,0,1,1,1,0,1,0,1,0,1,1,1,1,0,0.598082
0,0,0,1,1,0,0,1,0,1,0,0,1,0,1,1,1,1,1,0,0,0,0,1,0,0,0,1,1,0,1,1,0.570290
1,0,1,0,1,1,1,0,1,1,1,0,0,1,1,0,0,0,1,1,1,1,1,0,0,0,0,0,0,0,0,1,0.624169
1,0,1,1,1,0,1,1,1,1,0,0,1,0,0,1,0,1,1,1,0,0,1,1,0,1,0,0,1,1,1,0,0.588257
0,0,1,1,0,0,1,1,1,1,0,0,0,0,1,1,0,0,0,0,0,1,0,1,0,1,0,1,1,0,1,0,0.748231
0,0,0,1,1,0,0,1,0,0,0,0,1,1,0,0,1,0,0,0,0,0,0,1,0,0,0,1,1,0,0,1,0.586381
1,1,1,0,0,1,0,0,0,1,1,1,1,0,1,1,0,1,1,0,1,0,0,1,1,1,0,1,1,0,1,1,0.631010
1,0,0,0,0,0,1,1,1,0,0,1,0,1,0,0,1,1,0,0,1,1,1,0,0,1,0,0,0,1,0,1,0.820055
0,0,1,1,1,0,0,0,0,1,0,1,1,0,0,0,0,1,1,0,0,0,0,0,1,0,1,1,0,0,0,1,0.600341
