1,0,0,1,1,1,0,0,1,0,1,1,0,0,1,0,1,1,0,1,0,1,1,0,1,1,1,1,1,1,0,0,0.578884
0,1,1,1,1,1,1,1,0,0,0,0,0,0,1,1,0,0,0,0,0,1,1,0,1,0,0,0,0,1,0,1,0.873108
1,0,0,1,0,1,1,0,1,1,1,1,0,0,0,1,1,0,1,1,0,1,1,0,0,1,1,1,0,1,1,0,0.602382
0,1,0,0,0,1,0,0,1,1,0,1,1,1,1,0,0,0,0,1,0,1,1,1,1,1,0,1,0,0,0,1,0.781943
0,0,1,1,0,0,1,1,1,1,0,1,0,0,1,1,1,0,0,1,1,0,1,0,0,0,1,0,0,0,1,0,0.583973
0,1,1,0,0,0,0,0,0,0,0,0,1,0,0,1,1,0,1,0,1,0,0,1,1,0,0,0,1,0,1,1,0.622363
0,0,0,0,0,0,0,1,1,1,1,0,0,0,0,1,1,0,1,1,1,1,1,1,1,1,1,1,0,0,0,0,0.572197
1,0,0,1,1,1,0,0,1,0,0,0,0,1,1,1,1,1,1,0,1,1,1,1,1,1,0,0,0,1,1,0,0.858216
1,0,1,1,0,0,0,0,0,0,1,1,0,1,1,1,1,0,0,0,1,0,0,1,1,0,1,0,0,0,1,0,0.783221
1,0,0,1,1,0,1,0,0,1,0,1,1,1,0,1,1,0,0,1,1,0,0,1,0,1,0,0,1,1,0,1,0.605072
0,1,1,1,0,0,1,0,0,1,1,0,1,0,1,1,0,0,0,1,0,0,1,0,1,1,1,0,0,0,0,1,0.763374
0,0,0,1,1,0,0,1,0,1,0,0,1,0,1,1,1,1,1,0,0,0,0,1,0,0,0,1,1,0,1,1,0.570439
1,1,0,1,1,1,1,1,0,1,1,1,0,0,0,1,0,0,0,0,0,0,0,1,0,0,0,0,0,1,0,0,0.625133
1,1,0,1,0,0,1,0,1,1,1,1,1,0,0,1,1,1,1,1,0,1,1,0,0,1,1,0,0,0,1,0,0.618313
1,1,0,0,0,1,0,1,0,0,1,1,1,1,1,0,0,1,0,0,0,1,0,0,0,1,1,1,0,1,1,1,0.650575
0,1,1,1,0,0,0,0,1,0,1,1,1,0,0,1,0,0,1,0,0,1,0,0,0,1,1,0,0,1,0,1,0.640239
0,0,0,1,1,0,1,1,1,1,0,0,1,1,0,0,0,1,1,1,1,0,0,1,1,1,1,1,1,1,0,1,0.601183
1,0,1,1,1,0,0,0,1,0,1,1,1,0,0,0,1,0,0,0,1,1,0,0,1,1,1,0,1,0,0,1,0.623508
0,1,1,1,1,0,0,0,1,0,0,0,0,1,0,0,0,1,0,1,0,1,1,1,1,1,1,1,1,0,0,0,0.747309
1,1,1,1,1,0,0,0,0,1,0,0,1,1,0,1,1,1,1,1,0,1,0,0,0,1,1,1,0,1,1,0,0.640718
0,0,1,1,0,1,0,1,1,1,0,1,1,1,0,1,0,0,1,1,0,0,0,1,0,0,1,0,0,0,0,1,0.594469
1,0,1,0,0,1,0,1,0,0,0,1,1,1,0,1,1,0,0,0,1,1,0,1,0,0,0,0,0,0,0,1,0.804801
1,1,1,1,0,1,0,0,0,1,1,1,1,1,0,1,1,1,1,1,0,1,1,1,0,1,0,1,0,0,1,1,0.586690
0,0,0,1,1,1,1,0,1,1,0,0,0,0,1,1,0,1,0,1,0,1,0,0,1,0,0,0,1,0,0,0,0.805227
0,0,1,1,1,0,1,1,1,1,1,0,1,1,0,1,0,0,1,1,1,0,1,1,0,1,0,1,0,0,0,1,0.630222
0,0,0,1,0,0,0,1,1,1,1,1,0,1,0,1,0,0,0,0,0,1,1,1,0,0,1,1,0,0,0,1,0.550325
1,0,0,0,1,0,1,0,0,0,1,0,0,0,0,0,0,0,1,0,1,0,0,0,0,1,1,0,1,0,1,1,0.646340
0,1,0,1,0,1,1,0,0,0,0,0,0,0,0,1,0,1,1,0,0,1,0,1,1,1,1,0,1,0,1,1,0.687047
1,1,1,1,1,0,0,1,0,1,1,1,0,1,0,1,0,1,0,0,0,0,1,1,1,1,0,0,1,0,0,0,0.668025
1,1,1,0,0,0,0,1,1,1,0,0,0,1,0,1,1,1,0,1,0,0,0,0,0,0,1,0,1,0,1,0,0.602515
0,1,1,1,0,1,1,1,1,0,1,1,1,1,1,1,0,1,0,1,0,0,1,0,0,1,1,1,1,0,0,0,0.771206
1,0,1,0,1,1,1,0,1,1,1,0,0,1,1,0,0,0,1,1,1,1,1,0,0,0,0,0,0,0,0,1,0.622975
1,1,1,0,1,0,0,1,0,0,1,1,0,1,1,1,0,0,1,0,0,1,1,0,0,1,0,1,1,0,0,1,0.604566
1,0,0,0,0,1,0,0,0,1,0,0,0,0,1,1,0,1,1,1,0,0,1,1,0,1,0,1,1,1,0,0,0.606618
1,1,0,1,1,1,0,1,0,0,0,1,1,1,1,0,1,0,0,1,0,0,0,0,1,0,0,1,0,0,1,0,0.606698
1,1,0,0,0,0,1,1,1,0,1,0,0,0,0,0,0,0,1,0,0,0,0,1,1,1,0,0,1,1,1,1,0.758205
1,0,0,1,0,1,0,1,1,1,0,0,1,0,1,1,0,0,0,0,1,1,0,0,1,0,1,0,0,1,0,1,0.792919
1,0,0,1,0,1,1,1,0,1,1,0,0,0,0,1,0,0,1,0,1,1,0,0,0,0,1,0,0,0,1,1,0.558824
1,0,0,0,1,0,0,0,0,1,0,1,1,0,0,1,0,0,0,1,1,0,0,1,1,1,1,0,0,1,0,0,0.566549
1,1,1,1,0,1,1,1,1,1,0,1,1,0,0,1,1,0,0,0,1,0,0,1,1,0,1,0,0,1,0,1,0.624654
1,1,0,1,1,0,1,0,1,0,1,1,1,0,1,1,1,1,1,1,1,1,1,0,1,0,1,1,0,1,1,0,0.605072
1,0,0,0,0,1,1,0,0,0,1,1,1,0,1,1,1,1,0,0,0,0,0,1,0,0,1,1,1,1,1,0,0.760363
0,0,0,0,1,1,1,0,0,0,0,1,1,0,1,1,1,1,1,1,0,1,0,1,1,0,0,1,0,0,1,0,0.696078
1,0,1,0,1,0,0,0,0,1,1,1,0,0,1,0,0,0,0,1,0,1,1,0,0,0,1,0,0,0,0,1,0.587649
1,1,1,0,1,0,1,1,0,1,1,0,1,0,0,1,1,0,1,0,0,0,1,1,0,1,0,0,0,1,1,1,0.726050
1,0,0,0,1,1,1,0,1,0,1,1,1,0,0,1,1,0,1,0,1,1,0,0,1,1,1,0,1,0,0,1,0.589408
0,1,0,0,1,1,1,1,1,1,0,1,0,0,1,0,1,1,0,0,1,1,0,1,0,0,0,0,1,0,0,0,0.828724
1,1,1,0,1,1,1,0,0,0,1,0,1,1,0,1,1,0,1,1,1,0,0,0,1,1,0,1,0,0,0,1,0.674286
1,1,0,0,1,1,1,1,1,0,0,0,1,1,1,1,1,0,1,1,1,0,0,1,1,0,1,0,1,1,0,1,0.593697
1,0,1,1,1,1,0,0,0,1,0,1,0,0,0,0,1,0,1,1,1,0,0,1,0,0,0,0,0,0,0,1,0.608296
0,0,0,1,0,1,1,0,1,1,0,1,1,0,1,1,1,1,0,1,0,0,1,0,0,1,1,1,0,1,0,0,0.622469
0,1,0,1,0,0,1,0,0,0,1,1,0,1,1,1,1,0,0,1,0,0,0,0,1,0,1,0,0,0,0,0,0.738251
1,1,0,1,1,0,0,1,0,0,0,0,0,1,0,1,1,0,0,0,1,1,0,0,0,0,0,0,1,0,0,1,0.826673
1,0,1,1,1,0,1,1,1,1,0,0,1,0,0,1,0,1,1,1,0,0,1,1,0,1,0,0,1,1,1,0,0.592018
1,1,0,0,1,1,0,1,0,0,0,0,0,0,0,0,0,1,0,0,0,0,0,0,0,0,1,1,1,0,0,1,0.623029
0,0,0,0,0,1,0,0,1,1,0,1,1,1,0,0,1,1,1,0,0,1,0,0,1,1,0,0,1,0,1,0,0.693441
1,1,0,1,1,0,1,1,0,1,1,0,0,1,0,0,0,0,1,1,1,1,1,1,1,0,0,1,1,1,0,1,0.606085
0,1,1,1,1,0,0,1,0,1,1,0,1,0,1,0,0,1,0,0,0,1,1,1,1,0,1,1,0,1,1,1,0.577605
0,1,0,1,0,0,0,1,1,0,1,0,0,0,1,1,0,0,1,1,1,0,1,0,1,0,1,1,0,1,0,1,0.643835
0,0,1,0,0,1,0,0,0,0,1,0,0,0,0,1,0,1,1,0,0,1,0,1,1,0,0,1,0,1,0,0,0.584106
0,1,0,1,1,0,1,1,1,0,1,1,0,0,0,0,1,1,0,0,0,0,0,1,1,1,0,0,1,1,1,0,0.695119
0,0,1,1,0,0,0,1,1,1,1,1,1,1,0,1,1,0,1,0,1,0,0,1,1,1,1,0,0,1,1,0,0.695679
0,1,1,0,1,1,1,0,1,0,1,1,1,1,0,1,0,0,0,1,1,1,0,1,0,1,0,1,1,1,1,0,0.597213
1,1,1,1,1,1,1,1,0,1,0,0,0,0,1,0,0,1,0,0,0,1,0,1,0,1,1,0,1,1,1,0,0.763347
1,1,1,1,0,1,0,1,0,0,1,1,0,1,1,0,0,1,0,1,0,0,0,1,1,0,1,0,1,0,1,0,0.683184
0,0,1,1,0,0,1,1,1,1,0,0,0,0,1,1,0,0,0,0,0,1,0,1,0,1,0,1,1,0,1,0,0.754662
0,1,0,0,1,1,1,0,0,1,0,1,1,0,1,0,1,0,0,0,0,0,1,1,1,0,1,1,0,0,1,0,0.577126
0,0,1,1,0,1,1,1,1,0,0,1,1,0,1,1,1,0,1,1,1,1,0,0,1,0,0,1,0,0,0,0,0.745897
1,0,0,0,0,0,0,1,0,0,0,1,1,0,0,1,1,0,1,1,1,1,0,1,0,1,1,0,1,1,1,1,0.651028
1,0,1,0,0,0,0,0,1,0,1,1,0,0,1,1,0,1,0,1,0,0,1,1,0,1,0,1,0,0,1,1,0.756634
1,0,0,1,1,1,1,0,1,1,0,1,0,1,0,1,1,0,0,0,1,1,0,0,0,0,0,0,0,1,1,0,0.821665
0,0,0,1,0,0,0,0,1,1,1,1,0,0,1,0,0,0,1,0,1,0,0,0,0,1,1,0,0,0,0,0,0.792759
0,1,1,0,0,0,0,1,0,1,0,1,1,1,1,0,0,1,1,1,0,0,0,0,0,0,1,1,0,0,0,1,0.614370
0,1,1,0,1,1,1,0,1,0,0,0,1,0,1,0,1,0,1,1,1,0,1,0,0,0,0,1,1,1,1,1,0.616555
1,1,0,1,1,0,0,1,0,0,1,1,0,1,0,1,1,0,0,1,1,1,1,0,0,1,0,1,0,0,1,0,0.612399
0,0,1,1,1,0,0,0,0,1,0,1,1,0,0,0,0,1,1,0,0,0,0,0,1,0,1,1,0,0,0,1,0.600197
0,0,0,1,1,0,0,1,1,1,1,0,1,0,0,1,1,0,1,0,1,0,1,1,0,0,0,0,0,1,1,0,0.628490
0,1,1,0,1,0,1,0,0,1,1,1,1,0,1,0,1,1,1,1,1,0,1,0,1,0,1,1,0,0,0,0,0.736466
1,0,0,0,0,1,1,0,0,1,1,0,1,1,0,0,1,0,1,0,1,1,1,1,0,1,1,1,0,0,1,1,0.579843
1,0,0,0,0,0,1,0,0,0,1,1,0,1,0,0,1,1,0,1,1,1,1,1,0,0,0,1,1,1,0,0,0.618446
0,0,0,0,1,0,1,0,1,0,0,1,0,0,1,1,0,1,1,1,1,0,0,0,1,1,1,1,1,1,0,1,0.613864
1,1,0,1,1,0,1,1,0,0,0,1,0,0,0,1,1,0,0,0,1,1,1,1,0,0,0,1,1,0,0,1,0.820492
0,0,0,0,0,0,0,0,0,1,1,0,0,0,0,1,0,1,1,1,0,0,0,0,0,1,1,1,0,0,0,1,0.781516
1,0,0,1,0,1,1,1,1,0,1,1,1,1,0,0,0,1,0,0,1,1,1,1,0,1,1,1,1,1,1,1,0.609761
1,1,1,1,0,0,0,0,1,1,1,1,0,1,1,0,0,1,0,0,0,0,0,1,0,1,1,1,1,1,1,0,0.724824
0,0,1,0,1,1,1,1,1,0,1,1,1,0,1,1,1,0,0,0,0,1,1,1,1,1,1,0,1,1,1,1,0.595588
0,1,0,0,1,0,0,1,1,0,1,0,0,1,0,1,0,1,1,0,1,0,1,0,1,1,1,0,0,1,0,1,0.659633
0,1,1,0,1,0,1,1,0,1,1,1,1,1,0,1,1,1,0,1,1,0,1,1,0,1,0,1,1,0,0,0,0.631207
1,0,0,0,0,0,1,1,1,0,0,1,0,1,0,0,1,1,0,0,1,1,1,0,0,1,0,0,0,1,0,1,0.820972
0,0,0,0,1,0,1,1,0,0,0,0,1,1,0,0,0,0,0,0,0,0,0,1,0,1,1,1,0,1,1,1,0.503810
0,0,0,1,0,0,1,1,1,0,0,1,1,1,1,0,0,1,0,0,0,1,0,1,0,0,1,1,1,0,0,0,0.663177
1,1,1,0,0,1,0,0,0,1,1,1,1,0,1,1,0,1,1,0,1,0,0,1,1,1,0,1,1,0,1,1,0.635417
0,0,1,1,1,0,1,0,0,1,0,1,1,0,0,0,1,0,0,1,0,0,0,1,1,1,1,1,0,1,0,1,0.591938
1,0,1,1,1,1,0,0,0,1,0,1,0,0,0,1,0,1,1,0,0,0,0,0,0,1,0,1,0,0,0,0,0.591565
0,0,1,0,0,1,1,0,0,0,1,1,1,0,0,1,1,1,0,1,0,1,0,1,0,0,0,0,1,1,0,0,0.604113
0,0,0,1,0,1,0,0,0,0,1,1,1,1,0,0,0,1,0,1,0,0,1,0,1,1,0,1,0,1,1,1,0.577046
0,0,0,0,1,1,1,1,1,0,1,1,1,1,0,0,0,0,1,0,1,1,1,1,0,0,1,0,0,1,1,1,0.574915
0,0,1,0,1,1,1,0,0,1,0,0,1,0,0,0,0,0,1,0,0,0,0,0,1,1,1,0,0,0,1,1,0.569933
0,1,0,0,0,1,0,1,1,0,1,1,0,0,0,0,1,0,0,0,1,0,1,0,0,0,0,1,0,1,0,0,0.583733
1,1,0,1,0,0,1,0,0,1,0,0,0,0,0,1,0,0,1,1,1,1,1,1,1,0,0,1,0,1,0,0,0.787644
0,0,0,0,1,1,0,1,0,1,0,1,1,1,0,1,1,0,0,1,0,0,1,0,0,1,1,1,1,1,0,0,0.600064
1,1,1,0,1,1,0,0,1,1,0,1,1,0,0,0,1,1,1,1,0,1,0,1,0,1,1,0,0,0,1,0,0.668292
1,1,1,1,1,1,1,1,0,1,1,1,0,1,1,0,1,1,1,1,0,0,0,0,1,1,1,0,1,1,1,0,0.773950
1,1,0,1,1,1,1,1,1,0,0,0,1,0,1,1,1,1,1,1,0,0,1,0,0,1,0,0,0,1,1,1,0.594230
0,1,1,1,1,1,0,1,0,0,0,0,0,1,1,0,1,1,0,1,0,1,0,0,1,0,1,0,0,1,0,1,0.754715
1,0,0,1,1,1,1,0,1,0,0,1,1,0,1,1,0,1,0,0,0,0,1,0,0,0,0,1,1,0,1,0,0.629955
1,1,1,0,0,1,0,0,0,0,1,0,0,1,0,0,0,0,0,0,1,1,0,1,1,0,0,0,1,0,0,0,0.653959
1,1,1,0,0,1,1,1,1,1,0,0,1,1,1,1,1,0,0,1,0,0,0,0,0,1,0,1,0,0,1,1,0.601183
1,1,1,0,1,0,0,0,0,0,1,1,0,0,0,0,1,1,1,1,1,0,0,0,0,1,0,1,1,0,0,0,0.738331
1,1,0,1,0,0,1,1,0,0,1,1,0,0,0,0,1,1,1,0,1,0,1,1,1,0,1,0,1,1,1,1,0.676524
1,1,1,0,0,0,1,0,0,1,1,1,1,0,0,0,1,0,0,0,0,1,0,1,1,0,1,0,0,1,1,1,0.585971
1,1,1,0,0,1,0,1,0,0,0,0,0,0,1,1,1,1,1,0,1,1,0,1,1,1,1,0,1,0,1,1,0.731831
1,1,1,0,0,1,0,0,0,1,1,1,1,0,1,0,0,0,0,1,1,1,0,0,1,1,0,1,1,1,1,0,0.606884
0,0,0,1,1,0,0,1,0,0,0,0,1,1,0,0,1,0,0,0,0,0,0,1,0,0,0,1,1,0,0,1,0.585385
1,1,1,1,1,1,1,1,1,1,1,1,0,0,0,0,0,0,1,0,0,0,1,0,0,0,1,0,0,0,0,1,0.751412
1,0,0,0,0,0,0,1,1,1,0,1,0,1,0,1,1,1,1,0,0,1,1,0,1,1,1,0,0,1,1,1,0.674979
0,1,1,1,1,0,0,1,0,1,0,0,1,1,0,1,1,1,0,0,0,0,1,0,1,1,1,1,1,0,0,0,0.591779
1,0,0,0,1,0,1,1,1,1,1,1,1,1,1,0,1,1,1,1,0,0,1,0,1,1,1,0,0,0,1,1,0.842738
0,0,1,0,0,0,0,0,0,0,0,0,0,0,0,1,0,1,0,0,0,1,1,1,1,1,1,0,0,0,1,1,0.751012
0,0,1,1,0,0,1,0,0,0,0,0,0,1,0,0,1,1,0,1,1,1,0,0,1,1,0,0,1,0,1,0,0.802376
1,0,0,1,1,0,0,0,0,0,1,1,1,0,1,0,1,1,0,1,1,1,1,0,1,1,0,1,0,0,1,1,0.606298
0,0,1,1,0,1,1,0,1,1,0,1,0,1,0,0,1,1,0,0,1,0,0,1,0,0,0,1,0,0,0,1,0.616661
0,1,0,1,0,1,1,1,0,0,0,0,1,0,0,1,1,1,1,0,0,0,1,1,1,1,0,0,0,0,0,1,0.577952
0,1,0,0,1,1,1,1,1,0,1,1,1,1,1,0,1,1,0,1,1,1,0,0,0,1,1,0,0,0,0,1,0.602195
0,0,1,0,0,1,1,1,0,1,1,0,1,0,0,1,1,1,0,1,0,0,1,1,1,1,0,1,0,0,1,1,0.693308
1,0,1,1,1,0,1,0,1,0,1,1,0,1,0,1,0,0,1,1,0,1,1,1,0,1,0,1,0,0,0,0,0.605765
0,0,1,0,1,0,0,1,0,0,0,0,0,1,1,0,1,1,1,0,1,0,1,1,1,0,1,0,1,1,1,0,0.606325
0,0,0,0,0,0,1,0,0,1,1,1,1,1,1,1,0,0,0,1,0,1,0,0,0,0,0,1,0,0,1,1,0.588289
