0,0,1,1,1,0,0,1,0,1,1,0,1,0,0,1,1,0,0,0,1,0,1,1,1,1,0,0,0,0,1,1,0.631394
1,1,0,1,1,0,1,0,0,0,1,0,0,1,0,1,0,0,1,0,1,1,0,1,1,1,1,0,0,1,1,1,0.643196
1,1,0,1,0,1,1,0,1,0,0,0,0,0,1,0,1,1,0,1,1,1,0,0,1,1,0,0,0,1,1,1,0.626652
0,0,0,1,1,1,1,0,0,0,1,1,1,1,0,1,1,0,0,1,1,1,1,0,0,0,0,0,0,1,1,0,0.618873
0,1,1,1,0,1,1,1,1,0,1,1,1,1,1,0,1,0,1,0,1,1,0,0,1,1,1,1,0,0,0,1,0.729486
0,1,1,0,1,0,0,1,0,1,0,0,1,0,0,1,1,1,0,1,0,0,0,1,1,1,0,1,1,1,0,0,0.711850
0,0,1,0,1,1,1,0,0,1,0,1,1,1,0,0,0,1,0,0,0,1,1,1,0,0,1,1,0,1,1,1,0.598412
1,1,0,0,0,0,1,0,1,0,1,0,1,0,1,0,0,1,0,0,1,0,1,0,1,0,1,1,0,1,0,1,0.647245
1,1,0,1,1,0,1,0,0,1,0,0,1,1,1,1,1,1,0,0,1,0,1,0,0,1,1,0,1,1,0,1,0.534074
1,0,0,0,0,0,0,0,1,0,0,1,0,1,0,1,1,1,1,0,0,1,1,0,1,1,0,1,0,0,1,1,0.791667
1,1,0,0,0,0,0,0,1,0,1,1,0,1,1,0,1,1,0,1,1,0,0,1,1,0,1,0,0,1,0,1,0.641731
1,0,1,1,1,1,1,0,0,0,1,0,1,1,0,0,1,1,0,1,0,1,0,0,1,0,1,1,1,1,0,1,0.575634
0,0,0,0,0,0,0,1,1,0,0,0,1,0,0,1,0,1,1,1,1,1,0,1,1,1,0,1,1,0,1,0,0.772565
0,1,1,1,0,0,0,1,0,0,1,0,1,0,0,0,1,0,0,1,1,1,0,1,1,0,0,0,0,0,0,0,0.656037
0,1,0,0,0,0,0,1,0,1,0,0,1,0,0,1,1,1,0,0,0,1,1,0,0,0,1,1,1,1,0,0,0.792386
0,1,0,0,0,0,1,0,1,0,0,0,0,0,1,1,1,1,1,1,1,1,0,1,1,0,1,0,0,0,1,0,0.830536
0,0,0,0,0,0,0,1,0,0,0,0,0,0,1,0,1,0,0,1,1,0,0,1,1,0,0,0,0,0,1,1,0.666640
1,1,0,0,0,1,1,0,1,0,0,0,0,1,0,1,0,1,0,0,0,1,1,0,0,0,0,1,1,1,0,1,0.640239
0,1,0,0,0,0,0,0,1,1,0,1,1,0,0,0,0,1,0,0,1,0,0,0,0,0,0,0,0,0,0,1,0.885790
0,1,0,1,1,1,0,0,1,0,1,0,1,0,1,1,0,1,0,0,1,1,0,0,1,1,0,1,1,1,0,1,0.617620
0,1,0,0,0,1,1,0,0,1,1,0,1,0,1,0,0,0,0,1,0,1,1,1,1,1,1,1,0,1,0,0,0.796169
1,1,0,0,0,0,1,0,0,1,0,1,0,1,1,1,0,1,0,0,0,0,0,0,0,1,0,0,1,0,1,0,0.822304
0,1,1,1,0,1,0,1,0,1,0,0,1,1,1,0,0,0,0,0,1,1,0,0,1,0,0,0,1,0,1,1,0.747949
0,0,1,0,0,0,0,0,0,0,1,1,0,0,0,0,0,1,0,1,1,1,0,1,0,0,0,0,1,0,1,1,0.668691
0,0,0,0,0,0,1,0,0,1,1,1,0,1,0,1,0,0,0,0,0,0,0,1,1,1,0,0,0,1,1,0,0.854593
1,0,0,0,0,0,0,0,1,1,0,0,0,1,0,0,1,1,1,1,1,1,1,0,0,0,1,1,1,0,1,0,0.651694
0,0,0,1,1,1,1,0,1,0,1,0,0,0,1,1,1,1,1,1,0,1,1,0,1,0,0,0,0,0,0,1,0.763161
0,0,0,1,1,1,0,1,1,1,1,0,1,1,1,1,0,0,0,1,1,0,0,0,0,1,1,1,1,1,0,0,0.659207
1,1,0,0,0,0,0,0,0,0,0,0,1,0,0,1,1,1,1,0,1,0,1,0,1,0,0,0,1,1,1,0,0.806266
0,1,1,1,0,0,0,1,0,0,0,0,1,1,0,0,1,1,0,0,1,1,0,0,1,1,1,1,0,1,0,1,0.640745
0,0,1,1,1,0,0,0,1,0,0,1,1,1,0,0,1,1,1,1,1,1,1,1,1,0,1,1,0,1,1,0,0.645833
0,0,1,0,0,1,1,1,1,1,1,1,1,0,1,1,1,0,0,1,1,1,0,1,0,0,1,1,0,1,0,1,0.731325
0,1,0,0,0,0,0,1,0,1,1,0,0,1,0,1,0,0,0,1,1,1,1,0,1,1,1,1,0,1,1,1,0.807891
0,0,1,1,1,0,1,1,0,1,0,0,1,0,1,0,0,0,0,1,1,1,1,0,1,0,0,1,0,1,0,0,0.633712
0,0,1,1,1,0,1,1,1,1,1,1,1,0,0,0,0,1,0,1,1,1,1,0,0,0,0,1,1,0,0,0,0.638454
0,0,0,0,0,0,1,1,0,0,0,1,0,1,1,0,1,0,1,0,0,0,1,0,0,1,1,1,1,0,1,1,0.811594
1,1,0,0,1,0,1,1,0,1,0,0,1,0,0,0,0,1,0,1,1,0,0,1,0,0,0,1,0,1,0,0,0.710731
1,1,0,0,1,0,0,1,1,0,0,0,0,1,0,1,1,0,0,1,0,1,1,0,1,0,0,0,0,1,0,1,0.629609
1,0,0,1,1,1,1,1,1,0,1,0,0,0,1,1,1,0,1,0,1,1,0,0,0,0,0,1,0,0,1,0,0.711637
1,1,1,0,0,0,0,0,0,1,0,1,1,1,1,1,0,1,0,0,0,0,1,1,0,0,1,0,0,1,0,0,0.808903
1,1,0,1,0,0,1,1,1,1,0,1,1,1,1,1,1,0,1,1,0,0,1,0,1,0,0,1,1,0,1,0,0.620631
0,1,1,1,0,0,1,0,0,0,1,0,0,1,0,1,0,0,1,0,1,1,0,1,1,0,0,1,0,0,1,1,0.832161
1,0,0,0,0,0,0,1,1,1,1,1,0,0,1,1,1,0,1,0,0,0,1,1,0,1,1,0,1,1,1,1,0.722640
1,1,0,0,0,0,1,1,0,0,1,1,1,1,0,1,0,0,1,0,1,1,0,1,1,1,0,1,1,0,0,0,0.747203
1,1,1,0,1,0,1,0,1,1,1,1,1,0,0,0,1,1,0,1,0,0,1,1,0,0,0,0,0,0,1,1,0.648684
1,1,0,0,0,1,0,0,0,1,1,0,1,0,0,0,0,1,0,0,1,1,0,1,0,0,0,0,0,1,0,1,0.806479
0,1,1,1,0,0,1,1,1,1,1,1,0,1,0,1,0,1,0,1,0,1,0,0,1,1,1,0,1,1,1,0,0.799872
0,0,0,0,1,1,1,0,1,1,0,1,1,1,1,0,1,0,1,0,0,1,0,0,1,0,0,1,1,0,1,0,0.629422
0,0,0,1,0,0,0,0,1,1,1,0,1,1,0,0,1,0,1,1,1,0,0,0,1,0,1,1,1,0,0,1,0.650602
1,1,0,1,1,1,0,0,0,0,1,0,0,0,1,0,0,0,0,0,1,0,0,1,1,1,1,0,1,0,1,0,0.609761
0,1,0,1,0,0,1,1,1,0,0,1,0,1,0,1,0,1,1,0,0,1,0,1,1,1,0,1,1,0,0,1,0.752158
0,1,1,0,0,1,0,0,0,1,1,0,0,1,0,0,1,1,0,1,1,0,1,0,0,0,1,1,1,0,0,0,0.741288
0,1,0,0,1,1,0,0,1,0,0,1,0,1,0,0,1,0,1,0,0,1,1,0,1,0,0,0,1,1,0,1,0.592391
1,1,1,1,0,1,0,0,0,0,0,0,1,0,1,1,0,1,1,0,0,0,0,1,0,0,1,0,1,0,1,0,0.825021
0,1,0,1,0,0,1,0,0,0,0,1,1,0,1,1,0,1,1,1,0,1,0,0,1,0,1,1,0,0,1,1,0.861093
0,0,1,0,1,1,0,0,0,0,1,1,1,1,0,1,0,1,0,0,0,1,1,0,0,0,0,1,1,1,1,1,0.598146
0,0,1,0,1,0,0,0,0,0,1,0,0,0,0,0,0,1,1,1,1,1,1,0,1,0,1,0,1,0,1,0,0.769208
1,1,0,1,0,1,1,0,0,1,1,1,0,1,0,0,1,1,0,0,1,0,0,1,1,0,1,0,1,1,1,1,0.773790
0,1,1,1,1,0,1,0,1,1,0,0,1,0,0,1,1,1,0,1,0,1,0,1,1,0,1,0,1,0,1,0,0.622842
1,1,1,0,0,1,0,1,0,1,1,0,1,0,1,0,0,0,1,0,1,0,1,1,1,1,1,1,0,0,0,0,0.638587
1,1,1,1,0,1,1,0,0,1,1,0,1,0,1,0,0,0,0,0,1,1,0,0,1,1,1,1,0,0,0,1,0.791427
0,1,1,1,1,1,1,0,0,1,0,1,1,0,1,0,1,1,0,1,0,0,1,1,0,1,0,1,1,0,0,1,0.623615
1,0,1,1,0,1,0,1,1,0,1,1,0,0,1,1,0,0,0,0,1,0,0,0,0,1,0,0,1,0,0,0,0.635310
0,1,0,1,0,0,0,1,0,0,1,1,0,1,1,0,0,0,1,0,1,0,1,1,1,0,0,0,1,0,0,1,0.792253
1,1,1,0,0,1,0,1,1,0,1,0,1,0,1,1,0,0,0,0,0,1,1,1,0,1,1,1,1,0,1,1,0.614610
1,0,0,1,0,1,1,0,1,0,1,0,0,0,0,1,0,1,1,0,1,0,1,0,1,1,1,0,1,0,0,1,0.744805
0,1,0,0,1,1,1,0,0,1,1,0,0,0,1,1,1,1,0,1,1,1,1,1,0,0,1,1,1,1,0,0,0.615729
1,0,0,1,1,1,0,1,0,0,0,1,1,0,1,1,0,0,1,1,1,1,1,0,0,1,0,1,0,0,1,0,0.626572
0,1,0,0,0,0,0,1,0,0,1,1,0,0,1,1,0,0,0,0,0,0,1,0,0,0,0,0,1,0,0,1,0.670716
0,0,1,0,0,1,0,0,1,0,0,1,1,0,1,0,0,0,0,0,1,1,1,1,1,1,0,0,1,1,1,0,0.657955
0,0,0,0,1,1,1,1,0,0,0,0,1,1,0,0,1,1,0,0,1,0,1,0,1,0,1,1,0,1,1,1,0.543825
0,0,1,1,0,1,1,0,1,0,0,1,0,1,0,1,0,1,1,0,1,1,1,0,1,1,0,1,0,0,0,0,0.763640
0,1,0,1,0,1,0,0,1,0,0,0,1,0,1,0,0,0,0,0,1,0,0,1,0,1,0,0,0,1,1,1,0.683610
0,1,1,1,0,1,0,0,0,1,0,1,0,0,1,1,1,1,0,1,1,0,1,0,0,0,1,1,1,0,1,1,0.726130
0,1,0,1,1,0,1,1,1,1,0,0,1,1,0,0,0,1,1,1,1,1,1,1,0,1,1,1,0,0,1,1,0.496430
0,1,1,0,0,0,1,1,1,1,0,1,0,0,1,1,0,0,1,1,0,1,1,0,0,0,0,0,1,0,0,0,0.755435
0,1,0,0,1,0,1,0,1,1,0,0,0,0,0,0,1,1,0,1,1,0,0,0,0,0,1,0,1,1,0,1,0.640958
1,0,1,1,0,1,0,0,0,0,1,0,0,1,1,1,1,0,1,0,0,0,0,0,0,1,1,0,0,1,0,1,0.821718
0,0,1,0,0,0,1,0,0,1,1,0,1,1,1,0,0,0,0,0,1,1,1,0,1,0,1,1,1,1,1,0,0.755115
1,0,0,1,0,0,0,1,1,1,0,0,0,1,1,1,1,1,0,1,1,0,1,1,1,1,1,0,0,0,0,0,0.806479
0,0,0,1,0,1,0,1,0,0,1,1,1,1,1,1,0,0,1,1,1,0,1,1,1,1,1,1,0,1,1,0,0.749973
0,1,0,0,0,0,0,1,1,0,1,0,1,0,0,1,0,1,0,1,1,1,1,1,0,0,1,0,0,1,1,0,0.684516
1,1,1,0,1,1,0,1,0,0,0,0,0,1,0,0,1,1,1,1,0,1,1,1,1,0,0,0,1,0,0,0,0.552536
0,0,0,0,0,1,0,1,1,1,1,1,1,0,1,1,1,1,1,1,0,0,0,0,1,1,1,1,1,1,1,1,0.647831
0,0,1,0,0,1,1,0,0,0,0,1,0,1,0,0,0,0,0,0,1,0,1,1,0,1,1,1,0,1,0,0,0.669597
1,0,0,1,1,1,1,1,0,1,1,1,0,1,1,1,1,0,1,1,1,0,1,1,0,0,0,1,0,1,1,0,0.599691
0,1,0,1,0,0,0,1,1,0,1,0,0,1,0,1,0,1,1,1,0,0,1,1,0,0,1,0,1,1,0,1,0.814924
1,0,0,1,1,0,0,1,1,0,0,1,1,1,0,0,0,1,0,1,0,0,0,1,1,1,0,0,1,1,0,0,0.636269
1,1,1,1,1,1,1,1,1,1,1,0,0,0,0,1,0,0,1,1,0,0,1,1,1,0,1,1,1,1,1,1,0.405691
1,1,1,0,1,1,0,0,0,0,0,0,1,1,1,1,0,0,0,0,0,0,0,1,0,1,0,0,0,1,1,1,0.630754
0,0,0,0,1,0,1,1,0,1,0,1,0,0,0,0,1,1,0,1,0,0,0,0,1,1,1,0,0,0,0,0,0.671409
1,0,0,0,1,0,0,0,1,1,1,1,0,0,1,0,0,1,1,1,0,0,0,0,0,0,1,1,1,1,0,1,0.550405
1,0,1,1,1,1,0,1,1,0,1,1,0,0,1,0,1,1,0,0,1,1,1,1,0,0,1,0,1,0,0,1,0.571638
1,0,0,0,0,0,1,1,0,1,0,0,1,0,0,0,0,1,1,1,1,0,0,1,1,1,1,1,1,1,1,1,0.661925
0,1,1,0,0,0,0,0,1,0,0,0,1,0,1,0,1,1,0,1,1,1,1,0,1,0,0,0,0,1,1,0,0.658728
1,1,1,1,1,0,0,0,0,1,0,1,0,1,0,1,0,1,0,0,1,0,1,1,1,0,1,0,1,1,1,0,0.558504
0,1,1,1,1,0,1,0,1,0,1,0,1,1,0,1,0,1,1,0,0,1,1,0,0,0,1,1,1,1,0,0,0.637175
1,0,0,1,0,1,1,0,1,0,1,0,0,0,1,0,0,0,1,0,0,1,1,0,1,0,1,0,1,1,0,1,0.760763
1,1,1,1,0,1,1,1,0,1,1,0,0,1,1,1,0,0,0,1,0,1,0,1,1,1,1,0,0,1,0,1,0.778906
0,1,0,0,1,1,0,1,1,0,1,1,1,1,0,0,1,0,1,0,1,0,0,1,1,1,0,1,0,0,1,0,0.607950
1,1,1,0,1,0,0,1,0,1,0,0,0,0,1,0,1,1,1,1,0,1,0,0,1,0,1,0,1,0,0,0,0.644395
1,0,1,0,0,1,0,1,1,0,1,0,0,0,0,0,0,1,1,0,1,1,1,1,0,0,0,1,1,0,0,0,0.755541
1,1,0,0,0,0,1,1,0,0,1,0,0,0,0,0,1,0,1,0,0,0,1,1,0,0,0,1,1,0,1,0,0.822597
1,1,1,1,1,1,1,1,1,0,1,1,0,1,0,1,0,0,0,0,0,0,1,1,1,1,0,1,0,1,0,0,0.619086
1,1,0,1,0,0,1,0,1,0,0,1,1,1,1,1,1,0,1,0,1,1,0,0,1,1,0,0,1,0,1,1,0.760417
0,0,0,1,0,0,1,1,1,1,0,1,0,0,0,0,1,0,0,1,0,0,0,1,0,0,1,0,1,1,0,0,0.771393
1,0,0,1,1,0,1,0,1,1,0,1,0,0,0,0,0,0,0,1,1,0,0,0,1,0,0,0,0,0,1,0,0.660033
0,0,1,1,0,0,1,1,0,1,1,0,0,1,1,1,1,1,1,1,0,1,1,1,0,0,0,0,1,1,1,1,0.539402
0,1,0,0,1,1,0,0,0,1,1,1,1,1,1,1,1,0,0,1,1,0,1,1,0,0,0,1,1,1,1,0,0.630541
1,0,0,1,1,1,0,0,0,0,1,0,0,0,1,0,0,1,0,0,0,1,1,1,1,1,1,1,0,0,0,1,0.611520
0,0,0,0,0,0,0,0,1,0,0,1,1,0,1,0,1,1,1,0,1,1,1,0,1,1,1,0,1,0,1,0,0.771739
0,0,1,0,1,0,0,1,1,0,1,1,1,0,1,1,1,0,0,1,0,1,1,1,0,1,1,0,1,1,0,1,0.587729
1,0,0,1,0,0,0,1,1,1,0,1,0,0,0,0,0,0,0,0,0,0,0,1,1,0,0,1,0,0,1,1,0.848092
0,0,1,0,0,0,1,1,0,1,0,0,0,0,0,1,0,1,0,0,0,1,1,1,1,0,0,0,0,0,0,0,0.780291
1,0,0,1,1,0,0,0,1,0,0,1,0,0,1,1,0,0,1,0,1,1,1,0,1,1,1,0,1,0,0,1,0.717231
1,1,0,0,1,0,0,0,1,1,0,0,1,0,1,1,1,1,1,0,1,1,0,0,0,1,0,1,0,1,0,1,0.543159
0,0,0,0,1,1,1,1,1,1,1,1,1,1,1,1,1,1,0,1,0,0,1,1,1,0,0,1,0,0,1,1,0.537697
1,0,0,1,1,1,0,0,1,1,0,1,0,1,0,1,1,1,0,1,0,1,0,1,0,1,0,0,0,0,1,1,0.737852
0,1,0,0,1,1,1,0,1,1,1,0,1,0,1,0,0,1,0,0,1,0,1,0,1,1,0,1,1,1,1,1,0.633552
1,1,1,1,1,0,0,1,0,0,0,0,0,1,0,1,1,0,1,1,0,0,0,1,1,0,1,1,1,1,0,1,0.658355
0,0,0,0,1,1,1,1,1,1,0,0,0,1,1,1,1,1,1,1,0,0,1,0,0,0,1,0,0,0,0,1,0.498135
0,0,0,0,0,0,1,0,0,1,1,0,1,0,0,1,0,1,1,1,1,1,0,0,1,1,1,0,1,0,0,0,0.668611
0,0,1,0,0,0,0,1,1,0,0,1,0,1,1,0,1,1,0,1,0,1,1,0,1,0,1,0,0,0,0,0,0.660006
0,1,1,0,1,0,0,1,1,1,1,0,1,0,0,0,0,0,1,0,0,0,1,0,1,0,0,0,1,1,1,1,0.506341
1,1,0,0,0,1,1,0,0,0,1,1,0,1,0,0,0,1,1,0,0,1,1,1,0,0,1,0,0,1,0,1,0.805946
0,0,1,0,0,0,1,1,1,1,0,1,1,1,1,0,1,1,0,1,1,0,0,1,0,1,1,0,1,0,0,1,0.760710
1,0,1,1,0,0,0,0,0,0,0,1,1,0,0,1,0,0,0,0,1,1,0,1,1,1,0,1,1,1,0,1,0.634538
1,0,0,1,1,1,0,1,0,0,1,0,1,0,1,0,0,1,0,1,1,1,1,0,1,0,0,0,0,0,0,0,0.562607
