1,0,0,1,1,1,0,0,0,0,1,0,0,0,1,0,0,1,0,0,0,1,1,1,1,1,1,1,0,0,0,1,0.602035
0,1,1,1,0,0,0,1,0,0,1,0,1,0,0,0,1,0,0,1,1,1,0,1,1,0,0,0,0,0,0,0,0.653479
0,1,0,1,0,0,1,1,1,0,0,1,0,1,0,1,0,1,1,0,0,1,0,1,1,1,0,1,1,0,0,1,0.733935
0,0,0,0,1,1,1,1,1,1,1,1,1,1,1,1,1,1,0,1,0,0,1,1,1,0,0,1,0,0,1,1,0.540761
1,1,0,0,0,0,1,0,1,0,1,0,1,0,1,0,0,1,0,0,1,0,1,0,1,0,1,1,0,1,0,1,0.649696
0,1,0,1,1,1,0,0,1,0,1,0,1,0,1,1,0,1,0,0,1,1,0,0,1,1,0,1,1,1,0,1,0.609095
1,0,0,1,1,1,0,1,0,0,0,1,1,0,1,1,0,0,1,1,1,1,1,0,0,1,0,1,0,0,1,0,0.624147
0,0,0,0,1,0,1,1,0,1,0,1,0,0,0,0,1,1,0,1,0,0,0,0,1,1,1,0,0,0,0,0,0.665628
1,1,1,0,0,1,0,1,1,0,1,0,1,0,1,1,0,0,0,0,0,1,1,1,0,1,1,1,1,0,1,1,0.610347
1,0,0,1,1,1,0,1,0,0,1,0,1,0,1,0,0,1,0,1,1,1,1,0,1,0,0,0,0,0,0,0,0.551977
0,1,0,1,0,1,0,0,1,0,0,0,1,0,1,0,0,0,0,0,1,0,0,1,0,1,0,0,0,1,1,1,0.676391
0,0,1,0,0,1,0,0,1,0,0,1,1,0,1,0,0,0,0,0,1,1,1,1,1,1,0,0,1,1,1,0,0.657529
0,0,0,1,0,0,1,1,1,1,0,1,0,0,0,0,1,0,0,1,0,0,0,1,0,0,1,0,1,1,0,0,0.750559
0,1,0,1,0,0,0,1,1,0,1,0,0,1,0,1,0,1,1,1,0,0,1,1,0,0,1,0,1,1,0,1,0.789136
0,1,0,0,1,1,0,0,0,1,1,1,1,1,1,1,1,0,0,1,1,0,1,1,0,0,0,1,1,1,1,0,0.628676
1,0,0,0,0,0,1,1,0,1,0,0,1,0,0,0,0,1,1,1,1,0,0,1,1,1,1,1,1,1,1,1,0.648391
1,1,1,0,1,0,0,1,0,1,0,0,0,0,1,0,1,1,1,1,0,1,0,0,1,0,1,0,1,0,0,0,0.639146
1,1,1,0,0,0,0,0,0,1,0,1,1,1,1,1,0,1,0,0,0,0,1,1,0,0,1,0,0,1,0,0,0.805334
0,0,1,0,1,1,0,0,0,0,1,1,1,1,0,1,0,1,0,0,0,1,1,0,0,0,0,1,1,1,1,1,0.590926
0,1,1,0,1,0,0,1,0,1,0,0,1,0,0,1,1,1,0,1,0,0,0,1,1,1,0,1,1,1,0,0,0.697011
1,1,0,0,0,0,0,0,0,0,0,0,1,0,0,1,1,1,1,0,1,0,1,0,1,0,0,0,1,1,1,0,0.786019
0,1,0,1,0,0,1,0,0,0,0,1,1,0,1,1,0,1,1,1,0,1,0,0,1,0,1,1,0,0,1,1,0.844869
1,1,0,0,0,1,1,0,0,0,1,1,0,1,0,0,0,1,1,0,0,1,1,1,0,0,1,0,0,1,0,1,0.783062
0,1,1,0,0,1,0,0,0,1,1,0,0,1,0,0,1,1,0,1,1,0,1,0,0,0,1,1,1,0,0,0,0.740116
1,0,0,1,1,1,1,1,0,1,1,1,0,1,1,1,1,0,1,1,1,0,1,1,0,0,0,1,0,1,1,0,0.596734
0,0,1,1,1,0,0,1,0,1,1,0,1,0,0,1,1,0,0,0,1,0,1,1,1,1,0,0,0,0,1,1,0.623508
0,0,0,0,0,0,0,0,1,0,0,1,1,0,1,0,1,1,1,0,1,1,1,0,1,1,1,0,1,0,1,0,0.758179
1,1,0,1,0,0,1,1,1,1,0,1,1,1,1,1,1,0,1,1,0,0,1,0,1,0,0,1,1,0,1,0,0.619725
1,0,0,1,0,0,0,1,1,1,0,0,0,1,1,1,1,1,0,1,1,0,1,1,1,1,1,0,0,0,0,0,0.793905
0,0,0,0,0,0,0,1,0,0,0,0,0,0,1,0,1,0,0,1,1,0,0,1,1,0,0,0,0,0,1,1,0.664855
0,1,1,0,0,0,0,0,1,0,0,0,1,0,1,0,1,1,0,1,1,1,1,0,1,0,0,0,0,1,1,0,0.656730
0,0,1,0,0,1,1,1,1,1,1,1,1,0,1,1,1,0,0,1,1,1,0,1,0,0,1,1,0,1,0,1,0.715500
1,1,1,1,1,1,1,1,1,0,1,1,0,1,0,1,0,0,0,0,0,0,1,1,1,1,0,1,0,1,0,0,0.605872
0,1,1,1,0,0,0,1,0,0,0,0,1,1,0,0,1,1,0,0,1,1,0,0,1,1,1,1,0,1,0,1,0.640239
0,0,0,0,0,0,0,1,1,0,0,0,1,0,0,1,0,1,1,1,1,1,0,1,1,1,0,1,1,0,1,0,0.750400
1,1,0,1,1,0,1,0,0,1,0,0,1,1,1,1,1,1,0,0,1,0,1,0,0,1,1,0,1,1,0,1,0.545343
1,0,0,1,0,1,1,0,1,0,1,0,0,0,0,1,0,1,1,0,1,0,1,0,1,1,1,0,1,0,0,1,0.724158
0,0,0,0,0,1,0,1,1,1,1,1,1,0,1,1,1,1,1,1,0,0,0,0,1,1,1,1,1,1,1,1,0.624867
0,1,1,1,0,1,0,0,0,1,0,1,0,0,1,1,1,1,0,1,1,0,1,0,0,0,1,1,1,0,1,1,0.718910
0,1,1,1,0,1,1,1,1,0,1,1,1,1,1,0,1,0,1,0,1,1,0,0,1,1,1,1,0,0,0,1,0.716246
1,1,0,0,0,0,1,1,0,0,1,1,1,1,0,1,0,0,1,0,1,1,0,1,1,1,0,1,1,0,0,0,0.732071
0,1,0,0,1,1,1,0,1,1,1,0,1,0,1,0,0,1,0,0,1,0,1,0,1,1,0,1,1,1,1,1,0.635337
0,1,0,0,0,0,0,1,0,1,0,0,1,0,0,1,1,1,0,0,0,1,1,0,0,0,1,1,1,1,0,0,0.778692
1,1,0,0,0,1,1,0,1,0,0,0,0,1,0,1,0,1,0,0,0,1,1,0,0,0,0,1,1,1,0,1,0.640585
1,1,1,1,0,1,1,0,0,1,1,0,1,0,1,0,0,0,0,0,1,1,0,0,1,1,1,1,0,0,0,1,0.786312
0,1,1,1,1,0,1,0,1,1,0,0,1,0,0,1,1,1,0,1,0,1,0,1,1,0,1,0,1,0,1,0,0.614876
1,1,1,1,1,1,1,1,1,1,1,0,0,0,0,1,0,0,1,1,0,0,1,1,1,0,1,1,1,1,1,1,0.410912
1,0,1,1,1,1,1,0,0,0,1,0,1,1,0,0,1,1,0,1,0,1,0,0,1,0,1,1,1,1,0,1,0.571185
0,1,0,0,1,1,0,0,1,0,0,1,0,1,0,0,1,0,1,0,0,1,1,0,1,0,0,0,1,1,0,1,0.582960
0,1,0,0,0,0,1,0,1,0,0,0,0,0,1,1,1,1,1,1,1,1,0,1,1,0,1,0,0,0,1,0,0.818894
1,1,1,1,1,0,0,0,0,1,0,1,0,1,0,1,0,1,0,0,1,0,1,1,1,0,1,0,1,1,1,0,0.562980
1,0,0,1,0,0,0,1,1,1,0,1,0,0,0,0,0,0,0,0,0,0,0,1,1,0,0,1,0,0,1,1,0.828298
0,0,0,0,1,1,1,0,1,1,0,1,1,1,1,0,1,0,1,0,0,1,0,0,1,0,0,1,1,0,1,0,0.625773
0,0,0,1,0,1,0,1,0,0,1,1,1,1,1,1,0,0,1,1,1,0,1,1,1,1,1,1,0,1,1,0,0.729007
0,0,0,0,1,1,1,1,1,1,0,0,0,1,1,1,1,1,1,1,0,0,1,0,0,0,1,0,0,0,0,1,0.505808
1,1,0,1,1,0,1,0,0,0,1,0,0,1,0,1,0,0,1,0,1,1,0,1,1,1,1,0,0,1,1,1,0.632513
1,0,1,0,0,1,0,1,1,0,1,0,0,0,0,0,0,1,1,0,1,1,1,1,0,0,0,1,1,0,0,0,0.738358
0,1,1,1,0,0,1,0,0,0,1,0,0,1,0,1,0,0,1,0,1,1,0,1,1,0,0,1,0,0,1,1,0.819986
0,1,1,1,0,0,1,1,1,1,1,1,0,1,0,1,0,1,0,1,0,1,0,0,1,1,1,0,1,1,1,0,0.799313
1,1,0,0,1,0,1,1,0,1,0,0,1,0,0,0,0,1,0,1,1,0,0,1,0,0,0,1,0,1,0,0,0.700821
0,0,1,1,1,0,1,1,0,1,0,0,1,0,1,0,0,0,0,1,1,1,1,0,1,0,0,1,0,1,0,0,0.629715
1,0,1,1,0,1,0,0,0,0,1,0,0,1,1,1,1,0,1,0,0,0,0,0,0,1,1,0,0,1,0,1,0.809676
1,1,0,0,0,0,0,0,1,0,1,1,0,1,1,0,1,1,0,1,1,0,0,1,1,0,1,0,0,1,0,1,0.641784
0,1,1,1,1,1,1,0,0,1,0,1,1,0,1,0,1,1,0,1,0,0,1,1,0,1,0,1,1,0,0,1,0.615249
0,0,0,1,1,1,0,1,1,1,1,0,1,1,1,1,0,0,0,1,1,0,0,0,0,1,1,1,1,1,0,0,0.659047
1,0,1,1,0,0,0,0,0,0,0,1,1,0,0,1,0,0,0,0,1,1,0,1,1,1,0,1,1,1,0,1,0.630302
1,0,0,0,0,0,0,0,1,0,0,1,0,1,0,1,1,1,1,0,0,1,1,0,1,1,0,1,0,0,1,1,0.777680
0,1,0,1,0,0,0,1,0,0,1,1,0,1,1,0,0,0,1,0,1,0,1,1,1,0,0,0,1,0,0,1,0.772059
1,1,1,0,0,1,0,1,0,1,1,0,1,0,1,0,0,0,1,0,1,0,1,1,1,1,1,1,0,0,0,0,0.639226
1,0,0,0,0,0,0,0,1,1,0,0,0,1,0,0,1,1,1,1,1,1,1,0,0,0,1,1,1,0,1,0,0.645487
1,1,0,1,0,1,1,0,1,0,0,0,0,0,1,0,1,1,0,1,1,1,0,0,1,1,0,0,0,1,1,1,0.625266
0,0,1,0,1,1,1,0,0,1,0,1,1,1,0,0,0,1,0,0,0,1,1,1,0,0,1,1,0,1,1,1,0.599984
1,0,0,0,0,0,0,1,1,1,1,1,0,0,1,1,1,0,1,0,0,0,1,1,0,1,1,0,1,1,1,1,0.714114
1,1,0,0,1,0,0,0,1,1,0,0,1,0,1,1,1,1,1,0,1,1,0,0,0,1,0,1,0,1,0,1,0.543718
0,0,1,0,0,0,1,0,0,1,1,0,1,1,1,0,0,0,0,0,1,1,1,0,1,0,1,1,1,1,1,0,0.749840
0,0,1,0,0,1,1,0,0,0,0,1,0,1,0,0,0,0,0,0,1,0,1,1,0,1,1,1,0,1,0,0,0.664988
1,0,0,1,1,0,0,1,1,0,0,1,1,1,0,0,0,1,0,1,0,0,0,1,1,1,0,0,1,1,0,0,0.625639
1,0,0,1,1,1,0,0,1,1,0,1,0,1,0,1,1,1,0,1,0,1,0,1,0,1,0,0,0,0,1,1,0.730872
0,1,1,0,0,0,1,1,1,1,0,1,0,0,1,1,0,0,1,1,0,1,1,0,0,0,0,0,1,0,0,0,0.747922
0,1,1,0,1,0,0,1,1,1,1,0,1,0,0,0,0,0,1,0,0,0,1,0,1,0,0,0,1,1,1,1,0.510363
0,0,1,0,1,0,0,0,0,0,1,0,0,0,0,0,0,1,1,1,1,1,1,0,1,0,1,0,1,0,1,0,0.756074
0,1,0,0,1,1,0,1,1,0,1,1,1,1,0,0,1,0,1,0,1,0,0,1,1,1,0,1,0,0,1,0,0.608935
1,1,0,1,0,1,1,0,0,1,1,1,0,1,0,0,1,1,0,0,1,0,0,1,1,0,1,0,1,1,1,1,0.761802
1,1,0,0,0,0,1,1,0,0,1,0,0,0,0,0,1,0,1,0,0,0,1,1,0,0,0,1,1,0,1,0,0.805760
0,0,0,1,1,1,1,0,1,0,1,0,0,0,1,1,1,1,1,1,0,1,1,0,1,0,0,0,0,0,0,1,0.739583
1,0,0,1,1,1,1,1,1,0,1,0,0,0,1,1,1,0,1,0,1,1,0,0,0,0,0,1,0,0,1,0,0.710172
0,1,0,0,0,1,1,0,0,1,1,0,1,0,1,0,0,0,0,1,0,1,1,1,1,1,1,1,0,1,0,0,0.787830
1,1,1,0,1,0,1,0,1,1,1,1,1,0,0,0,1,1,0,1,0,0,1,1,0,0,0,0,0,0,1,1,0.641278
0,0,1,0,1,0,0,1,1,0,1,1,1,0,1,1,1,0,0,1,0,1,1,1,0,1,1,0,1,1,0,1,0.573529
1,1,0,0,1,0,0,1,1,0,0,0,0,1,0,1,1,0,0,1,0,1,1,0,1,0,0,0,0,1,0,1,0.617940
0,1,1,1,0,1,0,1,0,1,0,0,1,1,1,0,0,0,0,0,1,1,0,0,1,0,0,0,1,0,1,1,0.735054
0,0,0,0,0,0,1,0,0,1,1,1,0,1,0,1,0,0,0,0,0,0,0,1,1,1,0,0,0,1,1,0,0.840606
1,1,0,0,0,1,0,0,0,1,1,0,1,0,0,0,0,1,0,0,1,1,0,1,0,0,0,0,0,1,0,1,0.794890
0,1,1,1,1,0,1,0,1,0,1,0,1,1,0,1,0,1,1,0,0,1,1,0,0,0,1,1,1,1,0,0,0.630568
1,1,1,1,1,0,0,1,0,0,0,0,0,1,0,1,1,0,1,1,0,0,0,1,1,0,1,1,1,1,0,1,0.655131
1,1,1,0,1,1,0,0,0,0,0,0,1,1,1,1,0,0,0,0,0,0,0,1,0,1,0,0,0,1,1,1,0.621430
1,1,0,1,1,1,0,0,0,0,1,0,0,0,1,0,0,0,0,0,1,0,0,1,1,1,1,0,1,0,1,0,0.601289
0,0,0,0,0,0,1,0,0,1,1,0,1,0,0,1,0,1,1,1,1,1,0,0,1,1,1,0,1,0,0,0,0.666320
0,1,0,0,0,0,0,1,1,0,1,0,1,0,0,1,0,1,0,1,1,1,1,1,0,0,1,0,0,1,1,0,0.676790
0,1,0,1,1,0,1,1,1,1,0,0,1,1,0,0,0,1,1,1,1,1,1,1,0,1,1,1,0,0,1,1,0.498668
0,0,1,1,1,0,1,1,1,1,1,1,1,0,0,0,0,1,0,1,1,1,1,0,0,0,0,1,1,0,0,0,0.629609
1,0,0,0,1,0,0,0,1,1,1,1,0,0,1,0,0,1,1,1,0,0,0,0,0,0,1,1,1,1,0,1,0.547421
1,1,1,1,0,1,0,0,0,0,0,0,1,0,1,1,0,1,1,0,0,0,0,1,0,0,1,0,1,0,1,0,0.811221
0,0,1,0,0,0,1,1,0,1,0,0,0,0,0,1,0,1,0,0,0,1,1,1,1,0,0,0,0,0,0,0,0.770087
1,0,0,1,0,1,1,0,1,0,1,0,0,0,1,0,0,0,1,0,0,1,1,0,1,0,1,0,1,1,0,1,0.744325
0,1,0,0,1,0,1,0,1,1,0,0,0,0,0,0,1,1,0,1,1,0,0,0,0,0,1,0,1,1,0,1,0.637841
1,0,0,1,1,0,0,0,1,0,0,1,0,0,1,1,0,0,1,0,1,1,1,0,1,1,1,0,1,0,0,1,0.706468
0,0,0,1,1,1,1,0,0,0,1,1,1,1,0,1,1,0,0,1,1,1,1,0,0,0,0,0,0,1,1,0,0.610960
0,0,1,1,1,0,0,0,1,0,0,1,1,1,0,0,1,1,1,1,1,1,1,1,1,0,1,1,0,1,1,0,0.636882
1,1,1,0,1,1,0,1,0,0,0,0,0,1,0,0,1,1,1,1,0,1,1,1,1,0,0,0,1,0,0,0,0.538043
0,0,0,1,0,0,0,0,1,1,1,0,1,1,0,0,1,0,1,1,1,0,0,0,1,0,1,1,1,0,0,1,0.646739
0,1,0,0,0,0,0,1,0,0,1,1,0,0,1,1,0,0,0,0,0,0,1,0,0,0,0,0,1,0,0,1,0.672874
1,1,0,0,0,0,1,0,0,1,0,1,0,1,1,1,0,1,0,0,0,0,0,0,0,1,0,0,1,0,1,0,0.812900
1,1,0,1,0,0,1,0,1,0,0,1,1,1,1,1,1,0,1,0,1,1,0,0,1,1,0,0,1,0,1,1,0.746670
1,1,1,1,0,1,1,1,0,1,1,0,0,1,1,1,0,0,0,1,0,1,0,1,1,1,1,0,0,1,0,1,0.771633
0,1,0,0,0,0,0,1,0,1,1,0,0,1,0,1,0,0,0,1,1,1,1,0,1,1,1,1,0,1,1,1,0.796808
0,0,1,0,0,0,1,1,1,1,0,1,1,1,1,0,1,1,0,1,1,0,0,1,0,1,1,0,1,0,0,1,0.748029
0,0,1,1,0,1,1,0,1,0,0,1,0,1,0,1,0,1,1,0,1,1,1,0,1,1,0,1,0,0,0,0,0.750506
1,0,1,1,1,1,0,1,1,0,1,1,0,0,1,0,1,1,0,0,1,1,1,1,0,0,1,0,1,0,0,1,0.562154
0,0,1,0,0,0,0,1,1,0,0,1,0,1,1,0,1,1,0,1,0,1,1,0,1,0,1,0,0,0,0,0,0.659607
0,0,0,0,1,1,1,1,0,0,0,0,1,1,0,0,1,1,0,0,1,0,1,0,1,0,1,1,0,1,1,1,0.534420
0,0,1,0,0,0,0,0,0,0,1,1,0,0,0,0,0,1,0,1,1,1,0,1,0,0,0,0,1,0,1,1,0.665761
1,0,1,1,0,1,0,1,1,0,1,1,0,0,1,1,0,0,0,0,1,0,0,0,0,1,0,0,1,0,0,0,0.632326
0,0,1,1,0,0,1,1,0,1,1,0,0,1,1,1,1,1,1,1,0,1,1,1,0,0,0,0,1,1,1,1,0.544277
1,0,0,1,1,0,1,0,1,1,0,1,0,0,0,0,0,0,0,1,1,0,0,0,1,0,0,0,0,0,1,0,0.653613
0,1,0,0,1,1,1,0,0,1,1,0,0,0,1,1,1,1,0,1,1,1,1,1,0,0,1,1,1,1,0,0,0.615196
0,0,0,0,0,0,1,1,0,0,0,1,0,1,1,0,1,0,1,0,0,0,1,0,0,1,1,1,1,0,1,1,0.791240
0,1,0,0,0,0,0,0,1,1,0,1,1,0,0,0,0,1,0,0,1,0,0,0,0,0,0,0,0,0,0,1,0.868420
