1,1,1,0,1,1,0,0,0,0,1,1,0,0,1,1,1,1,0,1,1,0,1,0,1,1,1,1,0,1,0,1,0.638129
1,1,0,1,0,1,1,1,0,0,1,1,0,0,0,0,1,0,0,1,1,0,0,1,1,0,1,0,0,0,0,1,0.614493
0,0,0,0,1,0,0,1,1,1,0,0,1,0,0,1,1,1,0,1,1,0,1,0,1,1,0,0,1,0,0,1,0.565729
1,1,1,1,0,1,0,0,1,0,0,0,1,0,0,1,1,0,0,0,0,0,0,1,1,1,0,1,1,1,1,1,0.696014
1,0,0,0,1,1,1,0,0,1,0,1,0,1,1,0,1,1,1,1,0,1,1,0,1,0,0,1,0,0,0,1,0.610678
1,1,0,0,1,0,1,0,1,0,0,0,0,0,0,0,1,0,0,0,1,1,0,1,0,1,0,1,0,0,0,1,0.592221
1,1,0,0,1,0,1,0,0,0,0,1,1,0,0,1,1,1,0,1,1,1,1,1,0,1,0,0,1,0,0,0,0.596014
0,0,0,0,0,0,1,1,1,0,0,1,1,0,0,1,0,1,0,0,1,1,1,0,1,0,0,1,0,0,1,0,0.550234
1,0,0,0,1,1,1,0,1,0,1,1,0,0,1,1,1,0,1,1,1,1,0,0,1,0,1,0,0,0,0,1,0.607182
0,1,0,1,0,0,1,0,1,0,1,0,1,0,0,0,0,1,0,1,0,1,1,1,1,0,1,0,1,0,1,1,0.583056
1,0,0,1,0,1,0,1,0,1,0,0,0,0,1,0,1,0,0,0,1,0,1,1,0,1,1,1,1,1,0,1,0.607886
0,0,1,1,1,1,0,0,1,1,1,0,0,1,1,1,1,1,1,1,1,0,1,0,0,1,0,1,0,0,1,1,0.646057
0,0,0,0,1,0,1,1,1,0,1,0,0,0,0,0,1,1,1,1,1,0,1,1,1,0,0,1,1,1,0,1,0.610784
0,1,0,1,0,1,0,0,0,1,0,1,1,0,1,1,1,0,0,1,1,0,0,1,1,1,0,0,1,1,1,0,0.617242
1,0,0,1,0,0,0,0,1,1,0,0,0,1,0,1,0,1,0,1,0,1,0,1,1,0,0,1,0,1,0,0,0.584932
0,1,0,0,0,0,0,1,0,0,0,1,0,0,0,0,0,0,1,1,0,0,0,0,1,0,1,0,1,0,0,1,0.444373
1,0,0,0,0,1,1,1,1,0,0,1,0,0,0,1,1,1,0,1,0,0,1,1,1,1,1,1,0,0,1,0,0.658142
0,1,1,1,1,0,0,1,1,1,1,0,0,1,1,1,1,0,1,0,1,0,1,1,0,0,0,1,1,1,1,1,0.676939
1,1,1,1,0,0,1,1,1,0,0,1,0,1,1,0,1,1,1,1,1,0,1,0,0,0,0,1,1,1,1,0,0.637298
1,0,1,0,0,1,0,1,1,1,1,0,0,1,0,1,0,0,1,1,1,1,1,0,0,1,1,0,0,0,1,1,0.619821
1,1,0,1,1,1,1,1,1,1,1,1,1,0,0,0,1,0,0,0,0,0,1,0,1,0,1,0,0,1,0,0,0.670673
0,1,0,0,0,0,1,1,1,1,1,1,1,0,0,1,0,1,0,0,0,1,0,1,1,0,0,0,0,0,1,0,0.562468
1,0,1,1,1,0,0,1,0,1,0,0,0,1,1,0,1,1,0,0,1,1,1,1,1,1,0,0,1,1,1,0,0.589194
0,1,1,1,1,0,1,0,0,0,0,1,0,0,1,1,0,0,0,0,0,0,1,0,1,0,1,1,0,1,1,1,0.619054
0,1,0,0,1,0,1,0,1,0,1,1,1,0,0,0,0,0,0,0,1,0,0,0,1,1,0,1,0,0,1,0,0.572826
0,0,0,0,0,0,0,1,0,1,1,0,0,1,1,0,1,1,1,0,1,0,0,0,0,0,0,0,0,0,0,0,0.455158
1,1,0,0,0,1,1,1,0,1,1,0,0,0,1,0,1,0,1,1,0,1,0,0,1,0,1,0,0,0,0,0,0.664855
1,0,0,1,0,0,1,1,1,0,1,1,1,0,0,0,0,0,0,1,0,1,0,0,1,0,0,0,0,1,0,0,0.529540
1,1,0,1,1,0,1,1,1,1,0,0,0,0,0,1,1,1,0,1,0,1,1,0,1,0,0,1,1,1,1,1,0.704902
1,1,0,1,1,0,0,0,0,0,0,0,0,0,0,1,0,0,0,0,1,1,0,1,1,1,1,1,1,0,0,0,0.523124
1,0,1,0,0,1,0,0,0,0,0,0,0,0,1,1,1,1,0,0,0,0,0,0,0,1,1,1,0,0,1,1,0.580350
1,1,0,1,1,0,1,1,1,1,0,0,1,0,1,1,0,1,1,1,0,1,1,1,0,1,1,0,1,0,1,0,0.659847
0,0,1,1,0,0,1,0,0,1,0,1,0,0,1,0,1,1,0,1,0,0,1,1,1,1,0,1,1,1,1,0,0.655840
1,0,0,0,1,0,0,1,1,0,0,0,0,0,1,0,0,1,1,1,1,0,1,0,0,1,1,1,1,0,1,1,0.594906
0,1,0,1,0,0,1,1,0,1,0,0,0,0,0,1,1,0,0,0,0,1,0,0,1,0,0,1,0,1,1,0,0.539749
1,0,0,1,0,0,1,0,1,1,0,1,1,1,1,1,0,1,1,1,1,0,1,0,1,1,0,1,0,1,0,1,0.666517
1,1,0,0,0,0,0,0,0,0,0,0,0,0,1,0,1,0,0,1,0,0,1,1,1,1,1,0,1,1,1,0,0.619075
0,1,0,1,0,0,1,1,1,1,1,1,1,1,1,1,0,1,0,0,0,0,1,1,0,0,0,0,1,0,1,0,0.579241
0,0,0,0,1,0,0,0,1,1,1,1,1,1,1,1,0,0,1,1,0,1,1,0,0,1,1,1,1,1,1,1,0.628815
0,0,0,1,0,0,0,0,1,0,0,0,0,0,1,1,1,1,1,0,1,1,0,1,0,1,0,0,0,0,1,0,0.529753
0,1,0,1,0,0,1,1,0,0,0,0,0,0,0,1,0,0,0,0,1,0,1,0,1,1,1,1,1,1,0,1,0.575916
0,1,1,1,1,0,0,1,1,0,1,0,0,0,0,1,0,0,0,0,1,0,1,0,1,0,0,1,0,1,1,0,0.568819
0,1,1,1,1,0,0,0,0,1,0,1,0,0,1,1,0,1,0,0,1,1,1,1,1,1,0,1,0,1,1,1,0.705222
1,0,1,1,0,1,1,1,0,1,0,0,0,1,0,0,1,0,1,0,0,0,0,0,0,1,1,0,1,1,0,1,0.582076
0,0,0,1,1,0,1,0,0,0,1,1,1,0,0,0,0,0,0,1,0,0,0,0,0,0,1,0,1,0,0,0,0.353666
1,0,0,1,0,1,0,0,1,1,0,0,0,1,1,0,1,0,0,0,1,0,0,0,1,0,0,1,1,1,1,1,0.585827
1,1,1,1,0,1,1,1,0,0,0,0,0,1,1,1,1,1,1,1,1,1,0,0,1,0,0,0,0,1,1,0,0.609868
0,1,0,1,0,0,0,0,1,1,1,1,1,1,0,1,0,0,1,1,0,1,0,1,0,0,0,0,1,0,1,0,0.598295
0,0,0,1,1,0,0,0,1,1,0,1,0,1,0,1,1,1,1,1,0,0,0,1,1,1,1,0,1,1,0,0,0.608056
0,0,1,1,0,1,1,0,1,0,1,0,1,1,1,0,1,1,1,1,0,1,0,1,1,1,0,0,0,1,0,0,0.610742
0,0,0,1,1,0,1,0,0,0,1,0,0,0,0,1,1,0,0,0,1,0,0,0,1,1,0,1,0,1,0,1,0.566944
1,0,0,1,1,1,0,0,0,0,1,0,1,0,0,1,0,0,0,0,1,1,0,0,0,1,0,0,1,0,1,0,0.504753
0,1,1,0,0,0,0,0,1,1,0,0,0,1,0,0,1,0,0,0,1,0,0,0,1,0,1,1,1,0,0,1,0.563939
0,1,0,1,1,0,1,1,1,1,1,0,0,1,0,0,1,0,1,1,1,1,0,0,0,0,1,1,0,1,1,0,0.600853
0,0,1,0,1,1,1,1,0,0,0,1,0,1,0,1,0,1,0,0,1,1,0,1,0,1,0,1,1,0,0,0,0.620013
0,1,1,0,1,0,0,1,0,0,0,1,0,0,0,0,0,1,1,0,0,1,1,0,0,0,0,0,0,1,0,1,0.538576
0,0,1,1,1,0,1,0,0,1,1,1,0,0,1,1,1,1,1,0,0,1,1,1,1,1,1,0,0,0,1,0,0.643414
0,1,1,1,1,0,1,1,0,0,1,0,0,1,1,1,1,1,0,1,1,1,1,1,0,1,0,0,0,1,0,0,0.624211
1,0,1,0,1,1,1,0,1,1,0,1,1,1,0,1,0,1,0,1,1,1,0,1,1,0,0,1,0,0,0,0,0.607417
1,1,1,1,1,0,0,0,1,0,1,0,0,1,0,1,1,0,1,0,0,1,1,0,1,0,0,0,0,1,0,0,0.631543
1,1,0,1,1,0,1,0,1,0,1,1,0,0,1,0,1,1,1,0,0,1,0,1,0,1,1,0,0,0,0,1,0.609506
0,1,0,1,0,1,1,0,0,0,0,1,0,0,1,1,1,0,1,0,1,1,1,0,0,0,0,1,0,1,0,0,0.574382
1,0,0,1,0,0,0,0,1,1,0,1,0,0,1,0,1,1,0,0,0,1,1,1,0,1,1,0,1,0,1,0,0.562639
1,1,1,1,1,1,1,1,0,1,0,1,1,0,1,1,1,1,1,0,0,1,0,0,0,0,0,0,1,1,1,0,0.617775
1,0,1,1,1,1,1,1,1,1,1,0,1,0,1,1,1,0,1,0,1,0,1,1,1,1,0,0,0,0,1,0,0.605136
0,0,1,1,0,1,0,1,0,0,1,0,0,1,0,1,1,1,0,1,0,1,1,0,1,0,0,0,0,0,0,1,0.604156
1,1,0,0,1,0,0,0,1,1,0,0,0,1,0,1,1,0,0,1,0,1,0,0,0,0,0,1,0,1,1,0,0.597442
0,1,1,1,1,0,0,0,0,1,0,1,0,1,0,1,0,1,0,1,1,1,0,1,0,0,0,0,0,1,0,1,0.636232
1,1,1,0,0,0,1,0,1,0,0,0,0,0,1,1,0,0,0,1,0,0,0,1,1,0,1,1,1,0,1,0,0.604433
0,0,0,0,1,1,0,0,1,1,0,1,1,0,1,1,0,1,0,1,1,0,1,1,1,1,1,1,1,1,1,0,0.628879
1,0,0,0,1,0,1,1,1,0,0,1,0,0,0,1,0,0,0,1,1,1,1,0,1,0,1,0,1,1,1,0,0.558227
0,1,1,1,0,1,0,0,0,0,1,1,0,0,1,0,1,0,1,1,0,0,0,0,1,0,1,0,1,0,1,0,0.588576
0,1,0,0,0,1,0,0,0,1,0,1,0,1,1,1,0,1,0,0,0,1,0,1,1,0,0,1,1,0,1,1,0.670396
0,1,0,1,0,1,0,0,0,0,1,1,1,1,0,1,0,1,1,0,1,1,0,1,1,0,1,1,1,0,0,0,0.617199
1,1,1,0,0,0,1,0,0,1,1,0,1,1,0,1,1,1,1,0,1,0,0,1,1,0,0,0,0,0,0,1,0.605286
0,1,0,0,1,1,0,1,1,1,0,0,1,1,1,0,0,1,1,0,1,1,0,1,1,1,0,0,1,0,0,1,0.604881
1,0,1,1,1,0,1,1,1,1,0,1,0,0,1,1,1,0,1,0,1,1,1,0,0,0,0,0,1,1,1,1,0.616176
0,0,1,0,1,0,1,0,1,0,0,1,1,0,1,0,0,1,0,0,1,1,1,0,1,0,1,1,1,0,1,1,0.637106
0,0,1,0,0,1,0,0,0,0,0,1,0,0,0,1,1,0,1,0,0,0,0,0,0,1,1,1,0,1,0,1,0.565260
1,1,0,1,1,1,0,1,1,1,0,0,1,0,1,0,1,1,1,1,1,0,0,0,0,0,1,1,0,1,0,0,0.633142
0,0,0,0,1,1,1,1,1,0,1,1,0,1,1,0,1,1,0,1,0,1,0,0,0,0,0,1,1,1,1,1,0.647613
0,0,0,0,0,1,1,0,0,0,0,0,0,1,0,1,1,0,1,0,0,1,0,0,0,1,0,0,1,0,0,1,0.496057
0,0,1,1,1,0,1,0,1,0,1,0,0,1,1,0,1,0,0,0,0,0,1,0,0,1,1,0,1,0,0,1,0.568095
1,1,0,1,1,0,1,0,1,0,1,0,1,1,0,0,0,1,0,0,1,0,0,1,1,1,1,1,1,1,0,0,0.637916
1,0,0,0,0,0,1,0,0,0,1,1,0,0,0,1,0,1,0,1,1,1,0,1,1,0,0,0,0,1,1,1,0.607246
0,0,0,0,1,0,0,0,1,1,0,1,0,0,1,1,0,0,1,1,1,1,0,1,1,1,0,0,1,1,1,0,0.566134
0,0,0,1,1,1,0,0,0,0,0,0,0,1,1,1,1,0,1,1,1,0,1,1,1,0,0,0,0,0,1,0,0.537639
0,0,1,1,0,0,0,1,1,1,0,0,0,0,0,0,1,0,1,0,1,0,1,0,1,0,0,0,1,0,1,0,0.577451
1,0,1,1,1,0,0,0,1,0,0,1,0,0,0,0,1,0,1,1,1,0,1,0,0,0,0,1,0,0,1,1,0.596270
0,1,1,1,0,1,1,1,1,1,1,1,0,1,1,1,1,1,0,0,1,1,1,1,1,1,0,0,0,0,1,0,0.635955
1,0,1,1,0,1,0,0,0,0,1,1,1,1,1,0,0,1,0,0,0,1,1,1,1,0,0,0,0,0,1,1,0.601833
0,1,0,0,0,0,0,0,0,1,1,0,1,0,1,1,0,0,1,0,0,0,0,0,0,0,1,1,1,1,1,1,0.584015
0,1,0,1,0,0,1,1,0,1,1,0,0,1,0,0,0,1,0,0,0,1,1,0,1,1,0,1,0,1,0,0,0.556756
0,1,0,0,1,1,1,1,1,0,0,0,0,1,0,1,0,1,1,1,1,1,1,1,1,1,0,0,1,0,1,1,0.685678
0,1,1,0,0,1,0,0,0,0,0,0,0,1,1,0,1,0,0,0,0,0,0,1,1,1,0,1,1,0,0,1,0.563043
1,0,1,1,1,1,0,1,1,1,1,1,1,1,1,0,0,0,0,0,1,0,0,0,0,0,0,0,1,1,0,0,0.587980
0,1,0,1,1,1,0,0,1,0,0,1,0,0,1,1,0,1,1,0,1,1,0,0,0,0,0,1,1,1,1,0,0.678751
0,0,1,1,0,1,0,0,0,0,1,0,1,1,1,1,0,0,0,1,0,1,0,1,0,0,1,1,1,0,1,0,0.590750
0,1,1,1,1,1,0,1,0,1,0,1,0,1,1,0,0,0,1,0,1,1,1,0,0,1,0,0,0,0,1,0,0.596249
0,0,1,1,0,0,1,0,0,0,0,0,1,1,1,0,1,1,1,0,0,1,0,0,0,0,1,0,0,0,1,0,0.552771
0,1,1,1,1,0,1,0,1,1,0,1,1,0,0,1,0,0,0,0,0,0,1,1,0,0,1,1,1,1,1,1,0.664898
1,0,1,0,0,1,0,0,0,0,1,1,1,1,1,0,1,0,0,0,1,1,1,1,0,1,1,0,1,1,0,1,0.660315
0,0,1,1,1,0,0,0,1,0,0,0,1,1,0,0,0,1,1,1,0,0,0,1,1,1,1,0,0,0,0,0,0.573679
0,0,0,0,0,1,1,1,1,0,1,1,1,1,1,1,0,1,1,0,1,0,0,0,0,0,1,0,1,0,0,0,0.547975
1,1,0,1,0,1,0,0,1,0,0,0,0,0,1,0,1,0,1,1,1,0,0,1,0,0,1,0,1,0,0,1,0.578474
1,0,1,1,0,0,1,1,1,1,0,1,1,0,0,1,0,1,1,1,1,0,1,0,1,1,0,1,1,1,0,0,0.635209
0,1,1,0,0,0,1,1,1,1,0,0,1,1,1,0,1,1,1,1,0,1,1,0,0,1,1,1,0,0,0,0,0.610315
1,0,1,1,1,1,0,1,1,1,1,0,1,0,1,1,1,1,1,1,1,1,1,1,1,1,1,0,1,1,0,1,0.663534
1,0,1,1,1,1,0,1,1,1,1,1,0,0,0,0,0,0,0,0,0,1,0,1,1,1,1,0,1,1,0,0,0.610124
1,1,1,0,1,0,1,1,1,0,0,0,0,1,1,1,1,1,0,0,0,0,0,1,1,0,0,1,0,1,0,1,0.729113
1,1,1,0,0,0,1,0,0,0,0,1,1,1,0,0,1,1,0,0,0,0,1,1,1,1,1,0,1,1,0,0,0.608930
0,1,0,1,1,0,1,1,1,0,0,0,1,1,1,0,1,0,0,0,1,0,0,0,1,1,0,0,1,0,1,1,0.627089
0,1,1,1,1,1,0,0,1,1,1,0,1,0,1,0,0,0,0,1,0,1,1,0,1,0,1,1,0,0,0,1,0.618116
0,0,1,0,0,1,1,0,1,1,1,0,1,1,1,1,0,0,1,1,1,1,1,1,1,1,0,0,0,1,1,1,0.614408
0,1,1,1,0,1,1,0,1,0,1,1,1,0,1,0,1,0,1,0,0,0,1,1,1,0,1,1,0,1,1,0,0.638171
1,1,0,1,1,0,0,0,0,1,1,1,0,1,0,1,0,0,0,1,1,1,0,0,0,1,1,1,1,0,0,1,0.627067
0,0,1,0,1,0,0,0,1,0,1,0,1,0,0,0,0,0,1,1,0,0,1,0,0,1,1,0,1,0,0,0,0.464045
0,1,1,0,1,1,1,1,0,1,1,0,1,0,1,0,0,0,1,0,1,1,0,0,1,0,1,1,0,1,0,1,0.616922
1,0,0,1,0,0,1,0,1,0,1,0,1,0,1,0,1,1,0,1,0,0,1,0,1,1,0,1,0,0,1,1,0.606948
1,0,0,1,0,1,0,1,0,1,1,1,0,1,0,0,0,0,0,0,1,1,0,0,0,1,0,1,0,0,0,0,0.550853
1,0,0,0,0,0,0,0,1,0,0,0,1,0,1,1,0,0,1,0,1,0,1,0,1,1,0,0,1,0,0,1,0.591560
0,0,0,0,1,0,1,1,1,0,1,0,0,1,0,0,1,0,1,0,0,1,1,0,1,1,0,0,0,1,0,1,0.578666
0,1,0,0,1,1,0,0,0,0,1,0,0,1,1,0,1,1,1,1,1,1,1,0,0,0,1,1,0,1,1,0,0.620396
1,1,1,1,0,0,1,0,1,1,0,1,0,1,1,0,1,1,1,0,0,1,0,0,1,0,1,1,0,1,1,1,0.641752
0,1,1,0,1,0,1,0,0,1,0,0,1,1,0,0,0,0,0,1,1,0,1,1,0,1,1,1,1,1,1,0,0.571505
0,1,1,1,1,1,1,0,1,1,1,1,1,0,0,0,1,0,1,0,0,0,0,0,1,0,1,1,1,0,0,1,0.623849
1,1,0,0,1,0,0,0,1,0,0,0,1,1,0,0,1,1,1,1,0,0,0,1,1,1,0,1,0,0,1,0,0.601407
1,1,0,1,0,1,1,0,1,0,0,1,0,0,0,0,0,0,0,0,0,1,1,0,0,1,0,0,1,0,0,0,0.583674
