1,0,0,1,0,0,0,0,1,1,0,0,0,1,0,1,0,1,0,1,0,1,0,1,1,0,0,1,0,1,0,0,0.589328
0,1,0,1,0,0,1,1,0,1,0,0,0,0,0,1,1,0,0,0,0,1,0,0,1,0,0,1,0,1,1,0,0.539136
1,1,1,0,0,0,1,0,0,0,0,1,1,1,0,0,1,1,0,0,0,0,1,1,1,1,1,0,1,1,0,0,0.608616
1,1,1,1,0,1,1,1,0,0,0,0,0,1,1,1,1,1,1,1,1,1,0,0,1,0,0,0,0,1,1,0,0.610241
0,0,0,0,1,0,1,1,1,0,1,0,0,1,0,0,1,0,1,0,0,1,1,0,1,1,0,0,0,1,0,1,0.580376
1,0,1,1,0,1,0,0,0,0,1,1,1,1,1,0,0,1,0,0,0,1,1,1,1,0,0,0,0,0,1,1,0.603527
0,0,1,1,1,0,0,0,1,0,0,0,1,1,0,0,0,1,1,1,0,0,0,1,1,1,1,0,0,0,0,0,0.571771
0,1,0,1,0,1,1,0,0,0,0,1,0,0,1,1,1,0,1,0,1,1,1,0,0,0,0,1,0,1,0,0,0.572677
1,1,0,1,1,0,0,0,0,1,1,1,0,1,0,1,0,0,0,1,1,1,0,0,0,1,1,1,1,0,0,1,0.627744
1,0,0,0,0,0,0,0,1,0,0,0,1,0,1,1,0,0,1,0,1,0,1,0,1,1,0,0,1,0,0,1,0.591592
1,0,0,1,0,1,0,1,0,1,0,0,0,0,1,0,1,0,0,0,1,0,1,1,0,1,1,1,1,1,0,1,0.612266
0,1,1,1,1,0,0,0,0,1,0,1,0,1,0,1,0,1,0,1,1,1,0,1,0,0,0,0,0,1,0,1,0.638507
0,1,0,0,1,1,0,1,1,1,0,0,1,1,1,0,0,1,1,0,1,1,0,1,1,1,0,0,1,0,0,1,0.603820
1,1,1,1,0,1,0,0,1,0,0,0,1,0,0,1,1,0,0,0,0,0,0,1,1,1,0,1,1,1,1,1,0.698929
1,1,0,0,0,0,0,0,0,0,0,0,0,0,1,0,1,0,0,1,0,0,1,1,1,1,1,0,1,1,1,0,0.619938
0,1,1,1,0,1,1,1,1,1,1,1,0,1,1,1,1,1,0,0,1,1,1,1,1,1,0,0,0,0,1,0,0.634538
0,1,0,1,0,0,0,0,1,1,1,1,1,1,0,1,0,0,1,1,0,1,0,1,0,0,0,0,1,0,1,0,0.598972
0,0,1,0,1,0,0,0,1,0,1,0,1,0,0,0,0,0,1,1,0,0,1,0,0,1,1,0,1,0,0,0,0.461903
1,0,0,0,1,0,0,1,1,0,0,0,0,0,1,0,0,1,1,1,1,0,1,0,0,1,1,1,1,0,1,1,0.591885
0,1,1,1,1,0,0,0,0,1,0,1,0,0,1,1,0,1,0,0,1,1,1,1,1,1,0,1,0,1,1,1,0.708147
1,0,0,0,0,1,1,1,1,0,0,1,0,0,0,1,1,1,0,1,0,0,1,1,1,1,1,1,0,0,1,0,0.658621
0,0,0,0,0,0,1,1,1,0,0,1,1,0,0,1,0,1,0,0,1,1,1,0,1,0,0,1,0,0,1,0,0.548886
1,1,0,1,0,1,1,0,1,0,0,1,0,0,0,0,0,0,0,0,0,1,1,0,0,1,0,0,1,0,0,0,0.585731
1,1,0,0,1,0,0,0,1,1,0,0,0,1,0,1,1,0,0,1,0,1,0,0,0,0,0,1,0,1,1,0,0.598252
0,1,1,1,1,1,0,0,1,1,1,0,1,0,1,0,0,0,0,1,0,1,1,0,1,0,1,1,0,0,0,1,0.614237
1,0,0,1,0,1,0,1,0,1,1,1,0,1,0,0,0,0,0,0,1,1,0,0,0,1,0,1,0,0,0,0,0.550112
0,1,1,0,1,1,1,1,0,1,1,0,1,0,1,0,0,0,1,0,1,1,0,0,1,0,1,1,0,1,0,1,0.616795
0,1,0,0,1,0,1,0,1,0,1,1,1,0,0,0,0,0,0,0,1,0,0,0,1,1,0,1,0,0,1,0,0.573583
0,1,1,1,1,0,1,0,0,0,0,1,0,0,1,1,0,0,0,0,0,0,1,0,1,0,1,1,0,1,1,1,0.623721
0,1,0,1,0,1,0,0,0,0,1,1,1,1,0,1,0,1,1,0,1,1,0,1,1,0,1,1,1,0,0,0,0.615729
1,0,0,0,1,1,1,0,0,1,0,1,0,1,1,0,1,1,1,1,0,1,1,0,1,0,0,1,0,0,0,1,0.611466
1,0,0,1,0,0,0,0,1,1,0,1,0,0,1,0,1,1,0,0,0,1,1,1,0,1,1,0,1,0,1,0,0.562580
1,1,0,1,1,0,1,1,1,1,0,0,1,0,1,1,0,1,1,1,0,1,1,1,0,1,1,0,1,0,1,0,0.660033
1,1,1,1,1,1,1,1,0,1,0,1,1,0,1,1,1,1,1,0,0,1,0,0,0,0,0,0,1,1,1,0,0.619618
1,0,1,1,1,1,0,1,1,1,1,1,1,1,1,0,0,0,0,0,1,0,0,0,0,0,0,0,1,1,0,0,0.593270
1,0,1,1,1,0,0,1,0,1,0,0,0,1,1,0,1,1,0,0,1,1,1,1,1,1,0,0,1,1,1,0,0.591246
1,1,1,0,0,0,1,0,0,1,1,0,1,1,0,1,1,1,1,0,1,0,0,1,1,0,0,0,0,0,0,1,0.606032
1,1,0,1,1,1,1,1,1,1,1,1,1,0,0,0,1,0,0,0,0,0,1,0,1,0,1,0,0,1,0,0,0.671222
0,0,1,0,1,0,1,0,1,0,0,1,1,0,1,0,0,1,0,0,1,1,1,0,1,0,1,1,1,0,1,1,0.642690
1,1,1,0,0,0,1,0,1,0,0,0,0,0,1,1,0,0,0,1,0,0,0,1,1,0,1,1,1,0,1,0,0.603820
1,0,1,1,1,0,1,1,1,1,0,1,0,0,1,1,1,0,1,0,1,1,1,0,0,0,0,0,1,1,1,1,0.617327
1,0,1,0,0,1,0,0,0,0,1,1,1,1,1,0,1,0,0,0,1,1,1,1,0,1,1,0,1,1,0,1,0.659847
1,1,0,1,1,0,1,0,1,0,1,1,0,0,1,0,1,1,1,0,0,1,0,1,0,1,1,0,0,0,0,1,0.610747
0,0,0,0,0,1,1,0,0,0,0,0,0,1,0,1,1,0,1,0,0,1,0,0,0,1,0,0,1,0,0,1,0.494059
0,1,0,1,0,0,1,0,1,0,1,0,1,0,0,0,0,1,0,1,0,1,1,1,1,0,1,0,1,0,1,1,0.583253
0,1,0,1,1,0,1,1,1,0,0,0,1,1,1,0,1,0,0,0,1,0,0,0,1,1,0,0,1,0,1,1,0.624281
1,0,1,1,1,1,1,1,1,1,1,0,1,0,1,1,1,0,1,0,1,0,1,1,1,1,0,0,0,0,1,0,0.606431
0,1,1,1,1,0,1,1,0,0,1,0,0,1,1,1,1,1,0,1,1,1,1,1,0,1,0,0,0,1,0,0,0.623402
0,0,0,1,0,0,0,0,1,0,0,0,0,0,1,1,1,1,1,0,1,1,0,1,0,1,0,0,0,0,1,0,0.528772
1,1,1,0,1,0,1,1,1,0,0,0,0,1,1,1,1,1,0,0,0,0,0,1,1,0,0,1,0,1,0,1,0.729513
0,0,1,1,0,0,1,0,0,1,0,1,0,0,1,0,1,1,0,1,0,0,1,1,1,1,0,1,1,1,1,0,0.654998
0,1,1,1,1,1,1,0,1,1,1,1,1,0,0,0,1,0,1,0,0,0,0,0,1,0,1,1,1,0,0,1,0.626572
0,0,1,1,1,0,1,0,0,1,1,1,0,0,1,1,1,1,1,0,0,1,1,1,1,1,1,0,0,0,1,0,0.641651
1,0,1,1,1,0,0,0,1,0,0,1,0,0,0,0,1,0,1,1,1,0,1,0,0,0,0,1,0,0,1,1,0.597586
0,1,0,0,1,1,0,0,0,0,1,0,0,1,1,0,1,1,1,1,1,1,1,0,0,0,1,1,0,1,1,0,0.617780
0,0,0,1,1,0,0,0,1,1,0,1,0,1,0,1,1,1,1,1,0,0,0,1,1,1,1,0,1,1,0,0,0.611600
0,1,0,1,1,0,1,1,1,1,1,0,0,1,0,0,1,0,1,1,1,1,0,0,0,0,1,1,0,1,1,0,0.603101
0,1,0,0,0,0,0,0,0,1,1,0,1,0,1,1,0,0,1,0,0,0,0,0,0,0,1,1,1,1,1,1,0.587596
1,1,0,0,0,1,1,1,0,1,1,0,0,0,1,0,1,0,1,1,0,1,0,0,1,0,1,0,0,0,0,0,0.669437
1,0,1,0,0,1,0,1,1,1,1,0,0,1,0,1,0,0,1,1,1,1,1,0,0,1,1,0,0,0,1,1,0.621057
0,0,1,1,0,1,1,0,1,0,1,0,1,1,1,0,1,1,1,1,0,1,0,1,1,1,0,0,0,1,0,0,0.610587
0,1,1,1,0,1,1,0,1,0,1,1,1,0,1,0,1,0,1,0,0,0,1,1,1,0,1,1,0,1,1,0,0.636376
0,0,0,0,1,0,0,1,1,1,0,0,1,0,0,1,1,1,0,1,1,0,1,0,1,1,0,0,1,0,0,1,0.568894
0,1,1,0,1,0,1,0,0,1,0,0,1,1,0,0,0,0,0,1,1,0,1,1,0,1,1,1,1,1,1,0,0.572197
1,0,1,1,1,1,0,1,1,1,1,0,1,0,1,1,1,1,1,1,1,1,1,1,1,1,1,0,1,1,0,1,0.662617
1,0,0,0,1,0,1,1,1,0,0,1,0,0,0,1,0,0,0,1,1,1,1,0,1,0,1,0,1,1,1,0,0.555600
1,0,1,0,0,1,0,0,0,0,0,0,0,0,1,1,1,1,0,0,0,0,0,0,0,1,1,1,0,0,1,1,0.581042
0,1,0,0,0,1,0,0,0,1,0,1,0,1,1,1,0,1,0,0,0,1,0,1,1,0,0,1,1,0,1,1,0.674206
0,1,0,1,0,0,1,1,0,0,0,0,0,0,0,1,0,0,0,0,1,0,1,0,1,1,1,1,1,1,0,1,0.578964
0,1,1,0,0,0,0,0,1,1,0,0,0,1,0,0,1,0,0,0,1,0,0,0,1,0,1,1,1,0,0,1,0.561381
0,1,1,1,1,0,1,0,1,1,0,1,1,0,0,1,0,0,0,0,0,0,1,1,0,0,1,1,1,1,1,1,0.665042
1,1,0,0,1,0,0,0,1,0,0,0,1,1,0,0,1,1,1,1,0,0,0,1,1,1,0,1,0,0,1,0,0.602701
1,1,1,1,1,0,0,0,1,0,1,0,0,1,0,1,1,0,1,0,0,1,1,0,1,0,0,0,0,1,0,0,0.637708
0,1,0,1,0,0,1,1,1,1,1,1,1,1,1,1,0,1,0,0,0,0,1,1,0,0,0,0,1,0,1,0,0.577845
0,1,1,1,1,1,0,1,0,1,0,1,0,1,1,0,0,0,1,0,1,1,1,0,0,1,0,0,0,0,1,0,0.595828
0,0,0,0,1,0,0,0,1,1,0,1,0,0,1,1,0,0,1,1,1,1,0,1,1,1,0,0,1,1,1,0,0.563006
0,1,1,0,0,1,0,0,0,0,0,0,0,1,1,0,1,0,0,0,0,0,0,1,1,1,0,1,1,0,0,1,0.564818
0,1,1,0,1,0,0,1,0,0,0,1,0,0,0,0,0,1,1,0,0,1,1,0,0,0,0,0,0,1,0,1,0.539482
1,1,1,1,0,0,1,0,1,1,0,1,0,1,1,0,1,1,1,0,0,1,0,0,1,0,1,1,0,1,1,1,0.641837
0,0,0,0,1,1,1,1,1,0,1,1,0,1,1,0,1,1,0,1,0,1,0,0,0,0,0,1,1,1,1,1,0.647831
0,1,1,1,1,0,0,1,1,1,1,0,0,1,1,1,1,0,1,0,1,0,1,1,0,0,0,1,1,1,1,1,0.680360
0,0,0,1,1,0,1,0,0,0,1,0,0,0,0,1,1,0,0,0,1,0,0,0,1,1,0,1,0,1,0,1,0.568015
0,1,0,1,0,0,1,1,0,1,1,0,0,1,0,0,0,1,0,0,0,1,1,0,1,1,0,1,0,1,0,0,0.555493
1,1,0,1,1,0,0,0,0,0,0,0,0,0,0,1,0,0,0,0,1,1,0,1,1,1,1,1,1,0,0,0,0.522672
0,0,1,1,0,0,0,1,1,1,0,0,0,0,0,0,1,0,1,0,1,0,1,0,1,0,0,0,1,0,1,0,0.581282
1,0,0,0,1,1,1,0,1,0,1,1,0,0,1,1,1,0,1,1,1,1,0,0,1,0,1,0,0,0,0,1,0.605872
1,0,1,1,1,1,0,1,1,1,1,1,0,0,0,0,0,0,0,0,0,1,0,1,1,1,1,0,1,1,0,0,0.610640
1,0,0,1,0,0,1,1,1,0,1,1,1,0,0,0,0,0,0,1,0,1,0,0,1,0,0,0,0,1,0,0,0.531543
0,0,1,1,1,0,1,0,1,0,1,0,0,1,1,0,1,0,0,0,0,0,1,0,0,1,1,0,1,0,0,1,0.567295
0,0,1,0,0,1,0,0,0,0,0,1,0,0,0,1,1,0,1,0,0,0,0,0,0,1,1,1,0,1,0,1,0.570626
1,1,0,0,1,0,1,0,0,0,0,1,1,0,0,1,1,1,0,1,1,1,1,1,0,1,0,0,1,0,0,0,0.594576
1,0,0,1,0,0,1,0,1,1,0,1,1,1,1,1,0,1,1,1,1,0,1,0,1,1,0,1,0,1,0,1,0.668558
1,0,1,1,0,0,1,1,1,1,0,1,1,0,0,1,0,1,1,1,1,0,1,0,1,1,0,1,1,1,0,0,0.635230
1,1,0,0,1,0,1,0,1,0,0,0,0,0,0,0,1,0,0,0,1,1,0,1,0,1,0,1,0,0,0,1,0.591486
1,1,0,1,1,0,1,1,1,1,0,0,0,0,0,1,1,1,0,1,0,1,1,0,1,0,0,1,1,1,1,1,0.704497
1,0,1,1,0,1,1,1,0,1,0,0,0,1,0,0,1,0,1,0,0,0,0,0,0,1,1,0,1,1,0,1,0.581815
0,0,1,0,0,1,1,0,1,1,1,0,1,1,1,1,0,0,1,1,1,1,1,1,1,1,0,0,0,1,1,1,0.615702
0,0,1,1,1,1,0,0,1,1,1,0,0,1,1,1,1,1,1,1,1,0,1,0,0,1,0,1,0,0,1,1,0.647991
0,0,0,0,1,0,0,0,1,1,1,1,1,1,1,1,0,0,1,1,0,1,1,0,0,1,1,1,1,1,1,1,0.632539
0,0,1,0,1,1,1,1,0,0,0,1,0,1,0,1,0,1,0,0,1,1,0,1,0,1,0,1,1,0,0,0,0.621856
0,0,0,0,1,1,0,0,1,1,0,1,1,0,1,1,0,1,0,1,1,0,1,1,1,1,1,1,1,1,1,0,0.629129
1,0,0,1,0,1,0,0,1,1,0,0,0,1,1,0,1,0,0,0,1,0,0,0,1,0,0,1,1,1,1,1,0.588662
0,0,0,0,1,0,1,1,1,0,1,0,0,0,0,0,1,1,1,1,1,0,1,1,1,0,0,1,1,1,0,1,0.613757
0,0,1,1,0,0,1,0,0,0,0,0,1,1,1,0,1,1,1,0,0,1,0,0,0,0,1,0,0,0,1,0,0.551977
1,0,0,0,0,0,1,0,0,0,1,1,0,0,0,1,0,1,0,1,1,1,0,1,1,0,0,0,0,1,1,1,0.608749
0,1,1,1,0,1,0,0,0,0,1,1,0,0,1,0,1,0,1,1,0,0,0,0,1,0,1,0,1,0,1,0,0.587702
1,1,0,1,0,1,0,0,1,0,0,0,0,0,1,0,1,0,1,1,1,0,0,1,0,0,1,0,1,0,0,1,0.580056
0,0,1,1,0,1,0,1,0,0,1,0,0,1,0,1,1,1,0,1,0,1,1,0,1,0,0,0,0,0,0,1,0.603447
0,1,0,0,1,1,1,1,1,0,0,0,0,1,0,1,0,1,1,1,1,1,1,1,1,1,0,0,1,0,1,1,0.685129
1,1,0,1,1,1,0,1,1,1,0,0,1,0,1,0,1,1,1,1,1,0,0,0,0,0,1,1,0,1,0,0,0.629849
0,0,0,1,1,1,0,0,0,0,0,0,0,1,1,1,1,0,1,1,1,0,1,1,1,0,0,0,0,0,1,0,0.536232
1,1,1,1,0,0,1,1,1,0,0,1,0,1,1,0,1,1,1,1,1,0,1,0,0,0,0,1,1,1,1,0,0.640079
1,0,0,1,1,1,0,0,0,0,1,0,1,0,0,1,0,0,0,0,1,1,0,0,0,1,0,0,1,0,1,0,0.502584
0,1,0,1,1,1,0,0,1,0,0,1,0,0,1,1,0,1,1,0,1,1,0,0,0,0,0,1,1,1,1,0,0.683264
1,1,0,1,1,0,1,0,1,0,1,0,1,1,0,0,0,1,0,0,1,0,0,1,1,1,1,1,1,1,0,0,0.638907
0,0,1,1,0,1,0,0,0,0,1,0,1,1,1,1,0,0,0,1,0,1,0,1,0,0,1,1,1,0,1,0,0.590473
0,0,0,0,0,1,1,1,1,0,1,1,1,1,1,1,0,1,1,0,1,0,0,0,0,0,1,0,1,0,0,0,0.543638
1,1,0,1,0,1,1,1,0,0,1,1,0,0,0,0,1,0,0,1,1,0,0,1,1,0,1,0,0,0,0,1,0.615569
1,1,1,0,1,1,0,0,0,0,1,1,0,0,1,1,1,1,0,1,1,0,1,0,1,1,1,1,0,1,0,1,0.638933
1,0,1,0,1,1,1,0,1,1,0,1,1,1,0,1,0,1,0,1,1,1,0,1,1,0,0,1,0,0,0,0,0.608722
0,0,0,1,1,0,1,0,0,0,1,1,1,0,0,0,0,0,0,1,0,0,0,0,0,0,1,0,1,0,0,0,0.350117
0,1,1,0,0,0,1,1,1,1,0,0,1,1,1,0,1,1,1,1,0,1,1,0,0,1,1,1,0,0,0,0,0.612932
1,0,0,1,0,0,1,0,1,0,1,0,1,0,1,0,1,1,0,1,0,0,1,0,1,1,0,1,0,0,1,1,0.608829
0,0,0,0,0,0,0,1,0,1,1,0,0,1,1,0,1,1,1,0,1,0,0,0,0,0,0,0,0,0,0,0,0.455350
0,1,1,1,1,0,0,1,1,0,1,0,0,0,0,1,0,0,0,0,1,0,1,0,1,0,0,1,0,1,1,0,0.570439
0,1,0,0,0,0,1,1,1,1,1,1,1,0,0,1,0,1,0,0,0,1,0,1,1,0,0,0,0,0,1,0,0.560955
0,1,0,1,0,1,0,0,0,1,0,1,1,0,1,1,1,0,0,1,1,0,0,1,1,1,0,0,1,1,1,0,0.615676
0,1,0,0,0,0,0,1,0,0,0,1,0,0,0,0,0,0,1,1,0,0,0,0,1,0,1,0,1,0,0,1,0.446345
