1,1,1,0,1,0,1,1,1,0,0,1,0,1,1,0,1,0,1,0,1,1,0,1,1,1,0,0,0,0,1,1,0.584932
0,0,0,1,0,1,1,1,0,0,0,0,1,1,0,0,1,1,0,0,1,1,1,1,0,1,1,0,0,0,1,0,0.570999
0,0,1,0,0,0,0,1,1,0,0,0,1,1,1,0,1,0,0,1,1,0,0,1,0,1,1,0,0,1,0,1,0.591965
0,0,1,0,1,1,0,0,1,1,1,0,1,1,1,0,1,0,0,1,0,0,1,0,1,1,1,0,0,0,1,0,0.596068
1,1,0,0,1,0,1,1,1,1,1,0,0,0,1,1,1,0,1,0,0,0,1,0,0,0,0,1,1,1,0,1,0.588688
1,0,0,0,0,1,1,0,0,0,0,0,0,1,1,1,0,1,0,1,1,0,0,1,1,1,0,0,1,0,1,0,0.586104
0,1,0,0,0,1,0,0,0,0,1,1,0,1,1,1,0,0,0,0,0,0,0,1,0,0,1,0,0,1,1,1,0.575661
0,1,0,0,0,1,1,1,0,0,1,1,0,0,1,0,0,0,0,1,1,0,1,0,0,0,0,1,0,0,0,1,0.595082
1,1,1,1,1,1,1,1,0,0,1,0,1,0,1,1,0,1,1,0,0,0,1,0,0,1,0,0,1,1,1,0,0.589141
1,1,1,1,0,0,0,0,1,1,1,1,0,1,0,1,1,0,0,1,1,1,0,1,0,0,1,1,0,1,1,1,0.577899
1,0,1,0,0,1,1,1,1,0,0,1,0,1,1,1,1,1,1,1,0,0,0,1,0,0,1,1,0,1,0,1,0.590606
1,1,1,1,1,1,0,1,1,0,0,1,1,0,0,1,0,1,1,0,0,1,1,0,1,1,1,1,0,0,0,1,0.596361
0,1,0,1,0,1,0,0,1,1,1,1,1,0,0,0,1,0,0,0,1,1,1,1,0,0,0,1,1,0,0,1,0.600304
1,1,1,1,1,1,1,1,0,1,1,1,0,0,1,1,0,1,0,1,1,1,1,0,0,0,1,1,1,0,1,0,0.593004
1,1,1,1,1,1,1,1,0,0,1,1,1,0,0,1,1,1,1,1,1,0,0,1,1,1,0,0,0,0,0,0,0.592525
0,1,0,1,0,0,1,0,1,1,1,0,1,0,1,0,1,1,1,1,1,0,0,1,0,1,1,1,0,0,1,0,0.595588
1,1,0,1,0,0,0,0,0,1,0,0,0,0,1,0,0,0,0,0,1,1,1,0,1,1,1,0,0,0,0,1,0.589674
0,0,0,0,1,0,0,0,1,0,0,1,0,1,1,0,0,0,1,0,1,1,1,1,0,1,0,1,0,0,0,1,0.555334
1,0,0,1,0,0,1,0,1,1,1,1,1,1,1,1,0,0,1,1,0,0,0,0,0,1,0,0,0,0,1,0,0.591752
1,0,1,0,1,0,1,0,0,1,0,0,0,1,1,0,0,1,0,0,1,0,1,1,1,0,0,0,0,1,1,0,0.584479
0,1,0,0,0,0,0,1,0,1,1,1,0,1,1,0,0,1,1,0,1,1,1,0,0,0,1,0,1,1,1,0,0.596654
0,0,0,1,0,0,0,1,1,1,0,0,1,1,0,1,0,1,1,1,0,1,0,1,1,0,0,0,0,0,1,0,0.595082
0,1,1,1,0,1,1,0,0,0,1,0,1,0,1,0,0,1,0,0,0,0,0,0,0,0,1,0,0,1,0,1,0.594869
1,0,0,1,1,1,0,0,1,0,0,0,0,1,1,0,1,1,0,1,1,0,0,0,1,1,1,0,1,1,0,1,0.593670
0,1,1,0,1,0,1,1,0,1,0,0,0,1,1,1,1,0,1,1,0,1,1,1,0,0,1,1,0,0,0,0,0.594256
1,0,0,1,0,1,1,0,0,1,0,1,1,0,0,1,0,0,1,0,0,1,1,0,1,1,1,1,0,0,1,0,0.595642
1,1,1,1,1,0,1,1,0,1,0,0,0,1,0,1,1,1,0,1,0,1,0,0,0,0,0,1,1,1,0,1,0.593484
0,0,1,0,1,1,0,0,0,1,1,0,1,0,0,0,0,1,1,1,1,1,0,1,0,0,0,0,0,0,1,0,0.564392
0,1,0,1,1,0,1,1,1,0,1,1,1,1,1,0,0,1,1,1,1,1,0,0,1,0,1,0,1,0,0,0,0.599691
0,1,1,1,1,1,1,0,0,0,1,0,0,0,1,0,0,1,0,1,1,1,0,1,0,0,0,1,1,0,1,0,0.591592
0,1,0,1,1,0,0,1,0,1,0,0,0,1,0,0,0,0,1,0,0,0,0,0,1,0,0,1,0,0,0,0,0.587063
0,0,0,1,0,0,1,1,0,1,1,0,0,0,1,1,1,1,0,0,0,1,1,0,1,1,0,0,1,0,1,0,0.594816
0,1,1,0,1,0,1,0,1,1,1,1,1,1,0,1,0,1,0,0,0,0,0,0,1,0,0,0,1,0,0,1,0.609735
1,0,0,1,0,1,1,1,0,1,0,1,1,1,1,0,0,1,0,0,0,0,1,1,1,1,1,1,1,0,1,1,0.584053
0,1,1,1,1,1,0,1,1,0,0,1,1,0,1,1,0,0,1,1,0,1,0,0,1,0,0,0,1,1,0,0,0.600304
1,0,0,0,0,0,1,1,1,0,0,0,1,1,1,1,1,0,0,1,1,1,1,0,1,0,0,0,1,0,1,0,0.585092
0,0,1,0,0,0,1,0,0,1,0,1,0,1,0,1,0,0,1,0,1,0,0,1,1,1,1,0,0,0,0,1,0.585651
1,1,0,0,0,1,0,0,1,0,1,1,0,1,0,0,1,1,0,0,0,1,1,0,0,0,1,1,0,1,1,0,0.605419
1,1,1,0,0,0,1,1,0,1,0,0,0,0,0,1,1,1,0,1,1,1,1,0,1,0,0,0,0,1,0,1,0.596787
0,0,0,1,1,0,1,1,1,0,0,1,0,1,0,0,1,0,1,0,0,1,1,1,0,1,1,0,1,0,1,0,0.592231
1,0,1,1,1,0,1,1,1,0,1,0,1,0,0,0,0,0,1,0,0,0,1,0,0,1,1,0,0,1,0,0,0.588741
1,1,0,0,1,1,1,1,0,1,1,0,0,0,1,1,0,0,0,0,0,1,1,1,0,1,0,0,0,1,1,1,0.576327
0,1,1,0,0,1,1,0,1,0,1,0,0,1,0,1,1,1,1,0,1,1,1,1,0,0,0,1,0,1,1,1,0.581762
0,0,0,0,1,1,0,1,0,0,1,0,0,0,1,0,1,1,1,0,0,1,1,0,1,0,1,0,0,0,1,1,0.595588
1,0,1,0,0,0,1,1,1,1,0,0,1,0,1,1,0,0,1,1,1,1,0,0,0,1,1,1,1,1,1,0,0.582854
1,0,0,1,0,0,0,1,0,1,1,1,1,1,0,1,0,1,0,0,1,0,0,0,0,0,0,0,1,1,1,1,0.595375
0,0,0,0,0,1,0,1,1,0,0,1,0,1,1,0,1,1,0,0,1,0,1,0,0,1,1,1,1,1,1,1,0.590979
0,0,1,0,0,0,0,0,1,0,1,1,0,1,1,1,1,0,1,0,0,0,0,1,1,0,0,1,1,1,0,1,0.594682
0,0,1,0,1,1,1,0,1,0,1,1,1,0,1,1,1,0,0,1,1,0,0,1,0,0,0,0,1,0,1,1,0.586211
0,0,1,0,1,1,1,1,1,0,1,0,1,1,0,0,0,0,1,1,0,1,0,1,0,1,1,1,1,1,0,1,0.578272
0,0,1,1,0,0,1,0,1,1,0,1,0,1,1,1,1,1,1,0,1,1,0,0,0,0,0,1,0,0,1,0,0.593803
1,1,1,1,0,1,1,1,1,0,0,0,1,0,1,0,0,1,0,0,0,1,0,0,0,1,1,0,0,0,0,1,0.592631
1,0,1,0,1,0,1,1,1,1,1,0,0,0,0,1,0,1,1,0,0,0,0,0,0,1,1,0,0,0,1,0,0.587516
1,1,0,1,1,1,1,0,1,1,1,1,0,0,0,1,1,0,0,0,1,1,1,1,0,0,0,1,0,0,0,1,0.597826
1,0,0,0,1,1,1,1,0,1,1,0,0,1,1,1,1,0,0,1,1,0,1,1,1,1,0,1,1,0,1,0,0.586930
1,0,0,0,1,0,0,1,0,0,1,0,0,1,0,0,0,0,1,1,0,1,1,1,0,0,0,0,0,0,1,0,0.583626
0,1,0,1,0,0,0,0,0,0,1,1,1,1,0,0,1,1,0,1,1,0,1,0,1,0,1,0,1,1,1,0,0.603794
1,1,0,0,1,1,1,0,0,1,1,0,0,1,1,0,1,1,1,1,1,1,1,1,0,0,1,1,0,1,1,0,0.604060
1,0,0,1,0,0,1,1,1,0,0,0,0,1,0,1,1,0,0,1,1,0,1,0,0,1,0,0,0,0,0,0,0.596094
0,0,0,0,1,1,0,0,1,1,1,1,0,0,1,0,0,0,0,0,1,0,1,0,1,1,1,0,0,1,1,1,0.595988
0,1,0,0,0,1,0,1,0,1,0,0,1,1,1,0,0,1,1,1,0,1,1,0,1,0,1,0,0,0,1,1,0.590047
0,0,1,0,0,0,0,1,0,1,0,0,1,1,1,0,0,0,1,1,1,0,1,0,1,1,1,1,1,1,0,1,0.594469
0,1,0,0,0,1,0,1,0,0,0,0,0,1,1,0,1,0,0,0,0,1,1,1,0,0,1,1,1,1,1,0,0.585491
0,0,1,0,0,0,1,1,1,0,1,0,0,0,1,0,1,0,1,0,1,0,0,1,1,0,1,1,0,0,0,0,0.596121
0,0,1,0,0,1,1,0,1,1,1,1,0,0,1,1,1,1,1,1,1,0,0,0,1,0,1,0,0,0,1,0,0.589701
1,1,1,0,1,0,1,0,1,0,0,1,1,0,1,0,1,0,1,0,1,0,0,1,0,0,1,1,0,1,0,0,0.598519
1,1,1,0,1,1,1,0,1,1,0,0,1,1,0,1,0,0,0,0,0,1,0,1,1,1,1,0,0,1,1,1,0.575128
0,0,0,0,0,0,1,0,1,1,1,1,0,1,1,0,1,0,1,1,0,1,1,0,1,1,1,0,0,0,0,1,0.593750
1,0,0,0,0,1,1,0,0,0,1,1,1,1,1,1,0,0,0,1,0,0,0,0,0,0,0,0,0,1,1,1,0.584479
0,1,1,1,1,1,0,1,0,0,0,0,1,0,0,0,0,0,0,1,1,1,0,0,0,0,0,0,1,0,0,1,0.589381
0,0,1,1,1,1,0,0,1,0,0,0,1,0,1,1,1,1,1,0,0,0,0,1,1,0,1,1,1,1,1,1,0.554561
1,1,1,1,0,0,1,1,0,0,1,0,0,1,1,1,1,1,1,0,1,0,1,0,1,0,0,1,0,0,0,0,0.596894
1,1,0,0,0,0,1,1,1,1,0,0,0,0,1,1,0,1,0,0,1,0,0,0,0,0,0,1,0,0,1,1,0.592791
1,1,0,0,1,0,0,0,0,1,0,0,0,1,0,0,1,1,0,0,0,1,0,1,1,0,1,0,0,0,0,0,0.597959
0,0,1,1,0,1,1,0,1,1,0,1,1,1,1,0,1,1,0,0,1,0,1,1,0,1,0,1,1,0,1,1,0.582614
0,0,0,0,0,1,0,1,1,1,0,0,1,1,1,1,0,1,0,1,1,0,0,1,0,0,0,1,0,1,0,0,0.583706
0,0,1,1,0,1,1,0,1,0,1,1,1,0,0,1,0,1,0,0,0,1,1,1,0,1,0,1,0,1,1,0,0.590260
0,0,1,1,0,1,1,1,1,0,1,1,1,1,1,1,1,0,0,0,0,1,1,0,0,1,1,1,1,0,1,0,0.586131
1,1,0,1,1,0,0,1,0,1,1,1,0,0,0,0,0,1,1,1,1,1,1,1,0,0,1,1,0,1,1,1,0.587170
0,1,0,0,1,1,0,1,0,0,0,1,1,1,1,1,0,0,1,0,1,0,1,1,0,0,1,1,1,1,0,1,0.573423
0,1,0,1,1,0,0,0,0,1,0,1,1,1,0,1,1,1,1,0,0,0,0,1,0,1,1,1,1,1,1,0,0.596041
0,1,1,1,0,0,0,0,1,0,1,0,0,1,0,1,0,0,1,0,1,1,0,1,0,1,0,1,0,0,0,0,0.595428
1,0,0,0,1,0,0,0,1,0,0,0,0,0,0,1,0,0,0,0,1,0,0,0,1,1,0,1,0,0,0,0,0.596681
1,0,0,0,1,0,1,1,0,0,1,1,0,0,1,0,1,0,0,1,0,0,0,1,1,0,1,1,0,0,0,1,0.586690
1,0,1,1,1,1,1,1,1,1,0,1,1,1,1,1,0,1,0,0,0,1,0,0,1,1,1,1,1,0,1,1,0.584585
1,0,0,1,0,0,1,1,0,1,0,0,1,1,0,1,1,1,1,1,1,0,0,0,0,1,0,1,0,0,1,0,0.592338
0,0,0,1,1,1,0,1,0,1,1,1,0,1,0,1,1,0,0,1,0,0,0,0,1,1,1,0,0,1,1,0,0.595588
0,0,0,0,0,1,1,0,0,1,0,1,1,0,1,0,0,0,1,1,1,0,0,0,0,0,0,0,1,0,0,1,0.539562
1,1,0,1,1,1,1,1,1,1,0,1,1,0,0,1,0,0,1,0,0,0,1,1,1,1,0,1,0,0,1,1,0.584665
1,0,0,0,0,0,0,0,0,0,0,0,0,1,1,0,1,1,0,1,1,1,0,1,0,0,0,1,0,0,0,0,0.591592
1,0,0,0,0,0,1,1,0,1,1,1,1,1,0,1,0,1,0,1,1,1,0,1,1,0,0,1,0,0,1,1,0.585624
1,1,1,1,1,0,0,1,0,1,1,1,0,0,1,0,1,0,0,1,0,1,1,1,1,0,1,1,0,0,0,0,0.591006
0,0,0,1,1,1,1,0,1,0,0,0,0,0,1,0,0,1,0,1,0,1,1,0,1,1,0,0,0,1,0,0,0.584372
1,1,1,0,0,0,1,1,1,0,1,1,0,1,0,0,0,1,1,0,0,0,0,0,1,0,0,0,0,1,1,0,0.596521
1,0,0,0,1,1,1,0,1,1,1,0,0,0,0,0,1,0,0,0,1,1,1,0,0,0,0,0,0,0,1,0,0.570093
1,1,0,1,1,0,1,0,0,1,1,0,1,0,1,1,1,1,0,1,0,0,0,1,1,0,1,0,1,0,0,0,0.594016
0,0,1,0,0,1,1,0,1,1,1,0,1,0,0,0,0,1,0,0,1,0,0,1,1,1,1,1,1,1,1,0,0.594336
1,0,0,1,0,0,1,0,1,0,1,0,0,0,0,1,1,0,1,0,1,0,0,1,1,0,0,0,1,0,1,1,0.591672
0,1,0,0,0,0,0,0,1,0,0,0,1,0,0,0,1,1,0,0,0,0,1,1,1,1,0,1,1,1,0,0,0.595695
1,1,1,0,1,1,1,1,0,0,1,1,0,1,0,0,1,0,1,1,0,0,0,0,1,0,0,1,0,0,1,0,0.598172
1,0,0,1,1,1,0,0,1,0,1,0,1,1,0,0,0,1,0,1,0,0,0,1,0,1,0,1,0,0,0,0,0.594443
1,1,1,0,1,0,1,1,0,0,0,1,1,1,1,1,0,0,1,1,1,1,0,0,0,1,0,1,0,0,0,1,0.592631
1,0,1,0,1,1,0,1,0,0,1,1,0,1,0,0,0,0,0,1,1,1,0,1,0,0,1,1,1,0,1,1,0.596361
0,0,0,1,1,1,1,1,1,0,1,0,1,1,0,0,0,1,1,0,0,0,1,1,0,0,0,1,0,0,0,0,0.587223
0,0,1,1,0,0,1,0,0,1,1,1,1,0,0,1,1,0,1,0,1,0,0,0,0,1,1,1,1,0,0,1,0.586637
1,0,0,0,0,1,0,1,1,0,1,0,0,1,0,1,1,0,1,0,1,0,0,1,1,0,0,0,0,1,0,0,0.594576
1,1,0,1,1,1,0,0,1,0,1,0,1,1,1,0,0,0,1,1,0,1,1,1,1,0,1,1,0,0,1,0,0.592764
1,0,1,0,0,0,0,1,1,1,1,1,1,1,0,1,1,0,0,1,1,1,1,1,0,0,1,0,1,1,0,0,0.594256
1,1,1,0,1,1,0,0,0,0,1,1,0,1,0,1,0,1,1,1,0,1,1,1,1,0,0,1,1,0,1,1,0.582987
0,1,0,1,0,1,1,0,1,1,1,1,0,0,0,1,0,0,1,1,1,1,1,1,0,0,0,1,0,1,0,1,0.594416
1,0,0,1,1,0,0,1,0,1,0,1,1,1,0,0,0,0,0,0,0,1,1,1,1,1,0,0,0,1,0,0,0.593564
1,1,0,0,0,1,0,0,0,0,0,0,0,0,1,0,0,1,1,1,0,1,0,1,1,0,0,0,0,0,1,1,0.585864
1,0,1,1,0,1,0,0,1,1,0,1,0,1,1,1,0,0,1,1,1,1,0,0,1,0,0,0,0,1,0,1,0.592018
0,0,0,0,0,1,0,1,1,1,1,1,0,0,0,1,1,1,1,0,0,1,0,1,1,1,1,0,0,0,1,1,0.587702
1,1,0,1,0,1,0,1,1,0,1,0,1,1,1,1,0,1,1,0,0,0,1,1,0,1,0,1,0,0,1,1,0.583999
0,0,1,0,0,0,0,1,0,0,1,0,0,0,0,1,0,1,0,0,0,0,1,1,0,1,1,0,0,0,1,0,0.572224
1,0,1,1,0,1,0,0,0,1,1,0,1,1,1,0,0,0,1,1,1,0,0,1,1,1,0,1,0,0,1,0,0.592391
0,1,0,1,1,1,0,0,0,1,0,1,0,0,0,0,1,1,1,1,1,0,0,0,1,1,1,1,1,1,1,0,0.596814
1,1,1,0,0,1,0,1,1,0,0,1,0,0,0,0,0,1,0,0,1,1,1,0,1,1,1,0,1,0,1,1,0.596681
0,1,1,0,0,0,1,0,0,1,1,1,0,1,0,1,1,0,0,0,0,0,0,1,0,1,0,0,1,1,0,0,0.594469
0,1,0,0,1,1,0,1,0,1,0,1,0,1,1,0,0,1,1,0,1,0,0,0,0,0,1,0,0,1,0,1,0.593830
0,1,1,1,0,0,0,1,0,0,0,1,0,1,1,0,1,0,1,1,1,1,0,1,1,1,1,1,1,1,1,0,0.587996
0,0,0,0,0,0,0,1,0,1,0,0,0,0,0,0,1,0,0,1,1,0,0,1,1,0,0,0,1,0,0,0,0.575501
1,0,1,1,1,1,1,0,0,1,0,1,1,0,1,0,0,0,0,1,0,0,1,1,0,0,0,1,0,0,1,1,0.595002
1,1,1,0,1,1,0,0,1,1,1,0,0,0,1,0,0,0,1,1,0,0,0,0,0,1,0,1,1,0,0,0,0.590766
0,0,0,1,1,1,1,0,1,1,1,1,1,0,0,1,1,1,1,1,1,0,1,0,0,1,0,0,1,0,0,0,0.593297
0,0,0,1,1,1,1,0,0,1,0,1,0,1,0,1,0,0,1,1,0,1,1,1,0,1,0,1,1,1,0,1,0.575128
0,1,1,0,0,1,0,0,0,0,1,0,1,0,1,0,1,1,0,0,0,0,1,1,0,0,0,0,1,1,1,1,0.586477
