1,1,0,1,1,0,1,0,1,1,0,0,1,0,1,0,1,0,1,1,0,0,1,0,0,0,1,0,1,0,1,0,0.820013
1,0,1,1,1,0,1,1,1,0,0,0,0,1,0,1,0,0,1,0,1,0,1,0,0,0,0,1,1,0,0,1,0.607438
1,0,0,1,1,0,1,1,1,0,1,1,1,1,0,1,0,1,0,0,0,1,0,1,1,0,0,1,1,1,1,1,0.539791
1,0,0,0,0,1,0,0,0,1,1,1,1,1,1,1,0,0,1,1,1,0,1,0,1,1,0,0,0,1,1,0,0.647613
0,0,0,0,1,1,1,1,0,1,1,0,0,0,1,0,0,1,0,0,0,1,1,1,1,1,0,0,0,1,1,1,0.555243
1,1,0,0,1,0,0,0,0,0,0,1,1,0,1,1,1,0,0,0,0,0,0,1,0,0,0,1,1,1,1,0,0.677600
0,1,1,0,1,1,0,0,1,0,0,0,1,1,0,1,1,1,0,1,0,1,0,1,1,1,0,0,0,1,1,1,0.599638
0,0,1,0,0,0,0,1,0,1,1,1,0,1,0,1,1,1,0,1,0,0,1,1,1,0,1,1,1,1,0,0,0.617988
0,0,0,0,1,1,1,0,0,1,1,1,1,1,1,1,0,1,1,0,0,1,0,1,0,0,1,0,0,1,0,0,0.497187
1,1,1,0,0,1,1,1,0,1,0,0,1,0,0,0,1,1,1,0,0,1,0,1,0,0,1,0,1,0,1,1,0.605243
1,1,1,1,1,0,1,0,1,1,0,0,1,1,1,0,0,1,0,0,0,1,1,1,0,0,1,1,0,0,0,1,0.643350
0,1,1,0,1,1,0,1,1,1,1,0,1,0,0,0,0,0,1,1,1,1,0,0,1,1,1,0,0,0,1,1,0.657758
0,0,1,0,1,0,0,1,1,1,1,0,0,0,1,1,1,0,0,1,1,0,0,1,0,0,0,1,1,0,0,1,0.638086
1,0,0,1,1,0,0,0,0,0,1,0,1,0,0,0,1,1,0,1,1,1,1,1,0,0,1,1,1,0,1,1,0.594778
1,0,1,1,1,1,1,1,0,0,0,1,1,1,1,0,1,0,0,1,0,1,0,0,1,1,1,1,0,0,0,0,0.708269
0,1,1,1,1,0,0,0,1,1,1,0,1,0,0,1,1,1,0,1,1,1,1,1,0,0,1,1,0,1,0,0,0.649020
1,0,0,1,1,1,1,0,0,0,0,0,0,0,1,1,1,0,1,1,0,0,0,1,1,1,1,1,1,0,1,0,0.684591
0,0,1,1,0,0,1,1,0,1,1,1,0,0,1,0,1,0,0,0,0,0,1,0,1,1,1,0,0,1,1,1,0.622144
0,0,1,1,0,0,0,0,1,1,0,1,1,1,0,1,1,1,1,1,0,0,1,1,1,1,0,1,0,1,1,1,0.611083
1,1,1,0,1,0,0,1,1,0,0,1,1,0,1,1,0,0,1,0,1,1,1,1,0,1,1,0,0,0,0,1,0.615217
1,1,1,1,1,1,0,1,0,0,1,1,0,0,0,1,1,0,0,0,0,0,0,1,0,1,0,1,1,1,1,1,0.554923
0,1,0,1,1,1,0,1,1,1,1,0,0,0,1,1,1,0,1,1,1,0,1,0,1,1,1,0,0,1,0,1,0.691560
0,0,1,1,1,1,1,0,1,1,1,1,0,1,0,1,0,1,0,0,0,1,1,0,1,1,1,1,1,1,0,0,0.622038
0,1,0,0,1,1,0,0,0,1,0,1,0,0,1,0,1,1,1,1,1,0,0,0,1,1,1,1,1,1,0,1,0.598806
1,1,0,1,0,0,0,0,0,0,1,0,1,1,1,0,1,1,1,0,1,0,1,0,0,0,1,0,0,0,0,0,0.684783
1,0,0,1,0,1,1,0,0,0,0,1,0,0,1,0,1,1,0,1,1,1,0,1,1,1,0,1,1,0,1,0,0.759974
1,0,0,1,0,0,1,1,0,1,1,0,1,0,0,0,1,0,0,0,1,1,1,0,1,0,0,1,1,1,0,1,0.610891
1,0,1,0,1,1,0,1,0,0,0,0,0,0,1,0,0,0,0,1,0,1,1,1,0,1,1,0,1,0,0,0,0.636722
0,0,1,0,0,0,1,0,1,0,0,0,0,1,1,1,0,1,0,0,0,1,0,1,1,1,1,0,1,0,0,0,0.573572
0,0,1,1,1,0,1,1,0,0,1,0,1,0,0,1,0,1,0,1,1,0,0,0,1,0,1,0,0,0,0,0,0.631607
0,1,0,0,0,0,0,0,1,1,0,1,1,0,1,1,1,0,1,0,0,1,1,1,0,1,1,0,1,1,1,0,0.607225
0,1,1,0,1,1,1,0,1,0,0,1,0,0,0,1,1,1,1,1,1,0,0,0,1,1,1,1,0,0,1,0,0.609207
0,0,1,1,1,0,1,1,0,0,0,1,0,1,0,0,1,1,1,0,1,0,0,0,0,1,1,1,0,0,1,0,0.604454
1,1,0,1,1,1,1,0,1,1,1,1,0,1,0,1,0,1,0,0,1,1,0,0,1,1,0,1,0,0,1,1,0.585294
0,1,0,1,0,1,1,0,0,0,1,1,0,1,0,0,1,1,1,1,0,1,0,0,1,0,0,1,1,1,1,1,0.625021
0,1,0,0,1,0,1,0,0,1,1,1,1,1,1,0,0,0,1,0,0,1,0,1,0,0,0,1,1,0,1,1,0.608419
1,1,1,0,1,0,1,1,0,0,1,1,0,0,1,0,1,1,1,1,0,1,0,1,0,0,0,1,1,0,0,1,0.602025
0,1,1,0,1,1,0,0,0,0,1,1,1,0,0,1,0,1,1,1,1,1,1,1,1,0,1,1,1,1,1,0,0.644437
0,0,1,1,0,0,1,1,1,1,1,0,0,1,0,0,1,0,0,0,0,1,1,1,1,1,0,1,1,1,0,0,0.612511
1,0,0,1,1,0,0,1,1,1,1,0,0,0,1,1,1,0,1,1,1,0,1,0,0,1,0,0,0,0,1,0,0.623231
1,0,0,1,0,1,0,1,0,1,1,1,1,1,0,1,0,1,1,0,1,1,1,1,1,0,0,0,0,0,0,0,0.628986
1,0,1,0,1,0,0,0,0,1,1,0,1,0,0,0,1,1,0,0,1,1,0,1,1,1,0,1,0,0,1,0,0.765324
0,1,0,1,0,1,1,0,1,0,0,0,0,1,0,0,1,0,1,0,0,1,0,0,1,0,0,1,0,0,0,1,0.624638
0,0,0,1,0,1,0,0,1,1,0,1,0,1,1,0,1,1,0,1,1,1,1,0,1,1,0,1,1,0,0,0,0.624702
0,1,0,0,0,1,0,1,1,1,0,0,1,0,0,0,1,0,1,0,1,1,1,1,0,0,0,0,1,0,1,1,0.594693
0,0,0,1,0,1,0,0,0,1,0,0,1,0,0,1,0,0,1,1,1,1,0,0,0,0,0,1,0,1,0,0,0.489322
1,1,0,1,0,0,1,1,0,1,0,0,1,0,1,0,0,1,0,1,1,1,1,1,0,1,0,0,1,0,1,1,0.624062
0,0,0,0,0,1,0,0,1,0,1,0,0,0,0,1,1,1,1,0,1,0,0,1,0,1,1,1,0,0,0,0,0.556500
0,0,0,0,0,0,1,0,0,0,0,0,1,1,0,0,0,1,0,1,0,0,0,1,0,1,0,1,0,0,0,0,0.481309
0,0,1,1,1,0,0,1,1,0,1,1,0,0,0,1,1,1,1,0,0,1,0,1,1,1,1,1,0,0,1,0,0.605371
1,0,0,0,1,0,1,0,0,1,1,0,0,1,1,1,0,1,1,1,0,0,0,1,0,1,0,1,0,0,0,0,0.634079
1,1,1,1,1,1,0,0,0,1,1,0,1,0,0,0,0,1,1,1,1,0,0,0,1,1,1,0,1,0,1,1,0.632950
0,0,1,0,1,0,1,0,1,0,0,0,1,1,1,0,1,0,1,1,1,1,1,0,1,1,1,1,0,1,1,0,0.640153
0,1,0,0,1,1,0,1,1,0,0,1,1,0,0,1,1,0,0,1,0,1,1,1,1,1,1,0,1,0,1,1,0.600533
1,1,0,1,0,0,1,1,0,1,1,1,1,0,0,1,0,1,1,0,0,1,1,1,1,1,1,1,0,1,0,0,0.629454
0,1,1,0,1,1,1,0,1,0,0,1,1,1,0,1,0,0,1,0,1,0,1,1,0,1,0,0,0,1,0,0,0.624084
1,1,0,1,1,1,1,1,1,1,1,1,0,0,0,0,1,0,0,1,0,1,1,0,1,1,0,0,0,1,0,1,0.630669
1,1,0,1,1,0,0,0,0,0,1,1,1,0,0,0,1,0,1,1,1,1,0,1,1,1,0,1,0,1,1,1,0.588619
1,0,1,1,0,1,0,1,0,1,1,0,0,0,0,1,1,0,1,0,1,0,0,0,0,0,1,1,1,0,1,0,0.635678
0,1,1,1,0,0,1,1,1,1,1,1,0,1,0,0,0,1,0,1,1,1,1,0,0,1,0,0,0,0,0,0,0.663150
1,0,0,1,1,1,0,0,0,1,1,1,1,1,1,0,0,0,0,1,1,1,0,0,0,0,1,0,0,1,0,0,0.651705
0,0,1,1,1,1,0,0,1,1,0,0,0,0,0,1,1,1,1,0,1,0,0,1,0,1,0,0,1,0,1,1,0.608205
0,1,0,1,1,1,1,1,1,1,1,1,1,0,1,1,0,0,0,0,0,0,0,0,0,0,1,0,0,1,0,1,0.776257
0,0,0,1,1,1,1,0,0,0,1,1,1,0,0,0,1,1,1,1,1,1,1,0,1,0,0,0,1,1,1,0,0.626385
0,1,0,1,1,1,1,1,1,0,0,1,0,0,1,0,1,1,1,1,0,0,1,0,0,0,0,0,1,1,0,1,0.656714
0,0,1,0,1,1,1,1,0,1,0,1,1,0,0,0,0,0,1,0,1,1,0,0,1,1,0,0,1,0,1,0,0.609101
1,1,0,1,1,1,1,1,1,0,0,1,1,0,1,0,1,1,0,0,1,0,0,0,0,0,1,0,1,0,0,0,0.679007
1,1,1,0,0,1,0,0,0,0,0,0,1,0,0,0,0,1,1,1,0,1,1,1,1,0,0,0,0,0,1,1,0.594182
0,0,1,1,0,1,1,1,1,0,0,0,0,1,0,0,1,1,0,0,0,0,1,0,1,0,1,0,1,0,1,1,0.626151
0,1,1,1,0,0,1,0,1,0,1,0,1,1,0,1,1,0,1,1,1,0,1,0,1,0,1,1,1,0,1,0,0.618713
0,0,0,1,0,0,0,1,1,1,0,1,0,1,0,1,0,1,1,1,1,1,1,0,0,0,1,1,0,0,1,1,0.768606
0,0,1,0,0,0,0,1,1,0,1,0,1,0,1,0,1,0,1,0,0,0,1,0,0,1,0,0,1,1,0,0,0.574936
1,0,1,0,1,1,0,1,0,0,1,1,0,1,1,0,0,0,1,0,1,0,1,0,0,0,0,0,1,0,0,0,0.657779
0,1,1,0,1,1,1,1,1,1,1,0,1,1,0,0,0,0,0,1,0,1,0,1,0,0,0,1,0,1,1,1,0.673572
1,1,1,1,0,1,0,1,1,1,0,1,0,1,1,1,0,1,1,0,0,0,0,1,0,1,1,0,1,0,1,0,0.638193
0,1,0,1,1,0,1,1,1,0,1,1,0,1,0,1,0,1,1,1,0,0,0,1,1,1,0,1,1,1,1,0,0.648487
1,1,1,0,1,1,1,1,1,0,1,0,0,0,1,0,0,1,0,1,1,0,0,0,1,0,1,1,0,0,0,0,0.675682
0,0,1,0,1,0,0,1,1,0,1,0,0,1,0,1,1,0,0,0,0,0,1,1,0,0,0,0,1,1,0,1,0.623806
0,1,0,0,0,0,1,1,0,0,0,1,1,0,0,1,1,1,1,0,1,0,0,1,1,1,1,0,1,0,1,0,0.608845
1,0,0,0,0,1,0,0,0,0,1,0,0,1,1,1,0,1,1,0,0,1,1,0,1,0,1,1,0,0,1,1,0.599020
1,0,1,0,0,1,1,1,0,1,1,0,1,1,1,1,1,0,1,0,0,0,1,1,0,1,1,1,0,0,0,0,0.632055
0,1,1,1,0,0,1,1,1,1,1,0,0,0,0,0,0,0,0,1,1,0,1,1,1,0,1,1,0,1,1,1,0.645205
1,0,0,0,0,1,1,1,1,0,0,0,1,0,1,0,1,0,1,0,1,1,0,0,0,1,1,1,1,1,0,1,0.599041
1,0,1,1,0,1,1,1,1,1,0,1,1,0,0,1,0,0,1,0,0,1,1,1,1,0,1,0,1,0,1,0,0.649126
1,0,0,1,0,0,1,0,0,0,0,1,1,1,0,1,0,0,1,1,0,0,0,1,0,0,0,0,1,0,1,1,0.592093
1,0,0,1,1,0,1,0,0,0,1,1,1,1,0,0,1,0,1,1,0,1,0,1,1,0,1,0,0,0,0,1,0.602302
0,1,1,1,0,1,0,0,1,1,0,0,0,0,1,0,0,1,1,1,1,0,1,0,1,1,0,1,1,1,1,0,0.623551
0,1,0,1,0,1,0,0,1,1,1,1,0,1,1,0,0,1,0,0,1,0,0,1,1,1,1,0,0,0,0,0,0.605627
1,0,0,0,1,0,1,1,1,1,0,0,0,0,0,0,1,1,0,1,1,1,0,0,0,0,1,0,0,0,0,0,0.684356
0,1,1,0,1,1,0,0,0,0,1,1,0,0,0,0,0,0,1,0,0,1,0,0,0,1,1,0,1,0,1,0,0.598402
1,1,1,0,1,1,1,1,1,0,0,1,0,0,1,1,1,1,1,1,0,1,1,0,1,1,1,1,0,0,0,1,0.597528
1,1,0,1,1,1,0,0,0,1,1,1,0,1,1,0,0,0,0,0,1,0,1,0,0,0,0,0,1,0,0,1,0.606841
0,0,0,0,0,0,1,0,0,0,1,1,0,0,1,1,0,0,1,0,1,1,1,1,1,1,1,1,0,1,0,1,0.604454
1,0,0,1,1,0,1,1,1,1,0,1,1,0,0,1,0,1,1,1,0,1,0,0,0,0,1,0,1,0,0,1,0.613939
1,1,0,0,0,1,1,0,1,0,1,0,0,1,0,0,1,1,0,1,0,0,1,1,1,0,0,0,0,1,0,0,0.860656
1,0,1,0,1,0,0,0,0,0,1,0,0,0,1,0,1,0,0,1,0,1,0,1,1,1,0,1,0,0,0,1,0.601066
0,1,1,0,0,0,1,0,0,1,1,0,0,1,1,0,1,0,1,1,1,1,1,0,1,0,0,1,0,0,1,0,0.614599
0,0,1,0,1,1,1,0,1,0,0,0,0,0,0,0,0,1,1,1,0,1,0,0,0,0,1,0,0,0,1,1,0.571803
0,0,1,0,0,1,0,0,0,1,0,0,1,1,1,0,1,0,0,0,0,1,1,0,0,1,0,0,0,1,0,1,0.590580
1,0,0,1,0,0,1,0,1,1,0,1,0,1,0,0,1,0,0,0,1,0,1,1,0,0,1,1,1,0,1,0,0.698103
1,0,0,1,1,1,0,1,0,0,0,1,1,1,0,0,1,1,0,0,0,0,1,0,1,0,0,0,0,0,1,1,0.603282
0,1,0,1,1,1,0,1,1,1,0,0,1,1,1,1,0,0,0,0,0,0,0,0,1,0,0,0,0,0,1,1,0.681799
0,1,0,1,0,0,1,0,1,0,1,0,1,0,1,1,0,1,0,1,0,0,0,0,1,1,1,0,0,1,0,1,0.658376
0,1,0,0,0,0,1,0,0,0,0,1,1,1,0,0,0,1,1,1,0,0,0,1,1,1,1,0,0,0,1,0,0.564003
0,0,1,0,0,0,0,1,1,1,1,0,1,1,1,0,0,0,1,0,1,0,0,1,0,0,1,0,0,0,0,0,0.618500
0,1,0,1,1,0,0,1,0,0,1,0,0,0,0,1,1,0,1,1,0,0,0,0,1,1,0,1,0,0,0,1,0.684932
1,1,1,1,1,1,1,1,0,1,1,1,0,0,0,1,1,1,1,1,0,0,0,1,1,1,0,0,0,1,0,1,0.659548
0,1,0,1,1,1,0,0,1,1,1,1,1,1,0,0,0,0,1,1,1,1,1,1,0,0,0,0,1,1,0,0,0.634847
0,1,1,1,0,1,1,1,1,0,1,1,0,0,1,0,0,0,0,0,1,1,0,1,0,0,1,1,1,1,1,0,0.615985
0,0,1,1,0,0,0,0,0,1,1,0,0,0,0,0,1,1,1,1,1,0,0,0,0,1,0,1,1,1,0,0,0.603431
0,1,0,0,1,0,1,0,1,1,1,1,0,1,1,0,0,0,1,0,1,1,1,0,1,1,0,0,1,0,1,1,0.620226
0,1,1,0,1,0,1,1,1,0,1,1,1,1,1,0,0,1,1,0,1,0,1,0,1,1,1,1,1,1,0,1,0.625789
0,1,1,0,1,0,0,0,1,1,0,1,0,1,0,0,1,1,0,1,0,1,0,1,1,1,0,0,1,0,1,0,0.692945
0,0,0,0,0,0,1,1,0,1,0,1,1,1,1,1,1,0,0,1,1,0,0,0,1,1,1,0,1,1,0,0,0.619416
0,1,1,0,0,1,0,0,1,0,1,1,1,0,1,0,0,0,1,1,0,1,0,0,0,0,1,1,0,0,1,0,0.601876
0,1,0,1,0,1,0,1,1,1,1,0,0,1,0,1,0,1,0,1,1,0,1,0,1,0,1,1,1,0,0,1,0.693137
1,1,1,0,1,1,0,0,0,0,0,1,1,1,1,0,1,1,1,0,0,0,0,0,0,1,0,1,0,0,0,0,0.713555
1,0,1,1,0,1,1,1,0,1,1,0,1,1,1,0,0,0,0,1,0,0,1,1,1,0,1,1,1,1,0,1,0.586679
0,1,1,1,0,0,0,1,1,1,0,1,1,0,1,1,0,0,1,0,1,1,0,0,0,1,0,0,0,0,0,0,0.684442
1,1,1,0,1,1,1,1,0,0,0,1,0,1,0,1,0,1,1,0,1,1,0,0,1,1,0,0,0,1,1,1,0.575533
1,0,1,0,1,0,1,0,0,0,1,1,0,1,1,1,1,1,1,0,0,0,1,1,1,0,0,1,0,0,1,1,0.606351
1,0,1,1,1,1,1,0,1,0,0,0,0,1,1,0,0,1,0,1,1,0,0,0,1,1,1,0,1,0,0,1,0.609783
1,1,0,1,1,1,0,0,0,0,0,1,1,0,0,1,1,0,1,1,0,1,1,1,0,1,0,1,0,0,0,1,0.627771
0,1,0,0,0,1,1,0,0,1,0,0,1,0,0,0,0,1,1,1,0,0,1,1,1,0,1,1,0,1,1,0,0.586381
1,1,1,0,1,0,0,1,1,1,1,1,1,0,0,0,0,1,1,1,1,0,1,1,1,1,1,0,1,0,0,0,0.785273
0,1,1,0,0,1,0,1,1,0,1,1,1,0,1,1,0,1,1,0,1,0,0,1,1,1,1,1,0,1,1,1,0.627259
1,0,1,0,0,0,1,1,1,1,1,1,1,0,1,0,0,0,0,0,0,1,1,1,0,1,0,0,0,0,1,1,0.610038
0,0,0,0,0,0,1,0,0,1,1,1,0,1,1,1,1,1,1,1,1,1,0,1,0,1,0,1,0,1,0,0,0.561850
