0,1,0,1,1,1,0,0,1,1,1,1,1,1,0,0,0,0,1,1,1,1,1,1,0,0,0,0,1,1,0,0,0.634431
1,1,0,0,0,1,1,0,1,0,1,0,0,1,0,0,1,1,0,1,0,0,1,1,1,0,0,0,0,1,0,0,0.861866
0,1,0,0,0,1,0,1,1,1,0,0,1,0,0,0,1,0,1,0,1,1,1,1,0,0,0,0,1,0,1,1,0.593270
1,1,1,0,1,1,0,0,0,0,0,1,1,1,1,0,1,1,1,0,0,0,0,0,0,1,0,1,0,0,0,0,0.712676
0,1,1,0,1,1,1,0,1,0,0,1,1,1,0,1,0,0,1,0,1,0,1,1,0,1,0,0,0,1,0,0,0.624840
1,0,0,1,1,1,0,0,0,1,1,1,1,1,1,0,0,0,0,1,1,1,0,0,0,0,1,0,0,1,0,0,0.647911
0,0,0,0,0,0,1,1,0,1,0,1,1,1,1,1,1,0,0,1,1,0,0,0,1,1,1,0,1,1,0,0,0.615782
0,1,1,0,1,1,0,1,1,1,1,0,1,0,0,0,0,0,1,1,1,1,0,0,1,1,1,0,0,0,1,1,0.657342
0,0,0,1,0,0,0,1,1,1,0,1,0,1,0,1,0,1,1,1,1,1,1,0,0,0,1,1,0,0,1,1,0.768382
1,1,0,1,1,0,1,0,1,1,0,0,1,0,1,0,1,0,1,1,0,0,1,0,0,0,1,0,1,0,1,0,0.814764
0,1,0,0,1,1,0,0,0,1,0,1,0,0,1,0,1,1,1,1,1,0,0,0,1,1,1,1,1,1,0,1,0.597640
1,1,1,0,1,1,1,1,0,0,0,1,0,1,0,1,0,1,1,0,1,1,0,0,1,1,0,0,0,1,1,1,0.578192
0,1,1,1,0,1,0,0,1,1,0,0,0,0,1,0,0,1,1,1,1,0,1,0,1,1,0,1,1,1,1,0,0.624227
0,1,0,1,1,0,1,1,1,0,1,1,0,1,0,1,0,1,1,1,0,0,0,1,1,1,0,1,1,1,1,0,0.648071
0,0,1,1,1,0,0,1,1,0,1,1,0,0,0,1,1,1,1,0,0,1,0,1,1,1,1,1,0,0,1,0,0.603074
0,1,1,1,0,0,1,1,1,1,1,0,0,0,0,0,0,0,0,1,1,0,1,1,1,0,1,1,0,1,1,1,0.643116
0,1,0,1,1,0,0,1,0,0,1,0,0,0,0,1,1,0,1,1,0,0,0,0,1,1,0,1,0,0,0,1,0.680307
0,1,1,0,1,0,1,1,1,0,1,1,1,1,1,0,0,1,1,0,1,0,1,0,1,1,1,1,1,1,0,1,0.624973
1,1,1,0,1,0,0,1,1,1,1,1,1,0,0,0,0,1,1,1,1,0,1,1,1,1,1,0,1,0,0,0,0.783142
0,1,1,1,0,0,1,0,1,0,1,0,1,1,0,1,1,0,1,1,1,0,1,0,1,0,1,1,1,0,1,0,0.613837
0,0,1,0,1,1,1,1,0,1,0,1,1,0,0,0,0,0,1,0,1,1,0,0,1,1,0,0,1,0,1,0,0.605286
0,0,1,1,1,0,1,1,0,0,1,0,1,0,0,1,0,1,0,1,1,0,0,0,1,0,1,0,0,0,0,0,0.630568
1,0,0,0,0,1,1,1,1,0,0,0,1,0,1,0,1,0,1,0,1,1,0,0,0,1,1,1,1,1,0,1,0.597799
1,0,0,1,0,1,1,0,0,0,0,1,0,0,1,0,1,1,0,1,1,1,0,1,1,1,0,1,1,0,1,0,0.758259
1,0,1,1,0,1,0,1,0,1,1,0,0,0,0,1,1,0,1,0,1,0,0,0,0,0,1,1,1,0,1,0,0.631634
0,0,0,0,0,0,1,0,0,1,1,1,0,1,1,1,1,1,1,1,1,1,0,1,0,1,0,1,0,1,0,0,0.561568
1,1,0,1,0,0,1,1,0,1,1,1,1,0,0,1,0,1,1,0,0,1,1,1,1,1,1,1,0,1,0,0,0.630355
0,1,0,1,1,1,1,1,1,1,1,1,1,0,1,1,0,0,0,0,0,0,0,0,0,0,1,0,0,1,0,1,0.777067
0,1,0,0,1,0,1,0,0,1,1,1,1,1,1,0,0,0,1,0,0,1,0,1,0,0,0,1,1,0,1,1,0.607044
0,1,0,0,1,0,1,0,1,1,1,1,0,1,1,0,0,0,1,0,1,1,1,0,1,1,0,0,1,0,1,1,0.621617
0,1,0,1,0,1,0,0,1,1,1,1,0,1,1,0,0,1,0,0,1,0,0,1,1,1,1,0,0,0,0,0,0.605499
1,1,1,1,1,1,0,1,0,0,1,1,0,0,0,1,1,0,0,0,0,0,0,1,0,1,0,1,1,1,1,1,0.559410
1,0,0,0,0,1,0,0,0,0,1,0,0,1,1,1,0,1,1,0,0,1,1,0,1,0,1,1,0,0,1,1,0.601716
1,0,1,0,1,0,0,0,0,0,1,0,0,0,1,0,1,0,0,1,0,1,0,1,1,1,0,1,0,0,0,1,0.600543
1,0,1,1,0,1,1,1,0,1,1,0,1,1,1,0,0,0,0,1,0,0,1,1,1,0,1,1,1,1,0,1,0.590846
1,0,0,1,1,0,0,1,1,1,1,0,0,0,1,1,1,0,1,1,1,0,1,0,0,1,0,0,0,0,1,0,0.619832
1,1,0,1,1,1,0,0,0,0,0,1,1,0,0,1,1,0,1,1,0,1,1,1,0,1,0,1,0,0,0,1,0.632486
0,1,0,0,0,1,1,0,0,1,0,0,1,0,0,0,0,1,1,1,0,0,1,1,1,0,1,1,0,1,1,0,0.586877
0,0,1,0,1,0,0,1,1,0,1,0,0,1,0,1,1,0,0,0,0,0,1,1,0,0,0,0,1,1,0,1,0.624361
0,1,0,1,0,1,1,0,1,0,0,0,0,1,0,0,1,0,1,0,0,1,0,0,1,0,0,1,0,0,0,1,0.619858
1,1,0,0,1,0,0,0,0,0,0,1,1,0,1,1,1,0,0,0,0,0,0,1,0,0,0,1,1,1,1,0,0.675112
1,0,1,0,0,1,1,1,0,1,1,0,1,1,1,1,1,0,1,0,0,0,1,1,0,1,1,1,0,0,0,0,0.628090
0,1,0,0,0,0,1,1,0,0,0,1,1,0,0,1,1,1,1,0,1,0,0,1,1,1,1,0,1,0,1,0,0.607364
0,1,0,0,1,1,0,1,1,0,0,1,1,0,0,1,1,0,0,1,0,1,1,1,1,1,1,0,1,0,1,1,0.597373
0,0,1,1,0,0,0,0,1,1,0,1,1,1,0,1,1,1,1,1,0,0,1,1,1,1,0,1,0,1,1,1,0.605978
1,0,0,1,1,0,1,1,1,1,0,1,1,0,0,1,0,1,1,1,0,1,0,0,0,0,1,0,1,0,0,1,0.620871
1,1,0,1,1,1,0,0,0,1,1,1,0,1,1,0,0,0,0,0,1,0,1,0,0,0,0,0,1,0,0,1,0.607816
0,0,0,1,0,1,0,0,1,1,0,1,0,1,1,0,1,1,0,1,1,1,1,0,1,1,0,1,1,0,0,0,0.625027
0,0,1,1,0,1,1,1,1,0,0,0,0,1,0,0,1,1,0,0,0,0,1,0,1,0,1,0,1,0,1,1,0.621910
0,0,0,1,0,1,0,0,0,1,0,0,1,0,0,1,0,0,1,1,1,1,0,0,0,0,0,1,0,1,0,0,0.483483
0,1,0,1,0,0,1,0,1,0,1,0,1,0,1,1,0,1,0,1,0,0,0,0,1,1,1,0,0,1,0,1,0.653479
1,1,1,0,1,1,1,1,1,0,1,0,0,0,1,0,0,1,0,1,1,0,0,0,1,0,1,1,0,0,0,0,0.670423
0,0,1,1,1,1,0,0,1,1,0,0,0,0,0,1,1,1,1,0,1,0,0,1,0,1,0,0,1,0,1,1,0.605392
1,1,1,0,1,1,1,1,1,0,0,1,0,0,1,1,1,1,1,1,0,1,1,0,1,1,1,1,0,0,0,1,0.603048
1,0,1,0,1,1,0,1,0,0,0,0,0,0,1,0,0,0,0,1,0,1,1,1,0,1,1,0,1,0,0,0,0.633712
0,1,1,1,0,1,1,1,1,0,1,1,0,0,1,0,0,0,0,0,1,1,0,1,0,0,1,1,1,1,1,0,0.613837
0,1,0,1,0,1,1,0,0,0,1,1,0,1,0,0,1,1,1,1,0,1,0,0,1,0,0,1,1,1,1,1,0.626545
1,0,1,1,1,1,1,0,1,0,0,0,0,1,1,0,0,1,0,1,1,0,0,0,1,1,1,0,1,0,0,1,0.611306
1,0,1,1,1,1,1,1,0,0,0,1,1,1,1,0,1,0,0,1,0,1,0,0,1,1,1,1,0,0,0,0,0.701620
1,0,0,1,0,0,1,0,0,0,0,1,1,1,0,1,0,0,1,1,0,0,0,1,0,0,0,0,1,0,1,1,0.593324
1,0,1,0,1,1,0,1,0,0,1,1,0,1,1,0,0,0,1,0,1,0,1,0,0,0,0,0,1,0,0,0,0.650575
0,1,1,0,0,1,0,0,1,0,1,1,1,0,1,0,0,0,1,1,0,1,0,0,0,0,1,1,0,0,1,0,0.601316
1,0,0,0,1,0,1,1,1,1,0,0,0,0,0,0,1,1,0,1,1,1,0,0,0,0,1,0,0,0,0,0,0.683983
0,1,1,0,1,1,1,0,1,0,0,1,0,0,0,1,1,1,1,1,1,0,0,0,1,1,1,1,0,0,1,0,0.608935
0,0,1,0,1,0,1,0,1,0,0,0,1,1,1,0,1,0,1,1,1,1,1,0,1,1,1,1,0,1,1,0,0.643862
1,1,0,1,1,1,1,1,1,0,0,1,1,0,1,0,1,1,0,0,1,0,0,0,0,0,1,0,1,0,0,0,0.672528
0,0,0,1,1,1,1,0,0,0,1,1,1,0,0,0,1,1,1,1,1,1,1,0,1,0,0,0,1,1,1,0,0.627531
1,0,0,1,1,1,1,0,0,0,0,0,0,0,1,1,1,0,1,1,0,0,0,1,1,1,1,1,1,0,1,0,0.685582
0,1,1,1,0,0,0,1,1,1,0,1,1,0,1,1,0,0,1,0,1,1,0,0,0,1,0,0,0,0,0,0,0.687500
0,1,1,0,1,0,0,0,1,1,0,1,0,1,0,0,1,1,0,1,0,1,0,1,1,1,0,0,1,0,1,0,0.689019
0,1,1,0,1,1,0,0,0,0,1,1,0,0,0,0,0,0,1,0,0,1,0,0,0,1,1,0,1,0,1,0,0.595348
1,1,1,0,1,0,1,1,0,0,1,1,0,0,1,0,1,1,1,1,0,1,0,1,0,0,0,1,1,0,0,1,0.605099
1,0,0,1,1,1,0,1,0,0,0,1,1,1,0,0,1,1,0,0,0,0,1,0,1,0,0,0,0,0,1,1,0.603261
0,1,1,0,1,1,0,0,0,0,1,1,1,0,0,1,0,1,1,1,1,1,1,1,1,0,1,1,1,1,1,0,0.643675
1,1,1,0,0,1,1,1,0,1,0,0,1,0,0,0,1,1,1,0,0,1,0,1,0,0,1,0,1,0,1,1,0.606245
1,1,0,1,1,1,1,1,1,1,1,1,0,0,0,0,1,0,0,1,0,1,1,0,1,1,0,0,0,1,0,1,0.632859
1,1,0,1,1,0,0,0,0,0,1,1,1,0,0,0,1,0,1,1,1,1,0,1,1,1,0,1,0,1,1,1,0.593137
0,0,1,1,1,0,1,1,0,0,0,1,0,1,0,0,1,1,1,0,1,0,0,0,0,1,1,1,0,0,1,0,0.601689
0,1,1,0,1,1,0,0,1,0,0,0,1,1,0,1,1,1,0,1,0,1,0,1,1,1,0,0,0,1,1,1,0.597240
0,0,1,1,0,0,1,1,1,1,1,0,0,1,0,0,1,0,0,0,0,1,1,1,1,1,0,1,1,1,0,0,0.614051
0,0,1,0,0,0,0,1,1,1,1,0,1,1,1,0,0,0,1,0,1,0,0,1,0,0,1,0,0,0,0,0,0.620018
1,0,0,1,1,0,1,1,1,0,1,1,1,1,0,1,0,1,0,0,0,1,0,1,1,0,0,1,1,1,1,1,0.543159
1,0,1,0,1,0,1,0,0,0,1,1,0,1,1,1,1,1,1,0,0,0,1,1,1,0,0,1,0,0,1,1,0.612266
0,0,0,0,1,1,1,1,0,1,1,0,0,0,1,0,0,1,0,0,0,1,1,1,1,1,0,0,0,1,1,1,0.547661
1,1,1,0,0,1,0,0,0,0,0,0,1,0,0,0,0,1,1,1,0,1,1,1,1,0,0,0,0,0,1,1,0.594656
0,0,0,0,0,0,1,0,0,0,0,0,1,1,0,0,0,1,0,1,0,0,0,1,0,1,0,1,0,0,0,0,0.476396
1,1,1,1,1,1,1,1,0,1,1,1,0,0,0,1,1,1,1,1,0,0,0,1,1,1,0,0,0,1,0,1,0.665921
0,0,0,0,0,1,0,0,1,0,1,0,0,0,0,1,1,1,1,0,1,0,0,1,0,1,1,1,0,0,0,0,0.555334
0,1,1,0,0,1,0,1,1,0,1,1,1,0,1,1,0,1,1,0,1,0,0,1,1,1,1,1,0,1,1,1,0.622389
1,0,0,1,0,0,1,0,1,1,0,1,0,1,0,0,1,0,0,0,1,0,1,1,0,0,1,1,1,0,1,0,0.694746
0,0,0,0,1,1,1,0,0,1,1,1,1,1,1,1,0,1,1,0,0,1,0,1,0,0,1,0,0,1,0,0,0.490809
0,1,1,0,1,1,1,1,1,1,1,0,1,1,0,0,0,0,0,1,0,1,0,1,0,0,0,1,0,1,1,1,0.671062
1,0,1,0,0,0,1,1,1,1,1,1,1,0,1,0,0,0,0,0,0,1,1,1,0,1,0,0,0,0,1,1,0.610427
1,1,1,1,1,0,1,0,1,1,0,0,1,1,1,0,0,1,0,0,0,1,1,1,0,0,1,1,0,0,0,1,0.642636
1,0,0,0,0,1,0,0,0,1,1,1,1,1,1,1,0,0,1,1,1,0,1,0,1,1,0,0,0,1,1,0,0.648631
0,1,0,0,0,0,0,0,1,1,0,1,1,0,1,1,1,0,1,0,0,1,1,1,0,1,1,0,1,1,1,0,0.606245
0,1,0,0,0,0,1,0,0,0,0,1,1,1,0,0,0,1,1,1,0,0,0,1,1,1,1,0,0,0,1,0,0.563459
0,0,1,0,0,0,0,1,0,1,1,1,0,1,0,1,1,1,0,1,0,0,1,1,1,0,1,1,1,1,0,0,0.617540
1,1,0,1,0,0,0,0,0,0,1,0,1,1,1,0,1,1,1,0,1,0,1,0,0,0,1,0,0,0,0,0,0.679135
1,1,1,1,1,1,0,0,0,1,1,0,1,0,0,0,0,1,1,1,1,0,0,0,1,1,1,0,1,0,1,1,0.635896
0,0,1,0,0,1,0,0,0,1,0,0,1,1,1,0,1,0,0,0,0,1,1,0,0,1,0,0,0,1,0,1,0.588102
1,0,0,1,0,0,1,1,0,1,1,0,1,0,0,0,1,0,0,0,1,1,1,0,1,0,0,1,1,1,0,1,0.608989
1,0,0,0,1,0,1,0,0,1,1,0,0,1,1,1,0,1,1,1,0,0,0,1,0,1,0,1,0,0,0,0,0.627051
0,1,0,1,1,1,0,1,1,1,1,0,0,0,1,1,1,0,1,1,1,0,1,0,1,1,1,0,0,1,0,1,0.687527
0,1,0,1,0,1,0,1,1,1,1,0,0,1,0,1,0,1,0,1,1,0,1,0,1,0,1,1,1,0,0,1,0.691017
1,0,0,1,0,1,0,1,0,1,1,1,1,1,0,1,0,1,1,0,1,1,1,1,1,0,0,0,0,0,0,0,0.627318
1,0,0,1,1,0,1,0,0,0,1,1,1,1,0,0,1,0,1,1,0,1,0,1,1,0,1,0,0,0,0,1,0.601076
0,0,1,1,1,1,1,0,1,1,1,1,0,1,0,1,0,1,0,0,0,1,1,0,1,1,1,1,1,1,0,0,0.623801
0,0,1,0,0,0,1,0,1,0,0,0,0,1,1,1,0,1,0,0,0,1,0,1,1,1,1,0,1,0,0,0,0.572890
1,1,1,0,1,0,0,1,1,0,0,1,1,0,1,1,0,0,1,0,1,1,1,1,0,1,1,0,0,0,0,1,0.620418
0,0,1,0,1,0,0,1,1,1,1,0,0,0,1,1,1,0,0,1,1,0,0,1,0,0,0,1,1,0,0,1,0.637601
1,0,1,1,1,0,1,1,1,0,0,0,0,1,0,1,0,0,1,0,1,0,1,0,0,0,0,1,1,0,0,1,0.610907
0,0,0,0,0,0,1,0,0,0,1,1,0,0,1,1,0,0,1,0,1,1,1,1,1,1,1,1,0,1,0,1,0.599052
1,1,0,1,1,1,1,0,1,1,1,1,0,1,0,1,0,1,0,0,1,1,0,0,1,1,0,1,0,0,1,1,0.588368
0,1,1,1,1,0,0,0,1,1,1,0,1,0,0,1,1,1,0,1,1,1,1,1,0,0,1,1,0,1,0,0,0.650549
1,0,0,1,1,0,0,0,0,0,1,0,1,0,0,0,1,1,0,1,1,1,1,1,0,0,1,1,1,0,1,1,0.598945
0,1,1,0,0,0,1,0,0,1,1,0,0,1,1,0,1,0,1,1,1,1,1,0,1,0,0,1,0,0,1,0,0.612878
1,0,1,1,0,1,1,1,1,1,0,1,1,0,0,1,0,0,1,0,0,1,1,1,1,0,1,0,1,0,1,0,0.646180
0,0,1,1,0,0,1,1,0,1,1,1,0,0,1,0,1,0,0,0,0,0,1,0,1,1,1,0,0,1,1,1,0.619805
1,1,0,1,0,0,1,1,0,1,0,0,1,0,1,0,0,1,0,1,1,1,1,1,0,1,0,0,1,0,1,1,0.626066
0,1,0,1,1,1,0,1,1,1,0,0,1,1,1,1,0,0,0,0,0,0,0,0,1,0,0,0,0,0,1,1,0.680840
0,1,1,1,0,0,1,1,1,1,1,1,0,1,0,0,0,1,0,1,1,1,1,0,0,1,0,0,0,0,0,0,0.663337
1,0,1,0,1,0,0,0,0,1,1,0,1,0,0,0,1,1,0,0,1,1,0,1,1,1,0,1,0,0,1,0,0.762734
0,0,1,1,0,0,0,0,0,1,1,0,0,0,0,0,1,1,1,1,1,0,0,0,0,1,0,1,1,1,0,0,0.600863
1,1,1,1,0,1,0,1,1,1,0,1,0,1,1,1,0,1,1,0,0,0,0,1,0,1,1,0,1,0,1,0,0.636536
0,1,0,1,1,1,1,1,1,0,0,1,0,0,1,0,1,1,1,1,0,0,1,0,0,0,0,0,1,1,0,1,0.652813
0,0,1,0,0,0,0,1,1,0,1,0,1,0,1,0,1,0,1,0,0,0,1,0,0,1,0,0,1,1,0,0,0.572650
0,0,1,0,1,1,1,0,1,0,0,0,0,0,0,0,0,1,1,1,0,1,0,0,0,0,1,0,0,0,1,1,0.565137
