1,1,0,1,0,0,1,1,1,0,0,0,0,1,0,1,1,0,0,1,1,0,0,1,1,0,0,1,1,0,1,0,0.593358
1,1,1,0,1,1,1,1,0,0,1,0,0,1,1,0,1,1,0,1,0,0,1,1,0,0,1,1,0,1,1,1,0.607193
0,0,1,0,1,0,0,0,1,1,0,0,0,0,1,1,1,0,1,1,1,0,0,1,1,0,1,0,1,1,1,0,0.596667
1,0,1,0,0,0,0,0,1,1,1,1,0,0,0,1,0,1,0,0,0,0,0,0,1,1,1,1,1,1,0,1,0.676491
0,1,0,1,0,1,0,0,1,0,0,1,1,1,1,0,0,0,0,0,0,1,0,1,1,0,1,1,1,0,0,1,0.634762
0,0,1,1,0,1,1,0,0,0,0,0,0,0,0,0,0,0,1,1,0,0,0,0,0,1,0,0,1,0,1,1,0.747243
0,1,1,1,0,0,0,1,0,0,1,1,0,1,1,0,0,0,0,0,0,1,1,1,0,0,0,1,1,0,1,1,0.633333
0,1,0,0,0,1,1,1,0,0,0,1,1,1,1,1,0,0,1,0,1,1,1,0,1,0,1,0,1,0,0,1,0.596115
0,1,0,0,0,0,0,0,1,0,1,0,0,0,1,0,0,0,1,0,0,0,1,0,0,1,0,1,0,1,1,0,0.634887
1,0,1,0,0,0,0,1,1,0,0,0,0,0,1,0,0,1,1,1,0,1,0,1,0,0,0,1,1,1,0,1,0.674110
0,0,0,0,1,0,0,1,1,0,0,0,1,1,0,1,0,1,0,1,1,0,1,1,0,0,1,1,1,1,1,1,0.596040
1,0,1,0,1,0,0,1,0,0,1,1,1,0,0,1,1,0,1,1,0,1,0,1,0,0,1,1,1,0,1,0,0.665865
0,1,1,1,1,1,0,1,0,1,1,1,0,1,0,1,1,0,1,0,0,1,0,0,0,0,0,0,0,1,1,1,0.569524
0,0,1,0,0,1,1,0,0,0,0,1,0,1,1,1,1,1,1,1,1,1,1,1,1,0,1,0,1,0,1,1,0.678972
1,1,0,0,1,1,0,1,0,1,0,1,0,1,0,0,0,0,1,0,1,1,0,1,0,0,1,1,1,0,1,0,0.597644
0,1,0,1,1,0,1,0,1,0,1,0,1,0,1,1,0,1,0,0,0,0,0,1,0,0,0,1,0,1,1,0,0.608997
1,0,0,0,1,1,1,0,0,0,0,0,0,1,1,0,1,1,0,1,0,1,1,1,0,0,0,1,1,0,1,0,0.585288
1,0,1,1,0,1,0,0,1,1,1,0,1,0,1,1,1,1,1,1,0,1,1,1,1,0,0,1,1,1,1,0,0.564361
1,1,0,1,0,0,0,0,1,0,1,1,0,1,0,1,1,0,0,1,1,1,0,1,0,1,1,1,0,1,0,1,0.618471
1,1,0,1,0,0,1,1,0,0,1,0,0,0,1,1,0,1,0,1,1,0,0,0,0,0,0,0,1,1,1,1,0.544787
1,1,0,0,1,1,1,0,1,0,0,0,0,1,1,1,0,1,0,0,1,1,0,0,1,0,0,1,1,1,1,1,0.593534
0,1,0,1,1,1,0,1,1,1,0,1,1,1,1,0,1,0,0,0,0,1,0,1,0,0,0,0,1,0,1,1,0.644411
0,1,0,0,0,1,1,1,0,1,1,1,1,0,1,0,0,1,0,1,1,1,1,1,0,0,0,0,0,0,1,1,0.662707
0,0,1,1,0,0,0,0,0,0,1,0,0,0,1,0,1,0,0,1,1,1,0,1,1,1,0,1,1,1,1,1,0.653860
1,1,0,0,1,1,0,0,0,1,0,1,0,0,1,0,1,0,1,1,1,0,0,0,0,0,0,1,1,1,1,1,0.601604
0,1,1,0,0,1,1,1,0,0,0,0,1,1,0,1,1,1,1,0,0,1,0,0,1,0,1,0,0,0,1,1,0.666967
1,0,1,0,0,1,0,0,0,0,0,1,1,0,0,1,0,0,0,0,0,0,1,1,0,1,0,1,1,0,1,1,0.616967
0,0,1,0,1,0,1,1,1,0,0,0,0,0,1,0,1,1,0,0,1,0,1,0,1,1,0,1,0,0,1,0,0.613985
0,0,1,1,1,1,1,0,0,1,0,1,0,1,1,1,0,0,0,0,0,1,0,1,1,0,1,0,1,0,1,1,0.576742
1,0,1,0,0,1,0,0,0,1,0,0,1,0,0,1,1,0,0,1,1,0,0,1,1,1,0,0,1,1,0,0,0.632306
1,0,0,0,0,0,1,1,0,0,0,0,0,1,1,0,0,1,1,1,1,1,0,0,0,0,0,1,0,1,1,1,0.679875
1,1,0,1,0,0,1,0,1,0,1,1,0,1,1,0,0,1,0,0,1,0,0,0,0,0,0,0,0,1,1,1,0.624536
1,1,0,1,1,0,0,1,1,0,0,1,1,1,0,1,1,0,1,1,1,0,0,0,0,0,1,0,1,0,1,0,0.609524
1,0,1,1,0,1,1,1,0,1,1,1,0,1,1,0,1,0,1,0,1,0,1,1,1,1,0,0,0,1,1,0,0.566667
1,1,0,0,1,0,0,0,1,0,0,1,1,0,1,1,0,1,1,1,0,0,1,1,1,0,1,1,0,0,0,1,0.606065
1,1,0,0,0,1,1,1,0,0,1,0,1,0,1,0,0,1,1,0,1,1,0,1,0,1,0,1,0,1,1,1,0.589123
0,1,0,0,0,0,1,1,1,1,1,1,1,0,1,1,0,1,1,1,1,0,1,0,1,0,0,0,1,0,1,0,0.593734
1,0,0,0,1,0,0,0,0,0,0,0,1,1,0,0,0,0,0,1,1,1,1,0,0,1,0,0,0,0,0,1,0.601103
0,1,1,0,0,1,1,1,1,1,0,0,1,1,0,0,1,0,0,1,0,1,0,0,0,0,1,1,0,1,1,0,0.624361
0,1,0,0,0,1,1,0,1,0,1,0,0,1,0,0,0,1,0,1,0,0,0,0,0,0,0,1,0,0,1,1,0.649298
0,0,0,0,0,0,1,0,1,1,0,0,1,1,1,0,1,1,0,0,1,1,0,1,1,0,0,1,0,0,1,1,0.639699
1,0,0,1,1,1,0,1,0,1,0,0,0,0,0,1,0,1,1,1,0,1,1,0,0,0,1,0,1,0,0,1,0.589499
1,1,1,0,1,0,0,0,1,0,0,0,0,0,1,0,1,1,1,0,0,1,0,0,0,0,1,0,0,1,0,0,0.609348
0,0,1,1,1,1,0,0,0,1,0,1,1,0,0,0,1,0,0,1,0,0,0,0,1,1,0,0,1,1,0,1,0.628571
0,1,1,1,1,1,0,1,1,0,1,0,1,0,1,1,1,0,0,1,0,1,0,1,0,1,0,0,1,0,1,0,0.586516
0,0,1,0,1,0,0,1,1,1,0,0,1,1,1,1,1,0,0,0,0,0,0,1,0,1,0,1,1,1,0,1,0.601153
1,1,1,1,0,1,0,1,0,0,1,1,0,0,1,0,1,0,0,0,1,0,1,0,1,1,1,1,0,0,1,0,0.596416
0,1,1,1,0,1,1,0,0,1,0,1,0,1,1,1,1,0,1,0,1,1,0,0,0,1,1,0,1,1,0,0,0.606441
1,1,1,0,1,1,1,0,1,1,0,1,1,1,1,0,1,0,0,0,0,1,0,1,0,0,0,1,0,1,0,0,0.617118
0,0,0,0,1,1,1,1,0,0,1,1,1,1,0,1,1,1,0,1,1,0,1,0,1,1,1,1,0,1,1,0,0.566692
1,0,0,1,0,1,0,0,0,1,1,1,0,0,0,1,0,1,1,0,0,1,1,0,0,0,1,1,0,1,0,0,0.632832
1,1,1,0,1,1,0,0,1,1,1,0,0,1,1,1,1,1,0,1,1,0,1,1,1,0,0,1,0,0,0,0,0.612581
0,1,1,0,0,1,0,0,0,0,0,0,0,0,0,0,0,0,0,1,0,0,0,0,1,1,0,1,0,1,0,0,0.656015
0,0,0,0,1,1,1,0,0,1,0,0,0,1,1,1,0,1,1,1,0,1,1,1,0,0,1,0,1,0,0,1,0.586742
0,0,0,0,1,1,0,0,0,0,1,1,0,0,1,1,0,1,1,0,1,0,1,0,0,0,0,1,0,0,0,1,0.633383
0,1,0,1,1,0,1,0,0,0,0,1,1,0,1,1,1,1,1,1,1,0,1,0,0,0,1,0,1,0,1,0,0.640852
1,0,1,1,1,0,1,0,0,0,1,1,0,1,1,0,1,0,1,0,1,0,1,1,1,1,1,1,1,1,0,1,0.547343
0,0,1,0,1,1,1,1,1,0,1,1,0,1,1,1,0,0,0,0,1,1,0,0,0,1,1,1,0,0,0,1,0.588070
1,1,1,0,1,0,1,0,0,0,1,0,1,1,1,1,1,0,1,0,1,1,1,0,0,1,1,0,0,1,1,1,0.565614
1,0,1,1,1,1,1,1,1,1,0,0,1,0,0,0,0,1,1,1,1,1,0,0,0,0,0,1,0,1,0,0,0.606441
1,0,0,1,0,1,1,1,0,1,0,1,0,0,0,0,1,0,1,0,0,1,0,1,1,1,1,1,0,1,1,0,0.602732
1,1,0,0,0,1,0,1,0,0,0,0,0,0,1,1,1,1,1,0,1,1,1,0,0,1,0,1,0,1,0,0,0.607569
0,0,0,0,0,1,1,0,0,0,1,1,0,1,0,0,0,0,0,0,0,0,1,1,0,0,1,1,0,1,1,1,0.634837
0,0,1,1,1,1,1,0,0,1,1,1,1,1,0,1,1,1,0,1,1,1,1,0,0,0,1,0,1,1,1,1,0.539499
0,0,1,0,0,0,0,0,0,0,1,0,1,1,0,0,1,1,1,0,1,0,0,0,1,1,1,1,0,1,0,0,0.664612
0,0,1,0,1,1,0,1,0,1,1,1,0,1,1,0,1,1,1,0,1,1,0,1,0,1,1,0,1,0,0,0,0.608622
0,1,1,0,0,1,1,1,1,0,0,1,1,1,1,1,1,1,1,0,1,1,0,0,1,0,1,1,1,0,1,1,0.578822
1,0,0,0,0,0,1,0,0,0,0,1,0,1,0,1,0,1,0,0,0,1,1,1,1,0,1,1,0,1,0,1,0.620877
0,0,1,1,1,0,1,0,1,1,0,1,1,1,0,0,1,1,1,1,1,0,1,1,1,0,1,1,1,0,1,0,0.620727
0,1,0,0,0,1,0,0,1,0,0,0,1,0,0,0,1,0,0,0,0,0,1,1,0,1,0,1,1,0,0,1,0.647494
1,1,1,1,1,1,0,0,1,0,0,0,0,0,1,0,0,1,1,0,1,0,0,0,0,1,0,0,1,1,0,1,0.605038
0,0,1,1,0,0,1,0,0,0,0,0,1,1,0,0,1,0,1,0,1,1,0,0,1,1,0,0,1,1,0,1,0.664561
0,0,1,0,1,0,0,0,1,1,0,0,1,1,1,1,1,1,0,1,1,1,0,0,1,1,0,0,0,1,0,1,0.675238
0,1,1,0,1,1,1,0,0,1,1,0,1,0,1,1,1,0,1,0,1,1,1,1,0,0,0,0,1,0,1,1,0.563509
1,0,1,0,0,1,1,0,0,0,0,0,0,0,0,1,1,1,0,1,0,1,1,1,1,0,1,1,0,0,0,0,0.619098
0,0,1,1,1,0,0,0,0,1,1,0,0,1,1,0,1,1,1,1,1,1,1,0,0,0,1,1,0,0,0,0,0.627168
0,0,0,1,0,0,1,0,0,1,1,1,1,0,0,1,0,1,0,1,1,1,0,1,1,1,0,0,1,0,0,1,0.655414
0,0,1,0,0,0,1,1,0,0,0,0,0,0,0,0,1,1,0,0,1,1,1,0,0,1,1,0,0,0,0,1,0.657569
1,0,0,1,1,1,0,0,1,0,1,1,1,1,0,0,1,1,0,0,0,1,0,0,0,1,1,0,0,1,1,1,0.625789
0,1,1,0,1,1,0,1,0,0,1,1,0,0,1,0,1,0,1,0,0,0,1,0,0,0,1,1,0,0,0,1,0.630251
1,1,1,0,0,0,0,1,1,0,1,0,1,0,0,1,1,0,1,0,1,0,0,1,1,0,0,1,1,0,0,1,0.620777
0,1,0,1,0,0,1,0,1,1,1,0,0,0,1,1,0,0,1,0,0,0,0,1,1,0,1,0,1,1,1,0,0.609223
1,0,1,0,1,0,1,1,0,0,1,0,0,0,0,1,1,0,1,1,1,1,1,0,1,1,1,1,0,0,0,0,0.623158
0,0,1,1,0,0,1,0,0,0,1,0,1,1,1,0,0,0,0,0,0,1,1,0,0,1,0,0,0,0,1,1,0.681028
0,1,1,0,1,0,1,1,0,1,0,0,1,0,0,0,0,1,1,1,1,0,1,0,1,0,0,0,1,1,1,0,0.615840
0,1,1,1,1,1,1,1,0,0,0,0,0,1,1,1,0,0,1,1,1,0,0,0,1,1,1,0,0,0,0,0,0.600075
1,1,0,0,1,0,1,0,0,1,0,0,0,0,0,0,1,1,0,1,0,1,0,1,0,0,1,0,0,1,1,0,0.610476
0,0,0,1,0,0,1,1,1,0,1,1,1,0,0,0,1,1,1,1,1,1,0,1,0,0,0,1,1,1,1,1,0.602130
0,1,1,1,1,0,1,1,1,0,1,0,0,1,0,1,0,1,0,1,0,1,1,0,0,1,1,1,0,1,0,1,0.589173
0,1,0,1,0,1,0,1,0,1,1,1,0,1,0,0,1,0,1,1,1,1,1,0,0,1,1,0,1,1,1,1,0.587669
0,0,0,1,0,0,0,1,1,0,1,1,1,0,0,0,1,0,0,1,0,0,1,1,0,1,0,1,0,0,1,1,0.622832
1,1,0,1,0,0,1,1,1,1,1,1,0,0,0,0,1,0,0,0,0,1,0,1,0,1,1,0,0,1,1,0,0.671754
1,1,0,1,1,0,1,1,1,0,0,1,1,0,0,1,0,1,1,0,0,0,1,0,0,0,0,1,1,1,0,1,0.606366
0,0,1,1,0,0,0,1,1,1,1,1,1,1,1,1,1,1,1,1,1,1,1,0,0,1,0,1,1,0,1,1,0.529048
0,0,0,1,1,0,1,1,1,1,0,1,0,1,1,1,0,1,1,0,0,0,0,0,1,1,1,0,0,0,0,1,0.596992
0,0,0,0,0,1,1,0,0,1,0,0,1,0,1,1,0,1,0,0,1,0,0,0,1,1,0,0,1,0,0,0,0.662381
0,1,1,0,1,0,1,0,0,1,1,1,1,0,0,0,1,0,1,0,1,0,0,1,1,1,0,0,0,0,0,1,0.605714
1,0,1,1,1,1,0,1,0,1,1,1,0,0,0,0,0,0,1,1,0,0,0,0,0,1,0,1,1,0,1,0,0.604060
1,1,0,0,0,1,0,1,1,0,0,1,1,1,1,1,1,1,1,1,0,0,1,0,0,0,0,1,0,0,1,1,0.612757
1,1,0,0,0,0,1,1,0,0,0,0,0,0,1,1,1,1,1,0,0,1,1,1,1,0,1,1,1,1,1,0,0.649624
1,1,1,1,1,0,0,1,0,1,1,0,0,0,1,1,1,1,0,1,1,0,1,1,1,0,0,1,1,0,1,1,0.519900
1,0,0,1,1,1,0,1,0,1,1,1,1,0,1,0,0,0,0,0,0,1,0,0,1,1,0,0,0,0,1,1,0.621679
1,0,1,0,1,0,0,0,1,1,0,1,1,1,1,1,0,0,0,1,0,1,1,1,0,0,1,0,1,1,0,0,0.574687
1,0,1,1,1,0,0,0,1,1,1,1,0,0,1,1,0,1,0,1,0,1,0,0,1,0,0,1,0,1,1,0,0.609198
1,1,0,0,1,1,0,1,1,1,1,1,0,1,1,0,0,0,0,0,1,0,0,1,0,0,1,1,0,1,1,0,0.612256
1,0,0,1,1,1,0,0,1,1,0,0,0,1,0,1,0,0,1,1,1,1,1,0,1,1,1,1,0,0,1,0,0.584962
0,1,0,0,0,1,1,1,0,1,0,1,1,0,1,1,0,1,0,1,0,1,0,0,1,1,0,0,1,0,0,1,0.668872
1,1,0,1,0,0,0,1,0,1,1,1,1,1,1,1,0,0,0,1,0,1,1,0,0,0,0,0,1,0,0,1,0.639148
0,0,1,1,0,1,0,0,1,0,1,1,1,1,0,0,0,1,1,1,1,1,0,0,0,0,0,1,1,0,0,0,0.642281
0,0,0,1,0,1,1,1,0,1,1,0,0,0,1,0,1,0,0,1,1,1,0,0,1,0,0,1,1,0,1,1,0.622281
0,1,1,0,1,0,1,1,1,1,1,0,1,0,0,1,0,0,1,0,0,0,0,1,0,1,1,1,0,1,1,0,0.590150
1,0,1,1,1,0,1,1,0,0,0,1,1,1,0,1,1,1,0,1,0,1,0,0,1,0,0,0,0,0,0,1,0.597920
0,1,0,1,1,1,0,1,0,1,0,1,0,0,1,0,0,0,0,0,0,1,1,1,1,0,1,1,0,0,1,0,0.605439
1,0,1,0,1,0,1,1,0,0,1,0,0,1,1,0,1,0,0,0,1,0,1,1,1,1,0,1,0,1,0,1,0.606516
0,0,1,1,1,1,0,1,1,1,0,0,1,1,0,0,1,0,1,1,1,1,1,1,1,0,0,1,1,1,1,0,0.553283
1,1,0,0,0,0,0,0,0,0,0,0,0,0,0,0,1,1,1,0,0,0,1,1,1,1,0,0,0,0,1,0,0.642055
0,1,1,1,1,0,0,0,1,0,1,0,1,0,1,1,1,1,1,0,1,0,1,1,1,0,1,0,0,0,0,0,0.615689
1,1,0,1,0,1,0,0,0,0,0,0,0,1,0,0,1,1,1,0,0,0,1,0,0,1,0,0,0,0,1,0,0.639449
0,0,1,1,1,0,0,0,1,0,1,0,0,1,0,0,1,1,1,0,0,1,1,1,0,1,1,1,1,1,1,1,0.568471
0,1,1,1,1,1,1,0,1,1,0,1,0,0,0,1,0,1,0,1,0,0,0,0,0,0,1,0,1,0,0,0,0.612055
0,1,0,1,0,1,1,1,1,1,1,0,1,1,0,0,1,0,0,1,0,0,0,1,1,0,1,0,1,1,0,0,0.621328
0,1,0,1,0,0,1,0,0,0,0,0,0,1,1,0,0,1,1,0,1,1,0,0,1,0,1,0,0,1,0,1,0.656441
0,0,0,1,1,0,1,1,1,1,1,1,0,0,0,1,0,1,0,1,0,1,0,1,1,0,1,0,1,1,1,1,0.538772
1,1,1,0,0,0,1,0,1,0,1,1,0,0,1,0,1,0,0,1,0,0,1,0,1,1,1,1,1,0,0,0,0.602431
0,0,1,0,1,0,0,0,1,0,0,1,0,1,1,1,1,0,0,1,0,0,0,1,0,0,0,0,1,0,1,0,0.625414
0,0,1,1,0,1,0,1,0,1,1,1,0,1,0,1,0,1,1,1,1,1,0,0,1,0,1,1,0,1,0,0,0.617068
0,1,1,0,0,1,1,0,0,0,1,1,0,0,1,1,1,0,1,1,0,0,1,0,1,1,1,1,0,1,1,1,0.643108
0,0,0,0,0,0,1,0,1,1,0,1,0,1,0,1,0,0,0,0,1,1,1,0,0,0,0,0,1,0,0,1,0.674461
1,1,0,1,0,1,1,0,1,0,1,1,1,0,1,1,1,0,0,0,1,1,0,1,1,0,1,1,0,0,0,0,0.606566
0,0,1,1,0,0,1,1,0,0,1,0,0,0,0,1,0,0,1,1,1,1,1,0,0,1,1,1,0,0,0,1,0.750100
0,0,1,0,0,1,0,1,0,1,1,0,0,1,0,0,1,1,0,1,1,1,0,1,0,0,1,0,0,0,0,1,0.637769
1,1,0,1,0,1,0,0,0,0,1,0,1,1,1,0,0,0,0,1,1,1,0,1,1,1,0,1,0,1,1,0,0.594185
1,0,1,0,1,0,0,0,0,0,1,0,0,0,1,0,1,0,1,0,1,1,0,1,0,1,0,1,1,1,0,1,0.641278
0,1,0,0,1,0,1,0,1,0,0,1,0,0,1,0,1,1,0,0,1,0,1,1,1,0,0,1,0,0,1,1,0.613759
0,1,0,1,0,0,1,0,1,1,1,1,1,0,0,0,0,0,0,1,1,1,1,0,0,0,0,0,1,0,0,0,0.667393
0,0,1,0,1,1,0,0,0,0,1,0,0,1,1,0,0,0,0,1,1,0,1,1,1,0,1,1,0,1,1,0,0.634787
0,0,0,0,1,1,0,1,1,0,0,0,1,0,0,1,0,0,1,1,1,0,0,0,1,1,0,1,0,1,1,0,0.619925
0,1,0,0,0,1,0,0,0,1,1,0,0,1,1,0,0,0,1,1,1,0,1,1,1,0,0,1,1,0,1,0,0.617820
0,1,1,1,1,1,0,1,0,1,0,1,1,1,0,1,0,0,0,0,0,1,0,1,0,1,0,0,1,1,1,1,0.624211
1,1,1,0,1,1,0,1,1,1,0,1,1,1,0,1,0,1,1,0,1,1,0,0,1,0,0,0,0,1,1,1,0.554662
1,1,0,0,0,1,0,1,0,0,0,1,1,1,1,1,0,1,1,0,0,0,0,0,1,1,1,0,1,0,0,0,0.623684
1,0,1,1,0,1,0,0,0,0,0,1,0,0,1,1,1,0,1,1,1,0,1,1,1,0,1,0,1,1,1,1,0.664135
0,1,0,1,0,0,0,0,1,1,1,0,0,1,1,1,1,1,0,0,1,0,1,0,1,0,0,1,1,1,0,1,0.675063
1,1,1,0,0,1,0,0,1,0,1,1,1,1,0,1,1,0,0,0,1,1,0,1,1,0,0,0,1,1,0,1,0.570175
0,0,0,0,1,1,0,1,1,0,1,1,0,0,1,1,1,1,0,1,0,0,0,1,1,1,1,0,1,1,1,1,0.529223
0,0,0,1,1,1,1,1,1,1,1,1,1,0,0,1,0,0,1,1,1,0,1,1,0,0,0,0,0,1,1,1,0.562932
1,1,0,0,1,0,1,1,1,0,1,0,1,0,1,1,1,0,1,0,1,1,0,0,0,1,0,0,1,1,0,0,0.606692
1,1,1,0,1,0,0,1,0,0,1,0,1,1,0,1,0,1,1,0,1,0,0,0,0,0,0,1,0,0,1,1,0.611353
0,0,1,1,1,0,0,0,1,1,0,0,0,0,0,0,0,0,1,1,0,0,0,1,0,0,1,0,0,1,1,1,0.637619
0,0,1,0,1,1,1,0,0,1,1,1,0,1,0,0,1,1,1,0,1,1,1,0,1,0,1,1,0,1,1,1,0.592732
1,0,1,1,1,1,0,0,1,0,1,1,0,1,1,0,0,1,0,0,0,0,1,1,1,1,1,1,1,1,0,0,0.598396
1,1,0,1,0,0,1,1,0,1,0,1,1,0,1,0,1,0,1,0,1,1,1,0,1,0,0,1,1,0,0,1,0.583734
1,1,1,1,0,1,1,0,0,0,1,0,1,0,0,1,1,0,0,0,1,1,1,0,0,1,1,1,1,0,1,1,0.581704
1,0,1,0,0,1,0,0,1,1,0,0,0,1,1,0,0,1,1,0,0,0,0,1,0,0,0,1,0,0,1,1,0.634762
0,0,1,0,0,0,1,1,1,0,1,0,0,0,0,0,0,0,0,0,1,1,0,0,1,1,1,1,0,1,0,1,0.632281
0,1,0,0,1,1,1,0,1,1,0,1,0,1,1,1,0,1,1,1,0,1,0,0,0,0,0,1,1,0,0,1,0.584787
0,1,0,0,1,1,1,1,0,1,1,0,1,0,0,0,1,1,0,0,0,1,1,0,0,1,1,1,0,1,1,0,0.583810
1,1,1,0,0,0,0,0,0,1,1,0,0,0,0,1,1,0,1,1,0,0,0,0,1,1,0,1,0,1,0,1,0.634185
1,1,0,1,0,1,1,0,1,1,0,0,0,1,0,1,0,1,0,0,1,1,1,0,0,0,1,0,0,0,1,0,0.652381
0,0,0,1,1,1,1,0,1,0,0,0,0,0,0,0,1,0,0,0,0,1,0,0,0,1,0,1,1,0,0,1,0.622356
1,1,0,1,1,0,1,0,1,1,1,1,1,1,1,1,0,0,1,1,0,1,1,0,0,1,1,0,0,0,0,1,0.565338
1,1,1,1,0,0,1,0,1,1,1,1,1,1,0,1,1,0,0,1,0,1,0,0,1,1,1,0,0,1,0,1,0.677268
0,0,0,0,1,1,1,1,1,1,0,0,1,1,1,0,0,1,1,1,0,0,1,1,1,0,1,1,0,0,0,0,0.605564
1,1,0,1,0,0,1,0,1,1,0,1,0,0,0,1,1,1,0,1,0,0,0,0,0,0,1,0,1,0,1,0,0.651805
0,0,1,1,0,0,0,1,1,1,0,1,1,1,1,1,1,0,1,1,0,0,1,0,0,1,1,0,1,1,1,0,0.582857
0,0,1,0,1,1,0,1,1,1,1,1,1,0,1,1,1,1,1,1,1,0,1,0,0,0,0,0,1,0,0,0,0.596767
0,1,1,0,1,1,0,1,0,0,0,0,1,0,1,0,0,0,0,0,0,1,0,0,1,0,0,0,1,0,0,0,0.565664
1,1,0,0,0,0,1,1,0,1,1,0,0,0,0,0,0,1,1,0,0,0,1,1,0,0,1,1,1,0,1,1,0.639048
1,0,0,0,0,1,1,1,1,0,1,1,1,1,1,0,1,0,0,1,0,0,1,1,1,1,0,1,0,0,1,1,0.565388
0,0,1,0,1,0,0,1,0,1,1,0,1,1,1,1,0,0,0,0,0,1,0,1,0,0,1,1,0,1,1,1,0.592882
0,0,1,1,1,1,1,0,0,1,1,0,0,1,0,0,1,1,1,0,1,0,1,0,1,0,1,1,1,1,0,0,0.607920
1,0,0,1,0,0,0,1,1,0,1,1,1,0,0,1,0,0,0,1,0,1,1,0,1,0,1,1,1,1,0,0,0.609799
0,1,1,0,1,1,1,1,0,0,1,1,1,0,0,0,0,1,0,0,0,0,1,1,0,0,1,0,0,0,0,1,0.603985
1,0,1,0,1,1,1,0,0,0,0,1,1,0,0,0,1,0,1,0,1,1,1,0,1,0,1,0,0,0,1,1,0.695439
0,1,1,1,0,0,1,0,1,1,0,1,0,1,1,0,1,1,1,0,1,0,0,0,0,1,0,1,1,1,0,0,0.611529
0,0,1,1,0,0,1,1,0,0,1,0,1,0,0,1,1,0,1,1,1,1,0,1,1,0,0,1,1,1,1,0,0.669273
0,1,1,1,1,1,0,1,0,0,1,0,1,1,0,1,1,0,1,1,1,0,0,1,1,0,0,0,1,1,1,1,0.544336
1,1,0,1,0,0,1,1,1,1,0,0,0,0,1,0,1,1,0,0,1,1,1,0,1,1,0,1,0,1,0,0,0.703609
1,1,1,0,0,1,0,1,0,0,1,1,0,0,0,0,0,0,1,0,0,0,0,1,0,0,0,0,0,0,1,1,0.718020
1,0,0,0,0,1,1,1,1,0,1,0,1,1,0,0,1,0,0,0,1,1,0,0,1,1,0,1,0,1,0,1,0.629148
1,0,0,1,1,0,1,1,1,1,1,1,0,0,0,1,1,1,0,1,1,1,1,1,1,1,1,0,1,0,0,1,0.598822
1,1,1,0,0,0,1,1,1,1,0,1,0,1,1,1,0,0,1,1,1,1,1,0,1,0,0,0,1,1,1,0,0.553559
0,1,1,0,1,0,1,0,0,1,0,1,1,0,0,1,1,1,0,1,0,0,1,1,1,1,1,0,0,0,0,1,0.588596
0,0,0,1,1,1,0,1,0,1,1,0,0,0,1,1,1,1,1,1,1,0,0,1,1,0,1,1,1,0,1,0,0.571078
0,1,1,1,0,0,0,0,0,1,0,1,0,0,1,0,1,1,0,0,1,1,1,1,0,0,0,1,1,1,1,0,0.647419
1,1,0,1,1,0,0,0,1,1,1,1,0,0,1,1,0,1,0,0,1,0,0,0,0,1,1,0,0,1,0,0,0.638947
1,1,1,1,0,0,0,0,0,0,0,0,1,1,0,0,0,0,0,0,1,1,0,0,0,1,1,1,0,0,0,0,0.623910
1,1,1,1,1,0,0,0,1,0,0,0,1,0,1,0,1,1,1,1,1,1,1,0,0,0,1,1,1,0,1,1,0.599624
0,0,1,0,0,1,1,1,0,1,0,0,1,1,1,0,0,1,1,0,1,0,1,1,1,1,0,0,0,0,1,1,0.565263
1,0,1,0,1,0,0,1,1,1,1,1,1,1,1,0,1,1,1,0,1,1,1,1,0,0,0,0,0,0,1,0,0.603333
1,0,1,0,1,1,1,0,1,1,1,1,0,1,0,1,1,1,1,0,0,0,1,1,0,0,1,0,0,1,0,1,0.561404
1,1,0,1,1,0,1,0,0,1,0,0,1,0,1,1,1,1,1,0,1,0,0,1,0,0,0,0,0,0,1,0,0.606742
1,0,0,1,0,0,1,1,0,0,0,0,1,1,1,0,0,0,1,1,0,1,0,1,0,0,1,1,1,0,1,1,0.655689
0,0,0,1,1,1,1,1,1,0,0,0,0,1,1,1,0,0,0,0,1,0,1,0,0,1,0,1,1,1,0,0,0.579900
0,0,0,0,0,1,0,1,0,0,0,1,0,1,1,1,1,1,1,0,1,1,1,0,1,0,1,1,0,1,1,1,0.644662
1,0,1,1,0,0,1,1,1,1,0,0,0,1,0,1,1,0,1,1,1,0,1,1,1,1,1,1,1,0,1,1,0.513659
1,0,1,1,1,1,1,1,1,1,0,1,1,1,1,0,0,0,1,0,0,0,0,1,1,0,0,0,1,0,0,0,0.578622
0,1,0,0,1,0,1,0,1,0,1,1,0,1,1,0,0,0,0,0,0,0,1,0,1,1,1,1,0,1,0,0,0.621353
0,1,1,0,1,0,0,0,1,1,0,0,0,0,1,0,0,0,0,1,1,0,0,0,0,1,1,1,0,1,0,0,0.646767
0,1,1,1,0,1,0,0,0,0,1,1,0,0,0,0,1,0,1,0,1,0,0,1,1,1,0,0,1,1,1,0,0.641955
0,1,0,1,0,1,0,0,0,0,1,1,0,0,1,1,1,1,0,0,0,1,1,1,0,0,1,1,1,1,0,0,0.635363
0,1,1,0,0,0,1,0,1,0,1,1,0,1,0,1,1,1,1,1,0,1,1,0,0,0,0,1,1,0,1,0,0.694687
0,0,1,1,0,0,1,0,1,1,1,0,0,0,0,0,1,1,0,1,1,0,0,0,1,0,0,0,1,1,1,0,0.632481
0,0,1,1,0,0,1,0,1,1,1,0,0,0,1,0,0,0,0,1,1,0,0,0,1,0,1,1,1,1,0,0,0.614612
1,0,0,1,1,0,1,0,1,1,1,0,1,1,0,1,0,1,0,0,1,1,1,1,0,0,1,0,1,1,0,1,0.530251
0,1,1,1,1,0,0,0,1,1,1,1,1,1,0,0,1,0,0,0,0,0,0,0,0,1,0,1,0,1,1,0,0.620276
0,0,1,1,1,1,1,1,1,1,0,1,0,1,1,1,0,1,1,1,0,0,1,0,1,1,1,1,1,1,1,1,0.462456
1,1,0,1,0,1,0,1,0,0,0,1,0,0,0,0,1,1,0,1,1,1,1,0,0,0,1,0,0,0,1,0,0.624511
0,0,0,0,1,0,1,0,0,0,1,0,1,0,0,0,1,0,1,1,1,1,1,0,0,0,1,1,0,0,1,1,0.643183
0,0,0,0,1,0,0,0,1,0,0,0,1,0,0,0,1,1,1,0,1,0,0,1,0,0,0,0,0,0,0,0,0.653609
1,0,0,0,1,1,0,1,0,0,0,0,0,1,0,0,1,1,1,0,0,0,1,0,0,1,1,1,1,0,0,1,0.614211
1,0,0,0,0,1,1,1,1,1,1,0,1,0,0,0,0,1,0,1,0,0,1,0,1,0,0,1,0,0,0,0,0.636140
0,1,0,1,0,0,0,0,1,0,1,1,1,1,1,0,0,1,1,0,1,0,1,0,0,0,1,1,0,1,1,1,0.614185
0,0,1,0,0,0,1,0,0,1,1,0,1,0,0,1,0,1,0,0,0,0,0,0,1,1,1,0,0,1,1,0,0.648997
0,1,1,1,0,1,0,1,1,1,0,1,0,1,0,1,1,0,1,1,1,0,1,1,0,1,1,1,0,1,0,0,0.614612
1,0,0,1,0,1,0,1,0,0,1,1,0,0,1,1,1,0,1,0,0,1,1,0,1,1,0,0,0,1,1,1,0.615714
1,0,1,1,0,0,0,1,1,0,1,1,0,0,0,1,0,1,0,1,1,0,1,1,0,1,1,1,1,0,1,0,0.605764
0,0,1,0,1,0,0,0,1,1,0,1,0,0,0,1,1,0,1,1,0,0,1,0,0,0,1,1,0,0,1,0,0.633008
1,0,0,0,1,0,1,1,1,0,0,1,1,1,0,0,1,1,0,1,0,0,1,1,0,0,1,1,0,1,0,0,0.611028
0,1,1,0,1,1,1,0,0,1,0,0,1,0,1,0,0,0,1,1,0,0,1,0,0,1,1,1,1,1,0,0,0.626742
0,1,0,1,1,0,1,0,1,1,1,1,0,0,1,1,0,1,1,1,0,0,1,1,0,0,0,1,1,1,0,0,0.588446
0,1,1,0,0,0,1,1,1,1,0,1,0,0,1,0,0,1,1,1,0,0,0,1,1,1,1,0,1,1,1,0,0.597068
0,1,0,0,1,1,0,0,0,0,1,0,1,0,0,0,1,0,0,0,1,1,1,0,0,1,1,0,1,1,0,0,0.610852
0,0,0,1,0,1,1,1,1,0,0,0,1,1,0,1,0,1,1,1,0,1,1,1,0,0,0,0,0,0,0,1,0.643409
0,1,1,1,0,1,1,0,1,0,0,1,0,0,1,1,0,1,0,0,1,1,1,1,1,1,0,0,1,1,1,1,0.557494
1,1,0,1,0,1,0,1,0,1,1,1,0,0,0,0,0,1,1,0,1,0,1,1,0,1,1,1,0,0,0,1,0.634311
0,1,1,0,0,1,0,0,1,1,0,0,0,0,1,1,1,1,1,1,0,1,0,1,0,0,1,1,1,1,0,0,0.609398
0,1,1,1,0,1,1,0,1,1,1,0,1,1,0,0,1,0,0,0,0,1,0,0,1,0,0,0,0,0,1,0,0.635990
1,1,0,0,1,1,0,0,1,0,1,0,1,1,1,1,0,1,1,1,0,1,1,0,0,0,1,0,0,0,0,1,0.564712
0,1,0,0,0,0,0,0,1,1,1,1,1,1,0,0,1,1,0,0,1,0,0,0,1,0,1,1,1,0,0,1,0.680501
0,0,1,0,1,1,1,1,1,0,0,1,1,0,0,1,0,1,0,0,1,0,1,0,0,0,0,1,0,0,1,0,0.577669
1,1,0,0,1,1,1,1,1,1,0,0,1,0,1,1,0,1,0,0,1,1,1,1,1,0,0,1,1,0,0,1,0.558095
0,1,0,1,0,0,1,0,1,0,1,0,0,1,0,0,0,0,1,1,0,0,0,1,1,1,0,1,0,0,0,1,0.625514
1,0,1,1,1,0,0,0,0,1,1,1,1,1,0,0,0,0,0,1,0,1,1,1,0,1,1,1,0,1,1,1,0.545388
0,1,1,0,1,1,1,0,1,1,1,0,1,1,0,0,0,1,1,0,1,1,0,1,0,1,0,1,0,1,0,0,0.642130
0,0,0,1,1,1,1,0,1,0,0,0,1,0,0,0,0,0,0,0,0,1,0,1,1,0,0,1,0,0,1,0,0.603584
1,0,0,1,0,1,1,0,0,0,0,1,0,0,1,1,1,1,1,0,1,1,1,0,1,0,0,1,0,1,1,0,0.642932
0,1,1,1,1,1,0,1,1,1,1,0,0,0,0,0,1,1,1,1,0,0,0,0,0,1,1,1,1,1,1,1,0.525589
1,0,0,0,0,0,1,1,1,0,0,1,1,0,1,1,1,1,0,1,1,0,0,0,0,0,1,0,1,0,0,0,0.609023
1,0,1,1,0,0,0,0,0,0,0,1,0,1,1,1,1,1,1,0,1,1,1,1,0,1,0,0,1,0,1,0,0.625388
0,1,0,1,0,1,1,0,1,0,0,0,0,1,1,0,1,0,0,0,1,0,1,0,1,0,1,1,1,0,1,1,0.607995
0,1,1,0,0,0,0,0,1,1,1,0,1,0,0,1,0,0,0,0,0,1,1,1,1,1,1,1,0,1,0,1,0.662607
1,1,1,0,1,1,1,0,1,1,0,0,0,1,1,1,1,1,0,1,0,1,1,1,1,1,1,1,1,0,0,1,0.528195
1,1,0,1,0,1,0,1,0,0,1,0,0,0,1,0,0,0,1,1,0,0,0,1,0,1,1,1,1,1,1,1,0.609749
1,1,1,1,1,0,1,1,1,0,0,0,0,1,1,0,1,0,1,1,0,1,0,0,0,0,1,1,1,0,1,1,0.597870
1,1,1,0,1,1,1,0,0,0,0,1,0,1,1,1,0,0,1,0,0,0,1,0,0,0,0,0,0,1,1,0,0.626566
1,1,0,0,0,1,0,0,1,1,1,0,1,1,1,0,1,0,1,1,1,0,1,0,0,0,1,1,0,1,1,0,0.605439
0,0,0,1,1,0,1,0,1,1,1,1,1,1,1,1,1,1,0,0,1,0,0,0,1,0,0,1,1,0,1,0,0.593960
1,1,1,0,0,1,0,0,0,0,1,1,1,0,0,1,0,0,0,1,1,1,0,0,1,1,0,1,0,0,1,1,0.614837
1,1,1,0,0,0,1,1,1,0,0,1,1,1,1,1,0,0,1,1,1,1,0,0,1,0,1,0,1,0,1,0,0.615388
1,0,1,0,1,0,0,0,0,1,0,1,1,1,1,1,1,1,0,1,1,0,0,0,0,1,0,0,0,1,1,0,0.647895
0,1,1,0,1,0,1,1,0,1,0,0,0,0,0,0,0,0,0,0,0,1,0,0,0,1,0,0,1,0,0,1,0.646266
1,0,1,0,1,0,1,0,0,0,0,0,1,0,1,1,1,0,0,0,0,0,1,0,1,0,1,0,1,0,1,0,0.589649
1,0,0,1,0,1,0,1,0,0,0,1,0,1,1,0,0,0,0,1,0,1,0,1,0,1,0,0,1,1,0,0,0.637218
0,1,1,0,0,1,1,1,1,0,0,0,0,1,1,0,1,0,0,1,0,0,1,0,0,1,1,0,0,0,1,0,0.617043
1,0,0,1,1,0,1,0,1,0,1,1,0,0,0,1,1,1,1,0,0,1,0,0,0,1,0,1,1,0,1,1,0.602155
0,0,0,0,1,1,1,1,1,0,0,1,1,1,0,0,1,1,1,1,0,0,0,0,1,1,1,0,0,0,0,1,0.601203
0,0,0,1,0,1,0,1,1,0,1,1,1,0,0,0,0,1,0,0,1,1,1,0,0,1,0,0,0,1,0,1,0.658246
0,0,0,1,0,0,1,0,1,1,0,1,0,1,1,0,0,0,1,1,1,1,0,1,0,0,1,1,1,1,0,1,0.603759
1,1,0,0,0,1,0,0,1,1,0,1,0,1,0,1,1,1,1,0,0,1,1,0,0,1,0,0,0,1,0,0,0.706516
0,0,0,0,0,1,1,1,1,0,1,0,1,0,1,0,1,1,0,1,1,0,1,0,0,1,0,0,1,0,1,1,0.594912
1,0,1,0,1,0,0,1,1,1,1,0,1,1,0,1,0,0,1,0,1,0,0,0,1,0,0,1,0,0,1,1,0.593835
1,0,1,0,1,0,1,1,0,0,1,0,1,1,0,0,0,0,0,0,1,0,1,1,0,0,0,0,1,1,1,1,0.517619
1,0,0,1,0,1,0,1,0,1,0,1,0,1,1,1,1,0,1,0,0,0,1,0,1,1,1,0,0,1,0,1,0.602657
1,1,0,0,1,0,1,1,1,0,1,1,0,0,0,1,0,1,0,0,1,0,1,1,0,1,0,1,1,1,0,0,0.605514
1,1,1,0,1,0,1,1,0,1,1,0,0,0,1,1,0,1,1,0,1,1,1,1,1,1,0,0,1,0,0,0,0.594662
1,0,0,0,0,0,1,1,1,1,0,0,1,1,1,0,0,1,1,0,0,1,0,0,1,1,1,1,0,0,0,1,0.602456
0,0,0,1,1,0,0,0,0,0,0,1,1,1,1,1,1,1,1,1,0,0,1,1,0,1,0,1,0,1,1,1,0.529348
0,1,1,1,0,0,0,1,1,1,0,1,0,1,0,1,0,0,0,0,1,1,1,0,1,0,0,1,1,1,0,1,0.645464
0,0,1,1,0,0,1,0,0,0,0,0,0,1,0,1,1,1,0,0,0,0,1,0,0,0,0,1,1,0,1,1,0.697970
0,0,1,1,0,1,0,0,0,0,0,0,1,0,1,0,0,0,0,0,1,1,0,1,1,0,0,0,1,0,1,0,0.667719
1,1,0,1,1,1,0,0,0,1,0,0,1,1,1,0,0,0,0,1,0,0,0,1,0,1,1,1,1,0,1,1,0.610501
0,1,0,0,1,0,1,1,1,1,0,0,1,1,0,1,1,0,0,0,1,1,0,0,0,1,1,1,0,1,0,0,0.620526
0,1,1,0,1,1,0,0,0,1,0,0,1,1,1,1,0,1,0,1,0,1,1,1,1,1,1,1,1,0,0,0,0.587995
1,0,1,1,1,0,0,1,0,1,0,0,1,0,1,1,1,0,0,1,0,0,1,1,1,1,1,1,0,0,1,0,0.591504
0,0,0,1,1,1,1,0,0,1,0,0,0,1,1,0,1,1,1,0,1,1,0,0,1,1,0,1,1,1,0,1,0.566767
1,1,1,0,0,0,0,0,0,1,0,1,0,0,1,1,0,0,1,0,0,0,0,1,1,0,1,0,1,1,1,1,0.588997
0,0,1,0,1,1,0,1,0,1,0,0,1,0,1,1,0,1,1,0,0,1,1,0,1,0,0,1,1,1,1,1,0.506341
1,1,0,1,0,1,1,1,0,1,0,0,0,0,0,1,0,1,1,1,0,0,0,1,0,0,0,0,0,1,0,1,0.636892
0,0,1,0,1,1,1,1,0,0,0,0,1,0,0,0,0,0,0,0,0,1,1,0,0,1,1,1,1,0,1,1,0.639699
1,1,0,0,1,0,0,0,0,1,1,1,1,1,1,1,0,1,1,1,1,1,0,1,0,1,0,1,0,1,1,1,0.478271
0,0,0,0,1,0,0,0,0,0,0,1,1,0,1,0,1,0,1,0,0,0,1,1,1,0,1,1,0,1,1,0,0.643634
0,0,1,0,0,0,1,0,1,0,0,0,0,1,0,1,0,0,0,0,1,0,1,1,1,1,0,1,0,1,0,0,0.635539
0,0,0,1,0,1,1,1,1,0,1,1,1,1,1,1,0,0,1,1,0,0,0,1,1,1,1,0,1,1,1,1,0.544160
0,1,0,0,1,1,0,1,1,0,0,1,1,0,0,1,1,0,0,0,0,1,0,1,1,0,1,0,1,0,1,1,0.597820
0,1,0,0,0,0,1,0,1,0,1,0,0,1,1,0,1,0,1,1,1,1,1,0,0,0,0,1,0,0,0,1,0.660627
1,1,0,1,1,1,1,1,0,1,1,0,0,1,1,0,1,1,0,0,1,0,0,1,1,1,0,0,0,0,1,0,0.655263
0,0,0,1,1,1,1,1,0,1,0,1,0,0,1,1,1,0,0,1,0,0,0,0,0,0,0,0,1,1,1,1,0.568070
0,1,1,0,0,0,1,0,1,0,1,0,0,0,1,0,0,0,0,1,0,0,1,0,1,0,1,1,1,0,1,1,0.615038
1,1,0,0,1,0,0,0,0,1,1,0,1,1,1,0,1,1,1,1,0,0,1,1,1,1,0,0,0,1,1,1,0.574687
0,1,1,1,0,0,0,0,1,1,1,1,1,1,0,0,0,1,0,1,1,1,1,0,0,1,1,0,1,0,0,1,0.641629
1,1,1,0,1,0,0,1,0,1,0,1,0,1,0,1,1,1,0,1,0,0,1,0,0,0,0,0,1,1,0,1,0.607519
0,1,0,1,1,0,0,0,0,0,0,0,0,1,0,0,0,1,1,1,0,1,1,0,1,1,0,1,0,0,0,0,0.618195
1,0,0,0,1,0,1,1,1,1,0,0,0,1,0,0,1,1,1,1,1,1,1,1,0,1,0,0,0,0,0,1,0.587318
0,0,1,0,0,1,1,1,1,1,1,0,1,1,1,1,1,1,0,1,0,1,1,0,0,1,1,0,0,1,1,1,0.587719
0,0,0,1,0,1,1,0,0,1,0,0,1,0,0,0,0,1,1,1,1,0,1,1,1,1,0,0,0,0,0,0,0.648396
1,1,0,1,1,1,1,0,1,1,1,0,1,0,1,0,0,1,1,1,0,1,0,1,0,0,1,0,0,1,1,1,0.562005
1,1,1,1,1,0,0,0,1,0,0,0,1,1,0,1,1,0,0,1,0,0,1,1,1,0,0,0,1,0,0,0,0.620727
1,1,0,1,1,0,1,0,0,0,0,0,0,1,1,0,1,1,1,0,0,0,0,0,1,1,1,0,1,1,1,1,0.573459
0,1,0,1,1,0,1,1,0,0,0,1,0,1,0,1,1,1,0,1,1,1,1,0,0,0,1,1,0,1,1,0,0.611554
0,1,1,1,0,1,1,0,0,0,0,1,1,1,0,0,1,0,1,1,0,0,0,0,1,0,0,1,1,1,0,0,0.693233
0,0,0,1,1,0,0,0,0,1,0,1,0,1,0,0,0,0,0,1,0,0,0,0,1,1,1,1,1,1,1,0,0.672707
1,0,1,0,1,0,0,1,0,1,1,0,1,0,0,1,1,1,0,1,1,0,1,1,0,1,1,1,1,0,1,1,0.544211
1,1,0,0,0,0,0,0,1,0,0,1,1,1,0,1,0,0,1,1,1,0,1,1,0,0,1,0,1,0,0,1,0.630201
1,1,0,0,1,0,1,1,0,1,1,1,1,1,1,0,0,0,0,0,1,1,0,0,0,0,1,0,0,1,1,0,0.608346
0,1,0,1,1,0,1,1,1,1,0,0,0,1,0,0,1,0,1,0,1,1,0,1,1,1,1,0,1,1,1,0,0.573133
0,1,1,1,1,1,1,0,0,1,1,1,0,1,0,0,1,1,0,0,0,1,0,0,1,0,1,0,0,1,1,1,0.602381
0,1,1,1,0,1,0,0,1,0,0,1,0,0,0,0,1,1,1,0,1,1,1,0,0,0,0,1,0,0,0,0,0.657143
1,1,0,1,0,1,1,0,0,1,0,1,0,0,1,1,0,0,1,0,0,0,0,0,1,1,0,1,1,0,1,0,0.616241
1,1,0,0,1,1,1,1,1,0,0,0,1,0,1,0,0,1,1,0,0,1,1,0,0,1,1,0,1,1,1,1,0.570401
0,1,1,1,1,1,1,1,0,1,1,1,0,1,0,1,0,0,1,0,0,1,1,0,0,1,0,0,1,0,1,0,0.596942
0,1,1,0,0,0,0,0,0,0,0,0,0,1,1,1,1,1,1,1,1,0,1,1,1,1,1,1,0,0,1,1,0.622682
0,1,1,0,0,1,1,1,1,1,0,0,1,0,1,1,0,0,1,1,0,1,0,0,0,1,1,1,0,0,0,0,0.612657
0,0,0,0,1,0,0,1,0,1,1,0,0,0,1,1,0,0,1,0,1,1,0,0,1,1,1,0,1,1,0,1,0.618170
0,0,1,1,0,0,0,0,1,1,1,1,0,1,0,1,1,0,1,0,1,1,0,0,0,0,1,0,1,0,0,0,0.607343
1,1,1,1,0,0,1,0,1,1,0,0,1,1,0,0,1,1,1,0,1,1,1,0,1,1,0,1,1,1,0,1,0.572481
1,1,1,0,1,1,1,0,0,0,0,1,0,0,1,0,1,0,0,1,0,0,1,1,1,1,0,1,1,1,0,1,0.577393
0,1,0,0,1,0,0,1,1,0,0,0,1,0,0,1,1,0,0,0,0,0,0,0,1,0,1,0,1,1,0,0,0.648271
0,1,0,1,0,1,0,1,1,0,1,1,1,1,0,0,1,0,0,0,1,0,0,0,1,1,0,1,0,0,1,0,0.621178
0,1,0,0,0,1,1,0,1,0,1,1,1,1,1,0,0,1,1,1,1,0,0,0,1,1,1,0,0,1,0,0,0.611529
0,0,0,0,1,0,0,0,0,1,1,0,1,0,0,0,1,0,1,0,1,1,1,1,1,1,0,1,1,0,0,1,0.626140
0,1,0,1,1,1,1,1,1,0,0,1,1,0,1,0,1,1,0,1,0,0,1,1,1,0,0,0,1,1,0,1,0.588496
0,0,1,1,1,1,0,0,0,0,1,1,1,1,1,1,0,1,1,1,1,0,0,0,1,0,1,1,1,0,0,1,0.576040
0,1,1,0,1,0,1,1,1,0,0,0,1,0,0,0,1,0,0,1,1,1,0,0,0,1,0,1,0,1,0,0,0.609574
1,0,0,0,1,0,1,0,1,1,1,0,1,0,0,0,1,1,1,0,0,0,0,1,1,0,0,1,0,1,0,1,0.609348
1,0,1,0,0,1,1,0,0,0,1,0,1,1,0,1,1,1,1,1,1,1,0,0,1,0,1,0,0,1,1,1,0.639499
1,0,1,0,0,0,1,1,0,0,1,0,1,1,0,1,0,1,0,1,1,0,1,1,1,1,1,1,0,0,0,0,0.604887
1,0,0,1,1,0,1,0,1,1,0,0,0,1,0,1,1,0,1,1,1,0,0,1,1,0,0,1,0,0,0,1,0.602105
1,1,1,0,1,1,0,0,0,1,1,1,0,0,1,1,0,0,1,1,1,1,0,0,1,0,0,1,1,1,0,0,0.592331
0,1,1,1,1,1,0,1,1,1,1,0,0,0,0,0,1,1,0,0,1,0,1,1,0,1,0,0,1,0,1,1,0.583960
0,1,1,1,1,1,0,1,0,0,1,1,0,0,0,0,1,0,1,0,0,0,0,1,1,1,1,0,1,0,1,1,0.594612
0,0,1,1,1,1,0,1,1,0,1,0,1,0,1,0,1,1,0,1,1,0,0,1,1,0,1,0,1,1,1,0,0.586917
1,0,1,0,0,1,1,0,1,0,0,0,1,0,0,0,1,0,0,1,0,0,0,0,1,0,0,1,0,0,0,0,0.639298
1,1,0,1,0,0,0,0,1,0,0,0,1,0,1,1,1,1,1,1,1,0,1,1,1,1,1,1,1,1,1,1,0.529123
0,0,0,0,1,0,0,1,0,0,0,1,0,0,0,0,1,0,1,1,1,0,0,0,0,1,1,0,0,1,1,1,0.637920
0,1,0,1,1,0,1,0,0,1,0,0,1,1,1,1,0,0,1,0,0,1,1,0,0,0,0,1,0,1,0,0,0.634010
1,0,0,1,1,1,0,1,0,1,1,0,0,1,0,1,1,0,1,0,0,1,1,1,0,1,0,1,0,1,0,1,0.562757
0,0,1,0,0,0,1,1,0,0,1,0,1,0,1,0,1,0,0,0,1,0,1,0,1,1,0,0,0,1,0,1,0.646942
1,1,1,1,1,0,1,1,1,0,1,0,0,0,0,0,0,0,0,0,1,0,1,0,0,0,1,1,0,1,1,1,0.605915
0,1,0,1,0,0,1,0,0,1,1,1,0,1,1,1,1,1,1,0,0,1,1,0,1,1,0,1,1,0,1,1,0.569950
0,0,0,0,0,1,0,0,1,1,1,0,1,1,0,1,1,0,0,0,0,0,0,0,0,0,0,0,1,1,1,0,0.667719
1,1,1,0,1,0,1,0,0,0,0,0,0,1,0,1,1,0,1,1,0,1,0,1,0,1,1,1,1,1,0,1,0.576591
0,1,0,1,1,0,1,1,1,1,1,0,1,1,0,0,0,1,0,0,0,1,0,1,1,1,0,1,0,1,0,1,0.614737
1,0,1,1,0,1,1,0,1,0,0,0,1,0,0,1,1,0,0,0,1,0,0,1,0,0,1,1,0,1,1,0,0.609799
1,0,0,1,0,0,1,0,1,1,1,1,1,1,0,1,1,0,0,1,0,0,0,0,0,0,0,1,0,0,0,1,0.644336
1,0,0,0,0,1,1,0,1,1,0,0,0,0,1,1,0,0,1,1,1,0,1,1,0,1,0,0,1,0,1,0,0.691704
1,1,1,0,1,0,1,0,0,0,0,0,0,1,0,0,1,1,0,0,1,1,0,0,1,1,1,1,0,1,0,1,0.610476
1,1,1,1,0,0,0,0,0,0,0,1,1,1,1,0,1,1,0,1,1,0,0,1,1,1,0,1,0,1,0,0,0.595489
1,0,0,1,1,0,1,0,1,0,0,0,0,1,0,0,0,0,0,1,1,0,1,1,0,0,1,1,1,1,1,0,0.635639
1,0,0,0,1,0,1,1,1,1,1,0,0,0,1,0,0,0,0,0,0,0,1,1,0,1,0,1,0,1,1,0,0.619373
1,0,1,1,1,0,1,1,0,1,0,0,0,1,0,1,0,0,0,0,0,1,1,0,1,1,1,0,0,0,1,0,0.600576
0,1,1,1,0,1,1,1,0,0,1,1,0,0,0,1,1,0,0,1,0,0,1,0,1,1,1,1,1,0,1,1,0.607494
1,0,0,1,1,0,0,0,0,0,1,0,0,0,1,0,0,0,0,1,1,0,0,1,1,1,0,1,0,1,1,0,0.611805
1,1,1,1,1,1,0,1,0,1,0,1,0,0,1,1,0,0,1,0,1,1,1,1,0,0,1,1,0,0,0,0,0.609749
1,0,1,1,0,1,0,0,1,1,0,0,1,1,0,1,0,0,1,0,1,1,1,0,0,1,1,0,0,0,0,0,0.602982
0,1,1,1,0,1,0,0,1,0,1,1,0,0,0,1,0,1,0,0,0,0,1,0,0,1,1,0,0,0,0,0,0.655564
1,1,1,1,1,1,0,0,0,1,0,0,1,0,1,1,1,1,1,1,1,1,0,0,0,1,0,0,0,1,1,1,0.569373
1,0,1,0,1,1,1,0,0,1,0,0,1,1,1,1,1,0,1,0,0,0,0,1,0,0,1,0,0,0,0,0,0.562581
0,0,0,1,0,0,0,1,0,1,0,0,0,1,1,0,1,1,1,1,1,0,1,0,0,0,1,1,0,1,0,1,0.632180
0,0,0,1,1,0,0,0,0,1,1,0,1,1,1,1,1,1,1,0,1,0,0,0,0,0,1,0,1,0,1,1,0.585414
0,0,1,0,1,1,1,1,0,1,0,1,0,1,1,1,0,0,1,0,1,1,1,0,0,0,1,0,1,0,0,1,0.599398
0,1,1,0,0,0,0,0,1,1,1,1,1,0,1,1,1,1,1,1,1,1,0,1,1,1,0,1,1,1,1,1,0.523409
0,0,1,1,1,0,1,1,1,0,0,1,1,1,1,0,0,0,0,1,0,1,0,1,1,0,0,1,1,1,1,0,0.576692
0,1,0,1,1,1,0,0,1,1,1,1,0,1,0,1,1,1,0,1,0,0,1,1,1,0,1,1,0,1,0,1,0.569549
0,0,0,0,1,1,1,1,0,1,0,1,0,0,1,0,1,0,0,0,1,1,1,1,1,1,0,0,1,1,1,0,0.554286
1,0,1,0,0,1,0,1,1,0,0,1,0,0,1,1,1,1,0,1,0,0,1,1,1,0,1,1,1,0,1,0,0.585013
0,0,1,1,0,0,0,1,1,1,0,0,0,0,1,1,1,1,1,0,0,1,0,1,0,1,0,1,1,0,1,1,0.597519
1,0,0,0,0,0,0,1,1,1,1,0,0,0,1,0,0,0,0,0,1,0,0,1,0,0,1,1,0,1,1,1,0.650927
0,1,0,0,0,0,1,0,1,1,0,1,0,1,0,1,0,1,0,1,1,1,0,0,1,0,1,1,0,1,1,1,0.668095
0,1,0,0,0,0,1,1,1,0,0,0,0,0,1,1,0,1,0,1,0,1,0,1,1,0,1,0,1,1,0,1,0.644261
0,1,1,1,0,1,1,1,0,0,1,1,0,1,0,0,0,1,0,0,1,1,0,0,1,0,0,0,1,0,1,0,0.623459
1,0,0,1,0,1,0,1,1,1,1,0,0,0,0,1,1,1,1,1,1,1,0,0,1,0,0,0,0,1,0,1,0.602456
1,1,0,1,1,0,0,1,0,1,0,0,1,0,1,1,0,1,1,0,1,1,0,0,1,1,0,1,0,1,0,1,0.587895
1,1,0,1,1,1,1,1,1,1,1,1,0,0,0,0,1,1,0,1,1,1,0,0,0,1,1,1,0,1,0,0,0.662556
1,1,0,0,0,0,1,0,0,0,1,0,1,0,1,0,0,0,0,1,0,0,1,1,0,0,1,0,1,0,1,0,0.617143
0,0,1,1,1,1,1,0,1,1,1,1,1,0,0,0,0,1,1,0,1,1,0,0,1,1,1,1,0,0,1,1,0.562431
0,1,0,0,1,1,1,0,1,0,0,0,0,1,0,0,1,1,1,0,1,1,0,0,1,1,1,1,0,1,0,1,0.592632
0,1,0,0,1,0,0,1,1,0,1,1,1,0,0,1,1,1,0,1,1,0,0,1,1,0,1,1,0,0,1,1,0.590551
1,0,1,0,1,0,0,1,1,1,0,0,0,0,0,0,1,0,0,0,1,0,1,1,1,0,0,1,1,1,0,0,0.616065
1,0,0,1,0,1,1,1,1,1,1,0,0,1,0,0,0,1,0,0,0,1,0,0,0,1,1,1,0,1,0,1,0.682180
1,0,0,1,1,1,1,0,1,1,0,0,0,1,1,1,0,0,1,0,0,0,1,1,1,1,0,0,0,1,0,1,0.585940
1,0,1,1,1,0,0,1,0,0,1,0,1,1,1,1,0,1,1,1,0,1,1,0,1,1,0,1,0,1,0,1,0.545238
1,0,1,1,1,1,0,0,1,0,1,0,0,0,1,0,1,1,1,1,1,0,0,0,1,1,0,1,1,1,0,0,0.610927
0,1,1,0,1,1,0,1,1,0,0,1,0,0,1,1,0,0,0,1,1,1,1,0,0,1,1,0,0,0,1,1,0.597393
1,1,1,0,1,0,0,1,1,1,1,1,0,0,1,1,1,0,1,0,0,0,0,1,0,0,0,1,0,1,1,1,0.534511
0,1,1,0,1,0,1,0,1,1,0,0,1,0,1,1,1,1,0,1,0,1,0,1,0,0,0,0,1,0,1,0,0.605288
1,1,0,1,1,0,1,0,1,1,0,1,1,1,1,0,0,0,0,1,0,0,0,0,1,0,1,0,1,0,1,0,0.611679
1,0,1,1,0,1,1,0,1,0,1,1,0,1,0,1,0,1,0,0,0,0,1,1,0,1,0,1,0,0,1,1,0.594612
1,1,1,0,1,1,0,1,1,1,0,1,0,1,1,1,0,1,1,1,1,1,1,1,1,0,0,1,0,1,0,0,0.578045
0,0,1,1,0,1,1,0,0,1,0,0,1,0,0,1,0,0,1,0,0,0,0,0,1,1,1,0,0,1,0,1,0.631754
0,0,1,0,0,1,1,0,1,1,0,0,0,0,1,0,0,0,1,1,1,1,1,1,0,0,1,1,0,1,1,0,0.626541
1,0,1,0,0,1,0,1,0,0,0,0,0,1,0,0,1,0,0,0,1,1,1,1,0,1,0,1,1,1,1,0,0.574737
1,1,0,1,0,1,1,0,1,0,0,1,1,1,0,0,0,1,0,0,1,0,0,1,0,1,1,1,0,1,1,1,0.586241
1,1,1,1,1,1,1,1,1,1,0,0,1,1,1,1,1,0,0,1,0,0,1,1,1,0,1,0,1,1,0,0,0.525439
1,0,0,1,1,0,0,1,0,1,0,0,0,0,0,1,1,1,1,0,1,1,0,0,1,1,1,0,1,0,1,0,0.596165
0,1,1,0,0,0,0,1,1,1,0,0,1,1,0,0,1,0,1,1,1,1,0,1,1,0,1,1,0,1,0,0,0.603158
0,0,1,0,1,1,0,0,0,1,0,1,1,0,1,0,0,0,0,1,0,0,1,0,0,1,1,1,1,1,1,0,0.612556
0,0,1,0,1,1,0,0,0,1,1,0,0,0,1,0,1,1,1,0,1,1,1,0,1,0,0,0,0,1,1,1,0.607469
1,0,0,1,0,1,0,0,0,0,1,1,1,0,1,1,1,1,0,0,1,0,1,0,0,1,1,1,0,0,1,1,0.576190
0,1,1,1,0,1,1,0,0,1,0,0,0,1,1,0,1,0,1,1,1,1,0,1,0,1,1,0,0,1,0,1,0.614687
0,1,0,0,0,1,1,0,0,0,0,0,0,0,1,1,0,0,1,0,0,0,0,1,1,0,0,1,0,0,1,1,0.684937
1,0,1,0,0,0,0,0,1,0,1,1,1,0,0,1,1,0,0,1,1,0,0,1,0,0,0,0,0,0,0,1,0.597043
0,0,0,1,1,1,1,0,0,0,0,1,0,0,1,0,0,0,0,1,1,1,1,0,0,0,0,1,0,1,0,0,0.593358
1,0,1,0,0,0,0,1,0,0,1,0,0,1,1,1,0,0,1,0,0,1,0,0,0,0,0,1,1,0,0,0,0.720201
1,0,1,0,1,0,1,1,1,0,0,0,1,1,1,1,0,1,0,0,0,1,1,0,1,1,0,0,0,1,0,0,0.589674
1,0,0,1,1,1,1,0,0,0,0,0,1,1,0,1,1,0,0,0,1,0,1,0,1,1,1,1,0,1,0,0,0.583559
0,0,1,0,1,1,1,0,0,1,0,1,1,1,0,1,0,1,1,1,1,1,0,0,0,0,1,1,0,1,0,0,0.615764
0,0,1,0,0,1,1,0,0,0,1,1,0,1,1,0,1,1,1,1,1,0,1,1,0,0,0,0,1,0,0,1,0.727519
1,1,0,0,0,0,1,1,0,0,1,0,0,1,0,1,1,1,1,0,0,1,1,0,1,0,1,1,1,1,1,1,0.634261
1,1,1,0,0,0,0,0,1,1,0,0,0,1,1,0,1,1,1,1,1,0,0,0,0,1,1,1,1,1,1,1,0.595965
1,1,1,0,1,0,0,0,0,0,0,1,0,1,1,0,1,0,0,0,0,1,1,0,0,0,0,0,0,0,0,0,0.614937
1,1,1,0,1,1,0,0,0,1,1,0,0,0,1,1,0,1,1,1,1,1,0,1,0,0,1,0,1,0,0,1,0.568371
0,0,1,0,0,1,1,1,0,0,0,0,1,0,0,0,0,0,0,0,0,1,1,0,0,1,0,0,1,0,1,0,0.656316
0,1,1,1,0,0,0,0,0,0,0,1,0,1,1,0,1,1,0,1,0,0,1,1,1,0,1,1,1,1,0,1,0.602782
1,0,1,1,1,0,1,0,1,1,1,1,1,0,1,0,0,1,1,0,0,0,0,1,1,1,0,0,1,0,0,1,0.583058
1,1,0,0,1,1,1,0,0,0,1,0,1,0,1,0,0,1,1,0,0,1,1,1,0,0,0,1,1,1,0,0,0.593835
0,1,0,0,1,1,1,1,0,1,0,0,0,1,1,0,0,1,1,0,1,0,0,1,0,1,1,0,1,0,0,1,0.600777
1,1,0,1,1,0,1,0,0,1,1,0,0,0,1,0,0,1,1,1,1,1,0,1,0,0,0,0,1,1,1,1,0.589674
1,0,0,0,0,1,0,0,0,0,1,0,1,1,0,0,0,0,0,0,0,1,1,1,1,1,1,0,0,0,0,1,0.630351
0,1,0,1,0,1,0,0,1,1,1,0,0,0,0,1,1,0,1,1,0,0,1,1,1,1,0,1,1,0,0,1,0.611028
0,1,1,1,0,1,1,1,1,0,0,0,1,0,1,1,0,1,0,1,0,1,0,1,0,1,1,1,1,0,1,0,0.588421
1,1,1,0,0,0,0,0,0,0,1,0,0,1,0,0,1,0,1,0,0,0,0,1,1,1,0,0,1,1,0,1,0.655489
0,0,1,0,0,1,0,1,1,1,1,0,0,0,0,0,0,1,0,0,0,1,0,1,0,0,0,1,1,0,0,1,0.652932
0,1,0,0,1,0,0,0,0,0,0,1,0,0,1,0,0,0,0,1,0,1,0,1,0,1,0,0,1,1,0,0,0.644812
0,1,0,0,0,0,1,1,0,0,1,1,0,0,1,1,0,0,1,1,1,0,0,1,1,1,0,1,0,0,1,1,0.656817
0,0,0,1,1,1,0,1,1,0,0,0,1,0,0,1,1,0,1,1,1,0,1,0,0,0,1,0,0,0,0,1,0.634937
1,0,1,0,1,0,1,0,1,1,0,1,0,0,0,1,1,0,0,0,1,1,1,1,0,1,0,0,0,1,1,1,0.590551
1,0,0,0,1,1,0,0,1,0,0,0,0,1,1,1,1,0,1,0,0,1,1,1,0,1,1,0,0,0,0,0,0.616065
1,0,1,1,0,0,0,1,0,1,0,0,0,0,1,0,1,0,1,0,0,0,0,0,1,1,0,0,0,0,1,1,0.631679
1,1,0,0,0,1,0,0,1,0,1,1,0,1,0,0,1,0,1,0,1,1,0,0,1,1,0,1,1,0,1,1,0.609774
1,0,0,1,0,1,1,1,1,0,0,0,0,1,0,1,0,0,0,0,1,0,1,1,1,0,1,0,1,0,1,1,0.563734
0,0,1,1,0,1,1,0,1,1,1,0,1,1,0,0,1,0,1,0,1,1,1,0,0,0,0,1,0,1,0,0,0.615915
1,0,0,0,1,1,1,1,1,1,0,0,1,1,1,0,0,1,0,1,1,1,1,0,1,0,1,0,1,1,0,0,0.577794
0,0,1,0,0,1,1,1,1,1,1,0,1,0,1,0,0,0,0,0,0,1,0,0,0,0,0,0,0,1,1,0,0.625589
0,0,1,1,0,1,0,0,1,1,0,1,1,1,1,1,1,0,1,0,1,0,0,1,1,1,1,0,1,0,0,1,0.582932
1,0,0,1,1,1,1,1,1,0,0,0,0,1,1,0,0,1,1,0,0,0,0,0,1,0,1,1,1,1,1,1,0.582206
1,0,0,1,0,1,0,1,1,0,1,1,0,0,0,0,0,0,1,1,1,1,0,1,0,0,0,1,1,0,0,1,0.638622
1,1,0,1,1,0,1,1,1,1,0,1,1,0,0,1,0,1,0,0,0,1,0,0,1,1,1,0,1,1,0,0,0.645915
1,1,0,0,1,0,1,0,1,1,1,0,1,0,0,0,1,0,1,1,1,1,0,0,1,1,0,0,1,0,0,1,0.594135
1,0,1,0,0,1,0,0,1,1,0,0,0,0,0,1,0,0,1,0,1,1,0,1,1,1,0,0,0,0,1,0,0.622456
1,1,1,0,1,1,0,1,0,1,1,0,0,0,1,1,0,1,0,0,0,1,1,1,1,0,0,0,0,0,1,1,0.589925
0,0,1,1,1,0,1,1,1,0,0,0,1,1,1,1,0,0,0,1,1,1,0,1,0,0,1,0,1,1,0,1,0.536967
0,0,0,0,1,1,0,0,1,0,1,1,1,1,1,0,0,0,0,1,1,0,0,0,1,1,1,1,0,0,1,0,0.599373
1,0,1,1,0,0,1,1,0,0,1,0,1,1,0,1,0,0,1,0,1,1,1,0,1,1,1,1,0,1,1,1,0.601654
0,1,0,1,1,0,1,1,0,1,0,0,1,0,1,1,0,0,0,0,1,1,1,0,0,1,0,0,1,1,1,1,0.552030
1,1,0,0,0,0,1,0,0,1,1,1,0,1,1,0,1,0,1,1,1,1,0,0,0,1,1,0,0,0,1,0,0.618446
1,1,1,1,0,0,1,0,0,1,0,1,0,1,1,1,1,0,0,0,0,1,1,1,1,0,1,0,0,0,0,1,0.635013
1,0,1,0,0,1,1,1,1,1,1,1,0,0,0,0,0,0,1,1,1,1,0,0,1,0,1,0,1,1,1,0,0.599749
1,0,0,1,1,0,0,0,0,0,1,0,0,1,0,1,0,0,0,0,0,1,0,0,0,1,1,0,1,1,0,0,0.593534
0,0,1,0,0,1,1,1,1,0,0,1,1,1,1,1,1,0,1,0,1,1,1,0,1,0,1,0,0,1,0,0,0.610376
1,0,0,0,1,0,0,0,1,1,0,0,0,0,0,0,1,1,0,1,1,1,0,0,1,1,0,0,1,0,1,0,0.638947
0,1,1,1,0,1,1,0,1,1,0,1,1,0,1,0,1,1,1,1,0,1,0,0,1,1,0,0,1,0,1,0,0.628195
0,0,1,1,0,1,1,0,0,0,1,1,0,1,0,1,1,0,1,0,1,1,0,0,1,0,1,0,0,1,1,1,0.726366
1,0,1,1,0,0,0,0,0,0,0,0,0,0,1,1,1,1,0,0,0,0,1,0,1,1,0,0,1,1,0,1,0.616817
1,1,0,0,1,1,0,1,1,1,0,1,1,1,0,0,1,1,1,0,0,0,0,0,0,1,0,0,1,0,1,1,0.580376
0,0,1,1,1,0,0,1,0,0,1,1,1,0,0,1,1,0,1,1,0,1,0,0,1,0,1,0,0,0,0,0,0.655338
1,1,0,1,1,0,1,1,1,1,0,0,0,0,0,0,0,1,0,0,0,1,0,0,1,0,0,0,1,0,1,1,0.602607
0,0,0,0,1,0,1,1,0,1,1,1,1,1,0,1,0,1,1,0,1,1,1,0,1,0,0,1,0,1,0,0,0.602882
1,1,1,0,0,0,1,1,1,1,1,1,0,1,1,1,1,1,1,0,0,0,0,0,0,1,1,1,0,0,1,0,0.580226
1,0,0,1,1,1,0,1,0,1,1,1,1,1,1,0,1,0,1,0,1,1,1,1,0,0,0,0,1,1,1,1,0.494737
0,0,1,1,0,0,1,0,1,1,1,1,1,0,1,1,0,1,1,1,1,1,0,1,1,1,0,0,0,0,0,1,0.596917
1,0,0,1,1,1,0,1,0,1,0,0,1,0,1,1,0,0,0,1,0,1,1,1,1,0,1,0,0,0,0,0,0.605439
0,0,1,1,1,0,0,0,0,1,1,1,1,0,1,0,1,1,1,0,1,1,1,1,0,1,0,0,0,1,1,1,0.565639
1,0,1,1,0,0,1,0,1,0,0,0,0,0,1,1,0,1,0,1,1,1,1,0,1,0,0,1,1,0,1,1,0.607293
0,1,1,1,1,0,1,0,0,1,0,1,0,1,0,1,1,0,0,1,0,1,1,1,0,0,0,1,0,1,0,1,0.592807
1,1,0,0,1,1,1,1,1,0,1,1,1,0,0,0,0,1,1,0,0,0,1,0,1,0,1,1,0,0,0,1,0.594561
0,0,1,1,0,1,0,1,0,0,1,1,1,1,0,0,0,1,0,1,0,0,0,1,1,1,1,0,1,1,1,1,0.612356
0,0,0,0,1,1,0,1,1,0,0,0,0,1,0,1,1,0,1,0,1,0,0,0,1,1,1,0,1,0,1,0,0.614637
1,1,0,0,0,1,1,0,1,0,0,1,1,0,1,1,1,1,0,1,1,0,0,1,0,0,0,1,1,1,1,0,0.590451
1,1,0,0,0,1,0,1,1,0,0,0,1,0,0,1,0,0,0,0,1,0,1,0,1,1,0,0,1,0,1,0,0.640175
0,0,1,0,0,1,0,0,0,0,1,0,1,1,1,0,1,1,0,0,0,0,1,1,0,0,0,0,1,0,1,1,0.634637
1,0,1,1,1,1,1,1,0,0,0,1,0,0,0,0,1,0,0,0,0,0,0,0,1,0,0,0,0,0,0,1,0.618897
1,0,1,1,1,0,0,0,0,1,0,1,1,0,0,1,1,0,1,0,0,1,0,0,0,0,1,1,1,1,0,1,0.600125
1,1,1,1,0,0,1,1,1,0,1,1,1,1,0,1,1,1,0,1,0,1,1,1,0,1,1,0,1,1,1,0,0.538596
0,1,0,1,0,1,0,0,1,1,1,1,1,0,0,0,1,0,0,0,0,1,0,0,0,0,0,0,0,0,0,1,0.690451
1,1,0,1,1,0,0,0,0,1,0,0,0,0,0,0,0,1,1,0,1,0,1,0,0,0,0,0,0,0,0,1,0.619023
0,1,0,1,1,0,1,0,1,0,1,0,0,1,1,0,0,0,1,0,1,0,1,0,0,0,1,0,0,0,0,1,0.618647
0,0,1,1,0,0,0,0,1,0,1,0,1,0,1,1,1,0,1,1,0,0,0,0,1,0,0,1,0,1,0,0,0.730401
0,1,1,1,1,1,1,1,0,1,0,0,0,1,1,1,1,1,1,1,1,0,1,1,1,0,1,1,1,0,1,0,0.574862
0,0,1,0,0,0,1,1,0,0,1,1,1,1,0,0,1,1,0,0,1,0,0,1,1,0,0,0,1,1,1,0,0.609674
1,1,0,1,1,1,0,1,1,0,0,0,0,0,1,0,1,0,1,0,1,0,0,0,0,0,1,0,0,0,0,1,0.608020
1,0,0,0,0,0,0,1,1,1,1,0,0,1,0,0,1,0,0,1,1,1,1,0,0,1,0,1,0,0,1,0,0.675664
1,0,0,0,1,0,0,0,1,1,1,0,1,1,0,0,0,1,1,1,1,0,0,0,0,0,0,1,0,0,0,0,0.628421
0,0,1,1,1,1,0,1,1,0,1,1,0,0,1,0,1,1,1,1,0,0,0,0,1,1,1,0,1,0,1,1,0.598120
0,1,0,1,0,1,0,1,1,1,0,1,1,1,0,1,0,0,1,0,0,1,0,0,1,0,1,0,1,0,1,1,0.627118
1,1,0,0,0,1,1,0,1,0,1,0,1,0,1,0,1,1,1,1,0,1,0,1,1,1,0,0,0,0,0,1,0.605539
1,0,0,0,0,1,1,1,0,1,0,1,1,0,1,1,1,1,1,0,0,0,0,1,1,1,1,1,0,1,1,0,0.577444
0,1,0,0,0,1,0,1,0,1,0,0,1,1,0,0,1,0,0,1,1,0,0,1,0,0,0,0,0,1,0,0,0.680602
0,1,0,1,0,0,1,1,0,0,1,1,1,0,0,1,0,0,0,0,0,1,0,1,0,1,0,1,0,0,0,0,0.669549
0,1,0,0,0,1,0,1,0,1,1,1,0,1,0,0,0,0,0,0,1,1,0,0,0,0,0,1,1,1,1,1,0.722782
1,0,1,1,0,0,1,1,1,1,1,0,0,1,0,1,0,1,1,1,1,1,0,0,0,1,1,1,1,0,0,1,0.600301
1,1,1,0,1,0,1,0,1,1,1,1,0,1,0,0,1,1,1,1,0,0,0,1,0,1,0,0,1,1,0,0,0.620276
1,0,1,1,1,0,0,0,0,0,0,0,1,1,0,1,1,0,0,0,0,1,0,1,0,1,0,1,1,0,0,1,0.624962
1,0,1,1,1,1,0,1,1,1,0,1,0,1,0,1,0,0,0,1,0,0,1,1,1,1,1,0,1,0,0,0,0.586817
0,0,0,1,1,1,1,1,1,1,1,1,0,1,0,1,0,1,1,0,0,0,1,0,1,1,1,1,1,1,0,0,0.579048
0,0,1,0,1,1,0,1,0,0,0,0,1,0,0,0,0,1,1,1,0,0,0,1,0,0,1,0,0,1,0,0,0.621980
1,0,0,0,1,0,1,1,0,1,1,0,0,1,1,1,0,0,1,0,1,0,0,1,1,1,1,0,1,1,0,1,0.569499
0,1,1,0,0,1,1,1,0,0,1,1,1,0,1,1,1,0,0,1,1,0,0,0,1,0,0,1,0,1,1,1,0.587093
1,0,1,1,0,1,0,0,0,0,0,0,0,1,0,0,0,0,0,0,1,0,0,0,1,1,0,0,1,0,0,0,0.627644
1,1,1,0,0,1,1,0,0,1,0,0,0,0,0,1,0,1,0,0,1,1,0,0,0,1,0,0,0,0,1,0,0.646090
1,0,0,1,0,1,1,1,0,0,0,1,0,0,1,1,1,0,1,1,1,1,0,1,0,0,1,0,0,0,0,1,0.683609
1,0,1,0,1,1,0,0,0,0,0,0,1,1,1,0,1,1,1,1,1,1,1,1,1,0,1,0,0,0,0,0,0.590827
1,1,0,0,0,0,0,0,0,0,0,0,1,1,1,1,1,1,0,1,1,0,1,0,1,0,0,1,0,0,1,0,0.621554
0,0,1,0,1,0,1,0,1,0,0,1,0,1,0,0,1,1,1,0,0,1,1,0,0,1,0,0,1,0,0,1,0.615439
0,1,1,0,0,0,0,0,1,1,0,1,0,1,0,1,1,1,1,0,0,1,0,1,1,1,0,1,0,1,0,1,0.712882
1,1,0,1,0,1,1,1,0,1,1,1,0,0,1,0,0,1,1,1,0,1,0,1,1,1,0,1,0,0,1,0,0.601805
0,0,1,1,0,0,1,1,1,0,0,0,0,1,1,0,0,1,0,1,0,0,1,0,1,1,1,0,1,1,1,0,0.602431
1,0,1,0,1,1,0,0,1,0,0,1,0,1,1,1,0,0,1,0,0,0,0,0,0,0,0,0,1,0,0,1,0.612456
0,0,0,0,0,0,1,1,1,0,0,1,0,1,1,1,0,1,0,0,1,1,0,0,0,0,1,1,1,1,1,1,0.617544
1,0,1,0,1,0,0,1,0,1,0,0,0,1,1,1,1,1,1,0,1,1,1,1,1,1,1,0,0,1,0,0,0.576617
0,0,0,0,0,1,0,1,1,0,0,1,1,0,1,0,0,1,0,1,1,1,1,0,0,0,0,0,1,0,0,0,0.649549
1,1,0,1,1,1,0,1,1,0,1,0,1,1,1,0,0,0,1,0,0,1,1,1,0,0,1,0,0,0,0,1,0.556040
0,1,1,1,1,0,1,0,1,0,0,1,1,1,1,1,0,1,1,0,0,1,1,0,0,0,0,1,0,0,0,0,0.611228
1,1,0,0,0,0,0,1,0,0,0,0,0,0,0,0,0,0,1,1,0,1,1,0,1,1,0,0,0,0,0,0,0.640526
0,1,0,1,1,1,1,1,0,0,1,0,0,0,1,1,1,0,0,0,0,1,1,1,0,0,0,0,0,0,0,0,0.601353
0,1,1,0,0,1,0,1,1,0,0,1,0,0,0,1,1,0,1,0,1,0,1,0,0,0,0,1,0,1,0,1,0.650000
1,0,0,1,1,0,0,1,0,0,0,1,1,0,1,0,0,1,0,1,1,0,0,1,0,1,0,1,1,1,1,1,0.593008
0,0,0,0,1,1,0,1,1,0,1,0,1,0,0,1,0,0,1,1,0,1,1,0,0,0,0,0,1,0,0,0,0.648571
0,0,1,1,1,0,1,1,1,0,1,1,0,0,0,1,1,0,1,1,1,0,0,1,0,1,1,1,0,1,0,0,0.638797
0,1,0,1,0,0,1,0,0,0,1,0,1,1,0,0,0,1,0,1,0,1,1,1,1,0,1,0,1,0,0,0,0.641905
0,1,1,0,0,0,0,1,0,1,0,0,0,0,0,1,0,0,0,0,1,0,1,1,0,0,0,1,1,1,1,0,0.666717
1,0,1,1,0,0,0,1,1,0,1,1,1,1,1,1,1,1,0,1,0,0,0,1,1,0,1,0,0,0,0,1,0.579273
1,1,1,0,1,1,1,1,0,1,1,1,0,1,0,0,0,0,0,1,1,1,0,0,1,1,1,0,1,1,0,1,0.601980
1,1,1,1,0,1,1,0,1,1,0,1,1,1,0,0,0,0,1,0,0,0,1,0,0,1,1,0,0,0,1,1,0.601404
1,0,1,0,1,1,0,1,0,0,1,0,1,1,1,1,0,1,1,0,0,0,1,1,1,1,0,0,1,1,1,1,0.470827
1,1,1,0,0,0,0,0,0,1,0,1,0,0,1,1,1,0,1,0,0,0,1,0,0,1,0,1,0,1,0,0,0.630501
0,1,1,0,0,1,0,1,1,0,0,1,1,0,0,1,0,0,1,0,1,0,0,1,0,1,1,1,1,1,0,0,0.606065
0,1,1,1,1,0,0,1,1,0,0,0,0,0,0,0,0,0,0,1,0,0,1,0,1,0,0,1,0,1,0,1,0.630627
0,1,1,0,1,0,0,1,0,0,0,0,0,0,0,0,1,1,1,1,0,1,0,1,1,1,1,1,1,0,0,1,0.656115
1,1,0,1,0,0,0,0,0,0,0,0,0,1,1,0,0,1,0,0,0,0,0,0,1,0,0,1,0,1,1,0,0.635414
0,0,1,1,1,1,0,0,0,0,0,1,0,1,1,0,1,1,1,1,1,1,0,0,1,0,0,0,1,0,1,0,0.588246
0,1,1,1,0,1,1,1,0,1,1,0,0,0,0,1,0,0,0,1,0,0,0,1,0,0,1,0,0,1,1,0,0.653759
1,0,1,0,0,0,1,1,0,0,1,0,1,0,0,1,0,1,0,1,0,1,0,0,1,0,0,1,1,1,1,0,0.609298
1,1,0,0,1,0,1,1,1,0,1,1,0,0,0,0,0,1,1,0,0,0,0,1,1,0,1,0,1,0,1,0,0.605489
1,1,0,0,0,1,1,1,0,1,0,1,1,1,0,1,1,1,1,1,0,0,0,1,0,1,1,0,0,0,0,0,0.613383
1,1,1,1,1,1,1,0,1,0,0,0,0,0,0,0,1,0,0,1,1,1,1,0,1,0,0,0,0,0,1,1,0.601529
1,0,1,1,1,1,0,0,1,0,1,1,1,1,1,0,1,1,1,0,0,1,1,0,1,1,1,0,1,1,1,1,0.562957
1,0,1,1,1,1,1,1,0,1,1,1,0,1,0,1,1,1,0,1,0,0,1,0,0,1,1,1,0,1,1,0,0.562130
1,0,1,0,1,0,0,1,0,1,1,1,0,1,0,0,0,1,1,1,0,1,1,1,0,1,0,0,1,0,1,0,0.597018
0,1,1,0,1,0,1,0,1,0,0,0,1,0,0,1,0,0,0,1,0,1,1,1,0,1,1,0,0,1,1,0,0.604536
0,1,1,1,0,0,1,0,1,1,0,0,1,0,1,0,0,0,0,0,1,0,0,1,0,0,1,0,1,1,1,1,0.620802
1,1,0,0,1,1,1,1,0,0,1,1,1,1,0,1,1,1,1,1,1,1,1,0,0,1,0,1,0,1,1,0,0.561454
1,1,1,1,1,1,0,0,0,1,1,1,0,1,1,0,1,0,1,0,0,1,0,1,0,0,1,1,0,0,0,0,0.614461
0,1,0,0,1,1,0,1,0,1,0,0,0,0,1,1,1,0,0,0,1,1,1,0,1,0,0,1,1,0,1,1,0.576165
1,1,0,1,1,1,1,1,1,0,1,1,0,1,0,1,0,1,0,0,0,1,0,1,0,0,0,0,1,0,1,1,0.551103
0,1,1,1,1,0,1,1,0,0,1,1,0,1,1,0,0,1,1,0,1,0,0,1,0,1,0,0,0,1,0,0,0.596917
1,1,1,0,0,1,0,1,0,1,0,0,1,1,1,1,0,1,1,0,1,0,0,0,1,0,1,1,0,0,0,0,0.609524
1,0,0,0,1,1,0,0,0,1,1,1,0,0,1,1,0,1,0,1,1,0,1,0,1,0,1,1,1,1,0,0,0.583233
0,0,0,1,1,1,1,1,1,1,1,1,0,1,0,1,1,0,1,1,1,1,0,0,0,0,0,0,1,0,0,0,0.603634
0,0,1,1,0,0,0,0,0,0,0,1,1,0,1,1,0,0,1,1,0,0,1,0,0,1,0,1,1,0,0,0,0.742130
1,0,1,0,1,1,0,1,1,0,1,0,1,0,1,0,0,0,1,0,0,1,0,0,0,1,1,1,1,0,0,1,0.625088
0,1,0,1,1,1,0,0,0,0,0,1,0,0,1,0,0,1,1,1,1,0,0,0,1,1,1,1,1,1,1,0,0.598546
1,0,0,0,0,1,1,1,0,0,0,0,0,1,1,0,1,1,0,0,0,1,1,1,1,0,0,1,1,0,0,1,0.599424
0,0,1,0,0,1,1,0,1,0,0,1,1,1,1,0,0,1,1,0,1,0,1,0,1,0,1,0,0,1,1,0,0.653308
0,0,0,1,1,1,0,0,1,0,1,1,1,1,0,0,0,1,0,1,0,1,0,1,0,1,1,1,0,0,0,1,0.605038
0,1,1,0,1,1,1,0,1,1,0,0,1,0,0,1,1,1,0,0,1,0,0,0,1,0,1,1,0,1,0,0,0.618647
0,1,1,0,0,1,0,1,0,1,0,1,1,1,1,1,1,1,0,0,1,0,0,0,1,0,1,0,0,0,1,0,0.628997
0,1,1,1,1,1,1,1,1,0,1,1,0,0,0,1,0,1,0,0,1,1,0,0,1,0,0,0,0,1,1,0,0.592005
0,1,1,1,1,1,0,1,0,1,1,0,1,1,0,1,1,1,1,0,0,0,0,0,0,0,1,0,1,1,1,1,0.527519
1,0,0,0,1,0,0,1,0,1,1,1,1,0,0,1,1,1,0,1,1,0,1,1,1,0,0,0,1,1,0,0,0.601178
1,0,1,1,1,0,0,0,0,1,0,1,1,0,0,0,1,0,1,0,0,1,1,1,0,1,0,1,0,1,1,1,0.585514
0,1,1,1,1,1,1,1,0,1,0,0,0,0,1,1,0,0,0,0,1,1,1,1,1,0,0,1,1,1,1,1,0.516967
0,1,0,1,1,0,0,1,0,0,0,0,0,0,1,0,1,0,1,0,0,1,0,0,0,0,1,0,1,1,0,1,0.635288
1,0,0,0,0,1,0,0,0,0,0,0,1,1,0,0,0,1,1,0,1,1,0,0,0,1,1,0,0,0,0,0,0.645388
0,0,0,1,0,0,0,1,0,1,1,1,0,0,0,1,1,0,0,0,0,1,1,1,1,1,0,0,0,1,0,0,0.704261
0,1,1,1,0,1,1,1,0,1,0,0,0,0,0,0,1,0,1,0,1,1,0,0,0,1,1,1,0,1,1,1,0.610576
1,0,1,1,1,0,1,0,0,0,1,0,0,0,1,0,0,1,0,0,0,1,1,0,1,0,1,0,0,1,0,0,0.616291
1,0,1,1,1,0,1,1,1,1,1,1,0,1,1,0,0,0,0,1,1,0,0,1,0,1,0,1,0,0,0,0,0.598571
0,1,1,1,1,1,1,1,0,0,0,1,1,0,0,1,0,1,0,0,0,1,0,0,1,1,0,1,1,0,1,1,0.580627
1,0,0,1,1,1,1,1,0,1,0,1,0,1,1,1,0,0,0,0,0,0,0,1,0,1,1,0,1,0,1,0,0.606992
0,1,1,1,0,1,0,1,1,1,0,1,0,0,1,1,0,1,0,1,0,1,0,1,1,0,0,1,1,1,1,0,0.639173
1,0,1,0,0,0,0,1,0,1,0,0,0,0,1,0,1,1,1,1,0,0,1,0,0,0,1,1,1,0,0,1,0.646291
0,1,0,0,1,0,0,1,1,0,0,1,0,0,1,0,1,1,1,1,0,0,1,0,1,1,0,0,1,1,0,1,0.604060
1,0,1,0,0,0,1,1,1,1,1,1,0,0,1,1,1,0,1,0,1,0,0,0,0,1,0,1,0,1,0,1,0.606190
1,0,0,0,0,1,1,0,1,1,0,0,1,1,0,0,0,0,1,1,0,0,1,0,1,1,1,1,1,1,1,0,0.608647
0,0,1,1,1,0,1,0,1,1,1,1,1,1,0,1,0,0,1,0,0,1,0,0,0,0,1,1,0,0,1,1,0.592907
1,0,1,0,0,0,1,0,1,1,1,1,0,1,0,0,1,1,0,0,0,0,0,0,0,1,0,1,0,0,0,1,0.665789
1,0,0,0,1,1,1,0,0,0,0,0,1,1,0,0,0,0,1,0,1,1,1,0,1,1,0,1,1,1,0,1,0.605714
0,1,1,1,1,1,0,0,0,0,0,1,0,1,0,1,1,1,0,0,1,0,0,0,0,0,1,0,0,0,1,0,0.618070
1,1,1,0,0,1,0,1,0,1,1,1,1,0,0,1,1,0,0,0,1,0,1,1,1,0,1,0,0,0,0,1,0.618170
1,0,0,1,0,0,0,0,0,1,0,1,1,0,1,0,0,1,0,1,1,0,0,1,0,1,1,1,0,1,1,1,0.666040
1,1,0,1,0,0,1,1,1,1,0,1,1,1,0,1,1,1,0,1,0,0,1,1,0,0,0,1,0,1,1,1,0.604236
1,1,1,1,1,0,1,0,1,0,1,1,0,1,0,0,0,0,0,0,1,0,0,1,1,0,0,0,0,1,1,1,0.598421
1,1,1,0,1,0,0,0,0,0,0,0,0,0,1,1,0,1,0,1,0,1,0,0,1,0,0,0,0,0,0,0,0.627920
0,1,0,1,0,1,0,0,0,1,0,1,0,0,0,0,0,1,0,1,1,0,1,1,1,0,1,0,1,1,1,1,0.698997
1,1,1,0,0,1,0,1,0,1,0,0,0,0,1,1,1,1,0,1,0,1,0,0,1,1,0,1,0,0,0,1,0.677569
1,0,0,0,0,0,1,1,0,1,0,0,1,1,1,0,1,0,0,1,0,1,0,1,1,1,0,0,1,0,1,1,0.594060
0,1,0,0,0,1,0,0,1,1,0,1,0,1,0,0,0,0,0,1,0,0,1,0,0,0,1,1,1,0,0,0,0.707393
1,0,0,1,1,1,1,1,1,0,1,1,0,0,1,1,0,1,0,1,0,0,1,0,1,1,0,0,1,0,0,0,0.602907
1,0,0,1,0,1,0,0,0,1,0,0,1,0,1,1,1,0,1,1,0,0,1,0,0,1,1,0,1,0,1,1,0.618195
1,1,1,1,1,0,0,1,0,1,1,1,0,0,0,1,0,1,1,0,0,0,1,0,0,0,0,0,0,0,0,0,0.608446
0,1,0,0,0,0,0,0,1,1,1,0,0,0,1,0,0,0,1,0,0,1,1,0,0,1,0,0,1,0,1,1,0.659749
1,0,0,1,1,1,1,0,0,0,0,1,0,0,0,1,0,0,0,0,0,1,0,1,1,0,0,1,0,0,1,1,0.572406
0,1,0,0,1,1,1,0,1,1,1,1,1,1,1,1,1,0,0,0,1,0,0,0,1,1,1,0,0,0,1,1,0.616867
0,1,0,0,1,1,0,0,1,0,1,1,1,0,1,1,1,1,1,1,1,1,0,1,1,0,0,0,1,0,0,0,0.587343
1,0,0,0,1,0,1,0,1,1,1,1,0,0,1,1,1,0,1,1,1,0,0,1,0,1,0,1,0,1,0,0,0.608596
1,1,1,0,1,1,0,0,1,0,0,0,0,1,1,0,1,1,1,0,1,0,1,1,1,0,1,0,1,0,0,0,0.633910
1,1,0,0,1,0,0,0,1,0,0,1,0,0,0,0,1,1,0,1,0,0,1,0,0,0,0,0,1,1,0,0,0.641003
0,0,1,0,1,0,1,0,1,1,0,1,1,0,1,0,1,0,0,1,0,0,0,1,1,0,0,1,0,0,1,1,0.612581
1,0,1,1,1,0,1,1,0,1,1,1,1,0,0,0,1,0,0,0,1,1,0,1,0,0,1,0,0,0,1,0,0.614787
0,1,0,1,0,0,1,1,1,1,0,0,1,1,0,1,1,1,1,0,1,1,0,1,0,1,0,0,0,1,1,0,0.610902
0,1,1,1,0,0,0,1,0,1,0,0,0,1,1,0,1,0,0,0,1,1,1,0,1,1,0,1,0,0,1,1,0.657945
0,1,0,1,1,0,0,0,1,1,0,0,0,1,0,1,1,1,1,1,1,1,1,0,1,0,1,0,0,1,0,1,0.586165
1,0,1,0,1,1,0,0,0,1,0,0,1,1,0,1,0,1,1,0,0,1,1,0,1,0,0,1,1,1,1,0,0.602406
1,0,0,1,1,1,1,1,1,0,0,0,0,0,1,0,1,0,1,1,1,0,1,0,1,0,0,0,1,1,0,1,0.647143
0,1,1,1,1,0,0,0,1,0,1,1,0,0,0,1,1,0,1,0,0,1,0,1,0,1,1,0,0,0,0,1,0.612907
1,0,0,0,0,0,0,0,0,0,0,1,0,1,1,0,1,0,0,0,1,1,1,1,0,0,0,1,1,0,0,1,0.627043
0,1,0,0,1,1,0,0,0,0,1,1,0,1,1,0,0,1,1,1,0,0,1,0,1,0,1,0,0,1,1,0,0.601805
0,0,1,0,0,1,0,0,0,1,1,1,1,1,1,0,1,0,1,0,0,0,0,1,1,1,0,1,1,0,1,0,0.617544
1,1,0,0,0,0,1,0,1,1,1,1,1,1,1,0,1,0,0,0,1,0,0,0,1,0,0,0,0,1,0,0,0.684561
0,1,0,0,0,1,1,0,0,0,1,1,1,0,1,0,0,0,1,1,0,0,1,0,1,0,1,1,1,1,1,1,0.656190
1,1,1,1,0,1,0,0,1,0,1,1,0,1,0,0,0,1,1,1,1,0,0,0,1,0,1,0,0,1,0,0,0.649223
0,0,0,0,1,1,1,0,1,1,1,1,0,0,1,1,1,1,1,0,0,1,0,1,0,1,1,1,0,0,0,0,0.617218
0,1,0,0,1,1,1,0,1,0,1,0,0,1,0,1,1,1,1,0,0,0,0,1,0,0,1,0,1,1,1,1,0.587719
0,1,1,1,1,0,1,0,1,1,1,0,1,1,1,1,0,1,0,1,0,1,1,1,0,1,1,1,0,1,1,0,0.582256
1,0,1,0,1,1,1,1,0,0,0,0,1,1,0,1,0,0,0,0,1,0,1,1,1,0,1,0,0,0,1,0,0.532506
0,0,0,1,1,1,0,0,0,1,1,1,0,1,1,1,0,1,1,1,0,1,0,0,1,1,1,1,1,1,1,0,0.567293
0,1,1,1,0,1,0,1,1,1,0,0,0,1,1,1,1,0,0,1,0,0,0,1,0,0,0,1,0,0,1,0,0.651278
0,0,0,1,1,1,0,0,0,1,0,1,1,0,0,1,0,1,1,1,1,1,1,0,1,1,0,1,0,0,0,0,0.615313
1,1,0,1,0,1,0,0,0,1,0,1,0,0,0,1,0,1,0,1,1,1,1,1,1,0,0,1,0,0,1,1,0.670050
0,1,0,1,1,1,0,0,1,1,1,0,0,1,1,0,0,0,0,1,0,1,1,0,0,1,1,0,1,1,0,0,0.605063
0,1,0,1,1,0,0,1,1,1,1,0,0,1,1,0,1,0,0,0,0,0,0,1,0,1,0,1,1,1,0,0,0.626792
1,0,1,0,1,1,0,1,1,0,0,0,1,1,0,1,1,1,0,1,1,0,1,0,1,1,1,1,0,0,0,1,0.587393
0,0,0,1,1,1,1,0,1,1,1,0,0,1,1,0,1,1,1,0,1,1,0,0,0,0,1,0,0,0,1,1,0.594035
0,0,1,0,1,0,1,0,0,0,1,0,0,0,1,1,1,0,1,0,1,1,0,0,1,1,0,0,1,1,0,1,0.627995
1,1,0,1,1,1,0,1,0,1,0,0,0,1,1,0,0,1,0,0,1,0,1,1,1,0,1,0,1,1,0,1,0.587268
0,0,1,1,0,1,1,0,0,1,0,0,0,0,1,0,0,0,1,1,1,1,0,0,1,0,1,1,0,1,1,1,0.625564
1,0,0,1,1,1,0,1,1,0,0,0,1,0,0,0,1,1,1,1,0,0,0,0,1,0,1,0,1,0,0,0,0.608246
0,0,1,0,1,0,1,0,1,1,1,1,0,1,1,1,1,1,1,1,1,1,0,1,0,0,0,0,0,0,1,1,0.569298
1,1,0,0,0,1,1,0,1,0,1,0,1,0,1,1,0,1,0,1,0,1,0,0,0,0,1,0,1,0,1,0,0.608897
0,0,0,0,1,0,1,0,1,1,1,1,0,0,1,1,0,1,1,1,0,1,1,0,1,1,1,0,0,0,1,1,0.586391
0,0,1,0,0,1,1,0,1,1,1,1,1,1,0,1,1,1,0,0,0,0,1,1,1,0,1,1,1,0,0,0,0.618045
0,1,1,1,0,0,1,0,0,1,0,0,0,1,0,1,1,1,0,0,0,0,1,0,0,0,1,1,1,0,0,1,0.650752
1,0,0,0,1,1,0,1,0,0,1,1,0,1,1,0,0,1,1,1,1,1,1,1,0,0,0,1,0,0,1,0,0.598772
1,1,1,0,1,0,1,1,1,0,1,0,1,0,0,1,1,0,0,1,1,1,1,1,1,1,0,0,0,0,1,0,0.600827
0,1,0,0,0,0,0,0,1,1,1,1,0,0,1,0,1,0,0,0,1,0,1,1,0,0,0,1,0,0,1,1,0.705714
1,0,0,0,0,0,1,0,1,1,1,0,0,0,0,0,0,0,0,1,0,1,1,1,0,0,0,0,1,0,1,0,0.664085
0,1,1,1,1,0,1,1,1,0,0,1,0,0,0,1,0,1,1,1,0,0,1,0,0,0,1,1,1,1,0,1,0.623885
1,1,1,0,1,0,0,1,0,1,1,1,1,1,1,0,0,1,1,0,0,1,0,0,0,0,0,1,1,1,0,1,0.578772
1,1,1,0,0,0,0,1,1,1,0,0,0,0,1,1,1,0,0,0,1,0,1,1,1,1,1,1,0,0,0,0,0.657594
1,1,0,0,0,0,1,1,1,0,0,0,0,1,0,1,0,1,1,1,0,0,1,0,0,1,0,0,1,0,1,0,0.631479
0,1,1,0,0,1,0,1,1,1,0,0,1,0,1,0,1,0,1,1,0,0,1,1,0,1,1,0,0,0,0,0,0.654612
0,0,1,1,1,0,1,0,1,1,0,0,0,1,1,0,0,0,0,0,1,0,1,0,1,1,1,1,1,1,1,0,0.592657
0,1,1,1,1,0,1,1,0,0,0,1,0,0,0,1,1,1,1,1,0,1,0,0,1,1,0,1,0,1,1,1,0.586466
1,0,1,1,1,1,0,0,0,1,0,0,0,0,1,1,1,0,0,0,0,0,0,0,0,0,0,0,1,0,1,0,0.627694
1,0,0,1,1,0,0,1,0,1,1,1,0,0,1,0,1,1,0,1,0,0,0,0,1,0,0,0,0,0,0,1,0.622932
1,1,0,1,0,0,0,0,1,0,0,1,1,1,1,1,0,0,1,1,0,1,0,0,1,1,1,0,0,0,0,0,0.628396
1,0,0,1,0,0,0,0,0,1,0,1,0,1,1,1,1,0,1,0,1,0,1,0,1,0,1,0,0,1,0,1,0.613459
0,0,1,0,1,1,1,0,0,0,0,0,1,0,1,0,1,0,1,0,1,0,1,1,1,1,1,1,0,1,0,0,0.623383
0,0,1,0,1,1,1,0,0,1,1,1,1,1,0,0,1,1,1,0,1,1,1,1,1,0,0,0,0,0,1,0,0.594712
1,1,1,1,0,0,1,1,0,1,1,1,1,1,0,1,1,0,1,0,0,1,0,0,1,0,1,0,0,0,0,1,0.590677
0,0,0,1,1,1,0,1,0,1,0,1,1,1,1,0,0,1,0,0,0,0,1,0,0,0,1,1,0,0,0,1,0.633409
0,0,1,0,0,1,0,1,0,0,1,1,0,0,1,0,1,1,0,1,0,0,1,0,1,1,1,0,1,1,1,0,0.626767
0,0,1,0,0,1,1,0,1,0,0,1,0,1,1,0,0,1,0,1,1,1,1,1,0,0,1,1,1,0,1,0,0.636316
0,0,1,1,1,1,0,0,1,0,1,1,0,1,0,0,1,1,1,1,1,1,1,0,1,0,0,1,1,1,0,1,0.572556
0,0,0,0,0,0,1,1,1,1,0,1,0,0,1,1,1,0,0,0,1,0,0,1,0,1,1,0,0,0,0,0,0.670526
1,0,1,1,1,1,1,0,1,1,1,0,0,1,0,1,1,1,1,0,1,1,1,0,0,1,0,0,0,1,1,0,0.595890
1,0,1,0,0,0,1,0,1,1,1,0,1,1,0,1,0,1,1,1,1,1,1,0,1,0,0,1,1,0,0,1,0.581980
0,0,0,1,1,0,1,0,1,1,0,1,1,1,1,1,0,1,0,0,0,1,1,1,1,1,1,1,0,0,1,0,0.598396
1,1,0,0,1,1,0,0,0,0,1,0,0,0,0,1,1,1,1,0,0,0,0,0,0,0,0,1,0,0,0,0,0.630426
1,0,1,0,1,1,0,1,0,1,1,0,0,0,1,0,0,1,1,0,0,0,1,1,1,0,1,0,0,1,0,1,0.594962
0,0,0,0,1,0,1,0,0,1,1,1,1,1,0,0,0,1,1,1,0,1,0,1,1,0,1,0,1,0,0,1,0.623409
0,0,0,1,1,1,0,1,0,0,0,1,1,0,0,1,1,1,1,0,1,0,1,0,1,1,1,1,0,0,0,0,0.601930
0,0,0,0,0,1,0,1,0,1,1,0,1,1,1,0,1,1,0,0,1,0,1,1,0,0,0,1,0,0,0,1,0.669875
1,0,1,0,1,1,0,1,0,1,1,0,1,1,0,1,0,0,0,0,1,0,1,0,0,1,1,0,1,1,0,0,0.614361
1,0,1,1,1,0,0,0,1,1,0,1,0,1,1,1,1,0,0,1,1,0,1,0,1,0,0,1,1,1,0,1,0.577845
0,1,1,0,0,0,1,1,0,0,1,1,1,1,1,1,1,0,1,1,0,1,1,1,0,0,1,0,0,0,0,0,0.733584
1,0,0,1,1,0,0,0,0,1,0,0,0,1,0,0,0,1,1,0,1,0,0,0,1,0,0,1,1,0,1,0,0.619825
1,1,0,1,0,0,0,0,0,0,1,0,0,1,1,0,0,0,0,0,0,1,1,1,0,1,1,1,0,0,1,0,0.637544
1,1,0,0,1,0,1,1,0,1,1,0,0,0,1,1,0,1,1,1,0,1,1,0,0,0,1,1,1,1,0,1,0.555213
0,1,1,1,1,0,1,0,1,1,1,1,0,1,1,0,1,0,1,0,1,1,0,1,1,1,0,1,0,0,0,1,0.575313
0,1,0,0,0,0,1,1,1,1,0,0,0,1,0,0,1,0,0,0,1,0,0,1,1,0,0,1,1,0,1,1,0.657569
1,1,0,0,0,1,0,1,0,1,0,0,0,0,0,0,0,0,0,1,1,1,1,0,0,1,0,0,0,1,1,0,0.674612
0,0,0,1,1,0,0,0,0,0,1,1,1,1,0,1,1,0,0,1,1,0,1,0,1,1,0,1,0,0,1,1,0.591153
0,0,0,0,1,0,1,1,1,0,0,0,1,1,1,0,0,0,1,1,1,0,0,0,0,0,1,0,0,1,0,1,0.595915
1,1,1,0,0,1,1,1,1,1,0,1,1,0,0,1,0,0,1,0,0,1,0,1,1,0,1,1,0,1,0,0,0.588170
1,1,1,1,0,0,0,1,0,0,0,1,0,0,1,1,0,0,0,1,0,0,0,0,1,1,0,1,0,1,1,0,0.624261
1,0,1,0,0,1,1,1,0,0,1,1,0,0,1,0,0,0,1,0,1,0,0,0,1,1,0,0,1,1,1,1,0.628346
1,1,0,0,1,1,0,1,1,1,1,0,1,0,0,1,1,0,0,0,1,0,1,1,1,1,1,1,0,1,1,0,0.590576
0,0,0,1,0,0,0,1,1,0,0,0,0,0,1,1,0,1,0,0,1,0,0,0,0,0,0,0,0,1,1,0,0.665890
0,1,0,0,0,0,0,1,1,1,0,0,1,0,0,0,1,1,1,0,0,0,1,1,1,0,0,1,1,1,1,0,0.618221
1,0,0,0,1,0,1,1,1,0,0,1,0,0,1,1,0,0,0,1,0,1,0,0,0,0,0,0,0,0,0,0,0.632256
1,0,0,1,1,0,0,1,1,0,0,0,0,0,0,1,1,0,0,1,1,0,1,1,0,0,1,0,1,0,0,0,0.630702
0,0,1,0,1,1,1,0,0,1,0,0,0,1,0,0,1,1,1,1,1,0,0,0,0,0,1,1,1,0,1,1,0.584937
1,1,1,1,0,0,1,1,0,1,0,0,1,1,0,0,1,1,0,0,0,0,0,1,0,1,1,0,0,1,0,0,0.662531
0,0,1,1,0,0,0,1,1,1,0,1,1,1,1,1,0,0,0,0,0,1,1,0,1,1,0,1,0,0,0,1,0.713434
0,0,0,0,1,1,1,0,0,1,0,1,0,1,1,1,0,1,1,0,1,0,0,0,0,0,0,0,0,0,0,1,0.601855
1,1,1,1,0,1,0,1,0,1,0,0,1,1,0,1,1,0,0,1,0,0,1,1,1,1,1,1,1,1,1,0,0.595038
1,0,1,0,0,1,0,0,0,0,1,0,0,1,0,0,0,1,0,1,1,0,0,0,1,1,1,1,1,0,0,0,0.627970
0,0,0,0,1,0,0,1,0,0,1,0,0,1,0,0,1,1,0,1,1,1,0,1,1,0,1,0,0,1,0,1,0.609148
1,1,0,0,1,0,0,0,0,0,1,0,1,0,0,0,1,0,1,1,0,0,1,0,0,1,0,1,0,1,1,0,0.621178
0,1,0,1,0,1,1,0,1,1,1,1,0,1,1,0,0,1,0,1,0,1,0,1,0,0,1,1,1,1,0,0,0.681955
0,1,1,0,1,1,1,1,0,1,0,1,0,1,0,1,1,0,0,0,1,0,0,0,1,0,1,0,1,0,0,0,0.612581
1,1,1,1,1,1,0,1,0,1,0,1,1,1,0,0,1,1,1,0,1,1,0,1,1,1,1,1,0,0,0,0,0.601303
0,0,1,1,0,1,0,0,0,0,1,1,0,1,1,1,1,1,0,1,0,1,1,1,0,1,1,0,1,1,0,1,0.606165
0,1,1,0,0,0,1,1,1,0,0,0,0,1,1,1,0,1,0,0,1,0,1,0,0,0,1,0,1,1,1,1,0.592281
0,1,0,0,0,1,1,0,1,0,1,1,0,0,0,0,0,0,1,0,0,0,1,0,1,0,0,0,0,1,1,0,0.655965
1,0,0,1,0,1,1,0,1,0,1,1,0,0,1,1,0,0,1,0,1,1,0,1,1,1,1,1,1,1,0,1,0.586391
1,1,0,1,0,0,0,1,1,0,0,0,0,1,1,1,1,0,1,0,1,1,1,0,0,0,1,0,0,0,0,1,0.620877
0,0,1,0,0,0,1,0,0,0,0,0,1,0,0,1,1,1,1,0,1,0,1,1,1,1,0,0,1,1,1,0,0.635038
0,0,1,1,1,1,0,0,1,0,0,1,0,1,1,0,0,0,0,0,1,0,1,1,0,0,1,1,0,0,1,1,0.627419
1,1,0,1,1,1,0,1,0,0,0,1,0,1,0,0,1,1,0,0,0,0,0,1,0,0,1,0,1,0,1,1,0.612682
1,1,0,0,0,1,1,0,0,1,0,1,0,0,0,0,1,0,0,0,0,1,1,0,1,0,1,1,1,1,0,0,0.653609
1,1,0,1,1,1,1,0,1,1,1,1,1,0,0,0,0,0,1,1,1,1,1,0,0,1,0,1,1,0,1,1,0.517469
1,0,1,1,1,1,0,1,0,0,0,0,1,1,1,1,1,0,0,1,0,0,0,1,1,0,1,0,1,1,0,1,0.566241
1,1,1,1,0,1,0,1,0,1,1,1,1,0,1,0,0,0,0,1,1,1,1,0,1,1,0,1,1,0,1,1,0.592306
1,0,0,1,1,0,0,0,1,1,0,0,1,0,1,1,1,0,0,1,0,1,1,0,0,1,1,1,0,0,1,1,0.596241
1,1,1,1,0,0,1,0,0,0,0,1,0,1,0,0,0,1,1,1,1,1,0,0,0,0,1,1,1,1,1,0,0.690576
1,1,0,0,0,1,0,1,1,1,1,0,1,1,1,1,0,0,0,0,0,0,0,0,1,1,0,0,1,0,1,1,0.648546
0,0,1,0,0,1,1,1,1,1,1,1,1,1,0,0,0,1,0,1,0,0,0,0,0,1,1,1,0,0,1,1,0.622055
0,0,0,1,0,1,1,1,1,1,1,1,1,0,1,1,0,0,0,0,0,0,1,1,0,1,0,1,0,0,0,1,0.688571
0,0,1,0,1,0,0,1,0,1,1,0,0,0,0,0,0,1,0,0,0,0,0,0,1,1,0,1,0,1,0,0,0.642506
0,0,1,0,0,1,0,1,1,0,0,1,1,0,0,1,1,1,0,0,1,1,1,1,1,1,0,1,1,0,0,0,0.600075
1,1,1,1,0,1,1,0,0,0,0,1,1,0,0,0,1,1,1,1,0,0,1,0,0,0,0,0,1,0,1,0,0.653885
0,0,0,0,1,1,1,1,0,0,1,0,1,0,1,0,1,0,0,1,1,0,1,1,1,0,0,1,1,1,1,0,0.558922
0,0,0,0,1,0,1,1,0,0,0,1,1,1,1,1,0,0,1,0,1,1,1,0,1,0,0,1,1,0,0,0,0.572581
0,0,1,0,0,1,0,0,1,0,0,0,0,1,1,0,1,1,1,0,0,1,1,0,1,1,0,1,0,1,0,0,0.637769
0,1,0,1,0,0,1,0,1,1,1,0,1,1,0,1,1,1,1,0,0,1,0,1,0,1,1,1,1,0,0,1,0.587068
1,0,1,1,1,1,1,1,1,0,0,0,0,0,0,0,0,0,1,0,1,0,1,1,1,0,1,1,0,1,1,0,0.630526
0,0,1,0,0,1,1,1,0,0,1,1,0,1,0,0,1,1,1,0,0,1,0,0,1,1,0,0,0,0,0,0,0.647970
1,0,0,1,1,0,1,1,1,1,0,1,0,1,1,0,1,0,1,1,1,1,0,1,1,1,0,0,0,1,0,0,0.595338
1,0,0,1,1,0,0,0,1,1,0,1,1,0,1,0,0,0,0,0,1,1,0,1,1,0,0,1,0,1,1,1,0.636642
0,1,0,1,1,0,1,1,1,1,0,0,1,0,1,0,0,0,0,0,0,1,0,0,1,0,1,1,1,1,1,1,0.610476
0,0,0,0,1,1,0,0,1,1,0,0,0,1,1,1,0,0,1,1,1,0,1,1,1,0,1,1,0,0,1,0,0.608772
0,0,1,0,1,0,1,1,0,1,1,0,0,0,1,1,1,0,1,1,0,1,1,0,0,1,1,0,0,1,0,1,0.583308
0,0,0,1,0,1,1,1,0,0,0,0,1,1,1,1,1,0,1,1,0,0,1,0,0,0,1,0,0,1,0,1,0.688822
1,0,0,0,1,1,1,1,0,0,1,0,0,1,1,0,1,0,1,1,1,1,1,0,1,1,0,0,0,0,1,0,0.602256
0,1,1,0,0,1,1,1,1,0,1,0,1,1,0,1,0,0,0,0,0,0,0,1,0,1,0,0,0,1,1,1,0.621554
1,1,0,0,1,1,1,1,1,0,1,0,0,1,0,1,1,1,0,0,1,0,1,1,1,1,1,1,0,0,0,0,0.595238
1,1,0,0,0,1,1,1,0,0,1,1,0,0,1,0,1,1,0,1,1,0,0,0,1,0,1,0,1,0,0,1,0.599850
1,1,0,1,0,0,1,0,1,0,0,0,1,1,1,0,1,0,1,0,0,1,0,0,0,0,1,0,1,1,1,0,0.630877
1,0,0,0,0,1,1,0,0,0,0,0,1,0,1,0,0,1,0,1,1,0,1,0,0,1,1,0,0,1,1,0,0.631955
0,0,0,0,1,1,1,0,0,0,0,1,0,0,1,0,1,0,0,1,0,1,1,1,1,0,1,0,1,0,0,1,0.580526
0,0,1,1,0,1,1,0,1,0,0,0,0,0,1,0,0,1,0,0,1,1,0,1,1,0,0,0,0,0,1,1,0.628622
1,0,0,1,0,1,1,1,1,1,1,1,0,1,0,0,1,0,0,0,1,1,1,0,0,1,1,0,1,0,0,1,0.618697
1,1,1,0,1,0,0,0,0,0,1,1,0,1,0,1,1,1,0,1,0,0,1,0,0,1,1,0,1,0,1,0,0.605539
0,1,0,1,1,0,1,0,1,0,0,0,1,0,1,1,1,1,1,1,0,0,1,1,1,0,1,1,0,0,0,1,0.610326
0,1,0,1,1,0,1,0,0,1,1,0,0,1,0,0,0,0,1,1,0,1,1,1,1,1,0,1,1,0,1,1,0.557068
1,1,1,1,1,1,1,0,1,1,1,1,0,1,1,1,0,1,1,1,1,0,0,0,1,1,1,0,1,1,1,1,0.494536
0,1,1,0,1,0,1,0,0,0,0,0,0,1,1,1,1,0,0,1,0,0,0,1,1,1,0,1,1,1,1,1,0.551203
0,0,1,0,0,1,1,1,1,0,0,0,0,1,1,0,1,0,0,1,0,0,0,0,0,1,1,0,0,0,1,1,0.636241
0,1,1,0,1,0,0,1,1,1,0,1,1,0,1,1,0,0,0,0,0,0,0,1,0,0,1,1,1,0,0,1,0.613308
1,1,0,0,1,0,0,0,0,1,0,1,0,1,1,1,1,0,0,1,0,0,0,1,1,1,1,0,1,1,0,1,0.612055
0,0,0,1,0,0,1,0,1,0,1,0,0,1,1,0,1,1,0,0,0,1,0,1,1,0,1,0,0,0,1,1,0.629825
0,0,1,1,0,0,0,1,1,1,0,1,0,0,0,1,1,1,0,0,0,1,1,0,0,1,1,0,1,1,1,0,0.669323
0,1,0,0,1,0,1,1,1,0,1,0,1,1,0,1,0,1,0,1,1,0,1,1,0,0,1,0,1,1,1,1,0.543233
0,1,0,1,0,1,0,0,0,1,0,0,0,1,0,1,1,1,0,1,0,0,0,1,0,0,0,0,1,1,0,0,0.715063
0,0,0,1,0,0,0,1,1,1,1,0,0,1,1,1,0,0,0,1,1,1,1,0,0,1,1,1,1,1,1,1,0.637068
1,1,0,1,1,0,1,0,0,0,0,0,1,1,0,0,0,1,1,0,0,1,0,0,0,1,1,1,0,0,0,0,0.621554
1,1,0,0,1,0,1,0,0,1,0,1,0,0,1,1,1,1,0,1,1,1,1,1,0,0,1,0,0,1,1,1,0.572657
0,1,1,1,0,0,0,0,0,1,0,0,0,0,1,1,1,1,0,1,1,0,0,1,0,0,0,1,1,1,1,0,0.648396
1,1,0,0,1,1,1,1,0,0,1,0,1,0,1,0,1,1,0,0,0,1,1,1,1,0,1,0,1,1,0,0,0.573459
1,0,1,0,1,0,1,1,1,1,0,0,0,0,0,0,1,1,1,1,0,0,0,1,0,1,0,1,1,0,0,1,0.592757
1,1,1,1,0,0,1,1,1,1,0,1,0,0,1,0,1,0,1,1,1,0,1,0,0,1,1,0,1,1,1,1,0.601454
0,1,1,0,1,0,0,0,1,0,0,1,1,0,0,1,1,0,0,0,1,0,1,0,0,1,0,0,0,1,1,0,0.618546
0,0,0,1,1,0,0,1,0,1,0,1,1,0,1,1,1,1,1,1,1,0,1,1,1,0,0,1,1,0,1,0,0.563759
1,1,1,1,1,0,1,1,0,0,0,1,1,1,1,0,1,0,0,0,0,1,1,0,1,1,0,1,0,1,0,1,0.590602
1,1,1,0,0,1,1,1,1,0,0,1,0,1,1,0,1,0,1,1,1,0,0,1,1,1,0,0,0,1,1,0,0.610877
0,0,1,1,1,1,0,1,1,1,0,1,1,0,1,0,1,0,0,0,0,0,0,0,0,1,1,0,1,0,0,1,0.616667
0,1,1,0,0,1,1,0,0,0,1,0,0,1,0,0,1,1,0,0,1,0,1,0,0,0,1,1,1,1,0,0,0.633183
0,1,0,1,1,1,1,0,1,0,0,1,1,0,0,1,0,1,1,1,1,1,1,1,0,1,0,1,0,0,0,1,0.573784
0,1,1,1,1,0,1,1,0,0,1,0,1,0,0,0,0,0,1,0,0,0,0,1,0,1,1,0,1,0,1,1,0.615714
0,0,1,1,1,1,1,1,0,0,1,1,1,1,1,1,1,0,0,1,0,1,1,0,0,0,0,1,1,1,0,1,0.552005
0,0,0,1,0,1,0,1,1,1,1,1,0,0,1,1,1,1,1,0,1,1,0,1,1,1,0,0,0,1,0,0,0.626792
0,1,0,1,0,1,0,1,1,1,1,0,1,0,1,1,0,0,1,0,1,1,0,1,0,0,1,1,0,0,0,0,0.613835
1,1,1,0,0,1,0,0,1,1,0,0,1,0,1,0,1,1,0,0,1,0,1,1,1,0,0,0,1,0,1,0,0.652356
1,1,1,1,0,0,0,1,1,0,0,1,1,0,0,1,0,1,1,1,0,1,1,1,0,0,1,0,0,0,0,1,0.661629
1,1,0,1,1,0,1,1,1,1,1,0,0,1,1,1,1,0,0,0,0,1,1,1,0,0,1,0,0,0,1,0,0.563910
0,1,1,1,1,0,1,1,1,1,0,0,0,0,1,1,0,1,1,0,1,0,1,0,1,1,1,0,1,1,1,1,0.476516
0,0,1,0,0,1,1,1,1,1,1,0,0,0,1,0,1,1,0,0,0,1,0,1,0,1,0,1,0,1,1,0,0.646842
0,1,0,0,0,1,0,1,1,1,1,1,1,1,1,1,1,0,1,0,0,0,1,0,0,0,0,0,1,1,1,1,0.556366
1,1,1,0,0,1,0,1,0,0,1,0,1,1,0,0,1,1,0,0,1,1,1,0,1,0,1,1,1,0,1,0,0.607669
0,0,0,1,1,0,1,1,0,0,0,0,1,1,0,1,0,1,0,0,0,0,0,0,1,1,1,1,0,1,1,1,0.566667
0,1,0,0,1,0,0,0,0,1,0,0,1,1,1,0,1,0,1,0,0,0,1,1,0,1,1,1,0,1,0,0,0.632231
1,0,0,0,1,0,1,0,1,0,1,0,1,0,1,1,1,1,0,0,0,0,0,0,1,0,1,0,0,0,1,1,0.632306
1,1,0,0,0,0,1,0,1,1,1,0,0,1,1,1,1,0,1,0,0,1,0,1,1,1,0,0,1,1,1,0,0.627218
0,0,0,1,0,0,0,1,1,1,1,0,0,1,1,0,0,1,1,0,1,0,1,0,1,1,0,0,0,1,1,0,0.620025
1,1,0,0,1,0,1,1,0,1,0,0,0,0,1,0,1,0,1,1,1,0,1,0,0,1,1,1,1,1,0,1,0.581880
0,0,1,0,1,1,1,1,1,1,0,1,1,0,1,1,0,1,1,1,0,1,1,1,1,1,1,0,1,1,1,1,0.428772
1,0,0,0,0,0,1,1,1,0,1,0,1,1,0,0,1,1,1,1,0,1,0,0,1,1,0,0,0,1,0,1,0.609073
0,1,0,0,1,1,0,1,0,0,0,0,1,0,0,1,0,1,0,1,0,0,1,0,1,0,0,0,1,0,1,0,0.626566
0,0,0,1,1,0,1,1,0,0,1,0,0,1,1,0,0,0,0,1,0,0,1,0,1,1,1,1,1,1,0,1,0.594586
0,1,0,0,0,0,0,0,1,0,1,1,1,1,0,0,0,0,1,1,1,0,1,0,0,1,1,0,0,1,0,1,0.637043
0,1,1,0,0,1,1,0,0,0,0,1,0,1,0,1,0,1,0,0,1,0,0,1,1,0,1,1,1,1,1,1,0.600952
1,1,0,0,0,0,1,1,0,1,1,1,0,1,0,0,0,0,1,0,1,0,1,0,0,1,1,1,0,1,0,0,0.615865
1,0,0,1,0,0,0,1,1,1,1,1,1,1,0,0,1,0,0,0,1,1,1,0,0,1,0,0,1,0,1,0,0.637920
0,1,1,0,0,0,1,1,1,1,0,0,1,1,1,1,0,1,0,1,1,0,1,1,1,1,1,1,1,0,1,1,0.540902
0,1,0,0,1,1,1,0,0,0,1,1,1,1,1,0,0,1,1,1,1,0,0,0,1,0,0,1,1,1,0,1,0.597243
1,0,1,1,1,0,1,1,0,1,1,0,1,0,0,1,0,0,1,1,0,0,0,0,0,0,1,1,0,1,0,1,0.603083
1,0,0,0,1,1,0,0,0,0,0,1,0,0,1,1,0,0,1,0,0,0,1,1,0,0,1,0,1,1,1,0,0.656516
0,1,0,0,1,0,1,0,0,1,1,0,1,1,1,0,1,0,0,0,0,0,1,0,1,1,0,1,0,0,0,0,0.624511
0,1,0,1,0,1,1,1,1,1,1,1,0,1,0,1,0,0,0,1,0,0,1,0,0,1,0,1,1,0,1,0,0.666617
1,1,1,0,0,0,1,1,1,1,0,1,0,0,0,1,0,1,0,0,0,0,1,1,0,0,1,1,1,0,0,1,0.636241
0,0,1,1,0,1,0,0,0,0,1,0,1,0,0,1,1,0,1,1,1,1,1,0,0,0,0,1,0,0,0,1,0.706992
0,0,0,0,1,1,0,1,1,0,1,1,0,1,1,1,1,1,1,0,1,1,0,0,0,1,0,0,1,1,1,0,0.589925
1,0,0,1,0,0,1,1,1,0,0,1,0,1,1,0,1,1,0,1,0,1,1,0,0,0,1,0,0,0,1,0,0.622105
0,1,0,0,0,1,0,0,0,0,0,0,0,1,1,1,0,0,1,1,0,1,0,1,0,1,1,0,0,1,0,1,0.666140
0,1,0,1,1,0,1,0,0,0,1,0,0,1,1,0,0,0,1,0,0,0,0,1,0,0,1,1,1,1,0,0,0.637569
1,1,0,0,0,0,1,0,1,1,1,1,0,1,1,0,0,1,0,0,1,0,0,1,1,1,1,0,0,1,0,1,0.709950
0,0,1,0,1,0,1,1,0,1,1,1,1,1,0,0,0,0,1,0,0,1,0,1,1,1,0,1,1,1,1,1,0.526917
1,0,1,0,0,0,1,1,1,0,0,1,1,1,0,0,0,1,1,0,1,1,1,1,1,0,0,1,1,0,0,1,0.608396
1,1,0,1,1,1,1,0,0,0,1,0,0,1,0,1,0,1,0,0,1,0,1,0,0,0,0,0,0,0,1,1,0.595063
1,0,0,0,0,1,0,0,1,1,1,1,0,0,0,0,0,0,1,0,1,1,0,0,0,1,0,1,1,1,0,1,0.645840
0,0,0,0,0,0,1,1,1,1,0,0,1,0,0,0,1,1,0,0,0,0,1,1,0,0,1,1,1,0,1,0,0.665388
1,1,0,1,1,0,0,1,1,1,0,1,0,0,0,0,0,1,0,1,1,0,0,1,1,0,1,1,1,1,0,1,0.648672
0,1,1,1,1,1,1,1,1,0,1,1,1,0,1,1,0,1,0,0,0,0,0,0,1,1,0,1,1,0,1,0,0.582306
0,0,0,1,0,1,1,0,1,0,0,1,0,0,1,1,1,0,1,1,1,1,1,1,0,1,0,0,0,0,0,0,0.643033
1,1,0,0,1,0,1,1,0,0,0,1,0,1,1,1,0,1,0,1,0,1,1,1,0,1,1,0,0,0,0,0,0.605263
0,1,0,1,1,0,0,1,0,1,1,1,0,1,0,1,0,0,1,1,1,0,0,1,0,0,1,1,1,0,1,1,0.540301
0,1,0,0,1,0,1,1,0,1,0,0,1,1,1,0,0,0,1,1,0,1,0,0,1,0,1,0,0,0,1,1,0.613008
1,0,0,1,0,0,0,0,0,0,0,0,0,0,0,1,1,1,1,0,0,1,0,1,0,0,1,1,1,0,0,0,0.656867
1,1,0,0,1,0,1,0,1,1,1,1,1,1,0,0,1,0,1,1,1,0,0,0,0,0,1,0,0,1,0,1,0.599925
0,1,1,1,1,0,1,1,0,0,1,1,0,1,1,0,0,1,1,1,0,1,1,0,0,0,1,1,0,0,1,1,0.647945
1,0,1,0,0,0,0,0,0,0,0,0,0,1,0,0,1,1,1,1,1,1,1,1,0,1,1,1,0,0,1,0,0.658471
0,0,0,1,1,0,1,0,1,0,0,1,1,0,1,0,1,0,1,1,0,0,0,0,1,0,1,0,1,0,0,1,0.625915
0,1,0,0,0,1,0,1,0,0,1,1,1,0,0,0,1,1,0,1,0,1,0,0,0,1,1,0,0,1,0,1,0.636165
1,0,0,1,1,1,0,1,1,1,0,1,0,0,1,0,0,1,0,1,1,1,0,0,1,1,1,1,0,0,1,1,0.656391
0,0,1,1,1,1,0,1,1,0,0,1,1,1,0,0,0,0,0,0,0,0,1,0,0,1,1,1,0,0,1,0,0.612982
0,0,0,0,1,0,0,0,0,1,0,1,1,1,0,0,1,1,0,1,0,0,1,1,0,1,1,0,0,0,1,1,0.631729
0,1,1,1,0,0,1,1,0,0,1,0,0,0,0,0,0,1,0,0,0,0,0,1,0,1,1,1,1,1,0,0,0.641504
1,1,0,0,0,1,0,1,1,0,1,0,0,1,0,1,1,0,1,0,1,0,0,1,0,1,1,0,0,0,0,1,0.617769
1,1,0,0,0,1,1,1,1,1,1,0,0,1,0,0,1,1,0,1,0,0,0,0,1,0,1,1,0,0,0,0,0.644411
0,0,0,1,1,0,1,0,1,0,0,0,0,0,1,0,1,1,1,1,1,0,0,0,0,1,0,0,1,1,1,1,0.624185
0,1,0,0,0,1,1,1,0,0,0,0,1,0,1,1,1,0,1,1,1,0,1,0,0,1,1,0,1,0,1,1,0.584511
1,0,0,0,1,0,0,0,1,1,1,0,0,0,0,0,1,0,1,0,0,1,0,0,1,1,0,1,0,0,0,1,0.651028
1,1,1,1,0,0,1,0,0,1,0,1,0,1,0,0,1,0,0,0,0,0,0,1,1,1,1,0,1,0,0,1,0.643559
0,0,1,1,0,0,0,1,1,1,1,1,0,0,1,1,0,1,0,0,0,0,1,1,0,1,1,0,1,0,1,1,0.615063
1,0,1,1,0,1,0,0,1,1,0,1,0,1,1,1,0,0,1,0,0,0,1,0,1,0,1,1,1,0,0,0,0.599925
1,0,0,1,1,1,0,0,1,1,1,1,1,1,0,0,0,0,1,1,1,1,1,0,1,0,1,1,1,0,1,0,0.592782
1,1,0,0,1,0,1,0,1,0,0,1,1,0,0,1,1,1,1,1,0,0,0,1,1,0,0,1,0,1,0,1,0.615915
1,1,0,1,0,0,0,1,0,0,1,1,0,1,1,1,1,0,0,0,1,0,1,1,0,1,1,1,1,1,0,1,0.550351
0,0,0,1,1,1,0,0,0,0,0,0,1,0,0,0,0,0,1,1,1,0,1,1,1,1,1,1,1,1,1,1,0.580000
1,1,0,1,1,0,0,1,1,1,1,1,0,1,1,0,1,0,0,1,1,1,0,0,0,0,0,1,0,0,1,0,0.603258
1,1,0,1,0,0,0,1,0,1,1,1,0,0,1,0,1,1,0,0,1,0,1,0,0,0,0,0,0,1,0,1,0.669273
1,0,0,0,1,0,0,0,1,0,1,1,1,0,0,0,0,1,0,1,0,1,0,1,0,0,1,0,0,0,0,1,0.636667
0,0,0,1,0,1,1,1,1,0,1,0,0,1,0,1,1,0,0,1,1,1,1,0,1,0,0,1,0,0,0,1,0.618947
0,0,0,0,0,1,0,0,1,0,1,1,0,1,0,1,1,0,0,1,1,1,1,1,1,0,1,1,0,0,0,0,0.653659
0,1,0,0,1,1,1,1,1,0,0,1,0,0,0,1,1,1,1,1,1,0,0,1,1,1,1,0,1,0,1,1,0.546742
1,1,1,0,0,1,1,0,1,1,0,1,0,1,0,0,1,1,1,1,1,0,1,0,1,0,0,1,0,1,0,1,0.598145
0,1,1,0,0,1,0,0,1,1,0,0,0,1,0,0,1,1,0,0,0,1,1,1,0,0,0,0,0,1,0,1,0.748647
1,1,1,1,0,0,0,1,1,0,1,1,0,0,0,0,1,0,0,0,1,0,1,0,1,0,1,0,0,1,0,0,0.610952
1,0,0,0,0,0,0,0,0,0,0,1,0,1,1,0,0,0,0,0,0,1,1,0,1,0,1,1,1,0,1,1,0.615915
1,0,1,1,1,1,1,1,1,0,0,0,1,1,1,0,1,0,0,1,1,1,1,1,1,0,0,1,1,0,1,1,0.529298
1,0,1,1,0,1,0,0,0,1,1,0,1,1,1,1,0,0,1,0,0,1,0,1,1,0,1,1,1,1,0,0,0.593835
1,1,1,1,1,1,0,0,0,0,0,0,0,0,0,0,1,1,1,1,0,1,0,1,0,0,0,0,1,1,1,0,0.613308
1,1,1,0,1,1,0,1,0,1,1,0,1,1,1,0,1,0,0,1,1,0,0,1,1,0,0,1,0,0,0,1,0.596366
0,1,0,0,0,1,0,0,0,1,0,0,0,1,0,1,1,1,0,0,0,0,1,0,0,0,1,0,1,1,1,0,0.736441
0,0,0,0,0,0,0,1,0,1,0,1,1,1,0,0,0,1,0,0,1,0,1,0,1,0,1,1,0,1,1,0,0.692932
0,0,0,0,1,0,0,0,1,0,0,0,1,0,0,1,1,0,1,0,0,0,0,0,1,1,0,1,1,0,0,1,0.659273
0,1,1,0,0,1,1,0,0,0,0,0,1,0,1,1,0,0,1,1,1,0,0,1,1,1,0,0,1,1,0,0,0.623158
0,1,0,0,1,1,0,1,1,1,0,1,1,0,1,0,1,0,0,1,0,0,0,0,0,0,0,1,1,0,0,1,0.634862
0,1,1,0,0,1,0,1,0,0,0,0,1,0,0,0,1,1,1,0,0,1,0,0,1,0,0,0,0,1,0,1,0.649398
1,1,0,0,0,1,0,1,0,1,1,0,1,0,1,0,1,1,1,1,0,1,1,0,1,1,1,1,0,0,1,1,0.583709
0,0,1,0,1,1,0,1,0,1,0,1,0,0,0,0,0,1,0,0,0,1,1,1,0,0,0,1,1,0,0,0,0.640050
0,0,1,1,0,1,1,0,1,1,0,1,0,1,1,1,1,1,0,0,1,1,1,0,0,1,0,0,0,1,1,0,0.612356
0,1,1,1,0,1,1,1,1,0,1,0,0,1,0,1,0,0,1,1,0,1,1,1,1,0,1,1,1,0,0,0,0.665414
1,0,1,0,1,0,1,0,1,0,1,1,0,1,1,1,0,1,0,1,1,0,1,1,1,0,0,0,1,1,0,0,0.580075
1,0,0,0,1,0,1,0,1,0,0,1,0,0,0,1,1,1,0,0,0,0,1,1,0,1,1,0,1,0,0,0,0.620727
0,1,0,0,1,1,0,1,1,0,1,0,1,0,1,1,0,0,1,1,0,0,0,0,0,0,1,1,1,0,0,1,0.610902
1,0,0,0,1,0,0,0,1,1,0,0,0,0,1,0,0,0,0,1,1,1,1,0,0,1,1,0,1,1,1,0,0.629799
0,0,0,0,0,0,1,1,1,1,1,0,0,0,0,1,0,1,0,0,1,1,1,1,0,1,0,1,0,0,1,0,0.690351
0,0,0,0,0,1,0,0,0,1,0,0,0,1,0,1,1,1,0,1,1,1,0,0,0,0,0,0,0,1,0,0,0.681053
1,1,0,0,1,0,0,1,1,0,1,1,0,0,0,1,1,0,0,1,0,0,1,1,0,1,1,0,0,1,1,0,0.611303
0,1,0,0,0,0,0,0,0,1,0,0,0,0,1,1,1,0,1,0,0,0,1,1,0,0,1,1,1,0,1,0,0.648872
1,0,0,0,1,1,0,0,1,1,0,0,0,1,1,0,1,1,0,0,0,0,0,0,1,0,0,1,1,0,0,0,0.644812
0,1,0,0,1,0,0,0,0,0,0,0,1,1,1,1,1,0,1,1,1,0,0,0,0,0,0,0,1,1,1,1,0.625589
1,1,1,1,1,0,0,1,0,1,0,0,0,1,1,0,1,1,0,1,0,0,0,1,1,0,1,0,0,0,0,1,0.600401
0,1,0,0,1,0,1,0,0,0,0,0,1,1,0,0,0,0,0,0,0,0,1,1,1,0,0,0,0,0,1,1,0.613885
0,1,0,1,0,1,0,0,1,1,1,0,1,1,1,1,1,1,1,0,1,0,0,0,0,0,0,1,0,0,0,1,0.608972
0,1,0,0,0,0,0,0,1,0,1,1,1,1,1,0,0,1,1,1,0,1,1,1,0,0,1,1,0,0,1,1,0.636992
0,1,0,1,0,1,1,1,0,0,1,1,1,1,1,0,1,1,0,0,0,0,1,0,1,0,1,1,0,0,1,0,0.606140
1,0,1,1,0,1,1,0,0,1,0,0,1,1,0,0,1,0,0,0,0,1,0,0,1,0,0,1,1,0,0,0,0.640251
0,0,1,1,1,1,0,0,0,0,0,0,1,1,0,1,1,1,0,0,1,1,0,1,1,1,0,0,1,0,0,0,0.577093
1,0,1,1,0,1,1,1,1,1,1,0,1,1,1,1,0,1,1,0,0,1,0,1,1,0,0,1,1,1,0,1,0.544411
0,1,1,1,0,0,0,1,1,0,1,1,1,1,1,1,0,0,0,0,1,0,0,0,0,0,0,0,1,0,0,1,0.598797
0,1,1,1,0,1,1,1,1,1,1,0,1,0,1,1,1,1,1,0,0,1,0,1,0,0,0,1,0,0,0,1,0.599900
0,0,0,1,1,1,0,1,0,1,0,0,0,0,0,0,1,1,1,1,0,0,1,1,0,0,0,0,1,1,1,0,0.620952
0,1,0,0,1,1,0,1,0,1,0,1,0,1,1,1,0,1,0,0,0,0,1,1,1,0,1,1,0,0,0,0,0.623734
1,0,0,0,1,0,0,0,1,1,0,0,1,1,0,1,0,0,0,0,1,0,1,1,1,1,1,0,1,0,1,1,0.625263
0,1,1,0,1,0,1,1,1,0,1,0,0,0,0,0,1,1,0,0,0,0,0,0,1,1,1,0,1,1,0,1,0.602707
0,1,1,1,0,0,0,1,1,1,1,1,1,1,1,0,1,1,0,1,1,0,0,1,1,1,0,0,0,0,0,1,0.644336
1,0,1,0,0,1,1,1,0,0,0,1,0,0,0,0,1,1,1,0,1,0,1,0,1,0,1,0,0,1,0,1,0.699048
0,1,0,1,0,1,0,0,0,0,0,1,0,1,0,0,1,1,0,1,0,0,0,0,1,1,0,0,0,1,0,1,0.661554
1,0,0,0,1,0,0,0,0,0,0,1,1,1,0,1,1,0,1,0,0,1,1,1,1,0,1,1,1,1,1,1,0.560376
1,1,0,1,0,0,1,1,0,1,1,1,1,0,0,1,1,1,1,0,1,0,1,1,0,0,0,1,1,1,0,0,0.586692
0,1,1,0,1,0,1,1,1,0,0,1,1,0,1,1,1,1,1,0,0,1,0,0,0,1,1,0,0,1,1,0,0.591679
0,0,0,0,0,0,1,1,0,0,0,1,1,0,0,0,1,0,1,0,1,1,1,1,1,1,0,1,0,0,0,1,0.662356
1,1,0,0,1,0,0,0,1,0,1,0,1,1,0,0,1,0,1,0,0,0,1,0,1,0,0,0,0,1,0,0,0.654862
0,0,1,1,1,0,0,0,1,1,1,0,0,0,1,1,1,0,1,1,1,1,0,1,1,0,0,0,0,1,1,1,0.561955
1,0,1,0,0,0,1,0,1,0,1,1,0,0,1,1,0,0,0,0,0,1,1,0,1,0,1,0,1,1,1,1,0.589023
0,1,0,1,1,1,1,0,0,0,0,0,1,1,0,1,0,0,1,0,0,1,1,0,1,1,0,1,0,0,1,1,0.601729
0,0,1,0,1,0,1,1,1,0,1,0,1,0,0,1,1,1,1,1,0,1,0,1,0,1,0,0,1,0,0,1,0.593108
0,0,0,0,1,0,1,0,0,1,1,1,0,0,1,1,0,1,1,0,0,1,0,1,0,0,0,1,0,0,1,1,0.610351
1,1,0,0,0,0,1,1,1,1,1,0,0,1,0,0,0,0,0,1,0,0,0,0,1,0,0,1,0,1,0,1,0.667318
1,1,1,1,0,1,1,0,1,1,0,0,1,0,1,1,1,0,0,1,0,0,1,1,0,0,1,1,1,0,0,0,0.611679
1,1,1,1,0,1,0,0,0,1,1,1,1,1,0,0,1,0,1,1,1,1,1,0,0,1,1,0,0,0,0,1,0.599900
1,1,1,1,1,0,0,0,1,0,0,0,1,1,1,1,0,0,1,0,1,0,1,1,1,1,0,1,1,1,1,0,0.587544
0,1,0,1,1,0,0,0,0,0,0,0,1,1,0,1,0,0,1,1,0,1,1,1,1,0,1,1,1,1,1,0,0.588697
0,1,1,0,1,1,1,1,1,1,1,0,0,0,1,1,0,0,0,1,0,1,1,1,1,1,0,1,0,0,1,1,0.562882
1,0,0,1,1,1,0,1,1,1,1,0,1,1,0,1,1,1,1,0,0,0,1,0,1,1,1,1,0,0,0,1,0.578421
0,1,0,1,1,0,0,1,0,0,1,0,0,0,1,1,0,1,1,0,1,1,0,0,1,1,0,0,1,1,0,1,0.596316
1,1,0,1,0,1,1,0,0,0,0,1,0,0,0,0,0,1,1,0,1,1,0,0,1,0,0,0,0,0,1,1,0.643459
0,1,1,1,1,1,0,1,1,0,1,0,1,0,0,0,1,1,1,1,1,0,1,1,1,1,0,1,0,1,0,0,0.576642
0,0,1,1,1,1,1,0,1,1,1,0,1,1,1,0,1,1,0,1,0,1,0,0,1,0,0,0,0,1,0,0,0.628371
0,0,1,1,0,1,0,0,0,1,1,1,1,1,0,0,0,0,0,1,1,1,1,0,1,1,1,1,0,0,0,1,0.670100
0,0,1,0,1,0,0,0,0,0,0,0,0,0,1,0,0,1,1,0,1,1,1,0,1,0,1,0,1,1,1,0,0.665689
0,1,0,1,0,1,1,1,1,0,1,0,0,1,1,0,0,1,1,1,0,1,1,1,1,1,1,1,1,1,0,1,0.548897
0,1,0,1,0,1,1,0,0,1,0,0,1,0,0,1,1,1,0,1,0,0,0,1,1,1,1,0,1,0,1,1,0.615940
0,1,1,0,1,0,1,0,0,0,1,1,0,1,0,0,1,1,1,1,0,0,0,0,1,0,1,0,1,0,0,0,0.614912
0,1,1,1,1,1,0,1,0,0,1,1,1,0,1,0,0,0,0,0,0,0,1,0,1,1,1,0,0,0,0,0,0.604586
1,0,0,1,1,0,0,0,1,0,0,1,0,0,1,1,0,1,0,1,0,1,0,1,1,0,0,0,0,0,1,1,0.623885
0,0,0,0,1,1,1,0,1,1,0,1,0,0,1,0,1,0,0,1,1,0,1,1,1,0,0,0,0,0,0,0,0.613534
1,0,0,1,1,0,1,1,0,0,0,1,0,1,0,1,0,1,0,0,1,0,0,1,0,0,0,0,1,1,1,0,0.581679
1,0,0,1,0,0,1,1,1,1,0,1,0,0,0,0,1,1,1,1,1,0,0,1,1,0,0,0,0,1,1,1,0.606917
1,0,1,1,0,1,0,1,0,1,1,1,1,0,1,1,0,0,0,1,0,0,1,1,1,1,0,1,1,0,0,1,0.597995
0,0,1,0,0,1,0,0,1,1,0,0,0,0,0,0,0,0,1,1,0,1,1,1,1,1,0,0,0,1,1,1,0.637544
1,1,1,1,1,0,0,0,0,1,0,0,0,0,0,0,0,0,0,1,1,1,1,0,0,0,1,0,0,1,1,1,0.613960
1,0,1,0,1,1,0,0,0,1,1,0,1,0,0,1,0,1,1,1,0,1,1,1,1,1,0,0,0,0,1,0,0.608045
0,1,0,1,0,0,0,1,0,0,0,1,0,1,0,0,1,0,1,1,1,0,0,1,1,1,0,1,0,0,1,0,0.651178
1,1,0,0,1,0,0,1,0,0,0,1,1,0,1,0,1,1,0,0,0,1,0,0,1,0,1,1,1,1,1,1,0.601554
0,0,0,1,1,0,1,0,1,0,1,1,0,0,0,0,1,0,0,1,1,1,1,1,1,0,0,1,0,1,0,0,0.626717
1,0,1,1,1,0,0,0,0,0,0,0,1,0,0,0,0,0,1,0,1,0,1,1,1,1,1,0,0,1,1,1,0.628496
0,0,1,0,1,1,1,0,0,0,1,0,1,0,1,0,0,1,0,0,0,0,1,1,1,0,1,0,0,0,1,0,0.587970
1,1,1,0,1,0,0,1,1,0,0,1,1,0,0,0,1,1,1,1,0,0,0,0,0,1,0,1,1,0,1,0,0.618571
1,0,0,1,1,0,1,1,0,0,1,1,1,1,0,0,1,1,1,0,1,0,0,1,1,0,1,1,0,1,0,0,0.591228
1,1,1,0,0,1,0,0,1,0,1,0,0,1,0,1,1,0,0,1,0,0,1,1,0,1,0,0,1,0,1,0,0.610627
0,0,1,1,0,0,1,1,0,1,1,1,0,0,0,0,1,0,0,0,0,1,1,1,0,1,1,1,0,0,0,0,0.645890
1,1,0,0,1,0,1,1,0,0,0,1,1,1,0,0,0,0,0,1,1,1,1,0,0,0,0,1,0,1,0,0,0.593008
1,0,0,0,0,0,1,0,1,0,0,1,0,0,1,1,1,0,0,1,1,1,0,0,1,1,1,1,1,0,0,0,0.622882
0,0,0,0,1,0,0,0,1,1,1,0,0,0,0,0,1,1,1,0,0,0,0,0,0,1,1,0,1,1,1,0,0.647970
1,1,0,0,1,0,0,0,0,1,0,0,1,1,1,0,1,0,1,1,0,1,1,1,0,1,1,0,1,1,0,0,0.593835
0,0,1,1,0,1,1,1,1,1,1,1,1,1,1,0,0,1,0,1,0,0,1,0,0,0,1,0,0,1,1,1,0.600000
0,0,0,1,0,0,0,1,1,1,0,0,1,1,1,1,1,0,0,1,1,1,0,1,1,1,1,0,0,0,1,0,0.627870
1,1,1,0,0,1,1,0,0,1,1,0,1,1,1,1,1,1,0,1,1,0,0,0,1,0,0,0,0,0,0,0,0.629048
1,0,1,0,1,1,1,1,0,1,0,0,1,1,1,1,0,0,1,1,0,1,0,0,1,0,0,0,0,1,1,0,0.569549
1,0,0,0,0,1,0,0,0,1,0,1,1,1,0,1,0,1,0,1,0,0,0,0,0,0,0,0,1,1,0,0,0.690977
1,0,0,0,1,0,0,0,1,1,0,0,1,1,0,1,0,0,0,1,1,0,1,1,1,0,0,1,1,0,0,0,0.629073
1,1,1,1,1,1,1,0,0,0,1,1,0,1,0,1,0,0,0,1,1,1,1,1,1,0,0,1,1,1,0,0,0.585288
1,0,1,1,0,1,0,1,1,0,0,1,1,0,1,0,1,0,1,0,0,0,1,1,0,0,0,1,1,1,0,0,0.635263
0,0,0,0,0,0,0,1,1,1,1,0,1,0,1,1,1,0,0,0,0,0,1,0,0,0,0,0,1,0,0,0,0.656516
1,1,0,0,0,0,0,0,1,0,1,0,1,1,0,1,0,0,1,1,0,1,0,1,0,1,1,0,0,0,1,0,0.625589
0,1,0,1,0,1,1,1,1,1,0,1,1,0,0,0,1,0,0,0,0,0,0,0,1,0,1,0,1,1,1,1,0.639223
1,0,1,0,0,1,0,1,0,1,0,0,0,1,0,0,0,0,1,1,0,0,1,0,0,0,1,0,1,0,0,0,0.636316
0,1,0,0,1,1,1,0,0,0,0,0,0,0,0,0,0,0,0,1,1,0,0,1,1,0,1,0,0,0,0,0,0.561679
0,1,0,0,0,1,0,1,1,0,0,1,0,0,0,0,0,0,0,0,1,0,1,1,1,1,0,1,1,0,0,1,0.661604
1,1,0,1,1,1,0,0,0,0,0,1,0,0,1,0,0,0,1,0,0,0,0,1,0,0,1,1,1,0,1,1,0.663935
0,0,1,1,0,0,0,1,1,1,0,0,0,0,0,1,0,1,1,1,1,1,0,0,1,0,0,1,0,0,1,1,0.631704
1,0,0,0,1,0,1,0,1,0,1,0,1,0,0,1,1,0,0,0,0,1,1,1,0,0,1,1,0,1,1,1,0.591504
0,0,0,1,1,1,0,0,1,1,1,0,1,1,0,0,1,0,1,1,1,0,0,1,1,1,1,1,1,0,1,1,0.552030
0,0,0,0,1,0,0,0,0,1,0,0,0,0,0,1,1,1,1,0,0,1,1,0,1,1,0,1,0,1,0,1,0.616642
1,1,1,0,0,0,1,1,0,0,1,0,0,1,1,0,1,0,1,1,1,1,1,0,0,0,1,1,1,0,0,0,0.707419
1,1,1,1,0,0,0,1,0,0,0,0,1,1,0,0,0,1,1,1,1,1,0,0,1,0,0,1,1,1,1,0,0.613734
1,0,0,0,0,1,1,1,0,0,0,0,1,1,1,1,0,0,0,1,0,1,1,0,1,0,0,0,0,1,1,0,0.602356
1,1,1,1,1,1,0,0,1,1,0,0,1,1,1,0,1,1,0,1,1,0,1,1,1,1,1,0,1,1,0,1,0.566090
1,0,1,0,0,1,1,0,1,0,0,1,1,0,1,0,1,1,0,0,0,1,0,1,0,1,0,0,0,1,0,0,0.621604
1,0,1,1,1,0,0,0,1,0,1,0,1,0,0,0,0,1,1,0,1,0,0,0,0,1,0,1,1,1,0,0,0.622607
1,1,1,1,0,1,1,1,0,1,1,1,0,1,0,0,0,0,1,0,0,0,1,1,0,0,0,1,1,1,0,1,0.596892
1,0,1,0,1,0,0,1,0,1,0,0,1,0,1,0,0,1,0,0,1,1,0,0,0,0,1,0,0,0,0,1,0.617293
1,1,1,0,0,1,1,0,0,0,0,1,0,1,0,0,0,1,0,0,1,1,1,1,0,1,1,1,1,0,0,1,0.595764
1,1,0,1,0,0,1,0,1,1,1,1,0,1,0,0,1,1,0,0,0,0,1,0,0,1,1,0,0,0,0,0,0.744110
1,1,1,1,0,0,1,0,0,1,0,0,1,0,1,1,0,0,1,0,0,0,1,1,0,1,0,1,0,0,1,0,0.615188
1,1,1,1,1,0,0,0,0,0,1,0,1,1,1,0,1,0,0,1,0,0,0,1,1,0,0,0,1,1,0,0,0.620551
1,1,0,1,1,0,0,1,1,1,1,1,0,0,1,1,0,0,1,0,1,0,1,0,0,1,0,0,0,1,0,1,0.597268
1,1,1,0,1,0,0,0,1,0,0,0,1,0,1,1,0,0,0,1,1,1,0,1,0,0,1,1,0,1,1,1,0.596391
0,1,0,1,0,1,1,1,0,0,1,0,0,1,1,1,0,1,1,0,1,0,0,1,0,1,1,1,1,1,0,0,0.606416
1,1,1,1,0,1,0,0,0,1,1,0,0,0,1,0,1,1,1,1,1,0,1,0,0,1,0,1,0,0,1,1,0.624662
0,1,0,1,1,0,0,1,0,1,0,0,0,0,0,0,0,1,0,0,1,1,1,0,0,0,1,1,0,0,0,0,0.634612
0,1,1,1,0,1,1,0,1,0,0,0,0,1,0,0,1,1,1,1,1,1,0,1,1,1,0,0,0,1,0,0,0.592857
1,1,1,1,0,0,1,1,0,0,1,0,1,0,0,1,0,0,0,1,0,0,1,0,0,1,1,0,0,1,1,1,0.569424
0,0,0,0,0,1,1,1,0,0,0,0,0,0,1,0,0,1,1,1,0,1,1,1,1,0,1,1,0,0,1,1,0.691103
1,0,0,0,1,0,0,1,1,1,0,1,1,0,0,1,1,0,1,0,0,0,0,1,1,0,0,0,1,0,0,0,0.650551
0,1,1,0,0,0,1,1,0,1,1,1,0,0,0,0,0,0,0,1,1,0,0,0,0,0,0,1,1,1,1,1,0.639574
0,0,0,0,1,0,0,1,0,1,0,1,1,0,0,1,1,0,1,0,1,0,0,0,0,1,1,0,0,0,1,1,0.609574
1,1,1,1,1,1,1,1,0,1,0,0,0,1,1,1,0,0,0,1,1,0,1,1,0,1,0,0,1,0,1,1,0.489323
1,0,1,0,0,1,1,0,0,0,1,0,0,1,0,0,0,0,0,0,1,1,0,1,0,0,0,1,0,1,0,0,0.623784
0,1,0,0,1,1,1,1,1,1,0,0,1,1,0,0,1,0,1,1,0,1,0,1,1,1,0,0,1,1,1,1,0.535840
0,0,0,1,0,0,0,1,1,0,0,0,0,1,1,1,0,0,1,1,0,0,0,1,1,0,0,0,0,1,0,0,0.682932
1,1,1,0,0,0,0,1,0,1,1,0,0,0,0,0,1,1,1,1,0,1,0,0,0,1,0,1,1,1,0,1,0.631855
0,0,1,1,1,1,1,0,0,1,1,0,1,0,0,1,1,0,1,1,1,1,0,1,0,1,0,1,0,0,1,0,0.600426
0,0,0,0,0,0,0,0,1,1,0,0,0,1,0,1,0,1,0,1,1,0,1,1,0,1,1,0,0,1,1,0,0.729148
1,1,1,0,1,0,0,0,0,1,1,1,0,1,0,0,1,1,0,1,0,1,0,1,1,0,1,0,1,1,0,1,0.599474
0,1,0,0,0,1,1,0,1,1,0,1,0,0,1,0,0,1,1,1,0,1,1,0,0,1,0,1,1,1,1,0,0.593659
0,1,1,1,1,1,1,1,1,0,1,0,0,1,1,1,0,0,0,1,1,1,0,1,1,0,0,0,0,1,1,1,0.544085
0,1,0,1,0,0,1,1,1,1,0,0,1,0,1,1,1,1,0,0,1,1,1,0,1,0,0,1,1,0,0,0,0.626391
0,0,1,0,1,0,1,1,0,0,1,0,0,0,0,1,1,1,1,0,1,0,0,0,0,0,0,0,0,0,0,1,0.654586
1,0,0,1,1,1,0,1,0,1,0,1,1,1,1,1,0,0,0,0,1,1,1,1,1,0,0,0,1,1,0,1,0.574536
0,1,0,1,1,1,0,1,1,1,0,0,0,0,1,0,0,0,1,1,0,0,1,1,0,0,0,0,0,1,1,0,0.616090
0,0,0,1,0,1,1,0,1,0,1,1,0,1,0,0,1,1,0,1,0,0,0,0,0,0,0,0,0,1,0,1,0.646441
0,0,1,0,0,0,0,1,0,1,0,1,1,0,1,1,1,1,0,0,0,0,0,0,0,1,0,1,0,0,1,0,0.666190
1,1,1,0,0,0,1,1,1,1,0,0,0,1,1,0,1,0,0,0,0,0,1,1,0,1,0,1,1,0,1,0,0.640877
1,1,0,1,0,0,1,1,1,0,1,0,1,0,1,1,0,1,1,0,1,0,1,1,1,1,1,1,1,0,1,1,0.540777
1,0,1,1,1,0,0,0,0,1,1,0,0,1,1,0,0,0,0,0,0,1,1,1,1,1,0,1,0,0,0,0,0.616266
1,1,1,0,1,1,1,0,1,1,0,1,0,0,1,0,0,0,1,1,0,1,1,0,0,0,0,0,0,1,1,0,0.610426
1,0,1,0,1,0,1,0,1,1,1,0,1,1,0,0,0,1,1,0,0,0,1,1,1,1,1,0,1,0,0,0,0.624536
1,0,1,0,1,1,1,1,1,0,0,1,0,1,0,1,1,1,1,1,1,1,0,0,1,0,0,0,1,0,1,0,0.597845
0,1,0,1,1,0,0,1,1,0,1,1,0,1,0,0,0,0,1,1,1,0,1,0,1,1,1,0,0,1,0,0,0.589273
0,0,1,1,0,1,1,1,0,0,0,0,0,0,1,1,0,1,0,1,0,0,0,0,1,0,1,1,0,1,1,0,0.672055
1,0,1,0,1,0,0,1,0,0,0,1,1,1,1,1,0,1,1,0,0,1,0,0,0,1,0,1,1,0,1,0,0.605639
0,1,0,0,1,1,0,1,1,1,1,1,0,0,1,0,0,0,1,1,1,1,0,1,0,0,0,0,0,0,0,0,0.652607
1,0,1,0,0,0,1,1,1,1,0,1,0,1,0,1,0,0,1,0,1,0,0,0,1,1,1,1,1,1,1,0,0.593233
