1,0,0,0,1,1,1,0,0,1,1,0,1,0,0,1,0,1,0,1,0,0,0,0,1,0,0,0,0,0,1,1,0.608456
1,1,0,0,0,1,1,0,1,1,1,0,1,0,1,1,0,0,0,0,1,1,1,1,1,0,0,1,1,1,0,1,0.606484
0,1,0,0,1,1,1,1,1,0,0,0,0,1,1,1,0,0,0,0,1,1,1,1,0,1,1,0,0,0,1,1,0.565377
1,0,0,0,0,0,1,0,1,1,1,1,1,0,0,0,0,1,1,0,1,0,0,1,1,1,1,1,0,1,0,0,0.612505
1,0,0,0,1,1,1,0,0,1,0,0,0,0,1,0,0,0,1,1,0,0,0,1,0,1,1,1,0,0,1,0,0.622363
0,1,1,0,1,0,0,0,1,0,0,0,0,1,0,0,1,0,1,0,1,0,0,1,0,0,0,1,0,1,0,1,0.621910
1,0,1,0,1,0,0,1,0,0,0,0,1,0,0,0,1,0,0,0,0,1,0,0,0,1,0,1,1,0,1,1,0.633765
0,0,0,1,0,1,1,1,0,1,0,0,0,1,0,0,1,0,0,1,1,1,0,0,0,0,1,1,1,0,1,1,0.644981
0,0,0,0,1,0,1,0,1,1,1,0,0,1,0,0,0,0,1,0,1,1,0,0,1,1,1,1,1,0,1,0,0.645567
0,1,1,0,0,1,0,1,0,1,1,0,1,0,1,0,1,0,1,1,1,0,1,0,1,0,1,0,0,1,1,1,0.628543
1,0,1,1,0,1,1,1,1,1,1,1,0,1,1,0,1,1,1,1,0,0,1,0,1,0,1,1,0,1,1,1,0.579763
1,1,1,0,1,1,0,0,0,1,0,0,0,0,0,0,1,1,1,0,0,0,1,0,0,0,0,0,1,1,0,1,0.575847
0,1,0,0,0,0,1,0,1,0,1,0,0,0,0,1,1,1,0,1,1,0,0,1,1,0,0,1,1,1,1,1,0.598972
1,0,1,0,1,0,0,1,0,1,0,0,1,1,1,0,1,0,1,0,1,1,0,1,0,1,0,1,0,0,1,0,0.603687
0,1,0,1,0,0,1,0,0,0,1,1,0,1,1,1,0,1,1,0,0,1,0,1,1,1,0,0,0,0,1,0,0.643835
0,1,0,0,1,1,1,0,0,0,1,1,0,0,1,0,1,0,0,1,0,0,1,1,1,1,1,1,0,0,1,1,0.613278
1,1,1,1,1,0,0,0,0,1,1,0,1,1,0,1,1,1,0,1,0,0,1,0,1,0,1,0,0,1,0,1,0.598918
0,0,1,1,0,0,1,0,0,0,0,0,0,1,0,1,0,0,1,0,1,1,0,0,0,0,1,0,1,0,1,1,0.771979
0,0,0,0,0,1,1,1,1,0,1,0,1,0,1,0,1,1,1,1,0,1,0,1,0,1,1,0,1,0,1,0,0.636482
0,1,1,0,1,1,0,0,0,0,1,1,1,1,0,0,1,1,0,1,0,0,0,0,0,0,0,0,0,1,0,0,0.626252
0,0,1,0,1,1,1,1,0,0,1,1,1,0,0,0,1,0,1,0,0,1,1,1,1,1,0,0,1,1,0,0,0.636136
1,0,0,0,1,1,0,0,0,1,1,1,0,0,0,1,0,0,0,1,1,1,1,1,1,1,1,0,0,0,1,0,0.607470
0,0,0,0,0,1,0,1,0,1,1,1,1,0,0,1,1,0,0,1,0,0,1,1,1,1,1,1,0,0,1,1,0.659074
0,0,1,1,1,1,1,1,0,0,1,1,1,1,1,1,0,0,0,1,1,0,0,1,0,0,0,1,1,1,0,1,0.589088
1,1,0,1,1,0,1,0,1,1,0,1,1,1,1,1,1,1,0,1,1,1,0,0,0,0,0,0,0,0,0,1,0.632699
1,0,1,0,1,1,0,0,0,0,1,0,1,0,1,0,1,0,0,1,1,0,1,0,0,1,1,0,0,1,0,1,0.613384
1,0,1,0,0,0,1,0,0,1,1,1,1,1,1,0,1,1,1,0,1,1,0,0,0,1,0,1,0,1,1,1,0.587116
1,1,1,1,1,0,0,1,1,1,0,0,0,0,1,1,1,0,0,1,0,1,1,1,0,0,0,0,0,0,1,0,0.599718
1,0,1,0,0,1,0,1,1,0,1,0,0,0,0,0,1,1,1,1,1,0,0,0,1,0,1,0,0,0,0,1,0.701833
1,1,1,1,0,0,1,0,0,1,1,1,1,1,1,0,1,1,1,1,0,0,0,0,0,1,1,0,1,1,1,0,0.639546
1,1,1,1,0,1,1,0,1,0,0,1,0,1,0,0,1,0,1,1,0,0,1,0,1,1,1,1,1,1,1,1,0.620684
1,1,0,1,0,0,0,0,0,1,0,0,1,0,0,1,0,1,0,0,0,1,1,0,0,0,0,0,1,0,1,1,0.712889
0,1,1,0,0,0,0,1,1,0,0,0,0,0,0,1,0,1,0,0,1,0,0,0,0,0,0,1,0,1,1,0,0.646046
0,0,1,0,1,0,0,0,0,1,0,1,1,0,1,0,0,0,1,0,1,0,1,1,0,0,0,0,1,1,0,0,0.612958
0,1,0,1,1,1,1,1,0,1,0,0,1,0,1,1,0,0,0,1,1,0,0,0,0,0,1,1,0,1,0,0,0.645274
0,1,1,1,1,1,0,1,1,0,1,1,1,0,1,1,0,1,0,1,0,0,0,0,0,1,0,0,0,1,1,0,0.590926
0,1,0,1,0,1,0,1,1,1,1,0,1,1,1,0,1,1,1,0,1,0,0,1,0,1,1,0,0,0,1,1,0.622336
0,1,0,0,1,0,0,1,1,1,0,0,0,1,1,0,1,1,0,0,0,1,1,0,0,1,0,0,0,0,1,1,0.609735
1,0,0,0,0,1,1,1,1,0,0,0,0,1,1,1,0,1,1,0,0,1,0,1,1,1,1,1,0,1,1,0,0.614770
1,1,0,0,0,1,0,1,1,1,0,0,0,1,1,0,1,0,1,0,1,1,1,1,1,0,0,1,1,0,0,1,0.572357
1,1,0,0,1,0,1,1,0,0,1,0,0,1,1,1,1,1,1,1,0,0,0,1,0,0,0,1,1,0,1,0,0.592391
1,1,0,1,1,1,1,1,0,0,0,1,1,1,0,0,1,0,0,1,1,1,1,0,0,1,0,0,0,1,0,1,0.588981
1,0,1,1,0,0,1,1,1,0,1,0,1,0,0,0,0,0,0,0,1,1,0,1,0,0,0,1,0,0,1,0,0.626998
0,1,1,0,0,0,1,1,0,0,1,1,0,0,1,1,1,0,1,1,0,0,0,0,0,0,1,0,1,1,0,1,0.772991
0,1,0,1,1,1,0,0,0,0,1,1,1,0,0,1,0,1,1,1,1,0,0,0,1,1,1,1,0,0,0,0,0.660726
1,0,1,1,1,0,1,0,1,0,0,0,1,1,1,1,0,1,1,1,0,0,1,1,1,1,1,0,0,0,1,1,0.555627
1,0,0,0,0,1,0,0,1,1,1,0,0,0,1,0,1,1,1,1,0,1,1,0,0,0,0,0,1,0,1,1,0.642237
1,0,1,0,0,0,0,1,1,1,1,0,1,1,0,0,1,1,1,1,1,1,0,1,1,1,1,0,1,1,1,1,0.589940
0,1,1,0,0,1,1,1,1,0,1,0,1,1,0,1,1,1,0,1,1,0,0,1,1,0,0,1,0,1,1,0,0.584932
0,1,0,0,0,0,1,1,1,1,1,1,0,1,0,1,1,1,0,0,0,1,1,0,1,1,1,0,0,0,1,0,0.694960
0,0,1,1,1,1,1,1,0,1,0,1,0,0,0,1,0,0,1,1,0,1,0,1,0,0,0,1,1,0,1,1,0.544890
0,1,1,0,1,0,1,0,0,1,1,0,0,0,0,0,0,1,0,1,1,1,0,0,1,1,0,1,1,1,1,0,0.606191
1,1,1,0,1,1,1,0,0,0,1,1,0,0,1,1,0,1,1,0,0,0,1,1,0,1,1,1,0,0,0,0,0.602994
1,1,0,0,1,1,0,0,0,1,1,0,0,0,1,0,0,0,0,0,1,0,1,0,1,0,0,0,1,0,1,1,0.616475
0,0,1,1,1,0,1,0,0,1,1,0,1,1,1,0,1,0,1,0,1,0,1,1,1,0,0,0,0,1,1,1,0.533914
1,1,0,0,1,1,1,1,0,1,0,0,1,0,0,1,1,1,0,1,0,1,0,1,0,0,1,1,1,0,0,0,0.610188
0,1,0,0,1,0,1,0,1,1,0,0,1,1,1,0,0,1,0,1,1,1,1,1,1,0,0,1,1,1,0,0,0.608536
1,1,0,0,0,0,1,0,0,0,1,1,0,0,1,1,1,0,1,0,0,0,1,0,0,1,1,0,1,1,0,1,0.648977
1,1,1,0,0,0,1,1,0,1,1,1,1,0,0,1,1,1,0,1,0,0,1,0,1,0,1,0,0,1,0,1,0.625773
1,0,1,0,0,0,1,0,0,1,1,0,0,0,0,1,1,0,1,0,0,1,1,1,0,0,0,0,0,0,1,0,0.692775
1,1,1,0,0,0,1,0,0,0,0,0,1,1,1,1,0,0,1,0,0,1,1,1,0,0,0,1,0,1,1,0,0.717604
0,0,1,0,0,0,0,1,0,0,1,0,1,1,1,1,1,0,0,1,0,1,1,0,0,0,1,1,0,1,1,0,0.691789
0,0,0,1,0,0,1,1,0,0,0,0,1,0,0,0,1,0,0,0,1,1,1,1,0,1,0,0,0,1,1,1,0.644714
0,1,1,1,1,0,0,0,1,0,0,0,0,0,1,0,1,1,1,0,1,0,1,1,1,1,1,1,0,0,1,1,0.602355
0,0,0,1,0,1,0,1,1,1,1,0,1,1,0,1,0,0,1,1,1,1,0,0,0,0,0,1,0,1,1,0,0.619539
1,0,1,1,0,0,0,1,0,0,0,1,0,0,1,0,1,1,0,1,1,1,0,0,0,0,0,0,1,0,0,1,0.618473
1,1,1,1,0,1,0,1,1,0,0,0,1,0,0,0,0,1,0,1,0,0,1,0,0,0,1,0,0,1,0,0,0.610454
0,1,0,1,0,1,1,1,1,1,1,1,0,0,0,1,1,1,0,0,0,0,0,0,1,0,0,1,1,0,1,0,0.650229
0,1,0,1,1,1,1,0,0,0,0,0,0,0,0,1,0,0,0,0,1,1,1,0,0,0,1,0,1,0,1,0,0.552456
0,0,1,1,1,0,1,0,1,0,1,1,1,0,0,1,0,1,0,1,0,1,1,1,0,1,0,0,1,0,1,0,0.600117
1,0,0,1,0,0,1,0,1,0,0,1,0,1,1,0,1,1,1,1,0,0,0,1,1,0,0,0,0,0,1,1,0.686381
0,1,1,0,0,0,1,0,0,1,1,1,1,0,1,0,0,1,1,0,0,1,0,1,0,0,1,0,0,0,1,0,0.628543
0,0,0,1,1,0,0,0,0,1,0,0,1,0,1,0,0,0,0,0,1,0,1,1,0,1,1,1,1,0,0,1,0.629183
0,0,0,1,0,0,0,1,0,0,1,1,1,1,0,1,0,0,0,0,1,0,0,0,1,0,0,0,0,1,0,0,0.647192
0,1,1,1,1,0,0,0,1,0,1,0,0,0,0,0,0,1,1,0,0,1,0,1,1,0,0,1,1,1,1,0,0.646606
0,0,0,0,1,1,1,0,1,1,1,0,1,0,0,1,1,0,1,1,0,0,0,1,1,0,1,1,0,0,0,0,0.609548
0,0,0,1,0,0,0,0,0,1,1,0,1,0,1,0,1,0,1,0,0,0,0,0,0,0,1,0,1,1,1,0,0.642610
1,1,0,1,0,0,0,0,0,0,1,0,1,1,1,0,1,1,0,0,1,1,1,1,1,0,1,0,1,1,0,0,0.636882
1,0,1,0,0,1,1,0,0,1,0,0,1,1,1,0,1,0,1,0,1,0,0,1,0,1,1,0,0,1,1,1,0.622229
1,1,1,1,1,1,0,1,1,1,1,0,0,1,0,1,1,1,1,0,0,1,1,1,1,1,0,1,0,1,0,0,0.601902
0,0,1,0,0,1,1,1,0,1,0,1,0,0,1,1,1,1,0,0,0,1,1,1,1,0,1,0,0,1,0,1,0.628996
0,1,1,1,1,1,0,1,0,0,1,1,1,0,1,0,1,0,0,1,0,0,1,1,0,1,0,0,1,1,0,1,0.598412
0,0,1,1,1,1,0,0,0,0,1,1,0,1,1,0,0,0,1,0,1,1,1,0,0,0,0,0,0,1,1,1,0.620604
0,0,1,1,0,1,1,0,1,1,1,1,0,1,0,0,0,1,0,0,1,1,1,0,0,1,0,0,1,1,1,0,0.648258
1,1,0,0,0,1,0,1,1,0,0,1,1,1,0,1,1,0,0,0,1,1,0,1,0,0,1,0,0,0,0,1,0.617807
0,0,1,1,1,1,1,0,1,1,0,1,0,0,1,1,0,0,0,1,1,1,0,0,0,0,1,1,0,0,0,0,0.622789
1,1,1,0,1,0,0,1,1,0,0,1,0,0,1,1,1,1,0,0,0,0,0,1,1,0,0,1,1,0,1,0,0.602515
1,0,1,0,0,0,0,1,1,0,0,0,1,1,0,0,0,1,1,1,1,1,0,1,1,0,1,0,0,0,1,1,0.657689
1,1,1,1,1,0,0,1,0,0,1,1,1,0,0,1,0,0,1,0,1,0,0,1,1,0,1,0,0,1,0,0,0.601689
0,1,1,1,0,0,0,0,0,1,0,0,1,0,1,0,1,0,1,0,1,0,0,0,1,0,1,0,1,1,0,1,0.623854
1,1,0,0,0,0,0,1,1,0,1,1,1,0,1,1,0,0,0,0,0,0,1,1,1,1,1,0,0,0,0,1,0.608323
0,0,0,0,0,0,0,1,1,0,1,0,1,1,1,0,0,1,1,0,0,1,1,1,1,0,0,1,0,1,0,0,0.656730
0,1,1,1,0,0,0,1,1,1,0,0,0,1,1,1,0,1,1,0,0,1,0,0,0,1,0,0,1,0,1,1,0.659154
1,1,0,0,0,1,0,1,0,0,1,1,1,0,0,0,0,1,0,1,1,1,0,1,1,0,0,1,1,1,1,0,0.599398
0,1,1,1,0,0,1,1,0,0,1,1,0,1,1,0,0,1,1,0,0,0,1,1,0,0,0,1,0,1,0,0,0.768382
1,0,1,1,0,1,0,0,1,1,1,1,1,0,0,0,1,0,1,0,0,1,0,0,1,0,1,1,1,1,0,0,0.613837
0,0,0,1,1,0,1,0,1,0,0,0,1,0,0,1,0,0,0,1,0,0,0,1,1,0,1,0,0,1,0,0,0.635577
0,0,1,1,0,1,0,0,1,1,1,0,1,1,1,0,0,0,1,0,1,0,0,1,1,1,0,1,0,0,1,0,0.605738
0,1,1,0,0,1,1,1,1,0,1,1,1,1,1,0,0,1,1,1,1,1,0,0,0,1,0,1,1,0,0,0,0.631394
1,0,1,1,1,1,1,0,0,1,0,0,1,0,0,1,0,1,1,0,0,1,1,1,1,0,0,0,1,0,1,1,0.528666
0,0,1,0,1,1,1,0,0,0,0,0,1,0,0,1,1,0,0,0,0,1,1,1,0,0,1,0,0,1,0,1,0.553469
0,0,0,0,1,1,0,1,0,0,1,0,0,1,1,1,1,1,1,0,0,1,0,1,0,0,1,1,1,0,0,0,0.621990
1,0,1,1,1,0,0,1,1,0,0,0,1,0,1,0,1,0,1,1,0,1,0,0,0,0,1,1,1,0,0,0,0.702685
0,1,1,1,1,0,1,1,1,1,1,0,0,0,1,1,1,0,1,1,1,1,1,1,1,0,1,0,1,0,0,0,0.603261
1,0,0,1,1,0,0,0,0,0,1,1,0,1,1,1,0,0,0,1,0,0,1,1,1,0,0,0,1,1,1,0,0.582934
1,0,0,1,1,0,0,0,0,1,1,1,0,1,0,0,0,1,0,0,1,0,0,1,0,1,1,0,0,1,1,0,0.631207
0,1,1,1,1,0,1,0,1,1,1,0,0,0,0,1,0,0,1,1,0,0,0,0,1,1,0,0,0,0,0,0,0.622549
0,0,0,0,1,0,1,1,0,1,1,0,1,1,0,1,1,1,1,1,1,1,0,1,1,1,1,1,1,1,1,1,0.439844
0,0,0,1,0,0,0,0,0,0,0,0,0,0,0,1,1,0,1,1,1,1,1,0,1,0,1,0,0,1,1,1,0.685502
1,0,1,1,0,1,1,1,0,0,0,0,0,0,1,0,1,1,0,0,0,1,0,1,0,1,1,0,0,0,1,1,0.607657
0,0,0,1,0,0,0,1,0,1,0,0,1,1,1,0,1,1,0,0,1,0,1,1,1,1,1,1,0,0,1,0,0.671542
1,0,1,0,1,1,0,0,0,1,1,0,1,0,0,1,1,0,0,1,1,0,0,0,1,1,1,1,1,1,0,1,0.668718
0,0,1,0,1,0,0,0,1,0,0,0,0,0,1,0,1,0,0,1,1,0,0,1,0,0,0,1,1,1,0,0,0.643169
0,1,1,1,0,1,0,1,0,1,0,1,1,1,1,0,0,1,0,0,0,0,1,1,1,1,1,1,0,1,1,1,0.649696
0,1,0,0,1,1,1,1,1,0,0,0,1,0,0,0,1,0,1,0,1,1,0,0,0,0,0,1,0,1,1,1,0.613678
0,1,0,1,0,0,1,1,1,1,0,0,0,0,0,0,0,1,0,1,0,1,1,1,0,0,0,1,0,0,0,0,0.710811
1,0,0,1,1,0,0,0,0,1,0,1,1,1,1,0,0,0,1,1,1,1,1,0,1,0,0,1,1,0,0,1,0.578058
1,1,0,1,0,0,1,0,1,1,0,1,0,0,0,0,0,1,0,0,1,0,1,0,1,1,0,1,1,1,0,1,0.695599
1,0,0,1,1,1,0,1,0,0,1,1,1,1,0,0,1,0,0,1,1,0,0,1,0,1,0,1,0,1,0,1,0.597613
1,0,1,0,0,1,1,0,0,0,1,1,0,1,1,0,0,1,0,0,1,1,0,0,1,0,0,0,1,1,1,0,0.613624
1,1,1,0,0,0,1,0,1,0,0,0,0,1,1,0,1,1,1,0,0,0,0,1,1,1,0,1,1,1,0,0,0.650682
1,1,1,1,0,1,0,0,0,1,0,1,1,0,1,1,1,0,1,0,1,0,0,1,1,1,1,1,0,1,1,0,0.600304
1,0,0,1,1,0,1,1,1,0,1,1,0,1,0,1,1,1,0,1,1,1,0,1,1,0,0,0,1,1,1,0,0.592178
0,1,0,1,0,0,0,1,1,1,1,0,1,0,0,1,1,1,0,0,0,1,1,0,1,1,1,1,1,1,1,1,0.658035
0,1,1,1,0,0,0,0,0,0,0,0,1,1,1,1,0,0,0,1,0,0,1,1,0,0,0,1,0,1,0,0,0.678495
0,1,1,0,1,0,0,1,0,0,0,1,0,0,0,0,0,1,0,0,0,1,1,1,0,0,0,0,0,0,0,1,0.634857
1,0,1,1,0,0,1,0,1,0,1,1,1,0,0,1,1,0,0,0,1,0,1,0,1,1,0,1,1,1,0,1,0.586264
0,0,1,1,1,1,0,1,0,1,1,1,1,0,1,1,1,0,1,1,1,1,1,0,1,1,0,0,1,1,1,0,0.584665
