0,0,1,0,1,0,1,0,1,1,1,0,1,1,1,0,0,0,0,1,0,1,0,0,1,1,1,1,0,0,1,1,0.618398
1,0,0,0,1,1,0,0,1,1,1,0,0,0,1,0,0,0,0,1,1,1,0,0,1,0,0,0,0,0,1,0,0.600758
1,1,1,1,0,1,0,0,0,0,1,0,1,0,0,1,0,1,1,1,0,0,1,1,0,0,1,0,1,0,0,1,0.611849
1,0,0,0,1,0,0,1,0,0,1,0,0,1,0,0,1,1,0,1,0,0,0,0,1,1,0,0,1,1,1,0,0.596643
1,1,0,1,1,1,1,0,1,1,1,1,0,1,0,0,1,0,1,0,1,0,1,1,0,1,0,1,0,1,1,0,0.605249
1,1,0,1,1,1,1,1,1,0,0,1,0,0,0,1,1,0,1,0,1,1,1,0,0,1,1,0,0,0,1,1,0.607884
1,1,0,1,1,1,1,0,0,1,0,0,0,1,1,0,1,0,0,1,1,0,1,0,1,0,0,0,0,0,1,0,0.642060
0,1,1,1,1,0,0,0,0,1,1,0,1,0,1,1,0,0,0,0,0,1,0,0,0,1,0,1,0,0,1,0,0.596843
1,0,1,1,1,0,1,0,0,1,0,0,1,0,0,1,0,1,1,1,1,0,1,0,1,1,0,1,1,1,0,1,0.598826
0,1,0,0,1,0,1,0,0,1,1,1,1,0,0,1,1,1,1,1,1,1,1,1,0,0,0,0,0,0,0,1,0.607056
1,1,0,1,0,0,0,1,0,1,0,0,0,0,0,1,1,1,0,0,1,1,0,1,0,1,1,0,1,0,1,0,0.604145
0,0,1,1,1,0,1,0,0,0,1,1,1,0,0,1,1,0,1,1,0,0,0,0,1,1,1,1,1,0,1,0,0.597947
1,1,0,0,0,0,1,0,1,1,1,1,0,1,0,0,0,0,1,1,1,1,0,1,0,0,1,1,0,0,1,1,0.595940
1,0,1,0,1,0,0,0,0,0,1,1,0,1,1,0,1,0,1,1,0,0,0,1,1,1,1,1,1,0,0,0,0.606002
1,1,1,0,1,0,0,1,0,0,0,1,1,1,1,1,1,1,0,0,1,0,0,0,0,1,0,1,1,0,1,1,0.628384
0,1,1,0,1,1,0,1,0,1,0,1,0,1,0,0,1,1,0,1,0,1,0,1,0,1,0,0,0,0,0,1,0.637744
1,1,0,1,1,0,0,0,1,1,0,1,1,0,1,0,0,0,0,0,1,0,1,1,0,0,0,0,0,0,1,1,0.611573
1,1,1,1,0,1,0,1,0,0,1,1,1,1,1,1,1,1,0,1,1,1,0,0,1,1,1,1,0,1,1,1,0.612300
1,0,1,1,1,1,1,1,0,0,1,1,0,1,1,0,0,1,1,0,0,0,0,1,1,0,0,0,0,0,1,1,0.605074
0,0,1,1,0,1,0,0,0,0,1,0,0,1,0,0,1,1,0,1,1,0,1,1,1,0,0,0,1,0,0,1,0.598851
1,0,0,0,0,0,1,0,1,1,0,1,0,1,1,0,0,0,1,1,1,0,1,0,0,0,1,1,1,1,0,1,0.593857
1,0,1,0,1,0,0,1,0,1,0,1,0,1,1,0,0,1,0,0,0,1,0,1,1,1,1,0,0,1,1,1,0.618749
1,0,0,0,0,0,1,0,0,0,1,0,0,0,1,1,1,1,0,1,1,1,1,0,0,0,1,1,1,0,0,1,0.598173
0,0,1,1,0,0,1,1,0,1,1,1,1,0,1,0,0,1,1,0,1,0,1,1,1,0,0,0,1,1,1,0,0.641834
1,1,0,0,1,1,1,1,0,0,1,0,1,1,0,1,1,1,0,1,1,0,1,1,1,0,1,1,1,1,1,0,0.643440
1,1,0,0,1,1,1,0,1,1,0,0,1,0,1,0,1,0,1,1,0,0,0,1,0,1,0,1,1,1,0,0,0.607257
1,0,0,1,0,0,0,1,0,1,0,0,0,0,0,0,0,1,0,0,1,1,1,0,0,1,0,0,1,0,1,0,0.593531
1,1,1,0,0,0,0,0,0,0,0,1,1,1,1,1,0,1,1,1,1,0,1,0,0,0,0,0,0,0,0,1,0.590595
1,0,1,0,1,1,1,1,1,1,0,1,1,1,1,1,0,0,1,1,0,0,0,0,0,0,1,1,1,1,0,0,0.610243
1,0,0,1,0,0,0,0,0,1,0,1,0,0,1,1,1,1,0,0,1,0,1,1,0,0,1,0,0,1,0,0,0.593581
1,0,1,1,1,0,0,0,1,0,1,1,1,1,1,1,0,1,1,1,1,1,1,0,0,0,1,1,1,0,1,0,0.617344
0,0,1,0,0,1,1,1,0,1,0,1,1,0,0,0,0,0,1,1,0,0,0,0,0,0,1,0,1,0,0,1,0.599177
0,0,0,0,1,0,0,1,0,1,0,1,0,0,1,0,1,1,1,1,0,1,1,0,1,1,1,0,0,0,0,1,0.596091
0,0,1,1,0,1,0,0,0,1,1,0,0,1,1,1,0,0,1,1,0,0,1,1,1,0,0,0,0,0,0,1,0.598851
0,0,1,1,0,0,0,1,0,1,1,0,1,0,1,1,0,0,1,1,0,1,0,0,0,1,0,0,1,0,0,0,0.582390
0,0,0,1,0,0,0,1,0,1,1,0,0,0,0,0,1,0,1,1,0,0,0,0,0,0,1,0,1,0,0,0,0.567661
0,1,1,1,1,1,0,1,0,0,1,0,0,0,0,1,1,0,0,0,1,1,0,0,1,0,0,0,1,0,0,0,0.639651
1,0,1,0,1,1,1,0,0,0,0,1,1,1,1,1,1,0,1,0,1,0,0,0,0,1,0,1,0,0,1,1,0.647379
1,1,0,0,0,0,0,1,1,1,0,1,1,0,1,1,1,1,0,1,0,1,1,0,1,0,1,0,0,0,0,0,0.623516
1,0,1,0,0,1,1,0,0,0,0,0,0,1,1,0,0,1,1,1,1,0,0,0,0,1,0,1,1,1,1,0,0.614057
1,1,0,1,0,1,0,0,1,1,0,1,1,0,0,1,0,0,0,0,1,1,0,0,0,0,1,0,0,0,0,0,0.607909
0,1,0,1,0,0,1,1,1,0,0,0,0,0,0,1,1,1,0,0,0,0,0,0,1,0,0,1,0,1,1,1,0.605801
0,0,0,1,0,1,1,1,1,1,0,1,0,1,0,1,0,1,0,0,0,1,1,0,1,0,0,1,0,1,0,0,0.592528
1,1,0,1,0,1,0,0,0,1,0,0,1,0,0,1,1,0,0,0,1,0,0,0,0,0,0,1,0,1,0,0,0.594610
1,1,0,1,1,1,1,1,1,0,0,1,0,0,1,1,0,0,0,1,1,0,1,1,1,0,0,1,0,0,0,0,0.620957
0,1,0,0,0,1,0,1,0,0,0,1,1,0,0,1,1,0,1,0,1,0,1,0,1,0,0,1,0,0,1,0,0.590094
0,1,1,1,1,1,0,1,0,0,1,1,1,0,1,0,0,1,0,1,1,1,1,0,1,0,1,0,1,0,0,0,0.603919
0,1,0,1,0,1,1,0,0,0,0,1,1,1,0,1,0,0,0,1,1,1,0,1,1,1,1,0,1,0,1,1,0.640153
0,0,0,0,0,0,1,0,0,0,1,1,1,1,1,0,1,1,1,1,1,0,1,1,0,0,0,0,1,1,1,1,0.755903
1,1,1,0,0,0,0,1,1,1,0,1,0,0,1,1,0,1,0,0,1,0,0,0,0,0,0,0,1,1,1,1,0.642386
1,1,1,1,0,0,1,1,1,1,0,0,0,1,0,1,0,0,0,0,0,1,1,0,1,1,0,1,1,1,0,1,0.603894
1,1,1,1,1,1,1,0,0,1,0,0,0,1,0,1,0,0,1,1,0,1,0,1,0,1,0,0,1,0,0,0,0.610017
1,1,0,0,1,1,1,0,1,1,1,0,0,1,1,1,1,1,0,1,0,0,1,0,0,1,0,0,0,1,0,0,0.599252
0,0,1,0,0,1,0,0,1,1,1,0,0,0,0,1,0,0,1,1,0,0,1,1,0,1,1,0,1,1,1,0,0.607984
0,0,1,1,1,0,1,0,0,1,1,0,1,1,1,0,0,0,1,1,0,0,0,1,1,1,1,0,0,0,1,1,0.635159
0,1,1,0,1,1,1,0,1,1,1,1,1,1,1,1,0,0,0,0,0,1,0,0,0,0,0,0,0,0,0,0,0.605124
0,1,1,0,0,1,0,0,0,0,1,0,0,1,1,1,0,1,0,0,0,0,1,0,1,1,0,0,0,0,1,1,0.607206
0,0,1,1,1,0,1,1,0,1,0,1,1,1,0,1,0,1,1,0,0,0,1,1,0,0,1,0,1,0,1,1,0.652247
1,1,0,0,1,1,1,0,0,0,0,0,0,0,1,1,0,0,0,1,0,0,1,0,1,1,1,1,1,1,0,0,0.595664
1,0,0,1,1,1,1,1,0,1,1,0,0,0,0,1,1,1,0,0,1,1,1,1,1,1,1,1,0,0,0,1,0.602690
1,1,0,1,1,1,1,1,0,0,1,1,1,0,1,1,1,1,0,1,0,0,1,0,0,1,0,1,0,0,1,0,0.600632
0,1,1,0,1,0,1,1,0,0,0,0,1,0,1,1,1,1,0,0,1,0,1,0,0,0,1,1,0,1,1,0,0.626778
1,0,1,0,1,1,0,0,1,0,0,0,1,1,0,0,0,1,0,1,0,0,1,1,1,1,1,0,0,0,1,0,0.599077
1,0,0,0,0,1,0,1,0,0,0,0,1,0,0,1,0,0,0,1,1,1,1,1,0,1,0,1,1,0,0,0,0.691868
0,1,1,0,0,1,1,1,0,0,0,0,0,1,1,1,1,1,0,1,0,0,1,0,0,0,0,1,0,0,0,1,0.624144
0,0,0,0,1,0,1,0,1,1,1,1,1,1,0,0,1,0,0,1,1,1,0,0,1,1,1,1,0,1,0,1,0.648759
0,1,0,1,1,1,0,1,0,1,0,0,0,0,1,0,0,1,1,1,1,1,0,0,0,1,1,0,1,1,0,1,0.627205
0,1,0,0,1,1,0,1,1,0,0,0,0,0,0,1,0,1,1,0,1,0,0,1,0,0,0,1,0,0,0,0,0.586004
0,1,0,0,0,0,1,0,1,0,1,1,0,0,1,1,1,0,1,0,0,0,0,0,1,1,0,1,0,1,1,0,0.599503
0,0,0,0,0,1,0,0,0,0,0,0,0,0,0,0,1,0,1,0,1,1,1,0,0,1,0,1,1,0,1,0,0.574888
1,0,1,0,1,1,1,0,1,0,0,0,0,0,0,0,1,0,1,1,0,1,1,0,0,1,0,0,0,0,0,1,0.597521
1,1,0,1,1,0,1,1,1,0,0,1,0,0,0,0,0,1,1,1,1,1,0,0,1,1,1,1,0,0,1,1,0.607106
1,1,1,1,0,0,0,1,0,1,0,0,0,1,0,1,0,0,0,1,1,1,0,1,0,0,0,0,1,1,0,0,0.608837
1,0,1,1,1,1,1,1,0,0,1,1,0,1,0,0,0,1,1,1,1,1,0,1,1,1,0,1,1,1,1,1,0.606579
1,0,1,0,1,1,1,1,1,1,0,0,0,1,1,1,1,0,1,1,1,0,0,0,0,1,1,1,0,1,1,0,0.603769
1,1,0,0,0,0,0,0,1,0,1,0,0,0,0,1,1,0,1,1,0,1,1,0,1,1,1,0,0,0,1,0,0.602113
1,1,0,0,1,0,1,1,0,1,0,0,0,0,0,0,0,0,0,1,0,0,1,0,0,0,0,1,0,1,1,0,0.593682
0,1,1,1,1,0,1,1,1,1,1,0,0,1,0,1,1,1,0,0,0,0,1,0,0,0,0,0,0,0,1,1,0.608361
1,1,1,0,0,0,0,1,0,1,1,0,0,1,1,0,1,0,1,0,1,0,1,0,1,1,1,1,0,1,0,0,0.603543
1,0,1,1,1,0,0,1,1,1,0,1,0,1,1,0,0,0,1,1,0,1,1,0,1,0,1,0,0,0,0,1,0.600607
1,0,0,0,1,1,1,1,1,1,0,1,1,1,0,1,1,1,0,1,0,1,1,1,0,0,1,0,1,0,1,1,0.645322
1,1,0,0,1,1,1,0,1,0,1,0,1,0,1,0,1,0,0,1,0,1,1,1,0,1,0,1,0,0,1,1,0.615888
1,1,0,0,0,1,0,1,0,0,1,0,0,1,0,0,1,0,0,0,0,1,0,0,0,1,0,0,1,0,1,1,0.621183
1,1,1,1,0,1,0,1,0,0,1,0,0,1,0,0,1,1,0,1,0,1,0,0,0,0,0,1,1,1,0,1,0.622237
1,0,1,0,0,1,1,1,1,0,0,0,1,0,0,1,0,0,1,0,0,1,0,1,1,1,0,1,0,0,1,1,0.618147
1,1,1,1,1,0,0,1,0,1,1,1,0,0,0,1,0,1,1,1,1,0,1,0,1,0,0,0,0,1,0,1,0.601285
0,1,0,1,0,0,0,1,1,1,0,1,1,0,0,0,1,1,0,0,1,1,0,1,1,0,0,1,1,0,1,0,0.612275
0,1,1,1,1,1,0,1,1,1,1,0,0,0,0,1,0,0,0,0,0,1,1,0,1,1,1,1,1,1,1,0,0.598575
0,1,0,0,0,0,1,0,0,1,1,0,0,0,1,1,0,0,1,0,0,0,0,0,0,1,1,1,0,1,0,0,0.587961
0,1,0,0,1,0,1,0,1,1,0,1,0,1,1,1,0,1,0,0,1,1,0,1,1,1,0,1,1,1,0,1,0.632525
0,0,1,1,1,1,1,1,0,1,0,0,1,0,0,0,1,0,1,0,0,0,0,1,0,0,1,1,0,1,0,0,0.592804
1,0,0,0,0,0,1,0,0,0,0,0,0,1,1,0,0,1,1,0,1,1,1,1,1,0,0,1,1,1,1,1,0.701729
1,0,1,0,1,0,0,1,0,1,1,1,0,1,1,1,0,1,1,0,1,0,0,0,1,0,1,0,1,1,0,0,0.607909
0,0,1,1,0,0,1,1,1,0,1,0,1,1,0,0,1,0,1,1,0,1,0,0,0,1,0,0,1,0,1,1,0.603769
1,0,1,1,0,0,1,1,0,0,0,1,0,1,1,1,0,1,1,0,0,0,1,0,0,0,1,0,1,0,0,0,0.598249
1,0,0,0,0,0,0,0,0,0,1,1,1,1,1,0,1,0,0,1,1,0,1,1,1,1,0,0,1,1,0,1,0.621559
0,1,1,0,1,0,1,0,0,1,1,1,0,0,0,0,1,0,1,1,1,0,0,0,0,1,0,1,1,1,1,1,0.601310
0,1,1,0,1,1,1,0,0,1,0,0,0,1,0,0,1,0,0,1,0,0,1,1,0,1,0,1,1,1,1,0,0.612350
1,1,0,1,0,1,1,0,1,1,0,1,1,1,0,0,0,0,0,1,0,1,1,0,1,0,0,0,0,1,0,1,0.593531
0,0,0,1,0,1,1,0,1,0,1,0,1,1,1,1,0,1,1,1,1,1,1,0,0,1,1,1,0,1,1,0,0.629187
0,1,1,1,1,1,0,1,0,0,0,0,0,0,1,1,0,0,0,1,1,1,0,1,0,0,0,1,0,1,0,1,0.701076
0,0,0,0,0,0,1,0,0,0,0,0,1,1,1,1,0,0,0,0,0,0,0,1,0,1,0,1,1,1,0,1,0.725366
0,1,1,1,1,0,0,0,1,1,0,0,0,1,0,0,1,1,1,0,1,0,0,0,0,0,1,0,0,0,0,1,0.607583
1,1,1,0,1,1,0,1,0,1,0,1,1,1,1,0,1,1,0,0,1,1,1,1,1,1,0,1,1,1,0,1,0.631947
0,1,0,0,1,1,1,0,0,1,1,1,1,0,1,0,0,1,0,0,0,0,1,1,0,0,1,0,0,0,1,0,0.632449
0,1,1,1,0,1,0,0,0,1,1,1,1,1,0,0,1,1,0,1,0,0,0,1,0,0,1,0,1,1,1,1,0.619502
0,0,0,1,1,1,0,1,1,0,1,0,1,0,0,1,0,1,0,0,0,0,1,0,0,0,0,1,0,1,0,1,0.617143
1,0,0,1,0,0,0,1,0,0,0,0,0,0,0,0,1,0,0,0,1,1,1,1,0,0,1,0,0,1,0,1,0.610795
0,0,1,0,1,1,0,0,1,0,1,1,0,1,0,1,0,1,1,0,1,1,1,1,0,1,1,0,1,1,1,1,0.688355
1,0,1,1,0,0,1,1,1,0,1,0,0,1,1,1,0,0,0,0,1,1,0,0,0,1,0,0,1,1,0,0,0.639902
0,0,0,1,0,1,0,1,0,1,0,1,1,1,0,0,1,1,0,0,1,0,1,0,1,1,1,0,1,1,1,1,0.613028
1,0,1,1,0,1,1,0,0,0,1,1,1,1,0,0,1,0,1,0,1,0,0,1,1,1,1,0,0,1,1,0,0.596919
0,0,0,1,1,0,1,0,0,1,0,1,1,0,0,1,0,0,0,1,1,1,0,1,0,1,1,0,0,0,1,0,0.609088
0,1,1,0,0,1,1,1,1,1,0,1,1,1,1,1,0,1,0,0,0,0,0,1,0,0,0,0,1,1,0,1,0.669435
0,1,1,0,1,0,0,0,1,0,1,0,0,0,0,0,0,0,1,1,0,0,1,0,0,1,1,1,0,1,0,1,0.604120
1,0,1,1,0,1,1,1,1,1,0,0,1,0,1,1,0,1,0,1,1,1,0,0,1,0,0,0,0,1,0,0,0.601887
1,1,0,0,1,0,1,0,0,1,0,1,1,0,0,0,1,0,0,1,0,0,1,1,1,0,1,1,1,1,0,0,0.612350
1,0,1,1,0,0,1,1,1,1,1,0,0,0,1,0,1,0,1,0,1,0,1,1,1,0,0,0,0,0,0,0,0.616390
1,0,1,0,0,0,1,1,0,0,1,0,0,0,1,1,0,1,0,1,0,1,1,0,1,1,0,0,1,1,1,0,0.613831
1,1,0,0,0,0,1,1,0,0,1,0,0,0,0,0,0,1,0,0,0,0,1,1,0,1,0,0,0,1,0,1,0.594761
1,0,0,0,1,0,1,0,0,0,1,1,0,0,0,0,1,0,1,1,1,0,0,1,1,0,1,0,0,0,1,1,0.596392
0,0,0,1,1,1,1,1,0,0,0,0,1,0,1,0,0,0,1,0,1,0,1,1,1,1,1,0,0,0,1,1,0.670489
0,1,1,1,1,1,1,1,1,0,1,1,0,1,1,0,0,0,0,1,0,0,1,0,0,1,1,0,1,1,1,1,0.611146
0,0,1,1,1,1,0,1,1,1,0,0,1,1,0,0,0,1,1,1,0,1,1,0,1,0,0,1,0,0,0,1,0.598525
1,1,1,1,1,1,0,0,0,0,0,1,1,1,0,0,1,0,1,1,0,0,0,1,0,0,1,1,1,0,0,1,0.603844
1,0,1,1,1,1,0,1,1,1,1,1,0,1,0,1,1,0,1,1,1,1,1,0,1,0,0,0,0,1,0,1,0.597697
1,1,1,0,1,1,1,0,0,1,0,0,1,1,0,1,0,1,1,0,1,1,1,0,0,0,1,1,1,1,0,0,0.613153
1,0,0,0,0,1,0,1,1,0,0,1,0,0,0,0,0,0,0,0,0,0,1,0,0,1,1,0,0,0,1,1,0.606905
0,1,0,0,1,1,0,0,1,1,1,0,0,1,1,1,1,1,0,0,1,1,0,1,1,0,0,1,0,1,0,0,0.598249
0,1,1,1,1,0,0,0,1,0,1,1,0,0,1,0,1,1,0,0,0,0,0,1,1,1,1,0,0,0,1,0,0.625725
0,0,0,1,0,1,0,0,0,0,0,0,1,0,1,0,1,1,1,0,0,0,0,0,1,1,0,1,0,1,0,1,0.587936
1,0,1,0,1,0,1,1,0,1,1,0,1,1,0,0,1,0,0,0,1,1,1,1,0,1,0,0,0,0,1,0,0.692169
0,0,1,0,1,1,1,0,0,1,1,1,1,1,0,1,1,1,0,1,0,1,1,0,0,0,0,1,0,1,1,1,0.620104
1,1,0,0,0,1,1,0,1,0,0,0,0,1,0,1,0,1,1,1,0,1,0,0,0,0,0,1,0,1,1,0,0.598023
1,1,0,1,0,1,1,1,0,0,0,1,0,1,1,0,1,1,0,1,0,1,1,0,0,0,0,1,1,1,1,1,0.626879
1,0,0,1,0,0,1,0,0,0,0,0,1,1,1,0,1,1,1,1,1,1,1,1,1,0,1,0,1,0,0,1,0.600683
0,1,0,1,0,0,0,0,1,1,1,1,1,0,1,0,0,0,1,0,1,1,1,0,0,0,0,0,1,0,1,0,0.602690
1,1,0,0,1,0,0,0,0,0,1,0,0,0,0,0,0,0,0,1,1,1,1,0,1,0,0,0,1,0,0,0,0.650691
1,1,0,0,1,0,1,0,0,0,1,1,1,0,0,1,1,0,1,0,1,1,1,1,0,0,0,0,1,1,0,0,0.620179
0,1,1,0,0,1,0,1,0,0,0,0,0,0,0,0,1,1,1,0,0,0,0,0,0,0,0,1,0,0,1,0,0.612601
0,1,0,0,0,0,1,1,0,0,0,0,0,0,0,1,1,1,1,0,0,0,1,1,0,0,0,1,0,1,0,1,0.610494
0,1,1,0,1,1,1,1,0,1,0,1,0,0,1,0,1,0,0,1,1,0,0,1,0,0,0,0,1,1,0,0,0.653376
0,1,0,1,0,1,1,0,1,0,1,0,1,0,1,0,1,0,1,1,0,1,0,0,0,0,0,0,0,0,1,0,0.590144
0,1,0,0,0,0,0,0,0,0,0,0,1,1,0,0,1,0,0,0,1,1,0,1,0,1,0,0,1,0,1,1,0.658495
0,0,1,1,0,0,1,1,0,1,1,1,0,0,0,0,0,0,1,1,1,1,0,1,0,1,0,0,1,1,1,0,0.605575
0,0,1,0,1,1,1,0,0,1,0,1,1,1,1,0,0,1,1,1,1,1,0,0,1,1,0,1,0,1,1,0,0.644192
0,1,0,1,0,0,0,0,0,0,0,1,1,0,1,0,1,0,0,0,1,0,0,0,0,1,0,0,0,1,0,0,0.575390
0,0,1,1,1,0,0,1,0,1,0,0,0,0,0,1,1,1,1,1,1,0,1,1,0,0,0,0,1,0,1,0,0.608812
1,0,0,0,1,1,1,1,1,1,1,1,0,1,0,0,1,0,1,1,1,1,1,0,1,1,1,1,1,0,1,0,0.628911
1,0,1,1,1,0,0,0,0,1,1,0,0,1,1,0,1,0,1,0,1,1,1,0,1,1,1,1,1,1,1,1,0.647454
0,0,1,0,0,0,0,0,1,0,1,1,1,0,1,0,1,1,1,1,1,0,1,1,0,1,1,0,1,0,1,1,0.609967
1,0,1,1,0,0,1,0,1,0,1,0,0,1,0,1,1,0,0,1,0,1,0,1,1,0,1,1,1,1,0,1,0.597872
1,0,1,0,0,1,0,1,0,0,1,1,1,1,0,1,1,0,0,0,0,0,0,0,1,1,0,1,1,1,0,0,0.591097
1,0,1,1,1,0,1,0,0,1,1,1,0,0,0,0,1,0,0,1,1,1,0,1,1,1,0,1,0,0,1,0,0.602288
1,1,1,1,0,1,0,1,1,0,1,0,1,0,1,1,0,0,0,1,0,1,1,0,1,0,1,1,1,0,0,1,0.599679
1,0,1,0,0,0,0,1,0,0,0,0,0,1,1,0,0,0,0,0,1,0,0,1,0,1,0,0,0,0,0,0,0.609841
0,1,1,0,1,1,0,1,0,1,0,1,0,1,0,0,0,1,1,0,1,0,0,1,1,0,1,1,1,0,1,1,0.602339
1,1,1,0,0,0,1,1,0,0,0,0,1,0,0,1,1,0,1,1,0,0,0,0,1,0,1,1,1,0,1,0,0.605500
0,0,1,1,0,1,0,1,1,0,1,1,0,0,0,0,1,0,1,0,1,1,1,0,0,1,0,0,1,0,1,0,0.600206
0,0,1,0,0,1,1,1,0,1,0,1,1,0,0,0,0,0,1,1,1,1,0,1,1,0,0,1,0,0,1,0,0.619201
1,1,0,1,0,0,1,0,0,0,1,1,1,1,1,1,0,1,1,1,0,1,1,1,0,0,1,1,0,1,0,1,0.595714
1,1,1,1,1,0,0,1,0,0,0,0,1,1,0,0,0,0,0,1,1,0,1,0,1,0,0,0,1,0,1,1,0.633905
1,1,0,0,1,0,1,1,0,0,0,1,0,1,1,0,0,1,0,0,0,1,1,1,1,1,1,0,1,0,0,0,0.609390
0,0,1,1,1,0,0,1,1,0,1,0,1,1,0,0,1,1,1,1,0,1,1,0,0,1,0,1,1,1,0,1,0.606153
1,0,0,1,1,1,0,0,1,0,0,0,0,1,0,1,1,1,0,1,1,1,0,1,1,1,1,1,0,1,1,1,0.650265
0,1,1,1,1,1,1,0,1,1,1,1,0,0,1,0,1,0,1,0,0,1,1,0,1,1,0,1,0,0,1,0,0.654505
1,0,1,0,0,1,1,1,1,0,1,0,0,0,1,1,0,1,1,0,1,1,0,1,1,1,0,0,1,0,0,1,0.638522
0,0,0,1,0,1,0,0,1,0,0,0,1,1,0,0,1,1,1,1,1,0,0,1,1,0,1,0,1,1,0,1,0.598223
0,0,0,1,0,0,1,0,1,1,1,1,1,0,0,1,1,1,0,0,1,1,1,0,0,0,0,0,1,1,0,1,0.608235
1,1,0,1,1,1,0,0,1,1,0,1,0,0,1,1,0,1,1,1,1,0,0,0,0,0,1,1,1,1,1,0,0.603267
0,0,1,0,0,1,0,1,1,1,1,1,0,0,0,1,1,0,0,0,1,0,1,1,1,0,1,1,1,0,1,1,0.621133
0,1,0,1,0,0,0,0,0,1,0,0,0,0,1,0,0,0,0,1,1,0,1,0,0,1,1,0,1,0,1,1,0.587559
0,0,1,0,0,1,1,0,1,1,0,0,0,0,0,1,0,1,0,1,0,1,0,1,0,1,1,0,0,1,1,0,0.596793
1,1,0,0,1,1,0,0,0,1,0,1,1,0,1,0,1,0,1,1,1,1,0,0,0,0,1,0,0,0,1,0,0.628334
0,0,0,1,1,1,0,1,0,0,1,0,0,1,0,1,0,0,0,0,0,1,0,0,1,1,1,0,0,0,1,0,0.604371
0,1,1,1,1,1,0,0,1,0,1,0,1,0,1,1,1,0,0,0,1,0,0,0,1,0,0,1,0,0,1,0,0.624018
0,1,1,0,0,1,0,0,1,0,0,1,0,1,0,1,0,0,0,1,1,1,0,1,1,0,1,1,1,1,0,0,0.598650
1,0,0,1,0,0,0,1,0,0,0,1,1,0,0,0,1,1,1,0,0,0,1,1,1,0,1,0,1,0,1,1,0.600582
1,0,1,1,0,0,0,1,0,1,0,1,0,1,0,1,1,0,1,0,1,1,0,0,0,0,0,1,0,1,1,0,0.593657
0,0,1,1,1,1,1,0,1,0,0,1,1,0,0,0,1,0,0,0,1,0,0,0,0,1,0,1,0,1,0,1,0.592728
1,1,1,0,1,0,0,1,0,1,1,1,0,0,0,0,1,0,1,1,1,0,0,0,0,1,1,0,0,0,1,0,0.628861
0,0,0,0,1,1,0,0,1,0,0,0,1,0,0,1,1,0,1,0,1,0,0,1,0,0,0,0,1,1,0,1,0.661280
1,1,0,1,0,0,0,0,1,0,1,1,1,0,0,0,0,0,1,1,0,1,0,0,1,0,1,0,0,1,0,1,0.594685
1,0,1,1,0,1,1,0,0,1,0,0,1,1,1,0,0,0,0,1,0,0,0,0,0,1,1,0,0,0,1,1,0.596116
1,1,0,1,1,1,0,1,0,0,1,1,0,0,1,0,0,0,1,0,1,1,0,0,1,0,0,1,0,0,1,1,0.609063
0,1,0,0,1,0,1,1,1,1,1,1,0,0,1,0,1,1,1,0,1,0,1,1,1,1,1,1,1,0,0,0,0.621459
1,0,0,1,1,1,0,1,1,0,1,0,1,0,1,0,1,1,0,0,0,0,1,1,0,0,0,0,0,0,0,1,0.626703
1,1,1,0,0,1,0,0,1,1,1,1,0,0,0,0,1,1,1,1,1,0,1,0,1,1,0,0,1,0,1,1,0.610594
0,1,1,1,0,1,1,0,1,1,0,0,1,0,0,1,1,1,0,0,1,1,0,0,0,1,1,0,0,1,0,0,0.599528
1,0,1,0,0,1,1,0,0,0,1,1,0,1,0,1,1,0,1,0,0,0,1,0,0,1,1,0,0,1,0,1,0.601385
0,1,0,0,0,1,1,0,1,0,1,1,1,1,1,1,0,1,0,1,0,0,0,1,0,0,0,1,1,1,1,0,0.639425
1,0,0,1,1,0,1,0,0,0,1,1,1,1,1,0,0,0,0,0,1,1,1,1,0,0,0,1,0,1,0,0,0.672145
1,1,1,0,0,1,1,1,0,0,1,1,0,0,1,0,0,0,0,0,0,1,1,0,0,1,1,1,0,0,0,1,0.606604
0,1,1,1,1,1,0,0,1,0,0,0,1,1,0,1,1,0,1,1,0,1,0,0,1,0,1,0,1,0,0,1,0.604948
0,1,0,0,1,1,1,0,0,1,0,1,1,1,1,1,1,1,1,0,1,0,1,1,1,1,1,0,0,1,1,0,0.647705
1,1,1,1,0,1,1,1,1,0,1,1,0,0,1,0,1,1,1,0,1,0,1,0,0,0,1,0,0,1,0,0,0.616742
0,1,1,1,1,1,1,0,1,0,1,0,0,1,1,0,0,0,1,1,0,0,1,1,1,0,0,0,1,1,0,0,0.629237
1,0,0,1,1,1,0,1,1,1,1,1,1,1,1,0,1,1,0,1,0,0,1,1,1,1,0,0,0,1,0,1,0.603267
0,1,0,0,0,1,0,0,1,1,1,1,0,1,1,1,1,1,0,0,0,1,0,1,1,1,0,1,0,0,1,1,0.613003
0,1,0,0,0,1,1,0,1,1,1,0,0,0,0,1,0,1,0,0,1,1,1,1,0,0,0,1,0,0,1,1,0.622412
1,0,0,1,0,0,0,1,0,0,1,1,1,1,0,1,1,1,1,0,0,1,1,1,0,0,0,0,1,0,0,0,0.608386
0,1,0,1,0,0,0,0,0,1,0,0,1,0,0,1,1,0,1,1,1,0,0,1,0,1,0,1,1,0,0,0,0.598725
1,1,0,1,0,0,0,0,1,0,0,1,0,0,0,0,1,0,0,1,1,1,1,1,1,0,0,1,1,0,1,1,0.594409
0,0,1,0,1,1,0,0,1,1,1,1,0,1,0,1,1,0,1,1,1,0,0,0,0,1,1,0,1,0,0,0,0.633704
0,1,1,0,0,0,1,0,0,0,0,0,0,0,0,0,0,1,1,0,0,1,0,1,1,1,1,0,0,0,0,1,0.590646
0,0,0,0,0,0,0,0,1,0,1,1,0,1,0,1,0,0,1,1,1,0,1,1,0,0,1,0,1,1,1,1,0.669134
0,1,0,0,1,1,1,0,0,0,0,0,0,1,0,0,0,1,1,0,1,0,0,0,1,0,0,1,0,0,0,1,0.603869
0,0,1,1,1,1,1,1,1,1,0,1,0,1,0,1,1,1,0,1,1,0,0,0,0,0,0,0,1,0,0,0,0.598951
0,1,0,0,0,1,0,0,1,1,0,1,0,1,0,0,0,0,1,1,0,0,0,0,1,0,0,1,1,1,0,0,0.602715
1,1,0,1,1,0,1,1,0,0,1,1,1,1,0,0,1,1,1,1,1,0,0,0,1,1,1,1,0,0,1,1,0.630342
1,1,1,1,0,1,0,1,0,0,0,0,0,1,0,1,1,0,0,0,0,0,1,1,1,1,1,0,1,0,0,1,0.594911
0,0,0,1,0,1,1,1,0,1,0,0,0,1,0,1,1,0,1,0,1,0,0,1,0,0,0,1,1,1,1,1,0.703009
0,1,0,0,1,1,1,0,1,1,1,0,0,1,0,0,0,0,0,0,1,1,1,1,0,0,0,0,0,0,1,0,0.796101
0,1,1,1,0,0,1,0,0,1,0,0,1,0,1,0,0,0,0,1,1,1,0,1,1,0,0,0,0,1,1,0,0.611372
0,0,0,1,1,1,1,1,1,0,1,0,1,0,1,1,0,0,0,0,1,0,1,0,0,1,0,0,0,1,0,1,0.725742
1,0,1,1,1,0,0,1,0,1,1,1,1,0,0,0,1,1,0,1,1,1,0,1,0,0,0,1,1,1,0,1,0.622764
0,0,1,0,0,0,1,0,0,0,0,0,0,1,1,0,1,0,1,1,0,0,1,0,0,0,0,0,0,0,1,1,0.616315
0,1,1,0,1,1,1,0,0,0,1,0,0,0,1,1,1,0,0,0,1,1,0,0,0,0,0,1,1,0,1,1,0.654530
1,1,0,1,0,0,1,0,1,0,1,0,0,1,0,0,0,0,1,0,1,0,0,1,0,1,1,1,1,0,0,1,0.600156
1,0,1,1,1,0,0,1,0,0,1,0,0,1,0,1,1,1,1,1,0,0,1,0,1,0,0,1,1,0,1,1,0.613680
0,0,1,0,1,1,1,1,1,0,0,0,1,1,1,0,0,0,1,0,1,0,1,0,1,0,1,0,1,0,0,0,0.681931
0,0,0,1,1,1,1,1,0,1,0,0,0,0,0,1,0,0,1,1,1,1,0,0,0,0,0,0,1,0,1,0,0.650741
0,1,0,0,1,1,0,0,0,1,1,1,0,1,1,0,0,0,0,1,0,0,1,0,0,1,0,0,1,1,1,1,0.627556
0,1,1,0,0,1,1,1,0,1,1,1,1,1,1,1,0,1,0,0,1,0,1,0,0,0,0,0,0,0,1,0,0.645447
1,1,1,0,1,0,1,0,1,0,0,1,1,0,0,0,0,1,1,1,1,1,0,0,0,1,1,1,1,1,0,0,0.603518
1,1,0,0,0,0,0,0,1,1,0,0,1,1,0,0,0,0,1,1,0,1,0,1,1,1,0,0,0,1,1,1,0.612451
1,1,1,0,0,1,1,0,0,0,0,0,0,1,0,0,0,1,1,1,0,1,1,0,0,1,0,0,0,0,0,1,0.617168
0,0,1,1,1,1,1,0,1,0,0,1,0,0,0,1,1,0,1,0,0,0,0,1,1,1,0,0,0,1,0,0,0.597094
0,0,0,1,1,0,1,0,0,1,0,0,0,1,0,1,1,0,1,1,0,0,1,0,1,0,0,0,0,1,1,0,0.597747
1,0,0,1,0,0,0,0,1,0,1,0,1,0,1,1,0,0,1,1,0,0,0,1,0,0,1,1,0,0,0,1,0.603518
1,1,1,0,1,1,0,1,1,0,0,0,0,0,0,0,1,1,1,0,0,0,0,0,1,0,1,1,0,1,1,0,0.606203
1,0,1,1,1,0,0,1,0,0,1,0,0,1,0,1,1,1,0,1,0,0,1,1,0,1,0,1,0,1,1,1,0.613680
0,0,0,1,1,1,0,1,0,1,0,0,1,0,0,1,1,0,1,0,1,0,1,1,0,0,1,1,0,0,1,0,0.607257
0,1,1,0,0,1,0,1,0,0,1,1,1,0,1,0,0,1,1,0,1,1,1,0,0,0,1,0,1,0,1,0,0.601937
1,1,0,0,1,0,1,0,1,0,1,0,0,0,0,1,0,1,0,0,1,1,1,0,1,0,0,1,1,0,0,1,0.600231
0,1,0,1,0,0,1,0,1,0,1,0,0,1,1,1,1,1,1,0,0,0,0,0,1,1,1,0,0,0,1,0,0.602464
0,1,0,0,1,0,0,1,1,0,1,1,0,0,0,0,1,1,1,1,1,0,0,0,1,1,1,0,0,1,0,0,0.629313
0,1,1,1,0,0,1,1,1,0,0,1,0,0,1,0,1,0,0,0,1,0,0,1,0,1,0,1,1,0,1,0,0.596166
1,1,1,1,1,1,0,1,1,0,0,0,1,1,1,0,0,0,0,0,0,0,0,1,0,1,1,1,1,0,0,0,0.598374
0,1,0,0,1,1,0,1,0,0,1,1,0,0,1,0,0,1,0,1,0,1,0,1,0,1,1,0,0,0,0,1,0.593807
1,0,0,1,0,1,1,0,0,0,1,1,0,1,0,0,0,0,1,1,0,0,0,0,1,1,0,0,1,0,1,0,0.595363
1,0,0,0,0,0,1,1,1,0,1,1,1,1,0,0,0,0,1,1,0,0,0,1,0,0,1,0,1,1,1,1,0.629513
1,0,1,1,0,0,0,1,1,0,0,1,0,0,1,1,1,1,1,1,0,1,1,1,1,0,0,1,0,0,1,1,0.602439
1,1,0,1,0,1,0,0,1,1,0,0,1,1,1,1,0,0,0,0,0,0,0,1,1,1,1,1,1,0,1,0,0.597697
0,1,1,1,0,0,1,0,0,1,1,1,1,1,1,0,1,1,0,0,0,1,1,0,0,0,0,1,1,0,1,0,0.601812
0,0,1,0,0,1,0,0,1,1,0,1,0,1,1,1,0,1,1,0,0,1,0,0,1,0,1,1,0,0,0,1,0.603869
1,1,0,1,1,0,1,1,1,1,0,0,1,0,1,0,1,0,0,1,1,0,1,0,0,0,0,1,1,0,0,0,0.619978
0,1,1,1,0,1,0,1,1,0,1,0,0,0,0,1,1,0,1,0,1,1,1,0,0,0,0,0,0,0,0,1,0.607131
1,1,1,1,0,1,0,1,1,1,0,0,0,1,1,1,1,0,1,0,1,1,0,0,1,1,1,0,0,1,1,0,0.597069
0,1,0,1,1,1,1,1,0,0,1,1,0,1,0,1,1,1,1,1,0,0,1,1,0,1,1,0,1,1,1,1,0.604697
0,0,0,0,0,1,0,1,1,1,0,1,0,0,0,1,0,1,0,0,1,1,1,1,1,0,1,1,1,1,0,0,0.618071
0,1,1,0,0,0,1,1,0,1,0,0,1,1,1,0,0,0,1,1,0,1,1,1,1,1,1,0,1,0,1,1,0.648433
0,1,1,0,1,1,1,0,0,0,0,0,1,0,0,0,0,1,0,1,1,0,1,1,1,0,0,1,1,0,1,1,0.663338
0,0,0,0,0,0,0,1,1,1,0,0,1,1,1,0,1,0,0,0,1,1,0,1,1,1,1,1,0,1,0,1,0.605299
0,0,0,0,0,1,1,1,1,0,0,1,0,0,0,0,1,0,0,0,0,1,0,1,1,0,1,0,1,1,0,0,0.626578
0,1,0,0,0,1,0,0,0,1,0,1,1,1,0,1,1,0,1,0,1,1,1,0,0,0,0,0,1,0,0,0,0.616792
0,0,1,0,0,0,1,0,0,0,1,0,1,0,0,0,1,1,0,1,1,0,0,1,1,0,1,1,1,1,1,0,0.598575
0,0,0,1,1,1,0,0,1,1,0,0,0,0,0,0,1,1,0,0,1,1,1,0,0,1,1,0,1,0,1,1,0.607834
0,1,0,1,1,1,1,0,1,1,0,0,1,1,1,1,0,0,1,1,0,1,1,0,1,1,0,1,0,1,0,0,0.612250
0,0,1,1,0,0,1,1,0,0,0,1,0,0,1,1,0,1,0,0,0,1,1,0,1,0,0,1,1,1,1,0,0.633353
1,1,0,1,0,0,1,1,0,1,0,1,1,1,0,1,0,0,1,1,0,1,0,1,0,0,0,1,1,0,1,0,0.608612
1,1,0,0,0,0,0,0,1,0,0,1,0,1,0,0,1,1,0,1,1,1,1,0,0,0,1,0,1,1,1,0,0.599880
0,0,0,1,1,1,1,0,1,1,1,1,0,0,0,1,0,1,1,0,0,0,0,1,0,0,1,1,1,0,0,1,0.608612
0,0,0,0,0,0,1,0,1,1,1,0,1,1,0,0,1,1,1,1,0,1,1,0,0,1,0,0,1,1,0,0,0.596492
0,0,0,1,1,0,0,1,1,1,1,0,0,1,0,1,1,1,0,1,0,1,1,0,1,0,0,1,1,1,0,0,0.595689
0,1,0,1,1,1,1,0,1,1,0,0,0,1,0,0,1,1,1,1,1,1,0,0,0,1,1,0,0,1,0,1,0.640153
1,0,1,0,0,1,1,0,0,1,1,0,1,1,1,0,0,0,0,0,0,0,0,1,1,0,1,1,1,0,1,0,0.617294
0,0,0,0,0,0,0,0,1,0,1,0,1,1,1,0,1,0,0,0,1,1,1,0,0,0,0,0,1,1,1,0,0.677816
1,1,1,0,1,1,1,1,1,0,0,1,0,1,1,1,0,0,1,1,0,1,0,0,0,0,1,0,1,1,1,1,0.686749
0,1,0,1,0,0,0,0,0,0,0,0,0,1,1,1,0,1,1,1,1,0,1,1,0,0,1,1,1,1,0,1,0.630392
1,1,1,0,1,0,0,0,0,1,1,1,0,1,0,1,1,1,1,0,1,1,1,1,0,0,1,0,0,0,1,1,0.599328
1,1,1,1,0,0,0,1,1,0,0,0,0,1,0,0,1,1,0,1,0,0,0,0,1,0,0,1,1,0,0,0,0.687853
0,0,0,1,0,1,1,0,1,1,1,1,0,1,0,0,1,0,1,0,1,1,1,1,0,0,0,1,0,1,1,1,0.621685
0,1,0,0,0,0,0,1,1,0,1,0,1,0,0,0,1,1,0,1,0,1,1,0,1,0,1,0,1,0,1,1,0.602539
0,1,1,1,1,0,1,1,0,0,0,0,1,1,0,0,0,1,1,0,1,1,0,1,0,0,0,1,1,0,1,0,0.632725
1,0,1,0,1,0,1,0,0,1,0,0,0,0,1,1,0,0,1,0,0,0,0,0,0,0,0,1,0,1,0,1,0.598023
1,0,1,1,0,1,1,0,1,0,1,0,0,0,0,1,0,0,1,1,1,0,0,1,1,1,0,1,0,0,1,0,0.599052
0,1,1,0,0,1,1,1,1,1,1,1,1,1,1,0,1,1,1,1,1,0,1,1,1,1,1,1,1,1,1,1,0.573131
1,0,1,0,1,0,0,1,0,0,0,1,1,1,0,0,0,0,0,0,1,0,0,0,0,1,0,0,1,0,1,1,0.666248
0,1,1,1,1,0,0,0,1,0,0,0,1,0,1,0,0,1,0,1,1,0,1,0,0,1,0,0,1,0,1,1,0.602188
1,0,1,0,0,0,0,0,0,0,1,0,1,1,1,1,0,1,1,1,1,1,1,0,0,1,1,1,1,0,0,1,0.609515
1,0,1,0,1,0,0,0,0,1,1,0,0,0,1,1,1,0,1,0,1,1,0,0,1,0,0,1,0,0,0,1,0.607733
0,0,0,0,1,0,0,0,1,1,1,0,0,1,1,1,0,1,1,0,1,0,1,1,0,1,0,1,1,1,0,0,0.619251
1,0,1,0,1,1,0,0,1,1,1,1,1,1,0,0,1,1,1,1,1,1,1,1,0,0,1,1,1,0,1,1,0.592628
0,1,0,0,0,0,0,0,0,0,0,0,0,1,1,0,1,1,1,1,1,0,0,0,1,0,0,1,0,1,1,0,0.592703
1,0,1,1,1,1,1,0,1,1,0,1,0,1,0,0,0,1,0,0,0,0,1,1,0,0,0,0,1,0,1,0,0.616591
1,0,0,0,1,0,0,1,0,1,0,0,0,1,0,0,1,0,1,0,0,0,1,0,1,1,0,0,0,0,0,1,0.601561
1,0,1,0,0,1,0,1,0,1,1,1,0,0,0,0,0,1,0,1,1,0,0,1,1,0,1,1,0,1,1,0,0.604823
0,1,1,1,0,0,0,0,1,0,1,1,1,0,0,1,1,0,1,0,0,0,1,0,0,1,0,0,1,1,1,0,0.599704
1,1,1,1,1,0,0,0,0,0,0,1,1,1,1,0,0,1,1,1,0,1,1,0,1,1,1,1,1,0,1,1,0.605977
0,1,0,1,1,0,1,0,0,0,1,1,1,1,0,1,0,0,1,0,0,0,0,0,1,0,1,1,0,0,1,1,0.604346
1,0,0,1,1,0,0,1,1,1,1,1,0,0,1,0,0,1,1,1,0,1,1,0,1,1,0,0,0,1,1,1,0.598976
0,1,0,1,0,1,0,1,0,1,0,0,1,0,0,0,0,0,0,1,0,1,0,1,1,1,0,1,0,0,0,1,0.592277
0,1,0,1,0,1,1,1,0,1,0,0,1,1,1,0,0,1,0,0,0,0,1,0,0,1,0,1,0,1,1,1,0.626477
1,0,1,0,1,0,1,1,1,0,0,1,0,1,1,1,0,0,1,1,1,0,0,1,1,0,1,1,0,0,1,1,0.609565
1,1,1,1,1,0,0,0,0,1,0,0,1,0,1,0,0,0,0,0,0,0,1,0,0,0,1,1,0,0,1,0,0.597069
1,0,0,0,1,0,1,1,1,1,1,1,0,1,1,0,0,0,1,1,0,1,0,0,0,1,0,1,1,0,0,0,0.594033
1,1,0,1,0,1,1,0,1,1,1,1,1,1,1,1,1,0,0,1,1,0,1,1,0,0,1,0,1,1,1,1,0.662936
0,0,0,0,0,1,0,0,1,1,1,1,0,1,0,1,0,1,0,1,0,1,0,0,1,1,0,1,1,1,0,1,0.593531
1,0,1,0,0,1,1,0,1,0,1,1,0,0,0,1,0,0,0,0,1,0,1,1,0,0,1,0,1,0,1,0,0.620179
0,1,0,0,1,1,0,0,1,0,0,0,1,1,0,1,0,1,1,1,0,0,0,1,1,1,0,1,0,0,0,0,0.598926
0,0,0,0,0,0,0,0,1,0,1,0,1,1,1,1,1,0,0,0,0,1,0,1,0,1,1,0,0,0,0,0,0.586079
1,1,1,1,0,1,0,0,0,0,0,0,1,1,0,0,1,1,0,1,1,1,0,0,0,1,0,0,1,1,0,1,0.706672
0,0,0,0,1,1,1,1,1,1,1,1,1,1,1,0,0,1,1,0,1,0,1,0,1,0,0,1,1,1,0,0,0.628334
1,0,1,0,1,1,0,1,0,1,0,1,0,0,1,1,0,0,0,1,1,0,0,1,0,1,1,1,1,1,0,0,0.611748
0,1,1,1,1,0,1,1,0,0,1,1,1,0,0,0,0,0,1,0,1,1,1,0,1,0,1,1,1,0,1,0,0.620079
1,1,1,0,0,0,1,0,0,1,0,1,1,0,0,1,0,1,0,0,1,0,1,1,1,1,0,1,1,1,0,1,0.602916
1,0,1,0,1,1,0,1,1,0,0,1,0,1,0,1,0,1,0,1,0,1,0,1,1,0,1,1,1,0,0,1,0.594535
0,1,1,0,1,0,1,1,0,1,1,1,0,1,0,0,1,1,1,1,1,1,0,1,0,0,1,1,1,0,0,0,0.602163
0,0,0,1,0,1,1,1,0,1,0,0,0,1,0,0,0,0,0,1,1,0,1,0,0,0,1,1,1,1,0,1,0.634984
0,1,0,0,1,1,1,0,0,1,0,1,0,0,0,1,0,0,0,0,0,1,1,1,1,1,1,0,1,0,1,1,0.639651
1,0,1,0,1,0,0,0,0,1,0,0,1,1,1,0,0,0,1,1,1,0,0,0,1,0,1,1,0,0,0,0,0.597195
1,1,0,0,0,1,0,0,0,1,1,0,1,0,1,1,1,1,0,0,0,1,0,1,1,1,0,0,1,0,1,1,0.610343
1,0,1,0,0,1,1,0,0,0,1,0,1,0,1,0,1,1,1,0,1,1,0,1,1,1,1,1,1,0,0,0,0.618272
1,1,0,1,1,1,1,1,1,1,1,1,1,1,0,0,0,1,1,1,1,1,1,1,0,1,0,0,0,1,1,1,0.682558
1,1,1,1,1,0,1,1,0,1,1,1,0,1,0,0,0,1,1,0,0,1,0,0,1,1,1,1,1,0,1,1,0.607934
0,0,0,0,1,1,0,1,0,0,1,1,1,0,0,0,1,1,1,0,1,0,0,1,1,0,0,1,0,0,1,0,0.608662
0,0,0,1,1,0,0,1,0,1,1,0,1,0,1,0,1,0,0,1,1,0,1,0,0,0,1,0,0,1,0,0,0.597019
1,1,1,0,0,0,0,1,1,0,0,0,1,1,1,0,1,1,0,1,0,1,1,1,0,1,1,0,1,1,0,0,0.612275
1,0,1,0,1,1,0,0,1,0,0,1,1,1,1,0,0,0,1,1,1,0,0,0,1,0,0,1,1,1,1,0,0.593356
1,0,0,1,0,1,1,0,1,1,1,0,0,1,1,0,0,0,0,0,1,1,0,1,1,1,1,0,0,1,1,1,0.617720
1,0,1,1,0,0,1,1,0,1,0,0,1,0,1,0,1,1,1,0,0,0,0,1,1,0,0,0,0,0,1,1,0.598299
0,1,1,0,0,1,1,1,0,0,1,1,0,0,0,1,0,1,1,0,1,1,1,1,1,1,1,0,0,1,0,0,0.618097
1,0,1,0,1,1,0,0,0,0,1,1,0,0,1,0,0,1,1,0,0,0,0,0,1,0,1,1,0,1,1,0,0.624821
0,1,1,1,0,1,1,1,0,0,0,1,0,1,0,0,0,1,0,1,0,0,1,1,1,0,0,1,0,1,1,0,0.602640
1,0,0,1,1,0,1,1,1,0,0,0,1,0,0,0,0,0,0,1,1,1,0,0,1,0,0,1,0,0,1,1,0.605023
1,1,1,0,0,1,1,1,1,1,1,0,1,0,0,1,0,0,1,0,0,0,0,0,0,1,0,1,1,1,0,1,0.602539
1,1,0,1,0,1,1,1,1,1,0,0,1,0,1,0,0,0,0,1,0,1,1,0,1,1,1,0,0,1,1,0,0.608361
1,1,1,0,1,1,1,0,0,0,0,1,1,0,0,1,1,0,1,0,1,1,0,0,0,1,0,0,0,1,1,0,0.633729
0,1,1,1,0,0,1,0,0,1,1,0,1,1,0,0,0,0,0,0,0,0,1,0,0,0,0,1,0,0,1,0,0.597822
1,0,1,1,1,1,0,0,0,0,0,0,1,0,0,1,1,0,1,0,0,0,0,0,1,0,0,0,0,1,0,0,0.632725
1,1,1,0,1,1,0,0,1,0,0,0,0,1,0,0,1,0,0,1,1,0,1,1,1,0,0,0,1,1,1,0,0.633754
1,1,0,0,1,0,0,1,0,0,1,0,1,0,0,1,1,0,1,1,1,0,1,1,0,1,1,0,1,1,1,1,0.658319
0,1,0,0,1,1,0,0,1,1,0,0,0,0,0,1,1,0,1,1,0,1,1,1,1,0,1,1,1,0,1,1,0.602238
1,1,1,0,0,1,1,0,0,1,0,0,0,0,0,1,1,0,0,1,0,0,1,0,0,1,0,1,1,0,1,1,0.604246
1,1,0,1,0,0,0,1,1,0,1,0,0,1,1,1,1,0,1,1,0,1,1,1,1,1,0,0,0,0,1,1,0.591398
1,1,1,0,1,1,0,1,1,1,1,1,0,1,0,0,0,1,1,1,1,1,1,1,0,0,1,0,1,1,0,1,0.618147
0,1,1,0,0,1,1,1,0,0,0,1,1,1,1,1,1,0,1,1,0,1,1,1,0,1,0,0,1,0,1,1,0.737234
0,0,0,1,0,1,1,0,0,0,1,0,0,1,0,1,0,1,1,0,0,0,1,1,0,1,1,0,1,1,1,1,0.696083
1,1,0,0,0,0,1,0,1,0,0,1,0,1,1,1,1,0,1,1,1,0,1,0,1,0,0,1,1,0,1,0,0.596969
1,0,1,1,0,0,0,1,1,1,0,1,0,1,0,0,0,1,0,0,1,1,1,1,1,1,1,0,1,0,1,0,0.599252
1,1,0,1,0,0,1,1,0,1,0,0,0,1,0,0,0,0,0,0,1,1,0,0,0,1,0,1,1,1,1,1,0.621409
0,1,1,1,1,1,0,1,1,0,1,1,0,1,0,1,1,0,1,1,0,0,0,0,0,0,1,1,1,0,1,1,0.603518
1,1,0,1,0,1,1,1,0,0,0,1,0,1,1,0,1,1,1,1,1,0,1,1,0,0,0,0,0,0,1,0,0.621509
1,0,0,1,1,0,1,0,1,0,1,1,1,0,0,0,1,0,0,0,1,0,1,1,1,0,1,1,0,1,1,0,0.611472
1,0,1,1,0,0,1,1,1,0,0,1,0,1,1,0,1,0,1,1,0,1,1,1,0,1,1,0,1,0,1,0,0.600783
0,1,1,0,0,1,1,1,1,0,0,0,1,1,1,0,1,0,0,0,0,1,1,1,1,1,1,1,1,1,0,0,0.617494
0,0,0,0,0,1,1,1,0,1,0,0,0,0,1,0,1,1,1,1,0,0,1,0,0,1,0,0,1,0,0,1,0.594585
0,0,0,0,1,1,1,1,1,0,0,0,1,1,0,0,1,0,1,0,1,0,0,1,1,0,0,1,1,1,1,0,0.682057
1,0,0,0,0,0,0,0,1,1,1,0,1,0,0,1,1,0,1,0,1,1,0,0,0,0,1,1,0,1,1,0,0.593230
0,0,1,0,1,1,0,1,0,0,0,1,1,0,1,0,1,1,0,1,0,0,0,1,0,0,0,1,0,0,1,0,0.600432
1,0,1,1,1,1,0,1,1,0,1,1,0,1,1,1,1,0,0,1,0,0,0,0,1,1,0,1,0,1,0,1,0.616867
0,0,0,0,0,0,0,1,1,0,1,0,1,1,0,0,0,1,1,0,1,0,0,1,0,1,0,0,0,1,1,1,0.644494
1,1,1,0,1,1,0,1,1,0,1,1,1,0,1,1,0,1,0,1,0,0,0,0,0,1,0,0,0,0,0,1,0.612250
0,0,1,1,1,0,1,1,0,1,0,0,1,1,0,1,1,0,1,1,0,1,1,0,0,0,1,1,0,1,0,1,0.608561
1,0,0,1,1,1,1,0,0,1,1,0,1,0,0,0,1,1,1,1,0,0,0,1,0,0,0,0,0,0,0,1,0.595413
0,1,0,1,1,1,0,0,1,1,0,0,0,1,1,0,1,1,1,0,0,1,0,1,0,0,1,0,0,1,1,1,0.598474
0,1,1,1,0,1,0,0,1,1,0,0,1,1,0,0,0,0,0,1,1,1,1,1,0,1,1,0,0,1,0,0,0.649161
0,0,1,1,0,1,0,0,0,0,1,1,0,0,1,1,0,0,0,1,1,1,1,0,0,0,0,0,1,1,0,0,0.619677
0,0,1,1,1,0,1,0,1,1,1,1,1,1,1,1,1,0,1,1,0,1,1,0,1,0,0,0,0,0,0,0,0.615361
1,1,1,1,1,1,0,0,0,1,0,0,1,1,0,1,0,1,0,0,0,0,1,0,1,1,0,0,1,0,0,1,0.596944
0,0,1,1,0,0,0,0,1,1,0,1,1,0,0,0,1,0,1,1,1,1,1,1,1,0,0,1,0,1,0,0,0.603919
0,0,1,1,0,0,1,0,1,1,0,1,1,1,1,1,0,0,1,1,0,0,1,1,1,1,0,0,0,1,1,0,0.639174
1,1,1,0,0,0,0,0,1,1,1,0,0,0,0,0,1,0,1,0,1,1,1,0,1,0,1,1,0,1,0,1,0.623341
0,1,0,0,1,1,0,0,1,0,0,1,1,0,0,0,0,0,1,0,0,0,1,1,0,0,1,1,1,1,1,1,0.615738
1,0,1,1,0,0,0,0,0,1,0,0,0,0,0,1,1,0,0,1,0,1,0,1,1,1,1,0,0,1,1,0,0.594033
1,1,1,1,1,1,1,0,1,0,0,1,0,0,0,0,0,0,1,1,0,1,1,1,0,0,1,0,0,0,1,1,0.608411
0,0,1,0,0,1,0,1,1,1,1,1,0,1,1,1,0,0,1,1,0,0,1,0,0,0,1,0,0,0,1,1,0.652347
0,0,0,0,0,1,0,1,1,0,1,1,1,0,0,1,0,0,0,0,1,0,1,1,1,1,0,0,1,1,0,0,0.635084
1,0,1,0,1,0,1,0,1,1,0,1,1,1,1,0,1,1,1,1,1,1,1,0,1,1,1,1,0,0,1,0,0.607984
1,1,0,1,1,0,1,1,0,1,0,1,0,1,1,0,1,0,0,0,1,1,1,0,1,1,0,0,1,0,0,1,0.620380
1,0,1,1,1,1,0,0,0,0,0,1,0,1,1,1,0,0,0,1,0,0,1,0,0,1,1,0,0,1,0,1,0.598675
1,0,1,0,0,0,0,0,0,1,1,1,0,1,1,0,1,0,1,1,0,0,0,1,0,1,1,1,1,1,1,1,0.622989
0,0,1,0,0,1,1,1,0,1,0,0,1,0,1,1,0,1,1,0,1,0,0,1,1,1,1,0,0,1,0,0,0.630919
0,0,1,0,1,0,0,1,0,1,1,0,0,1,1,1,0,1,0,1,1,1,0,1,1,1,0,0,0,0,0,1,0.639350
1,0,0,1,1,0,1,1,1,0,0,0,1,0,1,1,1,0,0,0,1,1,0,1,1,0,1,1,1,1,0,1,0.655233
0,1,1,1,1,1,0,1,1,0,0,1,1,1,0,1,1,1,0,1,1,0,0,0,1,1,0,0,0,0,0,1,0.607809
1,1,0,1,0,0,1,1,1,1,0,0,0,1,1,1,0,0,0,1,0,1,1,0,0,0,0,0,0,0,0,0,0.595438
0,0,1,0,0,0,1,1,1,1,1,1,1,0,1,0,1,1,1,1,1,1,1,0,1,0,1,1,1,1,1,1,0.598550
0,1,1,0,0,1,0,1,0,1,1,1,0,0,0,1,1,1,1,1,0,0,1,0,0,0,0,0,1,1,1,0,0.600356
1,0,1,1,0,0,0,0,0,1,0,1,0,1,0,1,1,1,1,0,0,0,1,1,0,0,1,0,0,1,1,1,0.614157
1,0,0,1,0,0,1,1,0,1,0,0,0,0,0,1,1,0,0,1,0,0,0,0,1,0,0,0,0,1,1,0,0.600783
1,1,1,0,1,1,1,1,0,1,0,1,1,1,0,0,0,1,0,0,1,1,0,1,0,0,1,0,1,1,0,1,0.646426
1,0,1,0,1,0,0,0,1,1,0,1,1,0,0,1,0,1,0,1,0,1,0,1,1,1,0,0,1,0,0,1,0.602790
0,0,1,0,1,1,1,1,0,1,1,1,0,0,0,1,1,0,0,0,0,0,1,0,0,0,1,1,0,1,0,1,0.630492
0,1,0,0,1,0,0,1,1,0,1,0,1,0,0,1,0,0,0,0,1,1,1,1,0,0,1,0,1,0,1,1,0.729456
0,0,0,1,0,0,0,0,0,0,1,1,0,0,0,1,0,0,0,0,0,0,0,1,1,0,0,0,0,1,0,0,0.520663
1,1,0,1,1,1,0,0,1,1,0,1,1,0,1,1,1,1,0,1,0,0,1,0,0,1,0,1,1,1,1,1,0.592879
0,1,1,1,1,0,1,0,0,1,0,1,0,0,0,1,0,0,0,1,1,0,0,1,1,1,1,0,1,0,0,0,0.601084
1,0,1,1,1,0,1,1,0,1,1,1,1,0,0,0,1,0,1,0,1,0,1,1,0,0,1,1,0,0,0,1,0.597822
1,1,0,0,0,0,1,1,0,1,0,0,0,0,0,1,0,1,0,0,0,1,0,1,0,1,1,0,0,1,0,1,0.602063
1,1,1,1,1,1,1,1,1,0,1,1,1,0,1,0,1,0,0,0,1,0,0,1,0,1,1,1,0,0,0,0,0.629840
0,0,1,0,1,0,1,1,1,0,1,0,0,1,1,1,0,1,0,1,1,1,1,1,1,1,0,1,0,0,1,1,0.674930
1,1,1,0,0,1,0,0,1,0,1,0,1,1,1,0,0,0,1,0,0,0,0,0,1,1,0,1,1,0,0,0,0.617670
1,0,0,1,0,0,0,1,0,1,0,0,0,0,0,1,0,1,0,0,1,0,1,1,1,1,1,0,0,1,1,0,0.596367
0,0,1,1,0,1,1,1,1,1,1,1,0,0,1,1,1,0,1,1,1,1,1,0,1,1,1,1,0,1,0,0,0.601536
1,0,1,1,1,0,0,1,0,0,0,0,1,0,1,0,0,0,1,1,1,0,1,1,1,1,0,0,1,1,1,0,0.647203
0,1,1,1,1,1,1,1,1,1,1,1,0,0,0,0,1,0,1,1,0,0,0,0,1,0,1,0,0,0,1,0,0.657817
0,1,1,1,0,0,0,0,1,0,1,0,0,0,0,0,0,0,1,0,0,1,1,1,1,0,0,1,0,0,0,0,0.612526
1,0,0,1,0,0,1,0,0,0,1,0,0,1,1,0,0,1,0,1,1,0,0,1,0,1,0,1,1,1,1,0,0.614960
1,0,1,0,0,1,0,0,0,1,0,0,0,0,1,1,1,0,1,0,0,0,1,0,0,0,1,1,0,1,1,1,0.596793
1,1,0,0,0,1,1,0,1,1,0,0,0,1,0,0,0,0,1,1,1,1,0,1,0,1,0,0,0,1,1,0,0.664718
0,1,1,1,1,1,0,0,0,1,1,0,1,0,0,1,1,0,1,1,0,1,1,0,1,0,1,0,0,1,0,1,0.600156
0,0,0,0,1,0,0,1,0,1,0,0,1,0,1,0,1,1,1,1,1,1,1,0,0,1,0,0,0,0,1,0,0.611798
1,1,0,1,0,1,1,1,1,0,0,1,0,1,1,0,1,0,0,0,1,1,1,0,0,1,1,1,0,0,0,0,0.610218
1,0,0,1,1,0,1,0,0,0,1,0,0,1,0,0,0,0,0,1,1,0,1,0,1,0,1,0,0,0,1,1,0.596843
1,1,0,1,0,1,0,0,1,0,1,0,0,1,1,0,1,0,1,0,0,1,0,0,0,1,1,0,0,1,0,0,0.626051
0,0,0,0,1,1,0,0,0,0,1,1,1,0,0,0,1,0,0,1,0,1,1,0,1,1,1,0,0,0,1,1,0.593431
0,1,0,0,0,1,0,0,1,1,1,0,1,0,0,1,1,1,1,1,1,0,1,0,0,0,0,1,1,1,1,0,0.604848
1,1,0,0,0,1,1,1,1,1,0,0,1,1,1,1,0,0,1,0,1,1,0,1,1,1,1,0,1,1,1,1,0.708353
0,1,0,1,1,0,0,1,1,1,1,0,0,1,1,1,1,0,1,1,0,0,1,1,1,1,1,0,1,1,0,1,0.597145
0,1,1,1,1,0,1,1,1,0,0,1,0,0,0,0,0,0,0,0,1,1,0,0,0,1,1,0,1,1,0,1,0.605651
1,1,0,0,0,1,0,1,1,1,1,1,1,0,1,1,0,0,0,1,1,0,0,1,0,1,0,1,0,1,1,1,0.613429
1,1,1,1,0,1,0,0,1,1,1,0,1,1,1,1,1,0,0,1,0,1,0,0,1,1,1,1,1,0,1,0,0.605651
0,0,0,0,1,1,0,0,1,1,0,0,0,1,1,1,1,0,1,1,0,0,0,0,0,0,1,1,1,1,1,1,0.620355
1,1,0,1,1,1,0,1,0,1,0,0,1,1,1,0,0,1,0,1,0,1,1,1,1,0,1,0,0,0,1,0,0.602815
0,1,0,0,1,0,0,0,1,0,0,0,1,0,1,1,1,0,0,0,0,0,0,0,1,0,0,0,0,0,0,0,0.587559
1,1,0,0,1,1,0,0,1,1,0,0,0,0,0,0,1,0,0,1,0,0,1,0,0,1,1,0,0,0,0,1,0.622011
0,1,0,1,0,0,0,1,1,1,0,1,1,0,1,0,1,1,0,0,0,0,1,0,0,0,0,1,0,0,1,1,0.599880
0,1,0,1,1,1,1,1,1,1,0,1,0,1,1,0,1,1,0,1,0,0,1,0,1,1,1,1,1,1,0,1,0.606855
1,1,0,0,0,1,1,1,1,1,1,0,1,1,1,1,0,1,1,1,0,1,1,1,0,1,0,0,0,0,0,0,0.647203
0,1,0,0,0,1,0,1,0,0,0,0,1,0,0,1,0,0,0,0,0,1,1,1,1,1,1,1,0,1,0,0,0.613580
0,1,0,1,0,1,1,0,0,0,0,0,1,0,0,1,0,0,1,0,1,0,1,1,1,0,1,0,1,1,1,0,0.627080
0,1,0,1,0,0,1,0,1,0,0,0,0,0,0,1,0,1,1,1,1,1,0,0,1,0,0,1,0,0,1,0,0.593004
1,1,1,0,1,1,0,1,0,1,0,0,1,1,0,1,0,0,0,0,0,1,1,0,0,1,1,1,1,1,0,1,0.635912
1,0,0,0,1,1,0,0,0,1,0,1,1,0,0,0,0,1,1,0,1,0,0,0,0,1,1,1,0,0,1,0,0.591549
0,0,0,1,1,1,1,1,0,0,0,1,0,0,0,0,1,0,0,1,1,0,0,1,0,0,0,1,1,0,1,1,0.641583
1,0,1,1,1,0,0,0,1,0,1,0,1,1,1,1,1,1,1,0,0,0,0,1,0,1,1,1,0,1,0,1,0.601586
1,1,1,1,1,1,0,0,0,1,1,1,0,0,1,1,1,0,1,0,1,0,1,1,0,0,0,0,0,1,1,0,0.608185
0,0,0,0,0,0,1,1,0,1,1,0,1,0,1,1,0,0,1,0,1,1,1,1,0,0,0,1,0,0,0,0,0.669260
1,1,1,1,1,0,1,0,0,0,1,1,0,1,0,1,0,0,1,1,1,1,1,0,0,1,1,0,0,0,1,0,0.591750
1,0,1,0,1,0,0,1,0,1,1,1,1,0,1,0,0,1,0,1,0,1,1,1,1,0,0,1,1,1,1,0,0.604647
1,1,1,0,0,1,0,0,1,0,0,1,1,1,0,1,1,1,1,0,0,1,0,0,1,1,1,0,1,0,1,1,0.601009
1,1,0,1,0,0,1,0,0,0,1,1,0,0,0,0,1,1,0,0,0,1,0,1,1,0,1,1,0,0,1,1,0.603919
1,0,0,1,1,1,0,0,1,1,0,1,0,0,1,1,1,0,0,1,0,0,1,0,1,1,0,1,0,1,0,0,0.598876
1,1,0,1,1,1,1,0,0,1,0,0,0,1,0,1,1,0,0,0,0,1,1,0,1,0,0,0,1,0,1,1,0.633026
0,0,1,0,0,0,0,0,0,0,1,1,0,1,0,1,0,0,0,1,1,1,1,1,0,0,0,1,0,1,0,0,0.611874
1,0,0,1,0,1,1,1,0,1,1,0,1,0,1,1,1,1,0,0,1,1,0,1,0,1,0,0,0,1,0,0,0.623868
1,0,1,0,1,0,0,1,1,1,0,1,1,0,0,0,1,0,1,0,0,0,1,0,0,0,1,1,1,0,1,0,0.605023
1,1,1,0,0,1,1,1,0,1,1,0,1,0,0,0,0,0,0,0,1,1,0,0,0,1,0,1,1,0,1,1,0.616867
0,1,1,0,0,1,1,0,1,1,1,0,0,1,0,1,1,0,1,0,0,0,0,1,1,1,0,1,0,1,0,1,0.597872
1,0,0,0,0,0,0,0,1,0,1,1,1,1,0,0,0,1,0,0,0,1,0,0,0,0,0,1,1,1,0,1,0.590846
0,1,1,1,1,0,1,1,1,0,1,0,0,1,0,1,0,1,0,0,1,0,0,0,1,1,1,1,0,0,0,0,0.603167
0,0,0,1,0,0,1,1,1,1,0,0,0,0,1,0,1,1,1,0,0,1,0,0,0,0,0,1,0,1,0,0,0.588387
1,0,0,1,1,0,0,1,0,1,0,0,0,0,1,0,1,0,0,0,1,1,1,1,0,1,1,1,0,1,0,1,0.604471
0,1,1,1,1,0,0,0,1,1,1,0,1,1,0,1,0,1,1,1,0,1,1,0,0,1,1,1,0,0,0,0,0.604547
1,0,1,0,0,1,0,1,1,1,1,1,1,1,0,0,1,1,1,1,1,0,0,0,1,1,1,0,1,0,1,1,0.597897
0,1,0,0,1,1,0,1,1,0,0,1,1,1,0,0,0,1,1,1,1,0,1,0,1,1,1,0,1,0,1,1,0.600783
1,1,0,1,0,0,0,0,1,0,0,1,1,1,0,0,0,0,0,1,0,1,0,1,1,0,0,0,1,1,0,1,0.595263
0,0,0,0,0,1,1,0,0,0,1,0,1,0,0,0,0,1,0,0,1,0,1,1,0,0,0,1,1,1,0,0,0.658922
0,0,1,0,1,0,0,0,0,0,1,1,1,1,0,1,1,0,0,0,0,1,1,1,1,1,1,1,1,1,1,1,0.610669
1,1,1,0,1,1,0,1,1,0,0,0,0,0,0,1,0,1,0,1,0,1,0,1,0,1,1,1,1,0,1,0,0.601862
1,1,0,1,1,1,1,1,1,0,0,0,1,0,0,1,0,1,0,0,0,0,1,0,1,0,0,1,0,1,0,1,0.602840
1,1,0,1,0,1,0,1,0,0,1,0,1,1,1,1,0,1,0,1,1,0,1,1,0,0,0,1,1,0,1,0,0.641131
0,1,0,0,1,1,0,1,1,0,0,0,1,1,1,0,0,1,1,1,0,1,1,0,1,0,1,1,1,1,0,0,0.606228
0,0,1,1,0,1,1,0,0,1,1,1,0,0,1,1,1,1,1,1,0,0,0,0,1,0,1,0,1,0,0,1,0.609063
1,1,1,1,0,1,1,0,0,0,0,1,1,0,1,0,1,1,1,1,0,0,1,1,1,1,0,0,0,0,0,0,0.634356
0,1,1,0,0,0,1,0,1,1,0,1,0,0,1,0,0,0,1,1,1,0,0,0,1,0,0,0,1,1,0,1,0.596944
1,1,0,1,0,1,0,1,0,1,0,1,0,1,1,0,1,0,1,1,0,0,1,1,0,0,0,0,1,1,0,0,0.630015
0,0,0,0,0,1,1,1,0,0,0,1,0,0,0,1,1,1,0,0,0,0,0,0,0,0,0,0,0,1,1,1,0.648634
1,1,1,1,0,1,1,0,1,0,0,0,0,1,1,1,1,1,1,1,1,0,1,1,1,0,1,1,0,0,0,0,0.611773
0,1,1,0,0,0,0,0,1,1,0,0,1,1,0,1,0,1,1,0,1,1,0,1,0,1,0,1,1,0,1,0,0.603217
0,1,0,1,1,0,0,1,1,1,0,0,0,1,1,0,1,1,0,0,0,0,1,1,1,0,1,0,0,1,1,1,0.603367
1,0,0,0,0,0,0,0,0,0,1,0,1,1,1,1,0,1,0,0,1,1,1,0,0,1,0,1,1,1,0,1,0.661255
1,1,1,1,0,1,0,0,0,1,0,0,0,1,0,0,0,0,1,1,1,1,1,0,1,1,0,0,0,1,0,0,0.679623
1,0,1,1,1,1,1,0,1,0,1,1,0,0,0,0,0,1,1,1,0,0,1,1,0,0,1,1,1,1,0,0,0.597797
0,1,0,0,0,1,0,1,0,1,1,0,1,1,0,1,0,0,0,0,1,0,1,0,0,1,1,0,1,1,1,0,0.666550
1,1,0,0,0,0,0,1,0,0,0,1,1,0,0,1,1,0,1,1,1,1,1,0,0,1,1,0,1,0,0,1,0.602640
1,1,0,0,0,0,1,1,0,0,1,0,0,1,1,1,1,0,1,0,1,0,0,1,1,0,0,1,0,1,0,0,0.620882
1,0,1,0,0,1,0,1,1,0,1,0,1,0,1,0,1,0,1,1,0,0,0,0,0,1,0,1,0,0,1,1,0.601134
1,1,1,0,0,1,1,1,0,1,0,1,1,1,0,0,0,0,1,0,1,1,0,0,0,0,0,1,0,0,1,1,0.614433
0,1,0,0,0,1,1,0,1,1,0,1,0,1,0,0,0,0,1,0,0,0,0,0,1,1,1,1,1,1,1,0,0.591925
1,0,0,0,0,0,0,0,0,1,1,1,1,1,0,0,1,0,1,1,1,0,0,1,1,1,0,0,1,1,0,0,0.599302
1,1,1,1,0,0,0,1,0,1,0,1,0,1,1,0,1,1,0,1,0,0,0,1,1,0,0,1,1,1,1,1,0.587409
1,0,1,1,0,1,1,0,0,0,1,1,0,0,0,1,1,0,0,0,0,0,1,1,0,1,1,0,0,1,1,1,0.622187
0,1,0,0,0,0,1,1,0,1,0,1,0,1,1,0,0,0,1,0,1,1,0,1,1,1,0,1,1,0,0,1,0.642361
0,1,1,1,1,0,1,0,1,1,0,0,1,0,0,0,0,1,0,0,1,1,1,1,1,0,1,1,0,0,0,0,0.598575
1,0,0,0,1,1,0,0,1,1,0,0,1,1,0,0,1,0,1,1,0,1,1,0,0,1,0,0,0,0,1,1,0.620505
0,0,1,1,1,0,0,0,0,0,1,0,0,1,1,1,1,1,1,0,1,1,1,0,0,1,1,0,0,1,1,1,0.609967
0,1,1,1,1,1,1,1,1,0,1,0,0,1,1,1,1,1,1,0,0,1,0,1,0,1,1,0,1,1,0,0,0.632976
1,0,0,1,0,1,0,1,1,0,1,0,0,0,0,1,1,1,0,1,1,1,0,0,1,1,0,1,1,1,1,0,0.599127
0,1,1,0,0,1,1,1,1,1,1,0,0,0,0,1,1,0,0,1,1,0,0,1,1,1,0,0,1,0,1,1,0.625022
0,0,0,0,1,1,1,1,1,0,1,1,1,1,0,1,0,0,1,1,1,1,0,0,0,1,0,1,0,1,0,1,0.695983
1,1,1,0,1,0,0,1,1,0,0,0,1,0,1,0,0,1,1,1,0,1,1,0,0,0,1,1,1,1,1,0,0.598851
0,1,0,1,0,0,1,1,0,1,1,0,0,1,0,1,0,1,1,1,1,1,0,1,1,1,0,1,0,0,0,1,0.604722
0,1,0,1,1,0,0,1,0,1,1,0,0,0,1,0,0,0,1,1,0,1,0,0,0,1,1,1,0,0,0,1,0.605049
0,1,1,0,1,0,0,0,1,1,1,1,0,0,0,0,1,1,0,1,1,0,1,1,1,1,0,1,0,0,0,1,0.616315
0,0,0,0,1,1,0,1,1,1,0,0,0,1,0,0,1,0,1,0,1,0,0,0,1,0,1,0,1,0,0,0,0.591022
0,0,0,0,1,0,1,1,0,1,0,1,0,0,1,0,1,1,0,1,0,1,1,0,1,0,0,0,1,1,0,0,0.608837
1,1,0,0,1,1,1,1,0,0,0,0,0,0,1,0,0,0,1,0,0,1,1,1,1,1,1,0,0,0,1,0,0.604321
0,0,1,1,0,0,1,0,0,0,0,0,1,0,0,1,0,0,0,0,1,1,1,0,1,1,1,0,1,1,1,0,0.618899
0,0,1,0,0,1,1,0,1,0,1,1,0,1,1,0,1,1,0,0,1,1,1,1,0,1,0,0,1,1,1,1,0.726269
1,0,1,0,1,0,0,0,0,1,0,0,0,1,1,1,1,1,0,0,0,0,1,1,1,1,1,1,1,1,0,0,0.599302
1,0,0,0,0,1,0,0,0,0,0,0,1,0,1,0,1,0,0,0,0,0,1,0,0,0,0,1,1,1,1,1,0.649236
0,1,1,1,1,0,0,0,0,1,0,0,1,1,0,0,1,1,0,1,0,0,1,1,0,0,1,0,1,1,0,1,0.593255
0,1,0,0,1,0,0,1,1,1,0,1,1,1,0,0,1,1,0,0,1,1,0,1,0,0,0,0,1,0,0,0,0.626402
0,0,0,1,0,1,1,0,1,0,1,0,1,0,0,0,0,0,1,0,1,1,0,1,1,1,0,1,1,1,1,0,0.601511
1,1,1,1,1,0,0,1,0,0,0,1,1,1,1,1,0,1,0,1,0,0,0,1,1,1,0,0,1,0,0,0,0.597922
1,1,1,0,0,1,1,0,0,0,1,1,0,0,0,0,1,1,0,0,0,0,0,1,1,1,1,0,0,0,1,0,0.658595
0,0,1,1,1,1,0,1,1,1,1,0,0,1,1,1,0,0,1,1,0,0,1,0,1,0,0,0,0,0,0,0,0.601611
1,0,1,0,1,1,0,1,1,0,1,1,0,1,1,1,0,1,1,0,1,0,1,0,0,0,1,0,0,0,1,0,0.630342
1,1,1,1,0,1,0,1,1,1,1,0,1,1,1,1,1,1,0,0,0,1,1,1,1,0,1,1,1,0,0,0,0.636464
1,1,0,1,1,0,1,0,0,1,1,0,0,1,1,1,1,0,0,0,1,1,1,1,0,1,0,1,1,1,0,0,0.624721
0,1,1,0,0,1,1,1,0,0,0,1,1,1,1,1,0,1,0,1,1,1,1,0,0,1,1,1,0,1,1,1,0.669962
0,1,0,0,1,0,0,0,1,1,0,0,0,0,1,1,0,0,1,1,0,0,1,1,1,0,0,0,0,0,0,1,0.589943
1,0,1,0,1,0,0,1,1,0,0,1,1,1,1,1,0,0,1,0,0,1,0,0,0,0,0,1,0,1,0,1,0.623542
0,1,1,0,1,0,1,1,0,0,1,1,1,1,1,1,1,1,1,1,0,0,1,1,0,1,1,1,0,1,1,0,0.611522
1,0,0,1,1,0,0,1,0,0,1,1,0,0,1,1,1,0,1,0,0,0,0,1,0,1,0,1,0,0,0,0,0.594259
1,1,1,0,1,0,1,0,1,1,1,0,0,1,0,0,1,0,1,0,0,0,1,0,0,1,0,1,1,1,0,1,0.598098
0,1,0,0,0,1,1,1,1,1,0,1,0,1,0,1,1,0,0,1,0,0,0,0,0,0,1,1,1,1,0,0,0.600808
0,1,0,1,1,0,0,0,0,1,1,1,0,0,1,0,0,1,1,1,0,0,0,0,0,0,0,1,0,1,0,0,0.598851
0,0,0,0,0,0,1,0,0,0,1,1,0,0,1,0,0,0,1,0,0,0,1,1,0,0,0,0,0,1,0,1,0.612953
1,1,0,0,0,1,0,0,0,0,1,1,1,1,0,1,0,1,1,1,0,1,1,1,0,1,0,1,0,1,0,1,0.618699
1,0,1,1,1,0,1,1,0,1,0,1,0,1,0,1,0,1,0,0,0,0,0,1,1,0,1,0,0,1,1,0,0.602715
1,0,1,0,1,0,1,0,1,1,0,0,0,1,1,0,0,0,0,1,1,0,1,0,0,0,1,0,1,1,0,1,0.628560
1,0,1,0,1,1,1,1,1,1,0,1,1,0,0,0,0,0,0,0,0,0,1,0,1,0,1,1,0,1,0,1,0.611472
1,0,1,1,0,1,1,1,0,0,0,1,0,1,0,1,1,1,1,1,0,1,0,1,1,1,0,1,1,0,0,1,0.601134
0,1,1,0,0,0,1,1,1,1,0,1,0,0,1,0,0,1,1,0,0,1,0,0,0,1,1,1,1,0,1,1,0.605977
1,1,0,0,1,1,1,1,1,1,0,1,0,0,0,1,0,0,1,1,0,1,0,0,1,1,0,0,1,0,1,0,0.603292
1,0,0,0,0,1,1,0,1,1,1,1,0,0,0,1,0,1,1,0,0,0,0,0,1,0,0,1,0,0,1,1,0.597621
0,0,1,1,1,1,0,0,1,1,1,0,0,0,1,0,1,1,0,1,0,1,0,0,0,0,0,1,0,1,0,0,0.604020
1,0,0,1,1,1,0,1,1,0,0,0,1,0,0,0,1,0,1,1,1,1,1,0,0,1,1,0,0,0,1,0,0.599152
0,1,0,0,0,0,1,0,0,0,1,0,1,1,1,1,0,0,1,1,0,1,0,1,1,0,1,0,0,1,1,0,0.660954
1,1,1,1,0,1,1,1,1,1,1,0,0,0,1,1,1,0,0,0,0,1,1,0,0,1,1,1,1,0,0,1,0.601536
1,0,1,1,1,0,0,1,0,0,1,1,0,0,0,0,0,1,1,1,1,0,1,0,0,0,0,1,0,1,1,1,0.614182
0,1,1,0,1,0,1,1,1,0,1,1,1,1,0,1,0,0,0,0,1,1,0,0,0,1,1,1,1,0,1,0,0.625875
0,0,1,1,0,1,0,1,0,0,1,1,1,1,0,0,0,1,0,0,1,0,1,1,0,1,1,1,0,1,0,0,0.591198
0,1,0,0,1,1,0,1,1,0,1,1,1,0,1,0,0,1,0,1,1,0,0,1,1,1,0,0,0,1,0,1,0.614734
0,1,0,1,1,0,1,1,0,0,1,0,0,1,1,1,1,1,0,1,0,1,1,0,1,1,1,0,1,0,1,1,0.594610
1,0,1,1,1,0,0,0,1,1,1,1,0,0,0,0,1,0,0,0,1,0,1,0,0,1,1,0,0,1,0,1,0.604948
1,1,0,0,1,1,1,0,0,1,0,1,1,0,1,1,1,0,1,0,1,1,0,0,0,0,1,0,1,0,1,0,0.658495
0,0,0,1,1,0,1,1,1,1,0,1,1,1,0,1,0,0,0,1,1,0,1,1,1,0,1,1,0,0,0,1,0.608210
0,0,1,0,1,0,1,0,1,1,0,1,0,0,0,1,0,0,0,1,0,0,0,0,1,1,1,0,1,1,1,1,0.607834
0,0,0,0,0,1,0,1,0,1,0,0,1,1,1,1,1,1,0,1,0,0,1,1,0,0,0,0,0,1,0,1,0.709507
1,1,1,1,0,0,1,0,1,1,1,0,1,1,0,1,1,0,0,0,0,0,0,0,0,1,1,0,1,0,1,1,0.636615
1,1,0,1,0,0,0,1,1,0,1,1,1,0,1,0,1,0,1,0,1,0,0,0,0,1,0,1,0,1,0,1,0.605525
1,0,0,0,0,0,1,0,0,0,1,1,0,0,0,0,0,1,0,0,1,1,0,1,1,1,0,1,0,0,0,1,0.592879
0,0,1,1,1,0,1,1,1,0,1,1,1,1,1,1,0,1,0,0,0,0,0,0,0,1,1,0,1,0,1,1,0.680551
1,1,0,1,0,0,1,0,0,0,0,0,0,0,1,1,1,0,0,1,0,1,1,1,0,1,0,1,1,1,0,0,0.606504
1,0,1,0,0,0,0,1,1,0,0,0,0,1,0,0,1,0,1,1,1,1,0,1,0,0,1,1,0,1,0,0,0.607006
1,0,0,0,0,0,0,0,1,1,1,1,1,0,1,0,1,0,1,1,0,0,0,0,0,0,1,0,0,1,0,1,0.620079
1,1,1,0,0,1,0,0,0,1,0,1,1,1,1,0,0,1,1,1,0,1,0,1,0,0,1,0,1,1,0,1,0.616390
1,1,0,1,0,1,0,0,0,0,0,0,1,0,0,0,1,0,0,0,0,1,1,1,1,1,1,0,1,1,0,1,0.616917
1,1,1,0,1,1,0,0,1,1,1,0,0,1,1,0,0,1,1,1,0,1,1,0,1,0,1,0,1,0,1,1,0.602088
1,1,1,1,0,1,1,0,0,1,1,0,0,1,0,0,1,1,0,1,1,1,0,1,0,0,0,1,1,1,1,1,0.623868
1,0,0,0,1,1,1,1,1,0,1,0,0,0,0,1,0,0,1,0,0,0,1,1,0,0,0,1,1,0,0,1,0.624370
1,1,1,0,1,1,1,1,1,1,1,1,0,0,0,1,0,1,1,1,0,0,0,0,1,0,0,0,0,0,1,1,0.602866
1,0,0,1,1,1,0,0,0,1,1,1,1,1,1,1,0,1,0,0,1,0,1,0,1,0,0,0,0,0,1,0,0.602514
0,1,0,1,0,0,1,0,0,0,1,1,1,1,1,1,1,1,0,0,0,0,0,1,0,0,0,1,0,0,0,0,0.582064
0,0,1,1,0,0,0,0,0,0,1,1,0,1,1,1,1,0,0,0,0,0,1,1,1,0,1,1,0,0,0,0,0.619226
0,0,1,1,0,1,0,1,1,1,0,1,1,1,1,0,1,1,1,1,1,1,1,1,0,0,0,0,1,0,0,0,0.608863
1,1,0,0,0,0,1,0,1,0,0,1,0,0,1,1,1,1,1,0,1,1,0,0,1,0,0,1,1,1,1,1,0.603744
0,0,0,1,1,0,1,0,0,1,0,1,0,1,1,1,0,1,1,0,1,0,0,0,0,0,1,1,1,0,0,0,0.591373
1,0,0,1,1,1,1,0,1,1,1,0,1,1,1,1,1,1,1,0,0,1,1,0,0,1,0,0,0,1,1,1,0.631747
0,1,1,1,1,0,0,0,1,1,1,0,1,1,0,0,1,1,1,0,0,1,1,1,1,1,0,1,0,1,1,1,0.597471
0,1,1,0,0,0,0,0,1,1,0,0,1,0,0,1,1,0,0,0,1,0,0,0,1,0,0,0,1,1,1,1,0.606353
0,1,0,1,1,1,1,0,1,0,0,1,0,1,1,1,1,1,1,1,1,1,1,0,0,0,0,1,1,0,1,0,0.611372
0,1,1,0,0,0,1,0,1,1,0,0,1,1,0,0,0,0,0,1,1,0,0,1,0,1,1,0,1,0,1,1,0.606027
0,0,0,0,0,1,1,0,1,0,1,1,0,1,1,1,0,0,1,1,0,1,0,1,0,0,1,1,1,1,1,1,0.681354
1,0,1,1,1,1,0,0,1,0,0,1,1,0,1,0,0,1,0,0,0,0,0,0,0,1,0,0,0,1,0,1,0.595112
1,1,1,1,1,0,0,1,1,1,1,1,1,0,0,0,0,0,0,0,1,0,0,1,0,0,0,1,0,1,0,0,0.606178
0,0,0,0,1,0,0,0,1,0,1,1,0,1,1,1,1,0,0,1,0,1,1,0,1,0,0,1,1,0,0,1,0.594159
0,0,0,0,1,0,0,0,1,1,0,0,0,1,0,1,0,1,0,0,1,0,0,1,0,1,1,1,0,1,0,1,0.581136
1,1,1,0,0,0,1,1,1,0,1,0,1,1,0,1,0,1,1,0,0,1,0,1,1,0,1,0,1,0,0,0,0.603869
1,1,0,0,1,1,1,0,1,0,1,1,0,1,0,1,1,1,0,1,1,1,1,1,1,0,1,1,0,1,1,1,0.608963
0,0,1,0,1,0,1,1,1,0,1,0,0,0,1,1,1,0,0,1,1,0,0,1,1,1,1,0,0,0,0,1,0.598198
1,0,0,0,0,1,0,0,0,0,1,1,1,1,1,0,0,1,1,0,0,1,1,0,1,0,0,0,0,0,1,1,0.598424
0,1,1,0,0,0,0,0,0,1,0,0,1,1,1,1,0,1,1,1,1,1,0,0,0,1,0,1,0,1,0,0,0.601109
1,0,1,0,1,0,0,0,0,1,1,1,0,1,1,0,0,0,1,1,0,0,1,0,1,0,1,1,1,0,0,1,0.626728
1,0,1,0,0,0,0,0,1,1,0,0,1,1,1,0,1,0,1,0,1,0,0,0,1,0,0,1,0,1,0,1,0.602339
0,0,1,0,0,0,1,0,1,1,0,0,1,0,0,0,1,0,0,1,0,0,0,1,1,1,0,0,0,0,1,1,0.592151
1,0,1,1,1,0,1,0,1,1,1,0,0,1,0,1,1,0,0,0,0,0,0,1,1,0,0,1,1,0,1,1,0.637192
0,1,0,1,0,0,0,1,1,0,0,1,1,1,1,0,0,0,1,0,0,1,1,1,1,0,1,0,1,0,0,0,0.599252
0,0,1,1,0,1,1,1,1,1,0,0,0,1,1,1,0,0,1,1,0,0,1,0,0,0,0,0,0,1,0,0,0.620254
1,0,0,0,1,0,1,0,0,0,1,1,0,1,0,0,0,0,1,1,1,0,0,1,1,0,0,1,1,0,1,1,0.605425
1,0,1,1,0,1,1,1,1,1,1,0,1,0,1,0,1,1,0,0,0,1,0,0,1,1,1,1,0,1,0,0,0.608536
1,1,0,0,1,1,0,1,1,0,0,1,1,0,1,1,1,1,0,0,0,0,1,0,1,1,1,1,1,0,0,0,0.597998
0,0,0,0,0,0,0,0,1,1,0,0,0,1,0,0,0,1,0,0,1,0,0,1,0,1,1,1,0,0,1,1,0.575214
1,0,1,0,0,0,1,1,1,1,1,0,1,1,1,1,0,0,1,1,0,1,1,0,0,1,0,1,0,1,0,0,0.609666
1,0,1,1,1,0,0,1,1,1,1,0,0,1,0,1,0,1,1,0,1,0,0,1,1,1,1,0,1,0,0,1,0.597370
0,1,1,1,1,1,1,1,1,1,1,0,1,1,0,0,1,0,0,0,1,0,1,1,1,0,1,1,1,1,0,0,0.616541
0,0,1,1,1,1,1,1,1,0,1,1,1,0,1,1,1,0,1,0,0,1,1,1,1,0,0,1,0,1,0,1,0.613053
0,1,1,0,0,1,0,0,0,1,1,0,0,0,1,0,0,1,1,0,1,0,0,1,1,0,0,1,1,0,1,1,0.598550
0,1,0,1,1,0,1,1,1,1,0,1,1,1,1,1,0,1,1,1,1,0,1,0,1,0,1,0,1,1,0,0,0.620179
0,0,1,1,0,0,0,1,0,0,1,0,1,1,0,0,1,0,1,0,1,1,1,0,0,1,0,1,1,0,0,1,0.605801
0,1,0,1,0,0,1,0,0,0,1,0,0,0,0,0,1,1,1,0,0,1,0,1,1,0,1,1,1,0,1,0,0.598374
1,1,1,1,0,1,0,0,1,1,1,0,0,0,0,1,0,1,0,0,1,0,1,0,1,0,1,0,0,0,0,0,0.670113
1,1,0,0,1,1,0,0,1,1,1,1,1,0,0,0,0,1,0,1,0,1,0,1,0,1,0,0,0,1,0,1,0.596567
1,0,0,0,1,1,1,1,1,0,1,0,1,1,1,1,1,0,0,0,1,1,1,0,0,0,1,1,1,1,1,1,0.790957
0,1,1,0,1,1,0,1,1,1,1,0,1,1,1,0,1,0,0,1,1,0,1,1,1,1,1,0,0,1,0,1,0.608260
0,0,0,0,1,1,1,0,0,1,0,1,0,0,0,0,0,1,1,0,1,1,0,0,1,0,0,1,1,0,0,1,0.636991
1,1,1,0,1,0,1,1,0,0,1,0,1,0,0,0,0,0,1,1,1,0,1,0,1,0,1,0,1,0,1,0,0.593330
1,1,0,0,1,1,1,1,0,1,0,1,0,0,0,1,1,1,0,1,0,1,1,1,1,0,1,1,0,1,0,1,0.611573
1,1,1,0,0,1,1,1,0,1,0,0,0,1,1,1,1,0,1,0,0,1,0,1,0,1,1,1,1,1,1,1,0.648082
0,0,0,1,1,0,0,1,1,0,1,1,1,1,1,1,0,1,0,0,0,1,1,0,1,1,0,1,1,1,1,1,0.635862
1,1,1,0,0,0,1,1,1,0,1,0,1,0,1,0,0,0,1,0,1,0,0,1,1,1,0,0,1,0,0,0,0.652297
1,0,0,0,0,0,1,0,0,1,0,1,1,1,1,0,1,1,1,0,0,0,1,1,0,1,1,0,1,0,0,0,0.622086
1,0,1,0,0,0,1,1,0,1,0,1,0,1,0,0,1,0,1,1,1,0,0,1,1,1,0,0,0,1,0,1,0.604622
1,1,1,1,0,1,0,0,0,1,0,1,1,1,0,1,1,1,1,0,0,0,1,0,1,0,1,1,1,0,1,1,0.608863
0,1,1,1,1,0,0,1,0,1,1,1,1,1,0,0,0,0,0,1,1,1,0,1,0,1,1,1,0,1,0,1,0.620355
0,1,1,0,1,0,1,1,0,1,0,0,1,0,1,1,1,0,0,0,0,1,0,0,0,1,1,1,1,0,0,1,0.616616
0,0,1,1,1,1,1,1,1,1,0,1,0,0,0,1,1,0,1,0,0,0,1,1,0,1,1,1,1,1,1,1,0.610770
1,1,1,1,0,0,0,0,1,1,0,0,0,1,1,1,0,1,1,1,0,1,1,0,0,0,1,1,0,0,0,0,0.599478
0,0,0,0,1,1,0,1,0,0,1,1,1,0,1,1,0,0,0,1,1,0,0,0,1,0,1,1,1,0,0,0,0.619100
0,1,1,0,1,1,0,1,0,0,1,0,0,0,0,1,0,1,1,1,0,0,0,0,0,0,1,0,0,0,0,0,0.595112
1,1,0,1,0,1,0,1,0,0,0,1,0,1,0,0,1,1,1,1,1,1,1,1,0,1,0,1,1,0,1,0,0.622362
0,1,1,1,1,0,0,0,1,1,0,0,0,1,1,0,1,1,1,0,1,0,1,0,0,0,0,1,0,0,1,0,0.618674
0,1,0,1,1,1,1,0,0,0,1,0,0,0,1,1,1,1,0,1,1,0,1,0,1,1,0,1,0,0,1,1,0.601912
0,1,1,0,0,0,0,1,1,1,1,1,0,1,0,0,0,0,1,0,0,0,1,1,0,1,0,0,1,1,0,1,0.616240
0,0,0,0,0,0,1,0,0,1,0,0,0,1,0,0,1,1,1,0,0,1,1,0,0,0,0,1,0,1,0,0,0.587057
1,1,0,1,0,0,1,0,0,1,0,1,0,1,0,1,1,1,1,1,1,0,0,0,1,1,1,0,1,1,0,0,0.612752
1,0,1,0,1,0,0,0,1,0,0,0,1,0,0,0,1,1,0,1,0,0,0,1,1,1,0,1,0,0,0,1,0.608587
0,0,1,0,0,1,1,0,0,0,1,0,1,0,0,1,0,0,0,0,0,1,1,0,0,0,1,0,0,1,0,0,0.620731
1,1,0,1,1,1,0,0,1,1,0,1,0,0,0,1,0,1,0,0,1,0,1,1,1,1,0,1,0,0,0,0,0.601636
1,1,1,1,0,0,1,1,1,1,0,0,0,1,1,0,1,1,1,1,0,0,1,0,0,0,1,0,0,1,0,0,0.605023
0,0,1,0,0,0,0,1,0,0,1,0,1,1,1,0,0,0,0,1,1,0,1,0,0,1,0,0,0,1,0,1,0.682282
0,1,1,1,1,0,0,1,0,0,0,1,1,1,0,1,0,0,1,0,0,0,1,1,1,0,1,1,0,1,0,1,0.610042
1,1,1,0,0,1,1,0,1,1,0,0,1,1,0,1,1,0,0,1,0,0,0,0,1,1,1,1,0,0,0,1,0.607482
1,1,0,0,0,0,1,1,1,1,1,0,0,0,0,0,1,1,1,0,0,1,0,0,0,0,1,0,1,0,0,0,0.616967
0,1,0,1,0,1,0,0,0,0,1,0,1,0,0,0,1,0,1,0,0,1,1,1,0,1,1,0,1,1,1,0,0.602916
1,0,1,0,0,0,0,1,1,1,1,0,0,0,0,0,0,1,1,1,0,1,1,0,1,1,1,0,1,1,0,1,0.604421
0,0,1,0,1,0,1,1,0,0,0,0,0,1,0,1,1,0,0,0,0,0,0,1,1,1,0,1,1,0,1,0,0.620857
0,1,0,0,0,0,0,1,0,1,1,1,1,1,1,1,1,0,1,1,1,0,1,1,0,0,1,1,1,0,0,1,0.615412
1,1,0,0,1,0,0,0,0,0,1,0,1,1,0,1,1,0,1,1,1,1,1,1,1,1,0,1,1,0,0,0,0.600381
1,1,1,0,1,1,0,1,0,1,0,1,0,0,0,0,0,1,1,1,0,1,1,1,0,1,0,0,0,0,0,0,0.613730
1,1,0,1,1,1,1,0,1,1,0,1,1,0,0,1,0,1,0,0,1,1,1,1,0,1,0,0,1,1,1,1,0.706873
1,1,0,1,0,1,0,1,1,0,1,0,0,1,0,1,0,1,0,0,0,0,0,1,1,0,0,1,1,0,0,1,0.605701
1,1,0,0,0,1,1,1,0,1,1,0,1,1,1,0,0,1,1,0,1,0,0,0,0,1,1,0,0,1,1,0,0.603518
1,1,1,0,1,0,0,0,1,0,0,0,0,1,0,0,1,0,0,0,1,0,0,0,1,0,0,0,0,0,1,0,0.621007
0,0,0,1,0,0,0,0,0,1,1,1,1,1,1,0,1,0,1,0,1,0,1,1,0,0,1,0,0,1,1,1,0.625975
1,0,1,1,0,0,1,0,1,1,0,0,0,1,0,1,1,1,1,1,0,0,0,0,0,1,1,0,1,0,0,0,0.617043
1,0,0,1,1,0,1,0,1,0,1,1,1,1,1,1,0,0,0,0,1,0,1,0,0,0,1,0,1,1,1,1,0.764259
0,0,0,0,0,0,1,0,1,0,0,0,0,1,0,1,0,1,1,0,1,1,0,0,1,1,0,1,0,1,0,1,0.610192
1,1,0,1,1,0,1,0,0,1,0,0,1,0,1,1,1,0,1,0,1,0,1,1,1,0,0,1,0,0,0,0,0.605375
0,1,0,0,1,0,0,1,0,1,1,1,0,1,1,1,1,1,0,1,0,0,1,0,0,0,1,0,1,1,1,0,0.619075
1,0,1,1,1,1,1,1,0,0,1,0,1,0,1,0,0,1,1,1,1,1,1,0,0,1,0,1,1,1,1,1,0.628711
0,1,0,0,0,1,0,1,1,0,1,0,1,1,0,1,1,0,0,0,0,1,1,0,0,1,1,0,1,0,0,0,0.616265
1,1,1,1,1,0,1,0,1,0,1,1,0,1,1,1,0,0,1,1,0,1,1,1,1,1,0,1,0,1,1,1,0.549494
0,0,1,0,1,1,0,1,1,1,1,1,1,0,0,1,0,1,0,1,0,0,0,1,0,0,0,0,1,0,1,0,0.604923
1,0,0,0,1,0,1,1,0,0,1,1,0,0,1,1,0,1,0,0,0,1,1,1,0,1,1,1,1,1,1,1,0.675758
1,0,0,0,1,1,0,0,0,0,0,1,0,1,1,0,0,1,0,0,0,0,1,1,1,1,0,0,1,0,1,0,0.615111
1,0,1,0,0,1,1,0,0,1,1,0,0,1,0,0,0,0,0,1,1,1,0,1,1,1,1,1,1,1,1,1,0.602213
1,0,0,0,1,1,0,0,0,0,0,1,1,0,0,1,1,0,1,0,1,1,0,1,1,0,0,0,1,0,1,0,0.616591
0,1,1,0,0,0,0,0,0,1,1,1,1,1,0,1,1,1,1,0,1,0,1,1,1,0,1,1,1,0,0,1,0.601360
0,1,1,0,1,1,1,1,1,0,0,0,0,1,0,0,0,0,0,1,1,1,1,1,0,0,1,1,1,0,1,1,0.686272
0,0,0,0,1,0,0,0,0,1,0,1,0,1,1,0,1,1,1,0,1,0,0,0,0,1,1,1,1,1,1,0,0.611221
0,0,0,1,0,1,1,1,1,1,1,1,0,1,0,0,0,0,1,0,1,0,0,1,1,1,0,1,0,0,1,1,0.600231
1,1,0,0,0,1,1,1,0,1,1,1,1,1,1,0,0,1,1,0,1,0,0,1,1,0,0,1,1,1,0,1,0.616691
1,0,0,0,1,1,1,0,0,0,0,1,0,1,0,1,0,1,0,1,1,1,0,0,1,0,0,1,1,1,1,0,0.647103
1,0,1,0,0,0,0,1,1,1,1,0,0,0,0,1,1,1,1,1,1,1,0,1,1,1,1,1,0,0,0,0,0.618925
1,1,1,0,1,1,1,0,0,0,1,1,0,0,0,0,1,0,1,0,1,1,0,0,0,1,1,1,0,1,1,1,0.601661
0,0,0,1,1,1,0,0,0,1,1,0,1,0,1,1,0,0,1,1,0,0,0,1,1,1,1,0,1,0,0,0,0.592929
1,1,1,0,1,0,0,1,0,1,0,0,1,0,1,1,0,0,0,0,0,0,1,1,1,1,1,0,0,0,1,0,0.617018
0,0,1,1,1,1,1,1,1,1,0,1,1,0,0,1,0,1,1,0,1,0,1,0,1,0,0,1,0,1,0,0,0.600256
0,1,0,0,1,1,0,1,1,0,0,0,0,0,1,1,0,0,1,0,1,1,1,1,1,0,1,0,1,0,0,0,0.641156
0,1,1,1,0,1,1,1,0,0,0,1,1,1,0,0,0,1,1,1,1,0,1,1,0,1,1,1,0,1,1,0,0.606554
1,0,0,1,1,1,0,1,0,0,1,0,1,0,1,0,0,1,1,1,0,0,0,0,0,0,1,1,1,0,1,1,0.605626
0,0,1,1,0,1,0,0,1,1,1,0,0,0,0,1,0,0,1,1,1,1,1,0,1,0,0,1,1,0,0,1,0.603167
0,1,0,0,1,0,1,0,0,0,0,1,1,1,0,0,1,0,1,1,0,0,1,1,1,0,0,0,1,1,0,1,0.618799
1,0,1,0,1,1,1,0,1,1,1,0,1,1,1,0,0,0,1,1,0,0,0,0,1,1,0,0,0,1,0,0,0.613480
1,1,1,0,1,1,1,1,0,1,1,1,1,1,0,0,1,0,0,1,0,0,1,0,1,0,0,1,1,0,0,1,0.598976
0,1,0,0,0,0,0,0,0,1,1,1,1,0,1,1,1,0,0,0,0,0,1,1,0,0,0,0,1,0,1,0,0.600883
0,0,1,1,0,1,0,0,1,1,0,1,0,0,0,0,0,0,1,1,0,0,0,0,0,1,0,0,1,1,1,1,0.604070
1,1,0,0,1,1,1,1,0,1,0,0,1,0,0,1,0,1,0,1,1,0,1,1,1,0,0,1,0,0,0,0,0.656989
1,1,0,1,0,1,0,1,1,1,1,0,0,0,0,1,1,0,0,0,0,1,0,0,0,1,0,1,1,0,1,0,0.599729
0,1,1,0,1,1,1,0,0,0,0,0,1,1,0,1,1,0,1,1,1,0,0,0,0,0,1,1,0,1,1,1,0.621735
1,1,1,0,1,0,1,0,0,0,1,0,0,0,0,1,1,1,0,0,1,0,1,0,1,1,0,1,1,0,0,1,0.593054
1,0,0,0,1,0,1,1,0,1,0,0,1,1,0,1,0,1,1,1,1,0,0,0,1,1,0,0,0,1,1,1,0.638070
1,1,0,1,1,0,0,0,1,1,0,1,1,1,1,1,0,0,0,0,0,1,0,0,0,0,0,1,1,0,0,1,0.630015
0,0,1,0,1,0,1,1,0,1,1,1,1,1,0,1,0,1,1,0,0,1,1,1,0,0,0,0,1,1,0,0,0.700073
1,1,0,1,0,0,0,0,1,1,0,0,0,0,1,0,1,1,0,0,0,0,0,0,1,0,1,1,0,1,1,0,0.614935
0,1,1,1,1,1,0,1,0,0,1,1,0,0,0,0,1,0,1,0,1,0,1,0,0,0,0,0,1,0,0,0,0.593607
0,0,0,0,1,0,0,0,1,1,0,0,1,0,1,0,0,0,1,1,1,1,1,1,1,0,1,0,1,0,0,1,0.601460
0,1,0,1,0,0,0,0,1,1,0,0,1,1,1,0,1,0,1,1,0,0,1,0,1,0,0,0,1,1,0,1,0.611899
0,1,1,1,1,0,1,1,1,1,1,1,0,1,0,1,1,0,0,0,0,1,0,1,1,0,1,0,1,1,0,1,0.599503
0,0,0,0,0,1,0,1,0,0,0,1,0,1,1,0,0,0,1,0,0,0,1,0,0,1,1,0,0,1,0,0,0.596618
1,1,0,0,1,0,0,1,1,0,1,0,0,1,1,0,0,0,0,1,1,0,0,0,0,1,0,0,0,0,1,0,0.597270
1,0,0,0,0,0,1,0,0,0,0,0,0,1,0,1,0,1,1,0,0,1,0,0,0,0,0,1,1,1,1,1,0.643063
0,1,0,0,0,1,1,0,1,1,0,1,0,0,1,1,1,1,1,1,1,1,1,0,0,0,1,1,1,0,1,1,0.598600
0,1,0,1,0,0,1,1,1,1,0,1,1,1,0,1,0,1,0,0,0,1,1,0,1,1,0,1,0,0,1,0,0.614157
0,0,0,0,0,0,0,0,0,0,1,0,0,0,0,1,1,0,0,1,1,1,1,0,0,1,1,0,1,1,1,1,0.631395
1,0,1,1,0,0,0,0,1,1,0,0,0,0,0,0,0,1,0,1,1,1,0,1,0,1,1,1,0,0,0,1,0.617093
0,1,1,0,0,0,1,1,0,0,1,0,1,1,0,0,1,1,1,1,1,1,1,1,0,0,0,0,0,1,1,0,0.665998
0,1,1,1,1,0,0,1,0,0,0,1,1,0,1,0,0,1,1,0,1,0,1,1,1,1,0,1,1,0,0,0,0.597872
0,1,1,0,1,0,0,1,0,1,1,0,0,1,1,1,0,1,0,0,1,0,1,1,0,0,1,0,0,0,1,1,0.659398
0,0,0,1,1,1,0,0,0,1,0,0,0,0,1,0,0,1,0,0,0,1,0,1,0,0,1,0,0,1,0,1,0.595764
1,0,1,0,1,0,1,0,0,0,1,1,0,0,1,0,0,0,1,0,1,0,0,0,0,0,0,0,0,0,1,1,0.610293
1,0,1,1,1,1,0,1,1,0,0,0,0,0,0,0,0,0,0,1,1,1,0,0,0,0,0,1,0,1,1,0,0.600808
0,0,0,1,0,0,1,0,0,1,1,0,1,1,0,0,1,0,1,1,1,0,0,1,1,0,0,1,1,0,0,1,0.596367
0,1,0,1,0,0,0,1,1,0,0,1,0,0,1,0,0,1,1,0,0,1,0,1,1,1,1,1,0,1,1,1,0.647831
0,0,0,1,0,0,1,1,1,1,1,0,0,0,0,0,1,0,1,1,1,0,0,0,1,0,1,1,1,1,1,0,0.604597
0,0,0,1,0,1,1,1,0,0,1,0,1,0,0,1,0,0,0,0,1,0,0,0,0,1,1,0,1,1,1,0,0.650566
0,1,1,1,0,0,1,1,0,0,0,0,1,0,1,0,1,1,0,1,0,0,1,1,0,0,1,0,0,0,1,0,0.603468
0,1,1,1,0,1,0,0,0,1,1,0,0,1,0,0,0,1,1,1,1,0,0,1,0,1,0,0,1,1,1,1,0.613981
1,0,1,0,1,1,1,0,0,0,1,1,0,1,1,1,1,0,0,1,1,1,1,1,0,1,0,1,0,0,1,1,0.640027
0,0,0,0,0,0,0,0,1,0,1,0,1,1,1,0,0,1,1,1,1,0,1,0,1,0,0,0,1,1,0,0,0.594610
1,0,1,1,1,0,1,1,1,0,1,1,1,0,0,0,1,0,1,0,1,1,1,1,0,1,1,1,1,1,0,1,0.604622
0,0,1,1,1,0,1,1,0,0,1,1,1,0,1,1,0,0,0,1,1,1,1,1,0,1,1,1,0,0,1,0,0.614057
1,0,0,1,1,1,0,0,1,1,1,1,1,1,1,1,1,1,1,1,0,1,0,0,1,1,0,1,1,0,1,0,0.601285
1,1,1,1,1,1,1,0,1,1,1,0,0,0,0,0,0,0,1,1,0,1,0,1,0,0,0,0,1,1,0,0,0.606353
1,0,1,0,0,1,0,0,0,0,1,1,1,0,1,1,0,1,1,0,0,0,0,0,1,1,0,1,1,1,0,1,0.602088
0,0,1,1,1,0,1,1,1,1,1,0,1,1,0,0,0,1,0,1,1,0,1,1,1,0,0,1,0,1,0,1,0.600231
0,0,1,1,1,1,0,0,1,0,1,1,0,1,0,1,1,0,1,0,0,1,0,0,0,1,0,0,0,1,1,1,0.599152
1,1,0,0,0,1,0,0,0,0,0,1,1,0,0,1,0,0,1,1,1,1,1,0,0,1,1,1,1,1,0,1,0.608787
0,0,0,1,0,0,0,0,0,0,0,1,0,0,0,1,0,0,1,0,1,0,1,1,1,1,1,0,0,1,1,1,0.656864
1,0,0,1,0,1,0,0,1,0,1,0,0,0,1,0,0,1,1,1,1,1,1,0,0,1,1,1,0,1,1,0,0.593230
0,1,0,0,0,0,1,1,1,1,0,0,1,1,0,0,0,0,0,1,0,1,1,0,0,0,0,0,0,0,1,1,0.671794
0,0,0,1,1,0,1,0,0,1,1,1,1,0,0,1,0,0,1,0,1,1,1,1,0,1,1,1,0,1,0,1,0.626753
1,0,0,1,1,0,0,0,1,0,0,0,0,0,0,0,1,0,1,0,1,1,0,0,1,0,1,0,0,0,1,1,0.690036
1,0,1,0,0,0,1,1,1,1,0,0,0,1,1,1,0,0,1,0,1,1,0,0,0,0,1,0,1,0,1,1,0.687652
0,1,1,1,0,0,0,0,1,0,0,1,0,0,0,0,1,1,1,1,1,0,1,1,0,0,1,0,1,1,0,0,0.593155
1,1,1,0,1,1,0,1,1,0,1,1,0,0,1,1,0,1,0,0,0,0,1,0,0,0,0,0,1,0,1,1,0.629263
1,0,1,1,1,1,1,1,0,0,0,1,0,1,1,1,0,1,1,0,1,0,0,0,1,1,1,1,0,1,0,0,0.599905
0,0,1,1,1,0,1,1,1,1,1,1,0,1,0,0,1,1,0,1,0,1,0,1,1,1,1,1,0,0,0,0,0.616992
1,0,0,0,1,0,0,1,1,1,1,0,1,0,0,1,1,0,1,0,0,0,1,0,1,0,0,1,0,0,1,0,0.599955
0,1,1,0,0,1,1,1,0,1,1,0,0,1,1,0,0,0,0,1,1,0,1,1,0,1,0,0,1,0,0,0,0.658896
1,1,1,0,1,1,0,0,0,0,0,1,0,1,0,0,1,0,1,1,0,0,0,1,0,1,1,0,1,0,0,0,0.621785
0,1,0,0,0,0,0,1,0,0,1,1,1,1,0,1,1,1,0,0,0,1,1,1,1,0,0,1,1,1,0,1,0.638195
0,0,0,0,1,0,1,1,0,0,0,1,1,1,1,1,1,1,0,0,0,0,1,0,1,1,1,0,1,0,0,0,0.640479
0,1,0,1,1,0,0,1,1,0,1,1,0,0,0,1,0,1,1,0,1,1,0,0,1,1,0,0,0,0,1,0,0.598399
0,1,0,0,0,1,0,1,0,0,0,0,1,0,1,0,1,0,0,1,1,0,1,1,0,0,1,0,1,0,0,0,0.632299
1,1,0,1,1,1,0,0,0,0,1,1,1,0,1,1,1,1,1,1,1,1,1,0,1,0,1,0,0,1,1,0,0.601987
1,0,0,0,1,0,1,1,1,0,0,0,0,1,1,1,1,0,1,0,1,1,1,1,1,0,1,0,1,1,0,1,0.758387
1,0,1,0,0,1,1,0,1,1,0,1,1,1,1,0,1,0,1,0,1,0,0,0,1,1,0,0,1,0,0,0,0.605124
0,0,0,1,1,1,1,0,1,1,0,0,1,1,0,1,0,0,0,0,0,1,0,1,1,0,1,1,1,1,1,1,0.663815
1,1,0,1,0,1,0,0,1,1,0,1,1,1,0,1,0,1,1,1,0,1,1,1,0,1,1,1,0,1,0,1,0.595689
0,1,1,1,0,0,0,0,0,0,0,0,1,0,0,1,0,0,0,1,0,0,0,0,0,1,1,1,0,0,1,1,0.585477
1,1,0,0,0,1,1,1,1,0,1,1,1,0,1,0,1,0,0,0,0,0,1,1,1,0,1,0,0,1,1,0,0.665119
0,1,0,0,1,1,0,0,0,0,0,1,0,0,1,0,1,0,1,0,1,0,1,1,1,0,0,0,1,1,1,0,0.635987
0,1,0,1,1,0,0,1,1,1,1,0,0,0,1,0,0,0,1,1,0,1,1,0,0,0,0,1,0,1,0,1,0.598148
1,0,1,0,1,1,1,0,0,1,1,0,1,0,1,1,1,1,0,1,1,0,1,1,1,0,1,0,1,1,0,1,0.621835
1,1,0,0,1,1,0,1,0,1,0,1,0,1,1,0,1,1,0,0,0,1,0,0,1,1,1,0,0,1,1,1,0.601485
1,0,0,1,1,1,1,1,1,0,0,0,0,1,0,1,0,0,0,1,0,1,1,1,1,1,0,0,0,0,1,1,0.666449
0,0,1,0,0,1,1,1,0,1,0,0,1,0,1,0,1,0,0,1,0,0,0,0,1,0,0,1,0,0,1,1,0.598123
0,1,0,0,1,1,1,1,0,0,1,0,0,0,1,1,1,1,0,1,0,1,0,0,1,1,1,0,0,1,1,0,0.601285
0,0,1,1,1,0,0,0,0,1,0,0,0,0,1,1,0,0,0,1,1,1,1,1,0,0,0,1,0,0,0,1,0.612049
0,1,0,1,1,0,1,0,0,0,1,1,0,0,1,1,0,1,1,1,1,0,1,0,0,1,0,0,0,1,1,1,0.616641
1,1,1,0,0,1,0,1,0,0,1,1,1,1,0,0,1,0,0,0,1,1,0,1,1,0,1,0,0,0,1,0,0.604873
0,1,1,0,0,0,0,1,1,0,0,1,1,0,1,1,0,1,0,0,1,0,1,1,0,0,1,1,0,1,0,1,0.617093
1,1,0,0,1,0,0,1,0,1,0,1,0,0,1,1,0,1,1,1,1,1,0,0,0,0,1,0,1,1,0,0,0.596868
0,0,0,0,0,1,1,1,0,0,0,1,1,1,0,1,1,1,1,1,0,0,0,0,1,0,0,1,1,1,1,0,0.614483
0,1,1,1,0,1,1,0,1,0,1,0,0,0,1,1,1,0,0,1,1,1,0,0,1,1,1,0,1,0,1,0,0.607332
0,1,1,0,1,0,1,1,1,0,1,0,0,1,1,0,0,1,1,1,1,1,0,1,1,1,1,0,0,0,1,0,0.600833
1,1,1,0,0,0,1,0,0,1,0,1,0,0,0,1,1,0,1,0,1,0,0,1,1,1,0,1,0,0,0,1,0.610544
1,1,0,1,0,1,0,0,1,1,0,1,0,1,1,1,0,0,0,0,0,0,1,0,1,0,1,0,1,1,0,0,0.593857
0,0,1,1,0,0,1,0,1,0,1,1,0,1,1,1,1,1,1,0,0,0,0,0,1,0,1,1,0,1,1,0,0.630743
1,1,0,1,1,1,0,0,1,0,1,1,1,0,1,0,1,1,0,0,0,0,0,0,0,0,0,1,0,1,1,0,0.602037
0,0,0,1,1,1,1,0,1,1,0,0,1,0,1,1,1,1,1,1,0,1,1,0,0,1,1,1,0,0,1,0,0.595689
1,1,0,0,0,0,1,1,1,1,1,0,0,0,1,1,1,0,1,1,1,1,1,0,1,0,1,1,1,0,1,0,0.601586
0,0,0,1,1,0,0,1,0,0,1,1,1,0,0,1,1,1,0,0,0,0,1,1,0,1,1,1,0,0,1,1,0.609465
0,1,1,1,0,1,0,1,0,0,1,0,1,1,0,0,1,1,1,0,0,0,0,0,1,0,1,1,1,0,0,1,0.605626
1,0,1,1,0,0,0,0,1,1,0,0,0,0,1,0,1,1,0,0,0,1,0,1,1,1,1,1,1,0,0,1,0.632048
1,0,0,1,1,0,0,0,0,1,0,1,0,1,0,0,1,1,0,0,1,0,0,1,0,0,1,1,1,1,1,1,0.604873
0,1,1,1,1,1,0,1,0,0,1,0,1,0,0,1,0,0,1,1,0,0,1,1,1,1,0,1,1,1,0,0,0.598324
0,1,0,1,0,0,0,1,1,1,1,0,0,1,0,0,0,1,0,0,1,0,1,1,0,1,0,1,0,1,1,0,0.595288
0,1,1,0,1,1,0,1,0,0,0,0,1,1,1,0,1,1,0,0,1,0,1,1,0,0,1,1,0,0,0,0,0.611246
1,1,0,0,0,0,1,0,0,1,1,1,0,1,1,0,1,0,1,1,0,1,0,1,0,1,1,0,0,0,0,0,0.617143
0,0,0,1,0,1,0,0,1,1,0,1,0,0,1,0,0,0,1,1,1,1,1,1,1,1,0,1,0,0,0,1,0.613806
0,0,0,1,1,1,1,1,0,0,1,0,1,0,1,1,0,0,0,1,1,1,0,0,0,0,1,1,1,1,1,0,0.717186
0,1,0,1,1,1,1,1,0,0,1,0,1,1,0,1,0,1,0,0,0,1,1,0,1,1,0,0,1,1,0,0,0.637618
1,0,1,1,1,1,1,1,1,0,0,0,1,0,1,0,1,1,0,1,1,0,0,1,1,0,1,1,1,0,1,1,0.619627
0,0,0,0,0,0,1,1,0,0,1,0,0,1,0,0,1,0,1,1,0,1,0,1,1,0,0,1,0,1,1,1,0.617645
0,1,1,0,1,1,1,1,1,1,0,0,1,0,1,0,1,0,1,1,1,1,0,1,0,1,0,1,0,0,1,1,0.610368
0,1,0,1,1,1,1,1,0,1,0,0,0,0,1,0,1,0,1,1,0,1,1,0,1,0,0,0,0,0,1,1,0.600607
0,1,0,0,0,0,1,0,1,0,1,0,1,1,1,1,0,1,0,1,1,0,1,1,0,1,0,1,0,0,1,1,0.648960
1,0,1,0,1,1,1,1,0,1,1,1,1,1,0,1,1,1,1,0,0,1,0,0,1,1,0,0,1,0,0,1,0.595764
0,1,0,1,1,1,0,0,1,0,1,1,0,1,1,0,0,0,0,1,1,1,0,1,0,0,1,0,0,0,1,0,0.601109
1,0,0,1,1,1,0,0,0,1,0,1,1,0,0,0,1,0,1,0,0,0,1,1,1,1,1,0,0,1,0,0,0.602815
1,1,1,1,0,1,1,1,0,1,0,0,1,0,0,0,1,0,0,0,0,0,1,0,1,0,1,0,1,0,1,1,0.606052
1,1,0,0,0,0,0,0,0,0,0,1,0,1,0,0,0,0,0,0,1,1,1,0,0,1,1,0,0,0,0,0,0.625674
0,0,0,1,1,1,1,1,1,0,0,1,0,1,0,1,1,0,0,1,1,1,1,0,0,0,1,1,0,1,0,0,0.627506
0,0,1,1,1,1,1,1,1,1,1,0,0,1,1,1,0,1,0,1,1,0,0,0,0,0,1,1,0,0,0,0,0.593757
0,0,1,0,0,1,0,0,1,1,0,0,0,0,0,0,1,0,0,0,0,0,0,0,0,1,0,1,0,1,1,0,0.583695
1,1,0,1,0,1,0,1,0,1,1,1,1,0,0,1,1,0,0,0,0,0,1,1,0,0,0,0,0,1,1,0,0.599553
0,1,1,0,1,1,1,0,0,0,1,0,1,0,1,1,1,0,1,0,1,1,0,1,1,0,1,1,0,1,1,1,0.627882
1,0,1,1,0,1,0,1,0,1,0,0,1,1,0,1,0,1,1,1,1,0,1,1,1,0,1,0,0,1,0,1,0.606654
1,0,1,1,0,0,1,0,0,0,0,1,0,1,1,0,0,1,0,1,0,0,1,0,0,1,1,1,0,0,0,0,0.605450
1,1,1,1,0,1,1,0,0,0,1,0,1,1,0,1,1,0,0,0,0,1,0,1,0,1,1,1,1,0,0,1,0.593983
0,1,1,0,1,0,1,1,0,0,0,1,1,1,0,0,1,0,1,0,0,0,0,0,0,0,1,1,1,1,1,0,0.597295
1,0,0,1,1,1,1,0,0,0,1,1,0,0,1,1,1,1,0,0,1,0,1,0,1,0,0,1,1,1,1,0,0.637869
1,1,1,0,0,0,0,1,0,1,0,1,1,0,1,0,0,0,0,0,0,1,1,0,0,1,1,0,1,1,1,0,0.603192
0,1,0,1,0,1,1,0,0,0,1,0,0,0,0,0,1,1,1,1,1,0,0,1,1,1,1,0,1,0,0,0,0.601034
1,0,0,0,0,0,0,1,0,1,0,0,0,0,0,0,1,0,1,0,0,0,0,0,1,0,1,1,0,0,0,1,0.597947
0,1,1,1,0,0,1,0,0,0,1,0,1,1,1,0,1,0,0,0,1,0,1,1,1,0,1,1,1,1,0,1,0.607909
0,0,1,1,1,1,1,1,0,1,0,0,0,0,0,0,0,1,1,1,1,0,1,0,0,0,0,1,1,1,0,0,0.615136
1,1,1,1,1,0,1,0,0,1,1,0,0,1,1,1,0,1,1,0,0,1,1,0,0,1,1,0,0,0,1,0,0.591223
0,1,1,1,0,1,1,0,1,0,1,0,1,0,0,1,0,0,1,1,0,1,1,1,1,0,0,0,0,0,0,1,0.599403
0,0,1,1,1,1,1,0,1,0,0,1,0,1,0,0,0,0,1,0,0,1,0,1,0,0,0,1,0,0,0,1,0.590194
1,1,0,0,0,0,1,1,1,0,1,1,1,1,1,0,1,1,1,1,0,1,0,1,0,0,1,1,0,0,0,0,0.608662
1,1,1,0,0,1,1,0,0,0,0,1,0,0,0,0,1,0,1,0,1,1,1,0,1,0,0,1,1,0,1,0,0.595012
0,1,0,1,0,1,0,0,1,0,0,1,1,0,0,1,1,0,1,1,1,1,0,0,1,0,1,0,0,1,0,1,0.597395
1,0,1,1,0,1,0,0,1,1,0,1,0,0,1,1,0,1,0,1,0,0,1,1,1,1,1,0,0,1,0,1,0.600005
1,1,0,1,0,1,0,0,0,1,0,0,1,0,1,0,1,1,1,1,0,1,0,0,1,0,1,0,1,0,1,0,0.605325
1,0,1,0,1,1,0,0,1,0,1,1,1,0,0,1,0,1,0,0,0,1,0,1,0,0,0,0,1,1,0,1,0.621384
0,0,0,0,1,0,0,0,1,1,0,1,0,1,0,0,1,1,1,0,1,0,0,1,0,1,0,0,1,1,1,0,0.610519
1,0,0,0,1,0,1,0,1,1,1,1,0,0,0,1,0,1,1,0,1,1,0,0,0,0,0,1,1,1,0,0,0.603367
0,0,0,0,1,1,1,1,1,0,0,1,0,0,1,1,0,1,0,0,0,1,0,0,1,0,1,1,0,1,0,1,0.632926
1,1,1,1,1,1,0,0,1,1,0,0,1,1,0,1,0,1,1,0,0,0,1,0,1,0,1,0,1,0,0,0,0.670389
0,0,0,0,1,1,0,0,1,1,1,1,1,1,0,0,1,0,0,0,0,0,0,1,0,0,1,1,0,1,1,0,0.580734
0,1,0,0,1,0,1,0,1,1,1,0,0,1,0,0,1,1,0,1,0,0,1,0,1,0,1,0,0,1,0,0,0.594886
0,1,1,0,0,0,0,0,0,0,0,1,0,0,0,0,1,1,0,0,1,1,0,1,0,0,1,0,0,1,1,1,0.602314
0,0,0,0,0,0,1,1,1,0,1,1,0,1,1,0,1,0,1,1,0,1,0,0,1,1,1,1,0,0,1,1,0.673876
0,0,0,1,0,0,1,1,1,1,0,0,0,0,1,1,1,0,1,0,1,0,1,0,0,1,0,0,0,1,0,1,0.624570
1,0,0,1,1,0,1,0,1,0,1,1,1,1,1,1,0,1,0,1,1,1,1,1,0,1,1,1,1,1,1,0,0.617118
1,1,1,1,1,0,0,0,1,1,0,0,0,0,1,0,0,0,0,1,0,1,1,1,0,1,0,1,1,1,0,0,0.596868
1,0,0,1,1,1,0,0,1,1,0,0,1,1,1,1,1,0,1,1,0,0,0,1,0,0,1,0,1,0,1,0,0.605475
1,1,1,1,1,0,1,1,1,1,1,1,1,1,1,1,1,1,1,1,1,0,1,0,1,0,1,1,1,1,1,0,0.707902
0,1,1,0,1,0,1,1,1,1,1,0,1,1,0,1,0,0,1,0,0,1,0,0,0,1,0,1,1,1,1,1,0.652147
1,0,0,0,1,1,0,1,1,1,0,0,1,1,1,1,1,1,1,0,0,1,0,0,1,1,1,0,0,1,1,0,0.598449
1,0,1,0,0,1,1,1,1,1,1,1,1,1,1,1,0,0,1,1,0,1,0,1,1,1,0,1,1,0,1,1,0.601962
1,1,1,0,1,1,0,0,0,0,0,1,1,1,1,0,1,1,0,1,0,1,1,1,1,0,0,1,0,1,1,1,0.617319
1,0,0,0,0,1,1,0,1,1,1,0,0,0,0,1,0,1,1,0,1,1,0,0,1,1,0,0,1,0,0,0,0.604221
1,1,0,1,0,0,0,1,1,1,1,1,0,1,1,1,1,1,1,0,1,1,0,1,0,0,0,1,1,1,0,1,0.597069
0,1,1,0,0,0,1,1,1,0,0,1,1,1,1,0,0,1,1,1,0,0,0,1,1,1,0,1,1,1,0,1,0.600708
1,1,0,0,0,0,1,0,0,1,0,1,0,0,0,1,0,1,0,0,1,0,1,1,0,0,1,1,1,0,1,1,0.633302
1,0,0,0,0,1,1,0,0,0,1,1,0,0,0,1,1,0,0,0,0,1,0,1,0,0,0,0,0,1,1,1,0.644870
1,0,0,1,1,1,1,1,0,1,0,1,0,1,1,1,1,1,1,1,1,1,0,0,1,0,1,1,0,1,0,1,0.601360
0,1,1,0,0,0,1,1,1,0,0,0,1,0,0,1,1,1,1,1,0,0,1,1,0,0,0,1,1,0,1,1,0.623617
1,0,0,0,0,1,0,1,1,1,1,0,0,0,1,1,1,1,0,1,0,0,1,1,0,0,0,0,1,0,1,0,0.602063
0,1,0,0,1,0,0,0,0,0,1,0,0,0,0,0,0,1,1,0,1,1,0,0,1,1,1,1,1,0,0,1,0.621484
0,0,0,0,0,1,1,0,0,0,0,0,1,0,1,0,1,1,0,1,0,0,0,0,1,0,0,1,0,0,1,0,0.562818
1,0,0,0,1,0,0,1,0,0,1,1,1,1,0,0,1,0,1,0,1,1,0,1,1,0,0,1,1,1,0,0,0.616641
1,0,0,0,1,0,1,1,1,0,1,0,0,1,0,0,0,1,1,0,1,1,1,1,1,1,0,0,1,1,0,1,0.679848
1,1,0,0,0,0,0,1,0,1,0,0,0,0,1,1,1,1,0,1,0,1,0,1,0,1,0,0,0,1,1,1,0.723233
1,1,0,1,1,1,1,0,0,1,1,0,0,1,1,0,0,1,0,0,1,1,0,0,0,0,1,0,0,0,1,0,0.617093
1,1,0,0,0,0,0,1,1,1,0,1,1,1,1,1,1,0,1,1,1,0,0,0,0,1,1,0,1,0,1,0,0.595614
1,0,0,1,1,1,1,1,1,0,0,0,1,0,0,1,1,0,1,1,1,1,1,0,0,1,1,0,0,1,1,0,0.612074
0,1,1,0,1,1,0,0,0,0,1,1,0,1,0,0,1,0,0,0,0,0,1,0,0,0,0,1,0,1,0,0,0.596668
0,1,0,1,0,0,0,1,0,0,0,1,1,0,1,1,0,0,0,1,0,0,0,1,1,0,0,0,0,0,0,0,0.577874
1,0,0,0,1,1,0,0,1,0,0,0,0,1,0,0,0,1,0,0,1,0,0,1,1,0,0,1,1,0,1,1,0.622713
0,1,1,0,1,1,1,0,1,1,1,0,0,1,0,1,1,0,1,1,0,1,0,0,1,0,0,1,1,0,0,0,0.616014
1,1,1,0,1,1,1,0,1,1,1,0,0,1,0,1,1,0,1,0,1,1,1,0,1,1,1,1,1,0,0,0,0.613655
0,0,1,0,1,0,0,1,0,0,0,1,0,1,0,0,0,0,1,1,0,1,1,1,1,1,1,0,0,1,0,1,0.652347
1,0,0,1,1,1,1,1,0,1,1,0,0,0,0,0,0,1,0,0,1,0,1,1,0,0,1,1,0,1,0,0,0.597621
0,1,1,1,0,1,0,1,0,0,0,1,0,1,0,1,1,1,0,0,1,1,0,1,1,1,1,1,0,0,1,0,0.608461
1,0,0,1,0,0,0,1,0,1,1,1,0,1,1,1,1,1,0,1,0,0,1,1,1,0,0,1,1,1,1,0,0.609214
1,0,1,0,0,0,0,0,0,0,0,1,0,0,0,1,1,1,1,0,1,1,1,1,0,0,1,0,1,1,0,0,0.595062
0,1,1,1,1,1,1,0,0,0,1,1,1,0,0,1,1,0,0,1,0,0,0,1,0,0,1,0,1,0,0,1,0.598575
0,1,0,1,1,0,0,0,0,1,1,0,0,1,0,1,0,1,1,1,0,0,1,0,1,0,0,1,1,0,1,0,0.595564
0,0,1,0,1,0,1,0,1,0,0,0,0,1,1,0,1,0,0,0,1,0,1,1,1,1,0,0,0,0,1,0,0.631822
0,0,1,1,1,0,1,0,1,1,1,1,1,1,1,1,1,1,0,0,1,0,1,0,1,0,0,1,1,1,1,1,0.607583
1,0,0,0,1,0,0,1,1,0,0,0,1,1,1,1,0,1,1,0,1,0,1,0,1,0,0,1,1,0,1,0,0.623868
1,0,0,0,1,0,1,0,0,0,1,1,0,0,0,0,1,1,0,0,1,0,0,1,0,0,1,1,1,0,1,0,0.592553
0,1,1,0,0,0,1,1,1,1,0,0,0,1,0,0,0,1,1,1,1,1,1,1,0,0,1,1,1,0,0,1,0.612150
1,0,0,0,0,1,0,1,1,1,0,0,1,1,0,0,0,0,0,0,0,0,1,0,0,1,0,0,1,1,0,1,0.622839
0,1,0,0,1,1,0,1,1,1,1,1,1,0,1,1,0,1,1,1,1,1,1,0,1,1,1,0,1,0,1,1,0.597395
0,0,1,0,1,1,0,1,0,1,1,0,0,0,0,0,0,1,0,0,1,0,1,0,0,1,0,0,1,0,0,1,0.612150
1,0,1,1,1,0,0,1,1,1,1,0,1,0,0,1,1,1,1,0,1,1,1,1,1,0,0,1,1,0,0,1,0.605751
0,1,0,1,1,1,1,1,0,1,0,1,0,0,0,0,1,0,1,1,1,1,1,1,1,1,1,1,1,1,0,0,0.669360
1,0,1,0,0,0,0,1,0,0,1,1,0,1,0,0,1,0,0,1,1,1,1,0,1,1,1,0,1,1,0,0,0.596542
1,1,1,0,0,0,0,1,1,0,0,1,1,1,0,1,1,0,0,0,1,1,1,0,0,1,1,1,1,1,1,1,0.628409
1,1,0,0,1,0,1,1,0,1,0,1,0,0,0,0,1,1,0,0,1,0,0,0,0,1,1,0,1,1,0,0,0.612902
1,1,1,1,0,1,0,1,0,0,0,1,1,0,1,1,0,0,1,0,1,1,0,1,1,0,1,1,1,1,0,0,0.599629
1,0,1,0,0,1,1,0,1,1,1,0,1,1,1,0,1,0,0,0,0,0,1,0,0,0,0,0,1,0,0,0,0.734424
0,0,1,1,1,1,1,1,1,1,0,1,1,1,0,1,0,1,0,1,0,1,1,1,0,1,0,0,0,1,1,0,0.648508
1,0,0,1,0,0,1,1,1,0,1,0,0,0,0,0,0,0,1,1,0,0,1,0,1,0,0,1,1,0,0,1,0.592377
1,0,1,0,0,0,1,1,0,0,1,0,0,0,0,0,0,1,0,0,0,0,0,0,0,0,0,1,0,1,0,0,0.585050
1,0,0,0,0,1,1,0,1,1,0,0,1,1,1,0,0,0,0,0,0,0,1,1,0,1,0,1,0,1,1,1,0.656713
1,0,0,1,1,1,1,1,0,1,1,0,1,1,1,0,1,0,0,0,1,1,1,1,0,1,1,0,1,0,1,1,0.697212
1,1,1,1,0,1,0,1,0,0,0,0,1,1,0,0,0,1,1,1,1,0,1,0,0,1,1,0,0,0,0,1,0.612551
1,1,1,1,0,1,0,0,0,1,0,1,1,0,0,0,1,1,0,1,0,1,0,1,0,1,0,1,1,1,0,1,0.599779
1,1,0,1,0,0,1,0,1,1,1,1,0,1,1,0,1,1,1,0,1,1,1,1,0,1,1,0,1,1,1,0,0.602966
0,0,0,0,1,1,1,0,0,1,1,0,0,1,1,1,0,0,0,1,0,1,0,1,1,0,0,0,0,1,1,1,0.738238
0,1,0,1,0,0,0,1,0,1,0,0,0,0,1,1,1,1,0,0,0,0,0,1,1,1,1,0,0,0,1,0,0.603392
0,0,1,1,1,0,1,1,1,0,0,0,0,1,1,1,0,0,1,1,0,0,0,0,0,0,0,1,0,0,1,0,0.601837
1,1,1,1,1,0,0,0,1,0,0,0,1,0,1,1,0,1,1,1,1,1,0,1,1,0,0,0,0,0,1,1,0.603292
1,1,0,1,0,0,0,1,1,1,0,1,1,0,1,0,1,1,1,1,0,0,0,1,0,0,1,0,0,0,1,0,0.601887
0,1,0,0,1,0,0,0,1,0,1,0,0,1,0,1,1,0,1,0,0,0,1,1,0,0,1,0,0,0,1,1,0.599754
1,0,1,0,1,0,0,0,1,1,1,1,0,0,0,1,1,1,1,1,0,0,0,1,0,1,1,0,1,1,1,1,0.634682
1,1,1,1,1,1,1,1,0,1,1,1,1,1,1,1,1,1,0,0,1,0,1,1,1,1,1,0,0,0,1,1,0.616792
1,0,0,1,1,0,0,0,0,1,1,1,0,0,0,1,1,1,0,0,1,1,0,1,0,1,1,0,0,1,1,1,0.612049
1,1,1,0,0,0,0,1,0,1,0,0,1,1,1,1,0,0,0,1,1,1,1,0,1,1,1,0,1,1,0,0,0.621559
0,1,1,1,1,0,0,0,1,1,0,1,0,0,1,1,0,1,1,0,1,0,1,1,1,0,1,1,1,0,0,0,0.617971
1,1,1,0,0,0,0,1,1,1,0,0,1,0,0,1,1,1,0,1,1,1,1,1,0,0,0,1,0,1,0,1,0.618172
1,1,1,1,1,1,1,1,0,0,1,1,0,1,0,0,0,0,0,1,1,0,0,0,0,0,0,1,1,0,1,1,0.604095
0,0,1,0,1,0,1,0,0,0,0,1,0,1,0,1,1,0,0,1,0,1,0,1,1,1,0,0,0,0,1,1,0.618172
1,0,1,1,1,0,0,0,0,0,0,0,0,1,0,1,0,1,1,0,1,1,1,1,0,1,1,1,1,0,1,1,0.615487
1,0,0,0,0,1,0,1,0,1,0,0,1,1,0,0,0,0,1,1,1,0,0,0,0,1,0,0,1,1,0,1,0.633930
0,0,1,0,0,0,0,1,0,0,0,1,1,1,1,1,1,1,0,0,1,0,1,0,1,0,0,0,0,1,1,1,0.694728
0,1,1,1,0,1,1,0,0,0,0,0,0,1,1,1,1,1,0,1,1,0,0,0,0,1,1,0,0,1,0,0,0.596392
0,1,1,0,1,1,0,1,0,1,1,0,0,0,1,0,1,1,0,1,0,1,1,0,1,0,0,1,1,1,0,1,0.600432
1,1,1,0,1,0,1,1,0,0,0,1,1,0,0,0,1,0,0,0,0,0,1,1,1,1,1,1,0,0,1,1,0.627305
1,1,0,0,1,1,1,1,1,1,1,1,0,0,0,0,1,0,0,1,1,1,1,0,1,0,0,0,1,0,0,1,0.714752
1,0,1,1,1,0,1,1,1,1,1,0,0,0,1,1,0,1,1,1,1,0,0,1,1,1,0,1,0,0,0,1,0.601109
1,0,0,1,0,1,0,1,1,1,1,0,0,0,1,0,0,1,0,1,0,1,0,1,0,1,0,1,1,1,1,1,0.615412
1,1,1,0,0,0,1,0,1,0,0,1,1,0,1,1,0,1,0,0,0,1,1,0,1,0,0,1,1,0,0,1,0.592728
1,1,1,1,1,1,1,1,0,1,0,1,1,0,0,0,0,0,0,0,1,1,0,0,1,0,0,1,0,1,1,0,0.591674
1,0,0,0,0,1,1,1,0,0,1,1,1,1,1,0,0,0,0,0,0,0,1,0,0,0,1,0,0,0,1,1,0.733721
1,0,1,1,1,1,0,1,0,1,1,0,0,1,1,1,0,1,0,1,1,1,1,1,1,1,0,0,1,1,0,0,0.660954
0,1,1,0,0,1,0,1,1,1,1,1,0,1,0,1,0,1,0,0,1,1,1,0,1,1,0,0,0,1,1,1,0.625474
1,1,0,0,1,1,1,1,0,0,0,0,1,0,1,1,1,1,1,0,0,0,0,1,1,1,1,0,0,1,1,1,0.662309
0,0,0,1,1,1,1,1,1,0,0,1,0,0,0,1,0,1,0,0,1,0,1,0,1,0,0,1,1,0,1,0,0.658821
1,0,0,0,0,1,1,0,1,0,0,1,0,0,1,0,1,1,1,0,1,1,0,1,1,0,0,0,1,0,0,0,0.605550
0,0,0,0,1,1,1,1,0,0,1,1,0,1,0,1,0,1,0,1,1,1,1,0,1,1,0,1,1,1,1,1,0.722179
1,0,0,0,1,1,0,1,0,1,0,0,1,0,0,1,0,0,1,0,1,0,1,0,1,1,0,0,0,1,0,1,0.640253
0,1,0,0,1,0,0,1,0,0,1,0,0,1,0,0,1,0,1,1,1,0,1,0,1,1,1,0,1,1,0,0,0.598299
1,1,0,1,1,0,1,1,1,0,0,0,1,1,1,0,0,1,0,1,0,0,1,0,1,0,1,1,0,0,0,1,0.598073
0,0,1,1,1,0,0,1,0,1,0,1,0,0,0,0,1,1,1,0,1,0,1,0,0,1,0,1,1,0,0,0,0.591449
1,0,1,0,0,0,1,0,1,1,0,0,0,0,0,0,1,1,0,0,0,1,0,1,0,1,0,0,0,1,1,1,0.594359
1,1,1,1,0,0,1,1,0,1,1,1,1,1,1,0,1,1,1,0,0,1,1,1,0,0,1,1,0,1,1,1,0.583294
0,1,0,1,0,0,1,0,1,1,0,1,1,1,0,0,0,1,0,0,1,0,0,0,0,0,0,0,1,1,1,1,0.624395
0,0,1,0,1,1,1,0,0,0,0,0,0,1,0,1,1,0,1,0,1,0,1,0,0,1,0,0,1,0,0,0,0.646150
1,0,0,1,1,1,0,1,0,0,1,0,1,1,1,1,1,0,0,0,1,0,0,1,1,1,1,0,0,0,0,0,0.621635
0,1,1,1,0,1,1,1,0,0,0,1,0,0,1,0,0,0,1,0,0,1,0,0,0,1,1,0,0,1,1,0,0.608160
1,1,0,0,0,1,1,1,1,0,0,1,1,0,0,0,1,0,0,1,1,1,0,0,0,1,1,1,0,1,0,0,0.616139
0,1,1,1,0,1,1,1,0,0,0,0,1,1,0,0,1,0,1,1,0,0,1,1,0,0,1,0,1,0,1,0,0.600356
1,1,1,0,0,0,0,1,0,1,0,0,1,1,0,0,0,0,0,1,1,0,1,0,1,1,1,0,1,0,0,0,0.601084
0,0,1,1,0,1,1,0,0,0,1,0,0,1,1,1,1,1,0,1,0,0,0,1,1,0,1,0,0,0,0,0,0.597421
0,1,0,0,1,1,0,1,0,1,0,1,0,0,1,0,0,1,0,1,1,0,1,1,0,0,0,1,0,1,0,0,0.612476
1,0,1,1,1,0,0,1,1,0,1,1,1,0,0,1,1,0,1,0,1,1,0,1,0,1,1,0,1,1,0,1,0.601787
1,1,1,0,0,1,1,1,0,1,1,1,0,1,1,0,1,1,1,1,1,1,1,0,1,1,0,1,0,1,1,0,0.639174
0,0,0,0,1,0,1,0,0,0,1,1,0,0,0,1,0,0,1,1,1,0,1,1,1,0,1,1,0,1,0,0,0.617770
1,0,0,1,1,0,0,0,1,0,0,0,0,0,0,0,0,1,1,0,1,0,1,1,1,1,1,0,0,1,1,1,0.594435
1,1,0,0,0,1,1,1,0,0,0,1,1,1,1,1,1,1,0,1,1,1,0,1,0,0,0,1,1,1,0,0,0.661657
1,0,0,0,0,0,0,1,0,0,0,0,1,0,0,1,0,0,1,1,0,0,0,1,0,1,0,0,0,1,0,0,0.602765
1,0,1,1,1,1,0,1,0,1,0,0,1,0,0,0,1,0,0,0,0,0,0,1,0,1,1,1,1,0,1,1,0.600808
0,1,0,0,1,1,1,0,1,1,0,0,1,0,1,1,0,0,1,1,0,0,1,1,1,1,0,1,0,1,0,1,0.607733
1,1,1,0,1,1,0,1,0,1,1,1,1,1,1,1,1,0,0,1,0,0,0,0,1,1,1,0,0,1,1,0,0.597546
1,1,0,1,1,0,0,1,1,0,0,0,0,1,0,0,0,1,0,0,0,1,0,0,1,1,1,1,0,1,1,1,0.604045
1,0,0,1,0,0,0,1,1,1,0,1,0,1,0,0,1,1,0,1,1,1,0,0,0,0,1,1,0,0,0,1,0.596693
0,1,1,1,0,1,0,0,0,0,1,1,1,0,0,1,1,0,1,1,0,0,1,1,0,1,0,0,0,1,0,1,0.596392
1,1,0,0,1,0,0,1,1,0,0,1,1,0,0,1,1,1,0,1,0,1,1,1,1,1,1,0,1,0,0,0,0.643415
1,0,1,0,1,0,1,1,1,0,0,0,1,1,0,1,1,1,0,0,1,1,0,1,0,0,0,1,0,1,1,0,0.682257
1,1,1,1,1,0,0,0,0,0,1,1,0,0,0,1,0,1,0,1,1,0,1,1,0,1,1,0,0,1,0,1,0.601385
1,1,1,0,0,1,1,1,0,0,0,1,1,0,1,1,1,1,1,0,0,0,1,1,1,0,0,1,0,1,0,1,0.604672
1,1,1,1,0,1,0,1,1,1,1,0,1,1,0,1,0,0,1,0,1,0,0,1,0,0,0,0,1,1,1,0,0.612225
0,0,1,0,0,0,0,1,0,0,0,1,1,1,1,0,1,0,0,0,1,0,1,0,1,0,0,1,1,0,0,0,0.598449
1,0,0,1,1,0,0,0,1,1,0,1,1,1,1,1,1,1,0,0,1,0,1,0,0,1,0,1,0,1,1,0,0.601511
1,0,1,0,1,0,1,1,0,0,0,1,1,0,1,0,1,0,0,0,0,1,0,1,0,0,0,1,1,1,0,1,0.665245
1,0,1,1,1,0,0,1,0,1,0,0,0,0,1,1,0,0,1,0,0,0,0,1,1,0,0,1,0,1,1,0,0.601636
0,0,0,0,0,0,1,1,1,0,1,1,1,1,1,1,0,0,0,1,1,1,0,0,1,1,0,0,0,1,0,0,0.644142
0,0,1,1,0,0,0,1,0,1,1,1,1,1,1,1,1,0,0,1,0,0,1,0,1,0,1,0,0,0,0,1,0.627682
1,1,1,0,0,1,1,0,1,0,1,1,0,1,0,1,0,0,0,0,0,0,0,0,0,1,1,1,0,1,0,1,0.597872
0,1,1,1,0,0,0,0,1,0,1,1,1,1,1,1,0,1,0,0,0,1,1,0,1,1,1,0,1,1,1,0,0.611547
0,1,1,1,0,1,1,1,1,1,0,0,1,0,1,0,1,0,0,0,1,1,1,0,0,0,1,1,1,0,1,0,0.650189
1,1,1,0,0,1,1,0,1,1,1,0,1,1,1,1,0,0,0,1,0,1,1,1,1,0,1,1,1,0,0,0,0.601812
1,0,1,1,0,0,0,0,0,0,1,1,1,0,1,1,0,1,1,1,1,1,1,1,0,1,0,1,1,1,1,0,0.599152
0,0,0,0,1,1,0,0,0,1,1,0,1,0,0,0,1,0,1,1,1,1,0,0,0,0,1,1,0,1,1,0,0.595263
1,0,1,1,1,0,0,0,1,1,0,1,1,0,0,0,0,0,0,1,1,1,0,1,1,0,0,0,1,0,1,1,0.604271
1,1,1,0,0,0,0,0,0,0,1,1,1,0,0,0,1,1,0,1,0,1,1,0,1,0,1,0,1,0,1,1,0.607056
1,0,0,1,0,1,0,0,0,1,0,0,1,0,1,0,0,1,0,0,1,0,1,0,0,0,1,1,0,1,1,1,0.602012
0,0,1,0,1,0,0,0,0,0,0,0,0,1,1,1,1,0,0,0,1,1,1,1,1,0,1,1,0,0,0,0,0.612576
1,1,0,1,1,0,1,0,0,1,0,1,0,1,1,0,0,1,1,0,0,1,0,0,0,1,1,0,0,1,1,1,0.594184
1,0,1,1,0,1,0,0,1,0,1,1,0,1,0,0,1,0,0,0,0,0,1,0,0,0,0,1,0,0,1,1,0.600984
1,1,0,1,0,0,1,1,1,0,0,1,1,0,1,0,0,0,0,1,0,0,0,1,0,1,0,1,1,0,0,0,0.604321
1,0,1,0,1,0,0,0,0,1,0,1,0,1,1,0,1,1,0,0,1,0,0,1,1,1,0,0,1,1,0,0,0.597621
0,0,0,1,0,0,1,1,1,0,1,0,0,1,1,1,1,1,0,1,1,0,1,1,0,0,1,1,1,0,1,1,0.619426
0,0,1,1,0,0,0,1,1,1,0,0,1,1,0,1,0,0,0,0,0,0,0,1,0,0,0,0,0,1,1,1,0.640002
1,1,1,0,1,1,1,1,1,1,0,0,1,0,1,0,1,0,0,1,1,1,1,1,0,1,0,1,1,0,0,0,0.742278
0,1,1,0,1,0,0,1,0,1,0,0,0,1,0,0,1,1,0,1,1,1,1,1,1,1,1,1,0,0,1,0,0.579605
0,1,1,0,1,1,0,0,0,0,1,0,1,0,1,0,1,1,0,1,1,1,1,0,0,1,0,1,1,0,1,0,0.598600
1,1,0,1,0,0,1,1,1,0,0,0,1,1,1,0,0,0,0,0,0,1,1,1,1,0,1,0,1,1,1,0,0.645146
0,0,1,0,0,1,0,0,0,0,0,1,1,1,0,1,0,0,1,0,0,0,0,1,0,0,1,1,1,0,0,1,0.617871
0,1,0,1,1,1,1,1,1,1,1,1,0,1,0,0,1,1,1,0,1,0,0,0,0,1,0,0,0,0,1,1,0.601536
0,1,0,0,1,1,0,1,1,0,1,1,0,0,1,1,1,0,1,0,1,0,1,0,0,0,0,1,0,1,0,0,0.600557
1,1,0,0,1,0,1,0,1,1,0,1,0,0,0,0,0,1,1,1,1,1,0,0,1,0,1,0,1,0,0,1,0.614559
0,0,1,0,0,1,1,1,1,0,1,1,0,0,1,0,0,1,1,1,0,0,0,0,0,0,0,1,0,0,1,0,0.603995
1,0,0,1,0,0,0,0,0,1,1,1,1,0,0,1,1,1,1,0,1,1,1,1,0,0,0,1,1,1,1,0,0.595087
1,0,1,1,1,1,1,0,0,1,0,1,1,1,1,1,1,0,1,0,0,0,1,0,1,1,0,1,1,0,1,1,0.614032
1,1,0,0,0,0,0,1,1,0,1,1,1,0,1,1,1,0,1,1,0,0,1,0,1,1,1,1,1,0,1,0,0.601460
0,0,1,0,1,1,0,0,1,1,1,1,0,0,1,0,1,1,1,0,0,1,1,1,0,1,1,0,1,0,1,1,0.595539
1,0,1,0,0,0,0,1,0,0,1,1,1,1,1,1,1,0,0,1,1,1,0,1,0,1,0,1,0,0,1,1,0.630718
0,1,0,0,0,1,0,0,0,1,1,0,0,1,0,1,1,1,1,1,0,0,0,0,0,0,0,1,1,1,1,0,0.606429
1,1,1,0,1,0,1,0,1,1,1,0,0,0,1,0,0,1,0,0,0,0,1,1,0,1,1,1,0,0,1,0,0.626979
1,1,1,1,0,1,0,1,1,1,0,1,0,0,0,0,0,1,0,1,0,0,0,0,0,1,0,1,0,1,1,0,0.601485
0,0,1,0,0,1,0,1,0,1,1,1,1,0,0,1,1,1,0,0,1,0,1,0,0,0,0,1,0,1,1,0,0.603066
1,0,1,1,1,0,1,1,1,0,0,1,0,1,1,0,0,0,0,0,0,1,1,0,1,1,1,1,1,0,1,1,0.605224
1,0,1,1,1,1,0,1,0,1,1,1,1,0,0,1,0,0,1,1,0,1,1,1,1,0,1,0,1,0,0,0,0.606353
1,1,1,0,0,0,0,1,0,1,0,1,0,1,1,1,1,1,1,1,1,0,0,1,1,0,0,0,0,0,0,1,0.596969
1,0,1,1,1,0,0,1,0,1,1,1,0,1,0,0,0,1,1,0,1,0,0,1,1,0,0,1,0,0,1,1,0.597998
0,1,1,1,0,1,1,1,1,0,1,0,1,1,1,0,0,1,1,1,0,0,0,1,1,0,0,0,0,1,0,0,0.607232
0,0,0,0,1,1,1,0,1,1,0,1,0,0,1,1,0,1,1,0,0,0,1,0,1,1,0,0,1,0,1,0,0.602690
1,0,1,0,0,1,0,0,1,1,0,0,1,1,1,1,0,1,0,1,1,0,0,0,0,1,0,1,0,0,1,0,0.596116
1,1,1,1,0,0,0,1,1,0,1,0,0,1,0,0,1,0,0,0,0,1,1,0,0,0,1,0,1,0,1,1,0.600281
1,1,1,0,0,1,0,0,1,0,0,0,0,1,0,1,1,1,1,0,1,0,0,1,1,1,1,0,1,0,0,0,0.608687
1,0,1,0,1,0,0,1,1,0,1,0,1,0,1,0,0,0,1,1,0,1,1,1,0,0,0,0,0,1,0,0,0.606880
0,0,0,0,1,0,0,1,0,0,1,0,0,1,1,0,1,0,0,1,1,1,0,1,1,0,0,0,0,0,0,1,0.628610
0,1,1,0,0,0,1,1,1,0,1,0,0,1,1,0,0,0,0,0,1,1,1,1,1,0,0,0,0,0,1,1,0.702105
1,1,0,1,1,0,0,0,0,1,1,1,1,0,1,1,0,0,0,1,1,0,0,0,1,1,1,0,0,1,0,1,0.602489
0,0,0,0,1,1,1,1,1,1,0,0,1,1,0,0,0,1,0,0,1,0,0,1,0,0,0,0,0,0,0,0,0.691893
0,1,1,0,0,1,0,1,1,1,0,0,1,0,0,1,0,0,0,0,1,1,0,1,1,1,0,0,1,0,1,1,0.689659
1,0,0,0,1,0,1,1,1,0,1,1,0,1,1,0,1,0,1,1,1,0,1,1,1,0,0,1,0,0,1,1,0.610694
0,1,1,0,1,0,1,0,0,1,0,1,1,1,0,0,0,1,0,1,0,1,1,0,1,1,0,0,1,0,1,0,0.604446
0,1,1,0,0,0,1,0,0,0,1,0,0,0,0,1,1,0,1,0,1,1,0,0,0,0,1,0,1,1,1,0,0.594083
1,1,0,0,0,1,1,1,1,0,1,1,0,0,0,0,1,0,0,0,0,0,0,0,1,0,0,1,0,1,0,0,0.626502
0,0,1,1,0,1,1,0,1,0,1,0,1,1,1,0,1,1,0,0,1,0,1,0,0,1,0,1,1,1,1,0,0.612049
1,0,0,1,0,0,0,1,1,0,0,0,1,0,1,0,1,0,1,1,0,1,1,0,1,0,0,0,0,1,1,1,0.602866
1,1,1,0,1,0,1,1,1,0,1,0,0,1,0,1,1,1,0,1,1,0,1,0,0,1,0,1,0,0,0,1,0.602163
0,1,0,1,1,0,0,0,1,1,1,1,0,1,1,1,0,1,0,0,0,1,1,0,1,0,1,1,0,0,0,1,0.628736
1,0,1,1,1,1,1,1,1,0,0,1,0,0,0,0,1,1,0,1,1,0,1,1,0,1,0,1,0,1,0,1,0.620681
0,0,0,0,1,1,1,1,1,1,1,1,0,0,0,0,1,1,0,1,0,1,0,1,0,1,1,1,0,0,0,1,0.607282
1,1,1,0,1,1,1,0,0,1,1,0,0,0,0,1,0,1,1,0,0,1,1,0,0,0,1,0,1,0,1,1,0.602966
0,0,1,1,1,1,1,1,0,1,1,1,0,1,1,0,0,1,0,1,0,0,0,1,1,0,0,0,1,1,0,1,0.620606
1,1,1,1,0,0,0,0,0,0,1,0,0,1,0,1,0,0,0,0,0,0,0,1,0,0,0,1,0,0,1,1,0.609113
1,0,1,1,1,0,0,1,1,0,1,0,1,0,0,0,0,1,1,0,1,0,0,1,1,0,0,0,0,1,0,1,0.601937
1,1,0,0,1,0,1,0,1,1,1,0,1,0,1,1,0,1,0,0,0,1,1,1,0,1,0,0,1,1,0,0,0.612677
1,0,0,1,0,1,1,1,0,1,0,1,0,0,0,0,0,0,0,1,0,1,1,0,1,1,1,0,1,0,0,1,0.601686
0,0,1,1,1,1,0,1,0,0,0,1,0,0,0,0,0,1,0,0,1,1,1,0,1,1,0,1,1,1,0,0,0.672622
1,1,0,0,0,0,0,0,1,1,0,1,1,0,0,1,1,1,0,1,0,1,1,0,0,1,0,0,0,0,0,1,0.615387
0,0,1,0,0,1,0,0,0,0,1,1,1,1,1,1,0,1,0,1,0,1,1,1,0,0,0,0,1,0,1,0,0.676361
