0,1,0,1,1,1,1,1,1,1,1,0,0,1,1,1,1,1,0,0,0,1,1,0,1,1,1,1,0,0,1,1,0.592391
1,0,1,1,1,0,0,0,0,0,0,0,1,1,0,1,0,1,0,0,1,1,1,0,1,0,1,1,0,0,0,0,0.585145
0,0,0,0,1,0,0,1,0,0,1,0,1,0,0,0,1,0,1,1,0,0,0,0,1,0,0,1,0,1,1,1,0.583333
0,0,0,1,0,0,1,1,1,0,1,0,1,0,0,1,1,1,0,1,1,0,0,1,1,0,0,1,1,1,1,0,0.581522
0,0,1,1,1,1,1,0,1,0,0,1,1,1,0,1,1,1,0,1,1,0,0,1,1,0,0,1,0,0,1,0,0.583333
0,0,0,0,0,0,0,0,1,0,0,1,1,1,1,0,1,1,1,1,0,1,0,0,1,0,1,1,0,0,0,1,0.606884
1,0,0,1,0,0,0,0,1,0,0,0,1,1,0,1,0,0,1,1,1,0,1,1,0,0,0,1,1,0,1,1,0.603261
0,1,0,0,0,1,0,0,1,0,0,1,1,0,0,1,1,1,0,1,1,1,1,0,0,0,1,0,1,1,1,0,0.597826
1,1,0,0,1,0,1,0,0,0,1,1,0,1,1,0,0,0,1,1,1,1,1,0,0,1,0,0,1,0,0,1,0.615942
1,0,1,0,1,0,0,1,1,0,0,0,0,0,1,1,0,1,0,1,1,1,0,0,0,0,0,0,1,1,0,0,0.623188
0,1,1,1,1,1,1,1,0,0,0,1,0,0,0,0,0,0,0,0,1,0,0,1,0,1,0,0,1,1,0,1,0.639493
1,0,0,1,1,1,0,0,0,1,1,1,1,1,0,1,1,1,1,1,0,0,1,1,1,1,1,0,0,1,0,1,0.577899
1,1,0,0,1,1,1,0,1,0,0,0,0,1,1,0,1,0,0,0,1,1,0,1,0,1,1,0,1,0,0,0,0.646739
1,0,0,1,1,0,1,0,0,0,1,1,0,0,1,1,0,0,0,0,1,1,1,0,0,1,1,0,0,1,0,1,0.610507
0,1,1,0,1,0,1,1,0,1,1,1,1,1,0,0,0,0,1,0,0,1,0,0,1,0,1,0,0,0,0,1,0.610507
0,0,0,0,0,0,0,0,1,0,1,1,1,0,0,1,1,0,0,0,0,0,1,1,0,1,1,0,0,1,0,0,0.596014
1,1,1,1,1,0,0,0,1,1,0,0,1,1,1,1,1,1,0,0,0,1,1,0,1,1,1,1,0,1,1,1,0.594203
1,1,1,1,1,0,0,0,1,1,0,1,1,0,0,1,1,0,0,0,1,1,1,1,0,0,1,0,0,1,1,1,0.563406
1,0,1,1,1,1,0,0,0,0,0,1,0,0,1,1,1,1,1,0,0,1,0,1,1,1,0,0,1,0,0,0,0.596014
0,0,1,0,0,1,0,0,1,0,0,0,0,1,1,1,0,0,0,0,0,1,1,1,1,0,0,1,0,0,0,0,0.623188
1,0,0,1,0,0,0,0,1,1,1,1,0,0,1,0,0,0,1,1,0,0,0,1,0,0,0,0,0,1,1,1,0.653986
1,1,0,0,1,0,0,0,0,0,0,0,0,1,1,0,0,0,0,0,1,0,1,0,1,1,1,1,1,1,1,1,0.608696
1,0,0,1,0,0,1,0,0,1,1,0,1,1,0,1,0,1,1,1,1,0,1,1,1,1,0,1,0,1,1,0,0.597826
1,1,0,1,0,0,0,0,1,0,0,0,1,0,0,1,0,0,1,0,0,1,1,1,0,0,0,1,1,1,0,0,0.579710
0,0,1,0,1,0,0,0,0,1,1,1,1,0,1,0,0,0,0,0,0,1,1,0,0,1,0,0,0,1,1,1,0.644928
1,1,0,0,0,1,1,1,0,0,1,0,1,1,1,1,1,1,0,1,0,0,1,0,1,1,1,1,1,1,1,1,0.576087
0,0,0,0,1,0,0,1,1,1,1,1,1,1,0,0,1,0,1,1,1,0,1,0,0,1,0,1,0,1,0,1,0.605072
0,1,1,1,1,0,1,1,1,0,1,1,0,0,0,0,0,1,1,0,0,0,0,0,0,1,0,0,1,1,1,0,0.601449
0,1,0,0,1,1,1,1,1,1,1,0,1,0,1,1,0,0,1,0,1,0,1,0,1,0,1,0,0,0,1,0,0.693841
1,0,0,1,1,1,0,1,0,1,0,0,1,1,1,0,1,0,0,0,0,1,0,1,1,1,0,0,1,0,1,1,0.625000
1,1,1,1,1,0,1,0,1,0,1,1,0,0,0,1,1,1,1,0,0,0,1,1,1,0,1,0,1,0,1,0,0.585145
0,1,1,0,0,0,0,1,0,1,1,0,0,1,1,1,0,0,1,0,1,0,0,0,0,1,0,0,0,0,1,1,0.639493
1,0,1,0,1,0,0,0,1,0,1,0,0,0,0,0,1,1,1,0,1,0,0,1,0,1,0,0,0,0,0,0,0.625000
0,1,1,0,0,1,0,1,1,0,1,1,0,1,0,1,0,0,1,1,0,0,1,0,1,0,1,1,1,1,0,0,0.597826
0,1,0,0,0,1,0,1,1,1,0,1,0,0,1,1,0,0,0,1,1,1,0,0,0,1,0,1,1,0,1,0,0.606884
1,1,1,1,0,1,0,0,0,1,0,1,1,0,0,1,1,1,0,1,1,0,0,1,0,0,0,1,1,1,0,0,0.626812
1,1,1,1,1,0,1,1,0,0,1,0,1,0,1,1,1,0,1,1,0,1,0,0,0,1,1,0,1,1,1,0,0.574275
1,1,1,1,0,1,0,0,1,1,0,0,1,1,0,0,1,0,1,1,0,0,0,1,1,1,1,1,0,0,1,0,0.628623
0,1,0,1,1,0,1,0,0,1,0,0,1,1,1,0,0,0,1,1,1,1,0,1,0,1,0,1,0,0,1,0,0.606884
0,0,0,1,1,0,1,0,0,1,1,1,1,1,0,0,1,1,0,1,0,1,1,1,1,1,0,1,1,1,0,1,0.599638
0,1,1,0,0,1,0,0,1,1,1,0,0,1,0,1,1,0,0,0,1,1,1,1,0,0,0,1,0,1,0,1,0.623188
1,1,1,0,1,1,1,1,0,0,1,1,1,0,1,0,1,0,1,1,1,0,1,0,1,1,0,0,1,1,0,1,0.621377
0,0,0,1,1,1,1,1,0,0,0,0,0,1,1,0,1,0,0,0,1,1,1,0,1,1,1,0,0,0,1,1,0.672101
0,1,1,0,0,0,1,1,0,0,0,1,0,1,1,1,0,1,1,0,0,1,1,0,1,1,1,0,0,1,0,1,0.626812
0,1,0,0,0,1,0,0,0,0,1,1,0,0,1,0,1,1,0,0,0,1,1,0,1,1,1,0,1,1,0,0,0.588768
0,0,0,1,0,0,0,1,1,1,1,1,1,0,1,1,0,0,0,1,1,1,0,0,1,0,1,0,0,1,0,0,0.585145
0,0,0,0,1,1,0,1,1,0,1,0,0,1,0,0,0,1,1,0,0,0,0,1,1,0,1,1,0,0,0,1,0.570652
1,0,1,1,0,0,0,1,0,1,0,1,0,1,0,0,1,1,0,0,1,0,0,0,1,0,0,0,0,1,1,1,0.599638
0,0,1,0,0,0,1,0,1,0,1,0,1,0,0,1,0,1,1,1,1,1,1,1,1,0,0,0,1,0,0,0,0.581522
1,1,1,1,0,1,0,1,0,0,1,1,0,0,0,0,1,1,0,1,0,1,1,1,1,0,1,1,1,1,1,1,0.588768
0,1,0,0,0,1,1,0,1,0,1,0,0,1,0,0,0,1,0,1,1,1,1,0,1,1,1,1,0,1,0,1,0.590580
1,0,0,1,1,1,1,1,1,1,1,1,0,1,0,1,1,0,1,1,0,1,0,1,1,1,1,0,0,0,0,0,0.614130
0,1,0,1,0,0,1,1,0,1,0,1,0,0,0,0,1,0,0,1,1,0,0,0,0,0,1,1,0,0,0,1,0.596014
0,1,1,1,1,1,1,1,1,0,1,1,0,0,0,1,0,0,1,1,0,1,0,1,1,0,1,0,0,1,1,0,0.606884
0,0,1,0,0,0,1,1,1,1,0,1,0,0,0,0,1,1,0,0,1,0,0,1,0,1,0,1,0,0,1,0,0.625000
1,0,1,0,1,1,1,1,1,1,0,0,1,1,0,1,0,1,0,1,1,1,1,0,1,0,0,0,1,0,1,1,0.697464
1,0,0,1,0,1,1,1,0,0,0,0,0,1,1,0,0,1,0,0,0,1,1,1,1,1,0,1,1,0,0,1,0.617754
1,0,0,0,0,1,1,0,1,0,0,0,0,0,0,0,1,0,1,1,0,1,0,1,0,0,1,1,1,1,0,1,0.601449
0,1,0,0,0,0,1,1,0,1,0,0,0,1,1,0,1,1,1,1,1,0,0,1,1,0,0,0,1,1,0,1,0.634058
1,0,1,0,0,0,0,1,1,1,1,0,1,1,1,0,0,1,1,0,1,0,0,1,1,0,1,0,0,1,0,0,0.586957
0,0,0,0,0,1,0,1,0,1,1,0,0,1,1,0,1,0,1,1,0,0,1,0,0,1,0,0,0,0,0,0,0.570652
0,0,0,1,1,0,1,1,1,0,0,0,1,0,0,1,0,1,0,0,0,0,0,1,1,0,1,1,0,0,0,1,0.586957
0,0,0,1,0,0,0,0,0,0,0,1,0,0,1,0,1,0,1,1,1,1,1,1,0,1,0,0,1,0,1,0,0.586957
1,1,0,0,1,0,0,0,0,1,1,0,1,1,0,1,0,0,0,0,1,0,0,1,0,0,0,0,1,0,1,1,0.652174
1,1,0,0,0,0,0,0,1,1,0,1,1,1,1,1,0,1,1,1,0,0,0,0,1,0,0,1,1,0,1,1,0.610507
1,0,1,0,0,0,1,1,0,1,1,1,0,0,1,0,1,0,1,0,1,1,0,1,1,0,1,0,1,0,0,1,0.592391
1,0,0,1,0,0,0,0,0,1,1,0,1,0,0,0,0,1,1,0,0,1,0,0,1,1,0,0,0,0,0,0,0.619565
1,1,1,1,1,1,0,0,0,0,1,0,0,0,1,0,1,0,1,1,0,0,1,0,0,1,1,0,1,0,1,1,0.579710
0,0,1,0,1,1,0,0,0,1,1,0,1,1,1,1,0,1,0,1,0,1,1,0,1,1,1,1,1,0,1,0,0.619565
1,0,1,1,0,1,1,0,1,0,1,0,1,0,1,1,0,1,1,1,1,1,0,0,1,0,1,0,0,1,1,0,0.581522
1,1,1,1,0,1,0,1,1,0,0,1,1,1,1,0,0,0,1,0,1,1,1,0,1,0,1,0,1,1,0,1,0.592391
0,1,1,1,0,1,0,0,1,1,0,0,1,0,1,0,1,1,1,1,1,1,1,0,1,0,1,1,1,1,1,1,0.605072
1,1,0,0,0,1,0,1,1,1,1,1,0,0,1,0,1,1,0,0,0,1,1,0,1,1,1,0,0,1,1,1,0.570652
0,1,1,0,1,0,0,1,1,0,0,0,1,0,0,1,1,0,0,0,0,1,1,1,0,1,0,0,0,0,1,1,0.639493
0,1,1,1,0,1,1,1,1,1,1,0,0,1,1,0,1,1,0,1,1,1,0,0,0,1,1,0,1,1,0,1,0.590580
1,0,1,0,0,0,1,0,1,0,0,1,1,0,0,1,0,0,0,1,1,0,0,0,1,1,1,0,1,0,0,1,0.585145
1,0,1,0,1,0,0,0,1,1,0,1,0,1,0,1,0,1,0,1,0,1,0,1,1,1,1,1,0,0,0,1,0.579710
1,0,0,0,0,1,0,1,0,0,1,1,0,1,0,1,0,1,1,1,0,0,1,0,0,1,0,1,0,0,0,1,0.608696
1,1,1,1,1,1,0,0,0,0,0,0,1,1,1,1,1,1,1,0,0,1,1,1,1,1,1,0,1,1,0,1,0.617754
1,0,1,0,1,0,0,0,0,0,0,0,0,0,1,0,0,1,0,1,0,1,1,0,0,0,1,1,0,0,1,1,0.559783
1,1,0,0,0,1,0,1,1,1,0,0,1,1,1,0,0,1,1,1,0,0,0,0,1,0,0,1,1,1,0,1,0.577899
1,0,1,0,0,1,1,0,1,0,1,1,0,0,1,1,0,1,1,1,1,1,0,0,0,0,1,0,0,0,0,0,0.625000
0,0,1,0,1,0,0,1,1,1,0,0,1,1,1,0,0,0,0,0,0,0,1,0,1,0,1,0,0,0,0,1,0.617754
0,1,0,0,1,1,1,0,1,0,1,0,0,1,1,1,1,0,1,1,1,0,1,0,1,0,1,0,0,1,1,1,0.612319
1,0,1,1,0,1,1,1,1,1,1,0,0,1,1,0,0,1,0,1,0,1,0,0,1,0,0,1,0,0,0,1,0.603261
1,1,0,1,0,1,0,0,1,0,1,1,1,1,1,1,0,0,1,0,0,1,0,1,0,1,0,0,1,0,1,0,0.581522
1,0,1,1,1,1,0,1,1,1,0,1,0,0,1,0,1,1,1,1,0,0,0,1,0,1,0,1,1,1,0,0,0.594203
0,0,1,0,0,1,1,1,1,1,1,0,1,1,0,0,1,0,0,1,0,0,0,0,0,1,1,1,1,0,0,0,0.608696
1,0,1,1,0,0,0,0,0,0,0,1,1,1,1,1,1,1,0,1,1,1,0,1,1,0,1,0,1,1,0,0,0.592391
1,0,1,1,1,0,0,1,1,1,1,1,0,1,1,1,1,0,0,1,1,1,1,0,1,1,0,0,0,0,1,1,0.567029
0,0,1,1,0,0,0,1,1,0,1,0,0,0,0,0,0,0,1,0,1,0,0,0,1,1,0,0,1,0,0,1,0.619565
1,0,0,1,0,0,1,1,0,0,1,1,1,0,0,0,1,1,1,1,0,0,0,1,1,1,0,1,1,0,1,1,0.612319
1,0,0,0,1,0,1,0,0,1,1,0,1,0,1,0,0,1,0,0,0,0,0,1,0,0,1,1,1,0,0,0,0.597826
1,1,0,1,1,0,0,1,1,0,0,0,1,0,0,0,0,0,0,0,0,1,0,0,0,0,0,1,0,1,1,0,0.576087
1,1,0,0,0,1,1,0,0,1,1,0,0,0,0,1,1,0,0,1,0,0,0,0,1,0,0,0,1,1,1,1,0.612319
0,0,1,0,1,0,1,1,1,1,0,0,0,1,1,0,0,1,1,1,1,0,0,1,1,0,1,0,0,1,0,0,0.594203
0,0,0,1,1,1,1,1,0,1,0,1,0,0,1,1,1,1,1,0,1,1,0,1,0,0,0,0,1,1,1,0,0.686594
1,0,1,1,0,0,0,0,1,0,0,1,0,0,1,1,0,1,0,1,0,1,1,0,0,0,0,1,0,0,1,1,0.608696
0,0,1,1,1,1,1,0,1,0,0,0,0,1,0,1,0,1,0,0,1,0,1,1,1,1,1,0,0,1,1,1,0.652174
1,0,1,0,1,0,1,1,1,0,0,1,0,1,0,0,0,0,0,0,0,0,0,1,1,0,1,0,0,1,1,0,0.605072
1,1,1,0,1,1,1,0,0,0,1,1,1,1,1,0,0,0,1,1,1,0,1,0,0,0,0,0,1,0,0,0,0.719203
1,0,0,1,1,1,0,1,0,0,0,0,1,1,0,0,0,1,0,1,0,1,1,1,1,1,1,0,1,1,0,1,0.648551
1,1,1,0,0,1,0,1,0,1,1,0,0,0,0,1,1,1,0,1,0,1,0,1,1,1,1,0,0,1,0,0,0.605072
0,1,1,0,0,0,0,0,0,1,0,1,1,1,0,1,1,1,1,0,0,0,0,1,0,1,0,0,0,0,1,0,0.572464
0,0,0,0,1,1,1,0,0,1,0,1,0,1,1,1,0,0,0,0,0,0,1,1,1,0,0,0,1,1,1,0,0.759058
1,1,0,1,0,1,1,0,1,1,0,0,1,0,1,1,0,0,1,0,0,1,1,0,0,1,0,0,1,0,0,0,0.583333
1,1,1,1,0,1,1,1,0,0,1,1,0,1,0,1,0,0,0,1,1,0,1,1,1,0,0,1,0,0,1,1,0.568841
1,0,0,0,1,1,0,1,0,1,0,1,0,1,1,0,1,0,0,1,1,1,0,1,1,0,0,0,1,0,0,0,0.617754
0,0,1,1,1,1,1,1,1,1,0,0,0,0,0,0,1,1,0,0,1,1,1,0,0,0,1,1,1,1,0,1,0.615942
1,0,1,1,0,1,1,0,1,0,0,0,1,1,1,1,0,1,0,1,1,0,0,1,0,1,0,0,0,1,1,1,0.652174
1,1,1,1,1,1,1,1,0,0,0,1,0,1,0,0,1,0,0,1,1,1,0,0,1,1,1,0,0,0,0,0,0.675725
0,1,0,0,0,0,0,1,1,1,0,0,0,1,0,1,1,1,1,0,0,0,0,1,1,0,1,1,1,0,0,1,0.585145
0,0,1,0,0,0,0,1,1,0,0,1,0,1,1,1,1,0,0,0,0,0,1,0,1,0,0,1,1,1,0,0,0.603261
0,1,0,1,1,0,0,0,0,1,1,0,1,1,1,1,1,0,0,1,1,1,0,1,0,1,1,1,1,1,1,1,0.599638
1,1,0,1,1,1,0,1,0,1,0,0,1,0,0,0,1,0,0,0,0,1,0,0,0,1,0,1,1,0,1,1,0.583333
1,1,0,1,1,1,1,1,0,1,0,0,0,1,0,1,1,1,1,1,0,0,0,0,0,1,1,1,1,1,1,1,0.561594
1,1,0,1,1,1,1,1,1,1,1,1,0,1,1,1,1,1,1,1,1,1,1,0,0,1,0,0,1,0,0,0,0.601449
0,0,0,1,0,1,1,1,1,0,1,0,0,0,0,0,0,0,0,0,1,0,0,1,1,1,1,0,1,0,1,1,0.601449
0,1,0,0,0,0,0,1,1,1,1,0,1,0,1,1,1,0,0,1,1,0,1,1,0,0,1,1,0,1,1,0,0.586957
1,1,1,1,0,0,0,0,0,0,0,0,1,1,1,1,1,1,0,1,0,0,1,0,1,0,1,0,1,1,0,0,0.603261
1,1,1,1,0,0,0,1,1,1,0,1,1,0,1,1,1,1,1,0,1,1,0,0,0,0,0,0,1,1,0,0,0.612319
0,1,1,1,0,0,1,1,0,1,0,0,0,0,1,0,0,1,0,0,1,1,0,0,0,1,1,0,0,0,1,0,0.570652
1,1,0,0,0,1,1,1,1,1,0,1,1,0,1,1,0,0,1,0,1,0,1,0,1,0,0,0,0,0,0,1,0.635870
1,1,1,0,1,0,1,1,0,1,1,0,1,1,1,0,0,1,0,1,0,0,0,0,0,0,0,0,1,0,1,1,0.610507
0,0,1,0,1,1,0,1,0,1,1,1,1,0,0,0,0,1,1,0,1,1,0,0,1,0,0,0,1,1,1,0,0.610507
1,1,0,1,0,0,0,1,0,0,0,1,0,0,0,0,0,1,0,1,1,1,1,1,0,1,0,1,1,1,1,1,0.641304
0,1,1,1,0,1,1,1,1,0,1,1,1,0,1,1,1,0,0,0,1,1,0,1,1,1,1,1,1,1,1,0,0.596014
0,0,0,0,0,1,0,0,1,0,0,1,0,0,0,1,1,1,1,1,1,1,0,0,1,1,1,1,0,1,1,1,0.619565
