0,1,1,1,0,1,0,0,0,0,1,0,0,0,0,1,1,1,1,0,1,0,0,1,1,0,1,0,0,1,1,1,0.734378
0,0,1,0,0,0,0,0,0,0,1,0,1,0,0,1,1,0,0,1,0,1,1,0,1,0,0,0,0,0,1,0,0.499105
1,1,1,1,1,0,0,1,1,0,0,0,0,0,0,0,1,0,1,1,0,1,1,1,0,1,1,0,0,0,0,0,0.705754
1,0,0,1,1,0,0,0,1,0,1,0,1,0,0,1,0,1,1,0,1,1,0,1,1,0,0,0,1,1,0,1,0.758610
1,1,1,0,1,0,0,0,1,1,1,0,0,0,0,0,1,1,1,1,0,1,0,1,1,1,0,1,1,0,0,0,0.685763
0,0,1,1,0,1,1,1,1,1,0,1,0,0,1,0,0,0,1,0,0,1,0,0,1,0,0,0,0,1,1,0,0.575405
0,1,0,1,1,1,1,1,1,0,1,1,1,1,0,0,0,0,0,0,0,0,0,1,1,1,1,0,1,0,1,0,0.627259
1,0,1,0,0,1,1,0,1,0,0,1,0,1,0,1,0,0,1,1,0,0,0,0,0,0,1,1,0,0,0,0,0.554774
0,0,1,0,0,1,0,1,1,0,0,0,0,1,0,0,0,0,1,1,1,1,0,0,0,0,0,0,1,0,0,1,0.510401
1,0,1,0,0,0,1,1,1,0,1,1,0,1,0,0,0,1,1,0,0,1,1,0,0,0,1,1,1,1,0,0,0.567221
0,1,0,1,1,1,0,1,1,1,0,1,1,0,0,1,1,0,1,1,0,1,1,0,1,1,0,1,1,1,1,1,0.748018
1,0,1,1,1,1,0,0,1,0,1,1,0,1,1,0,1,1,1,0,0,1,1,1,1,1,1,0,0,1,0,0,0.653517
1,1,1,1,1,1,0,1,0,1,0,1,0,0,1,1,0,1,0,1,0,0,0,0,1,0,0,1,0,1,0,0,0.637084
1,1,1,1,1,1,1,0,1,0,0,1,0,1,0,1,0,0,0,0,0,0,0,0,0,1,0,1,1,0,0,1,0.621228
1,1,0,1,1,1,1,0,0,0,0,1,1,0,1,1,0,0,0,1,1,1,0,1,0,0,0,1,1,0,1,1,0.696014
1,0,1,1,0,1,1,1,1,0,1,0,0,0,1,0,0,1,1,1,1,1,0,0,0,1,0,0,1,1,0,0,0.583376
0,1,0,0,0,1,1,0,0,0,1,0,1,0,1,0,1,0,1,0,1,1,0,0,0,0,0,0,1,1,0,0,0.554199
1,1,1,1,1,1,1,0,0,1,1,1,0,1,1,0,1,0,1,0,1,1,1,0,0,1,1,0,1,1,1,1,0.689919
0,0,1,0,0,0,1,0,1,0,0,1,1,1,0,0,1,1,1,1,1,0,1,0,1,1,0,1,1,0,0,1,0.668201
1,0,1,1,0,1,1,0,0,0,1,1,1,0,1,0,0,0,1,1,1,1,0,1,1,0,0,0,0,1,0,1,0.673274
0,1,0,0,0,0,1,1,0,1,1,1,0,0,0,1,1,0,0,1,0,1,1,1,0,1,1,1,0,0,0,0,0.595269
1,1,0,1,0,0,0,1,0,1,1,0,1,0,1,0,0,1,0,0,1,0,0,0,0,1,0,0,1,1,0,0,0.579646
0,0,1,0,0,1,1,0,0,0,1,0,0,1,0,0,1,0,1,0,1,1,1,1,0,0,0,1,0,0,1,0,0.506223
1,0,1,1,1,1,0,0,0,0,1,1,1,1,1,1,0,0,0,0,0,0,0,0,1,0,1,1,0,1,0,0,0.647954
1,1,0,1,1,0,0,1,0,0,0,1,1,1,0,1,1,0,1,0,1,1,0,1,0,0,1,1,1,1,1,1,0.768201
1,1,1,0,0,1,0,0,1,1,1,0,1,0,1,1,0,0,1,1,1,0,0,0,0,0,1,1,0,1,1,0,0.668777
1,1,1,1,1,0,1,0,1,0,1,1,0,1,0,1,1,1,1,0,0,1,0,1,1,0,1,1,1,1,0,1,0.728858
1,1,0,1,0,1,1,0,0,0,0,0,0,0,0,0,1,0,1,1,1,0,1,0,0,1,0,1,0,1,0,1,0.627153
0,1,1,0,1,0,0,0,0,0,1,0,1,0,0,1,0,1,1,1,0,0,1,0,0,0,0,1,0,0,1,1,0.510251
1,1,0,0,1,1,1,0,1,1,0,0,0,1,1,0,0,1,1,1,1,1,1,0,1,1,0,0,0,1,1,0,0.677515
0,1,1,0,0,0,1,1,0,1,0,1,1,1,0,0,0,0,0,1,0,0,1,0,1,1,1,0,0,1,0,0,0.565239
1,1,1,0,0,1,1,1,0,0,1,0,1,0,1,0,0,1,1,1,0,0,1,1,1,0,0,0,1,1,1,1,0.783014
0,1,0,1,0,0,1,1,1,0,0,0,0,1,0,0,1,1,0,0,0,0,0,1,1,0,0,1,1,1,0,1,0.609825
1,0,0,1,1,1,1,0,0,1,1,1,1,0,1,0,1,1,1,1,0,0,1,1,0,0,0,0,1,1,0,0,0.613129
0,0,1,0,0,0,0,1,1,0,0,0,0,0,0,0,1,0,0,1,0,0,1,0,0,1,0,1,1,0,0,1,0.487980
0,0,0,0,1,1,1,1,1,0,1,1,1,1,0,1,0,0,0,1,1,1,1,1,0,0,0,1,0,0,1,1,0.700682
0,1,0,1,0,0,0,0,1,0,1,0,0,1,0,0,0,0,1,0,0,1,0,0,1,1,0,0,0,1,0,0,0.511701
0,0,1,0,0,0,1,1,0,0,1,1,1,1,1,1,1,1,0,0,0,0,1,1,0,0,0,1,0,1,0,0,0.535166
1,0,1,0,0,1,0,1,0,1,1,1,0,1,0,1,0,1,1,1,0,0,1,1,0,0,1,0,1,0,0,1,0.656415
1,1,1,1,1,1,1,0,0,0,0,1,1,0,1,0,0,1,0,0,0,0,0,1,0,1,1,1,0,1,1,1,0.651620
1,1,0,0,0,0,1,0,1,1,1,0,1,0,1,0,0,1,0,0,1,0,0,1,0,0,1,0,1,1,1,0,0.605435
0,1,0,1,1,1,1,0,1,0,0,1,0,0,1,1,0,1,1,0,0,0,1,1,1,0,1,0,0,1,1,1,0.789258
0,0,0,1,0,0,0,1,0,1,1,1,0,1,0,1,1,1,0,1,1,0,1,1,1,0,1,1,0,0,1,1,0.708717
0,0,1,0,0,1,1,0,1,1,1,0,0,0,1,1,1,0,0,1,1,1,1,0,1,1,0,0,1,0,1,0,0.638747
0,1,0,0,1,0,0,1,0,1,1,0,1,0,0,0,0,0,1,0,1,0,0,1,0,0,1,0,1,0,1,1,0.559463
1,0,1,0,0,1,1,1,0,1,1,1,0,1,1,0,1,1,1,1,1,0,0,0,0,0,1,1,0,0,0,1,0.633355
0,1,0,0,0,0,1,0,0,0,1,0,0,1,0,1,0,1,1,0,0,0,1,0,0,1,1,0,0,0,1,0,0.449105
1,1,1,1,1,1,0,1,0,0,0,1,1,0,0,1,1,0,1,0,1,0,1,1,0,0,0,0,0,1,1,0,0.650277
1,0,0,1,1,0,0,0,1,1,1,1,0,1,1,1,1,0,1,1,0,0,1,0,1,0,1,1,1,0,0,0,0.710315
1,1,0,0,0,0,0,0,0,1,1,1,1,0,1,1,1,1,0,1,0,1,1,0,0,1,1,1,0,0,0,0,0.658610
0,0,0,0,0,0,1,0,0,1,0,0,0,0,1,0,1,0,0,0,0,1,0,0,0,0,0,1,0,1,0,1,0.496867
1,0,0,1,0,0,1,1,1,1,1,1,0,0,1,1,1,0,1,0,1,0,1,0,1,1,1,0,1,0,1,1,0.777899
0,0,0,1,1,0,0,0,0,1,0,1,1,1,0,0,1,1,1,1,1,1,1,0,1,0,1,1,1,1,0,1,0.620588
1,0,1,0,0,0,0,1,0,0,1,1,0,1,1,0,0,1,1,0,1,0,1,0,1,1,0,1,0,0,0,1,0.569864
1,1,1,0,1,1,0,0,0,1,0,0,1,0,0,1,1,0,0,1,0,0,1,0,0,0,0,0,0,1,1,0,0.605605
1,1,1,1,1,0,1,1,0,0,0,1,1,0,1,0,0,1,1,0,1,1,0,1,0,0,0,0,1,1,0,1,0.710848
1,0,0,0,1,0,1,1,0,0,1,0,1,1,1,1,1,0,1,1,0,1,0,0,1,1,1,0,0,0,0,0,0.645673
0,1,0,1,0,1,1,0,1,0,1,0,0,0,1,0,1,0,0,1,0,0,0,1,0,1,0,1,1,1,1,0,0.599702
1,0,1,1,0,0,1,0,1,1,0,1,0,0,0,1,0,0,1,0,1,1,0,0,1,0,1,0,0,1,0,0,0.600980
0,1,0,0,1,1,1,0,0,1,0,0,0,0,1,0,1,1,1,0,1,1,1,1,1,0,1,1,0,0,1,1,0.687809
0,0,0,0,1,1,1,0,1,1,0,1,0,1,0,0,1,1,1,1,0,1,0,1,0,1,1,1,0,0,1,1,0.663278
0,1,0,1,1,0,0,0,1,0,0,0,0,0,1,0,0,1,0,1,0,1,1,0,1,1,0,1,1,0,1,1,0.565132
1,0,0,1,0,0,0,1,0,1,0,1,0,1,1,1,1,0,0,0,0,0,0,1,0,0,1,0,1,0,1,0,0.590111
0,0,0,1,0,0,1,1,0,1,1,1,0,1,0,1,1,1,1,1,1,1,1,1,0,1,0,0,1,1,1,0,0.821569
1,0,0,1,0,0,0,0,1,0,0,0,0,1,0,1,0,1,0,1,0,1,0,1,0,1,1,1,0,0,0,1,0.621675
1,0,1,1,1,1,0,1,1,0,0,0,1,0,0,1,1,0,1,0,1,1,0,1,1,0,1,0,0,1,1,1,0.823146
0,0,0,1,1,1,0,1,0,1,0,1,0,1,0,0,0,0,0,0,0,0,1,1,1,0,1,1,1,1,0,1,0.789663
0,0,1,1,1,1,1,1,0,1,1,0,1,0,1,1,0,0,0,0,0,0,0,1,1,1,0,0,1,0,1,0,0.652089
1,1,1,0,1,0,1,0,0,0,0,0,1,0,1,1,0,1,0,0,0,1,0,1,0,0,0,1,1,1,1,0,0.633376
0,0,0,1,0,0,0,0,0,0,0,0,1,0,0,0,0,0,1,1,1,0,1,1,0,0,1,0,0,0,0,1,0.512106
1,1,1,0,0,0,0,1,1,0,0,1,0,0,0,0,0,1,0,0,1,0,0,1,0,0,0,0,1,0,1,1,0.613917
1,1,1,1,0,1,0,0,0,0,0,1,1,1,0,1,0,0,0,1,1,1,1,0,1,1,1,0,0,0,0,1,0.637617
0,1,0,1,0,0,0,0,0,1,0,0,0,0,0,0,0,1,0,0,0,0,0,1,1,0,0,1,0,1,1,1,0.637532
0,1,1,0,0,0,0,0,0,1,1,0,0,1,1,1,1,1,1,0,0,0,1,0,1,1,1,0,1,1,0,1,0.665644
1,1,1,0,0,0,1,0,0,0,0,0,1,1,1,0,1,1,0,1,0,1,1,0,1,0,0,1,0,1,1,0,0.696057
1,0,1,0,0,1,1,1,0,0,0,1,0,1,0,0,0,0,1,0,1,0,0,1,0,0,0,0,1,0,1,1,0.595887
0,1,0,0,0,0,1,1,1,1,0,1,1,1,0,1,0,1,1,1,0,0,0,1,1,0,1,1,0,1,1,0,0.629454
0,1,1,1,0,0,0,0,1,0,0,0,1,0,0,0,0,1,0,0,1,1,0,1,1,0,1,0,1,0,0,1,0.549190
1,0,0,1,0,0,1,1,1,1,0,0,0,0,1,0,1,1,1,0,0,0,1,1,0,0,1,1,1,0,0,0,0.605477
0,0,1,0,0,0,0,1,1,0,1,1,0,1,0,1,1,0,0,1,1,0,0,1,1,0,1,1,0,0,1,1,0.702856
1,1,0,1,1,0,0,0,0,1,0,0,1,1,0,1,0,0,1,0,1,0,0,1,0,1,0,0,1,1,0,0,0.612894
0,0,0,0,0,0,1,0,0,1,1,1,0,1,1,1,0,1,0,1,1,0,1,0,0,0,0,1,0,1,1,0,0.538363
0,1,0,0,1,0,1,0,1,1,1,0,1,0,1,1,1,1,1,1,0,0,1,1,1,1,1,0,0,1,0,0,0.677707
0,0,1,0,0,0,1,0,0,1,1,0,1,1,1,1,1,0,0,1,1,1,1,1,1,0,0,1,1,0,1,0,0.643009
1,1,1,1,0,1,0,0,1,0,1,0,1,0,0,0,1,1,0,0,0,1,0,0,1,0,1,1,1,0,0,1,0.637319
0,1,0,0,1,0,0,1,1,1,0,0,1,0,0,1,1,1,1,1,1,1,1,0,1,1,1,1,1,1,0,0,0.671313
0,0,0,1,0,0,1,0,0,0,0,0,0,0,1,0,0,0,1,1,0,1,1,1,1,0,0,1,1,0,0,1,0.589940
1,0,0,1,0,1,1,0,0,1,1,0,0,0,1,0,0,0,0,1,1,1,1,0,0,0,1,0,0,1,1,1,0.679433
1,0,0,1,0,1,1,1,0,0,0,1,1,0,0,0,0,0,1,0,0,0,0,0,1,1,0,1,0,1,0,0,0.590942
0,1,0,1,1,0,0,0,1,0,0,1,1,1,0,1,0,0,0,1,0,1,0,0,0,1,1,0,1,0,1,0,0.537702
1,1,0,0,0,1,0,1,0,0,1,1,1,0,1,0,1,0,0,0,0,1,1,0,1,0,0,0,1,0,0,1,0.601172
1,0,0,1,1,0,0,1,1,0,0,1,1,0,0,0,0,1,1,0,1,1,1,1,0,1,1,0,0,0,0,0,0.614344
1,0,0,1,0,1,1,0,1,0,1,0,1,1,1,0,1,0,0,1,1,0,1,0,1,0,0,0,0,0,1,0,0.576897
1,1,0,0,0,1,0,1,0,0,0,0,0,1,0,0,1,1,1,1,0,0,1,1,1,1,1,0,1,1,0,1,0.709356
0,0,1,0,0,0,0,1,0,1,1,1,0,1,0,0,1,0,0,0,0,1,1,1,0,1,1,1,1,0,1,1,0.725234
1,0,1,0,1,1,1,0,0,0,1,0,0,0,0,1,1,0,0,1,1,0,0,1,0,0,1,0,0,0,1,0,0.545141
0,0,0,0,0,0,1,1,0,0,1,0,1,0,0,1,0,0,1,0,0,1,0,0,0,0,0,1,1,1,1,1,0.622826
0,1,0,0,0,0,0,0,1,0,1,1,1,0,0,1,1,0,1,1,0,0,0,0,0,0,0,1,0,1,0,1,0.586253
0,0,0,1,1,1,0,0,1,1,0,0,0,0,0,1,0,0,0,1,0,0,0,0,1,1,1,0,0,1,0,1,0.566091
0,0,1,0,1,1,1,1,0,1,0,0,0,1,0,1,0,1,1,1,1,1,1,1,1,1,0,1,1,0,1,1,0.767903
0,1,1,1,1,0,1,0,1,1,0,0,0,1,0,1,1,0,0,0,1,0,1,1,0,0,1,1,1,1,1,0,0.625895
1,0,1,1,1,0,0,1,1,0,0,0,1,0,1,0,1,0,0,1,1,0,0,1,0,1,0,0,0,1,1,0,0.617668
1,0,0,1,1,0,0,1,0,1,1,1,0,1,0,0,0,1,0,1,0,1,1,1,0,1,0,1,0,1,0,1,0.792754
0,1,0,1,1,1,0,1,1,1,1,0,0,1,1,0,1,1,0,0,0,0,1,0,1,0,0,0,1,1,1,0,0.617050
0,1,1,0,0,1,1,0,1,0,0,0,1,0,1,1,1,0,0,1,1,0,1,0,0,1,0,0,1,1,0,1,0.680541
0,1,1,0,1,1,1,0,0,1,1,0,0,0,1,1,0,1,1,1,1,1,1,0,0,0,1,1,0,1,1,1,0.683994
1,0,0,0,1,0,0,1,1,0,1,0,1,1,0,0,1,0,1,1,0,0,1,1,1,1,0,0,1,0,1,1,0.675980
1,0,1,0,0,1,0,1,1,0,1,1,0,1,1,0,1,1,1,1,0,1,0,1,0,1,1,1,0,0,0,0,0.599957
1,0,0,1,1,0,1,0,0,0,0,0,1,1,0,1,1,1,1,1,1,0,0,1,0,1,1,0,1,1,1,0,0.654327
0,0,1,1,0,0,1,1,0,1,0,1,0,0,0,0,1,1,1,1,0,1,1,0,0,0,1,1,0,0,0,1,0.615516
1,0,1,1,0,1,1,0,0,1,1,0,0,1,0,1,0,1,1,1,0,0,1,1,0,0,0,0,1,0,1,1,0.758014
1,1,1,0,1,1,0,0,1,0,1,0,0,1,1,1,0,0,0,0,0,0,0,0,1,0,1,0,0,0,1,0,0.798913
0,0,1,1,0,1,0,0,1,1,1,0,0,0,1,0,0,1,1,1,1,0,1,1,0,1,1,0,0,0,0,1,0.671036
1,0,1,1,0,0,0,1,1,0,0,0,0,1,0,1,1,1,1,1,1,0,1,0,1,0,1,1,1,0,0,1,0.628559
0,1,0,1,0,0,1,0,0,1,1,1,0,0,0,0,0,0,1,1,0,0,1,0,0,1,0,1,0,1,0,0,0.532545
0,0,0,0,0,1,0,0,1,0,0,0,1,1,0,1,1,1,1,1,1,1,1,0,0,1,0,1,1,1,1,1,0.780264
1,1,0,1,1,0,0,1,1,0,1,1,0,0,1,0,0,1,0,1,0,1,1,0,1,0,0,1,1,0,0,0,0.615494
0,1,0,0,0,1,1,1,1,0,1,0,0,1,1,0,0,0,1,1,1,1,1,1,0,1,1,1,0,0,0,1,0.604689
0,1,1,0,1,0,0,0,0,0,1,0,0,1,0,1,1,1,1,1,1,0,0,0,0,1,1,0,0,1,0,1,0.662873
0,1,0,0,0,0,0,1,0,1,1,0,1,0,0,0,1,1,0,1,0,1,1,0,1,1,0,0,1,1,1,1,0.689791
0,0,1,0,1,0,0,0,0,0,0,0,0,0,1,1,0,1,0,0,0,1,1,0,0,0,0,1,0,0,0,1,0.506245
1,1,1,0,1,0,0,0,0,1,0,0,0,1,0,0,0,1,0,1,1,1,0,0,1,1,1,1,1,0,1,1,0.605648
0,0,0,1,1,1,0,1,1,1,0,1,1,1,1,0,1,0,0,1,1,0,1,0,1,1,1,1,1,0,0,0,0.610188
0,0,0,1,0,0,1,1,0,0,1,1,1,1,0,1,1,1,1,1,1,0,1,1,1,1,0,0,0,0,1,0,0.630584
1,1,0,0,0,0,1,0,0,1,0,1,1,0,0,0,1,1,0,1,0,1,0,0,1,1,1,0,1,1,0,0,0.622997
1,0,1,1,1,0,0,0,0,0,1,0,0,1,0,1,0,1,1,1,1,1,1,1,0,1,1,1,0,1,1,0,0.669331
1,1,0,0,1,1,1,1,0,0,1,1,1,1,0,0,0,0,0,1,1,0,0,1,1,0,0,0,0,1,1,1,0.698934
0,1,1,0,1,1,1,0,1,0,0,0,1,1,0,0,1,1,1,1,0,0,0,0,0,1,0,0,0,1,0,1,0.666560
