1,0,0,0,0,1,1,0,0,1,1,0,0,0,0,1,1,0,1,1,0,0,1,1,1,1,0,1,0,0,1,1,0.758419
0,0,0,1,1,1,0,1,1,0,0,1,0,1,0,0,1,0,0,0,1,0,1,1,0,1,1,1,1,0,1,1,0.682332
0,1,1,0,0,1,1,0,1,1,1,0,1,0,0,0,0,1,1,1,1,0,0,1,0,1,1,1,0,1,0,1,0.717072
0,1,1,1,1,1,1,0,1,0,0,1,0,1,1,0,1,0,0,0,1,0,0,0,0,1,1,1,1,1,0,1,0.694400
0,0,1,0,0,1,0,1,1,0,0,1,1,0,1,0,0,1,1,1,0,0,1,1,1,1,1,1,1,0,1,1,0.891331
0,1,0,1,0,1,0,1,1,1,0,1,0,1,1,1,1,1,0,1,0,1,0,0,0,0,0,1,1,1,0,0,0.669091
1,0,1,1,0,0,0,1,1,0,1,0,1,1,1,0,1,0,1,1,0,0,1,0,1,1,0,1,1,0,1,1,0.609468
1,0,0,0,0,1,0,1,1,0,0,1,1,0,0,1,0,1,0,0,1,0,1,1,1,0,1,0,1,0,1,1,0.667146
0,0,0,1,0,0,0,1,0,1,0,0,0,0,1,1,0,1,0,1,0,1,1,1,1,1,1,1,1,0,1,1,0.994912
1,1,0,1,1,1,1,0,0,1,0,0,1,1,0,0,0,0,0,1,1,1,1,1,0,1,0,0,0,0,1,0,0.565404
0,1,1,1,0,0,0,1,0,1,0,0,1,0,1,1,0,1,0,0,0,0,1,1,0,0,0,1,1,1,0,0,0.651774
0,1,1,0,0,0,0,0,0,1,0,1,1,0,0,1,1,0,1,1,0,1,1,0,0,1,1,1,0,1,1,1,0.730605
1,0,0,0,1,0,1,0,0,1,1,0,1,1,1,1,0,1,0,0,0,1,1,1,0,0,0,1,0,1,0,1,0.831095
1,1,1,0,0,1,1,0,1,0,1,1,1,0,0,0,1,0,0,0,0,1,1,0,1,0,0,0,0,1,0,0,0.684223
1,1,0,1,0,1,0,1,1,0,0,0,0,0,1,1,0,1,1,0,0,1,1,1,1,1,0,1,0,1,1,0,0.700741
0,1,1,1,0,0,1,1,1,0,1,1,1,0,0,1,1,0,1,1,1,0,1,0,1,1,1,0,0,1,0,0,0.637361
1,0,0,0,1,0,1,1,0,1,1,1,0,0,1,1,0,0,0,1,1,1,1,1,0,0,1,1,0,1,0,0,0.651215
1,0,1,0,0,0,0,0,0,1,0,1,0,1,1,1,0,1,0,0,1,1,1,0,1,1,1,0,1,1,1,0,0.637548
0,1,1,0,1,1,1,1,0,0,1,0,1,1,0,1,0,0,0,1,1,0,0,0,0,0,0,0,1,0,1,0,0.515772
1,1,0,1,0,0,0,0,0,0,1,0,0,1,0,0,0,0,1,0,0,1,1,0,1,1,1,1,0,1,1,0,0.578858
1,1,0,0,1,1,0,1,0,0,0,1,0,1,0,0,1,0,0,0,0,0,0,0,1,0,0,1,0,1,0,0,0.580563
0,1,0,0,0,0,1,0,0,0,1,0,0,0,0,0,1,1,1,1,1,1,0,1,1,1,0,1,1,0,1,1,0.640958
1,1,0,0,1,1,1,1,1,1,1,0,1,1,0,0,1,1,0,0,0,1,1,1,1,0,0,1,0,1,1,0,0.688592
1,1,0,1,1,0,1,0,1,0,0,0,0,1,0,0,1,1,0,1,0,1,1,0,1,0,0,0,0,1,1,1,0.641784
1,1,1,0,0,1,0,0,0,0,1,1,1,0,1,1,1,1,1,1,1,0,0,1,1,1,0,1,0,1,0,1,0.820626
0,0,0,1,1,0,1,0,1,0,0,1,1,0,0,0,0,1,1,0,0,0,1,1,1,1,1,1,1,0,0,0,0.634458
1,1,1,1,0,1,1,1,1,0,0,0,0,1,1,1,0,0,1,1,1,0,0,0,0,0,0,1,1,1,1,1,0.771739
1,1,0,1,0,1,0,0,0,1,0,0,1,1,0,1,1,1,0,1,0,1,0,1,1,1,1,1,1,0,0,1,0.721467
0,0,0,0,0,1,1,1,1,0,0,1,1,0,1,1,0,0,1,1,1,0,0,0,0,0,0,0,1,1,1,1,0.642130
0,1,0,0,1,0,1,1,0,1,1,0,0,1,0,0,1,1,0,1,1,0,0,1,0,0,0,1,1,1,1,0,0.653346
0,1,0,1,0,1,0,1,0,1,0,1,0,1,0,1,0,0,0,0,0,1,0,0,1,1,0,0,0,0,0,1,0.498428
1,0,0,1,1,0,0,0,0,0,0,0,0,1,1,1,1,1,1,1,1,1,0,0,0,0,1,1,1,1,0,0,0.684703
0,1,1,1,1,1,1,0,0,1,0,1,0,1,1,1,0,0,0,0,0,1,1,0,0,1,0,1,0,0,1,1,0.679934
1,0,0,0,1,0,1,1,0,0,1,0,0,0,0,0,0,1,0,0,0,0,0,0,1,1,0,0,1,1,1,0,0.544118
1,0,1,0,1,0,0,1,0,0,1,0,0,0,1,0,0,0,0,0,1,1,1,1,1,1,1,1,1,0,1,0,0.651481
0,0,0,1,0,1,1,0,0,0,0,1,0,1,0,1,1,1,1,1,1,1,0,1,0,1,0,1,1,1,1,0,0.702792
1,0,1,1,1,1,0,0,0,1,0,1,1,1,0,1,0,1,0,1,1,1,0,1,0,1,0,1,1,1,1,1,0.824888
1,0,0,0,1,0,0,0,0,0,1,0,0,1,1,1,0,1,1,1,1,1,0,1,1,0,0,0,0,1,1,0,0.607790
0,1,1,0,1,1,1,1,1,1,0,0,0,1,1,0,1,1,0,0,1,1,0,1,1,1,0,1,0,0,0,1,0.647352
1,0,1,1,1,1,1,1,0,1,0,0,1,1,1,1,0,1,0,1,1,0,0,1,0,0,0,0,0,0,1,1,0.731538
0,0,1,1,1,0,0,0,1,1,0,1,0,0,1,1,0,0,1,1,1,0,0,0,0,1,1,1,1,1,0,1,0.683930
1,0,1,1,1,0,1,1,1,1,1,1,0,1,1,1,1,1,1,0,0,0,1,0,1,0,0,0,0,1,1,0,0.657982
1,1,0,1,0,1,1,1,0,0,0,1,1,1,1,0,1,0,0,0,1,1,1,1,0,1,1,0,1,1,1,0,0.762122
0,1,1,0,0,0,1,0,0,0,1,0,1,1,1,1,1,0,0,0,0,0,1,0,1,1,0,0,0,0,1,0,0.509271
0,0,0,1,0,0,1,0,1,0,0,0,0,1,0,1,1,0,1,1,1,0,0,1,1,1,1,1,1,1,1,0,0.707481
0,1,1,0,1,1,0,1,1,1,1,0,0,1,0,0,0,0,1,1,0,0,0,0,0,1,1,0,0,0,1,0,0.597426
1,0,0,1,0,1,1,0,1,1,0,1,0,1,0,0,1,0,0,0,1,0,0,0,1,0,1,0,1,0,0,0,0.802350
0,0,0,0,1,0,0,1,0,1,0,0,0,0,1,0,0,0,1,0,0,1,0,0,1,1,0,1,0,1,0,0,0.484335
0,1,1,1,1,0,0,0,1,1,1,0,0,0,0,0,1,1,1,0,1,0,1,1,1,0,0,0,1,0,0,1,0.708014
1,0,1,1,1,0,0,0,0,0,0,0,1,1,1,0,0,1,0,0,1,0,0,1,0,1,0,1,0,1,0,0,0.630621
1,0,1,1,0,1,0,1,1,1,1,0,1,1,0,1,1,0,1,0,1,0,0,1,0,1,0,1,0,0,0,1,0.684516
1,1,0,0,0,0,1,1,0,1,1,0,0,0,1,0,1,1,0,0,0,0,1,1,1,0,1,0,0,1,1,0,0.612345
1,1,1,0,0,1,0,0,0,1,0,0,1,0,0,1,0,1,0,0,0,0,0,1,0,1,0,1,1,0,0,0,0.584186
0,1,0,0,0,1,1,1,1,0,1,0,1,1,1,0,1,1,0,0,0,1,1,1,0,1,1,1,1,0,0,1,0.704284
1,0,1,0,1,1,1,1,0,1,1,1,0,1,1,1,1,1,1,1,1,1,0,1,0,1,1,0,0,0,0,0,0.682838
1,1,0,1,0,0,1,0,1,1,1,1,0,0,1,1,1,1,0,0,0,0,1,1,1,0,0,0,1,0,0,0,0.614743
0,1,1,1,0,0,1,1,1,1,1,1,0,1,0,0,0,1,1,1,0,0,1,1,1,1,0,0,1,1,1,0,0.675432
0,1,1,1,0,0,1,1,1,0,0,1,0,1,1,0,0,0,0,1,0,0,0,1,0,1,1,0,1,0,0,1,0.586477
1,0,1,0,1,1,0,1,0,1,0,1,0,0,0,0,1,1,1,1,0,1,1,1,1,1,1,1,1,1,1,0,0.736067
0,1,0,1,0,0,1,1,0,0,1,0,0,0,0,0,1,1,1,1,0,0,0,1,1,1,1,0,0,1,0,1,0.623322
1,0,0,0,0,1,0,1,1,0,1,0,0,0,1,1,1,1,0,0,0,0,1,0,0,1,0,0,0,1,1,0,0.549952
0,1,1,0,1,0,0,0,1,0,0,0,1,0,1,1,0,1,0,0,1,1,0,0,1,1,0,0,1,1,0,1,0.605286
0,1,0,1,1,0,1,0,0,1,1,0,1,0,1,1,0,1,0,1,0,1,0,1,0,0,0,1,1,1,1,0,0.688592
0,0,0,0,1,0,0,0,1,0,1,0,1,1,0,0,0,0,1,0,1,0,0,1,1,1,0,0,0,0,1,0,0.556506
1,1,0,1,0,1,0,0,0,1,0,1,0,1,1,0,1,1,1,0,0,1,1,1,0,0,1,1,0,0,0,0,0.612878
0,1,1,1,0,0,1,1,0,1,0,1,1,1,0,0,1,1,1,0,1,0,1,1,0,0,0,1,1,1,1,0,0.705829
1,1,1,0,0,1,0,0,1,0,0,1,1,0,0,0,0,0,0,0,0,1,1,0,1,1,1,1,1,1,1,1,0.607630
1,0,1,1,0,0,1,1,0,0,0,0,0,1,0,0,0,1,0,1,0,0,1,0,1,1,1,0,1,1,1,0,0.656516
1,0,1,1,1,0,0,0,1,1,0,1,0,1,1,0,0,1,0,0,1,0,1,1,0,0,1,1,1,0,1,1,0.915654
1,1,1,0,0,1,0,0,1,1,0,1,0,0,0,0,1,1,0,1,1,0,0,0,1,0,0,1,0,1,1,1,0.634671
1,0,0,0,1,1,1,0,1,1,1,1,1,1,0,1,1,1,1,1,1,1,0,1,1,1,1,1,1,1,1,0,0.719070
0,1,0,0,1,1,1,0,1,1,0,1,0,1,0,0,0,1,1,1,1,1,0,1,1,0,0,0,1,0,1,1,0.637841
1,0,1,1,1,0,0,1,1,0,0,0,1,0,0,1,0,0,1,0,0,1,0,0,0,1,1,1,0,0,1,1,0.612132
1,0,1,1,1,0,1,0,1,1,0,0,1,0,0,1,1,0,0,1,1,1,0,1,1,1,1,1,0,1,1,0,0.696025
0,0,1,0,0,0,1,1,0,0,0,0,0,1,1,0,0,0,0,1,1,0,1,1,1,0,1,0,0,0,0,1,0.497949
1,0,0,1,0,1,0,0,0,1,0,0,1,0,1,0,0,1,0,0,0,0,1,0,1,0,0,1,1,1,0,0,0.584719
1,0,0,0,0,0,1,1,0,1,1,1,0,0,1,0,1,0,1,1,1,1,1,0,0,0,1,1,1,0,0,1,0.673913
1,1,0,0,1,1,0,0,1,1,0,1,1,1,0,0,0,0,0,1,1,0,0,1,1,1,0,1,0,1,0,1,0.754715
1,0,0,1,1,0,1,1,1,0,0,0,1,1,0,1,0,0,1,1,0,1,1,1,1,0,1,1,0,1,1,0,0.699835
0,0,1,1,0,0,0,0,1,1,0,0,0,1,0,0,0,0,0,0,1,1,0,0,0,0,1,0,0,1,1,0,0.488012
0,0,1,1,1,1,1,1,1,0,0,0,0,1,1,0,1,1,0,1,0,0,0,1,1,1,0,0,0,1,0,0,0.610907
1,1,1,1,1,0,1,0,1,0,0,0,1,0,0,0,1,0,0,0,1,0,0,1,0,1,1,0,1,1,1,0,0.621190
0,0,1,1,0,0,0,0,0,0,0,0,1,0,1,0,0,0,0,1,0,0,1,1,1,1,0,1,1,0,0,0,0.598972
1,1,0,0,0,1,1,0,0,1,1,0,0,1,1,1,0,0,0,1,1,1,0,0,0,1,1,0,1,0,0,0,0.585864
0,1,0,1,0,0,0,1,0,0,1,0,1,0,1,0,1,0,0,0,1,1,0,1,0,1,1,1,1,0,0,0,0.625693
1,0,1,1,1,0,1,1,1,0,1,1,1,1,0,0,0,0,0,0,0,1,0,0,0,0,1,1,1,1,1,0,0.595055
1,1,1,1,0,1,1,1,0,0,0,0,1,0,0,0,0,1,1,0,1,1,0,0,1,0,1,0,1,1,0,0,0.641438
0,0,0,1,0,0,0,0,0,0,1,0,0,0,0,0,1,0,1,0,1,0,1,1,1,0,1,0,0,0,0,1,0.441283
1,1,0,0,1,0,1,0,1,1,0,1,0,1,0,1,0,0,0,1,0,1,1,1,1,0,1,0,1,1,1,0,0.671036
0,0,0,0,1,0,1,1,1,0,1,1,0,0,0,0,1,1,1,0,1,1,0,1,1,1,1,0,0,0,1,0,0.632087
1,1,0,1,1,1,0,1,1,1,1,1,1,0,1,1,1,1,1,1,0,0,0,0,1,1,1,0,0,0,0,1,0.766438
1,0,1,1,0,1,1,1,1,0,1,0,0,0,1,0,1,1,0,1,1,0,1,1,1,1,1,0,0,0,0,0,0.637734
1,0,1,1,1,0,1,0,1,1,1,0,1,0,0,1,1,0,1,1,0,1,0,0,1,1,1,1,0,0,0,1,0.641091
1,0,0,1,0,0,0,0,1,1,0,0,0,1,1,1,0,0,0,0,1,0,1,1,1,1,1,0,0,0,1,0,0.537058
0,0,0,1,0,1,1,0,0,0,0,0,0,1,0,1,1,0,1,1,1,0,1,1,0,1,0,1,1,1,0,1,0.849691
0,0,0,1,1,1,0,0,0,1,0,1,0,1,0,1,0,0,0,1,1,0,0,0,1,0,0,1,0,1,0,1,0.653453
0,1,1,0,0,1,0,1,0,1,1,1,0,1,1,0,0,1,1,0,0,1,1,0,0,1,1,0,0,1,0,0,0.475623
1,0,0,1,1,1,1,0,1,1,0,1,0,1,1,1,1,1,0,1,0,0,1,1,0,0,0,1,0,0,1,1,0.976316
1,0,1,1,1,1,0,0,1,1,0,0,0,1,0,1,1,0,0,0,1,0,0,0,1,1,0,0,1,1,0,1,0.672395
1,0,0,0,1,1,1,0,1,0,0,0,0,0,1,1,1,0,0,0,0,1,1,0,0,1,0,1,1,0,0,0,0.544038
0,1,0,1,1,1,0,1,0,0,0,1,0,0,0,1,1,0,0,0,1,0,1,0,0,0,0,0,0,1,1,1,0.536232
1,0,1,0,0,1,0,0,1,0,0,0,1,0,0,1,1,1,0,1,1,1,1,1,0,0,0,1,0,1,1,0,0.671222
0,1,0,0,1,1,0,0,0,1,0,1,1,1,0,0,1,0,0,0,0,1,0,1,1,1,1,0,1,1,0,1,0.635417
0,0,1,1,1,0,0,1,0,1,0,0,1,0,1,0,1,1,0,0,1,0,1,0,1,1,0,0,0,0,0,1,0.592018
0,1,0,1,0,1,0,0,0,1,0,1,1,1,1,1,0,0,1,1,1,1,0,1,1,1,0,0,1,0,1,0,0.693521
0,1,0,1,1,0,1,1,1,1,1,1,0,0,0,1,0,0,1,0,0,1,0,0,1,1,1,1,1,1,0,1,0.710065
1,1,1,0,0,1,0,0,1,0,0,0,0,0,1,1,0,0,0,0,0,0,1,1,0,0,0,0,1,0,0,0,0.655291
0,0,0,1,0,1,1,0,0,1,0,1,1,1,1,0,0,1,0,0,1,0,1,0,0,0,0,1,0,0,1,1,0.568974
1,1,0,0,0,0,1,0,0,0,1,0,1,0,0,1,1,0,0,0,1,0,0,1,1,0,0,0,0,0,0,1,0.624814
0,0,0,1,1,1,1,0,0,1,0,1,0,0,0,0,1,1,0,1,0,1,0,1,1,1,1,1,1,0,1,0,0.661392
1,0,0,1,1,1,0,0,0,1,1,0,0,1,1,0,0,0,0,1,0,1,0,0,1,1,0,1,1,1,0,0,0.667120
1,0,0,0,1,1,0,0,0,0,0,0,0,0,1,0,1,0,1,0,1,0,1,0,1,0,0,0,1,1,1,0,0.609575
0,1,0,1,0,0,0,0,1,1,0,1,1,1,1,0,0,0,0,0,1,1,0,1,0,1,0,0,0,1,1,0,0.612905
1,1,0,0,0,1,0,0,1,1,1,1,1,0,0,1,0,1,1,0,0,0,0,1,1,0,0,1,0,1,0,1,0.798034
1,0,1,1,0,1,1,1,0,1,0,1,1,1,1,1,1,0,1,0,1,0,0,1,0,1,1,1,1,1,1,1,0.807944
1,0,0,1,0,1,0,0,1,1,0,0,0,1,0,1,0,0,0,0,1,0,0,0,1,1,0,1,1,1,0,1,0.627877
0,0,0,0,0,0,0,1,0,1,0,0,1,1,1,1,0,0,0,1,1,0,0,1,1,0,0,1,0,1,0,0,0.650069
0,0,0,1,1,1,0,0,1,1,1,0,1,1,1,1,0,1,1,0,0,1,1,0,0,1,1,1,1,0,0,1,0.713981
0,1,0,1,1,1,1,1,0,1,0,0,1,0,1,1,1,0,1,1,1,0,0,1,0,1,0,1,0,0,0,0,0.694080
1,0,1,0,1,0,0,0,0,1,0,1,1,1,0,1,1,1,1,0,0,1,0,0,1,0,1,0,1,1,0,1,0.624734
0,0,1,1,1,0,1,0,0,1,1,1,0,0,0,0,0,0,1,1,1,0,0,0,1,1,0,0,1,1,1,0,0.604859
0,1,1,0,1,0,1,1,0,1,0,0,1,0,1,1,1,1,1,0,0,1,0,1,1,0,0,0,1,1,1,1,0.677323
1,1,1,1,1,0,0,0,0,1,1,1,0,1,0,1,1,1,1,0,1,1,1,0,0,1,0,0,0,0,1,1,0.653932
1,0,1,1,1,0,1,1,0,0,1,1,1,0,1,1,1,0,1,1,1,0,1,1,0,1,0,0,0,1,0,0,0.674739
1,0,1,1,1,0,0,1,1,1,0,1,0,0,1,0,0,1,0,0,1,0,1,0,1,0,0,0,1,0,1,0,0.693281
0,0,1,1,0,1,1,1,1,0,1,1,0,1,0,1,1,0,0,0,1,1,0,0,1,1,1,0,1,1,1,1,0.762974
1,0,1,0,1,1,1,1,0,1,1,0,0,0,1,0,0,0,1,0,1,0,1,0,0,0,0,1,1,0,1,0,0.598092
0,0,1,1,0,1,1,1,1,0,1,1,0,0,1,0,1,0,1,1,1,1,0,0,1,0,1,1,1,0,1,1,0.713289
