0,0,0,0,0,0,0,1,0,1,0,0,1,1,1,1,0,0,0,1,1,0,0,1,1,0,0,1,0,1,0,0,0.655158
0,1,1,1,0,0,1,1,0,1,0,1,1,1,0,0,1,1,1,0,1,0,1,1,0,0,0,1,1,1,1,0,0.705563
1,1,1,1,1,0,1,0,1,0,0,0,1,0,0,0,1,0,0,0,1,0,0,1,0,1,1,0,1,1,1,0,0.628437
1,0,1,1,1,0,0,0,0,0,0,0,1,1,1,0,0,1,0,0,1,0,0,1,0,1,0,1,0,1,0,0,0.641438
1,0,0,0,1,1,0,0,0,0,0,0,0,0,1,0,1,0,1,0,1,0,1,0,1,0,0,0,1,1,1,0,0.618153
1,1,0,0,1,1,0,1,0,0,0,1,0,1,0,0,1,0,0,0,0,0,0,0,1,0,0,1,0,1,0,0,0.590074
1,0,0,0,1,0,1,0,0,1,1,0,1,1,1,1,0,1,0,0,0,1,1,1,0,0,0,1,0,1,0,1,0.823023
0,1,0,1,0,0,0,1,0,0,1,0,1,0,1,0,1,0,0,0,1,1,0,1,0,1,1,1,1,0,0,0,0.642184
1,0,1,0,1,0,0,0,0,1,0,1,1,1,0,1,1,1,1,0,0,1,0,0,1,0,1,0,1,1,0,1,0.626812
1,1,0,0,1,1,1,1,1,1,1,0,1,1,0,0,1,1,0,0,0,1,1,1,1,0,0,1,0,1,1,0,0.687607
1,0,1,1,1,0,1,0,1,1,0,0,1,0,0,1,1,0,0,1,1,1,0,1,1,1,1,1,0,1,1,0,0.695279
0,0,1,1,0,0,0,0,1,1,0,0,0,1,0,0,0,0,0,0,1,1,0,0,0,0,1,0,0,1,1,0,0.492647
1,0,0,0,1,0,1,1,0,0,1,0,0,0,0,0,0,1,0,0,0,0,0,0,1,1,0,0,1,1,1,0,0.550112
0,1,1,0,0,0,0,0,0,1,0,1,1,0,0,1,1,0,1,1,0,1,1,0,0,1,1,1,0,1,1,1,0.721760
0,0,0,1,0,0,0,1,0,1,0,0,0,0,1,1,0,1,0,1,0,1,1,1,1,1,1,1,1,0,1,1,0.994885
0,1,0,0,1,1,1,0,1,1,0,1,0,1,0,0,0,1,1,1,1,1,0,1,1,0,0,0,1,0,1,1,0.637548
1,1,0,0,1,1,0,0,1,1,0,1,1,1,0,0,0,0,0,1,1,0,0,1,1,1,0,1,0,1,0,1,0.753943
1,0,0,1,0,1,0,0,0,1,0,0,1,0,1,0,0,1,0,0,0,0,1,0,1,0,0,1,1,1,0,0,0.603634
0,0,1,1,0,1,1,1,1,0,1,1,0,0,1,0,1,0,1,1,1,1,0,0,1,0,1,1,1,0,1,1,0.716352
0,1,1,0,0,1,0,1,0,1,1,1,0,1,1,0,0,1,1,0,0,1,1,0,0,1,1,0,0,1,0,0,0.482177
1,0,1,1,1,0,1,1,0,0,1,1,1,0,1,1,1,0,1,1,1,0,1,1,0,1,0,0,0,1,0,0,0.672075
1,0,1,0,0,0,0,0,0,1,0,1,0,1,1,1,0,1,0,0,1,1,1,0,1,1,1,0,1,1,1,0,0.634724
1,0,0,1,1,1,1,0,1,1,0,1,0,1,1,1,1,1,0,1,0,0,1,1,0,0,0,1,0,0,1,1,0.976236
1,1,0,1,0,0,0,0,0,0,1,0,0,1,0,0,0,0,1,0,0,1,1,0,1,1,1,1,0,1,1,0,0.594736
0,0,1,1,0,1,1,1,1,0,1,1,0,1,0,1,1,0,0,0,1,1,0,0,1,1,1,0,1,1,1,1,0.766198
0,1,1,0,1,0,1,1,0,1,0,0,1,0,1,1,1,1,1,0,0,1,0,1,1,0,0,0,1,1,1,1,0.670796
0,0,1,0,0,1,0,1,1,0,0,1,1,0,1,0,0,1,1,1,0,0,1,1,1,1,1,1,1,0,1,1,0.898524
1,0,0,1,1,1,0,0,0,1,1,0,0,1,1,0,0,0,0,1,0,1,0,0,1,1,0,1,1,1,0,0,0.682412
0,1,0,0,0,1,1,1,1,0,1,0,1,1,1,0,1,1,0,0,0,1,1,1,0,1,1,1,1,0,0,1,0.716912
1,0,0,1,0,0,0,0,1,1,0,0,0,1,1,1,0,0,0,0,1,0,1,1,1,1,1,0,0,0,1,0,0.539136
1,1,1,0,0,1,1,0,1,0,1,1,1,0,0,0,1,0,0,0,0,1,1,0,1,0,0,0,0,1,0,0,0.676897
1,1,0,0,0,1,1,0,0,1,1,0,0,1,1,1,0,0,0,1,1,1,0,0,0,1,1,0,1,0,0,0,0.592498
1,1,0,1,1,1,0,1,1,1,1,1,1,0,1,1,1,1,1,1,0,0,0,0,1,1,1,0,0,0,0,1,0.767983
1,1,0,1,1,1,1,0,0,1,0,0,1,1,0,0,0,0,0,1,1,1,1,1,0,1,0,0,0,0,1,0,0.561248
1,0,0,0,1,0,1,1,0,1,1,1,0,0,1,1,0,0,0,1,1,1,1,1,0,0,1,1,0,1,0,0,0.656676
0,0,0,0,0,1,1,1,1,0,0,1,1,0,1,1,0,0,1,1,1,0,0,0,0,0,0,0,1,1,1,1,0.636909
0,0,0,0,1,0,0,0,1,0,1,0,1,1,0,0,0,0,1,0,1,0,0,1,1,1,0,0,0,0,1,0,0.563299
0,0,0,1,1,1,0,0,1,1,1,0,1,1,1,1,0,1,1,0,0,1,1,0,0,1,1,1,1,0,0,1,0.716406
0,0,0,0,1,0,1,1,1,0,1,1,0,0,0,0,1,1,1,0,1,1,0,1,1,1,1,0,0,0,1,0,0.630488
1,1,0,1,1,0,1,0,1,0,0,0,0,1,0,0,1,1,0,1,0,1,1,0,1,0,0,0,0,1,1,1,0.647672
1,0,0,0,1,1,1,0,1,0,0,0,0,0,1,1,1,0,0,0,0,1,1,0,0,1,0,1,1,0,0,0,0.549339
0,0,1,1,1,1,1,1,1,0,0,0,0,1,1,0,1,1,0,1,0,0,0,1,1,1,0,0,0,1,0,0,0.611626
0,0,0,1,0,0,0,0,0,0,1,0,0,0,0,0,1,0,1,0,1,0,1,1,1,0,1,0,0,0,0,1,0.446025
1,1,1,0,0,1,0,0,0,1,0,0,1,0,0,1,0,1,0,0,0,0,0,1,0,1,0,1,1,0,0,0,0.595402
1,0,1,1,1,1,0,0,1,1,0,0,0,1,0,1,1,0,0,0,1,0,0,0,1,1,0,0,1,1,0,1,0.691203
1,0,1,1,0,1,0,1,1,1,1,0,1,1,0,1,1,0,1,0,1,0,0,1,0,1,0,1,0,0,0,1,0.688779
0,0,0,1,1,1,1,0,0,1,0,1,0,0,0,0,1,1,0,1,0,1,0,1,1,1,1,1,1,0,1,0,0.665548
1,0,1,0,1,1,0,1,0,1,0,1,0,0,0,0,1,1,1,1,0,1,1,1,1,1,1,1,1,1,1,0,0.733642
1,0,0,0,0,1,0,1,1,0,1,0,0,0,1,1,1,1,0,0,0,0,1,0,0,1,0,0,0,1,1,0,0.562154
1,0,1,0,1,1,1,1,0,1,1,1,0,1,1,1,1,1,1,1,1,1,0,1,0,1,1,0,0,0,0,0,0.677057
1,0,0,0,0,1,0,1,1,0,0,1,1,0,0,1,0,1,0,0,1,0,1,1,1,0,1,0,1,0,1,1,0.665788
1,0,1,1,1,0,1,1,1,0,1,1,1,1,0,0,0,0,0,0,0,1,0,0,0,0,1,1,1,1,1,0,0.593803
1,0,1,1,1,0,0,1,1,1,0,1,0,0,1,0,0,1,0,0,1,0,1,0,1,0,0,0,1,0,1,0,0.695519
1,1,1,0,0,1,0,0,1,0,0,1,1,0,0,0,0,0,0,0,0,1,1,0,1,1,1,1,1,1,1,1,0.613784
0,1,1,0,1,1,0,1,1,1,1,0,0,1,0,0,0,0,1,1,0,0,0,0,0,1,1,0,0,0,1,0,0.586797
0,0,1,1,1,0,0,0,1,1,0,1,0,0,1,1,0,0,1,1,1,0,0,0,0,1,1,1,1,1,0,1,0.698316
1,0,1,1,0,0,0,1,1,0,1,0,1,1,1,0,1,0,1,1,0,0,1,0,1,1,0,1,1,0,1,1,0.620897
1,0,0,0,1,0,0,0,0,0,1,0,0,1,1,1,0,1,1,1,1,1,0,1,1,0,0,0,0,1,1,0,0.604806
0,1,1,1,1,1,1,0,1,0,0,1,0,1,1,0,1,0,0,0,1,0,0,0,0,1,1,1,1,1,0,1,0.707454
0,1,1,1,1,0,0,0,1,1,1,0,0,0,0,0,1,1,1,0,1,0,1,1,1,0,0,0,1,0,0,1,0.710624
1,1,1,1,1,0,0,0,0,1,1,1,0,1,0,1,1,1,1,0,1,1,1,0,0,1,0,0,0,0,1,1,0.663416
1,0,1,0,1,1,1,1,0,1,1,0,0,0,1,0,0,0,1,0,1,0,1,0,0,0,0,1,1,0,1,0,0.602542
1,0,1,1,1,0,0,1,1,0,0,0,1,0,0,1,0,0,1,0,0,1,0,0,0,1,1,1,0,0,1,1,0.619752
0,0,0,1,0,1,1,0,0,1,0,1,1,1,1,0,0,1,0,0,1,0,1,0,0,0,0,1,0,0,1,1,0.565670
0,1,0,0,0,0,1,0,0,0,1,0,0,0,0,0,1,1,1,1,1,1,0,1,1,1,0,1,1,0,1,1,0.650282
0,1,0,1,1,1,1,1,0,1,0,0,1,0,1,1,1,0,1,1,1,0,0,1,0,1,0,1,0,0,0,0,0.711077
1,0,1,1,1,0,0,0,1,1,0,1,0,1,1,0,0,1,0,0,1,0,1,1,0,0,1,1,1,0,1,1,0.917466
0,0,1,1,0,0,0,0,0,0,0,0,1,0,1,0,0,0,0,1,0,0,1,1,1,1,0,1,1,0,0,0,0.620871
0,0,1,1,1,0,1,0,0,1,1,1,0,0,0,0,0,0,1,1,1,0,0,0,1,1,0,0,1,1,1,0,0.607444
1,1,1,1,0,1,1,1,1,0,0,0,0,1,1,1,0,0,1,1,1,0,0,0,0,0,0,1,1,1,1,1,0.783701
0,1,0,1,0,1,0,1,0,1,0,1,0,1,0,1,0,0,0,0,0,1,0,0,1,1,0,0,0,0,0,1,0.485321
0,0,0,1,1,0,1,0,1,0,0,1,1,0,0,0,0,1,1,0,0,0,1,1,1,1,1,1,1,0,0,0,0.644128
0,1,1,1,1,1,1,0,0,1,0,1,0,1,1,1,0,0,0,0,0,1,1,0,0,1,0,1,0,0,1,1,0.673034
0,1,0,1,1,1,0,1,0,0,0,1,0,0,0,1,1,0,0,0,1,0,1,0,0,0,0,0,0,1,1,1,0.522485
0,1,1,0,1,1,1,1,0,0,1,0,1,1,0,1,0,0,0,1,1,0,0,0,0,0,0,0,1,0,1,0,0.504156
0,1,1,1,0,0,0,1,0,1,0,0,1,0,1,1,0,1,0,0,0,0,1,1,0,0,0,1,1,1,0,0,0.656170
1,0,0,1,0,1,0,0,1,1,0,0,0,1,0,1,0,0,0,0,1,0,0,0,1,1,0,1,1,1,0,1,0.625853
0,1,1,1,0,0,1,1,1,0,0,1,0,1,1,0,0,0,0,1,0,0,0,1,0,1,1,0,1,0,0,1,0.595828
0,0,1,0,0,0,1,1,0,0,0,0,0,1,1,0,0,0,0,1,1,0,1,1,1,0,1,0,0,0,0,1,0.513773
0,1,0,0,1,1,0,0,0,1,0,1,1,1,0,0,1,0,0,0,0,1,0,1,1,1,1,0,1,1,0,1,0.626971
1,1,0,1,0,1,0,0,0,1,0,0,1,1,0,1,1,1,0,1,0,1,0,1,1,1,1,1,1,0,0,1,0.722586
0,1,1,1,0,0,1,1,1,0,1,1,1,0,0,1,1,0,1,1,1,0,1,0,1,1,1,0,0,1,0,0,0.642556
1,0,1,1,1,1,0,0,0,1,0,1,1,1,0,1,0,1,0,1,1,1,0,1,0,1,0,1,1,1,1,1,0.826353
1,1,0,0,0,0,1,1,0,1,1,0,0,0,1,0,1,1,0,0,0,0,1,1,1,0,1,0,0,1,1,0,0.618180
0,0,0,1,0,1,1,0,0,0,0,1,0,1,0,1,1,1,1,1,1,1,0,1,0,1,0,1,1,1,1,0,0.705616
1,1,0,1,0,0,1,0,1,1,1,1,0,0,1,1,1,1,0,0,0,0,1,1,1,0,0,0,1,0,0,0,0.609708
0,0,0,0,1,0,0,1,0,1,0,0,0,0,1,0,0,0,1,0,0,1,0,0,1,1,0,1,0,1,0,0,0.503197
1,0,1,1,1,0,1,0,1,1,1,0,1,0,0,1,1,0,1,1,0,1,0,0,1,1,1,1,0,0,0,1,0.643542
1,1,0,0,0,0,1,0,0,0,1,0,1,0,0,1,1,0,0,0,1,0,0,1,1,0,0,0,0,0,0,1,0.626412
0,1,1,0,1,0,0,0,1,0,0,0,1,0,1,1,0,1,0,0,1,1,0,0,1,1,0,0,1,1,0,1,0.613491
1,1,1,1,0,1,1,1,0,0,0,0,1,0,0,0,0,1,1,0,1,1,0,0,1,0,1,0,1,1,0,0,0.635097
1,1,1,0,0,1,0,0,0,0,1,1,1,0,1,1,1,1,1,1,1,0,0,1,1,1,0,1,0,1,0,1,0.812393
0,1,0,1,0,0,0,0,1,1,0,1,1,1,1,0,0,0,0,0,1,1,0,1,0,1,0,0,0,1,1,0,0.612452
0,1,1,0,0,0,1,0,0,0,1,0,1,1,1,1,1,0,0,0,0,0,1,0,1,1,0,0,0,0,1,0,0.511189
1,1,0,0,1,0,1,0,1,1,0,1,0,1,0,1,0,0,0,1,0,1,1,1,1,0,1,0,1,1,1,0,0.669997
0,0,1,1,1,0,0,1,0,1,0,0,1,0,1,0,1,1,0,0,1,0,1,0,1,1,0,0,0,0,0,1,0.610427
0,1,0,0,1,0,1,1,0,1,1,0,0,1,0,0,1,1,0,1,1,0,0,1,0,0,0,1,1,1,1,0,0.658435
1,0,1,1,1,1,1,1,0,1,0,0,1,1,1,1,0,1,0,1,1,0,0,1,0,0,0,0,0,0,1,1,0.728234
0,0,0,1,0,0,1,0,1,0,0,0,0,1,0,1,1,0,1,1,1,0,0,1,1,1,1,1,1,1,1,0,0.709319
0,1,1,0,0,1,1,0,1,1,1,0,1,0,0,0,0,1,1,1,1,0,0,1,0,1,1,1,0,1,0,1,0.721547
1,0,0,0,0,0,1,1,0,1,1,1,0,0,1,0,1,0,1,1,1,1,1,0,0,0,1,1,1,0,0,1,0.681799
0,1,0,1,0,1,0,1,1,1,0,1,0,1,1,1,1,1,0,1,0,1,0,0,0,0,0,1,1,1,0,0,0.676257
1,0,0,0,0,1,1,0,0,1,1,0,0,0,0,1,1,0,1,1,0,0,1,1,1,1,0,1,0,0,1,1,0.759191
1,1,0,1,0,1,1,1,0,0,0,1,1,1,1,0,1,0,0,0,1,1,1,1,0,1,1,0,1,1,1,0,0.750426
1,1,0,1,0,1,0,1,1,0,0,0,0,0,1,1,0,1,1,0,0,1,1,1,1,1,0,1,0,1,1,0,0.701087
1,0,1,1,0,1,1,1,1,0,1,0,0,0,1,0,1,1,0,1,1,0,1,1,1,1,1,0,0,0,0,0,0.642317
1,0,1,1,0,1,1,1,0,1,0,1,1,1,1,1,1,0,1,0,1,0,0,1,0,1,1,1,1,1,1,1,0.804348
1,0,1,0,1,0,0,1,0,0,1,0,0,0,1,0,0,0,0,0,1,1,1,1,1,1,1,1,1,0,1,0,0.669171
1,0,1,1,0,0,1,1,0,0,0,0,0,1,0,0,0,1,0,1,0,0,1,0,1,1,1,0,1,1,1,0,0.662937
0,0,0,1,1,1,0,0,0,1,0,1,0,1,0,1,0,0,0,1,1,0,0,0,1,0,0,1,0,1,0,1,0.652067
0,1,0,1,1,0,1,0,0,1,1,0,1,0,1,1,0,1,0,1,0,1,0,1,0,0,0,1,1,1,1,0,0.687873
1,1,0,1,0,1,0,0,0,1,0,1,0,1,1,0,1,1,1,0,0,1,1,1,0,0,1,1,0,0,0,0,0.632513
0,1,1,0,1,1,1,1,1,1,0,0,0,1,1,0,1,1,0,0,1,1,0,1,1,1,0,1,0,0,0,1,0.662910
1,1,1,0,0,1,0,0,1,0,0,0,0,0,1,1,0,0,0,0,0,0,1,1,0,0,0,0,1,0,0,0,0.663070
1,0,0,1,1,0,0,0,0,0,0,0,0,1,1,1,1,1,1,1,1,1,0,0,0,0,1,1,1,1,0,0,0.697570
0,1,0,1,0,1,0,0,0,1,0,1,1,1,1,1,0,0,1,1,1,1,0,1,1,1,0,0,1,0,1,0,0.704657
1,0,1,0,0,1,0,0,1,0,0,0,1,0,0,1,1,1,0,1,1,1,1,1,0,0,0,1,0,1,1,0,0.671409
1,1,0,0,0,1,0,0,1,1,1,1,1,0,0,1,0,1,1,0,0,0,0,1,1,0,0,1,0,1,0,1,0.788443
0,0,0,1,0,1,1,0,0,0,0,0,0,1,0,1,1,0,1,1,1,0,1,1,0,1,0,1,1,1,0,1,0.839860
1,0,0,1,0,1,1,0,1,1,0,1,0,1,0,0,1,0,0,0,1,0,0,0,1,0,1,0,1,0,0,0,0.798620
1,0,0,1,1,0,1,1,1,0,0,0,1,1,0,1,0,0,1,1,0,1,1,1,1,0,1,1,0,1,1,0,0.701300
1,0,1,1,1,0,1,1,1,1,1,1,0,1,1,1,1,1,1,0,0,0,1,0,1,0,0,0,0,1,1,0,0.665681
1,1,1,0,0,1,0,0,1,1,0,1,0,0,0,0,1,1,0,1,1,0,0,0,1,0,0,1,0,1,1,1,0.643915
0,1,0,1,1,0,1,1,1,1,1,1,0,0,0,1,0,0,1,0,0,1,0,0,1,1,1,1,1,1,0,1,0.714594
0,0,0,1,1,1,0,1,1,0,0,1,0,1,0,0,1,0,0,0,1,0,1,1,0,1,1,1,1,0,1,1,0.679534
0,1,1,1,0,0,1,1,1,1,1,1,0,1,0,0,0,1,1,1,0,0,1,1,1,1,0,0,1,1,1,0,0.676151
0,1,0,1,0,0,1,1,0,0,1,0,0,0,0,0,1,1,1,1,0,0,0,1,1,1,1,0,0,1,0,1,0.633312
1,0,0,0,1,1,1,0,1,1,1,1,1,1,0,1,1,1,1,1,1,1,0,1,1,1,1,1,1,1,1,0,0.720455
