0,0,0,0,1,0,0,1,0,1,0,0,0,0,1,0,0,0,1,0,0,1,0,0,1,1,0,1,0,1,0,0,0.497506
0,1,1,0,0,1,1,0,1,1,1,0,1,0,0,0,0,1,1,1,1,0,0,1,0,1,1,1,0,1,0,1,0.723785
0,1,0,0,0,1,1,1,1,0,1,0,1,1,1,0,1,1,0,0,0,1,1,1,0,1,1,1,1,0,0,1,0.713598
0,1,1,1,0,0,0,1,0,1,0,0,1,0,1,1,0,1,0,0,0,0,1,1,0,0,0,1,1,1,0,0,0.656969
1,0,1,0,1,0,0,0,0,1,0,1,1,1,0,1,1,1,1,0,0,1,0,0,1,0,1,0,1,1,0,1,0.623934
0,0,1,0,0,0,1,1,0,0,0,0,0,1,1,0,0,0,0,1,1,0,1,1,1,0,1,0,0,0,0,1,0.502792
0,1,1,0,0,0,1,0,0,0,1,0,1,1,1,1,1,0,0,0,0,0,1,0,1,1,0,0,0,0,1,0,0.512234
1,1,0,1,0,1,0,0,0,1,0,0,1,1,0,1,1,1,0,1,0,1,0,1,1,1,1,1,1,0,0,1,0.724105
0,1,0,0,1,0,1,1,0,1,1,0,0,1,0,0,1,1,0,1,1,0,0,1,0,0,0,1,1,1,1,0,0.657268
0,1,0,1,1,1,1,1,0,1,0,0,1,0,1,1,1,0,1,1,1,0,0,1,0,1,0,1,0,0,0,0,0.705946
0,0,1,1,1,0,1,0,0,1,1,1,0,0,0,0,0,0,1,1,1,0,0,0,1,1,0,0,1,1,1,0,0.610827
0,0,1,0,0,1,0,1,1,0,0,1,1,0,1,0,0,1,1,1,0,0,1,1,1,1,1,1,1,0,1,1,0.892583
1,0,0,1,0,1,0,0,1,1,0,0,0,1,0,1,0,0,0,0,1,0,0,0,1,1,0,1,1,1,0,1,0.623146
1,1,1,0,0,1,0,0,0,0,1,1,1,0,1,1,1,1,1,1,1,0,0,1,1,1,0,1,0,1,0,1,0.820951
1,1,1,1,0,1,1,1,1,0,0,0,0,1,1,1,0,0,1,1,1,0,0,0,0,0,0,1,1,1,1,1,0.783909
0,0,1,1,0,0,0,0,0,0,0,0,1,0,1,0,0,0,0,1,0,0,1,1,1,1,0,1,1,0,0,0,0.610635
1,0,1,1,1,0,1,1,1,0,1,1,1,1,0,0,0,0,0,0,0,1,0,0,0,0,1,1,1,1,1,0,0.593393
1,1,0,0,0,1,1,0,0,1,1,0,0,1,1,1,0,0,0,1,1,1,0,0,0,1,1,0,1,0,0,0,0.592434
0,1,1,0,1,1,0,1,1,1,1,0,0,1,0,0,0,0,1,1,0,0,0,0,0,1,1,0,0,0,1,0,0.593031
1,0,1,1,0,1,1,1,0,1,0,1,1,1,1,1,1,0,1,0,1,0,0,1,0,1,1,1,1,1,1,1,0.806032
0,1,1,0,1,1,1,1,0,0,1,0,1,1,0,1,0,0,0,1,1,0,0,0,0,0,0,0,1,0,1,0,0.513214
1,0,1,1,1,0,0,0,1,1,0,1,0,1,1,0,0,1,0,0,1,0,1,1,0,0,1,1,1,0,1,1,0.919842
0,0,0,1,1,1,0,0,0,1,0,1,0,1,0,1,0,0,0,1,1,0,0,0,1,0,0,1,0,1,0,1,0.651492
1,1,1,0,0,1,1,0,1,0,1,1,1,0,0,0,1,0,0,0,0,1,1,0,1,0,0,0,0,1,0,0,0.679390
1,0,0,1,0,1,1,0,1,1,0,1,0,1,0,0,1,0,0,0,1,0,0,0,1,0,1,0,1,0,0,0,0.801215
1,0,1,0,1,1,1,1,0,1,1,0,0,0,1,0,0,0,1,0,1,0,1,0,0,0,0,1,1,0,1,0,0.603346
1,0,1,0,1,1,1,1,0,1,1,1,0,1,1,1,1,1,1,1,1,1,0,1,0,1,1,0,0,0,0,0,0.687340
1,1,1,1,0,1,1,1,0,0,0,0,1,0,0,0,0,1,1,0,1,1,0,0,1,0,1,0,1,1,0,0,0.641922
0,0,0,1,1,1,0,0,1,1,1,0,1,1,1,1,0,1,1,0,0,1,1,0,0,1,1,1,1,0,0,1,0.713150
0,1,0,1,0,0,0,1,0,0,1,0,1,0,1,0,1,0,0,0,1,1,0,1,0,1,1,1,1,0,0,0,0.635614
0,0,0,1,0,1,1,0,0,0,0,0,0,1,0,1,1,0,1,1,1,0,1,1,0,1,0,1,1,1,0,1,0.849766
0,1,0,0,1,1,1,0,1,1,0,1,0,1,0,0,0,1,1,1,1,1,0,1,1,0,0,0,1,0,1,1,0.639301
1,0,1,1,1,0,0,1,1,0,0,0,1,0,0,1,0,0,1,0,0,1,0,0,0,1,1,1,0,0,1,1,0.614194
0,1,1,0,1,0,0,0,1,0,0,0,1,0,1,1,0,1,0,0,1,1,0,0,1,1,0,0,1,1,0,1,0.610401
0,1,1,1,0,0,1,1,1,1,1,1,0,1,0,0,0,1,1,1,0,0,1,1,1,1,0,0,1,1,1,0,0.676833
0,1,1,1,0,0,1,1,0,1,0,1,1,1,0,0,1,1,1,0,1,0,1,1,0,0,0,1,1,1,1,0,0.707864
1,0,0,0,0,1,1,0,0,1,1,0,0,0,0,1,1,0,1,1,0,0,1,1,1,1,0,1,0,0,1,1,0.758866
0,0,1,1,0,1,1,1,1,0,1,1,0,0,1,0,1,0,1,1,1,1,0,0,1,0,1,1,1,0,1,1,0.714557
1,1,0,1,0,1,0,0,0,1,0,1,0,1,1,0,1,1,1,0,0,1,1,1,0,0,1,1,0,0,0,0,0.622634
0,0,0,1,1,1,0,1,1,0,0,1,0,1,0,0,1,0,0,0,1,0,1,1,0,1,1,1,1,0,1,1,0.681650
0,1,0,1,0,1,0,1,0,1,0,1,0,1,0,1,0,0,0,0,0,1,0,0,1,1,0,0,0,0,0,1,0.489450
1,0,1,1,1,0,1,1,0,0,1,1,1,0,1,1,1,0,1,1,1,0,1,1,0,1,0,0,0,1,0,0,0.676812
1,0,1,0,1,0,0,1,0,0,1,0,0,0,1,0,0,0,0,0,1,1,1,1,1,1,1,1,1,0,1,0,0.658546
1,1,0,1,0,0,0,0,0,0,1,0,0,1,0,0,0,0,1,0,0,1,1,0,1,1,1,1,0,1,1,0,0.588619
1,0,1,1,1,1,0,0,0,1,0,1,1,1,0,1,0,1,0,1,1,1,0,1,0,1,0,1,1,1,1,1,0.825682
1,1,0,1,1,1,0,1,1,1,1,1,1,0,1,1,1,1,1,1,0,0,0,0,1,1,1,0,0,0,0,1,0.772528
1,1,0,1,0,1,0,1,1,0,0,0,0,0,1,1,0,1,1,0,0,1,1,1,1,1,0,1,0,1,1,0,0.705946
1,0,0,1,1,1,1,0,1,1,0,1,0,1,1,1,1,1,0,1,0,0,1,1,0,0,0,1,0,0,1,1,0.978730
1,0,0,0,1,1,0,0,0,0,0,0,0,0,1,0,1,0,1,0,1,0,1,0,1,0,0,0,1,1,1,0,0.615622
1,0,1,1,0,0,0,1,1,0,1,0,1,1,1,0,1,0,1,1,0,0,1,0,1,1,0,1,1,0,1,1,0.615985
1,0,0,1,1,1,0,0,0,1,1,0,0,1,1,0,0,0,0,1,0,1,0,0,1,1,0,1,1,1,0,0,0.676257
1,0,1,1,1,0,1,1,1,1,1,1,0,1,1,1,1,1,1,0,0,0,1,0,1,0,0,0,0,1,1,0,0.662191
0,1,1,1,0,0,1,1,1,0,1,1,1,0,0,1,1,0,1,1,1,0,1,0,1,1,1,0,0,1,0,0,0.639066
1,0,0,0,1,0,1,0,0,1,1,0,1,1,1,1,0,1,0,0,0,1,1,1,0,0,0,1,0,1,0,1,0.830477
0,1,0,1,0,1,0,0,0,1,0,1,1,1,1,1,0,0,1,1,1,1,0,1,1,1,0,0,1,0,1,0,0.697485
0,0,0,1,0,1,1,0,0,0,0,1,0,1,0,1,1,1,1,1,1,1,0,1,0,1,0,1,1,1,1,0,0.703197
1,1,0,1,0,1,1,1,0,0,0,1,1,1,1,0,1,0,0,0,1,1,1,1,0,1,1,0,1,1,1,0,0.759250
0,0,0,1,0,0,0,1,0,1,0,0,0,0,1,1,0,1,0,1,0,1,1,1,1,1,1,1,1,0,1,1,0.995034
0,1,1,1,1,1,1,0,1,0,0,1,0,1,1,0,1,0,0,0,1,0,0,0,0,1,1,1,1,1,0,1,0.706799
1,1,0,0,0,0,1,0,0,0,1,0,1,0,0,1,1,0,0,0,1,0,0,1,1,0,0,0,0,0,0,1,0.626471
1,0,0,0,1,0,1,1,0,1,1,1,0,0,1,1,0,0,0,1,1,1,1,1,0,0,1,1,0,1,0,0,0.656138
1,1,0,1,1,1,1,0,0,1,0,0,1,1,0,0,0,0,0,1,1,1,1,1,0,1,0,0,0,0,1,0,0.560145
0,0,1,1,0,0,0,0,1,1,0,0,0,1,0,0,0,0,0,0,1,1,0,0,0,0,1,0,0,1,1,0,0.496888
1,0,1,1,0,1,0,1,1,1,1,0,1,1,0,1,1,0,1,0,1,0,0,1,0,1,0,1,0,0,0,1,0.686061
1,0,1,1,1,1,1,1,0,1,0,0,1,1,1,1,0,1,0,1,1,0,0,1,0,0,0,0,0,0,1,1,0.732737
0,1,0,1,0,0,1,1,0,0,1,0,0,0,0,0,1,1,1,1,0,0,0,1,1,1,1,0,0,1,0,1,0.626236
0,1,1,0,0,1,0,1,0,1,1,1,0,1,1,0,0,1,1,0,0,1,1,0,0,1,1,0,0,1,0,0,0.478708
1,0,0,1,1,0,1,1,1,0,0,0,1,1,0,1,0,0,1,1,0,1,1,1,1,0,1,1,0,1,1,0,0.699467
1,0,1,1,1,0,0,1,1,1,0,1,0,0,1,0,0,1,0,0,1,0,1,0,1,0,0,0,1,0,1,0,0.695929
0,1,0,1,0,0,0,0,1,1,0,1,1,1,1,0,0,0,0,0,1,1,0,1,0,1,0,0,0,1,1,0,0.613981
0,0,1,1,1,1,1,1,1,0,0,0,0,1,1,0,1,1,0,1,0,0,0,1,1,1,0,0,0,1,0,0,0.613107
0,0,1,1,1,0,0,1,0,1,0,0,1,0,1,0,1,1,0,0,1,0,1,0,1,1,0,0,0,0,0,1,0.599233
0,0,0,1,0,1,1,0,0,1,0,1,1,1,1,0,0,1,0,0,1,0,1,0,0,0,0,1,0,0,1,1,0.563683
1,1,0,0,0,0,1,1,0,1,1,0,0,0,1,0,1,1,0,0,0,0,1,1,1,0,1,0,0,1,1,0,0.611679
1,0,0,0,0,0,1,1,0,1,1,1,0,0,1,0,1,0,1,1,1,1,1,0,0,0,1,1,1,0,0,1,0.674915
1,1,1,0,0,1,0,0,0,1,0,0,1,0,0,1,0,1,0,0,0,0,0,1,0,1,0,1,1,0,0,0,0.589216
1,0,1,1,1,0,1,0,1,1,1,0,1,0,0,1,1,0,1,1,0,1,0,0,1,1,1,1,0,0,0,1,0.640431
0,0,0,0,0,1,1,1,1,0,0,1,1,0,1,1,0,0,1,1,1,0,0,0,0,0,0,0,1,1,1,1,0.643990
1,0,0,1,0,0,0,0,1,1,0,0,0,1,1,1,0,0,0,0,1,0,1,1,1,1,1,0,0,0,1,0,0.537873
0,1,0,0,1,1,0,0,0,1,0,1,1,1,0,0,1,0,0,0,0,1,0,1,1,1,1,0,1,1,0,1,0.639919
1,0,1,1,0,1,1,1,1,0,1,0,0,0,1,0,1,1,0,1,1,0,1,1,1,1,1,0,0,0,0,0,0.638448
0,1,1,0,0,0,0,0,0,1,0,1,1,0,0,1,1,0,1,1,0,1,1,0,0,1,1,1,0,1,1,1,0.734186
0,0,1,1,0,1,1,1,1,0,1,1,0,1,0,1,1,0,0,0,1,1,0,0,1,1,1,0,1,1,1,1,0.763001
1,1,1,0,0,1,0,0,1,1,0,1,0,0,0,0,1,1,0,1,1,0,0,0,1,0,0,1,0,1,1,1,0.639706
1,0,0,0,0,1,0,1,1,0,0,1,1,0,0,1,0,1,0,0,1,0,1,1,1,0,1,0,1,0,1,1,0.668500
1,0,0,0,1,1,1,0,1,0,0,0,0,0,1,1,1,0,0,0,0,1,1,0,0,1,0,1,1,0,0,0,0.549403
1,0,1,0,0,1,0,0,1,0,0,0,1,0,0,1,1,1,0,1,1,1,1,1,0,0,0,1,0,1,1,0,0.672613
0,0,1,1,1,0,0,0,1,1,0,1,0,0,1,1,0,0,1,1,1,0,0,0,0,1,1,1,1,1,0,1,0.693670
0,1,0,0,0,0,1,0,0,0,1,0,0,0,0,0,1,1,1,1,1,1,0,1,1,1,0,1,1,0,1,1,0.644970
0,1,1,1,1,1,1,0,0,1,0,1,0,1,1,1,0,0,0,0,0,1,1,0,0,1,0,1,0,0,1,1,0.673913
1,1,0,0,0,1,0,0,1,1,1,1,1,0,0,1,0,1,1,0,0,0,0,1,1,0,0,1,0,1,0,1,0.801066
0,1,1,1,1,0,0,0,1,1,1,0,0,0,0,0,1,1,1,0,1,0,1,1,1,0,0,0,1,0,0,1,0.709058
0,1,1,0,1,1,1,1,1,1,0,0,0,1,1,0,1,1,0,0,1,1,0,1,1,1,0,1,0,0,0,1,0.657289
1,0,0,0,0,1,0,1,1,0,1,0,0,0,1,1,1,1,0,0,0,0,1,0,0,1,0,0,0,1,1,0,0.560209
1,1,0,1,0,0,1,0,1,1,1,1,0,0,1,1,1,1,0,0,0,0,1,1,1,0,0,0,1,0,0,0,0.612894
1,0,0,1,1,0,0,0,0,0,0,0,0,1,1,1,1,1,1,1,1,1,0,0,0,0,1,1,1,1,0,0,0.693585
1,1,1,0,0,1,0,0,1,0,0,1,1,0,0,0,0,0,0,0,0,1,1,0,1,1,1,1,1,1,1,1,0.613427
1,0,1,1,1,0,1,0,1,1,0,0,1,0,0,1,1,0,0,1,1,1,0,1,1,1,1,1,0,1,1,0,0.695844
0,0,0,1,0,0,1,0,1,0,0,0,0,1,0,1,1,0,1,1,1,0,0,1,1,1,1,1,1,1,1,0,0.710124
1,1,1,1,1,0,1,0,1,0,0,0,1,0,0,0,1,0,0,0,1,0,0,1,0,1,1,0,1,1,1,0,0.633291
1,0,0,0,1,0,1,1,0,0,1,0,0,0,0,0,0,1,0,0,0,0,0,0,1,1,0,0,1,1,1,0,0.545737
1,0,0,0,1,1,1,0,1,1,1,1,1,1,0,1,1,1,1,1,1,1,0,1,1,1,1,1,1,1,1,0,0.720567
1,1,1,1,1,0,0,0,0,1,1,1,0,1,0,1,1,1,1,0,1,1,1,0,0,1,0,0,0,0,1,1,0.658887
0,0,0,1,1,0,1,0,1,0,0,1,1,0,0,0,0,1,1,0,0,0,1,1,1,1,1,1,1,0,0,0,0.642732
1,0,1,0,1,1,0,1,0,1,0,1,0,0,0,0,1,1,1,1,0,1,1,1,1,1,1,1,1,1,1,0,0.736253
0,0,0,0,1,0,0,0,1,0,1,0,1,1,0,0,0,0,1,0,1,0,0,1,1,1,0,0,0,0,1,0,0.566454
1,0,1,1,1,1,0,0,1,1,0,0,0,1,0,1,1,0,0,0,1,0,0,0,1,1,0,0,1,1,0,1,0.691347
1,0,1,1,1,0,0,0,0,0,0,0,1,1,1,0,0,1,0,0,1,0,0,1,0,1,0,1,0,1,0,0,0.636189
0,0,0,1,1,1,1,0,0,1,0,1,0,0,0,0,1,1,0,1,0,1,0,1,1,1,1,1,1,0,1,0,0.667455
1,1,0,1,1,0,1,0,1,0,0,0,0,1,0,0,1,1,0,1,0,1,1,0,1,0,0,0,0,1,1,1,0.647826
1,0,1,1,0,0,1,1,0,0,0,0,0,1,0,0,0,1,0,1,0,0,1,0,1,1,1,0,1,1,1,0,0.659974
0,1,0,1,1,0,1,0,0,1,1,0,1,0,1,1,0,1,0,1,0,1,0,1,0,0,0,1,1,1,1,0,0.692988
0,0,0,1,0,0,0,0,0,0,1,0,0,0,0,0,1,0,1,0,1,0,1,1,1,0,1,0,0,0,0,1,0.441645
1,1,0,0,1,1,0,0,1,1,0,1,1,1,0,0,0,0,0,1,1,0,0,1,1,1,0,1,0,1,0,1,0.755456
1,1,0,0,1,0,1,0,1,1,0,1,0,1,0,1,0,0,0,1,0,1,1,1,1,0,1,0,1,1,1,0,0.669864
0,1,0,1,0,1,0,1,1,1,0,1,0,1,1,1,1,1,0,1,0,1,0,0,0,0,0,1,1,1,0,0,0.677174
0,1,1,1,0,0,1,1,1,0,0,1,0,1,1,0,0,0,0,1,0,0,0,1,0,1,1,0,1,0,0,1,0.595332
0,1,0,1,1,1,0,1,0,0,0,1,0,0,0,1,1,0,0,0,1,0,1,0,0,0,0,0,0,1,1,1,0.526556
1,1,0,0,1,1,0,1,0,0,0,1,0,1,0,0,1,0,0,0,0,0,0,0,1,0,0,1,0,1,0,0,0.586253
0,0,0,0,1,0,1,1,1,0,1,1,0,0,0,0,1,1,1,0,1,1,0,1,1,1,1,0,0,0,1,0,0.634697
1,1,1,0,0,1,0,0,1,0,0,0,0,0,1,1,0,0,0,0,0,0,1,1,0,0,0,0,1,0,0,0,0.661488
1,0,1,0,0,0,0,0,0,1,0,1,0,1,1,1,0,1,0,0,1,1,1,0,1,1,1,0,1,1,1,0,0.637361
1,0,0,0,1,0,0,0,0,0,1,0,0,1,1,1,0,1,1,1,1,1,0,1,1,0,0,0,0,1,1,0,0.608653
0,0,0,0,0,0,0,1,0,1,0,0,1,1,1,1,0,0,0,1,1,0,0,1,1,0,0,1,0,1,0,0,0.654049
1,0,0,1,0,1,0,0,0,1,0,0,1,0,1,0,0,1,0,0,0,0,1,0,1,0,0,1,1,1,0,0,0.597762
1,1,0,0,1,1,1,1,1,1,1,0,1,1,0,0,1,1,0,0,0,1,1,1,1,0,0,1,0,1,1,0,0.690708
0,1,1,0,1,0,1,1,0,1,0,0,1,0,1,1,1,1,1,0,0,1,0,1,1,0,0,0,1,1,1,1,0.674531
0,1,0,1,1,0,1,1,1,1,1,1,0,0,0,1,0,0,1,0,0,1,0,0,1,1,1,1,1,1,0,1,0.713065
