1,1,0,0,1,1,1,1,1,0,1,1,1,1,0,1,0,1,1,0,0,1,0,1,0,1,0,1,1,0,1,1,0.574941
1,1,0,0,0,1,0,0,0,0,1,0,0,1,1,0,0,0,0,1,1,0,1,0,1,1,1,0,1,0,1,0,0.592445
0,1,1,0,1,0,0,0,0,0,1,0,0,0,1,0,0,1,0,0,1,0,1,1,0,0,1,1,1,0,0,0,0.588901
0,0,0,1,0,1,0,0,0,1,1,0,0,0,1,0,1,0,1,1,0,0,0,1,1,0,0,0,1,1,0,0,0.587329
0,1,1,0,1,0,0,0,1,1,0,1,1,0,0,0,1,1,1,0,1,0,0,1,1,0,0,0,1,1,0,0,0.601689
1,0,1,1,1,0,1,1,1,0,1,1,0,0,0,0,0,1,1,0,1,1,0,1,1,1,1,0,1,1,1,0,0.595935
0,0,1,1,0,0,1,1,0,1,0,0,0,1,1,0,1,1,0,0,1,0,1,1,1,1,1,1,0,0,1,1,0.590313
1,0,0,0,1,0,0,1,1,1,1,0,0,0,1,0,0,1,1,1,0,0,1,1,0,1,1,0,1,1,1,0,0.593564
0,0,1,0,0,0,0,0,1,0,1,0,0,1,0,1,0,1,0,1,0,0,0,0,0,1,1,1,1,0,1,0,0.587596
0,0,0,1,1,0,1,0,0,1,0,1,0,1,0,0,0,1,0,1,0,1,1,0,0,0,1,1,0,0,0,0,0.561195
1,0,0,1,0,1,0,1,1,1,1,1,1,1,0,0,0,0,1,0,1,0,0,0,1,0,1,1,1,0,1,1,0.595828
0,0,0,0,0,0,0,1,1,1,1,1,0,1,0,1,0,1,0,0,0,1,0,0,1,0,1,1,0,0,0,1,0.575421
0,1,1,1,0,0,0,0,0,0,1,1,1,0,0,1,0,0,0,0,0,0,0,1,1,0,0,0,1,0,1,0,0.586610
0,0,0,0,0,0,0,1,1,0,0,1,0,1,0,1,1,1,1,0,0,1,1,0,1,0,0,1,1,1,0,0,0.592738
1,0,0,0,0,0,0,0,1,0,0,0,1,0,0,0,0,0,1,1,0,0,1,1,1,0,1,1,0,1,1,0,0.586823
0,1,0,0,1,0,0,1,1,1,1,1,1,1,1,0,0,0,0,1,0,1,1,1,1,0,0,0,0,0,0,0,0.592072
1,1,0,0,1,0,1,1,0,0,1,1,0,1,0,1,0,0,1,0,1,0,0,0,0,1,0,0,1,0,0,0,0.589301
1,0,1,1,0,0,0,0,0,1,0,1,0,0,1,0,1,0,0,0,0,1,0,1,0,1,0,0,1,0,0,0,0.585918
0,0,1,0,0,1,1,1,0,1,1,1,1,0,1,1,0,0,0,0,1,0,1,1,1,0,1,0,0,0,1,0,0.572117
1,1,1,1,1,1,0,0,0,0,0,1,0,0,0,0,0,0,1,1,0,0,1,0,0,1,1,0,0,1,1,0,0.590180
1,1,1,1,1,1,0,1,1,1,1,0,1,0,1,0,0,1,0,0,1,1,1,1,0,0,0,0,0,1,1,0,0.579231
0,0,1,1,1,1,1,0,1,1,0,1,0,0,1,0,1,1,0,1,1,1,1,0,0,0,1,0,0,1,1,0,0.593643
1,0,1,1,1,1,0,0,1,1,0,1,0,1,1,1,0,1,0,1,0,0,0,1,0,0,1,0,0,1,1,1,0.587996
0,1,0,1,1,1,0,0,0,1,0,0,0,0,1,1,0,0,0,1,1,0,1,0,1,0,1,1,0,1,1,1,0.588582
1,1,0,1,1,0,1,1,1,0,0,1,0,1,0,0,1,1,0,1,1,0,0,0,0,1,1,1,0,1,0,0,0.600677
1,1,1,1,0,0,0,0,1,0,0,0,1,1,0,0,0,0,1,1,0,0,0,1,0,1,1,0,1,0,1,0,0.593057
0,0,1,1,1,0,1,1,0,1,1,0,1,0,1,1,0,0,0,0,0,0,0,0,1,1,1,1,0,0,1,1,0.593537
1,1,0,1,1,1,1,1,0,1,1,1,1,0,1,1,1,0,0,0,0,0,0,1,1,0,0,1,1,1,0,1,0.604753
0,0,0,1,0,1,0,1,0,1,0,0,0,0,0,1,1,1,1,0,1,0,1,1,1,0,1,1,0,1,1,0,0.594762
0,1,1,0,0,1,1,1,1,0,0,1,0,0,1,0,0,0,0,1,0,1,0,1,1,1,1,0,0,0,0,1,0.596441
1,0,1,1,0,1,1,1,1,0,1,1,1,0,0,0,1,0,1,0,1,0,0,1,0,0,1,1,0,1,1,1,0.594070
1,1,0,0,0,1,1,1,1,0,1,1,0,0,1,1,1,1,1,0,0,0,0,1,0,0,1,1,1,1,1,1,0.568654
0,1,0,1,1,1,1,1,1,1,0,0,1,1,0,0,1,1,1,0,0,0,1,1,1,1,1,1,1,1,0,0,0.599531
0,1,0,1,0,1,1,1,0,0,0,1,0,1,0,0,0,0,0,1,0,1,1,1,1,0,0,0,0,0,1,1,0.587090
0,0,1,1,1,1,0,0,1,0,0,0,0,1,0,0,0,0,0,0,1,0,1,1,1,1,1,1,1,0,0,1,0.590047
0,0,0,1,0,0,1,1,1,1,1,0,0,1,0,1,1,0,0,0,1,1,0,1,0,1,0,0,1,1,0,0,0.589780
0,0,1,1,0,0,1,1,1,1,1,0,1,0,1,0,1,0,0,1,0,0,1,1,1,0,0,1,0,1,1,0,0.592684
0,1,1,0,1,0,1,1,0,0,0,0,0,0,1,1,1,0,0,1,0,1,0,0,1,0,1,0,0,1,1,0,0.592604
1,0,1,0,0,1,1,1,1,1,1,0,0,0,1,0,1,0,0,0,1,0,0,1,0,1,1,0,1,0,1,1,0.589780
0,0,0,0,0,1,0,0,0,1,0,0,0,1,1,1,0,0,1,1,1,0,1,0,1,0,0,0,0,0,1,1,0.549552
0,0,0,1,0,1,1,0,0,1,0,0,0,1,0,1,1,0,1,1,1,1,1,0,0,0,0,1,0,0,0,0,0.577765
1,0,1,1,0,0,0,0,0,1,0,0,0,0,1,0,0,1,1,0,0,1,1,0,1,1,1,0,1,0,1,1,0.596760
0,0,1,0,1,1,0,1,1,1,1,0,1,1,0,1,1,0,0,1,0,0,0,1,1,1,1,1,1,1,1,0,0.591539
0,0,1,1,0,0,0,1,0,1,0,0,1,0,1,1,0,0,1,1,1,1,1,1,1,1,1,0,1,1,0,0,0.595455
0,0,0,0,1,0,1,1,0,0,0,1,0,1,0,0,1,0,1,0,0,0,0,1,1,1,1,1,0,0,0,1,0.598252
0,0,0,1,0,0,0,0,0,0,0,0,0,0,0,0,1,0,0,1,1,0,1,1,1,0,1,1,1,1,1,1,0.585545
1,1,1,1,1,0,1,0,0,1,0,1,0,1,1,0,0,1,0,1,0,1,1,0,1,1,1,1,1,0,1,0,0.594629
1,0,0,1,0,0,0,0,0,1,0,0,0,1,0,0,1,0,1,0,1,0,0,1,1,1,0,0,0,0,1,0,0.590287
0,0,1,0,1,1,0,0,1,0,1,1,1,0,1,1,1,0,1,1,1,1,1,0,0,0,1,1,0,0,1,1,0.589301
0,1,0,0,1,0,1,1,1,1,0,0,0,0,1,1,1,1,0,0,0,0,0,0,1,1,1,1,1,1,1,0,0.593617
1,1,0,1,1,0,0,1,0,1,1,0,0,1,1,0,1,1,0,1,0,0,0,0,0,1,1,0,1,0,0,0,0.596414
0,0,0,1,0,0,0,1,0,0,0,1,1,1,1,0,0,1,1,0,1,0,0,0,0,1,0,0,1,0,1,0,0.554055
0,0,0,0,1,1,0,0,1,0,0,1,0,1,1,0,0,1,1,1,0,0,1,1,1,0,1,0,1,1,0,0,0.588555
1,1,0,0,0,0,1,1,1,0,1,1,1,1,0,0,0,1,0,1,1,1,0,0,1,0,1,1,1,0,1,1,0.596414
0,0,0,0,1,0,0,0,1,1,0,1,1,0,0,0,0,1,1,1,1,0,1,1,1,0,0,1,1,0,0,0,0.580563
0,1,1,0,1,0,1,1,0,0,1,0,1,1,0,0,1,0,0,1,1,1,1,1,1,1,1,1,1,1,0,1,0.584426
1,0,1,1,1,1,1,1,0,1,0,1,0,0,1,1,1,1,1,0,1,1,0,1,1,0,0,1,0,1,1,0,0.591486
1,1,1,1,0,1,1,0,0,0,0,0,1,0,1,0,1,0,1,0,0,1,1,1,1,1,1,1,0,0,1,1,0.601423
0,1,0,1,0,1,1,0,0,0,0,0,1,1,0,0,0,0,1,1,0,1,0,1,0,1,0,1,1,1,1,0,0.587276
1,0,0,0,0,0,1,0,1,0,1,0,0,0,0,1,1,0,0,1,1,0,1,1,0,0,1,0,0,0,0,0,0.591139
1,0,1,1,0,1,0,1,1,1,0,1,0,0,1,0,0,1,1,1,1,0,1,0,0,0,1,1,0,0,1,0,0.593590
1,1,0,1,1,1,1,0,1,0,1,0,0,1,0,0,0,1,1,0,1,1,1,1,0,0,0,1,1,0,0,1,0.592258
0,1,0,0,1,1,0,0,1,1,1,0,0,0,0,1,1,1,0,1,0,1,1,1,0,1,1,0,0,1,1,0,0.591459
1,1,0,0,0,1,1,1,1,0,0,1,0,1,0,1,1,0,0,1,0,1,0,0,0,0,1,1,0,1,1,1,0.593510
1,0,1,0,1,0,0,0,1,0,1,0,1,1,0,0,0,0,0,1,0,0,0,0,1,1,1,0,1,0,0,0,0.589914
0,0,1,0,0,0,1,1,0,0,0,0,1,0,0,0,1,1,0,0,0,0,0,1,0,1,1,0,0,0,0,1,0.584958
1,0,1,0,1,0,1,0,0,1,0,1,1,0,1,1,1,0,1,1,1,1,0,1,1,1,1,0,0,1,0,0,0.607737
1,0,1,1,0,0,0,1,0,1,1,0,1,1,1,0,0,1,1,1,1,0,0,1,0,1,1,1,0,1,0,0,0.593590
0,1,0,1,1,0,1,0,0,0,0,1,0,1,1,1,1,0,0,0,1,1,0,0,0,1,0,0,0,0,0,1,0.576487
1,0,0,0,1,0,0,0,1,0,1,0,0,1,0,0,1,0,0,0,1,1,1,1,0,0,0,0,1,0,1,1,0.590047
0,1,1,0,0,0,1,1,0,1,1,1,1,0,1,1,0,0,0,1,1,0,1,0,0,1,1,1,1,1,0,1,0.594070
1,1,1,1,1,0,1,1,0,1,0,0,0,1,1,1,1,0,0,1,1,0,1,1,0,0,1,0,0,0,1,0,0.595055
1,1,1,0,1,1,1,1,1,0,1,0,0,0,0,0,1,0,1,0,1,1,0,1,1,1,1,0,0,1,1,0,0.593324
1,0,1,1,0,1,0,0,1,1,0,0,1,1,1,1,0,0,1,1,1,0,0,0,0,1,0,0,1,1,0,1,0.592871
1,0,1,0,1,1,0,0,0,1,0,1,0,0,1,0,0,0,1,0,0,0,0,1,1,1,1,1,1,0,1,1,0.594363
0,1,1,0,1,0,0,0,1,0,1,1,0,1,1,1,1,1,0,1,1,0,1,1,0,1,0,1,1,0,0,1,0.592391
0,0,0,0,1,1,1,0,0,1,0,1,0,1,0,0,0,0,1,1,0,0,1,0,1,0,1,1,1,0,1,1,0.575714
0,0,1,1,0,1,1,0,1,1,1,1,1,0,0,0,0,1,0,1,0,0,1,1,1,0,1,1,1,1,1,0,0.595855
1,1,0,1,0,1,1,1,0,0,0,0,0,0,0,1,1,0,1,1,1,0,0,0,1,0,1,1,1,1,0,1,0.595961
0,0,0,1,1,0,0,0,0,0,0,0,1,0,1,0,1,0,1,0,0,1,1,1,0,1,0,0,0,1,1,1,0.590740
1,0,0,0,1,1,1,1,0,1,0,1,0,1,1,1,1,0,1,1,0,0,1,1,0,1,0,0,0,1,1,0,0.583840
1,0,0,1,1,0,1,0,0,0,0,0,1,1,1,1,1,1,1,0,1,1,1,0,1,1,1,0,0,0,0,1,0.592871
1,1,1,1,0,1,0,1,1,0,0,0,1,0,1,1,0,1,1,1,1,1,1,1,0,1,1,0,0,1,0,1,0.572197
0,1,0,1,0,0,0,0,0,1,1,0,0,1,0,0,1,0,1,0,0,0,1,0,0,1,0,1,1,0,0,0,0.588289
1,1,0,1,0,0,1,0,1,1,1,0,0,0,1,1,0,1,0,0,1,0,1,0,1,0,1,0,1,1,1,0,0.590420
1,0,1,1,0,1,1,1,0,1,1,0,1,1,0,1,1,0,1,1,0,1,1,1,0,0,0,1,0,0,1,1,0.585678
0,0,1,1,0,0,0,1,0,1,1,1,0,0,0,0,1,0,0,0,1,1,0,0,1,1,1,1,1,1,1,0,0.592258
1,1,1,1,1,0,0,1,1,1,1,1,0,1,1,0,0,0,1,1,1,1,1,1,1,1,0,0,1,0,0,1,0.592604
0,1,0,1,0,1,0,0,1,1,0,1,0,1,1,0,0,0,0,0,1,1,0,0,0,1,1,0,1,1,0,1,0.595988
0,0,1,1,1,1,0,0,0,0,0,0,0,1,0,0,1,1,1,0,0,1,0,1,0,0,0,1,1,0,1,0,0.589354
1,0,0,1,0,0,1,1,1,0,1,1,1,0,1,1,1,0,1,1,1,1,0,0,0,1,1,0,0,0,1,0,0.589274
1,0,0,1,1,0,0,1,0,0,0,1,1,1,1,1,1,1,1,1,0,0,0,0,1,0,0,1,1,1,1,1,0.585651
0,0,0,0,1,0,0,1,0,1,1,1,1,0,0,0,0,1,1,0,1,0,0,1,1,1,0,1,0,0,0,1,0.584639
1,0,1,0,1,1,1,1,1,0,0,1,0,1,0,0,0,1,1,0,0,1,1,1,1,0,0,1,1,0,1,1,0.587996
1,1,0,0,0,0,0,0,1,1,1,1,1,1,1,1,0,1,0,1,1,1,0,1,1,1,0,0,0,1,1,1,0.578804
0,0,1,1,0,0,1,0,0,0,0,1,1,0,0,0,0,1,0,1,1,1,0,1,1,1,0,0,1,0,1,0,0.589701
0,1,0,1,1,0,0,0,1,0,0,0,1,0,1,0,1,0,0,1,0,1,1,0,1,0,1,1,1,0,0,0,0.597453
1,1,1,1,0,1,1,0,0,0,0,0,1,0,1,1,0,1,1,1,0,1,0,0,0,1,1,1,0,0,1,0,0.593857
0,1,1,0,1,0,0,0,1,1,1,0,1,1,1,1,0,1,1,1,1,1,1,1,0,0,1,1,1,1,1,1,0.537084
1,1,1,1,0,1,0,0,1,1,1,0,0,0,0,1,1,1,0,0,0,0,1,1,1,1,1,0,0,1,1,1,0.582721
1,0,0,0,0,0,0,1,0,1,0,1,1,0,0,0,0,0,1,1,0,0,0,1,0,1,1,1,1,0,1,0,0.590020
1,1,0,0,1,0,0,1,1,1,0,1,0,1,1,1,0,0,1,1,0,1,0,1,0,1,0,1,0,1,0,0,0.594629
1,0,1,1,0,1,0,0,0,0,1,1,0,1,0,1,1,1,0,0,0,1,1,0,1,0,0,0,0,1,0,1,0.594416
1,0,1,1,0,1,0,1,1,0,1,1,0,0,0,0,1,1,0,0,0,0,0,1,1,1,1,0,0,1,0,0,0.596654
0,0,0,1,0,0,1,0,0,1,0,1,1,1,0,1,0,1,0,1,0,1,1,0,1,0,1,1,1,1,0,0,0.588262
0,1,1,1,0,1,0,1,0,1,1,1,1,1,1,0,0,1,0,1,1,1,1,0,1,0,1,1,1,1,0,0,0.597746
0,0,1,1,0,1,1,0,1,0,1,0,1,0,1,1,1,1,1,0,0,1,0,0,1,1,1,1,0,0,0,0,0.596760
0,0,0,1,1,1,0,0,1,0,1,0,0,0,0,1,1,1,1,1,0,1,1,0,1,1,0,0,1,1,1,1,0.586743
1,0,0,0,1,1,1,0,0,0,0,1,1,0,0,1,1,1,1,1,1,0,1,0,0,0,0,0,0,1,0,0,0.594230
0,1,1,1,1,0,0,1,1,0,0,1,0,0,0,1,1,0,1,1,1,0,1,1,1,1,1,1,1,0,0,1,0.590074
1,0,1,0,0,0,0,0,1,1,0,0,1,0,0,0,0,1,1,0,1,1,0,0,1,1,1,0,1,0,1,1,0.593457
1,0,1,1,0,1,0,1,0,0,1,0,1,1,1,0,1,1,0,0,0,1,0,1,0,0,0,1,0,1,0,0,0.598119
0,0,1,0,1,1,1,1,0,0,0,0,0,0,0,0,0,0,1,0,1,0,1,1,1,0,0,1,0,1,1,1,0.587996
0,0,1,0,0,0,0,0,1,1,1,1,1,1,1,1,1,1,1,1,0,1,1,0,0,1,1,0,1,1,1,1,0.586344
1,0,0,1,0,0,0,0,0,1,0,0,1,0,1,1,1,1,0,0,1,0,1,1,1,1,1,1,0,0,1,1,0.593244
1,1,0,1,0,0,0,1,1,1,1,1,0,0,1,1,1,1,0,1,1,1,1,0,1,0,1,0,1,1,1,0,0.586157
1,1,1,1,1,0,1,1,1,0,0,0,0,1,1,1,1,1,1,0,1,0,1,1,1,0,1,1,1,1,0,0,0.598013
1,0,0,1,0,1,0,1,1,1,0,0,0,0,1,1,0,0,1,1,0,1,0,1,0,1,1,0,0,0,0,1,0.596201
0,1,0,1,0,0,1,0,1,1,1,1,0,0,1,1,0,1,0,1,0,0,0,0,0,1,1,0,1,0,1,1,0.592871
0,1,1,0,1,1,1,0,0,1,1,1,0,0,0,0,0,1,1,0,0,0,1,0,0,0,0,1,0,0,1,1,0.585758
1,1,0,1,1,1,1,1,1,0,1,1,0,0,0,1,1,0,1,1,1,1,1,0,0,0,0,1,1,1,0,0,0.594309
0,0,0,0,1,1,0,0,0,1,1,0,0,0,0,1,1,1,0,1,0,0,0,1,1,1,0,1,1,0,0,1,0.591645
0,1,1,1,1,0,0,0,1,1,0,0,1,0,1,1,1,0,1,1,0,1,1,0,0,1,1,0,1,0,1,1,0.597959
0,1,0,1,1,0,0,0,1,1,1,1,0,1,0,1,0,0,0,1,0,1,1,0,0,1,1,1,1,0,1,1,0.589487
1,0,0,0,0,0,1,1,1,0,1,0,1,0,1,0,0,1,1,1,1,0,0,0,1,0,1,0,0,0,1,1,0.591699
0,0,1,0,0,0,1,1,0,1,1,0,0,0,1,1,0,0,0,0,1,0,0,0,1,1,1,0,1,0,1,0,0.584958
0,0,1,0,0,1,0,1,1,0,0,0,0,0,0,0,0,1,1,1,0,1,1,0,1,0,1,0,0,0,0,1,0.585012
1,0,1,1,1,1,0,1,1,1,0,1,0,1,0,1,0,1,0,1,1,1,0,0,0,0,1,1,0,0,1,0,0.594523
