0,0,0,1,0,0,0,1,1,0,0,0,0,0,0,1,1,0,0,0,1,0,0,0,1,1,1,1,0,0,0,0,0.691135
0,0,1,1,1,0,0,0,1,1,0,1,1,0,1,1,0,1,1,0,1,1,0,1,1,0,1,1,0,1,1,1,0.518094
0,0,1,0,1,1,1,0,0,1,1,0,1,0,0,0,1,1,0,1,1,0,0,1,1,1,1,0,0,1,1,0,0.607871
1,1,1,1,1,1,0,0,0,0,1,0,0,1,0,1,0,1,0,1,0,0,0,1,0,1,1,0,0,0,0,1,0.643003
0,1,0,0,0,1,1,1,1,1,0,0,1,0,1,0,1,1,1,0,0,0,0,1,1,0,0,0,1,1,0,0,0.590268
1,1,1,1,0,0,1,0,0,1,1,0,0,0,0,1,1,1,1,1,1,0,0,0,1,0,1,1,1,0,0,0,0.595675
0,1,1,1,0,1,0,1,0,1,1,0,1,1,0,0,1,0,1,0,1,1,1,1,1,1,1,0,1,0,0,0,0.589237
0,1,0,1,0,1,1,1,1,1,0,0,1,1,0,0,1,0,1,0,0,1,0,1,0,0,0,0,0,0,0,0,0.618081
1,1,0,1,1,1,1,1,1,1,0,0,0,1,0,1,0,1,0,0,1,1,1,0,0,1,0,0,0,1,1,1,0.513240
1,0,1,1,1,1,1,0,0,1,1,1,1,1,1,0,1,1,0,1,1,1,1,0,1,1,0,0,0,1,0,1,0.544499
0,1,0,1,0,1,0,0,0,0,0,0,1,1,1,0,0,1,1,0,0,0,0,0,0,1,0,0,1,0,1,0,0.658821
0,1,0,0,0,1,1,0,1,0,0,0,1,0,0,0,1,0,0,0,1,1,0,1,0,1,0,0,0,0,0,0,0.622558
1,1,0,1,1,1,1,0,0,0,0,1,0,1,0,1,0,1,1,0,0,0,1,1,1,0,0,0,1,0,0,1,0.593512
0,0,0,1,0,1,0,1,0,0,1,1,1,1,0,0,1,1,1,0,0,1,1,1,0,0,1,1,1,0,0,1,0.632918
1,0,1,1,1,0,0,0,0,1,1,1,1,1,0,1,1,0,1,0,1,1,1,1,0,0,0,1,1,1,0,1,0.490909
1,1,1,1,0,1,1,1,1,1,1,1,1,1,1,1,0,0,0,0,1,0,0,1,1,0,0,1,1,0,0,0,0.607016
1,1,0,0,1,1,1,0,1,1,0,1,1,0,0,0,1,0,1,1,1,1,0,0,1,1,1,1,0,0,0,1,0.571432
0,0,0,1,1,0,1,1,1,0,0,0,1,1,0,1,1,1,1,1,1,1,1,0,0,1,0,1,0,1,1,1,0.532780
0,0,0,1,0,0,0,1,1,1,0,1,1,1,1,1,1,0,0,0,0,1,0,1,0,1,1,1,0,1,1,1,0.603118
0,1,0,0,0,1,0,1,0,1,1,1,1,0,0,0,1,1,0,0,0,0,0,1,1,0,0,1,0,0,0,1,0.637143
1,0,1,1,1,1,0,0,0,1,0,1,1,1,1,0,0,1,0,1,0,0,1,0,1,0,1,0,1,1,0,1,0.565019
1,0,1,1,0,1,1,1,0,1,1,0,0,1,1,0,1,1,1,0,0,1,1,1,0,0,0,0,1,0,0,1,0.577945
0,1,0,0,1,1,1,1,0,0,1,0,0,1,0,0,1,0,1,1,0,0,1,1,0,1,1,0,1,0,1,0,0.589715
1,0,1,0,1,0,1,0,0,1,0,1,1,1,1,0,0,1,0,1,0,0,0,0,0,1,1,1,0,1,0,1,0.589639
1,1,0,0,1,0,0,1,1,1,1,0,0,1,1,0,1,0,0,0,1,0,0,1,1,1,1,0,0,0,1,1,0.603546
0,0,1,1,1,1,1,1,1,1,1,1,1,1,1,0,1,1,0,1,1,0,0,1,1,1,0,0,1,0,0,1,0.539922
0,1,1,0,1,0,1,0,0,1,0,0,1,1,1,0,1,0,0,1,0,0,0,0,0,1,1,0,0,0,1,0,0.623865
1,1,0,0,0,1,1,0,0,0,0,0,0,0,1,0,0,0,1,0,0,1,0,1,0,0,1,0,1,0,1,0,0.656155
0,1,1,1,1,0,1,1,1,0,1,0,1,1,1,1,1,0,1,0,0,0,0,1,0,0,1,0,0,1,0,0,0.580510
1,0,1,1,0,0,0,1,0,0,1,1,1,1,0,1,1,1,0,0,1,1,0,1,1,1,1,1,0,1,0,1,0.531950
0,1,0,0,0,1,1,0,1,1,0,1,1,0,1,1,1,0,1,1,0,0,1,1,0,1,0,1,1,0,1,0,0.581718
0,1,0,0,1,0,1,0,0,1,1,0,0,1,0,0,0,1,0,1,1,1,0,0,0,1,0,0,0,0,0,1,0.657488
1,1,1,0,1,1,1,0,0,1,0,0,0,0,0,1,1,1,0,1,0,1,0,0,0,1,0,0,0,1,1,0,0.606161
1,0,1,0,0,1,1,1,1,0,0,1,0,1,0,0,1,1,1,0,1,1,1,0,1,0,1,1,0,0,0,1,0.585968
0,1,1,0,0,1,1,1,1,0,1,1,0,1,0,0,1,1,1,1,1,1,1,0,0,1,1,0,1,0,1,1,0.537810
1,1,1,1,0,0,0,0,1,0,1,0,1,1,0,1,1,1,0,1,0,1,1,0,1,0,1,1,0,0,0,0,0.600453
0,1,0,0,0,0,0,0,0,0,1,0,1,1,1,1,0,0,0,1,1,1,1,1,1,1,1,1,1,1,0,1,0.696391
1,1,0,0,1,0,0,0,0,1,0,0,0,0,1,1,1,1,0,0,0,0,1,0,1,0,1,0,0,0,0,1,0.626782
0,0,0,0,1,1,1,1,1,0,0,0,0,0,0,0,1,0,0,0,0,1,0,0,1,1,1,0,0,1,1,0,0.639784
1,0,1,0,0,0,0,1,1,0,0,0,0,1,0,0,1,0,1,0,1,0,0,1,0,1,1,0,0,0,1,1,0.623010
1,0,1,1,0,0,1,0,0,1,1,1,0,1,1,1,0,1,1,0,1,1,1,0,0,1,1,1,0,0,1,0,0.562555
0,1,1,0,1,0,1,0,0,0,1,1,0,0,0,0,0,1,1,1,1,1,1,0,1,1,0,1,1,1,0,1,0.584911
0,0,1,1,1,1,0,0,0,1,0,0,1,0,0,1,1,1,0,1,1,1,1,0,1,0,0,0,0,1,0,1,0.570653
1,0,1,0,1,1,1,1,1,1,0,0,0,1,0,1,1,0,0,1,0,0,0,0,1,1,0,1,1,1,0,1,0.575003
0,0,1,1,1,1,0,1,0,1,0,1,0,1,1,0,0,1,1,0,1,1,1,1,0,0,1,1,1,1,0,0,0.624745
0,0,0,1,0,1,1,1,0,0,0,1,0,0,0,0,0,0,0,1,1,1,0,1,0,1,1,0,0,1,0,0,0.700792
1,0,1,1,1,1,1,0,0,0,1,1,1,1,0,1,0,0,0,1,0,1,0,1,0,1,0,0,1,1,1,1,0.530969
0,0,0,0,0,1,1,0,0,1,1,1,0,0,1,0,1,0,0,0,1,0,1,0,1,0,1,1,0,1,0,0,0.672023
0,1,1,1,0,0,0,1,1,1,1,0,0,0,1,0,0,0,1,1,1,0,1,0,1,0,1,1,1,1,0,0,0.601509
0,1,1,0,1,1,1,1,1,0,1,0,1,1,0,1,0,1,0,0,0,0,0,1,0,0,1,0,0,0,0,1,0.606413
0,1,1,0,0,1,1,0,0,0,0,1,1,0,1,0,0,1,1,0,1,0,1,0,1,0,0,1,1,0,0,1,0.610235
0,1,0,0,0,0,0,1,0,0,0,0,1,0,0,1,0,0,0,1,1,0,1,0,0,1,1,1,0,1,0,1,0.710273
0,1,1,1,0,0,1,1,0,1,0,0,0,1,0,0,0,1,1,0,1,0,0,1,0,0,1,1,0,0,1,1,0.640387
1,0,0,0,0,1,0,1,0,0,0,1,0,0,1,1,0,1,0,0,0,1,1,0,1,1,1,0,0,0,0,0,0.648309
0,0,1,0,0,0,0,0,0,0,1,0,0,1,0,0,0,0,1,0,1,0,1,0,1,0,1,0,0,1,0,1,0.691940
1,0,0,1,1,1,1,1,1,1,1,1,0,1,1,0,1,0,0,1,1,1,1,0,1,0,1,0,0,1,0,1,0.553376
1,0,0,1,0,0,1,1,0,1,0,1,0,0,1,0,0,0,0,0,0,1,1,0,0,1,0,0,0,1,1,1,0.642072
0,1,1,1,1,1,1,0,1,0,1,0,1,0,0,0,0,0,1,1,1,0,1,0,0,0,0,1,1,1,0,1,0.586923
1,0,0,1,1,1,1,1,0,1,1,1,1,0,1,1,0,1,1,1,0,0,1,1,1,0,0,0,1,0,1,0,0.553225
1,0,1,0,0,1,1,0,1,1,0,0,1,0,1,0,1,1,1,0,1,1,0,0,1,0,0,1,0,0,0,1,0.607821
1,0,0,1,0,1,1,0,0,0,0,1,0,1,0,1,1,0,0,0,1,0,1,0,0,0,1,1,1,1,0,0,0.634276
0,1,1,1,1,1,1,0,1,1,1,0,1,1,0,1,0,1,0,0,0,0,1,0,1,1,0,1,0,1,0,1,0.561700
0,0,0,0,1,0,1,1,0,1,0,1,0,1,1,1,0,1,1,0,0,0,0,0,1,1,1,1,0,1,0,1,0.662140
0,1,1,0,1,1,1,0,1,0,1,1,1,1,1,0,1,0,0,1,1,1,1,0,1,0,0,1,1,1,0,1,0.547039
0,0,1,1,0,1,1,0,0,0,0,1,1,0,0,1,1,1,0,1,1,0,1,1,0,1,1,0,1,1,0,0,0.597334
0,0,0,1,1,1,1,0,1,0,1,0,1,1,1,1,1,0,0,1,1,1,0,0,1,1,1,0,1,1,1,1,0.544147
0,0,1,0,1,1,0,1,1,1,1,1,0,0,0,1,0,0,0,1,0,0,1,0,0,1,1,0,0,0,0,0,0.688445
1,0,1,1,0,1,1,1,1,1,0,1,0,0,0,1,1,0,0,1,0,1,0,1,1,0,1,0,0,0,0,0,0.625123
0,0,1,0,1,1,0,0,0,1,0,1,0,1,0,1,1,0,0,1,0,1,1,1,1,0,1,0,1,0,1,1,0.602615
1,1,1,0,1,1,0,0,0,0,1,0,0,1,0,1,0,0,0,0,1,0,0,1,1,1,0,1,1,0,1,0,0.605859
0,0,0,0,0,0,1,1,1,1,0,1,1,0,0,0,1,1,0,1,1,0,0,1,0,1,0,1,1,0,0,0,0.651578
0,1,0,0,0,1,1,0,1,0,0,1,0,1,1,1,0,0,0,1,0,1,0,0,0,0,1,1,0,1,0,0,0.677681
0,1,1,1,1,0,1,1,0,1,1,1,1,0,0,0,1,0,0,1,1,1,0,1,1,1,0,0,1,1,0,0,0.571407
0,0,0,1,0,1,0,0,0,0,0,1,1,1,1,0,1,0,1,1,1,1,1,0,0,0,0,1,1,1,0,1,0.626682
0,1,0,0,1,0,1,0,1,1,1,1,0,1,0,0,1,0,1,0,1,0,1,0,1,0,0,0,0,0,0,1,0.625776
1,1,0,0,1,0,0,1,0,1,0,0,1,0,0,0,1,1,0,1,0,1,0,1,1,0,0,0,1,1,1,1,0.578121
1,0,0,1,1,1,0,0,1,0,0,1,0,1,1,0,1,1,1,1,1,0,1,1,0,1,0,1,0,0,0,1,0.594719
1,0,1,0,0,1,0,1,1,1,1,0,1,1,1,0,1,1,1,0,1,0,0,1,1,1,0,0,1,0,0,1,0.585465
1,1,0,1,0,1,0,1,1,1,0,0,0,1,1,1,1,1,0,0,0,1,1,1,0,1,1,0,0,1,1,1,0.483893
1,0,1,1,1,1,0,0,0,0,0,0,1,0,0,0,0,0,1,1,0,1,0,0,0,0,0,1,1,1,0,0,0.628492
1,0,0,1,1,0,1,1,1,1,0,1,1,1,1,1,1,1,1,1,0,1,0,1,1,0,0,1,0,1,0,1,0.492418
0,0,1,0,1,1,0,0,1,0,0,1,1,1,1,1,0,1,0,1,0,1,0,1,0,0,1,0,1,0,1,1,0.604879
1,1,1,1,1,1,1,0,1,0,0,0,1,0,0,0,1,1,1,1,1,0,0,1,1,1,0,1,0,0,1,0,0.658821
0,1,1,0,1,1,1,0,1,0,0,1,0,0,1,0,1,0,1,0,0,0,0,1,0,1,0,0,1,1,1,0,0.615692
1,0,1,0,0,0,1,1,0,1,1,0,1,1,0,1,1,1,1,1,0,0,0,1,1,1,1,1,0,1,0,0,0.557274
0,0,1,0,0,0,1,0,1,1,1,1,0,1,0,0,0,0,0,0,1,1,1,0,0,1,0,1,0,1,1,0,0.655325
0,1,1,0,0,0,0,0,0,1,1,1,1,0,1,1,1,1,0,0,0,0,0,1,1,1,0,0,1,1,1,1,0.631837
1,0,1,0,0,0,1,1,0,1,1,0,0,1,0,1,1,1,0,1,1,0,1,0,0,0,0,1,1,0,1,1,0.578373
0,1,0,1,1,0,0,1,1,1,1,1,0,0,1,0,0,1,1,1,1,0,0,1,1,1,1,0,1,1,1,1,0.529360
0,1,1,1,0,1,0,1,1,0,1,1,0,0,1,1,1,1,1,1,0,0,1,0,1,0,1,0,1,1,0,1,0.563712
1,0,1,0,1,1,1,0,0,1,0,0,0,0,1,1,1,1,1,0,0,0,0,0,0,0,0,0,0,0,1,0,0.632038
1,1,1,0,0,0,1,0,1,0,0,0,1,0,0,0,0,1,0,1,0,1,0,0,0,1,1,0,0,0,1,0,0.627813
0,0,0,0,1,1,0,0,0,0,1,1,0,1,0,0,1,1,0,1,1,1,0,0,1,0,1,0,0,0,1,1,0.643656
1,0,1,0,1,0,1,0,1,0,1,1,0,0,1,0,1,1,1,0,1,0,1,0,1,1,1,0,0,1,1,1,0.573771
0,1,1,0,0,0,0,0,0,0,0,0,1,1,0,1,0,1,0,0,1,0,0,0,0,0,1,0,1,0,1,1,0.681051
0,0,0,0,1,0,0,0,1,0,0,0,1,0,0,1,0,1,0,1,0,1,1,0,0,1,0,1,1,1,0,0,0.716484
1,1,1,0,0,0,1,1,1,0,0,1,1,0,0,1,0,0,0,0,0,1,1,0,1,1,0,0,1,0,0,1,0.608424
0,1,0,0,0,0,0,0,1,1,0,0,0,0,0,0,0,1,0,1,0,0,1,0,0,1,1,1,0,0,0,0,0.657035
0,1,0,0,1,0,0,0,1,0,1,1,0,1,0,1,0,0,1,0,0,0,1,0,1,1,1,0,1,1,1,0,0.619364
0,1,0,1,1,1,0,0,1,1,1,1,1,1,0,0,0,0,0,1,0,0,1,0,1,0,0,1,1,1,1,1,0.584132
0,1,0,0,0,0,1,1,1,0,0,1,1,0,0,1,0,1,1,1,1,0,1,0,1,1,0,1,1,0,0,0,0.610889
1,0,0,1,0,0,1,1,1,0,1,0,0,1,0,1,0,1,1,1,1,0,1,0,1,1,0,0,1,1,1,0,0.600553
0,0,0,0,0,0,1,0,1,0,0,0,0,0,1,1,1,1,1,1,0,0,1,0,1,1,0,1,1,1,1,1,0.684195
1,1,0,1,0,1,1,0,1,0,0,1,0,1,1,1,0,1,1,0,1,1,1,0,0,0,1,1,0,0,0,0,0.582497
0,1,0,0,0,1,1,1,0,1,0,0,0,0,1,0,0,1,0,0,1,1,1,1,1,0,0,0,0,0,0,0,0.587502
1,0,1,0,1,1,0,0,1,0,1,1,0,0,1,1,0,0,1,1,0,1,1,0,1,1,0,0,1,1,0,1,0.589237
0,0,0,0,0,0,1,1,0,1,0,1,1,0,1,1,1,0,1,1,1,0,1,1,0,1,0,1,1,0,1,0,0.614988
1,0,1,1,0,0,1,0,0,0,0,1,1,0,0,1,1,1,0,0,1,0,1,1,1,1,1,1,0,1,0,1,0.562505
0,0,0,0,0,1,0,1,1,1,1,1,1,1,0,1,1,0,0,1,0,0,1,0,1,0,1,0,1,1,1,1,0.580460
1,0,1,1,1,1,0,0,1,0,1,0,0,1,1,0,1,1,1,0,0,1,0,1,0,0,1,0,0,1,1,0,0.597762
0,0,0,1,1,1,0,0,1,0,0,1,1,0,0,1,0,1,1,0,0,0,1,1,1,1,0,0,0,0,0,0,0.626078
1,1,0,0,0,1,0,0,1,1,1,1,0,1,0,0,1,1,0,0,1,0,0,0,0,1,1,1,0,0,0,1,0.642902
1,1,1,0,1,0,1,0,0,1,1,0,0,1,0,1,1,0,1,1,1,1,0,0,1,1,1,1,1,1,1,0,0.563712
0,1,0,0,1,0,1,1,1,1,0,0,1,1,0,1,0,1,1,0,0,0,1,1,0,0,0,0,1,1,1,0,0.563662
1,0,1,0,1,1,1,1,1,1,0,1,0,1,0,1,0,1,1,1,0,1,1,0,1,0,0,1,1,1,1,0,0.540400
1,0,1,1,0,0,1,1,1,0,0,0,1,1,1,0,1,0,1,0,0,0,1,1,1,0,1,0,1,0,0,0,0.620546
0,0,0,1,1,0,1,1,0,1,1,0,1,1,0,0,0,0,1,0,1,1,1,0,1,0,1,0,1,0,1,1,0.606463
0,0,0,1,0,0,0,0,1,0,0,0,0,0,1,1,1,0,1,1,0,1,1,1,0,1,0,0,0,0,1,0,0.689023
0,0,1,1,1,1,1,1,0,1,0,1,1,1,1,0,0,0,1,0,0,0,0,1,1,0,1,0,1,0,0,0,0.596479
1,1,1,0,0,1,1,0,1,0,0,1,0,0,1,0,1,1,0,0,1,1,0,0,1,1,1,1,1,1,1,1,0.562027
1,0,0,0,0,0,0,0,1,0,1,0,1,1,0,0,0,0,0,0,0,1,1,0,0,0,1,1,0,0,0,0,0.647680
0,0,1,0,0,1,0,1,0,0,0,1,0,1,1,1,1,0,0,1,1,0,0,1,0,0,0,0,0,1,0,1,0.678109
0,1,1,1,0,1,0,1,0,1,0,0,0,1,0,1,0,0,1,0,0,0,1,0,0,0,1,1,1,1,0,1,0.620194
1,1,0,0,1,0,0,0,1,1,1,0,0,1,1,1,1,1,0,0,1,0,1,0,1,1,1,1,1,1,0,0,0.581366
1,1,0,0,0,0,1,1,1,0,0,0,1,0,0,0,0,1,0,0,0,0,1,0,1,1,0,1,0,0,1,0,0.634075
0,1,0,0,1,0,0,1,1,1,1,0,0,0,1,1,1,0,0,1,0,1,0,0,0,0,1,0,1,0,0,0,0.639859
1,0,1,1,0,1,0,0,0,1,0,1,1,1,1,0,1,0,1,1,1,1,1,1,0,1,0,1,0,0,1,0,0.579379
0,1,1,1,1,1,1,1,1,0,0,0,1,1,1,1,1,1,0,1,0,0,0,1,0,0,1,1,1,1,1,0,0.529461
1,0,0,1,0,1,1,1,1,1,0,0,0,0,0,1,1,0,0,0,0,0,1,0,1,1,1,0,0,0,1,0,0.637470
0,1,1,0,0,0,1,0,1,1,0,0,0,1,0,1,1,1,1,0,1,1,0,1,1,1,0,1,1,1,0,1,0.583377
1,1,0,0,0,1,0,1,1,1,1,0,1,0,0,1,1,1,0,1,1,1,0,0,1,0,0,1,0,0,0,0,0.605356
0,0,0,1,0,0,0,1,0,0,0,0,1,1,0,1,1,0,1,1,1,0,0,1,0,0,1,1,0,0,0,1,0.721891
0,0,1,0,0,0,1,0,1,1,0,1,1,1,0,1,0,0,0,0,0,0,0,1,1,1,0,1,1,1,0,1,0.848183
0,1,0,0,1,0,0,0,0,0,1,0,0,1,1,1,1,0,1,0,1,1,1,1,0,0,1,0,0,1,0,0,0.610235
1,0,0,0,1,0,0,1,0,0,1,0,1,1,0,1,1,1,1,1,0,0,1,0,0,0,0,1,1,1,0,0,0.615340
1,0,0,1,1,0,1,0,1,1,0,1,1,1,0,0,1,0,0,0,1,1,1,0,0,1,0,0,0,0,1,1,0.594166
0,1,1,1,0,1,1,1,1,0,0,0,0,1,1,0,1,0,1,1,0,0,0,1,1,1,0,0,1,1,0,1,0.585238
1,1,1,0,1,1,1,0,0,0,1,0,1,1,1,1,0,1,0,0,0,1,0,0,0,1,1,1,0,1,1,1,0.582724
1,1,1,0,0,0,1,1,0,0,0,1,1,1,0,1,0,1,1,0,0,1,0,0,1,1,0,0,1,1,0,1,0.599120
0,0,1,0,0,0,0,0,0,1,1,0,0,0,1,0,1,1,1,0,0,0,1,0,0,1,0,0,1,1,1,1,0.642952
1,1,1,1,1,0,0,0,1,0,0,1,0,1,0,0,0,0,0,1,0,0,1,1,1,1,0,1,1,1,1,0,0.566428
1,1,1,1,1,0,1,1,1,0,1,0,0,0,1,0,1,1,0,0,0,0,1,0,1,0,0,1,1,1,1,1,0.490004
1,1,0,1,0,1,1,0,0,0,0,0,0,0,0,0,1,0,1,1,1,1,0,0,0,1,1,1,1,1,0,1,0.611744
1,1,0,0,1,0,1,1,1,1,0,0,1,1,1,0,0,0,1,1,0,0,0,1,0,0,0,0,1,1,0,0,0.579932
0,1,1,1,0,1,1,1,0,1,0,1,0,0,1,1,1,1,1,1,0,0,0,1,0,1,1,0,1,0,1,1,0.480045
1,1,0,1,0,1,0,1,1,1,1,0,0,0,1,1,1,0,0,0,0,1,1,0,1,1,0,1,0,0,0,1,0.609355
0,1,0,0,1,0,1,1,1,1,0,1,1,1,1,0,1,0,0,0,1,1,1,0,1,1,1,0,1,0,1,0,0.573871
0,1,1,1,1,0,1,1,0,0,1,0,0,0,1,0,1,1,1,0,0,0,0,1,1,0,1,0,1,0,1,0,0.609053
0,0,1,1,1,0,0,1,0,1,1,0,1,0,1,0,0,1,0,1,0,1,1,0,0,1,1,1,1,1,0,1,0.577141
0,1,0,1,1,0,1,0,1,1,0,1,0,0,0,0,1,0,0,0,1,0,0,1,0,0,1,0,1,0,1,1,0.623639
0,1,0,1,0,1,1,0,1,0,1,1,0,1,1,1,1,1,1,1,0,0,0,0,0,1,0,1,0,1,1,1,0.552923
1,1,0,1,1,1,1,1,0,1,0,0,0,1,1,1,1,1,0,0,0,0,1,1,1,1,0,0,1,1,1,0,0.605709
0,0,0,0,1,1,1,0,1,1,0,0,1,0,0,1,0,1,0,0,1,0,1,1,0,1,1,1,0,1,0,1,0.654898
1,1,1,1,1,0,1,0,1,0,1,1,1,1,0,1,0,0,0,0,1,1,1,1,1,0,0,1,1,1,1,1,0.455677
1,1,1,1,0,1,1,1,1,1,0,1,0,0,0,0,1,0,0,0,1,0,1,1,0,1,1,0,1,0,0,0,0.655124
1,0,1,1,1,1,0,0,1,0,1,1,1,1,1,0,0,0,0,0,0,1,1,1,0,0,1,0,1,0,0,1,0.585188
0,1,0,1,0,1,1,0,0,0,0,1,0,0,1,0,1,1,0,1,1,1,1,0,1,1,0,0,0,1,0,0,0.595725
0,1,0,0,1,1,0,1,1,1,1,0,0,0,1,0,0,0,0,1,0,0,1,0,1,1,0,1,0,0,1,0,0.610738
1,1,0,1,1,0,1,1,1,0,0,1,1,1,0,0,0,0,0,0,1,1,0,0,0,0,1,0,0,0,1,0,0.604149
0,1,1,1,0,1,1,1,1,0,0,0,0,0,1,0,0,1,0,0,1,1,1,1,1,1,1,1,1,0,1,1,0.552923
1,1,0,0,1,0,0,0,0,0,1,1,0,1,0,0,1,1,0,0,1,1,1,1,0,0,1,0,0,1,1,0,0.613856
0,1,0,0,1,1,1,0,1,0,0,1,1,1,1,1,1,0,1,1,1,1,0,1,1,0,1,1,0,1,1,1,0.479844
0,0,1,0,0,1,1,0,0,1,1,1,1,0,1,0,0,1,0,1,1,1,0,1,0,0,0,0,0,0,0,1,0.691965
0,0,1,0,1,0,1,0,1,0,0,0,1,1,0,0,1,0,1,0,0,0,1,0,1,1,1,0,1,1,0,0,0.662065
0,0,0,0,0,1,0,1,0,1,0,1,1,1,0,0,1,1,1,1,0,1,1,0,0,0,0,0,0,0,0,1,0.665133
1,1,0,1,0,1,0,1,0,1,1,0,0,1,1,1,1,0,0,1,1,0,0,0,0,1,0,0,1,1,0,1,0.566327
0,0,1,0,0,1,0,1,0,0,1,0,0,1,0,0,1,1,1,1,1,0,1,0,0,0,1,0,0,1,1,1,0.628618
0,0,0,0,0,0,0,0,1,1,0,1,1,0,1,0,0,1,0,0,0,1,0,0,1,0,0,0,1,0,0,1,0.884144
1,1,1,1,1,1,0,0,0,1,0,0,1,0,1,1,0,0,1,0,0,1,0,0,0,0,1,0,0,0,0,1,0.616723
1,1,1,1,0,1,0,0,0,1,0,0,0,1,1,1,0,0,1,0,1,0,1,1,0,0,0,1,0,0,0,1,0.626807
1,0,0,1,1,0,1,1,1,0,0,1,1,0,0,1,1,1,0,0,1,0,0,1,1,1,0,0,0,1,1,1,0.532554
0,0,0,0,0,1,0,0,1,0,0,1,1,1,0,0,1,1,0,1,0,0,0,1,1,1,1,0,0,1,0,0,0.668829
0,1,1,1,0,1,0,1,0,1,0,0,1,1,1,0,0,0,1,0,0,1,0,1,0,0,0,1,0,0,1,1,0.618534
0,1,0,0,1,1,0,0,0,1,0,0,1,1,0,1,0,1,1,1,0,0,0,0,0,1,0,0,1,0,1,1,0.624393
0,0,1,0,1,1,0,0,0,0,0,0,0,0,0,1,0,0,0,1,1,0,0,1,0,1,1,1,0,0,1,0,0.698328
0,1,0,1,0,1,0,0,1,1,1,1,1,1,0,0,1,0,0,0,1,0,0,0,1,1,0,0,1,0,1,1,0.612423
0,1,1,1,1,1,1,0,1,1,0,0,1,1,1,0,0,0,1,0,1,1,0,1,0,1,1,1,0,0,1,1,0.548573
1,1,0,1,1,0,1,1,1,0,1,0,0,1,0,1,0,0,0,1,0,0,0,1,0,1,1,0,0,1,1,1,0.555162
1,1,0,0,1,0,0,1,1,0,1,1,0,0,1,0,1,0,0,1,1,0,1,1,0,0,1,1,0,1,1,0,0.606010
1,0,1,1,0,0,1,1,1,0,0,0,0,0,0,0,0,0,0,0,0,1,1,1,0,1,1,1,1,1,0,0,0.632164
1,0,0,1,1,1,1,1,1,1,1,0,0,0,0,0,0,0,0,0,1,1,1,0,1,1,0,1,1,1,1,1,0.561700
0,0,0,1,0,0,0,0,0,0,1,1,1,1,1,0,1,0,1,1,1,1,1,0,1,0,0,1,1,1,0,0,0.668930
1,0,1,0,0,0,1,0,1,1,1,1,1,0,0,1,0,1,1,1,1,1,1,1,1,1,0,0,0,0,1,0,0.584559
0,1,1,0,1,0,0,1,1,1,0,0,0,0,0,0,0,1,0,1,1,0,0,1,1,1,0,1,0,1,0,1,0.606438
1,1,1,0,1,0,0,1,1,1,1,1,1,1,0,0,1,0,0,1,1,1,0,0,0,1,0,0,1,0,0,1,0.590394
0,0,0,0,0,1,1,1,1,1,0,0,1,0,0,0,1,0,0,0,1,0,1,1,0,1,0,1,1,0,1,1,0.637093
1,0,0,1,1,0,1,0,0,0,1,0,1,0,1,0,1,1,1,0,0,0,0,0,0,0,0,1,0,1,0,0,0.634628
0,1,1,0,1,0,0,1,1,1,1,1,0,1,0,1,1,1,0,0,0,0,1,0,1,0,1,1,0,1,0,1,0.554181
1,1,0,1,0,1,0,0,1,1,0,0,0,1,1,0,1,0,0,0,0,0,0,0,1,1,1,0,0,1,0,1,0.640362
1,1,0,1,0,0,1,0,1,0,0,0,0,0,1,1,0,0,0,1,0,0,0,0,0,0,0,1,1,1,0,1,0.621300
1,0,1,0,1,1,1,0,1,1,0,1,0,0,0,0,0,0,1,0,0,0,1,0,1,0,0,0,0,0,0,1,0.627059
0,0,1,0,1,0,1,0,0,1,0,1,1,0,1,1,1,0,0,1,0,0,1,0,1,1,1,1,1,1,0,0,0.619942
1,1,1,0,0,1,0,0,1,1,1,0,0,1,0,0,1,1,1,1,1,1,0,0,0,0,0,0,0,1,1,0,0.628442
1,1,1,0,0,0,1,1,1,0,1,0,1,1,1,1,1,1,0,0,1,0,0,1,1,1,1,0,1,0,0,0,0.588507
0,1,1,0,0,0,1,0,0,0,0,0,1,1,1,0,0,0,1,1,1,1,1,0,0,0,0,0,1,1,0,1,0.568088
1,0,1,1,1,0,1,0,1,1,0,1,0,0,0,0,1,1,1,0,1,0,1,0,0,1,0,1,1,0,1,1,0.580360
1,1,0,0,0,1,1,0,0,0,1,1,1,1,0,1,1,0,0,1,1,0,0,1,1,1,1,0,0,0,1,1,0.580510
0,1,1,0,0,1,0,0,1,0,0,0,1,0,1,0,1,0,1,1,0,1,0,1,1,0,1,0,1,1,1,1,0.602967
0,0,1,1,1,1,1,1,0,1,1,0,0,1,1,1,0,1,1,0,1,1,0,0,1,0,0,1,0,0,1,1,0.559160
1,1,1,0,1,1,1,0,0,0,1,1,1,1,1,1,0,0,0,0,1,1,0,0,1,0,0,1,1,1,0,1,0.564366
0,1,1,0,1,1,1,0,1,0,1,1,1,1,1,1,1,0,0,1,0,0,0,1,1,0,0,1,1,0,1,1,0.497925
0,0,1,0,0,0,1,1,1,1,1,0,1,0,1,0,1,1,0,0,1,1,0,0,0,0,1,1,1,0,0,0,0.618534
0,0,1,0,1,1,0,0,0,1,1,0,1,0,0,1,1,0,0,0,0,0,1,0,1,1,0,0,0,0,1,0,0.695813
0,0,0,0,1,1,1,1,0,1,0,0,1,1,1,0,1,1,1,1,0,1,0,0,0,1,0,0,0,0,0,0,0.626405
0,1,1,1,0,1,1,1,1,1,0,0,1,0,1,1,0,1,0,0,1,0,0,0,1,1,1,1,1,0,0,1,0.582824
0,1,0,1,1,0,1,0,0,0,0,0,0,1,1,0,0,0,0,0,0,1,0,1,0,1,0,1,1,1,1,1,0.671445
1,0,1,1,1,0,1,1,1,0,1,1,0,1,0,1,1,1,1,1,1,0,0,0,1,0,0,1,1,1,1,0,0.564843
0,1,0,1,0,1,0,0,1,0,0,0,1,1,1,1,0,1,1,1,0,1,0,0,1,0,1,0,0,0,0,0,0.604200
1,0,0,0,1,0,0,1,1,1,0,1,0,1,0,0,0,0,1,0,0,0,0,1,0,0,0,0,1,1,1,1,0.630278
0,1,1,0,1,1,1,1,0,0,0,1,1,1,0,1,1,0,1,0,1,1,0,1,0,0,1,1,1,0,1,1,0.532755
0,0,0,0,0,0,1,1,1,0,1,0,0,0,0,0,0,1,1,1,0,0,1,0,0,1,0,0,0,0,0,1,0.728932
1,0,0,1,1,0,1,1,0,0,0,0,1,1,0,1,1,0,1,0,1,1,0,0,0,1,0,0,0,0,1,1,0.606664
0,1,0,1,1,0,0,0,1,0,1,1,0,0,1,1,1,1,1,0,0,0,0,0,1,1,0,0,1,1,1,1,0.570502
1,1,1,0,0,1,1,0,0,1,1,1,1,1,1,0,0,1,0,1,1,0,1,1,1,0,1,0,0,1,0,0,0.611719
1,0,1,1,1,0,1,0,1,1,0,0,1,0,0,0,1,1,0,0,1,0,0,0,1,1,1,0,1,0,0,0,0.644486
1,1,1,1,0,1,0,1,1,1,1,1,0,0,1,0,0,1,1,1,1,0,1,0,0,0,0,1,1,1,1,0,0.580737
1,1,1,0,1,0,1,1,0,0,1,1,1,0,0,1,1,0,1,1,1,0,0,1,1,0,0,1,1,0,0,1,0.582246
0,0,1,0,0,0,1,0,0,1,0,1,1,1,1,0,1,1,0,1,0,1,0,0,0,1,1,0,0,1,0,1,0.615667
1,1,0,1,0,0,1,1,1,0,1,1,1,0,0,0,1,0,1,1,0,1,0,1,0,0,0,0,1,1,1,0,0.587728
1,1,1,0,1,0,1,0,0,0,1,0,0,0,1,1,1,0,0,1,0,1,0,0,1,0,1,1,0,1,0,0,0.615390
1,1,1,0,1,1,0,0,1,1,1,1,1,1,1,1,0,0,1,0,0,1,0,1,0,1,0,0,0,0,0,0,0.617779
0,1,0,0,0,1,1,1,1,1,0,1,0,0,0,1,0,1,0,1,1,1,1,0,0,0,1,0,1,1,0,0,0.600754
1,0,1,1,0,0,1,0,0,0,0,1,1,0,1,0,0,0,1,1,1,1,0,1,0,1,1,0,0,1,0,0,0.623387
1,0,1,0,1,0,0,0,1,1,0,1,0,1,0,0,1,0,1,0,0,1,1,0,0,0,1,1,0,0,1,1,0.614887
0,1,0,0,1,0,1,1,1,0,0,1,1,1,0,1,0,0,1,0,1,1,1,0,1,1,0,0,0,0,0,1,0.598215
0,1,0,0,1,0,0,1,0,1,0,0,0,0,1,0,1,0,1,0,1,1,0,1,1,1,1,0,0,0,0,1,0.650220
1,0,1,0,1,1,0,0,1,0,0,0,1,1,0,1,1,0,0,1,0,1,0,0,1,0,1,1,0,0,1,1,0.605432
0,1,0,1,1,1,0,0,1,1,1,1,1,1,0,1,0,1,0,1,0,1,1,0,0,0,0,1,0,1,1,1,0.537231
0,0,0,0,0,0,0,1,0,0,0,0,0,0,1,0,1,1,1,0,0,1,1,0,1,0,1,0,1,1,0,0,0.764139
0,1,1,0,1,1,1,0,0,0,0,0,1,0,0,1,1,1,0,1,1,0,0,0,0,0,0,1,1,0,1,0,0.596002
0,1,0,1,1,1,1,1,1,0,1,1,1,0,0,1,1,1,0,1,1,1,1,1,1,0,1,1,0,1,1,0,0.543895
0,1,0,1,0,1,1,1,1,0,1,0,1,1,1,0,1,1,0,0,1,0,0,1,0,1,1,0,0,1,1,0,0.576965
0,1,0,1,1,1,0,0,0,0,1,1,1,0,0,1,0,0,0,0,0,1,1,0,0,0,0,1,0,0,1,0,0.657739
0,1,1,0,0,1,0,0,0,0,1,1,0,0,0,1,1,1,0,0,1,1,0,1,1,1,1,0,1,1,1,0,0.624645
0,0,0,1,1,1,1,1,0,1,1,0,1,1,1,1,1,0,1,1,1,0,1,1,1,0,1,1,0,1,0,0,0.576839
1,0,0,0,1,1,1,1,0,0,0,1,0,1,0,1,1,0,0,0,0,0,0,0,1,0,1,1,0,0,0,0,0.606388
1,0,1,0,0,1,0,1,1,1,0,0,1,1,0,0,0,0,0,0,1,0,1,1,1,1,1,1,0,0,1,1,0.614234
1,1,0,1,1,1,1,1,1,0,0,1,1,0,1,1,0,0,0,0,1,1,0,1,1,0,0,1,0,0,0,1,0.573796
1,1,0,0,0,0,1,1,1,1,0,1,1,1,1,0,1,0,0,1,0,1,1,0,0,1,1,0,0,0,0,1,0.595675
1,0,0,1,0,0,1,0,1,0,0,1,0,1,1,1,0,0,1,1,0,0,0,1,0,1,1,0,0,0,1,0,0.670137
1,1,0,1,0,0,1,1,0,1,0,1,0,0,1,1,0,0,0,1,1,0,1,0,0,0,0,0,1,1,1,1,0.518496
0,1,0,0,0,0,1,0,0,1,1,1,0,1,0,0,1,0,1,0,0,1,1,1,1,0,1,1,1,1,1,1,0.602892
1,1,0,0,1,0,0,1,1,0,0,1,1,1,1,0,1,0,1,0,0,1,0,1,0,1,1,0,0,0,0,0,0.613253
1,1,1,1,0,0,1,0,1,1,0,1,1,1,0,1,0,1,1,0,1,1,0,0,1,1,1,1,0,1,1,0,0.543820
1,0,1,0,1,1,0,1,0,0,0,0,0,1,0,0,0,1,0,0,1,1,0,0,0,0,1,0,0,1,1,1,0.629121
1,1,1,1,0,0,0,0,0,0,1,1,0,1,0,0,1,0,1,0,0,1,1,0,1,0,1,0,1,1,0,0,0.652936
0,0,0,1,1,1,1,0,1,0,1,1,1,1,0,0,1,0,0,0,1,1,0,1,0,0,0,0,1,0,1,0,0.599246
0,1,1,0,0,0,1,1,1,0,1,1,0,1,0,0,1,0,0,1,1,0,0,0,0,1,0,0,1,1,0,0,0.617880
1,0,1,0,0,0,0,1,1,0,1,0,0,0,1,0,0,0,0,1,0,1,1,0,0,0,1,1,1,0,1,1,0.613303
0,1,1,0,1,1,1,0,0,0,0,1,0,0,1,0,0,1,1,1,1,0,0,0,0,0,1,1,0,0,0,1,0.620747
1,1,1,1,1,0,0,0,0,0,0,0,1,1,0,0,0,0,0,1,0,0,1,0,1,1,1,0,0,0,1,0,0.623413
1,1,1,0,0,1,0,1,1,1,1,0,1,0,0,0,0,0,0,1,1,0,1,0,0,0,1,0,1,1,1,1,0.588155
1,0,0,1,1,1,1,1,0,1,1,1,1,0,1,0,0,1,1,0,0,0,1,0,0,1,1,1,0,0,0,0,0.602741
1,0,0,0,0,0,1,0,1,0,1,0,1,0,1,1,0,1,0,1,1,0,0,0,0,1,1,0,1,1,1,1,0.579806
0,0,0,0,0,0,0,0,1,0,1,0,1,1,1,1,0,1,1,0,0,0,0,1,1,1,0,1,1,1,1,1,0.816245
1,0,0,1,0,1,1,1,1,0,1,0,1,1,1,1,1,0,1,1,1,0,0,1,0,1,0,1,1,0,1,0,0.559789
1,0,1,0,1,0,0,1,1,1,1,1,0,1,0,0,0,1,1,0,0,1,0,1,1,0,0,0,0,1,0,1,0.566478
0,0,0,1,0,1,1,1,1,1,1,0,1,1,0,0,1,1,1,1,0,0,1,0,1,0,1,1,0,1,1,1,0.554256
1,1,0,0,1,1,0,1,0,0,1,1,1,1,1,0,0,1,1,1,0,0,1,1,0,0,0,1,0,0,1,1,0.553954
1,0,0,0,1,0,1,0,1,0,1,1,1,0,1,0,0,1,1,1,0,0,0,0,1,1,1,1,0,1,0,0,0.591399
0,1,1,0,1,1,1,0,0,0,0,0,1,0,1,1,0,0,0,1,0,0,1,0,0,1,1,0,1,1,0,1,0.589036
0,0,1,0,0,1,0,0,1,0,0,0,0,1,1,0,1,1,0,0,1,1,1,0,0,0,0,0,1,1,0,1,0.622884
0,0,1,0,0,1,0,0,0,0,1,0,1,1,1,0,0,0,1,0,0,1,1,0,1,1,0,0,0,1,0,1,0.684823
1,0,0,0,1,0,0,0,1,0,0,1,1,0,0,1,0,1,1,1,0,0,1,0,0,1,1,1,0,1,0,0,0.631057
1,1,1,1,1,1,1,1,1,1,1,1,1,1,1,1,1,0,0,1,0,1,1,0,1,1,0,0,0,1,1,0,0.655250
0,0,0,0,0,1,1,1,1,1,1,0,0,0,0,0,0,1,1,0,1,0,1,0,0,0,1,1,0,1,0,0,0.699811
0,1,1,1,0,0,0,0,0,0,1,1,1,0,1,0,0,1,1,0,1,0,1,1,1,1,0,0,0,1,0,0,0.608098
1,1,1,1,1,1,1,1,0,1,1,1,1,1,0,0,0,1,0,1,1,0,1,1,1,1,1,1,0,0,1,1,0.496291
0,1,0,1,1,1,0,1,0,1,1,0,1,0,0,0,0,0,0,1,0,1,0,1,0,0,1,0,1,1,1,0,0.613278
1,1,1,1,0,0,0,1,1,1,0,0,0,1,1,1,1,1,1,1,0,1,1,0,1,0,0,0,0,0,0,1,0.589061
0,0,0,1,1,0,1,0,1,1,1,0,0,1,0,1,1,0,0,0,1,0,1,0,1,1,1,0,1,0,0,0,0.625827
1,0,0,1,1,0,0,1,1,1,0,0,1,1,0,1,0,0,1,0,0,0,1,0,0,0,1,1,0,0,0,1,0.628015
0,0,1,0,1,1,1,1,0,1,1,1,1,0,1,1,0,1,1,1,1,0,0,0,1,0,0,1,0,0,1,1,0.569722
0,0,1,1,1,1,0,1,1,0,0,0,1,1,1,1,1,1,0,0,0,1,1,0,0,1,0,1,0,1,1,1,0.535345
0,1,0,0,1,0,1,1,0,0,1,1,0,0,1,0,1,0,1,1,0,1,1,1,1,0,0,0,0,0,0,0,0.603068
1,0,1,0,1,1,0,0,0,0,1,0,0,1,0,1,0,1,1,1,1,0,0,0,1,1,0,1,1,0,1,0,0.605105
1,1,0,0,1,0,0,1,0,0,0,1,1,1,0,1,1,0,1,1,0,0,1,1,1,1,0,0,1,0,0,0,0.599522
1,0,1,0,1,0,0,1,1,1,1,1,1,1,1,0,0,0,1,1,1,1,0,1,0,0,0,0,1,0,0,1,0.570099
1,0,0,0,0,0,0,1,1,0,1,0,1,1,1,1,0,0,0,1,0,0,1,0,0,0,0,1,0,1,0,0,0.670514
0,0,1,0,1,1,1,1,0,1,1,1,1,1,1,1,1,1,1,1,1,1,1,0,0,1,1,1,0,1,0,0,0.591978
1,1,1,0,1,1,1,1,0,0,0,1,1,0,1,0,0,1,0,0,0,1,0,0,0,0,1,1,1,0,1,1,0.590268
1,1,1,0,0,1,0,1,0,1,0,1,1,0,1,1,1,1,0,1,0,0,1,1,0,0,0,0,1,0,0,1,0.582673
1,0,1,1,0,0,0,0,0,0,0,1,1,0,1,0,1,1,1,1,1,1,1,1,0,1,0,0,1,0,1,1,0.578147
0,1,1,0,1,1,0,0,0,1,1,0,0,1,0,0,1,0,0,1,1,1,1,1,1,1,0,1,1,1,0,1,0.550132
1,0,0,1,0,1,1,1,1,1,1,1,1,0,0,1,1,0,1,0,0,0,0,0,1,1,0,1,0,1,0,0,0.600704
1,1,0,0,1,1,1,0,0,0,1,0,1,1,0,1,0,0,1,1,1,0,1,1,1,1,0,1,1,0,0,1,0.549051
0,0,1,1,0,1,0,1,0,0,0,1,0,0,1,0,1,1,0,0,1,0,1,0,1,0,0,1,1,1,1,0,0.635106
0,0,1,1,0,1,0,0,1,0,1,0,1,0,0,1,1,1,0,0,0,1,0,1,1,0,0,1,1,1,1,1,0.577769
0,1,0,1,1,1,0,0,1,1,0,0,0,0,1,1,1,1,0,1,0,0,1,1,1,1,0,1,0,0,1,1,0.586596
1,1,1,1,1,0,0,1,0,1,0,1,0,0,0,1,0,1,1,0,1,0,0,1,0,0,0,0,1,0,0,1,0.605206
1,0,0,1,0,0,0,0,1,0,0,1,0,0,0,1,1,0,1,0,0,0,1,0,1,0,0,0,1,0,1,1,0.597611
1,1,1,1,0,0,1,1,1,1,0,1,1,1,1,1,0,0,0,0,1,0,0,0,0,1,1,0,1,1,0,1,0.583252
1,0,0,0,0,0,1,1,1,0,0,1,1,1,0,1,0,0,1,1,0,0,0,1,0,1,1,1,0,0,1,0,0.646347
1,1,1,1,0,0,1,0,0,0,1,0,0,1,1,0,1,0,0,1,1,0,0,0,0,1,0,0,1,1,0,0,0.625902
0,0,1,0,1,1,1,1,0,0,1,1,0,1,0,0,0,1,0,1,1,0,0,0,1,0,1,0,1,0,1,0,0.611819
1,0,1,0,1,0,0,1,0,1,0,1,1,1,0,1,0,1,1,0,1,1,1,0,0,0,1,0,1,1,1,0,0.559135
0,0,0,0,0,1,1,1,0,0,1,1,1,1,1,0,1,1,0,0,1,0,1,1,1,1,0,0,0,1,1,0,0.609632
0,0,0,1,1,1,1,1,1,0,1,0,1,0,1,1,0,0,0,0,0,0,1,0,0,1,0,0,0,1,1,0,0.605784
1,1,1,0,0,1,0,1,0,1,0,1,1,1,0,1,1,1,0,0,0,0,1,0,1,0,0,1,1,1,1,1,0.492468
1,1,1,0,1,1,1,0,1,1,0,0,1,0,1,1,0,0,1,1,1,1,0,0,1,0,1,1,1,0,0,0,0.594920
0,1,0,1,0,0,1,1,0,1,1,1,0,0,0,1,1,0,1,0,1,1,0,1,0,0,0,0,0,0,1,0,0.641217
0,1,0,1,0,1,1,0,0,1,1,1,0,0,0,1,1,0,1,1,1,1,1,0,1,0,1,0,0,0,1,1,0.609380
1,1,1,0,1,0,0,1,1,1,1,1,1,1,0,1,0,1,0,0,0,0,0,1,1,1,0,1,0,0,1,0,0.606337
1,0,0,0,1,0,1,1,0,0,0,0,1,1,1,0,1,1,1,1,1,0,0,1,0,1,1,1,0,1,0,1,0.572966
0,1,1,0,1,1,1,0,0,0,1,1,1,0,1,0,0,1,1,0,0,1,0,1,1,1,0,0,1,0,0,1,0.599170
0,1,0,0,0,0,0,0,0,1,1,1,0,0,0,1,1,1,1,1,0,1,0,0,1,0,1,1,0,1,1,0,0.640262
1,0,0,1,1,1,1,1,1,1,1,0,1,0,1,1,0,0,1,0,1,0,0,1,1,1,1,0,0,1,0,0,0.569571
0,0,1,0,0,0,0,0,1,1,1,1,1,1,1,1,0,0,1,0,0,0,1,0,1,0,1,0,1,0,1,1,0.627587
0,0,1,0,1,1,1,0,0,0,1,0,0,1,1,0,0,1,1,0,0,0,0,1,1,0,1,0,0,1,0,0,0.635584
0,1,1,1,1,1,0,1,1,0,1,1,0,1,1,0,0,1,1,0,1,1,0,0,1,1,0,1,1,0,0,0,0.602314
1,1,0,0,0,1,0,1,0,0,1,0,1,0,1,0,0,1,1,0,1,0,1,0,0,0,1,1,1,0,0,1,0.600956
1,0,0,0,0,0,1,1,0,1,1,1,0,1,0,1,1,1,1,0,1,0,0,0,1,0,0,1,1,1,1,1,0.579580
0,0,1,0,0,0,0,1,0,0,1,0,1,1,0,1,1,0,0,1,1,1,1,1,0,1,1,0,1,0,0,1,0.636892
0,0,0,1,0,0,0,0,0,1,0,1,1,0,1,0,1,0,1,0,0,0,1,0,0,0,0,1,1,1,1,1,0.690079
1,0,0,1,1,0,1,0,0,0,0,0,0,0,0,1,1,0,1,1,0,0,0,0,1,1,0,0,0,0,1,1,0.612876
0,1,0,0,1,0,0,1,1,0,0,1,1,0,0,0,1,1,1,1,0,0,0,0,1,1,1,0,0,1,1,1,0.610210
1,0,0,0,1,1,1,1,1,0,0,0,1,1,1,1,0,0,0,0,0,0,1,1,1,0,0,0,1,1,1,0,0.511555
1,0,1,1,1,0,1,0,1,0,1,0,0,1,0,1,1,1,0,0,1,1,1,1,0,0,0,0,0,1,1,0,0.557576
1,0,0,1,0,0,1,0,1,1,0,1,0,1,0,0,0,1,1,1,1,1,1,1,0,1,0,1,0,0,0,0,0.618811
1,0,1,0,0,0,1,1,1,1,0,0,0,1,0,1,0,0,0,1,1,0,1,1,1,0,0,1,1,0,1,1,0.584434
0,1,0,0,1,1,1,1,1,1,1,0,0,0,0,0,1,0,1,1,0,1,1,0,0,1,0,0,1,1,1,1,0.583050
0,0,0,1,0,0,1,0,0,0,0,1,0,1,1,1,1,1,1,1,0,1,0,0,1,1,1,1,1,0,1,1,0.637420
1,1,1,0,1,1,1,0,1,1,1,1,0,0,0,0,0,0,0,1,1,1,0,0,1,1,0,0,1,0,0,0,0.654369
1,0,1,0,1,0,1,1,1,0,0,1,1,0,1,1,0,1,1,0,1,0,1,1,1,1,1,0,1,0,0,0,0.547014
1,1,1,1,1,0,1,0,0,0,0,1,0,1,1,0,1,0,0,0,1,1,1,0,1,1,1,1,0,1,0,1,0.592632
0,1,0,0,1,1,1,0,0,0,1,1,0,0,1,1,0,1,0,0,1,0,1,1,1,1,0,1,1,0,0,0,0.583025
1,1,1,1,1,0,0,0,0,1,0,1,0,0,0,0,1,1,0,1,1,1,0,1,1,0,1,0,1,1,0,0,0.603546
0,1,0,1,1,1,0,0,1,0,0,1,1,1,0,1,0,1,0,0,0,1,1,1,1,0,0,0,0,1,0,0,0.599899
0,1,0,0,0,0,1,0,1,1,0,1,1,1,0,0,0,0,1,0,0,0,0,0,1,0,1,1,0,0,0,0,0.640312
0,1,0,1,1,0,1,0,0,0,0,0,0,0,1,1,0,1,1,0,0,0,0,1,0,0,1,1,1,0,1,0,0.667522
0,0,1,0,1,1,0,1,0,0,0,0,1,1,0,0,1,1,1,0,1,1,1,1,0,1,1,1,0,1,1,0,0.564416
0,1,1,0,0,0,1,1,1,0,0,0,1,0,1,0,0,1,0,1,0,0,0,0,0,1,0,1,1,0,0,1,0.647504
1,0,0,1,0,0,0,1,1,0,0,1,1,0,1,0,1,1,0,0,1,1,0,1,0,0,1,1,0,0,0,1,0.606388
1,1,1,1,0,0,1,0,0,0,0,0,0,0,0,0,0,0,0,0,1,1,0,0,0,1,1,1,1,0,0,1,0.650346
0,0,0,1,0,0,1,0,1,1,1,0,0,0,1,0,0,0,0,0,1,0,1,0,0,0,1,1,0,0,1,1,0.735169
0,0,0,0,0,0,1,1,0,0,1,1,0,0,1,1,1,1,0,0,1,0,1,0,0,1,0,0,0,1,0,0,0.698780
1,0,0,0,0,1,1,0,1,0,1,1,0,1,1,0,1,1,0,0,0,0,0,1,0,0,1,1,1,1,1,0,0.606714
1,0,0,1,1,0,0,0,1,1,0,1,1,1,1,1,1,0,0,0,0,1,0,0,0,0,0,0,0,1,1,1,0.631183
1,0,1,0,1,0,0,0,1,0,1,1,1,0,1,1,0,1,0,1,1,1,1,0,1,1,0,0,1,0,0,1,0.587200
1,1,1,0,0,1,0,1,1,0,1,1,0,1,1,0,1,1,0,1,1,1,0,0,0,0,0,1,0,0,0,1,0.593537
0,0,0,1,0,1,1,1,1,0,0,1,1,1,1,1,0,0,1,1,1,1,0,1,0,1,0,0,0,0,0,1,0.647303
0,1,1,0,0,0,0,0,0,1,1,0,1,0,1,1,1,1,0,1,0,1,1,1,1,1,0,1,0,0,1,0,0.592933
1,1,1,0,1,1,1,1,1,1,0,0,0,0,1,0,0,0,1,1,1,1,0,1,0,1,1,1,0,0,0,1,0.578222
1,0,1,0,0,0,1,0,0,0,1,0,0,0,0,0,1,1,1,1,1,0,1,1,0,0,0,1,0,1,0,0,0.653112
1,1,1,1,0,1,1,0,0,1,0,1,0,0,1,0,1,1,0,1,1,1,0,0,1,0,1,0,0,0,0,1,0.594191
1,1,0,0,1,0,0,1,1,1,1,0,0,0,1,1,1,0,0,1,1,1,1,1,1,0,1,0,1,0,0,1,0.571935
1,1,0,1,0,0,0,0,1,1,0,0,1,1,0,0,0,0,0,1,1,1,1,1,0,0,0,0,0,0,1,0,0.610864
1,0,1,1,1,1,0,1,0,1,1,1,1,1,1,0,0,0,0,0,1,0,0,0,1,1,1,0,1,1,1,1,0.564743
1,1,0,0,0,1,1,0,1,1,0,0,1,1,0,1,1,1,0,1,1,0,0,0,0,1,1,1,0,1,1,0,0.576286
0,0,1,0,0,0,0,1,0,1,0,0,1,1,1,1,1,1,1,0,0,0,1,0,0,1,0,1,1,0,1,0,0.612348
1,1,1,1,1,1,1,1,1,1,0,0,0,0,1,0,0,1,0,0,0,1,0,1,1,1,0,0,0,0,1,0,0.627109
0,1,1,1,0,1,0,0,0,1,0,0,1,1,0,1,1,0,0,1,0,0,0,1,0,1,1,1,0,1,1,0,0.583050
0,1,0,1,1,1,0,0,0,1,1,0,0,1,1,1,0,0,1,1,0,1,0,1,1,0,0,0,0,1,0,1,0.592908
1,0,0,0,1,1,0,1,0,0,0,1,0,0,1,0,1,0,0,1,0,1,1,1,0,0,0,1,1,0,0,1,0.602590
0,0,0,0,1,1,1,0,0,1,1,1,1,1,0,1,0,1,1,0,1,1,1,1,0,1,1,1,0,1,0,1,0.663498
0,1,1,1,0,1,1,1,0,0,1,0,1,0,0,0,0,1,0,1,0,1,0,1,0,0,1,0,1,1,0,1,0.607393
1,0,1,0,1,0,1,1,0,1,0,1,0,0,1,0,0,0,1,0,0,0,1,1,1,1,0,0,1,1,0,0,0.617100
1,0,1,0,0,1,0,1,0,0,0,1,1,1,1,0,0,0,1,1,1,1,1,0,1,0,1,0,1,1,1,1,0.560493
0,1,0,1,0,0,0,0,0,0,0,0,1,1,0,0,1,0,0,1,1,0,1,1,1,0,1,1,1,1,1,0,0.652735
1,1,1,0,0,0,1,1,1,0,0,0,1,0,1,0,1,0,1,0,0,0,1,0,1,0,1,1,1,0,1,1,0.599246
1,0,1,0,0,1,0,0,0,0,1,0,0,0,1,1,0,0,0,1,1,0,0,1,0,0,0,0,0,1,1,1,0.642047
0,1,1,0,0,1,0,1,1,0,1,1,0,0,0,1,1,0,0,0,1,0,0,0,0,1,0,1,0,1,1,0,0.620068
1,1,0,1,1,1,1,0,1,0,0,1,1,1,0,0,0,1,1,1,1,1,0,0,1,0,0,0,0,0,1,0,0.639633
0,0,1,1,1,1,0,1,1,1,0,0,0,1,0,1,0,0,0,1,1,0,0,1,1,0,0,1,1,0,1,0,0.623362
1,0,1,0,1,0,1,0,0,0,1,0,0,0,0,0,0,1,1,0,0,1,1,1,0,1,0,0,0,0,0,1,0.633195
0,1,0,1,1,0,1,1,1,0,1,0,0,1,0,1,0,0,1,0,0,0,0,0,0,1,1,0,0,0,1,0,0.631837
1,1,0,1,1,0,0,0,1,0,1,1,0,0,1,0,0,0,0,1,1,1,1,0,1,0,0,0,1,0,1,0,0.610562
1,0,0,1,0,0,0,1,0,0,0,1,1,1,1,0,0,1,1,1,1,1,1,0,0,1,0,1,0,0,0,0,0.622532
0,1,0,1,1,1,0,1,1,1,1,0,0,0,1,0,0,1,0,0,0,1,0,0,0,0,0,1,1,0,0,1,0.632944
0,0,0,0,0,1,1,0,0,1,0,0,1,1,1,0,1,0,1,1,1,1,1,0,1,1,1,0,0,0,0,0,0.699736
1,1,0,0,1,0,1,0,0,1,1,1,1,0,0,1,0,0,0,1,1,0,0,1,1,1,1,1,0,1,1,1,0.528203
0,0,0,0,1,0,1,1,1,0,0,0,0,1,0,1,0,0,1,0,0,0,0,0,1,1,1,1,1,1,0,0,0.746008
1,0,1,1,1,0,1,1,0,0,1,0,1,0,0,0,0,0,0,0,0,0,1,0,1,0,1,0,1,0,1,1,0.602389
1,1,1,1,0,0,1,1,1,0,0,0,1,1,0,1,1,1,0,1,1,0,0,1,0,0,1,0,0,0,1,0,0.590167
1,1,0,1,1,1,1,0,1,1,1,1,1,0,1,0,0,0,1,0,1,0,0,0,1,1,1,1,1,1,0,1,0.567459
1,0,1,0,1,0,0,0,0,1,1,0,1,0,0,0,0,0,1,1,1,1,0,1,1,1,1,0,0,0,1,0,0.623689
1,1,1,0,1,1,1,0,0,1,1,0,0,1,0,1,0,1,1,0,0,1,1,1,0,1,0,1,1,1,1,0,0.561122
0,0,0,1,1,0,0,1,1,0,1,0,1,0,0,1,1,1,1,1,0,0,1,0,1,0,1,1,1,0,0,1,0.614284
1,1,0,0,1,1,1,0,0,1,1,1,0,0,0,1,0,1,1,1,0,1,1,0,0,1,0,0,1,0,1,1,0.555287
0,0,0,0,0,0,1,1,0,1,1,1,0,0,0,1,1,0,1,0,0,0,0,0,1,0,1,1,1,0,0,1,0.679920
1,0,1,0,1,1,1,1,0,1,0,1,0,0,0,0,0,0,1,1,0,1,1,1,0,0,0,0,1,1,1,0,0.601559
0,1,1,1,0,1,1,0,1,1,1,1,1,1,1,0,1,0,0,0,1,1,0,0,0,1,0,0,0,1,0,1,0.587225
1,0,1,0,0,1,0,0,1,0,0,1,0,0,1,1,1,1,1,0,1,0,1,1,1,0,0,0,1,0,1,1,0.547089
0,1,0,1,0,0,0,1,1,1,0,0,1,0,1,0,1,0,1,0,0,0,1,0,0,0,1,1,0,0,1,0,0.635685
0,0,0,1,1,1,1,1,1,0,1,1,1,1,0,0,0,0,0,0,1,1,0,0,1,1,0,0,0,1,0,1,0.613303
0,0,0,1,1,0,1,0,0,1,1,0,1,1,1,0,0,1,1,1,0,1,1,1,1,1,1,1,1,1,0,1,0.588105
1,1,0,1,1,1,0,1,0,0,1,1,0,0,1,1,1,1,1,0,1,0,0,0,0,0,0,1,1,1,0,0,0.606211
1,1,1,0,1,1,0,1,1,0,0,1,0,1,1,0,1,1,0,0,1,0,1,0,0,0,1,0,1,0,1,0,0.609003
0,0,1,0,1,1,1,0,1,1,1,1,1,1,1,1,0,0,0,1,1,1,0,0,1,0,1,1,0,1,1,1,0.579329
1,1,0,0,0,1,1,0,1,0,0,0,1,0,0,1,1,1,0,1,1,0,0,0,0,1,1,1,0,0,1,0,0.606010
1,1,0,0,1,1,1,0,1,0,1,0,0,1,0,1,1,0,0,0,1,1,1,0,0,1,1,1,0,0,0,1,0.595021
1,1,0,1,0,0,0,0,0,0,1,1,1,0,0,0,0,0,0,1,0,1,1,1,0,1,1,0,1,0,1,1,0.612297
1,1,0,1,1,1,0,1,1,1,0,1,0,1,0,1,1,1,1,1,1,1,1,1,1,1,0,0,0,0,1,1,0.483516
1,1,1,1,0,0,1,0,0,0,0,0,0,0,0,0,0,0,1,0,0,1,0,1,0,1,0,0,0,1,1,1,0.663775
1,1,1,1,0,0,0,1,1,1,0,1,1,0,1,1,1,1,0,0,0,0,0,1,0,0,0,1,0,1,0,1,0.565698
0,0,0,0,0,0,1,0,1,1,1,1,1,1,1,0,0,0,0,1,1,0,1,0,0,1,0,1,0,0,1,1,0.784685
1,1,1,1,1,0,1,1,0,1,0,1,1,1,1,1,0,0,1,0,1,0,0,0,0,1,1,1,1,1,1,0,0.535672
1,1,0,0,0,0,1,1,1,1,0,1,1,1,0,1,0,1,1,1,0,0,1,1,0,0,0,1,1,1,1,1,0.508890
0,0,0,1,0,1,1,1,0,0,1,0,1,1,1,0,0,0,0,1,0,1,1,0,1,1,0,1,0,1,1,1,0.624016
0,1,1,1,0,0,1,0,0,0,1,0,0,1,0,1,0,0,0,0,0,1,0,1,1,0,0,0,1,1,0,0,0.646875
0,0,0,1,1,1,1,1,1,0,1,0,1,1,0,0,1,1,0,0,0,1,0,0,0,1,1,0,0,1,0,1,0.609280
0,0,1,1,0,1,1,1,0,0,0,1,1,0,1,0,0,0,0,0,1,1,0,1,1,0,0,1,1,1,1,1,0.615340
0,0,0,0,1,1,1,0,0,0,0,0,1,1,1,0,1,0,0,0,0,0,1,0,1,1,0,1,1,1,1,0,0.678134
0,1,1,0,0,1,1,1,1,1,1,0,0,0,1,1,0,1,0,1,0,0,0,1,1,1,0,1,1,0,1,1,0.527449
1,0,1,0,0,1,0,1,0,1,0,0,0,0,0,1,1,1,0,0,1,1,0,1,1,1,0,0,1,0,1,1,0.574777
0,1,1,1,0,0,1,1,1,0,0,0,0,0,0,0,0,0,1,1,1,0,1,0,1,0,1,0,0,0,1,1,0.632969
1,0,1,0,0,1,0,0,1,1,0,1,0,1,1,1,0,0,1,1,0,1,0,0,1,0,1,0,1,1,0,0,0.592355
1,1,0,0,0,1,0,0,0,1,0,1,0,0,0,1,0,0,1,1,0,0,0,1,1,0,0,0,0,0,1,1,0.629423
1,1,1,1,0,0,1,0,0,1,1,0,1,1,1,0,0,0,0,0,1,0,1,1,1,0,1,0,0,1,0,1,0.577694
0,1,1,1,0,1,1,0,1,0,0,1,0,0,0,1,1,0,1,0,1,1,1,1,0,1,1,0,1,0,0,0,0.591601
1,1,0,0,0,0,1,1,1,1,1,1,1,1,1,1,1,0,0,1,1,0,1,1,0,0,0,1,1,1,1,1,0.463146
0,0,1,1,1,1,1,1,0,1,1,0,1,1,1,0,0,0,1,0,0,1,0,0,1,1,1,1,0,0,1,0,0.595348
0,0,1,1,1,0,0,1,1,0,1,0,1,1,0,0,1,1,1,0,0,0,1,1,1,0,0,1,1,0,0,1,0.600101
1,0,1,1,1,0,0,0,0,0,1,0,0,1,1,0,1,0,1,1,1,1,0,1,0,1,0,0,0,0,0,0,0.608299
1,0,0,0,1,1,0,1,0,0,0,1,0,1,1,1,1,0,1,1,0,0,0,0,1,0,1,0,0,1,0,1,0.621401
1,0,0,0,1,1,0,0,0,0,0,0,1,0,1,1,0,0,1,1,1,1,1,0,0,0,0,0,0,1,1,0,0.587074
1,0,1,1,0,0,0,0,0,0,0,1,0,1,1,1,1,1,0,1,1,1,0,1,1,0,0,0,1,0,1,1,0.566277
1,1,0,0,0,1,0,0,1,1,0,0,0,1,0,1,0,1,0,1,0,0,0,1,1,0,0,1,0,1,1,1,0.633145
0,0,1,1,0,0,1,0,1,0,1,0,0,0,1,1,1,1,0,0,0,0,0,1,1,1,1,1,1,0,0,0,0.627889
1,1,1,1,0,1,0,1,1,1,1,1,0,1,1,0,1,1,0,1,1,1,1,1,0,1,0,0,0,0,0,1,0.575355
0,0,1,0,0,1,1,1,1,1,0,1,0,1,0,1,1,1,0,1,0,1,0,0,0,1,0,1,0,1,0,0,0.597108
1,1,0,0,0,1,0,0,1,0,1,1,1,1,1,1,0,1,0,1,1,1,1,0,0,0,1,1,1,1,1,0,0.548925
0,0,1,0,0,0,0,0,0,1,1,1,0,1,1,1,1,0,1,1,1,1,1,0,0,1,0,1,0,1,1,0,0.595297
0,1,1,0,0,1,1,1,1,1,1,1,1,0,1,1,0,1,1,1,1,1,1,0,1,1,0,0,1,1,1,1,0.462216
1,1,0,0,0,1,0,0,0,1,0,0,0,1,1,0,1,1,1,1,1,1,1,0,1,0,0,1,1,1,0,0,0.581692
0,0,0,1,0,0,1,0,1,1,1,0,0,0,1,0,0,1,1,0,1,0,1,0,1,1,1,0,0,0,0,0,0.671897
0,1,0,0,0,1,0,1,1,1,0,1,1,0,1,1,0,1,1,0,0,1,0,0,1,1,0,1,0,1,0,0,0.599925
0,0,1,1,1,0,1,0,0,0,0,1,1,1,0,1,0,0,1,0,1,1,0,1,1,1,1,1,0,0,0,0,0.592078
0,1,0,0,1,0,1,0,0,1,1,0,1,1,1,1,0,0,1,1,1,0,1,1,1,1,0,1,0,1,1,1,0.539997
1,1,0,1,0,1,0,0,0,0,0,1,0,1,1,0,1,0,1,0,1,1,1,0,1,1,0,1,1,0,0,0,0.601006
0,0,0,0,0,1,0,0,1,0,1,0,1,0,1,1,0,1,0,1,1,0,1,1,0,0,0,0,1,0,1,1,0.729536
1,0,1,1,1,1,1,1,1,1,1,1,0,0,1,1,0,0,1,0,1,0,1,1,1,0,1,0,1,0,1,1,0.510952
1,0,1,0,0,1,0,0,0,1,1,1,0,0,1,0,1,0,0,0,1,1,0,0,1,1,1,0,0,1,1,1,0.603772
0,0,0,0,0,0,0,1,0,1,0,1,1,0,0,0,1,0,1,0,1,0,0,0,1,1,0,0,1,1,1,0,0.705294
1,1,1,1,1,1,1,0,0,1,1,0,0,0,1,0,0,1,1,0,0,0,0,1,0,0,1,1,0,1,1,0,0.603722
1,1,1,1,1,0,1,1,0,0,1,0,1,0,1,0,0,1,0,0,0,1,1,1,0,0,1,1,1,1,1,1,0.528203
0,1,1,1,1,1,1,1,0,0,0,1,0,1,1,0,1,0,0,0,1,1,0,0,0,1,1,1,0,0,1,0,0.572011
1,0,0,0,1,1,0,1,1,0,1,1,0,0,1,0,1,1,0,0,1,1,1,0,0,0,1,0,1,1,1,1,0.562605
1,0,1,0,0,1,1,0,0,1,0,0,0,0,0,1,1,0,0,1,1,0,1,0,1,0,0,0,0,1,0,1,0.624871
1,1,1,0,0,0,0,0,1,0,0,1,1,1,1,1,1,1,1,1,0,1,1,1,1,0,0,1,0,1,0,0,0.592053
1,0,0,0,1,0,1,1,1,1,0,1,1,1,1,1,1,1,0,0,0,1,1,1,0,0,1,0,1,1,0,1,0.488746
0,0,0,1,0,1,1,1,1,1,0,0,0,0,0,1,1,0,0,1,0,1,1,1,0,1,0,0,0,0,0,1,0.639230
0,0,1,1,1,1,1,1,0,1,0,0,1,1,0,1,1,1,0,0,1,0,0,0,1,0,0,0,0,1,1,0,0.601283
1,1,0,1,0,0,0,1,0,0,0,0,1,1,1,0,0,1,1,0,1,0,1,1,0,0,0,0,1,0,0,1,0.634151
1,0,1,1,1,0,0,1,0,1,0,0,1,0,0,1,0,1,0,0,1,0,1,0,1,1,0,1,1,0,0,0,0.594291
0,0,1,1,0,1,1,0,1,0,1,0,0,0,0,1,1,1,1,1,1,1,0,1,1,0,1,0,1,0,0,0,0.617578
1,0,1,1,1,0,0,1,1,1,1,0,0,0,0,0,1,0,1,0,1,1,0,1,1,0,1,0,0,1,1,1,0.549654
1,0,0,1,1,1,0,1,0,0,0,1,1,1,0,0,0,1,1,0,1,1,1,1,1,1,0,1,1,0,0,0,0.582095
1,0,0,0,0,1,1,0,1,0,1,1,1,1,1,1,0,0,1,0,1,0,0,1,0,1,0,0,0,0,0,1,0.628492
1,1,1,0,0,1,0,0,0,0,0,0,1,0,0,0,1,0,0,1,1,0,0,1,0,0,0,0,0,1,1,0,0.638753
1,1,1,1,1,1,1,0,1,0,1,0,0,0,1,1,0,0,1,0,0,1,0,0,0,1,1,0,1,0,1,0,0.598491
1,1,1,1,1,0,1,0,1,1,1,0,0,1,0,0,0,0,1,0,1,1,1,1,1,0,1,0,0,0,0,1,0.594342
0,1,1,1,0,1,1,0,0,0,1,0,0,0,0,1,1,1,0,0,1,1,0,0,1,0,0,1,0,1,1,0,0.618861
0,0,1,1,0,0,1,1,1,1,0,0,1,0,1,1,1,1,0,0,1,0,1,0,1,0,0,0,0,0,0,1,0.596907
1,0,0,1,0,1,1,0,1,0,1,0,0,0,0,0,0,1,1,0,1,0,1,1,1,0,0,0,1,0,0,0,0.624368
1,0,0,1,1,0,1,0,0,0,0,0,0,0,0,0,1,1,0,0,0,0,1,1,1,0,1,1,1,1,1,1,0.620319
0,0,0,1,0,1,0,0,0,0,0,0,1,1,1,0,1,0,0,1,0,0,0,1,1,1,0,0,0,0,1,1,0.705897
0,0,0,1,0,0,0,0,1,0,0,1,0,1,1,0,0,1,1,1,0,1,0,1,0,1,0,0,0,0,0,1,0.721363
0,1,0,0,0,1,0,0,0,1,0,1,1,0,1,0,0,0,1,1,1,1,0,1,0,1,1,0,0,0,0,1,0.649793
1,0,1,1,1,1,1,0,0,1,0,1,0,0,0,0,0,1,1,0,1,1,1,0,0,0,1,0,1,1,1,1,0.593612
0,1,0,0,1,0,1,0,0,0,1,0,0,0,1,0,0,1,1,0,1,0,1,0,1,0,0,0,0,1,1,0,0.618987
1,0,1,1,1,0,0,1,1,1,1,0,1,0,1,1,1,0,0,1,1,0,1,0,1,1,1,1,1,1,1,0,0.539872
0,0,0,1,1,1,0,1,1,0,1,1,1,0,0,0,0,0,1,1,0,0,1,1,1,1,1,1,1,0,0,0,0.591601
1,0,1,1,0,1,0,1,1,0,1,0,1,1,0,1,0,0,1,1,0,0,1,0,0,0,1,1,0,1,1,1,0.560166
1,0,0,0,0,0,0,1,1,1,0,0,0,1,1,1,0,0,0,1,1,1,0,1,0,1,1,0,0,1,1,0,0.649616
1,1,0,0,1,0,1,0,1,1,0,0,1,0,0,1,1,1,1,1,0,1,1,0,1,0,1,1,1,0,1,1,0.549780
1,1,0,0,0,0,1,1,0,0,1,0,0,1,0,1,1,1,0,1,0,1,1,1,0,0,1,0,1,1,1,1,0.534817
1,0,0,0,1,0,0,1,1,1,0,0,1,1,0,0,0,0,0,0,1,1,0,0,0,0,0,0,1,1,1,0,0.675368
1,0,0,1,1,0,0,1,0,0,1,1,1,0,1,1,0,0,0,0,0,0,0,0,0,1,1,0,1,0,1,0,0.617478
1,1,0,0,0,0,1,0,0,0,1,1,1,1,0,0,0,0,1,0,0,1,1,0,1,1,1,0,0,0,0,1,0.641443
1,1,0,1,1,1,0,1,0,0,0,1,1,1,0,1,1,0,0,1,0,1,1,1,0,1,1,0,1,0,1,0,0.566805
1,1,0,1,1,1,1,1,1,0,0,1,1,1,0,0,0,0,1,1,1,0,1,1,0,0,1,1,1,0,1,1,0.503357
1,1,0,0,0,1,1,1,1,0,0,0,0,1,0,0,0,0,1,1,0,1,1,0,0,1,0,0,1,0,1,1,0.615692
1,1,0,0,1,1,0,1,0,0,0,1,0,1,1,0,1,1,0,0,1,0,1,0,0,0,0,0,0,0,1,0,0.621904
1,0,0,1,1,0,1,1,1,1,0,1,1,1,0,0,0,0,0,1,0,0,1,0,0,0,1,0,1,0,1,0,0.602389
1,1,0,0,0,1,1,1,0,0,1,1,1,0,1,0,1,0,1,0,0,1,1,0,0,0,0,0,1,0,1,0,0.621577
0,0,1,0,1,0,1,1,0,1,0,1,0,0,0,1,0,1,1,1,0,1,1,1,1,1,0,1,1,1,0,0,0.585087
0,0,1,0,1,0,1,0,0,0,1,0,0,1,1,0,1,0,1,0,0,1,1,1,0,1,1,0,0,1,1,0,0.591022
1,0,1,0,1,0,1,1,0,1,1,0,1,0,1,1,0,0,1,0,1,1,1,0,0,1,1,0,1,1,0,0,0.559160
1,0,0,1,0,0,1,0,1,0,1,1,0,0,0,1,1,0,0,0,0,1,1,0,0,1,0,1,1,0,0,0,0.626631
1,1,0,1,1,0,1,0,1,0,0,0,1,0,1,1,0,1,1,1,1,1,1,0,1,0,1,0,0,0,0,0,0.601635
0,0,0,0,0,1,0,1,1,0,1,0,1,0,0,0,1,1,0,0,1,0,0,0,0,1,0,0,0,1,1,0,0.682082
0,0,0,0,1,1,0,0,0,0,0,0,0,0,1,1,0,1,1,0,0,0,0,1,1,1,0,0,0,1,0,1,0.665661
1,1,1,0,0,1,0,1,1,1,1,1,0,0,1,0,0,1,0,0,0,0,1,1,1,1,0,0,1,0,0,0,0.619490
1,1,1,1,0,0,1,1,1,1,1,0,1,1,0,0,1,1,0,0,1,0,0,0,0,1,1,1,1,1,1,0,0.585792
0,0,0,0,1,1,0,0,1,1,0,0,0,0,1,0,0,1,1,0,1,0,1,0,1,0,1,0,1,1,0,1,0.708789
0,1,1,1,0,0,0,1,0,1,1,1,0,0,1,0,1,0,0,1,0,0,0,1,1,1,1,0,0,0,1,0,0.602213
1,1,1,1,0,0,0,0,1,0,1,0,0,1,0,0,0,0,1,0,0,0,1,1,1,0,1,1,0,1,0,1,0.617100
0,0,1,1,0,1,1,1,0,1,1,0,1,0,1,1,0,0,1,0,0,1,1,1,0,1,0,1,1,1,0,0,0.593411
1,0,0,0,1,0,0,1,0,1,0,1,1,0,1,0,1,1,1,1,1,1,0,0,0,0,1,0,1,0,0,0,0.617478
0,1,0,1,1,0,1,0,1,0,0,1,1,0,1,0,1,0,1,1,1,0,0,0,1,1,1,0,0,1,1,0,0.606388
0,0,0,1,1,1,1,0,0,1,1,1,1,1,1,0,0,0,1,0,0,1,0,1,1,1,1,1,1,1,1,1,0.554810
0,1,1,0,1,0,1,0,0,0,1,0,0,0,0,0,1,1,0,0,1,1,0,1,0,0,0,1,0,1,1,0,0.622960
1,0,0,0,0,0,1,0,1,0,1,0,1,1,0,0,0,1,1,1,0,1,1,1,0,1,0,1,0,0,1,1,0.604451
1,1,0,1,0,1,0,1,1,1,1,0,0,1,0,1,1,1,1,0,0,1,1,0,1,0,1,1,1,0,0,0,0.590720
0,1,1,0,1,0,1,0,1,1,0,0,0,1,0,0,1,0,1,1,1,0,0,1,1,0,1,0,1,0,0,0,0.626330
0,0,1,1,0,0,1,1,1,0,0,1,0,0,1,0,1,1,1,1,1,0,1,1,1,1,1,1,0,0,0,0,0.558833
1,1,1,0,0,1,0,1,1,0,1,0,0,0,1,0,0,0,0,0,1,0,0,1,1,0,1,1,0,1,1,0,0.598064
1,1,0,0,0,0,0,0,1,1,0,0,1,0,1,0,0,1,1,1,1,1,0,1,1,0,0,1,0,0,1,0,0.608802
0,0,1,1,1,1,1,1,1,0,0,0,1,0,1,0,0,1,1,1,1,1,1,1,0,0,0,0,0,1,1,0,0.589161
1,0,0,0,0,0,1,0,0,0,1,0,0,1,1,1,1,0,0,1,1,1,1,1,1,0,1,1,0,0,0,0,0.637571
0,1,1,0,0,0,0,0,0,1,0,1,0,0,1,1,1,0,0,0,1,0,0,1,0,0,0,0,0,0,0,1,0.662140
0,1,0,1,0,0,0,0,1,0,0,0,1,1,0,0,1,0,0,0,0,1,0,1,1,0,0,1,0,1,1,1,0.640412
1,1,1,1,1,1,0,1,0,1,1,1,0,1,0,1,1,0,1,1,0,0,1,0,0,1,1,0,0,0,0,1,0.561826
1,0,0,1,0,0,1,1,1,1,1,1,0,1,1,1,1,0,0,1,1,1,1,1,1,0,0,1,0,1,1,1,0.488998
1,0,1,1,1,0,0,1,1,1,0,1,1,0,0,1,1,0,1,1,1,1,0,0,1,0,0,0,0,1,1,1,0.550987
0,0,0,0,1,1,1,0,1,0,0,1,0,0,0,1,1,0,0,0,0,0,0,0,1,1,1,0,1,0,0,1,0.649541
0,1,0,1,0,0,1,1,1,1,1,1,0,0,0,1,1,1,1,1,1,1,1,0,0,1,0,1,0,0,0,0,0.586395
0,1,1,0,1,1,0,1,0,1,0,1,1,1,0,0,0,1,0,0,1,1,0,1,1,0,0,0,1,1,1,0,0.566880
1,1,0,1,1,0,0,0,0,1,1,0,1,0,1,1,0,1,1,1,0,0,0,1,0,1,0,1,1,0,1,1,0.541104
1,0,0,0,0,1,0,1,1,0,0,0,0,1,0,0,0,0,0,0,1,0,1,0,0,0,1,1,1,1,1,0,0.634201
1,0,0,0,1,1,1,0,0,1,0,0,1,1,1,0,0,1,0,1,1,0,0,1,0,0,1,1,1,0,1,1,0.585465
0,1,1,0,1,0,0,1,1,1,1,0,1,1,0,1,1,1,1,0,1,0,0,0,0,0,0,0,1,0,1,1,0.565472
0,1,0,0,0,0,1,0,1,0,0,1,0,0,0,0,1,0,1,0,1,1,0,0,0,0,0,1,1,1,1,0,0.650547
1,1,1,0,0,0,1,1,1,1,0,0,0,1,1,1,1,1,1,1,1,0,1,1,0,1,0,1,1,1,1,1,0.435307
1,1,1,0,0,0,1,0,0,0,0,0,0,0,1,1,1,0,1,1,0,1,1,1,0,0,1,1,1,0,0,0,0.635861
0,0,1,0,1,1,0,0,0,0,0,1,0,1,0,0,1,0,1,0,0,0,0,1,0,1,1,1,1,1,1,1,0.663624
0,1,0,1,1,0,1,1,0,1,1,0,1,1,0,1,0,1,1,1,0,1,1,1,1,0,0,1,1,0,0,0,0.575104
0,1,1,1,1,1,1,1,1,1,1,1,1,0,1,0,1,1,0,0,1,1,0,1,1,1,0,1,1,0,1,0,0.570552
1,0,1,0,0,0,0,1,0,1,0,0,1,1,1,1,0,1,0,1,0,1,1,1,0,1,0,1,0,1,1,0,0.589363
0,0,0,1,0,0,1,1,0,1,0,1,1,0,1,1,1,0,0,0,0,1,1,0,1,1,1,1,1,0,0,0,0.629171
1,0,0,1,1,1,0,0,0,0,0,0,0,0,0,0,0,1,1,1,0,0,0,1,1,1,1,1,0,1,0,0,0.619842
1,1,0,1,0,1,0,1,1,0,1,1,0,1,0,1,0,1,0,0,0,1,1,0,0,0,0,1,0,1,1,0,0.612096
0,1,1,0,0,0,0,0,1,0,1,0,1,0,0,1,1,1,0,1,0,0,0,0,0,1,1,0,0,1,1,1,0.633673
1,1,1,1,0,0,0,0,0,1,0,1,1,1,0,1,1,0,1,1,1,1,0,0,1,1,0,1,0,0,1,1,0.566503
0,0,1,0,0,0,0,0,1,0,1,1,1,0,0,0,1,0,1,0,0,0,1,0,1,0,0,0,1,0,1,0,0.629498
1,0,1,0,1,0,1,1,0,0,1,0,1,1,0,1,1,1,0,0,1,1,0,1,0,0,0,1,0,0,0,0,0.601308
0,1,0,0,0,1,0,1,1,1,0,0,1,0,1,0,0,1,1,0,0,1,0,1,0,1,0,0,1,1,1,1,0.580033
1,0,0,1,1,1,0,0,1,0,1,0,1,1,0,1,1,1,1,0,1,0,1,0,0,1,0,0,1,1,0,0,0.589111
0,1,0,1,1,1,1,0,0,0,1,0,1,0,1,0,0,1,0,1,0,0,0,0,0,0,0,0,0,0,0,1,0.645568
0,0,0,1,0,1,1,0,1,1,0,1,1,0,0,1,0,0,1,1,0,1,0,0,0,0,1,0,0,0,0,1,0.673104
1,0,0,0,0,1,1,0,0,0,0,1,1,1,0,1,0,0,1,0,1,1,0,0,1,1,1,0,0,0,0,1,0.637546
0,1,0,1,1,1,1,0,0,1,1,0,0,0,0,0,1,0,0,1,1,1,0,1,1,0,1,1,1,1,0,1,0.584408
0,1,0,1,0,1,1,1,0,0,0,0,1,1,1,0,1,1,1,0,1,0,0,1,1,1,0,1,1,1,0,0,0.616648
1,0,1,0,0,0,1,1,0,1,0,1,0,0,1,1,0,0,0,0,0,1,0,1,0,1,0,0,0,0,0,0,0.679945
0,1,1,1,1,1,0,0,1,0,1,1,0,0,1,1,0,1,1,0,1,0,1,1,0,1,0,1,1,1,1,0,0.580083
0,1,1,0,0,1,1,1,0,0,0,1,1,0,0,1,0,0,1,0,1,1,0,0,0,0,0,1,1,0,0,1,0.631510
1,0,0,0,1,1,1,0,1,0,0,0,1,0,0,1,0,1,0,1,0,1,1,1,0,0,1,1,0,0,1,1,0.590570
1,1,1,0,0,0,1,1,0,0,1,0,0,0,1,1,1,0,1,0,1,0,0,0,1,1,0,0,0,1,1,1,0.589388
1,1,1,1,0,0,0,1,1,1,0,0,1,1,0,1,0,1,1,0,1,0,0,1,0,0,1,0,0,0,0,0,0.611618
0,1,0,0,0,0,0,0,1,1,1,0,1,1,0,1,1,1,1,1,0,0,0,0,1,0,1,1,1,0,1,0,0.615013
0,0,1,1,0,0,1,1,1,1,1,1,1,1,1,0,0,0,1,1,0,0,0,0,1,0,1,1,0,0,1,1,0.598466
1,0,0,1,1,1,0,0,1,1,1,0,0,0,1,0,1,1,1,0,1,1,0,1,0,1,0,0,1,1,0,1,0.554256
1,1,0,0,0,1,0,1,1,0,1,1,1,0,0,0,0,1,1,0,0,1,0,0,1,1,0,0,0,0,0,1,0.620269
1,0,0,1,1,0,0,0,1,0,0,0,0,1,1,0,0,1,1,0,1,0,0,1,1,0,1,0,1,1,0,0,0.609481
0,1,1,1,1,1,0,0,1,1,1,0,0,1,1,0,0,0,0,0,0,1,1,1,0,0,1,1,1,1,1,0,0.623035
0,1,1,1,0,1,1,0,0,0,0,1,1,1,1,0,1,0,0,1,0,0,1,1,1,1,0,1,1,1,0,0,0.590041
1,1,1,0,0,0,0,0,1,1,1,1,1,1,0,1,0,0,1,1,1,0,0,0,1,0,1,0,0,0,0,0,0.607469
1,1,1,0,1,1,1,0,1,0,0,0,0,0,0,1,0,1,1,0,0,1,1,0,1,1,1,0,1,1,1,0,0.580108
1,1,0,0,1,0,0,1,0,1,1,0,0,1,1,1,1,0,1,1,0,1,1,0,1,1,0,1,1,1,1,0,0.553074
1,0,1,1,1,0,1,1,0,1,1,1,1,1,0,0,1,1,1,0,0,0,0,0,0,1,0,0,0,1,1,0,0.616472
0,1,0,1,1,1,1,1,0,1,1,1,0,1,0,1,1,0,1,1,0,1,1,1,1,1,1,0,1,1,1,0,0.550308
1,1,0,1,0,0,0,0,0,0,0,1,1,1,1,1,0,1,1,0,1,1,1,1,0,0,1,1,1,1,1,1,0.513014
0,1,0,1,1,1,0,0,0,0,1,0,0,1,1,1,1,1,1,1,1,0,1,0,0,1,1,1,1,0,1,0,0.565698
1,0,1,0,0,0,0,0,1,1,0,1,1,0,1,0,1,1,0,0,1,1,1,0,1,0,1,0,1,1,1,1,0.591073
1,1,0,0,0,0,0,0,1,1,0,1,1,1,1,1,0,0,0,0,1,1,0,0,0,1,1,0,0,1,1,1,0.630353
0,1,0,1,1,1,0,0,1,1,1,0,0,1,1,1,0,0,1,1,1,1,0,0,1,1,1,1,0,0,0,0,0.586823
1,1,1,0,1,1,1,1,1,0,1,0,0,0,0,1,1,0,0,1,0,0,1,0,0,1,0,0,0,0,0,0,0.663196
1,1,0,0,0,0,1,0,1,0,0,1,0,1,1,0,0,1,1,0,1,0,1,1,0,0,0,0,1,1,0,1,0.604778
1,0,1,0,0,1,0,0,0,1,0,1,1,1,1,0,0,0,0,0,0,0,1,1,0,0,0,1,0,1,0,1,0.664051
1,1,0,0,1,1,0,0,1,1,1,0,0,0,0,0,1,1,0,0,0,0,0,0,0,1,1,0,0,1,1,1,0.609129
0,1,0,1,0,0,0,1,0,1,0,1,0,1,1,1,0,0,0,0,1,1,1,0,1,1,1,1,0,0,1,1,0.605683
1,0,1,0,0,0,0,1,1,1,0,1,0,1,1,1,0,0,0,0,1,1,0,1,1,0,0,0,1,0,0,0,0.624217
0,1,0,0,0,1,1,0,1,0,1,1,1,0,0,1,1,0,1,0,0,1,0,0,0,0,0,0,0,0,1,0,0.643003
1,0,0,1,0,1,0,1,0,1,0,1,0,1,1,0,1,0,0,1,0,0,1,1,1,0,1,1,0,0,1,0,0.573444
1,1,0,0,1,1,0,1,0,1,0,0,0,0,1,1,0,1,1,1,1,1,0,1,0,0,0,0,1,1,1,0,0.526946
0,0,0,1,1,0,1,1,1,1,1,0,0,0,1,0,0,1,1,0,1,0,0,0,1,0,1,0,0,0,0,1,0.632969
1,1,1,0,1,1,0,1,1,0,1,0,1,1,1,1,1,1,1,0,1,1,0,1,0,1,0,0,1,1,0,0,0.575079
1,1,0,1,1,1,1,0,0,0,0,0,1,1,0,0,0,1,0,0,1,1,0,1,0,0,0,1,1,1,0,0,0.561524
0,1,0,0,1,0,1,1,1,1,0,1,0,1,0,0,1,1,1,0,1,1,1,0,0,0,1,1,1,0,1,1,0.566755
0,1,1,1,0,0,1,0,1,0,0,0,1,0,1,1,1,0,1,0,1,0,0,0,1,1,1,1,0,0,0,1,0.610260
0,0,1,0,1,0,0,0,0,0,1,1,0,1,1,1,1,0,1,0,1,1,0,0,0,1,0,1,0,0,1,0,0.601962
0,0,0,0,0,0,0,1,0,1,0,1,1,1,0,1,1,0,0,1,0,0,0,0,1,1,1,1,0,1,1,0,0.693575
1,1,1,1,1,1,1,0,1,1,0,1,1,1,1,1,1,1,0,1,1,1,0,1,1,0,0,1,0,1,1,1,0.400679
1,1,0,1,1,1,0,1,0,0,0,1,1,0,1,0,0,1,1,0,0,0,1,1,0,1,1,0,1,1,1,1,0.534817
0,0,1,1,0,0,1,0,0,1,1,1,0,1,0,1,0,0,0,1,0,1,0,1,1,1,1,0,0,0,1,1,0.663750
0,0,0,1,0,1,1,0,1,0,1,1,1,1,0,1,0,0,0,0,0,0,0,0,0,0,1,0,1,0,1,1,0.705646
0,0,1,0,0,0,0,1,1,0,0,1,0,0,1,1,1,1,1,1,0,1,1,1,0,1,0,1,1,1,0,0,0.595373
0,0,1,0,0,1,1,1,0,0,1,0,0,1,1,1,0,0,0,0,1,1,0,0,1,0,1,0,0,0,0,0,0.695486
0,0,0,0,0,0,0,1,0,1,0,0,1,1,1,1,0,0,0,1,0,0,0,0,0,1,1,0,0,0,0,1,0.698303
0,0,1,1,1,0,0,1,1,1,0,1,0,0,1,0,0,0,1,1,0,0,0,0,1,1,0,1,1,0,0,1,0.592229
0,0,1,1,0,1,1,1,0,0,0,0,0,1,0,0,1,0,0,0,1,0,1,0,0,1,0,1,0,1,0,1,0.650044
0,1,1,0,0,0,1,0,1,0,0,0,1,0,0,1,1,0,1,0,0,1,1,1,1,1,1,1,0,0,1,0,0.593110
0,1,1,1,0,1,1,0,1,0,1,1,1,1,1,1,1,0,0,1,1,0,0,0,1,0,0,1,1,0,1,0,0.573922
1,1,1,1,1,0,1,0,0,1,0,0,0,1,0,1,0,0,1,0,1,1,0,0,1,1,1,0,1,1,1,1,0.541934
1,0,0,1,1,0,0,1,1,1,0,0,0,0,0,0,0,1,0,0,1,1,0,1,0,1,0,1,0,1,1,1,0.622910
0,1,1,0,0,0,0,1,0,1,0,0,0,1,1,1,0,0,0,1,0,1,0,0,0,1,0,0,0,0,1,0,0.698705
1,0,0,1,1,1,1,1,0,1,0,0,0,0,0,0,0,1,1,0,0,0,1,1,1,1,0,1,0,0,1,0,0.627612
1,1,0,0,0,0,0,0,0,0,0,1,0,1,0,1,1,1,1,1,1,0,1,1,0,1,0,0,1,0,0,0,0.653892
1,0,1,0,1,0,0,1,0,1,1,1,0,1,1,0,1,1,0,1,0,1,0,1,0,1,1,1,1,0,1,1,0.513869
1,1,0,1,1,0,0,0,1,1,0,1,0,1,1,1,1,1,0,0,0,0,1,0,0,0,1,0,1,1,0,0,0.606388
1,0,0,1,0,1,0,0,0,1,1,0,1,0,1,1,0,0,0,1,1,0,0,1,0,0,1,1,0,1,1,1,0.597611
1,1,0,0,1,1,1,0,0,0,0,0,1,0,0,1,1,0,1,0,0,0,0,1,0,0,1,1,1,1,1,0,0.620219
1,1,1,1,1,1,0,1,0,0,1,0,1,0,1,0,0,1,0,0,1,1,1,1,0,0,0,0,0,1,0,0,0.621501
1,1,1,0,1,0,1,0,1,0,0,0,0,1,1,0,0,0,1,1,0,1,1,1,1,0,0,1,0,1,0,1,0.582749
0,0,1,1,0,0,0,0,0,0,0,1,1,1,0,1,0,0,0,1,1,1,0,1,1,1,1,1,0,1,1,0,0.668326
1,1,1,1,0,0,1,1,1,0,0,0,1,0,1,1,1,1,0,0,0,0,0,1,1,1,1,1,0,1,1,0,0.558255
1,1,0,0,1,0,0,0,0,0,0,0,1,0,0,0,1,1,0,0,0,1,0,1,1,0,1,1,1,0,0,0,0.629020
0,1,0,1,1,0,1,0,1,1,0,1,1,1,0,1,1,1,1,0,1,1,0,1,0,1,0,0,0,0,1,0,0.582321
0,0,1,1,1,1,0,0,0,0,0,1,0,0,0,0,1,0,1,1,0,1,0,0,1,1,1,1,0,1,1,1,0.622180
0,1,0,0,1,1,1,0,1,0,1,0,1,0,1,1,0,1,1,1,0,0,1,0,0,1,0,0,1,1,0,1,0.584962
1,1,1,1,1,0,0,0,0,0,0,0,0,0,0,1,0,0,1,1,1,0,1,1,0,1,0,1,1,0,1,0,0.600553
0,0,1,0,1,1,0,1,0,0,1,1,1,0,0,1,0,0,0,0,1,1,1,1,0,0,1,0,0,0,0,0,0.606513
0,1,0,1,1,0,1,0,1,1,0,1,0,0,1,0,1,1,1,0,0,1,1,1,0,1,1,1,1,0,1,1,0.529335
0,1,0,1,0,1,1,1,1,0,0,1,0,0,1,0,1,1,0,1,0,0,1,0,1,0,1,0,1,0,0,1,0.597460
0,1,0,0,1,1,1,1,1,1,0,0,1,0,1,1,1,1,1,1,1,1,0,1,1,0,1,1,0,1,0,1,0.504187
0,0,0,1,0,0,1,0,1,1,1,1,1,0,1,1,1,0,0,0,1,1,0,0,1,1,0,0,1,0,1,0,0.643983
1,0,1,0,0,0,0,0,1,0,1,0,0,0,1,0,1,0,0,1,1,0,0,0,0,1,1,0,0,0,0,0,0.626455
0,0,0,0,0,0,1,1,0,0,0,1,1,0,0,0,0,0,1,0,0,0,0,1,1,1,0,0,0,0,0,0,0.737583
0,0,0,0,1,1,0,0,0,0,1,0,1,1,1,0,0,0,0,0,1,0,0,1,0,0,1,1,0,1,0,1,0.605709
1,1,0,0,0,0,1,1,1,1,0,1,0,0,0,0,0,0,1,1,1,1,1,0,1,0,1,0,1,1,0,1,0.596630
0,1,1,0,0,0,1,1,1,1,1,0,0,1,1,1,1,1,1,0,1,1,0,0,1,0,0,0,0,0,0,1,0.628467
0,1,1,0,1,0,1,1,0,0,1,1,1,0,0,0,0,0,0,0,0,1,1,1,1,0,1,0,1,1,0,1,0.596228
1,0,0,0,0,1,1,0,0,1,0,1,0,0,1,0,0,1,1,1,0,1,1,0,1,1,1,0,1,1,0,1,0.599824
0,1,1,1,1,0,1,0,1,1,0,1,1,0,0,0,0,0,1,1,1,1,1,0,1,0,1,1,1,0,0,0,0.601006
0,1,0,1,0,0,1,1,1,0,0,1,0,1,1,0,1,0,0,1,1,0,1,1,0,1,0,0,0,0,1,1,0.596228
1,0,1,0,0,0,1,0,0,0,0,1,1,1,0,1,1,1,0,1,1,1,1,1,1,1,0,0,0,0,1,0,0.596027
1,1,0,1,1,0,1,1,1,1,0,1,0,0,0,0,0,1,1,0,1,1,1,1,1,0,0,0,1,0,0,0,0.627587
0,1,1,0,1,1,1,0,0,0,0,0,0,0,0,1,1,0,0,0,0,0,0,0,0,0,0,1,1,0,0,0,0.638954
1,1,1,0,1,1,0,1,0,0,0,0,1,0,0,0,0,1,0,1,0,1,0,0,1,0,1,1,1,1,1,1,0.593914
1,0,0,1,1,0,1,1,0,0,1,0,1,1,1,0,0,1,0,1,0,1,0,1,1,0,1,0,0,1,0,0,0.609606
1,1,1,1,1,0,0,0,0,1,1,0,0,0,0,0,0,0,1,0,0,0,1,1,1,1,0,1,0,0,1,1,0.612750
1,1,1,1,1,1,1,1,1,0,1,1,0,1,1,1,0,0,0,1,0,0,0,0,0,1,0,1,1,0,1,1,0.506149
1,1,0,0,0,0,0,0,0,1,0,1,0,0,0,1,0,0,1,1,0,1,1,0,0,0,1,0,1,1,0,0,0.652257
1,1,1,0,1,0,1,1,1,0,0,0,1,0,0,1,0,1,1,0,1,1,0,1,0,1,0,1,1,1,0,1,0.566906
1,1,0,1,0,0,0,1,0,1,0,0,0,0,0,0,1,0,1,0,1,1,0,1,1,0,0,1,0,0,0,0,0.632164
1,0,1,1,1,1,0,1,1,0,1,1,1,0,1,0,1,1,0,1,0,1,1,1,0,0,0,1,1,0,0,0,0.580536
1,0,1,0,0,1,0,0,0,0,1,1,1,0,1,0,1,1,0,1,0,0,1,1,1,0,1,1,1,1,1,1,0.557375
1,0,0,1,1,1,1,1,1,1,0,1,0,1,0,1,0,0,0,0,0,0,0,0,0,1,0,0,0,1,1,1,0.627813
1,1,0,1,0,1,0,0,1,0,0,1,1,0,1,0,0,1,0,0,1,1,0,0,1,0,0,1,1,1,0,0,0.598340
0,1,1,0,0,1,0,0,0,1,1,1,1,1,1,1,0,0,1,1,0,0,1,0,0,0,1,0,1,1,0,1,0.565724
1,1,0,1,1,1,1,0,1,1,1,0,0,0,1,0,0,1,0,1,1,0,1,0,1,0,1,1,0,0,1,0,0.581617
0,1,0,1,0,0,1,0,1,1,0,0,0,0,0,0,0,1,0,1,0,0,0,1,0,0,1,1,1,1,0,0,0.652584
0,0,1,0,0,0,1,0,1,0,1,0,1,0,1,0,1,1,1,1,1,1,0,0,0,0,0,1,0,0,1,0,0.630026
0,0,1,1,1,0,1,0,1,1,0,0,1,0,0,0,1,0,1,0,0,0,1,1,0,1,0,1,0,0,0,1,0.611593
0,1,0,1,0,1,1,0,1,0,1,1,0,0,1,0,0,1,1,0,1,1,0,1,0,1,0,0,0,1,1,0,0.610864
0,1,1,1,0,0,0,1,0,1,1,0,0,1,0,1,1,0,0,1,0,0,1,1,0,1,0,1,0,0,0,0,0.631837
0,0,1,1,1,0,1,1,0,1,1,1,0,0,0,0,1,1,1,1,1,0,1,1,0,1,0,0,0,0,0,0,0.607243
1,0,0,1,0,1,1,1,1,1,1,1,1,1,1,1,0,1,1,0,0,0,0,1,0,0,0,0,0,1,1,1,0.560694
0,1,0,1,1,1,0,1,1,0,1,1,0,1,1,1,1,0,0,1,1,1,1,0,1,1,0,0,0,0,1,1,0.544348
0,1,1,0,0,0,0,1,0,0,0,1,0,1,0,0,0,1,0,0,0,0,0,0,1,0,1,1,1,0,1,1,0.670791
0,0,0,1,1,1,0,0,1,0,1,0,1,1,0,1,1,0,1,1,1,0,1,1,1,0,0,1,1,1,0,0,0.581315
1,1,1,1,0,1,1,1,1,1,1,1,1,1,1,1,1,0,0,0,1,0,0,1,0,0,1,1,1,0,0,1,0.519904
0,1,0,0,0,0,1,1,0,0,0,0,0,0,1,0,1,0,1,1,1,0,1,0,1,0,0,0,1,1,0,0,0.704539
0,0,1,1,1,0,0,0,1,1,0,1,0,1,1,1,0,0,1,1,0,0,1,0,1,1,1,0,1,1,0,1,0.586521
1,0,0,0,1,0,0,0,1,1,1,0,0,0,1,0,0,0,0,1,0,0,1,1,1,0,0,0,0,0,0,1,0.654395
0,1,0,0,1,1,1,0,1,1,0,0,0,1,0,0,1,1,1,1,0,1,1,0,1,1,0,0,1,0,1,0,0.618408
0,0,1,0,0,0,1,0,1,1,0,0,1,0,1,1,1,0,1,1,1,1,0,1,0,1,0,0,1,0,0,1,0.617503
1,1,1,1,1,1,1,0,0,0,1,0,0,0,1,0,1,0,0,1,0,0,1,0,1,1,1,0,0,1,0,1,0.597737
0,1,1,0,1,0,0,1,1,1,0,0,1,1,1,1,0,0,0,0,0,1,1,1,0,1,0,0,0,1,1,0,0.542236
1,1,1,1,0,0,0,1,0,1,1,1,0,0,1,1,0,1,0,1,1,1,0,1,1,1,1,1,0,1,0,0,0.565774
0,1,0,0,0,0,0,1,0,0,1,0,1,0,1,0,1,1,1,0,0,0,0,1,0,1,0,1,1,1,0,1,0.646800
1,1,0,1,0,1,0,1,0,1,0,0,1,1,0,1,1,0,1,1,1,0,0,0,1,0,1,1,0,0,0,0,0.608601
1,1,0,1,1,1,1,1,1,0,1,0,1,1,1,1,1,1,1,1,1,1,1,1,0,1,1,1,1,0,1,0,0.541280
1,1,0,0,1,0,0,1,0,1,1,0,1,0,1,0,0,0,1,0,1,1,1,1,0,1,0,0,0,0,1,0,0.600880
0,1,0,0,0,1,1,0,1,0,1,1,1,1,1,1,1,0,1,0,0,1,1,0,1,0,1,1,0,0,1,1,0.555086
0,0,0,0,0,1,0,0,1,1,1,0,0,1,0,1,1,1,0,0,0,0,0,0,1,0,1,0,1,0,1,1,0.707884
0,0,0,1,1,1,0,1,1,1,1,0,0,0,0,0,1,0,1,1,1,1,1,1,0,0,1,0,0,0,1,1,0.590469
0,0,1,1,1,1,0,1,1,0,0,0,0,1,1,1,0,0,0,0,1,1,0,0,0,1,1,0,1,1,1,0,0.616648
0,1,1,1,1,0,1,0,0,0,1,1,0,1,1,1,0,1,1,1,1,0,1,1,1,1,1,0,0,0,0,1,0.549202
0,0,0,0,0,0,1,1,0,0,1,1,1,1,1,1,1,0,0,1,0,1,1,1,1,1,1,0,1,1,1,0,0.623689
0,0,0,0,0,1,0,1,1,1,1,1,0,0,0,0,0,0,0,1,0,0,1,1,0,1,1,1,0,1,0,1,0.734012
0,0,1,0,1,0,1,0,1,1,1,1,1,0,0,0,1,1,0,1,0,1,1,0,0,1,0,0,1,0,1,1,0.612649
0,1,0,1,0,1,1,0,1,1,1,1,0,1,0,0,1,1,1,0,0,1,1,0,1,1,0,0,0,1,0,1,0.586973
0,1,0,0,1,0,1,1,0,0,0,0,1,1,1,1,0,1,0,0,1,0,1,0,0,0,0,1,0,1,0,1,0.597284
0,1,0,0,0,0,1,0,0,1,1,1,1,0,1,0,1,1,0,1,0,0,0,1,0,0,1,0,1,1,0,1,0.634276
0,0,1,0,0,1,0,1,0,1,0,0,1,1,1,1,1,0,0,0,1,1,1,0,0,1,0,0,0,1,1,1,0.568968
0,0,0,0,1,1,1,1,0,1,1,0,0,1,1,1,1,0,1,1,1,0,0,1,0,1,1,0,0,0,0,0,0.629020
1,1,1,1,1,1,1,1,1,0,0,1,1,0,1,0,1,0,0,0,0,1,1,0,1,1,1,1,1,1,0,1,0.527273
1,1,1,1,0,0,0,1,0,0,1,0,0,0,1,0,1,1,1,1,0,1,1,0,1,1,1,0,1,0,0,1,0.570879
0,1,0,0,0,1,1,1,0,1,0,0,0,1,1,1,1,1,1,0,0,0,1,1,0,1,0,0,0,1,0,1,0.599296
1,0,1,0,0,0,1,1,0,1,0,0,0,0,1,0,0,0,1,1,1,0,1,0,1,0,0,1,0,1,1,0,0.622859
1,0,0,0,1,1,1,0,0,0,1,1,1,0,1,1,1,1,0,1,0,0,1,0,0,0,1,0,0,1,1,1,0.590092
0,1,1,1,0,0,1,0,1,0,1,0,1,0,1,0,0,1,1,1,1,1,1,0,1,0,1,0,0,0,0,0,0.617629
1,1,1,1,1,0,0,1,0,1,1,0,0,1,1,0,0,1,1,0,0,0,0,0,0,1,0,1,0,1,1,1,0.586144
0,0,1,1,0,0,0,0,0,1,0,0,1,1,1,1,0,1,0,0,0,1,0,0,0,0,1,0,1,0,1,0,0.672300
1,0,0,0,0,1,0,1,1,1,0,0,1,1,0,1,0,0,1,0,0,1,0,0,1,0,1,1,1,1,1,0,0.630907
1,1,1,1,0,0,1,1,0,1,1,1,0,1,0,1,0,0,1,1,1,1,0,1,0,0,0,0,0,0,0,1,0.653489
0,0,0,1,0,0,1,0,0,1,1,0,0,1,1,0,0,1,1,1,1,1,0,0,0,1,1,1,1,1,1,0,0.699132
1,0,0,1,0,1,1,1,0,1,1,0,0,0,0,1,1,0,0,1,1,1,0,1,1,0,0,1,0,0,0,1,0.621853
0,0,0,1,1,0,0,1,0,0,1,1,0,1,0,1,1,0,1,0,0,0,0,1,0,1,1,0,0,0,1,0,0.649566
1,1,1,0,1,0,0,0,0,1,0,0,1,0,0,1,1,0,1,0,0,1,1,1,0,0,1,1,1,1,0,0,0.609657
0,1,1,0,1,1,1,0,0,1,0,0,0,0,1,1,0,0,0,1,0,1,1,0,0,0,0,1,0,0,0,0,0.651855
1,1,0,1,0,0,1,1,0,1,0,0,0,1,0,0,0,1,1,1,1,0,1,0,1,1,1,1,1,1,1,1,0.543895
0,0,0,0,1,0,0,1,0,0,1,0,0,0,1,0,1,1,1,1,0,1,0,1,0,0,0,1,0,1,1,0,0.677782
1,1,1,0,0,0,1,0,0,1,1,0,0,0,0,0,1,1,0,1,1,1,1,1,1,0,0,1,1,0,1,0,0.608349
0,0,1,0,1,1,0,1,1,1,0,0,0,0,1,0,0,1,0,1,1,1,0,1,1,0,0,1,1,1,1,0,0.609330
1,0,0,1,1,0,1,1,1,0,1,0,0,1,1,0,0,0,0,1,1,1,1,0,0,1,0,0,1,0,0,1,0.592657
1,1,1,0,1,1,0,0,0,0,1,1,0,0,1,1,0,0,0,0,0,0,0,0,0,1,1,0,1,0,0,0,0.633975
1,1,0,1,0,1,1,0,1,0,0,0,0,0,1,0,1,1,1,1,1,0,1,1,1,0,1,0,0,1,0,0,0.611945
1,0,1,0,1,1,1,1,1,0,1,0,1,0,0,0,1,1,0,1,1,0,0,1,0,0,1,0,1,1,1,1,0.577744
0,0,1,0,0,0,1,1,1,1,1,1,1,1,1,1,0,1,0,1,0,0,1,1,1,1,1,0,0,1,1,1,0.531095
1,0,0,1,1,1,0,1,0,0,0,1,0,1,1,1,1,1,0,1,1,1,0,1,0,0,0,0,0,1,0,1,0.579429
0,1,0,0,1,1,0,0,0,1,1,1,0,0,0,1,0,1,1,1,1,0,0,0,0,0,0,0,0,0,0,1,0.643732
0,1,0,1,1,0,1,0,0,1,1,1,0,1,1,1,0,1,1,0,1,0,0,0,0,1,0,1,0,0,0,1,0.594669
0,1,1,1,1,0,1,0,0,0,1,0,1,1,1,1,1,1,1,0,1,0,1,1,1,1,0,0,1,1,1,0,0.495536
0,1,1,0,0,1,0,0,1,0,1,0,0,0,1,1,1,0,1,1,0,1,1,1,0,0,1,1,1,1,0,1,0.556469
0,0,1,0,1,0,1,0,1,0,1,0,1,1,1,0,0,1,1,0,1,0,1,1,1,1,0,0,0,0,1,1,0.585691
0,0,1,1,1,1,1,1,0,0,0,0,0,0,0,1,1,1,0,0,0,0,0,0,0,1,1,1,1,1,1,0,0.626154
1,1,0,1,1,1,1,1,1,1,1,0,0,1,1,1,0,0,1,1,1,1,1,1,1,1,0,1,1,1,0,1,0.451578
0,0,0,1,1,0,0,1,1,0,1,0,0,0,1,1,1,1,0,0,1,1,1,0,0,0,0,1,1,0,1,0,0.601911
1,0,0,1,1,1,1,0,0,1,0,0,0,0,0,0,1,1,0,1,1,1,0,1,1,0,1,0,1,1,1,0,0.599095
0,1,0,1,1,1,1,1,1,1,1,0,1,1,1,1,1,1,1,0,1,1,0,1,1,0,0,1,0,0,1,1,0.479165
1,1,1,0,0,0,1,0,1,0,0,1,1,1,1,0,1,0,0,0,1,0,0,0,1,1,0,1,1,0,0,0,0.636841
1,1,1,0,0,1,1,1,1,1,0,1,1,1,0,0,1,1,0,0,0,0,1,1,1,1,0,0,1,0,0,1,0.584760
1,1,1,0,0,0,1,1,1,1,1,1,1,0,1,0,0,1,0,1,0,1,0,1,1,0,1,1,1,1,0,1,0.527600
0,0,0,1,1,1,1,1,1,0,0,0,0,0,0,1,0,1,0,1,1,1,0,1,1,1,1,1,1,0,1,0,0.591123
1,1,0,1,0,0,0,1,1,0,1,1,0,0,1,0,0,0,1,0,0,1,0,1,1,1,1,0,1,1,1,1,0.551490
0,1,0,0,0,1,1,0,1,1,0,1,0,0,1,0,0,0,0,0,0,1,0,0,1,0,1,1,1,1,0,1,0.657186
1,1,1,0,1,0,0,1,0,1,1,1,0,0,0,0,0,0,0,1,1,0,0,1,1,1,1,1,0,1,1,0,0.586999
0,1,0,1,0,1,0,1,1,0,0,0,0,0,0,0,0,1,0,1,1,1,0,1,0,1,0,1,1,1,0,1,0.607821
0,0,0,1,0,1,1,1,0,1,0,1,1,1,1,1,0,1,0,0,0,0,1,1,0,0,0,0,1,0,1,1,0.565447
0,1,0,0,0,1,1,0,1,0,0,1,0,0,1,0,1,0,1,0,0,1,0,0,1,0,1,1,1,1,1,1,0.619012
1,1,0,1,0,1,0,0,0,1,0,0,0,0,0,1,1,1,1,1,1,0,0,0,1,1,1,0,1,0,1,1,0.545279
1,1,1,0,0,1,1,1,0,1,1,1,0,0,0,0,1,0,0,1,1,1,0,0,0,1,0,1,1,0,0,0,0.610864
1,1,0,1,0,1,1,1,1,0,0,0,0,0,0,1,0,1,0,1,1,0,1,0,1,0,1,0,1,0,1,1,0.551666
0,0,0,0,1,0,0,1,1,1,1,0,0,1,0,0,0,1,1,0,0,1,0,0,1,0,1,0,0,0,0,0,0.705294
1,0,0,0,0,0,1,0,1,0,0,0,0,0,1,1,1,0,0,0,0,0,0,1,0,1,1,1,0,1,0,1,0.660531
0,1,0,0,0,0,1,1,0,0,0,0,1,1,1,0,0,0,0,1,0,1,0,0,0,0,1,0,0,0,0,1,0.702502
0,1,0,1,1,0,0,0,1,1,0,0,1,1,1,1,1,1,0,1,0,1,1,1,0,1,1,1,0,1,1,1,0.492418
0,1,0,0,1,1,1,0,0,1,1,0,0,1,0,1,0,1,0,1,1,1,1,1,1,1,0,1,1,1,1,1,0.524431
0,1,0,1,0,0,1,0,1,0,0,1,0,1,0,1,0,1,1,1,0,0,0,0,1,0,0,1,0,1,0,0,0.634754
0,0,0,1,0,0,1,1,1,0,0,0,0,1,1,0,1,0,1,0,0,0,0,1,1,1,0,0,0,0,1,0,0.652106
1,0,0,0,1,0,1,0,1,0,0,1,1,0,1,1,0,1,1,0,0,0,0,1,1,1,0,1,0,1,0,0,0.601635
1,1,1,1,1,0,1,1,0,1,0,0,0,0,0,0,0,0,0,0,1,0,1,1,1,1,0,0,1,0,1,1,0.604879
1,1,1,0,1,0,0,0,0,1,1,0,1,0,0,0,0,0,1,0,1,1,0,0,1,0,0,1,1,1,1,0,0.620847
0,0,0,0,1,1,1,0,0,0,1,0,1,0,1,1,0,1,1,1,0,1,1,1,1,1,1,0,1,0,0,1,0.618458
1,1,0,1,0,1,1,1,0,0,1,0,0,0,1,0,0,0,0,0,1,1,0,1,1,0,0,1,0,1,0,1,0.588181
1,1,0,1,0,1,0,1,0,1,1,1,1,0,0,1,0,1,0,1,0,0,1,1,0,0,1,0,1,1,0,0,0.578071
0,0,0,1,1,0,1,0,1,0,0,1,0,0,1,1,0,1,1,0,0,0,0,1,0,0,1,1,1,1,1,1,0.594970
1,0,0,0,0,1,0,1,1,0,0,1,0,0,1,0,1,0,0,0,0,0,1,1,0,1,1,1,1,0,0,1,0.615164
0,0,0,1,1,0,1,1,1,0,0,0,1,1,0,1,1,0,0,1,0,1,0,1,1,0,1,1,1,0,1,1,0.562253
1,0,1,0,0,1,0,0,1,0,1,1,1,1,0,1,1,1,1,0,0,1,0,1,0,0,1,1,0,0,0,1,0.605482
0,1,1,0,1,1,1,1,0,0,1,0,1,0,0,0,1,1,1,0,0,0,0,0,0,0,1,0,1,1,0,1,0.603395
0,1,0,0,1,1,1,0,0,0,0,1,0,1,0,1,1,0,0,1,0,0,1,0,1,0,1,1,0,1,0,0,0.632893
1,0,0,0,0,1,0,1,1,1,1,0,0,1,1,1,0,0,1,0,0,0,1,0,0,0,0,0,0,0,1,0,0.646423
1,1,0,1,1,1,0,1,1,1,0,0,0,1,0,1,1,1,1,0,0,1,0,0,1,0,1,0,0,0,1,1,0.536401
1,0,0,0,0,0,1,1,0,0,1,0,1,0,0,0,0,0,0,1,1,0,0,1,0,0,1,0,0,0,0,1,0.649038
1,1,1,0,0,0,0,1,1,1,1,1,1,1,0,0,0,1,1,0,0,1,1,1,1,1,1,0,1,0,1,0,0.571482
1,0,1,0,1,0,1,0,1,1,0,0,0,1,0,0,1,1,0,1,0,1,0,1,1,0,0,1,1,1,1,1,0.571156
1,0,1,0,0,1,0,0,0,1,0,0,1,0,1,0,1,0,0,0,1,0,1,1,0,1,1,1,0,0,1,1,0.612825
1,1,1,0,0,1,1,1,0,1,0,0,0,0,1,1,0,0,1,1,0,0,0,0,0,1,1,0,0,1,1,0,0.660053
0,0,0,1,1,0,1,1,0,1,0,0,0,0,1,0,0,0,1,1,1,1,1,0,0,1,0,0,0,1,0,0,0.673633
0,1,0,1,1,1,1,0,1,1,1,0,1,0,1,0,0,1,0,1,0,0,0,0,0,0,0,1,1,0,1,0,0.631057
1,1,0,0,0,0,1,0,1,1,1,1,1,1,0,1,1,1,0,0,0,0,0,0,1,0,1,1,0,1,0,1,0.639884
1,1,1,1,0,0,0,0,0,0,1,0,0,1,1,1,1,1,1,0,0,0,1,0,1,1,0,0,0,0,1,0,0.629549
0,0,0,1,0,1,1,1,1,0,0,0,0,1,1,1,0,0,0,1,1,1,1,0,0,1,0,1,1,0,0,1,0.652785
0,0,0,0,1,1,1,1,0,1,1,1,0,1,0,1,0,0,0,1,0,1,0,1,1,1,1,1,1,0,1,1,0.602037
1,0,1,0,0,0,1,0,0,1,1,1,0,1,1,0,0,1,0,1,1,1,1,1,0,0,1,0,0,0,1,1,0.603345
1,1,0,1,1,0,1,0,0,0,1,0,0,1,0,0,0,1,1,0,1,1,0,0,1,1,1,1,0,0,0,1,0.610361
0,1,0,0,0,1,1,0,1,1,1,1,1,0,1,0,0,1,1,1,0,0,0,1,0,1,1,0,1,0,1,0,0.593688
0,1,0,1,1,1,0,1,1,1,1,1,0,1,1,0,1,1,0,1,0,0,0,1,0,0,1,1,1,1,1,1,0.489375
0,1,1,0,1,1,1,0,0,1,0,0,1,0,0,0,1,1,0,1,1,1,0,0,1,0,1,1,0,0,0,0,0.615189
1,1,0,0,0,1,1,1,1,0,0,1,1,0,1,1,1,1,0,0,1,0,1,0,1,1,1,0,1,1,1,0,0.549981
0,1,1,0,0,0,1,0,0,0,1,1,1,0,1,1,0,0,0,0,0,1,0,1,1,0,1,1,0,1,1,0,0.617126
0,1,0,1,0,0,0,0,1,0,1,0,1,1,0,0,0,0,1,0,0,0,1,1,1,1,1,0,1,1,0,1,0.637646
0,1,1,1,1,0,1,0,0,0,1,0,1,1,0,1,0,0,1,1,1,1,0,0,0,0,1,1,1,0,1,0,0.591601
1,0,0,0,0,0,0,0,0,1,0,1,1,1,1,0,0,1,1,1,0,1,1,0,1,1,0,1,0,0,1,1,0.597611
1,1,0,0,1,1,0,1,0,0,0,0,1,0,0,0,1,0,0,1,1,0,1,0,1,1,1,0,0,0,1,1,0.609229
1,1,1,0,0,1,1,1,1,0,1,0,0,0,1,0,0,1,1,0,0,1,1,1,1,1,1,1,1,0,0,1,0.558230
1,0,1,0,1,0,1,1,0,0,0,1,0,1,1,1,1,1,0,0,0,1,1,1,1,1,1,0,1,1,1,1,0.461210
0,0,1,0,1,0,0,0,1,0,0,1,1,0,1,1,0,0,0,0,1,1,0,0,1,0,0,0,1,0,0,0,0.677128
1,0,1,1,0,0,1,1,0,0,0,0,0,1,1,0,0,1,0,1,1,1,0,1,0,0,1,0,0,0,0,0,0.630404
0,1,1,1,1,0,0,0,1,0,0,0,0,0,1,1,0,0,0,0,1,1,1,1,0,0,0,0,0,0,0,0,0.648761
0,0,1,1,1,0,1,1,1,0,1,0,0,0,1,1,0,1,0,1,1,1,1,0,0,1,0,1,0,0,0,0,0.619892
1,0,0,0,0,0,1,0,0,1,0,1,0,0,1,0,0,1,0,0,1,0,0,0,0,1,0,1,0,1,1,0,0.671269
1,0,1,1,0,1,1,1,1,0,1,0,1,0,0,0,1,1,0,0,0,0,1,0,0,1,0,1,1,0,0,0,0.618886
0,1,1,0,0,1,0,0,1,1,0,0,0,0,0,1,0,1,1,0,1,0,0,0,0,1,1,1,0,1,1,0,0.618861
1,0,1,1,1,1,1,1,1,1,1,1,1,1,0,1,1,0,0,1,1,1,1,0,0,1,1,0,0,1,0,0,0.611920
0,1,1,0,0,0,0,0,0,1,1,1,1,0,1,0,1,0,1,1,1,1,1,0,0,1,0,1,0,1,0,0,0.598114
1,0,0,1,1,1,1,1,1,0,1,1,0,1,1,1,0,1,0,1,0,1,1,1,1,0,1,1,1,0,0,0,0.555614
1,0,0,0,1,1,0,1,1,1,0,0,1,0,0,0,0,1,1,1,0,1,1,1,0,0,0,0,1,0,0,1,0.599472
1,0,1,1,1,0,0,0,1,0,0,0,1,1,1,1,1,1,0,0,0,1,1,1,1,1,1,1,1,0,1,1,0.478486
1,1,1,1,1,1,0,0,0,1,1,0,1,0,1,0,0,1,0,1,1,0,0,1,1,1,1,1,0,1,1,1,0.543669
1,0,0,0,0,0,1,1,1,0,1,0,0,1,1,0,1,0,0,0,1,1,1,1,1,1,1,0,1,1,0,0,0.617603
0,1,0,1,1,1,0,0,0,0,0,1,1,0,1,1,0,1,0,0,0,0,1,0,0,0,0,0,0,0,0,0,0.674161
0,1,0,0,0,0,1,1,1,0,1,1,0,0,1,1,0,1,0,1,1,0,0,0,1,0,0,1,1,0,1,0,0.636942
1,0,0,1,1,1,0,1,0,1,1,1,0,1,1,0,1,0,1,1,1,0,1,0,1,0,1,1,1,1,0,0,0.577593
1,1,0,1,1,1,1,1,0,1,0,1,1,0,0,0,1,0,1,1,0,0,1,1,0,1,0,1,0,1,0,0,0.630756
0,1,0,0,1,1,1,0,1,1,1,0,1,1,0,1,1,1,0,0,0,1,1,1,1,0,1,1,1,1,0,0,0.561449
1,0,1,0,0,0,1,1,1,0,0,0,1,1,0,1,1,1,1,0,1,0,0,0,1,0,1,1,0,1,0,1,0.577392
1,0,0,0,0,0,1,0,1,1,1,1,0,0,0,0,1,1,0,1,0,0,0,0,1,1,1,1,0,0,1,0,0.622029
1,1,0,1,0,1,0,1,1,1,1,1,0,0,1,0,1,1,1,1,1,0,0,0,0,1,1,0,0,1,1,1,0.559713
0,0,0,1,0,0,0,0,1,1,0,0,1,1,0,1,1,0,0,0,1,1,0,0,1,1,1,1,0,1,0,0,0.659902
0,1,0,0,0,1,1,0,1,0,1,0,1,0,0,1,0,0,0,0,0,1,0,1,0,1,1,1,1,0,0,1,0.657915
0,0,1,0,1,1,1,1,1,1,1,1,0,0,1,1,1,1,1,0,1,0,1,1,1,1,1,1,1,1,0,0,0.556142
1,0,0,0,1,0,1,0,0,0,1,0,1,0,0,1,1,0,1,1,0,1,1,0,0,1,0,1,0,0,0,0,0.634654
1,0,0,0,0,1,1,1,1,0,0,0,0,0,0,1,0,1,1,1,0,1,0,1,0,1,1,1,0,1,1,1,0.593612
1,1,1,0,0,0,0,1,0,1,1,1,0,0,0,0,1,1,0,0,1,0,1,1,1,1,1,0,0,1,1,0,0.595976
0,0,0,0,0,0,1,0,1,0,0,1,0,1,1,1,0,1,0,0,1,1,1,0,1,0,1,0,0,0,0,1,0.728907
1,0,0,1,0,0,0,0,0,1,1,0,1,1,0,0,1,0,0,1,0,0,1,1,0,0,1,1,1,0,0,1,0.635609
0,0,1,0,1,0,1,0,1,1,1,1,0,1,0,1,0,1,1,0,0,0,1,0,1,0,0,1,1,0,0,1,0.612951
1,1,1,0,0,0,0,1,0,1,1,0,0,0,0,0,0,1,1,0,1,0,1,0,1,1,1,1,1,0,1,0,0.602314
0,0,0,1,1,1,1,1,0,0,0,0,1,1,0,1,1,1,0,1,1,0,0,1,0,1,1,0,0,0,1,0,0.597259
1,1,0,0,1,0,1,0,1,1,0,1,1,0,1,0,0,1,0,0,0,1,1,0,1,1,1,1,1,1,1,0,0.572840
1,0,0,0,0,1,1,0,1,0,1,1,0,1,1,0,0,0,1,0,0,0,0,0,1,0,1,0,0,1,0,0,0.632390
0,0,1,1,0,0,1,1,0,1,1,1,0,0,0,1,0,1,1,0,1,1,1,1,0,1,1,1,0,1,0,0,0.641821
1,0,0,0,0,1,1,1,0,0,1,1,1,1,1,1,1,1,1,0,1,1,1,1,1,1,1,1,0,0,0,0,0.582749
0,1,0,1,0,0,1,1,0,0,1,0,0,0,0,0,1,1,1,0,0,0,1,0,1,1,1,1,1,0,1,0,0.664705
1,0,1,0,1,0,1,1,1,1,0,1,1,0,1,1,1,0,1,0,0,1,0,0,1,0,0,0,0,1,1,0,0.584333
1,1,0,0,0,0,1,0,0,1,1,0,0,0,1,0,1,1,0,1,0,1,0,0,1,0,1,1,0,1,1,1,0.615768
1,0,1,0,0,0,1,1,1,1,1,0,1,1,1,0,1,0,1,1,0,0,1,1,1,0,0,0,1,1,0,0,0.575280
1,1,1,0,0,0,1,1,0,0,1,0,0,1,1,1,0,0,1,1,1,0,1,1,0,0,1,0,1,1,1,0,0.552018
0,1,1,1,0,1,0,0,0,1,1,1,0,0,1,0,1,0,0,0,1,0,1,0,0,0,0,1,0,0,0,1,0.635383
1,1,0,1,1,1,0,0,0,0,1,0,0,1,1,0,0,1,1,1,0,0,1,0,0,1,0,0,1,0,1,1,0.605331
0,0,0,1,0,1,1,1,1,0,1,0,1,0,0,1,0,1,1,1,0,0,0,0,1,1,0,0,1,0,0,0,0.635534
0,0,1,1,0,1,1,0,0,1,0,1,0,1,0,1,0,1,1,0,1,1,0,1,1,0,0,1,0,0,1,0,0.634830
0,1,1,0,1,0,0,0,1,0,1,0,1,1,0,1,1,1,0,1,0,0,1,1,0,1,0,1,1,0,0,0,0.611140
1,0,1,0,0,1,1,1,0,0,0,0,0,0,1,0,0,1,0,1,1,1,1,1,0,1,1,0,1,0,0,1,0.580762
0,1,0,0,1,1,0,0,1,0,0,1,1,1,1,0,1,0,0,1,0,0,0,0,0,1,0,0,0,1,1,1,0.622331
1,1,0,1,0,1,1,0,1,0,1,0,1,1,0,0,1,1,1,0,1,0,0,0,0,1,0,1,1,0,1,0,0.594216
0,0,1,1,1,1,0,0,1,1,0,1,0,0,1,0,0,1,0,0,0,1,0,1,1,1,1,1,0,1,1,0,0.594518
1,1,0,1,0,0,1,1,0,0,0,0,1,1,0,1,0,1,1,1,1,0,1,1,0,0,0,1,1,1,1,1,0.519301
1,1,1,0,0,0,0,0,1,1,0,1,0,1,1,0,0,1,1,0,1,0,1,1,1,1,0,1,0,1,1,0,0.585691
0,1,1,0,0,1,1,1,1,1,1,1,1,1,1,1,1,0,0,1,0,1,0,1,0,1,1,0,1,0,0,0,0.573796
1,1,1,1,0,1,1,0,1,0,0,0,1,0,1,0,0,0,1,1,1,0,1,0,0,0,0,0,1,0,0,1,0.607544
1,1,1,1,0,1,0,1,1,0,1,1,0,0,1,1,1,0,1,0,0,0,1,0,1,0,0,0,1,0,0,1,0.557048
0,1,1,0,0,1,1,1,0,1,0,0,0,0,1,0,0,1,1,1,1,1,0,0,1,0,1,0,0,1,0,0,0.610537
1,1,0,0,1,0,1,0,1,0,1,0,0,0,0,1,0,0,1,1,1,0,1,0,0,1,0,1,1,0,0,0,0.615592
1,0,1,1,1,0,0,0,0,0,0,1,1,1,1,0,0,0,1,1,1,0,1,0,1,1,0,1,1,0,0,0,0.612448
1,1,1,1,0,1,0,1,0,1,0,1,0,0,0,0,1,1,0,1,1,0,0,1,0,0,1,0,0,0,1,0,0.634377
1,0,1,0,0,0,1,0,1,0,1,1,0,1,0,1,0,0,1,1,1,1,1,1,1,0,0,1,0,0,0,1,0.582522
0,0,0,1,0,0,1,0,0,0,1,1,0,0,0,0,0,0,1,0,0,1,0,0,1,0,1,0,1,0,0,0,0.708814
0,0,1,1,1,0,1,1,1,0,0,1,0,0,1,0,0,1,1,0,1,0,0,1,1,0,0,0,0,0,0,1,0.607016
1,1,0,0,0,1,1,0,1,1,1,0,0,0,0,1,0,1,1,1,0,0,0,1,1,1,0,0,0,0,0,0,0.621552
1,1,0,1,0,0,1,0,0,1,1,0,0,1,0,1,0,0,0,1,0,0,0,1,0,0,1,0,1,1,1,0,0.634478
1,0,0,1,0,1,1,0,0,0,0,1,0,0,1,1,1,1,0,1,0,1,1,0,0,1,0,1,0,1,1,0,0.589212
1,0,0,0,1,1,1,0,1,0,1,1,0,1,0,0,0,1,1,1,1,1,1,1,1,1,0,0,1,1,1,1,0.521740
0,1,1,1,0,1,0,0,1,1,1,1,0,1,0,0,1,0,1,1,0,0,0,0,0,0,0,1,0,1,0,1,0.613680
0,1,1,0,1,1,1,1,0,0,1,1,1,1,1,0,1,1,0,0,1,0,1,1,1,0,0,1,1,1,0,0,0.565095
1,0,0,0,0,0,0,1,0,1,0,1,0,0,1,0,1,1,0,1,0,0,0,1,1,0,0,1,1,1,0,1,0.606136
1,0,0,1,0,0,0,0,0,0,0,1,1,0,0,1,0,0,0,1,0,0,0,1,0,0,0,1,0,1,1,1,0.624846
1,0,1,0,1,1,1,0,1,1,0,0,0,0,1,1,1,0,1,1,1,1,1,1,0,0,1,1,1,1,1,0,0.550635
0,0,0,1,1,0,1,1,1,0,1,1,1,0,0,0,0,1,0,1,0,0,0,1,0,0,1,1,1,0,0,1,0.639859
1,1,1,1,1,1,1,0,1,1,0,1,0,0,1,1,0,1,0,0,1,1,0,0,1,0,1,0,0,0,0,1,0.581667
0,1,0,0,0,1,0,1,0,0,0,1,0,0,1,0,1,1,1,0,1,1,0,0,0,0,0,0,0,1,0,0,0.645517
1,0,1,0,0,1,1,1,1,0,1,1,0,1,0,0,0,0,1,0,1,1,1,1,1,0,0,1,1,1,0,1,0.542588
0,0,0,0,1,1,0,1,1,1,0,0,0,0,0,0,1,1,0,0,1,0,0,1,1,0,0,1,0,0,1,1,0.675418
0,1,1,1,0,1,0,1,0,0,0,1,0,1,1,0,0,1,1,0,0,1,0,0,0,1,1,0,0,1,1,0,0.630605
0,0,0,0,1,1,1,1,0,0,1,0,0,0,0,0,0,0,1,0,0,0,1,0,0,0,0,1,0,1,0,0,0.637873
1,1,0,0,0,1,1,0,1,1,1,0,1,0,0,0,0,1,1,0,0,1,1,0,0,1,1,1,1,0,0,1,0.584459
1,0,1,1,1,1,1,1,0,0,1,0,0,1,0,0,0,1,0,1,0,0,1,0,1,1,1,1,1,1,1,0,0.549579
1,1,0,1,0,1,1,0,0,1,0,1,1,1,1,0,0,1,0,1,0,0,1,1,1,0,0,1,0,0,0,1,0.593411
1,1,1,1,1,0,0,0,1,1,0,0,0,0,0,0,1,1,0,0,1,1,1,0,0,1,1,1,0,1,0,0,0.684144
1,1,1,1,0,0,1,0,0,0,1,1,1,0,0,1,0,1,1,0,0,1,1,0,1,0,1,1,0,0,0,0,0.623739
1,0,1,0,0,0,1,1,0,0,1,1,0,0,1,1,1,1,1,1,0,0,1,0,1,1,1,1,0,1,0,0,0.570854
0,1,0,1,1,1,1,1,1,0,1,1,1,1,0,1,1,0,0,1,0,1,0,0,0,1,1,1,1,0,0,1,0.555111
1,0,1,0,0,0,1,0,1,1,1,0,0,0,1,0,1,1,1,1,1,1,0,0,0,0,0,1,1,1,1,1,0.588885
0,1,0,1,0,0,0,0,0,0,0,0,0,1,0,0,1,1,0,0,0,1,1,0,1,1,0,0,0,0,1,0,0.663347
0,0,0,1,0,0,1,0,0,1,0,1,0,0,1,0,1,1,1,0,0,1,0,0,1,0,0,0,0,1,1,0,0.667421
0,1,0,1,1,1,0,0,0,1,0,0,1,0,0,1,0,0,0,0,0,1,1,1,0,1,1,1,1,0,1,0,0.612825
1,1,1,0,0,1,1,0,0,0,1,0,1,0,1,1,1,0,1,1,1,0,0,1,0,1,0,0,0,1,0,1,0.583302
0,0,1,1,0,1,1,1,0,1,1,0,1,1,1,0,0,0,1,0,0,1,0,0,0,0,0,0,1,1,1,0,0.604124
1,1,1,0,1,1,0,1,1,0,1,0,0,0,0,1,1,0,1,1,1,0,1,0,1,0,0,0,0,0,0,0,0.655727
0,1,1,0,1,0,0,1,0,1,0,0,0,0,0,1,0,1,1,1,1,1,1,0,0,0,1,0,1,0,0,1,0.598868
1,1,0,0,0,0,1,0,0,1,1,0,1,0,1,1,1,1,0,0,1,0,1,0,1,1,0,0,1,1,0,0,0.612096
1,0,0,1,1,1,0,1,0,0,1,0,1,1,1,1,0,0,1,1,1,1,1,0,0,1,1,1,1,1,1,1,0.471294
1,1,0,0,0,1,1,0,0,1,0,1,1,1,0,1,1,1,0,0,0,0,1,1,1,0,1,1,0,1,0,0,0.617654
0,1,0,0,1,1,1,0,0,0,0,0,1,1,0,1,0,0,1,0,1,0,0,1,1,1,0,0,1,0,1,1,0.607268
1,0,0,1,1,0,1,0,1,1,1,0,1,1,0,1,1,1,1,0,1,1,0,1,1,0,0,0,1,1,0,0,0.583428
1,1,0,1,0,1,0,1,0,0,0,1,0,0,1,0,0,1,0,1,1,1,0,1,0,0,0,0,1,1,1,0,0.611417
1,1,1,0,1,1,0,0,0,1,0,1,1,0,0,1,1,1,1,1,1,1,1,1,0,0,0,0,0,0,0,1,0.587854
0,0,1,0,1,0,1,1,1,0,0,0,1,1,1,0,1,0,0,1,0,1,0,1,1,1,1,0,0,1,1,1,0.569647
0,1,1,1,0,1,0,1,1,1,1,0,1,1,1,1,0,0,1,1,0,0,1,0,0,0,0,0,0,0,1,1,0.592657
0,1,0,1,1,0,1,0,0,0,1,0,1,0,0,1,1,0,1,1,1,0,1,0,0,1,0,0,0,1,0,0,0.613253
0,0,0,0,0,1,1,0,0,1,0,0,0,0,0,0,0,1,1,1,1,1,1,1,1,1,1,0,1,0,0,0,0.676424
1,0,1,0,0,0,1,0,0,0,1,0,1,0,1,0,0,0,0,1,1,0,1,0,1,0,1,1,1,0,1,1,0.612574
0,1,0,0,1,1,1,1,0,0,0,1,1,0,1,0,1,0,0,1,0,1,0,0,0,1,0,0,1,1,0,0,0.631887
0,1,1,0,0,1,1,1,1,0,1,0,0,1,0,1,1,1,0,1,1,1,1,0,1,1,0,1,1,0,0,1,0.571457
0,0,1,0,1,0,0,1,0,1,1,0,1,1,1,0,0,1,0,0,0,0,1,1,0,0,0,0,0,1,0,1,0.634151
0,0,1,0,0,0,0,0,1,0,0,0,1,0,1,0,0,1,0,1,0,1,0,1,1,1,0,0,0,1,0,1,0.673029
1,0,1,1,1,1,1,0,1,1,0,0,1,0,1,0,0,0,0,0,0,1,1,0,0,1,0,1,0,0,1,1,0.598340
1,1,1,0,1,1,0,1,1,0,1,0,1,1,0,0,1,1,0,0,0,0,1,1,1,1,1,1,0,1,0,0,0.642273
1,1,1,0,1,0,0,0,0,1,0,1,1,1,0,0,1,0,1,1,1,1,1,0,1,0,0,0,1,0,0,0,0.642122
0,1,0,1,0,0,1,1,0,0,0,0,1,0,0,0,0,1,1,1,0,1,1,0,1,1,0,0,0,1,1,0,0.627310
0,0,1,1,0,0,1,0,0,0,0,1,0,0,0,1,1,0,1,1,1,1,1,1,0,0,0,1,0,1,1,0,0.661386
1,1,0,1,1,0,1,0,0,0,1,1,0,0,1,1,1,1,1,0,0,1,0,0,0,1,1,0,1,1,1,0,0.578398
0,1,1,1,1,0,1,0,0,0,0,1,0,0,0,0,1,1,1,0,0,1,0,1,1,1,1,1,0,1,1,1,0.591525
0,1,1,1,0,0,1,0,0,0,1,1,0,1,0,0,1,0,0,0,1,1,0,0,0,0,1,0,1,0,0,0,0.649264
1,0,1,0,0,1,1,0,1,1,0,1,0,1,0,1,1,0,1,1,0,0,1,1,1,1,0,1,0,1,1,0,0.565422
0,0,0,0,1,0,1,1,0,0,0,0,1,0,1,1,0,0,1,0,0,1,0,0,1,1,1,1,1,0,1,1,0.624343
0,1,0,0,1,1,1,1,1,1,1,1,1,0,0,1,0,1,0,0,0,0,1,1,0,1,1,0,0,1,1,0,0.563360
1,1,0,0,0,0,1,0,0,0,0,1,1,0,0,0,0,1,0,0,1,1,0,0,1,0,1,0,0,1,0,0,0.646775
0,0,1,1,1,0,1,1,0,0,1,0,0,1,1,0,0,1,1,0,0,0,1,0,0,1,0,0,0,1,0,1,0.641896
1,0,0,0,0,0,1,0,1,1,0,1,0,1,0,0,1,1,0,0,0,1,0,0,1,0,0,1,1,1,0,1,0.636590
1,0,0,1,1,0,0,0,0,0,1,1,0,1,0,1,1,0,1,1,0,0,0,1,1,1,1,0,0,0,0,1,0.622205
1,0,1,0,0,1,1,0,0,0,0,0,1,0,0,0,0,0,1,0,1,1,0,1,1,1,0,1,1,0,1,1,0.639759
0,0,0,1,0,0,0,0,0,0,1,1,0,1,1,0,1,0,1,0,1,1,0,1,1,0,0,1,0,0,0,0,0.695436
1,0,0,1,1,1,1,0,1,0,0,0,1,0,0,0,0,1,1,1,0,1,1,1,0,1,1,1,0,1,0,0,0.590092
0,0,1,1,0,0,0,1,0,0,0,0,1,0,1,0,0,1,1,1,1,0,1,1,1,0,0,1,1,1,0,0,0.657060
1,0,0,1,1,0,0,1,0,1,0,0,0,0,1,0,0,1,1,0,0,1,0,0,1,0,0,1,0,1,1,0,0.629825
1,0,0,0,1,0,1,0,0,1,0,1,1,0,1,1,0,1,0,1,0,0,0,0,1,1,1,1,1,1,1,0,0.603873
1,0,0,0,1,1,1,1,1,1,1,0,1,1,1,0,0,0,0,1,1,0,0,0,1,1,0,1,0,1,1,1,0.548196
0,1,0,1,1,1,0,1,1,1,0,1,0,0,1,1,0,1,1,1,0,0,1,1,1,1,0,1,0,0,0,1,0.538564
1,1,1,0,0,0,1,0,0,1,0,0,1,0,0,1,0,0,1,1,1,0,0,1,1,0,0,1,1,0,0,1,0.616346
0,1,0,0,0,1,1,1,0,0,1,1,1,1,0,1,1,1,0,0,1,1,1,0,1,1,1,1,0,1,0,1,0.552370
0,0,1,1,1,1,1,1,1,1,0,0,0,0,1,0,0,1,1,0,0,1,0,0,0,0,1,1,0,0,0,0,0.666465
0,1,1,0,0,1,1,1,1,1,0,0,1,1,0,1,1,1,1,0,1,1,1,1,1,1,1,0,1,1,1,1,0.462392
0,1,0,1,1,1,0,0,1,0,1,1,1,0,0,1,0,0,1,0,1,1,0,1,1,0,1,0,1,1,1,0,0.594669
1,0,0,0,1,1,1,0,0,1,0,1,1,0,1,1,0,1,1,0,1,0,1,1,1,1,0,0,1,0,1,0,0.569798
1,1,1,0,1,1,0,1,0,0,1,0,1,1,1,1,1,0,0,0,1,0,0,0,0,0,1,0,1,0,0,1,0.557400
0,1,1,0,0,0,0,1,0,0,1,0,0,0,1,1,1,1,0,1,0,0,1,1,1,1,0,1,0,1,0,0,0.632868
0,1,0,0,1,1,1,1,1,0,0,1,1,1,1,1,1,1,1,0,0,0,0,1,1,1,1,1,0,0,0,1,0.537533
0,1,1,0,0,1,0,0,1,1,1,0,1,0,1,1,1,1,0,0,1,0,0,1,1,1,1,0,1,1,0,0,0.599572
0,1,0,1,0,0,0,0,1,0,0,1,1,1,1,0,0,1,1,0,0,1,0,0,1,0,0,0,0,0,0,0,0.635257
1,1,0,0,1,1,0,1,1,0,1,0,1,0,1,0,0,0,1,1,1,1,0,0,0,0,1,1,0,1,0,1,0.591500
0,1,0,1,0,0,0,0,1,1,0,0,0,1,0,0,0,0,1,1,0,1,1,0,1,1,0,0,0,1,0,0,0.613454
1,0,1,0,0,1,0,1,0,1,1,1,1,1,0,1,1,1,0,0,0,1,1,1,0,0,1,1,1,1,1,0,0.561826
0,1,0,0,1,0,0,0,0,1,1,0,1,1,1,1,1,1,1,1,1,1,0,1,1,1,1,1,1,1,1,1,0.500063
0,1,1,0,1,1,0,0,1,0,0,1,1,0,1,0,1,1,0,0,0,0,1,0,0,0,1,0,0,1,1,0,0.632818
0,0,1,0,0,0,0,1,0,0,0,0,0,1,1,1,0,0,1,0,1,0,1,1,1,1,0,1,1,0,0,0,0.695461
0,0,1,1,1,1,0,1,0,0,0,0,0,1,0,0,0,1,1,1,1,1,0,1,0,0,1,0,0,1,1,1,0.639708
0,1,1,0,1,0,1,0,1,1,0,1,1,0,0,1,1,1,1,1,1,0,0,0,1,1,0,0,0,0,1,0,0.607846
0,1,0,1,1,0,1,1,1,0,1,0,0,0,1,0,1,0,0,0,0,1,1,0,1,1,1,1,0,1,0,1,0.587753
1,1,1,0,0,0,1,1,0,1,0,1,1,0,0,1,1,1,1,0,1,0,1,1,0,0,0,1,0,0,0,1,0.591928
0,0,1,1,1,1,0,1,0,1,0,0,1,1,1,0,0,0,0,0,0,0,0,0,1,1,1,0,1,0,0,0,0.611191
1,0,0,1,0,0,0,1,1,1,0,1,1,0,1,0,1,0,0,1,1,0,1,1,1,0,1,0,0,1,1,1,0.568666
1,1,1,1,1,0,0,0,0,1,1,0,1,0,0,0,0,0,0,0,1,0,1,1,0,1,1,0,1,0,1,1,0.618333
0,1,0,0,1,1,1,1,1,0,1,1,0,0,0,0,0,1,0,1,0,1,0,0,1,0,1,0,0,0,0,0,0.623790
1,0,1,1,1,0,0,1,0,1,1,1,1,0,1,1,1,0,1,1,1,1,0,0,1,1,0,0,1,1,1,1,0.474890
1,1,1,1,0,0,1,1,1,1,0,1,0,1,0,0,1,0,1,0,0,1,0,0,0,1,0,0,0,1,1,1,0.597485
0,0,1,0,0,1,1,1,0,1,1,1,1,0,1,0,0,1,0,0,0,0,0,1,0,0,0,1,0,0,1,0,0.652383
0,1,0,1,0,1,1,0,1,0,0,1,1,0,1,0,1,0,1,0,1,0,0,0,0,0,0,0,0,1,0,0,0.626958
0,0,0,1,0,0,0,1,0,0,1,1,1,0,0,0,1,1,0,1,1,1,0,0,0,1,1,0,0,1,0,0,0.653892
1,1,1,1,1,1,0,1,1,0,1,0,1,0,0,1,0,0,0,0,1,0,0,0,1,1,0,0,1,1,1,1,0.533182
0,1,1,1,1,1,0,1,0,0,0,1,1,0,1,1,1,0,0,0,1,0,0,0,0,0,0,0,1,1,0,1,0.580536
1,1,1,0,0,0,0,0,1,1,0,0,0,1,0,1,0,1,1,1,0,1,1,0,1,0,0,0,0,1,0,0,0.616874
0,1,1,0,1,1,1,0,1,1,1,0,1,1,0,1,0,1,0,0,1,0,0,0,1,1,1,0,1,0,0,1,0.601735
0,0,1,0,1,1,0,0,1,0,0,0,0,0,1,0,1,0,1,0,1,1,1,0,1,0,1,0,0,0,0,0,0.664705
1,0,0,0,1,1,1,1,0,0,1,0,1,1,0,1,1,1,0,1,0,1,0,1,1,0,1,0,0,0,0,0,0.601886
0,1,0,0,0,0,1,0,1,1,1,1,0,0,0,1,0,0,0,0,0,0,1,1,1,0,1,1,1,1,1,0,0.700440
1,0,0,1,0,0,0,0,1,1,0,0,0,0,0,1,1,0,0,1,1,1,0,1,0,1,0,0,1,1,0,0,0.640136
1,1,1,0,1,1,1,0,1,0,1,1,1,0,1,0,0,0,1,1,1,0,1,0,0,0,0,0,0,1,1,0,0.589463
0,1,0,0,1,0,1,0,1,0,0,0,0,0,0,1,1,0,0,0,1,0,1,1,0,0,1,0,0,0,0,1,0.631485
0,0,0,0,1,1,0,1,1,0,1,1,0,1,1,1,0,1,1,0,1,1,0,1,1,0,1,1,0,1,1,1,0.577694
0,0,0,1,1,1,0,1,0,0,0,1,0,1,1,1,0,0,1,1,0,0,0,0,1,1,1,0,0,1,1,0,0.615315
0,1,0,0,0,1,0,1,1,1,0,1,0,1,0,1,1,0,1,1,0,1,0,1,0,1,1,0,0,1,1,0,0.593537
0,0,1,0,1,1,0,0,1,0,1,0,1,0,1,1,0,1,0,0,1,0,0,0,1,1,1,1,1,1,1,1,0.658343
1,0,0,0,1,0,1,1,0,1,1,0,1,1,1,0,0,0,1,1,1,0,0,0,0,1,0,0,0,0,0,1,0.612800
1,1,1,1,0,1,0,1,1,0,1,0,0,1,0,0,0,0,1,0,1,1,0,1,0,1,1,1,0,0,1,0,0.595448
0,1,0,1,0,0,0,0,1,1,0,0,0,0,0,0,1,0,1,1,1,0,0,0,1,1,1,1,0,0,1,0,0.623865
0,0,0,0,1,0,1,0,1,0,0,0,1,0,0,0,0,1,1,1,0,1,0,0,0,1,0,1,1,0,1,0,0.681529
0,1,0,0,0,1,0,1,1,1,1,1,0,0,1,0,1,1,1,1,1,0,1,0,0,0,0,0,1,0,1,1,0.604049
0,1,0,0,1,0,1,1,1,1,0,0,1,1,0,1,1,0,0,1,0,0,0,1,1,1,0,1,0,0,1,0,0.591953
0,0,1,1,1,0,1,0,1,1,1,1,1,1,1,1,1,0,1,1,0,0,1,1,1,0,0,1,1,0,1,1,0.482485
1,1,0,1,1,0,0,1,1,1,0,0,1,1,1,0,0,0,0,1,1,1,0,1,0,1,1,0,0,1,0,0,0.611266
0,1,0,1,1,1,0,1,0,1,1,0,1,1,1,0,0,1,0,0,1,0,0,0,1,1,0,0,1,0,0,1,0.610260
1,1,1,0,1,0,0,1,1,0,0,0,1,1,1,0,0,1,0,1,1,0,0,0,0,0,0,0,1,0,1,1,0.600905
1,1,0,0,0,0,0,0,1,0,0,1,1,0,0,1,1,1,1,0,0,1,1,0,0,0,1,0,0,1,1,1,0.610713
0,0,1,0,0,0,0,1,1,1,0,1,1,0,0,0,0,0,1,1,0,0,1,0,0,0,0,1,1,1,0,0,0.667899
1,1,1,0,1,1,0,0,0,0,0,1,0,1,1,1,1,0,1,0,0,0,0,1,1,0,0,0,0,0,0,1,0.605155
0,0,0,1,1,0,0,1,1,1,0,1,1,1,0,0,0,0,1,0,1,0,1,1,1,0,0,0,1,0,1,1,0.622482
0,1,1,1,1,0,1,0,1,1,1,0,1,1,1,1,1,1,1,1,0,0,1,0,1,1,0,1,1,0,0,1,0.547542
0,0,1,0,1,0,1,0,0,0,0,0,0,1,1,0,0,1,0,0,1,1,0,0,1,0,0,1,1,1,0,0,0.641418
0,0,0,0,1,0,0,1,1,0,0,1,1,0,1,0,0,0,0,0,0,0,0,0,0,1,1,0,1,1,0,0,0.713794
0,1,0,1,1,0,1,0,1,0,1,1,1,0,0,1,0,1,1,0,0,0,1,1,0,1,0,0,1,1,1,0,0.587753
0,1,0,0,1,1,1,0,1,0,0,1,0,0,1,0,1,0,1,1,0,0,0,1,0,1,0,1,0,0,0,1,0.614686
1,1,0,0,0,1,1,0,1,1,0,1,0,0,1,1,0,1,1,1,0,0,0,0,0,1,1,0,1,1,1,0,0.588281
1,0,1,1,0,0,0,0,1,1,0,0,1,1,1,0,1,1,0,1,0,1,1,1,0,1,1,1,0,0,1,0,0.567559
1,0,0,0,1,0,1,1,1,1,0,1,0,0,0,0,0,0,0,1,1,1,0,0,0,1,1,0,0,1,1,0,0.632843
0,0,0,0,1,0,1,0,0,1,0,1,0,0,1,0,0,0,1,0,0,0,0,1,0,0,1,0,0,1,1,1,0.645014
0,0,1,1,1,0,0,1,1,1,0,0,0,1,1,0,1,1,1,0,1,0,1,0,1,0,1,0,1,1,1,0,0.600251
0,1,0,0,1,1,0,0,0,0,0,0,1,0,0,1,1,1,0,1,0,0,0,1,0,1,1,1,1,0,0,0,0.655727
0,0,1,0,0,1,1,1,0,1,0,1,1,1,1,1,0,1,1,0,1,0,1,0,1,1,1,0,0,1,1,1,0.546938
0,0,0,1,1,1,1,1,1,1,1,1,1,1,1,1,0,0,0,0,0,1,0,0,1,1,0,0,1,0,1,1,0.560820
0,1,1,0,0,1,1,0,0,1,1,0,0,1,0,0,1,1,1,1,0,0,0,0,1,0,1,0,1,0,1,1,0.622432
1,1,1,1,0,1,1,0,1,0,1,1,1,0,1,1,0,1,1,1,0,0,0,0,1,1,0,1,0,0,1,0,0.593411
0,0,0,0,1,0,1,0,1,0,0,1,0,0,1,1,0,1,0,0,0,0,0,1,1,1,0,0,0,0,0,1,0.688218
1,0,0,0,1,0,1,1,1,0,0,1,0,1,1,0,1,0,0,0,0,1,1,1,0,1,1,0,1,0,1,1,0.580108
0,1,1,1,0,1,1,0,0,1,0,0,0,0,1,1,1,0,1,0,1,0,1,1,1,1,1,0,0,1,1,0,0.574349
0,0,0,1,1,1,1,1,1,1,1,0,0,1,1,0,0,1,1,1,1,0,1,0,0,0,1,0,0,0,0,1,0.632742
0,1,0,1,0,1,1,0,1,0,1,0,1,1,1,1,0,1,1,0,1,1,1,0,1,0,1,0,1,1,1,1,0.540626
0,0,0,1,1,0,0,0,0,1,1,0,0,0,1,0,1,0,1,0,1,1,1,1,1,1,0,1,0,0,1,1,0.609632
1,0,0,1,0,0,1,0,1,1,1,1,0,0,1,1,1,1,1,1,1,1,0,1,0,0,1,0,0,0,1,1,0.579505
1,0,0,0,0,1,1,1,0,0,0,1,0,0,0,1,1,0,1,0,0,0,0,0,1,0,1,1,1,1,1,0,0.639733
0,0,1,0,0,1,1,1,1,1,0,0,1,0,1,1,1,1,1,1,1,0,1,1,0,0,1,0,1,1,0,0,0.572991
1,0,0,1,1,0,0,0,0,0,0,1,0,1,1,1,0,0,1,1,1,1,1,1,0,1,0,1,1,0,0,0,0.607997
1,0,0,1,0,0,0,0,0,1,1,0,0,0,1,0,0,1,0,1,0,0,0,0,1,0,0,1,1,0,0,1,0.652358
0,1,0,1,1,1,0,1,0,1,1,0,1,0,1,1,0,1,0,1,0,0,0,0,0,1,0,1,1,1,1,1,0.572589
1,1,1,1,1,1,1,0,1,0,1,1,1,0,0,1,1,1,0,0,0,0,1,1,1,1,0,1,0,0,1,0,0.647077
1,0,1,0,0,0,0,1,1,0,0,1,0,0,1,1,0,1,0,1,1,1,1,0,1,1,1,0,0,0,1,1,0.604300
1,1,1,1,1,1,1,1,1,0,0,1,0,1,0,1,0,1,0,0,1,0,0,0,0,1,0,1,1,1,1,1,0.496416
0,1,1,0,1,0,1,1,1,0,0,1,0,1,0,1,1,0,1,0,0,0,1,1,1,1,1,1,0,0,0,1,0.563561
1,0,1,1,0,0,1,1,1,1,0,1,1,0,1,1,0,0,0,1,0,1,1,1,0,1,0,0,1,0,0,0,0.586294
1,0,0,0,0,0,0,0,1,0,0,0,0,1,1,0,0,0,1,0,1,0,1,0,1,1,1,0,1,1,1,1,0.658670
0,0,0,0,1,0,0,1,0,0,0,1,1,0,1,0,1,0,0,0,1,1,0,0,1,0,0,0,1,1,1,1,0.656784
0,0,0,0,1,0,1,1,1,1,0,0,0,0,1,1,0,1,0,1,1,1,0,1,0,0,1,1,0,1,1,1,0.655174
0,1,1,1,1,1,0,0,1,0,1,1,0,0,0,1,1,1,0,1,0,0,0,1,1,0,1,0,1,0,1,1,0.528430
0,0,1,0,1,1,0,0,0,0,0,0,0,1,0,1,0,1,1,0,0,1,1,1,0,0,0,0,0,1,0,1,0.696190
1,0,1,1,0,1,0,0,0,0,0,1,0,1,1,1,0,0,0,0,0,0,0,1,1,0,0,1,1,0,0,0,0.645165
1,1,1,1,1,1,0,1,1,1,1,1,1,1,1,0,0,0,1,1,0,1,1,1,0,0,1,1,0,1,0,1,0.520609
0,0,1,1,1,1,0,1,0,1,1,1,0,1,0,1,1,1,1,1,1,1,1,0,0,0,1,0,0,0,0,0,0.619490
0,0,0,1,0,1,1,1,0,1,0,1,1,0,1,0,1,0,1,1,0,1,0,1,1,1,1,0,1,1,1,0,0.596228
1,0,1,1,1,0,0,0,1,1,1,1,0,0,0,0,0,1,1,1,1,0,1,0,1,1,0,1,1,0,0,0,0.606010
0,0,1,1,1,0,1,0,0,1,1,0,0,1,1,1,0,0,1,0,0,0,1,0,1,1,1,0,1,1,0,0,0.598592
1,0,0,1,1,1,1,0,0,0,0,0,0,0,1,1,1,0,1,0,1,0,1,0,0,0,1,0,0,0,0,1,0.618811
0,1,1,1,0,1,1,0,1,1,0,0,1,0,0,0,0,1,0,0,0,0,1,0,1,0,1,1,1,0,1,0,0.614963
1,1,1,0,1,0,1,1,0,1,0,1,1,1,1,1,1,1,1,0,1,0,0,0,0,0,0,1,0,1,0,1,0.587451
1,1,0,0,0,1,1,0,0,1,0,1,0,0,0,1,1,1,0,0,1,0,1,0,1,0,1,0,0,1,0,0,0.615793
1,0,1,0,0,1,1,0,1,0,1,0,0,0,0,0,1,1,0,0,1,0,1,0,0,1,0,0,1,1,1,0,0.625852
