1,1,1,1,0,1,0,0,0,0,0,0,0,0,1,0,0,0,0,1,0,1,1,1,0,1,0,0,1,1,0,1,0.659127
1,1,0,1,1,0,1,1,0,1,0,1,0,0,0,0,0,0,1,0,1,0,1,1,0,1,0,1,1,0,1,0,0.587996
1,1,0,0,0,1,1,0,1,1,0,0,0,0,0,1,0,1,0,1,0,0,0,0,1,1,0,0,1,0,0,1,0.633525
0,0,1,1,1,1,1,1,0,0,0,1,0,1,0,0,1,0,0,0,1,0,0,1,0,0,0,1,1,0,0,0,0.621643
1,1,0,1,1,1,1,1,0,1,1,1,0,1,0,1,0,1,0,0,0,0,0,1,1,0,0,0,0,0,1,1,0.586477
0,0,1,0,1,0,1,0,1,1,0,0,0,0,0,0,1,0,0,1,0,1,1,1,0,1,1,0,1,0,0,0,0.626279
1,1,0,0,1,1,0,1,1,0,0,0,1,1,1,0,1,0,0,1,0,1,0,0,0,1,0,1,0,0,1,1,0.602408
0,1,1,1,0,0,0,1,0,0,0,1,0,0,0,1,1,0,1,0,0,0,1,0,1,0,0,1,0,0,0,0,0.638773
0,0,0,0,0,1,1,0,0,1,1,0,1,1,1,1,1,0,1,1,0,1,0,1,1,0,0,1,0,0,0,1,0.664376
0,0,0,0,0,1,0,1,0,0,0,0,1,1,0,1,1,1,0,1,1,1,0,0,1,0,1,0,0,0,1,1,0.701780
0,0,0,1,1,1,1,1,0,0,1,0,1,1,1,0,0,1,0,1,1,1,0,0,1,0,0,1,0,0,0,1,0.622656
1,0,0,0,1,0,0,1,0,0,1,0,0,0,1,1,0,0,0,0,0,0,1,0,0,0,0,1,1,0,0,1,0.577978
0,1,0,1,0,0,0,1,1,0,0,0,0,1,0,1,0,1,1,0,1,0,0,1,1,1,1,1,0,1,0,0,0.634324
0,0,0,1,1,1,1,0,0,1,1,1,1,1,1,0,0,0,1,1,1,0,0,0,1,1,0,0,0,0,1,1,0.605738
0,1,0,0,1,1,0,1,0,1,1,0,0,1,1,0,0,1,0,0,0,1,1,0,0,0,1,1,0,1,1,0,0.601582
0,0,1,1,1,1,0,0,0,0,1,0,0,0,1,0,0,1,1,0,0,0,0,1,1,0,1,0,1,1,0,0,0.635976
1,1,1,1,0,0,0,0,1,1,1,1,0,1,0,1,1,1,1,0,0,1,0,0,1,0,1,1,1,1,1,0,0.567509
1,1,0,0,1,1,0,0,0,0,0,0,0,0,1,1,0,0,1,1,0,1,0,0,1,1,0,0,1,1,1,0,0.628650
0,1,1,1,0,1,1,1,1,0,1,0,0,1,1,1,0,1,1,0,1,1,0,1,0,1,0,0,1,0,0,0,0.594949
1,0,1,1,0,0,0,1,1,1,1,1,1,0,0,0,1,1,1,1,1,0,0,0,1,1,1,1,0,1,0,1,0.568334
0,1,0,0,1,1,1,1,1,1,1,1,0,0,0,1,1,0,1,0,1,0,1,1,0,1,1,0,1,0,0,1,0.552749
0,0,0,1,1,1,1,1,1,1,1,0,1,1,1,1,0,0,0,0,1,1,0,0,1,1,0,0,1,0,1,0,0.602888
1,1,0,0,1,0,1,1,1,0,1,1,1,0,0,0,1,1,1,0,0,1,0,1,1,0,1,0,1,1,0,0,0.584186
1,0,1,0,1,0,0,0,0,0,0,0,1,1,0,0,0,1,0,1,1,1,1,1,1,0,1,0,0,0,1,0,0.612372
1,1,0,1,1,0,1,0,1,1,1,0,0,1,0,1,0,0,1,1,0,0,1,0,0,0,0,0,0,0,1,1,0.608749
0,1,1,0,0,0,1,0,0,0,1,0,0,0,1,1,0,1,1,0,0,1,0,1,0,1,1,1,0,1,0,0,0.628250
1,1,0,0,0,1,1,1,0,0,0,0,1,0,1,1,0,1,1,1,0,1,0,1,0,0,0,1,0,1,1,1,0.589567
0,0,1,1,0,0,1,0,0,1,0,0,1,0,1,1,1,0,1,0,0,0,0,0,1,0,1,0,1,1,0,0,0.639759
1,1,0,1,1,1,0,0,0,0,1,1,0,1,1,1,0,1,1,1,1,0,0,0,0,1,0,1,0,1,0,1,0.570705
1,0,0,0,1,0,0,1,1,0,0,0,1,0,1,0,0,0,0,0,0,1,0,0,1,1,0,0,1,0,0,0,0.650282
1,1,0,1,0,0,0,1,1,0,0,0,1,1,1,1,1,0,0,0,0,0,0,0,1,1,0,0,1,1,1,0,0.580350
1,1,0,0,0,1,0,1,0,0,0,0,1,1,0,1,1,1,1,1,0,0,0,0,1,1,1,1,0,0,0,0,0.596654
1,0,1,1,1,0,1,1,0,0,0,1,1,0,0,1,1,1,0,1,0,1,0,1,1,0,1,1,0,1,1,0,0.553922
1,1,1,0,1,1,1,0,0,0,0,1,0,1,1,0,0,0,0,0,0,0,0,1,0,0,0,0,0,1,1,0,0.665867
1,0,0,0,1,1,1,0,1,1,0,0,1,1,0,1,0,0,1,1,0,1,1,0,0,1,0,1,1,1,0,0,0.598652
1,1,1,1,1,1,1,1,1,1,1,0,1,0,1,1,1,1,0,0,0,1,1,1,0,0,0,0,1,0,1,0,0.625719
1,1,1,1,1,0,0,1,0,0,0,0,1,0,0,1,1,1,1,1,0,1,0,1,0,0,0,1,0,0,1,1,0.542146
1,1,1,1,0,0,1,0,0,1,1,1,1,1,0,0,0,0,1,1,0,1,1,0,1,1,1,1,1,1,0,1,0.547847
1,1,0,1,0,1,0,1,0,0,1,1,0,1,0,0,0,0,1,1,0,1,1,0,1,1,0,0,0,1,1,0,0.589088
1,0,1,1,1,1,1,1,1,0,1,0,0,0,0,1,1,0,1,0,1,0,1,0,1,0,1,0,0,0,0,1,0.614557
1,1,0,0,1,1,1,0,0,0,0,1,0,1,0,0,0,0,1,0,0,0,1,1,1,0,0,0,0,0,1,0,0.631953
1,0,0,1,1,0,1,1,1,0,0,1,0,0,1,0,0,1,0,1,0,1,1,0,0,1,0,0,0,1,1,1,0.595881
1,1,0,0,1,1,1,0,1,0,1,0,1,0,0,1,0,0,1,1,1,1,1,0,1,0,1,1,0,0,0,0,0.577179
1,1,1,1,0,1,1,0,1,1,0,0,0,0,0,0,0,0,1,1,1,0,1,1,0,0,1,0,1,0,0,1,0.600677
1,0,0,0,0,1,0,1,1,0,0,0,1,0,1,1,0,1,1,1,0,0,0,0,1,0,0,1,1,1,1,1,0.553256
1,1,0,0,0,0,0,0,1,1,0,1,0,1,0,1,1,1,1,0,0,1,0,1,0,1,0,0,0,1,0,0,0.624893
0,1,1,0,0,1,1,0,0,0,0,0,1,1,1,0,1,0,0,1,1,0,0,0,1,1,0,1,0,0,0,1,0.625107
1,0,1,1,1,0,1,1,1,1,0,0,0,0,1,1,1,0,0,1,0,1,1,0,0,1,0,1,1,0,1,0,0.600730
0,0,0,0,1,1,1,1,1,0,1,0,0,0,0,0,0,0,1,0,0,0,0,1,0,1,0,1,0,0,1,0,0.641731
1,0,1,0,1,0,0,0,0,1,1,0,1,0,1,1,0,1,1,0,0,1,1,0,0,0,1,1,1,0,1,0,0.580270
0,1,0,0,1,0,0,0,1,0,1,1,0,1,1,1,1,0,0,1,1,0,1,1,0,0,0,1,0,1,1,0,0.612985
1,1,1,0,0,0,1,1,0,1,1,0,1,1,1,1,1,0,1,0,1,1,1,1,0,0,0,1,0,1,0,1,0.539429
0,1,0,1,1,1,0,1,1,1,0,0,0,0,1,1,1,1,1,0,1,1,1,1,1,1,0,0,0,1,0,1,0.504795
1,0,0,1,0,1,0,1,1,1,1,1,1,0,1,0,0,1,1,0,1,0,0,0,1,1,1,0,0,1,0,0,0.602302
0,1,1,0,0,0,0,1,0,1,0,1,1,0,0,0,1,0,1,0,0,1,0,1,1,0,1,0,0,1,0,1,0.619325
1,0,1,0,1,1,0,1,1,0,0,0,0,0,0,0,1,0,0,1,1,1,1,1,0,0,1,1,1,0,0,1,0.592897
0,0,0,0,0,1,0,1,1,1,1,0,1,0,0,1,0,1,0,0,1,1,1,0,1,0,1,0,1,0,1,0,0.743260
0,1,1,0,1,1,0,1,1,0,0,1,1,1,0,1,0,0,0,0,0,1,1,0,0,0,0,1,0,0,0,0,0.637068
0,0,1,1,1,1,0,1,1,1,1,0,1,0,0,0,1,1,1,0,1,0,0,0,1,0,0,1,1,1,1,0,0.593590
0,0,1,1,1,0,1,1,1,1,1,1,1,0,0,0,1,1,0,1,1,0,0,0,0,1,0,1,1,0,1,0,0.586797
0,0,1,1,0,1,1,1,1,0,1,0,1,1,0,1,1,0,0,1,1,1,0,1,0,1,1,1,1,0,0,0,0.578192
0,0,1,1,1,0,0,0,0,1,1,1,1,1,1,1,1,0,1,1,0,0,0,0,1,0,1,0,0,1,0,0,0.603634
1,0,0,1,0,0,1,0,0,0,0,1,1,1,1,0,0,1,0,1,0,1,1,1,0,1,1,0,0,1,0,1,0.609149
0,1,1,0,1,1,1,0,0,0,1,0,1,1,0,1,1,1,0,0,1,0,1,1,1,1,1,1,1,1,0,0,0.559649
0,1,0,0,1,1,1,1,1,1,1,0,1,1,0,0,0,0,1,1,1,1,0,1,1,0,0,1,1,0,1,0,0.572917
1,1,1,0,1,1,0,1,1,0,1,1,0,0,1,1,0,1,1,1,1,1,1,0,1,0,1,0,1,0,1,1,0.517423
0,0,0,0,0,0,0,0,0,1,1,1,0,1,0,0,1,1,1,1,1,1,1,0,1,1,0,1,1,1,1,1,0.775176
1,1,0,0,0,0,0,1,1,1,1,0,0,1,0,1,0,0,0,1,1,1,1,1,0,1,0,1,1,0,1,1,0.572917
0,1,0,0,0,0,0,0,1,1,0,0,0,1,1,0,1,0,0,0,0,0,1,1,0,0,0,1,0,0,0,0,0.658408
1,0,0,1,1,0,1,0,0,0,0,0,1,0,1,1,0,0,0,0,1,1,0,0,1,0,1,1,1,0,0,1,0.611147
0,0,1,0,0,1,1,1,0,0,1,0,1,1,0,1,0,0,0,0,1,1,0,1,1,1,1,1,1,0,1,1,0.683530
0,1,0,0,1,1,1,1,0,0,0,0,0,1,0,0,0,0,1,0,0,1,1,0,1,1,0,0,0,0,1,0,0.622336
0,1,0,0,0,1,0,0,0,1,1,0,1,1,0,1,0,1,1,0,0,0,0,1,1,0,0,1,0,1,0,0,0.641251
0,0,1,1,1,1,1,1,0,0,0,0,1,1,0,0,1,1,0,0,1,0,1,1,1,1,0,1,1,1,1,1,0.539775
0,0,1,0,1,0,0,1,0,0,0,1,1,0,1,0,1,0,1,1,1,0,0,1,0,1,0,0,1,1,1,1,0.625027
1,1,0,0,0,1,1,1,0,1,0,1,0,0,0,0,0,0,1,1,0,0,0,1,1,0,1,1,0,0,1,0,0.623988
1,1,0,1,0,0,0,0,0,0,1,1,1,1,1,0,0,1,0,0,0,0,0,0,0,0,1,1,0,0,0,0,0.647192
0,1,1,0,1,1,0,0,0,0,0,1,1,0,0,1,0,1,1,0,1,0,1,1,0,0,1,1,0,0,0,0,0.648018
0,0,1,1,1,0,1,0,1,0,1,1,1,1,1,0,1,1,0,0,1,0,0,0,0,0,0,1,0,0,1,0,0.615036
1,1,1,1,1,0,0,0,1,1,0,1,0,1,1,0,1,1,1,1,1,1,0,1,0,1,0,1,1,1,0,0,0.621697
1,1,0,0,0,0,1,1,1,0,1,1,1,0,1,0,1,1,0,0,0,1,0,0,1,1,1,0,0,1,1,0,0.591192
1,0,1,1,1,0,1,1,1,1,1,1,0,0,1,0,0,0,0,1,0,0,1,1,0,1,0,0,1,1,1,1,0.529385
0,1,0,0,1,0,0,1,0,1,1,1,1,0,0,0,1,1,0,1,1,0,0,1,1,0,1,0,0,0,1,0,0.600011
1,0,1,0,1,1,0,1,1,1,1,0,0,0,0,0,1,1,1,0,1,1,1,0,1,1,1,1,1,0,0,1,0.590766
0,1,0,1,1,0,1,0,0,1,1,0,1,0,0,0,1,1,0,0,1,0,1,1,1,0,0,1,0,1,0,1,0.595029
0,0,1,0,0,0,1,0,1,1,1,1,1,1,1,1,0,0,0,1,1,1,0,1,1,1,1,0,1,0,0,0,0.674899
1,1,1,1,0,0,0,1,0,0,0,1,1,0,1,1,1,1,1,1,0,1,0,0,1,0,1,0,1,1,0,0,0.593590
0,0,0,0,1,1,0,0,0,1,1,1,0,0,0,1,1,0,0,1,0,1,0,1,0,1,0,0,1,1,0,0,0.656756
1,0,1,0,0,1,0,0,0,0,1,1,1,0,1,0,0,1,1,0,0,0,1,0,0,0,1,1,1,1,0,1,0.612718
0,1,0,1,0,1,1,1,0,0,0,1,0,0,1,1,0,1,1,1,1,1,0,0,1,1,1,0,0,1,0,0,0.589621
1,1,0,1,0,1,1,0,1,0,1,1,0,0,1,1,1,0,0,1,0,1,0,0,0,0,0,0,1,1,1,1,0.571238
0,1,1,1,0,0,1,0,0,1,1,0,1,0,1,0,1,1,0,0,0,0,0,1,0,1,1,0,0,0,0,0,0.611679
0,0,0,0,0,1,0,1,0,1,1,0,1,1,1,0,0,0,1,1,0,0,0,0,1,1,0,0,0,0,1,1,0.724185
0,0,1,1,0,1,0,0,1,0,1,1,0,0,1,1,1,1,0,0,1,1,1,0,0,1,0,0,1,0,0,0,0.608882
1,1,1,0,0,0,1,1,0,1,1,1,1,1,0,1,0,1,0,1,0,1,1,0,0,1,0,0,0,1,0,0,0.600570
0,0,0,0,0,0,1,1,1,1,1,0,0,0,1,1,1,1,0,1,1,0,1,1,1,0,1,0,0,1,0,1,0.663337
1,1,0,0,0,0,1,1,1,1,1,1,0,0,0,0,1,1,0,0,0,1,1,1,0,1,0,0,0,1,1,1,0.574169
0,0,1,0,0,0,1,1,1,0,1,0,0,1,1,0,1,1,1,0,1,0,1,1,0,1,0,1,1,0,1,0,0.618766
1,0,1,0,1,1,0,1,1,0,0,1,1,0,0,1,0,0,1,1,0,0,1,1,0,0,1,1,1,0,0,1,0.577286
0,0,0,0,1,0,0,0,1,1,1,0,1,1,0,1,0,1,0,1,1,1,1,0,1,0,0,0,0,1,1,0,0.720029
0,0,0,1,1,1,0,1,1,1,0,1,0,1,1,0,0,0,1,0,1,1,0,0,1,0,0,0,0,0,1,0,0.615329
0,0,0,1,1,1,0,1,0,0,1,1,0,0,1,1,0,1,1,1,1,0,0,1,0,0,0,1,0,0,0,0,0.656330
1,1,1,1,0,0,0,1,1,0,1,1,0,0,1,1,1,1,1,1,1,1,1,1,1,1,1,0,1,1,1,0,0.560102
1,0,0,0,0,0,0,1,1,1,0,0,1,1,0,0,0,0,0,0,0,1,1,0,1,1,0,1,1,0,1,1,0.767184
0,0,0,1,0,0,1,1,0,0,1,0,0,1,0,0,1,0,0,1,0,1,0,1,0,0,0,0,0,1,0,1,0.713448
0,1,0,1,0,1,1,0,0,0,0,0,0,0,1,0,0,0,1,0,0,0,1,1,1,1,0,0,1,1,1,1,0.645194
1,1,1,0,1,1,1,1,0,1,1,1,1,0,0,1,1,1,1,1,0,1,1,0,0,1,1,0,1,0,0,1,0.546728
0,0,1,0,0,0,1,0,1,1,1,0,0,1,0,0,1,1,0,0,1,1,0,0,0,1,0,1,1,1,1,1,0.637601
1,0,0,1,1,0,0,0,1,1,0,0,1,0,1,1,0,0,0,1,0,0,1,0,0,1,0,1,1,1,0,1,0.621723
0,1,1,1,1,0,1,0,1,0,0,0,0,0,0,1,1,1,1,0,0,1,0,1,1,1,0,1,1,0,1,0,0.596814
0,1,1,0,0,1,0,1,1,1,0,0,0,1,1,0,0,0,1,1,0,0,0,1,0,1,0,1,0,1,1,1,0.615383
1,1,1,1,1,1,1,0,1,1,0,1,1,0,1,0,1,1,0,0,1,1,0,1,1,1,1,0,1,0,0,0,0.691683
0,1,1,0,1,0,1,1,0,1,0,1,0,0,1,0,1,0,1,1,0,0,0,1,0,0,0,0,0,0,1,1,0.614557
0,0,1,0,1,0,1,0,1,0,0,0,1,0,1,1,0,1,0,1,0,0,1,1,0,1,0,1,0,1,0,0,0.630675
1,0,0,0,1,1,0,1,1,1,1,0,0,1,1,1,1,0,1,0,0,1,0,1,1,1,0,1,0,0,1,0,0.569507
0,1,0,0,0,1,1,1,1,0,0,0,1,0,1,1,1,0,1,1,0,1,0,1,0,1,0,0,0,1,1,0,0.590793
1,1,0,1,1,0,0,1,0,0,1,0,1,0,1,1,0,1,0,1,0,1,0,1,0,1,1,0,0,1,1,0,0.575607
1,1,1,0,0,0,0,1,1,1,1,0,1,0,0,1,0,0,1,0,1,0,0,1,0,0,0,1,0,1,0,1,0.604007
0,1,1,1,0,1,1,1,1,1,1,0,0,1,0,0,0,1,0,0,0,0,0,1,0,0,0,1,1,1,0,1,0.611173
0,1,1,1,0,1,1,0,1,1,1,0,1,0,1,0,1,0,1,1,0,0,0,0,1,1,0,1,0,1,0,0,0.603341
1,1,0,0,1,0,1,1,1,0,1,0,1,1,0,0,1,1,0,0,1,0,1,1,0,1,1,1,0,0,0,0,0.593803
0,1,1,0,1,1,0,0,1,1,0,1,0,0,1,0,1,0,1,1,0,0,0,1,0,1,1,1,1,1,1,1,0.526002
0,1,1,0,1,1,1,0,1,0,0,0,1,1,0,0,1,1,1,1,0,0,0,1,1,1,1,1,0,0,0,1,0.574941
1,1,0,0,1,0,1,0,0,1,0,0,0,0,1,1,0,0,1,0,1,1,0,1,0,0,0,0,1,0,0,0,0.603847
0,0,1,0,1,1,1,1,0,1,1,1,1,0,1,1,0,0,1,1,0,1,0,0,1,1,1,1,0,0,0,1,0.597853
1,0,1,1,1,1,0,1,1,1,0,0,1,1,1,0,1,1,1,1,0,1,0,0,0,1,0,0,0,1,1,0,0.589194
1,0,1,1,1,0,0,0,1,1,0,1,1,0,1,1,0,1,0,1,0,1,0,1,0,0,0,0,1,0,0,0,0.617887
1,1,0,1,0,0,1,0,1,0,0,0,1,1,0,0,0,0,1,0,0,0,0,1,0,1,0,0,1,1,0,1,0.634458
