1,0,0,1,1,0,1,0,0,0,0,0,1,0,1,1,0,0,0,0,1,1,0,0,1,0,1,1,1,0,0,1,0.604699
1,0,1,0,1,1,0,1,1,0,0,1,1,0,0,1,0,0,1,1,0,0,1,1,0,0,1,1,1,0,0,1,0.573636
0,0,0,0,0,1,0,1,0,0,0,0,1,1,0,1,1,1,0,1,1,1,0,0,1,0,1,0,0,0,1,1,0.708147
0,1,1,1,0,1,1,1,1,0,1,0,0,1,1,1,0,1,1,0,1,1,0,1,0,1,0,0,1,0,0,0,0.592445
0,0,0,1,1,1,0,1,1,1,0,1,0,1,1,0,0,0,1,0,1,1,0,0,1,0,0,0,0,0,1,0,0.615329
1,1,0,0,0,1,0,1,0,0,0,0,1,1,0,1,1,1,1,1,0,0,0,0,1,1,1,1,0,0,0,0,0.599504
1,0,1,1,1,0,0,0,1,1,0,1,1,0,1,1,0,1,0,1,0,1,0,1,0,0,0,0,1,0,0,0,0.616262
0,0,1,0,1,1,1,1,0,1,1,1,1,0,1,1,0,0,1,1,0,1,0,0,1,1,1,1,0,0,0,1,0.592551
1,1,0,1,0,0,1,0,1,0,0,0,1,1,0,0,0,0,1,0,0,0,0,1,0,1,0,0,1,1,0,1,0.638480
0,1,0,0,1,1,1,1,1,1,1,0,1,1,0,0,0,0,1,1,1,1,0,1,1,0,0,1,1,0,1,0,0.570705
0,0,1,1,1,1,1,1,0,0,0,1,0,1,0,0,1,0,0,0,1,0,0,1,0,0,0,1,1,0,0,0,0.623748
1,0,1,0,1,1,0,1,1,0,0,0,0,0,0,0,1,0,0,1,1,1,1,1,0,0,1,1,1,0,0,1,0.591352
0,0,1,1,1,1,0,1,1,1,1,0,1,0,0,0,1,1,1,0,1,0,0,0,1,0,0,1,1,1,1,0,0.595002
1,0,1,1,1,0,1,1,1,1,0,0,0,0,1,1,1,0,0,1,0,1,1,0,0,1,0,1,1,0,1,0,0.598812
1,1,0,0,0,0,0,0,1,1,0,1,0,1,0,1,1,1,1,0,0,1,0,1,0,1,0,0,0,1,0,0,0.622709
0,1,0,0,1,1,0,1,0,1,1,0,0,1,1,0,0,1,0,0,0,1,1,0,0,0,1,1,0,1,1,0,0.604327
0,1,0,1,0,0,0,1,1,0,0,0,0,1,0,1,0,1,1,0,1,0,0,1,1,1,1,1,0,1,0,0,0.637388
1,0,1,0,1,0,0,0,0,0,0,0,1,1,0,0,0,1,0,1,1,1,1,1,1,0,1,0,0,0,1,0,0.615995
1,1,1,0,0,0,1,1,0,1,1,1,1,1,0,1,0,1,0,1,0,1,1,0,0,1,0,0,0,1,0,0,0.601263
0,0,0,1,1,1,0,1,0,0,1,1,0,0,1,1,0,1,1,1,1,0,0,1,0,0,0,1,0,0,0,0,0.660353
0,1,1,1,0,1,1,0,1,1,1,0,1,0,1,0,1,0,1,1,0,0,0,0,1,1,0,1,0,1,0,0,0.602328
0,0,1,1,1,1,0,0,0,0,1,0,0,0,1,0,0,1,1,0,0,0,0,1,1,0,1,0,1,1,0,0,0.642850
1,0,1,1,1,0,1,1,1,1,1,1,0,0,1,0,0,0,0,1,0,0,1,1,0,1,0,0,1,1,1,1,0.523391
0,0,1,0,0,0,1,1,1,0,1,0,0,1,1,0,1,1,1,0,1,0,1,1,0,1,0,1,1,0,1,0,0.621936
0,1,0,1,1,0,1,0,0,1,1,0,1,0,0,0,1,1,0,0,1,0,1,1,1,0,0,1,0,1,0,1,0.596148
0,1,0,0,0,1,0,0,0,1,1,0,1,1,0,1,0,1,1,0,0,0,0,1,1,0,0,1,0,1,0,0,0.642237
1,1,1,0,1,1,0,1,1,0,1,1,0,0,1,1,0,1,1,1,1,1,1,0,1,0,1,0,1,0,1,1,0.517130
1,1,1,1,1,0,0,0,1,1,0,1,0,1,1,0,1,1,1,1,1,1,0,1,0,1,0,1,1,1,0,0,0.627691
0,0,1,1,1,1,1,1,0,0,0,0,1,1,0,0,1,1,0,0,1,0,1,1,1,1,0,1,1,1,1,1,0.540628
0,0,0,0,1,1,1,1,1,0,1,0,0,0,0,0,0,0,1,0,0,0,0,1,0,1,0,1,0,0,1,0,0.648418
0,0,1,0,0,0,1,0,1,1,1,1,1,1,1,1,0,0,0,1,1,1,0,1,1,1,1,0,1,0,0,0,0.664056
0,0,1,0,0,1,1,1,0,0,1,0,1,1,0,1,0,0,0,0,1,1,0,1,1,1,1,1,1,0,1,1,0.690004
0,1,0,0,1,1,1,1,0,0,0,0,0,1,0,0,0,0,1,0,0,1,1,0,1,1,0,0,0,0,1,0,0.619299
0,0,0,1,0,0,1,1,0,0,1,0,0,1,0,0,1,0,0,1,0,1,0,1,0,0,0,0,0,1,0,1,0.721547
0,1,1,0,0,0,1,0,0,0,1,0,0,0,1,1,0,1,1,0,0,1,0,1,0,1,1,1,0,1,0,0,0.630541
0,0,0,0,1,0,0,0,1,1,1,0,1,1,0,1,0,1,0,1,1,1,1,0,1,0,0,0,0,1,1,0,0.721681
0,0,0,0,0,1,0,1,1,1,1,0,1,0,0,1,0,1,0,0,1,1,1,0,1,0,1,0,1,0,1,0,0.753277
0,1,1,0,1,1,1,0,1,0,0,0,1,1,0,0,1,1,1,1,0,0,0,1,1,1,1,1,0,0,0,1,0.568867
1,1,0,0,0,0,1,1,1,1,1,1,0,0,0,0,1,1,0,0,0,1,1,1,0,1,0,0,0,1,1,1,0.570199
1,0,0,0,1,0,0,1,0,0,1,0,0,0,1,1,0,0,0,0,0,0,1,0,0,0,0,1,1,0,0,1,0.580136
0,1,1,0,1,1,0,0,0,0,0,1,1,0,0,1,0,1,1,0,1,0,1,1,0,0,1,1,0,0,0,0,0.647299
1,1,0,0,1,0,1,1,1,0,1,1,1,0,0,0,1,1,1,0,0,1,0,1,1,0,1,0,1,1,0,0,0.583733
0,1,0,0,1,0,0,0,1,0,1,1,0,1,1,1,1,0,0,1,1,0,1,1,0,0,0,1,0,1,1,0,0.616848
1,1,0,0,0,0,0,1,1,1,1,0,0,1,0,1,0,0,0,1,1,1,1,1,0,1,0,1,1,0,1,1,0.572038
0,1,1,0,1,1,1,0,0,0,1,0,1,1,0,1,1,1,0,0,1,0,1,1,1,1,1,1,1,1,0,0,0.555786
1,1,1,1,0,1,0,0,0,0,0,0,0,0,1,0,0,0,0,1,0,1,1,1,0,1,0,0,1,1,0,1,0.656330
0,1,1,1,0,0,0,1,0,0,0,1,0,0,0,1,1,0,1,0,0,0,1,0,1,0,0,1,0,0,0,0,0.638587
0,1,0,1,0,1,1,0,0,0,0,0,0,0,1,0,0,0,1,0,0,0,1,1,1,1,0,0,1,1,1,1,0.649323
0,0,1,1,1,0,0,0,0,1,1,1,1,1,1,1,1,0,1,1,0,0,0,0,1,0,1,0,0,1,0,0,0.597720
0,1,1,0,1,1,0,0,1,1,0,1,0,0,1,0,1,0,1,1,0,0,0,1,0,1,1,1,1,1,1,1,0.515212
0,0,0,0,1,1,0,0,0,1,1,1,0,0,0,1,1,0,0,1,0,1,0,1,0,1,0,0,1,1,0,0,0.661791
1,0,1,0,1,0,0,0,0,1,1,0,1,0,1,1,0,1,1,0,0,1,1,0,0,0,1,1,1,0,1,0,0.581016
0,1,0,0,1,0,0,1,0,1,1,1,1,0,0,0,1,1,0,1,1,0,0,1,1,0,1,0,0,0,1,0,0.602302
0,1,0,0,0,1,1,1,1,0,0,0,1,0,1,1,1,0,1,1,0,1,0,1,0,1,0,0,0,1,1,0,0.590420
1,1,0,0,1,1,1,0,1,0,1,0,1,0,0,1,0,0,1,1,1,1,1,0,1,0,1,1,0,0,0,0,0.578032
0,1,0,1,0,1,1,1,0,0,0,1,0,0,1,1,0,1,1,1,1,1,0,0,1,1,1,0,0,1,0,0,0.591832
1,1,0,0,0,0,1,1,1,0,1,1,1,0,1,0,1,1,0,0,0,1,0,0,1,1,1,0,0,1,1,0,0.587729
1,0,0,0,1,0,0,1,1,0,0,0,1,0,1,0,0,0,0,0,0,1,0,0,1,1,0,0,1,0,0,0,0.648604
1,0,1,1,1,1,0,1,1,1,0,0,1,1,1,0,1,1,1,1,0,1,0,0,0,1,0,0,0,1,1,0,0.588901
1,0,0,0,0,0,0,1,1,1,0,0,1,1,0,0,0,0,0,0,0,1,1,0,1,1,0,1,1,0,1,1,0.758365
1,1,0,1,0,0,0,1,1,0,0,0,1,1,1,1,1,0,0,0,0,0,0,0,1,1,0,0,1,1,1,0,0.580536
0,0,0,0,0,1,1,0,0,1,1,0,1,1,1,1,1,0,1,1,0,1,0,1,1,0,0,1,0,0,0,1,0.665921
1,1,1,0,0,0,1,1,0,1,1,0,1,1,1,1,1,0,1,0,1,1,1,1,0,0,0,1,0,1,0,1,0.529332
1,1,0,0,1,0,1,1,1,0,1,0,1,1,0,0,1,1,0,0,1,0,1,1,0,1,1,1,0,0,0,0,0.594975
1,0,1,0,1,1,0,1,1,1,1,0,0,0,0,0,1,1,1,0,1,1,1,0,1,1,1,1,1,0,0,1,0.582987
0,1,1,0,0,1,0,1,1,1,0,0,0,1,1,0,0,0,1,1,0,0,0,1,0,1,0,1,0,1,1,1,0.611866
0,0,1,1,1,0,1,0,1,0,1,1,1,1,1,0,1,1,0,0,1,0,0,0,0,0,0,1,0,0,1,0,0.618819
0,1,1,1,0,1,1,1,1,1,1,0,0,1,0,0,0,1,0,0,0,0,0,1,0,0,0,1,1,1,0,1,0.611120
0,0,1,1,0,1,1,1,1,0,1,0,1,1,0,1,1,0,0,1,1,1,0,1,0,1,1,1,1,0,0,0,0.582348
1,1,1,0,1,1,1,0,0,0,0,1,0,1,1,0,0,0,0,0,0,0,0,1,0,0,0,0,0,1,1,0,0.668398
0,1,0,0,0,0,0,0,1,1,0,0,0,1,1,0,1,0,0,0,0,0,1,1,0,0,0,1,0,0,0,0,0.666800
1,1,0,1,0,1,0,1,0,0,1,1,0,1,0,0,0,0,1,1,0,1,1,0,1,1,0,0,0,1,1,0,0.589701
1,1,0,1,1,1,0,0,0,0,1,1,0,1,1,1,0,1,1,1,1,0,0,0,0,1,0,1,0,1,0,1,0.568468
0,1,1,0,0,1,1,0,0,0,0,0,1,1,1,0,1,0,0,1,1,0,0,0,1,1,0,1,0,0,0,1,0.627264
1,0,0,0,1,1,1,0,1,1,0,0,1,1,0,1,0,0,1,1,0,1,1,0,0,1,0,1,1,1,0,0,0.597853
1,1,1,1,1,0,0,1,0,0,0,0,1,0,0,1,1,1,1,1,0,1,0,1,0,0,0,1,0,0,1,1,0.539669
1,1,0,0,1,1,1,0,0,0,0,1,0,1,0,0,0,0,1,0,0,0,1,1,1,0,0,0,0,0,1,0,0.633312
1,1,1,1,1,1,1,0,1,1,0,1,1,0,1,0,1,1,0,0,1,1,0,1,1,1,1,0,1,0,0,0,0.699382
0,0,0,0,0,1,0,1,0,1,1,0,1,1,1,0,0,0,1,1,0,0,0,0,1,1,0,0,0,0,1,1,0.732310
0,0,1,1,1,0,1,1,1,1,1,1,1,0,0,0,1,1,0,1,1,0,0,0,0,1,0,1,1,0,1,0,0.590793
1,1,0,0,0,1,1,1,0,0,0,0,1,0,1,1,0,1,1,1,0,1,0,1,0,0,0,1,0,1,1,1,0.590846
1,1,0,0,1,1,0,0,0,0,0,0,0,0,1,1,0,0,1,1,0,1,0,0,1,1,0,0,1,1,1,0,0.628277
0,0,0,1,1,1,1,1,1,1,1,0,1,1,1,1,0,0,0,0,1,1,0,0,1,1,0,0,1,0,1,0,0.603341
1,1,1,1,1,1,1,1,1,1,1,0,1,0,1,1,1,1,0,0,0,1,1,1,0,0,0,0,1,0,1,0,0.630994
1,1,0,1,1,1,1,1,0,1,1,1,0,1,0,1,0,1,0,0,0,0,0,1,1,0,0,0,0,0,1,1,0.579710
0,0,0,1,1,1,1,0,0,1,1,1,1,1,1,0,0,0,1,1,1,0,0,0,1,1,0,0,0,0,1,1,0.603687
1,1,0,0,0,1,1,1,0,1,0,1,0,0,0,0,0,0,1,1,0,0,0,1,1,0,1,1,0,0,1,0,0.620524
0,1,1,1,0,0,1,0,0,1,1,0,1,0,1,0,1,1,0,0,0,0,0,1,0,1,1,0,0,0,0,0,0.605152
1,1,0,0,1,1,0,1,1,0,0,0,1,1,1,0,1,0,0,1,0,1,0,0,0,1,0,1,0,0,1,1,0.601050
0,0,1,0,1,0,0,1,0,0,0,1,1,0,1,0,1,0,1,1,1,0,0,1,0,1,0,0,1,1,1,1,0.632166
1,1,1,1,0,0,0,0,1,1,1,1,0,1,0,1,1,1,1,0,0,1,0,0,1,0,1,1,1,1,1,0,0.564471
1,0,0,1,1,0,0,0,1,1,0,0,1,0,1,1,0,0,0,1,0,0,1,0,0,1,0,1,1,1,0,1,0.618020
0,1,1,0,1,1,0,1,1,0,0,1,1,1,0,1,0,0,0,0,0,1,1,0,0,0,0,1,0,0,0,0,0.637788
1,0,0,0,0,1,0,1,1,0,0,0,1,0,1,1,0,1,1,1,0,0,0,0,1,0,0,1,1,1,1,1,0.553149
0,0,0,0,0,0,0,0,0,1,1,1,0,1,0,0,1,1,1,1,1,1,1,0,1,1,0,1,1,1,1,1,0.770540
1,1,0,0,0,1,1,0,1,1,0,0,0,0,0,1,0,1,0,1,0,0,0,0,1,1,0,0,1,0,0,1,0.633445
1,0,1,1,1,1,1,1,1,0,1,0,0,0,0,1,1,0,1,0,1,0,1,0,1,0,1,0,0,0,0,1,0.612692
0,0,1,1,0,1,0,0,1,0,1,1,0,0,1,1,1,1,0,0,1,1,1,0,0,1,0,0,1,0,0,0,0.607284
0,1,1,1,1,0,1,0,1,0,0,0,0,0,0,1,1,1,1,0,0,1,0,1,1,1,0,1,1,0,1,0,0.593803
1,0,0,1,0,1,0,1,1,1,1,1,1,0,1,0,0,1,1,0,1,0,0,0,1,1,1,0,0,1,0,0,0.603447
0,1,1,0,0,0,0,1,0,1,0,1,1,0,0,0,1,0,1,0,0,1,0,1,1,0,1,0,0,1,0,1,0.619086
1,1,0,1,0,0,0,0,0,0,1,1,1,1,1,0,0,1,0,0,0,0,0,0,0,0,1,1,0,0,0,0,0.645780
1,1,0,1,1,0,0,1,0,0,1,0,1,0,1,1,0,1,0,1,0,1,0,1,0,1,1,0,0,1,1,0,0.571958
1,1,1,1,0,0,0,1,1,0,1,1,0,0,1,1,1,1,1,1,1,1,1,1,1,1,1,0,1,1,1,0,0.559756
0,0,1,0,1,0,1,0,1,0,0,0,1,0,1,1,0,1,0,1,0,0,1,1,0,1,0,1,0,1,0,0,0.635736
1,1,1,0,0,0,0,1,1,1,1,0,1,0,0,1,0,0,1,0,1,0,0,1,0,0,0,1,0,1,0,1,0.601529
1,1,1,1,0,1,1,0,1,1,0,0,0,0,0,0,0,0,1,1,1,0,1,1,0,0,1,0,1,0,0,1,0.599531
1,1,1,1,0,0,0,1,0,0,0,1,1,0,1,1,1,1,1,1,0,1,0,0,1,0,1,0,1,1,0,0,0.593723
1,1,0,1,0,1,1,0,1,0,1,1,0,0,1,1,1,0,0,1,0,1,0,0,0,0,0,0,1,1,1,1,0.564924
1,1,1,0,1,1,1,1,0,1,1,1,1,0,0,1,1,1,1,1,0,1,1,0,0,1,1,0,1,0,0,1,0.543958
1,0,0,1,1,0,1,1,1,0,0,1,0,0,1,0,0,1,0,1,0,1,1,0,0,1,0,0,0,1,1,1,0.592818
0,1,0,1,1,1,0,1,1,1,0,0,0,0,1,1,1,1,1,0,1,1,1,1,1,1,0,0,0,1,0,1,0.503064
1,1,0,1,1,0,1,0,1,1,1,0,0,1,0,1,0,0,1,1,0,0,1,0,0,0,0,0,0,0,1,1,0.611306
1,0,0,0,1,1,0,1,1,1,1,0,0,1,1,1,1,0,1,0,0,1,0,1,1,1,0,1,0,0,1,0,0.564978
0,1,1,0,1,0,1,1,0,1,0,1,0,0,1,0,1,0,1,1,0,0,0,1,0,0,0,0,0,0,1,1,0.611919
0,0,1,0,0,0,1,0,1,1,1,0,0,1,0,0,1,1,0,0,1,1,0,0,0,1,0,1,1,1,1,1,0.636376
1,0,1,1,0,0,0,1,1,1,1,1,1,0,0,0,1,1,1,1,1,0,0,0,1,1,1,1,0,1,0,1,0.565084
1,1,1,1,0,0,1,0,0,1,1,1,1,1,0,0,0,0,1,1,0,1,1,0,1,1,1,1,1,1,0,1,0.541640
1,0,1,1,1,0,1,1,0,0,0,1,1,0,0,1,1,1,0,1,0,1,0,1,1,0,1,1,0,1,1,0,0.550378
0,0,1,1,0,0,1,0,0,1,0,0,1,0,1,1,1,0,1,0,0,0,0,0,1,0,1,0,1,1,0,0,0.642583
1,0,1,0,0,1,0,0,0,0,1,1,1,0,1,0,0,1,1,0,0,0,1,0,0,0,1,1,1,1,0,1,0.612905
0,1,0,0,1,1,1,1,1,1,1,1,0,0,0,1,1,0,1,0,1,0,1,1,0,1,1,0,1,0,0,1,0.547714
1,1,0,1,1,0,1,1,0,1,0,1,0,0,0,0,0,0,1,0,1,0,1,1,0,1,0,1,1,0,1,0,0.584879
1,0,0,1,0,0,1,0,0,0,0,1,1,1,1,0,0,1,0,1,0,1,1,1,0,1,1,0,0,1,0,1,0.608030
0,0,1,0,1,0,1,0,1,1,0,0,0,0,0,0,1,0,0,1,0,1,1,1,0,1,1,0,1,0,0,0,0.628277
1,1,0,0,1,0,1,0,0,1,0,0,0,0,1,1,0,0,1,0,1,1,0,1,0,0,0,0,1,0,0,0,0.604087
0,0,0,0,0,0,1,1,1,1,1,0,0,0,1,1,1,1,0,1,1,0,1,1,1,0,1,0,0,1,0,1,0.664615
0,0,0,1,1,1,1,1,0,0,1,0,1,1,1,0,0,1,0,1,1,1,0,0,1,0,0,1,0,0,0,1,0.627877
