1,1,1,0,0,0,0,0,1,1,0,0,0,1,0,0,1,1,1,0,0,1,0,1,1,1,0,1,1,1,1,0,0.627238
1,1,1,0,0,0,1,0,0,1,1,0,1,1,1,0,0,1,1,1,0,0,1,1,1,1,0,0,1,1,0,0,0.626279
0,0,0,1,0,1,0,0,0,0,1,0,1,1,1,0,1,1,1,1,0,0,0,0,0,1,0,1,0,1,0,1,0.619006
1,1,0,1,0,0,1,1,1,0,1,0,0,0,0,0,0,0,0,0,1,1,1,1,1,1,1,1,1,0,0,1,0.616715
1,1,1,1,0,1,0,1,0,1,1,1,0,1,0,1,1,0,1,0,0,0,1,1,0,1,0,0,1,1,1,1,0.602062
1,0,1,0,1,1,0,0,1,0,1,0,1,1,0,0,1,1,0,1,1,0,1,1,0,0,0,0,0,1,0,0,0.623162
0,1,1,1,0,1,0,0,0,1,1,0,0,1,1,1,0,0,0,1,1,1,1,0,1,1,0,1,0,0,1,1,0.630488
1,1,0,1,0,0,1,0,1,1,1,0,1,0,0,0,1,1,0,0,0,0,0,0,0,0,0,0,0,0,0,1,0.639786
0,0,1,0,1,0,0,0,1,1,1,0,1,0,1,1,0,0,1,1,0,1,1,1,0,0,0,0,0,0,1,0,0.579763
0,0,1,0,1,1,1,0,0,0,1,1,1,1,1,1,0,0,1,0,1,1,0,0,0,0,0,0,1,0,1,0,0.541027
0,1,1,1,1,1,1,0,0,0,0,1,0,1,0,0,1,1,0,1,0,0,0,1,1,0,0,0,1,0,0,0,0.626012
1,0,1,1,0,0,1,0,1,0,0,1,0,1,1,0,1,1,1,0,0,1,0,0,0,1,1,0,0,1,1,1,0.614317
1,0,0,0,1,1,1,1,0,0,1,1,1,0,0,0,0,0,1,0,0,0,1,1,1,0,1,1,1,0,0,1,0.646499
0,0,1,0,0,0,0,1,1,1,1,1,1,1,1,1,0,1,0,0,0,1,1,1,1,0,0,1,0,1,1,1,0.634165
0,0,1,1,1,1,0,1,0,0,0,0,1,1,1,0,0,1,0,0,1,1,1,0,1,1,0,1,1,1,0,1,0.630302
0,1,1,1,1,0,0,0,0,1,0,0,1,0,1,1,1,1,0,1,0,1,0,0,0,1,0,1,0,0,0,0,0.594896
0,0,0,1,1,0,0,1,1,1,0,1,1,1,1,0,1,1,0,0,1,0,1,1,0,1,0,0,0,0,1,1,0.628330
1,1,1,1,0,0,0,1,1,0,1,1,1,0,0,0,0,0,1,1,0,1,1,0,1,0,1,1,1,1,1,1,0.626092
0,1,1,0,0,1,1,0,1,0,0,0,0,0,0,1,0,1,0,1,1,0,1,1,1,0,1,0,0,0,0,1,0.597799
0,1,0,0,0,0,1,1,0,0,0,1,1,0,1,1,0,1,1,0,1,0,0,0,1,1,0,0,0,0,0,1,0.589567
1,0,1,1,1,0,0,1,0,1,0,0,1,1,0,1,1,1,0,0,0,1,1,1,1,0,0,0,0,1,0,1,0.619539
0,0,0,0,0,0,0,1,0,0,1,1,1,0,0,0,0,0,1,0,0,0,0,1,1,0,1,1,0,0,1,0,0.542519
1,0,1,1,1,1,1,1,0,0,0,1,0,0,0,0,1,0,1,0,0,1,0,1,0,0,0,1,0,0,0,1,0.620604
0,0,1,1,1,1,1,0,1,0,0,0,0,1,0,0,0,1,1,1,0,1,0,0,0,0,1,1,0,1,0,1,0.637095
0,0,1,1,0,1,1,1,1,0,1,0,1,1,1,1,0,0,1,0,0,0,1,1,0,1,0,0,0,0,0,0,0.610267
0,0,1,0,1,1,0,0,0,0,0,0,0,1,1,0,0,0,1,1,0,1,1,1,1,0,1,0,0,0,0,0,0.575341
0,0,0,1,1,0,1,1,1,0,1,0,0,0,0,1,1,0,0,1,1,1,0,1,0,1,0,1,1,1,1,1,0.622682
1,0,0,0,1,1,1,1,0,0,0,0,0,1,0,0,1,1,0,1,0,1,1,0,1,1,0,1,0,1,0,1,0.652840
1,0,1,1,1,1,0,0,0,1,0,0,0,0,0,1,0,1,0,1,0,1,0,0,0,0,0,1,1,1,1,1,0.617168
0,1,0,0,1,0,0,1,0,0,1,0,0,0,0,0,0,0,1,0,0,0,1,1,1,1,0,1,0,0,0,1,0.586397
1,0,1,0,0,0,1,1,0,0,0,1,1,1,0,0,0,1,0,1,1,0,1,1,1,0,0,0,0,1,0,0,0.618180
1,1,0,1,0,1,1,1,1,0,1,0,0,0,0,0,1,1,0,0,1,0,0,0,0,1,1,1,1,0,1,1,0.624893
1,0,0,0,1,0,1,0,1,0,0,1,0,1,1,0,1,1,0,1,1,1,1,1,1,1,1,1,0,1,0,1,0.648604
0,1,0,1,0,1,0,1,0,1,0,1,0,0,0,1,0,0,1,1,1,1,0,1,0,1,0,0,0,0,0,0,0.587569
1,1,0,1,0,1,1,0,0,1,0,0,1,0,0,1,0,0,0,1,1,0,0,1,0,1,0,0,0,1,0,1,0.622496
1,0,1,1,0,1,1,1,1,0,0,1,1,1,1,0,1,1,0,0,0,1,0,1,1,1,0,0,1,1,0,0,0.615249
0,0,0,0,0,0,0,1,1,1,1,0,0,0,1,0,1,1,0,0,0,1,0,0,1,1,0,1,0,0,0,1,0.642343
0,0,0,0,0,1,1,1,0,1,1,0,0,1,1,1,0,0,1,0,1,1,1,0,1,0,0,1,0,0,1,1,0.588155
1,1,0,0,1,1,0,0,0,1,0,1,0,1,0,1,0,1,0,0,0,1,0,0,1,0,0,1,1,1,0,1,0.627131
0,1,1,0,0,1,0,1,0,0,0,1,0,1,0,0,1,1,0,1,0,1,0,1,0,0,1,1,0,1,1,1,0.646473
0,0,1,1,0,0,0,1,1,1,1,0,1,1,1,1,0,0,1,1,0,0,0,1,0,1,0,1,1,1,0,0,0.653213
0,1,0,1,1,0,0,1,1,1,0,0,0,0,1,1,1,0,1,0,1,0,0,1,1,0,1,1,0,1,1,1,0.627078
0,1,0,1,1,1,0,1,1,1,1,1,1,0,1,0,1,0,1,1,0,0,0,1,0,1,1,0,1,0,1,1,0.668372
0,1,1,0,1,1,1,0,1,0,0,1,1,1,0,1,0,1,1,1,0,1,1,0,1,1,1,0,0,1,0,1,0.637628
1,1,0,1,1,0,1,0,1,0,1,1,1,1,1,1,1,0,0,0,1,1,1,1,1,1,1,1,0,0,0,1,0.614317
1,0,1,1,0,0,1,0,0,1,1,1,0,1,1,0,0,0,1,0,0,1,1,0,1,0,0,0,1,0,0,0,0.599451
0,1,1,1,1,1,0,1,1,1,1,0,1,1,1,0,0,1,0,1,1,1,1,0,1,1,1,1,1,1,0,1,0.655477
0,1,0,0,0,0,1,0,1,1,0,0,0,1,1,0,1,0,0,0,0,0,0,0,0,0,1,1,0,0,1,0,0.607523
1,1,1,0,1,0,0,0,0,0,1,0,0,1,0,1,0,0,1,0,1,1,1,0,0,1,1,1,0,0,0,0,0.609681
1,1,0,1,0,1,1,1,1,1,0,1,1,0,1,0,0,1,1,0,1,0,1,0,0,1,1,0,0,1,0,0,0.603687
0,1,1,1,0,1,1,0,1,0,0,0,0,1,0,0,0,0,1,1,1,1,0,0,0,1,1,1,0,1,0,1,0.617301
0,1,0,0,0,0,1,0,1,1,1,1,0,1,0,1,1,1,1,1,1,1,0,1,1,1,1,0,1,0,0,1,0.660220
0,0,1,1,0,1,0,1,1,1,0,0,0,0,0,0,1,1,0,1,1,1,0,0,1,0,0,1,0,1,0,0,0.632193
1,0,0,1,0,1,0,0,1,0,1,1,0,1,0,1,0,0,1,1,1,1,1,1,1,1,0,1,1,1,1,1,0.606618
1,1,0,0,0,0,1,0,1,0,0,1,0,1,0,1,0,0,0,0,1,0,1,1,0,0,1,1,1,1,1,1,0.607577
0,0,0,1,1,1,0,0,1,0,0,1,1,1,1,1,0,1,0,1,1,0,0,0,0,0,1,0,1,1,0,1,0.592818
0,1,1,1,0,1,0,1,1,0,0,1,0,1,1,1,1,0,0,0,0,1,1,1,0,0,1,1,0,1,0,1,0.656383
0,1,1,1,1,0,1,1,0,0,1,0,0,1,1,1,1,1,0,1,0,0,1,0,0,0,0,1,0,0,1,0,0.637628
1,0,0,1,1,1,1,1,0,0,1,1,0,0,1,0,0,1,0,0,1,1,1,1,1,0,1,0,0,0,0,0,0.607950
0,0,0,1,0,1,1,0,1,0,0,1,1,1,0,0,0,0,1,0,1,0,0,0,0,0,0,1,1,0,1,0,0.592125
0,1,0,0,1,1,0,1,0,0,1,1,0,0,1,1,0,1,0,0,1,1,1,1,1,0,1,0,1,1,1,0,0.605072
1,1,0,1,1,1,0,0,0,0,1,0,1,0,1,1,1,1,1,1,1,1,1,0,0,1,0,1,0,0,0,1,0.635177
1,0,1,1,1,0,0,0,0,0,0,0,1,1,0,0,0,0,0,1,1,0,0,1,0,0,0,0,1,0,1,0,0.620151
1,1,1,0,0,1,0,1,1,1,0,1,1,0,1,1,0,1,1,1,0,1,1,1,1,0,1,1,0,0,1,0,0.665974
0,1,0,1,1,0,1,0,0,1,1,0,0,0,0,0,1,0,0,0,0,1,0,0,1,0,1,0,0,1,1,0,0.594949
1,0,0,0,1,1,1,0,1,0,0,0,0,0,0,1,1,1,0,0,0,1,1,1,0,0,0,1,0,1,1,1,0.607523
1,1,1,1,1,0,1,0,1,0,0,1,1,1,1,0,1,0,0,0,1,1,1,0,0,1,1,0,0,0,1,1,0.603474
0,1,1,1,0,0,0,0,1,0,0,1,0,1,1,1,1,1,1,0,1,0,0,0,0,1,0,0,0,1,0,0,0.607097
0,1,1,0,0,0,0,1,0,0,1,0,1,1,1,1,1,0,0,1,0,0,1,0,1,0,0,1,1,0,1,0,0.612932
1,1,1,1,1,0,1,0,0,0,1,1,1,1,1,1,0,1,1,0,1,1,0,1,1,0,1,1,0,0,1,1,0.638267
1,1,1,1,1,0,0,0,1,1,1,1,1,0,1,0,1,1,0,0,1,1,0,1,1,1,1,1,1,1,1,0,0.661658
1,0,0,1,1,0,1,1,1,0,1,0,0,1,0,1,1,0,1,0,0,1,0,0,1,1,0,1,1,1,1,1,0.653959
0,0,0,1,0,0,0,0,0,0,0,1,0,1,0,0,1,1,1,1,0,1,1,1,1,0,0,0,0,0,1,0,0.621324
0,0,0,1,0,1,0,0,0,1,1,1,1,0,0,1,1,0,1,1,0,1,1,0,0,0,0,0,0,0,1,1,0.608776
1,1,1,0,1,1,1,0,1,0,0,0,1,1,1,1,1,1,0,0,0,0,1,1,0,1,0,0,0,1,0,0,0.567429
0,0,1,0,1,1,1,1,1,0,0,0,0,0,1,1,0,1,1,1,0,0,0,1,0,1,0,1,1,0,1,0,0.617754
1,1,0,1,0,0,0,1,1,1,0,0,1,1,0,0,1,1,0,0,1,1,0,0,1,1,1,0,0,1,1,0,0.624227
0,1,0,1,1,0,0,0,0,0,0,0,0,0,0,1,1,0,1,0,1,1,1,0,1,1,1,0,1,0,1,0,0.592338
0,1,1,1,0,1,1,0,1,1,1,1,0,1,1,0,1,1,0,1,1,0,0,0,1,0,0,1,0,1,0,0,0.628810
1,0,0,1,1,1,1,1,1,1,0,0,0,0,0,1,1,1,0,0,1,0,0,0,1,1,1,0,0,1,0,0,0.626439
1,0,1,1,0,0,1,0,1,0,0,1,0,0,0,0,1,0,1,0,1,0,1,1,0,0,0,0,1,0,0,1,0.613704
0,1,0,1,1,0,0,1,1,1,1,1,1,0,1,1,0,1,0,0,1,0,1,0,1,1,0,1,1,0,0,1,0.634085
1,0,0,0,1,1,1,0,1,1,0,1,1,0,0,1,1,1,0,0,1,1,1,0,0,0,1,1,0,0,0,0,0.595562
1,0,1,1,0,1,0,1,1,1,0,1,0,0,0,1,0,1,1,1,1,1,1,0,1,0,1,0,0,1,0,1,0.622762
1,0,1,1,1,1,1,0,0,1,1,1,0,1,1,1,1,1,0,0,1,0,1,0,1,0,0,0,0,1,0,0,0.630994
1,1,1,0,1,0,1,1,0,1,1,1,1,1,1,0,1,0,0,1,1,1,0,1,0,1,1,1,1,1,0,1,0.646872
1,1,1,0,0,1,0,0,0,1,1,1,0,0,1,0,0,0,1,0,0,1,1,0,0,1,0,1,1,0,1,0,0.592791
0,1,0,1,0,1,0,1,1,0,1,0,1,0,1,0,1,0,0,1,0,0,0,0,1,1,0,0,0,0,0,0,0.597080
0,1,0,1,0,1,0,1,1,1,0,1,1,1,1,0,1,0,1,0,1,1,0,0,1,1,0,0,0,0,1,1,0.600570
1,1,1,1,1,1,0,1,1,1,1,0,0,1,1,0,0,0,1,1,0,0,0,0,0,1,1,0,0,1,1,0,0.638321
1,1,0,0,1,1,1,0,1,1,0,0,1,0,1,1,1,0,1,1,1,0,1,1,1,1,0,0,0,0,1,0,0.626492
1,0,0,1,1,0,0,0,1,0,1,1,1,1,1,0,1,0,0,0,1,1,0,1,1,0,1,1,1,1,1,0,0.623561
1,0,0,1,0,0,1,0,0,1,0,1,0,0,1,1,0,1,0,0,1,1,1,0,1,0,1,1,1,0,0,0,0.591592
0,1,0,0,1,0,0,1,1,0,0,1,1,1,0,0,0,1,1,1,1,1,0,0,0,0,0,0,1,0,1,0,0.600677
0,1,1,1,0,0,1,0,1,0,0,1,1,1,0,0,0,1,0,0,1,1,1,1,1,0,0,1,0,1,0,0,0.643382
1,0,0,0,1,1,0,0,1,1,1,1,0,1,0,0,0,0,1,1,0,0,0,0,0,0,0,0,0,1,1,0,0.617594
1,0,1,1,1,0,0,1,1,0,0,1,0,1,1,0,1,0,1,0,1,1,0,1,0,0,1,0,0,0,0,1,0.621190
0,0,0,1,1,0,0,1,1,0,0,0,0,1,1,0,1,0,1,1,0,1,1,0,1,0,0,0,1,0,1,1,0.615409
0,1,0,1,0,1,0,0,1,0,0,0,0,0,1,0,1,1,1,1,0,0,0,1,0,1,1,0,1,0,0,0,0.644928
1,1,0,0,1,1,0,1,0,1,1,0,0,0,0,0,1,1,0,1,1,0,1,1,0,0,0,1,0,1,1,0,0.635763
0,1,1,0,0,1,1,1,1,1,1,1,0,1,0,0,0,0,0,1,1,0,1,0,0,1,1,1,0,0,0,1,0.613731
1,1,0,0,0,1,0,1,1,1,0,1,0,0,1,1,0,0,0,0,0,0,1,0,0,0,1,1,1,1,1,0,0.607550
1,1,0,1,0,0,0,0,0,0,0,0,0,0,1,1,0,1,1,0,1,1,0,0,1,1,0,1,1,1,0,0,0.609069
1,1,0,1,1,1,1,0,0,1,0,0,0,0,1,0,1,0,1,0,1,0,1,1,0,1,0,0,1,0,1,0,0.617674
1,0,1,1,0,1,1,1,0,1,1,1,1,1,1,1,1,1,0,0,0,1,0,0,0,1,0,0,1,0,1,1,0.626892
1,1,1,1,1,0,1,0,0,0,1,1,1,1,1,0,1,0,0,1,0,1,1,1,0,1,1,0,1,0,1,0,0.658488
0,0,1,1,0,0,0,1,0,0,0,1,0,1,0,1,1,1,0,1,1,0,1,0,1,1,1,1,0,1,0,1,0.641571
1,0,0,0,0,0,1,0,1,0,0,0,0,0,0,0,0,0,1,0,0,0,1,1,1,1,1,0,1,1,1,0,0.574782
1,0,0,0,1,0,0,0,0,1,1,0,0,1,1,0,1,1,0,1,1,1,0,0,0,1,1,0,1,0,0,0,0.603714
1,1,1,0,0,1,0,1,1,1,1,1,1,1,1,0,0,1,0,1,0,1,0,0,1,0,1,1,0,0,0,0,0.639972
0,0,0,1,1,0,1,0,1,0,0,1,1,0,1,1,1,0,1,0,1,1,0,1,1,1,0,1,1,0,1,0,0.634990
0,0,1,1,1,1,1,1,1,1,1,0,0,1,1,0,1,0,0,1,1,1,1,0,0,1,1,0,1,1,0,1,0.635710
1,0,1,1,0,0,1,0,0,0,1,0,0,1,0,1,0,0,0,1,1,0,0,0,1,0,1,0,1,1,1,1,0.634937
1,0,0,1,0,0,1,0,0,1,0,1,0,0,1,1,1,0,0,0,0,0,0,0,0,0,0,1,1,0,0,1,0.594176
1,1,0,0,0,0,0,0,1,1,0,1,1,0,0,0,1,1,0,0,0,0,0,0,1,0,1,1,1,0,1,1,0.650256
0,1,0,0,0,0,1,0,1,0,0,0,0,0,1,1,1,1,0,0,0,0,1,0,1,0,1,0,1,0,0,0,0.593031
0,0,1,1,1,1,0,0,0,1,1,0,1,0,0,0,0,0,1,0,1,1,0,1,0,1,0,0,0,0,1,0,0.652307
0,0,1,1,1,1,0,0,1,1,0,0,1,0,0,1,1,0,0,0,1,0,0,0,1,0,0,0,1,0,1,1,0.598439
1,1,0,1,1,1,1,1,1,1,1,0,0,1,1,0,1,0,0,1,1,1,1,0,0,0,1,1,1,0,0,1,0.630675
1,0,0,1,0,0,0,0,1,0,1,0,1,1,1,1,1,1,1,1,1,0,0,0,0,0,1,0,0,1,1,1,0.623481
0,0,1,1,0,0,0,1,1,0,1,1,0,1,1,0,1,1,0,1,0,0,1,0,0,1,0,0,1,0,1,1,0.605738
0,1,0,1,0,0,1,0,1,0,0,1,1,1,1,0,1,0,1,0,0,0,1,1,0,1,0,0,1,0,0,1,0.615729
0,1,0,1,0,1,1,0,1,1,0,0,0,1,1,0,0,0,0,1,0,1,1,1,1,0,1,1,0,1,1,0,0.588608
0,1,0,0,0,1,1,0,0,0,0,1,0,1,0,0,1,1,1,1,1,1,0,1,1,0,1,0,0,0,1,1,0.625080
1,1,0,0,0,0,1,0,1,1,1,0,1,1,1,1,1,1,1,0,0,1,0,1,0,0,1,1,1,0,0,0,0.611813
0,0,0,1,0,0,1,0,0,1,1,0,1,0,1,1,1,0,0,0,1,0,1,1,0,1,0,1,1,0,0,0,0.606644
0,0,1,0,0,1,1,1,0,0,1,1,0,1,0,0,0,0,0,0,1,1,0,1,0,1,0,0,0,0,0,1,0.554508
1,1,1,1,0,0,1,1,0,0,0,0,0,1,0,0,0,1,1,1,1,1,1,0,0,0,0,0,0,0,1,1,0.645407
