1,1,0,0,1,0,0,0,1,0,1,1,1,0,0,0,1,0,0,0,0,1,1,0,1,1,0,1,0,0,0,0,0.644262
1,0,0,0,0,1,1,1,0,1,0,0,1,0,0,1,0,1,0,1,1,1,0,1,1,1,1,0,1,0,0,1,0.640798
1,1,1,0,0,0,0,0,0,0,1,0,0,1,1,1,0,0,0,1,0,0,1,1,1,1,1,1,1,1,0,0,0.581095
1,0,0,1,1,1,1,1,1,0,0,1,1,1,1,0,1,1,0,0,0,0,1,1,1,1,0,1,0,1,1,0,0.611520
1,1,0,0,0,0,1,0,0,1,0,0,1,0,1,1,0,1,1,1,0,1,1,0,1,0,1,1,0,0,0,0,0.583067
0,0,1,1,0,0,1,1,1,1,0,1,1,0,0,0,0,0,0,1,1,0,1,0,0,1,1,1,1,0,1,1,0.643009
1,0,1,1,1,0,0,1,0,1,0,0,0,1,0,0,1,1,0,0,1,0,0,0,1,1,1,1,1,1,1,0,0.606138
0,0,0,1,0,0,0,1,1,1,1,0,0,0,0,0,1,0,1,0,1,1,0,0,1,0,0,1,1,0,0,0,0.566736
0,1,0,0,1,1,0,0,1,1,1,0,1,0,1,0,0,1,0,1,0,0,1,1,0,0,1,0,1,1,1,1,0.609681
1,0,1,1,0,1,0,1,1,1,0,1,0,0,1,1,1,1,0,0,0,0,0,1,1,0,0,1,1,0,1,1,0.651162
0,1,1,1,1,1,0,1,1,1,0,0,1,0,1,0,1,1,1,0,0,0,0,1,0,0,0,1,1,0,0,1,0.602835
0,1,1,0,1,0,0,1,1,0,1,0,0,1,1,0,0,0,0,0,1,0,1,0,0,0,0,0,1,0,1,1,0.537084
1,0,0,1,1,0,0,0,0,0,1,1,1,0,0,1,0,1,0,1,1,1,0,1,1,0,0,1,0,0,1,1,0.616928
1,1,1,0,1,1,1,0,1,0,0,0,0,0,1,1,1,0,1,0,0,1,1,0,1,0,0,1,0,1,1,1,0.618020
0,1,1,1,0,0,1,1,0,1,1,1,0,1,0,1,1,0,0,1,0,0,0,1,0,0,1,1,0,1,1,1,0.714967
0,0,0,0,0,0,0,1,0,1,1,0,1,1,0,1,1,0,1,1,1,0,1,0,1,1,0,0,0,1,1,0,0.597133
0,0,1,1,1,0,0,1,1,0,1,1,1,1,0,0,1,0,1,0,1,1,1,1,0,0,1,1,0,1,1,0,0.611280
1,0,1,1,1,0,0,1,0,1,1,0,1,0,0,0,0,1,0,0,1,0,0,0,0,1,0,1,0,1,0,0,0.576993
0,0,1,0,0,0,0,1,1,1,0,1,1,0,1,1,0,1,1,1,0,0,1,1,0,0,0,1,0,0,0,1,0.637788
0,1,1,1,1,0,1,1,1,1,1,1,1,1,1,0,1,0,1,0,1,0,0,1,1,1,0,0,1,1,1,1,0.641704
1,1,0,0,0,0,0,0,0,1,1,0,1,0,0,1,0,0,0,1,0,1,1,0,0,1,0,1,1,1,1,1,0.647325
1,1,1,0,0,1,1,0,0,1,1,1,0,0,0,1,1,0,0,0,0,1,0,1,1,1,0,1,1,0,0,1,0.620524
0,1,1,0,0,1,1,0,0,0,1,1,0,0,0,1,1,1,0,1,0,1,0,0,0,1,1,0,1,0,0,1,0.597799
0,1,0,1,0,1,0,0,0,1,1,0,1,1,1,1,0,1,1,0,0,1,0,1,0,1,1,0,0,0,0,1,0.599584
0,1,1,1,1,1,0,0,0,1,1,0,0,0,0,1,1,0,0,1,0,0,1,0,0,1,0,1,1,0,0,0,0.585225
1,1,1,0,0,0,1,1,1,0,1,1,1,1,1,0,1,0,0,0,1,0,1,1,0,1,0,0,0,1,0,1,0.601556
1,0,1,1,0,0,0,1,1,0,0,1,1,1,0,1,0,0,0,0,1,0,0,0,0,0,1,0,1,0,1,0,0.556106
1,1,0,1,0,1,0,1,1,1,1,0,1,0,1,1,1,1,1,0,1,0,1,1,1,0,0,0,1,1,1,1,0.582214
0,0,1,0,1,0,0,0,1,0,0,1,0,0,1,0,1,0,1,1,0,1,1,1,0,0,1,0,1,1,1,0,0.591938
1,1,1,0,1,1,1,0,1,1,1,1,1,0,1,0,0,0,0,1,1,0,0,1,1,1,0,1,1,0,1,1,0.638241
0,0,0,1,0,1,1,1,1,0,0,1,0,0,1,0,0,0,1,0,0,1,0,1,1,0,0,1,1,0,1,1,0.565883
0,1,0,0,0,0,0,1,1,0,1,0,0,0,1,0,0,0,0,0,1,0,0,0,0,0,1,1,1,0,1,1,0.525549
1,1,1,0,1,1,1,0,0,1,0,1,1,1,0,1,1,0,1,1,1,1,0,1,1,0,0,1,0,1,1,0,0.631820
0,1,0,1,1,0,0,1,0,0,0,1,1,0,1,1,0,0,0,0,0,0,1,0,1,1,0,0,0,1,0,1,0.573822
1,1,0,0,1,0,0,0,0,0,1,0,0,1,0,0,0,1,1,0,0,1,1,1,1,1,0,1,1,0,1,0,0.589674
0,1,1,1,0,0,1,1,0,1,0,1,0,0,0,1,1,0,1,0,0,0,0,1,0,1,0,1,1,1,0,0,0.585545
0,0,1,1,1,1,1,1,1,0,1,1,0,1,1,1,1,0,1,0,1,1,1,0,0,1,0,0,0,1,1,0,0.610667
1,1,0,0,0,1,1,0,0,1,1,1,0,0,0,0,1,1,0,1,0,1,0,1,0,0,1,0,1,0,0,0,0.577179
1,0,0,1,1,1,1,1,1,1,1,1,0,1,1,1,1,1,1,1,0,1,1,1,0,1,0,0,0,0,1,1,0.740702
0,0,1,0,1,1,1,1,1,1,1,1,1,0,1,1,1,1,0,1,1,1,0,1,1,1,1,0,1,0,1,0,0.619139
1,0,1,0,0,1,0,0,0,1,1,1,0,1,0,0,0,1,0,1,0,0,1,0,0,1,1,0,0,0,0,1,0.568681
0,1,1,0,1,1,1,1,1,0,0,0,1,1,0,1,0,1,0,1,0,0,0,0,0,0,0,0,1,1,0,0,0.575234
0,1,1,1,1,0,1,0,1,0,1,0,0,1,0,1,1,1,1,1,1,0,0,1,1,0,1,1,0,1,1,0,0.622469
1,0,1,1,1,0,0,0,0,0,0,1,1,0,1,0,0,1,0,1,1,1,1,1,1,0,1,1,1,1,0,1,0.629129
1,1,1,1,0,1,1,0,0,1,0,0,0,0,0,1,0,1,0,1,0,0,1,1,0,1,1,1,1,0,1,0,0.608669
1,0,0,0,0,1,0,1,0,1,0,0,0,1,1,0,0,0,1,0,1,1,1,0,0,0,1,0,0,0,0,0,0.541134
0,1,0,0,1,1,0,1,0,1,1,1,1,0,1,1,0,1,0,0,1,0,1,1,0,0,0,0,1,1,1,0,0.571931
1,1,1,1,0,0,0,0,0,0,0,1,0,1,1,1,1,1,0,0,1,1,1,0,1,1,1,1,0,1,0,0,0.614077
1,1,1,0,0,0,1,0,0,1,0,1,0,1,1,0,1,1,1,0,0,0,1,1,1,0,0,0,1,0,1,1,0.594016
0,0,0,1,0,1,0,1,0,0,1,1,1,1,1,0,0,1,1,1,0,0,0,0,1,0,0,1,1,0,0,0,0.586157
0,0,0,1,0,0,1,1,0,1,0,1,0,0,0,1,1,1,0,0,0,1,0,0,1,0,0,0,1,1,1,1,0.596014
0,0,0,0,0,0,1,0,1,1,0,1,1,1,1,0,0,0,1,1,1,0,0,0,0,1,0,0,1,0,1,1,0.589647
1,1,0,0,0,0,1,1,0,0,1,0,1,1,0,1,1,1,0,0,1,1,0,0,1,1,1,1,0,1,1,0,0.629689
0,0,0,0,0,1,0,1,1,1,0,0,0,1,0,0,1,1,0,0,1,1,0,1,1,1,0,0,1,0,1,0,0.606405
0,0,1,1,1,0,1,0,1,1,1,1,0,1,0,1,0,0,0,0,0,1,1,1,1,0,1,1,0,0,0,1,0.604726
0,1,0,0,1,0,0,0,1,1,0,0,0,1,0,0,1,0,1,1,1,1,0,1,1,1,1,1,0,1,0,1,0.614717
0,0,1,0,0,1,1,1,0,1,0,1,0,0,1,0,1,1,0,0,1,0,1,1,1,0,0,0,1,1,0,1,0.582880
0,0,1,1,0,0,1,1,1,0,0,0,0,0,0,0,1,1,0,0,1,0,0,1,0,0,1,0,1,0,1,1,0.548460
0,1,0,0,0,1,0,0,1,0,1,0,0,0,1,1,0,0,0,1,0,1,1,0,0,1,1,1,0,0,0,0,0.550218
1,0,0,0,1,0,1,1,1,1,1,0,0,1,0,0,0,1,1,1,1,0,1,1,1,0,1,1,0,0,1,1,0.680840
0,0,1,0,1,1,1,1,0,1,0,0,0,1,0,0,0,1,1,1,0,1,0,0,0,0,0,1,1,0,0,1,0.560076
0,1,0,1,1,0,0,1,0,0,1,1,0,0,0,0,1,1,0,0,1,0,1,0,0,1,1,1,0,1,1,1,0.582401
0,1,1,1,0,0,1,0,0,0,1,1,0,0,1,1,1,1,0,0,0,0,1,1,1,0,0,1,1,1,1,0,0.628650
0,1,0,0,1,1,0,1,0,0,1,1,1,1,1,1,1,0,0,1,1,1,0,0,1,1,1,0,0,0,1,1,0.615489
1,1,0,0,0,1,1,0,0,1,0,0,0,1,1,0,0,1,1,0,1,1,1,0,0,0,0,0,0,1,0,0,0.561115
0,0,0,1,0,0,1,1,0,1,0,1,1,1,1,0,0,1,0,0,1,0,0,1,0,0,1,0,0,1,0,0,0.517104
1,1,0,0,1,0,1,1,1,1,0,0,0,1,1,1,1,1,1,1,1,1,0,1,1,0,0,0,0,1,1,0,0.623082
0,1,0,0,0,0,0,0,0,1,1,0,1,1,1,0,1,1,1,0,0,1,1,1,1,0,0,0,1,0,0,1,0.583786
0,0,1,1,0,0,1,0,1,0,1,0,0,0,1,1,0,0,1,0,1,1,1,0,0,1,1,0,1,1,1,1,0.636322
0,0,1,1,1,0,0,1,0,1,0,1,1,1,0,0,1,1,1,1,1,1,0,0,0,1,0,0,1,1,1,0,0.620658
1,1,1,1,1,0,1,1,1,1,1,0,1,1,0,1,0,1,1,1,1,1,0,1,0,1,0,1,0,0,0,0,0.611493
0,1,0,0,1,0,1,1,0,1,0,0,0,0,0,0,1,1,1,0,0,0,0,1,1,1,0,1,0,1,1,1,0.564551
1,1,0,0,0,1,0,1,0,0,0,0,0,0,0,0,0,1,1,0,0,1,0,1,1,0,0,0,0,1,1,1,0.561727
0,0,1,1,1,1,1,0,0,0,0,0,1,0,1,1,0,0,1,1,0,1,0,0,0,1,0,0,0,0,1,0,0.547501
0,0,1,1,1,1,1,1,1,0,1,1,0,0,1,1,1,1,0,0,1,1,0,1,1,0,1,0,1,1,0,0,0.568254
1,0,0,1,1,1,1,1,1,1,1,1,1,0,0,1,1,0,0,1,0,0,0,1,0,0,1,0,1,0,1,1,0.669144
0,1,1,1,1,1,1,1,1,1,1,1,0,1,1,1,0,1,1,0,1,0,1,0,1,1,0,0,0,1,0,0,0.608296
0,1,1,0,0,0,0,0,0,0,0,0,1,0,1,1,1,1,0,0,0,1,1,1,0,0,1,1,0,0,0,0,0.554774
0,0,1,0,1,0,1,0,0,0,1,0,0,1,1,0,1,1,0,1,0,1,1,1,0,0,0,1,1,0,0,0,0.571638
0,0,0,1,0,1,1,0,1,1,0,1,1,1,0,1,0,0,1,0,1,0,0,0,1,1,0,1,0,0,0,0,0.601636
0,1,1,1,1,1,0,0,0,0,0,0,0,1,0,1,1,0,1,0,1,0,1,1,0,0,0,0,1,1,1,0,0.567748
0,0,1,0,1,1,0,1,1,1,0,0,0,0,0,0,0,1,0,0,1,0,0,0,1,1,0,1,0,1,1,1,0.558770
1,1,0,1,1,0,1,1,1,1,0,0,1,0,0,1,0,1,1,0,1,0,1,0,1,0,1,1,0,1,1,0,0.618739
0,1,0,1,1,0,1,0,0,0,0,0,1,0,1,0,0,1,0,1,1,0,0,0,0,0,0,0,0,1,1,1,0.531330
1,0,0,0,1,0,0,0,1,1,1,0,0,1,1,0,0,0,1,1,0,1,1,1,0,0,0,0,0,1,0,1,0.592391
0,1,0,0,1,0,0,0,1,1,1,0,1,0,1,0,1,0,1,1,1,0,0,0,0,1,1,0,1,1,1,1,0.638054
0,1,0,1,1,1,1,0,0,0,1,1,1,0,1,0,0,0,1,1,0,1,1,0,0,1,0,0,1,1,1,1,0.634378
0,0,0,0,0,1,1,0,0,1,1,0,1,0,1,1,0,0,0,1,1,0,1,1,1,0,0,1,0,1,1,1,0.618553
1,0,0,1,1,1,1,1,1,1,1,0,0,1,0,0,1,1,1,0,0,1,0,1,1,0,0,1,1,1,0,1,0.641517
1,1,1,1,1,0,0,1,0,0,0,1,0,1,1,1,0,1,0,0,1,0,1,1,0,0,1,1,0,0,1,1,0.724798
0,1,1,0,0,1,0,1,0,0,0,1,1,0,1,0,1,1,0,1,1,1,1,1,1,0,0,0,0,0,0,1,0.605179
0,1,0,1,1,0,1,0,1,1,1,0,1,1,1,1,1,1,0,1,0,0,0,0,1,0,1,1,1,1,0,0,0.632060
0,1,1,0,0,1,0,0,1,0,0,0,0,1,1,0,0,0,0,1,1,0,1,1,1,0,0,1,0,0,1,1,0.577952
0,1,1,1,0,1,0,1,1,0,0,0,1,1,0,0,0,1,0,0,0,1,1,1,1,1,1,1,1,1,1,1,0.657076
1,1,0,1,1,0,0,0,0,1,0,1,1,1,1,1,0,0,1,1,0,0,0,0,1,1,1,1,0,1,0,0,0.627611
1,1,1,0,1,1,1,1,0,1,1,1,1,0,1,0,0,1,0,0,1,1,0,0,0,0,0,0,1,1,0,0,0.594816
1,0,0,0,1,1,0,1,1,0,0,1,0,0,1,0,0,0,1,0,0,0,0,0,1,0,1,1,0,0,1,1,0.582214
1,0,1,1,1,1,1,1,0,0,0,0,1,0,1,1,1,1,1,0,1,1,1,0,1,0,0,1,1,0,1,1,0.615542
0,0,1,1,0,1,1,0,1,1,1,0,1,0,0,1,1,0,0,0,0,0,0,1,0,0,1,1,0,0,1,0,0.575954
1,1,1,1,1,0,1,0,1,1,0,0,1,1,1,0,0,1,0,0,1,0,0,0,1,1,1,1,1,0,0,0,0.610987
0,1,0,1,0,1,0,1,0,0,1,0,1,0,1,1,1,1,1,1,1,1,1,1,1,0,1,0,1,1,0,0,0.624947
0,1,1,0,0,1,1,1,1,0,0,0,0,1,0,0,1,1,1,0,0,1,1,1,1,1,0,0,1,0,1,1,0.582507
0,1,0,0,0,0,0,1,0,0,0,0,0,1,0,1,0,1,0,1,0,1,0,0,0,0,0,1,1,1,1,0,0.528932
1,1,0,1,1,1,1,0,1,0,1,1,1,1,1,0,1,1,1,1,1,1,1,0,0,0,1,0,1,1,0,1,0.623002
0,0,1,1,0,0,1,0,0,1,0,1,1,0,0,1,1,0,0,1,0,1,0,1,1,1,1,1,1,1,1,0,0.627637
1,1,0,0,1,1,0,1,0,1,0,0,1,1,0,1,1,1,0,1,1,0,1,0,1,0,1,0,1,0,0,1,0.615223
1,0,1,1,0,0,1,1,0,0,0,1,0,1,1,0,1,1,0,1,0,1,1,1,1,1,0,1,1,1,1,1,0.671595
1,1,0,0,1,0,1,0,0,0,1,1,1,0,0,0,0,0,0,1,0,1,0,1,1,1,0,0,1,1,0,1,0.585065
1,1,0,1,1,0,0,1,1,0,1,0,0,0,1,1,1,1,0,0,1,1,0,1,0,1,0,1,0,1,0,1,0.637308
0,1,1,0,1,1,1,0,1,1,1,0,1,0,1,0,1,1,0,1,1,0,1,1,0,1,1,1,1,0,1,1,0.652973
1,1,1,0,1,0,0,1,1,0,0,1,0,1,1,1,1,0,0,0,0,1,1,1,0,1,1,0,0,0,0,1,0.611040
1,0,1,1,0,0,0,0,0,1,0,1,0,0,1,1,1,0,1,1,1,0,0,1,0,1,1,1,1,0,0,0,0.609548
1,1,0,0,0,0,1,0,0,1,1,1,1,1,0,0,0,0,1,1,0,1,1,0,0,1,1,0,0,1,0,1,0.590926
0,0,0,1,1,0,0,1,0,1,0,0,0,1,0,1,0,1,1,0,1,0,0,1,0,0,0,1,0,0,0,1,0.541347
1,1,0,1,0,1,0,0,0,1,0,0,1,0,1,0,0,1,0,0,1,1,1,0,0,1,0,1,1,1,1,1,0.622762
1,1,1,1,1,1,1,0,0,1,0,1,0,1,0,0,1,0,1,0,0,0,0,1,0,0,1,0,1,0,1,0,0.619006
1,0,0,1,0,1,1,0,0,1,1,1,0,1,0,1,0,0,1,0,1,1,1,1,0,0,0,1,0,1,0,1,0.602169
0,0,0,1,1,1,0,0,0,0,1,0,1,1,1,0,0,0,0,1,0,0,0,1,0,0,0,1,1,1,0,1,0.536338
1,0,1,1,0,0,1,1,1,1,0,1,0,1,0,0,0,1,1,1,0,0,1,0,1,1,0,1,1,1,0,1,0.637255
1,1,1,1,1,0,1,0,1,1,1,0,0,0,0,1,0,1,0,0,0,0,1,1,0,0,0,1,1,1,1,1,0.636695
1,0,1,1,0,0,0,1,1,0,1,1,0,1,0,1,0,0,1,1,0,0,1,1,1,1,1,1,0,1,0,0,0.644741
0,1,0,0,1,1,1,0,1,1,0,1,1,0,1,0,0,0,1,1,0,0,1,1,1,1,1,0,0,1,0,0,0.584452
1,1,0,1,1,1,0,1,0,0,1,1,1,0,0,1,0,0,1,0,0,1,1,0,1,1,0,1,1,1,1,0,0.618073
0,0,1,1,0,0,1,0,1,0,1,0,0,1,1,1,0,0,1,1,0,0,0,1,1,1,1,1,0,0,0,1,0.625266
0,0,1,0,1,0,1,1,1,0,0,1,1,0,0,0,0,0,1,0,1,0,0,0,0,1,1,1,1,1,0,0,0.602861
0,1,1,1,0,1,1,1,0,0,0,0,1,0,0,0,1,1,0,1,0,1,0,1,0,1,1,1,1,1,1,0,0.646766
1,1,1,1,0,0,0,0,0,0,1,1,0,1,1,1,0,0,1,1,1,1,1,0,1,0,1,1,0,1,1,1,0.671462
0,1,0,0,1,1,0,1,0,1,0,0,1,1,0,0,1,1,1,1,1,1,0,1,1,1,1,1,0,0,0,1,0.633179
