0,1,1,1,1,1,1,1,1,1,1,1,0,1,1,1,0,1,1,0,1,0,1,0,1,1,0,0,0,1,0,0,0.605792
0,1,1,1,0,1,1,1,0,0,0,0,1,0,0,0,1,1,0,1,0,1,0,1,0,1,1,1,1,1,1,0,0.650629
0,0,1,0,1,1,1,1,0,1,0,0,0,1,0,0,0,1,1,1,0,1,0,0,0,0,0,1,1,0,0,1,0.558717
1,0,1,1,0,0,0,1,1,0,0,1,1,1,0,1,0,0,0,0,1,0,0,0,0,0,1,0,1,0,1,0,0.551764
1,1,1,1,1,0,0,1,0,0,0,1,0,1,1,1,0,1,0,0,1,0,1,1,0,0,1,1,0,0,1,1,0.735347
1,1,0,0,0,0,1,0,0,1,0,0,1,0,1,1,0,1,1,1,0,1,1,0,1,0,1,1,0,0,0,0,0.585092
1,0,1,0,0,1,0,0,0,1,1,1,0,1,0,0,0,1,0,1,0,0,1,0,0,1,1,0,0,0,0,1,0.570093
0,0,1,1,1,0,1,0,1,1,1,1,0,1,0,1,0,0,0,0,0,1,1,1,1,0,1,1,0,0,0,1,0.601556
1,1,0,1,1,0,1,1,1,1,0,0,1,0,0,1,0,1,1,0,1,0,1,0,1,0,1,1,0,1,1,0,0.617407
1,1,0,0,1,1,0,1,0,1,0,0,1,1,0,1,1,1,0,1,1,0,1,0,1,0,1,0,1,0,0,1,0.613997
0,0,1,0,0,0,0,1,1,1,0,1,1,0,1,1,0,1,1,1,0,0,1,1,0,0,0,1,0,0,0,1,0.636109
1,0,1,1,1,0,0,1,0,1,1,0,1,0,0,0,0,1,0,0,1,0,0,0,0,1,0,1,0,1,0,0,0.575181
1,0,1,1,1,0,0,0,0,0,0,1,1,0,1,0,0,1,0,1,1,1,1,1,1,0,1,1,1,1,0,1,0.627877
0,1,0,1,1,0,1,0,0,0,0,0,1,0,1,0,0,1,0,1,1,0,0,0,0,0,0,0,0,1,1,1,0.530904
0,0,0,0,0,0,0,1,0,1,1,0,1,1,0,1,1,0,1,1,1,0,1,0,1,1,0,0,0,1,1,0,0.598759
1,1,0,0,0,0,1,1,0,0,1,0,1,1,0,1,1,1,0,0,1,1,0,0,1,1,1,1,0,1,1,0,0.626838
0,1,0,0,0,0,0,1,0,0,0,0,0,1,0,1,0,1,0,1,0,1,0,0,0,0,0,1,1,1,1,0,0.525362
0,1,1,0,1,1,1,0,1,1,1,0,1,0,1,0,1,1,0,1,1,0,1,1,0,1,1,1,1,0,1,1,0.647139
1,0,0,0,0,1,0,1,0,1,0,0,0,1,1,0,0,0,1,0,1,1,1,0,0,0,1,0,0,0,0,0,0.536205
0,1,1,0,1,1,1,1,1,0,0,0,1,1,0,1,0,1,0,1,0,0,0,0,0,0,0,0,1,1,0,0,0.573370
0,0,1,0,1,0,0,0,1,0,0,1,0,0,1,0,1,0,1,1,0,1,1,1,0,0,1,0,1,1,1,0,0.586370
0,0,1,1,1,1,1,1,1,0,1,1,0,0,1,1,1,1,0,0,1,1,0,1,1,0,1,0,1,1,0,0,0.573982
0,0,0,1,0,1,1,0,1,1,0,1,1,1,0,1,0,0,1,0,1,0,0,0,1,1,0,1,0,0,0,0,0.601236
0,1,1,1,1,0,1,0,1,0,1,0,0,1,0,1,1,1,1,1,1,0,0,1,1,0,1,1,0,1,1,0,0.623988
0,1,0,1,1,0,0,1,0,0,1,1,0,0,0,0,1,1,0,0,1,0,1,0,0,1,1,1,0,1,1,1,0.580536
1,1,1,0,0,0,1,0,0,1,0,1,0,1,1,0,1,1,1,0,0,0,1,1,1,0,0,0,1,0,1,1,0.595428
1,1,1,0,1,1,1,0,1,1,1,1,1,0,1,0,0,0,0,1,1,0,0,1,1,1,0,1,1,0,1,1,0.635390
0,1,1,1,1,1,0,1,1,1,0,0,1,0,1,0,1,1,1,0,0,0,0,1,0,0,0,1,1,0,0,1,0.600384
1,1,0,0,0,0,0,0,0,1,1,0,1,0,0,1,0,0,0,1,0,1,1,0,0,1,0,1,1,1,1,1,0.642130
1,0,0,0,1,1,0,1,1,0,0,1,0,0,1,0,0,0,1,0,0,0,0,0,1,0,1,1,0,0,1,1,0.578938
1,1,1,0,0,0,0,0,0,0,1,0,0,1,1,1,0,0,0,1,0,0,1,1,1,1,1,1,1,1,0,0,0.581229
0,0,0,1,0,1,1,1,1,0,0,1,0,0,1,0,0,0,1,0,0,1,0,1,1,0,0,1,1,0,1,1,0.573130
0,1,1,1,0,0,1,1,0,1,0,1,0,0,0,1,1,0,1,0,0,0,0,1,0,1,0,1,1,1,0,0,0.581655
1,0,1,1,0,1,0,1,1,1,0,1,0,0,1,1,1,1,0,0,0,0,0,1,1,0,0,1,1,0,1,1,0.655078
0,0,1,0,0,1,1,1,0,1,0,1,0,0,1,0,1,1,0,0,1,0,1,1,1,0,0,0,1,1,0,1,0.586184
1,1,1,0,1,1,1,0,0,1,0,1,1,1,0,1,1,0,1,1,1,1,0,1,1,0,0,1,0,1,1,0,0.634564
0,1,0,0,1,0,1,1,0,1,0,0,0,0,0,0,1,1,1,0,0,0,0,1,1,1,0,1,0,1,1,1,0.566070
0,0,1,0,1,0,1,0,0,0,1,0,0,1,1,0,1,1,0,1,0,1,1,1,0,0,0,1,1,0,0,0,0.572570
0,1,0,0,1,1,0,0,1,1,1,0,1,0,1,0,0,1,0,1,0,0,1,1,0,0,1,0,1,1,1,1,0.610800
1,1,0,1,0,1,0,1,1,1,1,0,1,0,1,1,1,1,1,0,1,0,1,1,1,0,0,0,1,1,1,1,0.585997
0,0,1,0,1,0,1,1,1,0,0,1,1,0,0,0,0,0,1,0,1,0,0,0,0,1,1,1,1,1,0,0,0.599824
0,1,0,1,0,1,0,0,0,1,1,0,1,1,1,1,0,1,1,0,0,1,0,1,0,1,1,0,0,0,0,1,0.603394
0,1,0,1,1,0,1,0,1,1,1,0,1,1,1,1,1,1,0,1,0,0,0,0,1,0,1,1,1,1,0,0,0.636243
0,1,1,1,1,1,0,0,0,0,0,0,0,1,0,1,1,0,1,0,1,0,1,1,0,0,0,0,1,1,1,0,0.566736
0,0,1,1,0,0,1,1,1,0,0,0,0,0,0,0,1,1,0,0,1,0,0,1,0,0,1,0,1,0,1,1,0.551764
1,1,1,0,1,1,1,1,0,1,1,1,1,0,1,0,0,1,0,0,1,1,0,0,0,0,0,0,1,1,0,0,0.591832
1,0,0,0,1,0,0,0,1,1,1,0,0,1,1,0,0,0,1,1,0,1,1,1,0,0,0,0,0,1,0,1,0.593617
1,1,0,0,1,0,0,0,1,0,1,1,1,0,0,0,1,0,0,0,0,1,1,0,1,1,0,1,0,0,0,0,0.647538
1,1,0,0,0,1,1,0,0,1,1,1,0,0,0,0,1,1,0,1,0,1,0,1,0,0,1,0,1,0,0,0,0.576327
0,1,0,0,1,0,0,0,1,1,0,0,0,1,0,0,1,0,1,1,1,1,0,1,1,1,1,1,0,1,0,1,0.616235
1,0,1,1,0,0,0,0,0,1,0,1,0,0,1,1,1,0,1,1,1,0,0,1,0,1,1,1,1,0,0,0,0.611706
1,1,1,1,1,0,1,1,1,1,1,0,1,1,0,1,0,1,1,1,1,1,0,1,0,1,0,1,0,0,0,0,0.609841
1,0,0,1,1,1,1,1,1,1,1,1,1,0,0,1,1,0,0,1,0,0,0,1,0,0,1,0,1,0,1,1,0.672847
0,0,0,0,0,1,1,0,0,1,1,0,1,0,1,1,0,0,0,1,1,0,1,1,1,0,0,1,0,1,1,1,0.616501
1,0,1,1,0,0,1,1,0,0,0,1,0,1,1,0,1,1,0,1,0,1,1,1,1,1,0,1,1,1,1,1,0.675698
1,1,1,0,0,1,1,0,0,1,1,1,0,0,0,1,1,0,0,0,0,1,0,1,1,1,0,1,1,0,0,1,0.615942
1,1,1,0,1,0,0,1,1,0,0,1,0,1,1,1,1,0,0,0,0,1,1,1,0,1,1,0,0,0,0,1,0.611973
0,1,0,1,1,0,0,1,0,0,0,1,1,0,1,1,0,0,0,0,0,0,1,0,1,1,0,0,0,1,0,1,0.571478
1,0,1,1,0,0,0,1,1,0,1,1,0,1,0,1,0,0,1,1,0,0,1,1,1,1,1,1,0,1,0,0,0.642583
0,0,1,1,1,0,0,1,0,1,0,1,1,1,0,0,1,1,1,1,1,1,0,0,0,1,0,0,1,1,1,0,0.620684
1,0,0,1,1,0,0,0,0,0,1,1,1,0,0,1,0,1,0,1,1,1,0,1,1,0,0,1,0,0,1,1,0.627238
1,1,0,0,1,0,0,0,0,0,1,0,0,1,0,0,0,1,1,0,0,1,1,1,1,1,0,1,1,0,1,0,0.590180
0,1,0,0,0,0,0,1,1,0,1,0,0,0,1,0,0,0,0,0,1,0,0,0,0,0,1,1,1,0,1,1,0.523045
1,1,0,0,1,0,1,1,1,1,0,0,0,1,1,1,1,1,1,1,1,1,0,1,1,0,0,0,0,1,1,0,0.621856
0,1,1,1,0,0,1,0,0,0,1,1,0,0,1,1,1,1,0,0,0,0,1,1,1,0,0,1,1,1,1,0,0.627211
0,0,0,0,0,1,0,1,1,1,0,0,0,1,0,0,1,1,0,0,1,1,0,1,1,1,0,0,1,0,1,0,0.602915
0,0,1,1,0,1,1,0,1,1,1,0,1,0,0,1,1,0,0,0,0,0,0,1,0,0,1,1,0,0,1,0,0.575208
0,0,1,1,0,0,1,0,1,0,1,0,0,0,1,1,0,0,1,0,1,1,1,0,0,1,1,0,1,1,1,1,0.641917
1,1,1,1,1,0,1,0,1,1,1,0,0,0,0,1,0,1,0,0,0,0,1,1,0,0,0,1,1,1,1,1,0.638560
1,1,1,1,0,0,0,0,0,0,1,1,0,1,1,1,0,0,1,1,1,1,1,0,1,0,1,1,0,1,1,1,0.675378
0,1,1,0,1,0,0,1,1,0,1,0,0,1,1,0,0,0,0,0,1,0,1,0,0,0,0,0,1,0,1,1,0.533781
0,1,1,0,0,1,1,1,1,0,0,0,0,1,0,0,1,1,1,0,0,1,1,1,1,1,0,0,1,0,1,1,0.583307
1,0,1,1,1,1,1,1,0,0,0,0,1,0,1,1,1,1,1,0,1,1,1,0,1,0,0,1,1,0,1,1,0.618606
0,0,1,0,1,1,1,1,1,1,1,1,1,0,1,1,1,1,0,1,1,1,0,1,1,1,1,0,1,0,1,0,0.620125
0,1,0,0,0,0,0,0,0,1,1,0,1,1,1,0,1,1,1,0,0,1,1,1,1,0,0,0,1,0,0,1,0.583973
0,1,0,1,1,1,1,0,0,0,1,1,1,0,1,0,0,0,1,1,0,1,1,0,0,1,0,0,1,1,1,1,0.634085
1,1,0,1,1,1,0,1,0,0,1,1,1,0,0,1,0,0,1,0,0,1,1,0,1,1,0,1,1,1,1,0,0.621164
0,1,1,0,0,1,0,0,1,0,0,0,0,1,1,0,0,0,0,1,1,0,1,1,1,0,0,1,0,0,1,1,0.580962
0,0,0,1,1,1,0,0,0,0,1,0,1,1,1,0,0,0,0,1,0,0,0,1,0,0,0,1,1,1,0,1,0.539082
1,1,1,1,0,1,1,0,0,1,0,0,0,0,0,1,0,1,0,1,0,0,1,1,0,1,1,1,1,0,1,0,0.607603
1,0,0,1,1,1,1,1,1,0,0,1,1,1,1,0,1,1,0,0,0,0,1,1,1,1,0,1,0,1,1,0,0.609655
0,1,1,1,1,0,1,1,1,1,1,1,1,1,1,0,1,0,1,0,1,0,0,1,1,1,0,0,1,1,1,1,0.644688
1,1,1,1,1,0,1,0,1,1,0,0,1,1,1,0,0,1,0,0,1,0,0,0,1,1,1,1,1,0,0,0,0.615462
0,0,1,1,0,0,1,1,1,1,0,1,1,0,0,0,0,0,0,1,1,0,1,0,0,1,1,1,1,0,1,1,0.642024
0,1,0,0,1,1,1,0,1,1,0,1,1,0,1,0,0,0,1,1,0,0,1,1,1,1,1,0,0,1,0,0,0.583227
1,1,1,1,1,1,1,0,0,1,0,1,0,1,0,0,1,0,1,0,0,0,0,1,0,0,1,0,1,0,1,0,0.614290
0,1,0,1,0,1,0,1,0,0,1,0,1,0,1,1,1,1,1,1,1,1,1,1,1,0,1,0,1,1,0,0,0.627398
0,0,0,1,0,0,1,1,0,1,0,1,1,1,1,0,0,1,0,0,1,0,0,1,0,0,1,0,0,1,0,0,0.511243
0,1,0,0,0,1,0,0,1,0,1,0,0,0,1,1,0,0,0,1,0,1,1,0,0,1,1,1,0,0,0,0,0.550938
1,1,0,1,1,0,0,0,0,1,0,1,1,1,1,1,0,0,1,1,0,0,0,0,1,1,1,1,0,1,0,0,0.620631
0,0,1,1,1,0,0,1,1,0,1,1,1,1,0,0,1,0,1,0,1,1,1,1,0,0,1,1,0,1,1,0,0.609841
0,0,0,1,0,0,1,1,0,1,0,1,0,0,0,1,1,1,0,0,0,1,0,0,1,0,0,0,1,1,1,1,0.593963
1,0,0,0,0,1,1,1,0,1,0,0,1,0,0,1,0,1,0,1,1,1,0,1,1,1,1,0,1,0,0,1,0.641624
0,1,1,1,0,1,0,1,1,0,0,0,1,1,0,0,0,1,0,0,0,1,1,1,1,1,1,1,1,1,1,1,0.658914
1,0,0,1,0,1,1,0,0,1,1,1,0,1,0,1,0,0,1,0,1,1,1,1,0,0,0,1,0,1,0,1,0.607896
1,0,0,0,1,0,1,1,1,1,1,0,0,1,0,0,0,1,1,1,1,0,1,1,1,0,1,1,0,0,1,1,0.681692
0,0,1,1,1,1,1,1,1,0,1,1,0,1,1,1,1,0,1,0,1,1,1,0,0,1,0,0,0,1,1,0,0.613944
1,1,0,0,0,1,0,1,0,0,0,0,0,0,0,0,0,1,1,0,0,1,0,1,1,0,0,0,0,1,1,1,0.553069
1,0,0,1,1,1,1,1,1,1,1,1,0,1,1,1,1,1,1,1,0,1,1,1,0,1,0,0,0,0,1,1,0.755435
0,1,1,0,0,0,0,0,0,0,0,0,1,0,1,1,1,1,0,0,0,1,1,1,0,0,1,1,0,0,0,0,0.550964
1,0,1,1,1,0,0,1,0,1,0,0,0,1,0,0,1,1,0,0,1,0,0,0,1,1,1,1,1,1,1,0,0.606165
1,0,0,1,1,1,1,1,1,1,1,0,0,1,0,0,1,1,1,0,0,1,0,1,1,0,0,1,1,1,0,1,0.637894
0,1,1,0,0,1,1,0,0,0,1,1,0,0,0,1,1,1,0,1,0,1,0,0,0,1,1,0,1,0,0,1,0.594336
0,0,0,1,0,0,0,1,1,1,1,0,0,0,0,0,1,0,1,0,1,1,0,0,1,0,0,1,1,0,0,0,0.563459
0,1,0,0,1,1,0,1,0,0,1,1,1,1,1,1,1,0,0,1,1,1,0,0,1,1,1,0,0,0,1,1,0.615329
1,1,1,1,0,0,0,0,0,0,0,1,0,1,1,1,1,1,0,0,1,1,1,0,1,1,1,1,0,1,0,0,0.618340
0,0,1,1,0,0,1,0,1,0,1,0,0,1,1,1,0,0,1,1,0,0,0,1,1,1,1,1,0,0,0,1,0.625719
0,1,0,0,1,0,0,0,1,1,1,0,1,0,1,0,1,0,1,1,1,0,0,0,0,1,1,0,1,1,1,1,0.641411
0,1,1,0,0,1,0,1,0,0,0,1,1,0,1,0,1,1,0,1,1,1,1,1,1,0,0,0,0,0,0,1,0.601636
1,1,0,0,0,1,1,0,0,1,0,0,0,1,1,0,0,1,1,0,1,1,1,0,0,0,0,0,0,1,0,0,0.566470
0,1,1,1,0,0,1,1,0,1,1,1,0,1,0,1,1,0,0,1,0,0,0,1,0,0,1,1,0,1,1,1,0.726929
1,1,0,0,0,0,1,0,0,1,1,1,1,1,0,0,0,0,1,1,0,1,1,0,0,1,1,0,0,1,0,1,0.588795
1,1,1,0,0,0,1,1,1,0,1,1,1,1,1,0,1,0,0,0,1,0,1,1,0,1,0,0,0,1,0,1,0.604913
1,1,0,1,1,1,1,0,1,0,1,1,1,1,1,0,1,1,1,1,1,1,1,0,0,0,1,0,1,1,0,1,0.628517
0,0,1,1,1,1,1,0,0,0,0,0,1,0,1,1,0,0,1,1,0,1,0,0,0,1,0,0,0,0,1,0,0.551977
1,1,0,1,1,0,0,1,1,0,1,0,0,0,1,1,1,1,0,0,1,1,0,1,0,1,0,1,0,1,0,1,0.646100
0,1,0,0,1,1,0,1,0,1,1,1,1,0,1,1,0,1,0,0,1,0,1,1,0,0,0,0,1,1,1,0,0.570626
0,1,0,0,1,1,0,1,0,1,0,0,1,1,0,0,1,1,1,1,1,1,0,1,1,1,1,1,0,0,0,1,0.637655
0,0,0,1,1,0,0,1,0,1,0,0,0,1,0,1,0,1,1,0,1,0,0,1,0,0,0,1,0,0,0,1,0.541960
0,0,0,0,0,0,1,0,1,1,0,1,1,1,1,0,0,0,1,1,1,0,0,0,0,1,0,0,1,0,1,1,0.585624
1,1,1,0,1,1,1,0,1,0,0,0,0,0,1,1,1,0,1,0,0,1,1,0,1,0,0,1,0,1,1,1,0.615249
1,0,1,1,0,0,1,1,1,1,0,1,0,1,0,0,0,1,1,1,0,0,1,0,1,1,0,1,1,1,0,1,0.635763
0,0,1,0,1,1,0,1,1,1,0,0,0,0,0,0,0,1,0,0,1,0,0,0,1,1,0,1,0,1,1,1,0.558291
0,1,1,1,1,1,0,0,0,1,1,0,0,0,0,1,1,0,0,1,0,0,1,0,0,1,0,1,1,0,0,0,0.585251
0,0,1,1,0,0,1,0,0,1,0,1,1,0,0,1,1,0,0,1,0,1,0,1,1,1,1,1,1,1,1,0,0.625586
1,1,0,1,0,1,0,0,0,1,0,0,1,0,1,0,0,1,0,0,1,1,1,0,0,1,0,1,1,1,1,1,0.623908
1,1,0,0,1,0,1,0,0,0,1,1,1,0,0,0,0,0,0,1,0,1,0,1,1,1,0,0,1,1,0,1,0.586584
0,0,0,1,0,1,0,1,0,0,1,1,1,1,1,0,0,1,1,1,0,0,0,0,1,0,0,1,1,0,0,0,0.582401
