0,1,0,0,1,1,1,1,0,0,1,0,0,1,0,1,0,0,0,1,0,1,0,0,1,1,1,0,0,0,1,0,0.011216
0,0,0,1,1,0,1,0,0,1,0,1,0,1,1,0,1,1,1,0,1,0,0,1,1,0,1,1,0,1,1,0,0.013187
1,0,0,1,1,0,0,1,1,1,1,0,1,0,0,1,0,0,0,0,0,1,0,0,0,1,0,0,0,1,1,1,0.992434
1,0,0,1,1,1,1,0,0,0,1,1,1,0,0,0,0,0,0,1,1,1,1,1,1,0,0,0,1,1,0,1,0.992327
1,0,0,0,0,0,0,0,1,1,1,0,0,1,0,0,0,1,0,0,1,0,1,0,1,1,1,1,1,0,1,0,0.990676
0,1,0,1,0,0,0,1,0,0,1,0,0,1,1,1,1,0,0,0,1,1,0,1,1,1,1,0,0,1,0,1,0.994166
1,0,1,1,0,0,0,0,0,0,0,1,0,0,0,1,1,0,0,1,0,0,1,1,0,1,1,1,1,0,0,0,0.990436
0,0,0,0,0,0,0,1,0,0,1,1,0,1,1,0,1,1,0,0,1,1,0,1,1,0,1,0,0,1,1,1,0.992940
0,1,0,0,0,1,0,1,1,0,0,0,1,0,0,0,0,1,0,0,0,0,0,0,0,0,0,0,1,1,0,1,0.988384
0,0,0,1,0,0,1,1,1,1,1,1,0,0,0,1,0,0,1,1,0,1,1,1,0,1,1,0,1,1,1,0,0.014413
0,0,1,0,0,1,1,0,0,0,1,0,0,1,1,0,0,0,0,1,1,0,1,0,0,0,1,1,1,1,1,0,0.008099
1,1,1,0,0,1,0,0,1,0,0,0,1,0,0,1,0,1,0,0,0,1,0,1,0,1,0,1,1,0,1,0,0.991315
0,0,1,0,0,0,0,0,0,0,0,0,0,1,0,1,0,1,1,1,1,0,1,0,0,1,0,0,0,0,1,0,0.005994
0,1,1,0,0,0,1,0,0,0,0,0,0,0,1,1,1,0,1,0,1,1,0,0,0,1,0,1,0,1,0,1,0.990782
1,0,0,1,0,0,1,0,1,0,0,0,1,1,1,1,0,1,0,0,1,1,1,1,0,1,0,0,1,0,0,1,0.993100
0,0,1,1,1,1,1,0,1,1,0,0,1,1,1,0,1,0,0,1,1,1,0,0,1,0,1,0,1,0,1,0,0.013987
0,1,0,0,1,0,1,0,1,1,0,0,1,1,0,0,1,0,0,1,1,1,1,0,1,0,1,1,1,1,1,1,0.994352
0,1,0,1,1,0,0,1,0,1,0,1,0,0,0,0,1,0,1,1,1,1,1,1,0,0,0,0,0,1,0,1,0.991741
0,1,1,1,0,1,1,0,0,1,0,1,0,0,1,1,0,1,0,0,0,0,1,1,0,1,0,1,1,1,1,1,0.997123
1,1,1,1,1,1,1,0,1,0,1,0,0,1,1,0,0,1,1,0,1,1,0,0,1,1,0,0,1,0,1,1,0.994618
1,1,1,1,0,0,0,0,1,1,1,1,0,1,0,0,1,1,1,1,0,1,0,0,0,0,1,0,0,0,0,1,0.992461
0,1,1,1,0,1,1,0,1,0,1,0,1,0,0,1,0,0,0,0,1,0,0,1,0,0,0,1,1,1,1,0,0.011349
1,1,1,0,1,1,1,0,1,1,0,0,1,0,1,1,0,0,1,1,0,0,1,1,1,0,0,0,1,0,0,0,0.993873
0,1,0,0,0,1,0,0,1,0,0,0,1,0,1,1,1,0,1,1,1,0,1,0,0,0,1,0,0,0,1,0,0.011136
1,1,1,1,1,1,0,0,1,1,1,1,1,1,1,1,1,1,0,0,0,0,0,0,0,1,0,1,0,1,1,1,0.994086
0,1,1,0,1,0,1,1,0,1,0,1,0,0,0,0,1,1,0,1,0,1,1,0,0,1,0,1,1,0,1,1,0.992993
0,1,0,1,0,0,1,0,0,1,0,1,1,0,0,0,0,0,1,1,0,0,0,0,1,1,1,1,0,1,1,1,0.993420
1,1,1,1,0,0,0,1,1,1,1,0,1,0,1,0,0,0,1,0,1,1,0,1,1,1,0,1,1,0,0,0,0.992913
0,0,1,0,1,1,1,0,0,1,0,1,0,1,1,1,1,1,1,1,0,0,1,0,1,0,1,1,0,1,0,1,0.995151
0,0,1,0,0,0,1,1,0,0,0,0,1,0,0,0,1,0,0,1,0,1,1,0,0,0,0,0,0,0,1,1,0.988491
0,1,1,0,0,1,0,1,0,0,0,0,1,0,0,0,1,1,1,0,1,0,0,1,0,1,0,1,0,0,0,0,0.011322
0,0,0,0,0,1,0,0,1,0,0,0,0,1,1,1,0,1,0,1,0,0,1,1,0,0,1,1,1,0,0,1,0.990702
1,0,0,1,1,0,1,1,0,1,1,1,1,0,0,1,1,0,0,1,0,0,1,1,0,1,1,1,0,0,1,0,0.993020
1,1,1,1,0,1,1,0,0,0,0,1,0,0,0,0,1,0,0,0,0,1,1,0,1,1,0,0,1,0,1,1,0.994938
0,0,1,0,1,0,1,0,1,0,0,1,0,1,0,1,1,1,1,1,1,1,1,1,0,0,0,0,0,0,0,0,0.012734
1,0,0,1,1,1,1,1,0,1,1,1,1,1,1,1,0,0,1,1,0,0,0,0,0,1,1,1,0,1,0,1,0.994032
1,0,0,0,1,1,0,1,0,0,0,1,1,1,1,1,0,0,0,1,1,1,1,0,1,1,0,0,1,1,0,0,0.990995
1,1,0,0,0,1,1,0,1,0,1,1,1,0,0,1,0,1,1,0,1,1,1,1,1,1,1,1,1,1,1,1,0.998135
1,1,1,0,0,0,0,1,0,1,1,0,0,0,0,1,1,1,1,1,0,1,1,0,0,1,0,0,1,1,0,1,0.992540
1,0,1,0,0,1,0,0,1,1,1,0,0,1,1,0,1,0,0,1,0,0,1,1,0,1,1,1,1,1,0,0,0.992434
1,1,1,0,0,0,0,1,0,0,0,1,0,1,1,0,1,1,0,1,0,1,0,1,0,1,1,0,1,1,1,1,0.996324
1,0,1,1,1,0,1,1,0,0,1,0,1,0,1,1,1,0,1,0,0,1,0,0,1,1,0,0,1,0,1,0,0.992674
1,1,1,1,0,0,0,0,0,1,0,1,1,0,0,1,1,1,0,1,0,1,1,0,0,1,0,0,0,0,1,0,0.991954
0,1,1,1,0,1,0,0,1,1,1,1,0,0,0,0,1,0,1,0,0,1,0,1,1,0,0,1,0,1,1,1,0.993020
1,1,0,0,1,1,1,0,0,1,0,0,1,1,0,0,0,0,1,1,1,1,1,0,0,1,1,0,1,1,1,0,0.993127
1,1,0,1,1,1,0,0,0,0,1,0,1,1,1,0,0,0,0,1,0,1,1,1,0,1,0,0,0,0,1,1,0.992620
0,1,0,1,0,1,1,1,0,1,0,0,0,0,1,0,1,1,0,1,0,1,0,1,1,1,1,1,1,0,0,1,0.993952
0,1,1,1,0,1,0,0,1,0,1,1,1,1,1,1,0,0,0,0,0,0,0,1,0,0,0,1,0,0,0,0,0.010230
1,1,0,1,1,1,1,0,0,0,0,1,1,0,0,1,0,1,0,0,0,1,0,0,0,1,0,1,0,0,0,1,0.991581
0,0,1,0,1,0,0,0,1,0,0,1,0,0,0,1,1,0,1,1,0,1,0,1,0,1,1,1,1,1,1,1,0.996670
1,1,0,0,0,1,1,0,1,0,0,1,1,1,0,1,1,1,0,1,0,1,0,0,1,1,0,1,1,0,0,1,0.993819
0,1,1,1,1,1,1,1,0,1,1,1,0,0,1,1,1,1,1,1,0,0,1,0,0,0,1,0,0,1,1,1,0.996084
0,1,1,0,0,1,0,1,0,0,0,0,0,0,1,1,0,0,0,1,1,1,1,1,0,0,1,1,1,1,1,1,0.996217
0,0,0,1,0,0,1,1,0,0,1,0,1,1,0,0,1,0,0,1,1,1,1,1,1,1,0,0,1,1,1,1,0.994965
0,1,0,1,0,1,1,1,1,1,0,0,0,1,1,1,0,0,0,1,0,0,1,0,1,0,0,0,1,1,0,0,0.010870
0,0,1,1,0,0,1,0,1,0,1,1,0,1,1,0,1,1,1,1,0,1,1,1,1,0,1,1,1,0,1,1,0.995631
0,1,0,0,0,0,0,0,0,0,0,0,1,1,1,1,0,1,0,1,0,1,1,1,0,0,0,1,1,1,1,0,0.008925
0,1,1,0,0,1,1,1,0,0,1,1,0,1,0,1,1,0,0,1,1,0,0,1,1,1,1,0,0,0,0,1,0.992780
0,1,0,1,1,0,1,0,1,0,0,0,0,1,0,1,1,0,0,0,1,1,0,1,1,0,0,0,0,0,0,0,0.011802
1,1,1,0,1,1,0,1,0,0,1,0,1,0,0,0,0,0,1,1,0,1,1,1,1,1,0,0,1,1,0,0,0.992807
0,1,1,0,1,1,0,0,1,0,0,0,1,0,0,1,0,0,0,0,1,1,1,0,0,1,1,1,1,0,0,1,0.991155
1,1,1,0,0,1,0,0,0,0,0,0,1,1,0,0,1,1,1,1,0,1,1,0,1,0,0,1,1,0,0,1,0.991795
0,1,1,0,0,0,1,0,0,0,0,0,0,0,1,0,1,0,0,0,0,0,1,1,1,1,1,1,1,1,0,1,0.991635
0,0,1,1,1,1,0,1,1,0,0,0,0,0,1,0,1,0,0,0,0,0,0,1,1,1,1,1,0,1,0,0,0.011802
1,0,0,1,0,1,0,0,0,0,1,1,1,0,1,0,0,0,1,1,1,0,1,0,1,1,0,0,0,0,0,0,0.992008
0,0,0,1,0,1,0,1,0,0,0,1,0,0,0,0,1,0,0,0,1,0,0,1,0,1,0,1,0,1,0,0,0.006580
0,0,0,0,0,0,0,0,0,0,0,1,1,0,1,1,0,1,0,1,0,0,1,0,0,1,0,0,0,1,0,1,0.988678
0,1,0,1,1,1,0,0,0,1,0,0,1,0,0,0,1,1,1,0,0,1,0,1,1,1,1,1,0,1,1,1,0.993579
1,0,1,1,1,0,0,1,1,1,0,1,0,1,1,1,1,1,0,0,0,0,0,0,1,0,0,0,0,0,0,1,0.992647
0,0,0,1,1,0,1,0,0,1,1,1,1,1,1,1,0,0,0,1,0,0,1,0,1,1,1,0,1,1,0,1,0.993553
1,0,1,1,0,1,0,0,1,0,1,0,0,1,0,1,0,1,0,1,0,1,0,1,0,0,0,0,0,1,1,1,0.993313
0,1,1,0,1,1,0,1,1,0,0,0,1,1,0,1,1,0,1,0,0,0,1,0,0,0,1,1,0,0,1,1,0.993207
0,0,1,1,0,0,1,1,0,0,1,0,0,0,1,1,0,1,1,0,0,1,0,1,0,0,0,1,1,0,1,0,0.009831
0,0,0,1,0,0,0,0,1,1,1,1,1,1,0,0,0,1,1,0,1,1,1,0,1,0,1,1,0,1,0,0,0.008845
0,0,0,1,1,1,1,1,1,1,0,0,1,1,0,0,1,1,1,1,0,0,1,1,1,0,1,1,0,1,0,1,0.995498
1,0,1,0,1,0,1,0,1,1,1,1,1,0,1,0,0,0,1,0,0,0,1,1,1,0,1,1,1,0,1,0,0.992940
0,1,0,0,0,0,1,0,1,1,0,0,0,1,1,0,0,0,0,1,1,1,0,1,1,0,0,0,0,0,1,0,0.009111
0,0,1,1,0,0,1,1,0,1,1,1,1,0,0,1,0,0,0,1,0,0,1,1,1,1,0,0,0,1,1,0,0.011376
0,1,0,1,0,1,0,0,0,1,0,0,1,1,0,1,0,1,0,0,1,0,1,0,0,0,1,1,0,0,1,0,0.009724
1,0,0,1,1,0,1,0,1,0,1,1,1,1,1,1,1,1,0,0,0,1,1,0,1,1,1,1,1,0,1,0,0.993979
0,0,0,1,0,1,1,0,1,0,1,0,1,1,1,1,0,1,0,0,0,0,1,0,0,1,0,1,1,1,0,0,0.010283
1,0,0,1,0,1,1,1,0,1,0,0,1,1,1,0,0,1,0,1,0,1,0,1,1,1,1,1,1,0,0,0,0.994006
0,0,0,0,1,0,1,1,0,0,1,1,0,0,0,0,0,1,1,1,0,1,0,1,0,0,1,1,0,1,1,1,0.991954
1,1,1,0,0,0,0,0,0,0,0,0,1,0,1,1,0,0,0,1,0,1,0,1,1,0,1,0,1,0,0,0,0.990676
1,0,1,1,0,1,1,0,0,1,1,0,1,0,1,0,0,0,0,0,0,1,0,1,0,0,1,1,1,0,1,0,0.991475
1,1,1,0,1,0,0,1,1,0,0,1,1,1,0,1,1,1,1,1,0,0,0,1,1,0,1,0,1,1,0,0,0.993579
1,1,1,1,0,1,0,0,0,0,0,0,0,0,1,1,0,1,1,1,0,0,0,0,0,0,0,1,1,1,0,1,0.991635
0,1,0,1,1,0,0,0,0,0,1,0,1,1,0,1,1,0,0,0,0,1,0,0,1,1,0,0,0,0,1,1,0.991422
0,0,0,1,0,1,1,1,0,1,1,1,1,0,0,0,0,1,0,0,1,0,0,1,0,0,0,0,0,1,0,0,0.007513
1,1,0,1,0,0,0,0,1,1,1,0,1,0,1,0,1,1,1,1,0,1,1,1,1,0,0,0,1,1,0,1,0.993100
1,1,0,0,1,0,0,1,0,0,1,1,0,0,1,1,0,0,0,1,1,1,0,1,1,0,0,0,0,1,1,0,0.991688
1,1,1,1,0,0,1,1,1,1,0,1,0,0,1,0,1,0,1,1,0,1,1,1,0,0,1,1,0,1,1,1,0.995338
0,1,0,0,0,0,1,0,1,1,0,1,1,1,0,0,1,1,1,1,1,0,0,0,0,1,1,0,1,1,1,0,0.013827
0,0,0,0,0,0,0,0,1,1,1,0,0,1,0,1,0,1,0,1,0,0,0,1,0,0,0,0,1,1,0,0,0.006527
1,1,1,0,0,0,0,0,1,0,0,0,0,1,0,0,0,0,0,0,0,0,0,1,1,1,0,1,1,1,1,1,0.992540
1,1,1,0,0,0,1,1,1,0,0,1,0,0,0,0,1,1,0,0,1,0,0,1,0,1,0,1,0,1,1,1,0.993473
1,0,0,0,1,1,1,1,1,0,0,1,1,1,0,1,0,0,0,1,0,1,1,0,0,0,0,1,0,1,0,1,0.991928
0,1,1,0,0,1,1,1,0,0,0,1,1,1,0,0,1,1,1,1,0,1,1,1,0,1,0,1,1,1,0,0,0.014626
1,1,0,1,0,1,1,1,0,0,1,1,0,0,1,0,0,1,0,0,0,1,0,0,1,1,0,0,1,0,0,0,0.994166
0,1,0,1,1,0,0,1,0,0,0,1,1,0,1,0,1,0,0,0,0,0,0,0,0,1,1,1,0,1,1,1,0.991528
1,0,0,1,0,0,1,1,0,1,1,0,1,1,1,0,1,0,1,0,0,1,0,1,1,1,1,0,1,1,1,0,0.994086
1,0,0,1,0,0,1,1,0,0,1,1,1,0,1,1,0,0,1,1,0,1,0,1,0,0,0,1,0,0,0,1,0.992327
1,0,1,0,1,1,1,1,1,0,1,0,0,0,0,1,1,1,0,0,0,1,0,1,0,0,1,0,1,1,0,0,0.991928
0,1,1,1,1,1,0,0,0,1,1,0,0,0,0,0,0,1,0,1,0,0,1,0,0,1,1,0,0,1,1,1,0.991581
1,0,0,0,0,1,0,1,0,1,1,0,1,1,0,0,1,1,0,0,1,0,1,0,0,0,0,0,1,0,1,1,0.991315
1,1,1,0,0,0,0,1,1,1,0,0,0,1,0,0,0,1,1,1,0,0,1,0,0,0,0,0,1,0,1,1,0.991475
0,0,0,0,0,0,1,1,1,0,0,1,1,0,1,0,0,0,0,1,0,0,1,1,1,1,1,1,1,1,1,1,0.994192
1,1,0,0,0,0,0,0,0,1,1,0,0,0,1,0,1,1,0,0,1,0,0,0,1,1,0,1,0,0,0,1,0.989983
0,0,1,1,0,0,1,1,1,1,0,1,1,1,0,1,0,0,0,1,0,1,1,0,0,0,1,1,0,0,1,1,0.993207
1,0,1,0,1,1,1,1,1,1,0,1,1,0,0,0,0,1,0,1,0,0,1,1,1,0,0,0,0,0,1,0,0.992540
1,0,0,0,0,0,1,0,0,0,0,1,1,1,0,1,0,1,1,0,1,1,0,0,0,1,0,1,1,1,0,0,0.990329
1,1,1,0,1,0,0,1,1,1,0,1,1,0,1,1,0,0,1,1,1,0,0,1,1,1,1,0,1,0,0,0,0.993180
1,1,0,0,0,0,1,1,1,1,0,1,1,0,1,1,1,1,1,1,0,0,1,1,0,0,0,0,1,1,0,0,0.993633
0,0,1,1,0,1,1,1,0,1,1,0,0,0,0,1,1,0,0,1,0,1,1,1,1,0,0,0,1,0,0,0,0.012361
1,1,0,1,1,0,0,1,1,0,0,1,0,0,1,1,0,0,0,0,1,0,0,0,0,1,0,1,0,0,0,0,0.990809
0,1,1,1,1,1,0,1,1,1,1,1,0,0,0,0,1,1,0,1,1,0,1,1,0,1,1,1,0,1,1,0,0.016278
1,0,0,0,1,1,1,0,0,0,1,1,1,1,0,0,0,0,1,1,1,1,0,0,1,1,0,0,1,1,1,0,0.992354
0,0,0,1,0,1,1,0,1,0,0,0,0,1,0,0,0,0,1,1,0,1,0,1,0,0,1,0,1,0,1,0,0.007779
0,0,0,0,1,1,0,0,0,1,0,0,0,0,1,0,0,1,1,0,0,1,0,0,1,0,1,0,1,1,1,1,0.990782
1,1,0,0,1,0,1,0,0,0,0,1,1,1,0,0,1,1,0,1,0,1,1,1,1,0,1,1,0,1,1,1,0.995311
1,0,1,0,1,1,0,1,0,0,0,1,1,0,0,0,1,0,1,1,0,1,1,1,1,1,1,1,1,0,0,1,0.993793
1,0,0,1,0,1,1,0,1,1,1,1,1,0,1,1,1,1,1,0,1,0,1,1,1,1,1,0,0,0,1,1,0.994832
0,0,1,1,1,0,0,0,0,0,1,0,0,0,0,1,0,0,0,1,1,0,1,1,1,1,1,1,1,0,0,0,0.009378
0,0,0,1,0,0,0,0,0,1,1,1,0,0,0,1,0,1,1,0,0,1,0,1,0,0,0,1,1,1,0,1,0.991315
0,1,0,1,1,1,1,0,0,0,1,1,1,1,0,0,0,1,0,1,0,0,1,0,0,1,0,1,1,1,0,1,0.993366
1,1,0,0,1,0,0,0,1,1,1,0,1,1,0,1,0,1,1,1,0,1,0,1,1,0,1,1,0,1,1,1,0.996483
1,1,0,1,1,0,0,0,0,1,1,0,1,1,1,1,0,1,0,1,1,1,0,1,0,0,1,1,1,1,0,1,0.996963
1,0,1,0,1,0,1,1,1,1,0,1,1,0,1,0,0,0,0,1,1,0,0,1,0,1,0,0,0,0,0,0,0.992860
