1,1,0,1,1,1,0,0,0,0,1,0,1,1,1,0,0,0,0,1,0,1,1,1,0,1,0,0,0,0,1,1,0.992818
0,0,0,1,0,0,0,0,0,1,1,1,0,0,0,1,0,1,1,0,0,1,0,1,0,0,0,1,1,1,0,1,0.991283
1,1,0,1,1,0,0,1,1,0,0,1,0,0,1,1,0,0,0,0,1,0,0,0,0,1,0,1,0,0,0,0,0.991049
1,1,1,0,1,0,0,1,1,1,0,1,1,0,1,1,0,0,1,1,1,0,0,1,1,1,1,0,1,0,0,0,0.993350
1,1,1,1,0,0,0,1,1,1,1,0,1,0,1,0,0,0,1,0,1,1,0,1,1,1,0,1,1,0,0,0,0.992967
0,0,1,1,0,0,1,1,0,0,1,0,0,0,1,1,0,1,1,0,0,1,0,1,0,0,0,1,1,0,1,0,0.009442
0,1,1,1,1,1,0,0,0,1,1,0,0,0,0,0,0,1,0,1,0,0,1,0,0,1,1,0,0,1,1,1,0.991709
0,0,1,1,0,1,1,1,0,1,1,0,0,0,0,1,1,0,0,1,0,1,1,1,1,0,0,0,1,0,0,0,0.011850
1,1,0,0,0,0,1,1,1,1,0,1,1,0,1,1,1,1,1,1,0,0,1,1,0,0,0,0,1,1,0,0,0.993841
0,1,1,0,0,0,1,0,0,0,0,0,0,0,1,1,1,0,1,0,1,1,0,0,0,1,0,1,0,1,0,1,0.990963
1,0,0,1,1,1,1,0,0,0,1,1,1,0,0,0,0,0,0,1,1,1,1,1,1,0,0,0,1,1,0,1,0.992498
1,1,1,1,1,1,1,0,1,0,1,0,0,1,1,0,0,1,1,0,1,1,0,0,1,1,0,0,1,0,1,1,0.994864
0,0,0,1,0,0,1,1,0,0,1,0,1,1,0,0,1,0,0,1,1,1,1,1,1,1,0,0,1,1,1,1,0.995077
0,0,1,0,1,1,1,0,0,1,0,1,0,1,1,1,1,1,1,1,0,0,1,0,1,0,1,1,0,1,0,1,0.995503
0,1,0,1,0,1,1,1,0,1,0,0,0,0,1,0,1,1,0,1,0,1,0,1,1,1,1,1,1,0,0,1,0.993968
1,1,0,1,0,0,0,0,1,1,1,0,1,0,1,0,1,1,1,1,0,1,1,1,1,0,0,0,1,1,0,1,0.993223
1,0,1,0,1,1,0,1,0,0,0,1,1,0,0,0,1,0,1,1,0,1,1,1,1,1,1,1,1,0,0,1,0.994032
0,1,0,1,1,1,0,0,0,1,0,0,1,0,0,0,1,1,1,0,0,1,0,1,1,1,1,1,0,1,1,1,0.993670
0,0,1,0,0,1,1,0,0,0,1,0,0,1,1,0,0,0,0,1,1,0,1,0,0,0,1,1,1,1,1,0,0.007971
1,1,1,0,0,0,0,1,1,1,0,0,0,1,0,0,0,1,1,1,0,0,1,0,0,0,0,0,1,0,1,1,0.991624
0,1,1,1,1,1,0,1,1,1,1,1,0,0,0,0,1,1,0,1,1,0,1,1,0,1,1,1,0,1,1,0,0.015729
0,0,0,1,1,1,1,1,1,1,0,0,1,1,0,0,1,1,1,1,0,0,1,1,1,0,1,1,0,1,0,1,0.995695
1,1,0,0,1,0,1,0,0,0,0,1,1,1,0,0,1,1,0,1,0,1,1,1,1,0,1,1,0,1,1,1,0.995482
1,1,1,1,0,0,0,0,1,1,1,1,0,1,0,0,1,1,1,1,0,1,0,0,0,0,1,0,0,0,0,1,0.992796
0,1,1,1,0,1,0,0,1,1,1,1,0,0,0,0,1,0,1,0,0,1,0,1,1,0,0,1,0,1,1,1,0.993223
0,1,0,1,0,1,1,1,1,1,0,0,0,1,1,1,0,0,0,1,0,0,1,0,1,0,0,0,1,1,0,0,0.010401
0,0,0,0,0,0,0,0,0,0,0,1,1,0,1,1,0,1,0,1,0,0,1,0,0,1,0,0,0,1,0,1,0.988939
1,1,1,0,0,1,0,0,0,0,0,0,1,1,0,0,1,1,1,1,0,1,1,0,1,0,0,1,1,0,0,1,0.992157
0,1,0,0,0,1,0,1,1,0,0,0,1,0,0,0,0,1,0,0,0,0,0,0,0,0,0,0,1,1,0,1,0.988512
1,1,1,0,0,0,0,1,0,0,0,1,0,1,1,0,1,1,0,1,0,1,0,1,0,1,1,0,1,1,1,1,0.996377
0,1,0,1,0,0,0,1,0,0,1,0,0,1,1,1,1,0,0,0,1,1,0,1,1,1,1,0,0,1,0,1,0.994267
1,0,1,0,0,1,0,0,1,1,1,0,0,1,1,0,1,0,0,1,0,0,1,1,0,1,1,1,1,1,0,0,0.992690
1,1,1,1,1,1,0,0,1,1,1,1,1,1,1,1,1,1,0,0,0,0,0,0,0,1,0,1,0,1,1,1,0.994309
1,0,0,1,0,0,1,1,0,1,1,0,1,1,1,0,1,0,1,0,0,1,0,1,1,1,1,0,1,1,1,0,0.994288
1,0,0,1,0,1,0,0,0,0,1,1,1,0,1,0,0,0,1,1,1,0,1,0,1,1,0,0,0,0,0,0,0.992199
1,0,0,1,1,1,1,1,0,1,1,1,1,1,1,1,0,0,1,1,0,0,0,0,0,1,1,1,0,1,0,1,0.994224
0,0,0,1,0,0,1,1,1,1,1,1,0,0,0,1,0,0,1,1,0,1,1,1,0,1,1,0,1,1,1,0,0.013789
1,1,1,0,1,0,0,1,1,0,0,1,1,1,0,1,1,1,1,1,0,0,0,1,1,0,1,0,1,1,0,0,0.994011
1,1,0,0,1,0,0,0,1,1,1,0,1,1,0,1,0,1,1,1,0,1,0,1,1,0,1,1,0,1,1,1,0.996483
1,0,1,1,1,0,0,1,1,1,0,1,0,1,1,1,1,1,0,0,0,0,0,0,1,0,0,0,0,0,0,1,0.992860
0,1,1,0,0,0,1,0,0,0,0,0,0,0,1,0,1,0,0,0,0,0,1,1,1,1,1,1,1,1,0,1,0.991837
0,1,0,0,1,0,1,0,1,1,0,0,1,1,0,0,1,0,0,1,1,1,1,0,1,0,1,1,1,1,1,1,0.994523
0,0,0,0,0,1,0,0,1,0,0,0,0,1,1,1,0,1,0,1,0,0,1,1,0,0,1,1,1,0,0,1,0.990985
1,1,0,1,0,1,1,1,0,0,1,1,0,0,1,0,0,1,0,0,0,1,0,0,1,1,0,0,1,0,0,0,0.994182
0,1,0,0,0,1,0,0,1,0,0,0,1,0,1,1,1,0,1,1,1,0,1,0,0,0,1,0,0,0,1,0,0.010720
0,1,0,1,1,1,1,0,0,0,1,1,1,1,0,0,0,1,0,1,0,0,1,0,0,1,0,1,1,1,0,1,0.993649
0,0,0,0,1,0,1,1,0,0,1,1,0,0,0,0,0,1,1,1,0,1,0,1,0,0,1,1,0,1,1,1,0.991965
1,0,1,0,1,1,1,1,1,1,0,1,1,0,0,0,0,1,0,1,0,0,1,1,1,0,0,0,0,0,1,0,0.992903
1,0,0,1,1,0,1,1,0,1,1,1,1,0,0,1,1,0,0,1,0,0,1,1,0,1,1,1,0,0,1,0,0.993478
0,0,0,1,1,0,1,0,0,1,1,1,1,1,1,1,0,0,0,1,0,0,1,0,1,1,1,0,1,1,0,1,0.993627
0,1,0,0,0,0,1,0,1,1,0,0,0,1,1,0,0,0,0,1,1,1,0,1,1,0,0,0,0,0,1,0,0.008674
0,1,0,1,0,0,1,0,0,1,0,1,1,0,0,0,0,0,1,1,0,0,0,0,1,1,1,1,0,1,1,1,0.993521
0,0,1,1,1,1,1,0,1,1,0,0,1,1,1,0,1,0,0,1,1,1,0,0,1,0,1,0,1,0,1,0,0.013448
0,1,0,1,1,0,0,1,0,1,0,1,0,0,0,0,1,0,1,1,1,1,1,1,0,0,0,0,0,1,0,1,0.991901
1,1,0,0,0,1,1,0,1,0,1,1,1,0,0,1,0,1,1,0,1,1,1,1,1,1,1,1,1,1,1,1,0.998316
0,0,1,1,0,0,1,1,1,1,0,1,1,1,0,1,0,0,0,1,0,1,1,0,0,0,1,1,0,0,1,1,0.993223
0,0,0,1,0,1,1,0,1,0,0,0,0,1,0,0,0,0,1,1,0,1,0,1,0,0,1,0,1,0,1,0,0.007374
1,0,0,1,1,0,0,1,1,1,1,0,1,0,0,1,0,0,0,0,0,1,0,0,0,1,0,0,0,1,1,1,0.992498
1,0,0,1,0,0,1,0,1,0,0,0,1,1,1,1,0,1,0,0,1,1,1,1,0,1,0,0,1,0,0,1,0.993350
1,1,1,0,1,1,1,0,1,1,0,0,1,0,1,1,0,0,1,1,0,0,1,1,1,0,0,0,1,0,0,0,0.994182
0,0,1,0,1,0,0,0,1,0,0,1,0,0,0,1,1,0,1,1,0,1,0,1,0,1,1,1,1,1,1,1,0.996824
0,0,0,1,0,1,1,1,0,1,1,1,1,0,0,0,0,1,0,0,1,0,0,1,0,0,0,0,0,1,0,0,0.007182
1,1,1,0,0,1,0,0,1,0,0,0,1,0,0,1,0,1,0,0,0,1,0,1,0,1,0,1,1,0,1,0,0.991667
1,1,0,1,1,1,1,0,0,0,0,1,1,0,0,1,0,1,0,0,0,1,0,0,0,1,0,1,0,0,0,1,0.991667
1,0,0,0,1,1,0,1,0,0,0,1,1,1,1,1,0,0,0,1,1,1,1,0,1,1,0,0,1,1,0,0,0.991390
0,1,1,0,0,1,1,1,0,0,1,1,0,1,0,1,1,0,0,1,1,0,0,1,1,1,1,0,0,0,0,1,0.992988
1,0,0,0,1,1,1,1,1,0,0,1,1,1,0,1,0,0,0,1,0,1,1,0,0,0,0,1,0,1,0,1,0.992199
0,1,1,0,0,1,0,1,0,0,0,0,0,0,1,1,0,0,0,1,1,1,1,1,0,0,1,1,1,1,1,1,0.996292
0,0,1,0,0,0,0,0,0,0,0,0,0,1,0,1,0,1,1,1,1,0,1,0,0,1,0,0,0,0,1,0,0.005754
0,1,1,0,1,1,0,1,1,0,0,0,1,1,0,1,1,0,1,0,0,0,1,0,0,0,1,1,0,0,1,1,0.993286
1,1,0,0,1,0,0,1,0,0,1,1,0,0,1,1,0,0,0,1,1,1,0,1,1,0,0,0,0,1,1,0,0.991816
0,1,1,0,1,0,1,1,0,1,0,1,0,0,0,0,1,1,0,1,0,1,1,0,0,1,0,1,1,0,1,1,0.993137
0,0,1,1,1,0,0,0,0,0,1,0,0,0,0,1,0,0,0,1,1,0,1,1,1,1,1,1,1,0,0,0,0.009015
1,0,0,0,0,0,1,0,0,0,0,1,1,1,0,1,0,1,1,0,1,1,0,0,0,1,0,1,1,1,0,0,0.990665
0,1,0,1,0,1,0,0,0,1,0,0,1,1,0,1,0,1,0,0,1,0,1,0,0,0,1,1,0,0,1,0,0.009271
0,0,0,1,0,1,0,1,0,0,0,1,0,0,0,0,1,0,0,0,1,0,0,1,0,1,0,1,0,1,0,0,0.006415
0,1,1,1,0,1,1,0,1,0,1,0,1,0,0,1,0,0,0,0,1,0,0,1,0,0,0,1,1,1,1,0,0.010891
0,0,1,1,0,0,1,1,0,1,1,1,1,0,0,1,0,0,0,1,0,0,1,1,1,1,0,0,0,1,1,0,0.010848
1,0,1,0,1,0,1,1,1,1,0,1,1,0,1,0,0,0,0,1,1,0,0,1,0,1,0,0,0,0,0,0,0.993073
1,1,0,0,0,1,1,0,1,0,0,1,1,1,0,1,1,1,0,1,0,1,0,0,1,1,0,1,1,0,0,1,0.994054
1,0,0,0,0,0,0,0,1,1,1,0,0,1,0,0,0,1,0,0,1,0,1,0,1,1,1,1,1,0,1,0,0.990878
1,1,0,0,1,1,1,0,0,1,0,0,1,1,0,0,0,0,1,1,1,1,1,0,0,1,1,0,1,1,1,0,0.993350
0,0,0,1,1,0,1,0,0,1,0,1,0,1,1,0,1,1,1,0,1,0,0,1,1,0,1,1,0,1,1,0,0.012830
0,0,1,1,0,0,1,0,1,0,1,1,0,1,1,0,1,1,1,1,0,1,1,1,1,0,1,1,1,0,1,1,0.995737
1,0,0,0,0,1,0,1,0,1,1,0,1,1,0,0,1,1,0,0,1,0,1,0,0,0,0,0,1,0,1,1,0.991539
1,0,0,0,1,1,1,0,0,0,1,1,1,1,0,0,0,0,1,1,1,1,0,0,1,1,0,0,1,1,1,0,0.992583
0,1,0,1,1,0,0,0,0,0,1,0,1,1,0,1,1,0,0,0,0,1,0,0,1,1,0,0,0,0,1,1,0.991603
1,1,1,1,0,0,1,1,1,1,0,1,0,0,1,0,1,0,1,1,0,1,1,1,0,0,1,1,0,1,1,1,0.995546
1,1,0,0,0,0,0,0,0,1,1,0,0,0,1,0,1,1,0,0,1,0,0,0,1,1,0,1,0,0,0,1,0.990303
0,1,1,0,0,1,0,1,0,0,0,0,1,0,0,0,1,1,1,0,1,0,0,1,0,1,0,1,0,0,0,0,0.010784
0,0,0,1,0,1,1,0,1,0,1,0,1,1,1,1,0,1,0,0,0,0,1,0,0,1,0,1,1,1,0,0,0.009847
0,0,1,1,1,1,0,1,1,0,0,0,0,0,1,0,1,0,0,0,0,0,0,1,1,1,1,1,0,1,0,0,0.011296
1,0,0,1,1,0,1,0,1,0,1,1,1,1,1,1,1,1,0,0,0,1,1,0,1,1,1,1,1,0,1,0,0.994267
1,0,0,1,0,1,1,0,1,1,1,1,1,0,1,1,1,1,1,0,1,0,1,1,1,1,1,0,0,0,1,1,0.994991
1,1,0,1,1,0,0,0,0,1,1,0,1,1,1,1,0,1,0,1,1,1,0,1,0,0,1,1,1,1,0,1,0.997144
0,0,1,0,0,0,1,1,0,0,0,0,1,0,0,0,1,0,0,1,0,1,1,0,0,0,0,0,0,0,1,1,0.988619
0,1,0,0,0,0,0,0,0,0,0,0,1,1,1,1,0,1,0,1,0,1,1,1,0,0,0,1,1,1,1,0,0.008632
1,0,0,1,0,0,1,1,0,0,1,1,1,0,1,1,0,0,1,1,0,1,0,1,0,0,0,1,0,0,0,1,0.992562
1,1,1,0,0,0,1,1,1,0,0,1,0,0,0,0,1,1,0,0,1,0,0,1,0,1,0,1,0,1,1,1,0.993691
0,0,0,0,1,1,0,0,0,1,0,0,0,0,1,0,0,1,1,0,0,1,0,0,1,0,1,0,1,1,1,1,0.990793
0,0,0,0,0,0,0,0,1,1,1,0,0,1,0,1,0,1,0,1,0,0,0,1,0,0,0,0,1,1,0,0,0.006223
1,0,1,1,0,1,0,0,1,0,1,0,0,1,0,1,0,1,0,1,0,1,0,1,0,0,0,0,0,1,1,1,0.993457
0,0,0,1,0,0,0,0,1,1,1,1,1,1,0,0,0,1,1,0,1,1,1,0,1,0,1,1,0,1,0,0,0.008632
1,0,1,1,1,0,1,1,0,0,1,0,1,0,1,1,1,0,1,0,0,1,0,0,1,1,0,0,1,0,1,0,0.992924
1,1,1,1,0,1,0,0,0,0,0,0,0,0,1,1,0,1,1,1,0,0,0,0,0,0,0,1,1,1,0,1,0.991752
1,1,1,0,1,1,0,1,0,0,1,0,1,0,0,0,0,0,1,1,0,1,1,1,1,1,0,0,1,1,0,0,0.992988
0,1,0,0,1,1,1,1,0,0,1,0,0,1,0,1,0,0,0,1,0,1,0,0,1,1,1,0,0,0,1,0,0.010656
1,1,1,0,0,0,0,0,1,0,0,0,0,1,0,0,0,0,0,0,0,0,0,1,1,1,0,1,1,1,1,1,0.992775
1,1,1,0,0,0,0,1,0,1,1,0,0,0,0,1,1,1,1,1,0,1,1,0,0,1,0,0,1,1,0,1,0.992754
0,0,0,0,0,0,0,1,0,0,1,1,0,1,1,0,1,1,0,0,1,1,0,1,1,0,1,0,0,1,1,1,0.992754
0,1,1,1,1,1,1,1,0,1,1,1,0,0,1,1,1,1,1,1,0,0,1,0,0,0,1,0,0,1,1,1,0.996121
1,0,0,1,0,1,1,1,0,1,0,0,1,1,1,0,0,1,0,1,0,1,0,1,1,1,1,1,1,0,0,0,0.994011
0,1,0,1,1,0,1,0,1,0,0,0,0,1,0,1,1,0,0,0,1,1,0,1,1,0,0,0,0,0,0,0,0.011317
0,1,1,0,1,1,0,0,1,0,0,0,1,0,0,1,0,0,0,0,1,1,1,0,0,1,1,1,1,0,0,1,0.991411
0,0,0,0,0,0,1,1,1,0,0,1,1,0,1,0,0,0,0,1,0,0,1,1,1,1,1,1,1,1,1,1,0.994416
1,1,1,1,0,1,1,0,0,0,0,1,0,0,0,0,1,0,0,0,0,1,1,0,1,1,0,0,1,0,1,1,0.995119
0,1,0,0,0,0,1,0,1,1,0,1,1,1,0,0,1,1,1,1,1,0,0,0,0,1,1,0,1,1,1,0,0.013299
1,0,1,0,1,1,1,1,1,0,1,0,0,0,0,1,1,1,0,0,0,1,0,1,0,0,1,0,1,1,0,0,0.992114
0,1,1,1,0,1,1,0,0,1,0,1,0,0,1,1,0,1,0,0,0,0,1,1,0,1,0,1,1,1,1,1,0.997506
1,0,1,0,1,0,1,0,1,1,1,1,1,0,1,0,0,0,1,0,0,0,1,1,1,0,1,1,1,0,1,0,0.993201
1,1,1,0,0,0,0,0,0,0,0,0,1,0,1,1,0,0,0,1,0,1,0,1,1,0,1,0,1,0,0,0,0.990921
0,0,1,0,1,0,1,0,1,0,0,1,0,1,0,1,1,1,1,1,1,1,1,1,0,0,0,0,0,0,0,0,0.012020
1,0,1,1,0,1,1,0,0,1,1,0,1,0,1,0,0,0,0,0,0,1,0,1,0,0,1,1,1,0,1,0,0.991773
1,0,1,1,0,0,0,0,0,0,0,1,0,0,0,1,1,0,0,1,0,0,1,1,0,1,1,1,1,0,0,0,0.990644
0,1,0,1,1,0,0,1,0,0,0,1,1,0,1,0,1,0,0,0,0,0,0,0,0,1,1,1,0,1,1,1,0.991624
1,1,1,1,0,0,0,0,0,1,0,1,1,0,0,1,1,1,0,1,0,1,1,0,0,1,0,0,0,0,1,0,0.992263
0,1,1,1,0,1,0,0,1,0,1,1,1,1,1,1,0,0,0,0,0,0,0,1,0,0,0,1,0,0,0,0,0.009804
0,1,1,0,0,1,1,1,0,0,0,1,1,1,0,0,1,1,1,1,0,1,1,1,0,1,0,1,1,1,0,0,0.014237
