0,0,1,0,0,1,1,0,0,1,0,0,0,0,1,0,1,1,0,0,0,1,0,0,1,1,0,1,1,0,1,1,0.561834
1,1,0,0,0,1,0,1,0,0,0,0,0,1,1,0,1,0,1,0,1,1,1,1,0,1,0,0,1,0,1,0,0.614930
1,1,0,1,0,0,1,0,0,0,1,0,0,1,1,0,1,0,1,1,0,1,0,1,0,0,1,0,1,1,1,1,0.807891
0,1,0,1,1,0,0,1,0,1,1,1,1,1,1,0,1,1,1,0,0,1,0,0,1,0,0,1,0,0,0,0,0.614583
1,0,1,1,0,1,1,0,1,0,1,1,1,0,0,0,1,0,0,0,1,1,0,1,0,0,0,0,0,1,0,0,0.577366
0,0,0,0,1,0,1,1,0,1,0,1,0,1,0,1,1,0,1,1,0,1,1,1,0,1,0,1,0,1,1,0,0.688619
1,1,1,1,1,0,1,1,1,0,0,1,1,1,0,1,0,0,0,0,0,0,1,1,1,0,0,1,0,0,1,0,0.566256
0,0,0,1,0,0,0,0,1,0,1,0,1,1,1,1,0,0,0,0,1,0,0,0,1,0,0,0,0,0,1,1,0.699728
0,0,1,1,1,0,1,0,0,0,1,1,1,0,0,1,1,0,0,1,0,0,0,0,0,1,0,1,0,0,1,0,0.554188
0,1,0,0,1,1,0,1,1,1,0,1,1,1,1,1,1,0,0,1,0,0,1,1,0,0,0,1,1,0,0,0,0.568041
1,0,1,1,1,1,0,0,0,0,1,1,0,0,1,0,0,1,0,1,1,0,0,1,1,1,0,0,0,0,0,1,0.689365
0,0,1,1,0,0,0,0,1,0,0,0,0,0,0,0,1,1,0,1,1,1,0,1,0,1,0,1,0,1,0,1,0.722187
1,0,0,1,1,0,1,0,1,0,0,1,0,1,1,0,0,1,0,0,0,0,0,0,1,1,1,1,1,0,1,0,0.555813
1,1,0,1,1,0,1,0,0,1,1,0,1,0,0,1,0,0,0,1,0,1,0,1,0,0,0,0,0,1,1,1,0.604247
1,1,1,0,1,1,1,0,1,0,0,0,1,0,0,0,1,1,1,1,0,0,0,0,1,1,0,1,1,0,1,0,0.559996
1,0,0,0,0,0,0,0,0,0,1,1,1,0,1,1,1,0,0,1,1,1,1,0,1,0,1,1,0,0,0,0,0.569427
0,1,0,0,0,1,0,0,0,1,1,1,0,0,0,1,1,0,0,1,1,0,1,1,0,0,1,0,0,0,0,1,0.610267
0,1,0,1,0,0,1,1,1,0,0,0,1,1,1,0,0,1,1,0,0,0,1,1,1,0,1,0,0,1,0,0,0.573210
1,0,1,1,0,0,0,1,1,1,1,1,0,0,0,1,1,1,0,0,0,0,1,1,0,1,1,0,0,1,1,0,0.664322
0,0,0,1,0,1,1,0,1,1,1,1,1,1,0,1,1,0,0,0,0,0,0,1,0,1,0,0,0,1,1,0,0.614317
1,1,1,0,1,1,0,0,1,1,1,0,1,1,0,0,0,0,0,0,1,0,0,0,0,0,0,1,0,0,0,1,0.693228
1,0,0,1,1,1,1,0,1,0,1,0,0,0,0,0,1,0,1,0,0,0,1,1,0,1,0,1,0,0,1,0,0.559516
1,1,0,0,1,0,1,0,1,1,1,1,1,1,1,0,0,1,1,1,1,1,1,0,1,1,0,1,1,1,1,1,0.582188
1,0,1,0,1,1,0,0,0,1,1,1,1,0,0,1,0,1,1,0,1,1,1,0,0,0,0,1,0,1,1,0,0.726263
0,0,0,1,0,0,0,0,1,0,0,0,1,1,0,0,0,1,1,1,1,1,0,1,0,0,1,0,1,1,1,0,0.546595
0,0,0,0,0,0,0,0,0,0,0,1,1,0,0,1,1,0,0,1,0,1,1,0,0,1,0,0,0,1,0,1,0.639946
0,1,0,1,0,0,0,0,1,0,0,0,1,1,1,1,1,1,1,1,0,1,1,1,1,0,0,1,0,1,0,0,0.566603
1,0,1,0,1,1,1,0,1,0,1,0,0,1,1,1,1,1,1,1,0,0,1,0,0,1,1,0,1,1,1,0,0.786871
0,0,0,1,0,0,0,1,0,1,1,0,0,1,0,0,0,1,1,0,0,0,0,0,1,0,1,1,1,0,1,1,0.513161
1,0,0,0,1,0,1,1,0,1,1,1,0,0,1,0,1,1,0,1,0,1,0,0,0,0,1,1,0,1,1,0,0.832880
1,0,1,0,0,0,1,1,0,1,1,0,1,0,0,1,1,1,1,0,0,1,0,1,1,0,1,0,1,1,0,1,0.579470
1,1,1,1,1,1,0,0,0,1,0,1,1,0,1,1,0,0,0,0,1,1,1,0,1,1,0,1,0,0,0,1,0.838502
1,0,0,1,0,0,1,0,0,1,0,1,0,1,0,0,0,0,1,0,0,0,1,1,0,0,0,0,1,1,1,1,0.598066
0,1,0,1,0,1,1,1,1,0,0,1,0,1,0,1,0,0,0,0,1,0,0,0,1,0,0,0,1,0,0,0,0.669677
0,0,0,1,1,0,0,0,1,0,1,0,1,0,1,0,1,0,0,0,1,1,1,1,1,1,1,0,0,0,1,1,0.816549
0,0,0,1,0,0,1,0,1,0,0,1,0,1,0,1,0,0,1,0,0,1,1,1,1,1,1,0,1,0,1,0,0.566070
1,0,1,0,0,1,1,1,0,0,0,0,1,0,0,0,1,0,1,1,0,0,0,0,1,1,0,1,1,1,0,1,0.591885
1,1,1,0,1,0,0,0,1,0,0,1,1,0,0,1,0,1,1,0,0,0,0,1,1,0,0,0,1,0,0,1,0.625613
1,0,1,0,0,0,1,1,0,1,0,0,0,1,0,0,1,1,0,1,0,0,1,1,0,0,0,0,0,1,0,0,0.838262
1,1,0,1,0,0,0,1,0,1,0,0,0,0,1,1,1,0,1,1,1,0,0,1,0,1,1,1,1,0,0,1,0.701753
0,0,1,0,0,0,0,0,1,0,0,1,1,0,1,1,0,0,0,0,0,0,0,0,1,0,0,0,1,1,1,0,0.601130
0,0,0,1,1,0,0,1,0,1,0,1,0,1,1,1,1,1,1,0,0,0,0,1,0,1,1,0,0,1,1,0,0.618313
1,1,1,0,1,1,0,0,0,0,0,1,1,1,0,0,1,0,0,1,0,0,0,0,1,0,0,0,0,0,1,1,0.568361
0,1,0,1,0,1,0,1,0,0,1,0,0,1,0,0,1,0,0,1,0,1,0,0,0,0,0,0,1,0,1,1,0.619272
1,1,1,0,0,1,1,0,1,0,1,0,0,1,1,0,1,0,0,0,0,1,0,1,1,1,1,1,0,1,0,0,0.568867
1,0,0,0,0,1,0,1,0,1,0,1,0,0,0,0,1,0,0,1,1,0,0,1,0,0,1,1,0,0,0,0,0.609015
0,0,1,1,1,1,1,1,0,1,1,1,1,0,0,0,1,1,0,0,1,1,0,1,1,0,1,1,1,1,1,0,0.573556
1,1,1,1,1,1,0,0,0,1,1,1,1,0,0,0,1,0,1,0,0,0,0,1,0,0,1,0,0,1,1,1,0.638907
1,0,1,0,0,1,0,0,0,1,1,0,1,1,1,0,0,1,0,0,1,0,1,0,1,0,0,1,1,1,0,0,0.770247
0,1,1,1,0,1,1,0,0,0,0,1,0,1,0,0,1,0,0,0,1,0,1,0,0,0,1,1,1,1,0,1,0.683584
0,0,1,1,0,1,1,0,1,0,0,1,0,0,0,0,0,1,0,0,1,0,1,1,1,1,0,0,1,1,1,0,0.564578
1,1,1,1,1,1,0,1,0,1,1,0,1,0,1,1,0,0,1,1,1,1,1,1,1,0,1,0,1,1,0,1,0.570732
0,1,0,1,1,1,1,1,1,0,0,0,0,0,0,0,1,1,1,0,0,0,1,1,0,0,1,1,0,1,1,0,0.709506
1,0,1,1,1,0,0,1,1,1,1,1,1,1,0,1,1,1,0,0,1,0,1,1,1,0,0,1,1,1,1,1,0.605206
0,1,0,0,1,0,1,0,0,0,1,0,0,1,0,1,1,0,1,0,0,1,0,1,0,0,1,1,1,0,1,0,0.560209
0,1,1,1,0,0,1,1,1,0,0,0,1,0,0,0,0,0,0,0,1,1,1,1,0,1,1,0,1,1,1,0,0.616075
1,0,0,1,0,1,1,0,1,0,1,1,1,1,1,0,0,1,0,0,1,1,1,0,0,1,1,0,0,0,1,0,0.726556
1,1,0,1,0,0,0,1,1,1,1,1,1,1,0,1,0,0,0,1,0,1,1,0,0,1,0,0,0,0,1,1,0.636376
0,0,0,0,1,1,1,1,1,1,0,0,1,0,0,1,1,0,1,0,1,0,0,1,1,0,1,1,0,0,0,0,0.567775
0,1,0,0,1,0,0,0,1,0,0,1,0,0,1,1,1,0,0,1,1,1,1,0,1,1,1,0,1,0,0,1,0.696691
0,1,0,0,1,1,0,1,0,0,0,0,1,0,0,1,0,1,1,0,0,1,1,1,0,1,0,0,0,0,1,1,0.784500
1,1,1,0,1,1,0,0,1,0,1,1,0,0,1,1,0,0,1,0,0,1,1,0,1,1,1,0,0,0,0,1,0.610188
0,1,0,0,0,1,0,1,1,1,1,1,0,1,1,0,1,0,1,1,1,1,0,0,0,0,1,1,0,1,0,0,0.679374
0,0,1,0,0,1,1,0,0,0,1,0,1,1,0,0,1,1,0,1,0,0,1,0,0,1,0,0,0,1,0,1,0.579604
1,1,0,1,1,0,0,1,0,1,1,0,1,1,1,0,1,1,1,1,1,1,1,1,0,1,1,1,1,0,1,0,0.685768
1,0,0,0,0,1,0,1,0,0,1,1,0,0,1,1,0,1,0,0,1,0,0,1,0,0,0,1,0,1,1,1,0.554641
1,1,0,0,0,0,1,1,0,1,0,0,0,0,1,0,0,1,0,1,0,0,1,1,0,0,0,0,1,1,0,1,0.817295
1,1,0,1,0,0,0,1,1,0,1,0,0,0,1,1,1,0,0,0,0,1,0,0,1,0,0,1,0,1,1,0,0.558184
1,1,1,0,1,1,1,1,1,1,1,1,0,1,1,0,0,1,0,0,0,1,1,1,1,0,1,1,0,1,0,1,0.619752
0,1,1,0,1,1,1,0,1,1,1,0,0,1,1,0,0,0,1,1,0,1,0,0,1,0,0,0,1,1,1,1,0.807971
1,1,1,1,0,1,1,1,0,1,1,0,1,0,1,0,1,0,1,1,1,0,1,1,1,0,0,1,0,1,0,0,0.614637
0,0,1,1,0,0,0,1,0,0,0,0,0,1,0,1,0,1,1,1,0,0,0,1,1,1,0,0,0,1,1,0,0.721574
1,0,0,0,1,1,1,0,0,0,0,0,1,1,0,0,1,1,1,0,0,1,0,0,0,1,1,1,0,0,1,1,0.671036
1,0,1,1,1,1,1,1,1,0,0,1,0,1,0,0,0,0,1,1,0,0,1,0,0,0,1,1,1,1,1,0,0.854007
1,1,1,0,0,1,0,1,1,1,0,0,0,0,0,0,0,1,0,1,1,1,0,0,0,1,1,0,0,1,1,0,0.719230
0,0,1,0,1,1,1,1,1,1,0,1,0,0,1,0,1,1,0,1,0,0,0,0,0,1,1,0,0,0,0,0,0.623908
1,0,1,0,1,1,0,1,1,0,0,0,0,0,1,0,0,1,0,0,1,1,0,1,1,1,1,1,1,0,0,1,0.640772
0,0,1,1,0,1,0,1,1,1,0,1,0,1,0,0,0,1,1,1,0,1,0,1,1,1,0,0,1,1,0,0,0.712170
0,1,0,0,0,1,0,0,1,0,0,0,1,0,0,1,0,1,0,0,1,1,0,0,1,0,1,0,0,0,0,1,0.749227
0,1,1,0,1,1,1,1,0,1,1,0,0,1,1,0,0,1,0,0,0,0,1,0,0,1,0,1,0,1,1,0,0.541827
0,1,1,0,0,0,0,0,0,0,1,1,0,1,1,0,1,0,0,1,0,0,0,0,1,1,0,1,0,1,1,1,0.706841
0,1,1,1,1,0,1,1,1,1,1,0,0,0,1,0,0,0,0,1,1,0,0,1,0,0,1,1,0,0,1,0,0.840473
1,0,0,1,1,0,0,1,0,1,0,0,1,0,1,0,1,1,1,0,0,0,0,1,1,1,0,0,1,0,1,1,0.822437
0,1,1,1,1,0,1,1,0,0,0,0,1,0,1,0,0,0,0,1,1,1,1,0,1,0,1,0,0,1,1,0,0.625107
1,1,1,1,0,1,0,1,0,0,0,1,0,0,1,1,1,0,0,0,0,0,1,0,1,1,1,1,1,0,1,0,0.684063
1,0,0,0,0,1,0,1,0,1,0,0,1,1,1,1,1,0,1,1,0,1,0,0,0,1,1,1,1,0,1,1,0.652307
1,0,0,1,1,0,1,1,1,1,0,1,1,1,1,0,1,0,1,0,0,1,1,1,1,1,0,0,1,1,0,1,0.565857
0,1,0,1,1,1,1,0,1,0,1,0,1,0,0,1,1,1,0,0,0,1,1,0,1,1,0,1,1,1,0,0,0.752238
1,0,1,0,0,0,1,1,1,0,0,0,1,1,1,1,1,1,1,0,0,0,0,0,0,0,1,1,1,0,0,1,0.533914
0,1,0,0,1,0,1,1,0,1,0,1,0,0,1,0,1,1,0,1,0,0,0,0,0,1,0,0,1,1,1,1,0.790121
0,0,1,1,0,0,1,0,1,1,1,0,1,1,1,1,1,1,0,1,0,1,0,0,0,1,0,1,0,1,1,0,0.584426
1,1,0,1,0,0,0,0,0,1,1,0,1,0,0,0,1,0,1,1,1,1,1,0,0,0,1,0,0,1,1,1,0.569214
1,0,1,1,1,0,0,1,1,1,0,0,1,1,1,1,0,0,0,1,0,0,1,0,0,0,1,0,1,0,0,1,0.559756
0,1,1,0,0,0,0,1,0,0,0,0,1,1,1,0,0,1,1,1,0,0,0,1,1,0,1,0,1,1,0,0,0.565883
0,1,1,0,0,1,0,0,1,0,1,1,1,0,1,0,0,1,0,1,0,0,1,1,0,0,1,1,0,1,1,0,0.559250
1,1,1,1,1,0,1,0,1,0,1,1,1,1,0,1,1,1,1,1,0,0,0,0,0,1,1,1,0,0,1,0,0.547954
1,0,0,1,0,0,0,0,1,1,0,1,1,1,1,1,0,1,0,0,0,0,1,0,0,1,0,0,0,0,1,0,0.837036
0,0,1,0,0,0,1,1,1,1,0,1,1,0,0,0,0,0,0,1,0,0,0,0,0,0,1,0,0,0,1,1,0.593670
0,1,0,1,1,1,0,0,0,1,1,0,1,0,0,1,1,0,0,0,1,1,1,0,1,0,0,1,0,1,0,1,0.577153
0,0,1,0,1,1,0,0,0,0,1,0,0,0,0,1,0,0,1,1,1,1,1,0,1,0,1,1,1,1,1,0,0.762042
0,1,1,0,1,1,1,1,0,0,1,0,0,1,1,1,0,0,1,0,0,0,1,0,0,1,0,0,1,1,0,0,0.562074
0,0,1,0,0,1,1,0,0,0,1,0,0,1,0,1,0,1,1,1,1,0,0,0,0,0,1,1,1,0,0,1,0.815137
0,1,0,0,0,1,1,0,1,0,0,0,0,1,1,1,1,0,0,0,0,0,0,1,1,1,0,0,1,1,0,0,0.565564
0,0,1,1,1,0,1,1,1,1,1,0,0,1,0,1,0,1,0,0,0,0,0,0,0,0,0,0,0,1,0,1,0.594203
1,0,1,1,0,0,0,1,1,1,0,1,0,1,1,1,1,1,1,0,0,0,1,0,0,1,1,1,0,1,1,1,0.724451
1,0,1,0,1,0,0,1,0,0,1,1,1,0,1,0,1,0,0,0,1,1,0,0,1,1,0,0,0,1,0,1,0.795956
1,0,1,0,0,1,0,1,0,0,0,1,1,1,1,1,1,0,0,1,0,1,1,1,0,0,1,0,0,1,1,0,0.576593
0,1,0,1,1,1,1,1,0,0,0,0,1,0,1,0,1,0,0,1,0,1,1,0,0,1,1,1,0,0,1,1,0.565164
0,0,0,0,0,0,1,1,1,0,1,1,0,0,1,0,0,1,0,0,1,1,0,0,1,1,1,1,0,0,0,0,0.536898
0,1,0,0,0,1,0,0,0,0,1,0,1,0,0,1,0,1,1,1,0,0,0,0,0,1,1,1,0,0,1,0,0.671622
1,0,0,1,0,1,0,1,1,0,0,1,1,1,0,1,1,1,1,1,0,0,1,1,1,1,1,1,0,1,0,1,0.699835
1,0,1,1,0,0,0,0,1,0,1,0,1,1,0,0,1,1,0,1,1,1,0,1,1,0,0,1,0,0,0,1,0.566549
0,1,0,0,1,1,1,1,0,1,1,0,1,0,1,1,1,1,1,0,1,1,1,0,1,1,1,1,1,0,1,1,0.640825
0,1,0,1,1,0,0,1,1,0,1,0,1,1,0,1,0,1,0,1,0,0,1,1,0,1,1,0,1,0,1,1,0.654039
0,1,1,1,1,1,1,0,0,0,1,0,1,0,0,1,0,0,0,0,1,1,1,0,1,0,0,1,1,0,0,0,0.544224
1,0,1,0,1,0,0,1,1,1,1,1,0,1,1,0,1,1,0,0,0,0,0,1,0,0,0,1,0,1,1,1,0.560022
1,0,0,1,1,1,0,0,0,1,0,0,1,0,1,0,1,0,0,0,0,1,1,0,1,0,0,0,0,0,0,1,0.558184
0,1,1,1,1,0,1,1,0,1,1,1,1,0,0,1,1,1,0,1,1,1,1,0,1,1,1,1,0,0,1,1,0.568015
0,0,0,0,1,0,0,0,1,1,1,0,0,1,1,0,0,0,0,1,0,0,0,1,0,0,1,0,1,1,0,1,0.761722
1,1,1,0,1,0,1,0,0,1,1,1,1,0,0,1,0,0,0,1,0,1,1,1,1,1,1,1,1,1,0,1,0.584506
1,0,1,0,0,1,1,0,1,1,0,0,1,0,1,1,1,1,1,1,0,1,0,1,0,0,0,1,1,0,1,0,0.689951
0,0,1,1,0,1,1,1,1,1,0,0,1,1,1,0,0,1,1,1,1,0,1,0,0,1,0,0,0,0,1,0,0.557198
0,0,0,1,1,0,1,0,0,1,0,0,0,0,0,1,1,0,0,0,1,1,0,0,1,1,0,1,1,1,1,1,0.565137
0,0,1,1,0,1,1,0,0,1,0,1,0,0,0,0,1,0,1,0,0,1,0,1,1,0,0,0,1,0,1,1,0.665255
0,0,1,0,0,1,0,0,1,0,0,0,1,1,0,1,1,1,0,0,0,1,1,1,0,1,0,0,0,0,0,0,0.820173
0,0,0,1,0,0,0,1,1,1,1,1,1,1,1,1,0,0,0,1,1,0,0,0,0,0,1,1,0,1,1,0,0.532928
0,1,1,1,1,1,0,1,1,0,0,1,0,1,1,1,0,0,1,0,1,1,1,1,0,1,0,1,0,0,1,1,0.703698
1,1,0,0,1,0,0,0,0,0,0,0,1,0,0,1,1,1,0,1,1,1,1,0,1,1,1,0,1,0,0,1,0.644075
