0,0,1,1,1,1,0,0,0,0,1,0,1,0,1,0,0,1,1,0,1,0,0,0,0,1,0,1,0,1,1,0,0.606221
0,0,0,1,1,1,1,0,1,1,1,0,0,1,0,1,0,0,0,0,1,1,1,0,0,0,0,0,0,0,1,1,0.593208
0,0,1,1,0,0,0,0,1,0,1,1,0,0,1,1,1,0,0,0,1,1,0,0,1,0,0,0,0,1,0,1,0.596161
0,0,1,0,0,0,0,0,0,1,0,1,1,0,1,0,0,1,1,0,1,0,0,1,0,0,0,1,0,0,1,0,0.596061
0,1,1,0,0,0,1,1,1,0,0,0,0,0,1,1,1,0,1,1,1,1,1,0,0,0,0,0,1,0,1,1,0.596311
0,1,0,0,0,1,0,0,1,0,0,0,0,1,0,0,1,1,0,0,0,0,1,1,0,0,1,1,1,0,0,0,0.592057
1,0,0,1,0,0,0,0,0,1,0,1,1,1,0,0,1,1,1,1,0,0,0,0,1,0,0,1,0,1,0,0,0.603794
0,1,0,0,1,1,0,0,0,0,0,0,0,1,0,0,0,0,1,1,0,1,1,0,1,1,0,0,0,0,0,1,0.580595
1,1,0,0,1,0,1,1,0,1,0,0,0,1,1,0,1,1,0,1,0,1,1,0,1,0,0,0,1,1,1,0,0.584349
0,0,1,0,0,1,1,0,1,1,1,1,0,1,1,1,1,0,1,0,1,1,1,0,0,0,0,1,0,1,1,0,0.600666
0,1,1,1,0,1,0,0,1,0,1,0,1,0,0,1,1,0,1,1,0,1,1,0,1,1,0,1,0,1,1,0,0.603343
0,0,1,1,1,0,0,0,0,1,0,1,1,1,0,0,0,1,0,1,0,1,1,0,0,0,1,0,0,1,1,1,0.602167
0,1,0,0,1,0,0,0,0,1,0,0,1,0,0,0,0,1,1,1,1,0,1,1,0,1,0,0,1,0,0,0,0.599414
0,0,0,1,1,0,1,0,1,0,0,0,1,1,1,0,0,0,1,0,1,1,0,0,1,1,0,0,0,0,0,1,0.594534
1,1,1,1,0,0,1,0,0,1,0,0,0,0,0,0,1,1,0,1,0,1,0,0,1,0,1,0,0,1,1,1,0.602042
0,1,1,0,1,1,0,0,0,1,0,1,0,0,1,1,1,1,1,0,1,0,0,0,0,1,0,0,1,1,0,0,0.599264
1,0,0,1,1,1,1,1,0,0,1,1,1,0,0,0,0,1,0,1,1,0,0,0,1,1,1,0,1,0,1,0,0.604770
0,1,1,0,1,1,1,0,1,1,0,1,1,1,0,1,1,0,0,1,1,0,0,1,1,1,1,1,0,0,1,1,0.589204
0,1,1,0,0,1,1,1,0,0,1,0,0,0,0,0,1,0,0,0,0,1,0,1,1,1,0,0,1,1,0,0,0.597613
1,0,0,1,0,0,0,0,0,0,1,0,1,0,1,1,0,0,0,0,0,0,1,0,1,1,1,0,1,1,0,0,0.599865
0,1,1,1,1,0,0,1,1,0,1,0,1,1,0,0,0,0,1,1,1,1,1,0,1,1,1,0,1,1,0,0,0.606597
0,1,0,1,1,0,1,0,0,1,0,0,0,0,1,0,0,1,0,0,1,0,1,1,0,1,1,0,1,0,0,1,0.607498
0,1,0,1,1,1,0,0,0,1,1,1,1,1,0,1,1,1,1,1,0,0,0,1,0,0,0,1,0,1,0,0,0.601041
0,0,1,0,1,1,1,1,0,0,0,0,1,1,0,1,0,0,0,1,1,0,1,0,1,1,0,1,1,0,0,0,0.594685
1,1,0,1,1,1,1,0,1,1,0,0,1,0,0,0,0,0,0,1,0,0,1,1,0,1,0,0,0,1,1,0,0.601316
1,0,1,1,0,0,1,0,1,1,1,1,1,1,1,1,1,1,1,1,1,1,1,1,1,1,1,1,0,1,0,1,0.563753
1,1,1,1,0,1,1,1,1,0,0,0,0,1,0,0,1,0,0,0,1,0,1,1,0,1,1,1,1,1,1,1,0.591281
0,1,0,1,1,1,1,0,0,0,1,0,1,1,1,0,1,0,0,0,1,0,1,1,1,1,0,0,0,0,0,0,0.583023
1,1,0,1,0,1,0,0,1,0,1,0,1,1,1,0,1,0,1,1,1,1,0,1,1,0,1,1,0,1,0,1,0.596211
1,1,1,1,1,1,0,0,1,1,1,0,0,0,0,1,0,1,1,0,0,0,0,1,0,0,0,1,1,0,0,0,0.602993
1,1,0,0,0,1,0,0,0,0,0,1,1,0,0,1,1,1,1,1,1,1,0,1,0,1,0,0,1,0,0,0,0.593884
0,1,0,1,0,0,0,0,1,1,1,0,0,0,0,1,1,0,1,1,1,0,0,1,0,1,1,0,1,0,0,1,0.597512
1,1,0,0,0,1,0,1,1,1,0,0,1,0,1,0,0,1,0,1,1,0,1,1,1,0,0,1,0,0,0,0,0.597362
1,0,1,1,0,1,1,1,1,1,1,1,0,1,0,0,1,1,1,1,0,0,1,1,0,0,1,1,0,0,1,1,0.594509
1,1,0,1,1,1,1,1,1,0,1,1,0,1,0,0,1,1,1,0,1,1,1,1,1,0,0,1,1,0,1,0,0.602943
0,1,0,0,1,1,1,1,1,1,0,0,1,0,1,1,0,1,1,1,0,1,0,0,1,0,0,1,0,0,1,0,0.601216
1,1,1,0,0,0,1,1,0,1,1,0,1,1,1,1,1,0,1,1,0,0,0,1,1,0,0,1,1,1,1,1,0.546660
0,0,1,1,1,1,0,0,0,0,1,1,1,0,0,0,0,0,0,1,1,1,1,0,0,1,0,1,1,0,0,1,0.613679
0,1,1,0,0,0,0,0,0,0,1,0,1,1,1,1,0,1,0,0,1,0,1,1,1,1,0,0,0,0,1,1,0.596086
0,0,1,1,1,0,1,0,0,1,1,0,1,0,1,0,1,0,0,1,0,1,0,0,0,1,0,1,0,0,0,1,0.603444
1,0,1,0,0,1,1,1,0,0,0,1,1,1,0,1,0,1,0,0,0,0,0,0,0,0,1,1,0,0,0,0,0.587752
1,0,0,0,0,1,0,0,1,1,0,1,0,1,0,1,0,1,0,0,1,1,0,1,1,1,0,1,1,0,0,0,0.600190
1,0,1,1,0,1,0,1,0,1,1,1,1,1,0,1,0,1,0,0,1,1,1,1,1,1,1,0,0,1,0,1,0.585275
1,1,0,0,1,0,1,0,0,1,1,1,1,1,1,1,1,1,1,1,1,0,1,1,1,0,0,1,1,0,1,1,0.579469
0,1,0,0,0,1,1,1,1,0,1,1,0,0,1,0,0,1,0,1,0,1,1,0,1,1,1,0,0,0,1,1,0.599715
0,0,0,0,0,1,1,1,1,0,1,0,0,1,1,0,0,1,0,0,0,1,0,0,0,0,0,1,0,0,0,0,0.577292
0,0,0,0,0,0,1,0,0,1,1,0,0,0,0,0,1,1,0,0,1,0,1,0,0,1,1,0,1,0,1,0,0.600641
0,1,1,0,1,0,0,0,0,0,0,1,0,0,0,1,1,1,0,1,0,0,0,1,1,1,1,1,1,1,1,1,0.574389
0,1,1,1,1,1,1,1,0,1,1,0,0,0,0,1,0,1,1,1,1,1,1,0,0,1,1,0,0,0,1,1,0.595611
1,1,0,1,0,0,1,0,0,1,0,1,1,0,1,0,0,0,1,0,1,0,0,0,1,0,0,1,0,0,1,1,0.605646
0,1,0,0,0,1,1,1,0,0,1,0,1,1,0,1,1,1,0,0,0,1,1,0,1,1,0,1,0,0,0,0,0.598839
1,1,1,1,1,0,1,1,1,1,1,1,1,1,0,0,1,0,1,1,0,0,1,1,1,1,0,1,0,0,0,0,0.589830
0,0,0,1,1,0,1,0,1,1,0,0,0,1,0,0,0,0,1,1,0,0,0,0,1,1,0,1,0,1,0,0,0.600065
1,0,0,1,1,1,1,1,1,1,0,1,0,1,0,0,0,0,1,1,0,1,0,1,1,1,0,0,1,1,1,0,0.598814
1,1,0,1,0,1,0,0,1,1,1,0,0,0,1,1,1,0,0,1,0,0,1,0,0,0,1,0,1,0,1,0,0.598939
1,1,0,0,0,1,0,1,1,1,0,1,1,1,0,1,1,0,0,1,0,0,1,0,1,0,1,0,1,1,0,0,0.599164
1,1,1,0,1,1,0,1,1,0,1,1,1,0,0,0,1,1,0,0,1,0,1,1,1,1,1,0,1,1,0,1,0.596787
1,0,0,1,0,1,1,1,1,1,1,0,0,1,0,1,1,1,0,0,1,1,1,0,0,1,1,1,1,1,1,0,0.597262
1,1,0,1,1,1,1,1,1,1,1,0,0,0,1,0,1,0,1,0,0,1,0,1,0,1,1,0,0,0,1,0,0.601391
1,1,0,1,0,0,1,0,0,0,0,0,1,0,0,0,0,0,1,1,1,1,1,1,1,1,0,1,1,0,1,0,0.606171
0,0,1,0,1,1,0,0,1,1,0,0,1,1,1,1,1,1,1,1,0,1,1,1,1,1,1,1,0,1,1,1,0.536375
1,1,0,1,0,1,0,0,1,1,0,1,1,0,0,0,1,0,0,1,0,1,0,0,0,0,1,0,1,1,0,0,0.604294
1,0,0,0,1,1,1,1,1,1,0,0,1,0,0,1,1,0,1,0,1,1,1,1,1,1,1,0,0,1,0,0,0.576691
0,1,1,0,0,1,1,0,0,0,0,0,1,1,0,1,0,1,0,1,0,1,1,1,1,1,0,1,0,0,1,0,0.599314
1,0,0,1,1,1,0,0,0,1,0,0,0,1,0,1,1,0,0,0,1,1,0,0,0,0,0,0,0,1,0,1,0.579018
0,1,0,0,0,1,1,0,0,0,1,0,0,0,1,0,0,1,1,0,0,0,0,0,1,0,0,0,1,0,0,1,0.589754
0,1,0,1,0,1,0,1,0,1,0,1,0,1,0,1,1,1,1,0,1,0,1,0,0,0,1,0,0,0,1,1,0.603644
1,1,0,0,0,1,1,1,0,0,0,1,1,1,1,1,0,0,0,1,0,0,1,1,1,0,1,0,1,0,0,1,0.595385
0,0,0,1,0,1,0,0,1,0,1,0,0,1,1,1,0,1,1,1,0,0,0,0,0,0,1,1,1,1,1,1,0.593008
1,1,0,0,1,1,0,1,1,0,0,0,1,1,0,1,1,0,1,0,0,1,0,0,1,0,1,0,1,1,1,1,0.552041
0,1,0,1,1,1,1,1,0,0,1,0,0,0,1,1,1,1,0,1,0,1,0,0,1,0,0,0,0,0,1,1,0.599865
0,0,0,0,1,1,1,0,0,1,0,1,0,1,0,0,1,1,1,1,0,1,1,0,1,0,0,0,0,0,0,0,0.595260
0,1,0,0,1,1,1,1,0,0,1,0,0,0,1,0,1,0,0,0,0,1,0,0,0,0,1,1,0,1,1,1,0.584499
1,1,1,1,1,1,0,1,1,1,1,1,1,0,0,0,0,1,0,1,1,0,1,0,0,1,1,0,0,1,1,0,0.601091
1,1,1,0,1,1,1,1,1,0,0,1,0,1,0,0,0,1,0,1,1,0,0,0,1,0,0,1,0,1,0,0,0.601016
1,0,1,1,0,1,1,0,0,1,0,0,0,0,1,1,0,0,0,1,0,0,0,1,0,1,0,1,0,0,0,1,0.600240
0,1,1,0,0,0,1,1,1,0,1,1,1,0,0,1,0,0,1,1,0,1,1,0,1,0,1,0,0,1,1,0,0.601542
0,0,1,0,1,0,1,0,0,1,0,1,0,1,1,1,0,0,1,0,0,0,1,0,0,0,1,0,1,0,0,0,0.584274
1,1,0,1,1,0,0,0,0,1,1,0,0,1,0,1,1,1,0,1,0,0,0,1,0,1,0,1,0,1,1,1,0.589179
0,0,1,0,0,1,1,1,1,1,0,0,0,0,0,0,1,0,1,0,1,0,1,0,1,0,1,1,1,1,0,1,0.599840
1,1,1,1,1,0,1,0,0,0,0,1,1,0,0,0,0,1,0,0,1,0,1,0,0,0,0,0,0,1,0,1,0.601441
1,0,1,1,1,1,0,0,1,1,1,0,0,1,0,0,1,0,0,0,0,0,1,0,0,0,0,1,1,0,1,1,0.601241
1,0,1,1,0,0,0,0,0,0,1,0,1,0,0,1,0,1,0,0,0,1,1,1,0,0,1,0,1,1,1,0,0.597362
1,1,0,0,1,1,1,1,1,0,1,1,0,1,0,0,1,0,1,0,1,1,1,1,1,1,0,1,1,0,1,0,0.601216
1,1,0,1,0,1,1,1,0,1,1,0,0,1,0,1,0,0,1,0,1,1,1,1,0,0,1,0,0,1,1,0,0.597012
0,1,1,1,0,0,1,0,1,0,0,1,0,0,1,1,0,0,0,1,1,0,1,1,1,1,0,0,1,1,0,0,0.601241
0,0,0,1,0,0,0,0,0,1,1,0,1,0,1,0,0,1,1,1,0,0,0,1,0,0,0,0,0,0,1,1,0.559524
0,1,1,1,1,1,0,1,1,0,1,0,0,0,1,1,0,0,1,0,1,0,1,1,1,1,1,0,0,1,1,1,0.545684
1,1,1,0,0,0,1,0,1,0,1,0,0,1,1,0,0,0,1,0,0,1,1,0,0,0,0,1,1,1,0,1,0.600891
0,0,0,0,1,1,0,0,0,1,0,0,1,1,1,1,1,0,1,0,0,1,0,1,1,0,1,0,1,1,0,1,0.581746
1,1,1,0,0,0,1,0,0,0,0,1,1,0,0,1,0,0,0,1,1,1,0,0,1,0,1,0,1,0,0,0,0.603669
1,1,0,1,1,0,1,0,0,1,0,1,0,0,0,0,1,0,1,1,1,1,1,1,0,0,0,1,1,0,1,1,0.607573
0,1,1,0,0,0,0,1,1,0,0,0,1,1,0,0,1,0,1,1,0,1,0,1,0,0,1,0,0,1,1,0,0.595761
0,0,0,0,0,1,0,1,0,0,0,1,0,1,0,1,0,0,0,0,0,1,1,0,1,1,1,0,1,1,0,1,0.549113
0,1,0,0,1,1,0,1,1,1,0,0,1,0,1,1,0,0,1,1,0,1,0,1,0,1,0,0,0,1,1,0,0.593809
1,1,1,0,0,1,1,0,1,0,1,0,0,0,1,1,1,1,0,0,0,1,0,0,1,0,1,0,0,0,1,1,0.604019
1,1,0,0,1,1,0,1,1,0,1,1,0,1,0,0,1,0,1,0,0,1,1,1,0,0,1,0,1,0,0,0,0.597012
0,0,1,0,1,1,1,0,0,1,0,1,0,0,1,1,1,0,1,0,1,1,1,0,0,1,0,1,0,1,0,0,0.600215
0,1,1,1,0,0,1,1,1,1,0,1,1,0,0,0,0,0,1,0,1,0,0,1,1,0,1,1,1,0,0,0,0.599014
1,0,0,0,1,0,1,1,1,1,1,0,0,1,1,0,1,0,0,1,0,0,1,0,0,0,1,1,0,0,1,1,0.602818
1,1,0,1,1,0,0,1,1,0,1,0,1,0,1,0,1,0,1,1,0,0,1,0,1,0,1,0,0,1,0,0,0.595110
1,1,0,1,1,0,1,0,0,0,0,1,1,1,1,1,1,1,0,0,0,1,0,1,1,1,1,1,0,0,1,0,0.601992
0,1,0,1,1,0,1,0,1,0,0,1,1,1,1,0,0,0,1,1,0,1,1,1,1,0,1,1,0,0,1,0,0.604269
1,0,1,1,1,0,0,0,1,1,1,1,0,1,0,1,0,1,0,1,1,0,0,1,0,0,0,0,1,1,0,0,0.603919
0,1,1,0,0,0,1,1,0,0,1,1,0,1,0,0,0,1,1,0,0,0,1,1,0,1,1,0,0,0,0,1,0.604470
0,1,0,1,1,1,1,1,0,0,0,1,0,1,0,0,0,0,1,0,0,0,0,1,1,0,0,0,1,1,1,1,0.600691
1,1,1,0,1,0,0,1,0,1,0,0,0,1,1,0,1,1,0,1,0,0,0,0,1,0,1,0,1,1,0,1,0.599590
0,0,0,1,1,0,0,1,1,1,1,1,1,0,0,0,0,1,1,0,1,1,1,0,1,1,0,0,1,0,1,0,0.601291
0,0,1,0,0,0,1,0,1,0,0,1,0,1,0,1,1,0,0,0,0,1,0,0,1,0,1,0,0,1,0,0,0.596787
1,0,1,1,1,0,0,1,1,1,0,0,1,1,1,0,1,1,0,1,1,1,1,0,1,0,0,0,0,1,0,0,0.601867
1,0,1,1,0,0,0,0,0,0,1,0,1,0,1,1,1,0,1,0,1,1,0,0,1,0,1,0,1,0,0,1,0.604820
0,0,0,1,1,0,0,1,1,1,0,0,0,1,0,1,1,1,0,1,1,0,1,0,1,1,1,1,0,1,0,1,0.594534
1,0,1,0,1,1,1,1,0,0,1,0,1,0,1,0,1,0,1,1,0,1,1,1,0,1,1,0,1,0,1,0,0.601967
0,1,0,0,1,0,0,0,1,0,0,0,1,1,0,1,0,1,0,1,0,0,1,1,1,1,1,1,1,0,0,1,0.600516
0,0,1,1,1,0,1,0,1,1,1,1,0,0,1,0,0,0,1,1,0,1,1,0,0,1,0,1,0,1,1,0,0.607823
1,1,1,0,0,0,1,1,1,1,1,1,0,1,1,1,0,1,1,0,1,1,1,0,0,1,0,0,1,0,0,0,0.595686
1,0,0,1,1,0,1,1,1,1,1,1,1,1,1,0,1,0,1,0,1,1,1,1,0,0,1,0,1,1,1,1,0.570960
1,1,0,1,1,1,1,0,1,1,1,1,0,0,0,1,1,1,1,1,0,0,0,1,1,0,1,0,1,1,0,1,0.602543
1,1,0,0,0,0,0,1,1,0,0,1,1,0,0,0,1,1,0,1,0,1,0,0,0,1,1,1,0,1,0,1,0.599064
1,1,0,1,0,0,1,1,1,1,0,0,1,1,1,0,0,0,0,1,0,0,0,0,0,1,1,0,1,0,1,1,0.601441
0,0,0,1,0,0,1,1,1,0,1,1,1,0,1,0,0,0,0,0,0,0,1,0,1,0,0,0,0,1,1,1,0.591531
1,1,1,1,1,1,0,1,1,0,1,0,0,0,0,0,0,0,1,1,0,1,1,0,0,0,0,1,0,1,0,0,0.602768
0,0,0,1,1,1,0,1,0,1,1,0,1,0,0,0,0,1,0,1,0,1,1,0,0,1,0,1,1,0,0,0,0.592758
1,1,1,0,1,1,1,0,1,0,1,0,1,0,0,0,0,0,0,0,1,1,0,0,0,0,1,1,1,0,0,0,0.584474
1,0,0,1,1,0,1,0,1,1,0,0,0,1,0,1,0,1,1,0,0,0,0,1,0,1,0,1,1,0,1,1,0.594159
0,1,1,1,1,0,0,0,1,1,0,1,1,1,1,1,1,1,0,1,0,1,0,0,0,0,0,0,0,1,1,0,0.603869
1,0,1,0,0,0,0,1,0,0,1,0,1,1,0,1,1,1,1,1,0,1,1,0,1,0,1,1,0,0,0,0,0.601892
0,1,1,1,1,1,1,0,0,0,0,0,0,1,0,1,1,0,1,0,0,1,0,1,1,1,1,0,1,0,0,0,0.597387
1,1,1,0,1,1,1,1,1,0,0,1,0,1,0,1,0,1,1,0,0,1,0,1,0,1,0,0,0,0,1,0,0.598163
1,0,1,0,0,0,1,0,1,0,0,1,0,0,0,1,1,0,0,1,1,1,1,1,1,1,1,1,0,0,0,0,0.597738
1,0,1,0,1,0,0,0,0,0,0,0,0,1,1,0,1,0,0,1,1,1,1,0,1,1,1,1,0,0,0,1,0.596762
0,0,0,1,1,1,1,0,1,1,1,0,0,0,1,0,1,1,0,1,0,0,1,0,1,0,1,0,0,1,1,1,0.595886
1,0,1,0,0,0,1,0,0,0,0,1,1,1,1,1,1,1,1,0,1,1,0,0,1,1,1,0,1,0,1,1,0.595736
0,1,0,0,0,0,1,1,1,1,0,0,1,1,1,1,1,0,1,1,1,1,0,1,0,0,0,1,0,0,1,1,0.598388
1,1,1,1,1,1,1,0,0,1,0,0,0,1,1,1,1,0,0,0,1,0,1,0,0,1,0,0,0,0,0,1,0.596336
1,0,0,1,0,0,0,1,0,1,0,0,0,1,0,1,0,0,0,1,0,0,0,0,1,1,1,0,1,0,0,0,0.598013
1,1,1,0,1,1,0,0,1,1,1,0,0,1,0,0,1,0,1,0,0,0,1,0,0,1,0,1,1,1,1,1,0.601967
0,1,1,0,1,0,1,1,0,1,0,1,0,1,0,1,1,1,1,1,1,1,0,1,1,1,1,0,0,0,1,0,0.600816
0,1,1,1,0,0,1,1,0,0,1,0,0,0,0,0,0,1,1,1,1,0,0,0,0,1,1,0,1,0,1,1,0.600766
1,1,0,0,1,1,0,1,0,1,0,1,1,0,0,1,0,0,0,1,1,0,0,0,0,0,1,1,1,0,1,0,0.602993
0,1,1,0,1,0,1,0,1,0,1,1,0,0,0,0,1,0,0,0,1,1,0,1,0,0,1,0,0,0,1,0,0.600265
0,0,0,1,0,1,1,1,1,1,1,0,1,1,0,1,0,1,0,1,0,1,0,1,1,1,0,1,0,0,1,0,0.602117
1,0,0,1,1,1,1,1,0,1,0,0,0,1,1,0,1,1,1,0,0,0,0,1,1,1,0,0,0,0,1,0,0.600841
1,1,1,0,0,1,0,0,0,0,1,0,1,0,1,0,0,0,0,1,0,1,1,1,0,1,1,1,1,1,0,0,0.603519
0,0,1,0,0,0,1,1,0,0,0,1,0,0,0,1,0,0,0,1,1,0,1,1,1,0,1,1,0,0,1,1,0.590781
1,1,1,0,0,0,0,1,0,0,1,0,1,0,0,0,0,1,0,1,0,1,0,1,1,0,0,1,1,0,0,1,0.599114
1,1,1,1,1,0,0,1,0,1,0,0,0,1,1,1,0,0,1,0,1,1,1,1,1,0,1,1,0,0,1,0,0.598063
1,1,0,1,1,1,1,1,0,1,0,1,0,0,0,1,0,0,0,0,1,1,0,1,1,0,1,0,1,0,0,0,0.599239
0,0,0,1,0,1,1,1,1,1,0,1,0,1,0,0,0,0,0,1,1,0,1,0,0,0,0,0,0,0,1,0,0.590856
1,1,0,0,1,0,0,0,0,1,1,1,1,1,0,1,1,0,0,0,1,1,0,1,1,0,1,1,1,0,1,0,0.601291
0,1,1,1,1,1,1,0,0,1,1,1,0,1,0,1,1,0,0,0,1,0,0,1,0,1,0,1,1,0,0,0,0.602818
0,1,1,0,0,0,0,1,1,0,0,1,0,0,1,0,1,1,1,1,1,0,0,0,0,0,0,1,0,1,0,1,0.600290
1,1,1,0,0,0,0,1,0,0,1,0,1,1,1,0,0,0,0,1,1,1,1,1,0,0,0,0,1,1,0,0,0.590630
0,0,1,0,0,0,1,0,1,1,0,1,0,1,1,1,1,0,0,1,0,0,1,0,0,1,0,0,1,0,1,0,0.603318
0,1,1,1,1,0,1,1,0,0,0,0,1,1,1,1,1,0,0,1,0,1,1,0,0,1,1,1,1,1,1,0,0.599064
0,1,0,0,0,0,0,1,0,1,0,0,0,1,1,1,1,1,1,0,0,1,0,0,1,1,1,0,1,0,1,1,0.598063
0,0,1,1,0,1,1,0,1,0,0,0,1,0,0,0,0,0,1,1,0,0,1,0,0,1,0,0,0,0,0,0,0.597613
0,0,0,1,0,0,0,0,1,1,0,1,1,0,0,1,1,1,1,0,0,0,0,0,0,1,1,0,1,0,0,0,0.597938
0,1,1,1,0,1,1,1,0,1,1,0,1,1,0,0,0,0,0,0,1,0,1,0,0,0,0,1,1,0,1,0,0.594484
0,0,0,0,1,1,1,1,0,1,0,0,0,1,0,0,0,0,0,0,1,0,1,1,1,1,0,1,1,0,0,1,0.551315
1,1,1,1,1,1,0,1,1,1,1,0,0,0,0,0,0,1,0,1,0,0,1,0,0,1,1,0,0,1,1,1,0.594459
0,1,1,0,1,1,1,0,1,1,0,0,0,0,0,0,1,1,1,0,0,0,1,1,1,0,1,0,0,0,0,0,0.602518
0,0,1,0,1,0,0,0,1,1,0,1,0,1,0,0,1,0,0,1,1,0,1,0,0,0,1,0,1,1,1,1,0.602242
0,0,0,1,0,1,1,0,1,1,1,1,0,1,0,0,1,0,1,0,0,1,1,1,1,0,0,0,0,1,1,0,0.599014
1,0,1,1,0,0,1,1,0,1,0,0,0,1,0,1,0,1,1,1,0,1,1,0,0,0,0,1,0,1,0,1,0.600641
0,0,0,0,1,1,1,1,1,1,0,1,0,0,0,0,0,1,0,1,1,1,0,1,0,1,0,1,1,1,0,0,0.587227
1,0,0,0,0,0,0,1,1,0,1,1,1,1,0,1,1,0,0,0,0,1,0,0,0,0,0,1,1,0,1,0,0.593984
0,0,0,1,1,0,1,1,1,0,1,0,0,0,1,0,1,1,1,0,1,0,1,1,0,0,1,0,1,0,0,1,0.598989
0,0,1,1,0,0,1,0,0,1,1,1,0,1,1,1,0,1,0,1,1,1,0,0,1,1,1,1,1,0,1,0,0.603544
1,0,1,0,1,1,0,0,0,0,1,0,0,0,0,1,0,0,0,0,1,1,1,1,0,0,1,1,1,0,1,1,0.592182
1,0,1,0,0,0,0,0,1,0,0,1,1,1,1,0,1,1,1,1,1,1,1,1,1,1,0,1,0,0,0,0,0.602217
0,1,0,0,1,0,1,0,1,0,1,0,1,0,1,0,0,0,0,1,0,0,1,1,1,1,1,0,0,0,1,1,0.600666
0,1,1,0,0,1,1,1,0,0,0,0,0,1,0,1,0,1,1,0,0,1,1,0,1,0,0,1,0,1,1,0,0.591857
0,1,0,1,0,1,1,0,1,1,0,0,0,0,1,0,0,0,0,0,1,1,1,0,0,1,1,0,1,0,1,0,0.594860
1,0,0,0,0,0,0,0,0,0,1,0,0,0,1,1,0,1,0,1,0,1,1,1,0,1,0,1,0,0,1,0,0.593233
1,1,0,1,0,0,1,0,1,0,0,1,0,0,0,1,1,0,1,0,0,0,0,1,1,0,1,1,1,0,1,0,0.600641
1,0,0,1,1,0,0,1,1,1,0,1,1,0,0,1,1,0,0,0,0,0,0,1,1,0,0,1,1,0,0,1,0.597462
1,0,0,0,0,1,1,1,1,1,1,0,0,1,0,0,0,0,1,0,1,1,1,1,1,0,1,0,0,0,0,0,0.601366
1,0,0,0,1,0,1,0,0,0,1,1,0,1,1,0,1,1,0,0,0,1,1,0,1,1,0,0,0,0,1,1,0.603393
1,1,1,0,1,0,1,0,1,1,0,0,1,0,1,0,0,1,1,0,0,1,1,1,0,0,1,0,1,1,1,0,0.599890
1,1,0,0,1,0,1,1,0,1,0,1,1,1,0,1,1,0,0,0,1,1,0,0,0,0,0,1,0,0,1,0,0.589229
0,0,1,0,1,1,1,0,0,1,0,1,1,1,0,1,0,0,0,0,0,1,0,1,0,0,1,1,1,0,0,1,0.569934
0,1,0,1,1,0,0,1,0,0,0,1,0,0,0,1,1,1,0,1,0,0,1,0,1,0,1,0,0,0,0,0,0.597412
0,1,0,0,1,1,0,0,1,0,0,1,1,1,1,0,0,0,0,1,1,1,1,0,0,1,0,0,1,1,0,0,0.597112
0,0,1,0,1,0,0,0,0,0,1,0,0,1,0,0,0,1,1,0,0,1,0,0,0,1,0,1,0,1,0,1,0.562051
0,0,1,1,1,0,0,1,0,0,0,1,1,0,1,0,1,1,1,0,1,0,1,1,1,0,1,1,0,1,1,0,0.601692
1,0,1,1,1,1,1,1,1,1,1,0,1,1,0,1,0,0,0,0,1,0,0,1,1,0,0,1,1,1,0,1,0.595560
0,1,0,1,1,0,0,0,1,1,0,1,1,0,1,1,1,1,0,0,0,1,0,1,1,0,1,0,1,0,0,0,0.602893
1,0,0,0,0,1,0,1,0,1,0,1,0,0,1,0,1,1,1,1,1,1,1,1,1,0,0,0,1,0,0,0,0.600516
1,1,1,0,1,1,0,1,1,1,1,1,0,0,0,1,0,0,0,0,0,0,0,1,1,1,0,1,1,0,1,1,0.586351
0,1,1,0,0,0,1,0,1,1,0,0,1,0,1,1,0,1,1,0,0,1,1,1,1,1,0,1,1,0,0,1,0.597262
0,0,0,0,0,1,1,1,1,1,0,1,0,1,1,0,0,0,0,0,0,0,0,0,0,0,0,1,1,1,1,0,0.579469
0,1,0,1,1,0,0,1,1,0,0,1,0,1,0,1,1,1,0,0,1,0,0,1,0,0,0,0,0,1,0,1,0.594584
1,1,0,1,0,0,0,0,1,1,1,1,0,0,1,0,0,0,1,1,1,0,0,1,1,1,1,0,0,1,1,0,0.602292
1,0,0,1,0,0,0,1,1,0,0,1,0,0,1,1,1,1,1,1,0,0,1,1,0,0,0,1,1,1,1,1,0.553617
1,1,1,0,0,1,1,1,0,0,0,1,1,0,0,1,0,0,1,0,1,1,1,0,1,1,1,0,0,0,0,1,0.600315
0,0,1,0,1,0,0,0,1,0,0,0,0,1,1,0,1,0,1,1,0,1,1,0,1,1,1,1,0,0,1,0,0.599990
0,0,0,0,1,0,1,1,1,0,0,1,1,1,0,0,1,0,1,1,0,0,0,0,1,1,0,0,1,1,1,0,0.600866
0,1,1,0,1,0,1,0,0,1,1,1,1,0,0,1,0,1,1,0,0,0,1,1,0,1,0,0,1,1,0,0,0.607398
0,0,0,0,1,0,1,1,0,1,1,1,0,0,1,1,1,1,0,0,0,0,0,1,1,1,1,0,1,0,1,1,0.584174
1,0,0,0,0,1,1,0,0,0,0,0,1,0,0,1,1,1,1,0,1,1,0,1,1,0,1,0,1,0,0,1,0.598639
0,1,1,1,1,0,1,0,1,1,1,1,1,1,1,0,0,1,1,1,1,0,0,1,0,1,0,1,0,0,1,0,0.614630
0,1,0,1,0,0,1,0,1,0,1,0,0,1,0,1,0,0,1,0,1,1,0,1,1,0,0,1,0,0,1,1,0.598363
0,1,0,0,1,1,1,1,1,1,1,1,1,0,0,0,1,1,1,1,1,0,0,1,1,1,1,1,1,0,0,0,0.598989
1,1,1,0,0,1,0,0,0,0,1,1,0,0,1,0,0,1,1,1,1,1,0,1,1,0,1,0,1,0,0,0,0.605546
1,0,1,0,0,0,0,1,0,0,0,1,1,1,0,1,1,0,1,0,0,1,0,1,1,1,0,1,1,1,1,1,0.567557
0,1,1,0,1,1,0,1,0,1,1,0,0,0,0,0,1,1,0,0,1,1,0,0,0,0,1,0,0,1,1,1,0.596461
1,1,1,0,1,0,0,1,0,1,1,1,1,0,0,1,0,1,1,1,1,1,1,0,0,0,1,0,1,1,1,0,0.601992
1,0,0,0,0,0,0,0,1,1,0,1,1,0,1,0,1,1,0,1,1,1,0,0,1,0,1,0,0,0,0,0,0.600315
0,0,1,0,0,1,1,0,1,1,0,1,1,0,1,1,0,0,1,0,0,1,0,0,0,1,1,0,1,0,0,1,0.602643
0,0,0,1,1,1,1,0,1,1,1,0,1,1,0,1,1,1,0,0,1,1,0,0,1,1,1,1,0,0,0,0,0.603368
1,0,0,1,0,0,0,0,0,1,0,1,0,0,0,0,0,1,0,0,0,0,0,1,1,1,0,1,0,1,1,0,0.597487
1,1,0,0,1,1,0,1,0,0,1,0,1,0,0,0,0,0,1,1,0,1,1,0,0,1,1,0,1,1,1,0,0.594735
1,1,1,1,0,1,1,1,1,0,0,1,1,1,1,0,1,1,0,1,1,1,1,0,1,0,1,0,1,1,0,1,0.589704
0,0,1,1,1,0,0,1,0,1,0,0,0,0,1,1,1,1,0,1,0,1,0,1,0,0,1,0,0,0,1,1,0.599690
1,0,1,0,1,0,1,0,0,0,1,0,0,1,1,0,0,0,1,1,0,0,1,1,0,1,0,1,1,1,1,0,0.602568
1,1,1,0,1,0,0,0,1,1,0,1,1,1,0,0,0,1,0,1,1,0,0,0,1,0,0,0,0,1,1,0,0.603118
1,1,0,0,1,1,1,0,1,0,1,0,1,1,0,0,1,0,0,0,0,0,0,1,0,0,0,0,1,1,1,1,0.567081
1,0,0,1,0,0,0,1,1,0,0,0,1,1,1,1,0,0,0,1,1,0,0,0,1,0,1,0,0,1,0,0,0.599264
0,1,0,1,1,0,1,1,0,1,0,1,1,0,1,1,0,0,1,1,1,1,0,0,1,0,0,0,1,1,0,1,0.602267
0,0,1,1,1,0,0,0,0,0,1,0,1,1,1,1,1,0,1,0,0,1,0,0,0,1,1,0,0,0,1,0,0.603043
0,0,0,0,1,0,0,1,0,0,0,1,0,1,0,0,0,1,1,0,1,1,0,1,0,0,1,0,1,1,1,0,0.563578
0,0,0,1,1,0,0,1,0,1,0,0,1,1,0,0,0,0,0,1,0,0,1,0,0,1,1,1,1,1,0,0,0.577767
0,0,1,0,1,0,1,0,1,0,1,1,1,1,1,0,0,0,0,0,1,1,0,1,0,1,0,0,0,1,1,1,0.592507
1,1,1,1,1,0,0,1,0,1,0,0,1,1,1,1,0,1,0,1,0,0,0,1,1,1,0,0,1,0,1,0,0.598213
0,1,0,0,1,0,1,1,1,1,0,0,0,1,1,1,0,0,1,0,1,0,0,0,0,0,1,1,0,0,0,1,0.591031
1,1,1,0,1,0,0,1,1,0,0,1,1,1,1,1,1,1,0,1,1,0,0,1,1,1,1,1,0,1,0,1,0.586376
0,1,0,0,0,0,0,0,1,1,1,0,1,1,0,0,0,1,1,1,0,0,1,0,0,1,1,0,1,1,1,0,0.607848
1,0,0,1,1,1,1,1,1,1,1,0,1,0,1,0,0,1,0,1,1,1,0,1,0,0,0,1,0,0,1,1,0.598413
1,0,0,1,0,1,0,0,0,1,1,1,1,1,1,1,0,1,0,1,1,0,1,0,1,0,0,0,1,1,0,0,0.590055
0,1,1,0,1,0,1,0,0,1,1,0,1,1,0,1,1,0,0,0,0,1,1,1,1,1,0,1,1,0,1,0,0.600566
0,0,0,0,0,1,1,0,0,0,0,1,1,1,1,0,0,0,1,1,1,1,0,1,0,0,0,0,1,0,1,1,0.563778
0,1,0,1,1,1,0,1,1,0,0,1,1,1,0,0,1,0,0,1,1,1,1,1,0,0,0,0,0,0,0,1,0.593759
1,0,0,0,1,1,1,0,0,0,1,0,1,1,1,1,0,1,0,1,1,0,0,0,0,0,0,1,1,0,0,1,0.576416
1,0,1,1,1,1,1,0,0,0,0,0,1,0,0,0,1,1,1,1,0,1,0,0,0,1,0,0,1,1,1,1,0.590055
0,0,0,1,1,1,1,0,0,0,1,0,0,1,0,1,1,0,0,1,0,0,0,1,1,0,1,1,1,1,0,0,0.595135
1,0,1,1,0,1,1,0,1,1,0,1,0,1,1,0,1,1,1,0,1,1,0,0,0,0,1,0,0,0,0,1,0.600340
0,0,1,0,0,0,1,1,1,0,0,1,1,1,0,1,0,0,0,1,1,0,0,1,0,0,1,0,1,1,0,0,0.596887
1,0,0,0,1,1,1,0,0,0,0,0,0,0,1,1,1,0,0,0,0,0,0,0,1,1,0,0,1,1,1,0,0.589404
0,1,0,1,1,0,0,0,0,0,1,1,0,1,0,1,1,0,0,0,1,1,0,0,1,0,1,0,1,0,1,0,0.591006
1,0,0,1,0,1,1,0,0,1,1,0,0,0,0,0,0,1,1,0,1,0,1,1,1,1,1,1,0,0,0,1,0.602868
1,0,1,1,1,1,1,1,1,1,1,1,0,1,0,0,0,1,1,0,0,0,1,0,1,0,0,1,1,0,1,1,0.600591
0,0,0,0,0,1,0,0,1,1,1,1,1,0,1,0,1,1,1,1,0,0,0,1,0,1,0,0,0,0,1,1,0.597137
1,0,0,0,1,0,0,1,1,0,0,0,0,0,0,1,1,0,0,1,1,0,0,1,1,0,1,1,0,0,1,0,0.599214
0,0,1,0,1,1,0,0,0,1,0,0,0,0,1,0,1,0,1,0,0,1,0,0,0,1,0,0,0,0,0,1,0.586801
0,0,0,1,0,1,0,1,1,0,0,1,1,0,1,1,0,0,0,1,0,1,0,1,1,1,1,0,0,1,0,0,0.597337
1,0,1,0,0,0,1,1,1,1,0,0,0,1,0,0,0,1,1,0,0,1,0,0,0,1,0,1,0,0,0,0,0.603969
0,0,1,0,1,1,1,1,0,1,1,0,0,1,1,0,0,0,0,0,0,1,1,1,0,1,0,1,1,1,1,1,0.575615
1,1,0,1,1,1,0,0,1,1,0,0,0,0,0,0,0,0,1,1,1,0,0,1,1,0,1,0,1,1,1,1,0.600240
1,1,0,1,0,0,1,1,1,0,0,0,1,0,1,1,1,1,1,1,0,1,0,1,0,1,0,0,1,1,1,0,0.593483
0,1,0,0,0,1,0,1,0,0,1,0,1,1,0,0,1,1,0,1,0,1,1,1,1,0,1,1,1,0,1,0,0.600891
0,1,1,0,0,0,1,1,0,0,1,0,1,0,1,1,1,1,1,1,1,1,1,1,0,0,0,1,1,1,1,0,0.594910
0,0,0,0,1,0,1,1,1,0,1,0,0,0,1,0,1,1,0,0,0,1,0,0,0,0,0,1,1,1,0,0,0.580570
0,0,0,0,1,1,1,1,1,0,1,0,1,1,1,0,1,1,1,0,0,0,1,0,0,1,0,0,0,1,0,1,0.572862
0,0,0,0,0,1,1,1,0,1,1,1,0,0,1,0,1,1,0,1,1,1,1,0,0,0,1,0,1,1,0,0,0.601767
0,1,1,1,1,0,0,1,0,0,0,0,0,0,0,0,1,1,0,0,0,1,0,0,0,1,0,0,0,1,1,0,0.594309
1,0,0,1,0,0,0,1,0,1,1,0,0,1,0,1,1,1,0,0,0,0,0,1,0,0,0,0,1,1,0,0,0.594109
1,0,1,1,1,0,1,1,1,1,0,0,1,0,0,0,1,0,1,0,1,1,1,0,1,1,1,1,1,0,1,1,0.601416
1,0,0,1,0,1,1,0,0,1,1,0,1,0,0,0,0,0,0,0,1,0,1,1,0,0,0,0,1,0,1,0,0.586526
1,1,1,0,1,1,0,0,0,1,1,0,0,0,0,1,1,0,0,0,1,0,0,1,1,0,1,0,0,1,0,0,0.601116
1,0,1,0,1,0,1,1,0,0,1,1,1,1,0,1,0,1,0,0,0,0,0,1,0,0,1,1,1,0,1,1,0.593333
1,1,0,1,0,0,1,0,1,1,1,0,0,0,1,0,1,1,0,1,1,0,0,1,1,1,1,0,1,1,0,0,0.603268
1,1,1,1,0,1,1,1,1,0,0,0,0,1,0,0,0,1,1,0,1,0,0,0,1,1,1,1,0,0,1,1,0.600340
1,0,0,0,1,1,0,0,1,1,1,0,0,1,0,0,0,0,1,0,0,1,0,0,1,0,1,0,0,1,0,1,0.601992
1,0,1,1,1,1,0,1,1,0,1,0,1,1,0,0,1,0,1,1,1,0,0,1,0,0,1,0,0,1,1,1,0.595435
1,1,0,1,0,0,0,0,1,1,1,1,1,1,0,1,1,0,0,0,0,1,0,1,0,0,1,1,1,0,1,1,0.589654
1,0,0,0,1,1,1,0,1,0,1,0,0,0,1,0,1,0,1,1,0,0,1,1,1,1,1,0,0,0,1,0,0.599990
1,1,1,1,0,1,1,1,0,1,1,0,0,0,1,0,0,1,1,0,0,1,1,1,0,1,0,0,1,1,1,0,0.585976
1,1,0,1,0,0,0,1,1,0,1,1,0,0,0,0,1,1,0,1,1,0,1,1,0,0,0,0,1,0,1,0,0.601191
0,0,0,0,1,0,1,1,0,0,1,1,1,1,1,1,1,0,0,0,1,0,0,0,0,1,0,1,0,0,0,1,0.575715
0,0,0,0,1,0,0,0,1,0,1,1,1,1,0,0,1,1,1,1,1,1,0,0,1,0,0,1,1,0,0,0,0.607172
0,0,0,0,1,0,1,0,1,0,0,1,1,1,1,1,0,0,1,0,1,0,1,1,0,1,0,0,1,1,0,1,0.548988
1,1,0,0,0,1,1,0,1,1,1,1,0,1,1,1,1,1,0,0,0,1,0,0,0,0,1,1,0,0,0,1,0.602918
0,1,1,1,1,0,0,0,1,0,1,0,1,1,0,1,0,1,1,0,1,1,0,0,1,1,0,1,0,1,0,1,0.601842
1,1,0,0,1,1,0,1,0,0,0,1,1,1,1,1,0,1,0,1,0,1,1,1,1,1,0,1,0,1,0,1,0.589229
1,0,1,0,0,0,0,1,1,0,1,0,0,0,1,0,0,1,1,0,0,0,0,1,1,1,0,0,0,1,0,1,0.599765
1,0,1,1,1,0,1,0,0,1,0,0,0,1,0,0,1,0,0,1,0,0,0,0,0,1,1,0,1,0,1,1,0.598864
0,0,1,1,0,0,1,0,0,0,0,1,1,1,1,1,1,1,0,1,0,0,1,0,1,1,0,1,0,1,0,1,0.599439
1,1,0,0,0,1,0,1,0,1,0,1,0,0,0,1,1,1,0,1,0,0,0,1,0,1,1,0,0,1,1,0,0.599189
0,1,1,0,1,0,1,1,1,0,1,0,1,1,0,1,0,1,0,0,1,0,0,1,1,0,1,1,1,1,0,1,0.589754
1,0,0,1,1,0,0,0,1,1,0,0,0,1,1,1,0,0,0,0,0,0,1,1,1,1,0,0,1,0,1,1,0.597362
1,0,1,0,1,1,0,0,0,0,1,1,0,0,1,0,1,0,0,0,0,1,1,1,0,1,1,0,1,0,0,1,0.598388
1,1,1,1,0,0,1,1,1,1,0,0,0,0,1,1,1,0,1,0,0,1,1,1,1,0,0,1,1,0,1,1,0.582672
1,0,1,1,0,0,1,0,0,0,1,0,0,0,0,0,0,0,0,1,0,0,0,0,1,0,0,1,1,0,0,0,0.598213
0,1,0,1,1,1,0,0,1,0,1,1,1,0,0,0,0,0,1,1,1,1,1,1,1,0,1,1,1,1,1,0,0.608324
1,0,1,0,0,1,1,0,1,0,0,1,0,1,1,0,1,1,0,0,0,0,0,1,1,0,1,0,1,0,0,0,0.599790
1,0,0,0,0,1,1,0,0,1,1,0,1,1,0,0,0,0,0,0,1,0,1,1,0,0,1,1,0,0,0,0,0.561200
0,1,1,0,0,0,0,0,0,0,0,0,1,0,1,1,1,0,1,0,0,1,0,0,1,1,1,1,0,1,1,0,0.599715
1,1,0,1,0,0,1,0,1,1,0,0,1,1,1,0,1,1,1,1,1,0,1,1,0,1,0,1,0,1,1,0,0.606522
1,0,0,1,1,1,1,0,0,0,1,0,0,1,1,1,0,1,0,1,1,0,0,0,1,0,1,1,1,1,1,1,0.588278
1,1,0,1,1,1,1,1,0,1,0,1,0,0,0,0,0,1,1,1,0,1,1,1,1,1,0,0,1,1,1,1,0.580770
1,1,0,0,1,1,1,0,0,0,0,0,0,0,1,1,1,0,0,1,1,0,0,0,1,0,0,1,0,0,0,1,0.556095
0,0,0,0,1,0,1,0,1,0,1,1,1,0,1,1,0,1,1,1,0,1,1,0,1,0,0,1,0,0,0,0,0.602317
0,0,1,0,0,1,0,0,1,0,0,0,1,0,1,1,0,0,0,1,0,0,1,1,0,0,0,0,1,0,0,0,0.590405
0,1,0,0,1,0,0,1,0,0,0,1,0,1,0,1,1,1,0,1,1,0,0,0,1,1,1,0,1,1,1,1,0.591932
0,1,1,0,0,1,1,1,1,1,0,1,0,0,0,0,1,0,1,1,1,0,1,0,1,1,0,1,1,0,1,1,0.604319
0,1,1,1,1,0,0,1,1,0,0,1,1,0,0,1,1,1,0,1,0,0,0,0,0,0,0,1,0,1,0,0,0.602092
0,0,1,1,1,1,0,0,1,0,0,0,1,1,0,0,1,1,0,0,1,1,0,1,1,1,1,0,1,1,0,1,0.591206
1,0,0,1,1,0,1,0,1,1,0,0,1,0,1,1,0,1,0,1,1,0,0,1,0,1,1,0,1,0,0,1,0.602267
0,0,0,1,0,1,1,1,1,0,1,0,0,1,1,1,0,1,0,0,1,1,1,1,1,1,1,0,1,0,0,1,0.585200
1,0,1,1,0,1,0,1,0,1,0,0,0,1,0,1,1,1,1,0,1,1,1,0,1,1,1,0,1,1,1,1,0.573713
1,0,1,1,1,1,1,0,0,0,1,1,1,0,0,0,1,1,0,0,1,0,1,0,0,1,1,1,1,0,1,1,0.607873
0,1,0,1,1,1,0,1,0,1,0,0,0,0,1,1,0,1,1,1,1,1,1,0,0,0,1,0,0,1,0,0,0.601942
0,1,1,1,0,0,1,0,1,1,0,0,1,1,0,1,0,0,1,0,0,1,0,0,0,0,0,1,0,0,0,0,0.602067
1,0,0,0,0,1,1,1,1,1,0,0,1,0,0,0,0,1,1,0,0,1,1,1,0,0,1,0,1,0,1,1,0.599615
0,0,1,1,1,1,0,0,0,0,0,0,1,1,0,0,0,1,1,1,0,0,1,1,1,1,0,1,0,0,1,0,0.604169
0,0,0,1,1,1,1,0,0,1,1,1,0,1,0,1,0,1,0,1,0,1,1,1,0,1,1,1,0,0,1,1,0.578068
1,1,1,1,1,0,1,0,1,0,0,0,1,0,0,0,0,1,0,0,0,1,1,0,0,1,1,0,0,0,1,1,0.600716
0,1,0,1,0,0,0,1,0,1,1,1,1,0,0,0,0,0,1,1,0,1,1,0,0,0,0,0,1,1,1,0,0.602693
0,1,1,1,1,0,0,0,0,0,0,1,1,1,1,1,0,1,1,1,0,0,0,1,0,1,1,1,1,1,0,1,0.594009
0,1,0,0,0,1,0,1,1,1,0,0,0,0,0,0,1,0,1,0,1,0,1,1,1,0,0,1,0,0,0,0,0.599089
0,0,0,1,1,1,1,0,1,1,0,1,0,0,1,1,1,0,1,1,0,1,0,1,0,1,1,0,1,0,1,1,0.585125
1,1,0,0,1,0,0,0,1,1,0,0,0,1,1,1,0,1,1,1,0,1,1,0,0,1,0,1,1,0,0,0,0.602192
1,1,1,1,1,1,0,1,0,1,0,0,0,0,0,1,0,1,1,0,1,0,1,0,0,1,0,0,1,0,0,1,0.599990
0,0,0,0,0,1,1,1,1,1,1,1,1,1,0,0,0,0,0,0,0,1,1,1,0,0,0,1,1,1,1,0,0.571761
1,0,1,0,0,0,1,0,0,1,0,1,0,0,0,1,0,1,1,1,0,1,1,1,0,1,0,1,1,1,0,0,0.599114
0,0,1,1,0,0,1,1,1,0,1,1,1,1,0,1,1,0,0,0,0,1,0,0,1,0,1,0,0,0,1,0,0.599865
1,1,1,1,0,1,0,1,0,1,1,0,1,0,0,0,1,0,0,1,0,0,0,1,0,1,0,1,1,1,0,1,0.600891
0,0,0,0,1,1,0,1,0,1,1,0,0,1,0,1,1,0,1,1,0,1,1,1,0,0,1,0,1,0,1,1,0.584174
0,0,1,1,1,1,1,0,0,1,0,0,0,1,0,0,0,0,1,0,1,0,1,0,1,0,1,0,1,1,0,1,0.601416
0,1,0,1,1,0,0,0,1,0,0,0,0,1,0,0,1,1,1,1,0,0,0,1,0,0,1,0,0,0,0,0,0.596011
1,1,0,0,1,0,1,1,1,1,1,0,0,1,0,0,0,0,1,0,0,0,1,1,1,1,0,1,1,0,0,0,0.600315
1,1,0,1,0,1,0,1,0,1,0,1,1,1,0,0,1,0,1,0,0,1,1,1,1,0,0,0,1,0,0,1,0.597988
1,0,0,0,1,0,0,1,1,0,1,1,1,0,0,0,1,0,0,0,0,0,1,1,0,0,0,1,1,1,1,1,0.597162
1,0,0,1,0,0,1,1,1,1,1,1,0,0,1,1,0,1,0,1,1,0,1,1,1,1,0,0,1,0,1,1,0.552717
1,0,1,1,1,1,1,1,0,0,0,0,0,1,1,0,0,1,1,1,0,1,0,1,1,0,1,1,1,1,1,0,0.598989
1,0,1,0,1,0,0,0,0,0,1,0,1,0,1,0,0,0,0,1,0,0,0,1,0,0,1,0,1,1,1,1,0.590455
0,0,0,0,0,1,1,0,0,0,0,1,0,0,1,1,0,1,0,1,0,0,1,0,0,0,0,1,0,1,1,1,0.549513
0,0,1,0,0,1,1,0,1,0,1,0,0,1,0,1,0,0,1,0,0,1,1,1,0,0,0,1,1,0,1,1,0.588553
0,1,1,0,1,0,0,0,1,1,0,1,1,1,1,1,0,0,0,0,1,0,1,1,1,0,1,1,0,0,1,0,0.599590
0,1,1,0,1,0,0,0,1,1,0,0,0,1,0,0,0,1,0,1,1,0,0,0,1,1,0,0,0,1,1,1,0.600566
0,1,1,1,1,1,1,1,1,1,1,1,1,0,0,1,1,0,0,1,1,1,0,1,1,0,0,1,0,1,1,1,0.561300
0,1,0,0,0,0,1,0,1,0,0,0,1,0,0,1,1,0,1,1,1,0,0,0,0,1,1,0,1,0,0,1,0.598463
1,1,1,0,1,0,1,0,0,0,1,1,0,1,1,0,0,1,1,1,1,1,0,0,0,0,0,1,1,0,0,1,0.604645
0,0,1,1,0,0,1,1,0,1,0,0,1,0,0,0,1,0,1,0,1,0,1,1,0,1,0,1,0,1,1,1,0.600065
1,1,1,1,1,0,0,1,0,0,1,0,1,0,0,1,0,1,0,1,0,0,1,0,1,0,0,0,0,1,0,1,0.600115
0,0,1,1,1,1,0,0,1,1,0,0,1,0,0,0,0,1,1,0,1,1,0,1,0,1,0,1,0,0,0,1,0.601467
0,0,1,1,0,1,1,0,0,0,1,1,1,0,0,1,1,1,1,1,1,1,1,1,0,0,1,0,1,0,1,1,0.592457
0,1,1,1,1,0,1,0,0,0,0,1,0,1,0,0,0,0,0,0,1,0,0,1,0,0,1,1,1,1,1,0,0.590505
0,1,0,1,1,1,0,1,0,0,1,0,1,0,1,1,1,1,1,0,1,1,1,0,1,0,1,0,0,1,1,1,0.574839
1,1,1,1,1,0,1,1,1,0,1,0,0,1,1,1,0,0,1,1,1,0,0,0,0,1,0,0,1,0,1,0,0.591807
1,1,1,0,0,1,1,1,1,1,1,1,1,0,0,0,0,1,1,0,0,0,0,1,1,0,0,1,1,0,0,0,0.602543
0,1,1,1,1,0,0,0,0,1,0,0,1,1,0,0,1,1,1,1,0,0,1,1,1,1,0,1,0,1,1,1,0.593658
1,1,1,0,0,1,0,0,0,1,0,0,1,0,0,1,1,1,1,1,0,1,0,0,0,0,0,1,0,1,1,1,0.596036
1,0,1,0,0,0,0,1,0,1,1,0,1,1,0,0,1,0,1,0,0,1,0,0,0,0,0,1,0,1,0,0,0.603569
0,0,0,1,0,0,0,0,1,0,1,0,1,1,1,1,1,1,1,1,0,0,0,1,1,0,0,1,0,1,1,1,0.594760
0,0,0,0,0,0,1,0,1,1,0,0,0,1,1,0,1,1,0,1,0,0,0,1,1,0,1,1,1,1,0,0,0.600691
1,1,0,1,0,1,1,0,1,0,1,1,1,0,1,1,1,0,0,1,0,0,1,1,1,1,1,0,0,1,1,0,0.595510
1,1,1,0,1,1,0,0,1,1,0,0,1,0,0,0,0,1,0,1,0,0,1,0,0,0,0,1,1,0,0,1,0.602167
1,1,0,0,1,0,0,1,1,1,1,1,1,0,0,1,1,0,1,0,1,0,0,0,1,0,0,0,0,0,0,0,0.596812
1,1,0,0,0,1,0,0,0,0,0,0,0,1,0,0,1,1,0,1,0,1,1,1,0,0,0,1,1,1,1,1,0.573938
0,1,1,0,0,1,1,0,0,1,0,1,1,1,1,1,0,0,0,0,1,0,1,0,0,1,1,1,1,1,0,0,0.604670
1,1,1,0,1,0,1,1,0,1,0,1,1,0,1,0,0,0,1,1,1,1,0,0,0,0,1,1,0,1,0,0,0.605696
1,1,0,0,0,1,0,1,0,0,1,0,1,1,0,1,0,1,1,0,1,0,1,1,0,1,0,1,1,0,1,0,0.599089
0,1,0,1,1,0,0,0,1,0,1,1,0,0,1,1,0,1,1,0,0,0,0,1,0,1,0,0,0,1,0,1,0.595911
0,1,1,0,1,1,0,1,0,0,1,0,0,0,0,1,1,0,0,1,1,0,0,0,0,1,1,1,0,1,0,1,0.600390
0,0,1,1,0,1,0,0,1,1,0,0,1,1,0,0,1,1,1,0,0,0,1,0,1,1,1,0,1,1,1,1,0.599665
0,1,0,0,0,1,0,0,0,0,0,0,1,1,1,1,1,0,1,1,0,1,0,1,1,1,0,0,1,0,0,1,0.591782
0,0,1,0,1,0,0,0,0,0,1,0,1,0,0,0,0,0,1,0,0,1,0,0,0,1,1,0,0,1,1,1,0.557196
0,0,1,0,0,1,1,1,0,1,1,0,0,1,1,1,1,1,1,0,1,1,0,0,0,1,0,0,0,0,0,0,0.603519
1,1,0,1,0,1,1,0,1,0,1,0,1,0,1,0,0,1,1,0,1,1,0,1,1,0,1,0,1,1,0,1,0.595661
1,1,1,1,1,0,0,1,0,0,0,1,0,0,1,1,1,1,0,0,1,0,0,0,1,1,1,1,0,0,0,1,0.597062
1,0,1,0,1,0,1,0,1,1,0,0,1,1,0,1,0,1,1,0,1,0,0,0,1,1,1,0,1,0,0,1,0.600315
0,1,1,1,0,0,1,0,1,1,1,1,0,1,0,1,0,1,0,1,0,0,0,1,0,0,1,0,1,1,1,0,0.602067
0,1,0,1,1,0,1,1,0,0,1,1,0,1,1,0,0,1,0,1,1,0,1,0,1,1,1,0,1,0,1,1,0.603969
1,0,0,1,1,0,1,1,1,0,0,0,0,0,1,1,0,1,0,1,0,1,1,1,0,0,0,0,0,1,0,1,0.596987
0,1,1,1,0,0,0,0,0,0,1,0,1,1,0,0,0,1,1,1,1,0,0,1,0,0,0,0,1,0,0,0,0.609300
0,1,1,0,0,1,1,1,1,0,0,0,1,1,1,0,0,0,1,0,1,1,0,0,1,1,0,0,0,1,1,0,0.555645
1,1,1,1,1,0,0,0,0,0,1,1,0,0,1,0,0,0,0,0,1,0,0,1,1,1,1,1,0,1,0,1,0.600891
1,0,1,1,1,0,0,1,1,0,1,0,0,0,1,1,0,1,0,1,1,1,1,0,0,1,1,0,0,0,1,0,0.602267
1,1,1,0,1,0,0,1,0,1,1,1,0,0,1,1,1,0,0,0,0,1,1,1,0,0,0,0,1,0,1,1,0.550489
1,0,1,1,0,0,0,1,1,1,1,0,0,1,0,0,0,0,1,0,0,0,0,1,1,1,1,0,0,0,1,1,0.601967
0,0,1,1,0,1,0,1,0,1,1,1,0,1,1,1,1,0,1,0,1,0,1,0,0,1,0,1,1,1,0,0,0.600716
1,0,0,1,1,0,0,0,0,1,1,1,1,1,1,0,0,1,1,0,1,1,0,1,0,1,0,1,1,0,1,0,0.605571
1,0,1,1,0,1,0,1,0,0,0,1,0,1,0,0,0,0,0,0,0,1,1,0,0,1,0,1,1,0,1,0,0.595185
0,1,0,1,1,1,0,1,0,1,1,1,1,1,0,0,1,1,1,1,0,0,0,0,0,0,0,0,0,0,1,0,0.603994
1,1,0,0,0,1,0,1,1,1,0,0,0,0,0,1,0,0,1,1,0,0,0,0,0,0,1,0,1,1,0,1,0.599464
0,0,0,1,0,0,1,1,0,1,1,1,0,1,0,0,1,1,0,0,0,1,0,0,0,0,1,1,1,0,0,1,0.593133
0,0,1,0,0,0,0,0,1,0,1,0,0,0,0,1,0,0,1,1,0,1,1,1,0,0,1,1,0,1,1,1,0.593433
0,0,0,1,0,1,1,1,0,0,1,0,0,0,1,1,0,0,1,1,1,1,1,0,1,1,1,0,0,0,1,1,0.599915
1,0,1,0,0,1,0,1,0,1,0,0,0,1,1,1,0,1,0,0,1,0,1,0,0,0,1,0,0,1,0,0,0.596336
0,0,0,1,0,0,0,1,1,0,0,0,1,0,1,1,1,0,0,0,0,0,1,0,1,1,0,1,0,0,0,1,0.594635
0,1,1,0,1,1,1,1,1,0,0,0,1,1,0,0,1,1,0,1,1,1,0,1,0,0,1,1,1,0,0,0,0.575265
0,1,1,0,1,1,0,0,1,1,0,1,0,0,1,1,1,1,1,1,1,0,1,0,1,1,0,1,0,1,1,1,0.588503
1,1,0,1,1,0,1,0,0,1,0,1,0,1,1,0,1,1,0,0,1,1,0,0,0,0,1,1,1,0,1,0,0.608624
0,0,1,1,0,1,0,1,1,1,0,0,1,0,0,1,1,0,0,0,0,0,1,0,1,1,0,1,1,0,0,0,0.597337
0,0,0,0,1,0,0,1,1,1,0,1,0,1,1,1,1,0,0,0,0,1,0,1,1,0,0,0,1,1,0,1,0.592783
1,1,1,1,0,0,1,1,0,0,0,0,1,0,1,0,1,1,1,1,0,0,0,1,1,0,0,1,1,0,0,0,0.588353
1,0,0,1,0,0,1,0,0,1,0,0,1,0,1,0,1,1,0,0,0,0,1,1,0,1,1,1,0,0,1,1,0.601141
0,1,0,1,0,0,0,1,1,0,1,0,1,0,1,1,0,1,0,0,1,1,1,1,1,1,0,1,1,0,1,0,0.597713
1,1,0,0,1,0,0,0,0,1,0,1,1,0,0,1,0,0,1,0,0,0,1,0,0,1,0,1,1,1,0,0,0.601992
1,0,1,1,0,0,0,1,1,0,1,1,0,0,0,0,1,1,0,0,1,1,1,0,0,0,0,1,0,0,1,0,0.603769
1,1,1,1,1,0,0,1,1,1,0,0,0,1,1,0,0,0,1,1,1,1,0,1,0,1,1,0,1,1,1,0,0.595861
0,1,1,0,1,0,0,0,0,1,0,0,1,1,1,1,0,1,1,1,0,1,0,1,1,0,0,0,1,1,1,1,0.565179
0,0,0,1,1,1,0,0,1,1,1,0,1,1,0,1,1,1,1,1,1,0,0,0,0,0,0,0,1,0,1,0,0.602568
1,1,0,0,1,1,1,0,0,1,0,1,0,1,0,0,0,0,1,1,0,1,1,0,1,0,1,0,0,1,1,0,0.601291
0,1,1,0,1,1,0,0,0,1,1,1,1,0,0,0,0,0,1,0,1,0,1,1,0,1,0,0,1,1,1,1,0.602117
0,0,0,0,1,0,1,0,1,1,1,0,1,0,0,0,1,1,1,1,0,1,0,1,1,1,0,1,1,0,1,1,0.604294
0,1,1,1,1,0,0,1,0,1,1,1,1,0,1,1,1,0,1,1,0,1,0,0,1,1,0,0,1,1,0,0,0.600465
0,1,0,0,1,1,0,0,0,0,1,1,1,0,0,1,1,1,1,1,0,1,0,0,1,0,0,0,0,0,1,1,0.600290
0,1,1,0,0,0,0,1,1,1,0,1,0,1,0,1,1,0,1,0,0,1,1,1,1,1,1,0,1,1,0,1,0.581346
0,0,0,1,1,1,0,0,0,0,1,0,1,1,1,1,0,1,1,1,1,0,0,1,0,1,1,0,1,0,0,1,0.603243
0,1,1,1,0,1,1,0,0,1,1,1,0,1,0,1,0,0,0,1,0,0,0,1,0,0,0,0,0,1,1,1,0.598889
0,1,1,1,1,0,0,0,0,0,1,0,1,1,0,1,1,0,1,0,1,0,1,0,1,1,0,0,0,1,1,1,0.599740
0,0,0,0,0,0,1,1,0,0,0,0,0,1,0,0,1,0,1,1,0,0,1,0,0,1,0,1,0,0,1,0,0.584124
1,1,1,1,1,1,0,0,0,0,1,0,0,0,1,0,0,0,1,1,0,1,1,0,0,0,1,0,0,1,0,0,0.607348
1,0,1,1,1,0,1,1,0,1,0,0,0,0,1,1,1,1,1,0,0,1,0,1,1,0,1,0,0,1,1,1,0.559774
0,0,1,0,1,0,1,0,1,1,0,0,0,0,0,1,1,1,1,0,0,1,1,1,0,0,0,0,0,1,1,1,0.595360
0,1,0,1,1,1,0,1,1,1,0,1,1,1,0,1,0,0,1,0,0,0,0,0,0,0,1,1,1,1,1,1,0.595836
1,0,0,0,1,0,1,1,1,0,0,1,0,0,1,1,0,1,0,0,0,0,1,1,1,0,1,0,1,0,0,1,0.589554
1,0,1,0,1,0,0,1,1,0,0,1,1,0,0,1,0,1,0,0,0,1,0,0,0,0,0,1,0,1,0,0,0.598964
1,0,1,1,1,0,0,0,0,1,0,0,1,0,0,0,1,1,0,0,0,1,1,0,0,1,1,0,1,0,1,1,0.601341
1,0,1,0,0,1,0,0,0,0,0,0,0,0,0,0,1,1,0,1,1,0,0,0,1,0,0,0,0,0,1,1,0.595636
1,1,1,1,0,0,1,1,1,1,1,0,0,1,1,1,1,0,1,0,1,0,1,1,0,1,1,0,0,0,1,1,0.568057
1,0,0,1,0,1,0,1,1,0,1,0,0,1,0,1,0,0,1,1,1,0,0,1,1,1,0,1,1,1,0,1,0.595585
0,0,1,1,1,0,1,1,0,0,1,1,1,1,1,1,0,0,0,0,1,1,0,1,0,0,1,0,0,1,1,0,0.594660
1,1,1,1,0,0,1,0,0,0,0,1,1,1,1,0,1,0,0,1,0,1,0,0,0,0,0,1,1,0,0,0,0.606747
1,0,1,0,0,0,1,1,1,1,0,0,1,1,1,0,0,1,0,1,1,0,0,1,0,1,0,1,1,1,1,1,0.591456
1,0,0,1,1,1,0,0,0,0,1,1,0,0,1,0,1,1,1,0,0,1,0,0,1,0,1,0,1,0,1,1,0.603368
1,0,0,1,0,1,1,0,0,0,0,0,0,1,1,1,0,0,1,1,1,0,1,1,1,1,0,0,1,1,0,1,0.586351
1,0,1,0,0,1,1,1,0,1,1,0,0,0,1,1,0,1,0,1,1,1,1,0,1,0,0,1,0,0,1,1,0.593108
0,1,1,0,0,0,0,1,1,0,1,0,1,1,1,0,0,1,1,0,1,1,1,1,1,1,1,0,0,1,1,0,0.597012
0,0,0,1,0,1,0,0,1,0,0,0,1,1,1,0,0,0,1,0,1,1,1,0,0,0,0,0,1,0,1,0,0.547837
1,0,1,0,0,0,0,0,1,0,1,0,1,1,0,0,0,0,0,1,0,0,1,0,0,0,0,0,0,1,1,1,0.582622
1,0,0,1,1,0,1,1,1,1,1,0,1,0,1,0,1,1,0,1,0,1,0,0,0,0,0,1,0,1,0,0,0.602593
0,1,1,0,1,0,0,1,1,0,0,0,0,0,0,1,1,1,0,0,1,0,0,0,1,0,1,1,1,1,1,1,0.571961
1,1,1,1,0,0,1,1,1,0,0,1,1,0,0,1,0,1,1,1,0,0,0,1,1,1,0,0,1,1,0,0,0.602267
1,0,0,1,1,1,0,0,1,1,0,1,1,0,1,0,1,0,0,0,0,0,0,1,1,1,0,1,1,1,1,0,0.603444
0,0,1,0,1,0,0,1,1,0,1,0,0,0,0,1,0,0,0,1,0,0,0,0,0,0,1,1,0,0,0,1,0.584224
0,0,0,1,0,0,0,0,0,1,1,0,1,1,1,0,0,1,1,1,1,0,0,0,0,0,0,1,1,0,1,0,0.589930
1,1,0,0,1,1,1,0,0,1,0,1,0,1,0,0,0,1,0,0,1,0,1,0,1,0,0,0,0,1,1,1,0.593083
1,1,0,1,0,0,1,1,0,0,0,1,1,1,0,0,0,1,1,0,1,0,1,1,0,0,1,0,1,1,1,0,0.602292
1,1,0,0,0,1,0,0,0,0,0,0,0,1,1,1,0,1,1,0,1,0,1,0,0,0,1,1,1,1,1,0,0.602818
0,0,0,0,0,0,0,1,1,1,1,0,0,0,0,1,1,1,0,1,0,0,1,1,1,0,0,1,0,1,1,1,0.586176
0,0,0,1,0,1,1,0,0,1,0,0,0,0,0,0,0,0,0,0,1,0,0,0,0,0,1,1,0,0,0,1,0.554919
0,1,1,0,1,0,0,1,0,0,1,0,1,0,0,0,1,0,0,0,0,0,0,1,0,0,1,1,1,1,1,0,0.591957
1,0,1,1,0,1,1,1,0,0,1,0,1,0,1,1,1,0,0,0,0,0,0,1,0,1,1,1,0,0,1,1,0.600015
0,1,0,0,1,0,0,1,1,0,0,0,1,0,0,0,1,1,0,1,1,1,1,0,0,0,1,0,0,1,0,0,0.594034
0,1,0,1,1,1,0,0,1,1,1,0,1,0,0,0,0,1,1,0,0,1,0,1,0,1,1,0,1,0,1,1,0.599965
1,1,0,0,1,1,0,1,0,1,1,0,1,0,1,0,1,1,0,1,1,0,0,1,1,0,0,1,1,0,0,0,0.598814
1,0,0,0,0,1,0,1,1,1,1,0,0,0,0,1,1,0,0,1,1,0,1,0,0,1,1,0,0,0,1,0,0.600591
0,1,1,1,1,1,1,0,0,1,0,0,0,0,1,0,1,0,1,0,1,1,0,0,1,1,0,1,0,1,0,0,0.592032
0,0,0,0,1,1,0,0,0,1,0,0,1,0,1,1,1,0,1,0,0,1,0,0,1,0,1,0,1,1,0,0,0.593984
0,1,1,1,0,1,0,0,0,1,1,1,0,0,0,0,0,1,1,1,1,0,0,1,1,0,1,1,0,0,1,1,0.600215
0,1,0,0,1,0,1,0,1,1,0,0,0,1,1,1,1,0,1,1,0,0,1,1,0,0,0,0,1,1,1,1,0.569258
0,1,0,1,1,0,1,0,1,0,0,0,0,1,0,0,1,1,1,0,1,1,1,0,1,0,0,0,0,0,0,1,0.597963
0,1,0,0,1,0,1,1,0,1,0,1,0,0,1,0,0,1,1,0,0,0,1,0,1,0,0,1,0,1,0,1,0.598388
1,1,0,0,1,1,0,1,0,0,1,0,1,1,1,0,0,1,0,0,0,1,1,0,1,0,1,0,0,1,1,0,0.596486
1,1,1,1,0,1,1,1,1,0,0,1,1,0,1,0,1,1,1,0,0,1,1,0,0,0,0,0,1,1,1,1,0.581546
1,1,1,0,1,0,1,1,0,1,1,1,1,1,1,0,1,1,0,1,0,1,1,1,0,0,1,1,0,0,0,1,0.596612
1,1,1,0,0,1,0,1,1,1,0,0,1,0,0,1,1,1,1,0,0,1,0,0,0,1,0,1,1,0,0,0,0.604920
0,1,1,0,0,0,0,0,1,1,0,0,0,0,0,0,0,1,1,0,1,0,1,0,1,1,0,1,0,1,1,0,0.602643
1,1,1,0,0,0,1,1,0,0,1,0,1,1,1,1,1,1,0,0,1,0,1,0,1,1,0,1,0,0,1,1,0.598263
0,0,1,1,0,0,1,1,1,0,1,1,1,1,1,1,0,1,1,1,0,1,0,0,0,0,1,0,0,1,0,1,0.605521
1,0,0,1,1,1,1,0,1,0,0,0,1,0,1,1,0,1,0,0,0,1,1,0,1,1,0,1,1,1,1,0,0.602443
1,0,1,0,1,1,0,0,0,0,1,0,1,0,1,0,0,0,0,0,0,0,1,0,0,0,0,1,1,0,1,0,0.562802
0,1,1,0,0,1,1,1,1,0,0,0,0,0,0,0,0,0,1,0,0,1,0,0,1,1,0,1,0,0,1,0,0.600891
1,0,0,0,1,0,0,1,0,1,0,1,1,0,1,1,0,0,1,0,1,0,1,1,1,1,0,0,1,0,0,0,0.600190
0,1,0,0,0,1,1,1,0,0,1,1,0,0,1,0,0,0,1,1,0,0,0,0,1,0,0,1,1,1,0,0,0.598539
1,1,1,1,0,1,0,1,1,1,0,1,0,1,0,0,1,0,0,0,0,0,0,0,1,1,1,0,1,1,0,1,0.604920
1,1,0,1,1,1,1,0,0,0,0,1,0,1,1,0,1,0,0,1,1,0,0,0,1,1,0,1,1,1,0,0,0.594134
1,0,0,0,0,1,1,0,1,1,1,1,1,0,1,0,1,0,1,0,0,1,0,1,1,0,1,1,1,1,1,0,0.603994
0,0,1,0,0,1,0,0,0,0,0,1,0,0,1,0,1,0,0,0,1,1,0,1,1,1,0,1,0,1,0,0,0.587878
1,1,1,0,0,1,0,0,1,0,1,0,0,0,0,0,0,0,1,0,0,0,0,1,1,0,1,0,1,0,0,0,0.602042
1,0,1,0,1,1,1,0,1,0,0,0,0,0,0,0,0,0,1,0,1,0,0,1,0,1,1,1,0,1,1,0,0.601667
0,0,0,1,1,0,0,0,0,1,1,0,1,1,0,1,0,0,1,1,0,1,1,0,1,1,1,1,0,1,0,1,0.599865
0,1,0,1,1,0,0,1,1,1,0,0,1,1,1,0,0,0,0,1,1,0,0,1,1,0,0,0,0,0,0,1,0.602618
1,0,0,0,0,1,0,0,0,0,0,0,0,1,1,1,1,0,1,0,0,1,1,1,1,1,0,0,1,0,1,1,0.586376
1,0,0,1,1,1,1,0,1,1,1,1,0,0,0,1,0,0,1,1,0,1,0,1,0,0,0,0,1,1,1,0,0.602618
0,1,0,1,1,1,1,0,1,1,0,0,0,1,0,1,1,1,1,1,1,0,1,0,1,0,0,1,0,1,0,1,0.599840
1,1,1,1,0,1,0,1,1,1,0,0,1,1,0,1,1,1,1,1,0,0,1,0,1,0,1,0,1,1,0,0,0.599039
0,1,0,0,1,1,1,1,1,0,0,1,1,1,1,1,1,0,0,0,0,0,0,0,0,0,1,0,1,0,1,0,0.553442
0,1,0,0,1,0,1,0,0,1,1,1,0,0,1,1,0,1,0,0,0,1,1,1,1,0,1,0,1,0,0,0,0.602943
1,0,1,0,0,0,1,1,0,0,1,0,0,0,0,0,0,1,1,1,0,0,0,0,1,1,0,0,1,1,0,0,0.602142
1,1,1,0,1,1,0,0,0,1,1,1,0,0,1,1,1,0,0,0,0,0,0,0,1,0,0,0,0,0,1,0,0.601517
0,0,0,0,1,0,1,1,0,1,0,1,0,1,0,1,0,0,0,1,0,1,1,0,0,1,0,1,1,1,1,1,0.552216
0,0,0,1,1,1,1,0,1,0,1,1,0,0,1,0,1,0,0,1,1,0,1,1,0,1,1,1,0,0,1,1,0.604920
1,0,0,1,0,1,1,1,0,0,0,0,1,0,1,0,0,1,0,0,0,0,1,0,0,1,0,0,1,1,1,0,0.596712
1,0,1,0,0,0,0,0,1,0,0,1,1,1,0,1,0,1,0,1,0,0,0,1,0,1,1,1,1,1,1,0,0.601942
0,1,1,0,0,0,1,1,1,1,1,0,0,0,0,0,1,0,1,0,0,1,1,1,1,0,0,1,0,1,0,1,0.600816
0,0,1,0,1,1,1,0,0,0,1,0,0,0,1,1,1,0,1,0,0,1,0,0,0,1,1,0,0,1,1,1,0.596061
1,0,1,0,0,1,0,0,1,1,0,0,0,0,0,1,1,0,0,1,0,0,0,0,1,0,1,1,0,0,1,0,0.601717
0,1,0,0,1,0,0,0,0,1,0,1,1,1,1,1,0,1,0,0,1,0,1,0,1,0,1,0,1,0,0,0,0.606246
1,1,1,1,1,0,0,1,0,1,1,1,1,0,1,1,1,0,1,0,1,0,0,1,0,1,0,1,0,1,0,1,0.594985
1,0,0,0,1,1,0,0,1,0,0,0,0,0,0,0,0,0,1,0,1,0,0,0,0,1,0,1,0,0,1,1,0.597237
1,0,1,0,1,1,1,0,1,0,0,1,1,1,0,0,1,0,1,1,1,0,0,1,0,0,0,0,0,1,1,1,0.596211
1,0,0,0,0,1,1,0,1,1,0,0,1,0,0,0,0,1,1,0,1,0,0,0,0,1,1,0,1,0,1,1,0.597988
0,1,1,1,0,0,1,1,1,1,1,0,1,1,0,0,1,1,1,1,1,1,0,1,0,0,0,0,0,0,1,1,0.602292
0,1,0,1,0,1,1,1,0,1,0,1,1,1,1,1,1,1,1,0,1,0,0,0,0,0,1,1,1,0,1,1,0.601717
1,1,0,1,0,0,0,1,1,1,1,1,1,0,0,1,1,1,0,1,0,0,0,1,0,0,0,1,1,1,0,1,0.602718
0,0,0,0,0,0,0,0,0,1,1,0,1,1,0,0,1,1,0,1,1,0,0,0,1,1,1,1,1,1,1,0,0.604520
0,1,0,1,1,0,0,1,1,0,0,0,1,0,0,1,1,0,0,0,0,1,0,1,1,0,0,0,0,0,1,0,0.593709
0,0,0,1,1,0,0,0,1,1,1,1,1,1,0,0,0,0,1,1,0,1,0,1,1,0,0,0,1,1,0,1,0.599089
0,0,0,0,1,1,0,1,0,1,0,1,1,1,1,0,1,1,1,0,0,0,1,1,0,0,0,1,1,0,0,1,0.596737
1,0,0,1,1,1,0,0,1,1,1,0,1,0,1,0,1,0,1,1,1,0,1,1,0,0,1,0,0,0,0,0,0.601917
0,0,0,1,0,0,0,0,1,1,0,0,0,1,1,1,0,0,0,1,0,1,1,0,1,1,1,0,1,0,0,0,0.593058
0,1,0,0,0,0,1,1,1,0,0,0,1,0,0,1,0,1,0,0,1,1,1,1,0,0,0,1,0,0,0,0,0.588028
0,0,1,1,0,1,0,1,0,1,0,0,0,1,0,1,0,1,0,1,0,0,0,1,0,1,0,0,1,1,0,0,0.585951
1,1,0,0,1,0,0,0,0,0,0,1,1,0,1,0,0,0,0,1,0,0,0,1,0,1,0,1,0,1,1,1,0.599690
1,0,1,1,0,1,0,1,1,0,1,1,1,0,1,0,0,1,1,1,1,0,0,0,0,1,0,1,0,0,0,1,0.602918
0,0,0,1,1,1,0,1,0,1,1,1,1,1,1,0,0,0,1,0,0,0,1,1,1,1,0,0,0,1,0,1,0.599565
0,1,1,0,0,1,1,1,1,1,0,1,0,1,0,1,1,0,1,1,0,1,1,1,0,1,1,0,0,1,1,0,0.585300
1,1,1,1,0,1,1,0,1,0,1,1,1,0,0,0,0,0,0,1,0,0,0,0,1,1,0,1,1,0,0,1,0.604144
0,0,0,1,1,0,0,1,1,0,0,0,1,0,1,1,1,1,1,1,0,0,0,1,0,0,1,0,0,1,1,1,0.590280
1,1,1,0,1,0,1,0,0,0,1,0,0,0,0,1,0,1,0,0,1,1,0,0,0,0,0,1,0,0,1,0,0.600040
0,1,0,1,1,1,0,0,0,0,0,1,0,1,1,1,1,1,0,0,1,1,1,1,1,1,1,0,1,1,0,1,0.576441
0,1,1,0,1,1,1,0,1,0,0,0,0,0,1,1,1,1,0,0,0,0,1,0,1,0,0,0,0,0,0,1,0.596737
0,0,0,1,0,1,0,0,1,0,0,1,0,1,0,1,1,1,1,0,1,1,0,0,1,0,1,1,0,0,1,1,0.597262
1,1,1,0,0,0,0,0,1,1,1,0,1,0,1,0,1,1,1,0,0,1,1,0,1,0,1,0,0,1,1,1,0.605496
0,1,0,0,0,1,0,1,1,1,1,0,0,0,1,0,0,0,1,0,1,0,1,0,0,1,0,1,1,0,1,0,0.601942
1,0,0,1,0,1,1,1,0,1,1,1,0,1,1,1,0,0,1,1,1,1,0,0,0,0,0,0,1,1,0,0,0.599840
1,0,0,1,1,1,1,1,1,1,1,1,1,1,1,1,1,1,1,1,0,0,0,1,1,1,0,1,0,1,1,1,0.533272
0,1,1,0,0,1,1,0,0,0,0,0,1,0,1,1,1,0,1,0,0,1,0,0,0,1,0,1,1,1,0,0,0.601792
1,0,0,1,1,0,0,1,1,0,1,1,0,0,0,1,1,1,0,1,1,0,0,1,1,0,0,1,1,0,1,1,0.576966
1,1,0,1,1,0,1,1,1,0,0,0,1,1,0,0,1,0,0,0,1,0,0,0,0,1,1,0,1,1,1,1,0.596311
0,1,1,1,0,1,0,0,0,1,0,0,1,0,0,1,0,1,1,0,0,1,0,0,1,0,1,0,0,0,1,1,0.598614
1,0,0,1,1,0,0,1,0,1,1,0,1,0,0,0,1,0,0,1,0,1,0,0,0,0,1,1,0,1,0,1,0.602317
0,1,1,1,0,1,1,1,0,1,1,0,0,0,1,0,0,0,1,0,1,0,0,0,0,1,0,0,1,0,0,1,0.600040
1,1,0,1,1,0,0,1,0,1,0,1,1,0,0,0,0,1,1,0,1,1,1,1,1,0,1,0,1,1,0,0,0.593709
0,0,0,0,0,1,1,1,1,1,1,1,0,1,1,0,1,1,1,0,1,1,1,1,1,1,0,1,1,1,1,1,0.563428
0,0,0,0,1,1,0,1,0,0,1,1,1,1,1,1,1,0,1,1,1,0,1,1,1,0,1,1,1,0,1,0,0.595235
0,0,0,0,0,0,0,1,0,0,0,1,1,0,1,1,1,0,0,1,1,0,0,0,0,1,0,0,1,0,0,0,0.579569
1,1,0,0,0,1,0,1,1,0,1,0,1,1,1,1,1,0,1,1,0,0,1,0,0,1,0,0,1,1,1,0,0.592457
0,1,0,0,0,1,0,1,1,0,0,0,0,0,0,1,0,1,1,1,0,0,0,0,0,0,0,0,1,0,1,0,0.592557
0,1,1,0,0,1,0,1,1,1,0,1,0,0,0,0,1,1,1,0,0,1,0,0,0,1,1,0,0,0,1,1,0.602768
1,1,0,0,1,0,1,0,0,0,1,0,1,1,0,1,0,1,0,1,1,1,0,0,1,1,0,1,1,0,0,1,0.599515
0,0,0,1,0,1,1,1,0,0,1,0,0,0,1,0,0,1,0,1,0,1,1,1,1,0,1,1,1,1,1,1,0.591656
0,1,0,0,1,0,1,1,0,0,1,0,1,0,0,0,1,1,0,0,1,1,1,0,1,0,1,0,1,0,1,1,0.597237
0,0,0,0,0,1,1,1,1,1,1,1,0,1,0,0,0,1,0,0,1,1,1,1,0,0,1,0,1,0,0,1,0.597813
0,1,1,1,0,0,1,0,0,1,0,0,0,0,1,0,0,1,1,1,1,0,1,0,0,1,0,0,0,1,1,1,0.612653
0,1,1,1,1,1,1,0,1,0,0,1,0,0,0,1,0,1,1,1,1,1,1,0,1,0,1,0,1,0,1,1,0.602392
1,0,0,0,0,0,1,1,0,1,0,0,1,1,0,0,0,1,0,0,1,0,1,0,1,1,0,0,1,1,0,1,0.597663
1,1,0,0,0,0,1,1,0,1,1,0,1,0,0,0,0,1,0,0,0,0,0,0,1,0,1,1,0,1,1,1,0.598238
0,0,0,1,0,0,0,0,0,1,0,0,1,1,0,0,0,0,1,0,1,0,0,0,1,0,1,1,0,1,1,0,0.577292
1,0,0,1,1,1,0,0,0,1,0,0,1,1,1,1,0,0,0,0,0,0,1,1,1,0,1,1,1,0,0,0,0.592282
0,1,0,0,0,0,0,0,1,1,0,1,1,0,1,1,1,0,0,1,1,1,1,0,0,1,1,0,1,1,1,1,0.594785
0,1,1,0,1,1,1,1,1,0,1,1,1,0,1,1,0,0,0,0,1,1,0,0,0,1,0,1,0,0,1,0,0.595460
1,1,1,1,1,0,1,1,0,0,0,1,0,0,0,1,0,0,0,1,0,1,0,0,0,1,1,1,0,0,1,0,0.601992
1,1,0,1,0,0,0,0,1,0,0,1,0,1,1,1,0,1,0,1,1,0,1,1,0,0,0,0,0,1,1,0,0.583448
0,1,0,0,1,0,0,1,1,0,0,1,1,1,0,1,0,0,0,1,1,0,1,1,0,1,0,1,1,1,1,0,0.597062
1,0,1,1,0,1,1,1,0,0,0,1,1,1,0,1,1,1,1,0,1,1,1,1,0,1,1,0,0,0,0,0,0.600090
1,0,0,1,0,1,0,1,0,0,1,1,0,0,0,0,0,1,0,0,1,1,1,1,0,0,1,0,0,0,1,0,0.596787
0,1,1,1,1,1,1,1,0,1,1,0,0,1,1,1,0,1,1,0,0,0,0,0,1,1,1,0,1,1,0,0,0.599039
0,0,0,1,1,1,1,0,1,0,1,0,0,1,0,0,0,1,0,0,0,1,0,1,0,1,1,1,1,1,1,1,0.596912
1,0,0,1,0,1,0,0,0,1,1,1,1,0,0,0,1,0,1,1,1,0,0,1,0,0,1,0,1,0,1,1,0.603168
1,1,0,1,0,0,0,0,0,0,0,1,0,1,1,1,0,1,1,0,0,1,1,0,1,0,0,0,0,1,0,0,0.600140
0,0,0,0,0,1,1,1,1,1,1,1,0,0,0,0,1,0,1,0,0,1,1,1,1,0,1,1,1,1,1,1,0.582647
1,1,0,1,1,1,1,0,1,0,0,1,1,0,0,1,0,1,0,1,1,1,1,1,0,1,0,0,0,1,0,1,0.582547
0,1,1,1,1,0,0,1,1,0,1,0,1,0,0,0,0,1,1,1,1,1,0,1,0,1,1,1,0,1,0,0,0.601717
0,1,1,0,0,1,1,1,1,0,0,1,1,1,1,1,0,1,0,0,1,0,0,1,0,1,1,1,1,1,0,0,0.599164
0,0,0,1,1,1,0,0,1,0,0,1,1,0,0,0,0,0,1,1,1,0,1,0,1,1,1,1,1,1,0,1,0.605821
1,1,0,1,0,0,1,0,0,0,1,1,1,1,1,0,1,0,0,0,1,0,1,1,1,1,1,0,0,1,0,1,0.597437
1,1,0,0,1,1,1,1,0,0,0,0,1,1,1,0,0,1,1,0,0,1,0,1,1,1,1,0,0,0,0,0,0.596962
1,0,1,1,1,1,1,1,0,0,0,1,1,1,0,0,0,1,0,1,1,0,1,0,1,1,0,1,0,1,1,0,0.603343
1,1,0,0,0,0,1,1,1,1,0,0,0,1,1,0,1,1,1,0,0,0,1,0,1,0,1,1,1,1,0,0,0.602267
0,1,1,0,1,1,1,1,0,0,0,1,1,0,0,0,1,1,1,1,1,1,0,1,0,0,1,1,1,0,0,0,0.610326
1,1,0,0,1,1,0,1,1,1,0,0,0,1,0,0,0,1,0,1,0,1,0,0,0,1,0,1,0,0,0,0,0.602893
1,1,1,1,1,1,1,0,1,1,1,1,1,1,1,1,0,0,1,1,0,1,1,0,0,0,1,1,1,0,0,0,0.606422
1,0,1,1,0,1,0,1,1,1,1,1,1,1,0,0,0,0,0,0,1,0,0,0,1,0,0,0,0,1,0,1,0.602618
0,1,0,0,1,1,1,1,1,1,0,1,1,0,1,1,0,0,1,1,0,1,1,1,1,1,0,0,1,1,0,0,0.598989
0,0,1,1,1,0,1,0,0,1,0,0,0,1,0,1,1,1,0,0,0,0,0,1,0,0,1,1,0,0,0,0,0.602167
1,1,1,0,0,1,1,1,1,1,0,1,0,0,1,0,0,1,0,0,1,1,0,1,1,0,1,1,0,0,1,0,0.601892
1,0,0,1,0,1,0,0,0,1,1,0,1,1,1,0,1,1,0,1,1,1,0,1,0,1,0,1,0,0,0,0,0.601542
0,1,0,1,0,0,0,0,0,1,0,1,1,1,0,0,0,0,0,0,0,1,1,0,1,1,0,1,1,0,1,1,0.605095
1,1,1,0,0,1,1,1,1,0,0,0,1,1,1,1,1,0,0,1,1,0,1,1,0,1,0,0,0,0,0,1,0.573488
0,0,0,0,1,0,0,0,0,0,1,0,1,1,0,0,0,1,0,1,0,0,1,0,0,0,0,0,0,0,0,1,0.557772
0,0,0,1,1,0,0,0,1,0,1,1,1,1,0,0,0,0,0,0,1,1,0,0,0,1,0,1,0,0,1,0,0.600791
1,0,0,1,1,0,1,1,0,0,0,1,0,1,0,1,0,0,1,0,1,1,1,1,1,1,0,0,1,1,0,1,0.573162
1,1,1,1,1,0,1,1,0,0,0,1,1,0,0,1,1,0,0,1,1,1,0,0,1,1,0,1,0,1,1,1,0.594584
1,1,0,0,0,1,0,1,0,1,0,0,1,1,1,1,0,1,1,0,1,0,1,0,1,0,1,0,1,1,1,1,0.560975
1,1,0,1,1,1,1,0,1,1,0,1,0,0,0,1,0,1,1,1,0,1,0,0,0,1,0,0,1,1,1,0,0.604970
1,0,0,0,1,1,0,0,1,1,0,0,1,0,1,1,0,1,0,1,0,0,1,1,0,0,0,0,1,0,1,0,0.596036
0,1,1,1,1,1,1,0,1,0,1,1,1,0,1,1,1,0,0,0,0,0,0,1,0,1,1,1,0,1,0,0,0.601467
0,0,0,1,0,0,1,0,1,1,0,0,0,0,1,0,1,0,1,1,1,1,1,0,1,0,1,1,1,1,0,1,0.601617
1,1,0,0,0,1,1,1,1,0,0,1,0,1,1,1,1,1,0,1,1,1,0,1,0,1,0,1,0,1,0,0,0.603293
1,0,1,1,1,0,0,0,0,0,0,0,1,0,1,1,0,1,1,1,1,0,1,1,1,1,1,0,0,0,1,0,0.601917
0,1,0,1,0,1,1,0,1,1,0,1,1,0,0,1,0,0,0,0,1,0,0,0,0,1,1,0,0,1,1,0,0.604595
0,1,0,0,1,1,1,1,1,1,1,0,0,1,1,1,0,0,0,1,0,1,0,0,1,1,0,1,1,0,1,1,0.578443
1,0,1,0,0,0,0,0,0,1,0,1,0,1,0,0,1,0,0,1,1,0,1,0,1,0,0,0,1,0,0,0,0.600340
1,0,1,0,0,0,0,0,1,1,1,0,1,1,0,1,1,0,1,1,1,0,1,1,0,1,0,1,0,0,0,1,0.599840
1,1,0,1,0,1,0,0,0,1,0,1,0,0,1,1,0,0,1,0,1,0,1,1,1,0,1,0,0,1,0,1,0.597638
1,0,0,1,1,0,1,0,1,1,0,0,0,1,1,0,1,0,0,0,0,0,0,1,0,0,1,0,0,0,1,1,0.600315
0,0,1,0,1,1,0,0,0,1,0,1,1,1,0,1,1,0,1,0,0,0,0,0,0,0,1,0,1,1,0,0,0.602367
0,1,0,1,1,1,0,0,1,0,1,1,0,1,1,1,1,0,1,1,0,0,0,0,0,1,1,1,0,1,1,0,0.599014
0,0,1,1,1,1,1,1,1,0,0,0,1,0,1,0,0,1,1,0,0,1,1,0,0,0,1,1,0,1,0,1,0.599089
1,0,0,1,1,0,1,0,0,0,1,0,1,0,1,0,1,0,1,0,0,1,0,1,1,1,0,1,0,1,0,0,0.600215
1,1,1,0,1,0,0,0,0,0,0,1,1,0,1,0,0,1,1,0,0,1,1,0,1,1,0,1,1,0,1,0,0.606872
1,1,0,1,0,1,0,1,0,1,1,1,0,0,0,1,1,0,0,1,1,0,0,0,0,1,1,1,1,1,1,1,0.581446
0,1,1,0,0,0,0,0,0,1,0,1,0,1,0,0,1,1,0,0,1,0,1,0,0,1,1,0,1,1,0,0,0.597237
1,0,0,1,0,1,1,0,0,1,1,0,0,0,1,0,0,1,1,1,1,1,1,1,1,0,1,0,1,1,1,0,0.602468
0,0,1,1,0,0,0,0,0,0,0,0,1,1,1,1,0,0,1,1,1,1,1,0,0,0,1,1,1,1,0,0,0.608749
1,1,1,1,1,0,1,1,0,0,0,0,0,1,0,0,0,1,0,0,1,1,0,1,1,1,0,0,1,0,1,1,0.586451
0,0,1,0,1,0,0,1,1,1,0,0,1,1,0,0,0,1,1,1,0,1,1,0,1,0,0,0,0,1,1,0,0.596837
1,0,1,1,1,0,1,0,0,1,0,1,1,1,0,1,0,0,0,1,0,1,0,1,1,1,1,0,1,0,0,1,0.600465
1,1,0,0,0,0,0,0,0,1,0,1,0,1,1,0,0,1,1,1,0,1,1,0,0,0,1,1,0,1,1,1,0.599264
0,0,1,1,1,0,0,0,0,1,0,1,0,1,0,1,0,1,1,1,1,1,1,0,0,0,1,0,0,0,1,0,0.602192
1,1,0,1,1,0,1,1,0,0,0,0,1,1,1,1,1,1,1,1,0,0,0,0,0,1,0,1,0,1,0,1,0.603018
1,1,0,1,1,0,1,0,0,1,1,0,0,1,1,0,1,0,1,0,0,1,0,0,1,0,0,0,1,1,1,0,0.601016
0,0,1,1,1,0,0,0,1,1,0,0,1,1,0,1,0,1,1,0,1,1,1,0,1,1,1,0,0,0,1,0,0.604545
1,0,0,0,1,1,1,0,1,0,0,1,0,0,0,0,0,1,0,1,1,0,1,0,1,0,0,1,1,0,0,1,0.599715
1,1,1,1,0,0,1,1,1,1,0,0,1,1,1,0,0,1,1,1,1,0,0,0,1,0,1,1,1,1,1,1,0.594384
1,0,0,0,0,1,1,0,0,1,0,0,0,0,0,1,0,0,1,1,1,0,1,0,1,0,1,0,0,1,1,0,0.599039
1,0,1,0,0,0,1,1,0,1,1,0,0,0,0,0,1,0,0,0,1,1,1,0,1,0,0,1,0,0,1,0,0.601091
1,1,0,0,1,0,0,1,0,0,1,0,1,0,1,0,0,0,0,0,1,1,0,1,0,0,1,1,0,1,1,0,0.557922
0,1,1,0,0,1,1,1,0,1,1,1,1,0,1,0,0,0,1,0,0,1,0,0,1,1,1,1,0,1,1,0,0.599740
0,1,0,1,1,0,1,1,0,1,0,0,0,1,1,1,0,0,1,1,0,0,0,0,0,1,1,0,1,1,1,1,0.554944
0,0,0,1,1,0,0,0,0,1,0,1,1,0,1,0,0,0,0,1,1,1,0,0,1,1,1,1,1,0,1,1,0.612803
0,0,0,1,0,1,1,0,0,1,0,1,1,1,1,0,1,0,1,0,1,1,0,1,0,1,0,0,0,1,1,0,0.598914
0,0,1,1,0,0,0,1,0,0,0,0,1,0,1,1,0,0,1,0,1,0,1,1,0,1,1,0,0,0,0,1,0.595535
1,1,1,1,1,0,0,1,0,0,0,1,1,1,0,0,1,0,0,0,1,0,0,0,0,1,0,0,0,0,0,1,0.591431
1,0,0,1,1,0,1,0,1,1,0,0,1,1,1,0,0,0,0,0,1,1,0,0,1,1,0,1,1,0,0,0,0.602468
1,1,1,0,0,0,1,1,0,0,0,1,1,1,1,1,1,0,1,1,1,0,1,0,0,1,1,1,0,1,1,0,0.596837
1,0,1,0,1,0,1,0,1,1,1,0,1,0,0,0,0,1,0,0,1,1,0,0,0,1,0,1,1,1,0,1,0.601617
0,1,0,0,0,0,0,0,0,0,0,0,1,1,1,1,0,1,1,0,1,1,1,1,0,1,1,1,1,0,0,0,0.598388
0,1,0,0,1,0,0,0,1,0,1,1,0,1,0,1,0,1,1,0,1,1,1,0,0,1,0,1,0,1,0,1,0.601441
0,0,1,0,0,1,0,1,0,0,0,1,1,1,0,1,0,0,0,1,1,1,0,0,0,0,1,0,0,0,0,0,0.582497
1,0,1,1,0,0,0,0,1,1,0,0,1,0,1,0,0,0,0,0,1,1,1,1,1,0,1,0,0,1,0,1,0.599840
0,1,0,0,1,1,1,0,1,1,1,0,1,1,1,1,0,1,1,1,0,1,0,1,0,1,0,1,0,1,0,1,0.589930
0,0,1,0,1,1,0,1,1,0,0,1,0,1,1,0,1,1,1,1,1,0,1,1,0,1,0,1,0,0,0,0,0.602443
0,1,1,0,0,0,0,0,1,1,1,1,0,1,0,0,1,1,0,1,1,1,0,1,1,1,0,1,0,1,1,1,0.593458
0,0,0,0,1,0,1,1,0,1,0,0,1,1,0,0,0,0,1,1,0,1,1,0,1,0,1,0,1,1,1,1,0.592382
0,1,0,0,0,0,0,1,0,1,0,1,0,1,0,0,1,0,1,1,1,1,0,0,0,1,0,0,0,0,1,1,0.591156
1,1,1,1,0,1,0,1,1,1,1,0,0,0,0,1,1,1,1,1,1,1,0,1,0,1,1,0,1,0,0,0,0.603419
1,0,1,0,0,0,1,0,0,1,0,1,1,1,1,1,0,1,1,0,0,1,1,0,0,0,1,1,0,0,0,0,0.601216
0,1,0,1,1,0,1,1,0,0,1,1,1,0,0,1,1,1,1,1,0,1,1,0,1,1,0,0,1,0,0,1,0.597688
0,0,1,0,0,0,0,1,0,1,0,1,0,1,1,1,0,0,1,1,1,1,1,1,0,0,0,1,1,1,1,0,0.586426
0,1,0,1,0,0,0,0,0,1,1,0,0,1,1,0,0,0,1,0,1,0,0,1,0,1,1,0,0,0,1,1,0.592107
1,1,0,0,0,0,0,0,0,1,1,0,0,1,0,1,1,0,0,1,0,1,1,1,0,0,0,1,1,0,0,1,0.599865
0,0,0,0,0,0,1,0,0,0,0,0,1,1,1,0,0,1,1,1,1,1,0,0,0,1,1,0,1,0,0,0,0.567231
1,0,1,0,0,0,1,0,0,1,0,1,1,0,0,1,1,1,1,0,0,1,1,0,1,0,0,0,0,0,0,0,0.602067
1,0,1,0,0,1,0,0,0,0,1,0,0,1,1,1,0,0,0,0,0,0,0,1,0,0,1,0,0,0,1,0,0.591331
1,1,1,1,1,0,1,0,1,0,1,1,0,0,0,0,0,1,0,1,0,0,0,0,0,0,1,0,1,1,0,0,0.596511
0,1,1,1,1,0,1,1,1,0,0,0,1,0,0,0,0,0,0,1,1,0,1,1,0,0,1,0,0,0,0,1,0.604570
1,0,0,1,0,0,1,1,0,1,1,1,0,1,1,1,0,0,1,1,1,1,1,1,0,1,1,0,1,0,0,0,0.600340
1,0,1,0,0,0,1,0,0,0,1,1,1,1,1,1,0,0,0,1,0,1,1,0,0,0,1,1,0,0,0,1,0.601892
1,0,1,1,1,0,0,1,0,0,0,0,0,1,1,0,1,0,0,1,0,0,0,1,1,1,1,1,1,0,0,0,0.602267
1,0,1,1,1,1,0,0,1,0,1,0,0,1,0,0,1,0,1,1,0,0,0,0,0,1,1,0,1,0,1,0,0.604445
1,0,0,1,1,0,0,0,1,1,0,0,0,0,0,0,0,1,0,1,0,0,1,1,0,1,0,0,0,0,1,0,0.593283
1,1,1,0,1,1,0,0,1,1,0,0,0,0,0,0,1,1,1,0,0,0,1,0,1,0,0,1,1,0,0,1,0.592933
1,0,0,0,1,1,1,1,1,0,1,1,0,0,0,1,0,1,1,1,0,0,1,0,1,1,1,1,1,1,0,0,0.603794
0,1,1,1,1,1,0,1,1,0,1,1,0,0,0,0,1,0,1,1,0,1,0,1,0,1,1,0,0,1,0,0,0.603469
0,1,0,1,0,0,1,0,1,0,1,0,1,1,0,0,1,0,0,1,0,1,1,1,0,1,1,0,0,1,0,1,0.600991
1,0,1,1,0,0,1,1,1,1,0,1,1,0,1,1,0,1,1,0,0,1,0,0,1,0,0,0,0,1,0,0,0.601642
0,1,0,0,1,1,0,1,0,0,1,1,1,1,0,0,1,1,0,1,0,1,0,0,0,0,0,0,1,0,1,1,0.599189
1,0,0,0,1,1,1,1,0,0,0,1,1,1,1,1,1,1,1,1,1,0,1,0,1,0,1,0,0,1,0,1,0.579119
0,1,0,0,1,0,1,0,1,1,0,1,1,0,1,1,1,0,1,0,1,0,1,1,1,0,0,1,1,1,1,1,0.587077
1,1,1,0,1,0,1,0,0,1,0,1,0,0,0,1,0,1,0,1,1,0,1,1,1,1,1,0,1,0,0,1,0.602568
0,1,1,1,0,0,1,0,1,1,1,0,0,1,0,0,1,1,1,0,0,1,0,0,1,1,0,1,1,1,0,0,0.603969
1,1,0,1,1,1,1,1,1,1,0,0,1,0,1,1,1,1,0,0,0,1,1,0,1,0,0,1,1,1,0,1,0.583698
0,1,1,0,1,0,1,1,0,1,0,0,1,0,1,0,0,0,0,0,0,1,0,0,1,1,0,0,1,1,1,0,0.598388
0,0,1,1,1,1,0,1,1,0,1,1,0,1,1,0,0,0,0,1,1,1,1,1,0,1,0,0,1,1,1,0,0.593383
0,1,0,0,1,1,1,0,1,0,0,1,0,1,0,1,0,1,0,1,0,0,1,0,1,1,0,1,0,0,1,1,0.602342
1,0,0,1,0,1,0,1,0,1,0,0,0,0,0,0,0,1,1,0,1,1,1,0,0,0,0,1,0,1,1,0,0.579769
1,1,1,1,0,0,0,1,0,1,1,0,0,0,1,1,1,0,1,1,0,1,0,1,0,0,1,0,1,1,0,0,0.598438
1,1,0,0,0,1,0,0,0,0,0,1,1,0,0,0,0,1,0,0,1,0,1,0,1,0,0,0,0,1,1,0,0.596311
1,0,1,1,0,1,1,1,0,1,1,1,1,0,0,0,1,0,1,0,0,1,1,1,0,0,0,0,0,0,1,1,0.601266
0,1,1,0,0,0,1,0,1,0,0,1,0,0,1,0,0,1,0,0,1,0,0,0,1,0,1,1,1,0,1,0,0.603043
0,0,0,0,0,1,1,1,1,1,0,1,1,1,0,1,0,1,1,0,1,0,0,0,0,0,1,1,0,0,0,1,0.592232
0,0,0,0,0,1,1,1,1,1,0,1,1,0,1,1,1,1,1,1,0,1,1,0,1,0,0,1,1,1,1,1,0.583773
1,0,0,1,1,0,0,1,1,1,1,1,0,1,1,1,0,1,1,1,1,0,1,1,0,1,1,1,0,0,1,0,0.598989
1,1,1,0,1,1,1,0,1,1,0,0,0,1,1,1,1,0,0,0,1,1,0,0,0,1,0,1,1,0,0,1,0.592432
1,0,0,0,1,0,1,1,1,1,1,0,1,1,0,0,0,0,0,0,1,0,1,0,0,1,0,0,0,1,0,0,0.571761
0,1,1,0,0,0,0,0,1,1,1,1,0,0,0,1,1,1,0,0,0,0,1,1,1,0,0,0,0,1,0,1,0.600791
0,1,0,0,0,0,1,0,0,0,0,0,0,0,0,1,0,1,0,1,1,0,0,1,0,1,1,0,0,1,1,0,0.578743
0,1,0,1,0,1,1,0,1,1,1,1,1,1,1,0,1,1,0,0,0,0,1,0,0,0,1,1,1,1,1,1,0.598313
1,1,1,1,1,0,1,1,0,1,0,0,0,1,1,1,0,0,1,1,0,0,0,1,1,0,1,0,0,0,0,0,0.602893
0,0,0,0,1,1,0,1,0,0,1,1,0,0,0,1,0,0,0,1,0,1,1,0,0,1,0,0,0,1,1,0,0.546285
1,0,1,1,0,1,1,1,0,1,0,1,0,0,1,0,1,0,0,0,0,0,0,1,1,1,1,1,1,0,0,1,0.602618
1,1,0,0,0,0,1,0,0,1,1,0,1,0,0,0,1,0,0,0,0,0,0,0,0,0,1,0,1,1,0,1,0.598063
0,1,1,1,1,1,1,0,0,0,0,1,0,0,0,1,0,1,0,1,0,1,1,0,0,1,0,1,0,1,0,1,0.599615
1,0,1,0,0,0,0,0,1,1,1,1,1,1,1,0,1,0,1,0,1,0,1,1,0,0,1,0,0,1,0,1,0.600140
0,0,0,1,1,0,0,1,1,1,0,0,0,1,1,0,1,0,1,0,0,1,1,1,0,1,0,1,1,1,0,0,0.597563
0,0,1,1,0,1,0,0,1,1,0,0,0,1,1,0,1,0,0,0,0,0,1,0,0,0,1,1,0,1,0,0,0.598639
0,1,0,0,0,0,1,1,0,0,0,0,0,1,1,1,1,0,1,1,0,1,0,1,1,0,0,0,1,1,1,0,0.589029
1,0,1,0,0,1,1,1,1,0,1,1,1,1,1,0,1,0,1,1,0,0,1,1,0,0,0,0,0,0,0,0,0.598789
0,1,0,1,0,1,0,0,0,1,0,0,0,1,0,1,1,0,0,1,0,0,0,1,0,1,0,0,0,0,1,1,0.592983
0,1,1,1,1,0,0,0,0,1,1,1,0,0,1,1,1,1,0,1,1,1,0,1,0,0,1,0,0,1,0,1,0.599890
0,0,0,1,1,1,1,0,1,0,1,0,1,0,1,1,0,0,1,1,1,1,0,0,1,0,0,0,1,0,0,1,0.592357
0,1,0,0,1,1,1,1,1,0,0,1,0,0,1,0,0,1,1,1,1,0,1,0,0,1,1,1,0,0,1,1,0.607122
1,0,1,0,1,1,1,0,0,0,1,0,0,1,1,1,1,1,1,1,1,0,1,1,0,1,0,0,0,0,0,1,0.595836
1,0,1,1,1,0,1,0,1,1,0,1,1,1,0,1,1,0,1,1,1,1,1,0,1,1,0,1,1,1,1,0,0.601517
1,1,0,0,1,0,1,1,1,1,1,0,0,0,1,1,1,1,0,0,1,1,1,0,1,0,1,1,0,1,1,0,0.596336
1,0,0,1,0,1,0,0,1,1,1,1,0,0,0,1,1,1,0,0,1,0,1,0,1,0,0,0,0,1,1,1,0.597838
0,1,0,1,0,0,0,0,1,1,1,0,1,0,0,1,0,0,1,1,0,1,1,1,1,1,0,1,0,1,0,1,0.597012
1,0,1,1,1,0,0,0,0,1,1,1,0,1,1,0,0,1,1,0,0,0,1,0,1,0,1,1,1,0,1,0,0.598138
0,1,1,0,0,0,0,0,0,0,1,0,1,1,0,0,0,1,1,0,0,1,1,0,1,1,0,0,0,1,0,1,0.599039
0,0,0,1,1,1,0,1,0,0,1,0,1,1,0,1,0,1,1,0,1,1,0,0,1,0,1,1,1,0,0,1,0.600516
0,0,1,0,1,1,1,1,0,1,0,1,0,1,1,0,1,1,1,1,0,1,1,1,1,1,0,0,0,0,0,1,0.595485
0,0,1,0,0,0,1,1,1,0,1,1,0,0,1,1,0,0,1,0,0,1,1,1,0,0,0,0,1,0,1,1,0.566205
1,1,0,1,0,1,0,1,1,1,1,1,0,0,0,0,1,1,1,1,1,1,1,1,0,0,0,1,1,1,0,0,0.590555
1,1,1,0,0,0,1,0,1,1,0,0,1,0,0,1,1,1,0,1,0,1,1,1,0,1,0,0,1,0,1,1,0.593408
0,1,1,1,1,0,0,1,0,0,0,0,1,1,1,1,0,0,1,0,1,1,0,1,0,0,1,1,0,0,0,1,0.593358
1,1,0,1,0,0,1,0,0,0,0,1,0,1,0,0,1,0,0,1,1,0,0,1,0,0,0,0,0,1,1,1,0.601441
0,0,1,1,0,1,1,1,1,1,0,1,1,1,1,1,1,0,0,0,1,1,0,1,0,0,1,1,0,1,0,1,0.590005
1,0,0,0,0,1,1,1,1,1,0,1,0,1,1,0,0,1,1,1,1,1,1,1,0,1,0,0,0,1,1,1,0.534473
1,1,0,0,1,0,0,1,1,0,1,1,0,1,0,0,1,0,0,0,1,0,0,0,0,1,0,1,1,1,1,0,0.601441
1,1,0,1,1,0,1,0,1,0,0,0,1,1,0,1,1,1,1,1,0,1,0,1,1,0,0,0,1,0,1,0,0.601366
0,1,1,0,0,1,1,0,1,1,0,1,0,0,0,0,1,1,1,1,1,0,0,0,1,1,1,1,1,0,0,0,0.591757
0,1,0,0,0,1,1,0,1,0,1,1,1,1,0,1,0,0,0,1,0,1,1,1,0,0,1,1,1,0,1,0,0.598013
1,1,0,0,0,0,1,1,0,1,0,1,1,1,0,0,0,1,0,1,0,1,0,0,0,0,0,0,1,1,0,0,0.595335
0,1,0,1,0,0,0,0,1,0,1,1,0,0,0,1,0,0,1,1,0,1,0,0,0,1,1,1,1,0,1,1,0.599940
1,1,1,1,0,1,1,1,0,1,1,0,0,0,1,0,0,1,1,0,1,1,1,0,1,1,0,1,1,0,1,0,0.599439
0,1,1,1,1,1,0,1,0,1,0,1,0,1,0,1,1,1,0,0,1,0,0,0,0,0,0,1,0,0,1,0,0.603093
1,1,0,0,0,0,1,0,0,1,1,0,1,1,0,0,0,1,0,0,0,1,0,0,1,0,0,1,0,0,1,1,0.596612
1,1,0,1,1,1,1,1,1,1,1,1,1,1,1,0,0,0,0,1,1,1,1,0,1,1,0,0,0,1,0,0,0.603318
0,0,1,0,1,0,1,1,0,0,0,0,0,1,1,1,0,1,1,0,0,0,1,0,0,0,1,1,1,1,1,0,0.579844
1,0,1,1,0,0,0,0,1,1,0,1,1,1,1,0,0,0,0,0,1,1,1,0,1,0,0,0,0,0,0,0,0.600766
1,0,1,1,1,0,1,1,0,0,1,1,1,0,1,0,0,1,1,0,0,0,0,0,1,1,1,1,0,1,1,1,0.596912
0,1,0,1,1,1,1,1,1,1,0,0,0,1,0,0,1,0,0,0,0,1,1,1,0,0,0,0,1,1,1,1,0.582722
0,1,1,1,1,1,0,1,1,0,0,1,1,1,1,0,0,1,1,0,1,1,1,1,0,0,1,1,0,0,0,1,0.602142
1,1,1,0,1,1,1,0,1,1,1,0,1,1,0,0,0,1,0,0,0,0,0,0,0,0,0,0,0,1,1,1,0.597588
1,0,1,0,1,0,1,0,0,1,0,1,1,1,1,0,1,1,0,1,1,0,1,1,0,0,1,1,1,1,0,1,0.595686
0,0,0,0,1,1,0,0,1,1,1,1,0,1,1,1,0,0,1,0,0,0,1,1,0,1,1,1,1,1,0,1,0.588303
0,1,1,1,1,1,0,1,0,1,0,1,1,1,1,0,0,0,0,1,0,0,1,1,0,1,1,1,1,1,1,1,0.578518
1,0,0,1,0,0,1,1,0,1,1,1,0,1,0,0,0,0,0,1,1,0,1,1,0,0,0,0,1,0,0,0,0.599690
0,0,1,0,0,0,1,1,1,0,0,1,1,0,1,1,0,1,1,0,0,0,1,0,1,1,0,1,0,0,1,1,0.601942
1,0,0,1,0,1,0,0,1,1,0,0,1,0,0,1,0,0,1,1,1,1,1,0,0,1,0,1,1,0,1,1,0.598714
1,1,1,1,0,0,1,1,0,1,1,0,1,1,1,1,0,1,0,0,0,0,0,1,0,0,1,0,0,1,1,0,0.595160
0,0,1,0,0,1,0,1,1,0,1,0,0,0,0,1,1,0,0,1,1,0,0,1,0,1,0,1,1,1,1,0,0.599640
1,1,1,0,1,1,1,1,1,0,1,0,0,0,1,1,0,0,0,1,1,0,1,1,0,0,1,1,0,1,1,1,0.582297
1,1,1,0,1,1,0,0,1,0,0,1,1,1,1,1,0,1,1,0,0,1,1,0,1,0,1,0,1,1,0,0,0.599264
0,0,0,1,0,0,0,0,1,1,0,1,1,1,1,0,0,0,1,0,0,0,0,0,0,1,0,1,0,0,1,1,0.589679
1,0,0,1,0,1,0,0,0,0,0,0,0,0,1,0,1,1,1,1,1,1,0,0,0,0,0,1,1,0,1,1,0.575715
0,0,0,1,0,1,0,0,1,0,1,1,1,1,1,0,0,0,0,0,1,1,1,0,0,1,0,0,0,1,0,1,0.582097
0,0,0,0,0,0,0,1,0,0,0,1,0,1,1,1,1,0,0,1,0,0,1,0,0,1,1,1,0,0,0,0,0.569434
1,1,0,0,1,0,0,1,0,1,0,1,0,1,0,0,1,0,0,1,0,0,1,1,1,1,0,0,1,1,0,1,0.600866
0,1,1,0,0,1,1,1,0,1,0,1,1,1,1,1,1,0,1,0,0,0,1,1,1,1,0,0,1,1,0,0,0.585876
1,0,1,0,1,0,0,0,0,0,0,1,0,1,0,1,1,0,1,1,1,1,1,1,1,1,0,1,0,1,1,1,0.566155
0,1,0,0,0,1,1,1,0,1,0,1,0,1,1,1,1,1,1,1,1,1,0,0,0,0,1,1,0,0,1,1,0.597012
1,1,1,1,0,1,1,1,0,1,0,0,1,1,0,0,0,0,1,1,0,0,1,1,1,0,0,1,0,0,1,0,0.604044
0,1,1,1,0,1,1,1,1,1,1,0,1,1,1,0,0,0,0,1,1,1,0,0,1,1,1,0,0,1,1,1,0.598313
1,0,1,1,1,1,1,0,0,0,1,1,0,0,0,1,1,1,0,0,1,0,0,1,0,1,0,0,0,0,1,1,0.600090
1,0,1,0,1,1,0,0,1,1,1,1,1,0,0,0,0,0,1,0,1,0,0,0,0,1,0,1,1,1,0,0,0.607798
0,1,0,0,1,0,0,1,0,1,0,1,1,1,1,0,0,0,1,0,1,0,1,1,0,1,0,0,1,0,1,1,0.601867
1,1,0,1,0,0,1,1,1,1,1,1,1,1,0,1,0,0,0,0,0,1,1,0,0,0,0,0,1,1,1,1,0.589454
0,0,0,0,0,0,0,1,1,0,0,0,1,1,1,1,1,0,0,1,0,0,0,0,1,0,1,1,1,1,1,1,0.579969
0,0,0,1,0,1,0,1,1,1,0,1,0,1,0,0,0,1,1,0,0,1,0,0,1,0,0,1,1,1,0,0,0.599189
0,1,0,1,1,1,1,1,1,0,1,1,0,0,1,1,0,1,0,0,0,0,0,0,0,1,0,1,1,0,1,0,0.606572
1,0,0,1,1,0,1,0,0,0,0,0,1,0,0,1,0,1,0,0,0,0,1,1,0,1,0,1,0,0,0,0,0.598513
1,0,0,1,1,0,0,0,0,0,0,1,1,0,0,0,1,0,1,1,0,1,0,0,1,1,0,0,1,1,0,0,0.605045
0,0,0,0,0,0,0,0,0,0,1,1,1,0,1,0,1,1,1,0,1,1,1,1,0,1,1,1,0,0,0,1,0.601617
1,0,0,1,0,0,1,1,1,1,0,1,0,1,0,1,0,1,1,0,1,0,1,1,1,1,1,0,0,0,1,1,0.593083
0,1,1,0,0,0,0,1,1,0,0,0,1,1,0,0,0,1,0,0,1,0,1,0,0,0,1,1,0,0,0,1,0.597763
0,1,0,0,0,1,1,0,0,1,0,1,0,0,1,0,1,0,0,1,0,0,0,0,0,1,1,1,0,0,0,1,0.592532
1,1,0,0,1,1,0,1,0,0,0,0,1,0,1,0,1,1,1,1,0,0,1,1,1,0,0,0,1,0,0,0,0.597763
1,0,0,1,0,1,0,1,1,1,0,1,1,0,0,1,0,1,0,0,0,0,1,1,1,1,1,1,0,1,0,1,0.596011
0,0,1,0,1,0,0,1,1,1,0,0,0,0,1,1,0,1,0,0,0,0,1,0,0,1,1,1,1,0,1,0,0.590831
1,0,1,0,1,1,0,0,1,1,0,1,0,0,1,0,0,0,0,0,1,0,1,0,1,1,0,0,1,0,0,1,0.596011
1,0,0,0,1,1,1,0,1,0,0,0,0,0,0,0,1,1,0,0,1,0,0,0,0,0,1,0,1,0,1,0,0.595435
0,0,0,1,0,1,1,1,1,1,0,0,1,1,1,1,1,0,1,1,0,1,0,1,1,0,0,0,1,0,0,0,0.597688
1,1,1,1,0,1,0,0,0,0,1,1,0,0,1,1,1,0,0,1,1,1,1,0,1,1,1,0,1,0,1,1,0.594810
0,1,0,0,0,1,0,0,1,0,1,0,0,0,0,1,0,0,1,1,0,1,1,0,0,1,1,0,0,0,1,1,0.600040
1,0,0,0,0,1,0,1,1,0,1,1,1,0,1,0,0,1,0,0,0,0,1,1,1,0,0,0,0,0,1,1,0.596161
0,1,0,1,1,1,1,1,1,1,1,0,1,0,0,1,0,1,0,1,0,0,1,0,0,1,0,0,0,1,1,0,0.602092
1,1,1,1,0,1,1,0,0,1,0,0,1,0,1,0,0,1,0,1,1,0,0,1,1,0,0,1,0,1,1,1,0.600491
1,0,0,1,1,0,1,0,1,0,1,0,1,0,0,1,1,0,1,1,0,1,0,1,0,1,0,0,1,1,0,1,0.600566
1,0,1,1,0,1,0,1,1,0,0,1,1,0,1,1,1,1,0,1,0,0,1,1,0,0,1,1,0,1,0,0,0.602067
0,1,1,1,0,1,0,0,0,1,0,1,0,0,0,0,1,0,0,1,1,1,1,1,0,0,1,1,1,0,0,1,0.601992
0,0,1,0,1,0,0,1,0,1,0,1,1,0,0,1,1,0,0,0,1,0,1,1,0,1,0,1,0,1,0,1,0.596887
1,0,0,0,0,1,0,1,1,0,0,1,1,1,1,1,0,1,1,1,0,1,0,0,0,1,0,0,0,1,0,1,0.596486
1,1,0,0,1,1,0,1,0,1,1,1,0,1,0,1,0,1,0,1,0,0,0,0,1,1,0,0,0,0,0,0,0.603293
1,0,0,1,0,0,1,1,0,1,1,1,0,1,1,0,0,0,0,0,1,1,0,1,0,1,0,1,1,1,1,1,0.580445
1,1,0,1,0,0,0,0,0,1,0,1,0,0,1,1,1,0,1,0,1,1,0,0,0,0,1,0,1,1,1,0,0.602417
0,0,0,1,1,0,0,1,0,1,0,1,0,1,0,0,0,0,0,1,0,1,0,0,0,1,1,0,0,1,0,1,0.561701
0,1,0,0,1,1,0,0,0,0,0,0,0,0,0,1,0,0,1,0,1,1,0,1,1,1,0,0,1,1,1,0,0.549914
0,0,0,1,1,1,1,0,0,1,0,1,0,0,1,0,1,1,0,0,1,0,0,0,0,0,0,0,1,1,0,1,0.595611
0,1,1,0,1,1,0,0,1,1,1,0,1,0,0,1,1,1,0,0,0,1,0,0,1,1,1,0,0,0,1,1,0.602042
0,1,0,1,1,0,0,0,1,1,0,1,1,0,1,0,1,1,1,1,1,0,1,0,1,1,1,0,1,1,1,0,0.606021
0,0,1,0,1,1,1,1,0,0,1,0,1,1,0,1,0,1,0,1,0,0,1,1,1,0,1,0,1,0,0,1,0.592833
1,0,1,0,0,0,1,1,1,1,1,1,0,1,0,0,0,1,0,1,1,0,0,0,0,1,1,0,1,0,1,0,0.602743
1,0,1,1,1,0,0,1,1,0,0,1,0,1,1,0,1,1,0,0,1,0,0,0,1,0,1,0,1,0,1,1,0.597713
0,1,1,0,1,1,1,1,0,0,0,0,1,1,0,0,1,0,0,1,1,1,1,1,0,1,1,1,0,0,0,0,0.598063
0,1,1,0,1,0,1,1,0,1,0,1,1,1,0,0,0,0,1,1,0,1,0,0,1,1,1,0,1,1,1,0,0.603143
0,0,1,0,0,0,0,0,1,0,1,1,1,0,0,1,1,0,0,1,1,1,0,1,1,0,0,1,0,0,1,0,0.603168
0,1,1,0,0,1,1,1,1,0,1,1,1,0,0,1,1,1,1,0,0,1,1,1,0,0,1,0,1,0,0,1,0.592382
1,1,0,0,1,0,0,0,0,0,0,0,0,1,1,0,0,0,0,1,1,0,0,1,0,1,1,0,1,1,0,0,0.592507
0,0,1,0,0,1,1,0,1,1,0,0,0,1,1,0,1,1,0,1,1,1,0,0,0,1,1,1,1,0,0,0,0.604570
1,1,0,1,0,1,0,0,0,1,1,0,1,1,1,0,0,1,1,0,0,1,1,1,0,1,0,1,0,0,0,0,0.602543
0,1,1,0,0,1,0,1,0,1,1,0,1,1,0,0,1,1,1,0,1,1,1,1,1,1,1,1,1,0,1,0,0.599289
0,1,1,1,0,0,0,1,1,1,1,0,1,0,0,0,0,1,1,1,0,1,1,1,1,0,1,0,0,0,1,1,0.602643
1,0,1,1,1,0,1,0,0,0,1,0,1,1,1,1,1,0,0,0,1,0,0,1,0,1,1,1,0,0,0,0,0.597262
1,0,0,1,0,0,1,0,1,1,0,0,0,0,1,0,0,1,0,1,1,0,1,1,0,0,0,1,1,1,0,1,0.603919
0,0,0,1,1,1,1,1,0,0,0,0,1,1,0,0,0,0,0,1,0,0,1,1,0,0,1,1,0,1,0,0,0.571386
1,0,0,0,0,0,0,1,1,0,0,1,0,0,0,1,1,0,0,0,0,0,1,1,1,0,0,0,1,0,0,1,0.600065
1,1,1,0,0,1,1,1,1,1,1,1,1,0,0,0,1,1,0,1,1,0,1,0,1,0,1,0,0,1,1,1,0.595485
1,0,0,1,1,1,0,1,0,0,0,1,0,0,0,0,1,0,0,0,0,1,1,1,1,1,0,0,0,1,1,1,0.572312
1,1,1,0,1,1,0,1,1,1,1,0,0,1,0,0,0,1,1,1,1,0,1,0,1,0,1,1,0,1,0,1,0.601216
1,1,0,1,1,0,0,1,1,0,0,0,0,0,0,0,1,0,1,1,0,0,1,0,0,0,0,1,0,0,0,1,0.602342
1,1,0,1,0,1,1,1,1,0,0,1,1,0,1,1,1,0,1,0,1,0,1,1,0,0,1,0,1,0,0,1,0.582697
0,0,1,0,0,1,0,1,1,0,1,0,1,1,0,0,1,1,0,0,1,1,0,1,1,0,0,0,1,1,0,0,0.591832
1,0,0,0,0,1,0,0,0,0,0,0,0,1,1,0,0,0,1,0,1,1,1,0,0,1,1,0,0,1,0,0,0.582372
1,1,0,0,1,0,1,1,0,0,0,1,1,0,1,0,0,0,0,0,0,1,0,1,0,1,0,0,0,0,1,1,0.585400
1,1,0,0,0,0,0,0,0,0,0,0,0,0,0,1,0,1,0,1,1,1,1,0,1,0,0,1,0,1,1,0,0.595335
1,0,1,1,1,1,1,0,0,1,0,0,0,1,1,1,1,0,1,1,0,1,0,1,1,0,0,0,1,0,0,0,0.598063
1,0,0,0,0,1,1,0,1,0,0,0,1,1,0,1,1,0,0,0,0,0,1,0,1,0,0,0,0,1,1,1,0.600591
1,0,0,0,0,1,1,1,1,1,1,0,1,1,1,0,0,0,0,1,0,1,0,0,1,0,0,1,1,0,0,0,0.600165
1,1,0,0,1,0,0,1,1,1,1,0,0,1,0,0,0,0,0,1,1,1,1,1,0,1,0,0,0,0,1,1,0.594835
1,0,0,0,0,1,1,0,0,0,1,0,1,1,1,0,0,0,0,0,1,1,0,1,0,0,1,0,0,1,0,0,0.569684
1,0,1,0,0,1,1,1,0,0,1,1,1,0,1,1,0,0,1,0,0,0,1,1,0,1,0,0,1,1,1,0,0.555194
1,1,1,0,1,1,0,0,0,1,1,0,0,1,1,0,0,0,0,0,1,1,0,1,0,1,0,1,1,1,1,0,0.601492
1,1,0,0,1,0,1,1,1,0,0,1,0,1,0,0,0,0,0,1,0,1,1,1,1,0,1,0,1,1,0,0,0.599489
1,1,0,0,1,0,1,1,0,0,0,1,1,0,1,0,0,1,1,1,1,1,1,0,1,1,0,0,0,1,1,0,0.605095
0,1,0,1,1,0,0,1,1,1,1,1,1,0,0,0,1,1,0,0,1,0,1,0,0,0,0,0,1,0,0,1,0.603043
0,0,0,1,1,1,0,1,1,0,1,0,0,0,1,0,0,1,0,0,1,1,1,1,1,0,0,1,1,0,1,0,0.588453
1,0,0,1,0,0,0,1,0,0,0,0,0,0,1,0,0,0,0,1,0,1,0,0,1,1,1,1,1,1,0,0,0.601266
0,0,1,1,1,0,0,1,1,1,0,1,0,0,1,0,0,1,0,1,1,0,0,0,0,0,1,1,0,1,0,1,0.602818
0,1,1,1,1,1,0,0,1,0,0,1,1,1,0,0,1,1,0,0,0,1,1,1,1,1,0,1,0,1,0,1,0.597638
0,0,0,1,0,0,0,1,1,0,0,0,0,1,1,1,0,0,1,1,0,0,0,0,1,1,0,0,0,1,1,1,0.581646
0,0,0,0,1,1,0,1,1,0,0,0,1,0,0,1,0,1,1,1,1,1,1,0,0,1,1,1,0,1,1,0,0.585150
0,1,1,1,0,1,1,1,1,0,0,0,0,1,1,1,0,0,0,0,1,0,0,1,1,0,1,0,0,0,1,0,0.596211
0,0,0,0,0,0,0,0,0,0,1,1,0,0,0,1,0,1,0,1,1,1,0,0,1,1,1,1,1,1,0,0,0.569709
0,0,1,0,1,0,0,1,1,0,1,1,0,1,1,0,1,1,0,1,0,1,1,0,0,1,0,1,1,1,0,0,0.603519
1,0,0,0,0,0,0,1,0,1,0,0,1,0,0,0,0,1,0,1,1,1,0,1,1,1,0,0,1,0,1,0,0.595485
1,1,1,0,1,0,1,1,1,0,0,1,1,1,1,0,1,0,1,1,1,1,1,1,0,1,1,0,1,0,0,0,0.595435
1,0,1,0,0,1,1,1,0,0,0,0,1,1,0,0,0,0,0,0,1,0,1,1,0,0,1,0,0,1,0,1,0.569959
0,0,0,1,0,0,1,1,1,1,0,1,0,0,0,1,0,1,0,1,1,1,0,0,1,1,1,0,0,0,1,1,0.601041
1,1,1,1,0,1,1,0,0,1,1,1,1,0,0,1,0,1,1,0,1,1,1,0,1,0,1,0,0,1,1,1,0.597437
1,1,1,0,1,1,0,1,1,1,0,1,0,0,1,1,0,0,1,1,0,0,1,1,1,0,1,1,0,0,0,0,0.600165
1,0,1,0,0,1,1,1,1,1,0,0,1,1,0,1,1,1,0,0,1,0,1,1,0,0,0,1,0,0,0,1,0.586351
0,1,1,0,0,0,1,1,1,1,0,0,1,0,0,0,1,1,0,0,0,1,1,1,0,0,0,0,0,0,0,0,0.603994
1,0,1,0,1,0,0,0,1,0,0,1,0,0,0,0,0,1,1,0,0,1,1,1,1,1,0,0,1,0,1,0,0.601742
0,1,1,1,0,1,1,0,1,1,1,0,0,0,1,1,0,1,1,1,0,1,1,1,1,1,1,1,1,1,0,0,0.600891
0,0,1,0,1,1,1,1,1,1,0,1,0,1,0,0,0,0,0,1,0,0,1,1,0,0,0,0,0,1,1,0,0.594785
1,0,1,0,0,0,1,1,0,0,0,1,0,0,0,0,0,1,1,1,1,1,0,1,1,1,0,0,0,0,0,0,0.599339
0,0,0,1,0,1,1,0,0,0,1,1,0,0,1,0,1,0,0,1,0,0,1,1,0,1,0,0,0,0,0,1,0.595285
0,0,1,1,1,0,1,1,1,0,1,0,1,0,1,1,1,1,0,0,0,0,1,1,0,0,0,1,0,1,1,1,0.586701
0,1,0,1,1,0,1,0,0,1,1,1,0,1,1,1,0,1,0,0,0,1,1,1,1,0,0,1,0,0,1,0,0.605846
0,0,0,0,0,0,0,0,1,1,1,0,1,0,0,0,1,0,1,0,0,0,0,0,0,0,0,0,1,0,1,1,0.590756
1,1,1,1,1,1,0,1,1,1,0,0,0,0,0,0,1,0,1,1,1,0,1,0,0,1,0,0,0,0,0,1,0.599289
1,0,1,0,1,1,0,0,1,1,0,1,1,0,0,0,1,0,0,0,1,0,1,0,1,1,1,1,1,1,1,1,0.597788
1,1,1,0,0,1,0,1,1,0,1,0,0,1,0,1,0,1,1,0,0,0,0,0,1,0,1,0,0,1,0,0,0.602843
0,1,1,1,0,1,0,1,1,0,0,1,1,1,1,0,1,1,0,1,0,0,0,0,1,1,0,0,0,0,1,0,0.601166
1,1,1,0,0,1,0,1,0,1,0,0,0,1,1,1,1,0,0,0,0,1,1,0,0,0,1,0,1,0,0,0,0.598113
1,1,0,0,0,1,0,0,0,0,0,0,0,1,0,1,1,0,1,0,0,1,0,1,0,0,0,1,1,1,1,1,0.584900
0,0,1,1,1,0,1,1,1,0,0,1,0,1,1,1,1,1,1,1,1,1,0,0,1,0,0,1,0,1,0,0,0.599389
1,0,0,1,1,0,0,1,1,0,0,0,0,1,1,1,1,1,1,0,0,1,1,1,1,1,1,1,1,1,0,0,0.597337
1,1,1,1,1,0,1,1,1,0,0,0,0,1,0,0,1,1,0,1,0,0,0,0,1,1,1,0,0,1,0,0,0.591932
0,1,0,1,0,1,0,0,1,0,0,0,0,0,1,0,1,1,1,0,1,0,1,1,0,0,0,0,1,1,0,1,0.595335
0,0,0,1,0,0,0,1,1,1,1,1,0,0,0,0,0,0,0,0,1,1,1,1,0,1,0,0,0,1,1,0,0.589729
1,0,1,0,0,0,0,1,1,0,1,0,1,1,0,0,0,0,0,0,0,1,1,1,1,1,1,0,0,0,0,1,0.599865
0,0,0,0,1,0,1,1,1,1,1,1,1,1,1,1,1,1,0,1,1,0,0,0,1,1,1,0,1,0,1,1,0.586201
1,1,0,1,1,1,0,1,0,0,0,1,0,0,1,1,1,0,0,0,1,0,0,1,0,1,1,1,1,1,0,0,0.590430
0,1,0,1,0,0,1,1,1,1,1,1,0,0,1,1,1,1,0,1,0,1,0,0,1,0,0,1,0,1,0,0,0.601492
1,0,1,0,1,0,1,0,0,1,0,0,0,1,1,1,1,0,0,0,0,1,0,0,0,1,1,1,0,0,1,0,0.598739
0,1,1,1,1,0,1,1,0,1,0,0,0,1,1,0,1,0,0,1,0,0,1,1,0,0,0,0,0,0,1,1,0.601817
1,0,1,0,0,1,1,1,0,0,1,1,1,0,0,1,1,1,0,0,0,1,0,0,1,0,0,1,0,1,0,1,0.586501
1,0,0,1,0,1,0,1,0,1,1,1,1,1,1,1,0,0,1,1,1,1,0,1,1,0,1,0,0,1,1,0,0.598889
0,1,0,1,1,0,0,1,1,0,1,1,0,0,0,0,1,1,0,0,0,1,1,1,1,1,0,1,1,1,1,0,0.597187
1,0,1,1,0,1,1,1,1,1,0,0,0,0,1,1,1,1,1,0,1,1,1,0,1,1,1,0,1,0,1,0,0.598739
1,1,0,0,1,0,0,0,0,1,0,1,0,1,0,1,1,1,0,1,1,1,1,1,0,0,1,1,0,0,1,0,0.598438
1,1,0,0,0,1,1,0,1,1,1,1,1,1,0,0,0,1,0,1,0,1,1,0,1,0,0,1,1,1,0,0,0.602292
0,0,0,1,1,1,0,1,0,1,0,0,1,0,0,1,0,0,1,0,0,1,0,0,1,1,1,1,0,0,1,1,0.597537
1,1,0,1,1,1,1,1,1,1,0,1,0,1,0,1,0,0,1,1,1,0,0,0,0,0,0,0,1,0,0,0,0.605145
1,1,1,0,0,0,0,0,1,1,0,1,1,0,0,0,1,0,1,1,0,0,1,1,0,0,0,0,0,0,1,0,0.599289
1,1,1,0,0,0,0,0,0,1,1,0,1,1,0,0,0,0,0,0,1,1,0,1,1,0,0,0,0,1,0,0,0.600065
0,0,1,0,0,1,1,1,1,1,1,0,1,1,1,1,0,0,1,0,1,1,0,1,0,0,0,1,0,0,0,0,0.567782
0,1,0,1,0,1,1,1,1,1,0,1,0,0,0,0,1,0,1,0,1,1,0,0,0,0,1,1,1,0,1,1,0.604895
0,0,0,0,1,1,1,1,1,1,0,1,0,1,0,0,0,0,0,1,0,1,1,1,1,0,0,0,0,0,0,0,0.592657
1,1,0,0,0,0,1,1,1,0,1,0,0,1,0,1,0,0,1,1,0,1,0,0,0,1,1,0,1,1,1,1,0.562777
1,1,0,0,1,0,0,0,1,0,0,0,0,1,0,0,1,1,1,0,1,0,0,0,1,0,1,1,0,0,1,1,0.602643
0,1,1,0,1,1,1,1,0,0,1,0,1,1,1,1,0,0,0,1,0,1,1,0,0,0,1,1,1,1,1,0,0.575940
1,1,0,0,0,1,1,1,0,1,1,0,1,0,1,1,0,1,1,0,1,1,1,0,1,0,1,0,1,1,0,1,0.585650
1,0,0,0,0,1,0,1,0,0,1,0,1,0,1,1,1,0,1,1,1,1,1,1,0,0,1,0,0,0,0,1,0.595285
0,1,0,0,1,1,1,1,1,1,1,0,0,0,0,1,1,1,1,0,1,0,0,1,1,0,1,0,0,0,0,0,0.602242
0,0,1,1,0,0,1,0,0,0,1,1,0,0,0,1,0,1,1,0,1,0,1,0,0,1,0,1,0,1,0,1,0.598889
0,0,0,0,0,0,0,0,0,0,1,1,1,1,0,0,0,0,1,0,0,1,0,1,1,0,1,1,1,1,1,1,0.590580
1,0,0,0,0,0,1,1,0,1,0,1,1,1,1,1,1,0,0,0,1,0,0,0,1,0,0,1,1,1,1,0,0.591206
1,0,1,1,0,1,0,0,0,0,0,0,0,1,0,1,1,0,0,1,0,0,0,0,1,1,0,1,1,0,0,1,0.597487
1,0,1,1,1,1,1,1,1,1,1,1,1,0,1,1,1,0,1,0,0,0,1,0,1,1,1,1,1,1,0,1,0.596937
0,0,0,0,0,0,1,1,0,1,1,1,1,0,1,1,1,1,1,1,1,0,1,1,1,0,1,0,0,0,0,1,0.595560
1,0,1,1,1,1,1,1,0,0,0,1,0,1,1,1,1,0,0,0,0,0,0,0,1,0,0,0,1,1,0,0,0.589579
0,0,1,1,1,0,0,0,0,1,1,0,1,0,0,0,1,0,0,1,0,0,1,1,1,1,0,1,0,0,0,1,0.598013
0,0,1,1,0,1,0,0,0,1,0,1,0,0,1,0,0,1,1,1,0,0,1,0,0,0,1,1,1,1,0,0,0.605095
0,1,1,1,1,1,0,1,1,0,0,1,1,1,0,0,1,0,1,0,1,1,1,1,1,1,1,1,0,1,1,1,0.573062
0,0,1,1,0,0,0,0,1,1,0,1,0,1,1,1,0,1,1,1,0,0,0,1,0,0,1,1,0,0,0,1,0.604294
0,1,0,0,0,1,0,1,1,1,1,0,0,0,0,0,1,1,1,1,1,0,0,1,0,0,0,0,1,1,0,0,0.600866
0,0,1,1,1,1,0,0,0,1,0,0,0,0,1,0,0,0,0,0,0,0,0,1,1,1,1,1,0,1,0,0,0.601917
0,0,1,0,0,0,0,1,0,1,1,0,1,1,1,1,0,0,1,0,1,1,0,0,0,0,0,1,1,1,1,1,0.576241
1,0,0,0,1,0,1,1,0,1,0,1,1,1,1,0,1,1,1,0,0,0,0,1,0,0,1,1,0,1,1,0,0.600566
0,1,0,0,0,1,1,0,0,1,1,1,0,1,1,1,0,1,1,0,0,1,0,0,1,0,1,0,0,0,1,0,0.602292
1,0,1,1,0,1,1,0,1,0,0,1,0,0,0,1,1,1,1,1,1,0,1,0,0,1,1,0,0,1,1,0,0.603093
0,1,1,0,0,0,1,1,1,1,1,1,0,1,0,1,0,1,1,1,1,1,1,0,0,0,0,1,1,0,0,1,0.601867
0,1,0,0,0,1,0,1,1,0,1,0,0,1,1,1,0,0,0,1,1,0,1,1,1,0,1,1,1,1,1,1,0.545484
1,1,0,0,1,0,1,1,0,1,1,0,1,1,0,1,1,1,0,1,0,0,0,0,0,1,1,0,0,0,1,0,0.604820
1,1,1,0,1,0,0,0,1,1,1,1,0,0,0,0,1,1,1,1,1,1,0,1,1,1,0,1,1,0,1,0,0.605295
0,0,0,1,0,0,0,0,0,1,1,1,1,1,1,1,0,0,0,1,0,1,0,1,0,1,1,0,0,0,1,0,0.570034
0,0,1,0,1,1,0,0,1,0,0,0,1,0,0,1,0,0,1,1,1,1,1,1,1,0,0,0,0,0,1,1,0.596712
0,1,1,0,0,0,0,1,1,1,1,1,0,0,0,0,0,0,1,0,0,1,0,1,0,0,1,1,1,1,0,0,0.602993
1,1,1,0,0,0,0,1,0,1,0,1,0,0,0,1,1,0,1,0,1,0,0,0,1,1,1,1,0,0,1,1,0.597788
0,0,1,0,1,1,1,0,1,0,1,1,1,0,0,0,1,0,1,0,0,1,1,0,1,1,0,1,1,0,1,0,0.601742
1,1,1,1,0,0,0,1,0,0,1,0,0,0,0,1,1,1,0,0,0,1,1,1,0,0,0,1,1,1,1,1,0.549013
0,1,1,0,1,0,1,1,1,1,0,1,1,1,1,1,1,0,0,1,0,0,0,1,0,1,0,0,1,1,0,1,0.595385
0,1,1,0,1,1,0,1,0,1,0,0,1,1,1,1,1,0,0,1,1,0,1,1,1,1,1,0,0,0,0,0,0.593408
0,1,1,0,1,0,0,0,1,1,0,1,1,1,0,1,0,0,1,1,0,1,1,0,0,0,1,0,0,1,1,0,0.603168
1,0,0,0,0,1,1,0,1,0,1,1,0,0,0,1,1,0,0,0,0,0,1,0,0,1,0,1,0,0,1,0,0.598614
1,0,1,0,1,0,1,1,0,0,1,1,1,0,1,0,1,1,1,0,1,1,0,0,0,0,0,1,1,0,1,0,0.599615
1,0,1,1,1,0,1,0,1,0,1,1,0,0,0,0,0,0,0,0,0,1,0,1,0,1,0,1,0,0,0,0,0.604895
0,0,1,1,0,0,0,1,0,0,0,0,1,1,0,0,0,0,0,0,0,0,0,0,1,0,0,0,0,1,1,1,0.570910
0,1,1,0,0,0,0,0,0,0,1,0,0,1,1,0,0,1,1,1,1,0,0,0,0,0,1,1,0,0,1,0,0.600641
1,1,0,0,1,0,1,0,1,0,0,0,1,0,1,1,1,1,1,1,0,0,1,0,1,1,0,0,1,0,0,1,0.605045
1,0,1,1,1,0,0,0,1,0,0,1,1,1,0,1,1,0,1,0,1,0,0,1,0,1,0,0,0,0,0,1,0.600716
0,0,0,1,1,1,1,0,1,0,0,0,1,0,1,0,1,0,0,1,1,1,1,0,0,0,1,0,1,0,0,1,0.559774
0,0,1,0,1,0,1,1,0,1,0,1,0,0,1,0,0,1,1,0,0,0,1,1,1,1,1,0,0,0,0,0,0.596662
0,0,1,0,0,1,1,0,1,1,0,1,1,1,0,0,1,0,0,0,0,0,1,0,1,0,0,1,0,0,1,0,0.601341
0,1,1,0,0,0,1,1,1,1,0,0,1,0,1,0,0,0,1,1,0,0,1,0,0,0,0,1,0,0,1,1,0.603343
0,0,1,1,0,0,0,0,1,0,0,1,1,1,0,0,1,1,1,1,0,0,0,1,0,1,0,1,1,1,1,1,0.598914
1,0,0,0,1,1,1,0,1,1,0,0,0,1,1,1,0,1,0,1,0,0,0,0,1,0,0,1,1,1,1,1,0.597512
1,1,0,0,0,1,0,0,0,1,0,0,1,1,1,1,0,0,1,1,0,1,1,0,1,1,0,1,0,0,0,0,0.602117
0,0,1,0,0,1,0,1,0,0,0,1,1,1,0,0,1,0,1,1,1,1,0,0,0,0,0,1,0,0,0,0,0.595335
1,0,1,1,0,1,1,0,0,0,1,0,0,0,1,1,1,0,1,0,0,1,1,1,0,0,0,1,1,0,1,0,0.596637
0,0,0,1,0,0,1,1,1,1,0,1,0,1,0,1,0,1,0,0,1,1,1,0,1,0,1,0,0,1,1,1,0.583173
0,0,1,1,1,1,1,1,0,1,0,1,0,1,1,0,0,0,1,1,0,1,1,1,0,1,1,1,0,1,1,1,0.587552
0,0,1,1,0,1,1,0,1,0,0,1,1,1,1,1,1,1,1,0,0,1,0,0,1,0,0,0,0,0,1,0,0.601967
0,0,0,0,0,1,0,0,1,0,0,0,0,1,0,1,1,0,0,0,0,0,0,0,0,0,0,0,0,0,1,1,0.569859
0,1,0,0,1,0,1,1,0,0,1,0,0,0,0,0,1,0,1,0,0,1,0,0,0,1,1,0,1,1,1,0,0.601216
0,1,1,0,0,1,0,1,1,0,0,1,0,0,1,0,0,0,0,0,0,0,1,0,0,1,1,0,1,0,0,0,0.595686
1,1,0,1,0,1,1,0,1,0,1,0,1,1,0,0,0,0,1,0,0,1,0,1,1,0,1,1,0,1,1,1,0.596862
0,0,1,0,0,1,1,1,1,1,0,0,0,0,0,1,1,0,0,1,0,1,0,1,0,0,0,1,1,0,0,1,0.600541
0,1,0,0,1,1,1,1,0,1,1,0,1,0,0,0,0,1,0,1,1,1,1,1,1,1,1,0,1,0,0,1,0.599590
1,1,1,0,1,0,0,0,1,0,1,0,0,0,1,0,1,1,1,1,0,1,0,1,0,0,0,1,1,1,1,0,0.601166
0,1,0,1,1,0,0,1,1,1,0,1,0,0,0,1,1,0,1,0,0,0,1,1,0,0,0,0,0,1,0,1,0.598889
0,1,1,0,1,1,1,0,1,1,0,0,0,0,0,1,1,1,0,1,1,1,0,0,0,1,0,1,1,1,1,0,0.597938
1,1,0,0,0,1,1,1,1,0,0,1,0,1,0,1,0,0,0,0,0,0,1,0,0,1,1,1,0,0,0,1,0.599540
1,0,0,0,0,1,0,0,1,0,0,1,1,1,0,0,0,1,1,1,0,0,1,0,1,1,1,0,0,1,1,1,0.599189
0,0,1,1,1,0,1,1,0,0,1,0,1,1,0,0,1,0,0,0,1,0,1,1,1,1,1,0,0,1,1,0,0.598964
0,0,1,0,0,0,1,0,0,1,1,0,0,0,1,1,1,0,1,1,1,0,0,0,0,0,0,0,1,0,0,0,0.596787
0,1,0,1,1,1,0,0,1,1,1,1,1,0,1,1,1,1,0,0,0,0,1,1,1,1,0,0,1,1,1,1,0.572111
0,1,1,0,0,0,0,0,0,1,1,0,0,0,0,0,0,0,1,0,0,0,0,1,1,1,1,0,1,1,1,0,0.589154
1,1,0,0,1,1,1,0,0,1,0,1,0,1,0,1,0,1,1,0,0,0,0,1,1,0,1,0,0,1,1,1,0.595335
0,1,0,0,1,0,1,0,0,1,1,1,1,0,1,0,1,1,0,1,1,1,0,1,1,1,0,1,1,0,0,0,0.611977
0,1,0,0,1,0,0,1,1,1,0,0,1,1,1,0,0,1,1,0,0,1,0,1,1,1,1,1,1,0,0,1,0.600115
1,0,0,0,0,1,1,1,0,0,1,1,1,0,1,0,1,1,1,0,0,0,1,0,0,1,0,0,0,1,1,1,0.598689
0,0,0,0,1,0,0,1,0,1,0,0,0,1,1,1,0,0,0,1,0,0,1,0,0,1,1,1,1,0,0,1,0.550865
0,1,1,0,0,0,1,0,1,1,1,1,0,1,1,0,1,0,0,0,0,0,1,1,0,0,0,1,1,1,1,0,0.603969
0,1,1,0,1,0,0,0,0,1,1,0,1,0,0,0,1,1,1,1,0,0,0,0,0,1,0,1,1,1,1,0,0.605195
0,1,0,1,0,0,0,0,0,1,0,0,0,1,0,0,0,0,0,1,1,0,1,0,1,1,0,1,1,0,0,1,0.597813
0,0,0,1,1,0,1,1,0,0,0,1,1,0,1,1,0,0,1,1,0,1,0,0,1,1,0,0,1,0,0,0,0.597112
1,1,1,0,1,0,1,0,1,0,1,0,1,1,1,0,0,1,0,1,0,0,0,1,1,1,1,0,0,1,0,0,0.599239
0,1,1,0,1,0,1,1,1,1,0,0,0,0,0,1,0,0,1,0,0,1,0,1,1,1,1,1,1,0,0,0,0.603644
1,1,0,1,0,1,1,0,1,1,0,0,1,1,1,0,1,0,1,1,0,0,0,1,0,0,1,0,1,0,0,1,0.597312
0,0,0,0,0,0,0,0,0,1,0,1,1,0,0,0,0,0,1,1,0,1,1,0,1,0,1,0,1,1,1,0,0.581071
1,0,0,0,1,0,0,0,0,1,0,1,1,0,1,1,0,1,1,0,1,0,0,1,1,0,1,1,0,0,0,0,0.598238
0,0,1,0,1,1,1,1,1,1,1,0,1,0,0,0,1,0,0,0,0,1,1,1,0,0,1,0,0,1,0,0,0.582822
0,1,0,0,1,1,0,1,0,0,0,1,0,0,1,0,0,0,0,0,0,1,0,1,0,0,0,1,1,0,0,1,0.580070
0,0,0,0,1,0,0,0,1,1,0,0,1,1,1,0,1,1,0,1,1,0,0,0,0,0,0,0,1,1,0,1,0.595936
0,0,1,1,0,0,0,1,0,0,0,0,1,1,0,1,0,0,0,1,0,0,0,0,0,1,1,1,1,1,1,0,0.589579
0,0,1,1,0,0,0,0,1,0,1,0,1,1,0,1,0,1,0,1,0,0,0,1,1,1,0,0,0,1,0,0,0.590230
1,1,0,0,0,0,1,0,0,0,0,1,1,0,1,0,0,0,1,1,1,0,1,0,1,0,0,1,1,1,1,0,0.603719
1,0,1,0,0,1,1,0,1,0,0,1,0,0,0,1,1,0,0,0,0,0,0,0,0,0,1,1,0,1,1,0,0.596937
0,0,0,1,1,0,1,1,1,1,1,1,0,0,1,1,0,0,0,1,1,1,1,0,1,1,1,0,1,0,0,1,0.594860
0,1,0,0,0,0,1,1,0,1,1,0,1,1,0,0,1,1,0,0,0,1,0,0,0,0,1,0,1,0,0,0,0.598539
0,0,0,0,0,0,0,1,0,0,1,0,1,0,0,1,1,1,0,1,0,1,0,0,1,0,1,0,1,0,1,1,0.576491
1,1,1,1,1,1,1,1,1,1,0,0,0,0,0,0,1,1,0,0,1,0,0,1,0,1,1,0,1,0,0,0,0.590055
0,0,0,0,0,0,0,1,0,0,0,1,1,1,0,1,0,0,1,1,0,1,1,0,0,1,0,0,1,0,1,0,0.545234
1,0,0,1,0,0,0,0,0,1,0,1,1,0,0,0,1,1,1,1,1,0,0,0,1,0,0,1,0,1,0,1,0.605095
0,1,1,0,0,0,0,0,0,1,1,1,0,1,1,0,0,0,0,1,1,1,0,1,0,1,0,1,1,0,0,0,0.600891
0,0,1,0,1,1,0,0,0,1,0,1,1,1,1,1,1,1,0,0,1,0,1,0,0,1,0,1,1,1,0,1,0.595636
1,0,0,0,1,0,1,1,1,1,0,1,0,0,1,1,0,1,1,0,1,0,1,0,0,0,1,0,0,1,0,1,0.594885
0,0,1,0,1,0,1,0,0,1,0,0,1,1,0,1,0,1,1,0,1,0,1,1,1,1,0,1,0,1,0,0,0.593859
0,1,1,1,1,1,0,1,1,1,1,1,0,0,0,1,0,1,0,0,1,0,0,1,1,0,0,1,0,0,1,1,0.592532
1,1,1,0,1,1,1,1,1,0,0,0,0,0,0,1,0,0,1,0,1,0,1,0,0,1,0,1,1,0,0,1,0.599865
0,0,0,0,1,1,0,0,0,0,0,0,0,1,0,0,0,1,1,0,0,1,1,1,1,0,1,0,0,0,1,0,0.556070
1,0,0,1,1,1,0,0,0,0,0,1,1,1,0,0,0,1,0,0,1,1,1,1,0,0,1,1,1,0,0,1,0.577342
0,0,1,1,1,0,0,0,0,0,1,0,0,0,1,1,1,0,0,0,1,0,0,1,1,1,1,1,1,0,1,0,0.597988
0,1,1,0,0,0,0,1,1,1,0,0,1,1,0,0,0,1,1,0,1,1,1,1,1,0,1,0,0,0,0,1,0.600090
1,1,1,1,0,0,0,1,0,1,1,0,0,0,1,1,1,0,0,1,1,1,0,1,1,1,1,1,1,1,1,0,0.574514
0,0,1,0,1,0,0,1,0,0,0,1,1,0,0,0,0,0,1,0,0,0,1,1,1,0,0,0,0,1,0,0,0.588153
0,0,1,0,0,0,1,0,1,1,1,1,0,0,1,1,0,1,0,0,1,0,1,1,1,1,1,0,0,1,0,0,0.602568
0,0,1,1,1,0,1,0,1,1,0,0,0,0,1,0,1,1,0,1,0,1,0,1,1,0,0,0,0,1,0,0,0.600190
0,0,1,0,1,0,0,1,1,1,1,1,0,1,0,1,1,0,0,1,1,0,0,1,0,0,0,1,0,0,0,0,0.600841
0,1,1,1,0,1,1,1,0,1,1,1,1,1,1,1,1,0,1,0,1,0,0,1,1,1,0,1,0,0,1,1,0.590605
0,1,1,0,0,0,1,1,1,0,1,1,1,0,1,1,0,0,1,1,1,0,0,1,0,0,1,1,0,0,1,0,0.604995
0,1,1,1,1,1,0,1,1,0,0,1,1,0,0,0,0,0,0,1,1,0,1,1,1,1,0,0,1,1,0,0,0.597512
1,0,0,1,1,0,1,1,1,1,1,0,0,1,0,1,1,0,1,1,0,0,0,1,1,1,0,0,1,1,1,1,0.551916
1,1,0,1,1,0,0,0,0,0,0,1,0,0,0,1,0,1,0,1,0,0,0,1,1,1,0,1,1,0,1,1,0.592107
1,0,1,1,0,1,0,1,0,0,0,0,1,1,1,0,1,1,1,1,1,1,1,0,1,1,0,1,0,1,0,1,0.565204
1,1,1,1,0,1,0,1,1,0,0,0,0,0,1,0,0,1,1,0,1,1,0,1,0,1,1,0,1,0,1,0,0.601066
1,0,0,1,1,1,0,1,1,1,1,1,0,0,0,1,0,1,1,0,0,1,0,0,1,1,1,1,1,1,1,0,0.595836
0,1,1,0,0,1,1,1,1,0,0,1,1,0,1,1,1,1,1,1,1,1,1,0,0,1,0,0,0,0,0,1,0.600165
1,1,1,1,1,1,0,0,1,1,1,0,1,0,1,0,1,1,0,0,1,1,0,0,1,1,0,1,0,1,1,1,0.596987
0,1,0,0,1,0,1,0,1,1,0,0,1,1,1,0,1,1,0,0,0,1,0,0,1,0,0,0,1,1,0,1,0.599414
0,1,1,1,0,1,1,1,1,0,0,1,1,0,1,1,1,0,0,0,0,1,0,0,1,0,0,0,1,0,1,1,0.564579
1,0,0,0,1,0,0,0,0,0,1,1,0,0,0,0,0,1,1,0,1,0,0,1,0,1,1,0,1,0,0,0,0.598038
0,0,1,0,0,0,0,1,1,0,0,1,1,1,1,1,0,0,1,1,1,0,0,0,0,1,0,1,1,1,1,1,0.590956
0,0,0,0,0,0,1,0,0,1,1,1,1,0,0,1,1,0,1,1,0,0,1,1,0,0,1,0,0,0,0,1,0.598513
1,1,0,1,0,0,1,0,0,1,0,1,1,0,0,0,0,0,1,0,0,0,1,1,0,0,1,1,0,0,1,1,0.603293
1,1,1,1,0,0,0,0,0,1,0,0,0,1,1,1,1,0,0,0,0,1,0,1,1,1,1,1,1,1,1,0,0.605220
0,1,1,1,1,1,0,1,1,0,1,0,1,1,1,1,0,0,0,0,0,0,0,0,1,1,1,1,1,0,1,1,0.599590
1,1,1,1,0,0,1,0,0,0,0,0,0,1,1,0,0,0,0,1,0,1,0,1,1,1,0,0,1,0,1,1,0.601867
1,0,1,0,0,0,1,0,0,1,1,1,1,0,0,0,1,1,1,0,0,1,0,1,0,1,1,0,0,0,1,0,0.604369
1,0,1,1,1,0,1,0,1,0,0,0,1,0,1,0,0,1,1,0,1,0,0,0,1,0,0,0,1,1,1,0,0.594910
0,0,0,1,0,0,1,0,1,1,1,1,1,0,0,1,1,0,0,1,0,1,1,1,0,0,1,1,1,0,1,0,0.602668
0,0,0,1,0,1,1,1,0,0,0,1,1,1,0,0,0,0,1,0,0,1,1,0,0,0,0,1,0,0,1,0,0.581446
1,0,1,1,1,0,1,0,1,1,0,0,0,0,1,0,0,1,1,0,1,0,1,0,0,0,1,1,1,1,0,0,0.603744
1,1,0,0,1,1,1,1,1,1,0,1,0,0,0,0,1,1,1,1,1,0,1,0,0,0,1,0,1,1,0,0,0.603043
1,1,1,1,0,1,0,0,0,0,1,0,0,1,1,1,1,0,0,1,0,1,1,1,1,1,1,0,0,0,1,0,0.594559
1,1,1,0,1,0,0,0,0,0,1,1,1,1,0,0,1,1,1,1,1,0,0,1,0,0,0,0,0,0,1,1,0.583448
1,1,0,0,1,0,1,1,1,1,0,1,1,1,1,0,1,1,1,0,1,1,0,1,1,1,0,1,0,1,1,1,0.568858
1,0,0,1,1,0,0,0,0,0,0,0,1,1,0,1,1,0,1,1,0,0,0,1,1,0,1,0,1,1,0,0,0.606972
0,1,1,1,0,0,1,0,1,1,0,1,1,1,1,0,0,1,1,0,0,0,0,1,0,1,0,1,1,0,0,0,0.609800
