0,1,0,0,0,0,1,0,0,1,1,1,0,0,1,1,1,1,1,0,0,1,1,1,1,1,1,1,1,0,0,0,0.598465
0,1,0,0,0,1,0,0,1,0,0,0,0,0,0,1,1,0,0,1,0,1,1,1,0,1,1,1,1,0,1,0,0.591992
0,1,0,0,0,1,1,1,0,0,0,1,0,0,0,1,0,1,0,1,0,1,1,0,1,0,0,0,1,1,0,1,0.581708
0,1,0,1,1,0,0,0,1,1,0,0,1,1,1,1,0,0,1,1,1,0,0,1,0,1,1,1,1,0,0,0,0.604540
0,0,1,1,1,0,0,0,1,0,0,0,1,1,0,0,1,0,1,1,0,1,0,0,0,0,1,1,1,1,0,1,0.624201
1,0,1,0,1,1,0,1,0,0,0,1,1,1,0,0,0,0,1,0,0,0,0,1,1,1,0,1,1,1,0,1,0.599132
0,1,1,1,1,0,1,1,1,0,0,1,0,0,0,1,1,0,1,1,1,0,0,1,1,1,1,1,0,0,0,1,0.594150
1,0,0,1,1,1,1,0,1,0,1,1,1,1,0,1,1,0,0,0,1,1,0,0,1,1,0,0,1,0,1,0,0.592285
1,1,0,0,0,0,0,0,1,1,0,0,1,1,1,1,0,1,1,0,0,1,1,1,1,1,0,1,1,1,1,0,0.588688
1,0,1,0,0,0,1,0,1,0,0,0,1,1,1,1,1,0,1,1,1,0,1,1,1,1,0,0,0,0,0,0,0.591192
0,1,0,1,1,0,1,0,0,0,1,1,1,1,1,1,1,1,0,1,1,1,1,1,1,1,1,1,0,1,1,1,0.544411
1,1,0,1,0,0,1,0,0,0,0,0,0,0,0,0,0,1,0,1,0,1,0,0,0,0,1,0,1,0,0,1,0.596760
0,0,0,1,1,0,1,0,0,1,0,1,0,0,1,1,1,0,0,1,1,1,1,1,1,0,1,0,1,1,0,1,0.582321
1,1,1,1,1,1,1,0,0,0,1,0,0,0,0,0,1,1,1,0,0,1,1,1,1,1,0,0,1,0,1,1,0.583520
1,0,0,1,1,1,1,1,1,0,0,1,0,0,0,1,0,0,0,0,0,1,0,0,1,0,1,0,0,1,0,1,0.564098
1,1,1,1,1,0,0,0,1,0,0,1,0,0,0,0,0,0,0,0,1,1,0,1,0,0,1,0,1,0,1,0,0.598439
0,0,1,1,1,1,0,1,0,1,1,0,1,0,1,0,0,0,1,0,0,0,0,1,1,1,1,1,1,0,0,0,0.601156
0,1,1,0,1,0,0,1,0,0,0,0,0,0,1,0,0,0,0,1,0,0,0,0,1,0,1,0,1,0,1,0,0.588475
0,0,1,0,1,1,0,0,0,1,0,0,1,1,1,0,1,0,0,1,0,0,0,1,1,1,1,0,0,1,1,0,0.593537
1,0,0,0,0,1,1,0,1,0,0,1,1,0,1,1,0,1,0,0,0,0,1,0,1,0,1,1,1,1,0,0,0.592152
0,0,0,0,0,1,1,0,1,1,1,1,0,1,1,0,1,1,1,1,1,0,0,0,1,0,0,0,0,0,1,0,0.597160
1,1,0,0,1,0,1,1,1,1,1,0,0,0,1,0,1,0,0,1,0,0,0,0,0,0,1,1,0,0,0,1,0.596281
0,1,1,0,0,0,1,0,0,0,0,1,0,1,0,1,1,0,1,1,1,1,0,0,1,1,1,0,0,1,0,0,0.596894
0,1,1,0,1,0,0,1,0,1,0,0,1,1,0,0,1,0,1,0,1,0,1,0,0,1,1,1,0,1,1,1,0.594070
0,0,0,1,0,0,1,0,0,1,1,1,0,1,0,1,1,0,0,1,0,0,0,0,0,1,0,0,0,1,0,0,0.576247
1,0,1,0,0,0,1,0,0,1,0,1,1,1,0,0,0,1,1,0,1,0,0,1,1,0,0,0,1,1,0,0,0.593750
0,0,1,0,1,0,1,1,0,0,1,0,1,1,0,1,1,1,1,1,0,0,0,0,1,1,0,0,1,1,1,1,0.566256
1,1,0,1,0,0,1,0,0,1,0,0,0,0,0,0,1,0,0,0,0,0,1,1,0,0,1,1,0,1,0,1,0.593297
1,0,0,0,1,0,1,1,0,0,0,0,0,1,1,0,0,0,0,0,1,0,0,1,0,1,1,1,1,1,0,0,0.558184
1,0,1,1,1,0,1,1,1,0,0,1,0,1,0,0,1,0,1,1,1,0,0,1,1,0,1,0,1,0,1,0,0.594523
1,0,0,1,1,0,1,0,1,0,1,0,0,0,0,0,1,1,0,0,0,1,1,0,1,1,1,1,0,0,1,0,0.597666
0,1,1,1,0,0,1,1,0,1,0,0,1,1,0,0,1,1,0,1,1,1,0,0,1,0,0,0,1,0,0,1,0.595269
1,1,0,0,1,0,0,0,0,1,0,1,1,0,1,0,1,0,0,1,1,1,1,0,0,0,0,0,1,1,1,1,0.601769
1,0,1,0,0,0,0,1,0,1,0,1,0,0,0,1,1,0,1,0,0,1,0,0,0,1,0,1,1,1,1,1,0.587383
1,1,0,1,1,0,1,0,1,0,0,1,1,1,1,1,1,1,0,1,1,0,1,1,1,1,0,1,1,0,0,0,0.601183
1,1,1,0,1,0,1,1,1,1,1,0,0,1,0,0,0,0,0,0,1,0,1,0,0,1,1,1,1,0,1,1,0.594123
0,1,0,0,1,1,1,0,1,1,1,1,0,0,1,1,1,1,1,1,0,0,0,0,1,1,0,1,0,0,0,0,0.599158
1,1,1,0,0,0,0,0,1,1,1,0,0,1,1,1,0,1,0,1,1,1,1,0,0,0,0,1,0,1,0,1,0.593004
1,1,1,0,0,1,1,0,0,1,0,1,0,1,1,0,1,0,1,1,1,1,1,0,0,1,0,1,0,0,0,0,0.600490
0,1,0,0,0,1,0,1,0,1,1,1,1,1,0,1,0,1,1,1,1,0,1,1,1,1,1,1,0,1,1,0,0.592498
1,0,0,1,0,1,1,0,0,1,0,0,1,1,0,0,0,1,1,1,0,1,0,1,1,0,0,0,1,0,1,1,0.588075
1,1,1,0,0,0,1,1,0,1,1,0,0,0,0,0,0,0,1,0,0,1,1,0,0,1,0,0,0,1,0,1,0.595908
1,1,0,1,0,1,0,1,0,1,1,0,1,1,0,1,1,1,1,0,1,0,0,1,0,0,1,1,1,0,0,0,0.592977
1,0,0,1,0,1,0,0,1,1,0,0,0,1,1,1,0,0,1,1,0,1,1,1,1,0,1,1,0,0,1,0,0.588209
0,0,1,1,1,0,1,1,1,1,0,1,1,1,1,0,0,1,1,0,0,1,0,0,1,0,1,0,0,0,0,1,0.595562
1,0,1,1,1,1,0,0,1,0,0,0,1,1,1,0,1,1,1,0,0,0,0,1,1,0,1,1,0,1,1,0,0.595295
1,1,1,1,0,1,0,0,0,0,0,0,1,0,0,0,0,1,1,1,0,1,1,0,0,0,0,0,0,0,1,0,0.595881
1,0,0,1,0,0,1,1,1,0,1,1,1,0,0,1,0,0,1,1,0,0,0,1,0,0,0,1,0,0,1,0,0.598226
0,1,1,1,1,0,0,0,1,0,0,1,0,0,0,1,0,0,1,0,0,0,1,0,0,1,0,1,1,0,1,0,0.604167
1,0,0,1,1,1,0,0,1,1,1,1,0,0,0,1,0,0,0,1,1,1,1,1,1,0,0,1,1,1,1,0,0.592098
1,0,0,1,1,1,1,0,1,1,0,0,0,0,0,1,1,0,1,0,1,1,1,0,0,0,1,0,1,1,0,1,0.591033
0,0,1,0,0,1,1,0,1,0,1,1,1,1,1,1,1,1,0,1,1,1,1,1,1,0,0,0,1,0,1,0,0.590953
1,1,1,1,0,0,0,1,0,1,0,1,1,0,0,1,0,1,1,1,0,1,1,1,0,0,1,1,0,0,0,1,0.594816
1,1,0,0,1,1,1,1,0,0,1,0,1,1,0,1,1,1,1,0,0,0,1,0,1,0,1,0,0,0,1,0,0.572943
1,1,1,1,0,0,0,0,1,0,0,1,0,0,1,0,0,0,1,1,0,0,1,1,1,1,0,0,0,0,1,0,0.595748
1,1,1,1,0,1,0,1,1,1,0,0,0,0,0,1,1,1,1,1,1,1,0,1,1,1,0,0,1,1,0,1,0.559676
0,1,1,0,0,1,1,0,0,1,1,1,0,0,1,1,0,1,0,0,0,0,0,1,1,0,1,0,1,0,0,0,0.593564
1,0,0,1,1,0,1,0,0,1,1,0,1,0,0,0,0,1,0,1,1,1,1,1,1,1,1,1,0,1,0,0,0.602968
1,1,0,0,1,0,0,1,0,0,1,0,0,0,0,1,1,1,0,0,1,1,0,0,0,1,1,1,1,1,0,0,0.595961
1,0,0,0,1,0,1,1,1,0,1,1,1,1,1,1,1,0,1,1,0,1,1,1,1,1,1,1,0,0,1,0,0.593324
1,0,1,1,0,1,0,0,0,0,1,0,1,0,1,1,1,0,0,0,1,0,0,0,0,0,0,1,1,0,0,1,0.593057
1,0,1,1,0,1,0,1,0,0,0,0,1,1,0,1,1,0,1,0,1,0,0,1,1,1,1,0,1,1,0,0,0.593111
1,1,1,1,1,0,1,0,0,1,0,1,1,0,1,1,1,0,1,0,0,0,0,0,1,1,0,1,0,1,1,0,0.599957
0,1,0,0,0,1,1,0,0,0,1,1,1,0,0,0,0,0,0,1,0,0,1,0,1,1,0,1,0,0,0,0,0.595002
1,0,0,0,0,0,0,1,1,1,0,0,1,1,0,1,0,0,1,0,0,0,1,1,0,0,0,1,0,0,1,0,0.585784
1,0,0,1,0,0,0,1,1,1,0,1,1,1,1,0,1,1,0,1,0,0,0,0,1,0,1,0,1,1,0,0,0.596014
0,0,0,1,0,1,0,0,1,0,1,0,0,1,0,1,1,0,1,1,0,1,0,1,1,0,0,0,1,0,1,1,0.583387
1,1,1,1,0,0,0,1,0,1,0,1,0,0,0,1,0,0,1,1,1,1,1,1,1,1,0,1,1,0,1,0,0.593537
1,1,0,0,0,0,0,1,0,0,0,0,0,1,1,1,1,1,1,1,1,0,0,0,1,0,0,0,0,1,0,1,0.591246
0,0,0,1,1,0,1,0,0,1,1,1,0,1,1,1,1,0,1,0,0,1,0,0,1,1,0,1,0,1,0,1,0.588981
1,0,0,0,0,0,0,1,0,1,1,0,0,1,1,1,1,1,1,0,0,1,0,0,0,1,1,0,1,1,0,1,0.592844
1,0,1,1,1,0,0,1,0,1,1,1,0,1,1,0,1,0,1,1,0,1,0,0,1,0,0,1,0,1,1,1,0.596840
1,1,0,0,0,0,1,0,0,0,0,1,0,0,0,0,1,0,0,0,1,1,0,1,0,1,1,1,1,0,0,1,0.591086
1,1,0,1,0,1,0,1,0,0,0,1,1,0,1,0,0,1,1,0,1,0,1,1,0,1,1,0,0,0,1,1,0.593697
1,0,0,1,0,1,0,0,0,1,1,0,0,0,0,0,1,0,0,0,0,1,0,0,0,1,0,1,1,0,0,1,0.591805
0,1,1,1,0,1,0,0,1,0,1,1,1,0,0,0,0,1,1,1,1,0,0,1,1,0,0,1,0,1,1,0,0.600570
0,1,1,1,0,0,0,0,0,0,1,0,1,1,1,0,1,1,0,0,0,0,0,1,1,0,1,0,0,0,1,1,0.598652
1,0,1,1,1,0,0,0,1,1,1,0,1,1,1,1,0,0,0,1,0,0,0,1,0,1,0,0,1,1,0,1,0.592977
0,0,0,0,0,1,1,1,0,0,1,0,1,0,0,1,0,0,0,1,1,1,0,1,1,1,1,0,0,0,0,0,0.560076
0,1,0,0,0,0,0,1,0,1,1,0,0,0,1,1,1,0,1,0,1,1,1,0,0,1,0,0,1,1,0,1,0.589860
1,1,1,0,0,1,1,0,1,1,1,0,0,0,0,1,1,1,1,1,1,1,1,1,0,1,1,0,1,0,0,0,0.593297
0,1,0,1,0,1,1,0,0,1,0,1,1,0,0,0,1,1,0,1,0,1,1,1,1,1,1,0,0,0,0,1,0.594842
1,0,0,0,1,0,1,1,1,0,1,0,0,0,1,1,0,1,1,0,1,0,1,1,0,1,0,0,1,1,1,0,0.570039
1,1,1,0,1,1,1,1,0,0,0,0,0,0,0,0,0,0,0,0,1,1,1,1,1,0,1,1,0,0,0,0,0.586717
0,0,0,1,0,0,1,0,0,1,0,1,1,0,1,0,0,1,0,1,0,0,0,1,0,0,1,1,0,1,0,1,0.586983
0,1,0,0,0,0,1,1,0,0,0,0,1,1,0,0,0,0,0,1,0,1,1,0,1,1,0,0,1,1,1,1,0.584559
1,1,1,0,0,1,1,0,1,0,1,1,1,1,0,0,1,1,1,0,0,0,1,0,1,0,0,1,1,1,1,0,0.595189
0,1,1,1,0,1,1,1,1,1,1,0,0,1,0,0,0,0,0,1,0,1,0,0,1,1,0,1,0,0,1,0,0.597959
0,0,0,1,0,1,0,1,1,1,1,0,1,0,1,1,0,0,0,1,0,0,1,1,1,1,1,0,1,1,1,0,0.589994
1,0,1,0,0,1,1,0,1,1,1,1,0,1,0,0,0,1,1,0,0,0,1,0,1,0,0,1,0,1,0,0,0.594896
0,1,0,1,1,0,1,0,0,1,0,1,0,0,0,1,1,1,1,0,1,0,0,0,0,0,0,1,0,1,0,0,0.603128
0,1,0,1,0,1,1,0,1,1,1,0,1,0,0,0,1,1,1,0,1,1,0,1,1,0,0,1,1,0,1,0,0.593643
1,1,0,0,0,1,0,1,0,0,1,0,0,1,1,0,1,0,1,1,1,0,0,0,1,0,1,1,1,0,0,0,0.597959
1,0,0,0,0,0,1,1,1,0,0,0,0,0,1,0,1,1,0,1,0,0,1,0,0,0,1,1,1,0,0,1,0.598625
0,0,1,0,0,1,0,1,1,1,1,1,0,1,0,0,1,1,1,1,1,0,1,0,1,1,0,0,1,1,0,0,0.596947
0,1,0,0,0,1,0,0,0,1,0,1,1,1,0,1,1,1,0,0,1,0,0,1,1,1,0,0,1,0,0,1,0.597240
1,1,1,1,1,1,0,1,1,1,1,0,0,0,1,1,0,0,0,1,0,0,0,1,1,0,0,1,0,0,1,0,0.595322
1,1,1,0,0,0,0,0,0,0,1,1,1,1,0,0,1,0,1,1,1,1,0,1,0,0,0,0,1,0,1,1,0.596281
0,1,0,1,1,0,1,0,1,0,0,1,0,0,0,0,1,1,0,1,1,0,1,0,0,1,1,1,0,1,0,0,0.609282
0,0,0,0,1,0,0,0,1,1,1,1,1,0,0,0,1,0,1,0,1,0,0,0,1,0,1,1,0,1,0,1,0.593697
1,0,1,1,0,1,1,0,0,0,1,1,0,0,0,0,0,1,1,1,1,0,1,0,1,0,1,1,0,0,0,1,0.597240
1,1,0,1,0,0,0,0,0,0,1,1,0,0,1,1,0,1,0,1,0,0,0,0,1,1,1,1,0,1,0,0,0.593377
1,0,0,1,1,0,1,0,1,0,0,1,1,0,0,0,0,0,0,1,0,0,1,0,0,0,1,1,1,0,0,0,0.613944
1,1,0,0,0,1,0,1,0,0,0,0,0,1,0,0,0,0,1,0,0,1,0,1,0,0,0,1,0,1,1,1,0.586504
0,1,0,0,0,0,1,0,0,0,1,0,0,1,1,1,0,0,0,0,1,0,0,1,0,1,0,1,0,1,0,0,0.577392
0,1,1,0,0,0,1,1,1,0,0,1,1,0,0,0,1,0,1,0,1,1,0,1,1,0,0,0,1,0,1,1,0.596148
1,1,1,1,1,0,1,1,0,1,0,1,0,1,1,1,0,1,0,0,1,0,0,0,1,1,1,0,1,0,0,0,0.599291
1,1,0,0,1,0,1,1,1,0,0,0,1,0,0,1,0,0,1,0,1,0,0,0,1,1,1,0,1,0,0,1,0.596201
0,0,1,0,0,1,1,1,1,0,1,1,0,0,1,0,1,0,1,1,0,0,0,1,0,1,1,1,0,1,0,1,0.596387
1,1,0,1,1,0,1,1,0,0,0,1,0,1,1,0,1,1,1,1,1,1,0,0,1,1,1,0,0,1,1,1,0.591965
1,0,0,1,1,0,0,0,1,1,1,1,0,1,1,0,0,1,1,1,1,1,0,0,1,1,1,1,1,1,1,0,0.601742
1,0,0,0,1,1,0,0,1,1,1,0,1,1,1,1,0,0,1,0,0,1,0,1,1,1,0,0,1,1,0,1,0.581282
0,0,1,1,1,0,1,0,0,1,1,1,1,1,0,1,1,1,1,0,1,0,1,0,1,0,0,1,1,1,0,0,0.597959
0,1,1,0,0,0,1,1,1,1,1,1,1,0,0,0,1,0,0,1,1,0,0,1,0,1,1,1,1,0,1,0,0.599425
0,1,1,1,0,0,0,1,0,1,0,1,1,1,0,1,0,1,1,0,0,1,1,0,1,1,1,0,0,1,1,1,0.583946
0,1,1,0,1,0,1,1,0,1,0,0,1,0,1,0,1,1,1,1,0,1,0,0,1,1,1,0,1,0,1,1,0.594070
0,1,0,1,1,0,1,1,0,0,0,0,1,0,1,1,0,0,1,0,1,1,1,1,1,0,0,0,0,1,0,1,0.571345
0,1,1,1,1,0,1,1,0,0,0,1,0,0,0,0,0,0,1,1,0,1,1,0,0,0,1,0,1,1,0,0,0.607071
0,0,1,0,1,0,0,1,0,1,1,1,1,1,1,0,1,1,1,0,0,0,0,1,1,1,1,1,1,0,0,1,0.588768
1,1,1,1,1,0,0,0,0,0,1,0,0,1,1,1,0,1,1,0,1,1,1,1,1,0,1,0,1,0,1,1,0.584612
1,1,0,0,1,1,0,1,1,1,0,0,1,0,0,0,0,0,1,0,1,1,1,0,1,0,1,0,1,1,1,0,0.587942
0,0,1,0,1,1,0,1,1,1,1,1,0,0,1,0,1,0,1,1,0,1,0,0,0,0,0,0,0,0,0,0,0.592604
0,1,0,1,1,0,0,0,1,1,1,1,0,0,0,1,1,1,1,1,1,0,0,0,1,1,1,0,1,1,0,1,0.594523
0,0,0,0,1,1,0,0,0,1,0,1,1,0,0,0,0,1,1,0,1,0,0,1,1,0,1,1,0,0,0,0,0.580669
1,0,0,0,0,1,0,1,0,1,1,0,1,0,1,0,1,1,0,0,0,0,1,1,1,0,1,1,1,0,1,0,0.587543
1,1,0,0,1,1,1,1,0,1,1,0,0,0,0,0,1,1,1,0,0,1,0,1,0,0,1,1,0,1,0,0,0.599371
0,1,1,0,0,1,1,0,1,1,0,1,0,1,0,0,1,0,1,0,0,0,0,1,0,1,1,0,0,1,1,1,0.596814
1,0,0,0,0,1,0,0,1,1,1,1,0,0,1,0,1,1,0,0,1,1,0,1,0,0,1,0,1,0,1,1,0.592658
