1,0,0,1,0,1,0,0,1,1,0,0,0,1,1,1,0,0,1,1,0,1,1,1,1,0,1,1,0,0,1,0,0.589461
1,0,1,1,1,0,0,0,1,1,1,0,1,1,1,1,0,0,0,1,0,0,0,1,0,1,0,0,1,1,0,1,0.595455
0,0,1,0,0,1,1,1,1,0,1,1,0,0,1,0,1,0,1,1,0,0,0,1,0,1,1,1,0,1,0,1,0.596894
0,1,1,1,1,0,0,0,1,0,0,1,0,0,0,1,0,0,1,0,0,0,1,0,0,1,0,1,1,0,1,0,0.603314
0,0,1,0,0,1,1,0,1,0,1,1,1,1,1,1,1,1,0,1,1,1,1,1,1,0,0,0,1,0,1,0,0.590367
1,1,1,1,0,1,0,1,1,1,0,0,0,0,0,1,1,1,1,1,1,1,0,1,1,1,0,0,1,1,0,1,0.558797
1,1,0,1,0,0,1,0,0,0,0,0,0,0,0,0,0,1,0,1,0,1,0,0,0,0,1,0,1,0,0,1,0.597426
0,0,1,1,1,0,1,1,1,1,0,1,1,1,1,0,0,1,1,0,0,1,0,0,1,0,1,0,0,0,0,1,0.595748
0,0,0,1,0,0,1,0,0,1,1,1,0,1,0,1,1,0,0,1,0,0,0,0,0,1,0,0,0,1,0,0,0.575261
1,0,0,0,0,0,1,1,1,0,0,0,0,0,1,0,1,1,0,1,0,0,1,0,0,0,1,1,1,0,0,1,0.597506
1,1,1,1,1,0,1,0,0,1,0,1,1,0,1,1,1,0,1,0,0,0,0,0,1,1,0,1,0,1,1,0,0.599451
1,0,0,0,0,0,0,1,0,1,1,0,0,1,1,1,1,1,1,0,0,1,0,0,0,1,1,0,1,1,0,1,0.594896
1,1,1,1,1,0,0,0,1,0,0,1,0,0,0,0,0,0,0,0,1,1,0,1,0,0,1,0,1,0,1,0,0.597693
0,0,1,1,1,1,0,1,0,1,1,0,1,0,1,0,0,0,1,0,0,0,0,1,1,1,1,1,1,0,0,0,0.600703
1,1,0,1,0,0,1,0,0,1,0,0,0,0,0,0,1,0,0,0,0,0,1,1,0,0,1,1,0,1,0,1,0.594043
1,0,0,1,1,1,1,1,1,0,0,1,0,0,0,1,0,0,0,0,0,1,0,0,1,0,1,0,0,1,0,1,0.564951
0,0,0,1,0,0,1,0,0,1,0,1,1,0,1,0,0,1,0,1,0,0,0,1,0,0,1,1,0,1,0,1,0.583573
0,1,0,1,0,1,1,0,0,1,0,1,1,0,0,0,1,1,0,1,0,1,1,1,1,1,1,0,0,0,0,1,0.594443
1,0,0,0,1,0,1,1,0,0,0,0,0,1,1,0,0,0,0,0,1,0,0,1,0,1,1,1,1,1,0,0,0.557864
0,0,1,0,1,1,0,1,1,1,1,1,0,0,1,0,1,0,1,1,0,1,0,0,0,0,0,0,0,0,0,0,0.594096
1,1,0,0,1,0,0,1,0,0,1,0,0,0,0,1,1,1,0,0,1,1,0,0,0,1,1,1,1,1,0,0,0.595615
1,0,0,1,1,0,0,0,1,1,1,1,0,1,1,0,0,1,1,1,1,1,0,0,1,1,1,1,1,1,1,0,0.599584
0,1,1,1,0,0,0,1,0,1,0,1,1,1,0,1,0,1,1,0,0,1,1,0,1,1,1,0,0,1,1,1,0.586077
0,1,1,1,1,0,1,1,1,0,0,1,0,0,0,1,1,0,1,1,1,0,0,1,1,1,1,1,0,0,0,1,0.594283
1,0,0,1,1,0,1,0,0,1,1,0,1,0,0,0,0,1,0,1,1,1,1,1,1,1,1,1,0,1,0,0,0.602169
1,0,0,0,0,1,1,0,1,0,0,1,1,0,1,1,0,1,0,0,0,0,1,0,1,0,1,1,1,1,0,0,0.591432
0,1,0,1,1,0,1,1,0,0,0,0,1,0,1,1,0,0,1,0,1,1,1,1,1,0,0,0,0,1,0,1,0.572837
1,1,1,1,0,0,0,1,0,1,0,1,0,0,0,1,0,0,1,1,1,1,1,1,1,1,0,1,1,0,1,0,0.591192
1,1,1,1,1,1,1,0,0,0,1,0,0,0,0,0,1,1,1,0,0,1,1,1,1,1,0,0,1,0,1,1,0.583493
1,1,0,0,0,1,0,1,0,0,1,0,0,1,1,0,1,0,1,1,1,0,0,0,1,0,1,1,1,0,0,0,0.597480
1,1,0,1,1,0,1,0,1,0,0,1,1,1,1,1,1,1,0,1,1,0,1,1,1,1,0,1,1,0,0,0,0.599904
1,1,1,0,0,0,0,0,0,0,1,1,1,1,0,0,1,0,1,1,1,1,0,1,0,0,0,0,1,0,1,1,0.596441
1,1,0,0,1,1,1,1,0,0,1,0,1,1,0,1,1,1,1,0,0,0,1,0,1,0,1,0,0,0,1,0,0.572277
0,0,1,1,1,0,0,0,1,0,0,0,1,1,0,0,1,0,1,1,0,1,0,0,0,0,1,1,1,1,0,1,0.621936
0,1,0,0,0,0,0,1,0,1,1,0,0,0,1,1,1,0,1,0,1,1,1,0,0,1,0,0,1,1,0,1,0.591539
0,1,1,1,0,1,1,1,1,1,1,0,0,1,0,0,0,0,0,1,0,1,0,0,1,1,0,1,0,0,1,0,0.596920
0,0,0,0,0,1,1,1,0,0,1,0,1,0,0,1,0,0,0,1,1,1,0,1,1,1,1,0,0,0,0,0,0.561061
1,0,0,1,0,1,1,0,0,1,0,0,1,1,0,0,0,1,1,1,0,1,0,1,1,0,0,0,1,0,1,1,0.587676
0,0,0,0,0,1,1,0,1,1,1,1,0,1,1,0,1,1,1,1,1,0,0,0,1,0,0,0,0,0,1,0,0.595881
1,1,1,0,0,0,0,0,1,1,1,0,0,1,1,1,0,1,0,1,1,1,1,0,0,0,0,1,0,1,0,1,0.593244
0,1,0,0,0,0,1,1,0,0,0,0,1,1,0,0,0,0,0,1,0,1,1,0,1,1,0,0,1,1,1,1,0.584212
1,1,0,0,0,1,0,1,0,0,0,0,0,1,0,0,0,0,1,0,0,1,0,1,0,0,0,1,0,1,1,1,0.587143
0,1,1,1,1,0,1,1,0,0,0,1,0,0,0,0,0,0,1,1,0,1,1,0,0,0,1,0,1,1,0,0,0.607657
1,0,0,1,1,1,1,0,1,1,0,0,0,0,0,1,1,0,1,0,1,1,1,0,0,0,1,0,1,1,0,1,0.591672
0,1,1,0,0,0,1,0,0,0,0,1,0,1,0,1,1,0,1,1,1,1,0,0,1,1,1,0,0,1,0,0,0.596734
0,1,0,1,1,0,1,0,0,1,0,1,0,0,0,1,1,1,1,0,1,0,0,0,0,0,0,1,0,1,0,0,0.601742
1,1,0,1,0,1,0,1,0,0,0,1,1,0,1,0,0,1,1,0,1,0,1,1,0,1,1,0,0,0,1,1,0.594869
0,1,1,0,0,0,1,1,1,0,0,1,1,0,0,0,1,0,1,0,1,1,0,1,1,0,0,0,1,0,1,1,0.596201
0,1,1,0,1,0,0,1,0,0,0,0,0,0,1,0,0,0,0,1,0,0,0,0,1,0,1,0,1,0,1,0,0.588955
1,0,1,0,0,1,1,0,1,1,1,1,0,1,0,0,0,1,1,0,0,0,1,0,1,0,0,1,0,1,0,0,0.594389
0,1,0,0,1,1,1,0,1,1,1,1,0,0,1,1,1,1,1,1,0,0,0,0,1,1,0,1,0,0,0,0,0.599238
0,1,0,0,0,1,0,1,0,1,1,1,1,1,0,1,0,1,1,1,1,0,1,1,1,1,1,1,0,1,1,0,0.591965
1,0,1,1,0,1,1,0,0,0,1,1,0,0,0,0,0,1,1,1,1,0,1,0,1,0,1,1,0,0,0,1,0.597959
1,0,1,0,0,0,1,0,0,1,0,1,1,1,0,0,0,1,1,0,1,0,0,1,1,0,0,0,1,1,0,0,0.593537
1,1,1,0,0,0,1,1,0,1,1,0,0,0,0,0,0,0,1,0,0,1,1,0,0,1,0,0,0,1,0,1,0.596308
0,1,1,1,0,0,1,1,0,1,0,0,1,1,0,0,1,1,0,1,1,1,0,0,1,0,0,0,1,0,0,1,0.595455
0,1,1,0,0,1,1,0,1,1,0,1,0,1,0,0,1,0,1,0,0,0,0,1,0,1,1,0,0,1,1,1,0.595935
0,1,1,0,0,0,1,1,1,1,1,1,1,0,0,0,1,0,0,1,1,0,0,1,0,1,1,1,1,0,1,0,0.600703
1,1,1,1,0,0,0,1,0,1,0,1,1,0,0,1,0,1,1,1,0,1,1,1,0,0,1,1,0,0,0,1,0.594416
1,0,1,0,0,0,0,1,0,1,0,1,0,0,0,1,1,0,1,0,0,1,0,0,0,1,0,1,1,1,1,1,0.588901
1,0,1,0,1,1,0,1,0,0,0,1,1,1,0,0,0,0,1,0,0,0,0,1,1,1,0,1,1,1,0,1,0.597986
1,1,0,0,0,0,0,1,0,0,0,0,0,1,1,1,1,1,1,1,1,0,0,0,1,0,0,0,0,1,0,1,0.592205
0,1,0,0,0,1,0,0,1,0,0,0,0,0,0,1,1,0,0,1,0,1,1,1,0,1,1,1,1,0,1,0,0.593031
0,1,0,0,0,1,1,1,0,0,0,1,0,0,0,1,0,1,0,1,0,1,1,0,1,0,0,0,1,1,0,1,0.584106
0,1,1,1,0,1,0,0,1,0,1,1,1,0,0,0,0,1,1,1,1,0,0,1,1,0,0,1,0,1,1,0,0.598199
0,1,1,0,0,1,1,0,0,1,1,1,0,0,1,1,0,1,0,0,0,0,0,1,1,0,1,0,1,0,0,0,0.592764
1,1,0,1,0,0,0,0,0,0,1,1,0,0,1,1,0,1,0,1,0,0,0,0,1,1,1,1,0,1,0,0,0.592924
1,1,1,1,1,1,0,1,1,1,1,0,0,0,1,1,0,0,0,1,0,0,0,1,1,0,0,1,0,0,1,0,0.594070
1,0,1,1,1,0,1,1,1,0,0,1,0,1,0,0,1,0,1,1,1,0,0,1,1,0,1,0,1,0,1,0,0.595615
1,1,1,1,0,1,0,0,0,0,0,0,1,0,0,0,0,1,1,1,0,1,1,0,0,0,0,0,0,0,1,0,0.596228
1,1,1,0,1,0,1,1,1,1,1,0,0,1,0,0,0,0,0,0,1,0,1,0,0,1,1,1,1,0,1,1,0.594256
1,1,0,1,1,0,1,1,0,0,0,1,0,1,1,0,1,1,1,1,1,1,0,0,1,1,1,0,0,1,1,1,0.593217
1,0,0,1,1,0,1,0,1,0,1,0,0,0,0,0,1,1,0,0,0,1,1,0,1,1,1,1,0,0,1,0,0.597560
1,0,1,1,0,1,0,1,0,0,0,0,1,1,0,1,1,0,1,0,1,0,0,1,1,1,1,0,1,1,0,0,0.593270
1,0,0,0,1,0,1,1,1,0,1,0,0,0,1,1,0,1,1,0,1,0,1,1,0,1,0,0,1,1,1,0,0.567588
0,0,1,0,1,0,1,1,0,0,1,0,1,1,0,1,1,1,1,1,0,0,0,0,1,1,0,0,1,1,1,1,0.568468
0,1,0,0,0,1,0,0,0,1,0,1,1,1,0,1,1,1,0,0,1,0,0,1,1,1,0,0,1,0,0,1,0.596308
0,0,1,0,1,1,0,0,0,1,0,0,1,1,1,0,1,0,0,1,0,0,0,1,1,1,1,0,0,1,1,0,0.593270
1,0,0,1,0,1,0,0,0,1,1,0,0,0,0,0,1,0,0,0,0,1,0,0,0,1,0,1,1,0,0,1,0.591486
0,0,0,1,1,0,1,0,0,1,1,1,0,1,1,1,1,0,1,0,0,1,0,0,1,1,0,1,0,1,0,1,0.588875
1,0,0,1,1,1,0,0,1,1,1,1,0,0,0,1,0,0,0,1,1,1,1,1,1,0,0,1,1,1,1,0,0.591725
1,1,0,0,1,0,1,1,1,1,1,0,0,0,1,0,1,0,0,1,0,0,0,0,0,0,1,1,0,0,0,1,0.597453
0,0,1,1,1,0,1,0,0,1,1,1,1,1,0,1,1,1,1,0,1,0,1,0,1,0,0,1,1,1,0,0,0.598279
0,0,1,0,1,0,0,1,0,1,1,1,1,1,1,0,1,1,1,0,0,0,0,1,1,1,1,1,1,0,0,1,0.589301
1,1,0,0,0,0,1,0,0,0,0,1,0,0,0,0,1,0,0,0,1,1,0,1,0,1,1,1,1,0,0,1,0.592018
0,0,1,0,0,1,0,1,1,1,1,1,0,1,0,0,1,1,1,1,1,0,1,0,1,1,0,0,1,1,0,0,0.597853
0,1,0,1,1,0,0,0,1,1,1,1,0,0,0,1,1,1,1,1,1,0,0,0,1,1,1,0,1,1,0,1,0.594736
0,1,0,0,0,0,1,0,0,1,1,1,0,0,1,1,1,1,1,0,0,1,1,1,1,1,1,1,1,0,0,0,0.597400
1,1,1,1,1,0,0,0,0,0,1,0,0,1,1,1,0,1,1,0,1,1,1,1,1,0,1,0,1,0,1,1,0.585465
0,1,0,1,1,0,1,0,1,0,0,1,0,0,0,0,1,1,0,1,1,0,1,0,0,1,1,1,0,1,0,0,0.607071
0,1,0,1,1,0,1,0,0,0,1,1,1,1,1,1,1,1,0,1,1,1,1,1,1,1,1,1,0,1,1,1,0.544437
0,1,0,0,0,1,1,0,0,0,1,1,1,0,0,0,0,0,0,1,0,0,1,0,1,1,0,1,0,0,0,0,0.594416
0,1,1,0,1,0,0,1,0,1,0,0,1,1,0,0,1,0,1,0,1,0,1,0,0,1,1,1,0,1,1,1,0.593777
1,1,1,0,1,1,1,1,0,0,0,0,0,0,0,0,0,0,0,0,1,1,1,1,1,0,1,1,0,0,0,0,0.587463
0,0,0,1,1,0,1,0,0,1,0,1,0,0,1,1,1,0,0,1,1,1,1,1,1,0,1,0,1,1,0,1,0.582481
1,1,0,0,1,0,0,0,0,1,0,1,1,0,1,0,1,0,0,1,1,1,1,0,0,0,0,0,1,1,1,1,0.601343
1,0,0,0,1,0,1,1,1,0,1,1,1,1,1,1,1,0,1,1,0,1,1,1,1,1,1,1,0,0,1,0,0.591299
0,1,0,1,1,0,0,0,1,1,0,0,1,1,1,1,0,0,1,1,1,0,0,1,0,1,1,1,1,0,0,0,0.601343
1,0,0,1,0,0,0,1,1,1,0,1,1,1,1,0,1,1,0,1,0,0,0,0,1,0,1,0,1,1,0,0,0.596814
0,1,1,0,1,0,1,1,0,1,0,0,1,0,1,0,1,1,1,1,0,1,0,0,1,1,1,0,1,0,1,1,0.593670
1,1,0,0,1,1,1,1,0,1,1,0,0,0,0,0,1,1,1,0,0,1,0,1,0,0,1,1,0,1,0,0,0.597826
1,1,1,0,0,1,1,0,1,0,1,1,1,1,0,0,1,1,1,0,0,0,1,0,1,0,0,1,1,1,1,0,0.594682
1,1,1,0,0,1,1,0,0,1,0,1,0,1,1,0,1,0,1,1,1,1,1,0,0,1,0,1,0,0,0,0,0.600011
1,1,1,1,0,0,0,0,1,0,0,1,0,0,1,0,0,0,1,1,0,0,1,1,1,1,0,0,0,0,1,0,0.595375
1,1,0,0,1,1,0,1,1,1,0,0,1,0,0,0,0,0,1,0,1,1,1,0,1,0,1,0,1,1,1,0,0.587649
0,0,0,0,1,1,0,0,0,1,0,1,1,0,0,0,0,1,1,0,1,0,0,1,1,0,1,1,0,0,0,0,0.580163
1,0,1,0,0,0,1,0,1,0,0,0,1,1,1,1,1,0,1,1,1,0,1,1,1,1,0,0,0,0,0,0,0.593617
1,0,0,0,1,1,0,0,1,1,1,0,1,1,1,1,0,0,1,0,0,1,0,1,1,1,0,0,1,1,0,1,0.582081
0,1,1,1,0,0,0,0,0,0,1,0,1,1,1,0,1,1,0,0,0,0,0,1,1,0,1,0,0,0,1,1,0.596681
1,1,1,1,1,0,1,1,0,1,0,1,0,1,1,1,0,1,0,0,1,0,0,0,1,1,1,0,1,0,0,0,0.598492
1,0,0,0,0,1,0,0,1,1,1,1,0,0,1,0,1,1,0,0,1,1,0,1,0,0,1,0,1,0,1,1,0.593324
1,0,1,1,1,0,0,1,0,1,1,1,0,1,1,0,1,0,1,1,0,1,0,0,1,0,0,1,0,1,1,1,0.596521
1,0,1,1,0,1,0,0,0,0,1,0,1,0,1,1,1,0,0,0,1,0,0,0,0,0,0,1,1,0,0,1,0.594549
1,0,0,0,0,0,0,1,1,1,0,0,1,1,0,1,0,0,1,0,0,0,1,1,0,0,0,1,0,0,1,0,0.587063
1,0,0,1,1,0,1,0,1,0,0,1,1,0,0,0,0,0,0,1,0,0,1,0,0,0,1,1,1,0,0,0,0.609575
1,1,0,1,0,1,0,1,0,1,1,0,1,1,0,1,1,1,1,0,1,0,0,1,0,0,1,1,1,0,0,0,0.592391
0,0,0,0,1,0,0,0,1,1,1,1,1,0,0,0,1,0,1,0,1,0,0,0,1,0,1,1,0,1,0,1,0.594496
0,1,0,1,0,1,1,0,1,1,1,0,1,0,0,0,1,1,1,0,1,1,0,1,1,0,0,1,1,0,1,0,0.592764
0,0,0,1,0,1,0,1,1,1,1,0,1,0,1,1,0,0,0,1,0,0,1,1,1,1,1,0,1,1,1,0,0.589594
0,0,0,1,0,1,0,0,1,0,1,0,0,1,0,1,1,0,1,1,0,1,0,1,1,0,0,0,1,0,1,1,0.584159
1,1,0,0,1,0,1,1,1,0,0,0,1,0,0,1,0,0,1,0,1,0,0,0,1,1,1,0,1,0,0,1,0.594922
1,0,0,1,1,1,1,0,1,0,1,1,1,1,0,1,1,0,0,0,1,1,0,0,1,1,0,0,1,0,1,0,0.592125
1,1,1,0,0,1,1,0,1,1,1,0,0,0,0,1,1,1,1,1,1,1,1,1,0,1,1,0,1,0,0,0,0.591779
0,1,0,0,0,0,1,0,0,0,1,0,0,1,1,1,0,0,0,0,1,0,0,1,0,1,0,1,0,1,0,0,0.578032
1,0,1,1,1,1,0,0,1,0,0,0,1,1,1,0,1,1,1,0,0,0,0,1,1,0,1,1,0,1,1,0,0.594363
1,0,0,0,0,1,0,1,0,1,1,0,1,0,1,0,1,1,0,0,0,0,1,1,1,0,1,1,1,0,1,0,0.587862
1,0,0,1,0,0,1,1,1,0,1,1,1,0,0,1,0,0,1,1,0,0,0,1,0,0,0,1,0,0,1,0,0.597000
1,1,0,0,0,0,0,0,1,1,0,0,1,1,1,1,0,1,1,0,0,1,1,1,1,1,0,1,1,1,1,0,0.589860
