1,1,1,0,0,0,0,0,1,0,1,0,0,0,1,0,0,0,0,0,1,1,0,1,1,1,1,1,1,1,0,0,0.620700
0,1,0,1,1,1,1,0,0,1,0,0,1,1,1,0,1,1,0,0,0,1,1,1,0,1,0,1,0,0,1,1,0.591812
1,0,0,1,1,1,0,1,0,1,0,0,1,1,1,0,1,0,0,1,0,0,0,0,0,0,1,0,0,1,0,1,0.598326
1,1,1,0,0,0,0,0,0,1,0,0,1,1,1,1,1,1,0,1,1,1,1,1,0,1,0,1,0,0,0,1,0.628191
0,0,1,0,1,1,1,1,1,0,1,1,1,0,1,0,1,0,0,0,1,1,1,1,0,1,0,1,0,1,0,1,0.605342
1,1,1,0,1,1,0,0,1,1,1,1,1,1,0,0,0,0,1,1,0,1,1,1,0,0,1,0,0,0,0,1,0.644827
0,1,0,0,0,0,0,1,0,1,1,1,0,0,0,1,0,1,1,1,0,1,1,1,1,1,0,1,1,1,0,1,0.660161
0,0,0,0,1,0,1,1,0,0,1,0,1,0,0,1,0,0,1,0,1,0,1,0,1,1,1,1,0,1,0,0,0.596773
1,0,0,1,0,1,1,1,1,1,1,1,0,0,1,1,0,0,1,1,0,1,1,0,1,0,1,0,0,1,1,0,0.634756
1,0,0,0,1,1,1,0,1,1,0,1,0,1,1,0,1,0,0,0,0,0,0,0,0,0,1,0,1,1,1,0,0.594192
1,0,0,1,0,1,1,0,0,1,0,1,0,1,1,1,1,0,1,0,1,1,1,0,1,0,0,1,1,0,0,0,0.610979
0,1,1,0,0,0,0,0,0,0,0,1,1,0,1,1,0,1,1,1,0,0,1,1,1,1,1,0,1,0,0,0,0.620525
1,1,0,1,0,0,0,1,0,1,1,0,0,0,1,0,1,0,1,0,1,0,1,1,0,0,0,0,1,0,1,1,0.617719
0,1,1,1,0,1,0,0,0,1,1,0,0,0,1,0,0,1,0,1,0,0,1,1,1,0,0,1,0,0,0,1,0.622805
0,1,1,1,1,1,1,0,1,0,0,0,0,0,0,1,1,0,1,0,1,1,1,0,1,1,1,1,0,0,1,1,0.661739
0,1,1,0,0,0,1,1,1,1,1,0,1,0,1,1,0,1,1,1,1,1,1,1,0,1,1,1,1,0,1,1,0.631724
1,1,1,0,1,1,0,0,1,1,1,1,0,0,0,0,0,1,0,1,1,0,1,0,1,1,0,1,0,1,0,0,0.624558
0,1,1,1,0,1,1,0,0,0,0,1,1,1,0,0,0,0,0,1,0,1,1,0,1,1,1,0,0,0,1,0,0.609701
1,1,1,0,0,0,1,0,0,0,1,1,0,1,1,0,1,1,1,1,0,0,0,0,1,0,1,1,1,1,0,1,0.636534
1,0,1,1,1,1,0,0,1,0,0,0,0,0,1,0,1,1,0,0,1,1,1,0,1,0,0,1,1,0,0,0,0.623882
1,0,1,0,1,1,1,1,0,0,0,1,1,1,1,0,1,0,0,1,0,0,0,0,1,1,1,1,0,0,0,0,0.626012
0,0,1,0,0,0,1,0,1,0,0,1,0,0,1,1,0,1,1,0,1,1,0,1,1,1,0,0,0,0,0,1,0.620725
1,1,1,1,0,0,0,0,1,1,1,0,0,1,0,1,1,0,0,0,1,0,0,0,0,1,0,1,0,0,1,1,0.648435
1,0,0,1,1,1,1,0,0,1,1,1,0,0,1,1,1,0,1,0,0,0,1,1,0,1,0,0,1,1,0,1,0.609851
1,1,0,1,0,0,1,0,1,0,1,0,0,0,0,1,1,1,1,1,0,0,0,1,1,0,1,1,1,1,1,1,0.624583
0,0,0,1,0,0,0,0,0,0,1,1,0,0,0,1,0,1,0,0,0,0,0,1,0,1,1,0,0,1,0,0,0.579460
0,1,0,1,0,0,1,0,1,1,1,0,1,0,1,0,1,1,1,1,0,0,0,0,0,1,0,0,0,0,0,1,0.636635
1,1,0,0,1,0,0,1,1,1,0,1,0,1,1,1,1,1,0,0,1,0,0,0,1,0,0,0,1,0,0,0,0.692707
0,0,1,0,1,0,0,0,1,1,1,1,1,1,1,0,1,0,0,0,1,0,1,0,0,0,0,0,0,1,1,1,0.646130
1,1,1,1,0,1,1,0,0,0,1,1,0,1,0,0,0,1,0,1,0,0,0,1,0,0,0,1,1,0,0,1,0.622078
0,1,1,1,0,1,1,1,0,0,0,1,1,1,0,0,1,1,0,0,1,1,0,1,1,0,1,1,0,0,1,1,0.610753
0,1,0,1,0,0,1,0,1,0,0,1,0,1,0,0,0,1,1,0,1,0,1,0,1,1,0,1,1,0,1,1,0.616416
1,0,1,0,0,0,0,1,1,0,1,0,0,1,1,1,1,0,0,0,0,1,0,1,1,1,0,0,1,1,1,0,0.601458
1,1,0,1,1,0,1,0,0,0,0,1,0,1,1,1,0,0,0,0,1,0,1,1,1,0,1,1,1,0,1,0,0.601959
0,1,1,1,0,0,0,1,0,1,0,0,0,0,0,1,1,0,0,0,1,0,0,0,0,1,1,1,0,0,1,1,0.612858
0,1,0,1,0,0,0,0,0,0,1,0,0,1,0,1,0,0,0,0,0,0,1,0,0,0,0,0,0,0,1,0,0.539248
1,1,1,0,0,0,1,0,1,1,1,1,1,0,0,0,0,1,1,0,1,1,1,0,0,1,1,1,0,1,0,0,0.649112
0,0,0,1,1,1,0,0,1,0,0,0,1,0,0,0,0,1,0,1,1,1,1,0,1,0,0,1,0,1,0,0,0.591036
1,1,0,1,0,1,1,0,1,1,0,0,0,0,0,1,1,1,1,0,1,1,1,1,1,0,0,0,1,1,1,1,0.571418
0,1,1,0,0,1,0,1,1,1,0,0,1,0,1,1,0,0,1,0,0,1,0,1,1,1,1,0,1,1,0,0,0.605091
0,0,1,1,1,1,1,0,0,0,0,1,1,0,1,0,0,1,0,1,0,0,1,1,0,1,1,0,0,1,0,0,0.596397
1,1,1,1,1,0,1,0,0,0,0,0,0,1,1,0,1,1,0,1,1,0,1,1,1,0,0,0,1,1,1,0,0.597399
0,1,0,1,0,1,1,1,0,0,1,1,1,1,0,0,0,0,0,1,1,0,1,1,1,1,0,1,1,1,0,0,0.636710
0,0,1,1,0,0,0,0,0,1,1,0,1,1,1,0,1,1,0,1,1,1,0,1,1,1,0,1,0,1,1,1,0.609801
1,0,0,1,1,1,1,0,1,0,1,1,0,1,0,0,1,1,1,1,1,0,1,0,1,1,0,0,0,0,1,0,0.624508
1,0,1,1,1,0,0,1,1,1,0,1,0,0,1,1,1,1,1,1,0,1,0,1,0,0,1,1,0,0,0,0,0.645429
0,0,1,0,0,0,0,1,1,1,1,1,0,1,1,0,0,1,0,1,0,0,0,0,0,0,1,1,0,0,0,1,0.657706
0,1,0,0,1,1,0,1,1,1,0,0,1,0,1,1,0,1,0,1,0,0,0,0,1,1,0,0,1,0,0,0,0.675695
0,0,0,0,0,0,0,0,0,1,0,0,0,0,1,0,0,1,0,1,1,1,0,0,1,0,0,1,1,1,1,0,0.592514
1,1,1,0,1,0,0,0,0,1,0,1,0,0,0,0,0,1,0,0,1,1,1,0,0,1,1,1,0,1,0,1,0.643399
0,0,1,1,0,1,1,1,0,0,0,1,1,1,0,0,1,0,0,1,0,0,1,0,0,0,0,1,1,0,1,1,0.612858
0,0,0,1,1,1,0,1,0,0,0,1,1,0,1,1,1,0,0,0,1,1,1,0,0,0,1,0,1,0,1,0,0.525468
0,0,1,0,1,0,1,1,1,1,0,0,0,0,0,1,1,1,1,1,0,1,0,1,0,0,0,0,1,0,0,1,0.604941
0,1,0,1,0,1,0,1,1,1,0,1,0,1,1,0,1,0,0,0,0,1,1,1,0,0,0,1,1,1,1,0,0.610478
1,1,0,0,1,0,1,0,1,1,1,0,0,0,0,0,1,1,1,0,0,1,0,1,1,0,0,1,1,1,1,1,0.624208
0,1,1,0,1,1,1,0,1,0,1,0,1,0,0,1,1,1,0,1,1,0,0,0,1,0,1,1,1,0,0,0,0.621552
0,1,0,0,0,0,0,0,1,1,0,1,1,0,0,0,0,0,1,0,0,1,0,0,0,0,0,1,1,1,0,1,0.601608
0,1,0,0,1,1,1,0,1,0,1,1,0,1,1,0,0,0,0,1,1,1,1,1,0,0,1,1,0,1,1,0,0.617568
1,0,1,1,0,1,0,0,1,1,1,1,1,0,0,0,0,0,0,1,1,0,1,0,0,1,0,0,0,0,0,0,0.640343
0,1,0,1,0,0,0,1,1,0,1,1,1,0,1,0,0,0,1,1,1,1,1,0,1,1,1,1,0,0,0,1,0.627189
1,1,1,1,0,0,0,1,0,1,1,0,1,1,1,1,1,0,0,1,1,1,0,1,0,0,1,1,1,1,0,1,0.602034
0,0,0,1,0,0,0,1,0,1,1,0,1,1,1,1,0,0,0,1,1,0,0,1,1,0,1,0,1,0,1,1,0.607722
0,0,0,1,1,0,0,1,0,1,1,0,1,0,0,1,0,0,0,0,0,0,0,0,0,0,1,1,1,0,0,0,0.537093
0,0,1,1,0,0,1,0,0,1,0,0,1,1,0,0,0,0,0,0,0,0,0,0,1,1,1,1,0,0,0,0,0.618495
1,1,0,1,0,0,0,0,0,0,1,1,0,0,0,0,1,1,0,1,0,1,0,0,1,0,0,1,1,0,1,0,0.632551
1,1,1,0,1,0,1,1,1,0,0,0,0,0,0,0,1,1,0,0,0,0,0,0,0,1,1,1,0,0,0,0,0.643324
0,0,0,0,0,1,0,1,1,0,0,0,0,1,0,0,0,0,0,1,1,0,1,0,0,1,0,1,0,0,1,0,0.572646
1,1,1,1,0,1,0,1,0,1,0,1,1,1,1,0,0,0,1,0,0,1,1,1,0,0,0,1,0,0,1,0,0.641771
0,0,0,1,1,0,0,1,0,1,1,1,1,0,1,1,1,0,0,0,0,0,1,1,0,1,1,0,1,1,1,1,0.575151
1,0,1,1,0,0,0,0,0,1,0,1,1,1,0,1,1,0,0,1,0,0,0,1,0,0,0,1,0,1,0,0,0.616115
1,1,0,0,1,1,0,0,0,1,0,0,1,0,1,1,0,1,1,1,0,1,0,1,1,0,0,1,1,0,0,0,0.600155
0,1,0,0,0,0,1,0,0,1,0,0,0,1,1,1,1,0,1,0,1,1,1,1,0,0,1,1,1,1,0,1,0.609651
0,0,1,0,0,0,0,0,1,0,0,0,0,0,0,1,1,0,1,0,0,0,1,0,1,1,0,1,1,0,0,0,0.601208
1,1,1,1,1,0,1,0,0,1,1,1,0,1,0,1,1,0,0,1,0,0,0,1,0,0,1,1,1,0,0,1,0.624709
0,0,0,0,0,0,1,1,1,1,1,0,0,0,0,0,1,1,1,0,1,1,0,1,0,1,1,1,1,0,1,0,0.623481
0,0,0,1,1,0,1,1,0,0,1,1,1,0,1,0,1,1,1,0,0,1,0,1,0,0,0,0,0,0,1,1,0.609977
1,0,0,0,0,0,1,0,0,0,1,0,0,1,1,1,1,0,1,0,0,0,0,1,1,1,1,1,1,0,1,0,0.622980
0,0,0,1,1,1,1,0,1,0,0,1,1,0,1,1,0,1,1,0,1,1,0,1,1,0,1,1,0,1,1,0,0.615088
1,1,1,0,0,1,0,0,0,0,0,0,0,1,0,1,0,1,1,1,1,0,1,1,0,0,0,1,0,1,1,0,0.642748
1,1,0,1,1,1,0,1,0,0,1,0,1,0,1,0,0,0,0,1,0,1,1,1,1,0,0,0,0,1,0,1,0.583193
1,0,0,1,1,0,1,1,0,0,1,0,0,1,1,1,0,1,0,1,0,0,0,1,0,0,0,0,0,0,0,0,0.621652
1,1,0,1,0,0,0,0,1,1,0,0,1,1,0,1,1,0,1,0,0,1,0,1,0,0,1,0,1,0,0,0,0.610428
1,0,1,1,1,1,1,0,0,1,1,0,1,1,0,0,0,1,0,0,0,0,1,0,1,0,0,0,0,1,0,0,0.616641
1,1,1,1,1,0,0,0,1,0,0,0,1,1,1,1,0,1,1,0,1,0,1,1,1,0,1,1,1,1,1,1,0.564428
0,0,0,1,1,0,0,1,0,0,0,1,0,0,0,1,1,1,1,0,0,1,1,0,1,0,0,1,0,0,0,0,0.588430
0,0,0,1,1,1,1,1,0,0,1,1,1,0,0,0,0,0,1,0,0,1,1,1,1,1,0,0,1,0,0,1,0.591211
1,0,0,0,1,0,0,0,1,1,0,0,1,1,1,0,0,0,1,0,0,0,1,1,0,0,1,1,1,0,1,1,0.617693
0,0,1,1,1,0,1,1,0,0,1,1,1,1,1,1,1,1,1,1,1,1,1,0,0,1,0,1,1,0,1,0,0.624233
0,0,1,1,1,1,0,0,1,1,0,0,1,0,1,1,1,1,1,1,0,0,1,1,0,1,1,0,0,0,0,1,0.629168
1,0,1,0,1,0,0,1,0,0,0,1,0,1,0,0,0,1,0,0,1,1,0,0,0,0,1,0,0,0,0,1,0.595871
1,0,0,0,1,1,1,0,1,0,1,1,0,1,0,0,1,0,0,1,0,1,0,0,0,1,1,1,0,0,1,0,0.612307
1,0,0,0,0,0,1,1,1,0,0,0,1,1,1,1,0,1,1,0,0,1,1,1,1,1,1,0,1,1,1,1,0.559367
0,0,0,0,0,0,1,0,0,0,1,0,0,0,0,1,0,1,1,1,1,0,0,1,0,0,0,1,0,0,0,1,0.577932
1,0,1,0,0,0,1,1,1,1,1,1,0,1,1,1,1,1,1,0,0,1,1,1,0,0,0,1,0,0,1,1,0.640593
0,1,0,1,1,1,1,0,1,0,1,1,0,1,0,1,0,0,1,0,1,0,0,0,0,0,1,0,1,1,0,1,0.601809
1,0,0,1,1,0,0,1,0,1,0,0,1,0,0,0,1,0,1,1,0,1,0,1,1,0,0,0,1,1,0,0,0.602085
0,1,0,1,0,1,1,0,1,0,0,1,1,0,0,1,0,1,0,1,1,1,0,1,1,0,0,1,1,0,1,0,0.612733
0,0,0,1,1,0,1,0,1,1,1,0,1,0,1,1,1,1,1,1,0,1,0,1,0,0,1,1,0,1,1,0,0.611079
1,1,0,0,0,0,1,1,1,0,1,1,0,1,1,1,1,1,1,0,0,1,0,0,0,1,0,0,0,0,1,1,0.633202
1,1,0,1,1,0,1,1,1,1,1,1,1,0,0,0,1,0,0,1,0,1,0,0,1,0,1,1,0,1,0,0,0.639691
0,1,1,1,1,0,1,1,1,0,1,1,0,1,1,0,0,0,1,1,0,1,0,1,0,1,0,0,0,0,1,0,0.644727
0,1,1,0,1,0,1,0,0,1,0,0,0,0,1,1,0,0,0,0,1,1,1,0,1,0,0,0,1,0,1,1,0.610353
0,1,0,1,1,0,0,1,1,1,1,1,1,1,1,0,0,0,1,1,1,0,1,1,0,1,0,0,0,0,1,0,0.624107
1,1,1,0,1,0,0,1,1,1,0,1,1,0,0,1,1,0,0,0,0,1,1,1,1,1,0,1,1,1,1,0,0.622278
1,1,1,0,1,0,0,1,0,0,0,0,0,0,1,1,0,1,0,1,1,0,1,1,1,0,1,1,1,1,0,1,0.598777
0,0,1,1,1,0,0,0,1,1,1,1,0,0,1,0,1,1,0,0,1,1,1,0,0,0,0,0,1,0,1,1,0.616541
1,0,0,0,0,1,1,1,1,0,0,0,0,0,0,0,0,0,1,1,1,1,0,0,1,1,0,0,1,0,1,1,0.613384
1,1,0,0,0,1,1,0,0,0,1,0,0,1,0,0,0,0,0,0,0,0,1,0,1,0,1,1,1,0,1,0,0.612507
0,1,0,0,1,1,0,0,1,1,1,1,0,0,0,0,0,1,0,1,1,1,1,1,1,0,0,1,0,1,1,1,0.637186
0,1,1,0,1,0,1,1,0,0,1,0,0,0,0,0,0,0,0,0,0,1,1,1,1,1,0,1,1,1,0,1,0.617568
1,1,0,1,0,1,1,1,0,0,0,1,0,0,1,0,0,1,1,1,0,1,1,1,0,1,1,1,1,0,0,0,0.635357
1,1,0,0,0,0,1,0,0,1,0,0,0,0,0,0,1,0,1,0,1,0,0,1,1,1,1,1,0,1,1,1,0.634029
1,1,1,1,1,1,1,0,0,1,0,0,1,0,0,0,1,1,1,1,0,0,0,1,1,1,0,1,1,0,0,0,0.648911
0,1,1,0,1,0,0,0,0,0,1,0,0,0,1,1,0,0,0,1,1,0,1,0,1,1,0,0,0,1,0,1,0.603037
1,0,1,1,0,1,1,0,1,0,1,0,1,1,1,0,0,1,1,0,0,1,0,0,1,1,0,1,0,1,1,0,0.643775
1,1,1,0,1,1,0,1,0,0,1,0,1,0,0,0,1,1,0,0,0,0,0,1,1,0,0,1,0,1,0,0,0.619623
1,1,0,1,0,1,1,0,1,0,0,1,0,0,1,1,1,1,1,0,1,0,0,1,0,0,1,1,1,0,1,1,0.635207
1,1,0,1,1,1,1,0,1,1,1,1,1,0,0,0,0,1,1,1,1,1,1,1,1,1,1,0,0,0,1,0,0.624659
1,0,1,1,0,1,0,0,1,0,1,0,1,1,0,0,1,0,0,1,1,0,1,0,1,0,1,0,0,1,1,0,0.613810
1,0,1,0,0,1,0,0,1,0,0,0,0,0,1,1,1,1,0,1,0,1,1,0,0,1,0,0,0,1,0,1,0.628266
1,0,1,1,0,1,0,1,1,1,0,1,0,0,1,1,0,1,1,1,1,1,1,0,1,0,0,1,0,0,1,0,0.632952
1,0,1,1,0,0,1,0,0,1,0,1,1,0,0,1,1,1,1,0,0,0,1,1,0,1,0,1,1,0,0,0,0.621427
1,0,0,1,1,0,1,0,0,1,1,0,0,1,1,1,0,0,0,0,1,0,0,1,1,1,1,1,1,1,0,1,0.604239
1,1,1,1,0,1,1,1,1,1,0,0,0,0,1,1,1,0,1,1,0,0,0,1,1,0,1,1,1,0,1,1,0.649312
1,0,0,0,0,1,1,1,0,1,1,1,0,0,0,1,0,0,0,1,0,0,0,0,0,1,0,1,0,1,0,1,0.610728
1,1,0,1,0,0,1,1,0,1,0,0,1,0,0,1,1,1,1,1,1,0,1,0,0,0,0,0,1,1,0,0,0.610428
1,1,1,0,0,1,0,1,1,1,0,1,1,1,1,0,1,1,0,1,0,0,0,1,1,0,0,1,1,0,0,0,0.627189
1,0,0,0,1,0,1,1,1,1,0,1,0,1,0,0,0,1,0,1,0,0,0,0,1,0,1,0,1,1,1,1,0.635983
1,0,0,1,0,1,1,1,0,0,0,0,1,1,1,1,1,0,1,0,0,0,0,1,1,1,1,0,1,1,1,0,0.595345
1,0,1,1,0,0,1,1,0,1,1,1,1,1,1,1,0,0,0,0,0,0,0,0,0,0,1,1,1,1,1,0,0.664395
1,1,1,0,0,1,1,1,0,1,1,0,0,1,0,0,0,1,1,1,1,0,0,1,1,1,1,0,1,0,1,0,0.619748
1,0,1,1,1,0,0,0,0,0,1,1,1,0,0,1,0,0,1,0,0,1,0,0,0,0,1,1,1,1,0,1,0.611054
0,0,1,1,1,0,0,0,1,0,1,1,1,0,1,0,0,0,1,0,0,0,0,1,1,1,0,1,0,0,0,1,0.679979
1,0,1,0,1,1,0,0,0,1,1,1,1,1,0,0,0,0,0,1,1,0,1,1,0,1,0,0,1,0,1,1,0.607095
1,1,1,1,1,1,0,0,1,0,0,0,1,0,0,1,0,1,0,0,1,0,0,0,0,0,1,1,1,0,0,0,0.621201
0,1,1,1,1,1,0,1,0,1,0,0,1,0,0,1,1,0,0,1,1,1,0,1,1,0,1,0,0,1,0,1,0.604139
1,1,1,0,0,0,1,0,1,1,1,0,0,1,1,1,1,0,1,1,0,0,1,1,0,1,1,1,0,1,0,1,0.618721
0,1,1,1,0,0,0,1,0,0,0,1,0,1,1,1,1,1,0,0,1,0,1,0,1,1,0,0,1,1,0,0,0.619372
1,0,1,1,0,0,0,1,0,0,1,0,0,0,0,0,0,0,1,0,0,0,0,0,0,1,0,0,0,1,0,0,0.615088
0,1,0,0,1,1,0,0,1,0,0,1,1,1,0,1,0,1,1,0,1,0,1,0,1,1,1,0,0,1,1,1,0.628292
1,0,0,0,1,1,1,0,1,0,1,0,1,0,1,0,0,1,1,0,1,1,1,1,0,0,0,1,1,0,0,0,0.607822
1,1,0,1,1,0,0,1,0,0,1,1,0,1,1,1,0,0,0,1,1,1,0,0,0,0,1,1,1,0,1,1,0.628567
1,1,0,0,1,1,0,0,1,0,1,1,0,0,0,0,1,0,1,0,1,1,0,0,0,1,1,1,1,0,0,1,0.624057
1,0,0,0,0,1,1,1,1,1,1,1,0,0,1,0,0,0,0,1,0,1,1,1,0,1,1,1,1,1,1,1,0.597399
0,0,0,0,1,1,1,0,0,1,0,0,0,0,1,1,1,1,1,0,1,1,1,0,1,1,0,1,1,0,1,1,0.598527
0,0,0,0,1,1,1,1,1,1,1,1,1,1,1,1,1,0,0,0,0,0,0,1,0,1,1,1,0,0,0,0,0.632050
1,1,0,1,1,0,1,0,0,0,1,1,0,1,1,0,1,0,0,0,1,1,0,0,0,1,1,1,1,0,0,0,0.613184
1,1,0,1,1,1,1,0,1,1,0,1,0,1,0,1,1,1,0,0,0,1,1,1,0,0,1,0,0,0,1,1,0.611655
1,1,1,1,1,0,0,1,0,0,0,0,0,0,0,1,0,0,1,0,1,1,1,0,0,1,1,1,1,1,1,0,0.619397
1,1,0,0,1,0,1,1,1,1,1,0,1,0,1,1,1,1,1,0,1,0,1,1,1,0,1,1,1,0,0,1,0.630020
1,1,0,0,0,1,0,0,0,0,0,1,0,1,0,1,0,0,0,0,0,1,1,0,0,1,1,1,0,1,1,1,0.624383
1,1,0,0,0,0,1,1,1,1,1,1,0,1,1,0,0,1,1,0,0,0,0,1,1,0,1,0,0,1,0,0,0.615789
0,1,1,1,0,0,0,1,1,1,1,0,0,1,1,0,1,0,1,1,0,0,1,0,0,0,0,1,0,1,0,1,0.635733
1,0,1,1,0,1,0,0,0,0,1,1,0,1,1,0,1,1,1,1,1,1,0,0,1,1,1,0,1,0,1,1,0.631373
0,1,0,0,1,0,1,0,1,1,0,0,1,0,0,0,1,1,0,1,0,1,1,1,0,0,1,1,0,1,1,1,0.640393
1,1,1,1,0,1,1,0,1,0,1,0,0,0,0,0,0,0,1,0,1,0,1,0,1,0,0,0,1,0,0,0,0.632075
1,1,0,1,1,1,0,1,1,1,0,1,0,1,0,1,1,1,1,1,1,1,0,0,1,1,0,0,1,0,1,1,0.617092
1,0,0,1,1,1,1,1,0,0,1,1,1,1,1,0,0,1,0,0,0,1,1,1,1,1,0,0,0,1,1,0,0.586125
0,0,1,1,0,1,0,0,0,1,1,0,1,0,0,1,1,1,1,1,0,1,1,1,1,0,0,0,1,1,1,1,0.582667
0,0,0,1,0,1,1,0,0,1,1,0,1,0,0,1,1,0,1,1,0,1,0,0,0,0,1,0,1,1,1,0,0.587378
1,1,0,0,1,0,0,1,0,1,1,1,1,0,0,1,1,1,1,0,0,0,1,1,0,0,0,1,1,0,0,0,0.630196
1,0,0,1,0,0,0,1,0,0,1,0,0,1,1,1,1,0,1,0,1,0,1,0,0,1,1,1,0,0,1,1,0.620399
0,1,0,1,1,1,1,0,0,0,0,0,0,0,1,1,0,0,0,0,0,1,0,1,1,1,0,0,0,1,1,0,0.572370
1,1,1,1,0,1,0,1,0,0,1,0,0,0,0,0,1,0,1,1,1,1,0,0,1,1,0,0,1,1,0,1,0.612883
1,1,1,0,0,1,0,0,1,0,1,0,0,1,1,0,1,0,0,0,0,1,0,1,1,0,0,0,0,1,0,0,0.623907
0,0,0,1,1,1,0,0,0,1,0,0,1,0,0,1,1,0,0,1,0,0,0,1,0,0,1,1,1,0,0,0,0.587478
0,0,0,1,1,1,1,1,1,0,1,1,1,0,0,0,0,0,0,1,1,1,0,1,1,0,0,0,0,1,0,0,0.613509
0,0,1,0,0,1,1,1,0,1,0,1,0,1,1,0,0,0,0,1,0,0,0,0,1,1,0,0,0,0,0,1,0.589457
0,1,1,0,0,1,1,0,0,1,0,1,1,0,1,1,1,0,1,0,1,1,0,0,0,1,0,0,0,1,1,1,0.622228
1,0,0,1,0,1,1,1,1,1,0,1,1,1,0,0,1,0,0,0,1,1,0,1,0,0,1,1,0,1,0,1,0.640493
1,1,1,1,1,0,1,0,1,1,0,0,1,1,0,1,0,0,1,1,0,0,0,0,0,1,0,1,0,1,1,1,0.609751
1,0,1,1,0,0,1,1,1,0,1,0,1,1,0,1,1,0,1,0,0,1,1,1,1,1,1,1,0,0,0,0,0.630146
1,1,1,1,1,0,0,1,0,1,1,1,1,0,1,0,1,1,0,1,0,0,1,0,1,0,0,1,1,0,1,0,0.632150
1,1,1,1,1,0,0,0,0,0,0,1,0,0,0,1,0,1,0,1,0,1,0,0,1,1,1,0,1,1,1,0,0.612357
1,1,0,0,1,1,0,1,1,0,0,0,0,0,0,0,1,1,0,1,1,0,1,1,1,1,1,1,0,1,0,1,0.636134
1,0,0,0,1,1,0,1,1,1,0,1,1,1,1,1,1,1,1,0,0,0,0,0,0,0,0,1,1,1,1,1,0.633353
1,0,0,1,0,1,0,1,0,0,0,1,1,1,0,0,0,0,1,0,0,1,1,1,1,1,1,1,0,1,1,0,0.627916
0,0,0,0,1,1,1,1,1,0,1,0,0,0,1,1,1,1,1,1,0,0,0,1,0,0,1,0,0,0,1,0,0.624233
1,0,1,0,1,1,0,1,0,1,0,1,0,0,1,0,1,0,0,1,1,0,1,0,0,0,1,1,1,1,0,0,0.623556
1,0,0,0,1,0,1,1,0,1,0,1,1,1,0,1,0,1,1,1,0,0,1,0,1,0,0,1,1,1,1,1,0.626713
1,0,1,1,1,1,0,0,0,1,0,1,0,1,1,1,0,0,1,1,0,0,0,1,1,1,0,1,0,1,1,1,0.589858
0,1,1,0,1,1,1,1,0,0,0,0,1,1,1,0,1,1,1,1,1,1,0,1,0,0,1,0,0,1,1,0,0.600782
0,0,1,1,1,0,0,1,1,1,0,1,0,1,1,0,0,0,0,1,0,0,1,1,0,1,1,1,1,0,0,1,0.637487
1,0,1,0,0,0,0,0,1,0,1,1,1,0,1,0,1,0,0,1,1,1,0,0,0,0,0,0,1,0,0,1,0.619848
0,1,1,0,1,1,0,1,1,0,1,1,0,1,0,1,0,1,0,0,0,1,1,0,1,0,1,1,1,0,0,0,0.620575
0,1,0,1,0,1,0,1,0,0,0,1,0,1,1,1,0,0,1,1,1,1,1,1,1,1,1,1,1,0,0,1,0.618971
0,0,0,0,0,0,0,1,1,1,1,1,1,0,0,0,0,1,0,1,0,0,0,1,0,1,1,0,0,0,1,1,0.611580
1,0,0,0,1,0,0,0,1,1,1,0,1,0,0,1,1,1,1,1,1,1,0,0,1,0,1,0,0,0,0,0,0.632300
1,0,0,1,0,1,1,0,0,1,1,0,0,0,0,1,1,0,0,0,0,1,1,1,1,1,0,0,1,1,1,0,0.609025
1,1,1,1,1,1,1,1,0,1,1,0,0,0,1,0,0,1,0,1,0,1,0,1,0,1,1,1,0,1,1,0,0.623456
1,1,1,0,0,0,1,0,0,0,0,0,0,0,1,0,0,0,0,1,0,0,1,0,1,1,0,0,1,0,1,1,0.627941
0,1,0,0,1,0,0,1,0,1,0,1,1,1,0,0,1,0,0,0,0,1,1,1,0,1,1,1,0,1,1,1,0.632826
0,0,0,1,1,1,0,1,1,1,1,0,0,0,0,1,1,1,1,0,0,0,1,0,1,1,1,0,1,1,0,0,0.619297
0,1,1,1,0,1,1,0,1,1,0,1,1,1,0,0,0,1,0,0,1,0,1,1,0,1,0,1,1,1,1,0,0.628818
0,0,0,0,0,0,0,1,0,0,0,1,0,1,0,0,0,0,1,1,0,0,1,1,0,1,0,0,1,1,1,0,0.552201
0,0,0,1,1,0,0,1,0,1,0,0,0,1,0,1,1,1,1,0,1,0,1,1,0,0,1,1,1,0,0,0,0.602561
1,1,0,1,0,0,1,1,0,0,0,1,0,1,1,0,1,0,0,1,0,0,0,1,1,1,1,1,1,0,0,1,0.629294
1,0,1,0,0,1,0,0,1,0,0,1,0,0,0,1,0,0,1,0,1,1,0,1,0,0,1,0,1,1,1,1,0.596247
1,1,1,0,0,1,1,0,0,0,0,0,1,1,1,0,1,1,0,0,0,1,0,1,0,0,1,1,0,0,0,1,0.618996
0,0,1,1,1,1,0,1,1,1,1,0,0,0,1,0,1,0,1,1,0,1,0,0,0,0,1,1,1,0,0,0,0.648310
0,1,1,1,0,1,1,1,1,1,0,0,0,1,1,0,1,1,0,1,0,0,1,1,0,1,1,1,1,1,0,0,0.627089
1,0,0,0,0,0,0,0,1,1,0,1,0,1,0,1,0,1,0,1,1,0,0,0,1,1,1,1,1,1,0,1,0.634330
1,1,0,1,0,0,1,1,0,0,1,1,0,0,0,0,0,0,1,0,1,1,0,0,0,1,0,0,1,1,0,1,0.611029
1,1,0,0,1,0,0,0,0,0,1,0,1,0,0,0,0,0,0,0,1,0,1,1,0,0,0,1,0,0,1,0,0.542881
1,1,1,0,1,0,0,0,0,0,0,0,1,0,0,1,1,1,0,0,1,0,1,1,1,1,1,0,1,0,0,0,0.624759
0,1,1,0,0,1,0,0,1,0,0,0,1,0,1,0,1,0,1,1,1,0,1,0,1,0,0,0,0,1,0,1,0.613058
1,1,1,1,0,1,1,0,1,1,1,0,1,0,1,0,1,0,1,0,1,1,0,1,0,0,0,1,0,1,1,0,0.622830
1,0,1,0,1,0,1,0,0,1,0,0,1,1,1,1,1,1,1,0,0,1,1,0,1,0,1,1,0,0,0,0,0.610728
0,1,0,1,1,1,0,0,1,0,0,0,0,0,0,0,1,0,0,1,1,1,1,0,1,0,1,1,1,1,1,0,0.603287
1,0,0,0,1,1,1,0,0,1,0,1,0,0,0,1,0,1,0,1,1,1,1,0,1,0,1,0,0,0,0,0,0.597875
0,0,0,1,1,0,1,0,0,1,1,0,0,0,1,0,1,0,1,1,1,0,1,0,1,0,1,1,0,0,1,0,0.607672
0,0,0,0,1,1,0,0,1,0,1,0,0,1,1,0,0,1,1,0,1,1,0,1,0,1,0,0,1,1,0,1,0.550973
1,0,1,0,0,1,0,1,1,0,0,0,1,1,0,1,0,1,0,0,0,1,0,1,1,0,1,0,0,1,0,0,0.606043
1,1,1,0,1,1,0,0,0,1,0,0,1,1,0,1,1,1,0,1,0,1,0,0,1,1,0,0,1,0,1,1,0.633252
1,0,0,1,0,0,0,1,0,0,1,1,1,1,1,0,0,0,0,0,1,0,0,0,0,0,1,1,1,0,0,1,0.603513
1,0,0,1,1,0,0,1,1,0,0,1,0,0,0,1,1,0,1,1,0,1,0,0,1,1,0,0,1,0,1,1,0.619898
0,0,1,1,0,0,0,1,0,1,0,1,1,1,0,0,0,0,0,0,0,1,1,1,0,0,0,1,0,1,1,1,0.629444
1,1,0,0,1,1,0,1,1,0,0,0,1,1,1,0,1,1,0,0,1,1,1,1,1,0,1,1,0,0,0,0,0.622153
1,1,1,1,1,0,0,0,1,0,1,1,0,1,1,1,1,0,1,1,0,0,1,1,1,1,1,1,1,0,1,0,0.683913
1,0,0,0,1,0,1,0,0,1,0,0,0,0,1,0,1,1,0,1,1,0,0,0,0,0,0,1,1,0,1,0,0.611305
0,1,1,0,0,0,1,0,1,1,1,0,1,1,0,1,1,0,0,0,1,0,0,1,0,0,1,1,1,1,0,1,0.621076
1,1,0,1,1,0,1,1,0,1,1,0,0,1,0,1,1,1,0,1,0,0,0,1,1,1,1,0,0,1,0,0,0.624609
1,0,1,1,0,1,0,1,0,0,0,1,1,0,0,1,1,1,1,1,1,0,0,0,1,1,1,0,0,1,1,0,0.620424
0,0,0,0,1,1,0,0,1,0,1,0,0,0,1,1,1,1,0,0,0,0,0,1,1,1,0,0,1,0,1,1,0.636259
1,0,0,0,0,1,0,1,1,0,1,0,0,0,1,1,0,1,1,0,1,0,1,1,1,0,1,0,0,1,0,0,0.605016
1,1,0,0,0,0,1,1,0,0,0,0,0,1,1,0,0,0,1,0,0,0,0,1,0,1,0,1,0,0,0,0,0.604214
0,0,1,1,0,0,0,0,0,1,0,1,1,0,0,0,1,0,1,1,0,1,1,1,0,0,1,1,1,1,0,0,0.631674
1,1,1,1,0,0,0,0,0,0,0,1,0,0,1,0,0,0,0,1,1,1,0,0,1,1,0,1,0,0,0,1,0.612156
1,1,0,0,1,0,0,0,1,1,0,0,0,0,1,1,0,0,0,0,0,0,0,0,0,1,0,1,1,1,1,1,0.635733
1,1,0,1,1,0,0,0,0,1,0,0,0,0,0,1,1,1,1,0,1,1,0,1,0,1,1,0,0,0,0,0,0.611204
1,1,0,0,0,1,1,0,0,1,1,1,0,1,0,1,1,0,1,0,0,1,1,0,0,1,1,0,1,1,0,0,0.617869
0,1,0,0,0,0,1,0,1,1,0,1,0,1,0,0,0,1,0,1,1,1,0,0,1,1,0,0,1,1,1,0,0.635482
1,0,0,0,0,1,1,0,1,1,1,0,1,1,1,1,0,1,1,1,0,1,0,1,0,1,1,1,1,0,1,0,0.619798
0,0,0,0,1,0,0,1,1,1,0,0,0,0,1,1,0,0,1,1,1,1,1,1,0,1,0,1,1,1,0,1,0.566532
0,0,1,0,1,0,0,1,1,0,0,0,0,1,0,0,0,1,1,0,0,0,1,1,1,0,1,0,0,0,0,0,0.606895
1,1,1,0,0,0,0,0,0,0,1,1,0,0,1,1,0,0,0,0,0,0,0,1,0,0,1,1,0,1,0,0,0.612081
0,1,0,0,1,1,1,0,0,1,0,1,1,1,0,1,1,1,0,1,0,0,0,0,0,1,1,0,0,1,1,0,0.606619
0,0,1,0,1,1,1,1,0,1,1,0,0,0,0,1,0,1,0,0,1,0,0,0,1,1,0,1,1,1,0,0,0.608949
1,1,1,1,1,0,0,1,1,0,0,1,0,0,1,0,1,0,1,1,0,1,1,0,0,1,0,0,0,1,1,0,0.615589
1,0,0,1,0,1,0,1,1,1,0,1,0,1,0,1,0,0,1,0,1,1,1,0,1,0,1,1,0,0,1,0,0.636509
0,0,0,0,0,1,1,0,1,0,1,0,1,1,0,1,0,0,1,1,0,0,0,0,1,1,0,1,1,1,1,0,0.610703
1,0,1,0,0,1,0,1,0,0,0,0,1,1,1,0,1,1,1,1,0,1,0,0,1,0,0,0,0,1,0,1,0.616290
0,1,1,0,1,0,0,0,0,1,1,1,0,1,0,1,1,0,0,0,1,1,1,1,0,0,1,1,1,1,1,1,0.622729
1,1,1,1,0,1,0,1,1,1,1,0,1,0,1,1,1,1,1,0,0,0,1,1,1,0,0,0,1,1,0,1,0.607647
1,1,1,0,0,1,0,1,0,0,0,0,0,0,0,0,0,0,0,1,1,0,0,0,0,1,1,1,0,0,1,1,0.612733
0,1,0,1,0,1,1,0,0,0,0,1,0,0,0,1,0,0,0,0,1,0,1,0,0,0,0,0,0,0,1,0,0.552677
1,1,1,0,0,0,1,0,0,0,1,1,1,1,0,1,0,0,0,0,1,0,0,1,0,1,1,1,0,0,1,0,0.622704
0,0,0,0,1,0,1,1,0,1,0,1,1,0,0,1,0,0,1,1,0,1,0,0,0,1,1,1,1,0,1,0,0.525568
1,0,0,1,0,0,0,1,0,1,0,1,1,1,0,0,1,0,0,0,0,1,1,0,0,0,0,1,1,1,1,1,0.619021
0,1,1,1,0,0,1,1,1,0,1,1,1,0,0,1,1,0,0,0,0,0,0,1,1,0,1,0,0,1,0,0,0.635507
1,0,0,0,1,1,0,1,0,0,1,0,1,1,1,1,1,1,0,0,1,0,1,0,0,1,0,0,1,0,1,0,0.623581
0,0,1,1,1,1,1,1,0,0,0,1,0,1,0,0,1,1,0,1,0,1,0,0,0,1,1,1,0,0,1,1,0.649237
0,0,1,0,0,0,0,1,0,0,1,0,1,1,1,1,1,0,0,1,0,0,1,1,0,0,0,0,0,0,1,1,0.610603
0,0,1,0,1,0,1,0,0,0,1,0,1,0,1,0,1,1,0,0,0,0,1,0,1,0,0,1,1,1,0,0,0.603838
0,1,0,0,0,1,1,1,0,1,1,0,1,0,0,0,1,1,1,0,1,0,0,0,1,0,0,0,1,0,0,0,0.604239
1,1,0,0,0,0,1,1,0,0,1,0,1,0,1,0,0,1,0,1,1,1,0,0,1,1,1,1,0,1,1,1,0.628191
1,1,0,1,0,0,0,1,0,0,0,1,0,0,1,0,1,0,0,0,0,1,0,0,0,0,0,0,1,0,0,0,0.623707
0,0,0,1,0,1,0,1,1,0,1,1,0,0,1,1,0,1,0,1,1,1,1,0,0,0,0,0,0,0,1,0,0.607772
1,1,0,1,1,1,1,0,0,0,0,1,0,1,1,0,0,0,0,0,1,0,0,0,0,1,0,1,1,0,1,1,0.545486
1,1,1,1,1,1,1,1,1,1,1,0,0,1,0,1,1,0,1,1,1,1,0,1,1,1,0,1,1,0,0,1,0.633503
0,0,0,0,1,1,1,1,1,1,0,1,0,0,1,1,0,0,0,0,1,1,0,0,1,1,1,1,1,1,1,0,0.628617
1,0,0,1,0,0,1,0,0,1,1,0,0,0,0,1,1,0,0,0,1,0,1,0,1,1,1,1,1,1,1,0,0.615890
0,0,1,1,0,0,1,1,0,1,0,1,1,1,1,0,0,0,0,0,1,0,1,0,1,0,0,1,0,1,0,0,0.609050
1,1,1,1,1,0,1,1,1,0,1,1,1,1,0,1,1,1,1,0,0,1,0,1,1,0,0,1,0,1,0,1,0.618370
0,0,1,1,1,1,0,0,1,1,1,1,1,0,1,1,1,1,0,0,1,1,1,0,1,0,0,0,1,0,0,1,0.633854
1,1,0,0,1,1,0,1,0,1,1,0,1,0,1,1,1,0,0,0,0,0,0,0,1,1,1,1,1,0,1,1,0.626162
1,0,1,1,0,1,0,1,0,0,0,1,0,1,0,0,0,0,0,1,1,0,1,0,1,0,1,0,1,1,1,1,0.613810
1,0,0,1,0,0,0,0,0,1,0,0,1,0,1,0,1,1,1,1,1,1,0,1,0,1,1,1,0,1,0,1,0.646331
1,1,1,1,0,0,0,1,0,1,1,1,0,1,0,0,0,1,1,0,1,1,0,0,0,0,1,1,1,0,1,1,0.621101
0,0,0,0,0,1,1,1,1,0,1,0,1,1,0,1,0,1,1,0,0,0,0,1,0,1,1,1,0,0,1,1,0.610052
0,1,0,0,0,1,0,0,0,0,1,0,0,0,0,1,0,1,0,1,0,0,0,0,0,1,1,0,0,1,1,0,0.596347
0,0,0,0,0,1,0,0,1,0,0,1,0,0,1,1,0,1,0,1,1,1,1,0,1,0,0,1,0,0,0,1,0.592764
1,1,0,1,1,0,1,1,0,1,0,0,1,1,0,0,0,1,0,0,1,0,0,0,0,1,0,0,1,1,1,1,0.626337
1,0,0,1,0,1,0,0,1,0,1,0,0,1,1,0,1,1,0,0,1,0,1,0,0,1,1,0,1,0,0,1,0.621552
0,1,1,0,0,0,0,0,0,1,0,1,0,1,1,1,1,0,1,1,0,1,1,1,0,1,0,1,0,1,1,1,0.602886
0,0,0,0,1,0,1,1,0,1,0,0,0,0,0,1,0,1,0,0,0,0,0,0,1,1,1,0,0,1,0,0,0.536291
1,0,0,1,1,1,0,0,1,0,0,1,0,1,1,0,0,1,1,0,1,1,0,1,0,0,0,1,1,1,0,0,0.614286
1,1,0,0,1,1,0,0,1,1,1,1,1,1,1,1,0,0,1,0,0,1,0,0,1,1,0,1,0,1,0,1,0.636434
0,1,0,0,1,0,1,1,1,0,1,1,1,1,0,1,0,0,1,0,1,1,1,1,0,1,1,0,0,0,0,0,0.586902
0,0,1,0,1,0,0,0,0,1,0,1,1,0,1,1,0,0,1,0,1,1,0,0,0,1,0,0,1,1,0,0,0.591386
0,0,0,0,1,0,0,1,1,1,0,0,1,1,1,1,0,1,1,0,1,1,1,0,1,0,0,0,0,0,1,0,0.650916
0,1,0,1,0,1,0,1,0,1,0,1,1,1,1,1,1,0,0,1,1,1,1,0,1,1,1,0,0,0,1,0,0.611680
0,1,0,1,0,0,0,1,1,1,0,0,0,0,0,1,0,1,0,0,1,1,1,0,1,1,0,1,0,1,0,0,0.629244
1,0,1,0,1,0,1,1,0,0,0,1,1,0,1,0,0,1,1,1,0,1,0,1,1,1,1,0,1,0,1,1,0.612006
0,0,0,1,1,0,1,1,1,1,0,1,1,0,1,0,0,0,0,1,1,1,1,1,0,1,1,1,1,0,1,0,0.624533
0,0,1,1,1,1,0,0,1,0,0,1,1,1,0,1,0,0,1,0,1,1,0,1,0,0,0,0,1,1,0,0,0.593240
0,1,0,1,0,0,0,1,0,0,0,1,1,1,0,1,0,1,1,1,1,1,1,0,1,1,0,0,0,1,1,1,0.611229
1,1,0,0,0,0,0,0,0,0,1,1,0,1,0,0,1,0,1,0,1,1,0,1,1,1,1,0,0,0,0,0,0.616766
1,0,1,1,1,1,0,1,0,1,1,0,0,1,0,0,0,0,0,1,1,1,0,0,1,1,1,1,0,0,1,0,0.626438
1,0,0,0,0,0,1,1,1,1,1,1,1,0,0,0,1,1,1,0,0,0,0,0,0,0,0,1,1,0,0,0,0.621101
0,1,0,1,0,0,1,1,0,0,0,0,0,1,0,0,0,0,0,0,1,1,1,0,0,0,1,1,0,0,0,1,0.570090
1,0,1,1,0,0,0,1,1,1,0,1,1,0,1,0,0,1,1,1,1,0,0,0,0,1,0,0,1,1,1,1,0.661464
0,1,1,1,0,0,0,1,1,1,0,0,1,0,1,0,1,1,1,1,1,0,0,1,0,1,1,0,0,1,1,1,0.614111
0,1,0,0,1,0,0,0,1,1,0,1,0,0,0,0,0,1,1,1,1,1,1,1,1,1,0,1,1,1,0,1,0.647609
0,0,0,0,1,0,1,1,1,1,0,1,0,0,1,0,0,0,1,1,0,0,1,0,1,0,0,0,1,0,1,1,0.628392
1,0,0,1,1,0,1,0,0,1,0,0,0,1,0,0,0,1,1,0,0,0,0,1,0,0,1,0,1,1,0,0,0.618069
1,1,1,0,0,1,0,0,0,1,0,0,1,1,0,1,1,0,0,0,1,0,1,0,0,0,0,0,1,1,1,0,0.600556
0,0,0,0,1,0,0,0,1,0,0,1,1,0,1,0,1,0,0,1,0,1,0,0,0,0,0,1,0,0,1,1,0.593040
1,1,1,0,0,0,0,1,1,0,1,1,1,1,1,1,1,0,1,1,0,1,0,0,0,0,1,0,1,1,0,1,0.616441
1,0,1,1,0,0,1,0,0,0,1,1,1,1,0,1,0,1,1,0,1,0,1,1,1,0,1,0,1,0,0,1,0.604139
0,0,0,1,1,1,1,1,0,0,1,1,0,0,1,0,0,0,0,1,0,0,0,0,0,1,1,0,1,1,0,0,0.574449
0,0,1,1,0,0,0,0,1,0,1,0,0,0,1,0,1,1,0,1,1,1,1,0,0,1,1,0,1,1,1,0,0.635156
1,0,1,0,1,1,0,0,1,0,0,1,1,1,1,1,0,1,1,1,1,0,0,1,1,1,1,0,1,1,0,0,0.614136
0,0,0,0,1,0,1,0,1,1,0,1,0,0,1,1,1,0,0,1,1,1,0,0,0,1,0,1,1,0,1,0,0.601358
0,0,0,0,1,0,1,0,0,1,1,0,0,1,1,0,1,0,0,1,1,0,0,0,0,0,1,0,0,1,0,1,0.593541
1,1,1,1,0,1,1,0,0,1,0,1,0,0,0,1,0,0,0,1,1,0,0,1,1,0,0,0,1,1,0,1,0.611781
1,1,0,0,0,0,1,0,0,0,0,0,0,0,1,0,0,1,0,1,0,1,0,0,1,0,0,0,0,0,0,1,0.622354
0,1,1,1,1,1,0,1,1,0,0,1,0,0,0,1,1,0,1,0,0,1,1,0,1,0,0,0,0,0,1,0,0.612708
1,1,1,1,0,0,1,0,1,0,0,0,0,1,1,1,1,0,0,0,0,0,1,1,1,1,0,0,1,1,1,1,0.590534
1,1,0,1,1,1,0,1,0,1,0,0,0,0,1,0,1,1,0,1,0,0,1,1,0,1,1,1,0,0,1,0,0.618620
0,1,1,1,0,1,1,0,0,1,0,0,1,0,0,1,0,0,0,0,0,0,1,1,0,1,0,0,0,1,1,0,0.610177
0,1,1,1,0,1,1,1,1,0,0,1,0,0,0,0,1,0,1,1,0,0,0,1,1,1,1,0,1,0,1,0,0.615414
1,1,0,0,1,0,1,0,1,0,1,1,0,1,0,1,0,0,0,1,1,0,1,0,1,1,0,1,0,1,0,1,0.610728
0,0,0,1,0,0,0,0,1,0,1,1,0,0,1,0,1,1,1,1,1,0,0,1,0,0,0,0,0,0,1,0,0.619948
0,1,0,1,0,0,0,0,0,1,0,0,0,1,1,1,0,1,1,0,1,0,0,1,1,0,1,0,1,1,0,1,0.612482
0,0,1,1,1,1,1,0,1,0,1,0,1,0,1,0,0,0,1,1,0,1,1,0,0,0,0,1,0,0,1,1,0.629143
0,0,1,0,1,0,1,1,1,0,0,0,1,0,1,0,1,0,0,1,1,0,0,1,0,1,1,1,1,1,0,0,0.614637
1,1,1,0,0,1,0,0,1,0,0,1,1,0,1,0,0,1,0,1,0,0,1,0,1,1,1,1,1,1,0,1,0.635357
0,0,0,0,0,0,1,1,1,0,0,0,0,0,0,1,1,0,0,0,0,1,0,0,0,1,0,1,1,1,0,0,0.580588
1,0,1,0,1,1,1,0,1,1,1,0,1,1,1,0,1,1,1,0,1,1,0,1,1,1,1,0,1,0,0,0,0.635482
1,1,0,0,0,0,0,1,0,0,1,0,1,1,1,1,0,1,0,1,0,0,0,1,0,1,1,0,0,0,0,1,0.612382
0,1,0,1,0,0,0,1,1,1,1,1,0,1,1,1,0,1,1,0,0,1,1,0,1,1,1,1,1,1,1,1,0.635332
1,0,1,0,1,0,0,1,1,0,1,0,0,0,0,1,1,1,1,1,0,0,1,0,1,0,1,0,1,1,0,1,0.599679
1,0,0,0,0,0,0,0,0,0,0,0,0,0,1,1,1,0,0,0,0,0,0,1,0,0,1,0,1,0,1,0,0.625961
1,0,0,0,0,0,1,1,1,1,1,1,1,1,1,1,1,1,0,0,0,1,0,0,1,1,1,0,0,1,1,0,0.640243
1,0,1,0,0,0,0,0,1,0,0,1,0,0,1,1,1,1,0,1,1,1,0,1,1,1,0,0,1,0,0,1,0.627515
1,1,0,1,0,0,0,1,0,1,0,1,1,1,0,0,1,0,0,0,0,1,0,1,0,1,0,1,1,1,0,1,0.632125
0,1,1,1,0,0,1,0,1,1,0,0,0,0,1,0,1,0,0,0,1,0,0,1,1,0,1,1,1,0,0,1,0.625485
1,0,1,0,0,0,0,0,0,0,1,1,0,0,1,1,0,1,0,0,1,0,0,1,0,0,1,1,0,1,0,1,0.611029
0,0,0,0,1,0,0,0,1,0,1,1,0,0,0,0,1,1,0,1,1,1,0,0,0,0,1,1,0,1,0,1,0.635131
0,0,1,1,1,0,1,1,0,0,0,1,1,0,1,1,1,1,0,1,1,1,1,0,1,1,0,1,0,1,0,1,0.614562
1,1,0,0,0,0,1,0,0,0,0,1,1,0,0,0,1,0,1,1,1,1,1,0,0,0,0,0,0,0,0,0,0.625611
0,0,1,1,0,0,0,1,0,0,1,1,1,0,1,1,1,1,0,0,0,0,0,1,1,1,1,1,0,0,1,0,0.649362
0,0,1,1,1,1,0,1,1,0,0,0,0,1,0,0,1,1,0,0,1,1,1,1,1,1,0,1,0,0,1,0,0.591161
0,0,0,1,1,1,0,0,0,1,1,0,1,0,0,1,0,0,0,0,0,0,1,0,0,0,0,0,0,1,1,0,0.530754
0,0,1,1,0,0,0,1,0,0,0,1,1,0,1,1,0,1,0,0,1,1,1,0,1,1,0,0,0,0,1,1,0.629244
1,0,1,0,0,0,1,1,0,0,1,1,0,0,0,1,0,0,0,0,1,0,1,0,0,0,1,0,0,1,0,1,0.602510
0,1,1,1,0,0,0,1,1,1,0,0,0,0,1,1,0,1,0,1,1,1,0,0,0,1,0,1,0,1,0,1,0.618996
0,1,1,0,0,0,0,1,0,0,0,1,1,1,1,1,0,1,0,1,0,1,0,0,1,0,0,0,0,1,0,0,0.601358
0,0,1,1,0,0,1,0,0,0,0,0,1,1,1,1,0,0,0,0,0,1,1,1,0,1,1,0,0,1,0,0,0.584747
0,1,1,0,0,0,1,0,0,0,0,1,1,1,1,0,1,1,1,0,1,1,0,0,0,1,0,0,0,1,1,0,0.621502
1,0,1,0,0,1,1,1,0,1,1,1,1,1,0,1,1,0,1,1,1,0,1,0,1,1,1,1,1,0,1,1,0.630521
1,1,0,0,1,1,1,1,1,1,0,1,1,1,1,1,0,0,0,1,0,1,1,0,0,0,1,0,0,0,0,0,0.605768
0,0,1,0,0,0,1,1,0,0,1,1,1,0,1,0,0,1,1,1,1,0,0,1,0,0,0,1,1,0,0,1,0.621577
0,0,1,1,0,0,0,0,1,0,1,0,0,1,1,0,0,1,1,1,0,0,0,1,1,1,1,0,0,0,1,1,0.636885
1,0,0,1,0,1,0,1,0,0,1,1,0,0,1,0,0,1,0,1,1,1,0,0,1,0,0,1,0,1,0,1,0.614211
0,0,1,0,0,0,0,0,0,1,0,1,1,1,1,1,1,1,0,0,1,0,0,1,1,0,1,1,0,1,0,1,0.612783
1,1,0,0,0,0,1,1,0,0,0,1,0,1,0,1,1,1,0,0,0,0,1,0,1,1,0,0,1,1,1,1,0.624107
1,0,0,1,1,0,0,0,1,1,1,1,1,1,0,0,1,1,1,1,0,1,1,1,1,1,1,1,1,0,0,0,0.625961
0,0,1,0,0,1,0,0,1,0,1,0,0,1,0,0,0,1,1,1,0,1,0,1,0,1,1,1,0,0,0,1,0.623155
0,0,1,1,0,1,1,0,0,0,1,0,1,0,0,1,0,0,0,1,1,0,1,0,0,1,1,0,1,1,1,0,0.603788
1,0,0,0,0,0,1,1,1,1,0,0,0,1,0,0,0,0,1,0,1,0,1,0,0,0,0,0,0,0,1,0,0.610603
0,0,0,1,0,1,0,1,1,1,1,0,0,0,1,0,0,1,1,1,1,1,0,0,0,1,0,0,0,1,1,1,0.605141
1,1,1,0,1,0,0,0,1,0,0,1,1,1,0,1,1,1,1,1,0,1,1,1,1,1,1,1,1,0,1,0,0.630571
1,1,1,1,1,1,1,1,0,1,1,0,1,0,1,0,0,1,1,0,1,0,1,1,1,0,1,1,0,0,0,0,0.643249
0,0,1,0,1,1,0,0,1,0,0,1,0,1,1,0,0,1,0,0,0,1,1,1,0,0,0,1,1,1,1,1,0.576253
0,1,1,0,1,1,1,0,1,1,1,0,0,0,0,0,1,1,1,1,1,1,1,1,0,1,0,1,1,1,0,0,0.627690
0,0,1,0,0,0,0,0,0,0,0,1,0,0,1,1,0,1,1,1,1,1,1,1,0,1,0,0,1,1,0,0,0.597550
1,1,1,1,0,1,0,0,0,1,0,1,0,0,0,0,0,0,1,0,0,1,1,0,0,0,1,1,1,0,0,1,0.623231
0,1,1,0,1,0,0,1,1,0,0,0,1,1,1,0,0,1,0,1,1,1,1,1,0,0,0,0,0,1,1,0,0.570416
1,0,0,1,1,1,0,0,1,1,0,1,0,0,1,0,1,1,1,0,0,0,0,1,1,0,0,1,1,0,0,0,0.626137
1,0,0,0,1,1,0,0,1,0,0,0,0,0,0,0,0,0,1,1,0,0,0,1,0,0,1,0,0,0,1,1,0.628492
0,1,1,0,1,0,1,0,0,1,1,1,0,1,0,0,1,1,1,0,0,0,1,1,1,0,0,1,1,1,0,1,0.634781
1,1,1,1,1,1,1,1,1,1,0,1,0,0,0,0,0,1,1,1,0,0,1,1,1,0,1,0,1,1,0,1,0.622955
0,0,1,1,0,0,1,0,0,0,1,0,0,0,1,1,1,0,0,1,1,1,1,0,1,0,0,1,1,1,1,0,0.621326
1,0,0,0,1,0,0,0,0,0,1,1,0,1,0,0,1,1,0,1,1,1,1,0,0,0,0,1,1,1,0,1,0.637111
0,1,1,0,0,1,0,0,0,1,0,1,0,1,1,0,0,1,0,1,0,0,0,1,0,1,0,0,1,0,0,0,0.609701
1,1,1,0,1,1,0,0,1,0,1,1,1,1,0,0,0,0,1,0,0,1,0,1,1,0,0,1,0,0,0,0,0.621928
1,0,0,1,0,0,0,0,0,0,0,1,1,0,1,1,1,1,0,0,1,1,1,0,1,0,0,0,0,0,0,0,0.624659
1,0,0,0,1,1,1,0,0,0,0,0,0,0,1,0,1,0,1,0,1,0,1,1,1,0,0,0,0,1,0,0,0.578458
0,1,0,0,0,0,1,0,1,0,1,0,1,0,0,0,0,1,0,1,1,1,0,0,1,0,0,0,1,1,0,1,0.621827
0,0,1,1,0,0,1,1,1,0,1,1,1,1,1,1,0,1,1,1,0,1,0,1,1,0,0,0,0,1,0,0,0.619923
0,1,1,0,0,1,1,1,1,0,1,1,0,0,0,0,1,0,1,0,0,1,0,1,1,0,0,0,0,0,1,0,0.616967
1,1,0,0,0,1,0,0,1,1,0,0,0,1,0,0,0,1,1,0,0,1,0,0,0,0,1,0,0,0,1,0,0.614487
0,0,0,1,1,1,0,1,1,0,0,0,0,0,1,0,0,1,0,1,1,1,1,0,0,0,0,0,1,1,0,0,0.580412
1,1,0,1,1,1,0,0,1,1,0,1,1,1,1,0,1,0,1,0,1,0,0,1,0,0,1,0,0,1,1,1,0.612156
1,1,1,0,1,1,0,1,0,0,1,1,1,1,1,0,0,0,1,0,0,1,1,1,0,0,0,1,0,1,0,1,0.606720
1,0,0,0,1,0,1,1,1,1,1,0,1,1,0,0,0,1,1,0,0,0,0,0,0,0,1,1,0,1,1,0,0.600055
1,0,0,0,1,1,0,1,1,1,1,0,0,1,1,1,1,0,0,1,0,0,0,0,0,0,0,0,0,1,0,1,0.634004
1,0,1,0,0,0,1,0,1,1,1,1,1,1,0,1,1,1,1,1,0,1,0,1,0,0,0,1,0,1,0,0,0.633678
0,1,0,1,1,0,0,0,1,0,0,0,0,0,0,1,1,1,0,1,1,1,1,0,1,0,1,0,0,0,0,1,0.608448
0,0,1,0,0,0,0,1,1,1,1,1,1,0,1,1,1,0,0,1,0,1,0,0,0,1,1,1,1,1,1,0,0.638163
1,0,1,0,0,0,0,0,0,1,1,1,0,1,0,1,1,0,0,0,0,0,0,0,0,0,1,0,1,1,0,1,0.616741
0,1,1,1,1,0,1,0,0,1,1,1,1,1,0,0,0,0,1,0,0,0,0,1,0,0,1,1,1,0,1,0,0.625711
1,1,1,1,0,1,1,1,0,0,1,0,1,1,1,0,1,0,1,1,0,0,1,1,1,0,1,1,0,0,0,1,0.651141
0,1,0,1,0,1,0,1,0,1,0,0,0,0,0,1,0,1,0,1,0,1,1,1,1,0,0,1,1,1,1,0,0.628492
0,0,0,1,0,1,1,0,1,1,0,0,0,0,0,1,0,1,1,0,1,0,0,1,1,1,1,0,1,0,0,1,0.604440
0,0,0,0,1,1,0,1,1,0,0,1,1,0,0,1,1,0,0,1,0,0,0,1,0,1,1,1,0,1,0,1,0.624308
1,1,1,1,0,0,0,0,1,0,1,1,0,0,0,0,0,0,1,1,0,1,0,1,0,0,0,0,1,0,0,0,0.612758
1,0,0,1,0,1,0,0,1,1,1,0,1,0,1,0,0,0,0,0,0,0,1,0,1,1,0,0,0,0,0,0,0.641671
0,0,1,1,0,1,0,1,1,1,1,1,0,0,0,1,1,0,0,1,1,1,0,1,0,0,1,1,0,1,0,0,0.624709
1,0,1,0,0,1,1,1,1,1,1,0,0,0,1,1,0,0,0,1,1,1,0,0,0,1,1,0,1,1,0,0,0.621251
0,0,0,1,1,0,1,0,1,0,0,0,1,1,0,1,0,0,0,1,0,0,0,1,1,0,0,0,0,0,1,1,0.615789
1,0,1,1,0,1,0,0,1,1,0,0,0,0,0,0,1,1,0,0,0,0,1,1,0,1,1,0,0,0,0,1,0.663869
1,0,1,0,0,0,0,0,1,1,0,1,1,1,0,1,1,0,0,0,0,1,0,0,1,0,0,0,0,0,1,0,0.612683
1,1,1,0,0,0,0,0,0,0,1,0,0,1,1,0,1,0,0,1,0,1,0,0,0,0,0,0,0,0,0,1,0.625786
1,1,0,1,0,0,1,1,1,1,0,1,1,1,1,1,0,0,1,0,1,1,0,0,0,0,1,0,0,0,1,0,0.625736
1,0,1,1,1,0,1,1,1,1,1,0,1,0,0,0,1,0,0,1,1,0,0,0,0,1,0,1,1,0,1,1,0.681282
0,1,1,1,0,1,1,1,0,0,1,0,1,1,0,0,0,1,0,0,0,1,0,1,1,1,0,0,1,1,1,0,0.617243
1,1,1,1,1,1,0,0,0,1,0,0,1,0,1,1,0,1,0,0,0,0,1,1,1,1,1,0,0,0,1,1,0.625009
1,1,1,0,1,1,1,0,0,0,1,1,1,0,1,1,0,1,0,0,1,1,1,0,0,0,1,0,1,1,1,0,0.576303
1,1,1,0,0,0,0,1,0,0,0,1,0,1,0,0,0,0,1,1,1,1,1,1,0,1,1,1,0,0,0,0,0.628843
0,1,1,0,1,0,1,0,0,0,0,0,0,0,0,0,1,1,0,1,1,0,1,1,0,0,0,0,0,0,1,1,0.628943
0,1,0,0,0,1,0,0,0,0,0,1,1,1,1,1,0,0,1,1,1,0,1,1,1,1,0,0,0,0,1,1,0.592689
0,1,0,1,1,1,1,0,0,0,1,0,1,0,1,0,0,0,0,1,0,1,0,0,1,0,0,1,1,1,1,1,0.594944
0,1,0,0,0,0,1,1,1,0,1,1,0,1,0,1,1,1,1,1,1,1,0,0,1,1,1,1,1,1,0,0,0.628216
1,1,1,1,0,1,1,0,1,1,0,1,1,1,0,1,1,1,1,1,1,1,0,0,0,1,0,1,1,0,1,0,0.629895
0,1,1,1,1,1,1,1,0,0,0,0,0,1,0,0,1,1,0,0,1,0,0,1,0,1,1,0,0,0,0,1,0.635808
0,0,0,0,0,1,0,0,1,0,0,1,0,1,1,0,0,0,1,0,1,1,1,0,0,0,0,1,1,1,0,1,0.597299
0,0,0,0,0,1,0,1,1,0,1,0,0,1,0,1,0,0,0,0,0,0,0,0,1,1,0,1,1,0,0,1,0.592714
1,0,1,0,0,1,1,1,0,0,1,1,1,1,0,1,0,0,1,1,1,1,0,0,1,0,0,0,1,1,1,1,0.610102
0,1,1,0,0,1,0,0,0,1,1,1,0,1,1,0,1,0,1,0,0,1,0,1,0,1,1,0,1,1,1,0,0.607672
1,1,0,1,1,0,1,1,1,0,1,0,0,1,0,0,0,1,1,1,0,0,0,0,0,1,0,0,0,0,0,1,0.618520
0,1,1,0,0,1,1,0,1,0,0,1,0,1,1,1,0,1,0,0,0,0,0,1,0,0,0,0,0,0,0,0,0.623707
1,0,1,1,0,1,0,0,1,1,0,1,0,1,0,0,1,1,1,1,0,1,0,0,1,1,1,0,1,0,0,0,0.652945
1,1,1,1,1,0,1,0,0,1,0,1,1,0,1,1,0,1,1,1,1,1,0,0,0,0,0,0,0,1,0,1,0.609801
0,0,1,0,0,0,0,0,1,1,0,0,1,1,0,1,0,1,1,0,1,1,1,1,1,0,1,1,0,0,0,1,0.627615
1,1,1,0,0,1,0,1,0,0,0,1,1,1,1,1,1,1,0,1,1,1,0,0,1,1,1,0,0,0,1,0,0.640343
1,1,1,0,0,0,0,1,0,1,0,1,0,1,1,0,1,1,1,0,1,1,0,1,1,0,0,0,0,1,0,0,0.620224
0,0,1,0,1,1,1,0,0,1,0,0,1,1,1,0,0,1,1,0,0,0,0,0,1,1,1,0,0,1,1,0,0.612257
0,0,1,0,0,0,1,1,0,0,1,1,1,0,0,1,0,0,0,1,1,1,1,0,0,1,1,1,0,0,1,1,0.608173
1,1,0,0,1,0,0,1,1,0,0,1,1,1,1,0,1,0,0,0,1,0,0,1,1,1,0,1,0,1,1,0,0.621076
0,1,1,1,0,0,1,0,0,1,0,0,1,0,1,0,1,1,0,1,0,0,0,0,0,0,1,1,1,0,0,0,0.622855
1,0,0,0,1,1,1,0,1,0,0,0,1,1,1,1,0,0,1,1,0,1,0,0,0,1,0,0,1,0,0,1,0.620600
0,1,1,0,1,1,1,0,0,1,1,0,1,0,0,1,1,1,1,0,1,0,0,0,0,0,0,0,1,0,1,1,0.609400
0,0,1,0,0,1,0,1,1,1,0,0,0,0,0,1,0,1,1,0,0,0,0,1,0,1,1,0,1,1,0,1,0.614562
1,1,0,1,1,1,1,1,0,0,1,1,0,1,0,1,1,0,1,1,1,1,1,0,0,0,1,0,1,1,0,0,0.602961
1,0,0,0,1,1,0,0,0,0,0,0,1,0,0,0,1,0,1,0,1,1,1,0,1,1,1,1,1,1,1,1,0.606895
1,0,1,0,1,0,0,0,0,1,1,1,1,0,0,1,0,1,1,0,1,0,0,1,1,0,0,1,1,0,1,1,0.615839
1,1,0,1,1,1,0,0,1,0,1,0,1,1,1,0,1,0,1,0,0,1,1,1,1,1,1,1,0,0,1,1,0.618946
1,0,1,0,0,1,0,0,0,1,0,1,1,0,1,1,1,1,1,1,0,0,1,1,1,1,0,0,0,0,1,1,0.647007
0,0,0,1,1,1,0,1,1,1,1,0,0,1,1,0,1,1,1,0,0,0,0,1,1,1,0,0,0,0,1,0,0.617744
0,0,1,1,1,0,1,0,0,0,1,1,0,1,0,1,0,1,0,0,1,0,0,1,0,1,0,1,0,1,1,1,0.607296
0,1,1,0,0,1,0,0,1,0,0,1,0,0,0,1,1,1,1,1,1,0,0,1,1,0,1,0,0,0,1,0,0.642372
1,0,1,0,0,0,1,0,1,0,1,1,1,1,0,1,0,0,1,1,1,1,0,1,0,1,0,1,1,0,0,1,0.609576
0,0,0,1,0,1,0,0,0,0,0,1,1,0,0,1,0,1,0,1,1,0,1,0,0,1,1,0,1,0,0,0,0.558640
1,0,0,1,1,1,0,1,0,0,1,1,0,1,1,1,0,0,0,1,0,0,1,1,1,1,0,0,0,0,0,1,0.600080
0,1,1,1,0,1,1,1,1,0,1,0,0,1,1,0,1,0,1,0,1,0,1,1,0,0,0,1,0,1,0,1,0.613134
1,1,0,0,1,1,1,0,0,1,0,1,1,0,1,0,1,0,0,1,1,0,0,1,0,0,0,1,1,1,1,0,0.583319
1,0,0,1,0,0,1,1,0,0,1,1,1,0,0,0,1,1,0,1,1,0,1,0,0,0,0,0,1,1,1,0,0.604039
1,0,0,1,1,0,0,0,1,0,1,0,1,1,1,1,1,0,0,1,0,0,1,0,0,0,0,0,1,1,1,1,0.630121
0,1,1,0,1,1,1,0,0,1,1,0,1,0,1,0,0,0,1,1,1,1,0,0,0,0,1,0,0,1,0,0,0.591436
0,1,1,0,0,0,1,1,0,1,0,0,1,1,1,1,1,0,1,1,0,0,1,1,1,0,1,1,0,1,1,1,0.599228
1,1,1,1,0,0,1,1,1,0,0,0,0,0,1,0,0,1,0,0,0,1,1,0,0,0,1,1,0,0,0,1,0.630647
1,1,0,1,1,1,1,1,1,0,0,0,1,0,1,1,1,1,1,0,1,1,1,1,1,1,0,1,0,0,0,1,0.620825
0,0,1,0,0,1,1,0,1,1,0,0,0,1,1,1,1,0,1,1,1,0,0,0,0,0,1,0,0,0,1,0,0.633453
1,0,0,0,0,1,1,1,1,1,1,0,0,0,0,0,0,0,0,1,1,1,1,1,0,0,0,1,0,1,1,0,0.616441
0,0,0,0,0,1,1,0,1,0,0,1,1,1,0,0,0,1,1,0,0,1,1,0,0,1,0,1,0,1,1,1,0.614311
1,1,0,0,0,1,0,0,0,0,0,0,0,1,0,0,0,0,1,0,0,1,1,0,0,1,1,1,0,0,1,0,0.618420
1,1,1,1,1,1,1,1,1,1,0,1,1,0,0,1,0,1,1,1,0,0,0,0,0,0,1,0,0,0,0,0,0.645278
1,1,0,1,0,1,1,1,0,0,1,1,1,1,0,0,1,1,1,0,0,0,1,0,1,1,1,1,0,0,0,0,0.636985
1,0,0,0,1,0,1,0,0,1,0,1,0,0,0,1,1,1,0,1,1,1,0,0,1,0,1,1,1,0,1,0,0.612006
1,1,1,0,1,1,1,1,1,1,1,0,1,1,0,0,0,0,0,1,0,0,0,1,1,1,1,1,1,1,0,1,0.630571
0,0,0,1,1,1,1,1,0,0,0,1,1,0,0,1,1,0,0,0,1,0,1,1,1,0,1,0,0,0,1,1,0.538647
0,1,1,0,0,1,0,1,0,1,1,0,1,0,0,1,0,1,1,1,0,1,1,1,0,0,1,0,1,0,0,0,0.615113
0,0,0,1,0,1,1,1,1,0,1,0,1,1,0,0,1,0,1,1,0,0,0,1,1,1,0,1,1,0,1,0,0.616867
1,0,0,0,1,0,1,0,0,1,1,1,1,0,1,0,0,1,1,1,0,1,0,0,0,0,0,0,1,1,0,0,0.612658
1,0,0,0,1,0,1,0,0,1,1,1,0,0,0,1,0,0,1,0,1,0,0,0,1,0,0,0,1,1,0,1,0.592539
1,1,1,0,0,0,1,1,0,0,1,0,0,1,1,1,1,0,0,0,0,1,0,1,1,1,0,1,1,1,0,0,0.615113
0,1,0,0,0,1,1,0,0,0,0,0,0,0,0,0,1,0,1,0,1,1,0,0,0,0,1,1,0,1,1,1,0.596247
1,0,0,1,1,0,1,1,0,0,1,0,0,0,0,0,1,0,1,1,1,1,0,0,0,1,0,0,1,0,1,1,0.611555
0,1,0,0,0,1,1,0,0,1,0,1,0,1,1,1,1,1,0,0,1,0,0,1,0,0,0,0,0,1,1,1,0.613860
1,0,0,1,0,1,1,0,0,0,0,1,1,1,0,1,1,0,1,1,0,1,1,1,1,0,0,0,1,1,0,1,0.610378
1,0,1,0,0,1,0,0,0,0,0,0,1,1,1,1,0,0,0,1,0,0,0,1,1,1,1,0,1,1,1,1,0.606193
0,0,1,1,1,0,1,0,1,1,0,1,0,1,0,1,0,1,0,0,0,1,0,0,1,1,1,1,0,1,0,1,0.605868
0,1,0,0,0,0,0,1,0,0,1,0,0,1,0,1,1,1,0,0,0,0,1,1,0,0,0,1,0,0,0,1,0.606093
1,1,1,0,1,0,0,0,1,0,1,1,0,0,1,1,0,0,1,0,0,0,0,0,1,0,0,0,0,1,1,0,0.644076
0,0,1,0,1,0,1,0,1,0,0,0,1,1,1,1,0,0,1,0,1,0,1,0,1,1,0,0,0,0,0,0,0.615564
0,1,1,0,1,1,0,1,0,1,0,1,1,1,1,1,1,1,1,1,1,0,0,1,1,1,0,1,1,0,0,1,0.614937
1,0,1,1,0,0,1,1,0,0,1,1,0,0,1,1,0,0,0,1,1,1,0,0,1,0,1,1,0,0,0,1,0.642046
0,1,0,1,1,0,1,0,1,1,0,0,0,1,0,0,1,0,1,1,0,1,1,0,0,1,0,1,0,0,0,1,0.617167
1,0,1,0,0,0,1,0,0,0,1,0,1,0,1,1,0,1,0,0,0,0,0,1,0,0,0,1,1,0,1,1,0.617693
1,1,1,1,0,0,1,0,1,1,0,1,0,0,1,0,0,0,1,0,0,0,0,0,1,1,0,0,0,0,1,1,0.686218
0,0,0,0,1,1,0,1,1,1,0,1,0,1,1,0,0,0,0,1,0,1,1,0,1,0,0,1,0,1,0,1,0.604164
1,0,1,1,0,1,1,1,0,1,1,1,0,0,0,1,0,0,1,1,1,1,1,0,0,1,0,0,1,0,0,0,0.615890
0,0,1,0,0,0,1,0,0,1,1,1,0,1,0,0,0,0,0,0,1,0,1,0,1,1,1,1,0,1,0,0,0.616967
0,1,0,0,1,1,1,0,0,0,1,1,0,1,0,1,0,0,0,1,0,0,1,1,1,0,0,0,0,0,1,0,0.583043
1,1,0,0,1,0,0,0,1,1,1,1,0,0,1,0,0,0,0,1,1,1,0,1,0,0,0,0,1,1,0,1,0.608298
1,0,1,1,1,0,1,1,0,1,1,1,0,1,0,0,0,1,0,1,0,1,1,0,0,0,0,1,0,0,1,1,0.622053
0,0,0,0,1,0,0,0,1,0,1,0,0,1,1,0,0,0,1,0,1,0,0,1,1,1,1,0,1,1,0,1,0.620274
0,0,1,0,1,0,0,1,0,0,1,0,1,0,1,1,1,1,0,0,1,0,0,0,1,0,1,1,1,0,1,0,0.620124
0,0,1,0,0,1,1,1,1,1,0,0,1,1,1,1,0,0,0,1,1,0,0,1,0,1,1,0,1,0,0,0,0.598427
1,1,1,1,1,0,0,1,1,0,1,0,1,0,1,0,1,1,1,0,1,1,1,0,0,0,0,1,0,1,0,0,0.634981
0,1,0,0,0,0,0,0,1,1,0,0,0,1,1,0,1,0,1,0,0,1,1,1,1,1,1,0,0,0,0,1,0.621577
0,1,0,0,1,1,0,0,0,1,1,1,1,0,1,1,1,1,1,0,0,1,0,0,0,1,0,1,0,0,0,1,0.624659
0,1,1,1,0,1,0,0,1,0,1,1,0,0,0,1,0,0,0,0,1,0,0,0,0,0,1,0,0,1,1,1,0.602711
1,1,0,0,1,1,1,0,0,0,1,1,0,1,0,0,0,0,1,1,0,1,0,1,0,0,1,0,1,1,1,1,0.603788
0,0,1,1,1,1,1,1,1,1,0,0,0,0,0,1,1,1,1,1,0,0,0,1,1,0,0,0,1,0,1,0,0.617318
1,0,0,1,0,1,1,1,1,1,0,0,1,1,1,0,1,0,0,1,1,1,0,0,0,0,1,0,1,0,0,1,0.608148
0,1,1,0,1,0,1,1,0,1,1,1,1,1,1,1,0,1,1,0,1,1,0,1,0,1,1,0,1,1,0,1,0.595094
1,0,1,0,0,0,1,0,1,0,0,1,0,0,0,1,1,1,0,0,1,0,1,1,0,1,1,0,1,0,0,1,0.625260
0,0,0,1,1,1,0,1,0,0,0,0,0,1,1,1,0,0,1,1,0,1,0,1,0,1,0,0,0,1,0,0,0.544910
0,0,1,1,1,0,0,1,1,1,0,0,0,0,0,1,1,1,0,0,1,0,0,0,0,0,1,0,1,1,1,0,0.602936
1,0,0,0,1,0,1,1,1,1,0,1,1,0,1,1,0,1,0,0,0,0,0,0,0,0,1,1,0,1,0,0,0.615163
1,1,1,0,0,1,1,0,1,1,0,1,0,1,1,1,1,1,1,1,1,1,1,0,1,0,1,0,1,1,1,1,0.627540
0,0,0,0,1,1,1,1,1,0,0,1,0,0,1,0,1,1,1,1,1,0,1,0,0,0,0,0,1,1,0,1,0.625285
0,0,1,0,1,1,1,1,0,0,1,1,1,1,0,1,0,1,0,0,1,0,1,1,0,0,0,0,0,1,1,0,0.580913
1,0,1,1,1,1,0,1,1,1,1,1,1,0,0,1,1,1,1,0,0,1,1,1,0,0,0,0,0,1,1,0,0.618245
0,0,0,0,1,0,1,1,0,1,1,1,0,0,1,0,1,1,0,1,1,1,0,1,0,1,1,1,1,0,0,0,0.630121
0,1,0,1,0,0,1,0,0,0,1,0,1,0,1,1,1,0,0,1,1,0,1,0,1,0,1,1,1,0,0,0,0.610728
0,0,0,0,0,0,0,0,1,0,0,1,0,0,0,0,0,0,1,0,0,0,1,0,1,1,1,1,1,1,0,1,0.623406
1,1,1,1,0,1,0,1,0,1,0,0,1,1,1,0,1,0,1,0,0,0,1,1,0,0,0,0,1,1,0,0,0.589432
0,0,0,0,0,1,0,0,0,0,0,1,1,1,1,0,1,0,1,0,0,1,0,1,0,1,0,1,0,1,1,0,0.576654
1,0,1,0,1,0,1,1,0,0,1,1,1,1,1,0,1,1,1,1,1,0,1,1,0,0,0,0,0,0,1,1,0.651216
1,1,1,1,1,1,1,1,0,1,0,1,1,1,1,0,1,0,1,0,1,0,1,1,0,1,1,1,1,1,0,0,0.630421
0,0,0,1,0,0,0,0,1,0,0,0,1,0,0,1,1,0,0,1,1,0,0,1,1,1,0,1,0,0,1,1,0.611229
0,1,0,1,1,0,0,1,0,1,0,1,1,1,1,0,1,1,1,1,1,0,0,0,1,0,0,0,0,1,0,0,0.614712
0,0,0,0,0,0,0,0,1,1,1,0,0,0,1,1,0,1,1,0,0,0,1,0,0,0,0,1,0,1,0,1,0.595721
0,0,0,1,1,1,0,1,0,0,0,0,0,0,1,1,0,1,1,1,0,0,0,1,0,0,0,1,1,1,0,0,0.565305
0,1,0,1,1,1,1,1,1,1,0,1,1,1,1,0,0,1,0,1,0,0,0,1,0,1,1,0,1,0,0,0,0.608924
1,0,0,1,1,1,0,1,0,1,0,0,0,0,0,0,0,1,0,1,0,1,1,1,0,0,0,1,0,0,1,1,0.593666
1,0,1,1,0,1,1,1,0,0,0,0,0,0,0,1,0,0,0,0,0,0,0,0,0,1,1,0,0,1,1,0,0.619873
1,0,1,1,1,1,0,0,1,1,1,0,1,1,1,1,0,1,1,1,0,0,0,1,1,1,0,0,1,1,1,0,0.621076
1,0,0,0,0,0,0,0,0,0,1,0,0,0,1,0,1,0,0,1,0,1,0,0,1,1,1,0,0,0,0,1,0.613109
0,1,0,0,1,0,0,1,1,0,0,1,0,0,0,1,0,1,1,0,0,0,0,0,0,0,0,1,1,1,0,0,0.597349
0,0,0,0,0,1,0,0,0,0,1,1,0,1,1,1,1,1,0,1,1,0,0,0,1,0,0,1,1,0,1,1,0.615138
0,1,0,1,1,1,0,1,1,1,0,1,1,0,0,0,1,0,1,1,1,0,1,0,0,1,1,0,1,0,1,1,0.621802
0,0,1,1,0,1,0,1,0,0,0,0,1,1,0,0,0,0,1,1,1,1,1,1,0,1,0,1,0,0,1,1,0.596823
0,1,0,1,0,0,1,0,0,1,0,1,1,0,1,1,1,1,0,0,0,1,0,0,0,1,1,1,0,0,0,0,0.616992
1,0,1,0,0,0,1,1,1,1,0,1,1,1,1,0,0,0,1,0,0,0,1,1,0,1,0,1,1,0,0,1,0.624609
1,1,0,1,1,0,0,0,1,0,1,1,0,1,1,0,1,0,1,1,1,0,0,1,1,1,0,1,0,0,1,1,0.633728
1,1,1,1,0,1,0,1,1,0,1,0,1,1,1,1,0,0,1,0,1,0,1,1,0,1,0,0,1,1,1,0,0.569088
0,1,1,0,1,1,1,1,0,1,1,1,0,1,0,1,0,0,1,0,1,1,1,1,1,0,1,0,1,0,1,0,0.631098
0,1,1,1,0,0,0,1,0,1,1,1,0,0,1,1,0,0,0,1,1,0,0,1,0,0,1,1,0,0,1,0,0.661789
0,1,1,1,1,0,1,0,0,1,0,0,1,1,1,0,0,0,1,1,1,0,0,1,0,1,0,1,0,1,1,0,0.618470
0,0,0,1,1,0,1,1,1,0,1,0,1,1,0,1,1,1,1,1,0,1,0,1,1,0,0,1,1,0,1,0,0.618746
0,1,1,0,0,0,0,1,1,1,1,1,1,0,1,1,1,1,0,1,0,1,1,0,1,0,1,0,0,1,0,0,0.626763
1,1,1,0,0,1,0,1,0,0,1,1,1,1,1,1,0,1,1,1,1,0,1,1,0,1,1,0,0,0,0,1,0.623807
0,1,1,0,1,0,1,0,0,0,0,1,0,1,1,1,0,1,1,1,0,1,1,1,1,0,0,0,1,1,0,1,0.587327
1,1,0,1,1,0,1,1,1,0,0,0,0,1,0,1,1,1,0,1,1,0,1,1,1,0,1,0,0,0,1,0,0.611129
0,1,1,0,1,0,0,0,0,1,1,1,1,1,1,1,1,0,0,1,0,0,1,1,0,0,1,1,1,1,1,1,0.593516
0,1,1,0,0,0,1,0,0,0,0,1,1,1,1,1,1,1,0,0,1,0,1,1,1,1,0,1,1,1,1,0,0.617693
1,0,0,0,0,1,1,1,1,0,0,0,1,0,1,1,0,0,0,1,1,0,1,0,1,0,0,1,1,0,1,0,0.610703
1,1,0,1,0,1,0,1,1,0,0,0,0,0,0,0,1,0,0,1,0,0,0,1,1,0,0,0,0,1,1,1,0.618345
0,1,1,1,1,0,1,0,0,0,1,0,1,0,1,0,0,1,0,0,0,1,0,0,0,0,0,0,1,1,0,1,0.580738
1,1,1,1,1,1,1,0,0,1,1,0,1,1,0,1,1,0,1,1,1,0,1,0,1,0,1,0,0,0,1,0,0.634179
1,1,1,1,0,0,0,0,1,0,1,1,1,1,0,1,1,0,0,0,1,1,0,0,0,0,1,0,1,0,1,1,0.619147
0,1,1,1,0,1,0,1,0,1,1,0,1,1,1,0,0,0,1,0,1,0,1,1,0,0,0,0,0,1,1,1,0.599805
1,0,0,1,0,0,0,1,1,1,0,1,1,1,0,1,0,1,1,1,1,0,1,0,1,1,0,1,1,0,1,0,0.633302
1,1,0,0,0,1,0,0,0,0,1,0,1,1,0,0,0,1,0,1,1,1,1,0,1,0,1,0,0,1,0,1,0.624583
1,1,1,0,1,0,0,1,1,0,1,0,1,0,0,0,0,1,1,0,1,1,1,0,1,0,0,1,0,0,1,0,0.647984
1,0,0,1,0,1,0,1,0,1,1,1,1,0,0,0,0,0,0,1,0,1,0,1,1,1,0,1,0,1,1,1,0.624684
0,1,1,0,0,0,1,1,0,1,0,1,1,1,0,0,1,0,0,1,0,0,1,1,1,1,0,0,0,1,0,0,0.613259
0,1,0,0,1,1,1,1,0,0,0,0,1,1,1,1,0,0,1,0,0,1,1,1,1,1,1,1,0,1,1,1,0.580237
0,1,0,0,0,1,1,1,0,1,0,0,0,1,0,0,0,0,1,0,0,1,1,1,0,1,1,1,0,0,1,0,0.588831
0,1,0,1,1,1,1,0,1,1,1,0,1,1,0,0,1,1,0,0,1,0,1,1,0,0,0,0,0,1,0,0,0.610803
1,1,1,0,1,0,0,0,1,1,0,0,1,1,0,1,1,1,1,1,0,0,0,1,0,0,0,0,0,1,1,1,0.621076
0,0,1,0,1,0,1,1,0,1,1,0,0,1,1,1,0,1,1,0,1,0,0,0,1,0,0,1,1,0,1,0,0.613835
1,1,1,0,1,0,1,1,1,1,1,0,0,0,0,0,1,1,0,0,1,0,0,0,1,1,1,1,1,0,0,0,0.658257
0,0,0,1,0,0,0,0,0,1,1,0,0,0,0,1,1,1,0,0,0,1,1,1,1,1,0,1,1,1,0,0,0.635131
0,1,1,1,1,0,0,1,0,0,0,1,1,0,0,0,0,0,1,1,1,0,1,0,1,1,0,1,0,1,1,0,0.612457
1,1,0,1,1,1,0,0,0,0,1,0,1,0,1,1,0,1,0,0,1,1,0,0,1,1,1,0,1,1,0,1,0.631799
0,0,1,1,0,0,1,0,0,1,1,1,0,0,0,0,1,1,0,1,0,0,0,0,1,0,0,0,0,1,1,1,0.613810
1,0,0,0,1,0,1,0,1,1,0,1,1,0,1,1,0,1,0,0,1,1,1,0,1,1,0,1,0,1,1,0,0.622253
0,0,0,0,0,1,1,0,1,0,0,1,1,1,1,0,0,0,0,1,0,1,1,0,1,0,1,1,0,0,0,0,0.586425
0,1,0,1,0,1,0,1,1,0,1,0,0,1,0,0,1,1,1,0,0,1,1,1,0,0,1,0,1,1,1,1,0.608373
0,0,1,0,1,1,1,1,0,1,0,0,1,1,0,1,1,1,1,1,0,0,1,0,1,1,1,0,1,1,1,1,0.602561
0,0,0,0,0,0,0,0,1,0,1,1,1,0,1,1,1,1,1,1,1,1,1,1,0,1,0,1,0,0,1,1,0.645278
0,1,0,0,1,1,0,1,0,1,1,1,1,1,1,0,1,1,0,1,0,0,1,1,1,1,1,1,1,1,1,0,0.631198
1,1,0,1,1,0,0,0,1,0,1,1,1,0,1,1,1,0,1,0,0,1,0,0,0,0,0,1,1,0,0,0,0.631574
0,0,1,1,1,1,1,1,1,0,1,0,0,0,0,1,0,0,1,1,0,1,0,1,0,1,0,1,0,1,1,0,0.627440
1,1,1,1,1,0,0,1,1,0,1,1,0,1,0,0,0,0,1,0,1,1,1,1,1,0,0,0,0,0,0,1,0.645830
1,1,0,1,1,0,0,1,1,0,0,1,1,0,0,1,1,0,0,1,0,0,0,1,0,1,0,1,0,0,0,0,0.612883
1,0,1,0,0,1,0,0,1,0,1,0,0,0,1,0,0,1,1,0,0,0,1,0,0,1,1,1,1,0,1,1,0.644301
1,0,0,0,0,1,0,1,0,0,1,1,1,1,0,1,0,0,1,0,0,0,1,0,0,1,0,0,0,1,1,0,0.593115
1,0,0,1,0,1,1,1,1,1,1,0,0,1,0,0,0,1,1,1,1,0,1,1,1,0,1,1,0,0,0,1,0.628542
0,0,1,0,1,1,0,0,0,0,0,1,1,1,1,1,1,0,0,0,1,1,1,1,1,1,0,1,1,1,0,1,0.600681
0,0,0,0,0,1,1,1,1,0,1,1,1,1,1,1,1,0,1,0,1,0,1,1,1,1,0,1,0,1,1,0,0.605943
0,1,0,1,1,1,0,0,0,1,0,1,0,0,1,0,0,0,0,1,1,0,1,0,0,1,1,1,0,1,1,0,0.613184
1,0,0,1,0,1,0,1,0,0,0,1,0,0,0,1,0,0,1,0,0,1,0,0,1,0,1,1,0,0,0,1,0.609000
1,1,1,0,1,1,1,0,1,1,1,1,1,1,0,1,1,1,1,0,1,0,0,1,0,1,0,0,0,0,1,0,0.640844
0,1,1,1,0,0,0,0,1,0,1,1,1,1,0,1,1,1,0,0,0,0,1,1,0,1,1,1,0,1,1,1,0.619573
0,1,1,0,0,0,0,1,1,1,0,1,1,0,1,0,0,1,1,0,0,0,0,0,0,0,0,1,0,0,1,1,0.613735
1,0,0,1,0,0,0,0,1,0,0,1,1,1,1,0,0,1,0,0,1,0,1,0,1,0,1,0,1,1,1,1,0.630246
1,1,1,1,1,1,1,1,1,0,0,1,0,1,1,1,0,0,1,1,1,0,1,0,1,1,1,1,0,0,0,0,0.644577
0,1,1,1,0,1,1,0,0,1,0,0,1,0,1,0,0,1,0,0,1,1,0,1,1,1,0,0,1,0,0,0,0.611580
1,0,1,1,1,0,1,1,0,0,0,0,1,1,0,0,1,1,0,1,0,0,1,1,0,0,0,0,1,0,1,0,0.624258
1,1,0,1,0,1,0,1,0,0,0,0,0,0,1,1,1,0,0,0,0,0,1,1,1,1,1,1,0,1,1,1,0.583720
1,0,0,1,0,0,0,1,1,0,0,0,1,1,0,0,1,1,1,0,0,1,0,1,1,1,1,0,1,0,0,0,0.628567
1,0,1,0,1,0,0,1,1,1,0,0,1,0,1,0,0,1,1,0,0,0,0,0,0,0,0,1,0,0,1,0,0.623180
0,1,0,0,0,0,1,0,1,1,1,1,1,1,0,0,1,0,1,1,0,1,1,1,0,1,1,0,1,1,1,0,0.625410
0,1,0,1,1,1,1,1,1,1,0,0,0,0,0,1,0,0,0,0,1,1,0,0,1,0,1,1,1,0,0,1,0.609200
0,0,1,1,0,1,1,0,0,0,0,1,0,1,0,1,0,1,0,1,1,0,1,0,0,1,1,0,1,1,0,1,0.620349
0,1,0,0,0,1,1,1,1,0,1,0,1,0,0,1,0,0,1,1,1,0,1,1,1,1,0,1,1,1,0,0,0.619122
0,1,1,0,1,1,0,0,1,0,1,1,1,1,1,0,0,1,1,1,1,0,0,1,1,1,0,1,1,1,0,0,0.619548
0,1,0,0,0,1,1,0,1,0,0,0,1,0,0,1,1,1,1,1,0,0,0,1,1,1,0,1,0,1,0,1,0.641019
0,0,0,0,0,1,1,1,0,1,1,0,0,1,1,0,1,1,1,1,0,0,0,0,1,1,1,0,1,0,1,1,0.623030
0,0,0,1,1,1,0,1,0,0,1,1,1,1,1,1,0,1,0,1,0,0,0,1,1,1,1,0,0,0,1,0,0.621376
0,1,1,0,1,0,1,1,0,1,0,1,1,1,0,0,1,1,1,0,0,1,0,1,0,1,0,0,1,1,1,1,0.609977
0,1,0,1,0,1,0,0,0,0,1,0,1,1,1,1,0,0,0,1,0,1,1,1,1,0,1,0,0,1,0,0,0.566232
0,1,1,0,1,1,0,1,0,1,0,0,0,0,0,0,1,0,0,0,0,0,1,1,0,0,0,1,1,0,1,1,0.602285
1,1,0,0,0,1,1,0,0,0,0,1,1,0,0,0,1,0,1,0,1,0,0,1,0,0,0,0,1,0,0,1,0.613810
1,1,0,0,1,1,0,0,1,1,1,0,1,1,0,0,0,0,1,0,1,1,1,1,1,0,1,1,1,0,1,0,0.628266
0,0,0,1,1,0,1,0,0,0,1,0,0,0,1,1,1,0,0,1,0,1,0,1,0,1,0,0,0,1,0,1,0.583519
1,1,0,1,1,0,1,1,0,1,0,0,1,1,0,1,0,0,1,0,0,1,1,1,1,0,0,0,1,1,0,0,0.579611
1,1,1,0,1,0,0,0,1,0,0,1,0,1,1,1,1,1,1,0,1,1,1,0,0,1,0,1,0,1,1,1,0.624308
0,1,1,0,0,0,0,1,0,1,0,1,1,1,0,1,1,1,0,0,1,1,1,1,1,1,1,0,0,1,0,0,0.616616
1,0,1,1,1,0,0,0,1,0,1,1,0,1,0,0,0,1,1,0,0,1,1,1,1,0,1,1,1,0,1,1,0.610854
1,1,1,0,1,0,0,1,0,1,0,1,0,0,1,1,1,1,0,0,0,0,1,0,1,0,1,1,0,0,0,0,0.622329
0,1,0,0,1,1,1,0,1,1,0,1,0,1,1,0,1,0,0,1,1,1,1,0,0,0,0,0,0,1,0,1,0.604866
1,0,1,0,1,1,1,1,0,1,0,1,1,1,0,1,1,1,0,0,0,1,0,1,1,0,0,1,0,1,0,0,0.611355
1,0,0,0,1,0,1,1,1,1,0,0,0,1,1,1,1,1,1,1,1,1,1,0,1,0,0,1,1,0,1,0,0.612056
1,0,1,1,0,1,1,0,0,1,1,0,0,1,0,0,1,1,1,0,0,0,1,0,1,1,1,0,0,0,1,0,0.642573
0,0,0,0,1,0,1,0,1,1,1,0,0,1,0,1,1,0,1,1,1,1,0,0,0,1,0,0,0,0,0,0,0.574625
0,0,1,0,0,0,0,1,1,1,1,0,0,1,0,1,0,1,0,1,1,1,1,1,0,1,1,1,0,1,1,1,0.623406
1,0,1,1,0,0,1,0,0,1,0,0,1,1,0,0,1,1,0,0,0,1,0,0,0,0,0,1,1,1,0,0,0.607371
1,1,1,0,1,1,1,0,1,1,0,1,0,0,0,0,0,1,1,0,0,0,0,0,0,0,1,0,0,1,1,1,0.607496
1,1,1,0,1,0,0,0,1,1,1,1,1,0,1,0,1,1,1,1,0,1,1,0,1,0,0,0,1,1,1,0,0.633804
0,0,0,1,0,0,0,0,0,1,1,1,1,1,0,1,1,1,1,1,0,1,0,1,1,0,0,0,1,0,0,1,0.619748
0,1,0,1,0,0,1,1,1,1,1,1,1,1,1,1,0,1,1,0,0,1,1,1,1,0,1,1,1,0,0,1,0.619673
1,1,0,0,0,1,0,1,1,1,0,1,1,0,1,0,1,1,1,1,0,0,0,0,1,1,0,0,0,1,0,1,0.637712
0,1,0,0,1,1,0,0,1,0,0,0,0,1,0,0,1,0,1,1,1,0,1,1,0,0,1,1,0,0,0,0,0.629444
1,1,1,0,0,1,0,0,0,0,0,1,0,0,1,0,1,1,1,1,0,0,1,0,0,1,0,0,0,0,1,0,0.643926
1,0,1,0,1,1,1,0,1,0,0,1,1,0,1,1,1,1,1,1,0,0,0,1,1,0,1,0,1,1,0,0,0.619222
1,1,1,1,1,1,1,1,1,0,0,1,1,1,0,0,1,1,0,1,0,1,1,0,0,1,1,1,1,1,0,1,0.616541
1,1,1,1,0,1,1,0,0,1,0,1,1,1,0,0,0,1,0,1,1,0,1,1,1,1,0,0,0,0,1,1,0.619573
1,1,0,0,0,0,1,0,1,0,1,0,0,0,0,1,0,1,1,0,0,1,0,0,0,0,0,0,1,1,0,0,0.618119
1,1,0,0,0,0,0,1,0,1,1,1,1,1,0,1,0,1,0,0,1,1,1,0,1,1,0,0,1,0,1,0,0.614336
0,0,1,1,1,1,0,0,1,0,0,0,0,0,1,0,1,1,0,0,0,1,1,0,0,0,0,1,0,1,0,1,0.604390
1,1,1,0,1,0,0,0,1,0,0,1,0,0,0,1,0,0,1,1,0,1,1,0,1,0,0,0,0,0,0,1,0.618245
1,0,0,0,0,0,0,0,1,0,1,1,0,0,1,1,0,1,0,0,1,0,1,0,0,0,0,0,0,0,0,0,0.621326
0,0,0,1,1,1,0,1,0,1,0,0,0,1,1,1,1,1,0,0,0,1,1,1,1,0,1,0,1,0,1,1,0.591311
1,1,1,1,0,0,1,1,0,1,1,1,0,0,1,1,1,0,0,0,0,1,0,1,1,0,0,1,0,1,0,1,0.607947
0,1,1,0,1,1,1,1,0,1,0,1,0,1,1,1,0,1,0,1,1,0,1,0,0,0,0,0,0,1,1,1,0.629644
0,0,1,1,1,1,0,0,1,0,0,0,1,1,0,1,1,0,1,1,0,1,0,1,0,1,0,1,1,1,0,1,0.627039
1,1,0,1,0,0,0,1,1,1,0,1,0,0,0,0,0,0,0,0,0,1,1,1,0,1,0,1,0,1,1,0,0.614612
1,1,0,0,0,1,1,1,0,0,0,1,1,1,0,0,0,0,0,0,1,1,1,0,1,0,1,1,0,0,0,1,0.617518
0,0,0,1,0,1,0,1,1,0,0,1,0,0,0,0,1,0,1,1,1,1,1,0,0,0,1,1,0,1,1,1,0.618896
0,0,1,1,0,1,0,1,0,1,0,0,0,1,1,0,0,1,0,1,0,0,1,1,1,1,0,0,0,1,0,1,0.609977
1,1,0,1,1,0,0,0,0,1,1,1,0,0,0,1,1,1,0,0,1,1,1,0,1,1,1,0,0,1,0,0,0.619322
0,0,0,1,1,0,0,1,0,1,1,1,1,0,0,1,1,0,0,0,1,1,1,0,1,1,1,1,1,0,0,1,0.614512
0,0,1,1,1,0,1,1,0,0,0,0,1,1,0,1,1,1,0,1,1,1,0,1,0,0,0,0,1,1,1,0,0.592940
1,0,1,1,0,0,0,1,1,1,0,1,0,0,1,1,1,0,1,1,0,0,1,1,1,1,0,0,0,1,1,1,0.602886
1,1,0,0,1,0,0,0,1,1,0,0,0,0,1,1,1,1,1,1,0,1,0,1,1,1,0,1,1,0,0,1,0.623381
0,1,1,1,0,0,1,0,1,0,1,0,0,0,0,1,1,0,1,0,1,1,0,1,0,0,1,1,1,1,1,1,0.603838
1,1,0,1,1,1,1,0,1,0,0,0,1,0,1,1,0,1,1,0,1,1,1,0,1,0,1,1,0,0,1,0,0.600005
0,0,1,1,1,1,1,1,0,0,0,0,0,0,1,0,0,1,0,1,0,0,0,1,1,0,0,1,1,1,0,0,0.609801
1,1,1,0,1,1,0,1,0,1,0,1,1,1,0,0,1,1,1,1,1,0,0,0,1,1,0,1,1,0,0,1,0.660988
1,0,0,0,1,1,0,1,0,0,0,1,1,1,1,0,1,1,1,1,1,1,0,1,1,0,1,1,1,0,0,0,0.621827
0,1,1,0,0,0,0,1,0,0,1,0,0,0,0,0,1,0,1,1,0,1,0,0,1,1,1,0,0,1,0,0,0.601884
1,1,1,0,1,1,0,0,0,0,1,0,0,0,0,1,0,1,0,0,1,0,1,1,1,1,1,1,1,0,0,1,0.646155
0,0,1,1,0,0,0,0,0,0,0,0,1,1,1,1,1,1,1,0,1,1,1,0,0,1,1,0,1,1,1,1,0.631849
0,0,0,1,0,1,0,0,1,0,0,1,0,0,0,0,0,0,1,0,1,0,1,0,1,0,1,0,1,1,0,1,0.593190
0,0,0,0,0,0,0,0,0,0,1,1,1,0,1,1,1,1,0,1,0,0,0,1,1,1,1,1,0,0,0,0,0.633778
0,1,1,1,1,1,0,1,1,1,1,1,0,1,1,1,0,1,0,0,0,1,1,0,1,0,0,1,0,0,1,0,0.640994
0,1,0,1,0,1,1,0,1,1,0,1,0,0,0,0,1,0,1,0,0,0,0,1,0,1,0,0,1,0,0,1,0.602410
1,1,0,0,1,0,1,1,1,0,1,0,1,1,1,0,1,0,1,0,1,1,1,0,1,1,1,0,0,0,0,0,0.634555
0,1,0,0,1,0,0,1,1,1,1,1,0,1,1,1,0,0,1,0,1,0,0,1,0,1,1,0,1,1,1,1,0.578984
0,0,1,0,1,1,1,1,0,1,1,1,1,1,1,0,0,0,1,1,1,1,1,1,1,1,0,1,0,1,0,1,0.609075
0,1,1,0,1,0,1,0,1,0,0,0,0,1,1,1,1,1,0,0,1,0,0,1,1,0,1,0,1,0,1,0,0.618595
1,1,0,0,0,1,1,1,0,0,1,1,0,1,1,1,0,0,1,0,1,0,0,1,1,1,0,0,1,1,1,1,0.571668
1,1,0,1,1,0,0,1,1,0,0,1,1,1,0,0,1,0,0,0,1,1,1,0,1,1,1,1,0,0,1,1,0.621101
1,0,1,0,0,0,1,1,0,0,0,1,1,1,1,0,1,0,0,0,1,0,0,1,0,0,0,0,1,1,1,1,0.584045
1,0,0,1,0,0,1,0,1,0,1,1,0,1,1,1,0,0,1,1,0,1,1,0,0,1,1,0,0,1,1,1,0.636785
1,1,1,0,1,0,1,0,1,1,0,0,0,1,0,1,0,1,1,1,1,0,0,1,1,0,1,1,0,0,0,1,0.619522
0,0,1,0,1,0,1,1,1,0,1,0,1,0,1,0,1,1,1,0,1,0,1,1,1,1,1,0,1,0,0,1,0.602861
0,1,1,0,0,0,0,1,1,1,1,1,1,1,0,0,0,1,0,1,0,0,0,0,0,1,1,0,1,0,1,1,0.609551
0,1,0,1,0,1,0,0,1,1,1,0,1,1,1,0,1,1,0,1,0,0,0,0,0,0,0,0,1,0,0,1,0.628768
1,1,1,1,0,1,1,1,1,0,1,0,0,0,0,0,1,0,0,0,0,1,1,0,1,0,1,0,0,0,1,0,0.641470
0,1,0,1,0,1,0,0,1,0,1,1,0,0,0,1,1,1,1,0,1,1,1,1,0,1,1,0,1,1,1,1,0.595746
0,1,0,1,0,1,0,1,1,0,0,0,0,1,1,1,0,1,0,0,0,1,0,1,0,1,1,1,1,1,0,0,0.612006
1,1,0,1,0,1,0,0,1,1,1,0,0,0,0,1,1,0,1,1,0,1,1,1,1,1,0,0,1,1,0,0,0.621702
0,0,0,1,0,0,1,0,0,1,1,1,0,1,0,0,0,1,0,0,0,1,0,1,1,0,0,1,1,0,1,1,0.591512
1,0,1,1,1,0,1,0,1,0,0,0,0,1,1,0,0,1,0,0,1,1,1,1,0,1,1,1,0,1,0,0,0.626387
1,1,1,0,0,0,1,1,1,0,1,0,1,0,0,1,1,1,1,1,0,1,1,0,1,0,1,1,1,0,1,0,0.632225
1,1,1,1,0,1,1,1,1,1,0,0,1,0,1,1,0,0,0,0,0,0,1,0,0,1,1,1,1,0,0,0,0.626613
1,1,1,0,0,1,0,0,0,1,1,0,0,1,1,1,0,0,0,1,1,1,1,1,0,1,0,0,1,1,0,1,0.575351
1,1,1,1,1,0,1,0,0,1,0,1,0,0,0,0,0,1,0,1,1,0,0,1,1,1,0,1,0,0,0,0,0.641621
0,1,1,0,1,1,0,0,1,1,1,0,0,1,1,0,0,0,1,0,0,1,1,0,1,0,0,0,0,0,0,0,0.620024
0,1,1,1,0,0,0,0,0,0,0,0,1,0,1,0,0,0,1,0,1,0,1,0,1,0,1,1,0,0,1,0,0.613710
0,1,0,1,0,0,0,0,0,0,0,0,1,1,1,1,1,1,0,0,1,1,1,1,0,1,0,0,1,1,0,0,0.565931
1,0,0,1,1,1,0,1,0,1,1,1,0,0,0,0,1,0,0,0,0,1,0,1,0,0,1,0,0,1,1,0,0.608874
1,0,0,0,0,1,0,0,0,0,0,1,0,0,0,1,0,1,1,0,0,0,0,0,1,1,1,0,1,1,1,1,0.611530
0,1,1,1,0,0,0,1,1,0,1,0,0,0,0,0,1,0,1,0,0,1,1,1,1,0,1,1,1,0,1,1,0.599329
1,1,1,0,0,1,0,0,1,1,0,1,1,0,1,0,1,1,0,1,1,0,1,1,1,0,0,0,1,0,1,1,0.633277
1,1,1,1,0,0,1,0,1,1,1,1,0,1,0,0,0,1,0,0,0,0,1,1,1,0,1,1,1,1,1,1,0.630521
0,0,0,1,0,0,1,1,0,1,0,0,0,1,0,0,0,0,1,0,0,1,1,1,0,0,1,1,1,1,1,1,0.593416
1,1,0,0,0,0,1,1,1,1,1,0,1,0,0,1,0,1,1,0,0,1,1,1,1,1,1,0,1,0,1,0,0.625936
1,1,1,0,1,1,0,1,1,0,0,1,1,1,1,1,1,0,0,0,0,1,1,1,0,0,1,0,1,0,1,1,0.569689
0,0,0,1,0,1,1,0,0,0,0,1,0,1,1,1,0,1,0,0,0,1,1,0,0,0,1,0,0,1,1,1,0.591787
1,0,0,1,0,1,1,1,0,0,0,1,0,0,1,1,0,0,1,1,1,1,1,0,0,0,1,0,0,0,0,0,0.615689
0,0,0,0,0,0,0,0,0,0,0,1,0,0,0,1,0,1,1,1,1,1,1,1,0,0,1,0,0,1,0,0,0.593741
1,0,0,0,1,1,1,1,1,1,1,1,1,1,1,0,0,1,1,0,0,1,0,0,1,1,0,0,0,1,1,0,0.650941
0,1,0,0,0,1,1,0,0,1,1,0,0,0,1,1,0,1,1,0,1,1,1,1,1,0,0,0,0,0,1,0,0.618470
1,0,1,1,0,1,1,1,1,1,1,1,1,0,0,1,1,0,1,1,1,0,0,0,1,0,1,1,1,1,1,0,0.652645
0,0,0,0,1,0,0,1,1,0,1,0,1,0,1,0,1,1,1,1,1,0,0,1,0,0,0,1,0,0,0,0,0.622078
1,0,0,0,0,0,1,1,0,0,1,0,1,0,0,0,0,0,1,1,1,0,1,1,0,1,1,1,1,0,0,0,0.610152
0,0,1,0,1,0,1,1,1,0,1,1,1,1,0,1,0,0,1,0,0,1,1,0,1,0,0,1,0,1,0,1,0.603012
1,0,0,1,1,1,0,1,0,1,1,0,1,0,1,0,1,1,0,1,0,0,1,0,0,1,0,1,1,1,1,0,0.612507
1,0,1,1,0,0,0,1,0,0,1,0,1,0,1,0,1,0,1,0,1,0,0,1,0,1,1,0,1,0,1,1,0.616691
1,1,1,1,0,1,1,0,0,0,1,1,0,1,1,1,1,1,0,1,0,1,1,1,0,1,1,0,0,0,0,0,0.640618
0,0,1,0,1,1,0,0,0,0,1,0,1,1,1,1,0,1,1,1,0,0,0,1,0,0,0,0,0,0,1,0,0.595595
0,0,1,1,0,0,0,0,0,0,1,1,1,0,1,1,1,0,0,0,0,1,0,0,0,1,0,0,0,1,0,1,0.637988
1,0,0,0,1,1,1,0,1,0,0,0,0,0,0,1,1,1,0,1,0,1,0,1,1,1,0,1,1,0,1,0,0.611054
1,0,0,0,1,1,1,0,0,1,0,0,1,0,1,0,0,1,1,1,0,1,0,0,0,0,0,1,0,0,0,1,0.596422
1,1,0,0,1,1,0,1,0,1,1,0,0,1,0,0,0,0,0,0,1,0,0,0,0,1,0,1,1,0,0,0,0.583469
1,1,0,1,1,0,1,0,1,1,0,1,0,0,1,1,0,0,0,0,1,0,1,0,1,1,1,0,1,0,0,1,0.636409
1,1,0,1,1,0,1,0,1,1,1,1,0,0,0,1,0,1,0,0,1,1,0,1,0,1,0,0,0,0,1,1,0.608348
0,1,0,0,1,1,1,1,0,1,1,1,1,1,1,0,0,1,1,0,1,0,1,1,1,0,0,0,1,0,0,1,0.591937
0,0,1,0,0,0,0,0,1,1,1,1,1,1,1,0,0,0,0,0,0,0,1,1,1,0,1,0,0,0,1,0,0.652469
1,0,0,1,0,1,1,1,1,0,0,1,0,0,1,1,1,1,1,1,0,1,0,1,0,0,0,0,1,0,1,0,0.629018
0,0,1,1,1,0,0,0,0,1,1,1,0,1,0,0,0,1,0,0,1,1,1,1,1,1,0,0,0,0,1,1,0.614762
1,0,0,0,0,1,1,0,1,0,0,1,1,0,0,1,0,0,1,0,1,0,0,0,1,0,1,0,0,0,1,0,0.626638
0,0,0,1,1,1,0,0,1,0,0,1,0,0,1,1,1,1,1,1,1,1,1,0,1,0,0,1,1,1,1,0,0.633653
0,0,0,1,1,1,1,0,1,1,0,1,0,1,1,0,1,1,1,1,1,1,1,1,1,1,1,1,1,0,1,0,0.614386
0,0,0,1,0,0,0,0,0,0,0,1,0,0,1,0,0,0,0,0,1,0,1,1,1,1,0,1,0,1,1,0,0.544810
1,0,1,1,1,0,0,1,1,0,0,1,0,1,1,0,1,1,0,1,1,0,0,1,0,0,0,1,1,1,1,0,0.614512
1,0,1,1,1,1,0,0,1,1,1,0,0,1,0,0,0,0,0,0,0,1,0,0,1,0,1,1,0,1,1,0,0.630346
0,0,0,0,0,0,0,1,0,1,0,1,0,0,1,0,1,0,1,0,1,1,1,1,1,0,1,1,0,1,1,1,0.588705
0,0,1,0,1,0,1,1,1,1,1,1,0,1,0,0,1,0,1,1,1,1,0,1,0,0,1,0,0,0,0,1,0.656603
1,1,0,1,0,0,1,0,1,1,1,1,1,0,0,1,1,0,0,1,0,0,0,1,1,1,1,1,1,1,0,1,0.630421
1,1,1,0,1,1,1,0,0,0,1,1,1,1,0,0,0,0,1,1,0,0,1,0,1,1,1,0,1,0,1,0,0.626387
0,1,0,1,1,1,1,1,0,1,0,1,0,0,0,1,0,1,0,1,1,0,0,0,1,0,1,0,1,1,0,1,0.608123
1,1,0,0,1,1,0,0,1,1,0,1,0,0,1,0,1,1,0,1,1,1,0,1,1,0,0,0,1,1,1,0,0.585198
1,1,1,1,1,1,1,1,1,1,0,1,1,0,0,1,1,0,1,0,1,1,0,0,1,0,0,1,1,0,1,1,0.713502
1,1,1,0,1,1,0,0,0,0,1,1,1,0,1,0,1,1,1,1,0,1,1,1,1,0,1,1,0,0,1,0,0.625110
1,0,0,0,1,0,1,0,1,1,1,1,0,0,0,1,0,1,1,1,1,0,0,0,0,1,0,1,0,0,1,1,0.643900
0,1,1,0,0,1,1,0,1,1,1,0,1,0,0,1,1,1,1,0,0,0,1,0,1,0,0,0,0,1,1,0,0.655676
0,1,1,0,1,0,0,0,0,1,0,0,0,0,1,1,0,1,1,0,1,0,1,0,0,0,1,1,1,0,0,1,0.602861
0,0,1,0,0,0,1,1,1,1,1,0,1,0,1,0,0,1,1,0,1,0,0,0,0,0,1,1,1,1,1,0,0.620074
1,1,0,1,0,0,0,1,0,1,1,0,0,0,1,1,0,0,0,1,1,1,1,1,1,0,1,1,1,1,0,1,0.602210
0,1,1,1,1,0,1,1,1,0,0,0,0,1,1,0,0,1,1,1,0,0,1,0,0,0,1,1,1,0,0,1,0.608273
1,1,1,0,1,1,0,0,1,1,1,1,1,1,0,1,0,1,0,0,1,1,1,1,0,1,0,0,1,0,0,0,0.616090
0,0,1,1,0,1,0,1,1,1,1,0,0,0,0,1,1,0,1,1,1,0,1,1,1,0,1,1,0,1,0,1,0.625987
0,0,0,0,0,1,1,1,1,1,0,1,0,1,0,1,1,1,0,0,0,1,1,1,1,0,0,1,1,1,1,0,0.627941
1,0,1,1,0,1,1,0,0,1,1,0,0,1,0,0,0,1,0,1,1,1,1,1,1,1,0,0,0,1,1,1,0.587152
1,0,1,0,1,1,1,1,0,0,1,1,0,1,0,0,0,1,1,0,1,1,1,0,0,0,0,0,0,0,1,0,0.620951
1,0,1,1,0,0,0,1,1,1,1,0,0,0,1,0,1,1,1,0,1,0,1,1,1,0,1,1,1,0,0,0,0.636910
1,1,0,1,1,1,1,0,0,1,1,1,0,1,1,0,0,0,1,0,0,1,0,0,1,1,0,0,0,1,1,1,0.617493
1,1,1,1,1,1,1,1,0,0,0,0,0,1,1,1,0,0,1,0,0,0,0,0,0,0,1,1,1,0,0,1,0.644652
0,0,0,0,1,1,0,1,0,0,1,1,0,0,0,1,1,0,0,1,1,1,0,1,0,1,0,1,0,0,1,1,0.568562
1,1,0,0,1,0,0,0,0,1,0,0,1,1,1,0,0,0,0,1,0,1,1,1,0,1,0,1,0,1,1,0,0.610728
0,1,0,1,0,1,1,0,1,0,0,1,0,0,1,0,1,1,1,1,1,0,1,1,0,1,0,1,0,1,1,0,0.628918
1,0,0,1,0,0,0,1,1,0,1,0,1,1,0,0,1,0,0,0,1,1,1,0,1,1,1,1,1,1,0,0,0.634129
1,0,0,0,0,0,0,1,1,1,1,0,0,1,1,1,0,1,0,0,0,1,0,1,0,1,1,1,1,1,1,0,0.616817
1,0,1,1,0,0,1,0,0,1,0,1,0,0,0,0,1,1,1,0,1,1,0,0,1,0,0,1,1,0,0,1,0.625561
1,1,0,0,1,0,0,1,0,1,0,1,1,1,0,1,0,1,1,0,1,0,0,0,0,0,1,1,0,1,0,1,0.623231
1,0,0,1,1,0,0,0,0,1,0,1,1,1,0,1,0,0,1,0,0,0,0,1,1,0,1,0,0,0,1,1,0.596547
1,1,1,0,1,0,0,0,1,0,0,0,1,0,1,1,1,0,0,1,0,0,0,0,1,0,0,0,0,0,0,1,0.647458
1,0,0,1,0,0,1,1,0,0,1,0,1,1,1,0,1,1,1,1,0,0,1,0,1,0,1,1,1,1,0,0,0.629269
0,0,0,1,1,1,0,1,1,0,0,1,0,0,0,0,1,1,1,0,1,1,1,1,0,0,1,0,0,1,0,0,0.599780
0,0,0,1,1,0,0,0,0,0,1,0,1,1,0,1,0,0,1,1,0,0,1,1,0,1,0,1,1,0,0,1,0.567484
1,0,1,1,0,0,1,0,0,0,1,1,1,0,0,1,1,0,1,1,1,0,0,1,1,0,0,1,0,0,1,0,0.646456
1,1,1,0,1,0,1,1,1,1,1,1,1,0,1,1,0,1,1,0,0,1,0,1,0,1,1,0,1,0,0,1,0.614311
0,0,0,1,0,1,1,1,0,0,1,0,0,0,1,1,1,1,0,1,1,0,1,1,0,1,0,0,0,1,1,0,0.618545
0,0,0,1,0,0,0,0,1,1,0,1,1,1,1,0,0,1,1,1,0,1,0,1,1,0,0,1,0,0,1,1,0.627941
1,1,1,0,1,0,0,1,1,0,1,0,1,1,1,1,0,1,1,1,1,1,0,1,1,0,1,1,1,0,0,0,0.632726
0,1,0,0,1,0,0,1,1,1,1,0,1,1,0,0,1,1,1,1,1,0,1,0,1,0,0,1,0,0,0,0,0.645429
0,1,0,0,1,1,0,0,1,0,0,0,0,0,0,0,0,1,0,0,1,0,1,0,1,0,1,1,1,0,1,1,0.619723
0,1,0,0,1,1,1,1,0,1,0,1,1,1,0,1,1,1,0,1,0,0,1,1,1,1,0,0,0,1,1,0,0.615113
1,0,1,1,1,0,1,1,1,1,1,1,1,0,1,0,1,0,0,0,0,0,1,0,1,0,1,0,1,1,0,1,0.598402
0,0,0,0,1,1,1,0,0,0,0,1,1,0,0,1,1,1,1,1,0,1,1,1,1,1,0,0,1,0,0,1,0.599780
1,1,1,0,1,1,1,1,0,0,1,1,1,1,0,0,1,0,0,0,1,0,1,1,0,0,1,0,1,1,0,1,0.577055
0,0,1,0,0,1,1,1,1,0,1,1,0,0,1,0,1,0,1,0,0,0,1,0,0,1,0,1,1,1,0,1,0.615764
0,0,0,0,1,1,0,0,0,0,0,0,1,1,1,1,0,0,1,0,1,0,0,0,0,0,1,0,0,1,1,1,0.517551
0,1,1,0,1,0,0,0,0,1,0,0,0,0,1,1,0,0,0,1,1,0,0,0,0,0,1,0,1,1,1,0,0.619071
1,0,1,1,1,0,0,1,1,1,0,1,0,0,1,1,1,1,0,0,1,1,0,0,1,1,0,1,1,1,1,1,0.616541
1,0,0,0,0,1,1,0,0,1,1,0,1,0,1,0,1,0,1,0,0,1,0,1,0,0,0,0,1,1,0,1,0.599554
0,1,0,1,0,0,1,0,0,0,1,1,0,0,1,1,1,1,0,0,1,1,0,1,0,1,1,1,1,0,1,1,0.626638
1,0,1,1,1,1,1,1,1,1,1,1,1,0,0,0,1,1,0,0,1,0,1,0,0,1,1,0,1,0,1,1,0.616792
1,1,0,0,0,0,1,1,1,0,0,0,0,1,1,0,0,0,1,0,0,0,1,0,0,0,1,1,0,0,0,1,0.605041
0,0,1,1,1,0,1,1,1,0,1,1,0,1,1,0,0,1,0,1,0,1,0,0,1,1,0,1,0,0,1,1,0.622053
1,1,1,1,0,1,0,1,0,0,0,1,0,0,0,0,0,1,0,0,1,1,0,0,1,1,0,1,1,1,1,1,0.613309
0,1,0,1,0,1,0,0,1,0,0,0,1,0,0,1,1,1,1,1,0,0,1,0,0,0,0,0,1,0,1,0,0.602586
0,0,0,1,1,0,1,1,1,1,1,1,0,1,1,1,1,0,0,1,1,1,0,1,0,0,1,1,1,1,1,0,0.621452
1,1,0,1,1,1,1,1,1,1,1,0,0,0,1,0,1,0,0,0,1,1,0,1,0,0,1,0,1,1,1,1,0.593741
0,0,1,1,1,1,1,0,0,1,0,1,0,0,0,0,0,0,1,0,1,1,0,0,1,0,0,0,1,0,1,0,0.597775
1,0,1,0,1,1,1,1,0,0,1,1,0,0,1,0,0,0,1,0,0,1,1,0,0,0,0,0,0,1,0,0,0.653922
1,0,1,1,1,1,0,1,1,0,1,1,1,0,0,0,0,1,0,1,0,0,0,0,0,0,0,1,0,1,1,0,0.611280
0,0,1,1,1,1,1,0,0,0,0,1,0,1,1,1,1,1,1,1,0,1,0,0,1,0,0,0,0,0,0,1,0.649964
1,1,1,1,0,1,0,0,0,1,0,1,1,1,1,0,1,1,0,1,0,1,0,0,1,1,1,1,1,0,0,1,0.630045
1,1,1,0,1,0,1,0,0,1,1,1,0,0,1,0,0,1,0,1,1,1,0,0,1,1,0,1,0,1,1,1,0.620174
1,0,1,0,1,0,1,1,0,0,1,0,1,1,0,1,1,0,1,1,0,1,1,1,1,1,0,0,0,0,0,1,0.610603
1,0,0,0,0,1,0,1,1,1,0,0,1,0,1,0,0,1,1,1,0,0,1,1,0,1,1,1,1,1,0,0,0.622604
0,0,1,1,1,1,1,1,1,1,1,1,1,1,0,1,0,0,0,0,0,1,0,1,0,0,1,0,0,0,1,1,0.643024
1,1,0,0,1,1,1,1,1,0,0,1,1,1,1,1,0,0,0,0,0,1,1,1,1,0,1,0,0,1,0,0,0.560795
0,1,0,0,0,0,0,0,1,0,1,1,1,0,0,0,1,1,1,1,1,1,1,1,1,1,0,0,0,1,0,1,0.626663
0,0,0,1,1,0,0,0,0,0,1,1,1,1,1,0,0,0,0,0,0,1,0,1,1,0,0,1,0,1,1,1,0.554832
0,1,0,0,1,0,1,1,1,0,1,0,1,1,1,0,1,0,1,0,1,1,1,0,0,0,1,1,1,1,1,1,0.599028
0,1,0,0,1,0,0,0,1,0,0,1,1,1,1,0,1,1,1,1,1,1,0,1,1,0,1,0,0,0,0,0,0.608448
1,0,0,0,0,0,0,1,0,1,1,1,1,0,0,1,1,0,1,1,1,1,0,1,0,0,0,0,0,1,0,0,0.613384
1,0,0,0,0,1,0,1,1,1,1,1,0,1,1,1,0,0,0,0,0,1,0,1,0,1,0,0,0,0,1,1,0.633753
1,1,1,1,0,1,1,0,1,1,0,0,1,1,1,1,1,0,1,0,1,0,1,0,0,0,0,1,1,0,0,0,0.635733
0,1,0,1,0,0,1,0,1,1,0,1,1,1,0,1,0,1,1,1,0,1,0,1,0,0,0,1,1,0,1,0,0.621402
1,0,1,1,0,0,1,0,1,0,0,0,1,1,0,0,1,0,0,1,0,1,1,0,1,1,1,0,0,1,0,0,0.612683
1,0,0,0,0,0,1,1,1,0,1,0,0,1,0,1,1,0,1,1,0,0,0,0,0,0,1,0,0,0,1,0,0.619823
0,0,1,0,0,1,1,0,0,0,1,1,0,1,1,0,0,0,0,0,1,0,0,0,0,0,1,1,1,1,1,0,0.607321
1,0,1,0,0,0,1,0,0,1,1,0,1,1,1,0,1,0,0,0,1,1,1,0,0,0,0,1,1,0,0,0,0.610102
0,0,0,0,0,1,1,0,0,1,1,1,0,0,1,0,1,0,1,0,0,0,0,1,0,1,1,0,0,0,1,1,0.615639
0,1,0,0,0,1,1,1,0,1,1,0,1,0,0,1,0,0,0,1,1,1,0,0,0,1,1,1,1,0,1,1,0.600982
1,0,1,1,1,0,1,0,1,1,0,1,1,1,1,1,1,1,1,1,1,1,0,0,1,0,1,1,0,1,1,1,0.629344
0,0,0,1,0,1,0,0,1,1,0,1,0,1,0,0,1,0,1,0,1,0,0,0,1,1,0,0,0,1,1,1,0.612081
0,1,0,0,0,0,0,1,0,0,0,0,1,0,1,1,0,1,0,1,0,1,0,1,1,0,0,0,1,0,1,0,0.602561
0,1,0,0,1,0,1,0,1,0,1,1,1,1,1,0,1,0,0,1,1,0,0,0,1,1,0,1,0,0,0,1,0.621627
1,0,1,1,0,0,1,0,0,1,1,1,1,0,0,0,0,0,1,0,1,0,0,0,1,1,0,1,0,1,0,0,0.653597
1,1,0,1,0,0,1,0,1,1,0,1,0,0,0,0,0,0,0,1,0,0,1,0,1,1,0,0,1,0,0,1,0.620875
0,1,0,0,0,0,1,0,0,0,1,1,1,0,1,0,0,0,0,1,1,0,1,0,1,0,1,0,0,1,0,0,0.573873
0,1,1,0,0,0,0,1,1,1,1,1,1,1,1,0,0,1,1,1,1,1,1,1,0,1,1,0,0,1,1,0,0.606945
0,1,1,0,0,0,0,1,0,1,0,1,0,0,1,0,0,1,1,1,1,0,0,0,1,0,1,0,1,0,1,0,0.623531
1,1,1,0,0,1,1,0,1,1,0,0,0,1,1,0,0,1,1,1,1,0,0,1,1,1,0,1,1,0,0,1,0.621251
1,1,1,1,1,0,1,1,0,1,1,0,0,0,0,0,0,0,0,1,0,1,0,1,1,0,1,1,1,1,0,0,0.628868
0,1,0,0,1,1,0,0,1,1,0,0,0,0,0,0,0,1,1,1,1,1,0,0,0,0,1,0,1,0,1,0,0.587403
1,1,0,1,0,0,0,1,0,0,1,1,1,0,0,0,1,1,1,0,1,1,0,0,0,0,1,1,0,1,0,1,0.635207
0,1,1,0,0,0,0,1,1,1,1,0,1,0,0,0,1,1,1,0,1,1,0,0,0,0,0,0,0,0,0,0,0.605968
0,1,0,0,1,1,0,0,0,1,1,1,0,1,0,1,1,1,0,0,1,0,1,0,1,0,1,1,0,0,0,0,0.642723
0,1,0,1,1,0,1,1,0,0,1,0,0,1,0,0,1,1,1,0,1,1,1,0,0,1,1,0,1,0,1,1,0.615990
0,1,0,0,1,0,0,1,1,0,1,0,0,0,1,1,1,1,0,0,1,1,1,0,0,0,0,1,0,0,0,1,0.597525
0,1,1,0,0,1,0,1,0,0,1,1,1,0,1,1,0,1,0,0,0,0,1,0,1,0,0,1,0,0,1,1,0.638764
0,1,1,0,0,1,1,0,0,0,1,0,1,1,1,1,1,1,0,1,0,1,0,1,0,1,0,1,0,1,0,1,0.611555
1,0,1,0,1,1,1,1,0,1,1,0,1,0,1,0,0,1,1,1,0,0,0,0,0,0,1,0,0,1,1,0,0.608949
1,1,1,0,0,1,1,1,0,1,0,0,1,0,0,0,1,0,0,0,1,0,1,1,0,1,1,0,0,1,0,0,0.609300
0,0,1,1,0,1,1,0,1,0,1,1,0,1,1,1,1,0,0,0,0,1,0,0,1,0,1,1,1,1,1,0,0.656929
1,0,1,1,0,1,0,1,0,1,1,0,0,1,1,0,1,0,1,0,1,1,1,1,1,0,1,1,1,0,0,0,0.636083
0,0,0,1,1,0,1,1,1,0,1,1,1,1,0,1,0,1,0,1,1,1,0,1,1,1,1,1,0,1,1,1,0.595595
0,1,1,1,0,1,1,1,0,1,1,0,1,1,0,0,0,1,0,0,1,1,1,1,1,0,0,0,1,1,0,0,0.601333
1,1,0,1,0,0,1,0,1,0,1,1,0,0,0,1,1,1,0,0,0,0,0,0,0,0,0,1,1,0,1,0,0.626037
1,0,0,0,1,0,1,1,0,0,0,1,0,0,1,0,0,0,0,1,1,1,1,1,0,0,1,0,0,1,1,0,0.555483
1,0,0,0,1,1,0,0,1,1,0,0,1,0,0,0,1,0,1,0,1,1,1,0,1,1,0,0,1,0,1,0,0.623556
1,1,0,0,1,1,0,0,0,1,0,0,1,1,0,0,0,0,1,1,1,0,1,0,0,0,0,0,0,1,1,0,0.578634
1,0,0,0,1,1,1,0,1,0,1,0,0,0,0,1,1,0,0,1,0,1,0,1,0,0,1,0,0,0,0,1,0.600281
0,1,1,0,1,0,1,1,1,1,0,0,1,0,1,0,0,0,1,1,0,1,0,1,0,0,0,0,1,0,0,1,0.630396
1,1,1,0,0,0,1,1,0,1,1,1,1,0,1,1,0,0,0,0,1,1,0,1,0,0,1,0,1,1,1,0,0.585799
0,1,1,0,1,1,0,0,0,1,0,1,1,0,0,1,0,1,1,0,1,1,0,1,0,0,0,1,0,1,0,1,0.635958
0,0,0,1,0,0,1,1,1,0,1,0,1,0,0,1,1,0,0,1,1,0,1,0,0,1,0,0,0,0,1,0,0.602160
0,0,0,0,0,1,0,1,1,0,1,1,1,1,1,1,1,1,0,1,0,0,0,0,0,1,1,0,1,1,0,0,0.624609
1,1,1,1,0,0,0,0,0,0,0,1,0,0,0,0,0,0,0,1,0,1,0,1,0,1,1,1,1,0,1,0,0.628717
1,0,1,1,0,1,0,0,1,0,1,0,0,0,1,0,1,1,1,1,1,0,1,0,0,1,1,1,0,1,0,0,0.626813
1,1,1,0,1,1,1,1,0,1,1,0,0,0,0,1,1,0,1,0,1,0,1,1,0,0,0,1,0,0,0,1,0.630647
0,0,0,0,0,0,1,0,1,0,0,1,1,0,1,0,1,0,0,1,0,1,1,1,0,1,0,0,1,1,0,0,0.599980
0,0,1,0,0,0,0,1,1,0,1,0,0,1,0,0,1,1,0,0,0,0,1,0,1,0,1,1,1,0,0,0,0.616190
0,0,0,1,1,1,1,0,1,1,0,1,0,0,0,1,0,0,0,0,0,0,0,1,0,1,1,0,1,0,1,1,0.600807
1,0,0,0,0,1,1,0,1,1,0,1,1,1,0,0,1,0,0,1,1,1,1,1,1,1,1,0,1,1,1,0,0.618119
1,1,0,0,1,0,0,0,0,0,1,1,1,0,1,1,0,1,0,0,1,0,0,0,0,1,0,1,0,1,1,1,0.624558
1,0,1,0,1,0,1,1,1,1,0,0,0,1,1,0,1,1,1,1,0,1,0,1,1,1,1,1,1,0,1,1,0.612307
0,0,0,1,0,1,1,0,1,1,0,0,1,0,0,0,0,1,0,0,0,1,1,1,1,1,1,0,0,1,0,0,0.600005
0,0,1,1,1,0,1,1,0,0,1,0,0,0,1,0,1,1,1,1,1,1,1,1,0,0,0,0,0,0,1,1,0.654173
0,0,1,1,1,0,1,1,1,1,0,1,1,1,0,0,0,1,1,1,0,0,1,1,1,1,0,1,1,0,1,1,0.598928
0,0,1,0,1,1,0,1,0,1,1,1,1,1,0,0,0,1,1,1,1,0,1,1,1,0,1,1,0,0,0,0,0.614737
0,1,1,1,0,0,0,0,1,1,1,0,1,0,1,0,0,0,0,1,1,1,0,1,1,0,0,0,0,1,0,0,0.613033
1,0,1,1,0,1,0,1,1,1,1,0,1,0,1,0,0,1,0,1,1,1,0,0,0,1,1,1,0,0,1,0,0.640042
1,1,1,1,0,1,0,1,0,0,1,0,0,1,1,1,0,1,1,1,0,0,1,1,0,1,1,1,1,1,0,1,0.602310
0,0,1,1,1,0,0,0,0,0,1,1,0,1,1,1,0,0,1,1,0,1,1,1,1,0,0,1,0,0,0,1,0.641896
1,0,1,0,0,1,0,0,0,0,1,1,1,1,1,0,0,0,0,0,1,1,1,0,0,1,0,1,0,0,1,1,0.608849
0,0,0,1,0,1,0,1,1,1,1,1,0,1,0,0,1,0,0,1,0,0,1,1,1,1,0,0,1,1,0,0,0.612983
0,0,0,1,0,1,1,1,1,0,1,1,1,1,0,0,0,1,1,0,1,0,0,0,0,1,1,0,0,0,0,1,0.585198
0,1,0,0,0,0,1,1,0,1,0,0,0,0,0,0,1,0,0,0,0,0,1,1,0,1,0,1,0,0,1,0,0.573222
1,1,0,0,0,1,0,0,1,1,0,1,1,1,1,0,0,0,1,1,0,0,1,1,0,1,0,1,1,1,0,0,0.628667
1,0,1,0,0,1,0,0,1,1,0,0,0,0,0,0,0,1,1,1,1,0,1,0,1,1,0,1,0,1,0,1,0.639917
1,0,0,1,0,1,1,0,0,0,0,1,0,1,1,0,1,1,0,1,1,1,1,0,1,0,0,0,0,1,0,1,0.619598
0,0,0,0,0,0,0,1,0,0,0,1,1,0,1,1,0,0,0,1,1,1,1,0,1,1,1,1,1,1,0,0,0.591336
0,0,0,1,0,0,1,0,1,1,0,1,0,0,0,1,1,0,0,1,1,1,0,0,1,1,0,1,1,0,1,0,0.616691
0,1,0,0,0,0,0,1,1,1,0,0,0,1,1,1,1,0,0,0,0,1,1,1,1,0,0,0,1,0,1,0,0.610603
0,1,1,1,1,0,1,0,1,0,0,1,1,0,0,1,1,0,0,1,0,0,0,1,0,0,0,1,0,1,0,0,0.619097
1,1,0,1,0,0,1,1,0,1,1,0,0,1,0,1,0,1,0,0,1,1,1,1,1,1,1,0,1,1,0,0,0.620550
1,0,1,1,1,0,0,1,0,1,1,0,1,1,1,0,1,0,1,1,0,1,1,1,1,0,1,1,0,0,0,1,0.635683
1,1,1,1,1,0,0,1,0,1,1,0,0,0,0,1,0,1,1,1,1,1,0,0,1,0,1,1,1,0,1,0,0.653872
0,1,1,0,1,0,1,1,1,1,1,0,1,1,0,1,0,0,0,1,0,0,0,0,1,1,1,1,0,1,0,1,0.616240
0,0,0,0,1,1,0,1,1,1,1,1,0,1,0,1,1,1,1,0,0,0,1,0,1,0,1,0,0,1,1,0,0.619147
1,0,0,0,1,0,1,1,1,0,1,1,1,0,0,1,0,0,0,1,0,1,1,1,0,0,1,1,1,0,1,1,0.652920
1,0,1,0,1,0,1,0,1,0,1,0,1,1,0,1,1,0,0,1,0,1,1,1,1,0,0,0,1,1,0,0,0.606895
1,0,0,0,1,1,1,0,1,1,1,1,0,0,0,0,1,1,1,1,1,1,0,1,1,0,0,1,1,0,1,1,0.618746
1,1,0,1,1,1,0,0,0,1,0,0,0,1,1,1,0,1,0,0,0,0,1,1,1,1,1,0,0,0,0,0,0.608949
1,1,0,1,1,0,1,0,1,1,1,1,0,0,0,0,1,0,0,0,0,0,0,0,1,1,0,1,1,1,0,1,0.640167
1,0,1,1,1,0,0,1,1,1,0,0,1,1,1,0,0,1,1,0,1,1,0,1,1,0,1,1,1,1,1,1,0.587302
1,1,0,0,1,0,1,0,1,1,0,1,1,1,0,0,1,0,1,0,0,1,1,1,0,0,0,0,1,0,1,0,0.562448
0,1,1,1,0,1,1,0,1,1,0,1,0,0,1,0,0,0,0,1,1,1,0,1,0,0,1,1,0,0,1,0,0.619472
0,0,0,1,0,0,0,0,1,1,0,0,0,0,1,1,1,0,0,1,0,0,1,1,1,0,1,1,0,1,0,1,0.605141
1,1,0,1,0,0,1,0,0,0,1,1,1,0,0,1,1,1,1,1,0,0,1,0,0,1,0,1,1,1,0,0,0.619372
0,0,1,0,0,1,1,0,0,0,1,0,0,0,1,0,0,1,1,1,1,1,1,0,1,1,0,1,1,0,1,1,0.608223
1,0,0,1,1,1,0,0,1,1,1,0,0,0,0,0,1,1,0,0,1,1,1,1,1,1,0,0,1,0,0,0,0.617117
1,1,0,1,0,1,1,1,0,0,1,1,1,1,0,1,0,0,0,0,0,0,0,1,0,0,0,1,1,0,1,0,0.586576
0,0,1,1,1,0,1,1,0,0,0,0,1,1,0,1,0,1,0,1,1,1,1,0,0,0,0,1,1,0,0,1,0.610478
0,0,1,1,1,1,1,0,0,1,0,0,0,1,0,0,0,1,0,1,0,1,0,1,1,0,1,0,0,1,1,1,0.610277
0,1,0,0,1,1,1,0,1,0,0,0,0,1,1,0,0,0,0,1,1,1,0,0,0,1,1,0,1,1,0,0,0.602636
1,0,1,0,1,0,1,0,1,0,0,0,1,1,0,0,0,0,0,0,1,1,0,0,1,0,0,1,1,1,0,0,0.599028
1,0,1,0,1,1,1,0,0,0,1,0,1,1,0,1,0,0,1,1,0,1,0,0,0,0,0,1,1,1,0,0,0.611680
0,1,1,1,1,1,0,0,1,1,0,1,1,0,0,1,1,0,0,1,0,0,0,1,1,1,0,1,0,0,1,0,0.622955
1,0,1,1,1,0,1,0,1,0,1,0,1,0,0,1,1,0,0,1,1,1,0,1,0,1,1,0,0,0,0,0,0.674492
1,0,0,1,1,0,1,0,1,1,0,0,0,1,1,0,0,0,0,1,0,0,1,0,0,1,0,0,1,0,0,0,0.618170
0,0,0,1,1,0,0,1,1,0,0,1,0,1,0,1,0,1,0,1,1,0,0,0,0,0,0,0,0,1,0,1,0.599379
0,1,1,1,0,1,1,0,0,1,0,1,1,1,0,1,1,1,0,0,0,1,1,1,0,1,0,0,1,1,0,1,0.618470
0,0,1,1,0,1,0,0,0,0,1,0,0,1,0,1,1,0,0,1,0,0,1,0,0,1,1,0,0,0,0,1,0.605342
1,0,1,0,0,0,0,0,1,1,0,0,0,0,1,1,0,0,0,0,1,1,1,0,0,0,1,0,1,0,0,1,0.612232
0,0,0,0,0,0,0,1,0,0,0,0,1,0,1,0,0,1,0,0,1,1,0,0,0,0,1,0,1,1,1,1,0.564979
1,1,1,1,1,1,1,1,0,0,1,1,1,1,1,1,1,0,1,1,1,0,0,1,0,0,0,1,1,0,1,0,0.642999
1,1,0,0,0,0,1,1,1,1,1,0,1,0,1,1,0,0,0,0,1,0,1,0,1,0,0,0,1,0,1,0,0.625987
1,0,0,1,1,1,1,0,1,0,0,1,0,0,0,0,0,1,1,0,0,0,1,1,0,1,0,1,0,0,1,1,0.613509
0,0,1,0,0,1,1,1,1,1,1,0,0,1,1,1,0,0,0,0,1,0,0,1,0,0,0,0,1,1,1,1,0.541352
1,1,0,1,0,1,1,0,0,0,1,0,1,0,0,0,1,1,0,0,0,1,0,0,1,0,0,0,0,1,1,0,0.619973
0,1,1,1,1,0,0,1,1,0,1,1,0,0,1,1,0,1,0,0,0,0,1,1,0,0,1,1,1,0,0,1,0.630571
0,0,1,1,1,1,1,1,0,0,1,1,0,1,1,0,0,0,0,1,1,0,0,1,0,1,1,0,0,1,0,0,0.613985
0,0,0,1,1,0,1,0,0,1,1,0,0,0,0,1,0,0,1,0,1,0,0,0,0,0,1,1,1,1,0,1,0.565204
0,1,1,1,1,0,1,1,1,0,1,1,1,1,1,0,1,1,0,1,1,1,1,1,0,1,1,1,0,1,0,1,0.609751
0,1,0,1,0,0,0,1,1,0,0,1,0,1,1,1,1,0,0,1,0,1,0,0,1,0,0,0,1,0,1,0,0.623982
0,1,1,0,0,1,1,1,1,1,0,0,1,0,0,1,0,1,1,0,1,1,0,0,0,0,1,0,1,0,1,1,0.612056
1,1,0,0,0,1,1,1,1,1,0,1,1,1,0,0,1,0,1,1,0,0,1,1,0,1,1,1,1,0,1,1,0.618470
1,1,0,0,0,1,1,0,0,0,0,1,0,1,1,0,1,0,0,1,1,1,0,0,1,0,1,0,0,1,0,1,0.615388
1,0,0,0,0,1,1,1,1,1,1,1,0,0,0,0,1,0,1,1,0,0,1,1,0,1,0,0,1,0,0,1,0.621652
1,0,1,1,1,1,0,1,1,1,0,0,1,0,0,1,0,0,0,1,1,1,1,0,1,0,1,1,1,1,0,0,0.627790
0,1,1,0,1,1,1,1,0,0,1,1,0,1,0,1,0,0,1,1,1,1,0,0,1,0,0,0,1,0,0,1,0.604966
1,0,0,1,1,0,1,0,1,0,1,0,0,1,0,1,1,1,1,0,0,0,0,1,1,1,0,0,1,0,0,1,0.609426
1,1,0,1,0,0,0,0,0,0,1,0,1,0,1,1,1,0,1,1,0,1,0,0,0,1,0,0,1,1,0,1,0.641295
0,1,1,0,0,0,1,1,0,0,0,0,1,0,0,0,1,1,1,0,0,1,0,1,0,0,1,0,0,1,0,0,0.609977
0,1,0,0,0,1,1,0,0,0,0,1,1,0,1,1,1,0,0,0,1,0,0,0,1,0,0,0,0,1,1,0,0.587778
0,1,0,1,0,0,1,0,1,1,1,0,0,1,1,0,1,0,1,1,0,1,1,0,0,0,1,0,1,0,1,0,0.625235
0,0,1,0,1,1,1,0,1,0,1,1,1,0,0,0,1,1,1,1,1,1,1,0,1,1,0,1,1,1,0,0,0.617368
1,0,0,0,1,0,1,1,0,1,0,1,1,1,1,0,1,0,0,1,1,1,1,1,0,1,0,0,1,0,0,0,0.599153
1,1,0,0,1,1,0,0,0,1,0,1,1,1,1,1,1,1,1,1,0,0,0,0,0,0,0,1,1,1,0,1,0.623882
1,1,0,1,1,1,0,1,0,1,0,1,1,1,1,0,1,1,1,1,1,0,0,1,1,1,1,0,1,1,0,0,0.615915
0,1,0,0,1,0,1,1,0,0,0,1,1,0,1,1,0,0,1,1,0,1,1,1,1,1,1,1,0,1,1,1,0.581565
0,1,0,0,0,1,1,0,0,0,1,1,0,0,1,0,1,1,0,1,1,1,0,1,0,1,0,0,0,0,1,1,0.649362
1,1,1,1,1,1,1,0,1,1,1,1,0,0,0,1,1,1,0,1,0,0,1,0,0,0,1,1,0,0,0,1,0.620600
1,1,0,0,1,0,0,0,1,1,1,1,0,1,1,0,1,0,0,1,0,0,0,1,1,0,1,0,1,0,1,1,0.620675
1,0,1,1,0,0,1,1,1,1,1,1,1,0,0,0,0,0,1,0,1,1,0,1,0,1,1,0,1,1,0,0,0.621176
0,0,0,0,0,0,1,0,1,0,0,1,0,1,0,0,0,1,0,0,0,1,0,1,0,1,0,0,0,1,0,0,0.589532
1,0,0,1,1,1,0,0,0,1,0,1,1,0,0,0,0,1,1,0,1,1,0,1,1,1,1,0,1,1,1,1,0.614336
0,0,0,1,0,0,0,1,1,1,1,0,1,0,1,1,1,0,1,0,1,1,1,0,0,1,1,1,0,0,1,1,0.625110
1,1,1,0,0,1,1,0,1,1,0,1,1,1,1,1,1,1,1,1,1,1,0,1,0,1,1,0,0,1,0,0,0.620675
1,0,1,1,1,0,0,0,1,0,1,0,0,0,1,0,1,0,1,0,0,0,1,0,0,1,0,1,0,0,1,1,0.657756
1,1,0,1,1,0,1,1,0,1,1,1,0,1,1,1,1,1,0,0,1,1,1,1,1,0,0,1,0,0,1,0,0.640067
0,0,1,1,0,1,0,0,1,1,1,0,0,0,1,1,1,1,1,1,1,0,1,0,1,0,1,1,0,0,1,0,0.674141
1,1,1,0,0,0,0,1,1,1,1,0,0,0,1,0,0,0,1,0,0,1,1,0,0,1,1,1,0,0,0,0,0.632375
0,0,1,1,1,0,1,1,1,1,0,0,1,1,0,0,0,1,0,0,1,1,1,0,0,1,1,1,0,0,0,1,0.609902
1,0,0,0,0,0,1,0,0,1,0,0,0,1,1,0,1,0,0,0,1,1,1,0,0,1,1,0,0,1,0,1,0.605642
0,0,1,1,1,0,1,0,0,1,0,0,1,0,1,1,0,1,0,0,0,1,1,1,1,0,1,1,0,1,0,1,0.598076
1,0,0,0,0,1,0,1,1,0,1,0,0,0,0,1,1,1,1,1,0,1,1,0,0,0,1,0,1,1,0,0,0.608448
1,0,1,1,1,1,1,0,0,1,0,1,1,0,0,1,1,1,1,0,0,1,1,1,1,1,0,0,1,1,0,1,0.601784
0,0,0,1,1,0,1,1,0,0,0,0,1,1,1,0,1,1,0,1,1,0,1,1,0,1,0,0,1,1,0,1,0.589081
0,1,0,1,1,0,1,0,0,1,1,1,1,1,1,0,0,0,1,0,1,1,1,0,1,1,0,0,1,0,1,1,0.625410
0,1,0,1,1,0,1,1,0,1,0,1,1,0,0,1,1,1,0,0,1,1,1,1,0,0,1,1,1,1,1,0,0.626638
0,0,0,1,1,0,0,1,1,1,1,0,1,1,0,1,0,1,1,1,0,0,1,0,1,1,1,1,0,0,0,0,0.629820
1,0,1,1,1,0,1,1,0,0,0,0,1,0,0,0,0,1,1,1,0,1,1,0,0,1,0,1,0,1,0,1,0.619322
1,0,1,1,1,0,0,1,0,1,0,1,1,1,1,1,0,0,0,1,0,1,0,0,0,1,1,0,0,1,0,0,0.622729
0,1,1,0,0,0,1,1,0,0,1,1,1,0,0,0,1,0,0,0,0,1,0,0,1,1,1,0,0,0,1,0,0.609100
1,1,1,1,1,1,0,1,0,0,0,0,0,1,0,0,0,1,0,0,1,1,0,0,0,0,0,0,0,1,0,1,0.582742
1,1,0,0,0,1,1,0,1,1,0,1,1,1,1,0,1,1,0,0,1,0,1,0,1,1,0,1,1,1,0,0,0.649613
0,0,0,1,0,0,0,1,0,0,0,0,0,1,0,0,0,0,1,1,0,0,1,0,1,1,1,0,1,0,1,1,0.539724
0,0,1,0,1,1,0,1,1,0,0,0,1,0,1,1,1,0,0,1,0,1,1,1,0,0,0,1,0,1,1,0,0.606945
1,0,0,1,0,0,0,0,1,1,1,1,1,0,1,0,1,0,0,1,1,0,0,1,1,0,1,0,1,1,0,0,0.613860
0,1,0,1,1,0,1,1,0,1,0,0,0,0,1,1,0,1,0,1,1,0,0,0,0,0,0,1,0,0,0,1,0.580563
1,1,1,0,0,0,1,1,1,1,1,0,1,0,1,1,1,1,0,1,1,1,0,0,0,0,0,1,0,1,0,0,0.625661
0,0,1,0,1,0,0,1,1,0,1,0,0,0,1,0,0,1,1,0,0,0,0,1,0,1,0,0,0,0,1,0,0.596497
1,1,0,1,1,1,1,1,0,1,0,1,1,0,1,0,0,0,1,1,0,0,1,0,1,0,1,1,0,0,1,1,0.619422
0,1,1,1,0,1,0,0,0,1,0,0,1,0,0,0,1,0,1,1,0,0,1,0,1,0,0,0,1,1,0,1,0.606795
1,0,1,0,1,1,1,1,1,1,0,1,1,0,0,1,1,0,0,0,0,1,1,0,0,0,1,0,0,1,0,1,0.618345
1,1,0,0,0,0,1,0,1,1,0,0,0,1,1,1,1,1,1,0,0,1,1,0,0,0,0,1,1,1,1,1,0.633503
1,1,1,1,0,1,0,1,1,1,1,0,1,1,1,0,1,1,1,1,0,0,1,1,1,0,1,0,0,1,0,0,0.613134
0,1,0,0,1,1,1,0,1,1,1,0,1,1,1,1,1,1,1,1,0,1,1,0,1,1,1,0,0,0,0,1,0.662917
1,1,0,0,1,1,1,1,1,0,0,1,0,1,1,1,1,0,0,1,0,1,0,0,0,1,0,1,1,0,1,1,0.604415
1,1,1,1,0,0,1,1,1,0,0,1,1,0,1,1,1,1,1,1,0,0,1,0,1,1,0,1,1,1,1,0,0.643324
0,0,0,0,1,1,0,1,0,1,1,0,0,1,0,0,0,1,1,0,0,0,0,0,0,1,0,0,0,1,1,0,0.576379
1,1,1,0,1,0,1,1,1,1,0,0,0,1,0,0,1,1,1,1,1,0,1,1,0,0,0,1,1,0,1,0,0.633829
0,0,0,1,0,1,1,0,1,0,1,1,1,0,1,1,1,1,0,0,1,1,1,0,1,0,1,1,0,0,0,0,0.625536
0,0,0,0,1,0,1,1,0,1,0,1,1,1,1,1,0,1,0,1,0,0,0,1,0,1,1,0,0,0,0,1,0.564202
0,1,1,1,1,1,1,0,1,1,0,1,0,1,1,1,0,0,0,1,0,0,1,0,0,0,0,0,0,1,1,0,0.624609
1,0,0,0,1,1,1,1,0,1,1,1,0,0,1,1,0,0,0,0,1,1,1,1,1,0,0,0,0,0,0,1,0.540977
0,1,0,1,0,0,0,1,0,1,1,0,1,0,0,0,1,1,0,1,1,1,1,0,0,1,0,0,0,0,1,1,0.613509
0,1,1,1,0,1,1,0,1,1,1,0,1,0,1,1,1,1,1,1,1,0,1,0,1,0,0,0,0,1,0,0,0.641621
0,0,0,1,1,1,0,0,0,0,1,1,0,1,1,1,1,0,1,1,0,0,0,1,0,1,1,0,0,0,1,0,0.605116
0,0,0,0,0,1,0,0,1,1,1,1,1,0,0,1,1,0,1,1,1,1,0,0,1,1,1,1,1,0,1,1,0.631924
1,1,1,0,1,1,1,0,1,1,1,0,0,1,1,1,0,1,1,1,1,0,0,1,0,1,1,0,0,0,1,1,0.630095
1,1,0,0,1,0,0,0,1,0,0,1,0,0,0,1,1,1,1,1,1,1,0,0,1,0,1,0,0,0,1,1,0.626312
0,0,0,0,1,1,0,0,1,0,1,1,1,1,1,1,1,0,0,0,1,0,0,0,0,0,1,0,0,1,0,1,0.639666
1,0,1,1,1,1,0,0,1,0,1,0,0,0,0,1,0,1,1,0,0,1,1,0,0,0,1,1,0,1,1,1,0.614687
0,1,1,0,1,1,1,1,0,0,0,1,1,0,1,1,0,0,0,1,1,0,1,1,0,0,1,0,0,1,1,1,0.595370
1,1,0,0,1,0,1,0,1,1,0,0,0,1,1,0,0,1,1,1,1,0,0,0,1,1,0,0,0,1,0,1,0.635983
1,1,0,1,0,0,0,0,0,1,0,0,0,1,1,1,0,0,1,0,0,1,1,1,1,0,1,1,1,1,1,1,0.587854
0,0,0,0,0,1,0,1,1,1,0,1,1,0,1,0,1,0,1,0,0,1,0,1,0,0,0,1,0,0,0,0,0.620750
0,0,1,0,0,0,0,0,1,1,1,1,0,0,0,1,1,1,0,1,1,0,0,0,1,1,1,0,1,1,1,1,0.648836
1,1,1,1,0,1,0,0,0,1,0,1,1,1,1,1,1,1,0,1,1,1,1,1,1,0,1,0,0,0,1,1,0.624684
1,0,0,1,1,0,1,0,1,1,0,1,1,1,1,0,1,0,1,0,0,1,1,0,1,1,0,0,0,0,0,1,0.629018
0,1,0,1,1,1,0,0,0,1,1,1,1,1,1,0,1,0,0,0,1,1,0,0,1,1,0,1,0,1,0,1,0.613409
1,0,1,0,0,0,1,0,0,0,1,1,0,0,1,0,0,1,0,0,0,1,1,1,1,1,0,0,0,1,0,0,0.612407
0,1,0,0,1,1,0,0,0,0,0,1,0,0,0,0,1,0,0,1,1,1,0,0,1,0,1,1,0,0,0,0,0.550372
1,0,0,1,1,1,0,1,0,0,0,1,1,1,0,0,1,0,1,0,0,1,0,0,0,0,0,1,0,0,1,1,0.593666
0,1,0,0,1,1,1,0,0,0,1,0,1,1,0,0,1,1,1,0,0,1,1,1,0,1,0,0,0,1,1,1,0.588004
1,0,0,1,0,0,0,1,1,0,1,0,1,0,1,1,1,0,1,1,1,1,0,0,1,0,0,0,1,0,0,1,0.627941
0,0,0,0,0,1,0,1,1,1,1,1,0,0,1,1,0,0,0,0,1,1,0,1,1,0,1,0,0,0,0,0,0.598151
0,0,0,1,1,1,1,0,1,0,0,0,1,0,1,1,0,1,0,0,1,0,0,1,1,0,0,1,0,1,1,1,0.577005
1,1,1,0,1,1,0,1,1,0,1,1,1,1,0,1,0,0,1,0,1,0,1,0,0,0,0,0,1,1,1,1,0.604715
0,1,0,0,0,0,1,0,0,0,1,0,0,0,0,0,1,1,0,0,1,0,1,0,0,1,0,0,0,0,1,0,0.601859
1,0,1,1,1,0,0,1,0,1,1,0,0,0,1,0,0,1,1,1,1,0,1,1,1,0,1,0,0,0,1,1,0.628317
1,1,1,1,1,1,0,1,0,0,0,0,0,0,0,0,1,1,1,1,1,0,1,0,0,0,0,1,1,1,1,0,0.627114
0,1,1,0,1,1,1,0,1,0,0,1,0,1,1,0,1,0,0,1,1,1,0,1,0,1,0,0,0,0,1,1,0.619197
0,1,0,0,0,1,0,1,1,1,1,0,1,0,1,1,0,1,0,0,0,1,1,1,1,1,0,0,1,1,0,1,0.596723
1,1,1,1,0,1,1,0,1,0,1,1,1,0,0,0,0,1,0,1,0,0,1,0,0,0,0,0,1,1,1,0,0.636008
1,0,0,0,1,0,0,0,0,1,0,0,1,1,0,1,1,0,0,1,0,0,1,0,1,1,1,0,1,1,0,1,0.602059
0,0,0,0,1,0,1,0,0,0,1,1,0,1,1,0,0,0,1,1,0,1,0,1,0,0,0,1,1,0,1,0,0.535014
1,0,0,0,0,1,0,1,0,0,0,0,1,0,0,1,0,1,1,1,0,1,0,1,0,1,0,1,1,0,0,1,0.625636
1,0,1,0,1,1,1,1,1,1,0,0,0,1,0,1,1,1,0,0,0,0,1,1,1,0,0,0,0,1,0,0,0.621727
1,1,1,1,1,1,0,1,1,0,1,1,1,0,0,0,1,0,1,0,1,0,0,1,1,0,0,1,0,1,1,0,0.625260
1,1,1,1,1,0,0,0,0,1,0,1,1,0,1,0,1,0,0,1,1,1,1,1,1,1,0,1,0,0,1,1,0.619748
1,1,0,1,0,1,0,0,0,1,1,0,0,0,0,1,0,1,0,1,1,1,1,0,1,0,1,1,0,1,0,1,0.646682
0,1,0,0,1,1,1,0,1,0,0,1,1,0,0,1,0,1,1,1,0,1,0,1,0,1,1,1,1,0,1,1,0.610854
1,0,0,0,1,0,1,0,0,1,0,1,0,0,0,0,0,1,1,0,1,1,0,0,1,1,1,1,0,0,0,0,0.604841
0,1,0,1,1,1,0,1,0,0,1,1,1,0,0,0,0,0,0,0,1,1,1,1,0,1,1,0,0,1,1,1,0.595495
1,1,0,1,0,0,1,0,1,0,0,1,0,0,1,0,1,0,0,0,0,1,1,0,0,1,1,1,0,1,0,1,0.621276
0,0,0,0,1,0,0,0,0,0,1,1,0,0,0,0,1,0,0,1,1,0,0,0,1,0,1,1,0,1,0,1,0.590134
1,1,1,1,0,0,0,0,0,1,1,0,0,1,1,0,1,0,1,1,0,1,1,0,1,1,0,1,1,0,1,1,0.625886
1,0,1,1,1,1,0,1,1,1,0,0,1,1,1,0,0,1,0,1,1,0,1,0,1,1,0,1,0,1,0,0,0.622754
