1,0,0,0,0,0,0,0,1,1,0,0,0,0,1,1,1,0,1,0,1,0,1,0,1,1,0,1,0,1,1,0,0.569434
1,0,0,0,0,1,0,1,1,0,1,0,0,0,0,1,0,0,1,0,1,0,0,0,0,0,1,0,1,0,0,0,0.568806
1,1,1,0,0,1,0,1,0,0,1,1,0,0,1,0,1,0,0,0,0,0,1,0,1,0,1,0,0,0,0,0,0.610592
1,0,0,1,1,0,1,1,1,0,0,0,0,0,1,1,1,1,1,1,0,0,1,1,1,1,0,0,0,1,0,0,0.618377
1,1,0,0,1,1,0,1,1,1,1,1,1,0,1,0,0,0,0,1,1,0,0,1,1,0,1,0,0,1,1,1,0.630004
0,0,1,1,1,1,0,1,1,1,1,1,0,0,1,0,0,1,0,1,1,0,1,1,0,0,1,0,1,0,0,1,0.629652
1,0,0,0,1,0,1,0,1,1,0,0,0,1,1,0,0,0,1,0,1,1,0,0,1,0,0,0,1,1,0,0,0.583572
0,0,1,1,0,0,0,0,0,1,0,0,0,1,0,1,0,0,1,1,0,1,1,0,1,1,1,0,0,1,0,0,0.552810
0,1,1,0,0,0,1,1,1,1,0,0,1,1,1,0,0,0,1,1,1,1,1,1,1,0,0,0,0,1,0,0,0.598513
0,1,0,1,0,1,1,1,1,0,1,1,0,1,1,1,0,1,1,1,0,0,1,1,1,1,0,0,0,0,1,1,0.671036
1,1,0,1,1,0,0,1,1,0,1,1,1,0,1,1,1,0,0,1,1,0,0,1,0,1,0,0,0,0,1,1,0.668751
1,1,0,1,0,1,0,0,1,1,1,1,0,1,0,1,1,0,0,1,1,1,0,0,1,0,1,0,1,1,0,0,0.627040
1,0,0,0,1,1,0,0,0,1,1,0,0,1,0,0,0,1,1,1,1,1,0,1,0,1,1,0,1,1,0,0,0.602205
1,0,0,1,1,0,1,1,0,1,1,1,0,0,0,1,0,0,0,0,1,1,1,0,0,1,1,0,0,1,1,0,0.597132
0,0,0,1,1,1,1,0,1,1,0,1,0,1,0,0,1,0,0,1,1,1,0,1,1,0,1,0,0,1,0,1,0.614284
0,1,0,1,0,1,0,0,1,0,0,1,0,1,0,0,1,1,0,1,0,1,1,0,0,1,1,0,0,1,1,1,0.596504
0,0,0,1,1,1,0,1,0,1,1,1,0,1,1,0,1,0,1,0,0,1,1,1,1,1,1,1,1,0,0,1,0.646653
1,1,1,0,0,0,0,0,1,1,0,0,1,1,1,1,1,1,1,1,1,0,0,1,0,1,0,0,1,0,1,0,0.619883
1,0,1,1,1,0,1,0,1,1,1,0,1,0,0,1,0,1,0,1,1,0,1,0,1,0,0,1,0,1,0,1,0.624705
1,0,1,0,1,0,1,1,0,0,1,0,0,1,1,1,1,1,0,0,0,1,0,1,1,1,0,1,1,1,0,0,0.626161
0,1,0,1,1,0,0,1,0,1,1,0,0,1,1,1,0,1,1,1,1,1,0,0,0,0,0,1,1,0,1,0,0.613857
1,0,1,0,1,0,0,1,1,1,0,1,0,0,0,1,1,1,0,0,0,0,1,1,1,1,1,1,1,1,1,0,0.642785
1,0,0,0,1,0,0,0,1,0,1,0,0,0,0,0,1,0,0,1,1,1,0,1,0,1,0,1,0,1,0,0,0.591783
0,1,0,1,0,1,1,1,1,1,1,0,0,1,0,0,0,0,1,0,0,0,0,1,1,1,0,1,0,1,1,0,0.598714
0,0,0,0,1,0,1,1,0,0,0,1,1,1,1,1,0,0,0,1,1,0,0,1,0,1,0,1,1,1,1,0,0.513083
1,1,0,1,1,0,0,0,1,1,0,0,0,1,0,0,0,1,1,1,1,1,0,1,0,1,0,1,0,0,0,0,0.576114
1,1,1,1,0,1,1,0,0,1,1,1,0,1,0,0,1,1,1,0,1,1,0,0,1,1,0,1,1,1,0,1,0.631033
0,1,1,1,0,1,0,1,1,0,0,1,0,0,1,0,0,1,1,1,1,1,0,1,1,1,1,1,1,1,0,0,0.623048
1,1,1,1,0,0,0,0,0,0,1,0,0,1,0,1,1,1,0,1,1,1,1,1,1,1,0,1,0,0,1,1,0.668625
1,0,0,1,1,0,0,1,1,0,0,1,0,0,0,1,1,0,0,0,1,1,1,1,1,0,0,1,1,0,0,1,0.601703
0,0,0,0,1,0,1,1,0,0,1,1,0,1,0,1,0,0,1,0,0,0,1,0,1,1,0,0,1,0,1,1,0.593516
1,0,0,0,0,0,1,1,1,0,0,1,0,1,1,0,0,1,0,0,0,1,0,1,1,0,0,1,1,0,1,1,0.610015
1,0,1,1,0,1,0,1,0,0,0,0,1,1,1,0,1,0,1,1,1,1,1,0,1,1,0,0,0,0,0,0,0.606926
0,1,1,1,0,0,1,1,1,1,1,1,0,0,1,0,1,1,0,0,0,0,0,0,0,1,1,1,1,1,1,0,0.623374
0,0,0,0,1,1,1,0,1,1,1,1,0,0,0,0,1,0,1,0,0,0,1,1,0,1,1,1,0,0,1,1,0.618452
1,1,1,0,0,0,1,1,1,0,1,0,0,0,0,0,0,1,1,0,1,1,1,1,0,0,1,1,1,0,1,0,0.598388
1,1,0,0,0,0,0,1,0,1,1,0,1,1,1,0,1,0,1,1,1,0,0,1,1,0,0,1,0,1,1,1,0.639345
1,0,1,1,0,0,0,1,1,1,0,1,1,0,1,0,0,1,1,0,1,0,0,1,1,1,0,1,1,1,0,0,0.617699
0,0,0,0,1,0,1,0,0,0,1,1,1,1,1,0,0,1,1,1,1,0,0,1,0,0,0,0,1,0,0,1,0.540781
1,0,1,0,1,0,1,1,1,0,1,0,0,0,0,0,0,0,1,1,1,0,1,0,1,0,1,0,0,1,0,0,0.598413
0,0,1,0,0,1,0,0,1,0,1,1,1,0,1,0,0,1,0,1,0,0,1,1,1,1,0,0,1,0,1,1,0.619281
1,1,1,0,0,0,1,1,1,0,1,1,1,0,1,1,1,0,0,1,1,1,0,0,1,1,0,0,0,1,0,0,0.622144
1,1,0,1,0,0,1,0,0,1,0,0,1,1,1,1,0,0,0,0,0,0,0,0,1,1,0,1,1,0,0,0,0.599920
1,0,1,0,0,0,0,1,0,0,0,1,1,0,0,0,1,0,0,1,1,1,1,1,1,0,0,1,1,1,1,1,0.636332
1,1,0,1,0,0,0,1,1,1,0,0,1,1,0,1,0,0,1,0,0,0,0,1,0,1,0,1,1,1,0,0,0.584878
0,0,0,0,0,0,1,1,1,0,0,1,0,0,0,0,1,1,1,1,0,1,0,0,1,0,0,0,1,0,1,1,0.572573
1,1,1,1,0,1,1,1,1,0,1,0,1,0,1,1,1,0,1,0,0,1,0,1,1,1,1,0,0,0,1,0,0.634750
1,0,1,1,1,0,1,1,0,1,1,1,1,0,1,1,0,1,1,1,0,1,0,0,0,1,1,1,0,1,0,1,0.648009
0,1,1,1,1,0,0,0,1,0,0,0,1,1,1,1,0,0,1,0,1,0,1,1,0,0,1,0,1,0,0,1,0.593365
0,1,0,0,0,1,1,1,0,0,1,1,0,0,1,0,1,1,1,1,0,1,0,1,1,0,1,1,0,1,0,1,0.629074
1,0,1,0,1,0,0,1,0,1,0,1,1,1,0,1,1,0,0,0,0,1,1,0,0,1,0,0,1,0,1,1,0.612224
1,1,0,0,1,0,1,0,0,0,1,1,0,0,1,0,0,0,0,0,0,1,1,1,1,1,0,1,1,0,0,0,0.595500
0,0,1,1,0,0,1,1,1,1,1,1,0,1,0,1,1,0,0,1,1,0,1,0,1,1,0,0,1,0,0,0,0.603335
0,0,0,1,1,1,1,0,0,0,0,1,1,0,1,0,0,0,0,0,1,1,1,1,1,0,0,0,1,0,0,0,0.489880
1,1,1,0,0,0,1,1,0,0,0,1,1,1,0,1,1,0,0,1,0,0,0,0,1,0,0,0,1,1,1,1,0.652579
1,0,1,0,0,0,0,1,1,0,0,1,1,0,0,1,0,0,1,1,1,0,0,0,0,0,1,1,0,1,1,1,0.604088
0,1,1,0,1,0,0,0,0,0,0,1,0,1,0,0,0,1,1,1,0,0,0,1,0,0,0,0,1,1,0,1,0.565743
1,1,1,1,1,0,0,0,1,1,1,1,1,1,0,0,0,1,1,0,1,0,0,0,1,1,0,0,1,1,1,0,0.637336
0,0,1,1,0,1,0,0,1,0,1,0,0,0,1,0,0,1,1,1,1,1,0,1,1,1,1,0,1,1,1,0,0.620461
1,1,0,0,0,0,1,0,1,1,1,1,1,0,1,0,0,0,1,1,1,1,1,1,0,0,0,0,0,1,1,1,0.627969
0,0,1,1,0,0,1,0,0,1,1,0,1,0,0,0,0,0,0,0,1,1,0,0,1,1,1,1,1,0,1,1,0.598815
0,1,0,0,0,0,0,0,0,1,1,0,1,0,1,0,0,1,0,0,1,0,1,1,0,1,0,0,1,0,0,0,0.516599
1,0,0,1,1,1,1,0,0,0,1,1,0,1,0,1,0,1,1,0,1,0,0,0,0,0,1,1,0,1,0,1,0.601552
1,0,0,0,1,1,1,0,1,1,1,1,0,1,1,1,0,1,0,0,0,0,0,1,1,1,0,1,1,0,0,0,0.615062
1,0,1,0,1,0,0,0,0,0,0,0,1,0,1,0,1,0,1,0,0,1,0,0,0,1,1,1,0,1,0,0,0.598865
1,1,0,1,1,0,0,0,1,0,1,0,0,1,0,1,0,1,1,1,0,1,1,0,1,0,0,1,0,1,0,1,0.618050
0,1,0,1,1,1,0,1,0,0,0,1,0,0,1,0,0,0,1,0,1,0,1,0,0,1,1,0,0,1,1,0,0.562553
1,1,0,1,1,0,1,0,1,0,0,1,0,0,1,1,1,1,1,0,0,0,0,1,1,0,1,0,1,0,1,0,0.620662
0,1,1,0,1,0,0,0,1,1,1,0,0,0,0,1,1,0,1,0,1,0,0,0,0,1,0,1,1,0,0,0,0.609412
0,1,1,0,1,0,0,1,0,0,1,0,0,1,1,0,1,0,0,0,0,0,1,0,0,0,1,0,0,0,1,0,0.553362
0,0,0,1,0,1,0,1,0,0,1,1,0,0,1,0,1,0,1,0,1,1,0,0,0,1,1,0,0,0,1,0,0.520089
0,0,1,0,1,1,0,0,0,1,0,0,0,1,1,0,0,1,0,1,0,0,1,1,1,1,1,1,0,0,0,1,0.575536
0,0,0,1,1,0,0,0,1,0,0,0,0,1,0,1,0,1,1,0,0,0,0,1,0,0,1,0,0,0,1,1,0.535583
1,1,0,1,1,1,1,1,0,0,0,1,1,1,1,0,0,1,1,0,1,0,1,0,0,0,0,0,0,0,0,0,0.623399
1,0,1,0,0,0,0,0,0,1,1,0,1,1,1,0,0,1,0,0,1,1,1,1,1,0,0,1,1,0,1,0,0.593843
1,0,0,1,0,1,1,0,1,1,1,0,1,0,1,0,1,0,1,1,0,0,1,1,0,1,0,0,1,1,0,1,0.617197
1,1,0,0,1,1,1,0,1,0,0,1,1,0,1,0,1,1,1,1,0,1,1,0,0,1,0,1,0,0,1,0,0.616318
1,1,0,0,0,1,1,1,1,0,0,1,1,1,0,0,0,1,0,1,1,1,1,1,1,0,1,1,1,1,1,0,0.654688
0,1,1,0,1,1,0,1,1,1,1,1,0,1,0,0,0,1,0,1,1,0,1,0,1,0,0,1,1,0,1,0,0.613631
1,0,1,0,1,1,0,0,0,0,0,0,0,1,0,0,1,0,0,0,1,0,1,0,0,1,0,0,1,1,1,0,0.564939
1,0,1,0,1,0,0,1,0,1,0,1,0,1,1,1,1,1,1,0,1,0,1,0,0,0,0,0,0,1,1,0,0.593039
0,0,0,1,0,0,1,1,1,1,0,1,1,1,0,1,0,1,1,0,1,0,0,0,1,1,0,1,0,0,1,0,0.585782
1,1,1,1,1,0,1,0,0,0,0,0,0,1,0,0,0,0,0,0,1,1,1,0,0,1,0,0,1,1,0,1,0.555823
1,1,0,0,0,1,1,0,0,1,0,0,0,1,1,1,0,0,1,0,1,0,1,1,0,0,0,0,1,0,1,0,0.574908
0,1,0,1,0,1,1,0,0,0,1,1,1,1,1,0,1,1,1,0,0,1,0,1,0,0,1,1,0,1,0,1,0.640676
0,0,1,1,1,0,1,1,0,1,1,1,1,0,0,0,1,0,0,1,0,0,1,1,1,1,1,0,1,0,0,0,0.611923
0,0,0,1,0,0,1,0,1,0,1,0,1,0,0,0,0,1,1,0,1,0,0,1,0,1,0,1,0,1,1,1,0.575536
0,0,1,0,1,0,1,1,1,0,0,1,0,0,0,0,0,1,0,0,0,0,0,0,1,0,1,0,0,0,0,0,0.548114
1,0,1,1,0,1,0,1,0,0,1,1,0,0,1,0,0,1,1,1,0,0,0,1,1,1,0,1,0,0,0,1,0.605394
1,1,0,0,0,0,1,1,0,0,0,0,0,0,0,1,0,1,0,0,1,1,1,0,1,1,0,0,1,1,1,1,0.602155
1,0,1,0,1,0,1,1,0,0,0,0,1,1,0,1,1,0,0,1,0,0,0,0,0,0,0,1,1,1,1,1,0.621064
0,1,0,1,1,1,0,1,0,1,1,0,0,0,1,0,1,1,1,1,0,1,0,0,1,0,0,0,0,0,0,1,0.603737
1,1,0,1,0,1,0,1,1,1,0,0,1,1,1,1,0,1,1,1,0,1,0,0,1,0,1,0,1,0,0,1,0.619582
1,0,1,1,1,0,0,1,0,0,0,1,0,0,1,1,0,1,1,0,1,0,0,0,0,1,0,0,1,0,1,1,0.641304
0,1,0,0,0,1,0,1,0,1,0,0,0,1,0,1,0,1,1,1,0,1,0,0,0,0,1,1,1,0,1,1,0.593165
0,0,0,0,1,1,0,0,1,1,1,0,1,1,0,0,1,0,0,1,1,1,1,1,0,0,0,1,1,1,1,0,0.593642
0,1,0,1,0,0,0,0,1,0,0,0,1,0,1,0,0,0,1,0,0,1,0,0,0,0,0,1,0,0,0,0,0.510823
1,0,1,1,0,1,1,0,1,0,0,0,1,1,1,0,0,1,0,0,0,0,1,0,0,1,1,1,1,0,0,0,0.599794
1,0,0,0,0,1,0,0,1,0,1,1,0,0,1,0,1,0,0,1,1,0,1,1,0,1,0,0,0,0,0,1,0.587992
0,0,0,0,1,1,0,1,1,1,1,1,1,0,1,1,1,1,1,1,0,0,1,1,0,0,0,1,1,0,1,0,0.625132
0,1,0,1,1,1,1,0,1,0,1,0,1,1,0,1,1,0,0,1,1,0,1,1,0,0,1,1,1,1,0,0,0.610567
1,1,1,1,0,0,1,0,1,0,0,0,0,0,1,1,1,0,1,1,1,1,1,0,1,1,0,1,0,1,1,1,0.635829
1,1,1,0,0,0,0,1,1,0,0,1,0,1,0,1,0,0,1,1,1,1,0,1,1,1,0,0,0,1,0,0,0.583271
1,1,0,0,0,1,0,1,1,1,1,1,0,1,0,1,1,0,1,0,0,1,0,1,0,1,0,1,0,0,0,0,0.593441
1,1,1,1,1,1,0,0,1,0,0,1,1,0,1,1,1,0,0,0,1,0,1,1,0,1,0,1,1,0,0,0,0.623349
1,0,0,1,1,0,0,0,0,0,0,0,1,1,1,1,1,1,0,0,1,1,0,0,0,1,1,0,1,1,0,1,0.594169
0,0,1,1,1,1,0,0,1,0,0,0,1,0,1,1,0,1,1,0,0,1,1,0,1,0,1,0,1,1,1,0,0.610793
0,0,1,0,1,1,0,1,1,1,0,0,1,1,1,1,0,0,0,1,0,0,1,1,1,0,1,1,0,0,0,1,0.616920
1,1,0,1,1,1,1,0,1,0,0,0,0,1,1,0,1,0,0,0,0,1,0,0,1,0,0,1,1,0,0,1,0.612224
1,0,0,0,1,1,0,0,0,0,0,0,0,1,0,0,1,0,1,1,1,1,1,1,1,0,1,0,0,1,0,1,0.605218
0,1,0,0,1,1,0,0,1,1,0,1,1,1,1,0,0,0,1,1,1,0,0,1,0,1,1,0,0,1,1,1,0.631862
1,0,0,1,0,1,0,0,1,1,1,1,1,0,0,1,0,0,1,0,1,0,0,0,1,1,1,1,1,1,1,1,0.660439
0,0,0,1,1,0,0,1,1,0,1,0,0,1,1,1,1,0,0,0,0,1,0,1,0,0,0,1,1,0,1,1,0.631887
0,1,1,0,1,1,0,0,1,1,0,1,0,1,0,0,1,0,0,1,0,1,1,0,0,1,0,1,0,0,0,1,0.603234
1,1,1,0,1,1,1,0,1,1,0,0,1,0,0,0,1,1,1,1,0,1,1,1,0,0,0,1,1,0,0,1,0.630154
1,0,0,1,1,0,0,0,0,1,0,1,1,1,0,0,1,1,1,1,0,0,1,1,1,0,1,1,0,0,1,1,0.640927
0,0,1,0,0,1,1,0,0,1,0,0,0,1,1,0,1,0,0,0,0,1,1,1,1,1,0,0,1,0,1,0,0.555070
1,1,0,0,0,0,1,1,1,1,1,1,1,0,1,0,1,1,0,0,0,1,1,0,0,0,1,1,0,0,0,1,0.620612
1,0,1,0,1,1,1,1,0,0,1,1,0,0,0,0,1,1,0,1,1,1,0,0,1,1,1,0,0,0,0,0,0.628547
0,1,0,1,1,0,1,1,1,1,1,0,1,0,0,0,1,1,0,0,1,1,0,0,0,1,1,1,1,0,0,0,0.604289
0,1,0,1,0,0,0,1,0,1,1,1,1,1,1,1,1,0,1,0,0,1,0,1,1,0,0,0,0,0,1,0,0.600522
0,0,1,1,1,1,0,1,1,1,1,0,0,0,1,1,1,1,1,1,0,1,1,0,1,0,1,1,1,0,0,1,0.639471
0,0,0,1,1,0,0,1,1,1,0,0,1,1,0,1,1,0,0,0,0,1,1,1,1,1,1,1,0,0,1,1,0.663477
0,1,0,1,1,1,0,1,0,1,1,1,1,1,0,0,1,1,0,1,1,0,0,1,0,0,0,1,0,1,0,0,0.606549
1,0,1,1,1,0,1,0,1,1,1,1,1,1,1,1,0,0,1,1,1,0,1,1,1,1,1,0,1,1,0,1,0.634398
1,1,1,1,1,0,1,0,1,1,0,1,1,0,0,0,1,1,0,1,1,0,0,0,0,1,0,0,1,0,1,1,0.649792
1,1,1,0,1,0,1,0,0,0,1,1,1,1,1,0,0,1,1,0,1,1,1,0,1,1,0,1,1,1,0,0,0.646100
0,1,0,1,0,1,1,0,0,1,1,1,0,0,0,0,1,1,0,0,1,0,1,0,0,0,1,1,0,0,1,1,0.593441
0,1,1,1,0,0,0,0,0,1,0,0,1,0,0,0,1,0,0,1,1,0,0,1,0,1,1,0,0,0,0,0,0.559515
0,0,0,1,0,0,0,1,0,0,0,1,1,1,0,0,0,0,1,0,0,0,0,0,0,1,0,0,1,1,1,1,0.503340
1,0,1,1,0,1,0,1,0,0,1,0,1,1,0,1,1,0,0,0,0,0,1,1,0,0,1,0,0,0,1,0,0.577043
0,1,0,0,1,1,1,0,1,1,1,1,1,0,0,1,1,0,1,1,0,0,1,0,1,1,0,1,0,0,1,1,0.631862
0,0,1,1,1,0,1,0,1,0,0,1,0,0,1,0,0,0,1,1,0,0,0,1,1,1,0,0,1,1,1,1,0.620486
1,1,1,0,1,1,1,0,0,0,0,1,1,0,1,1,1,1,1,0,1,0,0,0,0,0,1,1,0,0,0,0,0.607679
1,0,0,0,0,0,1,1,1,0,1,1,1,1,0,0,1,0,0,1,0,1,0,1,0,1,1,1,1,1,1,1,0.664407
1,0,1,1,1,1,0,0,1,1,0,1,1,0,1,0,1,0,1,0,1,1,1,0,1,0,1,1,0,0,0,0,0.630430
0,1,1,1,0,1,0,0,0,0,0,1,1,0,1,1,1,1,0,0,0,1,1,1,1,1,1,1,0,1,0,0,0.612425
0,1,1,0,1,1,0,1,0,1,1,1,1,0,0,1,0,0,0,1,1,0,1,0,1,1,0,1,0,1,1,0,0.621164
0,1,1,1,0,0,1,1,1,1,1,1,1,1,1,0,0,0,1,1,0,1,1,1,0,1,1,0,0,0,1,0,0.626538
1,1,1,1,0,1,0,0,1,1,1,0,1,1,1,1,0,0,0,0,0,0,0,1,1,1,1,0,0,0,1,0,0.591834
1,1,1,1,0,0,1,0,1,1,0,0,1,0,0,0,1,0,1,1,0,1,1,1,0,1,1,0,0,1,1,0,0.616293
1,0,1,0,1,0,0,1,0,0,1,0,1,0,0,1,0,1,1,0,1,1,1,1,1,0,0,0,1,1,1,1,0.611873
0,0,0,1,0,0,0,1,1,0,0,0,0,1,1,0,0,0,0,0,1,1,0,0,0,1,1,0,1,1,1,1,0.534353
0,1,1,0,1,0,1,1,1,1,0,0,0,0,0,1,1,1,1,1,1,1,1,1,0,0,0,1,1,1,0,0,0.597208
0,1,0,0,1,0,0,0,1,0,1,1,1,0,1,1,0,1,0,0,1,1,0,1,0,1,1,0,1,0,0,1,0.600522
1,1,0,0,0,0,0,1,1,0,0,1,0,0,1,1,1,0,1,1,0,1,0,0,1,1,1,0,0,0,0,0,0.600296
0,0,1,0,1,0,1,0,1,0,1,0,1,1,1,0,0,0,0,0,0,0,0,0,1,1,0,0,1,0,0,1,0.588092
0,1,0,0,1,1,0,0,0,1,1,1,1,1,0,0,1,1,1,1,0,0,1,1,0,1,0,1,0,1,0,0,0.607529
0,0,1,0,0,1,0,0,0,1,0,1,1,1,0,1,1,0,1,0,1,1,1,0,0,0,1,1,0,0,1,1,0.604992
1,0,0,0,0,0,1,0,1,0,1,0,1,0,0,0,1,1,1,1,1,1,1,0,0,0,1,1,0,1,1,1,0.613555
0,1,1,0,0,1,0,1,0,0,0,1,1,1,1,0,0,0,1,0,1,1,1,0,1,0,0,1,0,0,1,0,0.564839
0,1,0,1,1,0,1,0,0,0,1,0,1,0,0,1,1,0,0,0,1,1,0,1,1,1,0,1,0,0,1,0,0.580634
1,0,1,1,1,0,0,0,0,1,0,1,0,0,0,1,0,0,0,0,1,1,1,0,1,0,0,0,0,0,1,0,0.574281
1,1,0,0,1,1,1,0,0,0,0,1,0,0,0,1,1,1,0,1,1,0,0,1,0,1,1,1,1,1,0,0,0.593340
0,0,0,1,0,1,0,0,1,0,0,0,1,1,1,0,1,1,1,1,1,0,0,0,1,0,0,1,0,1,1,1,0.593265
1,0,0,1,1,0,1,1,0,0,0,0,0,1,1,0,0,1,0,0,1,0,0,0,1,1,1,0,1,1,1,0,0.607378
1,0,0,0,0,1,0,1,1,1,1,1,0,0,0,0,1,0,1,1,1,1,1,1,1,0,1,1,1,0,0,0,0.606750
1,0,0,0,1,0,0,0,0,0,0,1,1,1,0,0,0,0,1,0,1,1,0,1,0,1,0,0,0,1,0,1,0.573100
0,1,0,1,0,0,0,0,1,0,1,0,0,1,0,0,1,0,1,1,1,1,1,1,0,1,0,1,0,1,0,0,0.576817
1,0,1,0,0,1,1,1,0,0,1,0,0,0,1,1,0,0,0,0,0,0,0,0,0,0,1,0,0,0,0,1,0.534956
0,1,1,1,0,0,0,0,0,1,1,0,1,1,0,1,0,1,0,1,1,1,0,1,1,1,0,1,1,0,1,0,0.627367
1,1,0,1,0,0,0,0,0,1,1,1,1,0,0,0,1,1,1,1,1,0,1,0,0,0,1,0,0,0,0,1,0.604590
1,1,0,1,1,0,1,1,1,1,0,0,0,1,1,1,0,1,1,1,0,1,1,0,0,0,0,0,0,1,0,1,0.636583
1,0,0,0,1,0,0,0,1,1,1,1,1,1,0,1,0,1,1,0,0,1,1,0,1,1,1,0,0,1,0,1,0.617623
0,0,1,1,0,0,1,1,1,1,0,0,1,1,1,1,0,0,0,0,1,0,0,1,1,1,0,0,1,1,1,1,0.623575
0,0,0,0,1,1,0,0,0,0,1,1,0,1,0,0,0,1,0,1,0,1,0,0,0,1,1,0,1,0,1,1,0.515720
0,0,0,0,1,1,1,1,1,1,1,1,0,1,1,0,1,1,0,0,0,0,1,1,1,1,0,1,0,0,0,0,0.607780
1,0,0,0,0,1,1,1,1,1,0,0,1,1,1,1,0,0,1,0,1,1,0,1,1,0,0,1,0,0,0,1,0.604565
1,0,1,0,1,1,0,0,1,1,1,0,0,1,1,1,0,0,0,1,1,0,1,0,1,0,0,1,0,1,0,1,0.626940
0,1,0,0,0,0,1,0,1,0,0,1,1,1,1,1,0,0,0,0,1,0,1,1,0,1,0,0,1,1,1,0,0.562654
1,1,0,1,0,1,0,1,0,0,1,1,1,1,1,0,0,1,1,0,0,1,1,0,1,0,0,0,0,0,1,1,0.607353
0,0,0,1,0,1,1,0,0,1,0,0,1,1,0,1,1,1,0,0,0,0,0,1,1,1,1,1,1,1,1,0,0.618276
1,0,0,1,0,0,0,1,0,0,0,1,1,1,1,1,0,1,1,1,0,0,1,0,0,1,1,1,1,0,0,1,0.620762
1,1,1,1,0,0,1,1,1,1,0,0,0,0,1,1,1,0,0,1,1,1,1,1,0,0,1,1,1,1,0,0,0.641304
0,1,1,0,0,1,1,1,1,0,0,0,1,1,0,0,0,0,1,0,0,1,1,1,0,0,1,0,1,1,1,0,0.601602
0,1,0,0,0,1,1,0,1,0,1,0,1,1,0,1,1,0,1,1,1,1,0,0,0,0,1,1,1,0,0,0,0.604766
0,0,1,0,0,0,0,0,1,0,1,0,1,1,1,0,0,1,1,0,0,0,0,0,1,0,1,1,0,1,0,1,0.594722
1,0,1,0,0,0,0,1,0,0,1,1,0,0,1,0,0,0,1,0,0,0,1,0,0,1,0,0,1,1,0,0,0.542464
0,0,0,0,0,1,1,0,1,1,0,0,0,0,0,0,0,1,0,0,0,0,1,1,0,1,1,1,0,0,0,0,0.490357
0,1,0,1,1,0,1,1,1,0,0,0,1,1,1,1,0,1,0,0,1,1,0,1,0,0,0,0,0,0,0,0,0.573176
0,1,1,1,1,0,1,0,0,0,1,1,0,0,0,1,0,0,0,0,0,1,0,1,1,0,0,0,0,0,0,0,0.555447
0,1,0,1,0,0,0,1,1,1,0,1,1,0,0,1,1,0,0,1,1,0,1,1,1,0,0,0,1,0,0,0,0.592612
1,0,0,1,0,0,0,1,0,1,0,1,1,0,0,1,1,0,1,1,1,0,0,0,0,1,0,1,0,0,1,0,0.575561
0,0,1,1,0,1,0,1,0,0,0,1,1,0,0,0,0,1,1,0,0,0,1,0,1,0,0,0,0,0,0,0,0.513585
1,1,0,0,1,1,1,1,1,1,1,1,0,0,1,0,1,0,1,1,1,1,0,1,0,0,0,0,0,1,1,0,0.620988
1,0,1,1,0,0,1,0,1,0,1,0,1,0,0,1,0,1,0,0,0,0,1,0,0,0,0,0,1,0,0,1,0.591984
1,1,1,1,1,1,1,1,0,1,1,0,0,0,1,0,0,0,0,0,1,0,0,0,0,0,0,0,0,1,0,1,0.597333
0,0,0,0,1,1,0,1,0,0,1,1,0,1,0,0,0,1,1,1,1,0,1,1,1,0,0,0,1,0,1,1,0.590026
0,1,1,1,1,1,0,1,0,0,0,1,1,0,0,1,1,1,1,0,0,1,1,0,1,1,0,0,1,0,1,1,0.675732
0,1,0,0,0,1,0,1,1,1,0,1,1,1,1,0,1,0,1,1,1,1,0,0,1,1,0,1,0,1,1,1,0.644945
1,0,1,1,0,0,0,1,0,1,1,1,0,1,0,1,1,1,1,1,1,0,1,1,1,1,0,0,1,0,0,1,0.635503
0,1,0,1,0,1,1,0,0,0,1,0,1,1,0,0,0,1,1,1,0,1,1,0,0,1,0,1,1,0,1,1,0.635880
0,1,1,0,0,1,1,0,0,0,0,0,0,0,0,0,0,0,0,1,0,1,1,1,0,0,1,1,1,1,0,1,0.568907
1,1,0,0,0,1,0,1,0,1,1,0,0,0,1,0,1,0,1,0,0,1,0,1,1,1,0,0,0,1,0,1,0.617197
0,1,0,1,0,0,1,1,1,0,0,0,1,1,0,1,0,1,0,1,1,1,0,0,1,0,1,0,1,1,0,1,0.632766
0,1,1,0,1,1,0,0,1,1,1,0,0,1,0,0,0,0,0,0,1,1,0,0,1,1,0,0,0,1,0,1,0.608407
1,1,1,1,1,0,0,0,1,0,0,0,0,0,1,0,0,1,1,0,0,0,0,1,1,1,0,0,1,1,0,0,0.616016
1,1,1,1,0,1,1,0,1,0,1,0,0,1,1,1,0,1,0,1,1,1,0,0,0,0,1,1,0,0,1,1,0.642007
1,0,1,1,0,0,1,0,1,1,0,0,0,1,1,1,0,0,1,1,1,1,1,1,1,1,0,1,0,0,0,1,0.636759
1,1,1,1,1,0,0,1,1,0,0,0,0,1,0,0,0,1,1,0,1,1,1,1,1,0,1,1,0,1,1,1,0.661243
0,0,1,0,0,0,1,0,0,1,0,0,0,0,0,1,1,1,0,0,1,1,1,1,0,1,1,1,0,0,1,1,0.612526
1,1,1,1,1,0,1,0,1,0,1,0,0,0,1,0,1,1,0,1,1,1,1,1,1,1,0,0,1,1,0,1,0.638165
1,1,0,1,0,1,1,0,1,0,0,1,1,0,1,1,1,1,0,0,1,1,1,1,1,0,0,0,0,0,0,0,0.629526
1,0,1,1,1,0,0,1,1,1,1,1,0,1,1,1,0,1,0,0,1,1,0,1,0,0,0,0,1,0,1,1,0.635905
0,1,0,1,0,1,1,1,0,1,0,0,1,1,1,1,1,0,1,1,1,1,0,0,0,1,1,1,1,0,1,0,0.624404
1,0,0,0,0,1,0,0,0,0,0,0,0,0,1,0,1,1,1,1,1,1,0,1,0,0,1,0,1,0,1,1,0.570037
0,0,1,0,0,1,0,0,1,0,0,0,0,0,1,1,1,1,1,0,1,0,1,1,0,1,0,0,1,0,0,1,0.575662
0,1,0,0,0,1,0,1,0,0,0,1,0,1,1,0,0,0,0,1,1,1,0,0,1,0,1,0,1,1,1,1,0.580609
1,1,1,1,1,0,0,1,0,1,0,1,0,0,1,0,1,0,1,0,1,1,1,0,1,1,0,1,1,0,1,1,0.625835
1,0,0,1,1,0,0,1,1,0,1,1,0,1,1,0,1,0,1,1,0,0,1,1,0,0,0,1,0,0,1,0,0.603737
0,0,1,0,1,0,1,0,1,0,0,0,0,1,0,0,0,0,1,0,0,0,1,0,1,0,0,1,0,0,0,0,0.516072
0,0,0,1,0,0,1,0,0,0,0,0,0,1,1,0,0,1,0,0,0,0,1,1,1,1,0,1,0,0,1,0,0.485611
0,1,1,1,1,1,0,1,1,0,1,1,1,0,1,1,0,0,0,1,1,0,1,0,0,1,1,0,0,0,0,0,0.603435
0,0,0,0,0,0,1,1,1,0,1,0,0,0,0,0,1,0,1,1,1,0,0,1,0,1,0,1,1,1,1,0,0.554417
1,0,1,1,1,1,0,1,1,0,0,1,1,1,1,1,1,0,1,0,0,0,0,1,0,0,0,1,1,0,1,1,0.646452
1,0,0,1,0,0,0,0,0,1,0,1,1,1,0,0,1,1,1,0,0,1,1,0,0,1,1,0,1,1,0,0,0.590503
1,0,1,1,0,1,1,1,1,1,0,0,0,1,1,1,1,1,1,1,1,0,1,0,1,0,1,1,0,1,1,1,0.678545
0,0,1,0,1,0,0,0,1,0,0,1,0,1,1,1,1,0,0,0,1,1,1,0,0,1,0,0,1,1,0,0,0.578675
0,1,0,1,0,0,0,0,1,0,0,0,0,0,1,0,0,1,0,1,0,1,1,1,0,0,1,1,1,1,0,0,0.543569
1,0,0,1,1,1,1,0,1,1,1,1,1,1,0,1,0,0,1,1,1,0,0,1,0,1,1,0,1,0,1,1,0.676586
1,0,1,1,0,1,0,1,0,0,1,1,0,1,1,0,0,0,1,0,1,0,1,1,0,0,0,1,1,1,1,0,0.595249
0,0,0,1,0,1,1,1,1,1,0,1,0,0,0,1,0,0,0,1,1,1,1,0,1,1,1,0,1,1,1,1,0.670132
0,0,0,1,0,0,1,0,1,0,1,1,1,1,0,1,0,0,1,1,0,1,1,1,1,0,0,0,0,1,0,1,0.604314
0,1,0,1,1,0,0,0,0,1,0,0,0,0,0,0,1,1,0,0,1,1,0,0,0,0,0,0,1,0,0,0,0.524936
1,1,0,1,1,0,0,0,0,1,0,1,1,1,1,0,0,1,1,1,0,1,1,0,0,0,0,1,1,1,1,1,0.626639
1,1,0,0,1,1,0,1,0,1,1,1,0,0,1,0,1,1,0,0,1,1,0,1,0,0,1,1,1,0,1,0,0.619005
1,1,1,1,1,0,0,0,0,0,0,0,0,1,1,1,0,0,1,1,0,1,1,1,0,1,1,1,0,1,0,0,0.612024
0,0,1,1,0,1,0,0,1,1,0,1,0,0,0,0,1,1,0,1,1,1,1,1,1,1,1,0,0,1,0,1,0.613656
0,1,0,0,1,1,0,0,0,0,0,1,0,0,1,0,0,0,1,1,0,1,1,1,0,1,1,0,1,0,0,1,0.561524
1,1,1,1,1,0,1,1,0,0,1,0,1,0,1,0,1,1,0,1,1,1,0,1,0,1,1,1,0,1,1,1,0.673874
1,0,1,0,1,1,1,0,1,1,0,0,1,1,0,0,0,1,1,1,1,1,1,0,0,0,1,0,1,1,0,0,0.605846
0,0,1,0,0,1,0,1,0,1,0,1,0,0,1,1,1,0,0,0,0,0,1,0,0,1,1,0,1,0,1,1,0.572749
1,1,1,1,1,0,1,1,1,0,1,1,0,1,1,1,1,1,0,0,1,1,0,1,1,0,0,0,0,1,0,1,0.658656
1,0,0,1,0,0,1,0,0,0,0,1,1,1,1,1,1,1,0,1,0,0,0,0,0,1,1,1,1,0,0,0,0.588820
0,1,1,1,1,1,1,0,0,1,0,1,1,1,0,1,0,1,1,0,0,1,1,0,1,0,0,1,0,1,1,0,0.617573
1,1,0,0,1,0,0,1,1,1,0,0,0,0,0,0,0,0,0,0,1,1,0,0,0,1,0,0,1,1,1,1,0.599116
0,1,1,0,0,0,0,1,1,0,1,0,0,1,1,0,1,0,1,1,1,0,1,0,0,0,1,0,0,0,1,0,0.593114
1,0,0,1,0,1,1,1,0,1,1,1,0,0,0,1,0,1,0,1,0,1,1,1,1,0,0,1,0,0,0,0,0.616493
0,0,0,1,1,1,1,1,1,0,0,1,0,0,0,0,0,0,0,1,1,0,1,0,1,1,0,1,0,0,0,0,0.597132
1,1,0,0,0,0,1,0,0,1,1,0,0,0,0,0,1,0,0,1,1,0,0,0,1,0,1,0,0,1,0,1,0.593742
0,1,1,1,1,1,1,0,0,0,0,1,0,1,1,1,0,1,1,0,1,1,0,0,0,1,0,0,1,0,0,1,0.612174
0,0,0,1,0,1,0,1,0,0,1,0,0,1,0,1,0,0,0,1,0,0,1,1,0,0,1,1,1,1,0,1,0.577018
0,0,0,1,0,1,1,1,1,0,0,0,1,0,1,1,1,1,1,1,0,0,1,0,0,0,0,0,0,0,0,1,0.607955
1,1,1,0,0,0,0,1,0,1,1,0,0,0,0,1,0,1,1,1,0,1,0,1,0,0,0,0,0,0,0,0,0.558711
0,1,0,1,0,1,0,0,1,1,0,0,1,1,1,1,0,1,1,0,1,1,0,0,0,1,0,0,1,1,1,0,0.608759
0,0,1,1,1,1,0,1,0,1,0,0,1,1,0,0,1,1,1,0,1,0,0,1,0,0,0,1,1,0,0,0,0.565190
1,1,1,0,0,1,1,0,0,0,1,0,1,0,1,1,0,1,1,0,1,1,0,0,1,0,1,1,1,1,0,0,0.609136
0,0,1,0,0,1,1,0,1,0,0,0,0,0,1,0,0,1,0,1,1,0,1,1,1,0,1,1,0,1,0,0,0.578324
1,0,0,0,0,1,1,0,0,1,1,1,1,1,0,1,1,1,1,0,1,1,0,0,0,0,1,1,0,0,0,1,0.613430
1,1,1,1,0,1,1,0,1,1,1,0,1,1,0,0,0,1,1,1,1,0,0,1,1,1,0,0,0,1,0,0,0.625961
1,0,1,0,0,0,1,0,0,0,1,0,1,0,0,0,0,1,1,1,0,1,1,1,0,1,1,0,1,1,0,1,0.611044
1,0,0,1,1,0,1,0,1,0,1,1,1,1,1,1,1,0,1,0,0,1,1,0,0,0,1,0,1,0,0,0,0.600573
0,0,0,0,0,0,0,1,1,1,1,0,1,1,0,1,0,0,1,1,1,0,1,1,0,1,1,1,1,0,0,1,0.627568
1,1,1,1,0,0,1,0,1,1,1,0,0,0,0,0,1,0,1,1,0,1,1,1,0,1,0,1,0,1,0,1,0.636733
0,0,0,1,1,0,0,0,0,1,0,0,1,1,0,0,0,0,0,0,0,0,0,0,1,1,1,0,1,1,0,0,0.525488
1,1,1,0,0,1,0,0,1,0,0,0,1,0,0,0,1,0,1,1,0,1,1,1,1,0,0,1,0,0,0,1,0.605871
0,0,0,1,0,0,1,0,0,1,0,0,1,0,1,1,0,1,0,1,1,0,1,0,1,0,0,0,0,1,0,1,0.553262
1,1,1,0,1,0,0,1,0,0,0,1,1,1,0,0,1,0,1,1,1,0,0,1,0,0,1,1,0,0,1,1,0.609462
0,1,0,1,0,0,0,1,0,1,1,1,1,0,1,1,1,0,1,1,1,0,0,1,1,1,1,0,1,1,0,1,0.652679
1,0,1,1,0,1,1,1,0,0,0,1,1,1,1,1,1,1,0,0,1,0,0,0,1,0,1,0,0,0,0,1,0.614510
1,0,1,1,0,0,0,1,1,0,0,0,1,0,1,1,1,0,0,1,0,0,0,0,0,1,0,1,1,1,1,1,0.658807
0,1,1,0,1,1,0,0,1,1,1,1,1,1,1,1,0,1,0,1,0,0,1,1,1,0,0,0,1,1,1,1,0.617046
1,1,0,1,0,0,0,0,1,0,1,1,0,1,1,0,0,0,0,1,0,0,1,0,0,1,1,1,0,1,1,1,0.612099
0,1,0,1,0,1,0,1,1,1,0,0,1,0,1,0,1,0,0,0,0,0,1,0,1,1,0,1,0,1,0,1,0.579454
0,1,1,1,0,1,1,1,0,0,1,1,1,1,0,0,1,0,1,0,1,1,0,0,1,1,1,0,1,1,1,0,0.614133
1,1,1,1,1,1,1,1,0,1,0,1,1,1,1,0,0,0,1,0,0,1,1,1,0,1,1,1,1,1,1,0,0.643715
1,1,1,0,1,0,1,0,1,1,0,1,0,1,1,1,1,0,1,0,1,0,0,1,1,0,0,1,1,0,1,0,0.630682
1,1,1,0,1,1,1,1,0,0,1,1,1,0,0,1,1,1,0,0,0,1,0,0,0,0,0,0,1,0,0,0,0.613681
0,0,1,1,1,0,0,0,1,1,1,0,0,0,1,0,0,0,0,1,0,1,0,0,1,0,0,1,1,1,1,1,0.605771
0,1,0,1,0,1,1,0,1,1,0,0,1,1,0,1,1,0,0,1,1,0,0,1,0,1,0,0,0,1,0,0,0.589674
1,1,0,1,1,1,0,0,0,1,0,1,1,0,0,1,1,0,1,0,1,0,0,1,1,0,1,1,1,1,0,0,0.614761
0,0,0,1,1,0,0,1,0,0,1,1,0,1,0,0,1,1,1,1,1,1,0,1,1,1,1,1,0,1,0,1,0.640425
1,1,1,0,0,0,0,1,0,1,0,0,1,0,0,1,1,0,0,0,0,1,1,1,1,1,1,0,1,0,1,1,0.637512
0,1,1,0,0,0,1,0,0,0,1,1,0,1,0,0,1,0,1,1,1,1,1,1,0,1,1,0,1,0,0,0,0.593617
0,1,1,0,0,1,1,1,1,1,1,1,0,1,1,1,1,0,0,1,1,0,0,1,1,0,0,0,1,1,0,1,0.634825
1,1,1,1,0,0,0,1,1,0,0,0,1,0,1,0,1,0,0,0,0,0,0,0,1,0,0,0,0,1,0,1,0.631485
0,0,1,1,1,1,0,1,0,1,1,1,1,1,1,0,0,0,1,1,1,0,1,0,0,1,0,0,1,1,0,0,0.590578
0,1,1,0,1,1,0,0,1,0,0,0,1,0,0,0,0,1,1,0,1,1,1,1,1,0,1,1,1,1,0,0,0.603159
0,1,0,1,1,1,0,0,1,1,1,1,1,0,1,1,0,1,0,1,0,0,1,1,1,1,0,0,0,1,1,1,0.643589
1,1,0,1,1,0,0,1,0,0,0,1,1,0,1,0,1,0,1,0,0,0,0,1,1,1,1,0,1,0,0,1,0.615715
1,1,1,1,0,0,0,1,0,0,0,1,0,0,1,1,0,0,1,0,1,1,0,0,1,0,0,0,1,0,1,1,0.625408
1,0,0,1,0,1,0,0,0,0,0,1,0,0,1,1,1,0,0,1,0,0,1,0,1,1,0,1,0,0,0,1,0.587540
0,1,1,1,1,1,0,1,0,1,1,0,0,0,1,0,0,0,1,1,1,1,0,0,0,1,0,0,0,1,1,1,0.599267
0,1,0,0,1,0,0,0,1,0,0,1,0,0,0,0,1,0,0,1,1,1,1,0,1,1,0,0,1,0,1,1,0.603988
1,1,1,1,0,0,1,0,1,0,0,0,1,0,1,0,0,0,0,1,0,0,1,0,0,0,1,0,1,1,1,1,0.604390
1,0,0,1,1,0,1,0,1,0,0,0,0,0,1,1,1,0,0,1,1,0,0,1,0,0,1,1,1,0,0,0,0.595550
1,1,0,1,1,1,0,0,0,0,1,0,0,0,0,1,0,1,1,1,0,1,1,1,1,1,1,1,0,1,0,1,0.633745
0,0,0,0,0,1,0,1,0,0,0,0,1,1,0,0,0,1,0,0,1,0,1,1,1,0,1,1,0,1,1,0,0.496258
1,0,1,1,1,0,1,1,0,0,0,0,0,0,0,1,0,0,1,1,1,0,0,0,0,1,0,1,0,0,0,1,0.591557
1,1,0,1,1,0,0,0,0,0,1,1,1,0,0,0,1,1,0,1,0,0,1,1,1,0,1,1,1,0,0,0,0.597609
1,1,0,0,1,0,1,0,0,1,1,1,1,0,0,0,1,1,1,1,1,0,1,0,1,1,0,1,1,0,0,0,0.618578
0,1,0,0,0,1,0,0,0,0,0,0,0,0,1,0,1,0,0,1,1,0,0,1,0,0,0,0,1,0,0,1,0.516750
1,0,1,1,1,1,0,0,0,1,0,1,1,0,1,0,1,0,1,0,0,0,1,0,0,1,1,0,1,0,0,1,0.614309
0,0,0,1,1,1,1,1,0,0,1,0,0,0,1,0,1,0,0,1,1,0,1,1,1,0,1,0,1,1,0,1,0.587740
0,1,1,1,0,0,1,1,1,1,1,0,0,1,1,1,1,0,1,1,0,1,0,0,0,1,0,1,1,0,0,0,0.615188
0,0,1,1,1,0,0,0,1,1,0,1,0,1,0,0,0,1,1,0,0,1,1,0,1,0,1,0,0,1,1,1,0.612727
0,0,1,0,0,1,0,1,1,0,1,1,1,0,1,0,1,1,0,1,0,1,1,1,1,1,0,1,1,1,0,0,0.619607
1,0,0,1,1,0,1,0,0,1,1,0,1,0,0,1,1,0,0,1,1,0,0,0,0,0,0,1,0,0,0,0,0.580081
0,0,0,1,0,1,0,0,1,1,1,1,0,0,1,0,0,1,0,0,0,0,1,1,0,1,0,1,1,0,0,0,0.517754
1,0,0,1,1,1,1,0,0,0,1,0,0,1,1,1,0,1,1,1,0,1,0,0,1,1,0,0,0,1,1,1,0.640525
1,0,1,0,1,0,0,0,1,0,0,0,0,0,1,0,1,0,1,0,1,0,0,0,0,1,1,1,1,0,0,1,0.602456
0,1,0,1,1,0,0,1,1,0,1,1,0,1,0,1,0,0,0,1,1,1,1,1,1,0,0,1,0,0,1,1,0.665838
0,1,1,0,1,0,1,0,1,0,0,1,1,1,0,0,1,1,0,1,0,0,1,1,1,0,1,0,0,0,0,1,0.632992
1,1,1,1,1,0,0,0,1,1,0,0,0,0,1,0,1,0,1,0,0,1,0,0,0,0,1,1,0,1,1,1,0.636382
1,1,0,0,0,1,1,0,1,0,0,0,1,0,1,0,0,0,0,1,0,1,1,1,0,1,0,1,0,1,1,0,0.576289
1,0,1,1,0,0,1,1,0,1,0,1,0,1,0,0,1,1,1,1,0,1,0,1,0,0,0,0,0,0,0,1,0.588444
0,0,0,1,0,1,1,0,1,0,1,0,1,0,0,1,0,1,1,1,0,1,0,1,0,1,1,0,1,1,1,0,0.599995
0,1,1,0,1,1,1,1,0,1,1,1,1,1,0,0,0,1,1,0,1,0,0,1,1,1,0,1,0,0,1,1,0.635629
1,1,0,1,0,1,0,1,1,0,1,0,0,1,1,0,1,0,0,1,0,0,0,1,1,0,1,1,0,1,1,1,0.641957
0,1,1,0,0,1,1,1,1,1,0,1,1,0,0,0,0,1,0,1,1,0,1,0,0,0,0,0,1,0,1,0,0.584777
1,1,1,0,1,0,0,0,1,0,1,1,0,1,0,0,0,0,0,1,0,1,1,0,1,0,0,1,1,1,0,0,0.600648
0,1,1,0,1,0,1,1,1,0,1,1,0,1,1,1,0,0,1,0,1,0,1,1,0,1,1,1,0,1,0,0,0.591859
1,0,1,0,1,1,0,0,1,1,1,1,0,1,0,1,1,0,1,1,1,0,0,1,0,0,1,0,0,0,0,1,0.620009
1,1,0,0,1,1,0,0,0,1,1,1,1,1,1,1,1,1,0,1,1,0,0,1,1,1,1,0,0,1,0,1,0.644292
1,0,0,1,1,0,1,1,0,1,0,1,0,0,0,1,0,1,1,0,0,1,0,1,1,0,0,1,1,1,1,1,0.650721
1,1,0,1,1,0,1,1,1,0,0,0,1,1,1,0,1,0,1,1,1,0,0,0,1,0,1,0,1,1,0,1,0.626438
1,0,0,1,0,0,0,1,0,0,1,1,1,0,0,0,1,1,0,1,0,1,1,1,0,0,0,1,0,1,0,0,0.604465
0,1,1,0,1,1,0,0,1,0,0,1,1,0,0,0,0,1,0,0,0,1,0,0,1,1,0,1,0,1,1,0,0.590905
0,1,0,0,1,1,1,0,0,0,0,0,1,0,1,0,1,0,1,0,1,0,0,0,1,1,1,1,1,1,1,0,0.613706
1,0,1,0,0,0,1,0,0,1,0,1,0,0,1,0,0,0,0,0,1,1,1,0,0,0,1,1,1,0,1,0,0.559892
1,0,1,0,1,1,1,0,0,1,0,0,0,0,1,1,1,1,0,0,0,1,0,1,1,0,1,1,1,0,1,0,0.598564
0,0,0,1,1,1,0,1,1,0,1,0,0,0,1,0,0,0,0,0,0,0,0,1,0,1,0,0,1,1,0,1,0.535081
0,1,0,0,0,1,1,0,0,1,1,0,1,0,0,0,0,1,0,0,0,1,0,0,1,1,1,1,1,0,1,1,0.592888
1,1,1,0,0,0,1,1,1,0,0,0,0,0,1,1,0,0,0,1,0,0,0,0,1,0,0,1,1,1,0,1,0.618879
0,0,0,1,0,1,1,0,1,1,0,0,1,0,0,0,0,1,0,1,0,1,1,1,0,0,1,0,0,1,1,1,0.581437
1,1,0,1,0,1,0,0,0,0,0,0,0,1,0,0,1,0,1,0,1,1,0,0,1,1,0,1,0,1,1,0,0.565391
0,1,0,0,0,0,1,0,1,1,0,0,0,1,1,1,1,0,0,0,0,1,1,1,1,1,0,1,0,0,1,0,0.555648
0,1,1,1,0,1,1,0,0,1,1,1,0,1,0,1,1,1,0,0,1,0,0,1,1,0,1,1,1,0,0,1,0.627568
0,0,1,1,1,0,0,0,0,1,1,1,0,1,0,0,0,0,0,0,1,0,1,0,0,0,1,1,0,1,0,1,0.532695
0,1,1,0,1,1,1,1,1,1,0,0,0,1,0,0,0,0,0,1,0,0,1,0,0,0,1,0,0,1,1,0,0.572849
1,0,1,1,0,0,1,0,1,0,0,1,0,0,0,0,0,0,1,0,1,0,0,1,0,1,1,1,1,1,0,1,0.591557
1,1,1,1,1,1,1,0,0,1,1,1,1,1,0,1,1,0,1,1,1,0,0,0,1,1,0,0,0,1,1,1,0.657300
1,1,0,1,1,0,0,1,0,1,0,1,1,1,0,1,1,0,1,0,1,0,1,1,0,0,0,1,1,1,1,1,0.643664
1,1,1,0,1,1,0,1,0,1,1,1,0,0,0,0,0,0,0,0,1,0,1,0,0,0,0,1,0,1,0,0,0.603385
0,1,0,0,1,1,0,0,0,0,1,1,1,0,0,1,0,0,0,1,1,1,1,1,1,0,0,0,0,1,1,0,0.567525
1,1,1,1,1,1,1,0,0,1,0,0,0,1,0,1,0,0,1,1,1,0,1,0,1,1,0,1,0,1,0,1,0.628873
1,0,0,1,1,0,1,1,1,1,1,1,1,1,0,1,1,1,0,1,1,1,0,0,1,1,1,0,0,1,1,1,0.673497
0,0,1,0,0,1,0,1,0,0,1,1,0,1,1,0,0,1,1,1,1,1,1,0,1,0,1,1,0,1,1,0,0.585380
0,1,1,1,1,0,0,0,1,0,1,0,1,1,0,1,0,0,0,0,1,0,1,1,0,1,0,0,1,1,1,1,0.614761
1,1,0,0,1,1,0,0,1,1,0,0,1,1,1,1,1,0,1,0,1,0,0,0,0,1,1,1,0,1,0,1,0.641932
0,0,0,0,1,1,1,1,0,1,0,0,1,1,0,0,0,0,1,1,0,0,1,0,1,0,0,1,1,1,1,0,0.558636
1,1,1,1,1,1,0,1,0,1,0,0,0,0,0,1,1,1,1,0,0,1,1,0,0,1,0,1,1,0,0,1,0.627618
0,0,1,1,0,0,1,0,0,1,0,0,0,1,0,1,1,0,0,1,0,1,0,1,1,0,1,1,1,0,1,1,0.614484
1,1,0,0,1,1,1,0,1,0,1,0,1,0,0,1,1,0,1,0,1,1,0,1,1,1,0,0,0,0,0,0,0.619381
1,1,1,1,0,0,1,0,0,1,1,0,1,0,1,1,0,0,0,0,1,1,0,1,0,1,1,1,0,1,1,1,0.658832
1,0,1,1,1,1,0,1,1,1,1,0,0,1,1,0,1,1,0,1,1,0,1,1,0,0,0,0,1,1,0,0,0.618251
1,0,1,1,0,0,0,1,1,1,1,0,0,0,1,1,1,1,0,1,0,1,1,1,0,0,1,1,1,1,0,0,0.642333
0,1,1,1,1,0,1,1,0,1,1,1,1,1,0,1,0,0,1,1,0,1,0,1,1,0,0,0,0,0,1,1,0.657325
0,1,1,0,1,0,0,0,1,0,0,1,0,1,1,1,0,1,1,0,0,1,0,1,0,1,1,0,1,0,1,0,0.594320
0,0,0,0,1,1,0,0,1,0,0,0,1,0,0,0,0,1,1,0,1,1,1,1,0,1,1,0,1,0,0,1,0.547461
0,0,1,0,1,0,0,1,1,0,0,1,1,0,1,0,1,1,0,1,0,0,1,1,1,0,1,1,1,0,0,1,0.629125
0,1,0,1,1,0,1,0,1,0,1,0,1,1,1,0,0,0,1,1,0,0,0,1,1,1,0,0,1,1,0,0,0.594219
1,1,0,0,1,1,0,0,1,0,0,0,1,0,1,1,1,0,0,1,1,0,0,1,1,1,1,1,1,1,1,1,0.672166
1,0,1,0,0,1,1,0,1,0,1,0,0,1,1,0,1,0,0,0,0,1,1,0,0,0,1,0,1,0,1,1,0.594496
1,0,0,1,0,1,1,1,1,1,0,0,1,0,0,0,1,1,0,0,0,0,0,1,1,0,1,0,1,1,1,0,0.600070
0,0,0,0,1,1,1,0,0,1,0,1,1,0,0,1,1,0,0,0,0,0,0,1,0,0,0,1,1,0,1,1,0.556702
1,0,1,1,0,1,0,0,0,1,1,0,1,1,0,0,0,1,0,0,0,1,1,1,0,0,0,1,1,1,1,0,0.605595
0,1,1,0,0,0,1,0,1,1,0,1,0,1,0,0,0,0,1,0,0,0,1,0,0,0,1,0,0,0,1,0,0.556928
0,1,1,0,1,0,1,1,0,1,0,0,0,1,0,0,1,1,1,0,0,1,1,0,1,1,0,0,0,1,1,0,0.573577
0,0,1,0,1,0,1,0,1,1,0,1,1,0,0,1,1,1,0,1,0,0,0,1,0,1,0,0,0,0,1,0,0.593692
0,0,0,0,1,1,1,1,1,0,1,1,1,0,1,1,0,0,1,0,1,0,0,1,1,0,1,1,1,0,1,0,0.611571
0,1,1,0,1,1,1,1,1,0,0,0,1,1,1,0,0,1,1,0,1,1,0,1,0,0,0,0,0,0,0,1,0.581663
1,0,1,0,1,1,1,1,1,1,1,0,1,1,1,0,1,0,1,1,1,0,1,0,1,0,0,1,0,0,0,1,0.640877
1,1,0,0,0,0,0,1,1,0,0,0,1,1,1,1,1,0,1,1,0,1,0,1,1,1,1,0,0,0,0,1,0.619457
0,0,0,0,1,0,0,1,1,1,1,1,1,1,0,0,1,1,0,0,1,1,0,0,1,1,1,0,1,0,1,1,0.619256
1,1,0,0,1,0,1,1,0,1,0,1,0,0,0,1,0,0,0,1,0,1,1,0,1,0,0,0,1,0,0,0,0.586711
0,0,1,1,1,0,1,1,0,0,1,0,0,0,0,1,1,0,1,0,0,1,0,1,0,1,1,1,1,1,0,0,0.589046
1,1,0,1,0,0,0,1,0,1,1,1,1,0,1,0,1,0,1,0,0,1,1,0,1,1,1,1,1,1,1,0,0.650394
0,1,0,0,1,1,1,0,1,1,0,0,0,1,1,0,1,0,0,0,1,1,1,0,1,0,0,1,1,1,1,1,0.613907
0,1,1,0,0,1,0,0,0,0,1,1,1,1,1,0,0,1,1,0,0,0,1,1,1,1,0,0,0,1,0,1,0.607001
0,0,0,0,0,0,1,0,1,1,0,0,1,0,1,0,0,0,0,0,1,1,1,0,0,0,0,0,0,1,1,0,0.466375
1,0,0,1,1,0,0,1,0,1,0,1,0,1,1,1,1,0,0,1,1,1,1,0,0,1,0,0,0,1,1,0,0.613128
0,1,0,0,1,0,1,0,0,1,1,1,0,1,0,1,0,1,0,0,0,0,1,0,0,1,1,1,0,0,1,1,0.607328
1,1,0,0,0,1,0,0,0,1,1,1,0,1,0,0,1,0,1,1,1,1,0,0,1,0,1,1,0,0,0,1,0.589322
0,0,1,1,1,1,0,0,1,1,1,1,1,0,1,0,0,0,0,0,1,0,1,0,1,1,0,0,1,0,1,0,0.596730
0,0,1,1,1,1,1,1,0,1,0,1,0,0,0,1,1,0,1,1,0,1,0,0,1,1,1,1,0,0,1,1,0.639069
0,1,1,1,0,0,0,0,0,1,0,0,1,1,0,0,0,1,0,1,0,0,1,0,0,1,1,1,1,1,1,1,0.658380
0,0,1,1,0,1,0,1,0,0,0,1,0,1,0,1,0,1,1,1,1,1,0,1,1,1,1,1,0,0,0,0,0.593667
1,0,1,0,0,1,1,0,1,1,0,0,0,1,1,1,1,0,1,1,1,0,1,0,0,1,0,0,0,1,0,1,0.611145
0,1,0,1,0,1,0,1,0,1,1,0,0,1,1,0,1,1,0,0,1,0,0,1,1,0,0,0,1,0,1,1,0.608232
0,1,1,0,1,0,1,1,0,1,1,0,1,0,1,0,0,0,1,0,1,1,1,1,1,0,0,0,1,0,1,0,0.599618
1,0,1,0,0,1,1,1,1,1,1,0,1,1,1,1,0,1,0,1,0,0,0,1,0,1,1,0,1,0,0,1,0.629275
0,1,0,1,1,0,0,0,0,0,1,0,0,1,1,0,0,0,1,1,0,0,0,1,0,1,0,0,0,1,1,1,0.560595
0,1,0,1,1,1,1,1,1,0,0,1,0,0,0,0,1,1,1,0,1,1,0,0,1,0,0,1,1,0,0,1,0.612777
0,1,0,0,1,1,1,1,1,0,0,1,1,0,0,0,1,0,0,1,1,1,1,0,0,0,0,0,0,1,1,1,0.596806
0,0,0,0,0,0,0,0,1,0,1,0,0,0,0,1,0,1,0,1,0,0,0,1,1,0,1,1,1,1,0,1,0.548993
1,1,0,1,0,1,0,1,0,0,0,1,1,1,0,1,1,0,1,0,1,1,0,0,0,0,0,1,1,1,0,0,0.593692
0,1,0,0,1,0,1,0,0,0,1,1,0,0,1,1,1,1,1,0,0,0,1,1,0,1,0,1,0,0,1,0,0.602782
1,1,1,0,0,0,0,1,1,1,0,1,1,1,0,1,0,1,0,1,0,1,0,1,0,0,1,1,1,1,1,0,0.644644
0,1,0,1,0,0,0,1,1,1,1,0,1,1,0,1,1,1,1,1,0,0,0,0,1,0,1,0,0,1,0,1,0.613957
0,1,1,1,1,1,0,0,0,1,0,0,0,1,1,1,0,0,1,0,0,1,1,1,1,1,1,1,0,1,0,0,0.621114
1,1,1,1,0,1,1,0,0,0,0,1,1,0,0,0,1,1,0,1,1,1,0,0,1,0,1,0,1,1,1,0,0.642384
1,0,1,0,0,0,0,1,0,0,1,1,1,0,0,1,0,0,0,0,0,0,0,1,0,1,1,0,0,1,1,1,0.581211
1,1,0,1,1,1,0,0,0,0,1,1,0,1,1,0,0,0,0,1,1,0,1,1,1,0,0,1,1,1,0,1,0.621742
1,1,1,0,1,1,1,0,0,1,1,1,1,0,1,1,1,1,0,0,1,0,0,0,0,1,0,1,1,0,1,0,0.612676
0,0,1,1,0,1,0,1,1,1,1,1,0,1,1,1,1,1,0,0,0,1,1,0,1,1,1,1,1,1,0,0,0.634323
1,0,0,0,0,0,1,0,0,0,0,1,1,0,0,1,1,0,1,0,1,0,1,1,0,1,1,1,1,0,1,1,0.645020
1,0,1,0,1,0,0,1,1,0,0,1,0,0,1,1,1,0,1,0,1,0,0,1,1,0,0,0,1,0,0,1,0.619331
0,0,1,1,1,1,0,0,0,0,0,1,0,1,1,0,1,1,1,0,1,0,0,0,0,0,1,1,0,1,0,0,0.612928
1,1,0,1,1,1,1,0,1,0,1,0,0,1,0,0,1,1,0,0,1,0,0,1,0,1,1,1,1,1,0,1,0.633946
0,0,0,1,1,1,0,1,0,0,1,0,0,1,0,1,0,1,1,0,1,0,1,0,0,0,1,1,1,0,0,0,0.532922
1,1,0,0,0,1,1,0,0,0,1,0,0,1,0,1,0,0,1,1,1,0,0,0,1,1,0,0,0,1,0,0,0.570916
0,0,1,0,0,1,0,0,0,0,0,1,0,0,0,0,1,1,1,1,1,0,1,0,1,0,0,1,0,0,1,1,0.569409
1,1,1,1,0,1,0,0,0,1,1,0,1,0,1,1,0,0,0,0,1,1,1,1,0,1,0,0,0,1,1,0,0.591984
1,1,1,1,0,0,1,0,0,1,0,1,1,1,0,1,1,1,0,1,1,0,1,1,1,0,1,0,1,0,0,0,0.631083
1,1,0,1,1,1,0,1,0,0,0,1,1,1,0,0,1,1,0,0,0,1,0,0,1,0,0,0,0,1,1,1,0.596931
1,1,0,0,0,1,1,1,1,0,1,0,1,1,0,0,1,0,0,0,1,1,0,1,0,0,0,1,0,0,1,1,0.605017
1,0,0,1,1,1,1,0,0,0,0,0,1,1,1,1,0,1,0,0,0,1,0,1,0,0,0,1,0,1,1,0,0.552534
1,1,1,1,0,0,0,0,0,1,0,0,0,0,1,0,1,0,1,1,1,0,0,1,0,0,0,1,0,0,1,1,0.596730
1,0,1,1,0,0,0,0,1,0,1,0,1,1,0,0,1,0,1,1,1,0,1,1,0,0,1,1,0,1,0,0,0.614484
1,0,1,0,1,1,0,1,0,1,0,0,0,1,0,0,0,1,0,1,0,1,0,0,0,1,0,0,1,1,1,0,0.569459
1,1,0,0,1,0,0,0,0,1,0,0,1,1,0,0,0,0,1,0,0,1,1,1,1,1,1,1,1,0,1,1,0.616443
0,0,0,0,1,1,0,1,1,1,1,0,0,0,1,1,1,0,1,0,1,0,1,0,1,0,0,0,0,0,0,0,0.543192
1,0,0,1,1,1,0,1,0,1,1,1,1,1,0,1,1,0,0,0,1,1,0,0,0,1,0,1,1,0,1,0,0.619783
0,0,0,0,0,1,0,0,0,0,0,0,1,1,1,0,1,1,1,0,1,0,1,0,0,1,0,0,0,1,1,0,0.525288
0,0,1,0,1,1,0,0,0,0,1,0,0,1,1,1,0,0,1,0,0,0,1,1,0,1,1,0,1,1,0,1,0.543192
0,0,1,0,0,1,0,0,1,1,1,1,0,1,0,0,0,1,0,0,1,1,1,0,0,0,1,1,1,0,1,1,0.561951
0,0,0,0,1,0,0,1,1,1,1,0,1,0,1,0,0,1,0,1,1,1,1,0,1,0,0,0,0,1,1,1,0.582542
1,1,0,1,0,0,0,0,1,1,0,0,1,1,1,1,0,0,1,1,1,1,1,0,0,0,1,1,1,1,1,0,0.644995
0,1,0,1,1,1,0,0,0,1,0,0,1,0,1,1,0,0,1,1,0,1,0,0,0,1,0,0,1,1,0,0,0.576340
1,1,1,0,1,1,1,0,1,1,1,0,1,0,0,0,1,0,0,1,1,1,0,1,1,1,0,1,0,0,1,0,0.635001
0,0,1,1,1,1,0,1,1,0,0,0,0,0,1,1,1,1,0,1,0,0,1,0,1,0,1,0,0,1,1,1,0.666943
1,1,0,1,0,0,1,1,1,0,0,0,0,0,1,1,1,1,1,1,0,1,1,1,1,1,1,1,0,1,1,0,0.660891
0,0,1,0,0,0,0,1,0,0,0,0,1,1,0,1,1,0,0,0,1,0,0,0,1,0,1,0,0,0,0,0,0.504344
1,1,0,1,1,1,0,1,0,1,1,0,0,1,0,1,1,1,0,0,1,0,1,0,0,1,1,1,1,1,0,0,0.616619
0,1,1,0,1,1,0,0,0,1,1,1,1,0,1,1,1,1,0,1,1,1,0,0,1,0,1,0,1,1,1,0,0.630280
0,1,1,1,0,1,0,0,1,0,0,0,1,0,1,0,0,1,1,1,1,1,0,0,1,0,0,1,1,1,1,1,0.618452
1,0,1,1,1,0,0,1,0,0,1,0,0,0,0,0,1,1,1,0,1,1,1,1,0,0,0,1,0,1,0,1,0.622294
0,0,1,1,1,0,0,0,1,0,1,1,0,0,0,0,1,1,1,1,0,0,0,1,1,1,1,1,1,0,0,0,0.592436
1,0,1,1,0,1,0,1,1,0,0,1,1,1,0,0,1,1,1,0,1,1,1,0,1,1,1,1,0,0,0,1,0.629049
1,1,1,1,1,0,0,0,1,0,1,0,0,1,1,0,1,0,0,0,0,1,0,0,0,1,0,0,0,1,1,1,0.616217
1,1,1,0,1,1,1,0,1,1,1,1,0,1,0,1,0,0,0,0,0,1,1,0,0,0,1,0,1,0,0,0,0.612024
1,1,1,0,1,0,1,0,0,1,0,1,0,0,1,0,0,1,0,0,0,1,0,1,1,1,0,1,0,1,0,0,0.602782
0,1,1,0,0,0,0,0,0,0,1,0,1,0,1,0,0,0,1,1,1,1,1,1,1,1,0,0,1,0,1,1,0.607805
1,1,1,1,1,0,1,0,0,0,1,0,1,0,0,0,0,0,0,0,1,0,1,0,0,1,1,1,1,0,0,0,0.607252
1,1,1,1,1,1,1,1,1,0,1,1,0,1,1,0,1,0,1,1,0,1,0,0,0,0,1,1,0,0,0,0,0.641932
1,1,0,1,0,1,1,1,1,1,0,1,0,0,1,1,1,0,0,1,0,1,1,0,0,0,1,0,0,0,0,0,0.624554
1,1,0,1,1,1,0,1,0,0,0,1,1,0,1,0,1,0,1,1,0,1,1,1,1,1,1,0,1,1,1,0,0.640124
1,1,0,0,0,0,1,0,1,0,1,0,1,0,0,1,0,1,1,1,0,1,0,1,1,1,0,0,1,0,1,1,0.656873
1,0,1,0,1,0,0,0,1,0,0,1,0,1,0,1,1,1,1,1,0,0,1,0,0,1,0,0,0,1,0,0,0.603410
1,1,1,1,0,1,1,1,0,0,0,0,1,0,1,1,1,1,0,0,0,1,0,1,1,1,0,0,1,0,1,0,0.624655
0,0,0,0,1,1,1,0,0,0,1,1,1,0,0,0,0,1,0,1,1,0,1,0,1,1,0,0,0,0,1,0,0.494199
0,0,0,0,0,1,1,0,1,0,0,1,0,0,0,1,0,0,1,0,1,0,0,0,0,1,0,1,1,0,1,0,0.490508
0,1,0,0,1,0,0,0,0,1,0,1,1,0,0,0,0,1,0,0,1,0,1,1,1,0,0,0,0,0,0,1,0.559716
1,1,1,1,0,0,0,1,1,1,1,0,1,0,0,0,0,0,1,0,0,0,1,0,1,1,1,0,1,1,0,1,0.591859
0,0,0,0,1,0,1,0,0,1,0,1,0,0,0,1,1,0,1,0,1,1,0,1,0,0,1,1,1,1,1,1,0.637763
0,1,1,0,1,0,1,0,1,0,0,1,0,1,0,0,1,0,1,1,0,1,1,0,0,1,1,0,1,0,1,0,0.599342
0,0,1,0,0,0,0,0,0,1,0,1,1,0,1,1,1,0,0,0,0,1,1,1,0,0,0,0,0,0,1,1,0.546884
0,1,0,1,0,0,1,0,1,1,1,1,0,1,1,1,0,1,1,1,1,1,0,1,0,0,0,1,1,1,1,0,0.634574
1,0,1,1,0,0,0,0,0,0,1,1,0,1,1,1,1,1,1,1,0,0,0,1,0,1,1,0,0,1,1,1,0.636934
0,1,0,1,0,1,1,1,1,1,1,1,0,0,0,0,0,1,0,0,0,1,1,1,1,0,1,0,1,1,0,1,0.648184
1,1,0,1,1,1,0,0,1,0,1,1,0,0,1,1,0,1,1,1,1,0,1,0,1,1,1,1,0,0,0,0,0.612928
0,1,0,0,1,0,1,1,0,0,1,1,0,0,0,0,0,0,1,0,0,0,0,1,0,0,1,0,1,0,1,0,0.537492
0,1,0,1,0,1,0,0,1,0,1,0,0,1,0,1,0,0,0,1,1,1,1,0,0,0,0,1,1,0,0,0,0.565441
0,0,1,0,0,1,0,1,0,1,0,0,1,0,1,0,0,1,0,1,1,1,0,0,0,0,0,1,0,0,1,0,0.509593
0,0,1,0,1,0,0,0,1,1,0,1,1,1,0,1,1,0,1,0,1,1,0,0,0,1,1,1,1,0,1,0,0.603812
0,1,0,1,1,1,1,1,0,0,0,1,0,1,0,1,1,1,0,1,1,0,0,1,0,1,0,1,0,1,0,1,0.640299
0,1,0,1,0,1,0,0,0,0,1,0,1,0,1,0,0,0,0,1,1,1,0,0,0,1,0,0,0,0,1,1,0.526518
1,1,1,0,1,0,1,1,0,0,1,1,1,0,1,0,0,1,1,0,0,1,0,0,0,1,0,0,0,1,1,0,0.598538
1,1,0,1,0,0,0,0,1,1,0,1,1,1,1,0,1,0,1,0,0,0,0,0,0,0,1,0,1,0,1,0,0.590955
1,1,1,1,1,0,0,0,1,0,0,0,0,0,0,0,1,1,0,0,0,1,1,1,0,0,1,1,0,1,0,1,0.641053
1,0,0,0,0,0,1,0,1,1,1,1,0,1,1,0,0,0,0,1,0,1,0,0,1,0,0,0,0,1,1,0,0.536512
1,0,0,0,0,1,1,1,1,1,1,1,0,0,0,1,0,1,0,1,1,0,0,1,1,0,0,1,1,1,1,0,0.622922
1,0,0,1,1,1,1,0,0,1,0,0,1,0,1,0,1,0,1,1,0,1,0,0,0,1,1,0,1,1,1,1,0.666089
1,0,0,1,0,1,0,1,0,1,0,1,0,1,1,0,1,1,1,1,1,1,0,1,1,0,0,1,1,0,0,1,0.635855
0,1,0,1,0,0,1,1,0,0,1,1,1,1,1,1,0,1,0,1,1,0,1,1,1,0,1,1,1,0,0,1,0.656170
0,1,0,1,1,1,0,0,1,0,1,1,1,0,0,0,1,0,0,1,1,0,0,1,1,1,1,1,0,1,1,1,0.628070
1,1,0,0,0,0,1,0,1,1,0,0,1,0,1,1,1,1,0,0,0,1,0,1,0,0,1,1,0,0,1,1,0.611119
0,0,0,0,1,1,1,0,0,1,1,0,1,1,1,1,0,1,1,0,1,0,0,1,1,1,0,0,1,0,0,0,0.579253
0,1,1,1,1,1,1,0,1,1,1,1,0,0,0,0,1,0,1,1,0,1,1,1,0,0,1,0,1,1,0,0,0.623048
1,0,0,0,0,1,0,1,1,0,1,0,1,0,1,0,0,0,0,1,1,1,1,0,0,1,1,1,0,0,0,1,0.583497
0,1,0,0,1,1,1,0,1,0,1,0,0,1,1,0,0,0,1,0,0,0,0,1,1,0,1,1,1,0,0,1,0.592336
0,1,0,0,0,0,1,0,1,0,1,0,0,0,0,0,1,0,0,0,1,0,0,0,0,1,0,1,0,0,0,0,0.535483
0,0,1,1,0,1,1,1,1,1,1,0,0,0,0,1,1,0,0,0,1,1,0,0,0,0,1,0,0,1,0,0,0.582618
0,0,1,0,0,1,1,1,0,1,0,0,0,1,1,1,1,0,1,0,1,0,0,0,0,1,0,1,1,0,0,1,0.580332
1,1,1,1,0,0,0,0,1,1,1,0,0,0,1,0,1,1,1,1,1,1,1,1,0,0,0,1,0,1,0,0,0.621692
1,0,1,0,0,1,0,1,0,1,1,0,0,1,1,1,0,0,0,1,0,0,1,0,1,1,0,1,0,0,0,0,0.570564
1,0,0,0,0,0,0,1,0,0,1,0,0,1,1,0,1,1,0,0,0,1,1,0,1,1,1,1,0,0,1,0,0.581136
0,0,0,0,1,0,1,0,0,1,1,0,0,1,1,0,1,1,1,0,0,1,0,1,1,0,0,0,1,0,0,1,0.584827
0,0,1,0,0,0,0,1,0,1,0,0,0,1,0,1,0,1,0,1,0,1,1,0,0,1,0,1,0,1,0,1,0.557104
1,0,0,0,0,1,0,1,1,0,1,0,1,1,1,0,1,0,0,0,0,0,0,0,1,1,1,1,1,0,1,1,0.602004
0,0,1,0,0,0,0,0,1,0,1,1,0,1,0,1,1,1,1,0,1,1,1,1,0,1,1,1,1,0,0,1,0.624730
1,0,1,1,0,1,0,1,1,0,0,1,1,0,1,1,0,1,0,1,1,0,0,1,1,0,1,1,0,1,0,0,0.632238
0,1,1,0,0,0,1,1,0,0,0,1,1,1,0,1,0,0,0,0,1,0,1,1,1,1,1,0,0,1,0,0,0.583672
1,1,1,0,1,1,1,1,0,0,1,0,1,0,1,0,0,1,1,1,0,1,1,0,1,1,0,1,1,0,1,1,0.646301
1,0,1,1,1,1,0,0,0,1,1,0,0,1,1,0,0,0,0,1,1,1,0,0,1,1,1,0,1,0,0,1,0.605570
0,0,0,1,0,1,1,0,1,1,1,0,0,0,0,0,0,1,1,1,1,0,0,0,0,1,1,1,1,1,1,1,0.646150
1,1,0,1,1,0,1,0,1,1,0,1,0,1,1,0,1,1,1,0,0,0,1,1,0,1,1,1,1,0,1,1,0.660138
1,1,0,1,1,0,1,0,0,0,1,1,0,1,0,0,1,0,0,1,1,1,0,0,1,1,0,1,0,0,0,1,0.589448
1,0,0,0,0,1,1,1,1,1,1,1,1,0,0,0,0,0,1,0,1,0,1,0,0,1,1,1,1,0,0,1,0.610266
1,1,1,0,1,0,0,0,1,0,1,0,1,1,0,1,0,0,0,0,1,1,0,1,1,1,0,1,1,1,0,0,0.606800
0,0,1,0,0,1,1,0,1,1,1,0,1,0,0,0,0,0,1,1,0,1,0,1,1,1,1,1,1,0,0,0,0.553764
0,0,1,1,0,0,0,0,0,1,1,0,1,1,1,0,0,1,1,0,0,1,0,0,0,1,0,0,1,1,0,1,0.583873
1,1,1,1,0,1,1,1,0,1,1,0,1,0,1,1,1,1,0,0,1,1,1,1,1,0,0,0,1,0,1,1,0.602054
1,0,1,1,0,1,0,1,0,0,0,0,1,1,1,1,1,0,0,1,1,1,1,1,1,1,1,0,1,1,1,1,0.618151
1,1,0,1,1,1,1,0,0,0,0,0,1,1,1,1,1,0,0,1,1,0,0,0,1,0,0,1,0,0,0,1,0.569409
1,1,1,0,1,1,1,0,0,1,0,0,0,0,1,0,1,0,0,1,1,1,0,1,1,0,1,1,0,1,0,0,0.619231
0,0,1,1,1,0,0,1,0,1,0,0,1,0,1,0,1,1,0,1,0,0,1,1,0,1,0,0,0,1,1,0,0.586309
0,0,0,0,0,1,0,0,0,0,1,0,1,0,0,0,0,0,1,1,0,0,1,0,0,1,1,1,0,1,1,0,0.455150
1,0,1,0,0,1,1,1,0,0,0,0,0,0,0,1,0,1,1,1,1,0,0,1,1,1,0,0,0,1,0,1,0.604691
1,1,1,1,0,1,0,0,0,1,1,1,0,0,1,1,1,0,1,0,1,0,0,0,1,1,0,1,1,1,0,1,0.632891
0,1,0,0,0,1,1,1,0,1,0,0,1,1,1,1,1,0,0,0,0,0,0,1,0,0,0,1,1,1,0,0,0.542816
1,0,1,0,0,1,1,0,0,1,1,0,0,0,1,0,1,1,1,0,1,1,1,0,0,0,0,0,1,0,0,0,0.625257
0,1,1,1,1,0,0,0,0,1,0,0,1,1,0,1,0,0,0,1,1,0,1,1,1,1,1,1,0,0,1,1,0.667470
1,0,1,0,0,0,0,0,0,0,0,1,1,1,0,1,0,1,1,0,0,1,1,1,1,1,0,0,0,0,0,0,0.569434
0,0,0,1,1,0,1,1,1,1,0,1,0,1,1,1,1,0,0,1,1,1,1,1,1,0,1,0,0,1,0,1,0.660364
0,1,0,1,0,0,0,0,1,0,1,1,0,0,1,1,1,0,1,0,1,0,0,0,1,0,1,1,0,1,0,0,0.580358
0,0,0,0,0,0,1,0,1,1,1,0,0,0,0,1,1,1,0,1,1,0,0,0,1,1,1,1,1,1,1,1,0.675983
0,1,1,0,1,1,1,0,0,0,0,0,1,0,0,1,1,0,1,0,1,0,1,0,0,0,1,1,0,0,0,1,0.591030
0,0,1,1,1,1,0,0,1,0,1,0,0,1,1,1,0,0,1,1,0,0,1,0,0,0,0,0,1,0,0,1,0.594370
1,1,0,1,1,1,0,1,1,1,0,1,1,1,0,1,1,0,1,1,0,0,1,0,0,1,1,0,0,1,0,0,0.636482
0,1,1,1,1,1,0,0,0,1,0,1,0,0,0,1,0,1,1,1,0,1,0,0,1,0,1,1,0,0,1,1,0.636382
1,1,1,1,0,1,1,0,1,1,0,1,1,0,0,1,0,1,1,0,0,1,1,0,0,1,1,1,0,1,1,0,0.627091
0,1,1,1,0,0,1,1,0,0,1,0,0,0,1,1,0,0,1,0,1,0,0,1,1,1,1,1,1,0,0,0,0.590553
1,1,1,1,0,1,1,0,0,0,0,1,0,1,1,0,1,0,0,1,1,0,1,0,0,1,0,1,1,0,0,1,0.612852
0,1,1,0,0,0,0,0,0,1,1,0,0,0,0,1,1,1,0,0,1,0,1,0,1,1,0,0,0,1,0,0,0.563457
0,0,1,1,1,1,0,1,0,0,0,1,0,0,1,1,1,1,0,1,1,1,0,1,0,0,0,1,1,0,0,0,0.627844
0,0,1,1,1,1,0,0,0,1,1,0,0,0,1,0,1,0,0,1,0,1,1,0,1,0,1,1,0,0,0,1,0.604867
1,1,1,0,1,0,0,1,0,1,0,1,0,1,1,0,1,0,0,0,0,0,1,0,1,1,0,0,0,1,0,1,0.605042
1,1,1,1,1,0,1,0,1,1,1,0,1,0,0,0,0,1,1,1,0,1,0,0,0,0,1,1,0,0,1,1,0.631033
1,0,0,1,1,0,1,1,0,0,1,1,1,1,0,0,0,1,1,1,1,1,1,0,0,0,1,0,0,1,1,0,0.609663
1,0,0,0,0,1,0,0,0,0,0,0,1,1,1,0,1,1,1,0,1,1,1,0,1,1,1,0,0,0,0,1,0.601979
1,0,1,0,1,1,1,1,1,0,1,0,0,1,1,0,0,1,0,0,0,0,0,0,1,0,0,1,1,0,0,0,0.595349
0,0,1,1,0,0,0,0,1,1,0,1,1,1,0,1,0,1,0,1,1,0,1,0,0,1,0,0,0,1,0,0,0.581437
1,1,0,0,1,1,0,0,1,1,1,0,0,0,1,1,1,0,1,1,1,1,1,1,1,0,1,1,1,0,0,0,0.630782
0,1,1,0,1,1,0,1,0,0,0,0,0,1,1,0,0,0,0,0,1,1,1,0,0,1,1,1,1,0,0,1,0.588670
1,1,1,1,1,1,1,1,1,1,0,1,1,1,0,0,1,1,1,1,0,1,0,1,0,0,1,0,0,1,1,1,0.650570
0,0,1,0,0,0,1,0,0,1,0,1,0,1,0,1,1,1,1,1,0,0,0,1,0,1,1,0,0,0,0,1,0.590327
1,0,1,0,1,0,1,1,0,1,0,1,1,0,1,0,1,0,0,1,0,1,1,0,1,1,1,1,1,0,0,0,0.616217
1,1,1,0,1,0,1,0,0,0,0,1,1,0,1,0,0,0,0,0,0,0,1,1,0,1,0,1,0,0,0,1,0.610517
1,1,0,0,0,0,0,1,1,0,0,0,1,1,1,0,0,0,1,1,0,1,1,1,0,1,1,1,0,0,0,1,0.607428
0,1,0,0,1,1,0,1,0,1,0,1,1,1,0,1,0,0,0,1,1,1,1,1,0,1,1,1,0,0,0,0,0.577470
0,0,1,0,0,1,1,0,0,1,0,0,1,0,0,0,0,0,0,1,1,0,1,1,1,0,1,1,0,1,0,1,0.557606
1,1,1,0,0,1,0,0,0,0,1,0,0,0,1,0,0,0,0,1,1,1,0,0,0,1,0,0,0,1,0,1,0.586184
0,0,1,1,1,0,1,1,0,0,0,1,1,0,0,0,0,0,1,0,0,1,1,1,1,0,1,0,0,1,1,0,0.589096
0,0,0,1,1,1,1,0,0,0,1,0,1,1,1,1,1,0,0,1,0,1,0,1,1,1,1,0,0,0,0,1,0.616267
0,1,0,0,0,0,1,1,1,0,1,1,1,0,1,0,0,1,1,1,1,0,1,1,0,0,1,1,0,0,1,1,0.630707
1,0,0,1,0,0,0,1,1,1,1,0,0,1,0,0,1,0,0,1,0,0,1,1,1,0,1,1,1,1,0,0,0.609638
0,1,0,1,0,1,1,0,0,0,1,0,0,1,0,1,0,1,1,1,0,1,1,0,0,0,1,0,1,0,1,1,0.593667
1,0,0,0,1,0,0,0,0,1,1,1,1,0,1,1,1,0,0,1,1,0,0,1,1,0,1,0,0,1,1,1,0.613731
0,0,1,0,0,0,0,0,0,0,1,0,1,0,1,0,1,1,1,1,0,1,0,1,1,0,1,1,0,0,0,0,0.548365
0,1,0,0,1,1,1,1,1,1,1,1,1,1,0,0,0,1,1,1,0,0,0,0,1,1,0,0,1,0,1,1,0.621164
0,1,1,0,1,0,0,0,1,0,1,1,1,0,1,1,1,1,1,0,1,1,1,1,1,1,1,1,0,0,1,0,0.651700
1,0,1,1,0,0,0,0,1,0,0,0,0,0,0,1,0,0,1,0,1,0,1,0,0,0,0,1,1,1,1,0,0.566421
0,0,1,1,1,0,1,0,1,1,0,1,1,1,1,1,1,1,0,1,1,0,0,1,0,0,1,1,0,0,0,1,0.632916
0,0,1,1,1,0,1,0,0,1,1,1,0,1,1,0,1,1,0,0,1,0,0,1,0,0,0,1,1,0,1,0,0.597157
1,1,1,0,0,1,0,1,0,0,0,1,1,0,0,1,1,0,0,1,1,0,0,1,0,1,1,1,1,1,1,1,0.651148
0,1,1,0,0,0,1,0,1,0,0,1,0,1,1,1,1,1,0,0,0,1,1,1,0,1,1,0,0,0,0,0,0.572071
1,1,0,1,1,1,0,0,1,1,1,0,1,1,1,1,1,0,1,0,0,1,0,0,1,0,0,0,0,0,1,1,0.630857
1,1,1,1,1,1,1,1,0,0,0,1,1,1,1,1,0,0,1,0,1,1,1,1,1,0,0,1,1,1,0,0,0.617046
1,1,1,0,0,1,1,0,1,1,0,1,0,0,1,1,1,1,1,0,0,0,0,1,1,1,0,1,1,1,1,1,0.672015
0,1,0,1,1,0,1,0,1,0,1,1,1,0,0,0,1,0,0,0,0,0,0,0,1,0,0,1,0,1,1,0,0.573427
1,1,1,1,0,0,0,1,0,1,1,1,0,0,0,0,1,0,1,1,1,1,0,1,1,1,0,0,0,0,0,1,0.609412
1,1,0,1,1,1,1,0,0,0,0,1,1,0,0,0,0,0,1,0,1,1,1,1,1,0,0,0,1,1,1,1,0.612702
1,0,0,1,1,1,0,1,0,1,1,1,1,1,1,1,1,1,0,0,0,1,0,1,0,0,1,0,0,1,1,1,0.664507
0,1,1,0,1,0,0,1,1,0,1,1,1,0,0,1,0,0,1,0,1,0,1,0,0,1,0,0,0,0,0,0,0.558837
1,0,0,1,0,0,1,1,0,0,0,1,0,0,0,1,1,0,1,0,0,0,0,0,0,1,1,1,0,1,1,1,0.617950
1,0,0,0,0,0,1,0,1,0,1,0,0,0,0,1,1,1,1,1,0,0,1,0,1,0,1,1,1,1,1,0,0.581463
1,0,1,1,0,0,0,0,1,1,0,0,0,0,1,0,0,0,0,1,0,0,1,0,1,0,0,1,1,0,0,1,0.572146
1,0,1,0,0,1,1,1,1,0,0,1,1,1,0,0,0,0,1,1,1,0,1,0,1,1,1,1,1,0,0,0,0.615690
0,1,1,0,0,0,1,1,1,0,1,1,1,0,1,1,1,1,0,1,1,0,1,0,1,1,1,0,1,0,1,1,0.660213
1,0,0,1,0,1,0,0,0,0,0,0,1,1,1,1,1,1,1,1,1,1,0,1,0,1,0,1,0,1,0,0,0.570012
0,1,0,0,0,0,0,1,0,0,0,0,1,0,1,0,1,1,0,1,0,1,1,1,0,1,0,1,1,1,0,0,0.527070
1,1,0,0,0,0,1,0,1,1,1,0,1,0,0,1,0,1,1,1,1,0,0,0,1,0,1,1,1,0,0,1,0.602481
1,0,1,1,1,0,0,0,0,0,1,1,0,0,1,1,1,1,0,1,0,0,0,1,1,0,0,1,1,0,1,1,0.671237
0,1,0,1,1,1,0,0,0,1,1,0,1,1,1,0,0,0,1,1,1,0,0,0,0,0,0,1,1,0,0,1,0.607076
0,0,0,1,1,1,0,1,1,0,0,0,1,0,1,1,1,1,0,0,0,0,1,0,1,1,0,0,0,0,0,0,0.589498
0,1,1,0,0,1,0,0,0,0,0,0,0,0,0,1,0,0,1,1,0,0,0,1,0,1,1,0,0,1,1,0,0.498945
1,1,1,0,0,0,0,1,0,1,1,1,0,1,0,1,1,0,0,1,1,1,1,0,0,1,1,1,0,1,1,1,0.671840
0,0,1,1,1,1,0,0,1,1,0,0,0,0,0,0,0,0,1,1,1,0,0,0,1,1,1,1,0,0,1,1,0.617598
1,1,1,1,1,1,1,1,0,0,1,0,0,0,1,0,1,0,1,1,1,0,1,0,1,1,1,0,0,1,0,1,0.625559
1,0,0,0,0,1,1,1,1,1,1,0,0,1,0,0,0,0,0,1,0,0,1,0,1,0,0,1,1,1,0,0,0.566421
1,0,0,1,1,1,1,1,0,0,0,1,1,0,1,1,1,0,1,1,1,1,0,1,1,0,0,0,1,1,0,0,0.631360
1,0,1,1,1,0,0,0,0,0,1,0,1,0,0,1,0,1,0,1,0,1,1,0,0,1,1,0,1,0,1,1,0.613580
0,0,1,0,0,0,0,0,0,0,0,0,1,0,0,1,0,0,1,0,0,1,1,1,1,1,0,1,1,0,0,0,0.506981
1,0,0,1,1,1,1,0,0,0,0,1,1,0,0,1,0,0,0,1,1,1,0,0,0,1,0,0,0,1,0,0,0.528979
1,0,1,0,1,1,0,1,0,1,1,0,0,0,1,1,1,1,0,1,1,0,0,1,0,1,0,1,0,1,0,0,0.608558
1,1,0,0,1,0,1,0,0,0,1,1,0,0,0,1,1,1,0,0,0,0,1,1,0,0,0,1,0,0,1,0,0.575059
1,1,0,0,0,1,1,1,0,1,1,0,0,0,1,1,1,1,1,1,0,1,0,0,1,1,0,1,0,1,0,1,0.634473
1,1,1,0,0,0,0,0,0,0,1,1,1,1,1,0,1,1,1,0,0,0,1,1,1,1,0,1,1,1,0,1,0.657601
1,1,0,0,1,0,1,1,0,0,0,0,1,1,0,0,1,0,1,0,1,1,1,1,1,0,0,1,0,1,1,1,0.607679
0,0,0,0,1,0,0,1,1,0,1,1,0,1,0,1,0,0,1,1,1,1,1,1,0,0,1,1,0,1,0,0,0.496936
1,1,0,1,1,1,1,0,0,1,0,1,0,0,1,1,0,1,0,0,1,0,1,1,1,0,1,1,0,0,0,1,0.632213
1,1,0,0,0,0,1,0,0,0,1,0,0,1,0,0,1,0,1,0,1,0,0,1,0,1,1,1,1,1,0,1,0.618979
0,0,0,1,1,0,0,0,0,1,1,1,1,0,0,0,0,1,1,1,0,1,1,1,0,0,0,0,1,1,0,1,0.601954
0,0,1,0,0,1,0,0,1,1,0,1,1,0,1,1,0,1,0,0,1,1,0,0,0,0,1,0,1,0,1,1,0.583622
1,1,0,0,1,0,0,0,1,1,1,1,0,0,0,1,1,1,0,0,1,1,0,0,0,1,1,1,1,0,1,0,0.605946
0,0,1,0,1,1,0,1,0,0,0,1,0,1,0,1,1,0,0,0,1,1,1,1,1,0,0,1,1,0,1,0,0.574707
1,1,1,0,1,0,0,1,0,1,0,0,1,1,1,1,0,1,0,0,1,1,0,0,1,1,0,1,0,1,1,1,0.647381
1,1,0,0,0,1,0,0,1,1,0,1,0,1,1,1,0,0,1,0,0,1,1,0,1,1,0,1,1,1,0,0,0.602707
1,1,1,1,1,1,1,1,0,0,0,0,0,0,1,0,1,0,1,0,1,1,0,1,1,1,0,1,0,0,0,1,0.605695
1,1,1,1,1,0,0,0,1,0,1,1,1,1,0,1,0,1,0,0,1,1,0,0,1,0,1,0,1,1,0,1,0.629928
0,0,0,1,1,0,1,1,1,0,1,0,0,0,1,1,1,0,1,1,1,1,1,0,1,1,1,1,0,1,0,0,0.629351
1,1,1,0,1,0,1,0,0,1,0,0,0,0,0,1,0,0,1,1,1,0,0,0,0,1,1,1,0,1,0,0,0.594018
0,0,1,1,0,0,1,1,0,0,1,1,1,1,0,1,0,1,1,1,0,0,1,0,0,1,0,0,1,0,1,1,0.649942
0,0,1,1,0,1,1,0,1,0,0,1,1,1,1,0,0,1,1,0,0,1,1,0,0,0,0,1,0,1,0,0,0.558259
0,1,1,0,1,1,1,0,0,0,1,0,1,1,1,1,0,1,0,0,1,0,0,1,0,1,0,0,1,1,0,0,0.588569
0,1,0,0,0,1,1,0,1,0,1,1,1,1,0,1,0,1,0,0,1,0,1,0,0,1,0,1,1,0,0,0,0.587891
0,0,1,0,1,1,1,0,1,1,1,1,0,1,0,0,1,1,0,0,1,0,0,0,0,1,1,1,0,0,1,0,0.597233
0,0,1,0,0,1,0,0,0,0,0,0,1,0,1,1,1,1,1,0,0,1,0,1,1,1,1,1,1,1,1,0,0.629325
1,0,0,0,1,1,1,0,1,0,0,0,0,0,1,1,0,0,1,1,0,0,0,1,0,0,1,1,0,0,0,0,0.563658
1,1,1,0,1,0,1,0,0,0,0,1,0,0,1,0,1,0,0,1,1,0,1,1,1,0,1,1,0,0,0,0,0.624102
1,1,0,0,0,0,1,1,1,0,0,1,0,0,0,1,0,0,0,1,1,1,1,0,0,0,1,1,0,0,1,0,0.579579
1,0,0,1,0,0,0,1,0,0,1,0,1,1,1,1,0,1,1,1,0,0,1,1,1,1,0,1,0,0,0,1,0.651173
1,1,0,0,0,1,0,1,0,0,1,1,1,1,0,0,0,1,1,0,0,0,1,0,0,1,1,0,1,0,0,0,0.597886
0,0,0,0,1,0,0,1,0,1,1,1,1,0,1,0,0,0,0,0,1,1,1,0,1,0,1,1,1,1,1,0,0.550525
1,0,1,0,0,0,0,1,1,0,1,1,1,1,1,0,0,0,0,1,1,0,0,1,1,1,1,1,0,0,1,0,0.607855
0,1,0,1,1,0,1,1,0,1,0,1,1,0,0,0,0,1,0,1,0,1,0,1,0,1,0,0,0,0,1,1,0.581136
1,1,1,1,0,1,1,0,0,1,1,0,1,0,0,1,1,1,0,0,0,0,1,0,0,1,1,1,0,1,0,1,0.613229
0,0,1,1,0,0,1,1,0,1,1,1,0,0,0,0,1,1,1,1,1,1,1,1,1,0,0,0,1,0,1,1,0.621641
1,0,0,0,1,1,1,1,1,0,0,1,1,0,1,1,0,0,0,1,1,0,1,0,0,1,1,0,1,0,0,0,0.597057
0,1,1,1,0,0,1,0,0,0,0,1,1,0,1,1,1,1,1,1,0,0,0,0,0,0,1,0,1,0,0,1,0.586786
1,0,1,1,1,0,1,1,1,0,0,0,1,0,1,0,1,0,0,0,1,0,0,1,1,0,1,1,0,0,0,0,0.614032
1,1,0,0,0,1,0,0,0,0,1,0,1,0,1,0,0,0,0,0,0,0,0,1,0,1,0,0,0,0,1,0,0.573603
0,0,0,0,1,0,0,1,0,1,0,1,1,1,0,0,0,1,0,1,1,0,1,1,1,0,0,0,0,0,1,0,0.499648
1,1,0,0,0,1,1,0,1,0,1,0,0,0,0,0,0,0,0,0,0,1,1,1,0,1,0,1,0,0,1,0,0.582392
0,0,1,0,0,0,1,0,0,0,1,0,1,1,1,1,1,0,1,1,0,1,1,1,1,0,0,1,1,1,1,1,0.645146
1,0,0,0,1,1,0,1,0,1,0,0,1,0,1,0,1,1,1,1,1,0,0,0,1,1,1,1,0,0,0,1,0.620034
1,0,0,1,0,0,1,0,0,1,0,0,0,0,1,0,1,0,0,0,1,1,1,1,0,0,0,0,1,0,0,1,0.565768
0,0,1,0,0,0,1,0,0,0,1,0,0,0,1,1,0,1,0,1,0,0,1,1,0,0,1,0,1,0,0,1,0.530687
1,0,0,1,0,0,1,0,0,1,1,1,0,1,1,1,0,1,0,1,0,0,0,0,0,0,0,0,0,1,1,0,0.560344
1,1,1,1,1,0,1,1,1,1,1,0,1,0,1,0,1,1,0,1,0,1,1,1,1,1,1,1,1,1,0,0,0.604113
1,1,0,0,0,1,1,0,1,0,0,1,0,1,1,0,0,1,0,1,1,1,0,1,0,0,1,1,1,0,1,1,0.644945
0,0,0,1,1,1,0,1,1,1,0,1,1,1,1,1,1,0,1,0,1,1,1,0,0,0,0,0,0,0,0,0,0.596379
1,1,1,0,1,0,0,1,1,0,1,0,0,0,1,1,1,0,1,0,0,0,0,1,1,1,1,0,0,1,0,1,0.624454
1,0,1,0,0,1,0,0,1,1,1,0,0,1,0,1,1,0,1,1,1,1,1,0,0,0,0,1,1,0,0,1,0.622872
1,0,1,1,1,0,1,1,1,0,0,1,0,0,0,1,0,1,1,1,1,0,0,1,1,0,1,1,0,0,0,1,0.639471
0,1,1,0,0,0,1,1,1,0,0,1,0,0,0,1,0,1,0,1,0,0,0,1,1,1,0,0,0,0,0,0,0.550977
0,1,0,0,1,1,0,0,0,1,0,0,1,0,1,1,0,0,1,1,0,1,1,1,1,0,0,1,0,1,1,0,0.583522
0,0,1,1,1,0,1,1,0,0,1,0,1,1,0,0,1,0,0,1,0,0,1,1,0,0,1,1,0,1,0,1,0.621717
0,1,0,0,0,1,1,1,0,0,0,0,0,1,1,1,1,0,1,0,0,0,0,0,0,0,0,0,0,0,0,0,0.510672
0,0,1,1,0,0,0,0,1,1,1,1,0,0,0,0,0,1,0,0,1,1,1,1,0,1,0,0,1,1,1,0,0.582492
1,0,1,1,1,1,1,1,1,0,1,0,1,0,0,0,1,1,1,0,1,0,1,1,0,0,0,0,0,0,1,0,0.617197
0,0,0,0,1,1,1,1,1,0,1,0,1,0,1,1,1,1,1,0,1,1,0,0,1,0,1,1,0,0,0,1,0.610291
0,1,1,0,1,0,1,1,0,0,0,0,0,0,1,0,0,1,0,0,0,1,1,1,0,1,1,1,1,0,0,0,0.558209
1,1,1,0,0,0,0,0,1,0,1,1,0,0,0,0,0,1,1,1,1,0,0,1,1,0,1,1,1,1,0,1,0.613354
1,1,1,1,0,0,1,0,1,0,1,1,1,1,1,1,1,0,0,0,0,1,1,1,0,0,0,0,0,1,1,1,0.629426
0,1,0,1,0,1,1,1,0,0,1,1,1,0,0,1,1,0,0,0,1,0,0,0,1,1,0,0,1,0,0,0,0.591206
1,0,0,1,1,0,0,0,1,0,0,0,0,0,1,0,0,1,1,0,1,0,1,0,0,1,1,1,1,0,1,1,0.602431
0,1,1,1,0,0,0,1,0,0,0,0,0,1,0,0,0,1,1,0,0,1,1,1,0,0,0,0,0,1,0,1,0.561348
0,1,1,1,1,1,0,0,1,0,0,0,1,1,0,0,0,1,0,1,1,0,0,0,1,1,0,0,0,0,1,0,0.587791
1,0,0,0,1,1,1,0,1,0,0,1,1,0,1,0,0,0,0,0,1,1,0,0,0,1,1,0,1,0,0,0,0.600974
1,0,0,0,1,1,0,0,0,1,0,1,1,0,0,1,1,0,0,1,0,0,0,0,1,0,0,0,1,0,0,0,0.583522
0,0,1,0,1,1,0,1,1,0,1,0,0,0,1,1,0,0,1,0,1,1,1,0,1,0,1,1,1,1,1,0,0.586309
0,0,1,1,1,0,1,1,0,0,1,0,1,0,0,0,0,1,0,1,0,0,1,0,1,1,1,0,1,1,0,0,0.607554
1,1,0,1,0,1,1,1,0,1,0,0,1,0,0,0,0,1,0,1,0,1,1,1,0,0,1,0,0,1,0,1,0.593064
1,1,0,1,1,1,0,0,0,1,1,1,1,1,1,0,0,0,1,0,1,0,0,0,0,0,1,1,0,1,1,1,0.614962
0,1,0,1,1,0,0,0,1,1,1,0,0,1,0,0,1,0,1,1,1,0,1,0,1,0,0,1,0,0,1,1,0.616041
0,1,1,0,1,1,1,1,1,1,0,1,1,0,0,0,1,1,0,0,1,0,0,0,0,0,1,0,0,0,0,0,0.581864
0,0,0,1,0,0,0,0,1,1,0,0,0,0,0,1,0,0,1,0,1,0,0,1,0,0,0,0,1,1,0,1,0.507960
0,1,0,0,1,0,1,1,1,0,0,1,1,0,1,0,0,1,1,0,0,0,1,1,0,1,1,1,0,1,0,0,0.594646
0,0,1,1,0,0,0,1,1,0,0,1,0,0,0,0,1,1,1,0,1,0,1,0,0,0,1,1,0,0,1,1,0.589574
0,0,1,0,1,0,1,1,1,0,0,1,1,0,1,0,0,0,0,0,1,1,0,0,1,1,0,1,0,1,0,0,0.574532
1,1,0,1,0,1,1,0,0,0,1,1,0,1,1,1,1,0,0,0,0,0,1,0,1,0,1,1,1,1,1,1,0.672317
1,1,1,0,1,1,0,0,1,0,0,1,1,1,0,1,0,0,0,1,0,0,0,1,1,0,1,0,0,0,0,0,0.597057
0,1,1,0,1,1,1,0,1,1,0,1,1,0,0,0,1,1,1,0,0,1,1,0,0,1,0,1,1,1,1,0,0.605595
1,0,1,1,0,1,1,1,1,1,0,0,0,0,0,1,1,1,0,1,0,0,0,1,0,0,0,0,0,0,0,1,0.615037
1,1,1,0,1,1,1,0,1,0,0,1,1,1,1,0,1,1,0,0,0,0,1,0,1,1,0,1,1,1,0,1,0.659259
1,1,0,1,0,1,1,1,0,1,0,1,0,0,1,0,0,0,1,1,1,1,1,1,0,1,1,1,0,0,1,0,0.625458
1,0,1,0,0,0,0,1,0,1,1,0,1,0,1,0,0,1,0,0,1,0,1,0,0,0,1,0,1,0,1,0,0.568781
1,1,1,0,0,0,1,0,1,1,1,0,0,1,0,1,1,0,0,0,1,0,0,1,1,0,0,0,0,0,0,1,0.609111
0,0,0,1,1,1,1,0,1,1,0,1,0,1,0,1,0,1,1,1,0,0,0,1,1,1,0,1,0,0,0,0,0.599267
0,1,0,0,1,0,1,0,1,1,0,0,1,0,0,0,0,1,0,1,0,1,0,1,1,1,1,1,1,0,0,1,0.624655
1,1,0,1,0,0,1,0,1,1,0,0,0,1,0,1,1,0,1,0,1,0,1,1,0,0,1,1,1,1,0,0,0.607051
1,0,1,0,1,1,0,1,0,1,0,0,0,0,0,0,0,1,1,1,1,1,0,1,0,0,1,1,0,0,0,0,0.572774
0,0,0,0,0,1,0,1,1,0,1,1,1,0,0,1,0,1,0,1,0,0,0,1,0,0,1,1,0,0,0,1,0.548893
1,1,1,0,1,0,0,1,1,0,0,0,1,0,1,0,0,0,1,1,0,0,1,1,0,1,1,0,1,0,1,0,0.608583
0,1,1,0,1,0,0,1,0,1,0,0,0,1,1,1,0,0,1,0,0,0,1,1,0,0,1,0,0,1,0,0,0.535885
1,0,1,0,1,0,0,0,0,0,0,1,0,1,0,1,1,0,1,0,0,1,1,1,0,1,1,1,0,0,0,1,0.616418
0,0,0,0,1,1,0,1,1,1,0,1,0,1,0,1,0,0,1,0,1,0,0,0,0,1,0,1,0,0,1,1,0.536964
0,1,0,1,1,1,0,0,1,1,0,0,0,0,0,1,0,1,0,0,1,0,0,0,0,1,0,0,0,1,1,1,0.573778
0,1,1,0,0,0,1,1,1,1,0,1,0,1,0,1,0,1,0,0,1,1,0,1,0,0,1,0,1,1,1,0,0.607403
1,1,1,0,1,1,0,1,0,0,1,1,0,1,0,1,0,0,0,0,0,0,0,0,0,1,1,0,0,0,0,1,0.588946
1,1,1,0,0,1,0,1,1,1,0,1,1,1,1,0,0,0,1,0,1,0,1,0,0,1,1,0,1,0,1,1,0.623374
0,0,1,1,1,0,0,0,1,0,0,1,0,0,0,0,1,0,0,1,1,1,0,0,1,1,0,0,1,1,1,1,0.592687
0,0,1,1,1,0,0,0,0,0,1,1,0,1,1,1,1,0,0,1,1,0,0,1,1,0,1,0,1,1,0,0,0.600598
1,0,0,0,1,0,0,0,1,1,1,0,1,0,0,1,0,0,0,1,0,1,1,1,1,1,1,1,1,0,0,0,0.583723
0,0,0,1,0,1,1,1,0,1,0,0,1,1,1,1,0,1,1,0,0,1,0,1,1,0,1,0,0,0,0,0,0.576365
1,0,0,1,1,0,0,1,1,1,1,1,0,1,1,0,1,1,1,0,1,1,0,0,0,0,0,1,0,1,0,0,0.609763
0,1,1,1,0,0,1,1,1,0,0,1,1,0,0,0,0,0,1,0,0,0,1,1,0,0,0,1,0,0,1,1,0.598162
1,0,0,0,0,1,1,1,0,0,1,0,0,1,0,0,0,0,0,0,0,1,1,0,1,1,0,1,0,0,0,0,0.567977
0,0,1,0,0,1,1,0,0,0,0,0,1,0,0,1,0,0,0,1,1,0,1,1,0,0,1,0,1,1,0,1,0.533474
0,1,1,0,1,0,1,1,1,0,0,0,0,0,0,1,1,0,0,1,0,0,0,1,1,0,1,1,0,0,1,1,0.623299
0,1,1,1,0,0,0,1,0,0,1,1,0,1,0,0,0,1,1,0,1,1,0,0,1,1,1,0,0,0,0,0,0.557431
1,0,1,1,0,0,0,0,1,0,1,1,1,1,1,1,1,0,1,1,0,0,0,0,0,0,0,1,0,0,1,1,0.593767
0,0,0,0,0,0,1,0,0,0,0,1,1,1,1,1,0,1,0,0,1,0,0,0,1,0,0,0,0,1,0,0,0.455954
0,1,0,0,1,1,0,0,1,0,0,1,0,0,0,1,0,0,0,1,1,0,0,1,1,0,0,1,1,0,1,0,0.548692
1,0,1,0,1,0,0,1,1,1,0,1,1,1,1,0,1,0,0,1,0,1,0,1,0,1,1,0,1,0,1,0,0.612375
0,0,1,1,1,0,0,1,0,0,0,0,0,0,0,1,0,1,1,1,0,1,0,0,0,0,0,1,0,1,0,1,0.568455
1,0,1,0,0,0,1,0,1,0,0,1,0,1,0,0,0,1,1,1,0,0,1,1,1,1,0,1,1,0,0,1,0.631058
0,0,1,1,0,1,1,1,0,0,1,0,0,0,1,0,1,0,1,0,0,1,0,0,0,1,1,0,0,1,1,0,0.559239
1,0,0,1,1,0,1,1,1,0,1,0,0,1,1,1,1,0,1,1,0,0,0,1,1,0,1,0,0,1,1,1,0.648260
1,0,1,0,1,0,0,1,1,1,1,0,0,1,1,0,1,1,0,0,0,0,1,0,1,1,0,0,0,1,0,1,0.601954
0,0,1,1,1,0,1,1,0,1,1,1,1,1,0,0,0,0,1,0,0,0,1,0,0,0,0,0,1,0,0,1,0.571669
1,1,0,0,0,1,1,1,1,1,0,0,1,1,0,1,0,0,1,0,0,1,1,1,1,0,1,1,0,0,1,0,0.612224
0,0,0,1,1,1,0,0,0,0,0,0,1,1,0,1,0,1,0,0,0,0,1,0,1,1,0,0,1,1,1,0,0.541535
0,0,0,1,0,1,0,1,0,0,1,0,1,1,0,1,1,0,0,0,1,0,0,1,0,0,1,0,1,1,1,1,0.604415
1,1,1,1,1,1,0,0,0,1,0,1,0,1,0,0,0,0,1,0,0,0,1,1,0,1,0,1,1,1,1,1,0.643137
1,0,1,0,0,0,0,0,0,0,0,0,1,0,0,0,1,1,0,1,1,1,0,0,0,0,0,1,0,0,0,0,0.579730
0,0,0,1,1,1,0,0,0,1,0,1,0,0,1,0,0,1,0,1,0,1,1,0,0,1,0,0,0,1,0,1,0.537417
1,1,1,1,1,1,1,0,0,1,0,0,1,1,0,0,0,1,0,0,1,0,0,1,1,1,1,1,1,0,1,0,0.632766
1,0,1,1,1,1,1,1,1,0,0,0,1,0,0,1,0,0,1,0,0,1,1,0,0,1,1,0,0,1,0,1,0.604314
0,0,1,1,0,1,0,1,1,1,0,0,0,0,0,1,1,1,0,1,0,0,1,1,0,1,1,0,1,1,1,0,0.593667
1,0,0,0,1,1,0,1,1,1,0,1,1,0,0,1,1,1,0,1,0,0,0,1,1,0,1,0,1,0,1,0,0.608935
0,1,0,0,1,0,1,0,1,0,0,1,1,0,0,0,0,0,1,0,0,0,1,1,1,0,0,0,0,0,0,0,0.559364
0,0,1,0,0,1,0,1,1,1,1,1,1,0,0,1,1,0,0,0,1,1,0,1,1,1,0,1,1,0,0,1,0.607855
1,1,1,1,1,1,0,0,1,1,0,1,1,1,0,1,1,0,1,1,1,1,0,1,0,1,0,1,0,0,1,0,0.629978
1,1,1,1,0,0,1,1,1,0,0,0,0,1,0,0,0,0,0,1,0,0,1,1,1,1,0,0,1,1,1,0,0.601828
1,1,1,0,0,1,0,1,0,0,0,0,0,1,0,1,0,1,1,0,0,1,0,0,1,0,0,0,1,0,0,0,0.583974
0,0,0,1,0,0,0,0,0,0,1,1,1,1,1,1,1,1,0,0,1,0,0,0,1,0,1,0,0,0,0,1,0.586309
1,1,0,0,0,1,0,0,0,0,1,1,1,0,1,1,0,1,0,1,0,1,0,1,1,0,1,1,0,0,0,1,0.616820
1,0,1,1,0,1,1,1,0,0,0,1,0,0,1,0,0,0,0,0,1,0,1,0,1,0,0,1,0,1,1,1,0.596806
1,1,1,1,1,1,0,1,1,1,0,1,0,1,0,1,1,1,0,1,0,1,0,0,1,1,1,1,0,0,0,1,0.645623
1,0,1,0,1,1,1,1,0,0,0,0,0,0,0,1,0,1,0,1,1,0,0,0,1,0,0,0,0,1,0,0,0.567124
0,1,0,0,1,0,0,1,1,0,1,1,1,1,1,0,0,0,1,1,0,0,0,0,0,1,1,0,0,1,0,0,0.582894
1,1,0,0,0,1,1,0,0,0,0,1,0,0,0,1,0,1,0,0,1,0,1,1,1,1,1,1,1,0,1,1,0.631134
0,1,0,1,0,1,0,0,0,0,1,1,1,1,1,1,0,1,1,1,1,1,1,1,1,1,0,1,1,0,1,1,0.679423
0,1,1,1,0,1,1,0,0,0,0,0,1,0,0,1,0,1,1,0,0,0,1,1,0,0,1,0,0,1,0,1,0.592286
0,1,1,0,0,1,1,0,0,0,0,0,0,0,1,1,0,0,0,1,1,1,1,0,1,1,1,1,0,0,0,1,0.588996
0,1,0,1,1,1,1,1,0,0,0,0,0,1,1,1,1,1,0,0,0,1,0,1,1,0,0,1,0,0,0,0,0.603536
1,1,1,0,1,1,0,1,1,0,0,0,1,0,0,0,1,1,1,1,1,0,1,1,1,1,1,1,1,1,0,0,0.635930
0,1,0,0,0,1,0,0,1,0,1,0,1,0,1,1,1,1,1,1,0,1,1,1,0,1,0,1,0,0,0,1,0.633243
0,1,0,1,0,1,0,0,1,0,1,1,0,1,0,0,1,0,0,0,0,0,0,1,0,1,1,0,0,0,0,1,0.569183
1,0,0,0,0,1,1,0,0,0,1,1,1,0,1,0,0,0,0,0,1,1,0,1,0,0,0,0,0,1,0,1,0.586887
0,0,0,1,0,0,0,1,0,1,0,1,1,0,1,1,0,1,0,1,0,0,0,1,1,1,0,0,1,1,1,0,0.619406
0,1,1,0,1,0,0,0,0,0,0,0,1,0,0,1,1,1,1,0,0,1,0,1,1,1,0,1,1,0,1,0,0.610793
0,0,1,0,0,1,1,1,1,0,1,1,0,0,1,0,0,0,0,1,0,1,0,1,1,1,1,1,1,1,0,1,0.640576
1,0,1,0,1,1,1,0,0,1,0,1,1,1,0,1,1,0,0,0,0,0,0,0,0,1,1,1,1,1,0,0,0.609763
1,0,1,1,0,0,1,0,0,1,0,0,1,0,0,0,1,1,0,1,0,0,0,1,1,0,1,1,0,1,1,1,0.625057
0,0,0,1,1,1,1,1,0,0,0,1,0,1,0,1,0,1,0,0,1,1,1,1,0,0,0,1,1,1,0,1,0.613128
0,1,0,0,1,1,0,0,0,0,1,1,0,1,1,1,1,1,0,0,1,1,1,0,1,1,1,1,1,0,1,0,0.631560
1,0,1,1,1,1,1,1,1,1,1,0,1,1,1,0,0,1,0,0,0,1,1,1,1,1,0,1,1,0,1,1,0.654462
1,0,1,1,0,1,1,1,0,1,0,0,1,1,0,0,0,0,1,0,0,0,1,0,0,1,0,1,0,1,1,1,0.616318
1,0,1,0,0,1,1,0,1,0,0,0,1,1,0,0,1,1,1,1,0,0,0,0,0,0,1,1,0,0,1,1,0.595626
1,1,0,0,0,1,0,1,0,1,0,1,0,0,0,0,0,0,1,1,0,0,1,1,0,1,1,0,1,1,1,0,0.590402
0,1,1,1,1,0,1,0,0,1,0,0,1,0,1,1,1,1,1,0,0,0,0,0,0,1,0,0,1,1,0,1,0.604867
0,0,0,1,0,0,1,1,1,0,1,1,1,0,0,0,0,0,1,1,0,0,0,1,1,1,0,1,1,1,0,1,0.604867
0,0,1,1,1,0,1,0,1,0,1,1,1,0,1,0,0,0,1,1,0,0,0,1,1,1,0,0,0,0,1,0,0.579830
1,0,0,1,0,0,1,0,1,1,1,1,0,1,1,0,0,1,1,0,0,0,1,1,0,1,1,0,0,1,1,1,0.637914
1,1,0,0,1,1,0,0,0,0,1,1,1,0,1,1,0,0,0,1,0,1,1,1,0,1,0,0,1,0,1,0,0.599493
0,0,0,0,0,1,0,0,0,0,0,0,0,0,0,0,1,1,1,0,1,0,0,1,0,0,0,0,0,1,0,0,0.486189
0,1,1,0,1,1,0,0,1,0,0,0,0,1,1,1,1,1,0,1,0,0,0,1,1,0,0,0,0,1,1,0,0.597785
1,0,0,1,0,0,0,1,1,0,1,0,1,0,1,0,0,0,0,1,1,0,1,1,1,0,0,1,0,0,0,0,0.589523
0,1,0,0,0,0,1,0,0,0,1,1,0,0,0,1,0,0,1,0,1,0,1,0,1,0,0,1,1,1,0,0,0.516272
0,0,1,0,1,0,1,1,0,1,1,0,0,0,1,0,0,1,0,0,1,0,1,0,0,0,1,0,1,1,1,0,0.545980
1,1,1,0,1,1,0,0,0,1,0,1,0,0,1,1,1,0,0,0,1,1,0,0,0,1,1,0,1,0,0,0,0.617875
0,0,1,1,1,0,1,0,1,1,1,1,0,1,1,1,1,1,1,1,0,1,1,1,0,1,0,1,0,1,0,0,0.624278
1,0,0,0,0,0,0,0,1,0,0,0,0,0,1,0,0,1,1,1,0,1,1,1,0,1,1,1,1,0,0,0,0.559113
0,1,1,0,0,0,0,1,0,1,1,1,0,0,0,0,1,1,0,1,1,1,1,1,1,1,0,1,1,1,1,0,0.644895
1,1,1,0,1,0,1,0,0,0,0,0,0,1,0,0,0,1,1,1,0,0,0,1,0,0,1,0,1,1,1,1,0.598036
1,1,1,1,1,1,1,1,0,1,1,0,0,1,0,1,1,1,0,0,0,1,0,1,1,0,0,1,1,1,0,0,0.640149
1,1,1,0,0,0,0,1,1,1,1,0,1,0,0,0,1,0,0,1,1,0,0,1,1,1,1,0,0,1,0,1,0.602757
1,0,1,0,1,0,1,0,0,1,0,0,0,0,0,0,0,0,0,0,0,1,1,1,1,0,1,0,0,1,1,0,0.561323
1,1,0,1,0,1,1,1,1,1,0,1,0,1,1,0,0,1,0,1,0,1,1,0,0,0,1,1,1,1,0,1,0.646326
1,0,0,1,1,1,1,1,1,0,0,1,0,1,0,1,1,1,0,1,1,1,1,0,0,0,0,0,0,0,0,1,0.610190
0,1,1,0,0,1,0,1,0,1,1,1,1,1,0,1,0,1,0,0,1,1,1,0,0,0,1,1,1,0,1,1,0.646979
0,0,1,1,1,0,1,0,0,1,1,0,0,1,0,1,0,0,0,1,0,0,0,0,0,1,1,0,0,0,1,0,0.530636
1,0,1,0,0,1,0,0,0,0,1,1,1,1,0,0,0,1,0,1,0,0,1,0,0,1,0,0,0,1,0,0,0.571543
1,1,0,1,0,1,0,1,0,1,1,1,1,1,1,0,1,1,1,1,1,0,0,1,0,1,0,0,1,0,0,0,0.626890
0,0,0,0,1,0,1,1,1,1,0,0,0,1,1,1,0,0,1,0,0,1,1,1,0,1,1,0,1,0,0,1,0.573803
1,1,1,1,1,1,0,0,0,1,0,1,0,1,0,0,1,0,0,0,1,1,1,1,0,0,1,0,1,0,1,1,0.616468
0,1,1,0,0,1,1,1,0,0,0,0,1,0,0,1,1,0,0,1,1,0,0,0,1,0,1,1,1,0,1,1,0.610642
1,1,1,1,0,1,0,1,0,1,1,1,0,0,0,0,1,0,1,0,1,0,1,0,0,1,1,1,0,1,1,0,0.612099
0,0,0,0,0,1,0,1,0,0,1,0,1,1,1,0,0,1,1,1,0,1,1,0,0,0,0,1,1,0,1,0,0.500402
1,1,1,0,1,1,1,1,0,1,1,0,1,1,1,1,1,1,1,1,0,0,0,0,1,1,1,0,1,0,0,0,0.635880
0,0,0,0,1,1,0,1,0,0,1,0,1,0,0,1,0,1,1,1,1,1,0,1,0,1,1,0,1,0,0,0,0.500201
1,1,1,1,1,0,0,1,0,1,0,1,0,0,1,0,0,0,0,1,1,0,0,0,0,1,1,0,1,1,1,1,0.645071
1,1,1,1,0,0,0,0,1,0,0,0,0,0,1,1,1,1,0,0,1,0,1,0,0,0,0,0,1,1,0,0,0.609161
1,0,0,1,0,1,0,1,1,0,0,1,0,0,1,1,0,1,0,0,0,1,1,1,1,1,1,0,0,0,0,1,0.622169
1,1,1,1,0,1,1,0,1,0,0,0,0,0,0,1,0,0,1,0,0,0,1,0,1,1,1,0,0,1,0,0,0.587992
0,1,1,1,1,1,0,0,1,0,1,1,1,0,0,0,1,0,1,0,0,1,1,0,0,0,1,0,1,1,1,0,0.605645
1,1,1,0,0,0,1,1,1,0,1,0,0,0,1,1,1,1,0,0,1,0,1,1,1,1,0,1,0,0,0,1,0.622294
0,0,0,1,1,0,0,0,0,0,0,1,0,0,1,0,1,1,0,1,0,1,0,0,1,0,0,0,1,1,1,0,0.533775
0,0,1,1,0,0,1,1,0,1,1,1,1,0,1,0,1,1,1,0,0,0,0,1,1,1,0,0,1,0,1,1,0.634172
0,0,0,0,1,1,0,0,0,0,0,0,1,1,0,0,0,1,0,1,0,1,1,0,0,1,1,1,1,1,1,0,0.500176
0,0,0,1,0,0,1,0,1,0,1,1,0,1,1,0,0,1,1,0,1,1,0,1,1,0,1,1,1,1,0,1,0.637863
0,0,0,0,1,1,1,0,1,1,1,1,0,0,1,1,0,0,0,0,0,1,0,1,1,0,0,1,1,1,1,1,0.617272
1,0,0,0,0,0,1,1,0,1,1,0,0,0,1,1,1,0,0,1,1,0,0,1,1,1,0,0,1,1,1,1,0.648888
0,0,0,1,1,1,0,1,1,0,0,1,0,1,1,0,1,1,1,1,0,0,1,1,0,0,0,1,0,1,1,1,0.661870
1,0,0,0,1,0,1,0,0,1,0,0,0,0,1,1,1,0,1,0,0,1,0,1,1,0,0,1,0,1,1,1,0.622872
1,1,0,1,1,0,1,1,0,0,0,0,0,0,1,1,0,0,0,0,0,0,1,0,0,0,0,1,1,1,1,0,0.590026
0,1,0,1,0,1,0,1,1,0,0,1,0,0,0,0,0,1,1,1,0,0,1,0,0,1,0,0,1,0,1,0,0.567626
1,0,0,0,1,1,1,1,0,1,0,0,1,1,0,0,1,0,1,0,0,0,0,0,0,0,1,1,0,1,0,0,0.579956
0,1,1,0,1,0,0,1,0,0,1,0,1,0,0,1,0,1,0,1,1,0,1,1,1,0,1,1,1,1,1,1,0.665135
1,1,1,1,1,1,1,0,1,0,1,0,1,0,1,0,1,1,1,0,1,0,1,0,0,0,1,1,0,0,0,0,0.632640
0,1,1,1,1,0,0,0,0,0,0,0,0,0,1,1,1,1,0,0,0,0,0,1,1,1,0,1,1,0,0,1,0.610441
1,1,0,0,1,1,1,0,1,0,1,1,1,1,1,0,0,1,0,1,0,0,0,0,1,1,0,0,1,0,1,0,0.606298
1,0,1,0,0,0,0,1,0,1,1,1,0,0,0,1,1,1,0,1,0,0,0,1,1,0,0,0,0,1,0,1,0.590402
0,0,1,0,1,0,0,1,1,0,1,1,0,1,1,1,0,0,0,1,1,0,0,0,0,1,0,0,0,0,0,0,0.496585
1,1,1,0,1,0,0,1,1,0,1,0,0,1,0,1,1,0,1,1,0,1,0,1,0,0,0,0,1,0,1,1,0.640324
0,1,1,1,1,0,0,1,0,1,1,1,1,0,1,0,1,1,0,0,0,1,1,0,1,1,0,1,1,0,0,0,0.611044
0,0,1,1,1,1,1,0,0,1,0,0,1,1,0,0,1,0,1,1,0,1,1,1,1,1,0,0,0,0,0,1,0.619607
1,0,1,0,1,0,0,1,1,1,0,0,1,1,1,0,1,0,1,1,0,1,1,0,0,0,1,1,1,0,0,1,0.618327
1,1,0,0,0,0,1,1,0,1,1,1,0,1,1,0,0,1,0,0,1,0,0,0,0,0,0,0,1,0,0,1,0.561072
1,0,1,0,1,0,1,0,1,0,1,1,0,0,0,1,0,1,0,1,1,1,1,0,1,0,1,0,1,0,1,1,0.629426
1,0,1,1,0,0,0,1,0,1,0,0,0,0,0,0,1,0,1,0,1,0,1,0,0,1,1,0,1,0,0,1,0.584601
0,0,0,1,0,0,1,0,0,1,0,1,0,1,1,1,1,0,1,0,0,0,0,0,0,0,1,1,0,0,0,0,0.496911
1,0,0,0,0,1,0,1,1,1,0,1,0,1,0,0,0,1,1,1,0,0,0,1,1,0,0,1,0,0,0,1,0.585782
0,1,1,0,1,0,1,0,1,1,0,1,0,0,1,1,1,1,1,1,1,0,1,0,1,0,0,0,0,0,0,0,0.607704
0,0,0,1,1,1,1,1,0,0,0,1,1,0,0,1,0,1,0,1,0,0,1,0,1,1,0,0,0,1,0,0,0.530687
1,1,0,0,0,0,1,1,1,1,1,0,0,1,1,1,0,0,0,0,0,1,0,1,1,0,1,0,0,0,1,0,0.589724
1,0,1,1,0,0,0,0,0,1,0,1,0,1,0,1,1,0,1,1,0,1,0,0,0,1,0,1,0,0,1,1,0.590729
1,1,0,0,0,1,1,0,0,1,0,1,1,1,0,0,1,0,0,1,0,0,1,0,0,1,0,0,1,1,1,1,0.597208
0,0,1,0,0,1,0,0,0,0,1,0,0,1,0,0,1,1,0,1,1,1,1,0,1,0,0,0,1,1,0,0,0.565065
0,0,1,0,1,1,1,1,1,0,0,0,1,0,0,0,0,0,1,0,0,0,0,1,1,0,0,1,0,0,1,0,0.567626
0,0,1,1,1,0,1,1,0,1,0,1,1,1,1,1,1,1,0,1,0,0,1,0,0,1,1,1,1,0,1,0,0.603611
0,0,1,0,0,0,1,0,0,0,1,0,1,0,1,1,1,1,1,0,1,0,1,0,0,1,0,0,1,1,0,0,0.574883
1,1,1,0,1,0,0,0,0,0,0,0,0,0,1,0,0,1,0,1,0,0,1,0,0,1,0,0,0,1,1,1,0.596103
1,1,0,1,0,1,1,0,0,1,0,0,1,0,0,1,1,1,1,0,1,1,1,1,0,0,1,1,0,1,1,1,0.667420
0,0,1,1,1,0,1,1,1,0,1,0,1,1,1,0,0,1,0,1,0,1,1,1,0,1,1,0,1,1,0,0,0.610718
1,0,0,1,1,1,1,1,1,1,0,1,1,1,0,0,1,0,0,1,1,0,0,0,0,0,1,0,1,1,0,0,0.616795
0,0,0,0,0,0,0,1,0,0,1,1,0,0,0,0,0,1,1,1,0,0,0,0,0,0,0,0,1,0,1,0,0.428708
1,0,0,0,0,0,1,0,0,1,0,0,0,1,0,0,1,1,0,1,1,1,0,0,0,0,1,0,1,0,1,0,0.565291
0,1,0,0,1,1,1,0,1,0,1,0,0,1,1,1,0,0,1,1,1,0,1,0,1,0,0,0,1,1,0,1,0.600045
1,1,0,1,1,1,0,0,1,0,1,1,0,1,1,0,1,0,0,0,1,0,1,0,1,0,0,1,1,1,1,1,0.647080
1,1,1,0,1,0,1,0,0,1,0,1,1,0,1,0,1,1,0,1,0,0,0,1,1,1,1,1,0,0,0,1,0.637813
0,0,0,0,0,0,1,0,0,1,1,0,0,0,0,1,0,1,0,0,0,0,0,1,0,0,1,0,1,0,1,0,0.455577
1,0,0,0,0,0,1,0,0,1,1,1,0,0,0,1,1,1,1,0,0,0,0,0,0,0,1,0,0,0,0,0,0.568555
0,0,1,1,0,1,1,1,0,0,1,1,0,1,1,1,1,1,0,0,1,0,1,0,1,0,1,1,0,0,0,1,0.628271
1,1,1,0,1,1,0,0,0,1,1,1,0,1,0,0,1,1,1,0,0,1,0,0,0,0,1,1,1,0,0,0,0.633017
0,1,1,1,0,1,0,1,0,1,1,0,1,0,0,1,0,1,0,1,1,1,0,0,1,0,0,1,1,1,0,1,0.630732
0,1,0,0,0,1,0,1,0,1,0,0,0,0,0,1,1,0,0,0,1,0,1,1,1,0,1,1,1,1,0,0,0.562202
1,1,1,0,1,1,0,1,0,0,1,1,1,1,0,0,0,0,0,0,1,1,0,1,0,0,0,1,1,1,0,1,0.586937
1,0,1,1,0,1,0,1,0,1,1,0,1,1,1,1,0,0,0,0,1,0,0,0,0,0,0,1,0,1,0,1,0.598488
1,0,1,1,0,1,1,0,1,0,0,1,0,0,0,1,1,1,1,0,0,0,0,1,0,0,1,0,1,0,1,1,0.636231
0,0,0,0,0,1,0,1,0,1,1,0,1,0,1,1,0,1,0,1,1,1,1,0,1,1,0,0,1,1,1,1,0.666190
0,0,1,1,1,0,0,1,0,0,0,0,0,1,1,1,0,1,0,0,1,0,0,1,1,1,0,1,1,0,1,0,0.610291
1,1,0,1,1,0,1,1,1,1,0,0,1,1,0,0,0,1,1,1,1,0,0,1,1,1,0,0,1,1,1,1,0.630481
0,0,1,1,0,0,0,1,1,1,0,1,0,0,0,0,0,1,0,0,1,1,1,0,1,0,1,0,0,0,0,0,0.545126
1,1,1,1,1,0,1,0,1,0,0,0,0,0,1,1,1,1,1,0,1,1,1,0,0,1,0,0,0,1,1,0,0.614183
0,0,1,1,0,1,1,0,0,0,1,0,0,0,0,0,1,1,0,0,1,0,0,1,0,1,0,0,1,0,1,1,0.572648
0,1,1,0,0,1,1,1,1,0,1,0,1,1,0,1,0,1,1,0,0,1,1,0,1,0,1,1,0,1,0,0,0.612300
0,0,0,1,0,0,0,1,0,0,1,1,1,1,0,1,1,0,1,1,0,0,1,1,0,1,1,0,1,0,0,1,0.592210
1,0,1,1,1,0,1,0,0,1,0,0,0,0,0,0,0,1,0,0,0,0,0,1,1,0,0,1,1,1,1,1,0.612676
1,1,0,1,0,1,1,0,0,1,0,0,0,0,1,0,0,1,0,0,1,0,1,0,1,0,0,0,1,1,0,1,0.580784
1,1,0,0,0,1,0,0,0,0,0,0,0,0,0,0,0,1,1,0,0,1,1,0,0,1,1,1,0,0,0,1,0.534202
1,1,1,1,1,1,1,1,0,1,1,0,0,1,1,1,1,1,0,0,1,1,0,1,0,1,0,0,0,1,0,0,0.610994
0,0,0,1,0,1,1,1,0,1,0,1,0,1,0,0,1,1,0,1,1,0,1,0,0,1,0,0,1,0,0,1,0.567877
0,1,1,1,0,1,1,1,1,0,1,1,1,0,0,1,1,1,1,0,1,0,0,1,0,0,1,1,1,0,0,0,0.616870
1,0,0,0,0,0,0,1,0,0,0,1,0,1,0,0,1,0,0,1,1,1,0,1,0,1,0,1,1,1,1,1,0.621918
0,1,0,1,1,0,0,1,1,0,0,1,0,0,1,0,0,0,1,1,1,0,0,0,0,1,1,0,0,1,1,0,0.573427
0,0,1,0,1,0,0,0,0,0,0,0,0,0,1,0,0,1,0,1,1,1,1,1,0,1,0,0,0,0,1,0,0.492366
0,1,0,1,0,0,0,0,1,0,0,1,1,1,1,1,0,0,0,1,1,1,1,1,1,1,1,0,0,1,0,1,0.641078
0,0,1,1,1,1,1,1,1,0,1,1,0,0,0,0,0,0,0,0,1,1,0,0,1,1,1,0,1,0,0,0,0.565190
1,0,1,1,1,1,0,1,1,1,0,0,1,1,0,1,0,1,1,0,0,1,0,1,0,1,0,1,0,0,1,1,0.653106
0,0,0,0,0,1,1,1,0,0,0,1,1,1,0,0,0,0,1,0,0,1,1,1,0,1,0,0,0,0,0,0,0.432776
0,1,1,1,1,1,1,1,0,0,0,0,0,1,0,1,0,1,1,1,0,1,1,1,0,1,0,1,1,0,0,0,0.605570
0,1,0,1,1,0,0,0,0,1,1,0,0,1,0,0,1,1,1,0,1,1,0,1,0,0,1,0,0,0,1,0,0.590704
1,1,1,0,1,1,0,0,0,0,0,0,1,1,1,0,1,1,1,0,1,1,1,1,1,1,0,1,1,1,1,0,0.621189
0,0,1,0,1,0,0,0,1,1,0,1,1,1,1,1,0,1,0,1,0,0,0,1,1,0,0,0,0,0,0,1,0.584677
0,1,1,1,0,1,0,1,1,0,0,1,0,1,0,1,0,1,0,0,1,0,0,0,0,0,1,1,0,1,1,1,0.647758
0,0,1,1,1,0,0,0,1,0,0,1,0,0,1,1,1,0,0,1,0,1,0,1,0,1,0,0,1,1,0,0,0.574281
1,1,0,0,1,0,1,1,0,0,0,1,1,0,1,0,0,1,1,0,0,0,1,0,0,1,0,1,0,0,1,1,0.601301
1,1,1,1,0,0,1,1,1,0,1,0,1,0,0,1,1,0,0,1,1,1,1,0,1,0,1,0,0,1,0,1,0.649189
1,1,0,1,1,1,0,1,0,1,0,1,1,0,1,1,0,1,1,0,1,0,1,1,0,1,1,1,1,1,1,1,0.660690
1,0,1,1,1,0,1,0,0,1,0,1,1,1,0,1,0,1,1,0,1,1,0,0,1,1,1,0,1,0,0,1,0.625232
0,0,1,0,0,1,1,0,0,1,1,1,1,1,1,0,0,0,0,1,0,1,0,0,0,0,0,1,1,0,1,1,0.545804
1,0,0,1,0,1,0,0,0,1,1,1,0,1,1,0,0,1,1,1,0,1,1,1,1,0,1,1,0,1,0,1,0.654939
1,0,1,1,1,1,1,0,0,1,1,1,1,0,1,1,1,1,0,1,1,0,0,0,0,0,1,0,0,0,0,0,0.617498
1,1,1,0,1,0,0,0,0,1,0,1,0,1,0,1,1,1,0,1,0,1,1,0,1,0,1,1,1,0,1,0,0.616142
1,1,1,0,1,0,1,1,1,1,1,0,0,0,1,1,1,1,1,1,0,0,0,1,0,0,1,1,0,0,1,1,0.663151
0,1,1,0,0,0,0,1,1,1,0,1,1,1,1,0,0,1,0,0,0,0,1,1,1,1,0,0,0,1,0,0,0.588469
1,0,1,1,0,0,0,1,1,1,1,1,0,0,1,0,0,0,1,1,1,1,1,1,0,0,0,1,1,1,0,0,0.610366
1,0,0,0,0,0,0,1,1,0,1,0,0,0,1,0,0,1,1,1,1,0,0,0,0,1,0,1,1,1,1,1,0.625308
0,0,1,0,1,1,1,0,1,0,0,0,0,1,1,1,0,0,1,1,0,0,1,0,1,0,1,0,1,0,0,0,0.583974
0,0,1,1,1,1,1,0,0,1,0,1,0,1,0,0,0,0,1,1,0,0,1,1,1,1,0,0,0,1,1,0,0.581689
0,0,0,0,1,0,1,1,1,1,1,0,0,1,0,1,1,1,0,0,0,1,0,0,1,0,0,1,0,0,0,0,0.562478
1,1,0,0,0,0,1,1,0,0,0,0,0,0,1,1,0,0,0,0,1,1,1,0,1,1,1,0,0,0,1,0,0.574858
1,0,0,0,0,0,1,0,1,0,1,0,1,0,1,1,0,1,1,0,0,0,1,1,1,1,1,1,1,1,1,0,0.626061
0,1,0,0,0,0,0,0,0,1,1,0,0,0,0,0,0,0,0,0,1,1,0,0,1,1,1,0,0,1,0,1,0.490458
1,0,0,0,1,0,1,1,0,1,1,0,1,1,1,0,1,0,1,0,1,1,1,1,1,0,0,0,1,0,1,0,0.567048
1,1,0,1,0,1,0,1,1,1,0,1,1,1,0,0,0,0,0,0,0,0,0,1,1,1,1,0,0,0,1,0,0.567676
1,0,0,0,0,0,1,0,1,0,0,1,0,0,0,1,1,1,0,1,1,1,0,1,0,1,0,1,0,0,1,0,0.576515
1,0,1,0,0,0,0,1,0,0,1,1,1,0,1,1,1,0,0,1,0,0,1,0,1,0,1,0,0,1,1,0,0.602180
1,0,1,1,0,1,1,0,1,1,0,1,0,1,1,0,0,1,0,1,1,1,1,0,1,1,0,1,1,1,1,1,0.663729
1,1,0,0,0,0,0,1,0,1,0,0,0,1,1,0,0,1,1,0,1,0,0,0,1,0,0,0,1,0,1,1,0.580885
0,1,1,1,1,1,1,0,1,0,1,1,1,0,1,1,0,0,1,1,0,1,0,1,1,1,0,0,0,0,1,1,0.644920
1,1,0,0,0,0,1,1,0,1,1,0,0,0,0,1,0,1,1,1,0,0,1,0,0,0,0,0,1,1,0,0,0.575536
0,0,0,1,0,0,0,0,1,0,1,0,1,0,1,1,0,1,1,0,1,0,0,0,1,1,0,1,0,1,1,1,0.630054
0,1,1,0,1,0,0,0,1,1,0,1,1,0,1,0,0,1,1,0,1,0,1,0,0,0,1,0,0,1,1,1,0.629702
1,0,1,0,0,0,0,1,0,1,0,1,1,1,0,0,0,0,1,0,1,1,0,0,0,0,1,1,1,0,1,1,0.593591
1,0,0,0,1,0,1,1,1,1,0,1,1,1,1,0,1,1,0,0,1,0,0,1,0,1,1,1,0,0,1,1,0.629451
1,0,1,1,1,0,1,0,0,0,1,1,1,0,0,1,0,0,0,0,0,0,1,1,1,1,0,1,0,1,0,1,0.609211
1,1,0,0,1,1,0,0,0,0,1,0,1,1,1,1,0,1,1,0,0,0,1,1,1,0,1,0,0,0,0,0,0.588192
0,0,1,1,1,1,1,1,0,1,1,0,1,1,0,1,1,1,1,1,1,0,0,0,1,0,0,0,0,0,0,1,0.640124
0,1,0,0,0,0,1,1,1,0,0,0,1,0,0,0,0,0,0,0,1,1,0,0,0,1,0,0,0,0,0,1,0.509090
0,0,1,0,1,1,1,0,0,0,0,1,1,0,1,0,0,1,1,1,0,0,1,0,1,1,0,0,1,1,1,1,0.625232
0,1,0,1,1,1,0,1,0,0,0,0,1,0,0,0,1,1,0,0,0,0,0,1,1,1,1,1,1,1,0,1,0.594244
0,1,1,1,1,1,0,1,0,1,0,1,1,1,0,0,0,1,0,0,0,0,1,0,1,0,1,0,1,1,1,1,0.642861
0,1,0,0,1,1,0,1,0,0,0,1,0,0,0,1,1,0,0,0,0,1,0,0,1,1,0,0,0,1,0,0,0.524333
1,0,0,0,0,1,1,0,0,0,0,1,0,0,1,0,1,1,0,0,0,0,0,1,0,1,1,1,0,1,0,1,0.583597
0,1,0,1,1,1,0,0,0,0,0,1,0,1,0,1,1,0,0,0,0,0,1,1,1,1,0,1,0,0,1,0,0.561423
1,1,0,1,1,1,1,1,0,1,0,1,0,1,1,0,1,0,1,0,0,0,1,0,1,1,0,0,1,0,0,0,0.620461
0,0,1,0,1,1,1,0,0,1,1,1,1,0,0,1,0,1,0,1,1,0,1,1,0,1,1,1,1,0,0,1,0.616996
0,1,0,0,1,1,1,1,0,0,0,1,0,0,0,1,1,1,1,0,1,1,0,1,0,0,0,1,0,1,1,1,0.646100
1,0,1,1,1,0,1,1,1,0,0,0,0,1,1,1,1,0,0,0,0,0,0,1,1,0,1,1,0,0,1,0,0.624479
0,0,1,0,1,1,1,0,0,1,0,1,0,1,1,1,0,1,0,1,1,0,0,1,1,1,0,0,1,1,0,0,0.583446
1,0,0,0,1,0,1,1,1,1,1,1,0,0,1,1,0,1,1,1,1,0,0,0,1,1,1,0,0,1,1,0,0.621943
1,0,1,0,1,0,1,1,1,0,0,1,0,0,1,0,1,0,0,0,1,0,1,0,0,1,0,0,0,0,1,0,0.588418
1,0,1,1,0,0,1,0,0,1,0,1,1,0,0,0,1,1,0,0,0,0,1,0,1,1,0,1,1,0,0,1,0.606850
0,0,0,0,1,0,0,1,1,1,1,0,1,1,1,1,1,0,0,1,0,1,1,1,1,0,1,0,0,1,1,1,0.625333
0,0,0,1,1,0,1,1,1,0,1,1,0,0,0,1,1,1,1,0,1,1,0,1,1,0,1,1,0,0,1,1,0.663653
1,1,1,1,1,1,0,0,1,0,1,1,1,1,0,0,0,0,0,0,0,0,0,0,0,1,0,0,0,0,1,1,0.603234
0,1,0,1,1,0,0,1,1,1,0,0,0,0,1,0,1,0,0,0,1,0,1,0,0,1,0,0,1,0,0,0,0.570187
0,1,0,1,0,0,0,0,1,1,1,1,1,0,1,0,0,1,0,1,0,0,0,1,1,1,0,1,0,0,1,1,0.605243
0,0,0,1,0,1,0,0,1,0,1,0,1,1,1,0,1,0,0,1,0,0,1,0,1,1,1,0,1,0,0,1,0.592687
0,0,1,1,1,1,0,1,1,1,1,0,0,0,0,0,1,0,1,0,1,1,0,1,1,1,0,0,1,1,0,1,0.631786
1,1,0,0,1,1,0,1,0,0,1,1,0,1,0,0,0,0,0,0,0,0,0,0,0,0,0,1,0,0,0,0,0.583120
1,0,1,0,0,0,1,1,1,1,1,1,0,1,1,1,1,0,1,0,1,1,1,1,1,1,0,1,1,1,1,1,0.657501
0,0,1,0,0,1,0,0,1,1,1,1,1,0,0,0,1,0,1,0,1,0,1,0,0,0,1,0,1,1,1,0,0.575134
0,1,0,1,0,0,0,1,1,0,0,0,0,0,0,1,1,0,1,0,1,1,0,0,1,1,0,0,0,0,1,0,0.568580
0,0,1,0,1,1,1,1,0,1,1,0,1,1,0,0,1,1,0,1,1,0,1,1,1,0,0,0,1,1,0,1,0.609387
1,1,1,1,0,1,0,0,1,1,0,1,0,1,0,1,1,1,1,0,1,1,1,1,1,1,1,0,1,1,0,0,0.639295
1,0,0,1,0,0,0,1,1,1,1,0,1,1,1,1,1,1,0,1,1,0,1,1,1,1,1,1,0,0,1,1,0.678745
1,1,0,1,0,0,1,1,0,1,1,1,1,1,1,1,0,1,1,1,0,0,1,0,0,0,0,1,1,0,1,0,0.610316
1,1,0,0,0,0,0,1,0,1,0,1,1,1,1,0,0,1,1,1,0,0,1,1,1,1,0,1,1,1,0,1,0.668927
1,0,0,1,1,0,1,1,1,0,1,0,1,0,0,0,1,1,0,0,1,0,0,1,0,0,0,1,0,0,0,1,0.583923
1,1,1,1,1,1,0,1,0,1,1,1,1,0,0,1,1,1,1,1,0,1,1,0,1,1,1,1,1,1,0,0,0.643689
0,0,0,1,0,0,0,0,0,1,0,0,1,1,1,1,0,1,1,0,0,1,1,1,0,0,0,1,0,0,0,0,0.485209
1,0,0,0,0,0,1,0,0,0,0,1,1,1,1,0,0,1,0,1,0,1,1,0,1,0,0,1,1,1,0,1,0.616544
0,1,0,1,0,0,0,1,1,0,0,1,1,1,0,0,0,1,1,1,0,0,1,0,0,1,1,0,1,0,0,1,0.583723
1,0,1,1,1,1,0,0,1,0,1,0,0,1,1,1,1,1,0,0,0,0,0,0,1,1,1,0,0,0,1,1,0.676435
0,1,1,1,1,0,1,0,0,0,1,0,1,0,1,1,0,0,0,1,0,1,0,0,0,0,1,1,1,0,1,1,0.615112
0,0,1,0,1,1,1,0,1,0,1,1,0,1,1,1,0,1,0,0,1,0,0,1,1,0,0,0,1,0,0,0,0.582367
0,1,1,1,0,1,0,0,0,1,1,1,1,0,0,1,1,1,1,1,0,0,0,1,0,1,1,0,1,1,1,0,0.622520
0,0,1,1,1,0,1,0,0,0,0,0,0,1,0,0,1,0,1,0,0,1,1,1,1,0,0,0,0,1,0,1,0.578776
0,1,0,1,1,0,1,0,0,0,1,0,0,0,0,0,0,0,1,1,1,0,0,0,0,1,0,1,0,1,0,0,0.543845
0,0,1,1,1,1,1,0,0,1,1,1,0,0,1,1,1,1,0,1,1,1,1,1,1,1,0,0,1,0,0,0,0.623073
1,1,0,1,1,1,1,1,1,0,0,0,1,0,1,0,0,0,0,1,0,0,1,0,0,1,0,0,0,1,1,0,0.603109
1,0,0,0,0,1,1,0,0,0,1,0,0,1,1,0,0,1,1,0,1,1,1,0,0,1,1,0,0,1,1,1,0.608885
0,0,1,1,1,0,1,0,0,0,0,0,1,0,0,1,0,0,0,0,0,1,1,1,0,0,0,0,1,0,0,0,0.509844
0,1,0,1,1,0,1,0,1,1,0,1,0,0,1,0,0,0,1,1,1,0,0,1,1,1,1,1,1,0,0,1,0.633594
0,1,1,0,0,1,0,1,1,0,1,1,1,0,0,1,0,1,1,1,0,0,0,0,1,1,1,1,0,1,0,0,0.609136
1,0,0,1,1,0,1,1,1,0,1,1,0,0,0,1,0,1,1,0,1,1,0,0,0,1,1,1,1,1,0,0,0.618050
0,0,1,1,1,1,0,1,1,0,1,1,1,0,0,0,0,1,0,1,1,0,1,0,1,0,1,0,1,1,0,0,0.599719
0,1,0,1,1,0,1,0,0,0,1,0,1,0,1,0,1,0,0,1,0,1,1,0,0,0,1,1,1,0,0,1,0.590553
1,0,1,1,0,0,1,1,0,1,1,0,0,0,0,1,1,1,0,1,1,1,1,0,1,0,1,0,1,1,0,1,0.631259
1,0,0,0,1,0,0,1,1,0,1,1,0,1,1,0,0,1,1,0,0,1,0,0,1,1,0,0,1,1,0,0,0.596956
0,1,0,1,0,0,0,0,1,0,1,1,1,1,1,1,0,1,0,0,0,0,1,0,0,0,0,0,0,0,1,0,0.536312
0,1,0,0,0,0,0,0,1,1,1,1,0,0,1,1,0,1,0,0,0,1,1,0,0,1,1,0,0,1,0,0,0.551102
0,1,1,1,1,1,1,0,0,0,0,1,0,1,0,0,0,0,0,1,1,1,0,0,1,0,0,0,0,0,1,0,0.572849
1,0,1,1,0,0,1,1,1,0,0,1,1,1,1,0,0,1,0,0,0,1,1,0,1,1,1,0,1,1,0,1,0.638064
0,0,0,1,1,0,0,0,1,1,0,0,1,0,1,0,0,0,1,0,0,1,1,0,0,0,1,0,0,0,1,1,0.548792
1,0,0,0,0,0,0,1,0,1,1,1,0,1,1,1,0,1,0,1,1,0,1,1,0,0,0,1,1,0,1,0,0.613555
0,0,0,1,0,1,0,0,0,1,0,0,0,0,1,1,1,0,1,1,0,1,0,1,1,0,1,1,0,1,1,1,0.628472
0,0,1,1,1,1,0,0,1,0,0,1,0,0,0,0,1,0,1,0,1,0,1,0,1,0,0,0,1,1,0,0,0.590854
0,1,0,0,0,0,0,0,1,0,1,1,0,0,0,1,0,1,0,0,0,1,1,1,1,0,1,0,1,1,0,1,0.583296
0,0,0,0,0,0,0,1,1,1,0,1,1,0,0,1,1,0,1,0,0,0,0,0,1,0,1,0,0,1,0,1,0.556125
1,1,0,1,1,0,1,0,1,0,1,1,1,0,1,1,0,0,0,1,0,1,1,1,1,0,1,0,1,0,1,0,0.626940
1,0,1,0,1,1,0,0,0,0,0,1,0,1,1,1,1,1,0,1,1,1,1,0,1,1,0,1,0,1,1,1,0.676988
1,1,0,0,0,0,0,1,0,1,0,1,0,1,1,1,0,1,0,0,0,0,1,0,0,0,0,0,1,0,1,1,0.579705
1,1,0,0,1,0,0,1,1,1,1,1,0,1,0,1,0,1,0,1,1,1,1,0,1,1,1,0,1,0,0,0,0.623826
0,0,0,1,0,1,0,0,1,0,1,0,1,0,0,1,0,1,0,0,1,0,0,1,1,1,0,0,0,1,0,0,0.537366
0,0,1,1,1,1,1,1,0,1,0,0,0,1,1,1,1,0,0,1,1,1,0,1,0,1,1,1,0,1,0,0,0.615037
1,1,1,0,1,0,0,1,1,0,1,1,0,0,0,1,1,0,1,0,0,1,1,0,0,1,1,0,1,1,1,1,0.654613
0,0,1,1,1,0,1,1,1,0,1,1,1,0,1,1,0,0,1,0,1,1,1,0,1,0,0,0,0,0,0,0,0.588167
1,0,0,1,0,1,0,0,1,0,0,1,0,1,1,1,0,0,0,1,1,0,1,1,0,1,1,1,1,1,1,0,0.623198
0,0,0,1,1,1,0,1,1,1,0,1,1,0,1,1,0,1,1,0,0,0,0,0,1,1,0,0,0,0,1,0,0.599166
0,0,1,0,0,0,1,0,0,0,0,1,0,0,0,1,1,0,1,0,1,0,1,0,0,1,1,1,1,0,0,1,0.583346
0,0,0,1,1,1,1,0,1,0,0,1,0,1,0,0,0,1,0,1,0,1,0,1,1,1,1,1,1,0,1,1,0.641279
0,0,0,1,1,0,1,1,0,1,0,1,1,0,0,0,1,0,1,0,0,1,0,1,0,0,0,0,1,0,1,0,0.544071
1,0,0,0,0,1,1,0,1,1,1,1,0,1,0,0,0,0,1,1,0,1,0,0,1,0,1,0,0,0,0,0,0.602506
0,0,0,1,0,1,0,0,1,1,0,1,0,1,1,0,1,0,1,1,0,1,0,1,1,0,1,0,1,1,1,0,0.607353
1,0,0,1,1,0,1,0,0,0,1,1,1,1,1,0,0,1,1,1,1,1,0,1,0,1,0,0,0,0,1,1,0.630732
0,1,0,1,0,0,1,0,0,0,0,1,0,0,0,0,0,0,1,1,1,0,1,1,0,0,1,1,1,0,1,1,0.588192
0,0,1,1,1,1,0,0,1,0,0,0,1,1,1,1,1,0,1,1,1,0,0,0,0,0,0,0,0,1,1,1,0.593315
1,0,0,1,0,1,0,1,1,1,1,1,0,1,1,1,0,0,1,0,1,0,1,1,1,0,0,1,0,0,0,0,0.616745
1,0,1,0,0,0,1,1,0,0,0,1,1,0,0,1,1,0,0,1,0,1,0,1,1,0,0,0,0,0,0,1,0.611345
1,0,0,1,0,1,1,1,1,0,1,1,0,0,0,1,1,1,0,1,0,0,1,0,1,0,1,1,1,1,0,1,0.622470
0,1,0,1,1,0,0,0,1,0,0,1,0,1,1,0,1,1,0,0,0,0,1,1,0,0,0,0,0,0,0,0,0.563206
0,0,1,0,0,0,1,1,0,0,1,1,0,1,1,1,0,1,0,0,1,0,0,0,0,0,0,1,0,0,1,1,0.554643
1,1,0,0,1,0,1,1,0,1,1,0,1,0,0,0,1,1,0,0,0,1,1,0,0,1,0,0,0,0,1,1,0.601677
0,0,1,0,1,0,1,0,0,1,0,1,1,0,1,0,1,1,0,0,0,0,0,1,0,0,0,1,0,1,1,1,0.599417
1,0,1,1,0,1,0,1,0,1,0,1,0,0,1,1,1,0,0,1,0,0,0,1,0,1,0,1,0,0,1,1,0.660163
1,1,1,1,0,0,0,1,1,0,0,1,1,1,1,1,0,1,0,0,1,1,1,0,1,0,0,0,1,1,1,1,0.615263
1,0,1,1,1,1,0,1,1,0,1,1,0,0,1,1,1,1,0,0,0,0,0,1,1,0,1,1,1,0,1,0,0.645020
0,1,1,1,1,0,1,0,1,0,0,0,1,0,1,1,0,0,0,0,1,0,0,0,1,1,0,1,1,0,0,0,0.584978
1,0,1,0,0,1,0,0,1,0,1,0,0,0,0,1,0,1,1,1,1,1,0,0,0,1,0,1,0,1,0,1,0.604741
1,0,1,0,0,1,0,1,1,1,1,0,1,1,1,0,1,0,0,0,1,1,1,1,0,1,0,0,0,1,1,1,0.595852
0,0,1,0,1,1,1,1,1,0,1,1,1,0,0,0,1,0,0,1,0,1,1,1,1,0,0,1,1,1,1,0,0.638416
0,1,1,1,1,0,1,0,1,1,0,1,1,0,0,0,0,0,0,0,1,0,1,1,1,1,1,1,1,0,1,1,0.623726
0,1,1,0,1,0,1,1,1,0,0,1,1,1,1,1,0,0,0,1,1,1,1,1,0,1,1,1,0,0,0,0,0.593416
1,0,0,0,0,0,1,1,1,0,1,0,0,1,0,0,0,1,0,1,1,0,1,1,0,1,0,0,0,1,1,1,0.590905
0,1,0,0,1,0,1,1,1,0,0,1,0,1,0,1,0,0,0,0,0,1,1,0,1,1,0,1,1,0,0,0,0.560268
1,1,1,0,0,1,0,0,0,1,1,0,0,1,1,1,0,0,1,0,0,0,0,0,1,0,0,0,0,0,1,1,0.593868
1,0,0,0,0,1,1,1,1,0,0,1,1,1,1,0,0,1,1,1,1,0,0,1,0,1,0,0,0,0,1,0,0.603109
0,0,1,0,0,0,0,0,1,1,0,1,0,0,0,0,1,1,1,1,0,0,0,1,0,0,1,0,0,1,1,1,0.580106
1,1,0,1,0,0,1,0,0,1,0,0,0,1,0,0,1,0,0,0,0,0,0,0,1,0,0,1,0,1,0,1,0.615866
0,0,1,1,1,0,1,0,0,0,0,1,0,1,0,0,1,0,1,0,1,0,1,0,1,0,0,0,0,1,1,0,0.573100
0,0,0,1,1,0,0,1,0,1,1,1,0,0,1,0,0,1,0,1,1,1,0,1,0,1,0,1,1,0,0,1,0.613756
0,0,0,1,0,1,0,0,0,1,0,0,0,1,0,1,1,1,0,0,1,1,0,1,1,0,1,0,0,0,1,1,0.579253
0,1,1,1,1,0,1,1,1,0,0,0,0,0,1,0,1,0,0,1,1,1,1,1,1,1,1,0,0,0,1,1,0.604264
0,0,0,1,0,0,0,0,0,0,1,0,1,0,0,0,0,0,1,1,0,0,1,0,1,1,0,1,1,1,0,0,0.496685
1,1,1,0,0,1,1,0,1,0,0,0,0,0,0,0,0,0,1,1,0,0,0,0,1,0,0,0,1,0,1,1,0.612350
1,0,0,0,1,1,0,1,1,0,0,1,0,0,1,1,1,1,0,0,1,0,0,1,1,1,1,1,0,1,0,0,0.607227
0,0,0,0,0,1,0,1,0,1,0,1,1,0,0,1,0,0,1,1,0,1,1,0,0,1,1,1,1,0,0,0,0.477751
1,0,0,1,0,0,0,1,0,0,1,1,1,0,1,1,0,0,0,1,1,1,0,1,1,1,1,0,1,1,1,1,0.640601
1,1,0,0,1,1,0,1,1,1,0,0,1,0,0,1,1,1,1,0,1,1,1,0,1,1,0,0,1,0,0,0,0.603737
1,0,0,0,1,0,0,0,1,0,1,1,0,0,0,0,1,0,0,1,0,1,1,0,1,0,1,0,0,0,1,1,0.577796
1,1,1,0,1,0,1,1,1,0,0,1,1,1,0,0,0,0,0,0,1,0,1,0,0,0,0,1,0,1,0,1,0.610316
