0,1,1,0,0,0,0,0,1,1,1,0,1,1,0,0,1,1,1,0,1,0,0,1,1,1,0,0,0,0,1,0,0.993979
0,1,0,1,1,0,1,0,0,1,0,1,0,0,1,0,0,0,1,0,1,0,0,0,1,0,1,0,0,0,1,0,0.995285
0,1,1,1,0,1,0,0,1,0,1,0,1,1,1,1,0,0,0,0,1,0,0,1,1,0,1,1,0,1,1,0,0.992540
1,0,0,1,1,1,0,0,1,1,1,0,0,0,1,1,1,0,0,0,1,1,1,1,1,0,1,0,1,0,0,1,0.008205
0,0,1,1,0,1,0,0,1,1,0,1,0,0,1,1,0,0,0,0,0,1,1,0,1,1,1,0,1,0,1,0,0.993579
1,1,0,0,0,1,1,0,1,1,1,0,1,1,1,0,1,1,1,0,1,0,0,1,0,0,1,1,0,0,0,0,0.994059
1,1,1,0,0,1,0,1,0,1,1,1,0,0,1,1,1,1,1,1,0,0,0,0,1,0,1,0,0,1,0,1,0.007753
0,1,0,1,0,0,0,1,1,1,1,0,1,1,0,1,0,0,0,1,1,0,0,1,1,1,1,1,0,0,0,1,0.993127
1,0,1,0,1,0,0,0,0,1,0,1,0,0,1,1,1,1,0,0,1,0,1,1,0,1,0,1,1,1,0,1,0.008712
0,0,1,1,0,0,1,1,1,0,0,0,1,0,0,1,1,1,1,0,0,1,0,1,1,0,1,1,1,0,0,0,0.993979
1,1,0,1,1,0,0,1,1,1,1,0,1,0,1,0,0,0,0,0,0,1,1,1,1,0,1,0,0,1,1,0,0.992487
0,1,0,1,1,0,1,1,0,1,1,0,0,0,0,0,0,0,1,0,1,1,0,1,1,0,0,0,1,0,0,1,0.995151
0,0,1,1,0,1,1,0,0,0,1,1,0,0,1,1,1,0,1,1,0,1,0,0,1,0,1,1,1,1,0,0,0.992540
1,0,0,1,1,0,0,0,1,1,0,0,0,0,0,0,0,0,1,1,1,1,0,1,0,0,1,0,0,1,1,0,0.994991
1,1,1,0,1,1,1,0,1,1,1,0,0,0,0,1,1,0,0,1,0,1,0,1,1,1,1,0,1,0,0,1,0.007539
0,0,0,0,1,0,1,1,1,1,0,1,0,1,0,1,0,1,1,0,0,0,0,1,1,1,0,1,0,0,1,0,0.994299
0,1,0,0,0,1,0,0,0,0,1,0,0,0,1,1,0,0,1,0,1,0,1,1,0,1,1,0,1,0,1,0,0.997389
1,0,0,0,1,0,0,1,0,1,0,1,1,1,0,0,0,0,1,1,0,1,0,0,0,0,1,1,1,1,1,1,0.008152
1,1,0,1,1,0,1,1,1,1,0,0,0,1,0,1,0,0,0,1,0,1,0,0,1,1,0,1,1,1,0,1,0.007726
1,0,0,1,0,0,1,0,1,0,1,0,1,1,0,1,0,0,0,0,0,1,0,0,0,0,1,1,0,0,1,0,0.995444
0,1,0,0,0,0,0,0,1,0,1,1,1,0,1,0,1,0,1,0,1,1,1,1,1,1,1,0,1,0,0,1,0.993819
1,1,0,1,1,1,0,1,0,0,0,0,0,0,1,1,1,0,0,0,0,1,0,0,1,0,0,1,0,0,1,1,0.008419
0,1,1,1,0,1,1,0,0,0,1,0,0,1,0,0,0,1,1,0,1,1,0,0,1,1,1,0,1,1,1,1,0.991661
1,1,1,0,0,1,1,1,0,1,0,0,1,1,1,0,1,0,1,1,0,0,1,1,0,1,1,1,1,0,1,0,0.992967
0,1,1,0,1,1,0,0,1,0,0,0,0,0,1,0,0,1,0,1,0,0,0,0,0,1,1,0,1,0,1,1,0.994938
0,1,0,1,0,1,0,0,1,1,1,1,0,1,0,0,0,0,0,0,1,1,0,1,1,0,0,0,1,1,0,0,0.994938
0,1,1,1,0,1,0,0,0,1,0,1,1,0,1,0,0,0,0,1,0,1,0,1,0,1,1,0,0,1,0,0,0.995285
1,0,1,0,1,0,0,1,0,0,1,0,0,0,0,0,1,0,1,1,1,0,0,0,0,0,1,0,1,0,0,0,0.995364
1,1,1,1,1,1,1,1,0,0,0,0,1,1,0,0,0,1,1,0,1,0,1,0,1,1,1,1,0,0,0,1,0.007779
0,0,0,0,1,1,0,1,0,1,0,0,1,0,1,1,0,1,0,1,0,1,1,0,0,0,0,0,1,1,1,1,0.995018
1,0,0,1,0,1,0,1,1,1,0,1,1,1,1,0,1,1,1,0,0,0,1,1,0,0,0,0,1,1,1,1,0.006101
0,0,0,1,1,1,0,0,0,1,1,0,0,1,0,0,0,0,0,0,1,1,0,0,0,0,1,0,0,0,0,0,0.998481
0,0,1,0,1,0,0,0,0,0,1,0,1,0,1,1,1,0,0,0,0,0,0,1,0,1,0,1,1,0,0,0,0.997149
1,1,0,1,0,1,0,1,0,0,1,0,0,1,0,0,0,0,0,0,1,1,1,1,0,0,0,0,1,0,1,0,0.995364
0,0,0,0,1,1,0,1,0,1,0,1,0,1,1,0,1,1,0,0,1,1,0,0,0,1,1,0,1,0,1,1,0.992967
0,1,0,1,1,1,0,0,1,1,0,0,1,0,0,0,1,1,1,0,1,0,0,0,0,0,0,1,0,1,0,1,0.995498
1,1,0,0,1,0,0,0,0,0,0,0,0,0,0,0,0,0,0,1,1,0,0,1,0,0,0,0,1,0,0,0,0.996830
0,0,1,1,1,0,1,1,1,1,0,0,0,1,0,1,0,1,0,1,0,1,0,1,0,0,0,1,0,0,1,0,0.994352
0,0,0,1,0,1,0,1,1,0,1,1,1,0,1,1,1,1,0,1,0,1,1,1,0,1,0,0,1,0,1,0,0.992993
0,1,0,0,0,1,0,0,1,0,0,0,1,1,1,0,1,1,1,1,1,1,0,1,0,1,0,0,0,0,1,1,0.993420
1,1,0,1,0,1,0,0,1,1,0,1,0,0,1,1,1,0,0,0,1,0,0,1,0,1,0,1,1,0,1,0,0.993207
1,0,1,0,1,0,0,1,0,0,0,1,1,0,0,1,1,1,0,1,1,0,1,1,0,0,0,0,0,0,1,0,0.994752
0,1,0,1,0,1,0,1,1,1,0,0,0,1,1,0,1,0,1,1,0,1,0,1,0,0,0,0,0,1,0,1,0.993500
1,1,1,0,1,1,0,1,0,1,1,1,1,0,1,1,1,1,1,1,1,1,0,1,0,0,1,0,0,1,1,0,0.993313
1,0,1,1,1,1,1,0,1,0,0,0,0,0,1,0,1,1,0,1,1,0,0,0,1,0,1,0,1,1,0,0,0.994432
0,0,1,1,0,0,0,1,1,0,1,1,0,0,1,0,1,1,1,0,0,1,1,0,0,0,0,0,1,1,1,0,0.994991
0,0,0,0,1,1,0,0,1,1,1,1,1,1,1,0,0,0,0,1,0,1,0,0,0,1,0,0,1,0,0,0,0.996297
1,1,1,1,1,1,1,0,1,0,0,1,1,0,1,0,0,0,1,1,1,1,1,0,0,0,0,0,1,0,0,1,0.008046
1,0,0,0,0,1,1,1,0,0,1,1,0,0,0,0,0,0,1,0,0,1,0,1,0,0,0,0,0,0,1,1,0.010923
0,1,0,1,1,0,1,1,0,0,0,1,0,0,1,1,0,1,1,1,1,0,0,0,0,1,1,0,0,0,0,1,0.995711
0,0,0,0,0,1,1,1,0,0,1,1,0,0,0,0,1,0,0,1,0,0,1,1,0,0,1,1,0,1,0,0,0.998029
1,1,0,0,1,0,0,0,0,1,0,0,1,0,0,0,1,0,0,1,0,1,0,0,1,0,0,0,0,1,0,1,0.009964
0,0,0,0,0,1,1,1,1,0,1,1,0,1,1,0,1,1,1,0,1,1,0,0,1,0,0,1,1,1,1,0,0.992247
1,0,0,0,1,1,1,0,0,1,0,1,1,0,1,0,0,1,0,0,1,0,1,0,0,1,0,1,1,0,0,0,0.994592
0,1,0,0,0,0,1,0,1,1,1,1,1,0,1,0,0,1,0,1,0,0,1,0,0,0,1,0,0,1,0,1,0.993926
0,0,0,1,1,1,1,0,1,1,0,1,1,0,1,1,0,0,1,1,1,0,1,1,0,1,1,1,0,0,0,0,0.994432
1,1,1,0,0,0,1,0,1,0,0,0,1,0,0,1,0,0,1,0,1,0,1,1,1,1,1,1,1,1,1,0,0.992540
0,1,0,0,1,0,0,1,1,0,1,0,1,1,1,1,0,0,0,0,0,1,1,1,1,0,1,1,0,1,1,1,0.991342
0,1,1,1,1,0,1,1,1,1,0,1,1,1,1,1,0,0,0,0,1,0,1,1,1,0,1,1,1,1,1,0,0.992221
0,0,0,0,1,0,1,1,1,0,1,1,0,0,0,1,1,1,1,0,0,1,0,0,1,0,0,1,0,1,0,0,0.994325
1,0,1,0,0,1,1,0,0,1,1,1,0,0,1,0,1,1,1,1,0,1,0,1,0,1,1,0,1,1,1,0,0.993846
0,1,1,0,0,0,1,0,0,1,0,1,1,0,1,0,0,0,0,1,1,1,0,0,0,0,0,0,1,0,1,0,0.995205
1,1,1,0,0,0,0,1,0,1,0,0,0,1,1,1,0,1,1,1,1,0,0,1,1,0,1,0,1,0,1,1,0.006394
0,0,1,0,0,1,1,0,1,0,0,0,1,0,0,1,1,1,1,0,0,1,0,1,1,0,0,1,0,0,1,0,0.994618
0,1,0,1,1,0,0,1,1,1,1,0,1,1,1,1,1,1,1,0,0,0,0,1,1,1,0,1,0,1,0,1,0.991102
1,1,1,1,0,1,1,0,1,1,0,1,1,1,0,0,1,1,1,1,0,1,0,1,0,0,1,1,0,0,0,0,0.993713
1,1,1,0,1,1,1,0,1,0,0,0,0,1,0,1,0,0,1,0,0,1,1,1,1,0,0,1,1,0,1,1,0.007300
1,1,0,1,1,0,1,1,1,1,1,1,0,1,0,1,0,0,1,0,0,0,0,1,0,0,1,0,1,1,0,1,0.006687
1,1,1,1,0,1,1,1,1,1,0,1,1,1,1,1,0,1,1,1,0,1,0,0,1,0,0,0,0,0,1,0,0.992700
1,0,1,1,1,1,1,1,0,1,1,0,1,0,0,0,1,1,0,1,0,1,1,0,0,1,0,0,1,0,0,0,0.994618
1,1,1,1,0,1,0,0,0,0,0,0,1,1,1,1,0,1,1,1,1,1,1,0,0,1,1,0,1,0,0,1,0.007273
1,1,0,1,0,1,0,1,1,1,0,0,1,0,0,0,1,1,0,1,1,0,0,1,1,1,1,1,0,1,1,0,0.992940
1,0,1,0,1,1,0,1,1,1,1,0,0,0,0,1,1,0,0,0,1,1,0,0,0,0,0,1,0,0,1,0,0.994592
0,0,1,1,1,1,1,1,1,1,1,0,0,1,1,1,0,1,0,1,0,0,0,1,0,0,1,0,1,1,0,1,0.991768
1,0,1,0,1,0,1,0,1,1,1,0,1,1,1,0,1,0,0,0,0,0,1,1,0,1,1,1,1,0,1,0,0.993260
1,0,0,1,1,0,1,1,0,1,0,1,0,0,0,1,0,0,0,0,0,1,0,1,1,0,0,0,1,0,0,0,0.995844
1,1,0,0,1,1,1,0,1,0,1,0,0,1,0,1,1,0,0,1,0,1,1,1,1,0,1,1,1,0,1,1,0.006074
0,0,0,0,0,0,0,1,1,1,0,0,0,1,0,0,0,1,1,0,0,1,0,1,1,1,0,1,0,1,0,0,0.995498
0,1,0,0,1,0,0,0,0,0,1,1,1,0,1,0,1,0,1,0,0,1,0,1,1,0,0,0,1,0,1,1,0.994672
0,1,0,0,1,1,1,1,1,1,1,1,1,0,1,0,1,0,1,1,0,1,1,1,0,1,0,1,0,1,0,1,0.991528
0,1,0,0,1,1,0,1,1,1,1,0,0,0,0,1,0,1,1,0,0,1,1,0,1,1,1,1,0,1,1,1,0.991448
1,0,0,1,1,1,1,0,1,0,0,0,1,1,0,0,1,1,0,0,1,1,0,1,0,1,1,0,0,1,0,1,0.008179
1,0,0,1,0,0,1,1,0,1,1,0,1,0,0,1,0,0,1,0,1,1,1,0,1,0,1,0,0,0,0,0,0.995125
0,1,1,1,0,0,1,0,1,0,1,1,1,1,1,0,1,1,0,1,0,0,0,1,0,1,1,1,0,1,0,0,0.993153
1,1,0,0,0,1,1,1,1,0,0,1,1,0,0,0,1,1,0,1,1,0,0,0,1,0,0,1,0,1,0,0,0.993899
0,1,1,0,1,0,1,1,0,0,0,0,0,0,0,1,0,0,0,0,0,0,0,0,1,1,0,1,0,0,0,1,0.997203
1,1,1,0,1,0,0,0,0,0,0,0,0,0,1,1,0,1,1,0,0,1,1,1,1,0,1,0,1,0,1,0,0.994379
1,0,1,1,1,1,1,1,1,1,1,1,0,1,1,0,0,1,0,1,0,1,0,1,0,0,0,1,0,0,0,1,0.008099
1,1,1,0,1,0,0,0,1,1,0,1,0,0,0,1,1,1,0,1,1,0,1,0,1,0,0,1,0,1,0,0,0.993926
0,0,0,0,0,1,1,1,1,0,0,1,0,0,0,1,1,1,0,1,0,0,0,0,1,0,1,1,0,1,1,0,0.994965
1,1,1,0,1,0,1,1,1,0,0,0,0,0,1,0,1,0,1,1,0,1,0,1,0,0,1,0,1,1,0,0,0.993819
1,0,1,1,0,1,0,0,1,1,0,1,0,0,0,0,0,0,0,1,1,0,1,1,1,0,0,1,1,1,1,1,0.009191
1,1,1,1,1,1,0,0,1,0,1,1,1,0,0,1,0,0,0,0,1,0,1,1,0,0,0,0,1,0,0,1,0.009031
0,0,1,1,1,1,1,1,1,0,1,0,0,0,0,1,1,1,0,1,0,1,1,0,1,0,0,0,1,1,1,0,0.993100
0,0,1,1,0,1,0,0,1,0,0,1,0,0,1,1,1,0,1,0,0,1,1,1,1,0,0,0,0,0,0,1,0.995471
0,0,0,1,0,1,1,0,1,0,0,0,0,0,1,1,0,0,0,1,1,0,0,0,1,1,0,0,0,0,0,1,0.996803
1,1,1,0,1,0,0,1,1,1,1,1,0,1,1,1,0,1,0,1,1,0,0,0,1,0,1,1,0,1,1,1,0.004609
0,1,1,1,0,0,1,1,1,0,1,1,0,1,1,0,0,1,0,0,1,1,1,1,1,1,0,1,0,1,0,1,0.991075
1,0,0,0,0,0,0,1,1,1,1,1,0,1,1,0,0,1,1,0,0,1,0,1,0,0,1,1,0,0,1,0,0.993420
0,1,0,0,1,1,1,1,0,1,1,0,1,1,1,0,1,0,1,1,0,1,0,0,1,0,1,1,0,0,0,0,0.993713
0,0,0,1,1,0,0,1,0,1,1,1,1,0,0,1,0,1,0,0,0,1,0,1,0,1,0,0,1,1,0,1,0.997736
1,0,0,1,1,1,1,1,1,0,0,1,1,0,0,0,0,0,1,0,0,1,0,0,1,0,0,1,1,0,0,1,0.008552
1,1,1,0,1,1,1,0,1,1,0,1,0,1,0,0,1,1,0,0,0,0,0,0,0,0,1,1,1,0,0,0,0.995045
0,0,1,0,0,1,0,0,1,1,1,1,1,1,1,1,1,0,0,0,1,0,1,1,0,0,1,1,0,1,0,0,0.995045
0,0,0,0,0,0,0,1,1,0,0,1,1,0,0,0,1,1,1,1,0,1,0,1,0,0,1,0,1,1,0,0,0.995551
1,0,0,1,1,0,0,1,1,0,0,1,1,0,1,1,1,0,0,0,1,1,0,1,0,0,0,1,0,1,1,0,0.994432
0,0,0,1,1,0,1,1,1,1,1,1,1,1,1,1,1,0,0,1,0,1,1,0,0,0,0,0,1,1,0,1,0.991715
0,0,0,0,1,0,1,1,0,1,1,0,0,0,0,0,1,0,0,0,1,0,0,1,0,1,1,1,0,1,1,0,0.995844
0,0,0,0,0,0,0,1,1,0,0,1,1,0,1,1,1,1,0,0,0,1,0,0,1,1,1,1,0,0,1,1,0.995071
0,1,1,1,0,1,0,0,1,1,0,0,0,0,0,1,1,1,1,0,1,1,1,0,1,1,1,0,1,1,0,0,0.992461
1,1,1,0,1,1,1,0,1,0,0,1,1,1,0,1,0,0,1,1,0,1,0,0,0,1,1,0,0,0,0,0,0.994805
0,1,1,0,1,0,1,1,1,1,1,1,1,0,0,1,1,1,1,0,1,0,0,0,1,1,1,1,1,1,1,0,0.991528
1,1,0,0,0,1,1,0,0,0,0,1,0,1,0,0,1,0,1,0,0,1,1,1,0,0,1,0,1,1,0,0,0.994459
1,1,1,0,0,1,1,0,1,1,0,0,0,1,1,1,1,0,0,1,1,0,0,0,0,0,0,0,0,0,0,1,0.009271
1,0,1,0,1,0,1,0,1,1,0,1,1,0,0,1,0,0,1,0,1,1,1,1,1,0,0,0,1,1,0,1,0.007087
0,0,0,0,0,1,1,0,1,0,0,0,1,0,1,1,1,1,1,0,0,0,1,1,1,0,1,0,0,0,0,0,0.994539
0,1,0,1,0,0,0,0,1,0,1,1,1,1,0,0,0,1,0,1,1,0,0,1,1,1,0,0,0,1,0,0,0.994006
1,0,0,0,1,1,1,1,0,1,0,1,0,1,1,1,1,1,1,0,0,0,0,0,1,0,0,1,1,0,0,1,0.008392
0,1,0,1,1,1,1,0,0,1,0,1,1,1,0,0,1,1,1,1,1,0,1,1,1,1,1,1,1,1,0,1,0.990116
1,1,1,0,1,1,1,0,1,0,1,0,1,1,1,0,0,0,0,1,1,0,0,0,0,0,0,0,0,1,1,0,0.994139
0,1,1,1,0,1,0,1,0,0,1,1,1,0,1,1,1,0,0,0,1,1,1,0,1,1,1,1,0,1,0,0,0.992567
1,1,1,1,0,1,1,0,0,1,1,0,1,0,0,0,1,1,1,0,1,0,0,1,0,0,0,1,1,1,0,0,0.993899
1,1,0,1,0,1,1,0,0,1,1,1,0,1,1,0,1,1,1,0,1,0,1,0,1,0,1,1,1,0,1,1,0.006714
1,0,1,0,1,0,1,1,0,1,0,0,1,0,1,1,1,1,0,1,0,0,1,1,1,1,0,0,1,1,1,1,0.005914
0,0,1,1,1,1,0,1,0,0,0,1,1,1,0,1,0,1,0,0,1,1,0,1,0,0,0,1,0,1,0,0,0.994112
1,0,1,1,0,0,0,1,1,0,0,0,1,0,0,1,1,1,1,1,0,0,0,1,1,0,1,0,1,0,1,0,0.994752
0,1,1,0,1,0,1,0,1,0,0,1,1,1,1,1,0,0,0,0,0,0,1,1,0,1,1,1,0,0,1,0,0.994112
0,1,0,1,0,1,1,0,1,1,0,0,0,0,0,0,0,0,0,1,0,1,0,1,0,1,0,1,1,0,0,1,0.995045
