1,0,1,1,0,1,0,0,1,1,0,1,0,0,0,0,0,0,0,1,1,0,1,1,1,0,0,1,1,1,1,1,0.009191
0,0,1,1,0,0,1,1,1,0,0,0,1,0,0,1,1,1,1,0,0,1,0,1,1,0,1,1,1,0,0,0,0.993952
1,1,1,0,0,0,1,0,1,0,0,0,1,0,0,1,0,0,1,0,1,0,1,1,1,1,1,1,1,1,1,0,0.992514
1,1,1,0,1,0,0,0,1,1,0,1,0,0,0,1,1,1,0,1,1,0,1,0,1,0,0,1,0,1,0,0,0.994112
1,0,0,0,1,0,0,1,0,1,0,1,1,1,0,0,0,0,1,1,0,1,0,0,0,0,1,1,1,1,1,1,0.007939
1,1,0,0,1,0,0,0,0,0,0,0,0,0,0,0,0,0,0,1,1,0,0,1,0,0,0,0,1,0,0,0,0.996963
0,0,0,1,0,1,0,1,1,0,1,1,1,0,1,1,1,1,0,1,0,1,1,1,0,1,0,0,1,0,1,0,0.993073
0,0,1,0,1,0,0,0,0,0,1,0,1,0,1,1,1,0,0,0,0,0,0,1,0,1,0,1,1,0,0,0,0.997149
1,1,1,0,1,1,1,0,1,1,1,0,0,0,0,1,1,0,0,1,0,1,0,1,1,1,1,0,1,0,0,1,0.007726
0,1,0,1,1,1,0,0,1,1,0,0,1,0,0,0,1,1,1,0,1,0,0,0,0,0,0,1,0,1,0,1,0.995551
1,0,1,0,1,1,0,1,1,1,1,0,0,0,0,1,1,0,0,0,1,1,0,0,0,0,0,1,0,0,1,0,0.994832
1,0,1,1,0,0,0,1,1,0,0,0,1,0,0,1,1,1,1,1,0,0,0,1,1,0,1,0,1,0,1,0,0.994725
1,0,0,1,0,0,1,0,1,0,1,0,1,1,0,1,0,0,0,0,0,1,0,0,0,0,1,1,0,0,1,0,0.995498
0,0,0,1,0,1,1,0,1,0,0,0,0,0,1,1,0,0,0,1,1,0,0,0,1,1,0,0,0,0,0,1,0.996990
0,1,1,0,1,0,1,1,1,1,1,1,1,0,0,1,1,1,1,0,1,0,0,0,1,1,1,1,1,1,1,0,0.991581
0,0,1,1,0,0,0,1,1,0,1,1,0,0,1,0,1,1,1,0,0,1,1,0,0,0,0,0,1,1,1,0,0.995045
1,1,0,1,0,1,0,1,0,0,1,0,0,1,0,0,0,0,0,0,1,1,1,1,0,0,0,0,1,0,1,0,0.995364
1,1,1,0,0,1,1,0,1,1,0,0,0,1,1,1,1,0,0,1,1,0,0,0,0,0,0,0,0,0,0,1,0.009218
1,1,0,1,1,0,1,1,1,1,1,1,0,1,0,1,0,0,1,0,0,0,0,1,0,0,1,0,1,1,0,1,0.006660
1,1,1,1,0,1,1,0,0,1,1,0,1,0,0,0,1,1,1,0,1,0,0,1,0,0,0,1,1,1,0,0,0.993793
1,1,0,0,1,1,1,0,1,0,1,0,0,1,0,1,1,0,0,1,0,1,1,1,1,0,1,1,1,0,1,1,0.005834
1,1,0,1,0,1,1,0,0,1,1,1,0,1,1,0,1,1,1,0,1,0,1,0,1,0,1,1,1,0,1,1,0.006767
1,0,1,0,1,0,0,0,0,1,0,1,0,0,1,1,1,1,0,0,1,0,1,1,0,1,0,1,1,1,0,1,0.008685
0,0,0,0,1,0,1,1,0,1,1,0,0,0,0,0,1,0,0,0,1,0,0,1,0,1,1,1,0,1,1,0,0.995817
0,0,0,0,0,1,1,0,1,0,0,0,1,0,1,1,1,1,1,0,0,0,1,1,1,0,1,0,0,0,0,0,0.994592
1,0,1,0,1,0,1,0,1,1,0,1,1,0,0,1,0,0,1,0,1,1,1,1,1,0,0,0,1,1,0,1,0.007113
0,0,0,1,1,0,1,1,1,1,1,1,1,1,1,1,1,0,0,1,0,1,1,0,0,0,0,0,1,1,0,1,0.991768
1,0,0,1,1,0,0,1,1,0,0,1,1,0,1,1,1,0,0,0,1,1,0,1,0,0,0,1,0,1,1,0,0.994459
0,1,0,1,0,0,0,1,1,1,1,0,1,1,0,1,0,0,0,1,1,0,0,1,1,1,1,1,0,0,0,1,0.993420
1,1,1,0,1,1,1,0,1,0,0,0,0,1,0,1,0,0,1,0,0,1,1,1,1,0,0,1,1,0,1,1,0.007220
0,1,0,0,1,1,1,1,0,1,1,0,1,1,1,0,1,0,1,1,0,1,0,0,1,0,1,1,0,0,0,0,0.993713
0,1,0,1,1,0,1,1,0,1,1,0,0,0,0,0,0,0,1,0,1,1,0,1,1,0,0,0,1,0,0,1,0.995364
0,0,0,1,1,0,0,1,0,1,1,1,1,0,0,1,0,1,0,0,0,1,0,1,0,1,0,0,1,1,0,1,0.997682
0,1,0,0,0,1,0,0,0,0,1,0,0,0,1,1,0,0,1,0,1,0,1,1,0,1,1,0,1,0,1,0,0.997229
0,0,0,0,0,1,1,1,1,0,0,1,0,0,0,1,1,1,0,1,0,0,0,0,1,0,1,1,0,1,1,0,0.994991
0,0,0,0,0,1,1,1,1,0,1,1,0,1,1,0,1,1,1,0,1,1,0,0,1,0,0,1,1,1,1,0,0.992274
1,1,1,0,1,0,0,0,0,0,0,0,0,0,1,1,0,1,1,0,0,1,1,1,1,0,1,0,1,0,1,0,0.994272
0,0,1,1,0,1,1,0,0,0,1,1,0,0,1,1,1,0,1,1,0,1,0,0,1,0,1,1,1,1,0,0,0.992567
0,1,1,0,1,0,1,1,0,0,0,0,0,0,0,1,0,0,0,0,0,0,0,0,1,1,0,1,0,0,0,1,0.997096
0,1,1,0,1,1,0,0,1,0,0,0,0,0,1,0,0,1,0,1,0,0,0,0,0,1,1,0,1,0,1,1,0.994885
1,0,1,0,1,0,1,0,1,1,1,0,1,1,1,0,1,0,0,0,0,0,1,1,0,1,1,1,1,0,1,0,0.993340
1,1,1,1,0,1,1,0,1,1,0,1,1,1,0,0,1,1,1,1,0,1,0,1,0,0,1,1,0,0,0,0,0.993846
0,1,0,0,1,1,0,1,1,1,1,0,0,0,0,1,0,1,1,0,0,1,1,0,1,1,1,1,0,1,1,1,0.991315
1,0,0,1,1,0,0,0,1,1,0,0,0,0,0,0,0,0,1,1,1,1,0,1,0,0,1,0,0,1,1,0,0.995205
0,1,1,1,0,1,1,0,0,0,1,0,0,1,0,0,0,1,1,0,1,1,0,0,1,1,1,0,1,1,1,1,0.991501
1,0,0,1,0,1,0,1,1,1,0,1,1,1,1,0,1,1,1,0,0,0,1,1,0,0,0,0,1,1,1,1,0.006048
1,0,0,1,1,1,1,1,1,0,0,1,1,0,0,0,0,0,1,0,0,1,0,0,1,0,0,1,1,0,0,1,0.008525
0,1,0,0,0,0,1,0,1,1,1,1,1,0,1,0,0,1,0,1,0,0,1,0,0,0,1,0,0,1,0,1,0.994059
0,1,1,0,0,0,0,0,1,1,1,0,1,1,0,0,1,1,1,0,1,0,0,1,1,1,0,0,0,0,1,0,0.994059
1,0,0,1,1,1,0,0,1,1,1,0,0,0,1,1,1,0,0,0,1,1,1,1,1,0,1,0,1,0,0,1,0.008019
0,0,1,1,1,1,0,1,0,0,0,1,1,1,0,1,0,1,0,0,1,1,0,1,0,0,0,1,0,1,0,0,0.994379
1,0,1,1,1,1,1,1,1,1,1,1,0,1,1,0,0,1,0,1,0,1,0,1,0,0,0,1,0,0,0,1,0.008099
1,1,1,0,1,0,0,1,1,1,1,1,0,1,1,1,0,1,0,1,1,0,0,0,1,0,1,1,0,1,1,1,0.004636
0,1,1,1,0,1,0,0,1,0,1,0,1,1,1,1,0,0,0,0,1,0,0,1,1,0,1,1,0,1,1,0,0.992514
0,1,0,1,1,0,0,1,1,1,1,0,1,1,1,1,1,1,1,0,0,0,0,1,1,1,0,1,0,1,0,1,0.991075
0,0,0,0,1,0,1,1,1,1,0,1,0,1,0,1,0,1,1,0,0,0,0,1,1,1,0,1,0,0,1,0,0.994432
1,0,0,1,0,0,1,1,0,1,1,0,1,0,0,1,0,0,1,0,1,1,1,0,1,0,1,0,0,0,0,0,0.995285
1,0,0,0,1,1,1,1,0,1,0,1,0,1,1,1,1,1,1,0,0,0,0,0,1,0,0,1,1,0,0,1,0.008152
0,0,0,0,0,1,1,1,0,0,1,1,0,0,0,0,1,0,0,1,0,0,1,1,0,0,1,1,0,1,0,0,0.998082
1,1,1,0,0,0,0,1,0,1,0,0,0,1,1,1,0,1,1,1,1,0,0,1,1,0,1,0,1,0,1,1,0.006101
0,1,0,1,0,1,0,0,1,1,1,1,0,1,0,0,0,0,0,0,1,1,0,1,1,0,0,0,1,1,0,0,0.995098
0,1,0,0,0,0,0,0,1,0,1,1,1,0,1,0,1,0,1,0,1,1,1,1,1,1,1,0,1,0,0,1,0.993926
0,1,0,1,0,1,1,0,1,1,0,0,0,0,0,0,0,0,0,1,0,1,0,1,0,1,0,1,1,0,0,1,0.994965
1,1,1,1,0,1,1,1,1,1,0,1,1,1,1,1,0,1,1,1,0,1,0,0,1,0,0,0,0,0,1,0,0.992780
1,1,1,0,0,1,1,1,0,1,0,0,1,1,1,0,1,0,1,1,0,0,1,1,0,1,1,1,1,0,1,0,0.993073
1,1,1,0,1,1,1,0,1,0,0,1,1,1,0,1,0,0,1,1,0,1,0,0,0,1,1,0,0,0,0,0,0.994885
1,1,0,0,0,1,1,0,0,0,0,1,0,1,0,0,1,0,1,0,0,1,1,1,0,0,1,0,1,1,0,0,0.994592
0,0,0,0,0,0,0,1,1,0,0,1,1,0,1,1,1,1,0,0,0,1,0,0,1,1,1,1,0,0,1,1,0.994991
0,1,1,1,0,1,0,0,0,1,0,1,1,0,1,0,0,0,0,1,0,1,0,1,0,1,1,0,0,1,0,0,0.995311
1,1,0,0,1,0,0,0,0,1,0,0,1,0,0,0,1,0,0,1,0,1,0,0,1,0,0,0,0,1,0,1,0.009804
0,0,0,0,1,1,0,0,1,1,1,1,1,1,1,0,0,0,0,1,0,1,0,0,0,1,0,0,1,0,0,0,0.996483
1,1,1,0,0,1,0,1,0,1,1,1,0,0,1,1,1,1,1,1,0,0,0,0,1,0,1,0,0,1,0,1,0.007726
0,1,1,1,0,0,1,1,1,0,1,1,0,1,1,0,0,1,0,0,1,1,1,1,1,1,0,1,0,1,0,1,0.991155
0,1,1,1,0,0,1,0,1,0,1,1,1,1,1,0,1,1,0,1,0,0,0,1,0,1,1,1,0,1,0,0,0.993047
1,1,0,1,1,0,0,1,1,1,1,0,1,0,1,0,0,0,0,0,0,1,1,1,1,0,1,0,0,1,1,0,0.992620
1,1,0,1,0,1,0,0,1,1,0,1,0,0,1,1,1,0,0,0,1,0,0,1,0,1,0,1,1,0,1,0,0.993286
1,1,0,1,1,1,0,1,0,0,0,0,0,0,1,1,1,0,0,0,0,1,0,0,1,0,0,1,0,0,1,1,0.008392
1,0,0,1,1,1,1,0,1,0,0,0,1,1,0,0,1,1,0,0,1,1,0,1,0,1,1,0,0,1,0,1,0.008072
0,1,0,1,1,1,1,0,0,1,0,1,1,1,0,0,1,1,1,1,1,0,1,1,1,1,1,1,1,1,0,1,0.990116
1,0,1,0,1,0,0,1,0,0,1,0,0,0,0,0,1,0,1,1,1,0,0,0,0,0,1,0,1,0,0,0,0.995684
1,1,1,0,1,1,1,0,1,0,1,0,1,1,1,0,0,0,0,1,1,0,0,0,0,0,0,0,0,1,1,0,0.994325
0,1,0,1,1,0,1,1,0,0,0,1,0,0,1,1,0,1,1,1,1,0,0,0,0,1,1,0,0,0,0,1,0.995444
1,1,1,1,1,1,0,0,1,0,1,1,1,0,0,1,0,0,0,0,1,0,1,1,0,0,0,0,1,0,0,1,0.009058
0,0,1,1,1,0,1,1,1,1,0,0,0,1,0,1,0,1,0,1,0,1,0,1,0,0,0,1,0,0,1,0,0.994379
1,1,0,1,0,1,0,1,1,1,0,0,1,0,0,0,1,1,0,1,1,0,0,1,1,1,1,1,0,1,1,0,0.992913
0,1,0,0,1,1,1,1,1,1,1,1,1,0,1,0,1,0,1,1,0,1,1,1,0,1,0,1,0,1,0,1,0.991741
0,0,0,0,1,1,0,1,0,1,0,1,0,1,1,0,1,1,0,0,1,1,0,0,0,1,1,0,1,0,1,1,0.992993
1,1,0,1,1,0,1,1,1,1,0,0,0,1,0,1,0,0,0,1,0,1,0,0,1,1,0,1,1,1,0,1,0.007513
0,1,0,1,0,0,0,0,1,0,1,1,1,1,0,0,0,1,0,1,1,0,0,1,1,1,0,0,0,1,0,0,0.994086
0,0,1,1,1,1,1,1,1,1,1,0,0,1,1,1,0,1,0,1,0,0,0,1,0,0,1,0,1,1,0,1,0.991688
0,0,1,1,1,1,1,1,1,0,1,0,0,0,0,1,1,1,0,1,0,1,1,0,1,0,0,0,1,1,1,0,0.993127
0,0,1,1,0,1,0,0,1,0,0,1,0,0,1,1,1,0,1,0,0,1,1,1,1,0,0,0,0,0,0,1,0.995471
0,0,0,0,1,0,1,1,1,0,1,1,0,0,0,1,1,1,1,0,0,1,0,0,1,0,0,1,0,1,0,0,0.994325
0,0,1,1,0,1,0,0,1,1,0,1,0,0,1,1,0,0,0,0,0,1,1,0,1,1,1,0,1,0,1,0,0.993446
0,1,0,0,1,0,0,1,1,0,1,0,1,1,1,1,0,0,0,0,0,1,1,1,1,0,1,1,0,1,1,1,0.991235
0,1,0,1,1,0,1,0,0,1,0,1,0,0,1,0,0,0,1,0,1,0,0,0,1,0,1,0,0,0,1,0,0.995364
0,1,0,1,0,1,0,1,1,1,0,0,0,1,1,0,1,0,1,1,0,1,0,1,0,0,0,0,0,1,0,1,0.993553
1,0,0,0,0,0,0,1,1,1,1,1,0,1,1,0,0,1,1,0,0,1,0,1,0,0,1,1,0,0,1,0,0.993633
0,1,1,0,0,0,1,0,0,1,0,1,1,0,1,0,0,0,0,1,1,1,0,0,0,0,0,0,1,0,1,0,0.995231
0,0,1,0,0,1,1,0,1,0,0,0,1,0,0,1,1,1,1,0,0,1,0,1,1,0,0,1,0,0,1,0,0.994672
0,0,0,1,1,1,0,0,0,1,1,0,0,1,0,0,0,0,0,0,1,1,0,0,0,0,1,0,0,0,0,0,0.998508
0,0,1,0,0,1,0,0,1,1,1,1,1,1,1,1,1,0,0,0,1,0,1,1,0,0,1,1,0,1,0,0,0.994912
1,1,1,0,1,0,1,1,1,0,0,0,0,0,1,0,1,0,1,1,0,1,0,1,0,0,1,0,1,1,0,0,0.993979
0,0,0,0,0,0,0,1,1,0,0,1,1,0,0,0,1,1,1,1,0,1,0,1,0,0,1,0,1,1,0,0,0.995498
1,1,0,0,0,1,1,1,1,0,0,1,1,0,0,0,1,1,0,1,1,0,0,0,1,0,0,1,0,1,0,0,0.994006
0,1,1,1,1,0,1,1,1,1,0,1,1,1,1,1,0,0,0,0,1,0,1,1,1,0,1,1,1,1,1,0,0.992407
0,0,0,0,1,1,0,1,0,1,0,0,1,0,1,1,0,1,0,1,0,1,1,0,0,0,0,0,1,1,1,1,0.994698
1,1,1,1,0,1,0,0,0,0,0,0,1,1,1,1,0,1,1,1,1,1,1,0,0,1,1,0,1,0,0,1,0.007193
1,0,1,0,0,1,1,0,0,1,1,1,0,0,1,0,1,1,1,1,0,1,0,1,0,1,1,0,1,1,1,0,0.993952
1,1,1,1,1,1,1,1,0,0,0,0,1,1,0,0,0,1,1,0,1,0,1,0,1,1,1,1,0,0,0,1,0.007832
0,0,0,0,0,0,0,1,1,1,0,0,0,1,0,0,0,1,1,0,0,1,0,1,1,1,0,1,0,1,0,0,0.995551
0,1,0,0,0,1,0,0,1,0,0,0,1,1,1,0,1,1,1,1,1,1,0,1,0,1,0,0,0,0,1,1,0.993420
1,0,1,0,1,0,0,1,0,0,0,1,1,0,0,1,1,1,0,1,1,0,1,1,0,0,0,0,0,0,1,0,0.994752
0,1,1,0,1,0,1,0,1,0,0,1,1,1,1,1,0,0,0,0,0,0,1,1,0,1,1,1,0,0,1,0,0.994112
1,0,0,1,1,0,1,1,0,1,0,1,0,0,0,1,0,0,0,0,0,1,0,1,1,0,0,0,1,0,0,0,0.995844
0,1,0,0,1,0,0,0,0,0,1,1,1,0,1,0,1,0,1,0,0,1,0,1,1,0,0,0,1,0,1,1,0.994832
1,0,1,1,1,1,1,1,0,1,1,0,1,0,0,0,1,1,0,1,0,1,1,0,0,1,0,0,1,0,0,0,0.994565
1,0,1,1,1,1,1,0,1,0,0,0,0,0,1,0,1,1,0,1,1,0,0,0,1,0,1,0,1,1,0,0,0.994778
0,1,1,1,0,1,0,1,0,0,1,1,1,0,1,1,1,0,0,0,1,1,1,0,1,1,1,1,0,1,0,0,0.992594
1,1,1,1,1,1,1,0,1,0,0,1,1,0,1,0,0,0,1,1,1,1,1,0,0,0,0,0,1,0,0,1,0.008099
1,1,0,0,0,1,1,0,1,1,1,0,1,1,1,0,1,1,1,0,1,0,0,1,0,0,1,1,0,0,0,0,0.994246
0,0,0,1,1,1,1,0,1,1,0,1,1,0,1,1,0,0,1,1,1,0,1,1,0,1,1,1,0,0,0,0,0.994645
0,1,1,1,0,1,0,0,1,1,0,0,0,0,0,1,1,1,1,0,1,1,1,0,1,1,1,0,1,1,0,0,0.992461
1,0,0,0,1,1,1,0,0,1,0,1,1,0,1,0,0,1,0,0,1,0,1,0,0,1,0,1,1,0,0,0,0.994778
1,1,1,0,1,1,0,1,0,1,1,1,1,0,1,1,1,1,1,1,1,1,0,1,0,0,1,0,0,1,1,0,0.993153
1,1,1,0,1,1,1,0,1,1,0,1,0,1,0,0,1,1,0,0,0,0,0,0,0,0,1,1,1,0,0,0,0.995391
1,0,0,0,0,1,1,1,0,0,1,1,0,0,0,0,0,0,1,0,0,1,0,1,0,0,0,0,0,0,1,1,0.011083
1,0,1,0,1,0,1,1,0,1,0,0,1,0,1,1,1,1,0,1,0,0,1,1,1,1,0,0,1,1,1,1,0.005621
