1,0,1,1,0,0,1,1,0,1,0,1,0,1,1,1,0,0,1,0,1,0,0,1,1,1,1,1,0,1,1,0,0.586930
1,1,1,1,1,0,0,0,1,1,1,1,1,0,0,1,0,1,1,1,1,1,1,1,0,0,1,1,1,0,0,0,0.646126
0,0,0,1,0,1,1,1,0,0,0,1,0,1,0,1,1,1,1,1,1,0,0,0,1,0,0,1,0,1,1,1,0.608403
0,0,1,1,1,1,0,0,0,1,1,1,0,1,0,0,1,1,1,1,0,1,1,0,1,0,0,1,1,1,0,0,0.587303
1,1,1,0,1,0,0,1,1,1,0,1,0,0,1,0,0,0,1,1,0,0,1,1,1,1,0,0,1,0,0,1,0.583280
1,0,0,0,0,1,0,1,1,0,0,1,1,0,0,1,1,0,1,0,0,0,0,0,1,1,0,0,0,0,0,1,0.594469
0,1,1,1,1,0,0,1,1,1,0,1,1,1,0,0,0,0,0,0,1,1,0,0,1,0,0,1,0,0,1,1,0.599371
0,1,0,0,0,0,1,1,0,1,1,0,1,1,0,0,1,0,1,0,1,1,0,0,0,0,1,0,1,0,0,1,0.710491
0,1,0,0,0,0,1,0,0,0,1,1,0,1,1,0,0,1,0,1,0,0,1,1,0,0,1,0,0,0,0,0,0.630435
1,1,1,0,0,1,1,1,1,1,1,0,0,0,1,1,0,0,0,1,0,1,0,1,1,1,0,0,0,1,1,0,0.588662
1,1,0,1,1,0,0,0,1,0,0,0,1,0,1,1,1,1,0,1,0,1,0,0,1,0,0,1,0,0,0,0,0.656490
0,0,1,0,1,1,1,1,1,1,1,0,1,0,0,1,0,0,1,1,1,0,1,0,1,0,1,1,1,1,0,1,0.747549
0,0,0,0,0,0,1,0,1,0,1,1,0,0,1,0,1,0,0,1,1,1,0,0,1,1,0,1,1,1,1,0,0.614210
0,1,0,1,0,1,1,1,1,1,0,1,0,1,1,0,1,1,0,0,0,1,0,1,0,1,1,1,0,1,1,0,0.574089
0,0,1,0,0,0,0,0,0,1,0,0,0,1,1,0,0,1,1,1,0,0,1,0,1,1,1,0,0,1,1,0,0.657049
0,0,0,0,1,1,1,1,1,1,1,0,1,1,1,1,1,0,0,1,0,0,0,1,1,1,0,0,1,1,1,1,0.823210
0,0,1,0,1,0,1,0,0,1,0,0,0,1,0,1,1,1,0,1,1,1,0,1,0,0,0,0,1,0,0,1,0.717764
0,1,0,1,0,1,1,0,0,0,0,0,0,1,1,1,1,1,1,1,0,1,1,1,0,0,0,0,1,0,0,0,0.598013
0,0,0,0,1,1,1,0,0,0,1,0,0,0,0,0,1,0,1,1,0,1,0,0,1,1,0,1,1,1,1,1,0.619246
1,1,1,1,1,1,0,1,1,1,0,1,0,0,1,0,1,1,1,1,1,0,1,1,1,1,1,1,0,0,0,0,0.766784
0,1,0,0,0,1,0,0,0,1,0,1,1,1,1,1,1,1,1,0,1,1,1,0,1,0,1,0,1,0,0,0,0.597853
1,1,0,0,1,0,0,1,0,0,1,0,0,1,0,1,1,0,1,1,0,0,1,0,0,0,1,1,1,1,0,0,0.597773
1,0,1,1,0,1,0,0,1,0,0,0,1,0,0,1,0,0,1,1,0,1,0,1,1,0,0,0,1,0,1,1,0.589434
0,0,1,1,1,0,1,1,1,1,0,0,0,1,1,0,0,0,0,0,1,1,1,1,0,1,1,0,1,0,1,0,0.767876
0,0,0,1,1,0,0,1,0,0,1,1,0,0,1,1,0,0,0,0,1,1,0,1,0,1,1,1,1,0,0,1,0.701300
0,0,1,0,1,1,1,0,1,1,0,0,1,0,0,0,1,0,1,1,0,1,1,1,0,1,0,1,0,0,1,0,0.651321
1,1,0,1,0,0,0,0,1,0,1,0,1,0,0,1,0,0,1,0,0,0,0,1,1,1,0,0,1,0,1,0,0.578218
0,1,1,1,1,1,1,1,0,1,1,1,0,0,1,1,0,0,1,0,1,0,0,1,0,0,0,0,0,1,0,0,0.684037
1,1,0,1,0,0,1,1,0,1,1,1,1,0,1,1,0,1,1,1,0,1,0,1,1,1,1,0,1,1,1,1,0.504156
0,1,0,1,0,0,1,0,0,0,1,1,0,0,1,1,1,1,1,1,1,0,0,0,0,0,0,0,0,0,0,1,0.583360
1,0,0,0,1,0,1,0,0,1,1,1,0,0,0,1,1,1,0,1,0,1,1,1,1,0,0,0,0,1,0,1,0.592711
0,1,0,0,1,1,0,1,0,1,0,0,0,1,1,0,0,0,1,0,0,1,0,1,0,0,1,0,1,0,0,0,0.705350
0,1,1,0,1,1,1,0,0,1,1,0,0,0,1,1,1,1,1,0,1,0,0,0,1,1,1,1,0,1,1,1,0.567056
0,0,1,0,0,0,0,1,1,0,1,1,0,1,0,0,0,1,1,1,1,1,1,1,0,0,1,1,0,0,1,0,0.689019
0,1,0,0,0,0,1,0,0,1,0,0,1,0,1,0,1,1,0,0,0,0,1,0,0,1,1,1,0,0,1,1,0.637148
0,0,0,1,1,0,0,1,0,0,0,1,1,0,0,1,0,1,1,1,1,1,1,1,1,1,1,0,0,1,1,1,0.679827
0,0,1,1,1,0,1,0,1,1,1,0,0,1,0,0,0,0,1,0,1,1,1,1,0,1,1,0,1,0,1,0,0.692429
0,1,1,0,0,0,0,0,0,1,1,1,1,1,1,0,1,1,0,1,1,0,1,1,0,1,1,0,0,0,1,1,0.632886
0,1,1,1,0,1,0,0,0,1,0,1,1,0,0,1,1,0,1,0,0,0,1,1,0,0,0,0,0,0,1,1,0.611759
0,0,1,1,1,0,0,0,1,0,0,1,0,0,0,1,1,0,0,1,1,1,1,0,0,1,0,0,1,0,1,0,0.592418
1,0,0,1,0,1,0,1,0,1,0,0,0,1,1,0,1,0,1,0,1,1,1,0,0,1,0,1,0,1,1,1,0.554774
1,0,1,1,1,0,1,0,0,0,0,0,1,0,1,0,1,1,1,1,0,1,1,0,0,0,1,0,1,0,0,1,0.615436
1,1,0,1,1,1,1,1,0,0,0,0,1,1,1,0,0,0,0,1,1,1,0,1,1,1,1,0,1,1,1,1,0.521020
0,1,0,1,1,0,0,1,1,0,1,1,0,0,0,0,0,0,0,1,0,1,1,1,0,0,1,0,0,0,0,1,0.633792
0,0,0,1,1,0,1,0,1,0,0,1,0,1,0,0,0,1,1,1,0,1,0,0,0,0,1,0,1,1,1,0,0.676657
1,1,0,1,1,1,0,1,1,0,0,1,1,1,1,1,0,0,1,0,0,1,0,0,0,0,0,0,1,0,1,1,0.559223
1,1,0,1,0,0,1,1,1,1,0,1,1,0,0,0,1,1,0,1,0,1,0,1,0,1,0,1,0,0,1,1,0.612266
0,1,0,1,1,0,1,1,1,0,0,1,1,1,0,1,0,1,0,0,0,1,1,0,1,1,1,0,0,1,1,1,0.617461
0,1,0,1,0,0,1,0,1,0,0,0,0,0,0,1,1,1,0,1,0,0,0,0,0,0,1,0,0,0,0,1,0.619539
1,1,1,1,0,0,0,0,0,0,0,0,0,1,0,1,1,1,1,1,1,0,0,0,0,1,1,1,1,0,0,1,0.610347
1,0,1,1,0,1,0,0,1,1,1,0,0,1,1,0,0,0,1,0,1,0,1,1,1,1,0,0,1,0,0,0,0.603154
0,1,1,1,0,0,0,1,1,0,1,0,1,1,0,0,0,0,0,0,1,0,0,1,0,1,0,1,0,1,0,1,0.610294
1,1,1,1,0,0,1,1,1,1,0,0,0,0,1,1,0,1,1,0,0,0,1,1,0,0,1,1,0,0,1,1,0.522805
1,0,1,0,0,0,1,1,1,0,0,1,1,0,1,0,1,1,1,1,1,0,0,1,0,0,1,1,0,0,1,1,0.604726
1,1,1,0,1,0,0,0,0,0,0,0,1,0,0,1,1,0,0,0,0,0,1,1,0,0,1,1,0,0,0,0,0.657076
0,0,1,0,1,1,0,0,1,1,1,0,1,0,0,0,1,1,0,1,0,1,1,1,1,0,1,0,1,1,0,1,0.610321
0,1,1,1,0,1,0,1,0,1,1,1,0,0,0,1,0,0,0,0,1,0,1,0,1,0,0,1,1,1,0,1,0.604673
0,0,0,1,1,0,1,0,1,1,1,0,0,1,0,1,1,1,1,1,1,1,0,0,0,1,1,1,0,0,1,0,0.605126
0,0,1,1,0,0,0,0,1,0,1,1,0,1,1,0,1,1,0,1,0,1,0,0,1,1,1,1,1,1,0,1,0.576060
1,0,0,0,0,0,1,1,0,1,1,1,1,0,0,0,0,0,0,0,1,0,0,1,0,0,0,1,0,1,0,1,0.658967
1,0,0,0,0,1,1,1,1,0,0,0,0,0,0,1,0,0,0,1,1,0,0,1,1,1,0,1,0,1,1,1,0.580856
0,1,1,0,0,1,1,1,0,0,0,0,1,0,0,1,0,0,0,0,0,1,0,0,0,1,0,0,0,0,0,1,0.723465
0,0,1,0,0,0,0,0,1,0,1,1,1,1,1,0,1,1,1,1,1,0,1,1,1,0,1,1,0,1,1,0,0.613678
1,1,0,0,0,1,1,0,0,0,0,0,1,1,0,0,0,0,1,1,1,0,0,1,0,1,0,1,1,0,0,0,0.619565
1,0,0,1,0,1,0,0,0,0,0,1,0,1,0,0,1,0,0,0,0,0,0,0,0,1,0,1,1,1,0,1,0.606831
0,1,0,1,0,0,0,0,0,1,1,0,1,1,1,0,0,0,0,1,1,1,0,1,0,0,1,1,1,1,1,1,0.676737
1,1,0,1,0,1,1,0,0,0,1,1,0,1,1,1,1,1,1,1,1,0,1,0,0,0,0,0,1,0,1,1,0.549073
0,0,0,1,0,1,1,1,0,0,1,1,0,0,0,0,1,1,0,1,0,1,0,1,1,1,1,1,0,0,1,1,0.595988
0,1,1,1,0,1,0,0,0,0,0,1,1,1,1,1,1,0,1,0,0,0,1,0,1,1,1,0,0,1,1,1,0.561941
1,0,1,0,0,1,0,1,0,0,0,0,0,0,0,0,0,1,0,0,1,0,0,1,1,0,0,0,0,0,0,1,0.599744
1,0,1,0,0,1,0,0,1,1,0,0,1,0,0,1,0,1,0,1,0,1,1,1,1,0,1,0,1,0,1,1,0.553042
0,1,1,0,0,0,0,0,0,0,0,1,1,0,1,0,1,1,1,0,0,0,0,0,0,0,1,1,0,0,0,1,0.616049
1,0,0,1,1,1,1,0,0,0,1,0,1,0,0,0,1,0,1,0,0,1,0,0,1,1,1,1,1,1,0,1,0.602915
0,0,0,0,0,0,0,1,0,0,0,0,0,1,0,1,1,1,0,0,1,1,0,0,0,0,0,0,0,1,0,0,0.630382
1,0,0,1,0,0,0,0,0,0,0,0,1,1,0,0,0,0,1,0,0,1,1,0,1,0,0,1,1,1,1,0,0.632060
1,0,1,1,0,0,0,0,1,0,1,0,0,1,1,1,1,0,1,0,0,0,1,1,1,0,1,0,0,1,0,0,0.622869
1,1,0,0,0,1,0,1,1,1,1,1,0,0,1,1,1,1,1,1,1,0,0,1,1,0,0,0,0,0,0,1,0.621217
1,1,0,1,0,0,0,1,1,0,1,1,1,1,1,0,1,1,0,1,1,0,1,0,0,0,0,0,0,1,1,0,0.592525
0,0,1,0,0,0,0,0,0,0,1,1,1,1,1,1,0,0,1,0,1,1,0,0,0,0,0,1,0,1,0,0,0.685395
0,1,0,0,0,1,1,1,1,1,1,1,0,1,0,0,0,0,0,0,1,1,1,1,1,0,1,1,1,1,1,1,0.704790
1,0,1,1,0,1,1,1,1,1,0,0,0,0,1,0,1,0,0,1,0,0,0,0,0,1,0,0,0,0,1,1,0.633285
0,1,1,0,1,1,1,0,1,1,0,0,1,0,0,1,1,0,1,0,0,1,0,1,1,1,0,0,1,0,1,0,0.622736
1,1,0,1,1,0,1,0,1,1,1,1,1,1,1,1,1,0,0,1,0,0,0,0,0,1,0,0,0,0,1,1,0.574488
0,1,1,1,1,0,1,0,1,1,1,1,0,0,0,1,1,1,1,1,1,1,1,0,1,1,1,1,1,1,0,1,0.589914
1,1,1,0,0,1,1,1,1,0,1,1,0,0,1,0,1,0,0,1,0,0,0,1,1,1,1,1,0,0,1,0,0.606804
0,0,0,1,0,1,0,1,0,0,1,1,0,1,0,0,1,1,0,1,1,0,1,1,0,1,0,0,0,1,0,1,0.645753
1,0,1,1,1,1,0,0,0,0,0,1,0,1,1,1,1,1,0,0,1,0,1,1,0,0,0,0,0,1,0,0,0.590740
1,0,0,1,1,1,1,1,1,0,1,0,0,0,0,0,1,1,1,1,1,0,1,0,0,0,1,1,0,0,0,1,0.597879
0,0,0,1,1,0,0,1,0,1,1,1,1,0,0,0,1,1,1,1,1,0,0,1,0,1,0,0,1,0,1,1,0.651295
1,0,1,1,1,1,1,1,1,1,0,0,0,0,0,1,1,1,1,0,0,0,1,0,0,0,1,0,1,1,1,1,0.587409
1,1,1,0,1,0,0,0,0,1,1,1,0,1,1,0,0,0,0,1,0,0,1,0,1,1,1,1,0,0,1,1,0.569293
0,1,1,0,1,0,0,1,0,1,0,1,1,1,1,1,1,1,1,1,0,1,1,1,0,1,0,1,0,0,1,1,0.681692
1,0,0,0,1,0,0,0,1,1,0,0,1,0,1,1,0,0,0,1,0,1,0,0,0,0,1,1,1,0,0,0,0.594096
1,1,0,0,0,0,1,0,1,0,0,1,0,0,0,1,0,0,1,0,0,0,0,0,1,0,0,0,1,1,1,0,0.619325
1,0,0,1,0,1,0,0,0,1,0,1,0,0,1,1,1,1,1,1,0,0,1,1,1,0,1,1,0,1,1,1,0.493952
0,0,1,0,0,1,0,0,0,0,1,1,1,1,0,0,0,0,0,0,0,0,1,1,0,0,0,1,1,1,1,1,0.794517
1,0,0,1,0,0,0,0,0,0,1,1,0,1,0,0,1,1,1,0,1,0,0,0,1,0,1,1,0,0,1,1,0.599398
1,1,0,0,0,1,1,1,0,0,0,1,1,0,0,0,0,0,0,1,0,1,0,1,0,0,1,0,0,0,1,1,0.622869
1,1,0,0,0,0,1,1,1,1,1,1,1,1,1,1,1,0,0,0,1,0,1,1,0,0,0,0,1,0,1,1,0.671142
0,1,1,1,0,1,0,0,0,1,0,0,1,0,1,0,1,1,1,1,0,1,1,0,0,1,0,0,1,1,0,1,0.617487
0,1,1,0,0,1,0,1,1,1,0,1,0,0,1,0,0,0,0,1,0,0,0,0,1,0,1,0,0,1,0,1,0.606964
1,0,0,1,1,1,1,0,1,1,1,1,1,0,1,1,1,1,0,1,1,1,0,0,0,0,1,1,0,1,1,1,0.514493
0,1,1,1,0,0,1,1,1,1,1,1,1,0,1,1,1,0,0,0,0,0,1,1,1,1,1,0,0,1,1,0,0.579710
1,1,1,1,0,1,0,0,0,1,1,0,1,1,1,1,1,0,0,1,1,1,1,0,0,0,1,0,1,0,1,1,0.578272
1,0,1,1,0,0,0,0,1,1,0,0,0,1,1,1,0,1,1,1,1,1,0,1,0,1,1,0,0,0,0,1,0.565404
0,0,1,1,0,0,0,0,0,1,0,1,1,1,1,0,1,1,0,1,1,1,1,1,1,1,1,1,1,0,1,1,0.571691
1,0,0,1,1,0,0,1,1,1,1,1,1,1,1,1,1,1,1,1,1,0,0,0,1,0,0,1,0,0,0,1,0.552883
1,1,0,1,1,1,1,1,0,0,1,0,1,1,0,1,1,0,0,0,0,1,0,0,1,1,1,0,0,0,1,0,0.667413
1,0,1,0,1,0,1,0,1,1,1,1,0,1,0,1,0,1,0,0,1,1,1,1,0,0,1,0,0,1,0,1,0.626199
0,0,0,0,1,0,0,1,1,1,1,0,1,1,0,1,1,1,1,0,0,0,0,1,0,0,0,0,0,0,0,1,0.707561
1,1,1,0,0,0,0,1,1,1,0,1,0,0,1,1,1,0,0,1,1,1,1,0,1,1,1,1,1,1,1,0,0.608323
0,0,0,1,1,1,0,1,1,1,0,1,1,1,0,1,1,0,0,0,0,0,0,1,0,1,1,0,1,1,0,1,0.712596
0,1,1,1,1,0,0,0,1,0,1,0,1,1,1,0,0,0,1,0,1,0,0,1,1,0,1,1,0,1,0,0,0.585571
0,0,0,1,0,1,0,0,0,1,1,1,0,1,0,0,1,1,0,1,1,0,0,1,1,0,0,0,0,1,1,0,0.735347
1,1,1,0,1,1,1,0,1,0,0,0,0,0,1,0,1,0,0,0,0,0,0,0,0,0,0,0,0,0,0,0,0.780584
1,0,0,1,0,1,0,0,1,0,0,0,0,0,1,0,1,1,1,1,0,0,1,1,0,1,1,0,0,0,0,0,0.653479
1,1,0,1,1,1,1,1,1,1,0,0,1,0,0,0,0,0,0,1,0,0,1,0,1,1,1,1,1,1,1,0,0.665521
0,0,1,1,1,1,1,0,0,0,1,1,1,1,0,1,0,0,0,1,1,0,1,1,1,1,1,1,1,0,0,0,0.629795
1,1,0,0,1,0,0,0,1,0,1,1,1,1,0,0,0,1,0,1,1,1,1,0,1,1,0,1,0,1,0,1,0.608403
0,0,1,1,1,1,0,1,0,0,1,0,1,0,1,1,0,1,1,0,0,1,1,0,0,1,0,0,0,1,0,1,0.691017
1,1,1,1,1,0,1,0,1,0,1,0,1,0,0,1,1,1,0,0,0,1,0,0,0,0,1,1,1,1,0,0,0.637601
1,0,0,0,1,0,0,1,1,1,0,0,0,1,1,0,0,0,1,0,0,0,0,0,0,0,1,1,1,0,1,1,0.675218
1,0,0,1,1,1,0,1,1,1,0,1,0,1,1,1,1,1,1,1,1,0,1,1,1,0,1,0,1,0,1,0,0.590153
1,0,1,0,0,1,1,0,0,1,0,1,0,1,1,1,0,1,1,1,0,0,0,1,0,1,0,1,0,0,1,1,0.558451
0,1,0,1,1,1,1,0,1,0,0,0,1,1,1,1,1,0,1,1,0,1,1,1,0,1,0,1,0,1,0,1,0.599691
0,0,1,0,1,1,0,0,0,0,1,0,0,0,1,0,1,0,0,1,0,1,0,1,1,1,1,1,1,0,1,0,0.619192
1,0,0,1,0,0,1,0,0,1,0,0,0,0,0,1,1,1,0,0,1,0,0,0,1,1,0,1,0,0,0,0,0.681879
1,1,1,0,1,0,1,0,0,0,0,0,0,1,1,1,1,0,1,0,0,1,0,0,0,1,0,1,0,0,0,1,0.594416
