0,0,0,0,1,0,1,1,1,1,1,1,0,1,1,1,1,1,0,0,1,1,0,1,1,1,0,0,0,0,0,1,0.576753
1,0,0,0,1,0,1,0,0,1,1,1,0,1,0,0,1,1,1,1,1,1,1,1,0,0,0,0,0,1,1,1,0.493020
1,1,1,1,0,0,0,0,0,1,1,0,1,1,1,1,0,1,0,0,1,1,1,0,0,1,1,1,0,0,0,1,0.598146
0,0,1,1,0,1,1,1,1,1,1,0,0,1,1,1,0,0,1,0,0,0,0,0,0,0,1,0,1,1,1,0,0.611280
1,1,0,0,1,1,1,1,1,0,0,0,0,1,1,1,1,0,1,1,0,1,0,0,0,1,0,0,0,0,1,1,0.551630
0,1,1,1,0,1,1,1,1,0,0,0,0,1,1,1,1,0,1,0,0,0,0,0,1,1,1,1,0,0,1,1,0.579737
0,0,1,0,0,0,0,1,0,0,0,1,0,0,1,0,0,0,1,1,1,0,0,1,0,1,1,1,1,0,0,0,0.993899
0,1,0,1,1,1,0,0,1,1,1,1,0,1,1,1,1,1,1,1,0,0,0,0,0,0,1,1,1,1,1,1,0.434569
1,1,1,0,0,0,0,0,1,1,1,0,1,1,1,1,0,1,1,1,1,0,0,0,1,0,0,0,0,0,1,1,0.684729
0,0,1,1,1,0,0,1,0,0,0,0,1,0,1,0,0,1,1,1,1,1,1,0,1,1,0,1,1,0,0,0,0.611546
1,1,1,1,1,1,1,0,1,1,0,0,1,0,1,1,1,0,0,0,0,0,0,0,0,0,0,0,1,1,1,0,0.679827
1,1,1,0,0,0,0,0,0,1,0,1,0,0,0,1,1,1,1,0,1,0,1,0,0,0,0,0,1,1,0,0,0.731777
1,1,1,0,0,1,1,1,1,1,1,0,1,0,1,1,1,0,1,1,0,1,0,1,0,1,1,1,1,0,1,1,0.391997
1,0,1,0,1,1,0,0,1,0,0,1,1,1,0,1,0,1,0,1,1,0,1,0,1,1,0,1,0,1,1,0,0.574435
0,1,1,0,1,1,1,0,0,1,0,1,0,0,0,0,0,1,1,1,0,0,0,1,1,0,1,0,1,0,0,1,0.615835
1,1,1,0,1,1,1,1,1,1,0,1,1,1,0,0,1,1,1,1,0,0,0,1,1,0,1,1,1,0,1,0,0.802776
1,1,1,1,1,0,0,0,0,0,1,1,1,0,0,1,0,0,1,0,1,1,1,1,1,1,1,0,1,1,0,0,0.561275
0,1,1,0,0,1,1,1,1,1,0,1,1,1,1,1,1,0,0,1,0,0,1,1,0,1,1,1,0,0,0,0,0.598252
1,0,0,1,1,1,1,0,0,1,0,1,1,0,1,0,1,1,1,1,0,1,0,1,0,0,0,1,0,1,0,1,0.553575
1,0,1,0,0,1,0,0,0,1,1,1,1,0,0,1,1,1,0,0,1,0,1,1,0,0,0,0,0,0,0,0,0.660939
1,0,1,1,1,0,1,1,1,1,0,1,0,1,0,0,1,1,1,0,0,1,0,0,0,1,0,1,1,1,1,0,0.654492
1,1,1,0,0,1,1,0,1,0,0,1,0,1,0,1,0,0,0,0,1,1,1,0,0,1,0,0,0,0,0,0,0.584426
1,0,0,0,1,0,1,0,1,1,1,1,1,1,0,1,0,1,1,0,1,1,0,1,1,1,0,0,1,0,1,0,0.587383
0,0,1,0,1,1,0,0,1,0,0,0,0,1,1,1,1,1,1,0,1,1,0,1,0,0,0,0,1,1,0,1,0.501678
0,0,0,0,1,1,1,0,1,1,1,1,1,1,0,1,0,1,1,1,0,0,0,1,0,1,0,1,1,0,1,1,0.630728
1,1,0,1,0,1,0,1,0,1,1,1,1,1,1,0,0,0,0,1,1,1,0,0,0,0,1,1,0,0,1,1,0.631261
1,0,1,1,0,0,1,1,1,0,0,0,0,1,1,1,0,0,0,1,1,0,0,0,0,0,1,1,1,0,0,1,0.674899
0,0,0,0,0,0,0,0,1,0,0,0,0,0,1,0,1,0,1,0,1,1,1,0,1,0,1,1,1,0,0,0,0.720535
1,1,1,0,0,0,0,0,0,1,0,1,0,0,1,0,1,1,1,0,1,0,0,1,0,0,1,1,1,1,0,0,0.749387
0,1,1,1,1,0,0,1,0,1,0,0,1,1,1,0,0,1,0,1,0,1,1,1,1,1,0,1,0,1,0,1,0.560315
0,1,1,1,0,0,0,0,1,1,0,1,1,0,1,1,0,1,0,0,0,0,0,0,1,0,0,1,1,0,1,1,0.661498
0,1,0,1,0,0,1,1,1,0,0,0,1,0,0,0,1,0,1,0,0,0,1,0,1,1,1,0,1,1,0,1,0.616395
1,0,0,0,1,1,0,0,1,1,1,1,1,0,1,0,1,0,1,1,0,0,0,1,1,1,0,1,0,0,1,1,0.580350
0,0,1,1,1,0,1,1,1,1,0,0,1,1,0,0,1,0,0,1,0,0,1,0,1,1,1,1,0,1,0,1,0.547714
0,1,0,0,1,1,1,0,0,1,0,1,0,1,0,1,0,0,0,1,1,1,0,0,0,0,1,1,1,1,1,0,0.631580
0,1,1,0,1,1,1,0,1,0,1,1,1,1,0,0,0,0,0,0,1,0,0,1,0,1,0,1,1,1,1,0,0.545476
0,1,1,0,1,0,1,0,1,1,1,0,0,1,0,0,0,1,1,1,1,0,0,1,1,0,0,0,1,0,0,1,0.605445
0,1,0,1,1,0,1,1,1,0,0,0,0,0,1,0,1,1,1,1,0,0,1,0,0,1,0,0,1,0,1,1,0.623535
0,1,0,0,0,0,0,0,0,0,0,1,1,0,1,0,1,0,0,0,1,1,1,1,1,1,0,0,0,0,0,0,0.739770
0,0,0,1,0,1,1,0,0,0,0,0,0,0,0,1,0,0,1,0,0,0,1,1,1,1,0,0,0,1,1,0,0.811088
0,1,0,1,1,0,1,0,1,1,1,1,1,0,0,1,1,0,1,0,0,1,1,0,1,0,0,0,1,0,0,0,0.617247
0,0,1,0,0,1,1,1,0,0,0,0,0,1,0,1,1,0,0,0,1,1,1,1,0,0,1,0,1,0,0,0,0.773897
1,1,0,1,1,0,1,0,0,0,1,0,0,1,1,1,0,1,1,0,1,1,1,1,0,1,1,1,0,1,0,0,0.570626
1,0,0,1,0,1,1,1,0,1,1,1,0,0,1,0,0,0,0,0,0,1,1,0,1,0,0,0,1,0,1,0,0.687314
0,0,1,0,0,0,0,1,0,1,0,0,1,1,1,1,1,0,0,1,0,0,1,1,0,0,1,1,1,0,1,1,0.753703
1,0,1,0,0,0,0,1,0,0,1,0,1,0,1,0,0,1,0,1,0,1,0,0,0,0,0,0,1,1,1,0,0.673487
1,1,0,1,1,1,1,0,0,0,1,0,0,0,0,1,0,1,1,0,1,1,0,1,1,0,0,0,1,0,0,0,0.615649
1,0,1,1,1,1,0,0,1,0,0,0,0,1,0,1,0,0,0,0,0,1,0,1,1,0,1,0,1,0,1,1,0.663683
0,0,0,1,1,0,0,1,1,0,0,1,0,1,0,1,1,0,0,0,1,1,1,0,0,0,0,1,1,0,1,0,0.654145
0,0,0,0,1,0,1,1,0,0,1,0,0,0,1,1,0,0,1,1,0,1,1,1,1,0,0,0,1,0,1,1,0.708387
0,0,0,0,1,0,0,0,0,1,1,0,1,1,0,1,1,1,1,0,1,0,0,1,0,0,1,0,0,0,1,1,0.635017
0,0,1,0,0,1,0,1,0,1,1,1,1,1,0,0,0,0,1,1,0,1,0,0,0,1,1,0,0,0,1,1,0.869752
1,0,1,0,0,0,0,0,0,0,1,1,1,0,1,0,0,0,0,1,1,1,1,1,0,0,1,0,1,0,1,0,0.689312
1,1,1,0,0,1,0,1,1,1,0,0,0,0,0,1,0,1,0,1,0,1,0,1,1,0,1,1,0,1,0,1,0.567056
0,1,0,1,1,0,1,1,1,1,1,1,1,0,0,0,0,1,0,1,0,0,1,1,1,0,0,1,0,1,0,0,0.570652
0,1,0,0,0,0,0,1,1,0,1,1,0,0,0,0,0,0,1,0,1,1,0,1,0,1,0,1,1,1,0,0,0.668398
1,1,0,0,0,1,1,0,1,1,1,1,1,0,0,1,1,0,0,0,0,1,0,0,1,0,0,1,1,1,1,1,0.630595
0,0,0,0,0,0,0,0,1,1,0,1,1,0,1,1,1,0,1,0,1,1,0,0,1,0,0,1,0,1,1,0,0.673913
1,1,0,1,0,0,0,0,1,1,0,1,1,1,0,0,0,1,1,1,0,1,0,0,1,1,1,1,0,1,0,1,0.563273
0,0,1,0,1,1,1,0,1,1,0,0,1,0,1,0,0,0,1,1,1,0,0,1,0,0,1,1,0,1,1,1,0.713875
1,0,1,0,0,0,0,1,1,0,0,0,0,0,1,0,1,1,1,1,0,1,1,0,0,1,1,1,0,0,1,1,0.605738
0,1,1,1,0,0,0,1,0,1,1,1,1,0,1,1,1,1,1,0,0,0,0,0,0,1,0,1,0,1,0,0,0.613145
1,0,1,1,0,1,0,1,1,1,0,0,1,1,1,1,0,0,0,0,1,0,0,1,1,0,0,1,1,0,0,1,0.660646
0,0,1,0,1,0,1,1,1,0,1,1,0,0,0,0,0,0,1,0,0,1,0,1,0,1,1,0,0,1,1,0,0.700021
0,1,0,0,0,1,1,1,1,1,1,1,1,0,1,1,1,0,1,0,1,0,1,1,1,0,0,0,0,1,1,1,0.575767
0,0,1,0,1,1,1,0,0,0,1,1,1,0,1,1,1,1,0,0,1,1,1,0,0,1,0,1,0,1,0,1,0.543052
1,0,1,0,1,0,1,1,1,0,1,1,1,1,0,0,0,0,0,1,0,1,1,0,1,0,1,0,1,0,0,0,0.668318
1,1,1,1,1,1,0,1,1,1,0,0,1,1,1,0,1,1,0,0,1,1,0,0,1,1,1,1,1,0,0,0,0.809117
1,0,0,0,1,1,0,0,1,0,0,1,0,0,0,1,1,1,0,0,1,0,1,1,0,0,1,1,1,1,1,1,0.513614
1,0,1,1,0,1,0,1,0,1,0,1,1,0,0,0,0,0,0,0,1,1,0,1,0,0,0,0,1,1,0,0,0.698423
0,0,1,1,1,1,0,0,1,1,0,0,1,1,0,0,1,1,1,0,0,0,0,0,1,1,0,0,1,0,1,1,0.424393
1,0,1,1,0,1,0,0,1,0,0,0,0,0,0,1,0,0,0,1,1,1,0,0,0,1,1,1,1,1,1,0,0.594203
1,0,1,0,1,0,0,0,0,1,1,1,0,1,0,0,0,0,0,0,0,0,0,0,0,1,1,1,1,1,0,0,0.680227
0,1,0,0,1,1,0,0,1,1,0,0,1,1,1,1,1,0,0,0,0,0,1,0,0,0,1,1,1,0,0,0,0.623295
0,0,1,0,0,0,1,0,1,0,0,1,1,1,1,1,0,0,1,0,0,0,1,1,1,1,0,1,1,0,1,0,0.839914
1,0,1,1,1,1,1,0,1,1,0,0,1,1,0,0,0,1,1,1,0,0,1,1,1,1,0,1,0,0,1,1,0.457481
0,1,1,1,0,0,1,1,0,1,1,1,0,0,0,1,1,0,0,0,1,1,1,0,0,1,1,1,0,1,0,1,0.625853
1,1,1,0,0,1,0,0,1,1,0,0,0,0,1,1,1,0,1,0,1,0,0,0,1,0,1,1,0,0,0,0,0.683397
1,1,1,0,1,0,1,0,0,1,0,0,1,1,1,1,0,1,0,0,1,0,0,0,0,1,0,0,0,1,0,1,0.590686
1,1,1,1,1,1,1,1,1,1,0,1,0,0,0,1,1,1,1,0,0,0,1,0,1,1,1,1,0,1,1,0,0.802696
0,1,0,0,0,1,1,0,1,1,1,0,1,1,0,1,0,0,1,0,0,1,1,1,0,0,1,1,0,1,1,1,0.626652
1,1,1,1,0,1,0,1,0,1,0,1,1,0,1,0,1,1,0,1,0,0,0,1,0,1,1,0,1,1,1,1,0.497363
1,1,1,0,1,0,0,0,0,1,1,1,1,1,0,0,0,0,0,0,1,0,0,0,0,1,1,1,1,1,1,0,0.603820
0,0,1,1,1,1,0,1,0,1,1,0,0,1,1,0,0,0,1,1,0,1,1,1,0,0,1,0,1,0,1,1,0.783195
0,1,1,0,1,1,1,1,0,0,1,1,1,0,0,1,1,1,0,1,1,0,1,1,1,1,0,1,0,0,1,1,0.519288
0,1,0,1,0,0,1,1,0,1,0,1,0,1,0,0,1,1,0,0,1,0,1,1,1,1,0,0,1,0,1,0,0.692535
0,0,1,0,0,1,1,1,0,0,1,0,1,1,0,1,0,1,0,1,1,1,1,1,1,0,1,1,1,1,1,0,0.721760
1,0,1,1,1,1,0,1,0,1,0,1,1,0,0,0,1,1,1,0,0,0,0,1,0,1,1,1,1,0,0,1,0.579097
0,0,1,1,0,1,0,1,1,0,0,1,0,1,0,1,0,0,0,1,0,0,0,1,1,0,1,0,0,1,1,1,0.728208
1,0,0,1,0,1,0,1,1,1,1,1,0,1,0,0,1,0,1,1,1,1,0,0,1,0,1,0,1,1,0,0,0.618313
0,0,1,1,0,1,1,1,0,1,0,0,1,1,1,0,1,1,1,0,0,0,1,0,1,0,1,0,0,1,1,1,0.592231
1,1,1,1,0,0,0,1,0,0,1,1,0,0,1,0,1,0,0,1,1,0,1,0,0,1,0,1,0,0,0,0,0.616981
1,0,1,0,1,1,1,0,1,1,0,1,1,1,1,1,1,0,0,1,0,1,0,0,0,0,1,1,0,0,0,1,0.537750
1,0,0,1,0,1,0,0,0,0,1,0,0,0,1,0,1,0,0,1,0,1,1,1,0,1,1,1,0,0,1,1,0.669277
1,1,1,1,1,0,0,1,0,0,0,1,1,1,0,0,1,0,0,0,1,1,0,0,1,0,1,0,0,0,1,0,0.750480
0,1,1,1,1,1,1,1,1,0,0,0,0,1,0,1,0,1,1,1,1,1,0,1,0,0,1,0,1,1,0,0,0.564178
1,1,0,0,0,0,1,1,0,1,1,1,1,1,0,0,0,0,0,0,0,0,1,1,0,1,1,1,1,1,1,0,0.644901
0,1,0,0,1,0,0,1,1,1,0,1,0,0,1,0,0,0,0,0,1,1,0,1,1,1,0,0,0,0,1,0,0.715473
1,0,1,1,0,0,1,1,1,1,0,1,0,0,1,0,0,1,1,0,1,1,1,0,1,1,0,1,1,0,1,1,0.534767
0,0,0,1,0,0,1,0,1,0,1,0,0,1,1,0,1,1,0,1,0,1,0,1,1,1,1,1,0,1,0,0,0.640212
1,1,1,0,0,0,1,1,1,0,0,0,0,1,1,0,0,1,1,0,0,1,0,1,0,1,0,1,1,1,1,0,0.587596
0,0,0,0,0,1,1,0,1,1,0,0,1,0,0,0,0,1,1,0,1,1,0,1,1,0,1,1,1,1,1,1,0.642157
0,0,1,0,1,1,1,0,1,1,1,0,1,1,0,1,1,0,0,1,0,1,0,1,1,0,0,1,0,0,1,0,0.575128
0,1,1,1,1,0,0,0,1,1,0,0,0,0,0,1,1,0,1,1,0,1,0,1,1,0,1,1,0,1,1,1,0.367807
1,1,0,0,0,1,1,0,1,1,0,0,0,1,1,1,0,0,0,0,1,0,1,0,0,1,0,0,0,1,0,1,0.631341
1,1,1,1,0,1,1,0,1,0,0,0,1,0,1,0,0,1,1,1,0,0,1,1,0,0,0,0,0,0,1,0,0.630275
0,0,0,1,0,0,0,0,1,0,0,0,0,1,1,0,0,1,0,1,0,0,0,1,0,1,0,1,1,1,0,1,0.785779
0,0,0,1,1,1,1,0,1,0,0,1,0,1,1,1,1,1,1,1,1,0,1,1,1,1,1,1,0,0,1,0,0.503010
0,0,1,1,1,1,1,0,1,0,1,1,0,1,1,1,1,1,1,1,1,0,1,0,1,0,1,1,1,0,0,1,0.578112
0,0,0,0,0,0,0,0,1,1,1,1,0,0,0,1,0,1,0,1,1,0,1,0,0,0,0,1,1,1,0,1,0.777387
1,1,1,1,0,1,0,1,0,0,1,1,1,0,1,0,1,0,0,0,1,1,1,0,1,0,0,0,0,0,1,0,0.635870
0,1,0,1,0,0,1,1,1,0,0,0,1,0,1,0,0,1,1,1,1,1,1,0,1,0,0,0,0,0,1,0,0.647911
1,1,1,0,0,1,0,1,0,0,0,1,0,0,1,1,0,0,0,1,1,0,1,1,0,0,1,0,0,1,1,0,0.686647
0,1,0,1,0,1,0,0,1,0,1,0,0,0,1,0,0,1,0,0,0,0,1,1,0,1,0,0,0,1,0,0,0.749334
1,0,1,0,1,1,0,0,0,0,1,0,1,0,0,0,1,0,0,1,1,1,0,1,1,0,0,0,0,0,0,1,0.689232
1,1,0,1,0,0,1,1,0,1,0,1,0,0,0,1,0,1,0,0,0,0,1,0,1,0,1,1,1,1,1,0,0.641065
1,1,1,1,1,1,0,0,1,0,0,0,1,1,0,0,0,0,0,1,1,0,1,0,0,0,1,1,1,1,0,1,0.605685
0,0,1,1,0,1,0,1,1,1,0,1,1,0,1,0,1,1,1,0,0,0,1,1,1,1,0,0,0,1,1,1,0.539775
0,0,1,1,1,0,0,1,1,1,0,0,0,0,0,0,1,1,1,0,0,0,1,1,1,0,0,1,0,0,1,0,0.641517
0,0,1,0,1,0,0,0,0,1,0,1,0,1,1,0,1,1,1,1,0,1,0,0,1,0,1,0,0,0,1,1,0.597959
1,0,1,1,1,1,1,1,1,0,0,0,1,1,0,0,0,1,1,0,0,1,0,0,1,0,1,1,0,1,1,1,0.519928
0,1,1,0,0,1,0,0,1,0,0,0,0,1,0,0,0,1,0,1,1,0,1,0,0,1,1,0,1,1,1,1,0.626598
1,1,0,1,0,0,1,0,1,1,1,1,1,1,0,1,1,1,1,1,1,0,1,1,0,1,0,0,1,0,0,1,0.523524
1,0,0,1,1,1,1,0,0,1,1,1,1,1,0,1,1,1,1,1,0,1,0,0,1,0,0,1,1,0,0,0,0.584452
0,1,0,1,0,1,1,1,0,1,1,0,0,1,0,0,1,1,0,0,1,0,1,1,1,0,0,0,0,0,0,0,0.690910
0,1,0,1,1,0,0,0,0,1,0,1,0,1,0,0,1,0,0,0,0,1,0,0,0,0,1,1,1,1,0,1,0.687766
1,1,0,0,0,0,1,0,0,0,1,0,1,0,1,0,0,0,1,0,1,0,0,1,1,0,0,0,1,1,0,0,0.671355
0,0,0,1,0,0,1,0,0,0,0,1,0,1,0,1,0,0,1,0,0,0,1,0,1,0,1,1,1,1,0,0,0.810608
