1,0,1,1,1,1,1,1,1,1,1,1,1,0,0,1,1,0,0,0,0,0,0,1,1,1,0,0,0,0,0,0,0.692949
0,0,1,1,0,0,0,1,0,1,0,1,1,0,0,0,1,0,1,1,0,0,1,1,1,0,1,1,1,1,0,0,0.629365
1,0,1,1,0,1,0,1,0,1,0,1,1,0,0,0,1,0,0,0,1,0,1,1,1,1,1,0,1,1,0,1,0.631448
0,1,0,0,1,0,1,1,0,0,0,1,1,0,0,1,1,0,0,0,1,0,1,0,1,0,0,1,1,0,0,1,0.606371
0,0,0,0,0,0,1,1,0,0,1,1,1,1,1,1,0,1,0,0,1,1,0,1,1,0,1,0,1,0,0,0,0.590632
0,1,1,0,1,0,0,1,0,0,1,0,0,0,0,0,0,1,0,1,0,1,0,1,0,0,1,0,1,0,1,1,0.585034
0,0,1,0,0,0,0,0,1,1,1,1,1,1,0,0,1,0,0,1,0,1,0,1,0,0,1,1,1,1,0,1,0.628963
0,0,1,1,1,1,0,1,1,0,0,1,0,1,0,1,1,0,1,0,0,0,1,1,1,0,1,0,0,0,1,0,0.625574
0,0,0,1,1,1,0,1,0,1,0,0,0,1,1,1,1,0,0,0,1,0,1,0,0,0,0,0,0,1,0,0,0.591761
1,1,0,0,0,1,0,1,0,1,0,0,0,0,1,0,0,0,0,1,0,1,1,1,0,1,1,0,0,1,1,1,0.648869
0,1,1,0,0,0,0,1,0,0,1,1,1,1,1,1,1,1,1,0,1,1,0,1,1,0,0,1,0,0,0,0,0.632753
0,0,1,0,1,1,0,1,0,0,0,1,0,1,0,0,1,1,1,1,0,1,0,1,1,0,0,0,0,1,1,1,0.604990
1,1,1,0,1,0,1,0,1,1,1,0,1,0,0,1,1,1,0,0,1,1,1,0,0,0,0,0,0,0,0,1,0.619575
0,1,0,1,0,0,0,0,1,1,0,0,1,0,0,0,1,0,1,1,0,0,1,0,1,0,0,1,1,0,1,1,0.646409
1,0,0,1,1,1,0,1,1,1,1,1,0,0,0,1,0,1,0,1,1,1,1,0,1,0,1,0,1,1,0,1,0.632502
1,1,0,0,0,1,1,1,0,1,0,1,1,0,1,0,0,1,1,1,0,0,0,1,1,0,1,0,1,0,1,0,0.617993
1,0,0,0,0,1,1,0,1,1,1,1,1,0,0,0,0,1,1,1,1,0,0,1,0,0,0,0,0,1,1,0,0.615609
1,0,1,1,0,0,1,1,0,0,0,0,0,0,1,0,0,1,0,1,1,1,1,1,0,1,0,1,1,1,1,0,0.616964
0,1,0,0,1,1,1,0,0,0,1,0,0,0,1,1,0,0,1,0,0,0,1,1,0,0,1,0,1,1,1,0,0.579336
0,1,1,1,0,1,0,1,1,0,0,1,1,0,0,1,1,1,0,0,0,0,0,0,1,0,0,1,1,1,0,0,0.657755
1,0,0,1,1,1,1,0,1,0,0,1,1,1,1,0,1,0,0,0,0,1,1,1,0,1,0,1,1,1,1,0,0.633707
1,0,0,0,0,0,1,1,1,1,0,1,0,0,1,0,0,1,1,1,1,1,0,0,1,0,1,0,1,0,1,1,0.635339
1,1,0,1,0,0,1,0,1,0,0,1,0,1,1,0,0,1,1,1,0,0,1,1,0,1,0,0,1,0,1,1,0.627758
0,1,1,1,1,1,0,0,0,0,1,1,1,0,1,1,0,1,1,0,0,0,1,0,0,0,1,1,1,1,1,1,0.670206
1,1,1,1,1,1,1,0,0,1,1,0,1,1,0,0,1,0,1,0,0,1,0,0,1,0,0,0,0,1,1,0,0.645280
1,1,0,0,0,1,0,1,1,1,1,1,0,0,0,0,1,1,0,0,0,1,0,0,0,0,1,1,0,0,0,0,0.670156
1,1,1,1,0,1,1,0,0,1,1,1,1,1,0,0,1,0,0,0,0,1,0,0,0,0,0,1,1,0,1,1,0.640585
0,0,0,1,0,1,0,1,1,1,1,1,1,0,0,0,0,0,0,1,1,1,1,1,0,1,0,1,0,1,1,0,0.617240
1,0,1,0,0,0,1,1,0,0,0,0,0,0,0,0,0,0,0,1,1,1,0,0,1,0,1,1,0,0,1,1,0.598740
0,1,0,0,0,0,1,0,0,1,1,0,0,0,1,0,0,0,0,1,0,1,1,1,0,1,1,1,0,1,1,1,0.589025
0,0,0,0,1,1,0,0,0,1,0,0,1,0,1,1,0,0,1,1,0,1,0,1,1,1,1,1,0,0,1,1,0.596280
0,0,0,1,0,1,1,0,1,1,0,1,1,1,1,0,1,0,1,0,1,0,1,1,1,0,1,0,0,1,0,0,0.618244
1,1,0,0,0,1,0,0,1,0,1,1,0,0,1,0,0,0,1,1,1,1,1,1,0,0,0,1,1,1,1,1,0.628988
1,1,1,1,1,1,0,0,0,0,0,0,1,0,0,1,1,0,0,1,0,1,1,1,1,1,0,0,0,1,0,0,0.621131
1,1,1,0,1,1,0,1,0,1,0,0,1,0,1,0,1,1,1,1,1,0,0,1,0,1,1,1,0,0,0,1,0.619951
0,1,0,0,1,0,1,0,1,1,0,1,0,0,0,0,0,1,1,1,1,1,0,1,0,1,0,1,0,0,1,0,0.633306
1,1,0,1,1,0,1,1,0,1,1,1,1,0,0,1,1,0,0,1,1,0,0,1,1,0,1,1,1,1,1,0,0.628486
0,1,1,1,0,1,1,1,0,0,0,1,0,0,0,1,0,1,1,1,0,0,0,0,0,0,1,0,1,0,1,0,0.632578
0,0,0,0,0,1,0,0,1,0,1,0,1,1,0,0,1,1,1,1,1,0,1,0,0,1,0,0,1,1,0,0,0.635465
1,1,0,0,1,0,0,1,0,0,0,1,0,0,1,0,0,1,0,0,0,1,0,0,1,1,1,1,0,0,1,0,0.600949
1,1,1,1,1,0,1,0,1,1,1,0,1,0,0,1,0,0,0,0,1,0,1,0,1,0,1,0,1,0,0,0,0.622964
1,0,1,1,0,0,1,0,0,1,1,0,0,1,1,0,0,1,1,0,0,0,1,0,1,0,0,0,0,1,1,1,0.626478
0,1,0,0,1,1,0,0,1,1,0,1,0,1,0,1,1,0,1,0,0,0,0,0,1,0,0,1,0,0,1,0,0.606346
0,0,1,0,1,1,0,1,1,1,1,1,1,0,0,0,0,0,1,0,1,0,0,0,0,1,1,1,1,1,0,0,0.655973
0,1,1,0,1,0,1,0,1,0,0,1,1,1,1,1,0,1,1,0,0,0,0,0,1,0,1,1,0,0,1,1,0.639933
0,0,1,0,0,0,0,0,1,1,0,0,0,0,0,0,0,0,1,1,0,1,0,0,1,1,0,1,1,1,1,1,0.634486
0,1,1,0,1,1,0,0,0,0,1,0,1,0,0,1,0,1,1,1,1,0,0,0,1,1,1,1,0,1,1,0,0.638728
1,0,0,1,0,0,0,0,1,0,1,1,1,0,0,0,0,1,1,1,1,0,1,0,0,1,1,1,0,1,0,0,0.623139
0,0,0,0,0,1,1,1,1,0,0,1,0,1,0,1,0,0,1,0,1,1,1,0,0,1,1,1,0,1,1,1,0.577378
1,0,0,0,1,0,1,1,0,0,0,0,1,1,1,0,1,0,1,0,0,1,0,1,0,0,0,0,0,1,1,1,0.586164
0,0,0,0,0,0,0,1,0,1,1,0,0,1,1,1,0,0,0,1,1,1,1,0,1,1,1,1,0,0,0,1,0.536712
1,1,0,0,1,1,1,1,1,0,0,0,0,1,1,1,0,1,1,1,0,0,1,0,1,1,0,1,0,1,0,0,0.625926
0,1,0,1,0,0,0,1,1,1,0,1,1,1,1,1,1,1,0,0,0,0,1,0,1,0,1,1,0,0,0,0,0.628838
0,1,0,1,1,0,1,1,0,1,1,0,1,0,0,1,0,1,1,0,0,0,0,0,1,1,1,0,1,1,0,1,0.640058
1,1,1,1,1,1,0,0,1,1,1,1,0,1,0,0,0,0,1,0,0,0,0,1,1,0,0,1,0,1,0,1,0.665512
1,1,1,1,0,1,0,0,1,0,1,0,1,0,0,1,1,0,0,1,0,1,0,0,1,0,1,1,0,1,1,1,0.623315
0,1,0,1,0,0,0,1,1,1,1,1,1,1,0,1,1,0,1,1,1,0,1,1,1,1,1,1,0,0,0,0,0.665236
0,0,0,1,0,1,1,0,0,1,1,0,0,0,1,1,1,0,1,1,1,1,1,0,1,1,1,0,1,1,0,0,0.635766
0,0,0,1,0,1,1,0,1,1,1,1,0,0,0,0,1,1,0,1,0,0,0,0,0,1,1,1,0,1,1,1,0.603057
1,1,1,1,1,0,1,1,1,0,1,1,0,0,1,0,1,1,0,1,0,0,1,0,0,1,0,1,1,0,1,0,0.658759
0,0,0,0,1,0,0,1,1,1,1,0,1,0,0,0,1,0,1,0,1,0,0,0,0,0,0,0,0,0,0,1,0.564199
0,1,0,0,0,0,1,1,1,1,1,1,1,1,0,1,1,0,0,1,1,1,1,1,0,0,1,1,1,1,0,0,0.647313
1,1,1,0,1,1,0,0,1,0,1,1,0,0,0,1,1,0,1,0,1,1,1,0,0,1,1,0,0,0,1,0,0.598890
0,1,0,1,1,0,1,0,0,1,1,0,1,1,1,0,1,0,0,0,0,0,1,0,1,0,1,1,1,0,0,1,0.615935
0,0,0,0,1,1,1,1,1,0,0,0,1,1,0,0,1,1,0,1,0,1,0,0,0,0,0,0,1,0,0,0,0.595753
1,0,0,1,0,0,1,1,1,0,1,1,0,0,1,0,1,0,1,1,0,1,1,0,1,1,1,0,0,0,1,0,0.633406
0,0,1,0,1,0,1,1,1,0,1,0,1,0,1,0,1,1,0,1,1,1,1,1,1,0,1,0,0,0,0,0,0.617115
0,1,0,0,1,0,0,0,1,1,0,0,0,1,1,1,0,1,1,1,1,1,1,1,0,1,1,0,1,0,1,0,0.633080
1,0,1,1,0,1,0,1,1,1,0,0,1,1,1,0,1,1,1,1,1,1,1,0,0,1,0,0,0,1,0,1,0.625022
0,1,0,0,0,0,1,0,1,0,0,0,1,0,1,0,1,1,1,1,0,0,1,1,0,1,1,1,0,0,0,0,0.628260
1,0,0,0,1,1,0,1,0,1,1,1,0,0,1,0,1,0,0,1,1,1,1,1,1,1,0,0,1,1,0,1,0.620453
0,1,1,0,0,1,1,1,1,1,1,1,0,0,1,1,1,0,1,0,0,1,1,0,0,1,0,0,1,0,0,1,0.630821
0,1,1,0,0,0,0,1,1,0,0,1,0,0,0,0,1,0,0,0,0,1,0,1,1,1,0,0,1,0,1,0,0.607802
0,0,0,0,1,0,1,1,0,1,0,1,1,1,0,1,1,0,0,0,1,0,0,0,0,0,1,1,1,1,1,1,0.618822
0,1,0,0,1,1,0,1,0,0,1,0,0,0,0,0,1,0,0,1,1,1,1,0,1,1,1,0,1,0,1,0,0.620679
1,1,1,1,0,1,1,1,0,1,0,1,0,0,0,0,1,1,0,1,0,1,1,0,1,1,1,1,0,0,1,0,0.655270
1,1,1,1,0,1,0,0,1,1,0,0,1,1,0,1,0,1,0,0,1,0,0,0,1,1,1,1,0,0,0,1,0.606898
1,0,0,0,0,0,0,0,0,0,1,0,1,1,1,1,0,1,0,0,1,1,0,0,0,1,1,0,0,0,1,0,0.598238
1,1,0,1,1,0,1,1,1,0,0,0,1,1,0,0,0,1,1,0,1,0,0,0,0,0,1,1,0,1,1,1,0.614379
1,0,0,0,0,1,0,0,0,0,1,1,0,0,0,1,1,0,1,1,0,0,0,1,1,0,1,1,1,0,0,0,0.607149
0,1,0,0,1,0,0,0,0,1,0,1,0,1,0,0,0,0,1,0,1,0,1,0,0,1,0,1,0,1,1,0,0.601451
0,0,0,1,1,1,1,1,0,0,1,0,0,1,1,0,0,0,1,0,1,0,1,0,0,0,1,1,0,0,1,1,0.554033
1,1,0,0,0,0,0,1,1,1,1,1,0,1,0,0,0,1,1,0,0,1,0,0,0,0,0,0,1,1,1,1,0.612973
1,1,0,1,1,0,1,1,1,0,1,1,1,0,0,0,1,1,0,0,0,1,1,1,1,0,0,0,1,1,1,0,0.606999
1,0,0,0,1,0,0,1,0,1,1,1,1,0,0,0,0,1,0,0,1,0,0,0,1,1,1,1,0,1,1,0,0.623014
1,1,0,0,0,0,1,0,1,1,1,0,0,1,0,0,1,1,0,1,0,0,0,0,1,0,1,0,1,1,1,1,0.723850
1,1,1,1,1,0,0,0,0,0,0,0,0,1,0,0,0,1,1,1,0,1,0,0,0,0,0,0,0,1,1,0,0.629289
1,1,1,0,0,1,1,0,1,0,1,1,1,1,0,0,0,0,1,0,0,0,0,0,1,0,0,0,1,0,1,0,0.618370
1,0,1,1,1,1,1,0,1,1,1,0,1,0,1,0,1,0,0,1,1,1,0,0,0,0,1,1,0,0,1,1,0.623817
1,0,0,1,0,0,1,0,1,0,0,1,0,0,1,0,1,1,1,1,0,1,1,0,0,1,0,0,0,1,0,1,0.610362
0,0,0,1,1,0,1,1,1,1,1,1,1,0,0,1,1,1,0,0,1,0,0,1,0,1,0,0,0,0,1,1,0.633958
0,0,1,0,0,1,0,1,1,0,1,1,1,0,1,1,1,0,1,0,0,0,0,1,1,1,0,1,0,0,1,0,0.625273
0,1,1,0,1,1,0,0,0,1,0,0,0,0,0,0,1,1,1,0,1,1,1,1,0,1,1,0,0,1,0,1,0.610387
0,0,1,0,1,0,0,0,1,0,1,1,0,1,1,0,0,1,1,1,0,0,1,0,1,0,1,0,1,0,0,0,0.633783
1,1,0,0,1,0,0,0,0,0,1,0,0,0,0,0,0,0,0,0,0,1,1,0,0,1,0,1,0,0,1,1,0.608931
1,0,1,1,0,0,1,1,1,0,1,1,0,0,1,0,0,1,1,1,1,0,1,1,1,0,0,0,1,0,0,0,0.624194
1,1,0,1,0,1,0,0,0,1,1,1,1,0,1,0,0,1,1,0,0,0,1,0,0,1,1,0,1,1,0,0,0.638176
0,1,1,1,1,0,1,0,0,0,0,1,0,1,1,0,1,1,1,1,1,1,1,1,0,0,0,0,1,0,1,1,0.599192
0,0,1,1,0,1,1,0,0,0,0,1,1,1,1,0,0,0,1,0,0,1,0,0,1,0,0,1,1,0,0,1,0.615332
0,0,1,0,0,0,0,0,1,1,0,0,1,1,1,1,1,1,0,0,1,0,0,1,1,0,1,1,1,1,0,1,0.704948
0,1,0,0,1,1,1,0,1,0,0,1,0,1,0,0,0,0,1,1,1,0,0,1,0,0,1,0,0,1,1,0,0.611266
0,0,0,1,0,1,0,0,0,0,0,1,0,0,1,0,1,0,1,0,1,0,0,1,1,1,0,0,0,1,1,0,0.574315
0,1,0,0,0,1,1,0,1,1,1,0,0,0,1,0,0,0,0,0,1,0,0,0,0,0,0,0,1,1,0,1,0.616889
1,0,1,0,1,0,1,1,1,1,1,0,1,0,0,1,0,0,0,0,0,1,1,0,1,0,0,1,1,0,1,0,0.617115
0,1,0,1,0,1,1,0,0,1,0,1,1,0,0,0,1,1,1,1,1,1,0,0,1,1,0,1,0,1,1,0,0.654492
0,0,0,0,0,0,1,0,1,0,0,1,1,1,1,1,0,0,0,0,1,0,1,1,0,1,0,0,0,1,0,1,0.559630
0,1,0,1,0,1,1,1,1,1,1,1,0,0,0,0,0,0,0,1,0,0,0,0,1,1,0,1,0,1,1,1,0.604689
1,1,0,0,0,0,1,1,0,1,1,0,1,0,0,1,0,0,1,0,0,1,1,0,1,0,1,0,0,0,0,1,0.603334
1,0,0,0,0,0,1,1,0,1,1,0,0,0,0,1,1,0,1,0,0,0,1,1,1,0,1,1,1,0,0,1,0.617039
1,1,0,0,1,1,1,1,1,1,0,1,1,0,1,1,1,0,1,1,0,1,0,1,0,0,0,1,1,1,0,0,0.645254
1,0,1,0,0,1,0,1,0,0,1,1,0,1,1,0,1,0,1,1,1,0,0,1,0,0,1,0,1,0,1,1,0.623315
0,0,0,0,0,0,0,1,1,1,0,1,0,0,1,0,1,1,0,1,0,0,1,0,1,0,1,1,0,0,1,1,0.615232
1,0,0,0,0,1,0,1,0,0,0,1,0,0,0,0,1,1,1,0,1,0,0,1,0,0,1,0,0,0,0,1,0.614780
0,0,1,0,0,0,1,0,0,0,0,1,0,1,1,0,1,0,0,1,0,1,0,1,1,0,1,1,1,0,0,0,0.608956
1,0,1,1,1,0,1,0,1,1,1,1,0,0,1,1,0,1,1,0,0,0,0,0,0,1,0,1,0,1,0,1,0.672164
0,1,1,1,1,1,0,1,0,0,0,1,0,1,0,0,0,1,1,0,1,1,0,1,0,0,0,1,1,0,0,0,0.718101
1,0,1,1,0,0,0,1,0,0,0,1,1,0,0,0,0,0,1,0,1,1,1,1,0,1,1,0,0,1,1,0,0.625474
1,1,1,1,0,0,1,0,1,1,0,0,1,0,1,1,0,0,0,0,1,0,1,0,1,0,1,0,1,1,0,1,0.643447
0,1,0,0,0,0,1,0,1,1,0,1,1,1,0,1,1,0,1,0,0,0,0,0,0,1,1,1,0,1,0,1,0.613651
1,0,1,0,1,1,1,0,1,0,0,0,1,1,0,1,0,0,0,0,0,1,1,1,0,1,0,1,1,1,1,1,0.600522
0,1,1,1,1,1,1,0,1,1,1,1,1,0,0,0,0,0,0,0,0,1,1,0,1,0,1,1,0,1,0,0,0.745237
1,0,0,1,1,1,1,0,0,0,0,0,1,0,0,0,1,1,1,1,0,1,1,1,0,1,1,1,0,1,0,0,0.635163
1,1,1,1,0,1,1,1,1,0,0,1,1,0,1,0,1,0,0,1,0,1,0,1,1,1,0,1,0,1,1,1,0.630720
1,1,1,0,0,0,1,1,1,1,0,0,1,0,1,0,1,0,1,0,1,1,0,1,0,1,0,1,0,0,0,0,0.623666
1,0,1,1,0,1,1,0,1,1,0,0,0,0,0,0,1,1,0,1,1,0,1,1,1,1,1,0,1,1,1,0,0.655295
0,0,0,0,0,0,0,1,1,1,0,1,1,1,1,1,1,1,0,0,1,1,0,1,1,1,1,1,0,1,0,1,0.627909
1,1,1,1,1,0,0,1,1,0,0,1,1,1,0,1,0,1,0,0,1,0,0,1,0,0,1,1,0,1,0,0,0.675176
0,0,1,1,1,0,1,1,0,1,0,0,0,0,0,0,0,0,0,0,1,0,0,0,1,1,1,1,0,1,0,1,0.600472
1,1,0,0,1,1,1,0,1,0,0,0,1,1,1,1,0,1,1,1,1,0,0,0,0,0,0,1,1,1,1,0,0.621131
0,1,0,0,1,0,1,0,1,0,1,0,0,1,0,0,1,1,0,0,0,1,0,1,0,0,0,1,1,0,1,0,0.605693
1,1,1,1,1,0,0,1,0,0,1,0,0,0,1,0,0,0,1,0,0,1,0,0,1,1,0,1,0,1,1,1,0.615031
1,1,1,0,1,1,1,0,0,1,0,1,1,1,0,1,0,1,1,0,0,1,1,1,1,1,1,1,1,0,1,0,0.616236
1,1,1,1,0,0,1,0,0,0,0,0,0,0,1,0,0,0,0,0,0,1,0,0,0,0,0,1,1,0,1,0,0.622110
0,1,1,0,0,0,0,0,0,1,1,0,1,0,1,0,1,1,0,0,1,1,0,1,0,1,1,1,0,1,1,1,0.608756
0,0,0,1,1,1,1,1,0,0,1,1,0,0,0,0,0,1,1,1,1,0,0,0,1,0,0,0,0,0,0,0,0.615307
0,1,1,1,0,1,1,0,0,0,1,1,0,1,0,1,0,0,0,1,1,1,1,0,1,1,1,1,1,0,1,0,0.634737
1,0,1,1,0,0,1,1,1,0,0,1,0,0,1,1,1,0,0,1,0,0,0,1,1,0,0,0,1,0,1,1,0.667043
0,0,1,0,1,0,0,0,1,0,0,1,0,0,0,0,1,1,1,1,1,1,1,0,0,0,1,1,1,1,0,1,0.632678
0,0,1,0,1,0,0,1,1,0,0,1,1,0,0,1,0,0,1,0,0,1,1,0,1,1,0,0,0,0,0,1,0.607224
1,1,1,0,0,1,1,0,1,1,1,1,1,1,0,1,0,0,0,1,1,1,0,0,0,1,0,1,0,1,0,1,0.632553
1,0,0,1,0,1,0,1,1,1,1,0,1,1,1,1,0,0,1,0,1,1,0,1,0,0,0,1,0,1,0,0,0.624369
0,1,0,0,1,1,0,0,0,0,0,1,0,0,1,1,1,0,1,1,0,1,0,0,0,0,1,0,1,0,0,1,0.592138
1,1,0,0,1,0,1,0,0,0,0,0,1,0,0,0,1,0,0,1,0,0,1,1,1,1,1,1,1,0,1,0,0.686121
1,0,0,1,0,0,1,0,0,1,0,1,1,1,0,1,0,1,1,1,1,1,1,0,1,1,1,0,1,0,1,1,0.658910
1,1,0,0,0,1,1,1,0,1,0,1,1,0,1,0,0,0,0,1,0,0,1,0,1,0,0,1,1,1,1,0,0.626101
0,0,0,1,0,1,1,1,0,0,1,1,0,1,0,1,1,0,1,0,0,0,1,1,1,0,0,0,1,0,1,0,0.606973
1,0,0,0,0,0,1,0,1,1,0,0,0,0,0,0,0,0,1,0,1,0,1,0,1,1,0,1,1,0,0,0,0.633080
1,0,1,1,0,1,1,0,0,0,0,1,0,0,1,0,1,0,0,0,1,0,0,1,1,1,0,0,1,1,0,1,0.614479
0,1,0,0,0,1,0,0,1,0,1,1,1,0,0,0,0,1,1,0,1,0,1,1,1,1,1,0,1,0,0,0,0.623792
0,1,0,0,0,0,1,1,0,1,0,0,0,0,1,0,1,0,1,1,0,1,0,1,1,0,1,0,1,0,0,0,0.610262
1,0,1,0,0,0,0,1,1,0,1,0,0,0,1,1,1,0,1,1,1,0,0,0,1,0,1,1,0,0,0,0,0.645756
0,1,0,0,0,1,0,1,1,1,0,1,0,1,1,1,0,0,1,0,1,1,0,1,0,0,0,0,0,1,0,1,0.700555
1,0,1,0,1,0,1,0,0,1,1,0,1,1,1,0,0,1,0,0,0,0,1,1,0,0,1,0,0,0,1,1,0.588222
0,1,0,0,0,0,1,1,0,1,0,0,0,0,1,1,1,1,1,1,0,1,1,1,0,1,0,0,0,1,1,0,0.622085
1,0,0,1,1,0,0,0,1,0,0,1,0,0,1,0,0,0,1,1,0,1,0,1,1,1,0,1,0,0,0,1,0.598012
0,1,1,1,1,1,0,0,1,1,0,1,0,1,0,1,0,0,1,1,1,1,1,1,1,1,0,0,0,1,1,1,0.565304
1,1,0,0,0,0,0,0,0,0,0,0,1,0,0,1,0,1,0,0,0,1,1,1,1,0,1,1,1,1,1,0,0.650024
1,0,0,1,0,1,0,0,0,0,0,0,1,1,1,0,0,0,1,1,0,0,1,1,1,1,0,1,1,0,0,1,0.633758
0,1,0,0,1,1,0,1,1,1,1,0,1,0,0,0,0,1,1,1,0,0,0,0,1,1,0,1,1,0,0,0,0.623064
1,1,0,1,1,1,0,1,0,1,1,0,0,1,1,0,1,1,0,0,1,1,0,0,0,1,1,1,0,1,1,0,0.649145
1,0,1,0,1,0,0,1,1,1,1,1,1,0,1,1,1,0,1,0,0,1,1,1,0,0,1,1,1,1,0,1,0.627808
1,1,1,1,1,1,0,0,1,0,1,0,1,0,0,0,1,1,0,1,1,1,0,1,0,1,1,1,1,1,0,1,0.638075
0,0,0,1,1,0,0,1,0,1,0,1,0,0,0,1,0,1,0,0,1,0,1,1,0,1,0,1,1,0,1,0,0.584281
1,0,1,0,0,0,1,0,0,1,0,0,1,0,1,0,0,1,1,1,0,0,0,1,1,1,0,1,1,0,0,1,0.633105
0,0,0,1,0,1,0,1,1,1,1,0,0,0,0,0,1,1,0,1,0,1,1,1,1,0,1,1,0,1,1,1,0.667595
0,0,1,1,0,0,1,0,0,1,1,0,0,1,0,0,1,0,1,1,1,0,0,0,1,1,1,0,0,1,1,0,0.631825
0,0,0,1,0,1,0,0,0,0,1,1,1,0,0,1,0,1,0,0,1,1,0,1,1,1,0,1,1,1,1,0,0.636218
1,1,0,0,0,1,0,1,1,0,0,1,0,1,1,0,0,1,1,0,1,1,0,1,0,1,0,0,1,0,0,1,0.628235
0,1,0,1,0,1,1,1,1,0,1,0,1,1,0,1,1,1,0,0,0,1,1,0,1,1,1,1,0,1,1,0,0.650074
1,1,1,0,1,0,1,1,1,0,0,1,1,0,0,1,1,1,1,0,1,1,1,1,0,0,0,1,1,1,1,0,0.619223
0,0,0,1,0,1,1,0,1,1,1,1,0,1,0,1,0,0,1,0,0,1,1,1,0,0,1,0,0,0,0,0,0.624771
0,1,1,1,1,0,0,1,0,0,1,0,1,1,0,1,0,1,0,0,1,0,1,0,0,1,0,1,0,0,0,1,0.619951
1,0,1,0,1,1,1,0,1,1,1,0,1,0,0,0,0,0,1,0,0,0,0,1,0,1,0,0,0,1,0,0,0.628511
0,1,1,0,0,1,0,1,0,0,1,0,0,0,1,1,0,0,0,1,1,0,0,0,1,0,0,1,0,1,1,0,0.589954
0,0,0,0,1,0,1,1,0,0,0,1,0,1,0,1,1,1,0,0,0,0,1,1,1,1,1,1,1,0,0,1,0.635816
0,1,1,0,1,1,0,1,1,1,0,0,0,1,1,1,1,0,1,0,0,1,1,1,1,1,0,1,0,0,1,1,0.663931
0,1,1,0,1,1,1,1,1,0,0,0,0,0,1,1,1,1,1,1,0,0,1,1,1,0,0,1,0,1,0,1,0.645756
1,0,1,1,0,1,1,0,0,0,1,1,0,1,0,1,0,1,0,0,0,1,0,0,1,0,0,1,0,1,1,0,0.619299
1,0,1,1,0,1,0,1,1,0,1,0,0,1,0,1,1,1,1,1,1,1,1,0,1,0,1,1,0,1,0,1,0.640460
1,1,1,1,1,1,1,0,0,0,0,0,1,0,1,1,0,1,0,0,1,1,1,0,1,1,1,0,0,0,1,1,0.620679
1,0,1,1,0,1,1,0,0,1,0,1,1,1,1,0,0,0,0,1,1,1,0,1,1,1,1,0,1,1,1,1,0.632126
0,1,1,1,1,0,0,0,1,0,0,1,0,0,1,0,1,0,0,1,1,1,0,1,1,1,0,0,1,1,0,1,0.624620
0,1,0,1,0,0,1,1,0,1,1,0,0,1,0,1,0,0,0,0,0,1,1,1,0,1,1,0,0,1,1,0,0.652258
1,1,0,1,1,0,0,0,0,0,1,0,1,1,1,1,1,0,0,1,0,1,1,0,0,0,1,0,0,0,0,0,0.626528
0,0,0,1,0,0,0,1,0,1,1,1,1,0,0,0,1,1,0,0,0,0,0,1,0,1,0,1,0,0,0,1,0.587118
0,1,0,1,0,0,0,1,1,0,1,0,0,0,1,0,0,1,0,1,0,1,0,0,0,1,0,0,0,1,1,1,0.579361
1,1,0,0,1,0,1,1,0,1,1,1,0,0,0,0,0,1,0,0,1,1,0,1,0,1,1,0,1,1,1,0,0.634310
0,0,1,1,0,1,0,0,1,1,0,1,0,1,1,0,0,1,0,0,0,1,1,0,1,1,1,0,1,0,1,0,0.633933
1,1,0,1,1,0,1,0,0,1,0,1,0,1,1,0,1,0,0,1,1,1,1,0,0,0,1,0,0,0,1,1,0.613726
1,0,1,0,0,0,1,1,0,1,1,0,0,1,1,0,0,1,0,0,0,1,0,1,0,1,1,1,1,0,0,1,0.614655
0,0,1,1,1,1,0,1,0,0,1,1,0,1,1,0,1,1,0,1,0,0,1,1,0,0,0,1,0,1,0,1,0.669026
0,0,0,1,0,1,0,1,0,0,0,1,1,1,1,0,1,0,1,0,0,1,0,1,1,1,0,1,1,0,0,0,0.662600
0,0,1,0,0,1,0,0,0,1,1,1,1,0,1,0,1,0,0,0,1,0,1,0,1,0,1,1,0,0,0,0,0.671386
1,0,1,1,0,1,1,1,1,1,0,0,1,1,1,1,1,0,1,1,1,0,0,0,0,1,0,0,0,0,0,1,0.643899
1,1,1,0,0,0,0,1,1,0,1,0,1,1,1,1,1,0,1,1,1,0,1,0,1,0,1,0,1,1,1,1,0.588900
0,1,1,0,1,0,1,0,1,1,0,1,0,0,0,1,1,0,0,1,1,1,1,1,1,1,1,0,1,1,1,1,0.609408
1,1,0,0,0,1,1,1,0,1,0,1,1,0,1,1,0,0,1,1,1,1,0,1,1,0,1,1,1,0,1,0,0.649974
1,1,0,0,0,1,0,0,1,0,0,1,1,0,1,0,1,1,0,1,0,1,1,1,0,0,0,0,1,1,0,0,0.646510
1,0,0,0,0,1,0,1,1,1,0,1,1,1,0,0,1,0,0,0,0,0,0,1,0,0,0,1,0,1,1,1,0.583653
1,1,1,0,0,0,1,0,0,1,0,0,0,1,0,0,0,0,0,1,0,1,1,0,0,1,1,0,1,1,0,1,0.597635
0,0,1,1,1,0,0,0,1,1,0,0,0,0,0,0,1,1,0,1,0,0,0,1,0,0,1,1,1,0,0,0,0.613324
1,1,1,1,1,1,0,1,1,1,0,0,0,0,1,1,1,0,1,1,0,0,0,1,1,0,1,0,1,1,0,1,0.618094
0,0,1,0,1,1,1,0,1,1,0,1,0,0,0,1,0,1,1,0,0,0,0,0,1,1,1,1,0,1,0,1,0.625549
1,0,0,1,0,0,0,1,1,1,0,0,1,1,1,1,1,0,0,1,0,1,1,1,1,1,1,0,1,1,1,1,0.574767
1,0,1,1,0,1,0,1,1,1,0,1,0,0,0,1,0,1,0,0,1,0,1,0,1,1,1,0,0,0,1,1,0.623566
0,1,1,0,1,1,1,0,1,0,1,1,0,1,0,0,0,0,1,1,1,0,0,0,1,0,1,1,0,0,0,1,0.707834
1,0,0,1,0,1,1,0,1,1,0,1,0,0,1,0,1,0,1,1,0,0,0,0,0,1,0,1,1,1,0,1,0.619851
1,0,1,1,1,0,0,1,0,1,0,1,1,0,1,0,1,0,1,1,1,1,0,1,0,1,0,1,0,1,1,0,0.636368
1,1,1,1,1,1,0,1,0,1,0,0,1,0,0,1,1,0,0,1,0,1,0,1,1,0,0,0,0,0,1,1,0.634360
1,1,0,1,1,1,1,1,0,0,1,1,1,0,1,1,1,1,0,1,1,0,0,0,0,0,1,0,0,0,1,0,0.616663
1,1,1,1,1,1,1,0,1,1,0,0,1,0,1,1,1,0,1,0,0,1,0,0,0,1,0,1,0,1,0,1,0.612345
0,1,1,1,0,1,1,0,1,0,0,1,0,0,1,0,0,1,0,0,0,1,0,0,0,0,0,1,1,0,0,0,0.772724
0,1,0,1,1,1,0,0,0,0,0,1,0,0,1,0,0,0,1,0,0,0,0,1,0,1,0,1,0,1,0,0,0.641640
1,0,1,0,0,0,0,1,0,0,1,1,0,1,1,1,0,0,0,0,0,0,0,0,0,1,0,1,1,0,0,1,0.638552
1,1,1,0,0,1,1,1,1,1,0,1,1,1,1,0,1,0,0,1,0,1,0,1,0,1,0,1,1,1,1,0,0.638301
1,1,1,1,0,1,1,1,0,0,0,0,1,0,0,1,1,1,1,1,0,1,0,1,1,0,1,0,0,1,0,1,0.632251
1,0,0,0,1,0,1,1,1,1,0,0,0,1,1,0,1,0,1,0,0,1,1,1,1,0,1,0,1,1,0,1,0.616186
0,1,1,1,1,0,1,0,0,1,0,0,0,0,0,1,0,1,1,1,0,0,1,1,1,1,1,0,0,1,0,0,0.617491
0,0,0,0,0,0,1,0,1,1,0,1,0,1,1,1,1,0,1,1,0,0,0,0,1,1,0,0,0,1,0,1,0.639782
0,0,0,0,0,0,0,1,1,1,0,1,0,1,0,1,0,0,1,0,0,0,0,1,1,0,0,1,0,0,1,0,0.614278
0,0,0,0,1,0,1,1,0,0,0,0,1,0,1,1,1,0,0,1,1,0,0,1,1,1,0,0,0,1,1,1,0.634511
1,1,1,0,1,1,1,0,0,1,1,0,0,1,1,1,1,1,0,1,1,0,1,0,1,1,0,1,1,0,0,1,0.632728
0,1,1,1,1,1,1,0,1,0,0,1,1,0,0,1,0,0,0,0,1,1,1,0,0,0,0,0,0,0,1,1,0.592314
0,1,0,1,0,1,1,1,1,0,0,1,0,0,1,0,1,0,1,0,0,1,0,0,0,1,1,1,0,0,1,0,0.603635
0,1,1,0,0,0,1,0,1,1,1,1,0,0,1,0,1,0,1,1,0,0,1,0,1,1,1,0,1,1,0,1,0.671135
0,1,0,1,1,0,0,1,1,0,1,0,1,1,0,1,1,1,1,0,1,0,1,0,1,1,1,0,1,0,1,0,0.644024
0,1,1,1,1,0,1,0,1,0,0,1,0,1,1,0,0,0,1,0,1,0,0,0,0,0,1,0,1,1,1,0,0.596958
0,0,1,1,1,1,1,1,1,0,0,1,0,0,1,1,0,1,0,0,0,0,0,0,0,1,0,1,1,0,1,1,0.638502
1,0,1,1,0,1,1,1,0,0,0,0,1,0,0,0,0,0,0,0,1,1,1,1,0,1,0,0,0,1,1,0,0.576700
1,1,1,0,1,0,0,1,0,1,0,1,0,1,0,1,0,1,0,0,1,0,0,0,1,0,1,1,0,1,1,1,0.626980
1,1,0,1,1,0,1,1,0,0,0,1,0,0,1,1,1,1,0,0,1,0,0,1,0,0,0,1,1,0,1,0,0.608655
0,1,0,0,0,1,1,1,0,0,1,1,1,1,0,0,0,1,1,1,1,0,1,0,1,1,0,0,0,1,0,0,0.624721
1,0,0,0,0,1,0,0,0,1,0,1,1,0,1,1,0,1,1,0,0,1,0,1,0,0,1,1,0,0,0,1,0.730627
0,1,0,1,1,0,1,0,0,0,1,0,1,1,1,1,0,0,1,0,0,1,0,0,0,0,1,1,1,0,0,0,0.594221
1,0,0,1,1,1,1,0,0,0,1,1,0,0,0,1,1,0,0,1,0,0,0,0,0,1,1,0,1,1,1,0,0.616111
1,0,0,0,0,0,1,0,1,1,1,1,0,1,0,1,1,1,0,0,1,0,1,1,0,1,0,1,1,1,1,0,0.631674
1,1,0,1,1,1,1,1,1,0,1,1,1,1,0,1,1,0,0,1,1,0,0,1,0,0,1,0,1,0,1,1,0.665211
0,1,0,1,0,1,0,1,0,0,1,0,0,1,1,1,0,0,0,1,0,0,1,0,0,0,0,0,0,1,0,1,0.602229
1,0,0,0,1,1,0,0,1,1,0,0,0,0,1,1,1,1,0,1,0,1,1,0,1,0,1,1,0,0,0,1,0.610739
1,0,0,1,1,0,1,0,1,0,0,0,1,1,1,0,0,1,1,1,1,1,0,0,0,1,0,0,1,1,1,1,0.631222
1,1,1,1,1,1,1,1,0,0,0,0,0,1,0,0,1,1,0,0,0,1,1,0,1,0,0,1,0,0,0,1,0.655120
1,0,0,1,0,0,1,1,0,0,1,1,1,1,1,1,0,1,0,0,0,1,0,0,0,0,0,0,1,0,1,0,0.614529
0,0,1,1,1,0,1,1,0,1,1,1,1,0,1,1,0,1,0,0,1,0,1,1,0,1,0,1,0,0,1,0,0.761604
1,1,0,1,0,1,0,1,1,1,0,1,0,1,0,0,1,1,1,1,1,0,0,1,0,1,0,1,1,1,1,0,0.627833
0,0,0,0,0,1,1,1,1,1,1,1,1,0,0,1,0,0,0,0,1,0,0,0,0,0,0,1,0,1,0,1,0.579612
1,1,1,1,0,0,0,0,1,0,0,1,0,1,0,0,1,1,0,1,0,1,0,0,1,0,1,1,0,0,0,1,0.628160
1,1,1,1,1,1,1,1,1,0,1,1,1,1,0,0,0,1,0,1,0,1,1,0,0,0,1,1,0,1,1,0,0.668449
1,0,0,1,0,1,0,1,1,0,1,1,0,1,1,1,0,0,1,1,1,1,0,0,0,1,0,0,0,1,1,1,0.663579
1,0,0,0,0,1,0,0,0,0,1,1,1,0,0,0,1,0,1,0,0,0,1,1,1,1,1,1,1,1,0,1,0.622160
0,0,0,1,1,0,0,0,1,1,0,1,1,0,0,0,0,0,0,0,1,1,1,1,1,1,0,0,0,1,1,0,0.616763
1,1,1,0,1,0,0,0,1,1,1,0,0,0,1,0,1,1,1,1,1,0,0,1,1,0,0,0,1,1,1,0,0.724527
0,0,1,1,0,0,0,1,0,1,0,1,0,1,0,1,1,1,0,0,0,1,1,0,0,1,1,0,0,1,0,0,0.620278
0,0,1,1,0,1,0,1,1,1,0,0,1,1,0,1,0,1,0,1,0,0,1,1,0,1,0,1,0,1,0,1,0.645380
0,0,0,0,0,1,0,1,1,0,0,1,0,0,0,0,0,1,1,0,0,1,1,1,0,1,0,0,1,0,0,0,0.582825
0,0,0,0,0,1,0,1,0,0,0,1,1,1,0,1,0,0,1,0,0,0,1,1,1,0,0,1,0,1,0,1,0.575144
1,0,1,1,1,1,1,0,0,1,0,1,0,0,1,1,1,0,0,1,0,0,1,0,0,0,0,0,0,1,0,0,0.631197
0,1,0,0,1,1,0,0,1,0,0,1,0,1,0,1,0,0,1,0,1,0,1,0,0,0,0,0,0,1,1,1,0.623943
0,0,0,1,1,0,0,0,0,1,0,1,1,1,1,0,1,1,0,1,0,1,0,1,0,1,0,1,0,1,0,0,0.622989
0,1,0,0,1,1,0,1,1,0,0,1,0,1,0,1,0,0,1,1,0,1,0,0,0,1,0,0,0,0,1,1,0.637699
1,1,1,1,0,0,1,0,1,1,0,1,0,1,0,1,1,1,0,0,1,0,0,1,1,0,0,0,0,1,1,1,0.628386
1,0,0,0,1,0,0,0,0,1,1,0,0,0,1,1,0,1,0,0,1,1,1,1,1,0,0,1,0,1,0,0,0.604614
0,0,1,0,1,0,0,1,0,1,0,0,0,1,0,0,1,0,0,0,1,0,1,0,0,1,1,1,1,0,1,0,0.603961
1,1,1,0,1,0,0,1,0,0,0,0,0,1,0,1,1,0,0,0,0,0,0,1,1,1,0,0,0,1,0,0,0.627457
0,0,0,0,1,1,1,1,1,0,1,1,1,0,0,1,1,1,1,0,1,1,1,1,1,1,0,0,0,1,1,1,0.555137
0,0,1,1,0,0,0,1,1,0,0,0,0,0,1,0,1,0,0,0,0,0,1,1,0,0,1,1,1,0,1,0,0.577403
0,1,0,0,1,1,1,1,1,0,1,0,0,0,1,1,1,1,1,1,1,1,1,1,1,0,1,1,1,1,1,1,0.594071
0,1,0,1,1,0,0,0,0,1,1,0,0,0,0,0,0,0,0,0,0,1,1,0,1,1,0,1,1,0,1,1,0.611391
1,0,1,0,0,1,0,0,0,0,0,1,0,0,1,1,0,1,0,0,1,1,1,1,1,1,0,0,1,1,0,1,0.626754
1,0,0,0,0,0,0,0,0,1,1,1,1,1,1,0,1,1,0,0,1,1,0,1,0,0,0,0,0,1,0,1,0.609007
0,1,0,1,1,1,0,1,0,0,0,1,0,1,0,0,1,1,0,1,1,0,1,1,1,0,1,0,0,1,1,0,0.612521
1,1,0,0,1,0,0,1,1,1,1,0,1,0,1,0,0,0,1,1,1,1,1,1,1,1,0,1,0,1,1,0,0.623842
0,0,1,1,1,0,0,1,1,1,0,1,1,1,0,0,0,1,0,0,0,1,0,1,1,1,1,0,1,1,0,1,0.610914
0,0,1,0,0,0,1,1,1,1,1,1,1,1,1,0,1,0,1,0,1,1,1,1,0,1,1,1,1,1,0,1,0.614805
0,1,1,0,0,0,1,0,1,1,1,0,1,0,1,1,1,0,0,1,1,0,0,0,0,1,1,0,1,1,0,0,0.625524
1,0,0,0,0,0,1,0,1,1,0,0,1,1,1,0,0,1,0,0,0,1,0,0,0,1,1,1,1,1,0,0,0.612647
0,0,0,1,0,1,0,0,0,0,0,0,1,0,1,1,0,0,0,0,0,1,1,0,0,0,0,1,0,1,0,0,0.492683
0,1,1,1,0,1,1,1,0,1,0,1,0,0,0,1,1,0,1,1,1,1,0,1,1,0,0,0,1,0,1,1,0.666943
0,1,0,0,0,1,1,0,1,0,0,0,0,1,0,1,0,1,1,1,0,0,0,0,0,0,0,1,1,1,0,1,0.595552
0,0,0,0,1,0,1,0,1,1,0,0,1,0,1,1,1,0,1,0,0,0,1,0,1,1,1,0,1,1,1,1,0.789467
0,1,1,1,1,0,0,0,1,0,0,1,1,1,1,1,1,1,1,0,1,1,1,1,0,1,1,0,0,1,0,1,0.642995
1,1,1,1,1,1,1,1,0,1,1,0,1,1,1,0,0,0,1,0,0,0,0,1,1,1,0,1,1,0,0,1,0.634887
1,0,0,1,1,1,0,1,0,1,1,1,0,0,0,1,1,0,1,0,1,0,1,0,1,1,0,0,1,0,1,0,0.631298
1,0,0,1,0,0,0,0,1,1,1,1,0,0,1,0,0,0,0,0,1,1,1,1,0,0,1,0,0,0,1,1,0.615332
1,0,1,0,1,0,1,0,1,1,1,1,1,1,1,0,0,1,1,0,0,0,0,1,0,1,0,0,0,0,1,0,0.620052
0,0,0,1,1,1,1,0,1,1,0,1,0,0,1,1,1,1,0,0,1,1,1,0,1,1,0,0,0,1,0,1,0.601501
1,0,1,1,1,1,1,0,0,0,1,0,1,0,0,1,0,0,0,0,0,0,0,0,1,0,0,0,0,1,0,1,0.554610
1,1,1,0,0,1,1,1,1,1,1,0,1,0,1,1,0,1,1,1,0,0,0,0,0,0,1,0,0,1,0,1,0.639406
0,1,0,0,1,0,1,1,0,0,0,1,0,1,0,1,0,0,1,0,0,1,0,0,1,0,0,1,1,1,0,1,0.591686
0,1,0,1,0,1,0,1,1,1,1,1,1,0,0,1,1,1,0,1,1,1,0,0,0,1,0,0,0,1,1,0,0.632302
0,1,1,0,1,1,0,1,1,1,1,1,1,0,1,1,1,1,1,0,0,1,0,1,1,1,0,0,1,1,1,1,0.557346
1,1,1,1,0,0,1,0,0,1,1,1,1,0,1,1,0,0,0,0,0,0,1,0,0,0,0,1,1,1,1,0,0.599393
1,1,0,0,0,1,0,0,1,0,1,0,0,1,0,0,1,1,0,1,0,0,0,1,0,1,1,1,0,1,0,1,0.601476
0,0,0,0,1,1,0,0,1,1,1,0,1,0,0,0,0,0,0,0,0,1,1,1,0,1,0,1,1,0,0,1,0.587820
0,1,1,1,0,0,1,1,0,1,0,0,0,1,1,1,0,0,0,0,1,1,0,1,0,0,1,1,1,1,0,1,0.627281
1,0,0,1,1,1,1,0,1,1,0,0,1,1,0,0,1,0,0,1,1,1,0,1,1,0,1,0,1,1,0,1,0.607802
0,1,1,0,0,0,1,0,1,0,0,0,0,1,0,0,0,1,1,1,0,1,1,0,1,0,1,0,1,1,1,1,0.650124
1,0,1,0,1,0,0,1,0,1,0,1,0,0,1,0,0,0,1,0,1,0,1,1,0,1,1,0,0,0,1,1,0.629917
0,0,1,1,1,0,0,0,1,1,1,0,0,0,0,0,1,1,0,1,0,0,1,0,1,0,1,0,0,1,1,0,0.623842
0,1,1,1,1,1,1,1,0,1,0,1,0,0,1,0,0,0,1,0,1,0,0,0,1,1,1,1,0,1,0,1,0.644100
1,1,1,0,0,1,0,1,1,0,1,1,0,1,0,0,1,0,0,1,0,1,1,1,0,1,0,0,1,0,1,0,0.624018
0,1,1,1,0,0,0,0,1,0,1,0,1,0,0,1,1,1,0,0,0,0,0,0,0,1,1,0,1,0,0,0,0.715993
1,0,0,1,1,1,0,0,0,0,1,0,0,0,0,0,0,0,0,0,1,0,0,0,0,1,0,0,0,0,0,0,0.604538
1,1,1,0,0,0,1,1,0,1,0,0,0,0,0,1,0,0,1,1,0,1,0,0,1,0,1,1,1,1,0,1,0.610914
1,0,0,0,1,1,1,1,1,1,0,1,1,1,1,1,1,1,1,1,0,1,0,1,0,0,1,1,0,0,1,1,0.716068
0,1,1,0,0,0,0,1,1,1,0,0,0,1,1,1,1,1,0,0,1,0,1,0,1,1,1,1,1,1,1,0,0.653990
0,1,1,0,0,1,1,1,1,1,1,0,0,1,0,1,0,1,0,1,1,1,0,0,0,0,1,0,1,0,1,1,0.630419
0,1,0,0,1,0,1,0,0,1,1,0,0,0,1,1,0,1,1,1,1,1,1,1,0,1,1,0,0,1,0,1,0.624570
1,1,0,1,0,1,0,1,1,0,1,1,1,1,0,1,1,0,1,0,0,0,1,0,1,0,1,1,0,1,0,1,0.639983
1,0,0,1,0,1,0,0,1,1,0,0,1,1,1,0,1,1,1,0,0,0,0,1,1,1,0,1,1,1,0,0,0.626578
1,1,0,0,0,0,1,1,0,1,1,0,1,0,1,0,0,0,1,0,1,0,1,0,0,0,1,1,1,1,1,0,0.617541
0,0,0,0,0,1,0,1,1,0,1,0,1,1,0,1,1,1,0,0,0,1,0,1,1,0,1,1,1,1,1,0,0.628411
1,0,0,0,1,0,1,1,0,0,0,0,0,1,1,1,1,1,0,1,1,1,1,1,1,0,1,1,1,1,0,0,0.652082
1,1,0,1,0,1,0,1,1,0,0,1,1,1,0,0,0,0,1,0,1,0,1,1,1,1,1,0,0,0,1,0,0.607425
0,0,0,1,0,0,0,1,1,0,1,1,1,0,1,1,0,1,0,0,1,0,1,0,0,0,0,0,1,0,1,1,0.651354
1,1,1,0,0,0,1,0,1,0,1,1,1,0,1,0,0,1,1,0,0,1,0,0,0,1,0,0,1,1,1,0,0.628787
0,1,1,0,1,1,0,1,1,1,1,0,0,0,1,1,1,0,0,1,1,1,1,1,1,1,1,1,1,1,1,1,0.593443
0,0,1,0,0,0,1,1,0,0,0,1,0,1,1,0,1,1,0,1,0,1,0,1,0,0,0,1,0,0,1,1,0.596205
1,0,1,0,0,1,1,1,0,1,1,0,0,1,1,1,0,0,1,0,0,0,1,0,1,0,1,0,1,1,1,0,0.644125
1,1,1,0,1,0,1,0,0,1,1,1,0,1,0,0,0,1,1,1,0,1,1,0,1,0,0,0,0,0,0,0,0.655320
1,0,0,1,0,0,0,1,0,1,1,0,0,1,0,0,0,1,1,0,1,1,1,0,0,0,1,1,0,0,0,0,0.614755
1,0,0,1,1,1,1,0,0,1,0,1,1,1,0,0,0,0,0,0,1,1,1,1,1,1,0,0,0,1,0,1,0.638627
1,0,1,0,1,0,0,0,1,1,0,0,1,1,1,1,0,1,1,0,1,1,1,0,0,0,1,1,1,1,1,0,0.645957
1,0,1,1,1,0,0,0,1,0,0,1,1,1,1,0,1,1,0,1,1,1,0,1,0,1,0,0,1,0,0,0,0.631749
1,1,0,0,0,0,1,1,1,0,0,1,0,0,0,1,1,1,1,1,1,0,0,1,1,1,1,0,0,1,1,1,0.631498
0,0,1,0,0,1,1,1,0,0,0,0,0,0,1,1,1,0,1,0,0,0,0,0,0,1,1,1,1,0,1,0,0.605166
1,0,1,1,1,0,1,0,0,0,1,0,1,0,0,1,1,0,1,1,0,1,1,1,1,1,0,0,1,1,1,1,0.721063
0,0,1,0,0,1,0,0,0,0,1,1,1,1,0,0,0,0,1,1,0,1,0,0,0,1,1,1,1,0,0,1,0.597736
1,0,1,1,0,0,1,0,0,1,0,0,1,0,1,1,1,0,0,0,1,1,1,0,1,1,1,1,1,1,0,0,0.658759
1,0,0,1,1,0,0,1,1,0,0,1,1,1,1,1,1,0,1,0,0,0,1,1,1,1,0,0,0,1,0,0,0.623039
0,1,0,0,0,0,0,1,1,1,0,1,1,1,1,0,0,1,0,1,1,1,0,1,0,0,0,0,1,1,0,0,0.619575
1,1,1,0,1,1,1,0,0,1,0,1,1,0,1,0,1,0,1,1,0,1,1,0,1,1,0,0,0,1,1,1,0.631147
1,1,0,0,0,0,1,1,0,1,0,0,1,0,0,0,0,1,1,0,1,1,1,1,1,1,1,0,0,0,0,0,0.693401
1,1,1,0,0,1,1,1,0,0,1,0,1,1,0,1,1,1,1,1,1,0,1,1,0,0,1,0,1,1,1,0,0.627055
0,1,1,0,1,0,0,0,0,1,0,1,0,0,0,1,0,0,1,1,0,1,1,1,1,0,1,1,0,0,0,1,0.670131
1,1,1,0,1,0,1,1,0,0,1,1,1,1,0,0,1,0,0,0,0,1,1,1,1,1,1,1,0,1,1,0,0.621759
0,0,0,1,0,1,0,1,0,1,1,0,1,1,1,0,1,1,0,1,0,0,1,1,0,0,1,0,1,1,0,1,0.618244
0,1,0,1,1,1,0,1,1,0,1,1,0,1,1,1,0,0,0,1,1,1,1,1,0,1,0,0,0,1,0,1,0.747019
0,1,0,0,0,0,1,1,1,0,1,1,0,1,1,0,0,1,0,1,1,1,1,0,0,1,1,0,0,0,0,0,0.589753
1,0,1,0,1,1,0,1,0,0,0,0,0,1,1,0,0,1,0,1,1,0,1,1,1,1,1,0,1,0,1,0,0.612973
0,1,1,0,0,0,0,0,0,1,1,0,0,0,0,1,1,1,1,0,0,1,0,1,1,0,0,1,0,0,0,1,0.572357
1,0,0,0,0,0,0,0,0,1,1,1,0,0,1,0,0,0,0,0,0,0,1,0,0,1,1,0,0,0,0,1,0.606898
1,0,0,0,0,1,1,1,0,1,1,1,0,1,1,0,0,0,1,1,0,0,1,1,0,0,1,1,1,1,0,0,0.610739
1,1,1,1,1,1,1,0,0,0,0,1,1,1,1,1,1,0,1,1,0,1,0,0,0,0,1,1,0,1,1,0,0.644024
0,0,0,0,1,0,0,0,0,1,1,1,0,1,0,1,0,1,0,1,1,1,1,1,1,1,0,0,0,1,0,1,0.608003
0,0,0,1,0,0,0,1,1,0,0,1,1,1,1,0,1,1,1,0,0,0,0,0,0,0,0,1,1,1,1,1,0.604363
0,0,1,1,0,0,1,1,1,0,0,1,1,0,1,1,0,0,0,1,1,1,1,1,0,0,1,0,0,0,0,1,0.775309
1,0,0,1,1,1,1,1,0,0,0,0,0,1,1,1,0,0,0,1,1,1,0,0,1,1,1,1,1,0,0,1,0.577378
1,1,1,0,0,0,1,1,1,0,0,0,0,0,0,0,1,1,0,0,1,1,1,1,0,0,1,0,1,0,1,1,0.676155
1,0,1,0,1,0,0,0,0,1,1,0,1,0,0,1,1,1,0,1,1,1,1,0,1,0,0,0,1,0,0,0,0.635766
0,0,1,1,0,0,0,1,0,1,1,0,0,0,0,0,0,0,1,1,0,1,1,0,0,1,0,0,1,0,0,1,0.586917
1,1,0,1,1,0,1,1,0,1,1,0,0,0,1,1,0,0,1,0,1,1,0,1,1,1,0,1,1,1,1,0,0.620278
1,0,0,0,1,0,1,1,0,0,1,0,1,1,0,0,0,0,1,1,0,0,1,1,0,1,0,0,1,0,0,1,0.596681
1,1,0,1,0,1,1,1,0,1,0,0,1,0,1,0,0,1,1,1,1,1,0,0,1,1,1,0,1,1,0,1,0.628260
0,1,1,1,0,0,1,1,0,1,1,1,0,0,0,0,0,1,0,1,1,1,1,1,0,0,0,0,1,0,1,1,0.609735
0,1,0,1,0,1,0,0,1,0,0,1,1,1,1,1,0,1,1,1,1,1,0,0,1,1,0,1,1,1,1,0,0.639782
0,1,1,0,0,1,1,1,0,1,0,1,0,0,1,1,1,1,0,1,0,1,0,1,1,1,0,0,1,1,0,1,0.660291
0,0,1,1,1,1,0,0,1,0,1,0,0,0,0,1,0,1,1,0,0,0,0,0,1,0,1,1,1,0,0,0,0.623692
1,1,1,0,0,1,1,1,1,0,0,1,0,0,0,0,0,1,1,1,1,1,1,1,0,1,0,1,1,1,1,0,0.646309
0,1,0,1,1,1,1,0,1,0,0,0,0,0,0,0,0,1,0,0,1,1,1,0,1,1,0,0,0,0,1,0,0.565128
0,1,0,1,0,0,0,0,1,1,1,1,1,1,1,0,0,1,0,1,1,1,0,0,0,1,1,0,0,0,0,1,0.603409
1,0,0,0,1,1,0,0,0,1,1,0,0,1,1,1,0,1,0,1,0,0,0,1,1,0,0,0,0,0,1,1,0.601250
1,1,0,1,1,0,1,1,1,1,1,1,0,1,1,1,1,0,1,0,1,0,1,0,0,0,0,0,0,1,1,1,0.630720
0,1,1,1,1,0,1,1,1,0,0,1,0,1,0,0,1,0,0,0,1,0,1,1,0,1,1,0,1,1,1,0,0.613851
1,1,0,1,1,1,1,1,1,0,1,1,1,0,0,0,0,1,1,0,0,0,0,0,1,0,1,1,1,1,1,0,0.626327
0,1,0,0,0,0,0,1,1,0,1,0,0,1,1,0,1,0,0,0,0,0,0,0,0,0,1,0,0,0,0,0,0.554259
0,1,0,1,0,0,0,0,0,1,0,1,1,1,0,0,1,1,0,0,0,0,0,0,1,0,0,1,0,1,1,1,0.608254
0,1,1,0,0,0,1,0,1,1,1,1,0,0,1,0,0,1,1,1,1,1,0,1,1,1,0,1,0,0,1,0,0.654969
0,1,1,1,1,1,0,1,1,1,0,1,1,1,1,1,1,0,1,0,1,0,1,1,0,1,1,0,0,1,1,1,0.723925
1,0,0,1,1,1,0,1,0,0,0,0,0,1,0,0,1,1,0,0,0,0,0,0,0,0,0,1,1,1,0,1,0.577177
0,1,0,0,0,1,0,0,1,1,0,0,1,0,1,1,0,1,0,0,0,1,1,0,0,0,1,1,0,1,1,0,0.586540
0,0,0,0,0,1,0,1,0,1,1,0,0,0,0,0,1,1,0,0,1,1,0,1,1,1,0,0,0,0,1,0,0.634686
1,0,0,1,1,0,0,1,1,0,1,0,1,0,1,1,1,1,1,0,1,0,1,1,1,1,0,1,0,1,0,1,0.626026
0,0,1,0,1,1,1,0,0,1,1,1,1,1,1,1,1,0,0,1,1,1,0,0,0,1,0,1,0,1,1,0,0.621232
0,1,0,1,0,0,0,0,1,1,0,1,0,1,0,1,1,1,1,0,1,1,0,0,1,0,0,1,1,1,1,1,0.656199
1,0,0,0,0,1,1,1,0,0,0,1,0,1,0,0,1,0,1,0,1,1,0,0,0,0,1,0,1,0,1,0,0.602405
0,0,1,0,1,1,0,1,1,1,0,0,0,0,1,1,0,1,1,0,1,0,0,0,1,0,1,0,0,0,1,0,0.617793
1,1,1,0,1,1,1,0,0,0,1,0,0,1,0,1,1,0,1,1,0,1,0,1,0,1,0,1,0,0,1,0,0.626001
1,0,1,1,1,1,0,0,1,0,1,1,0,1,1,0,1,1,0,1,0,0,1,0,0,0,1,0,0,1,0,0,0.657153
1,0,1,0,0,1,1,0,1,0,1,0,0,0,1,1,0,1,0,0,0,0,0,1,0,0,0,1,0,0,1,0,0.610839
0,1,0,1,0,1,1,0,0,0,0,0,1,1,1,1,0,1,1,1,1,1,1,1,1,1,0,1,0,0,0,0,0.598062
1,0,0,1,0,0,1,1,1,0,1,0,1,1,0,0,0,0,1,1,1,0,1,1,1,1,1,0,1,1,1,1,0.730602
1,1,0,0,1,1,0,1,1,0,1,1,0,0,1,1,1,0,1,1,1,1,0,1,1,1,0,1,1,0,1,0,0.642468
0,1,1,0,0,1,1,0,0,1,1,0,0,0,0,1,0,0,0,0,0,1,1,0,0,1,1,1,0,1,1,0,0.624671
1,0,0,1,0,0,0,1,0,0,0,0,1,1,0,0,1,0,0,1,1,1,1,1,1,0,1,1,0,0,0,1,0.627105
0,0,1,0,0,0,0,0,0,1,1,0,0,0,0,1,1,0,1,1,1,0,0,0,1,1,0,0,0,0,1,0,0.604965
1,1,0,0,0,0,1,1,1,0,1,0,1,0,0,0,0,1,0,0,0,0,1,1,0,0,1,1,1,0,1,0,0.616286
1,1,0,1,0,0,1,1,1,0,1,1,1,1,0,1,1,1,1,0,0,0,1,1,0,0,1,1,1,1,0,1,0.634285
1,1,0,1,0,1,1,1,0,1,0,1,0,1,1,0,0,1,0,0,1,1,1,0,0,0,0,0,0,1,1,0,0.648719
0,1,1,1,0,1,0,0,0,0,0,0,1,1,1,0,1,1,1,0,0,0,0,0,0,1,0,0,0,1,1,1,0.677963
0,0,1,1,0,1,0,1,1,1,1,1,0,0,1,1,0,1,1,0,0,1,1,1,0,1,0,1,0,1,0,0,0.653438
0,1,0,1,0,0,0,1,0,1,0,0,0,0,0,0,0,0,1,1,0,0,0,0,0,1,1,1,0,0,1,1,0.562166
1,1,0,0,1,1,0,1,0,0,1,0,1,1,1,0,0,1,0,0,1,1,0,1,0,1,0,0,0,1,0,1,0.649371
1,0,0,0,0,0,1,1,1,0,1,1,0,0,1,0,0,1,1,1,0,0,1,0,0,0,0,1,1,1,1,1,0.607852
1,1,1,1,0,0,0,1,0,0,1,1,1,1,1,0,1,1,1,1,1,1,1,0,1,0,1,1,0,1,0,1,0.631122
1,1,1,0,0,1,1,0,0,1,0,0,1,1,0,1,0,0,0,1,0,0,1,1,0,0,1,1,0,0,1,1,0.658132
0,0,1,0,0,0,0,1,0,1,1,1,1,0,0,0,1,0,0,1,0,1,0,0,0,0,1,1,0,1,0,0,0.615207
1,0,1,1,1,1,0,0,1,0,0,0,1,0,1,0,1,0,0,1,0,0,1,0,0,0,0,0,1,1,0,1,0.607149
1,1,1,1,1,1,0,0,1,0,1,0,1,0,1,1,0,0,0,0,1,1,1,1,0,0,0,1,1,1,1,1,0.555890
1,0,0,0,0,0,1,0,1,1,0,0,0,0,0,1,0,1,1,0,0,1,1,1,1,1,0,0,0,1,0,1,0.608956
0,0,1,0,0,1,0,0,1,1,1,0,1,0,1,0,0,0,0,1,1,0,0,0,0,1,0,1,0,0,0,1,0.569596
0,0,0,0,1,0,1,0,0,0,0,0,0,0,1,1,0,1,0,0,1,1,0,0,0,0,1,1,1,1,1,1,0.563546
0,1,0,1,1,0,0,0,1,0,0,1,0,0,1,0,1,1,1,0,1,0,1,0,1,1,0,1,1,0,1,1,0.697166
0,0,1,0,0,1,1,0,0,0,0,0,1,1,1,1,0,0,0,0,1,1,0,1,0,1,1,1,1,0,1,0,0.610563
0,1,0,0,0,1,1,0,1,0,0,0,1,0,0,0,1,1,1,0,1,1,0,0,0,1,0,1,1,0,0,0,0.630770
0,1,0,1,0,0,1,0,0,0,1,0,1,1,0,1,1,1,0,0,1,0,1,0,1,0,1,0,0,0,1,1,0.627281
1,1,1,0,0,1,0,1,0,0,0,1,0,0,0,1,0,1,1,0,0,1,1,1,1,1,1,0,1,0,0,0,0.638326
0,0,0,0,0,0,1,1,1,1,0,0,0,1,1,1,1,0,1,0,0,1,0,0,1,0,0,0,0,1,0,1,0.601074
0,0,0,1,0,1,1,1,0,0,0,0,0,1,1,1,1,1,1,0,1,1,0,0,1,1,1,0,1,0,1,0,0.634084
0,1,1,0,0,1,1,1,0,0,0,1,1,0,0,1,0,1,1,1,0,1,0,0,1,0,1,0,1,1,1,1,0.610940
1,1,0,1,1,0,0,0,0,0,1,0,0,0,0,1,1,1,1,1,0,1,0,1,0,0,0,1,0,0,0,0,0.640460
1,1,0,1,0,1,0,0,1,0,1,1,1,0,0,1,0,1,0,0,0,1,0,0,0,1,0,1,0,1,1,0,0.618972
0,0,1,0,1,0,0,1,1,0,0,0,0,1,0,1,1,1,0,1,1,1,1,1,0,0,0,1,1,0,0,1,0.619700
1,0,0,0,0,1,0,1,0,0,0,1,0,0,0,0,0,0,1,1,1,1,1,0,0,1,0,0,1,0,1,0,0.605693
0,1,1,1,0,0,1,1,1,1,0,1,1,1,1,0,1,1,1,0,1,1,1,1,0,1,0,1,0,0,1,1,0.630093
0,0,1,1,0,1,1,1,1,0,0,1,1,1,0,0,0,1,1,1,0,0,0,1,0,0,1,0,1,0,1,0,0.620127
1,0,1,1,0,0,1,1,0,1,1,0,0,0,1,0,1,1,0,0,0,1,0,1,1,1,0,0,1,0,0,0,0.619374
1,1,1,1,1,0,1,0,1,0,1,1,0,1,0,1,1,1,1,0,1,1,0,1,1,1,0,0,0,1,0,0,0.633933
0,1,1,0,1,0,0,0,0,1,1,0,1,1,1,1,0,1,0,0,1,1,1,0,0,1,1,0,1,1,0,1,0.614830
0,1,1,0,0,0,0,1,0,0,0,0,1,1,1,1,0,0,0,1,0,1,1,0,1,1,1,0,1,0,1,0,0.621959
1,1,1,1,0,1,0,1,1,1,0,1,1,1,1,0,1,1,0,0,1,0,1,0,0,1,0,1,1,1,0,1,0.712252
0,1,1,1,0,0,1,1,1,1,0,0,1,1,0,1,1,1,1,1,0,1,1,0,1,1,0,0,1,0,1,1,0.606020
1,0,1,1,0,1,0,0,1,1,1,0,1,0,1,0,0,1,0,0,0,0,0,1,1,1,0,0,1,0,0,0,0.618671
1,0,0,1,0,1,1,1,0,1,0,1,1,1,0,1,0,1,1,1,0,1,1,0,0,0,0,0,1,1,0,0,0.703617
1,0,0,1,0,1,1,0,0,1,0,0,0,0,1,1,0,1,1,0,0,1,0,0,1,0,0,1,1,1,0,1,0.600346
0,0,1,0,1,1,0,0,1,0,1,0,0,0,1,0,0,1,0,0,0,1,1,0,0,1,1,0,0,0,0,1,0.559882
0,1,0,0,1,0,0,1,1,1,1,0,0,0,1,1,1,0,1,0,0,0,0,0,1,0,0,1,0,1,0,0,0.609735
1,0,0,0,1,1,1,1,0,1,0,0,0,1,0,0,1,0,1,1,0,0,0,0,0,1,1,0,1,1,0,0,0.623817
1,1,1,0,0,0,1,0,0,1,0,1,0,0,0,1,1,0,0,1,1,1,0,0,1,1,1,0,1,0,1,1,0.670884
0,0,0,0,1,1,0,0,1,1,0,0,1,0,0,0,0,1,1,0,0,1,0,1,1,0,0,1,0,0,0,1,0.594573
1,0,0,1,0,0,1,1,0,1,0,0,0,1,1,0,0,1,0,1,1,1,1,1,1,1,0,0,0,1,1,1,0.681151
1,0,1,1,1,0,0,0,1,1,1,0,0,0,1,1,0,1,1,0,1,1,0,1,0,1,1,0,1,0,1,1,0.638050
0,1,1,1,1,0,1,1,0,1,0,0,1,1,1,0,1,1,0,1,0,0,1,0,1,0,0,0,0,1,0,1,0.622763
0,0,0,1,0,1,0,0,1,0,1,0,0,1,0,1,0,1,1,1,1,1,1,0,1,0,1,0,1,1,1,1,0.697342
0,1,0,0,0,1,0,1,1,0,1,0,0,1,1,0,1,0,1,0,0,0,1,1,1,1,1,0,1,0,0,1,0.628712
1,1,1,1,1,0,1,0,1,0,0,1,1,0,0,1,0,1,0,0,1,0,1,0,0,0,1,1,0,1,0,0,0.638853
0,0,0,0,1,1,0,1,0,1,0,1,0,0,0,0,1,1,1,1,0,0,1,0,1,1,0,1,0,1,1,1,0.615408
0,0,0,0,0,1,0,1,0,0,0,0,0,0,1,0,1,0,0,1,1,1,0,0,1,1,1,0,0,1,0,0,0.550769
0,0,0,0,1,1,0,0,0,1,0,1,1,0,0,1,1,0,0,1,0,0,0,0,1,0,1,0,1,0,1,1,0.636519
1,0,0,0,1,0,1,1,1,0,1,1,0,1,0,1,1,1,0,0,1,0,0,1,1,0,0,1,0,1,0,1,0.614605
1,0,0,0,0,1,1,0,1,0,1,1,1,0,0,1,1,1,1,0,1,0,0,0,0,0,0,1,1,1,1,1,0.613425
1,1,0,1,0,0,0,1,1,1,0,0,1,1,1,0,0,0,1,0,1,1,1,0,1,0,1,1,1,1,1,0,0.646033
1,0,1,1,1,1,1,1,0,1,1,0,1,0,0,1,0,0,0,1,1,0,1,1,1,1,1,0,1,1,1,0,0.632226
0,1,1,0,1,0,0,0,0,1,1,1,1,0,1,0,0,1,1,0,0,0,0,1,0,0,1,1,1,0,0,0,0.636594
0,0,0,1,1,1,1,1,1,0,0,1,0,0,0,0,1,1,0,1,1,1,1,1,0,0,1,1,1,1,1,0,0.658634
1,0,0,0,0,1,1,0,1,1,1,0,0,1,1,1,1,1,1,1,0,1,0,1,1,0,1,0,0,1,0,1,0.624696
0,1,1,1,1,0,1,1,0,1,1,0,0,1,0,1,0,0,1,0,0,0,0,1,1,0,0,1,1,1,0,1,0.611944
0,1,1,0,0,0,1,0,0,1,0,0,0,1,0,1,1,1,0,1,1,1,0,1,1,0,0,0,0,0,1,1,0.602229
1,0,1,1,0,1,0,0,0,0,1,0,0,0,0,0,0,0,1,0,0,0,0,0,0,0,0,1,0,1,1,1,0.605543
1,1,0,0,1,0,0,1,1,0,1,1,1,1,1,1,0,1,1,0,0,0,0,1,0,0,1,0,0,0,0,0,0.632653
0,0,1,1,0,1,0,0,1,1,1,0,0,1,1,1,0,1,1,0,0,0,0,1,0,1,1,1,0,1,1,1,0.635213
0,0,0,1,1,0,0,1,1,1,0,0,0,0,0,1,0,1,0,1,0,1,1,1,0,0,0,0,0,1,1,0,0.612144
0,1,0,1,1,1,0,1,0,0,1,1,0,1,1,1,1,1,1,1,1,1,0,0,1,0,1,1,1,0,0,1,0.640385
1,1,1,0,0,1,0,0,0,1,0,0,1,1,1,1,0,1,0,1,0,1,1,0,1,1,0,1,0,0,0,0,0.616311
0,1,0,0,1,1,1,1,0,0,1,1,0,0,0,0,0,0,0,1,0,1,0,0,0,1,1,0,1,0,0,1,0.600848
0,1,1,0,1,0,0,1,0,1,1,1,1,0,0,0,1,0,0,0,1,0,0,1,1,1,1,0,0,0,0,1,0.623265
1,1,1,1,0,0,0,0,0,0,0,0,0,0,0,0,0,1,0,1,1,0,0,1,1,0,1,0,0,1,0,1,0.620202
1,0,0,0,0,0,0,1,0,0,0,0,1,0,0,1,0,0,1,0,0,0,0,1,0,1,1,1,1,0,0,0,0.584231
1,0,1,1,1,1,1,0,1,1,1,0,1,0,1,0,0,0,0,0,1,0,0,0,0,0,0,0,1,1,1,0,0.569320
0,0,1,1,0,1,0,1,0,1,1,1,0,0,1,0,1,1,1,1,0,1,1,0,0,0,0,0,1,1,0,0,0.734242
1,1,1,0,0,0,0,1,1,0,0,1,0,1,0,0,0,0,0,0,0,1,1,1,0,0,1,0,0,1,0,0,0.645782
1,1,0,0,0,0,0,1,1,1,1,1,0,0,1,0,1,0,1,1,0,1,0,0,1,1,1,0,1,0,0,1,0.623114
0,0,1,1,1,1,0,1,0,0,0,1,0,0,0,1,1,0,1,1,0,1,1,1,0,0,0,1,1,0,1,0,0.622110
0,0,1,1,1,1,1,0,0,0,0,1,1,0,1,1,1,1,1,1,1,0,1,1,1,1,1,0,1,0,0,1,0.645129
1,0,0,0,0,1,1,0,0,0,1,1,1,0,1,1,0,0,0,0,1,1,0,0,1,1,1,1,1,0,1,0,0.657906
1,0,1,1,0,1,1,0,0,0,0,1,0,0,1,1,0,1,0,0,1,0,1,0,0,1,1,0,1,0,1,0,0.610864
0,0,1,1,0,1,1,1,1,1,1,1,1,0,0,1,0,0,1,0,1,0,1,0,0,0,1,0,0,0,1,1,0.620403
1,0,1,1,0,0,0,0,1,1,0,0,1,1,0,1,1,0,1,0,1,1,0,0,0,0,0,0,1,0,0,1,0.619048
0,1,1,1,1,0,1,1,0,1,1,0,1,1,1,0,0,0,0,0,1,1,0,0,1,1,1,1,1,1,0,0,0.648744
0,0,0,1,1,0,0,0,0,1,0,1,0,1,0,1,0,0,0,0,1,0,0,1,0,1,1,1,1,0,0,0,0.561814
0,1,1,0,1,0,0,0,1,1,1,0,1,1,0,1,0,1,1,1,1,1,1,0,0,0,0,0,0,0,1,1,0.619976
0,1,1,0,1,1,0,1,1,1,1,1,0,1,0,0,0,0,1,1,1,0,1,0,1,1,0,1,0,1,1,0,0.637674
1,0,1,1,0,0,1,1,0,0,1,0,0,0,0,1,0,1,1,0,0,0,1,0,1,0,1,0,1,0,1,0,0.629164
0,0,1,0,0,0,0,0,1,1,1,0,0,0,0,0,0,1,0,1,1,0,1,1,0,1,0,1,0,0,0,1,0.584883
1,0,0,1,0,0,1,0,1,1,0,1,1,0,1,0,1,1,1,1,1,0,1,0,0,1,0,0,0,0,0,1,0.621985
1,1,1,0,0,0,1,1,0,0,1,1,1,0,0,1,0,0,0,0,1,0,0,0,1,1,1,1,0,0,0,1,0.655822
1,0,0,0,1,0,1,0,1,1,0,0,1,0,1,0,1,0,1,0,0,0,0,1,0,0,1,0,1,0,1,0,0.636092
1,0,0,1,0,1,0,1,1,1,1,1,1,0,1,0,1,1,0,1,1,1,0,0,1,0,0,0,1,0,1,0,0.641012
0,1,1,0,1,0,1,0,1,0,1,1,1,0,0,0,1,1,1,0,1,0,1,1,0,1,0,1,0,0,1,0,0.621332
1,1,0,0,1,0,1,1,0,0,1,1,0,0,1,1,0,0,0,1,0,0,0,0,0,0,0,0,1,0,1,0,0.600974
1,1,0,0,1,0,1,0,0,1,0,1,1,0,0,0,1,1,1,1,0,1,1,1,1,1,1,0,1,0,0,1,0.662826
1,1,1,1,1,0,1,1,1,0,1,1,0,0,1,0,1,1,0,1,1,1,0,1,1,0,0,0,0,0,1,0,0.664784
1,1,0,0,0,1,1,0,1,1,0,1,1,1,1,1,0,0,1,0,1,0,0,0,0,0,1,0,0,0,0,0,0.614379
0,0,0,0,0,1,0,1,1,0,0,1,1,1,1,0,1,0,1,0,0,1,0,0,0,1,1,1,0,0,0,1,0.604463
1,0,1,1,0,0,1,1,0,0,1,0,1,1,1,0,1,0,0,0,0,0,1,0,0,0,1,1,0,0,0,1,0.611567
0,1,1,1,0,1,1,0,0,0,1,1,0,0,1,1,0,1,1,1,1,0,0,1,0,1,1,0,0,0,0,1,0.654116
1,0,0,1,0,0,0,1,0,1,0,1,1,0,0,0,1,0,1,1,1,0,0,0,0,1,0,1,1,1,0,0,0.618671
1,1,1,0,1,1,0,0,1,0,1,0,0,1,1,1,1,1,1,0,1,1,0,1,1,1,1,1,1,1,1,0,0.651881
1,1,0,1,0,1,0,1,0,1,0,0,1,0,0,0,0,1,0,0,0,1,1,1,1,0,0,0,1,0,1,1,0.621432
0,0,0,1,1,1,0,0,0,1,0,1,1,1,0,1,0,0,0,0,1,0,0,0,1,0,1,1,0,1,0,0,0.616663
0,0,0,0,0,0,1,0,1,1,0,0,0,1,1,0,0,1,0,1,0,1,1,0,0,1,0,0,0,1,0,1,0.545146
0,1,0,1,1,0,0,0,1,0,1,1,1,1,0,0,0,0,0,0,1,1,1,1,0,1,0,0,0,1,1,0,0.617165
1,1,1,0,1,0,0,0,0,0,1,0,1,0,1,1,0,1,1,1,1,0,1,1,1,0,1,1,1,1,1,0,0.638326
0,0,1,1,1,1,1,0,1,0,0,1,0,1,1,1,1,0,0,1,0,1,1,1,0,1,0,1,1,1,0,0,0.632653
0,0,1,0,0,0,0,0,0,1,0,0,0,0,0,0,0,0,0,1,0,0,1,1,1,1,0,1,0,1,1,1,0.562768
1,0,1,0,1,1,0,0,1,1,1,1,1,0,0,0,1,1,0,1,1,1,1,0,1,1,0,0,0,0,0,1,0.637498
1,1,1,0,1,0,1,1,1,0,1,0,1,0,0,1,1,0,0,1,1,0,0,0,0,1,0,0,0,0,0,0,0.609810
1,0,0,0,1,0,0,0,0,1,1,0,1,0,1,0,0,1,1,1,1,0,1,1,0,1,0,1,0,1,0,0,0.606195
1,1,1,0,1,0,1,0,1,0,0,1,0,1,0,0,0,0,1,0,1,0,1,0,0,1,0,0,0,0,0,0,0.647489
0,0,1,0,1,0,1,1,1,0,1,0,0,0,0,0,0,1,0,1,0,0,1,1,0,0,0,0,1,0,0,1,0.601752
0,1,0,1,1,1,0,1,0,1,1,1,1,1,0,1,0,0,0,0,1,0,0,1,1,1,1,1,1,1,0,0,0.641539
1,1,1,1,1,1,0,0,0,0,1,1,1,0,0,0,0,0,0,0,0,1,0,1,0,0,0,1,0,1,1,1,0.634184
0,0,0,0,1,1,0,0,1,0,1,1,1,1,1,1,1,0,0,1,1,1,1,1,0,0,0,1,0,0,0,1,0.628737
0,0,1,1,1,0,0,1,1,1,1,0,0,1,0,0,0,1,0,0,0,1,0,0,1,0,1,0,0,0,1,1,0.616638
1,1,1,0,0,1,0,0,0,0,1,1,1,1,1,1,1,0,1,0,0,1,0,0,0,0,0,1,0,0,0,0,0.632653
1,1,0,0,1,1,1,1,1,0,1,1,0,0,0,0,0,0,1,1,1,1,0,0,0,1,1,0,0,0,0,1,0.630544
1,1,1,0,0,0,0,1,1,1,0,0,1,1,0,1,0,0,1,1,1,0,0,0,0,1,1,0,0,1,0,1,0.623692
1,0,1,1,1,0,0,0,1,0,0,0,1,0,0,0,1,0,1,0,0,0,0,0,0,1,0,1,1,0,1,0,0.616814
1,1,0,0,1,0,1,0,0,1,0,1,1,0,1,1,1,0,0,1,0,1,1,1,0,0,1,0,1,0,0,1,0.623340
1,0,0,0,0,1,0,1,1,0,0,0,0,0,0,1,1,1,1,1,1,0,0,1,0,1,1,1,0,0,1,1,0.610438
0,1,1,0,1,1,0,0,0,0,1,0,0,0,0,0,0,0,0,0,1,0,1,1,1,0,1,0,1,1,1,0,0.597560
1,0,0,1,0,0,1,0,0,1,0,1,0,1,1,1,0,1,1,1,1,0,0,1,0,1,0,1,1,0,0,0,0.616010
0,0,0,0,1,0,0,1,0,1,1,0,0,0,1,1,1,1,0,1,0,1,0,1,1,1,1,1,1,1,1,1,0.618546
0,0,1,1,1,0,0,1,0,1,1,0,1,1,0,0,0,0,0,1,1,1,0,0,0,1,1,1,1,0,0,0,0.615483
1,1,1,1,0,1,1,1,0,0,1,0,0,0,0,1,0,1,1,0,0,1,1,0,0,1,1,0,0,0,1,0,0.635314
0,0,0,0,1,0,0,1,1,1,1,1,0,0,1,0,1,1,1,0,0,0,1,0,0,1,0,1,0,0,0,1,0.615985
1,0,0,1,0,0,0,0,1,1,0,0,0,1,1,0,0,0,0,1,0,0,0,0,1,0,1,0,0,1,1,0,0.648769
1,0,1,0,1,0,0,1,0,0,0,0,1,1,0,0,1,1,1,0,0,1,0,1,0,0,0,0,0,1,1,1,0.601501
1,0,1,0,1,0,1,1,0,1,1,1,0,1,1,0,0,1,0,1,0,0,0,1,0,1,0,0,1,1,0,0,0.622386
0,1,0,0,0,1,1,0,0,0,0,0,0,0,0,0,1,1,1,0,1,0,0,0,0,0,0,1,0,0,1,1,0.583327
0,1,0,0,0,0,1,1,0,0,1,1,1,1,0,1,1,1,1,0,1,1,1,1,0,1,0,0,1,1,0,1,0.644200
0,0,1,0,1,1,1,0,0,0,0,1,1,1,0,0,0,1,0,1,0,1,1,0,1,0,0,1,0,1,0,0,0.616588
1,1,0,1,1,0,0,0,0,1,1,0,1,1,0,0,1,0,1,0,1,1,0,0,0,0,0,0,1,1,1,0,0.633682
1,1,0,1,0,0,1,1,0,0,0,0,1,0,0,0,1,1,0,1,1,1,0,0,0,0,0,0,0,1,0,0,0.692974
1,0,0,0,0,0,0,0,0,0,1,1,0,1,1,0,1,1,1,1,0,0,0,1,1,1,1,0,0,0,0,1,0.594598
0,0,0,0,0,1,0,1,0,0,1,0,1,0,0,1,1,1,1,0,1,1,1,0,0,1,1,0,1,1,1,0,0.631950
1,0,0,0,1,0,1,1,1,1,0,0,0,0,1,0,1,1,1,0,1,0,1,0,0,0,0,0,1,1,1,0,0.641338
1,1,0,1,0,1,1,0,1,0,1,0,1,0,0,1,1,1,0,1,1,1,1,0,1,1,1,1,1,1,0,1,0.637197
0,1,0,1,0,0,0,0,1,0,1,0,1,1,0,1,0,1,0,0,1,1,0,0,1,0,0,1,0,0,0,1,0.607124
1,0,0,0,0,1,1,0,1,1,0,1,0,1,1,0,0,1,0,0,1,0,0,1,0,0,1,1,0,1,0,1,0.625624
1,1,1,1,1,1,1,1,1,1,1,0,0,0,1,0,1,0,1,1,0,0,0,1,1,0,1,0,0,0,1,1,0.621985
0,0,1,0,0,0,1,1,0,0,1,1,0,1,1,0,0,0,0,1,0,1,1,1,0,0,1,0,0,0,1,0,0.785175
1,1,1,1,1,0,0,0,1,1,0,1,1,0,0,0,1,1,1,0,1,0,0,0,0,0,0,0,1,0,0,1,0.688255
0,0,1,1,0,0,0,0,1,0,0,1,1,1,1,0,1,1,0,1,1,1,0,0,0,1,1,0,0,0,1,0,0.618621
0,1,0,1,1,0,0,1,1,0,1,1,1,0,0,0,0,1,1,1,1,0,1,0,1,0,1,0,0,1,1,0,0.628110
0,1,0,1,1,0,0,1,0,0,1,0,1,0,0,0,0,0,0,1,0,1,1,0,0,1,0,1,0,1,1,1,0.574566
0,0,1,0,0,0,1,1,1,1,1,1,0,0,1,0,0,1,1,0,0,0,0,1,0,0,0,1,0,1,0,1,0.626327
0,1,1,0,1,0,0,1,0,1,0,0,0,0,0,1,1,1,0,1,1,1,1,0,0,1,1,1,0,1,1,1,0.619223
1,0,0,1,1,1,0,1,0,0,0,1,0,1,0,0,0,0,0,1,1,1,1,1,0,1,1,0,1,0,1,1,0.597284
1,1,0,0,1,1,1,1,0,1,0,1,1,0,1,1,0,1,1,1,0,0,1,1,1,1,1,0,1,1,1,0,0.626629
0,1,1,0,0,1,0,0,0,0,1,1,0,1,1,1,0,1,0,1,1,0,1,0,1,0,0,1,0,0,0,1,0.603283
1,0,0,0,0,0,1,1,0,0,0,0,0,1,0,0,1,0,0,0,0,1,0,1,1,1,0,0,0,0,1,0,0.605844
0,0,1,1,0,1,1,0,0,1,0,1,1,1,0,1,1,0,0,0,1,0,1,1,0,0,1,1,1,0,0,1,0.620880
0,0,1,0,1,0,1,0,1,0,0,0,0,1,0,1,1,0,1,1,1,0,0,0,0,0,1,0,0,0,1,0,0.611090
1,0,0,1,0,1,1,1,1,1,0,1,0,0,1,1,0,1,1,0,0,1,1,1,1,0,1,1,1,0,1,1,0.640033
0,1,0,1,1,1,0,1,1,1,1,1,1,1,0,0,0,0,1,0,1,0,1,0,1,1,1,0,0,1,1,1,0.632051
0,0,1,1,0,0,0,1,1,1,1,1,1,1,1,1,0,0,0,1,1,1,1,0,0,1,0,0,1,1,0,0,0.641615
0,0,0,0,1,1,0,0,0,0,1,1,0,0,1,0,1,1,1,1,1,0,0,1,0,1,0,1,1,0,0,1,0.619675
0,0,0,1,1,1,0,0,1,1,0,0,0,1,0,1,0,0,0,0,1,0,1,0,1,1,0,1,0,1,0,1,0.594899
0,1,1,1,0,1,0,0,1,1,0,1,0,0,1,1,0,1,0,1,0,0,1,0,1,0,1,1,1,1,1,0,0.637899
0,0,0,0,1,0,0,0,1,0,1,1,1,1,1,0,1,1,1,0,1,1,0,1,0,0,0,0,1,0,1,1,0.639832
0,1,0,0,1,0,0,1,0,1,0,1,1,0,0,0,1,1,0,1,0,1,1,1,1,1,0,0,1,1,0,0,0.636167
1,1,1,0,1,1,1,0,0,1,0,1,0,1,0,0,0,1,0,1,1,0,1,0,1,1,1,1,1,1,0,1,0.656249
1,0,1,1,1,0,1,1,0,1,1,0,1,0,1,1,1,0,0,1,1,0,1,0,0,1,1,1,1,0,0,1,0.642769
0,1,0,1,1,1,0,1,1,1,1,1,0,1,1,1,1,0,0,1,0,0,0,1,0,0,1,1,0,0,0,0,0.780882
0,0,1,1,1,0,1,0,0,0,1,0,1,0,1,0,0,1,0,0,0,1,0,0,1,0,0,1,1,0,0,0,0.619851
0,1,1,0,0,1,0,0,1,1,1,1,0,1,0,1,0,1,1,0,0,0,1,0,0,0,1,0,1,0,1,0,0.626804
1,0,0,0,1,1,1,0,0,1,0,0,1,0,1,0,0,0,0,1,1,1,0,0,1,1,1,1,1,0,1,1,0.638000
1,1,1,1,1,0,0,1,0,0,1,0,0,0,1,0,1,1,0,0,1,1,0,1,1,1,1,0,1,0,0,1,0.635364
1,1,1,1,0,0,0,1,0,0,0,0,0,0,1,0,1,1,1,1,0,1,1,1,1,0,1,0,0,1,1,1,0.606572
1,1,0,0,0,1,1,1,0,0,1,1,0,1,0,1,0,0,1,0,1,1,1,1,0,0,0,0,0,1,0,1,0.669855
1,1,1,1,0,1,1,0,1,0,0,1,1,1,1,0,0,1,1,1,0,1,0,0,0,0,1,0,0,1,1,1,0.620930
0,0,1,1,0,0,0,0,0,1,1,0,0,0,1,0,0,1,1,1,0,1,0,0,0,1,0,0,0,0,0,0,0.553631
0,0,0,0,0,0,1,1,0,1,0,0,1,0,1,0,0,0,1,0,1,0,1,1,0,1,1,1,0,1,0,1,0.496021
0,0,0,1,1,0,0,0,0,0,0,1,1,1,1,0,1,1,1,1,0,0,1,1,0,1,1,0,0,1,0,1,0.603610
1,0,1,1,1,0,0,0,1,0,1,1,0,1,1,1,0,1,0,0,1,0,0,1,1,0,1,0,0,1,0,1,0.633230
1,1,1,1,1,1,0,0,1,1,0,0,1,0,1,0,1,1,1,0,1,1,0,1,1,0,0,0,0,1,0,0,0.629842
0,1,0,1,0,1,0,0,0,0,0,1,1,1,1,1,0,1,1,0,0,1,0,1,0,1,1,1,0,1,0,1,0.751688
0,1,0,1,0,1,1,1,1,1,1,0,0,0,1,1,0,1,1,0,1,0,0,1,1,1,1,1,0,1,1,0,0.606697
1,1,0,1,1,1,1,1,1,0,0,1,0,1,1,1,1,1,0,0,1,0,1,1,1,1,1,0,0,0,0,0,0.679268
1,0,1,1,1,0,0,0,0,0,0,1,0,0,1,0,1,1,1,0,0,0,0,0,1,1,0,0,0,1,1,1,0.647589
1,0,0,0,1,0,1,1,1,1,1,0,1,1,1,0,0,0,1,1,0,1,0,1,1,1,1,1,1,1,0,0,0.635414
1,0,1,1,0,1,0,1,0,0,0,0,0,1,0,0,1,0,0,1,1,0,1,0,1,1,1,0,1,1,1,1,0.637046
0,0,0,0,0,1,0,1,1,1,1,1,1,1,0,1,1,1,0,0,1,1,0,0,1,0,1,1,0,1,0,0,0.624445
1,0,1,0,0,0,0,0,0,1,0,1,0,1,1,0,1,1,0,0,0,1,0,0,0,0,1,0,0,1,0,1,0.614630
1,0,0,1,1,1,1,1,0,1,0,1,0,1,0,0,0,1,1,0,0,0,1,1,0,1,1,1,0,1,1,1,0.628913
1,0,1,1,0,1,1,1,0,0,0,0,0,0,1,1,0,1,0,0,1,1,1,1,1,1,1,1,1,1,0,0,0.633205
1,0,1,0,0,1,1,1,1,1,0,0,0,1,0,1,1,0,1,0,0,1,1,0,1,1,1,1,1,1,0,0,0.622462
0,0,0,1,1,1,1,1,0,1,1,1,0,1,1,1,1,0,1,1,1,1,1,1,0,0,1,1,1,1,1,1,0.604990
1,1,1,0,0,0,1,0,0,0,1,1,0,0,0,0,0,1,1,0,1,1,1,1,0,1,0,0,0,1,0,0,0.631021
1,1,1,0,1,0,1,1,0,1,0,0,0,0,1,0,0,0,1,0,0,0,0,0,1,1,0,1,0,0,1,1,0.618269
0,0,1,1,1,1,1,0,0,1,0,1,1,0,0,1,1,1,0,0,0,0,1,0,0,1,0,0,0,1,1,1,0.614956
1,0,1,0,1,1,1,0,0,0,1,0,1,1,0,0,1,1,0,1,0,0,1,0,1,0,1,1,1,0,1,1,0.672164
1,0,1,1,1,1,0,1,1,1,1,1,1,0,1,0,0,0,0,1,0,1,0,1,0,1,1,1,1,1,0,1,0.638678
0,0,0,1,1,1,1,0,0,0,1,1,1,1,0,1,0,0,1,0,0,1,1,1,1,0,0,0,1,1,0,1,0.618295
0,1,0,0,0,1,1,0,1,0,1,0,1,1,0,0,0,0,1,0,0,0,0,1,1,0,1,1,0,0,0,0,0.602053
0,0,0,1,0,0,1,1,1,0,0,1,0,0,1,1,1,0,0,0,1,0,1,0,1,1,1,1,1,1,0,0,0.685217
1,0,1,1,1,1,0,0,1,1,0,1,0,0,0,1,1,0,1,0,0,0,0,1,0,1,0,1,1,0,0,0,0.630745
0,1,0,0,1,0,1,0,0,1,1,1,0,0,1,1,1,0,0,0,0,0,0,1,0,1,1,1,0,1,1,1,0.646911
0,1,1,0,0,0,0,1,0,1,1,1,1,0,0,0,1,0,1,0,0,0,0,1,1,1,0,1,1,1,0,1,0.623591
0,1,1,1,0,1,1,0,1,1,1,0,0,1,0,0,1,0,0,0,0,1,0,0,0,0,1,1,1,1,0,0,0.642493
1,1,0,1,0,1,1,0,0,0,1,0,1,1,1,0,0,0,1,0,0,0,0,1,1,0,1,1,0,1,1,1,0.623842
0,0,0,1,1,0,1,0,1,1,1,0,1,0,0,0,0,1,1,0,0,1,1,0,1,0,1,0,1,0,0,0,0.626076
1,1,1,0,1,1,1,1,0,0,1,1,0,0,0,1,1,0,1,1,0,1,1,0,1,0,1,1,1,1,1,0,0.623767
0,0,0,0,1,1,0,1,0,1,0,0,1,0,1,0,0,1,0,1,1,0,0,1,0,1,1,1,1,1,0,1,0.557547
0,1,1,0,1,1,1,1,1,1,1,0,1,0,0,0,1,1,1,0,1,1,0,0,1,1,0,1,0,1,0,0,0.675327
0,1,1,0,0,1,1,1,0,1,1,1,1,0,1,0,1,1,1,0,0,1,0,0,0,0,1,0,1,0,0,1,0.797876
1,1,1,0,1,0,0,1,1,0,1,1,0,1,1,0,1,1,1,0,1,0,0,1,0,0,1,0,1,0,1,0,0.609233
0,1,1,0,0,0,0,0,1,0,1,1,0,0,0,1,1,0,1,0,1,0,1,1,1,1,1,0,1,1,0,0,0.672365
0,1,1,0,0,0,1,0,1,1,0,1,0,0,0,1,0,0,0,1,0,1,0,1,0,1,1,1,0,1,0,0,0.617943
0,0,1,0,1,1,0,0,0,1,1,1,1,1,1,1,1,1,1,1,1,1,1,0,0,1,0,1,0,0,0,1,0.647112
1,0,0,0,1,0,0,0,0,1,0,0,1,0,1,1,1,1,1,0,0,0,1,0,0,0,0,0,0,0,1,1,0.619525
1,0,0,0,0,1,0,0,0,1,1,1,0,1,1,0,1,0,0,1,0,1,1,0,1,1,1,0,0,0,1,0,0.632377
0,1,1,0,1,0,1,1,0,0,0,0,0,1,0,1,0,1,0,1,1,1,1,1,0,1,1,0,0,0,0,1,0.617893
1,1,1,1,1,0,0,0,0,0,1,1,0,1,1,1,0,0,1,0,1,1,1,1,1,0,1,1,1,0,1,0,0.666140
0,0,1,0,1,1,0,0,0,1,0,1,0,1,0,1,0,1,1,0,0,1,1,1,1,1,0,0,0,1,1,0,0.597008
0,0,0,1,1,1,0,0,1,0,0,0,0,1,1,0,0,0,0,0,0,0,1,1,0,0,0,0,1,0,1,1,0.575043
1,0,1,1,1,1,1,0,1,0,1,1,1,1,0,1,1,0,1,1,0,1,1,0,0,0,1,0,0,0,1,0,0.623114
1,1,1,0,0,1,1,1,1,1,0,0,0,0,1,0,1,1,1,1,0,1,0,0,1,1,0,1,0,1,1,1,0.784773
0,1,0,1,0,1,0,0,0,1,0,1,1,1,0,1,1,1,1,1,1,1,1,1,0,0,0,1,1,1,1,1,0.604840
1,0,1,0,1,0,0,1,1,0,1,0,1,0,1,1,1,1,1,0,1,0,1,1,0,1,1,0,1,1,0,1,0.620328
1,0,1,0,0,1,0,0,0,1,1,0,1,0,0,0,1,1,1,0,0,1,1,0,1,1,0,0,0,0,0,1,0.679193
1,0,0,0,0,1,0,0,0,1,0,1,1,0,1,1,0,1,1,1,1,1,1,1,0,1,0,1,0,1,1,1,0.610387
1,0,1,0,1,0,0,0,0,1,1,0,1,1,1,1,0,0,0,0,0,0,1,0,0,1,1,0,1,1,1,1,0.656073
0,0,0,1,1,0,0,1,0,0,1,1,1,1,1,1,0,0,0,0,0,1,1,1,0,1,1,0,0,1,1,1,0.746818
0,1,1,0,1,0,1,0,0,1,0,1,1,0,0,0,1,0,1,0,0,0,1,0,0,1,0,0,0,0,1,1,0.607224
1,1,1,1,1,1,1,0,0,1,0,0,1,0,1,1,1,0,0,0,0,0,1,1,1,0,0,0,1,0,1,1,0.622386
0,1,0,1,1,1,1,1,0,0,0,1,1,0,1,0,1,1,0,0,1,1,1,0,0,1,0,0,0,1,1,0,0.568266
0,1,0,0,1,0,1,0,0,0,1,0,1,0,0,0,1,1,0,0,0,0,0,1,0,0,0,1,1,1,1,0,0.592715
1,1,1,1,0,1,1,0,0,1,0,0,1,0,0,1,0,1,0,0,0,1,1,0,1,1,0,1,0,1,0,1,0.605041
1,1,0,0,1,0,0,0,0,1,0,0,0,1,0,0,0,0,1,1,1,1,0,1,1,0,0,0,0,1,1,0,0.617541
0,0,0,1,1,0,1,0,0,0,1,0,1,1,1,0,0,0,1,0,1,1,1,1,0,1,0,0,1,1,0,0,0.535683
1,1,0,0,1,1,1,0,0,1,1,1,1,1,1,0,0,0,0,0,1,1,0,0,0,0,1,1,0,0,0,0,0.639883
0,0,1,1,0,0,1,0,1,0,1,0,0,0,0,0,0,1,0,0,0,0,0,1,1,0,0,1,1,0,0,1,0.593519
1,0,1,0,0,1,0,0,1,0,1,0,0,0,1,1,1,0,0,1,0,0,0,1,0,0,0,1,1,0,1,1,0.619575
1,0,1,1,0,0,0,0,1,1,0,1,0,1,1,0,1,0,0,1,0,0,1,0,0,1,1,0,1,0,1,1,0.617391
0,0,0,1,0,1,1,0,1,1,1,0,1,1,0,1,0,0,0,1,1,0,0,1,1,0,0,1,1,0,1,1,0.575119
0,1,1,1,1,1,0,1,1,1,0,1,1,1,1,0,0,1,1,0,0,1,1,1,1,1,0,1,1,0,1,0,0.644677
1,0,1,0,1,0,1,0,0,1,0,0,0,0,0,0,0,0,1,1,1,1,0,1,1,0,1,0,0,0,1,1,0.634260
0,0,1,1,0,1,0,1,0,1,0,0,0,1,1,1,0,0,1,0,0,0,1,0,1,1,0,1,0,0,1,1,0.607701
1,0,0,0,1,0,0,1,0,0,1,1,1,1,0,1,0,0,1,0,1,1,1,0,1,0,1,0,1,1,1,0,0.700981
0,1,0,1,0,1,1,1,1,1,1,1,0,1,1,0,1,0,1,0,1,0,1,0,0,0,0,0,1,0,0,0,0.628486
1,1,1,1,1,0,0,0,0,1,1,0,1,1,1,1,0,0,1,0,1,0,0,1,1,1,1,1,0,1,1,1,0.656701
0,1,1,1,0,0,0,1,0,1,1,0,1,0,0,1,1,1,0,1,1,0,0,1,0,0,1,1,1,0,1,0,0.628210
0,0,1,1,1,0,0,0,1,1,0,0,0,1,1,1,1,0,1,0,1,0,1,0,1,1,1,1,0,0,0,1,0.619499
1,1,0,1,1,1,1,0,0,1,0,1,1,0,0,1,0,1,1,1,0,0,0,1,0,1,0,1,0,0,1,1,0.644426
0,0,1,1,1,1,1,1,0,1,0,1,1,0,1,1,1,1,1,0,1,0,0,1,0,1,0,0,0,0,0,1,0.726134
1,1,0,0,0,0,0,1,1,1,0,1,1,0,1,1,1,0,1,0,1,1,0,1,1,0,1,1,0,0,1,0,0.631398
1,1,1,1,1,1,1,0,1,1,0,1,0,0,1,1,1,0,1,0,0,1,1,1,1,0,0,0,0,1,1,1,0.586314
0,1,0,1,1,1,1,1,1,0,1,1,0,1,0,0,0,1,1,0,1,0,1,0,1,1,0,1,0,0,1,0,0.632502
0,1,0,1,0,1,1,1,1,1,1,0,0,1,0,1,0,0,0,1,0,1,1,1,0,1,1,0,0,1,1,0,0.639104
1,0,0,1,0,1,0,0,0,0,1,0,1,0,1,0,1,1,1,1,0,1,0,1,1,0,0,1,0,0,1,0,0.618119
1,1,1,1,0,1,1,0,1,1,1,0,1,1,1,1,1,0,1,1,1,1,0,1,0,0,1,1,1,0,1,1,0.648367
0,0,1,1,1,1,1,1,0,1,0,0,1,1,1,1,0,0,0,1,0,1,1,0,1,0,1,1,1,1,0,0,0.616010
1,1,1,1,0,0,1,1,1,0,1,1,0,1,0,1,0,1,0,0,0,0,0,0,1,0,1,1,0,1,1,1,0.644401
0,1,1,0,1,1,0,1,1,0,1,1,1,1,0,1,0,0,1,1,0,0,0,1,1,1,0,1,1,1,0,1,0.646434
1,0,0,0,1,1,0,1,1,0,1,1,1,0,1,1,1,1,1,0,0,0,0,1,1,1,1,0,0,0,1,1,0.638376
1,0,1,0,0,0,1,0,1,1,0,0,0,0,1,0,0,1,1,0,1,1,0,0,0,0,0,1,1,1,0,1,0.613952
0,0,0,1,1,0,0,0,0,1,1,1,0,0,1,1,1,1,1,0,1,1,1,0,0,1,1,0,1,0,0,0,0.625650
1,1,0,0,1,1,1,0,0,1,0,1,0,0,1,0,1,1,1,0,1,1,0,1,0,0,0,0,0,0,0,1,0.638176
1,0,0,0,1,0,1,1,1,1,0,1,0,1,0,0,0,1,0,1,0,0,1,0,1,1,0,0,1,1,0,1,0.621608
1,0,0,1,0,0,1,0,0,1,0,1,0,1,0,0,1,0,1,1,0,0,0,1,1,0,1,1,0,1,0,0,0.624068
0,0,0,1,1,0,1,1,0,0,0,0,1,1,1,1,0,1,0,0,0,1,0,1,1,0,0,0,1,1,1,0,0.603509
1,0,0,0,0,1,0,1,1,1,0,1,0,0,0,0,1,0,1,0,0,1,0,0,0,0,1,1,1,0,0,0,0.621985
1,1,1,0,0,1,0,0,1,1,1,0,0,0,1,0,0,1,1,0,1,0,0,1,0,1,1,0,0,0,1,0,0.621608
1,0,0,1,1,0,1,0,0,1,1,1,1,0,0,0,0,1,1,0,0,1,1,1,0,0,0,0,1,0,0,1,0.617993
1,0,0,1,0,1,0,0,1,0,1,1,1,0,0,0,0,1,0,1,1,0,0,1,1,0,1,0,0,1,0,0,0.621708
0,0,0,1,1,0,0,0,0,0,1,1,0,1,1,0,1,0,1,1,1,0,1,0,1,0,0,0,0,1,1,1,0.610262
1,0,0,1,0,0,0,0,0,0,0,0,0,0,1,1,0,0,1,0,0,0,0,1,0,1,1,0,0,0,0,1,0.611442
0,0,1,0,0,0,1,0,0,1,0,0,0,1,1,0,1,0,0,0,1,1,0,1,1,1,0,0,0,0,0,1,0.595200
1,1,0,1,1,0,1,0,1,1,1,0,1,1,0,0,0,1,1,0,0,1,0,1,1,1,0,0,1,0,1,0,0.669604
1,1,1,1,1,1,1,0,0,0,1,0,0,1,0,1,1,1,0,0,1,1,1,0,0,0,1,0,0,0,1,1,0.641514
1,0,0,0,1,0,1,0,1,0,1,1,1,1,0,0,1,0,0,1,1,1,0,0,0,1,0,1,0,1,0,0,0.651229
0,1,0,0,0,0,1,1,0,1,1,0,1,1,1,0,0,0,1,1,0,1,1,1,0,1,1,1,0,1,0,0,0.560785
1,1,0,0,1,0,0,1,1,0,1,0,0,1,0,1,1,0,0,1,1,1,1,0,1,0,1,1,0,1,1,0,0.626277
1,1,1,0,0,0,0,1,0,1,1,1,0,0,0,1,0,1,1,1,1,1,1,1,0,0,0,0,0,0,1,1,0.639230
1,0,1,1,0,0,0,0,1,1,1,0,1,1,1,1,0,0,1,0,1,1,1,0,1,1,0,1,0,1,0,0,0.624244
1,1,1,0,0,1,1,1,0,1,0,0,0,1,0,0,0,0,1,1,1,1,0,0,1,1,1,0,0,0,0,1,0.709064
1,0,0,0,0,1,0,0,1,0,1,1,1,0,1,0,1,1,0,1,0,0,0,1,1,1,0,0,0,0,1,0,0.621834
1,0,1,0,1,1,0,1,1,1,0,0,1,1,1,1,1,0,0,1,1,1,0,1,1,1,0,1,1,0,0,1,0.619876
0,0,0,1,0,1,1,1,0,1,0,0,0,1,0,0,1,0,1,1,1,1,0,1,1,1,1,0,0,0,0,0,0.619725
1,1,1,1,0,1,0,0,1,0,0,0,1,0,1,0,1,1,1,0,1,1,0,0,0,1,1,0,1,0,1,0,0.687476
1,1,1,1,0,0,1,0,1,1,0,0,1,0,1,1,0,0,1,1,0,0,1,1,1,0,1,1,1,0,1,1,0.643874
1,0,1,1,1,1,0,1,0,0,0,1,0,1,0,0,0,1,0,0,0,0,1,1,1,1,1,1,1,1,0,0,0.642167
1,0,0,1,1,1,1,0,0,1,1,0,1,0,1,1,0,0,1,0,0,0,1,0,0,1,1,1,1,1,1,0,0.637573
0,0,0,0,1,0,1,0,1,1,0,1,1,1,0,1,1,1,0,1,0,1,0,0,1,1,0,0,0,0,1,0,0.626403
0,0,1,1,0,1,0,0,1,0,1,1,0,1,1,0,0,1,1,0,0,1,0,1,0,0,0,1,1,1,0,1,0.662449
0,0,0,1,1,1,1,0,0,0,0,1,1,0,1,1,1,1,1,1,1,0,0,1,0,0,0,1,0,1,0,0,0.685117
1,1,1,1,1,0,0,0,1,0,0,1,0,1,0,1,0,0,0,0,1,0,1,1,1,1,0,0,0,0,0,1,0.623491
0,1,1,0,1,1,1,0,1,0,0,1,0,1,1,1,0,0,0,0,1,1,0,1,1,1,0,0,1,1,1,1,0.587343
0,0,0,1,1,1,0,0,0,1,0,0,0,0,0,0,1,1,0,1,1,1,1,0,1,1,0,0,0,0,0,1,0.568918
0,1,0,1,0,0,1,1,0,1,1,1,0,1,0,1,0,1,1,1,1,0,1,0,1,1,1,1,1,0,1,1,0.653262
1,1,1,0,0,0,0,1,1,0,1,1,0,1,0,0,1,0,0,1,0,1,1,0,0,1,1,1,1,0,0,1,0.621031
1,1,0,0,0,0,1,1,0,1,0,1,1,0,1,1,0,0,1,1,0,1,1,0,1,0,1,0,0,1,1,1,0.627055
1,1,1,0,0,0,1,1,0,0,1,0,1,0,0,0,0,1,1,1,1,1,1,1,0,0,0,1,0,1,1,1,0.633758
1,0,1,0,0,0,1,0,1,1,1,1,0,0,1,1,1,1,0,1,1,1,1,1,1,0,0,1,1,1,1,1,0.594322
1,1,1,0,1,1,0,1,0,0,0,0,1,1,0,0,1,0,1,1,1,0,1,0,1,0,0,1,0,0,1,1,0.627382
0,0,0,1,0,0,0,1,0,1,0,1,1,0,1,0,1,0,0,0,1,1,0,1,1,1,0,1,1,0,0,0,0.617316
0,0,1,1,1,0,0,1,0,1,0,0,1,1,1,1,1,0,1,1,0,0,0,0,0,1,0,0,0,1,1,0,0.628185
0,1,1,0,0,0,0,1,0,0,0,1,1,0,1,0,1,0,0,0,0,0,0,1,0,0,0,1,0,1,0,0,0.598238
0,1,1,1,1,1,0,1,0,0,0,1,0,0,1,1,0,0,0,0,0,0,0,0,0,1,1,1,1,1,0,1,0.654316
1,0,0,0,1,0,1,1,0,0,0,1,0,0,1,1,1,0,0,0,1,1,1,0,1,0,1,0,0,1,0,0,0.583754
0,1,1,1,0,1,0,1,0,1,0,0,1,1,0,0,0,0,1,0,0,1,1,1,0,0,0,1,0,0,0,1,0.646133
1,1,0,1,1,1,0,0,1,0,0,0,0,1,1,1,0,0,0,0,0,0,1,0,0,0,0,0,1,0,0,1,0.583804
0,0,1,1,0,1,1,1,1,0,1,0,0,0,0,0,1,1,1,1,1,0,0,0,1,1,0,1,0,0,0,1,0.637925
1,1,1,1,0,1,1,0,1,1,0,0,1,1,1,0,1,0,0,1,1,1,0,0,1,0,1,0,0,1,1,0,0.655797
0,0,0,1,0,1,1,0,0,1,1,1,0,1,0,1,1,0,0,0,1,0,1,1,1,0,0,0,0,1,0,0,0.601125
0,1,0,0,1,0,1,0,0,0,0,0,1,1,0,1,1,0,1,0,0,0,0,1,1,0,0,0,0,0,0,1,0.574165
0,1,0,0,0,1,0,1,1,1,0,1,1,0,1,1,0,0,0,1,1,0,0,0,0,0,1,1,0,0,0,0,0.604965
0,1,1,0,1,1,1,0,0,0,0,0,0,0,1,0,0,1,0,0,1,0,1,1,1,0,1,1,0,1,1,1,0.634435
1,1,0,0,0,1,0,1,1,1,0,0,0,0,1,0,0,0,1,1,1,1,0,0,1,0,0,0,0,1,1,0,0.606020
1,0,1,0,1,1,1,1,0,0,0,0,1,0,1,0,0,0,1,1,0,0,0,1,1,1,0,0,1,1,1,0,0.629390
0,0,0,1,0,1,0,1,1,1,1,0,1,0,0,0,1,1,0,1,0,0,0,0,1,1,1,0,0,1,0,1,0.612872
0,1,0,0,1,0,1,1,1,0,0,0,0,0,0,0,0,0,0,1,1,0,0,0,0,0,1,1,1,1,1,1,0.586189
0,0,1,1,1,1,0,1,1,0,0,1,1,1,1,1,1,1,0,1,1,1,1,1,1,1,1,1,1,0,1,0,0.612195
0,1,1,0,1,1,1,1,0,0,1,1,1,0,1,1,1,1,1,1,1,1,1,0,1,0,1,0,1,0,0,0,0.635339
0,0,1,1,1,0,0,0,0,0,1,1,1,1,0,0,1,1,0,0,1,0,0,1,1,1,0,0,1,1,0,1,0.627482
0,0,0,1,0,1,1,1,1,0,0,0,1,0,0,0,1,0,0,0,1,1,1,0,1,0,0,0,1,1,1,0,0.598589
1,1,0,0,0,1,1,0,1,0,0,0,0,1,1,0,0,0,1,0,1,1,1,1,0,0,1,1,1,0,1,1,0.644024
0,0,1,0,0,0,1,1,1,1,0,1,0,1,1,0,0,0,0,0,1,0,1,0,1,1,0,0,1,0,1,0,0.613023
1,1,1,1,1,0,0,0,1,1,1,0,1,1,0,1,0,1,0,0,1,0,0,0,1,1,0,0,0,0,1,0,0.624093
1,1,1,1,0,1,0,1,0,0,0,1,1,0,1,0,1,1,1,0,1,0,1,1,0,0,1,0,1,0,0,1,0.648693
1,1,0,1,0,1,1,1,0,0,0,0,1,1,0,1,0,1,0,1,0,1,0,0,1,1,0,0,1,1,0,1,0.630745
0,0,0,0,1,1,1,0,0,0,0,0,1,0,0,1,1,1,1,0,1,1,1,0,1,1,1,1,1,0,0,0,0.663228
1,1,1,1,0,0,1,1,1,0,1,1,1,1,0,1,0,1,0,0,1,1,1,0,0,1,0,0,1,1,1,0,0.622662
0,1,1,0,0,1,1,1,1,1,0,0,0,0,1,1,1,1,0,0,1,0,0,0,0,1,0,1,0,0,0,1,0.616763
1,0,1,1,1,0,1,1,1,1,0,1,1,1,0,0,1,1,1,1,0,1,1,1,1,0,1,1,0,0,1,1,0.632829
0,0,0,0,1,1,1,1,1,0,1,0,1,0,1,1,1,1,1,1,0,1,1,0,0,1,0,1,1,1,0,0,0.626453
0,1,0,1,1,0,1,0,1,1,0,1,0,1,1,0,0,0,1,1,1,1,1,1,1,0,1,0,0,0,1,0,0.611316
1,0,1,0,1,1,0,0,1,0,1,0,1,1,1,1,1,0,1,0,0,0,0,0,1,0,0,0,0,0,0,0,0.571880
1,0,0,1,1,1,0,1,0,0,1,0,1,1,1,1,1,0,1,1,1,1,1,0,0,1,1,0,1,1,1,1,0.570851
1,0,0,0,1,1,0,1,0,1,0,1,1,0,1,1,0,0,1,0,1,1,1,0,1,1,0,1,1,1,1,1,0.842157
0,0,1,0,0,0,1,1,1,1,1,0,0,0,1,1,0,1,1,0,1,0,0,1,1,1,0,0,0,1,0,1,0.610990
0,0,0,1,1,0,0,1,0,1,0,1,0,1,1,0,0,1,0,0,1,0,1,1,0,1,1,0,1,1,1,0,0.616412
1,0,0,0,1,0,0,0,1,0,0,1,1,1,1,0,0,1,0,0,1,0,1,1,1,1,1,0,0,0,1,0,0.617968
1,0,0,0,0,1,1,1,0,1,0,1,1,1,1,0,0,0,0,1,1,0,1,0,0,0,0,0,0,0,1,0,0.609208
0,1,0,0,1,1,0,1,1,0,0,0,0,0,1,1,0,0,0,0,1,1,1,0,1,1,1,0,1,1,1,1,0.695434
1,0,0,1,1,0,1,1,0,0,0,1,1,1,1,0,1,1,1,1,1,0,0,1,1,1,0,0,0,1,1,1,0.628612
1,1,0,1,0,1,1,1,1,0,0,0,0,0,0,0,1,1,0,0,0,1,0,0,0,0,1,0,0,1,0,0,0.668750
1,1,0,1,0,1,1,1,0,1,1,0,1,1,0,0,1,1,0,1,0,0,1,0,1,0,1,0,1,0,1,0,0.645204
1,0,1,1,1,1,1,1,1,0,1,0,1,0,0,0,0,0,0,1,1,0,0,0,1,0,0,0,0,1,1,0,0.608931
1,1,1,0,1,0,0,1,1,0,1,0,1,1,0,0,0,0,1,1,1,1,0,0,1,1,1,1,1,1,1,0,0.648543
0,0,0,0,1,1,1,1,1,1,0,0,1,0,0,1,1,1,0,0,0,1,1,0,0,0,1,0,0,1,1,0,0.570048
1,1,1,0,1,0,0,0,1,0,0,1,1,1,0,1,0,0,0,1,1,0,1,0,0,0,0,0,1,0,0,0,0.607777
0,1,0,0,0,0,1,0,1,0,0,1,0,0,1,1,1,0,1,1,0,0,0,0,0,0,1,1,1,0,1,1,0.620403
1,1,1,1,1,0,0,0,1,1,1,0,1,1,1,1,0,1,1,0,1,1,0,1,0,0,1,0,0,1,1,1,0.608931
0,0,1,0,0,0,0,1,1,0,0,0,0,0,0,0,1,0,1,0,1,0,1,1,1,0,0,0,0,1,0,0,0.610136
1,1,1,1,1,0,1,1,1,0,1,1,0,0,1,0,1,1,1,1,1,0,1,0,1,1,0,0,0,1,1,0,0.638125
0,1,1,0,0,0,0,0,1,0,1,1,0,0,1,1,1,0,1,0,1,0,0,0,0,1,1,0,0,1,1,1,0.656550
1,1,0,1,0,0,1,1,0,1,1,1,1,1,0,1,0,0,1,1,0,1,1,1,0,0,1,1,0,1,0,1,0.718453
1,0,1,0,1,1,0,1,1,1,0,1,0,1,1,1,1,0,0,0,1,0,0,0,1,0,0,1,1,0,1,0,0.626177
0,1,1,1,0,0,1,1,1,0,0,1,0,0,1,0,1,0,0,1,0,0,1,1,1,0,0,0,1,0,1,0,0.615910
0,0,1,1,0,1,0,1,1,0,1,1,0,1,1,1,1,0,0,1,1,0,0,0,1,1,1,0,0,0,0,0,0.627256
0,0,0,0,0,0,0,1,0,1,1,0,0,1,0,1,1,1,0,1,1,1,0,0,1,1,0,1,0,0,0,0,0.609258
1,0,0,1,1,0,1,1,1,0,1,1,0,1,1,0,0,0,1,0,1,0,1,1,1,0,1,0,1,1,1,0,0.624143
0,0,0,0,1,1,0,1,1,0,1,1,0,1,0,0,0,1,1,1,0,1,0,0,0,0,0,1,0,1,0,1,0.568818
0,0,0,0,0,0,1,1,0,1,0,1,0,1,1,1,1,1,1,1,1,1,0,1,0,1,1,0,0,0,0,0,0.636318
1,1,1,1,0,1,0,0,0,1,0,1,0,1,0,1,1,0,1,0,1,0,1,1,1,1,1,0,0,0,1,0,0.632979
0,0,1,0,0,1,1,1,0,0,1,1,1,0,0,1,1,0,0,1,1,0,1,1,0,1,1,0,0,0,0,1,0.646259
1,1,0,1,1,1,0,1,0,0,1,0,0,0,0,1,1,0,1,0,0,0,0,0,1,1,1,1,0,0,1,1,0.610839
0,0,1,1,1,1,1,1,0,1,1,1,0,1,1,1,0,1,0,1,0,0,1,0,0,0,1,1,0,0,0,1,0.650200
0,1,0,0,1,0,1,1,1,1,0,1,0,1,1,1,1,0,0,0,0,0,1,1,0,1,0,1,1,1,0,0,0.629415
0,1,1,1,1,1,1,0,1,0,0,0,1,0,1,0,0,0,1,1,0,0,0,0,0,0,1,0,1,1,0,0,0.613500
0,1,1,0,1,0,0,0,1,1,1,1,1,0,0,0,1,1,1,0,0,0,0,0,0,1,1,0,1,1,0,0,0.651480
1,1,0,1,0,1,0,1,1,1,1,0,0,0,0,0,1,1,1,1,1,0,1,0,0,0,1,1,0,1,0,1,0.628411
1,1,0,0,0,1,0,0,1,0,0,1,0,0,1,0,1,1,0,0,0,1,0,1,1,1,1,1,0,1,1,1,0.639456
1,0,0,0,1,0,1,0,0,0,1,0,0,1,1,0,1,0,0,1,1,0,1,0,1,0,1,0,1,0,1,1,0.746166
1,1,1,1,0,0,1,1,0,0,1,0,0,1,1,0,0,0,0,0,1,1,1,1,0,1,0,0,0,1,1,1,0.588096
1,0,0,0,1,0,1,0,1,0,1,1,0,1,1,1,1,1,0,0,0,0,1,1,0,1,1,0,0,1,1,0,0.609835
1,0,1,1,1,0,0,0,0,1,1,0,0,1,0,1,1,1,1,0,1,1,0,1,0,0,0,0,1,0,1,1,0.626076
0,1,1,0,0,0,1,1,0,0,1,1,0,1,0,1,0,1,1,1,1,0,0,0,0,1,1,0,1,0,0,1,0.636192
0,0,0,0,1,1,0,0,1,1,1,1,1,0,0,1,1,1,1,0,0,1,0,1,0,0,0,1,1,1,0,1,0.661772
0,1,1,0,0,0,1,0,1,0,0,1,1,0,0,0,0,1,0,0,1,0,1,1,0,1,0,0,1,1,0,0,0.614253
1,1,0,1,0,0,0,0,0,0,0,0,0,1,0,1,1,0,0,0,1,0,1,0,0,1,0,1,1,1,0,1,0.675452
1,1,1,0,1,1,0,1,0,1,1,1,0,0,0,0,0,0,0,1,1,1,0,1,1,0,0,0,1,1,0,1,0.636644
0,1,1,0,1,0,1,1,0,1,1,0,0,1,1,1,1,0,1,1,1,0,0,0,1,0,1,1,0,0,0,0,0.615207
1,1,1,0,0,1,1,0,1,0,1,1,0,0,0,0,0,0,1,0,1,0,1,1,0,0,1,1,1,0,0,1,0.627281
0,1,1,1,0,1,0,0,0,0,1,1,1,0,1,1,0,0,1,0,1,1,0,0,1,0,1,0,1,1,0,1,0.612998
0,1,0,1,0,0,1,1,1,0,1,1,0,0,0,1,1,0,0,1,1,1,1,1,1,1,0,0,1,0,0,1,0.665813
0,1,1,1,1,1,1,0,1,0,1,1,1,1,1,1,1,0,1,0,0,1,1,1,1,1,0,1,1,1,0,1,0.642493
0,1,0,1,0,1,1,0,1,1,1,1,1,1,1,1,1,0,0,1,1,1,0,0,0,0,0,0,0,1,0,0,0.637623
0,1,1,0,1,1,0,0,0,1,1,0,0,1,0,0,0,1,1,1,1,0,1,1,1,0,0,0,0,1,0,1,0.621457
1,0,1,1,0,0,1,0,1,0,1,1,1,0,1,0,1,1,1,0,1,0,1,0,0,1,1,1,0,0,1,1,0.661696
0,0,1,0,0,0,1,0,0,1,0,1,0,0,0,0,1,1,1,1,1,0,0,0,1,1,1,0,1,1,0,1,0.642117
0,0,1,0,0,1,0,0,0,0,1,0,1,0,1,0,0,1,0,1,1,0,0,1,1,1,1,0,1,1,0,0,0.618495
0,1,1,0,0,1,1,1,0,0,1,1,1,1,0,0,0,0,0,1,0,0,1,1,0,0,1,0,1,1,1,1,0.615483
0,0,1,1,1,0,1,0,1,1,0,0,0,0,0,1,1,1,0,0,1,0,1,0,1,1,0,1,1,1,0,1,0.654417
1,1,1,1,1,0,0,0,0,0,0,0,0,1,1,1,0,1,1,0,0,1,1,0,1,0,1,1,0,1,0,0,0.687200
1,0,1,0,1,1,0,0,1,1,0,1,1,0,1,1,0,0,1,1,1,1,0,0,0,1,1,0,1,0,0,0,0.645631
0,1,0,0,1,0,0,1,0,1,1,0,0,1,1,0,0,0,0,1,1,1,0,0,1,0,1,0,1,0,1,1,0.653588
1,0,0,1,1,1,1,0,1,0,0,0,1,0,1,0,1,0,0,0,0,1,1,0,0,1,1,0,1,1,1,1,0.618119
1,0,1,1,1,0,0,0,1,0,0,1,1,0,0,0,1,1,1,1,1,0,0,1,0,0,0,0,1,1,1,1,0.614052
0,1,0,0,0,0,1,0,0,1,0,1,1,1,1,0,0,1,0,0,1,1,0,1,0,1,1,0,1,0,0,0,0.602154
1,0,1,0,1,0,1,0,0,0,1,1,1,0,0,0,1,1,0,1,0,1,1,0,1,1,1,1,1,0,0,1,0.635213
1,1,0,1,0,1,1,1,1,0,1,0,0,1,1,0,0,0,1,1,1,0,1,1,0,0,1,0,0,0,1,0,0.614730
0,0,1,0,1,0,0,1,1,0,1,0,0,0,1,0,0,1,0,1,0,1,1,1,0,1,1,0,0,1,0,1,0.587343
1,1,1,0,0,1,1,0,0,1,0,1,1,1,1,0,0,0,1,0,0,1,0,1,0,0,1,1,1,1,0,0,0.647614
0,0,1,0,0,0,1,1,0,1,1,1,1,1,0,1,1,1,0,1,0,0,1,1,1,1,0,0,0,1,1,0,0.620253
0,1,1,0,0,1,1,1,1,0,1,0,0,0,0,0,1,0,1,0,1,0,1,1,0,1,0,0,0,0,0,1,0.610814
1,0,0,1,1,1,1,1,0,1,1,0,1,1,0,0,1,0,1,0,1,1,1,1,1,0,0,0,0,0,0,1,0.610312
1,1,0,0,1,0,0,1,0,1,0,1,0,0,1,0,0,0,1,0,0,1,0,0,0,1,0,0,0,1,1,0,0.606145
1,1,0,1,0,0,1,1,0,1,1,0,1,0,0,0,0,0,1,1,1,0,1,1,1,0,1,1,1,0,0,0,0.627783
0,0,1,0,1,0,0,1,0,0,0,0,0,0,1,0,0,0,0,0,0,0,0,0,1,0,1,1,1,1,0,0,0.580390
1,1,1,1,0,1,0,1,1,1,1,0,1,1,1,0,1,1,0,0,0,1,1,0,0,1,1,0,1,1,0,0,0.666114
1,0,0,1,0,0,1,1,1,0,0,0,1,0,0,1,1,1,1,0,0,1,1,1,0,1,0,1,1,0,0,0,0.628436
0,0,0,1,1,1,1,0,0,1,0,0,1,1,1,1,1,0,1,1,0,1,1,1,0,1,1,0,1,1,0,0,0.573612
1,0,1,1,1,0,0,0,1,1,1,1,1,0,0,1,1,0,0,1,0,0,0,0,1,1,0,0,1,1,1,0,0.639481
1,1,1,0,0,0,1,0,0,0,1,1,0,1,0,1,0,1,1,1,0,1,1,1,0,0,1,1,1,1,1,1,0.587845
1,0,1,1,0,1,0,0,1,0,0,0,0,1,0,0,0,0,1,1,0,1,1,1,1,0,1,0,0,1,0,0,0.632703
0,1,1,0,1,1,1,0,1,1,0,0,1,1,0,0,0,1,1,0,1,0,1,0,1,0,1,0,1,1,0,0,0.645505
1,0,1,1,0,1,1,1,1,1,0,0,1,0,1,0,1,0,0,0,0,0,0,1,0,0,1,0,0,1,1,1,0.621106
0,1,0,0,1,0,1,0,0,1,0,1,1,1,0,0,1,0,1,1,1,1,0,1,1,1,1,0,0,1,0,1,0.626076
1,1,1,1,1,1,0,0,0,1,1,0,0,0,0,1,0,1,0,0,1,1,0,0,1,0,1,0,1,0,0,1,0.632076
0,0,0,1,0,1,1,0,1,0,0,1,0,0,0,0,1,1,1,0,1,0,1,0,1,0,0,1,0,0,1,0,0.626001
0,1,0,0,1,1,0,0,1,0,1,1,1,1,1,1,1,1,1,1,0,0,0,1,0,0,1,1,0,1,1,0,0.652132
1,0,0,0,0,0,0,0,0,1,1,1,1,0,0,1,1,0,1,0,0,0,0,0,0,0,0,0,0,0,0,1,0.631323
0,1,0,0,0,0,1,1,0,0,1,1,1,0,0,1,1,0,1,0,1,1,1,1,1,0,1,1,0,0,0,1,0.627055
0,0,0,1,1,0,0,0,1,0,1,0,1,1,0,0,0,1,1,1,1,1,1,0,0,1,1,1,1,0,1,0,0.615207
0,1,1,0,1,0,0,1,1,0,1,0,1,0,0,0,0,1,0,1,0,1,0,0,0,0,0,0,1,0,1,0,0.611316
1,0,0,1,0,0,1,0,0,0,1,0,1,1,1,1,1,0,0,1,1,1,1,1,1,0,0,1,1,0,0,1,0.638904
1,1,0,1,1,1,0,1,0,0,1,0,1,1,0,0,1,0,1,1,0,0,0,1,1,1,0,1,0,1,1,0,0.618546
0,0,0,1,0,1,1,1,0,0,1,1,0,1,0,0,1,0,0,0,0,1,0,1,1,1,1,0,1,0,1,1,0.623064
0,1,1,1,0,1,1,0,0,1,1,0,0,1,0,1,0,1,0,1,1,1,1,0,0,1,1,0,1,1,1,1,0.633356
0,1,0,1,1,1,0,0,0,0,0,0,0,1,0,1,1,1,0,0,1,0,0,0,1,0,1,1,1,1,1,1,0.645782
1,1,1,1,0,1,0,0,1,1,1,0,0,1,1,1,0,0,0,1,0,1,0,1,0,1,1,0,1,0,0,1,0.619951
0,1,1,1,0,1,1,0,1,1,0,0,1,0,1,1,1,0,1,1,0,1,1,0,1,0,0,0,1,1,0,1,0.614730
1,0,1,0,1,1,1,0,0,0,1,1,1,1,1,0,0,0,0,1,0,0,1,1,0,0,0,1,1,1,0,1,0.615232
1,0,1,0,1,1,0,1,0,0,0,1,0,1,1,0,1,1,0,0,1,0,0,0,0,0,0,0,1,1,0,0,0.705098
1,1,0,0,1,1,0,0,1,0,1,1,1,1,1,0,0,0,0,1,0,1,1,1,0,1,1,1,1,0,1,1,0.634737
1,0,1,1,0,0,1,0,0,0,0,1,1,0,1,1,1,0,1,0,0,1,0,0,1,1,1,1,1,0,0,0,0.616462
1,0,1,0,0,1,0,0,0,1,0,0,1,0,1,0,1,1,1,0,1,1,1,1,1,1,0,1,1,1,0,1,0.611718
0,1,1,1,0,0,1,1,1,1,0,0,1,0,1,0,0,1,0,1,1,0,0,0,1,1,1,1,1,1,1,1,0.654090
0,0,0,0,1,0,0,1,1,1,1,1,1,1,0,0,1,1,0,1,1,1,0,0,0,1,0,1,1,1,0,0,0.649045
0,1,0,1,1,0,1,0,0,0,0,0,1,0,0,0,0,1,1,1,1,0,0,0,1,0,1,0,0,0,1,0,0.601551
0,1,1,1,0,1,0,0,1,1,0,1,1,1,0,1,1,0,0,0,0,0,0,0,0,0,0,0,1,0,0,0,0.622211
1,1,1,0,1,1,0,1,1,1,0,1,1,0,1,0,1,1,1,0,0,1,0,0,1,1,0,0,0,1,0,0,0.678716
1,1,0,1,1,1,0,0,1,1,1,0,0,1,1,1,1,1,1,1,1,1,0,1,1,1,0,1,1,0,1,1,0.648292
1,0,1,1,1,1,0,0,1,1,1,0,1,0,0,0,1,0,0,1,0,0,0,1,0,1,0,1,1,1,0,0,0.630519
0,1,1,1,1,0,1,0,1,1,1,1,1,0,1,0,1,1,0,0,0,0,0,0,1,1,0,0,1,0,0,1,0.653613
0,1,0,1,0,0,1,1,1,0,0,1,1,1,0,0,0,1,1,1,1,1,0,0,1,0,1,0,1,0,1,0,0.625348
0,1,1,1,0,1,0,0,1,1,1,0,0,0,1,0,1,0,0,0,1,0,1,0,0,1,0,0,1,0,0,1,0.616010
0,1,0,1,0,0,1,1,1,0,0,0,1,1,0,1,1,0,0,0,0,0,0,1,0,1,1,1,0,1,0,1,0.623943
0,0,0,1,0,0,1,1,1,1,1,1,0,0,1,0,0,1,0,1,0,1,1,0,0,1,1,0,0,0,1,0,0.593870
1,0,0,1,0,1,1,0,0,1,0,1,0,1,0,0,1,1,1,0,1,1,1,1,1,1,0,0,1,1,0,1,0.601602
1,1,0,0,1,1,1,1,1,1,0,1,0,1,1,1,1,0,1,0,1,1,0,0,0,1,1,1,0,0,1,1,0.632603
1,0,1,0,1,0,0,0,1,0,0,0,1,0,0,0,0,0,0,0,1,0,1,0,0,0,0,1,0,1,1,1,0.613249
1,1,0,0,1,0,0,0,0,1,0,1,0,1,1,1,0,0,1,0,1,0,1,1,1,1,0,1,0,1,0,0,0.622311
0,1,1,0,1,1,1,1,0,1,0,1,0,0,1,0,0,0,0,1,0,1,1,1,1,1,1,0,1,0,1,1,0.630469
1,0,1,1,1,0,0,0,1,1,1,1,0,1,1,0,1,1,0,1,0,1,1,1,1,0,1,0,1,0,0,1,0.625273
1,0,0,1,0,1,1,1,0,1,0,0,0,1,1,0,0,1,1,0,0,0,1,1,0,1,1,0,0,1,0,1,0.610463
0,1,0,0,0,1,1,0,1,1,1,0,1,0,0,1,1,1,1,1,0,1,0,1,1,1,0,1,1,0,1,1,0.641087
1,1,0,0,0,0,1,0,0,1,0,1,1,1,0,0,1,0,1,0,0,1,0,0,0,0,1,1,0,1,1,1,0.607475
1,0,1,1,0,0,1,0,1,1,0,1,1,1,1,0,0,1,0,0,1,1,1,1,0,1,1,1,1,0,0,0,0.638577
1,1,1,1,1,1,0,1,0,0,1,1,1,0,1,0,0,0,0,0,1,1,0,0,1,1,1,1,0,0,1,1,0.640259
0,1,1,0,0,1,0,1,0,0,0,1,1,0,0,1,1,1,1,0,1,0,0,0,0,0,1,0,1,0,1,0,0.616261
1,0,0,1,1,1,1,0,1,0,0,1,0,0,1,0,0,0,0,0,1,1,0,0,1,0,0,0,1,0,1,1,0.581520
1,1,0,0,1,1,1,1,0,1,1,0,0,0,0,0,1,1,0,1,0,1,1,1,1,1,0,0,0,1,0,1,0.649898
0,0,1,1,0,1,0,1,0,1,0,0,0,1,0,0,1,0,1,0,1,0,1,1,0,1,1,0,0,0,1,0,0.609810
0,1,1,1,1,1,0,1,1,1,1,1,1,1,0,1,0,1,0,1,1,1,0,1,1,1,0,1,0,1,1,1,0.586038
1,1,0,0,0,1,1,0,1,0,1,0,1,1,0,1,1,1,0,0,1,0,1,1,1,1,1,1,1,1,1,1,0.724904
1,0,1,0,0,0,0,0,1,0,1,1,0,1,0,0,0,0,1,0,1,1,1,1,0,0,0,0,1,1,1,0,0.629013
0,1,0,1,1,0,0,1,0,0,0,1,0,0,0,1,0,1,1,0,0,0,0,0,1,0,0,1,0,1,0,1,0.583327
1,0,1,0,0,0,1,0,0,1,0,1,1,0,0,1,0,1,0,0,0,1,0,1,1,0,0,1,1,1,0,0,0.607551
0,0,0,1,0,1,0,1,1,0,0,1,0,1,1,1,0,0,0,1,0,0,0,0,1,0,1,1,1,1,0,1,0.632277
1,1,0,1,0,0,0,1,1,0,1,1,1,1,1,1,1,0,1,0,0,1,1,0,1,0,0,1,0,1,1,1,0.662826
1,0,1,0,0,1,0,1,0,1,1,1,1,0,1,1,0,1,1,1,0,1,0,0,1,0,0,0,0,1,0,0,0.633105
1,1,0,0,0,1,1,1,0,1,1,0,0,1,0,0,0,0,0,1,1,0,1,0,1,0,0,0,0,1,1,1,0.623968
0,1,0,1,0,1,0,1,0,0,1,0,1,0,0,0,1,0,0,1,1,0,0,1,1,0,0,1,1,1,1,0,0.608279
0,1,0,1,1,1,1,0,0,0,0,0,0,1,0,1,1,0,1,0,0,0,0,1,1,0,0,0,0,1,1,1,0.605015
1,0,0,1,0,1,1,1,1,0,0,1,0,1,0,0,0,0,1,1,1,1,0,0,0,0,1,1,0,0,1,1,0.626754
1,0,0,1,1,1,1,0,1,1,1,1,1,0,1,1,0,1,1,1,0,0,0,1,1,0,1,0,1,1,1,1,0.558777
1,0,1,0,0,0,0,0,1,0,0,1,1,1,1,0,0,0,0,1,0,0,0,0,0,0,0,1,1,0,0,0,0.618872
1,1,0,0,1,1,1,1,1,1,1,0,1,1,1,1,1,0,1,1,1,0,1,0,0,1,1,1,0,1,1,1,0.640334
0,1,1,1,1,0,1,0,0,1,0,0,0,0,0,1,0,1,1,0,0,0,0,1,1,0,1,1,1,0,0,1,0.617516
0,1,1,0,1,1,0,0,0,1,1,1,0,0,1,1,1,1,0,0,1,0,0,1,1,1,1,0,0,0,1,0,0.625825
1,0,1,0,1,0,1,0,0,0,1,1,1,0,0,1,1,1,0,0,1,1,0,1,1,0,0,1,1,1,1,0,0.645581
0,0,1,1,1,1,1,1,1,0,0,1,0,0,0,1,1,0,1,1,1,1,1,0,1,1,0,0,0,1,0,0,0.640610
0,1,0,0,1,0,1,0,1,1,0,0,0,0,1,1,1,1,1,1,0,0,1,1,0,1,0,1,0,1,0,0,0.632779
1,0,0,0,1,1,1,0,1,0,0,1,0,1,0,1,0,1,1,1,0,1,1,1,0,1,1,0,0,1,0,0,0.688104
0,0,0,0,0,1,1,0,0,0,0,1,1,1,1,1,0,1,0,0,0,1,0,1,1,1,0,1,0,1,0,0,0.621382
1,0,1,1,0,0,0,0,0,1,0,1,1,1,0,0,0,1,0,0,1,1,0,1,0,1,0,0,0,1,1,1,0.600146
1,0,0,1,0,0,0,0,1,1,0,1,0,1,1,1,0,0,0,1,1,0,0,1,1,1,1,1,0,1,1,1,0.618144
0,0,0,1,0,0,1,1,0,1,1,0,0,1,1,0,0,0,0,1,1,0,1,0,0,1,0,0,1,1,1,0,0.609358
0,0,1,1,1,1,1,0,0,1,0,0,1,0,1,0,0,0,1,0,1,1,1,0,1,1,1,0,1,1,0,0,0.631072
1,1,0,1,0,0,0,1,0,0,0,1,1,1,1,1,1,0,0,1,0,1,0,1,1,0,1,1,0,1,1,0,0.639230
0,1,0,1,1,1,0,0,0,1,0,1,0,1,1,0,0,0,1,1,0,1,1,0,0,0,1,0,0,0,0,0,0.628963
1,1,0,0,1,1,0,1,0,1,0,0,0,0,0,1,0,0,1,1,1,0,1,1,1,0,0,0,1,0,0,1,0.639079
1,0,1,1,1,0,1,0,0,1,0,0,0,1,1,0,1,1,1,0,0,1,0,1,0,1,1,0,0,1,0,0,0.624143
0,1,0,1,1,1,1,0,0,1,1,1,1,0,1,0,0,0,1,0,0,1,1,0,1,0,0,1,0,1,0,0,0.622085
1,0,0,1,1,1,1,1,1,1,0,0,1,1,0,1,0,1,1,0,1,1,0,1,0,1,1,1,0,0,1,1,0.630570
1,1,0,1,0,1,0,1,1,0,0,0,0,0,0,1,1,0,0,1,1,1,0,1,1,0,1,0,1,0,0,0,0.619951
1,0,1,1,1,1,1,0,1,1,1,1,1,1,0,0,0,0,1,1,1,1,0,0,0,0,1,0,0,1,1,1,0.640284
1,0,0,0,0,0,1,1,1,0,0,1,0,0,1,0,1,1,1,1,1,0,0,1,0,1,1,1,1,0,1,0,0.622236
1,1,0,1,0,0,1,0,1,0,1,0,1,1,1,0,1,1,1,1,1,1,1,1,1,0,0,1,0,1,0,0,0.620604
1,1,1,0,1,0,1,0,0,1,1,0,0,1,1,0,0,1,0,1,1,1,0,0,0,1,1,1,0,0,1,1,0.629390
0,1,0,0,0,1,0,1,1,0,1,0,1,0,0,1,1,1,1,0,1,1,1,1,1,0,1,0,0,0,0,0,0.621031
0,1,1,0,1,0,0,1,0,1,1,0,0,0,0,1,0,0,1,0,0,0,1,1,1,0,1,1,1,1,1,1,0.575545
0,0,1,0,1,1,1,0,0,0,0,1,0,0,0,0,0,1,0,0,0,1,1,0,0,1,1,0,1,0,1,1,0.594021
0,1,1,0,1,0,1,0,1,0,1,1,1,0,1,0,1,0,0,1,1,1,0,0,0,1,0,0,1,1,1,1,0.625675
0,1,1,1,1,1,0,0,0,0,1,0,1,1,1,0,0,1,1,1,0,1,1,0,0,0,1,1,0,0,0,1,0.640058
1,0,1,1,1,0,1,0,1,0,0,0,0,0,0,1,1,1,1,0,1,0,1,1,0,1,1,1,1,1,1,1,0.651881
1,1,1,0,1,0,0,1,0,1,0,0,0,0,1,1,0,0,0,0,1,1,0,1,0,0,1,0,1,1,1,1,0.540653
0,1,0,1,0,1,1,1,1,0,0,1,1,0,1,1,1,0,1,1,0,0,0,1,0,0,0,1,1,0,0,0,0.675026
0,1,1,1,1,0,0,1,0,1,1,1,0,1,1,0,1,1,1,1,0,1,0,0,1,1,1,0,1,1,1,0,0.657454
1,0,0,0,1,0,1,1,0,0,0,0,0,1,1,1,0,1,0,1,1,0,1,1,0,1,0,1,0,1,1,0,0.587293
0,0,1,0,1,1,1,0,1,1,0,0,0,0,1,0,0,0,0,1,0,0,0,1,0,1,1,1,1,1,1,1,0.595326
0,1,0,0,1,1,1,0,1,0,1,1,1,0,0,0,1,1,1,0,1,1,0,0,0,1,0,0,0,1,0,0,0.676934
1,0,0,1,1,0,1,0,1,0,1,0,0,1,0,0,0,0,1,1,1,0,1,0,1,1,1,0,0,0,1,1,0.636117
1,1,0,1,1,1,0,1,1,1,1,0,1,1,0,0,0,1,0,0,1,1,0,1,1,0,1,1,0,0,0,1,0.629716
0,1,0,1,1,1,1,0,0,1,0,0,0,1,1,0,1,0,0,0,1,0,1,1,1,1,1,0,0,1,0,0,0.608329
0,1,0,0,0,0,0,1,0,0,1,1,0,1,1,1,0,1,1,0,0,0,0,0,0,1,1,1,0,0,0,0,0.582047
1,1,1,1,0,0,1,0,1,0,0,1,1,0,1,0,1,0,0,0,0,1,1,1,1,1,1,0,1,0,1,0,0.644301
1,1,1,0,1,0,1,1,1,1,1,0,0,1,1,1,0,1,1,0,0,0,0,1,1,0,0,1,0,0,1,0,0.627633
1,1,0,0,0,0,0,0,0,0,0,1,0,0,1,0,1,0,1,1,0,1,1,0,0,1,0,0,1,1,0,0,0.629063
1,1,1,1,1,1,0,0,1,0,0,0,0,0,1,0,1,0,0,0,0,1,1,0,1,1,0,1,0,1,1,0,0.640460
1,1,0,1,0,1,1,0,0,1,0,1,1,1,0,1,1,0,0,1,0,0,0,0,0,0,1,1,1,0,1,1,0.650978
0,0,0,1,0,1,0,1,1,0,0,0,1,0,1,1,1,0,0,0,1,1,0,0,1,0,1,0,1,0,1,0,0.625097
0,1,1,1,0,1,1,1,1,0,1,1,1,0,0,1,1,0,1,0,1,1,1,0,1,0,1,0,1,1,0,1,0.628436
0,1,0,0,0,1,0,0,0,0,0,0,0,0,1,1,1,0,0,0,1,0,0,1,0,1,1,1,0,0,0,0,0.571906
0,0,0,0,0,1,0,0,1,1,0,1,1,0,1,0,0,0,0,1,1,1,0,0,1,1,1,1,1,1,0,0,0.637222
0,0,1,1,0,1,0,1,0,0,1,1,1,0,0,1,1,0,1,0,0,1,0,1,0,0,1,1,0,0,0,1,0.732711
0,1,0,1,0,0,0,0,1,0,1,1,0,1,0,0,0,1,1,0,1,0,0,0,0,1,0,1,1,0,0,0,0.604940
1,0,1,1,0,1,0,1,1,0,1,0,0,1,0,1,1,1,1,0,1,1,1,0,0,1,0,0,1,0,1,1,0.629992
1,1,0,1,0,0,1,0,0,1,1,1,0,0,0,0,0,0,1,1,1,1,0,1,0,1,0,0,1,0,1,0,0.614128
1,0,0,1,1,1,0,1,1,1,1,1,1,1,1,1,0,0,0,0,1,1,1,0,0,1,0,1,1,1,1,1,0.647765
0,0,1,1,0,1,0,1,0,1,1,0,1,0,0,1,0,1,0,1,0,1,1,1,0,0,1,0,1,0,0,0,0.620579
0,1,0,0,0,1,0,0,0,1,0,1,0,0,0,0,1,1,1,1,1,1,0,0,1,1,0,1,0,1,1,0,0.598363
0,0,0,0,1,1,1,0,1,1,1,1,0,0,0,0,0,0,0,1,0,0,0,0,0,0,0,1,0,1,1,1,0.542461
1,0,1,0,1,1,1,1,1,1,1,1,0,1,1,1,1,0,1,0,1,1,1,0,0,0,0,1,1,0,0,1,0.619801
0,1,0,0,0,0,0,1,1,1,1,1,0,0,0,1,1,1,0,1,0,0,1,0,1,0,1,0,0,0,1,1,0.618470
0,0,1,1,0,1,1,1,1,1,0,1,1,0,0,1,0,1,0,1,0,0,0,1,1,0,1,0,1,0,0,0,0.637171
1,1,1,0,0,0,1,1,1,0,1,1,1,1,1,1,1,1,1,0,1,0,0,0,0,0,0,1,1,1,0,0,0.624796
0,0,0,0,0,1,1,1,0,0,1,0,0,1,0,0,0,0,0,0,1,0,0,1,0,1,0,0,1,0,1,0,0.533273
0,0,1,1,1,0,0,0,0,1,0,0,0,1,0,1,0,1,1,1,0,1,1,1,1,0,0,1,1,1,1,1,0.588875
0,1,1,0,1,1,0,1,1,1,0,1,1,0,1,1,1,0,1,0,0,1,0,0,1,1,0,0,0,1,1,0,0.622160
0,0,1,1,1,0,0,0,0,1,1,0,1,1,0,1,1,0,0,0,1,1,0,0,1,1,0,1,0,1,0,1,0.628386
0,1,0,0,1,1,1,1,0,1,0,1,1,1,1,0,1,0,0,0,0,0,1,0,0,1,0,1,1,1,0,1,0.595702
1,1,1,0,1,1,1,0,1,0,0,0,0,0,1,0,1,1,0,1,0,0,1,0,1,0,1,1,0,1,0,1,0.674298
0,0,1,1,0,1,0,1,1,1,0,1,0,0,0,0,1,0,1,0,1,1,0,1,1,0,0,1,1,1,1,0,0.621081
1,0,0,1,1,0,1,0,0,1,1,0,1,1,1,1,0,1,1,0,0,1,1,1,0,0,1,0,0,1,0,0,0.593544
0,1,0,0,1,1,1,1,1,0,1,0,1,0,1,1,0,1,1,1,0,1,1,0,1,1,1,0,0,1,0,1,0.633933
0,0,1,1,0,1,0,1,0,1,0,1,0,1,0,1,1,0,1,1,1,0,1,1,0,1,0,0,1,0,1,1,0.596907
0,1,1,0,1,1,0,0,0,0,0,0,0,1,0,0,0,0,1,1,0,1,0,1,1,1,1,1,1,1,0,0,0.634711
1,1,0,1,1,1,1,0,1,1,0,0,0,1,0,1,0,1,1,0,1,1,1,1,1,1,0,1,0,1,1,1,0.547807
0,1,1,1,1,0,1,1,1,0,0,0,1,1,1,1,0,0,1,0,1,0,0,1,0,0,0,1,0,0,1,1,0.624620
0,1,1,0,1,1,0,0,0,0,0,0,1,1,0,0,1,0,0,1,0,0,0,0,1,0,1,1,0,0,0,1,0.614655
1,0,1,1,1,0,1,0,0,1,1,0,0,0,1,1,0,1,0,0,0,1,0,0,1,0,0,0,1,1,1,0,0.624595
0,1,0,1,1,1,0,0,1,1,1,0,0,1,1,0,1,0,1,0,1,1,1,1,0,1,0,0,1,0,1,1,0.635364
0,0,1,0,1,1,0,0,0,1,0,1,0,1,1,0,1,0,1,1,0,1,1,0,0,0,1,1,1,1,1,1,0.635264
1,0,1,0,0,1,1,1,0,0,1,0,1,1,0,1,1,0,0,1,0,0,0,1,0,1,0,0,1,1,1,0,0.611391
0,0,1,0,1,0,1,0,1,0,0,0,0,0,1,1,1,1,1,0,0,0,1,1,1,1,1,0,1,1,0,1,0.651229
0,0,0,1,1,1,1,1,0,0,1,0,0,0,0,0,1,1,1,1,0,0,1,0,1,1,1,0,0,1,0,1,0.612119
1,1,1,1,0,1,1,1,1,1,0,1,0,0,1,0,1,0,0,1,0,0,1,1,0,0,1,0,1,1,1,1,0.628361
1,0,1,0,1,0,0,0,1,1,1,1,0,0,1,0,0,1,1,1,0,1,0,0,1,1,1,0,0,1,1,1,0.616362
0,0,1,0,0,0,0,0,0,0,0,1,0,0,1,0,0,0,1,0,0,0,0,0,1,1,1,0,0,0,1,0,0.568266
1,0,1,1,0,0,1,1,0,0,1,1,0,0,0,0,0,1,1,0,1,0,0,1,1,1,0,0,0,1,1,0,0.608731
1,1,1,0,1,0,0,0,0,0,1,1,0,0,1,0,1,1,0,1,1,0,1,1,1,0,1,1,1,0,1,0,0.640334
0,1,1,0,0,0,0,0,0,1,1,0,0,1,1,1,0,1,0,0,0,0,1,0,0,1,1,0,0,1,1,1,0.598941
0,0,0,0,1,0,0,0,0,0,1,1,0,0,1,0,1,1,1,0,0,0,1,0,1,1,1,1,1,0,1,1,0.708362
0,1,1,1,0,1,1,1,0,1,0,1,0,1,1,1,1,1,0,0,0,1,0,1,0,0,0,0,1,0,1,0,0.629289
0,0,0,0,0,1,1,0,0,0,1,1,1,1,1,0,1,0,0,1,1,0,1,1,1,1,1,0,1,0,1,1,0.650601
1,0,1,1,0,1,0,0,1,0,1,1,1,0,1,1,1,1,0,0,0,0,0,1,0,0,1,0,0,0,1,0,0.634862
1,0,1,1,0,0,1,1,1,0,1,0,0,1,0,0,1,0,0,1,1,1,1,1,1,0,1,1,1,0,1,0,0.634486
0,1,1,1,0,0,1,1,0,0,1,1,0,1,0,0,0,1,1,1,1,1,0,0,1,0,1,0,0,0,0,1,0.623466
1,1,1,0,1,0,0,0,1,1,0,1,0,0,1,0,0,0,1,1,1,1,1,0,1,1,1,0,1,0,1,0,0.639606
0,1,0,0,0,0,0,1,0,0,1,0,0,1,1,1,0,1,1,1,0,1,0,1,0,1,1,1,0,1,0,0,0.597384
1,1,0,0,0,0,0,1,0,1,1,1,0,0,1,0,1,1,0,0,0,1,1,1,1,0,0,0,0,0,0,0,0.653086
1,1,1,0,1,1,1,1,1,1,0,0,0,1,0,1,0,1,0,1,0,0,0,1,1,0,1,1,0,1,0,1,0.640987
0,0,1,0,0,0,1,1,1,0,0,0,1,0,1,1,0,0,1,0,0,1,0,1,1,0,1,1,1,1,0,1,0.597510
0,1,1,0,1,1,1,1,1,0,1,0,0,1,1,1,1,1,1,1,1,1,1,0,0,0,0,0,0,0,1,1,0.646786
0,1,0,1,1,0,1,1,1,1,0,0,1,1,1,1,0,1,0,0,1,0,1,0,0,0,1,1,0,1,1,0,0.624620
1,1,1,0,0,0,1,0,0,1,0,0,1,1,0,0,1,1,1,1,1,0,0,0,0,1,0,1,1,0,0,0,0.779125
1,1,1,1,1,1,0,0,1,0,0,0,1,0,0,0,0,0,1,0,0,0,1,0,1,0,1,0,0,0,1,0,0.636393
0,0,1,0,0,0,1,1,0,0,0,1,1,1,0,1,1,0,1,1,0,1,0,1,0,0,0,1,1,1,0,0,0.612847
1,0,0,0,0,1,1,1,1,1,0,1,0,1,0,0,1,1,0,0,0,0,1,1,0,0,1,1,1,0,1,1,0.614052
0,0,1,0,0,1,0,0,0,1,0,1,1,0,0,1,1,1,0,1,1,0,0,0,0,0,0,0,1,1,0,1,0.628009
0,1,1,0,0,0,1,1,0,1,1,0,0,1,0,1,1,0,1,1,0,0,0,0,1,1,1,0,0,0,1,0,0.626302
1,0,1,1,1,0,1,1,0,0,1,1,0,1,1,1,0,1,0,0,1,1,1,1,1,0,0,0,1,0,0,0,0.644727
0,1,1,0,1,1,0,1,1,1,0,1,1,1,1,0,0,1,0,1,1,1,0,0,0,0,0,1,0,0,0,0,0.666441
0,0,0,0,1,1,0,0,1,1,1,0,0,0,1,0,1,0,1,0,0,1,1,1,0,1,0,1,0,1,0,1,0.602982
0,0,1,1,1,1,0,1,1,0,1,0,0,1,1,1,1,0,1,0,1,1,1,1,1,0,1,1,1,0,1,1,0.639029
0,1,1,1,1,1,0,1,1,0,0,0,0,0,0,0,0,0,1,0,1,1,0,0,0,0,1,1,1,0,0,0,0.623315
0,0,0,1,0,1,1,1,0,0,0,0,1,1,0,0,0,1,0,0,1,1,0,0,0,0,1,1,1,1,1,0,0.599895
1,1,1,0,0,1,1,0,1,1,1,1,0,0,0,1,0,0,1,1,1,0,0,1,0,1,1,1,1,0,0,0,0.645505
0,0,0,0,0,1,0,0,1,1,1,0,1,1,1,0,1,0,0,1,0,1,0,0,1,1,1,0,0,1,0,1,0.631950
1,0,1,0,0,0,1,1,0,0,1,0,1,0,1,0,1,0,0,1,0,1,1,1,0,0,0,1,1,1,0,1,0.598087
1,1,1,0,1,1,1,1,0,0,0,1,0,0,0,0,1,0,0,0,0,1,1,1,1,1,1,1,1,1,0,0,0.660592
1,0,1,0,1,1,1,1,0,0,0,1,0,1,1,1,0,0,0,1,0,0,0,1,0,1,0,1,1,0,0,0,0.639682
1,1,1,1,0,0,1,1,0,1,1,1,0,1,1,1,0,0,0,0,0,0,0,1,1,1,1,1,1,1,1,0,0.645531
0,0,0,0,1,0,0,1,0,0,1,1,0,0,0,1,1,0,1,1,1,1,0,1,0,0,0,0,1,0,0,1,0.610588
1,0,0,0,1,1,1,0,1,0,0,1,0,0,1,1,1,0,1,0,0,1,0,0,0,1,1,1,1,0,0,1,0.612596
0,0,1,1,0,1,1,1,1,0,0,0,1,0,1,1,1,1,0,0,0,0,1,1,1,0,0,1,0,0,1,0,0.652986
1,1,0,0,0,0,1,0,1,1,0,1,1,0,0,0,1,0,0,1,1,0,0,0,0,0,0,0,0,1,0,1,0.613324
1,1,1,1,1,1,0,0,1,1,1,1,1,1,0,1,0,0,0,0,0,1,1,1,1,0,1,0,1,0,1,1,0.632829
1,1,1,0,1,1,1,0,0,0,0,1,1,0,1,1,0,1,1,1,0,1,1,0,0,0,1,0,1,0,1,0,0.640661
0,0,1,1,1,0,1,0,1,1,1,1,1,0,0,1,0,0,1,0,1,1,1,0,0,0,1,0,1,1,1,1,0.659437
1,1,1,1,1,0,1,1,1,0,1,1,0,0,1,1,1,1,0,1,1,1,0,0,0,0,1,0,1,1,1,1,0.635967
0,1,0,0,1,1,1,0,0,0,0,0,0,0,0,0,0,1,0,0,0,1,0,1,1,1,0,1,0,1,1,0,0.627608
0,0,0,1,0,1,0,0,0,1,0,1,0,1,1,1,0,1,1,1,0,1,1,0,1,1,0,0,1,0,1,0,0.614404
0,1,0,0,0,1,1,0,0,1,0,0,1,0,1,0,1,0,1,1,1,0,0,1,0,1,0,0,1,1,1,1,0.591485
0,1,0,1,0,0,1,1,1,0,1,1,1,1,1,0,0,0,0,0,0,0,1,1,0,0,0,1,1,1,0,0,0.620679
1,1,0,0,1,0,0,1,1,1,0,0,0,0,0,0,1,1,1,0,1,0,0,0,0,1,0,0,0,1,0,0,0.616788
1,1,0,0,0,1,0,1,1,1,1,1,0,1,1,1,0,1,1,0,0,0,1,1,1,0,1,1,1,0,0,0,0.638025
1,0,1,1,1,0,1,1,0,0,1,1,0,1,1,0,0,1,0,1,0,0,1,1,1,0,0,1,0,0,1,0,0.641338
0,1,1,0,1,1,0,1,0,0,0,0,1,1,1,1,1,1,1,0,0,0,1,1,0,0,1,1,0,1,1,0,0.623742
0,0,1,1,0,1,0,0,1,1,1,0,0,0,1,0,0,1,0,0,1,1,1,1,1,1,1,0,1,0,0,1,0.639983
1,0,0,1,0,0,1,1,0,0,0,0,1,0,1,0,1,0,1,1,1,1,0,0,0,0,0,0,0,1,0,0,0.591360
0,1,0,1,1,1,0,0,1,0,1,1,0,0,0,0,1,1,0,1,1,1,1,1,0,1,1,1,1,0,1,1,0.703592
1,0,1,0,0,0,1,1,1,0,0,0,1,0,0,0,0,0,0,1,0,0,0,0,0,1,1,0,1,1,0,0,0.597435
1,1,0,0,1,1,1,1,1,0,0,0,0,0,1,0,0,0,1,0,1,1,0,1,0,1,1,0,1,0,1,1,0.618445
0,1,1,0,0,0,1,0,1,1,1,1,1,1,0,0,1,1,1,0,1,1,1,1,1,0,0,1,0,1,0,1,0.633707
