0,0,1,1,0,0,1,1,1,1,1,1,0,1,1,0,0,1,0,0,0,1,0,0,1,0,0,1,0,1,0,0,0.643649
0,1,1,1,1,1,0,1,1,0,0,0,1,1,1,1,0,1,1,0,0,1,1,0,0,0,1,1,0,0,0,1,0.672581
0,1,0,0,1,0,1,1,0,1,1,1,1,1,0,0,0,0,0,0,1,1,1,1,1,1,1,0,0,0,1,0,0.650496
0,1,1,0,0,1,0,0,1,1,0,0,0,1,1,1,1,0,1,0,1,0,1,0,0,0,1,0,1,0,1,0,0.624574
1,1,0,0,1,0,1,0,1,1,1,0,1,1,1,0,0,1,0,0,1,0,0,0,1,0,1,1,0,1,0,0,0.681905
1,1,1,1,0,1,0,0,0,0,1,0,1,1,1,0,1,1,1,1,0,1,0,1,0,0,0,0,1,0,0,0,0.686834
1,1,1,1,0,0,0,0,0,1,0,0,0,0,1,0,0,0,0,1,0,1,1,1,0,1,1,0,1,0,1,0,0.629715
1,1,1,1,1,1,1,0,0,0,0,1,0,1,0,1,1,1,1,0,0,1,0,0,1,0,1,1,1,0,0,1,0.656596
0,1,1,1,1,1,0,1,0,0,0,0,0,1,1,0,0,1,1,1,1,0,0,0,1,1,0,1,1,0,1,0,0.704071
0,1,0,1,1,0,1,1,0,1,1,0,0,0,1,0,1,1,1,1,1,1,0,1,0,0,0,1,1,0,0,0,0.655264
0,0,0,0,1,0,1,0,0,1,1,0,1,1,1,0,1,1,0,0,0,0,0,0,1,1,1,1,0,1,0,1,0.693548
1,0,1,0,0,0,0,0,1,1,0,1,0,1,1,1,0,0,0,0,1,1,1,1,1,1,1,1,0,0,1,1,0.661711
0,1,1,1,0,0,1,0,1,0,1,0,0,1,0,1,0,1,1,1,1,0,1,1,0,0,1,0,1,1,1,1,0.674233
0,1,1,1,0,1,0,0,1,1,0,1,0,0,0,1,1,1,1,1,1,1,0,0,1,0,1,1,0,1,1,0,0.660433
0,1,0,0,0,0,1,1,1,1,0,0,1,1,1,0,0,0,1,0,1,1,1,0,1,0,0,0,1,1,0,1,0.631740
1,1,1,0,1,1,0,1,0,1,1,0,1,0,0,1,0,1,0,0,1,1,1,1,1,0,0,0,0,0,1,0,0.656117
1,0,0,0,0,0,1,0,0,0,0,0,0,0,0,0,1,1,0,0,1,1,0,1,0,0,1,0,1,0,1,1,0.646579
1,1,0,0,1,1,1,0,1,0,0,0,1,0,0,0,1,0,1,0,0,0,0,1,0,1,0,1,1,1,1,0,0.631261
0,1,1,0,1,1,0,0,1,0,1,1,0,0,0,0,0,1,0,0,0,0,1,1,0,1,0,1,1,1,1,1,0.669331
1,1,1,1,1,0,1,0,0,0,0,1,1,0,1,0,0,0,0,0,0,1,1,1,0,0,1,1,0,1,1,1,0.751732
0,0,1,0,1,0,0,1,0,0,0,0,1,1,0,1,1,1,1,1,0,0,0,1,0,0,1,0,1,1,1,0,0.646553
1,0,0,1,1,0,0,0,1,0,0,1,1,1,0,0,0,1,1,0,0,0,1,1,1,0,1,0,1,0,1,1,0.688566
0,1,1,0,1,1,1,0,0,1,0,1,0,0,1,1,1,1,0,0,1,1,1,1,0,1,1,0,1,0,1,0,0.660592
1,1,1,0,0,0,1,1,1,0,1,0,1,1,1,1,0,1,0,1,1,1,1,0,1,1,0,0,1,1,1,0,0.643942
1,1,0,1,0,1,0,1,0,0,0,0,1,1,0,0,1,0,1,0,0,0,1,1,0,0,0,1,0,0,1,1,0.671675
0,0,1,0,1,1,0,0,1,1,1,0,1,1,0,0,1,1,1,1,1,1,1,1,1,0,0,1,0,0,0,1,0.664802
1,1,0,0,0,0,0,1,1,0,1,0,1,1,0,1,1,1,0,0,0,1,0,1,0,0,1,1,1,1,0,0,0.639812
0,0,0,1,0,0,0,0,1,1,1,0,1,1,1,1,1,0,1,1,1,1,1,0,1,0,0,0,1,1,1,0,0.715899
1,1,0,1,1,0,1,0,0,0,1,1,1,0,0,0,0,1,0,1,0,1,1,0,1,0,1,0,0,1,0,0,0.669144
1,0,0,0,0,0,0,1,1,0,1,1,1,1,0,0,0,0,1,0,0,0,1,1,0,1,1,0,0,0,1,0,0.640905
1,1,1,0,0,0,0,1,0,1,0,0,0,1,0,0,1,0,0,1,1,1,0,0,0,1,1,0,0,0,1,0,0.675565
1,1,1,0,1,0,1,1,0,0,0,1,0,1,0,1,1,1,0,1,1,0,1,0,1,0,0,0,0,0,0,1,0.656330
0,0,1,0,1,1,1,0,0,1,1,1,0,0,0,1,1,0,0,1,1,1,0,1,0,0,0,1,0,0,0,0,0.675991
1,1,0,1,0,0,1,0,0,1,1,1,1,0,0,1,1,1,1,1,0,1,0,0,0,0,1,1,0,0,0,1,0.641624
1,0,1,1,0,1,0,0,1,0,1,1,0,0,0,0,1,0,0,0,0,0,0,0,1,0,1,0,0,1,1,1,0.655131
0,0,1,1,0,0,0,1,1,0,0,0,1,1,1,1,0,1,1,0,1,0,0,0,1,0,1,0,1,0,1,1,0.626412
1,0,0,0,0,0,0,0,0,1,1,0,0,1,0,0,0,0,1,1,0,1,1,1,0,1,0,1,0,1,0,0,0.643169
0,0,0,0,1,0,1,0,1,1,0,0,1,1,1,1,1,0,0,0,0,1,0,0,1,1,1,1,1,0,1,0,0.764173
0,1,0,0,0,0,1,0,0,1,1,0,1,0,1,1,1,1,0,0,1,0,0,1,0,1,1,0,1,0,1,0,0.652254
1,1,1,0,1,1,1,0,0,1,1,1,1,1,0,0,1,0,1,1,1,0,1,1,1,1,1,0,1,0,1,0,0.701407
1,0,0,0,1,0,0,0,0,0,1,1,0,1,0,1,1,1,0,0,0,0,1,0,1,0,1,0,0,1,1,1,0.655797
1,0,0,0,1,0,1,0,0,1,0,1,0,0,0,1,1,0,1,1,0,0,1,0,1,1,0,1,1,1,1,1,0.901108
1,0,0,0,0,0,0,1,1,1,0,0,0,0,1,1,1,1,0,0,0,0,0,0,0,0,0,1,0,1,1,0,0.655850
1,1,0,1,1,1,1,1,0,0,0,0,0,1,0,0,1,1,0,1,0,0,0,1,1,1,1,0,0,1,1,1,0.649750
0,1,0,0,0,0,1,1,1,1,0,0,1,0,0,1,0,0,1,1,1,1,0,0,1,1,0,1,0,1,0,1,0.638454
1,1,0,1,0,0,0,0,0,1,0,1,0,1,0,0,0,0,1,0,0,0,1,1,1,1,1,1,0,0,0,0,0.646046
0,1,0,1,0,1,0,1,0,0,1,0,1,1,0,1,0,0,0,0,1,1,1,0,1,0,0,1,0,0,1,0,0.634404
0,0,0,0,1,0,1,0,0,0,0,0,0,0,0,0,0,1,1,1,0,0,1,0,0,1,0,1,0,0,1,1,0.528213
1,1,0,0,1,0,0,1,1,0,0,0,1,0,0,1,0,0,0,1,1,0,0,0,0,1,0,0,0,0,0,0,0.637308
0,1,1,1,1,0,1,1,1,1,0,0,0,0,1,1,0,0,0,0,1,1,1,1,0,1,0,1,0,0,1,0,0.669091
1,0,0,0,1,0,0,1,1,1,0,0,1,0,0,0,1,1,0,1,1,0,0,1,1,1,1,1,1,0,1,1,0.837250
0,0,1,0,0,1,0,0,1,1,1,1,0,1,0,0,1,0,1,0,0,1,1,0,0,0,0,0,0,1,1,1,0.634857
1,1,1,0,1,0,1,0,0,0,1,0,0,1,1,0,0,0,0,1,0,1,1,0,1,0,1,0,1,1,1,0,0.651508
0,0,1,0,1,0,1,1,1,1,0,0,0,1,0,0,1,0,1,1,1,1,0,1,1,1,1,1,1,0,1,1,0.713315
1,1,1,1,0,0,0,0,1,0,0,1,0,0,1,0,1,1,1,0,1,0,1,0,1,1,1,1,1,0,1,0,0.700661
1,0,1,1,1,0,0,1,1,1,1,0,1,0,0,0,0,1,0,1,0,0,0,0,0,0,0,0,1,0,0,1,0.644688
0,0,1,0,1,0,0,1,0,1,0,1,0,0,1,0,1,0,0,1,1,0,1,1,0,1,0,1,1,0,0,0,0.633685
1,0,0,0,0,0,1,0,0,0,0,0,1,0,0,0,0,0,1,0,1,0,0,0,1,0,0,0,1,1,1,1,0.687766
1,1,0,0,0,0,1,0,1,1,0,1,0,0,1,1,1,1,1,1,0,0,1,1,1,0,1,1,1,1,1,0,0.647938
0,0,0,0,0,1,0,1,1,0,1,0,0,0,1,1,1,0,1,0,1,0,1,0,0,0,1,1,0,0,1,0,0.613251
1,0,1,1,1,0,1,0,1,0,1,1,0,1,1,0,1,1,0,0,1,1,0,0,1,0,0,0,1,1,0,0,0.795210
0,0,1,0,1,1,1,0,0,0,1,0,0,1,1,1,0,1,1,0,0,0,1,1,1,0,0,0,1,0,0,0,0.625693
0,0,0,1,1,1,0,1,1,1,0,1,1,0,1,0,1,0,0,0,1,1,0,1,1,1,0,0,0,1,0,1,0.643196
0,1,1,0,0,0,1,0,1,1,0,0,1,0,1,0,1,1,1,0,0,1,0,0,1,0,1,1,0,0,0,0,0.654891
0,1,0,1,0,1,1,0,0,0,1,0,1,0,0,0,0,0,0,1,0,0,1,1,0,0,0,0,1,0,1,0,0.642796
1,1,1,0,0,1,0,0,0,0,1,0,0,1,1,1,1,0,0,0,1,1,0,1,1,1,1,0,0,0,1,1,0.648311
1,0,0,1,1,0,0,0,0,0,0,1,1,0,1,1,0,0,1,1,1,0,1,1,0,1,1,0,0,0,1,0,0.651375
1,1,1,1,0,0,1,1,1,0,0,1,0,1,1,1,0,0,0,0,0,0,0,1,0,0,1,1,0,1,1,1,0.846840
1,0,1,1,0,1,1,0,0,0,1,1,1,1,1,0,0,1,0,0,1,0,0,0,1,1,0,1,1,1,1,0,0.683744
1,0,1,0,0,0,1,0,0,0,0,0,0,1,1,0,1,0,0,0,1,1,0,0,0,1,0,1,0,1,0,1,0.621190
1,1,0,1,0,0,0,1,1,0,1,1,0,1,1,0,0,1,1,0,1,0,0,0,1,1,0,1,1,1,0,1,0.640079
0,0,1,1,0,1,0,1,1,0,0,1,1,0,0,0,1,1,1,1,1,0,0,0,1,1,1,1,1,0,0,1,0.658488
1,0,1,1,1,0,1,1,0,1,0,0,1,0,0,1,0,0,1,0,0,1,1,0,0,1,0,1,1,1,0,1,0.649350
1,1,0,0,0,0,1,1,0,0,0,1,0,0,0,0,0,0,0,1,1,0,1,1,1,0,1,0,1,0,1,1,0.665974
1,0,0,1,0,0,1,0,0,1,1,0,1,1,0,1,0,0,0,1,0,1,1,1,0,1,1,1,1,1,0,0,0.673647
1,1,1,0,1,1,1,1,0,0,1,0,1,0,0,1,1,0,1,0,0,0,1,1,1,1,1,0,0,1,0,0,0.661658
1,0,0,0,1,0,1,0,0,1,0,0,1,0,1,0,1,1,0,0,0,1,0,1,0,1,0,1,1,1,0,1,0.636669
0,0,1,1,1,1,0,1,1,0,1,1,1,1,0,1,1,1,0,0,0,0,0,0,1,1,1,0,1,0,1,1,0.642530
1,0,1,0,1,1,1,0,1,0,0,0,0,0,1,0,1,0,0,0,1,0,0,0,1,1,1,1,1,1,0,1,0.642130
0,1,1,1,0,1,1,1,0,1,0,0,0,0,1,0,0,1,1,0,1,0,0,1,1,0,1,0,0,0,1,1,0.661845
0,0,0,1,1,0,1,1,1,1,0,0,1,0,0,0,1,0,0,1,0,0,0,0,1,0,0,0,1,1,0,1,0.664615
1,1,1,0,0,0,1,1,0,1,1,1,0,1,1,0,1,1,1,0,1,0,0,0,1,1,1,0,0,0,0,0,0.644421
0,0,0,0,0,0,1,0,0,0,1,0,1,1,0,1,1,0,0,1,0,1,0,1,0,0,1,1,1,1,1,0,0.623641
1,1,0,1,0,0,1,0,0,1,1,0,0,1,1,0,0,0,1,0,1,0,0,0,1,0,1,0,1,0,1,1,0.657582
0,1,1,1,1,1,1,0,1,0,0,1,0,1,1,0,1,1,0,0,0,1,1,1,1,1,0,1,0,1,0,0,0.684490
0,1,0,0,0,0,0,0,1,1,0,1,0,0,1,1,0,1,0,0,1,0,0,0,1,1,0,0,0,0,1,1,0.591086
0,1,1,0,0,0,0,1,0,0,0,1,0,0,0,0,0,0,0,0,1,1,1,0,0,0,1,1,1,0,1,1,0.612266
0,1,1,1,1,1,0,0,1,1,1,1,1,1,0,0,1,0,0,0,0,1,0,1,0,0,1,1,0,1,1,0,0.670103
0,0,1,0,1,0,0,1,1,1,1,0,0,1,1,0,0,1,0,0,1,0,1,1,1,0,0,0,0,0,0,0,0.617487
1,0,0,0,1,1,1,0,1,0,1,1,1,1,0,1,1,1,1,1,0,1,0,0,1,0,0,0,0,0,0,0,0.633578
1,0,1,0,0,1,1,0,1,0,1,0,1,0,1,1,1,1,0,1,1,1,0,0,0,0,1,0,0,0,0,0,0.645780
0,1,1,0,1,1,1,1,0,0,0,0,0,1,1,1,1,1,1,1,1,0,1,1,1,0,0,1,0,1,1,0,0.602542
0,1,0,0,1,1,1,0,0,0,1,1,1,0,0,0,1,1,1,0,0,1,0,1,1,0,0,0,1,1,0,0,0.650149
1,0,1,0,1,0,0,1,0,1,1,0,0,0,1,0,0,1,1,0,1,1,0,1,0,1,1,1,0,0,0,1,0.643063
0,0,1,0,0,1,1,0,1,1,0,0,0,0,0,0,0,1,1,1,0,0,1,1,0,0,0,1,0,0,0,0,0.650202
0,1,1,1,1,1,0,0,0,1,0,1,0,0,0,0,1,0,0,1,0,0,1,1,0,1,1,1,0,1,0,1,0.668159
0,0,0,1,1,1,1,0,0,0,0,1,0,1,0,1,1,1,0,1,0,0,1,1,1,0,1,0,1,0,0,0,0.638001
0,1,0,0,1,1,1,1,1,1,1,0,0,1,0,1,1,0,0,1,0,1,0,0,1,0,1,0,0,1,1,0,0.651614
0,1,1,0,0,0,1,1,1,0,0,0,0,0,1,1,1,1,0,0,1,0,0,1,0,1,0,0,0,1,1,1,0.592391
0,1,1,0,0,0,0,1,1,1,1,1,1,1,1,0,0,1,1,0,0,1,1,1,0,0,1,0,1,0,0,0,0.650229
1,0,1,1,1,0,1,1,1,0,1,1,0,1,1,1,0,0,1,0,0,1,1,0,0,0,0,0,1,0,0,0,0.669277
1,1,1,1,1,1,0,0,1,0,1,1,0,1,1,1,0,0,0,1,0,1,1,1,0,1,0,1,0,1,1,1,0.820599
1,1,0,0,0,1,0,0,0,1,1,1,0,0,1,1,1,1,1,1,0,1,0,0,1,1,1,0,1,1,1,0,0.679055
1,1,1,0,0,1,1,1,1,1,0,0,0,0,0,0,1,0,1,0,0,1,1,1,1,1,1,1,1,1,0,1,0.689578
0,1,1,0,0,0,1,0,1,1,1,0,1,0,1,0,0,1,1,0,1,0,1,1,1,0,0,0,1,0,1,0,0.652121
1,0,1,0,0,0,1,0,0,1,0,1,1,1,1,1,1,1,0,1,0,0,1,0,0,1,0,0,0,1,1,0,0.672235
1,0,1,1,1,1,1,0,1,1,0,1,0,0,0,0,0,0,0,0,0,1,1,1,0,0,1,1,0,0,1,0,0.659740
1,0,1,1,1,1,0,1,1,1,1,0,1,1,1,1,1,0,1,0,0,1,1,0,0,1,0,1,1,1,0,1,0.650389
0,0,1,1,0,1,0,0,0,0,1,1,1,1,0,1,1,0,0,0,0,0,0,0,0,1,0,0,0,1,1,0,0.573876
0,1,0,1,0,0,1,0,1,1,0,0,0,0,0,1,0,0,1,1,1,0,0,1,0,1,0,1,1,0,1,0,0.644395
1,1,1,1,0,1,0,1,0,0,1,1,1,1,1,0,1,0,0,1,1,0,1,0,0,1,0,0,0,0,0,1,0.675245
0,0,0,1,0,0,1,0,1,1,0,1,1,0,1,1,1,1,0,1,1,1,1,0,0,0,0,0,0,0,1,0,0.629556
0,1,1,0,0,1,1,1,1,1,1,1,1,0,1,0,1,0,1,0,0,1,0,0,0,0,0,1,1,0,0,1,0.661338
1,1,0,0,1,1,0,1,0,1,1,1,1,1,1,0,1,0,0,1,0,0,1,0,0,0,1,0,1,0,0,0,0.681186
1,1,1,0,0,1,1,1,1,0,0,0,1,1,1,0,1,1,1,1,0,1,1,0,0,0,1,0,1,0,1,0,0.667040
0,0,0,1,1,1,1,1,0,0,0,0,1,1,1,1,1,1,0,0,1,0,0,1,1,0,1,1,0,0,0,0,0.637868
1,0,1,0,1,1,1,0,0,0,0,0,1,1,1,1,1,0,0,0,0,0,1,0,0,0,1,1,0,1,0,1,0.557172
0,1,0,0,0,1,1,0,0,0,1,1,1,1,0,0,1,1,1,0,1,1,0,0,0,1,1,0,1,0,1,1,0.657209
1,0,1,1,1,0,1,0,0,1,0,0,0,1,0,0,1,1,1,0,0,1,1,1,0,0,1,0,0,0,1,0,0.643702
1,0,1,1,0,0,0,1,1,0,0,1,1,1,0,1,0,1,0,0,0,1,1,1,0,0,0,0,0,1,0,1,0.654438
1,0,1,0,1,0,0,0,0,0,1,0,1,1,1,0,0,1,0,1,0,1,1,1,1,1,1,0,1,0,0,0,0.647379
0,1,1,0,1,1,0,1,0,1,1,1,1,0,0,1,0,1,0,0,0,1,1,0,1,1,1,1,0,1,1,0,0.661392
0,0,1,1,0,0,1,0,1,0,1,1,0,0,1,0,0,0,1,1,0,0,1,0,0,0,1,1,1,1,0,0,0.646366
1,1,0,0,1,0,0,0,0,1,1,0,1,1,0,1,1,1,0,0,1,1,1,0,0,0,1,0,1,1,0,0,0.667466
0,0,1,1,1,0,1,0,0,0,1,0,1,1,0,1,1,0,0,1,1,1,0,0,1,0,1,1,1,0,1,1,0.698609
0,0,0,0,1,0,0,1,1,1,0,0,0,1,1,0,1,0,0,0,1,0,1,0,1,1,0,0,1,1,0,1,0.676471
1,1,1,0,1,0,1,1,1,0,1,1,1,1,0,0,0,0,0,1,0,0,0,1,0,0,1,1,0,0,1,0,0.695253
0,1,1,0,1,0,0,1,0,1,0,0,0,1,1,0,1,0,1,1,0,1,0,0,1,1,1,0,1,1,1,1,0.708733
