1,1,0,0,0,1,1,1,1,1,0,0,1,1,1,1,1,0,0,1,1,0,1,1,0,1,0,1,0,1,0,1,0.118606
1,0,0,1,0,0,1,1,0,0,1,0,1,1,1,1,0,0,1,1,1,0,1,0,1,1,1,0,0,0,0,0,0.935502
0,1,1,0,0,0,0,0,1,0,1,1,1,1,0,0,0,1,0,1,0,0,0,0,0,1,1,1,0,0,1,1,0.933690
0,0,0,1,0,1,1,0,0,0,0,0,0,1,0,1,0,1,0,0,1,1,0,0,1,1,0,0,0,0,0,0,0.937393
1,1,0,0,0,1,1,0,1,0,0,0,0,1,1,0,1,1,0,0,1,0,1,0,0,0,0,1,0,0,1,0,0.936914
1,0,1,0,1,1,0,1,0,0,1,1,0,0,1,1,1,0,0,1,0,1,1,0,1,1,0,1,1,1,1,0,0.783435
1,1,0,0,1,1,1,1,0,0,1,1,0,0,1,1,0,1,1,0,0,0,0,1,0,1,0,1,1,1,1,0,0.830856
1,1,0,1,1,1,1,1,1,0,0,1,1,0,0,0,0,0,0,0,1,0,1,0,0,0,0,0,1,0,1,0,0.965313
1,0,0,0,1,0,0,0,1,1,0,1,0,1,1,1,0,1,0,1,1,1,1,0,0,0,0,1,0,1,0,0,0.960092
1,0,1,0,0,0,0,0,1,1,1,0,0,0,0,1,0,0,0,0,0,1,1,0,0,1,1,1,0,0,1,1,0.359175
0,1,0,0,0,0,0,0,0,1,0,0,1,0,0,0,0,1,0,0,1,0,0,1,1,1,1,1,0,0,1,0,0.910619
1,1,0,0,1,0,1,0,0,0,1,1,1,0,1,0,1,1,0,0,0,0,1,0,0,0,1,1,1,1,0,0,0.953511
1,1,0,1,1,0,1,0,1,0,0,1,0,0,0,1,0,1,0,1,0,1,1,1,0,0,0,0,1,0,0,0,0.886322
1,1,0,1,1,1,0,1,1,1,1,0,0,0,0,1,1,1,0,0,0,1,1,1,0,1,0,0,1,1,1,1,0.036818
1,1,1,0,0,0,1,0,1,0,1,1,1,1,1,1,0,1,0,1,0,0,1,0,1,0,1,1,1,1,1,1,0.119592
1,0,0,0,1,0,0,1,0,1,1,0,1,1,0,1,0,1,0,0,1,1,1,1,1,1,1,1,0,1,1,0,0.767556
0,1,1,1,1,0,0,0,1,0,0,0,1,1,1,1,1,0,1,0,1,1,0,0,0,1,0,0,1,1,1,1,0.879982
0,0,0,0,1,0,0,0,1,1,1,0,1,0,0,1,0,1,0,1,0,0,0,1,0,0,0,1,1,1,1,1,0.964434
1,1,0,0,1,1,1,0,1,1,0,0,0,0,1,1,1,0,1,1,0,1,1,0,0,0,1,1,1,1,0,0,0.850304
1,0,1,1,1,1,0,1,1,1,0,1,1,1,0,0,0,0,1,0,0,0,1,1,1,1,1,1,1,0,1,0,0.851822
0,1,1,1,1,1,1,0,0,1,1,0,1,1,0,1,0,0,1,0,1,1,0,1,1,0,1,1,0,1,0,0,0.912537
1,1,0,0,0,0,1,1,1,1,1,1,1,1,1,0,0,0,0,0,0,1,1,0,1,1,1,1,1,1,0,0,0.852621
1,1,0,0,1,1,0,0,1,0,0,1,0,1,0,1,0,1,1,0,1,1,0,1,0,1,1,1,0,1,1,1,0.190111
1,0,1,1,1,0,0,1,0,0,1,1,0,0,0,0,1,0,0,0,0,0,1,0,0,1,1,1,0,1,0,1,0.494352
0,1,1,1,1,1,1,0,1,1,1,1,0,1,0,1,1,0,1,0,1,1,0,0,1,0,1,1,0,0,0,0,0.860321
1,0,1,1,1,1,1,0,1,1,0,0,1,1,0,1,0,0,0,1,1,1,1,0,1,0,1,1,0,1,1,0,0.830429
0,1,0,1,1,0,0,1,0,0,0,0,1,1,0,1,1,1,1,1,0,0,0,0,1,0,1,1,1,1,1,1,0.852302
0,1,1,0,0,1,1,0,1,0,0,1,1,0,1,0,0,0,0,1,1,1,0,0,1,0,0,0,1,1,0,0,0.937367
0,0,1,1,0,1,0,1,0,1,1,1,0,0,0,1,0,0,0,0,1,0,1,1,0,0,0,0,0,1,1,1,0.916107
0,0,1,1,0,0,0,0,0,1,0,0,0,0,0,1,1,1,1,1,0,1,1,1,0,1,1,0,0,1,1,1,0.884538
1,1,1,1,0,1,1,1,0,0,0,0,1,0,0,1,1,1,0,0,0,1,1,0,1,1,1,1,0,1,0,1,0.077233
0,1,0,0,1,1,1,1,1,1,1,0,0,1,0,1,0,1,1,1,1,0,0,1,0,0,1,1,1,1,1,0,0.934569
0,1,1,0,0,1,1,1,0,1,0,1,1,0,1,0,1,1,0,1,1,1,1,1,1,0,0,1,0,1,0,1,0.908008
0,0,1,0,1,1,1,0,1,1,0,0,0,0,1,0,0,1,0,1,0,0,1,0,1,1,1,1,1,1,0,0,0.934436
0,0,0,1,1,0,0,1,0,0,0,0,1,0,1,1,0,1,1,0,0,1,1,0,0,1,1,1,0,1,0,1,0.939818
1,0,1,1,1,0,0,1,1,1,1,0,1,0,0,1,0,1,0,1,1,1,1,1,1,0,0,1,1,0,0,0,0.855738
0,1,1,0,1,1,0,0,1,0,1,0,1,0,1,0,1,0,0,0,1,0,1,1,0,0,1,1,0,0,1,1,0.910113
1,1,0,1,1,1,1,1,0,0,1,1,1,1,0,1,1,0,1,0,0,1,1,0,1,1,0,1,1,1,0,1,0.071531
0,0,0,0,1,1,1,0,0,0,1,0,0,0,0,1,0,1,1,0,1,0,1,0,0,0,0,0,1,0,0,0,0.967658
1,0,0,1,0,1,1,1,0,1,1,1,0,1,0,1,0,1,1,1,1,1,1,0,0,0,0,0,1,0,0,1,0.334292
1,1,1,1,0,1,0,0,1,1,0,0,0,1,0,1,1,1,1,1,0,0,0,0,0,1,0,0,1,0,1,1,0.242061
0,1,0,1,0,1,0,1,0,1,0,1,1,0,1,0,0,1,0,0,0,1,0,0,1,0,0,1,0,0,1,1,0.888507
0,0,0,1,0,0,0,1,0,1,0,1,0,0,1,0,0,0,1,1,1,0,1,1,1,0,0,0,1,1,1,0,0.991448
0,1,0,1,0,0,0,0,0,1,0,0,1,1,0,1,1,0,1,0,1,0,0,1,1,1,0,0,0,0,0,0,0.855818
1,1,1,1,0,1,1,0,1,0,0,0,1,0,1,0,1,1,0,1,0,1,1,1,1,0,0,1,1,1,0,1,0.074995
1,1,1,0,0,1,1,1,1,1,1,0,0,0,0,0,0,0,0,0,0,0,0,0,1,1,1,1,1,0,0,1,0.483243
0,1,1,0,0,0,0,0,1,0,1,0,0,0,0,1,0,0,1,1,0,1,1,0,0,1,1,1,1,1,0,0,0.909207
1,0,1,1,0,0,0,0,1,0,0,1,0,0,0,1,1,1,1,0,0,0,1,1,1,0,1,0,0,0,0,0,0.883712
1,0,1,1,1,1,0,0,1,1,1,1,0,0,1,0,1,0,0,1,0,1,1,1,1,0,0,1,1,0,1,1,0.335411
0,1,0,1,1,0,1,0,1,1,0,0,0,1,1,1,1,0,1,0,0,1,0,0,1,0,1,1,1,0,0,1,0.856245
0,0,0,1,0,0,0,0,1,0,1,0,0,0,0,0,1,1,0,1,0,0,0,0,1,1,1,1,1,0,1,0,0.913843
0,1,0,0,0,1,1,1,1,1,1,1,0,1,0,1,1,0,1,1,0,1,1,0,1,0,0,1,1,0,1,1,0.879502
1,1,1,0,1,1,1,0,0,0,1,0,1,0,1,1,0,0,1,0,1,0,0,1,0,0,0,0,0,1,1,0,0.885763
0,0,1,0,1,0,0,1,1,1,1,1,1,1,1,0,0,1,1,1,0,1,1,0,1,1,0,0,0,1,0,1,0.932598
0,0,1,0,1,1,0,1,1,0,1,1,0,1,0,1,0,1,0,1,0,0,1,0,0,0,0,1,0,0,1,1,0.940058
1,1,1,1,0,0,0,0,0,1,1,1,1,1,1,1,0,0,0,1,1,1,0,0,1,0,1,0,0,0,0,1,0.434117
0,1,1,1,1,1,0,0,0,0,1,1,0,0,1,0,0,0,0,1,1,0,0,1,1,0,0,0,0,1,1,0,0.887814
1,0,0,0,0,1,1,1,1,0,0,1,0,0,1,1,0,1,0,0,1,0,0,0,1,0,1,1,0,0,0,0,0.909527
0,1,0,0,1,0,1,0,0,1,0,0,0,0,1,1,0,0,1,0,0,0,1,1,0,0,1,0,1,1,0,1,0.939818
0,1,0,0,0,1,0,0,1,0,1,0,1,0,0,0,1,1,1,1,1,0,0,0,1,0,1,1,0,0,0,1,0.883818
0,0,1,1,1,1,1,1,0,0,0,1,0,1,1,1,1,1,0,0,0,1,1,1,1,0,0,1,1,0,0,0,0.883126
1,1,0,1,1,1,0,1,1,1,0,1,0,1,0,0,1,0,0,0,0,1,0,0,1,1,0,0,0,1,1,1,0.311701
0,0,0,0,0,1,0,0,0,0,1,1,0,1,1,0,1,1,0,1,1,1,0,0,0,1,0,1,0,1,0,1,0.922075
1,1,1,1,1,1,1,0,1,0,0,1,1,0,0,1,0,1,0,0,0,1,0,0,1,1,0,0,0,1,1,1,0.236946
1,0,1,0,0,1,1,1,0,0,1,1,1,1,0,1,0,0,0,1,1,0,0,0,1,0,1,0,0,1,1,1,0.180573
0,0,1,0,1,1,0,0,1,0,1,1,0,0,0,1,1,0,1,0,0,0,0,0,1,1,1,0,0,0,1,0,0.902760
0,0,1,1,1,0,1,1,1,1,0,1,0,0,0,0,0,1,1,1,1,0,0,1,0,0,0,1,0,1,0,1,0.935848
0,0,1,0,0,0,1,1,1,0,0,1,1,1,0,0,1,0,1,0,1,0,1,0,0,1,1,1,0,1,0,0,0.965180
0,1,1,1,1,1,0,0,0,0,1,0,1,0,1,0,0,1,0,0,1,1,0,0,0,0,0,1,0,0,1,0,0.911205
1,1,0,1,1,0,1,1,1,1,1,0,1,1,0,0,1,0,1,1,0,1,0,0,1,1,0,1,1,0,1,1,0.066709
1,1,1,1,1,0,0,0,0,0,1,0,0,0,1,1,0,0,0,0,0,0,1,0,1,1,1,1,0,0,1,1,0.348945
0,1,0,1,1,0,1,0,1,1,1,1,1,0,1,0,1,1,0,0,0,0,1,0,1,0,0,1,1,1,1,1,0.883152
0,0,0,0,0,0,1,0,1,1,1,0,0,0,1,1,0,1,1,0,1,0,1,1,1,0,1,0,1,0,1,1,0.936514
1,1,1,1,1,1,1,1,1,1,1,1,1,0,1,1,0,1,1,1,1,0,1,1,1,0,1,1,0,1,1,1,0.090047
0,1,0,1,1,0,1,0,0,1,0,0,1,0,0,0,1,0,1,0,0,1,1,1,0,0,0,1,0,0,1,1,0.913203
0,1,0,1,0,0,1,1,1,1,1,1,0,0,1,0,1,1,1,1,1,1,0,0,0,0,0,0,0,0,0,1,0.881900
1,1,1,0,0,0,1,1,0,1,1,0,0,1,0,0,0,0,1,0,0,0,0,1,1,0,1,1,1,0,1,1,0.454630
1,1,1,0,1,1,0,1,0,0,1,0,1,0,0,0,1,1,0,1,1,1,1,1,1,1,1,0,0,0,0,0,0.964541
0,0,1,0,0,0,0,0,0,0,0,1,0,0,0,1,0,0,0,1,0,1,1,0,1,0,0,1,0,0,1,1,0.966752
0,1,0,1,0,0,1,1,1,1,0,0,0,1,0,0,0,1,0,0,0,0,1,1,1,1,1,0,1,1,1,1,0.882912
1,1,1,1,0,1,0,1,0,0,0,1,0,1,0,1,0,0,1,0,0,0,1,1,0,0,1,1,1,0,0,1,0.249760
1,1,1,0,0,1,0,0,1,1,1,0,1,0,0,1,1,1,1,0,0,1,0,0,0,0,1,0,0,0,0,1,0.467418
0,1,1,1,1,1,1,1,1,1,1,0,1,1,1,1,1,1,0,0,0,1,1,0,0,0,0,0,1,0,0,1,0.910273
0,0,0,0,0,1,1,1,1,0,0,0,1,1,1,1,1,1,0,0,1,0,0,1,0,1,1,0,1,1,0,1,0.962969
1,1,0,1,0,0,1,0,0,0,0,1,0,1,1,0,1,0,0,0,1,0,1,0,1,0,0,1,0,0,1,1,0.385790
1,0,1,0,0,0,0,0,0,1,1,0,0,1,0,0,1,1,0,1,0,1,1,0,1,1,0,0,0,1,0,0,0.896553
1,0,0,1,1,1,0,1,0,1,1,0,1,0,0,1,1,1,0,0,0,1,1,1,1,0,1,0,1,0,0,1,0.314844
1,0,0,0,0,0,1,1,1,1,0,1,1,1,1,1,1,1,1,1,1,0,0,1,1,1,0,0,1,1,1,1,0.116768
1,0,0,0,0,1,1,1,0,1,1,0,1,0,1,0,0,1,1,1,0,1,0,1,0,1,1,0,0,0,1,0,0.829097
0,1,1,1,1,1,0,1,1,1,0,1,1,1,0,0,1,0,1,0,0,1,0,0,1,1,0,0,1,0,1,0,0.855019
0,0,0,1,1,1,0,1,0,1,1,1,1,1,1,1,0,1,1,1,0,0,0,0,1,1,1,0,1,1,1,1,0.903479
0,1,0,1,1,0,1,0,0,1,0,0,1,1,0,0,0,1,0,0,0,0,0,1,1,0,0,0,1,1,0,0,0.913923
1,0,1,1,0,0,0,1,0,1,0,1,0,0,1,0,0,0,1,0,0,0,1,1,1,1,1,0,1,1,0,0,0.882992
1,0,0,0,1,1,1,1,0,1,0,1,1,0,1,0,0,0,0,0,1,0,0,0,1,0,0,1,1,1,0,0,0.911898
1,0,0,0,1,0,1,0,1,1,0,1,1,0,1,0,0,0,1,0,1,0,1,0,1,0,1,1,0,1,1,1,0.349957
0,1,0,0,0,1,0,1,1,0,1,0,0,1,1,0,1,1,1,1,1,0,1,0,1,1,0,1,1,1,1,0,0.859468
0,1,1,0,0,0,0,0,0,0,1,0,0,0,0,1,1,1,0,1,0,1,1,1,1,0,0,1,1,1,0,1,0.863544
1,0,0,0,0,1,0,0,1,0,0,0,0,1,1,1,1,1,1,1,1,0,1,1,1,0,0,1,0,0,0,1,0.400895
0,0,1,0,0,1,0,1,1,1,1,1,1,1,0,0,0,1,0,1,0,1,1,1,1,1,1,0,0,1,0,0,0.934170
1,0,1,1,1,0,0,0,0,1,0,1,0,1,0,1,0,0,1,0,1,0,1,1,0,1,1,1,0,0,0,1,0.335997
0,1,0,1,0,0,1,0,1,1,0,0,1,1,1,0,1,1,0,1,0,0,0,0,0,0,0,1,1,1,0,1,0.909926
0,0,1,0,0,1,0,1,1,0,1,1,1,0,1,1,0,0,1,1,1,0,1,0,0,1,1,1,0,1,0,0,0.962836
1,1,1,0,0,1,1,0,0,0,0,1,1,0,1,0,0,1,1,0,0,0,0,0,0,0,0,0,0,0,0,0,0.967871
1,0,0,0,1,0,0,1,0,1,1,1,0,1,1,1,1,0,1,1,0,0,0,1,1,1,0,0,0,0,0,1,0.178975
0,0,1,0,1,0,0,1,0,0,1,1,0,1,1,0,0,1,0,0,1,1,1,1,1,1,1,1,0,1,0,0,0.939152
1,1,1,0,0,0,1,1,0,1,1,0,0,0,0,0,1,1,1,0,1,1,1,0,1,0,1,0,1,0,1,0,0.904731
1,1,1,0,0,0,1,1,1,1,1,1,1,0,0,1,0,1,1,0,0,1,0,0,0,1,1,1,1,0,1,0,0.827206
0,1,0,1,0,1,0,0,0,0,0,0,0,1,0,1,0,0,0,0,0,1,1,1,1,1,0,0,0,0,0,0,0.910806
0,0,1,1,1,1,0,0,0,1,0,1,0,1,1,0,1,1,0,0,1,1,1,1,1,0,0,1,1,0,0,1,0.857417
0,1,0,1,0,1,1,0,0,1,1,0,0,0,0,0,1,1,1,1,1,1,1,1,0,0,0,1,1,1,1,0,0.880621
1,0,0,0,1,0,0,0,0,1,1,0,0,1,1,0,0,1,1,0,0,0,1,0,0,1,0,0,0,0,1,0,0.959852
1,1,1,0,0,1,0,0,0,0,0,0,0,0,1,1,1,1,0,0,1,1,0,0,1,1,1,1,0,1,0,0,0.912671
1,0,1,1,0,0,0,0,0,0,1,1,1,0,0,1,0,0,1,1,0,0,0,1,0,0,1,0,1,1,0,1,0.309383
1,0,1,1,1,1,1,1,0,0,1,1,0,1,0,0,1,1,1,1,1,0,0,1,0,0,0,0,1,0,0,1,0.448902
0,0,0,0,1,0,1,1,0,0,0,0,1,0,1,0,0,0,0,1,1,1,0,1,0,1,0,0,0,1,0,1,0.991741
1,1,1,1,1,1,0,0,0,1,0,1,0,1,0,1,1,0,0,0,1,1,0,1,1,0,0,1,1,1,0,1,0.168425
0,1,1,0,1,0,1,0,1,1,0,0,0,0,0,0,0,0,0,0,0,0,1,1,1,1,0,1,1,1,1,0,0.909500
1,0,0,1,1,1,0,0,0,0,0,1,1,0,0,1,0,0,1,1,1,0,1,0,0,1,0,0,1,1,0,0,0.884191
0,1,1,0,0,0,1,0,1,0,1,0,0,0,0,0,1,1,0,1,0,1,1,0,0,0,0,0,0,0,1,0,0.910086
0,0,1,1,0,0,0,0,1,1,1,1,0,1,1,0,0,0,1,1,0,1,0,0,0,1,0,0,1,1,1,0,0.937260
0,1,1,0,1,0,1,1,0,1,0,1,1,1,1,0,1,0,1,0,0,0,0,1,0,1,0,0,1,0,1,1,0.937047
1,0,1,0,1,1,0,0,1,1,0,0,1,1,1,1,0,1,0,1,1,1,0,0,1,1,0,1,1,0,0,0,0.777280
0,0,1,0,0,1,1,1,1,1,0,1,0,1,1,1,0,1,0,0,0,1,1,1,1,1,0,0,0,1,1,1,0.933051
0,1,0,0,0,0,0,1,0,1,0,0,0,0,0,0,0,1,0,1,1,1,1,1,1,0,1,1,1,1,1,1,0.936141
1,0,1,1,0,0,1,0,1,0,1,1,0,0,0,0,1,0,0,1,1,1,1,1,0,1,0,0,1,1,0,0,0.881341
1,0,1,1,0,1,1,0,0,0,0,1,1,1,0,0,0,0,1,1,1,1,1,1,0,0,0,1,0,0,0,1,0.560475
0,0,1,0,1,1,0,1,1,1,0,1,1,0,0,0,1,0,1,0,1,1,1,1,1,0,0,0,1,1,0,1,0.908301
1,0,0,0,1,1,0,1,1,0,1,0,0,0,1,1,0,0,0,1,0,0,0,1,0,0,1,0,0,1,1,1,0.258898
