0,0,1,0,1,1,0,0,1,0,0,1,1,0,0,1,0,0,1,1,1,1,1,0,1,1,1,1,1,1,1,1,0.593617
1,0,1,1,0,1,0,0,0,1,1,0,0,0,1,1,0,0,0,0,1,1,0,0,0,0,1,1,0,1,1,1,0.619059
1,1,0,1,1,1,0,0,1,1,1,0,1,1,0,0,1,1,0,1,0,1,0,0,0,0,0,0,0,0,0,0,0.604113
1,1,0,1,1,1,1,0,0,1,1,1,0,0,1,0,1,0,0,1,0,1,1,1,0,1,1,0,0,1,0,0,0.610028
0,0,1,1,1,1,0,1,0,0,0,1,1,0,0,1,0,0,0,0,1,1,0,1,1,0,0,0,0,1,0,1,0.559889
1,1,1,0,0,0,1,1,1,0,1,1,1,1,1,1,0,1,0,1,1,1,0,0,1,0,0,1,0,0,1,0,0.581069
1,1,1,0,0,0,1,1,1,1,0,1,0,1,1,0,0,1,0,1,1,0,0,1,1,0,0,0,0,1,0,0,0.590660
0,1,1,0,0,0,0,0,0,1,0,0,1,1,0,0,1,0,0,1,1,1,0,0,0,0,0,0,0,1,1,1,0.595855
1,1,0,1,1,1,1,1,0,0,1,1,1,0,1,0,0,0,1,1,1,1,1,1,1,1,0,1,1,0,0,0,0.609522
0,1,1,0,0,0,0,1,1,0,0,0,0,1,0,0,1,0,1,1,0,0,0,1,1,0,1,1,0,1,0,0,0.590393
0,0,1,1,0,0,0,1,1,0,1,0,0,1,0,1,1,1,0,0,1,1,0,1,0,0,0,1,1,0,1,1,0.571371
1,0,0,1,0,0,0,1,1,0,0,1,0,0,1,0,1,0,0,1,0,1,1,1,1,1,0,1,0,1,0,0,0.604486
0,1,0,0,1,1,1,0,1,1,0,1,1,1,1,1,0,0,1,0,1,0,0,1,0,1,1,1,1,1,0,1,0.575021
0,1,1,0,1,0,1,1,1,1,0,0,1,1,0,0,1,1,1,0,1,0,1,1,1,0,0,0,0,1,1,1,0.583546
1,0,0,1,0,0,0,1,1,1,0,1,1,0,0,0,0,0,0,1,0,0,1,0,1,1,0,1,1,1,0,1,0.601849
1,0,1,1,1,0,0,0,1,1,1,0,1,0,1,1,0,0,1,1,1,0,1,0,0,1,0,0,1,0,0,0,0.591619
0,0,1,0,0,0,0,0,0,0,0,0,0,0,0,0,0,0,1,0,1,1,0,0,0,0,0,1,0,1,1,0,0.550618
0,0,0,1,0,1,0,0,1,1,1,0,0,1,0,1,1,1,1,1,1,1,1,1,0,0,1,0,0,1,1,1,0.581655
0,1,1,1,1,0,1,1,0,1,0,1,1,0,0,1,1,0,0,0,0,0,0,1,0,1,0,1,1,1,1,0,0.590180
1,1,1,0,0,1,1,1,0,1,1,0,0,1,1,0,0,1,1,0,1,1,0,0,0,0,1,0,0,0,1,0,0.609095
1,0,0,0,1,1,1,0,0,0,0,0,1,0,1,1,0,0,0,0,0,1,0,0,0,1,1,1,1,1,1,1,0.612425
0,1,0,1,1,1,1,0,0,0,1,0,0,1,0,0,0,1,0,0,1,1,1,0,1,1,0,1,1,1,0,0,0.591379
0,0,0,0,1,0,0,0,1,1,0,1,0,1,1,1,1,1,0,1,1,0,1,1,1,1,0,1,0,1,0,0,0.599638
0,1,0,1,1,1,0,0,0,1,0,0,0,0,0,0,1,1,0,0,0,0,0,0,1,0,1,0,1,0,0,1,0.596920
0,1,1,0,0,1,0,1,0,0,1,1,1,0,1,1,1,0,0,1,1,0,1,0,0,0,0,0,1,1,1,1,0.568707
1,0,0,1,0,0,1,0,1,0,1,0,0,1,1,1,1,1,0,1,1,1,0,1,0,0,0,1,1,1,1,0,0.594549
0,0,1,1,1,1,0,1,1,0,0,0,0,1,1,0,1,0,0,1,0,0,1,1,0,1,0,1,1,0,0,1,0.587596
0,0,0,0,0,1,0,1,0,0,0,1,0,1,1,0,1,1,0,1,1,1,0,0,1,1,1,0,0,1,1,0,0.592418
1,1,1,0,0,0,1,1,1,1,0,1,1,0,1,1,1,1,1,1,1,0,1,0,1,0,1,0,1,1,1,0,0.589274
1,0,0,0,1,1,1,0,0,1,0,0,0,0,1,0,1,0,0,0,1,0,1,1,1,0,1,1,1,0,1,0,0.577552
0,1,0,0,0,0,0,1,0,0,0,0,1,1,0,0,0,0,0,1,1,1,1,0,1,1,1,0,0,0,1,1,0.591006
0,0,0,1,1,0,0,1,0,1,1,1,1,0,1,0,0,0,1,0,1,0,0,1,1,0,1,0,0,1,0,0,0.565857
1,0,0,1,1,1,0,0,1,0,1,1,1,1,1,0,1,0,0,0,0,0,0,0,0,0,0,0,1,0,1,0,0.584506
0,0,1,1,1,1,1,0,1,1,1,1,1,1,0,0,0,0,1,1,0,0,1,0,1,0,0,1,1,0,0,1,0.600277
0,0,1,1,0,1,1,0,1,1,1,1,0,1,1,1,0,1,1,1,0,0,1,1,0,1,0,0,0,0,0,0,0.593537
1,1,1,0,1,1,1,0,0,0,1,0,1,1,1,0,0,0,1,1,0,0,1,1,1,0,1,1,0,1,0,0,0.619698
0,0,1,0,1,0,1,0,0,0,0,1,0,0,1,0,0,1,1,0,1,1,1,1,1,1,1,0,1,1,0,0,0.583067
1,1,0,0,0,1,0,0,1,0,1,1,1,1,0,1,1,1,1,0,1,0,1,1,0,1,0,0,0,1,0,0,0.605898
0,0,0,1,1,0,0,0,1,1,0,0,0,1,0,1,0,0,0,0,0,1,1,1,0,1,1,1,1,0,0,0,0.575448
1,0,0,0,1,1,1,1,0,1,0,1,0,1,1,0,1,1,1,1,1,0,1,0,0,0,0,1,0,1,1,1,0.605925
1,0,1,1,0,0,0,0,1,1,1,0,1,1,0,1,1,0,1,1,1,1,0,0,0,0,1,1,0,1,1,0,0.596654
1,1,1,0,1,1,1,1,1,1,1,1,0,0,0,1,1,0,1,1,0,1,0,1,1,1,1,1,1,0,1,0,0.593191
0,0,1,0,0,1,1,1,0,0,0,1,0,0,1,1,1,1,1,0,0,1,1,0,0,1,1,1,0,0,1,0,0.575128
0,0,1,0,0,1,1,0,0,1,0,0,0,1,0,1,0,1,1,1,0,0,0,1,0,1,0,1,0,1,0,1,0.595961
0,0,1,1,0,1,1,0,0,0,1,0,1,0,1,0,1,1,1,1,1,1,1,0,1,1,1,0,0,1,1,1,0.594283
1,0,0,1,1,1,0,1,1,0,1,1,0,0,1,0,1,0,1,1,1,1,0,1,0,1,1,0,0,1,0,1,0.612505
0,0,1,0,1,0,1,1,0,1,0,1,0,1,1,0,0,0,1,1,0,0,0,0,0,1,1,0,1,1,1,1,0.591406
1,0,0,1,0,0,0,1,1,1,1,1,0,0,0,1,0,1,1,0,0,1,1,0,0,1,1,0,0,0,1,0,0.595322
0,1,0,0,0,1,1,0,0,0,1,1,0,1,0,1,0,0,0,0,0,1,0,1,0,0,0,0,1,0,0,1,0.592338
0,0,1,1,0,1,1,1,0,1,0,0,1,0,1,0,0,0,0,0,1,1,1,0,1,1,0,0,1,1,0,0,0.577659
0,1,0,1,1,1,0,1,0,1,0,0,1,1,1,1,1,1,1,0,1,0,1,0,0,1,1,1,0,0,0,0,0.591592
0,1,0,1,0,1,0,1,0,0,1,1,1,1,0,1,1,0,1,0,1,1,1,1,0,1,0,0,0,1,0,1,0.593057
1,0,1,0,1,1,0,1,0,1,0,0,0,1,0,1,1,1,1,1,0,0,0,1,0,0,1,1,1,1,0,0,0.603501
0,0,0,1,1,0,0,0,0,1,0,0,1,0,1,0,1,1,0,1,0,1,1,1,1,1,1,1,1,0,0,1,0.584612
0,0,1,1,0,1,0,0,1,1,1,0,1,0,1,0,0,0,0,1,0,0,0,1,1,0,1,0,0,1,0,0,0.574622
1,1,1,0,0,1,0,1,0,0,0,1,1,1,0,0,0,0,1,0,0,0,0,0,1,1,0,0,1,0,1,1,0.599318
1,0,0,0,0,1,1,1,1,0,0,1,0,0,1,0,1,0,0,1,1,1,0,0,0,1,1,1,0,1,0,1,0.618579
0,0,1,1,0,0,0,0,0,0,0,0,0,1,1,0,0,0,1,1,0,0,1,0,1,0,1,1,1,1,0,0,0.574036
0,0,0,1,0,1,1,0,0,0,1,1,0,0,1,0,1,0,1,1,1,1,0,1,0,1,0,1,1,0,0,0,0.598119
0,1,0,0,1,1,0,0,1,1,0,0,1,1,0,0,1,0,0,0,0,1,1,1,1,1,0,0,1,1,1,1,0.590047
0,1,1,1,0,0,1,0,1,0,0,1,0,0,0,1,0,0,0,0,0,0,0,1,1,0,0,0,0,1,0,0,0.590074
1,1,1,1,0,1,1,0,0,0,1,0,1,1,0,1,0,0,0,0,0,1,0,1,1,0,0,0,0,0,1,0,0.600011
0,1,1,1,0,0,1,1,1,0,1,1,1,0,0,1,0,1,0,1,1,1,0,1,1,0,0,1,0,1,1,0,0.593643
0,1,0,1,1,1,0,0,0,1,0,0,0,0,0,0,0,0,1,1,0,0,1,1,0,0,0,0,0,1,1,1,0.600623
1,0,0,1,0,0,1,1,0,1,1,0,1,1,0,1,0,0,1,0,0,0,1,1,0,1,0,1,1,0,0,0,0.597426
1,0,0,0,0,0,1,0,0,1,0,1,1,1,0,1,0,0,1,1,1,0,0,0,0,1,1,1,0,1,0,0,0.631181
1,1,1,1,1,1,0,0,0,0,1,0,0,1,1,1,0,0,1,0,0,0,1,1,0,0,1,1,0,0,1,0,0.610401
1,1,1,0,0,0,0,0,1,1,1,0,1,1,0,0,0,1,0,0,0,0,1,0,0,0,0,1,0,0,1,1,0.625746
1,1,0,0,0,0,0,1,1,1,0,0,1,0,1,1,1,0,1,1,1,0,1,0,1,1,0,0,0,1,1,0,0.595375
0,1,1,0,1,1,1,1,0,0,0,0,1,0,0,1,1,0,0,1,1,1,1,0,1,1,1,0,0,0,0,1,0.587916
1,1,0,0,1,1,1,0,0,1,0,0,0,0,1,1,0,0,1,1,1,1,0,1,1,0,1,1,1,0,1,0,0.585465
1,1,0,1,1,0,1,1,1,0,0,0,0,0,0,0,0,1,1,0,0,1,0,1,1,1,1,1,0,1,0,1,0.593137
0,1,0,0,1,1,0,0,0,1,1,0,1,0,0,0,1,0,0,1,1,1,1,1,0,0,1,1,1,1,0,1,0.593590
1,1,0,1,0,0,1,1,0,1,1,1,0,1,1,1,0,0,1,1,1,1,1,1,1,1,0,0,1,1,0,1,0.562260
0,1,0,0,1,0,0,0,1,0,0,1,0,1,0,0,0,0,1,1,1,1,1,0,1,1,1,0,1,1,1,0,0.598492
1,1,1,1,0,0,1,0,1,0,1,0,1,1,1,0,1,0,0,0,1,1,0,0,0,0,1,1,1,1,1,0,0.586344
0,0,0,1,1,0,1,1,0,1,0,1,0,0,1,1,1,0,0,1,1,0,0,1,1,1,0,1,0,1,1,0,0.599025
1,0,0,1,1,0,1,0,1,0,1,1,1,0,0,1,1,0,0,0,0,0,1,1,0,0,0,1,1,1,1,0,0.583786
1,1,0,0,1,1,1,1,0,0,1,1,0,1,1,0,1,0,1,1,1,0,0,1,0,1,0,1,1,0,1,1,0.593750
0,1,0,1,1,1,1,0,1,0,1,1,0,1,0,1,0,0,1,0,1,1,0,0,0,1,1,1,0,0,1,0,0.596947
1,0,0,0,0,0,0,0,1,1,0,1,1,1,1,1,0,1,0,0,1,1,1,0,0,1,1,1,1,0,1,0,0.595295
0,0,0,1,1,1,0,1,0,0,0,0,0,1,1,0,1,1,1,0,0,1,1,0,0,0,1,1,1,0,1,1,0.588875
1,0,1,1,0,1,1,1,1,1,1,1,0,0,1,1,0,0,0,1,1,0,0,1,0,1,0,1,0,0,1,0,0.591059
1,0,0,0,1,0,1,1,0,0,0,0,0,1,1,1,0,0,0,0,1,1,1,1,0,1,1,1,1,1,0,0,0.574089
1,1,1,0,1,0,0,1,1,0,0,0,1,0,0,0,0,0,1,1,1,0,1,1,0,1,0,0,0,1,0,1,0.623135
1,0,0,0,1,0,0,1,0,0,0,1,0,1,1,1,1,1,0,1,0,0,1,1,1,1,1,1,1,0,0,1,0.578431
1,0,1,0,0,1,1,0,0,0,1,0,1,0,1,1,0,0,0,1,0,0,1,0,1,1,1,1,1,0,0,0,0.606511
0,0,1,0,1,0,1,0,0,1,0,1,0,1,1,1,1,0,0,1,0,0,1,1,1,0,1,1,1,1,0,0,0.595295
0,0,1,0,1,1,0,1,0,1,1,1,0,0,0,1,0,0,1,0,0,0,0,1,1,0,1,0,0,1,0,1,0.590606
1,1,1,0,1,0,1,0,1,0,0,0,0,0,0,0,0,0,0,1,0,1,0,1,0,0,0,1,1,1,0,0,0.604513
0,0,1,1,0,0,1,0,1,1,0,0,1,1,1,0,1,1,1,1,0,1,1,1,1,0,0,0,1,0,1,0,0.590153
1,0,1,0,1,0,1,0,0,0,1,0,0,1,1,1,0,0,1,0,0,1,1,0,1,1,1,0,1,0,0,1,0.599132
0,0,0,1,1,1,1,1,1,1,1,1,1,0,1,0,0,1,1,1,1,0,1,1,1,0,0,0,0,0,0,0,0.609628
0,1,0,0,0,1,1,0,0,1,1,1,1,1,1,0,1,0,0,0,1,1,0,0,0,0,0,1,1,1,0,0,0.575767
1,1,1,0,1,0,1,0,0,0,0,1,0,0,0,1,0,0,1,0,1,0,1,1,0,0,0,0,0,1,0,1,0.624227
0,1,1,1,1,1,1,0,1,1,1,1,0,1,0,0,1,0,0,0,1,1,1,1,1,0,1,1,0,1,0,0,0.607523
0,0,0,1,1,0,0,1,1,1,1,1,1,0,0,0,0,1,0,0,1,0,0,1,1,1,1,0,0,1,1,0,0.585944
1,0,0,0,0,0,0,0,1,1,1,0,1,1,0,1,0,1,1,1,0,1,0,0,1,0,0,0,0,1,1,1,0.611786
0,0,1,1,0,0,1,0,0,0,0,0,1,0,1,0,1,0,1,0,1,0,1,1,0,0,0,1,0,0,1,0,0.569134
1,0,0,0,0,1,0,1,1,1,0,0,1,1,1,1,0,1,1,0,0,1,1,0,0,1,1,1,1,0,0,0,0.591406
1,0,0,1,1,0,0,0,1,1,0,1,0,1,1,0,1,1,0,1,0,1,1,1,0,0,0,1,1,0,0,0,0.599211
1,0,0,0,1,0,1,1,1,0,1,0,1,1,1,0,0,1,1,1,0,1,0,0,0,1,1,1,1,0,0,1,0.621403
0,0,1,0,0,1,1,0,0,1,1,1,1,0,1,1,0,1,1,0,1,0,1,1,0,1,0,1,0,0,1,0,0.572224
1,0,1,1,0,1,0,1,0,1,1,0,1,0,0,1,0,1,1,1,0,0,0,0,1,1,1,0,0,0,0,0,0.606831
1,1,0,1,1,0,0,0,1,1,1,1,1,0,1,1,0,1,1,1,1,1,0,0,0,1,0,1,0,1,0,1,0.600597
0,0,0,0,0,0,0,0,1,1,0,1,0,0,0,0,0,1,1,0,0,1,1,0,0,0,0,0,0,0,0,1,0.556373
1,0,1,0,0,1,0,0,0,1,1,1,1,1,0,1,0,0,1,1,1,1,1,0,1,0,0,1,0,1,0,0,0.603501
0,1,0,1,0,1,1,0,0,1,1,0,0,1,1,0,1,1,1,0,1,0,0,1,0,1,0,1,1,1,0,1,0.585758
1,0,0,0,0,0,1,0,1,1,0,0,0,0,0,0,0,0,1,0,1,0,0,1,1,1,0,1,0,1,1,1,0.617407
0,0,1,0,0,1,1,1,0,1,1,1,0,1,1,0,0,1,0,1,1,1,0,1,0,0,1,0,1,0,0,1,0.587223
1,1,1,0,0,1,1,1,1,1,1,1,1,0,0,0,1,1,1,0,0,1,0,0,1,1,1,1,1,1,1,0,0.586743
1,0,1,1,0,0,0,0,0,1,0,0,0,1,0,0,1,1,0,1,0,1,0,1,1,0,0,1,1,0,0,1,0.598013
1,0,1,0,1,0,0,1,1,1,1,0,1,0,0,0,1,0,0,1,0,0,0,0,1,0,1,0,0,0,1,1,0.606804
0,0,1,1,0,0,1,1,0,1,0,1,1,0,1,0,1,0,1,1,0,1,0,1,1,1,1,0,1,0,1,1,0.595055
0,1,1,1,1,1,0,0,0,0,1,1,1,1,0,1,0,1,1,0,1,0,1,0,1,0,1,1,1,0,1,0,0.587063
1,1,1,0,1,0,1,1,1,1,0,1,1,0,0,1,1,1,1,1,1,1,0,0,1,1,1,1,0,1,1,0,0.593457
1,1,1,0,0,0,0,1,1,0,1,0,1,1,1,1,1,1,1,0,0,1,1,0,1,1,0,0,1,0,0,0,0.595055
0,0,0,1,0,0,0,0,1,0,0,1,0,1,0,0,0,1,0,0,0,0,0,1,1,0,1,0,0,1,1,1,0.577286
1,0,0,0,1,1,0,0,1,0,0,1,1,1,1,0,0,0,0,1,0,1,0,0,0,0,0,1,1,1,1,0,0.581282
0,1,1,1,1,1,1,0,1,0,0,1,0,0,0,1,0,1,0,1,1,1,1,0,0,0,0,1,0,1,1,0,0.598092
1,0,0,0,1,0,1,0,1,1,1,1,0,1,0,0,1,0,1,1,0,1,1,1,0,0,1,1,0,1,1,1,0.627637
0,1,0,0,1,0,1,1,0,1,0,0,0,1,1,0,1,1,0,1,1,0,0,1,0,1,1,1,1,0,0,1,0.587756
0,1,0,1,1,1,0,0,1,0,1,0,0,0,1,1,1,1,0,1,0,1,1,0,0,1,1,0,0,1,1,0,0.587356
0,0,0,0,0,1,0,1,0,1,0,1,0,1,1,0,0,0,1,0,1,0,1,0,1,1,0,0,0,0,0,1,0.557225
1,1,1,0,1,0,0,0,1,0,1,0,0,1,0,0,1,0,0,1,1,1,0,0,0,1,1,1,1,1,1,0,0.617514
0,1,0,1,0,1,1,1,1,0,1,1,1,0,1,0,1,0,1,0,1,1,0,1,1,1,1,1,0,1,1,0,0.592924
0,1,0,1,1,1,1,1,1,1,1,0,0,0,1,1,0,1,0,1,1,0,0,0,0,0,1,0,1,1,0,0,0.597640
0,1,1,1,1,1,1,1,1,1,1,0,0,0,0,0,1,0,1,1,0,1,0,0,1,1,0,0,1,0,0,0,0.619112
