0,1,0,0,1,0,0,0,0,1,1,0,0,0,1,1,1,1,0,1,0,1,0,0,0,0,0,1,1,1,0,1,0.601270
0,1,0,0,0,1,1,0,0,1,1,0,1,1,1,0,1,1,1,1,0,1,0,1,0,0,1,1,1,0,0,0,0.599638
1,0,1,0,0,1,0,1,1,0,1,1,1,1,1,1,0,0,0,0,1,1,0,0,1,1,1,0,0,0,0,0,0.607195
0,0,0,1,1,1,1,1,1,1,1,1,0,0,1,0,1,0,0,1,0,1,1,0,1,0,0,0,1,0,1,0,0.597731
1,1,1,1,1,0,0,0,1,0,0,0,0,1,0,0,0,0,1,0,0,1,1,0,1,0,1,1,1,1,1,0,0.609856
1,1,1,1,1,0,0,1,1,0,0,0,0,0,0,0,1,1,0,0,0,0,1,0,1,0,0,1,0,0,0,1,0.621831
1,1,1,1,0,0,0,0,1,1,0,0,0,1,1,1,1,0,1,1,0,1,0,0,1,0,0,1,1,1,0,0,0.592308
1,0,1,1,1,0,1,1,1,1,0,1,0,1,0,0,1,1,0,1,0,1,0,0,0,0,0,0,0,0,1,1,0.612768
1,1,1,0,0,0,1,0,1,1,0,0,0,1,1,1,1,1,0,0,1,0,0,0,1,0,1,0,1,0,1,1,0.619044
1,1,1,0,1,1,0,0,1,0,0,0,1,0,0,1,1,0,0,1,1,1,0,1,1,1,0,0,0,1,1,1,0.589321
0,1,1,1,0,1,0,0,0,0,1,1,0,0,1,1,0,1,0,1,0,0,0,0,1,1,0,1,1,1,0,0,0.597605
1,0,1,1,0,1,0,0,0,0,0,0,1,1,0,0,0,1,0,1,1,1,0,0,0,0,1,0,1,1,0,0,0.598735
0,0,0,0,0,0,0,0,1,0,0,1,0,0,1,1,0,1,0,0,0,0,0,0,1,0,1,0,0,0,1,1,0.580107
1,1,0,0,0,0,1,1,1,0,1,1,0,0,0,1,1,1,1,0,1,0,0,0,1,1,1,0,0,0,0,1,0.591881
1,1,1,0,0,1,0,0,0,1,0,1,1,1,1,1,1,1,1,1,1,1,1,1,1,0,0,0,1,0,1,0,0.590727
1,0,0,1,1,1,1,1,1,0,1,0,1,1,1,0,0,0,0,0,0,0,1,0,0,0,1,1,1,0,1,1,0.546167
1,1,1,0,0,0,1,0,0,1,0,1,1,0,1,0,0,1,1,0,0,1,0,0,1,0,0,0,1,0,1,1,0.605764
1,0,0,1,1,0,0,1,1,0,1,1,1,1,1,0,0,0,1,1,1,1,0,1,0,1,0,1,0,0,0,1,0.610207
0,1,0,1,0,1,1,0,0,0,1,1,0,1,1,0,0,1,1,0,1,1,0,0,0,0,1,1,1,1,0,0,0.604735
0,0,0,1,0,0,0,1,0,0,0,1,1,1,0,0,0,0,0,0,0,0,0,0,1,1,1,0,0,1,1,1,0.590927
1,0,0,1,1,0,1,1,0,1,1,1,0,1,0,0,0,1,1,0,1,0,0,0,1,1,0,0,0,0,0,0,0.605362
0,0,1,1,0,0,1,1,0,0,0,1,1,1,0,1,0,0,1,1,0,0,1,1,1,1,0,1,0,0,1,0,0.604910
1,1,0,0,1,0,0,1,0,0,1,1,0,1,0,1,1,0,1,0,0,0,0,1,1,0,0,0,0,1,1,0,0.608325
1,0,1,0,1,0,1,1,1,1,0,1,0,1,0,1,1,1,1,1,1,0,1,1,1,0,0,0,0,1,1,0,0.593413
1,1,0,1,0,1,1,0,0,1,0,1,1,0,1,0,0,0,0,1,0,0,1,1,1,0,0,0,1,0,1,1,0.597580
0,0,1,1,1,0,0,1,1,0,1,0,0,1,0,1,1,0,0,1,1,0,0,0,1,0,1,1,1,1,0,1,0.602726
0,1,0,1,0,1,1,0,0,0,1,1,1,0,1,1,1,0,1,1,0,1,1,0,0,0,0,0,0,0,1,0,0.600844
1,0,0,0,1,1,0,0,0,0,1,0,0,1,1,1,0,0,0,1,1,0,1,1,0,1,1,0,1,1,1,1,0.589622
1,1,0,0,0,1,1,0,0,0,1,0,1,1,1,1,1,1,0,1,0,1,0,1,1,0,0,1,0,1,0,1,0.606668
1,0,1,0,1,0,1,1,0,1,1,1,1,1,0,0,1,1,1,1,1,1,0,1,1,1,1,0,1,1,1,0,0.608149
1,1,0,0,0,0,1,0,0,0,0,1,1,0,0,0,1,1,0,1,0,0,1,1,1,0,0,1,1,1,1,1,0.604584
0,0,0,1,0,1,0,0,0,1,1,0,1,0,1,1,0,0,1,1,0,1,0,1,1,1,0,1,0,1,1,0,0.590099
0,0,0,0,1,0,1,1,0,0,1,1,0,0,1,1,0,0,1,1,0,0,0,0,0,1,1,1,0,0,1,1,0.562283
0,1,1,1,0,0,1,1,0,1,0,0,0,0,0,0,1,1,0,1,1,1,0,1,1,1,0,1,1,1,0,0,0.567455
1,0,0,0,1,1,1,1,0,0,1,1,0,1,1,0,1,1,0,0,0,0,1,0,1,1,1,1,1,0,0,0,0.595973
1,1,0,0,1,0,0,0,0,1,0,0,1,1,0,0,0,0,0,0,1,1,0,1,0,1,1,1,1,1,0,0,0.601145
0,1,1,0,0,0,1,0,0,1,0,0,0,0,1,0,0,1,0,0,1,1,0,0,0,0,1,1,1,0,1,0,0.591957
1,1,1,1,0,1,1,0,1,1,1,1,0,0,1,0,0,1,1,0,0,1,1,1,0,0,0,0,1,1,1,0,0.605789
1,1,1,0,1,1,1,1,1,0,1,1,1,1,0,0,0,0,1,0,1,1,0,0,1,0,0,0,0,0,1,0,0.598208
1,0,0,0,1,1,1,1,1,1,1,1,1,0,1,0,0,1,1,1,1,0,1,0,0,1,1,0,0,0,1,1,0.611136
0,0,0,1,1,0,0,0,1,1,1,1,0,0,0,1,0,1,1,1,0,0,0,1,1,1,1,0,1,0,1,1,0.580760
0,0,0,0,0,1,0,1,0,0,1,0,0,1,0,1,0,1,0,1,1,1,1,1,1,0,1,0,1,0,1,0,0.579932
0,0,1,1,1,1,1,1,0,0,1,1,1,0,0,1,1,1,1,0,1,1,0,1,1,0,0,1,1,1,1,0,0.586584
1,0,0,1,1,0,1,0,1,0,0,1,0,0,0,1,0,0,1,1,1,1,0,1,1,1,0,1,1,1,1,1,0.553422
1,0,0,0,0,0,0,0,1,1,0,0,0,0,0,0,1,0,0,0,1,0,0,0,1,0,1,1,0,1,0,0,0.619722
0,1,1,1,1,0,1,0,0,1,0,0,1,1,0,1,0,0,1,0,1,0,0,0,0,0,0,0,1,0,0,0,0.593714
1,1,0,0,1,0,0,1,0,0,0,0,1,1,0,0,0,1,1,0,1,1,0,1,0,1,0,0,0,0,1,0,0.579153
0,1,0,0,0,0,0,1,1,0,1,0,0,0,0,0,0,1,1,1,1,0,0,1,0,0,1,1,1,1,1,1,0.596275
0,1,0,0,0,0,1,1,0,1,1,1,1,0,1,0,1,1,0,1,0,0,1,0,0,0,0,0,0,1,0,0,0.597178
0,0,1,0,1,1,1,0,1,0,0,0,1,1,1,0,0,1,1,1,1,0,0,1,1,0,1,1,0,1,1,0,0.602149
1,0,1,1,0,0,1,0,0,1,1,1,1,1,0,1,0,0,0,0,0,1,1,0,0,0,1,0,0,0,1,0,0.602099
1,1,1,0,0,0,0,1,0,1,0,1,0,1,0,1,1,1,1,1,1,1,1,0,1,0,1,1,1,1,1,0,0.596526
0,0,1,1,1,0,0,1,0,1,1,1,0,0,1,0,0,1,0,0,1,0,1,1,0,1,0,0,0,0,1,0,0.597630
1,1,0,0,0,0,1,0,0,1,0,1,1,0,0,1,0,0,0,1,1,0,1,0,0,0,1,0,1,0,1,0,0.604383
0,0,1,1,0,1,0,1,1,0,1,0,0,1,0,1,1,1,1,1,0,0,0,1,0,1,1,1,0,1,1,0,0.601572
1,0,0,0,1,0,0,0,1,1,1,1,0,0,0,1,1,0,0,0,0,1,0,1,0,0,1,0,1,1,1,0,0.619270
0,0,0,0,0,1,1,0,1,0,1,1,0,0,1,0,0,0,1,1,0,0,0,1,1,1,0,0,0,0,0,1,0.590777
0,1,1,1,0,0,1,1,1,1,0,1,0,0,0,0,0,1,0,1,1,0,0,0,1,1,1,0,1,0,0,1,0.615831
0,0,1,1,0,1,1,0,0,1,1,0,0,0,1,1,0,1,1,1,0,1,1,0,0,1,1,1,1,1,0,1,0.587086
0,1,0,1,0,0,0,1,1,1,0,1,0,0,0,1,1,1,1,0,1,1,0,0,0,0,1,1,1,1,1,0,0.603831
1,1,0,1,0,0,1,1,1,0,1,1,0,0,1,1,1,1,0,0,1,1,0,1,0,1,0,0,1,0,0,1,0.601069
0,0,0,1,0,0,1,0,1,1,1,1,1,0,1,0,0,0,1,1,1,1,0,1,0,1,0,1,1,0,0,0,0.591480
1,1,1,0,1,0,0,0,0,1,0,0,0,1,1,0,0,0,0,1,1,1,1,1,1,0,0,0,0,0,1,0,0.593940
0,1,0,1,0,1,0,1,0,1,1,0,1,1,1,1,1,1,1,1,0,1,1,0,0,0,0,1,1,1,0,0,0.591329
1,0,0,0,1,0,1,0,1,1,0,0,1,0,0,1,0,0,1,0,0,1,1,1,1,0,1,0,1,1,1,0,0.600994
1,1,0,1,1,1,0,0,0,0,0,1,1,1,0,1,1,0,0,1,1,1,0,1,0,1,1,1,1,0,0,1,0.587187
1,0,0,1,0,0,0,0,1,0,0,1,0,1,1,1,1,1,1,0,1,1,0,1,1,1,0,1,1,0,0,0,0.606115
0,0,1,1,1,1,0,0,0,1,0,1,1,1,1,0,1,0,0,1,1,1,1,0,0,1,1,1,0,1,1,1,0.590300
0,1,0,0,1,1,0,1,0,1,0,0,1,0,0,1,1,0,1,1,1,0,0,0,0,1,0,1,0,0,1,1,0.593137
0,0,0,1,0,1,0,0,1,1,1,0,1,0,1,0,0,1,1,0,0,1,0,0,1,1,0,1,1,0,1,1,0.603831
0,0,1,1,0,1,0,1,0,1,1,1,0,1,1,0,1,1,1,0,1,0,0,1,0,0,0,0,0,0,1,1,0.603956
1,1,1,0,1,0,0,0,0,1,1,1,1,0,1,1,1,0,1,0,0,0,1,0,0,1,0,0,1,1,0,1,0.607320
1,1,1,1,0,0,0,0,0,0,1,1,0,0,1,0,1,1,1,1,0,1,0,1,0,0,1,0,0,1,1,0,0.598157
1,0,0,0,0,1,0,0,1,1,1,1,1,0,1,0,1,1,0,1,1,1,0,1,1,0,1,1,1,1,1,0,0.618843
0,1,1,1,1,0,1,0,1,0,0,0,0,1,0,1,0,0,0,0,0,1,1,0,1,0,1,0,1,0,0,1,0.596952
0,0,0,1,1,0,1,0,0,0,0,0,1,1,1,0,0,1,1,1,1,1,1,1,1,0,0,1,0,1,0,1,0.573806
1,0,0,1,1,0,1,0,0,1,1,0,1,0,0,0,0,0,0,1,0,0,0,1,1,1,0,0,0,1,0,0,0.608802
1,0,1,0,1,0,1,1,1,0,1,0,1,1,0,0,0,0,1,0,1,0,1,1,1,1,0,0,0,0,1,1,0.596049
0,1,0,0,0,1,1,0,0,0,0,1,1,0,1,1,0,1,1,1,1,1,0,0,1,1,1,1,0,1,1,0,0.582693
1,1,0,1,1,0,1,1,1,1,0,1,0,0,0,1,0,0,0,1,0,0,1,1,0,0,0,0,1,1,0,0,0.602149
1,1,0,0,0,1,0,1,1,0,0,0,0,0,1,0,0,0,0,0,1,1,1,0,1,1,1,1,1,0,0,0,0.584626
0,0,0,1,1,0,0,1,1,0,0,1,0,1,1,0,1,1,1,1,1,1,0,0,1,0,0,1,1,1,0,0,0.599789
1,1,0,0,1,0,0,0,1,0,1,1,0,0,0,0,1,0,1,0,1,0,1,0,1,0,0,1,1,0,1,1,0.624893
1,0,0,1,1,0,1,0,1,1,0,0,1,1,0,0,1,1,1,0,0,0,0,1,0,1,1,0,1,0,0,1,0.609153
1,1,1,0,1,0,1,1,0,1,0,1,1,1,1,1,1,1,1,0,1,0,1,0,0,1,0,0,1,0,0,0,0.593890
1,1,1,1,0,1,0,1,1,0,0,0,0,1,0,1,0,1,0,0,0,1,1,1,0,0,0,1,1,1,0,1,0.594015
1,1,1,0,0,0,1,0,0,1,1,1,1,1,0,0,1,1,1,1,1,0,1,0,1,0,0,0,1,1,1,1,0.609078
1,1,1,0,1,0,0,0,1,1,0,0,0,0,0,0,1,0,0,1,1,0,1,1,0,1,1,1,0,1,1,1,0.632174
1,0,0,1,1,1,0,1,1,0,0,1,0,0,0,0,0,0,0,1,1,1,0,0,0,0,1,1,0,0,0,0,0.598559
1,0,0,0,1,1,0,0,1,1,1,1,1,0,1,0,0,1,0,0,0,0,1,1,1,0,1,0,0,0,0,1,0.612366
1,0,1,0,1,0,0,0,0,0,0,0,1,0,1,1,1,0,1,1,1,1,1,0,0,1,0,1,0,0,1,0,0.594090
0,0,0,0,0,1,1,0,1,0,0,0,0,1,1,1,0,0,1,0,1,1,0,1,0,0,1,0,1,0,1,1,0.577923
1,1,1,1,0,1,1,0,0,0,0,1,1,0,1,1,0,0,0,1,0,0,0,0,1,1,0,1,0,1,1,1,0.598283
1,1,0,0,0,1,1,0,1,1,1,0,0,0,0,0,0,1,1,0,1,0,0,1,0,0,1,1,0,0,0,1,0.617136
1,1,1,1,0,1,0,0,0,1,0,0,0,1,0,1,0,1,0,1,1,0,0,0,0,1,1,1,1,0,0,1,0.605965
0,1,1,1,0,0,0,0,1,1,1,1,1,1,0,1,0,0,1,0,0,0,0,0,1,0,0,0,1,1,0,0,0.573982
0,1,0,1,1,1,0,1,1,0,1,0,1,1,1,1,1,0,0,0,1,0,1,1,0,0,1,0,0,0,1,1,0.594793
1,1,1,0,1,1,0,1,0,0,1,0,0,0,0,0,1,1,0,1,1,1,0,0,1,0,1,0,1,0,0,0,0.610107
1,0,1,1,0,0,1,1,1,1,1,0,1,1,0,0,1,1,1,0,0,1,1,1,1,1,0,0,0,0,1,0,0.584702
0,1,1,0,1,1,0,1,0,1,1,0,1,0,1,0,0,1,1,0,0,1,1,0,1,0,0,1,0,0,1,1,0.598609
1,0,0,0,1,1,1,1,1,1,1,0,0,1,0,0,0,1,0,1,0,1,1,1,0,0,1,0,0,0,0,0,0.599689
0,0,1,0,0,0,1,1,0,1,1,1,1,0,0,1,1,0,0,0,1,1,0,0,0,1,0,0,1,1,0,1,0.596375
0,0,1,0,1,1,0,0,1,0,1,0,0,1,1,0,1,1,0,1,0,1,1,1,0,1,1,1,0,0,1,1,0.591580
1,1,1,0,0,0,1,0,0,0,1,1,0,0,0,0,1,1,0,1,1,1,1,1,1,0,0,0,1,0,0,1,0.607371
0,0,0,1,1,0,1,0,0,0,0,1,1,0,1,1,1,0,1,0,1,1,0,0,1,0,0,1,0,1,1,0,0.588367
0,1,1,0,0,1,1,1,1,0,1,0,0,0,0,1,1,0,1,0,1,1,0,0,0,0,1,0,0,1,0,1,0.607923
1,0,0,1,0,1,1,0,0,0,0,1,1,1,0,1,0,0,0,1,0,1,1,0,0,1,1,1,1,0,1,0,0.607571
1,1,0,0,0,1,0,1,0,0,0,1,0,1,1,0,1,1,0,1,0,0,0,1,0,1,0,1,1,1,1,0,0.603078
1,1,1,0,1,1,1,0,1,1,0,1,1,1,0,1,0,0,0,1,1,1,1,1,0,0,0,0,0,1,1,1,0.596475
0,0,1,0,0,0,1,0,0,1,1,1,1,0,0,1,0,1,1,1,0,1,1,1,1,1,0,0,0,1,1,0,0.594743
1,1,0,0,0,0,1,0,0,1,0,0,1,1,1,1,0,1,0,0,0,1,1,1,0,0,0,0,0,0,1,0,0.582191
0,0,0,0,0,0,0,1,1,0,1,0,1,0,0,1,0,1,0,1,0,0,0,1,1,1,1,0,1,1,1,1,0.561806
0,1,0,1,0,0,0,1,0,0,1,0,1,0,1,1,0,1,0,1,1,1,1,1,1,1,0,1,1,0,0,0,0.610484
0,0,0,1,1,0,0,1,0,1,1,0,0,1,1,0,0,0,0,0,1,0,1,0,1,1,0,1,0,1,0,0,0.574886
1,1,1,0,0,0,1,1,0,0,1,1,1,1,0,0,0,0,0,0,1,1,1,1,0,1,1,1,0,1,0,0,0.612894
1,0,0,0,1,0,0,0,0,0,0,1,1,0,0,1,0,1,1,1,1,1,1,0,1,1,0,1,0,0,0,0,0.606768
1,0,1,0,0,1,1,1,0,1,1,1,1,0,1,1,1,0,1,0,1,0,0,0,1,0,1,0,0,1,1,0,0.587463
1,0,1,1,1,1,0,1,1,1,0,1,0,0,1,0,1,1,0,0,0,0,1,1,0,1,1,1,0,0,0,0,0.598258
1,0,1,1,0,0,1,0,0,0,1,1,1,1,1,1,0,0,0,1,0,1,0,1,1,1,1,1,0,1,1,1,0.548451
1,0,0,0,1,0,0,0,0,0,1,1,1,1,0,1,0,1,0,0,1,1,1,0,1,0,1,0,1,0,1,1,0.612843
1,1,0,1,0,0,0,1,0,1,0,0,1,1,0,0,0,1,0,1,1,0,0,1,0,1,0,0,0,0,1,1,0.606617
0,0,0,0,0,1,1,1,0,1,0,1,1,1,0,1,0,1,1,1,1,1,0,0,1,1,1,1,0,1,1,1,0.565572
0,1,1,1,0,0,1,0,0,1,0,0,0,1,1,0,1,1,0,1,1,0,0,0,0,1,0,0,0,1,1,0,0.603655
1,0,1,0,1,1,0,0,1,0,0,1,1,1,1,0,1,1,0,1,0,1,0,1,0,1,0,0,1,1,1,1,0.590827
0,0,1,1,0,1,0,0,0,0,0,0,1,1,1,0,0,1,1,0,0,1,0,1,1,0,0,1,0,1,1,1,0.596249
1,0,1,0,1,1,1,1,0,1,0,1,0,0,1,0,0,0,1,0,1,0,0,1,1,1,0,0,1,0,1,1,0.594367
0,1,0,1,1,0,1,0,0,0,1,0,0,0,1,1,0,0,1,1,0,0,1,1,1,0,1,1,0,1,0,1,0.590877
1,0,1,1,0,0,0,1,0,1,0,1,0,1,0,1,1,0,0,0,0,1,0,1,1,0,0,1,0,1,1,0,0.599463
0,0,1,0,0,1,1,0,1,0,0,1,1,0,0,1,0,0,1,1,0,1,1,1,1,1,0,0,1,1,0,1,0.591530
1,1,0,1,1,1,1,0,1,1,1,0,1,1,0,1,1,1,0,1,1,0,1,1,1,1,0,0,0,0,1,0,0.598509
0,1,1,1,1,1,0,1,0,0,0,1,1,1,1,0,1,1,1,1,0,1,0,0,0,0,1,1,1,0,1,1,0.577898
0,1,1,1,0,0,1,1,1,1,1,1,0,1,0,0,1,0,0,1,0,1,0,0,0,1,0,0,1,0,1,0,0.602099
1,1,1,1,0,1,1,1,0,0,0,0,1,1,0,0,1,1,0,0,0,1,0,1,1,1,0,0,0,1,1,1,0.574434
1,0,0,0,1,0,1,0,0,0,0,0,1,1,0,1,1,1,1,0,1,1,0,1,1,0,0,1,1,1,1,0,0.587262
0,0,0,0,0,0,0,0,0,0,0,0,1,1,0,0,1,0,0,0,0,1,0,1,0,1,1,1,0,0,1,1,0.584927
1,1,1,0,1,1,1,0,1,1,0,1,1,0,1,0,1,1,0,1,1,1,1,0,0,1,1,1,1,1,1,1,0.604559
0,1,1,1,1,1,0,1,1,1,1,1,1,0,0,1,1,0,1,1,0,1,1,0,0,1,1,1,0,0,0,1,0.599387
1,0,0,0,1,0,1,0,0,0,1,1,1,0,0,1,1,1,0,1,1,0,1,0,1,1,0,1,1,0,0,0,0.603856
0,1,1,0,1,0,0,0,0,0,0,1,0,1,0,0,0,1,1,1,0,1,1,1,0,1,0,1,0,0,0,0,0.603956
1,1,1,1,1,0,1,1,0,0,1,1,1,1,0,1,1,1,0,0,1,1,0,0,0,0,0,1,1,0,0,1,0.589622
1,1,1,1,1,0,1,0,1,1,0,0,1,0,1,1,1,0,0,0,1,0,1,0,1,0,0,0,1,1,1,1,0.591505
0,0,0,1,0,1,1,1,0,0,0,1,0,0,0,1,0,0,0,0,0,0,0,1,0,0,1,0,1,0,0,0,0.586358
0,0,0,0,0,1,0,0,1,1,0,1,0,1,0,1,1,0,0,0,0,1,1,0,1,1,1,0,0,1,0,1,0.597053
1,0,0,1,0,0,0,1,0,0,0,0,0,1,1,0,0,1,0,1,1,0,1,0,0,0,0,1,1,1,0,1,0.606592
0,1,1,0,1,1,0,0,1,1,0,1,0,0,0,0,0,0,0,1,0,1,0,0,1,0,0,1,0,1,1,0,0.601069
1,0,0,0,1,1,0,0,0,1,0,1,1,0,1,0,1,0,1,0,1,0,0,0,1,1,0,1,0,0,1,0,0.603279
1,0,1,1,0,0,1,1,0,1,0,0,0,0,0,0,1,1,1,1,1,0,1,1,0,1,0,1,0,0,1,0,0.596023
1,0,1,1,1,0,1,1,1,0,1,0,1,0,1,0,1,0,1,1,0,0,0,0,0,0,1,1,1,1,1,1,0.595521
0,0,0,0,1,0,0,0,1,1,0,0,1,0,0,1,1,1,1,0,1,0,1,0,1,1,0,1,0,0,0,0,0.614701
1,1,1,0,1,0,1,0,1,1,1,1,0,0,0,0,1,0,0,0,1,1,0,0,0,0,0,1,1,0,0,0,0.593162
1,1,1,1,0,0,1,0,1,0,0,1,1,0,0,0,0,0,0,0,1,1,1,0,0,1,0,0,1,0,0,0,0.615479
0,1,1,1,0,1,1,1,1,1,0,0,1,0,1,1,0,1,1,1,0,1,1,1,0,0,0,1,0,1,1,0,0.603228
0,0,0,0,1,0,1,0,0,1,0,0,1,0,0,0,1,0,0,1,0,0,0,0,1,1,1,0,1,1,1,1,0.616283
0,1,1,1,1,1,1,1,0,1,1,0,0,1,0,0,1,0,0,0,1,1,1,1,1,0,1,0,1,0,1,0,0.591354
0,0,1,0,0,1,0,1,0,0,0,0,1,0,1,1,0,0,1,1,0,0,1,0,1,1,0,0,0,1,1,1,0.581915
1,0,0,0,0,1,0,0,1,0,0,0,0,0,1,1,0,0,0,1,0,1,1,0,1,0,0,1,0,0,1,1,0.607421
0,1,0,1,0,1,1,1,0,0,1,1,0,1,0,1,1,1,0,0,0,0,1,0,1,1,1,1,0,1,0,0,0.599438
1,0,0,1,1,0,1,0,0,0,1,1,1,1,1,1,0,0,0,0,0,0,0,0,1,0,1,0,1,1,1,1,0.583095
0,1,0,0,0,1,1,1,0,1,0,0,0,1,1,1,0,1,0,1,0,0,1,0,1,0,0,1,1,1,0,0,0.589898
1,0,0,0,0,0,0,0,0,1,0,0,1,1,0,0,1,1,1,0,0,1,1,0,1,1,1,0,0,1,1,0,0.615278
0,1,0,0,1,0,0,0,0,1,1,0,0,0,1,1,0,1,1,0,1,1,0,1,0,1,0,1,0,1,1,0,0.601973
1,0,1,0,0,1,1,0,0,1,1,0,1,1,0,1,0,1,1,0,1,1,1,1,0,0,0,0,0,0,0,0,0.574836
1,1,0,0,1,0,0,0,0,0,1,1,0,0,0,0,1,1,1,1,1,1,1,0,1,0,1,1,0,1,1,1,0.614099
1,1,0,1,1,0,0,1,0,1,0,0,0,0,0,0,1,1,0,1,1,0,0,0,1,0,1,0,1,1,0,0,0.600994
0,1,1,1,0,1,0,0,0,0,0,1,1,0,1,0,0,1,0,1,1,0,0,1,0,0,1,1,1,1,1,1,0.594944
1,0,0,0,1,1,0,0,1,1,0,1,0,1,0,0,0,1,1,1,1,1,0,0,0,0,1,0,0,1,0,1,0.633127
0,1,0,0,1,1,0,0,0,1,1,0,0,0,1,0,1,0,1,0,0,1,1,1,1,0,1,0,0,0,1,0,0.598358
1,1,0,1,0,1,1,0,0,1,0,0,1,0,1,0,0,0,0,0,1,1,1,0,0,1,0,0,1,0,1,1,0.597203
1,1,0,1,0,0,0,1,1,0,0,1,0,0,0,1,1,0,1,0,0,0,0,0,0,1,0,0,1,0,1,0,0.612592
0,0,0,0,0,0,1,1,1,0,0,0,1,1,1,0,1,0,0,0,1,0,1,1,1,1,0,1,1,0,0,1,0.607295
1,0,0,1,0,0,0,1,0,1,1,1,1,0,1,1,1,1,1,0,0,0,1,1,1,1,0,0,1,1,0,1,0.592710
0,1,0,0,1,0,0,1,1,0,1,0,0,0,0,0,0,1,0,1,0,1,1,1,0,0,1,1,0,0,0,0,0.591957
1,0,1,0,1,1,0,1,1,1,1,1,0,0,0,1,0,1,1,1,0,0,1,0,1,0,0,0,1,1,0,1,0.598283
0,1,0,0,1,0,1,0,0,1,0,0,1,0,0,0,0,0,0,1,1,1,1,0,0,0,0,1,1,1,0,0,0.551187
1,0,0,0,0,0,1,1,1,1,1,0,0,1,0,1,0,1,1,1,0,1,1,1,0,0,0,0,1,1,1,1,0.549330
0,0,1,0,1,0,0,1,1,0,1,1,0,1,1,0,1,0,1,1,1,0,1,1,0,1,0,1,1,0,0,0,0.604157
0,1,0,0,0,1,0,1,0,1,0,1,1,1,0,1,1,0,0,0,1,0,1,1,1,0,0,1,1,1,0,1,0.590350
0,0,1,1,0,1,0,0,0,1,0,1,0,1,0,0,0,1,1,1,1,1,0,0,0,0,1,0,1,0,0,0,0.594969
1,0,1,0,0,0,0,1,1,0,0,0,1,0,1,0,0,0,1,0,0,1,0,1,1,1,0,1,1,1,1,0,0.595772
0,0,0,1,1,1,1,1,0,1,0,1,1,1,1,1,1,0,1,0,0,0,0,0,0,1,0,0,1,1,1,0,0.594567
1,0,1,0,1,1,0,1,0,1,0,0,1,1,0,1,1,0,1,1,1,1,0,1,1,1,1,0,1,0,1,1,0.545614
1,0,1,0,1,0,1,1,0,1,1,1,0,0,1,0,1,0,0,0,0,0,1,1,1,0,1,0,0,0,1,1,0.582768
0,1,0,1,0,0,0,1,1,1,0,1,0,1,0,0,0,1,0,1,0,1,0,0,0,1,1,1,1,0,0,1,0.601019
0,0,0,1,0,0,1,0,0,1,1,1,1,0,0,0,0,1,1,1,1,0,1,0,0,1,0,0,0,1,1,0,0.576342
1,0,1,0,0,0,1,1,0,0,1,1,0,0,0,0,1,1,0,0,1,1,1,1,0,1,1,0,0,1,0,0,0.606818
1,0,0,1,0,1,0,1,1,1,0,0,1,1,1,0,1,1,0,0,1,0,0,0,0,1,0,0,0,1,0,0,0.603705
1,1,0,1,1,1,0,1,0,0,1,0,1,0,0,0,1,0,0,0,0,1,1,1,0,1,1,0,0,0,0,0,0.603479
1,1,1,0,1,0,0,0,1,1,0,1,1,0,1,1,0,0,0,0,1,0,1,0,1,0,1,1,0,1,1,1,0.613370
1,0,0,0,1,0,1,0,0,0,0,0,1,0,1,0,0,0,1,0,1,0,0,0,1,0,0,1,0,1,0,1,0.607044
0,1,0,1,0,1,1,1,0,1,0,1,1,1,1,1,0,1,0,0,1,1,0,1,0,1,0,0,1,1,1,1,0.533238
0,1,1,0,1,1,0,1,0,0,1,0,1,0,1,1,1,0,0,0,0,1,1,1,1,1,1,1,0,0,1,0,0.588693
1,0,1,1,1,1,1,0,1,0,1,1,0,0,1,0,1,0,0,0,0,1,1,1,0,0,1,1,0,0,0,1,0.614324
0,1,0,0,0,0,1,1,1,0,1,0,1,1,0,0,0,0,1,1,1,0,1,1,0,0,0,1,1,0,1,0,0.587187
0,0,0,1,1,0,1,0,1,0,0,1,0,1,1,1,0,0,1,0,0,1,0,1,0,1,0,1,0,1,1,0,0.584199
0,0,1,1,1,0,0,0,1,1,0,1,1,0,1,0,0,1,1,1,0,0,0,0,0,0,1,0,1,0,0,1,0.607797
1,1,1,0,1,1,0,0,1,1,1,1,1,0,1,1,1,1,0,1,1,1,0,0,0,0,1,1,1,1,0,0,0.604408
1,1,1,0,1,0,0,0,0,1,1,0,1,0,0,0,1,1,0,1,1,1,0,0,0,1,0,1,0,0,0,0,0.611864
1,0,1,0,0,0,0,1,1,1,1,1,0,0,0,0,1,0,1,1,0,0,1,0,1,0,1,0,1,1,1,0,0.582668
1,0,0,1,1,1,0,0,1,1,1,1,0,1,0,0,0,1,1,1,1,0,0,0,1,1,0,0,0,1,0,0,0.609605
1,0,0,1,0,1,1,0,1,1,1,0,1,1,1,1,0,1,1,1,1,0,1,0,0,0,1,1,1,1,0,1,0.585957
1,1,0,1,1,1,0,1,0,0,1,1,0,0,1,0,0,1,1,0,1,0,0,0,0,0,0,1,1,1,1,0,0.607873
0,1,0,1,0,0,1,0,1,1,0,0,0,0,0,0,1,1,1,1,1,0,1,1,1,1,1,1,1,0,1,1,0.587011
1,1,0,1,0,1,1,0,1,0,1,1,1,1,1,1,1,0,1,0,0,1,0,1,1,1,0,1,1,1,1,0,0.611312
1,1,0,1,1,0,1,0,0,0,1,0,0,1,1,1,0,0,0,0,1,0,1,0,0,1,1,0,0,1,0,0,0.593362
1,0,0,0,0,0,1,1,0,0,0,0,1,1,1,0,0,0,1,1,0,0,0,1,0,1,1,0,0,0,0,0,0.624517
0,0,0,1,0,1,1,0,0,1,1,1,1,1,0,0,1,0,1,0,0,0,1,0,1,0,1,0,0,0,1,0,0.603655
0,0,0,0,0,0,0,0,0,1,1,0,1,0,0,1,1,0,0,0,1,1,1,1,0,0,1,0,0,1,1,0,0.592157
1,0,1,1,0,0,1,1,0,1,0,0,0,0,1,1,0,1,1,0,0,0,0,0,0,1,1,1,1,1,0,0,0.604810
0,0,0,0,0,1,1,0,1,1,0,1,0,0,0,0,0,1,0,1,0,1,1,1,1,0,1,0,1,1,1,1,0.588291
0,0,1,0,0,1,0,0,1,0,1,0,0,1,0,1,1,0,0,1,1,0,0,0,0,0,1,0,1,1,0,0,0.601546
1,0,1,0,0,1,0,1,0,0,1,1,1,0,1,0,0,0,1,0,0,0,1,1,1,1,1,1,0,1,0,1,0.603279
1,0,1,0,1,0,1,1,0,0,0,0,0,0,0,1,0,0,0,1,0,1,1,0,0,0,1,1,0,1,0,0,0.602525
1,1,0,1,1,1,1,1,1,1,1,1,0,1,1,1,1,1,0,0,0,0,1,1,0,0,1,1,0,1,0,1,0.610735
1,0,1,1,0,0,1,1,1,1,1,0,0,1,1,1,0,1,1,0,1,0,0,1,1,1,0,0,0,1,1,0,0.593865
0,0,1,0,1,0,0,1,1,1,1,0,0,0,1,0,0,1,1,0,0,1,1,0,0,0,1,1,1,0,1,0,0.575087
1,1,1,0,1,1,1,1,1,0,0,0,0,1,0,0,0,1,0,1,0,0,0,1,0,1,0,0,1,0,1,0,0.604986
0,1,0,0,1,0,1,1,1,0,1,1,0,0,0,1,1,0,0,0,0,0,1,1,0,0,0,1,1,1,0,1,0.592710
0,0,0,1,1,1,0,1,1,0,0,1,0,0,1,1,1,1,1,0,0,0,0,0,0,0,0,1,0,1,0,1,0.609580
1,1,0,0,0,0,1,1,0,1,1,1,1,0,1,1,0,0,0,0,1,1,1,1,0,1,1,0,1,0,1,0,0.571522
0,0,1,1,0,1,1,1,0,1,0,0,1,0,1,0,1,0,0,0,1,1,1,1,0,1,0,1,0,1,0,1,0.558041
0,1,0,0,0,1,1,0,1,1,1,0,0,1,1,1,0,1,1,1,1,0,1,0,0,0,1,0,1,1,1,0,0.594166
1,1,1,0,1,0,0,1,0,0,1,1,0,1,0,0,0,1,0,1,1,1,0,1,0,0,0,1,1,1,1,0,0.589672
1,0,0,1,1,0,1,0,0,0,0,0,1,1,1,0,0,1,1,1,0,1,1,0,1,1,1,0,0,0,0,1,0.618492
0,0,1,0,1,0,0,1,1,0,1,1,1,0,0,1,0,0,1,0,0,0,0,1,0,0,0,0,0,1,0,0,0.577296
0,0,0,1,0,1,0,0,0,1,0,1,1,0,0,0,1,0,1,1,0,0,1,0,0,0,1,0,1,1,1,1,0.590250
0,1,0,1,0,0,0,1,0,0,1,1,0,1,1,0,1,1,0,0,0,1,0,0,1,1,1,0,0,0,0,0,0.597103
0,1,0,1,0,1,0,1,0,1,0,0,1,0,0,0,1,0,1,1,0,1,0,1,1,0,1,0,0,0,0,1,0.594316
1,1,0,1,0,1,0,0,1,0,1,1,1,0,1,0,0,0,1,1,1,0,1,0,1,0,1,0,1,1,0,0,0.596074
1,1,0,1,1,1,1,0,1,1,0,0,0,0,0,0,0,0,1,0,1,1,0,1,0,1,0,1,1,1,0,1,0.597781
1,1,1,1,0,1,0,0,0,0,1,0,0,1,0,0,1,0,1,1,0,1,1,0,1,1,1,1,1,0,0,1,0.606015
0,0,1,0,0,0,1,1,1,0,1,1,1,0,1,0,0,1,0,0,0,0,0,0,1,1,0,1,1,1,0,0,0.592860
0,0,0,1,0,1,1,0,1,1,1,0,1,0,0,0,0,0,1,1,1,1,1,0,0,0,1,0,1,0,1,1,0.595396
0,1,0,0,1,1,0,0,1,1,1,0,0,0,0,0,0,1,1,1,1,0,0,1,1,0,0,0,0,1,1,0,0.596551
1,1,0,1,0,0,0,1,1,0,1,0,0,0,0,1,0,1,1,0,1,0,0,1,1,0,0,0,1,0,0,0,0.610458
0,1,0,0,0,0,1,1,0,0,0,1,0,0,0,0,0,1,1,0,1,1,0,1,0,0,0,0,1,1,0,1,0.574057
1,0,1,1,1,1,0,0,1,1,1,1,1,1,0,0,1,0,1,1,0,1,0,0,1,1,1,1,0,0,0,0,0.608350
1,0,1,0,0,1,0,0,0,0,1,0,1,1,1,1,1,0,0,1,0,1,0,1,0,0,1,0,0,0,0,0,0.610057
0,0,0,0,1,1,1,0,1,0,1,0,1,1,0,1,1,0,1,0,1,1,0,0,1,0,0,1,0,0,0,1,0.600994
0,1,1,0,0,1,1,1,0,0,0,0,0,0,1,1,1,0,0,1,0,0,0,1,1,1,1,0,1,0,1,1,0.566802
1,0,0,1,1,1,0,1,1,0,0,1,0,0,0,1,1,1,1,1,1,0,0,1,0,1,0,1,0,0,1,1,0.583321
0,0,1,1,1,1,0,0,0,0,0,1,0,1,0,0,0,1,1,0,0,0,1,1,1,1,0,1,1,0,0,0,0.606617
1,0,0,1,0,1,0,1,0,0,1,0,0,1,1,1,1,1,0,1,1,1,0,0,0,0,0,0,1,1,1,1,0.554476
0,0,0,0,1,1,1,1,1,0,0,1,1,0,1,1,1,0,1,1,0,0,0,0,0,0,0,1,0,0,1,0,0.596500
0,0,1,1,1,1,1,1,0,0,1,1,1,0,1,0,0,1,1,0,1,1,0,0,1,0,0,1,1,1,1,0,0.591354
1,0,1,0,1,1,0,0,0,1,0,1,1,1,1,1,0,0,0,0,1,0,0,1,1,1,0,0,1,1,0,0,0.599488
1,0,0,0,0,1,1,1,1,1,0,1,1,1,1,1,0,1,0,0,1,1,0,0,1,1,1,1,0,0,0,0,0.586082
1,1,0,0,0,0,1,0,1,0,0,0,0,1,0,1,0,0,1,0,1,0,1,0,1,0,1,0,0,1,1,1,0.616458
0,1,0,1,1,0,1,0,1,0,1,0,0,1,1,0,0,0,1,1,0,0,1,1,1,0,0,0,1,0,0,1,0.588166
0,1,0,1,1,1,1,1,1,0,1,0,1,0,1,0,1,0,1,1,0,0,0,1,1,0,1,0,0,1,1,1,0.593513
1,1,1,1,0,1,1,0,0,1,0,1,1,1,0,0,1,0,1,1,1,1,0,0,0,1,1,1,0,0,1,1,0.610232
0,0,1,0,1,0,0,1,0,0,1,0,1,1,1,1,1,0,1,0,0,0,0,1,0,0,0,0,1,0,0,0,0.567505
0,0,1,0,0,1,1,0,1,1,1,1,1,0,1,1,0,1,1,0,0,0,1,1,0,0,0,1,0,0,0,1,0.594116
0,1,0,0,1,1,1,1,0,0,1,1,1,1,1,1,0,0,0,1,1,1,0,0,0,1,0,0,1,0,1,1,0.548175
0,1,1,1,1,0,0,1,1,0,1,0,1,0,1,1,1,1,0,1,1,1,0,0,0,0,0,0,1,1,0,0,0.603178
1,0,1,0,0,1,1,0,0,0,1,0,0,1,0,1,0,0,1,1,0,0,1,1,1,0,0,0,1,0,1,0,0.595270
0,1,0,0,1,1,0,1,0,0,0,0,1,1,1,1,1,0,0,1,0,0,0,1,0,0,1,0,1,1,0,0,0.575513
1,0,0,0,1,1,1,1,0,1,0,1,0,1,1,0,1,0,0,0,1,1,0,0,1,1,0,1,0,0,1,0,0.567430
1,1,0,1,1,1,0,0,1,1,0,0,1,1,0,0,1,1,0,0,0,1,1,1,1,0,1,1,1,1,0,0,0.613948
0,1,0,1,1,1,1,0,1,1,0,1,0,1,0,0,1,0,1,1,1,0,0,1,0,0,0,1,1,0,0,0,0.603881
1,1,0,0,0,0,1,0,1,0,1,1,0,0,0,0,0,0,1,1,0,1,0,0,1,1,0,1,1,0,1,0,0.601546
1,0,0,0,0,1,1,0,0,0,0,1,1,1,0,1,1,0,0,1,1,0,0,0,0,1,1,1,0,0,0,0,0.618768
0,1,1,0,0,0,1,1,0,0,1,0,1,0,1,0,0,0,0,1,0,1,0,0,0,0,1,0,0,1,0,1,0.599940
1,0,0,0,0,1,1,0,1,0,0,0,1,1,1,1,1,0,1,1,1,0,1,0,0,1,0,1,1,1,1,1,0.591178
1,1,1,0,0,0,0,0,1,1,1,0,0,1,0,1,1,0,1,1,0,1,0,1,1,0,1,1,0,1,1,0,0.607973
0,0,0,0,0,1,0,0,0,1,0,0,1,0,1,0,1,1,1,0,0,0,0,0,1,0,1,0,0,1,1,1,0.600944
1,1,0,1,0,0,1,0,1,1,1,1,1,0,0,1,0,0,0,1,1,0,1,0,1,1,1,1,1,0,1,0,0.590727
0,0,1,1,0,1,1,0,1,1,0,0,0,1,1,0,1,0,1,0,1,1,1,0,0,0,1,0,1,1,0,1,0.595371
0,0,0,0,1,0,0,0,1,0,0,1,1,1,0,1,0,0,1,1,1,0,0,0,0,0,0,1,0,1,0,1,0.586785
0,1,1,0,1,1,0,1,0,1,1,1,0,0,0,0,0,0,0,0,1,0,1,0,1,0,1,1,0,0,0,0,0.605864
0,1,0,0,1,0,1,0,1,0,0,1,0,1,1,0,0,1,1,0,1,0,1,0,1,0,0,1,0,0,1,1,0.595471
0,1,0,0,0,0,0,0,1,0,1,1,1,0,1,0,1,0,1,1,1,0,0,0,0,0,1,1,1,0,0,1,0.575940
0,1,1,1,1,1,0,1,1,1,0,1,1,0,0,1,1,1,1,1,1,1,1,1,0,1,0,1,1,1,0,1,0.568334
1,0,1,0,0,0,0,0,1,0,0,0,0,0,0,1,0,1,1,0,1,0,0,1,0,1,0,0,0,1,0,1,0.623186
1,1,0,0,1,1,1,1,1,1,0,1,0,0,0,1,1,0,1,1,1,0,1,0,1,0,1,0,0,0,0,0,0.609705
0,1,1,1,1,0,0,1,0,0,1,0,1,0,0,1,1,1,0,1,1,0,1,0,1,1,0,1,1,1,1,0,0.604860
0,1,1,0,1,0,1,0,0,0,0,1,1,0,1,1,1,1,0,0,1,0,0,1,1,1,0,1,0,1,0,1,0.601019
0,0,0,0,0,1,1,1,1,0,0,0,1,0,0,1,0,0,1,0,1,1,0,0,1,0,1,1,1,1,0,0,0.583898
0,0,1,0,1,0,1,1,1,1,1,1,0,0,0,1,0,1,1,1,0,1,1,1,1,0,1,0,1,1,1,1,0.539288
1,0,0,0,0,0,0,1,1,0,1,1,1,0,0,1,0,1,0,1,0,1,0,1,0,0,1,1,1,1,1,0,0.598760
1,0,0,1,0,1,0,0,1,1,1,1,1,0,1,1,1,0,1,0,0,1,0,0,0,1,1,0,1,0,0,1,0.602149
0,0,1,1,0,0,1,1,1,0,1,0,1,1,0,0,1,1,0,0,1,1,1,1,1,0,1,0,0,1,1,0,0.603429
1,1,0,0,1,1,1,1,1,1,1,1,1,0,1,1,0,1,0,1,0,0,1,0,0,1,0,0,1,1,0,1,0.594567
0,0,1,1,0,1,0,1,0,0,0,0,1,0,0,0,0,1,0,1,1,0,0,0,1,0,0,0,0,1,1,0,0.590852
0,0,0,0,0,0,1,0,0,1,0,1,1,1,0,0,0,1,0,1,1,0,1,1,1,1,0,1,1,1,1,1,0.610484
1,1,1,1,0,0,0,0,1,0,1,1,1,0,0,0,0,1,1,0,1,0,0,0,1,0,1,0,0,0,0,0,0.594467
1,0,1,0,1,0,0,1,0,1,0,0,1,1,1,0,0,1,1,1,0,1,0,1,1,1,1,0,1,0,0,1,0.607019
1,1,0,0,0,1,0,0,0,1,0,1,0,0,1,0,1,1,0,1,0,1,0,0,1,1,1,1,0,1,0,0,0.605538
1,0,0,1,0,0,0,0,0,1,0,0,0,1,0,0,0,0,1,1,0,1,1,1,0,0,0,0,0,1,1,1,0.618165
1,1,1,0,0,1,1,1,0,1,0,0,1,0,1,1,0,0,0,0,1,0,0,0,1,0,0,1,1,1,0,0,0.599111
0,0,0,0,0,0,1,0,1,1,0,1,1,1,0,0,0,0,1,1,1,0,1,1,1,0,1,0,0,0,0,0,0.582894
1,0,0,0,0,0,1,1,0,1,0,1,0,0,1,1,1,1,1,0,0,1,1,0,0,1,0,1,0,0,1,0,0.585982
0,1,0,0,0,1,0,1,0,0,0,0,0,1,1,0,1,1,1,1,0,0,0,0,0,0,0,1,0,1,1,1,0.591982
0,0,0,0,0,1,0,0,0,1,1,1,1,1,1,1,1,0,1,0,0,1,0,0,1,1,0,1,1,1,0,1,0.597906
0,1,0,0,0,1,0,1,0,0,1,0,0,0,1,1,1,0,0,1,0,0,1,0,0,0,0,0,0,0,1,1,0.600944
0,0,0,1,1,0,1,1,0,0,0,1,1,1,1,1,0,1,0,1,0,0,0,1,1,1,1,1,0,1,0,1,0.600392
0,1,1,0,0,0,0,0,1,1,1,0,0,1,1,1,0,0,0,0,1,0,1,0,0,1,0,0,0,1,1,0,0.595220
1,0,1,1,0,1,1,0,1,0,1,1,0,1,0,0,0,1,0,1,0,1,1,0,0,1,0,1,1,1,1,1,0.606417
0,1,1,1,0,0,1,0,1,0,0,0,0,0,1,1,0,0,1,1,0,1,0,0,0,0,1,1,1,1,0,1,0.590902
0,0,0,0,0,1,1,0,1,1,1,0,1,1,1,1,0,0,1,1,1,1,0,1,1,1,1,1,0,1,1,1,0.583522
1,0,0,1,0,1,0,0,0,0,1,1,0,1,0,1,1,0,1,1,1,1,0,0,0,0,0,0,0,1,0,0,0.605387
0,1,0,0,1,0,0,0,1,1,1,0,1,0,0,1,0,0,1,1,0,0,1,0,0,1,1,0,0,0,1,1,0.603831
0,1,1,0,1,0,0,0,1,0,0,0,0,1,0,1,0,1,0,1,1,1,1,1,1,0,1,1,0,1,0,1,0.606191
0,1,1,0,1,1,1,1,1,1,0,0,1,0,0,1,0,0,0,0,1,0,0,1,0,0,0,1,1,0,1,0,0.580183
1,1,0,1,0,0,1,1,1,0,0,0,1,0,1,0,0,0,1,0,0,1,0,0,0,1,1,0,0,1,0,0,0.618065
1,1,0,1,0,0,1,0,0,1,1,0,0,0,1,0,0,0,0,1,0,1,1,1,0,0,0,1,1,1,1,1,0.609379
1,1,0,1,1,1,0,0,1,1,1,0,0,0,0,0,1,1,1,0,1,1,1,0,1,1,0,0,1,1,1,0,0.623588
0,0,1,1,1,0,0,1,0,0,0,0,1,1,1,0,0,1,1,0,1,0,1,1,0,1,1,0,1,0,1,0,0.592860
1,0,1,1,0,1,0,0,1,0,1,1,0,1,1,0,1,0,0,1,1,0,1,0,1,1,1,1,1,0,0,1,0.593965
0,0,1,1,1,1,0,0,0,1,0,1,1,1,0,0,1,1,1,1,1,1,1,1,0,0,1,0,0,0,0,0,0.602651
1,0,1,1,0,1,0,0,1,1,0,0,0,1,0,0,1,0,1,1,0,1,1,0,0,0,0,1,0,0,1,0,0.593739
1,0,0,0,1,1,0,1,0,1,1,1,0,1,1,0,1,1,0,1,1,0,1,0,0,0,1,1,1,0,1,0,0.594266
1,0,1,1,1,1,1,0,0,0,0,0,0,1,1,1,1,0,1,1,0,0,1,1,1,1,1,0,0,0,1,1,0.591455
1,1,1,0,1,0,1,1,1,0,0,1,0,0,1,1,1,1,0,1,0,0,1,0,0,0,0,0,1,0,1,1,0.612517
0,1,0,0,1,1,0,1,0,0,1,1,1,1,1,0,0,1,0,1,1,1,1,1,1,0,0,0,0,0,1,0,0.599689
1,0,1,0,1,1,0,0,1,1,1,1,1,1,0,1,0,0,0,1,1,0,1,1,0,0,1,0,1,1,0,1,0.585505
1,1,0,0,0,0,1,0,0,0,0,1,1,1,0,0,1,1,1,0,0,0,1,1,0,0,0,1,0,0,1,1,0.624467
1,1,1,1,1,0,0,1,1,0,1,0,1,1,1,1,0,0,0,0,0,0,0,0,1,1,0,1,0,0,1,1,0.598634
1,0,0,0,1,1,1,0,1,1,1,0,0,1,0,0,1,1,0,1,1,0,1,0,1,0,1,1,0,0,1,1,0.614676
0,1,0,1,0,1,1,0,0,1,1,1,0,0,0,1,1,1,0,1,1,1,1,0,0,0,0,0,0,0,0,1,0.609228
1,1,0,0,1,0,1,1,1,0,1,0,0,0,0,1,0,0,0,0,0,0,1,0,0,0,1,1,1,1,0,0,0.582442
0,1,0,0,0,0,1,1,1,0,1,0,1,1,1,1,0,0,0,1,0,0,1,1,0,1,1,0,1,0,1,1,0.542727
1,0,0,0,1,0,1,1,0,0,1,1,0,1,0,1,0,0,1,0,1,1,0,0,0,1,1,1,0,1,1,0,0.599990
0,0,0,1,0,0,0,1,0,0,1,1,0,1,0,1,1,0,0,0,0,0,0,0,1,0,0,1,1,1,0,0,0.592760
1,1,1,0,1,1,1,0,0,1,0,1,1,1,1,0,0,0,0,1,0,1,0,0,1,1,1,0,1,0,1,1,0.610207
0,0,1,0,0,1,0,1,1,0,0,1,1,0,0,0,0,0,0,1,0,0,1,1,1,0,0,0,0,0,0,0,0.588919
0,1,1,1,1,0,1,1,0,1,1,1,1,0,0,0,0,1,0,1,0,1,0,1,0,1,1,1,1,0,1,1,0.593187
1,1,0,1,1,1,1,0,0,0,0,1,1,1,1,1,0,0,1,1,0,1,1,1,0,1,1,1,1,0,1,1,0.559873
1,1,0,1,1,0,1,1,0,1,1,1,1,1,0,0,1,1,1,1,1,0,1,1,0,1,0,0,1,0,1,0,0.600869
1,1,1,0,1,1,0,1,0,0,0,1,1,1,0,0,1,0,0,0,1,0,1,1,1,1,1,1,1,0,0,1,0.598308
1,1,1,1,0,1,1,0,1,1,1,0,0,1,1,0,0,1,1,0,0,0,0,0,1,1,0,1,0,1,1,1,0.601044
1,0,0,1,0,0,0,1,0,1,0,0,1,1,0,1,1,0,1,1,0,0,1,1,0,0,1,1,0,1,1,1,0.596701
0,0,0,0,1,0,0,1,0,1,1,0,1,0,0,1,1,0,1,1,1,1,0,0,1,1,1,1,1,1,0,0,0.608601
0,0,1,0,0,1,0,1,1,1,0,0,0,0,0,0,0,1,1,0,1,1,1,1,1,1,1,0,1,0,1,1,0.588467
1,1,0,0,1,0,0,1,0,1,0,1,1,0,1,0,1,1,0,0,0,1,0,0,0,0,0,0,1,0,1,1,0.605940
1,1,1,1,0,0,1,1,1,0,0,1,1,0,0,0,1,0,1,0,0,0,0,0,1,1,0,1,1,0,1,0,0.607019
0,0,1,0,1,0,1,1,1,0,0,0,1,1,1,0,0,0,0,0,0,1,0,1,1,1,1,1,1,0,1,1,0.587363
0,1,0,1,0,0,0,1,0,0,0,0,0,1,0,0,0,1,0,0,1,0,0,1,1,0,0,0,1,1,0,0,0.588869
0,1,0,0,0,0,1,1,0,0,0,1,0,1,1,0,0,0,0,0,1,1,1,0,0,1,1,0,1,0,0,0,0.576718
0,0,1,0,0,0,0,0,0,1,0,1,0,0,0,0,1,0,0,0,1,1,0,1,1,0,0,1,0,1,0,0,0.586660
1,1,0,1,0,0,0,1,1,1,0,1,1,1,0,0,0,0,1,1,1,1,0,1,1,1,0,1,0,0,1,0,0.589823
0,1,0,1,0,0,1,0,0,1,0,0,0,0,0,0,0,1,1,1,1,0,1,1,1,1,0,1,1,1,1,0,0.596149
0,0,0,0,0,1,0,0,0,1,1,1,0,0,1,1,0,1,0,0,0,1,1,1,1,1,0,0,0,0,1,1,0.572275
1,0,1,0,1,0,1,0,1,1,0,0,1,0,0,1,0,1,1,1,0,0,0,1,0,0,0,1,1,0,1,1,0.615605
0,0,1,1,1,1,0,1,0,1,0,0,0,0,0,1,1,1,1,1,0,0,1,1,0,0,0,0,1,0,1,1,0.590727
0,1,1,0,1,1,1,0,1,0,0,1,1,1,1,1,1,0,1,1,0,1,0,1,1,0,1,1,0,0,0,0,0.598308
1,0,1,0,0,1,1,0,1,0,0,0,0,1,1,0,1,1,0,1,1,1,0,0,0,1,1,0,0,1,0,1,0.618843
1,0,1,0,1,0,0,1,1,0,1,0,1,1,1,0,1,0,0,1,1,0,0,0,0,1,1,1,1,1,1,1,0.596325
1,0,0,1,0,0,1,1,0,1,0,0,1,0,0,1,1,1,0,1,0,0,0,1,1,0,0,0,1,0,1,0,0.607421
1,0,1,0,1,1,1,1,0,1,1,0,0,0,0,1,1,1,1,0,0,1,0,1,1,0,1,0,0,0,0,0,0.608224
0,1,1,1,0,1,0,1,1,1,0,0,1,1,0,0,0,1,0,0,0,0,1,1,0,0,1,0,1,0,1,0,0.591178
1,1,0,1,0,0,1,1,1,1,0,1,0,0,1,1,1,1,1,0,0,0,1,1,0,1,1,0,1,1,0,1,0.589421
1,0,0,0,1,0,1,1,0,1,1,0,0,1,0,1,0,0,0,1,0,0,0,0,0,1,1,1,1,0,1,0,0.601245
1,0,0,1,1,0,1,0,1,1,0,1,0,0,1,0,0,0,1,1,1,0,1,0,1,1,1,1,0,1,1,0,0.596500
0,0,0,1,0,0,1,0,0,0,1,0,1,1,1,1,0,0,1,0,1,1,1,1,0,0,0,0,0,1,1,0,0.560752
0,1,0,1,0,1,1,1,1,1,1,1,0,1,1,0,1,0,1,0,0,0,0,0,0,0,0,0,0,0,1,1,0.602852
1,1,1,1,0,1,0,0,0,0,1,1,0,1,0,1,1,1,0,1,1,1,1,0,1,0,1,0,0,0,0,0,0.607772
0,1,1,1,0,0,0,0,0,0,0,0,1,0,0,0,0,1,0,0,0,0,1,0,1,0,1,1,1,0,0,1,0.609655
0,1,0,0,1,0,0,0,0,1,0,1,1,1,1,1,0,1,0,1,1,0,0,1,0,0,1,0,1,0,0,0,0.589722
0,1,0,0,0,1,1,0,0,1,1,0,0,1,0,0,1,1,0,0,1,1,1,1,1,0,0,0,0,1,0,0,0.584024
0,0,0,0,1,1,0,1,0,0,1,1,0,1,1,0,1,0,1,0,0,1,0,1,0,0,1,1,0,0,0,1,0.595898
0,0,0,1,0,0,0,1,0,1,0,0,0,0,1,0,1,1,0,0,0,1,0,1,0,1,0,1,0,0,0,1,0.581363
1,1,1,0,1,0,1,0,0,1,1,1,1,0,1,1,1,1,1,1,0,1,0,1,0,1,0,1,0,1,1,1,0.572074
0,1,0,0,1,0,1,0,0,0,1,1,1,1,1,0,1,0,0,0,0,0,0,1,0,0,1,1,1,0,0,1,0.588065
0,0,1,0,1,1,0,1,1,1,1,1,0,0,0,0,1,1,0,0,0,1,0,0,1,0,1,0,0,0,1,1,0.608350
1,1,1,1,0,1,1,0,1,0,0,1,0,1,1,0,1,0,0,1,1,1,0,0,1,1,0,1,0,0,1,0,0.592358
0,0,0,0,1,1,1,1,0,0,0,1,0,0,0,0,0,1,1,1,1,0,0,0,1,0,0,0,0,0,1,1,0.564242
0,1,1,1,1,0,1,0,0,1,1,0,1,0,1,0,0,0,0,1,1,0,1,1,1,1,1,1,0,1,0,0,0.606492
1,0,0,1,1,1,1,1,1,0,1,1,1,1,1,0,0,1,1,1,0,0,1,1,1,1,0,1,1,0,1,1,0.574610
0,1,1,0,0,1,0,0,0,0,1,0,1,0,1,1,1,1,0,1,1,0,1,0,0,0,0,0,0,1,1,0,0.601597
0,0,1,0,0,0,1,0,1,0,1,1,0,1,1,1,0,1,0,0,1,0,0,0,0,0,1,1,0,1,1,0,0.587036
0,0,1,1,0,1,1,0,0,0,1,0,1,1,1,1,0,1,0,0,1,0,0,0,0,0,0,1,0,0,1,0,0.596425
0,0,0,0,1,1,0,0,1,0,1,1,0,0,0,1,1,1,1,0,1,1,1,1,0,0,1,0,1,0,0,0,0.608877
1,1,0,1,0,1,0,0,0,0,1,0,1,1,1,1,1,1,1,0,0,1,1,0,1,1,1,1,1,1,1,0,0.600090
1,1,1,0,1,1,1,0,1,1,1,1,1,1,1,1,0,1,1,0,1,1,1,0,0,0,0,0,1,0,0,0,0.585404
0,1,0,1,0,0,0,1,0,0,1,0,0,1,1,0,1,1,1,1,0,0,1,0,1,1,1,1,0,1,1,0,0.600618
0,1,1,0,1,1,0,0,0,1,0,1,0,0,0,0,1,1,0,1,1,0,0,1,0,0,1,1,1,0,1,0,0.601998
1,1,1,0,0,1,0,1,0,1,1,0,0,0,0,1,1,0,0,1,0,0,0,1,0,0,0,1,1,0,0,1,0.618492
1,1,1,0,0,1,0,1,1,1,0,1,1,1,0,0,0,0,0,0,1,1,0,0,1,0,0,1,1,0,0,1,0.583873
0,1,0,0,1,0,0,0,0,1,1,0,1,1,0,0,0,1,0,1,1,1,1,0,1,0,0,0,0,0,1,1,0.600768
0,0,1,1,0,1,0,0,1,0,1,1,1,1,1,1,1,0,1,1,1,0,0,1,0,0,1,1,1,1,1,1,0.541673
1,0,0,1,1,0,1,0,1,0,0,0,0,1,0,1,0,1,0,0,1,0,0,0,1,1,0,0,1,0,0,0,0.600015
1,1,1,1,0,0,0,1,0,1,0,0,1,0,0,1,0,1,0,1,0,0,1,1,0,1,1,0,0,0,1,1,0.591555
1,1,1,1,0,0,1,1,0,0,1,1,1,1,1,0,1,0,0,1,0,0,1,1,1,1,0,0,0,0,1,1,0.600743
1,0,0,0,0,1,0,0,1,0,0,0,0,1,0,1,1,0,0,1,0,0,1,1,1,0,0,0,1,1,0,1,0.609931
0,0,1,1,1,1,0,1,0,1,1,1,1,1,1,1,0,0,1,0,0,0,1,0,0,0,1,1,0,1,1,0,0.602977
0,1,1,0,0,0,0,1,0,0,1,1,1,1,0,1,0,1,0,1,0,0,1,0,1,0,1,0,0,1,1,0,0.596450
1,1,0,0,0,0,1,0,1,0,0,0,1,0,0,1,1,1,0,1,1,0,0,1,1,1,0,0,1,0,1,0,0.612090
0,0,1,0,0,1,0,1,0,1,0,1,1,0,0,1,0,1,0,0,0,1,0,0,0,0,0,0,1,0,0,1,0.576769
1,1,1,1,0,0,1,0,1,0,1,1,0,0,0,1,0,0,0,0,1,0,0,0,0,1,0,0,0,0,0,1,0.619973
0,1,0,0,1,0,0,1,1,1,0,1,0,0,1,0,0,0,1,0,0,1,0,1,0,1,0,0,0,1,0,1,0.605689
0,0,0,1,0,0,0,1,0,0,1,0,1,0,0,0,1,0,1,0,0,0,1,0,0,0,0,0,0,1,1,0,0.579530
0,0,1,1,1,1,1,0,1,0,0,1,1,0,0,0,0,0,0,0,0,1,0,1,1,0,0,1,1,1,1,0,0.584450
0,0,0,1,0,0,1,0,1,0,1,1,0,1,1,0,0,1,1,0,0,0,0,1,1,0,0,1,1,1,0,1,0.587915
0,1,0,0,0,1,1,1,0,0,0,1,1,1,1,0,1,0,0,0,0,0,0,0,0,0,0,0,1,1,0,0,0.589873
1,0,0,1,1,0,0,0,1,0,1,1,0,0,1,0,0,0,1,0,1,0,0,1,0,1,0,0,0,0,0,1,0.610760
0,0,0,1,1,0,1,1,1,1,0,0,1,0,0,0,1,1,0,1,0,0,0,1,0,1,0,1,0,0,1,1,0.609203
0,0,0,0,0,0,1,1,0,1,0,1,1,1,0,1,1,0,1,0,1,0,0,0,0,1,0,0,0,1,0,0,0.586459
0,1,1,0,0,1,1,1,0,0,1,1,1,0,0,0,0,1,0,0,0,1,1,1,1,1,0,0,1,0,0,0,0.601095
0,1,0,1,0,1,1,1,1,1,0,1,1,1,1,0,1,0,0,0,0,0,1,0,0,1,0,1,1,1,0,1,0.595747
1,1,1,0,1,0,1,0,0,0,0,1,1,0,0,1,0,1,1,1,0,1,0,1,0,0,0,1,0,1,1,0,0.606693
1,0,0,1,1,1,1,0,0,0,1,0,1,0,0,1,1,0,1,1,0,1,1,0,0,1,0,1,1,1,1,1,0.585480
1,1,1,1,1,0,1,0,0,0,1,1,1,1,0,1,1,1,0,0,0,1,1,0,1,1,0,1,1,1,0,0,0.605312
1,1,0,0,0,0,0,1,0,1,1,1,1,0,1,0,1,1,0,0,1,1,1,0,1,0,1,0,0,0,0,0,0.608902
0,1,1,1,1,1,1,1,0,0,0,0,0,1,1,1,1,0,1,0,0,1,1,1,0,1,0,1,1,0,1,1,0.564593
0,0,1,0,0,1,1,0,0,0,1,1,1,0,0,0,0,1,0,0,0,1,1,1,1,0,1,0,0,1,1,0,0.579932
1,1,0,0,1,0,1,0,0,0,1,1,1,0,1,0,0,0,1,0,0,0,0,1,1,1,0,1,1,0,0,0,0.607948
0,1,1,1,1,0,0,1,1,1,1,0,0,0,0,0,1,1,0,0,1,1,1,0,0,1,1,1,1,0,0,0,0.602300
0,1,1,1,0,1,0,0,1,1,0,0,0,1,0,1,0,1,1,1,1,1,1,0,1,1,1,1,1,0,1,1,0.586459
0,0,1,1,0,1,1,1,0,1,0,0,0,1,0,0,0,1,0,0,0,1,0,1,0,0,0,0,0,0,1,0,0.599588
1,1,1,1,1,0,0,1,1,0,1,0,1,1,0,1,1,1,0,1,1,0,0,0,1,1,0,0,0,1,0,0,0.614324
1,0,1,1,1,1,1,1,0,1,1,0,0,1,1,1,0,0,1,0,1,0,1,1,1,1,0,1,1,0,0,1,0.579907
1,0,1,1,0,0,0,1,1,0,0,0,0,0,1,1,1,0,1,0,1,1,1,1,0,0,0,0,0,1,1,1,0.591806
0,0,1,0,1,0,0,1,1,0,0,0,1,1,0,1,1,0,0,0,1,1,1,1,1,1,0,1,0,1,1,1,0.560928
0,1,1,0,0,0,1,0,1,1,0,1,1,1,0,0,0,0,1,1,0,1,0,1,1,0,0,0,1,0,1,1,0.590149
0,1,1,1,0,1,0,1,0,0,1,0,1,0,0,0,0,1,1,1,0,1,0,0,0,0,0,0,0,1,1,0,0.602174
0,1,0,1,1,1,0,0,0,1,1,1,0,0,0,0,0,1,0,1,1,1,1,0,1,1,0,1,0,1,1,0,0.595295
1,1,1,0,0,0,0,0,1,0,1,0,1,0,1,0,1,1,0,1,1,1,1,0,0,0,1,0,0,0,0,0,0.596500
0,0,1,1,1,1,0,1,0,0,0,1,1,0,0,0,1,0,1,0,0,1,1,0,0,1,1,0,0,1,0,0,0.596952
0,1,1,0,0,0,0,1,1,0,0,0,0,0,0,0,0,1,0,0,0,1,1,1,0,1,1,0,1,1,1,0,0.593111
1,1,1,0,1,0,0,1,1,0,1,0,1,0,0,0,0,0,0,1,1,0,1,1,1,0,1,0,0,0,1,1,0.600492
0,0,0,0,0,0,0,0,0,1,1,1,0,0,1,1,1,0,1,1,0,1,1,0,0,0,1,0,0,1,1,1,0.603680
1,0,0,0,1,0,0,0,0,0,0,0,0,1,0,1,0,1,1,0,1,0,1,0,0,0,1,1,0,1,1,0,0.614400
1,1,1,1,1,0,0,0,1,1,0,1,1,0,0,0,0,0,1,0,0,0,1,1,1,0,0,0,1,1,1,0,0.597756
0,1,0,1,1,1,0,1,0,1,0,1,1,0,1,0,1,0,0,1,0,1,1,0,1,0,1,0,1,1,1,0,0.600818
1,1,0,1,1,1,1,0,1,1,0,0,0,0,0,1,0,0,0,1,0,0,0,1,0,1,1,1,0,0,1,1,0.607446
1,0,1,0,1,0,0,1,1,0,0,1,0,0,1,0,1,0,0,1,1,0,1,0,1,1,0,1,0,0,1,0,0.600944
1,0,1,1,1,1,1,0,1,1,1,1,0,0,1,1,1,1,0,0,1,0,1,1,0,0,0,0,0,1,0,0,0.604107
1,1,0,0,1,1,0,0,0,1,1,1,0,1,1,0,0,1,0,0,1,0,1,1,0,1,1,0,1,1,0,1,0.598559
0,1,0,0,0,0,0,1,1,1,0,0,0,1,1,1,0,0,0,1,0,0,0,0,0,1,1,0,0,1,0,0,0.585430
1,0,1,1,1,1,0,0,0,1,1,1,1,1,0,1,1,1,1,1,1,0,0,0,1,1,0,1,0,1,0,1,0.591731
0,0,1,1,1,1,1,0,0,1,0,1,1,0,1,0,0,1,1,0,0,0,0,1,0,1,1,1,1,1,1,0,0.602274
1,1,0,0,0,0,0,1,1,0,0,1,1,0,1,1,0,0,1,0,1,0,0,0,1,0,0,1,1,1,1,1,0.582944
1,0,0,0,0,0,1,0,0,1,0,1,1,1,0,0,0,0,0,1,1,1,0,0,0,0,1,0,1,1,0,1,0.619847
1,0,1,0,0,1,0,0,0,1,1,1,1,0,0,0,0,0,1,0,0,1,1,0,0,1,1,0,1,0,1,1,0.616885
1,1,0,1,0,0,0,1,1,0,0,1,1,0,0,0,0,1,1,0,0,1,1,0,0,0,0,1,0,0,1,1,0.605287
0,0,0,0,1,0,1,0,1,1,1,1,1,0,0,1,1,0,1,0,0,0,1,0,0,0,1,1,0,1,1,0,0.589873
1,1,0,1,0,0,1,0,0,1,1,0,0,0,0,1,1,0,1,1,0,1,1,1,0,0,0,0,1,0,0,0,0.602576
0,1,1,1,0,0,1,0,1,0,0,1,0,0,0,0,1,1,1,1,1,0,0,1,1,0,1,0,1,0,1,1,0.602350
1,1,0,0,1,1,1,0,1,1,1,0,1,1,1,0,0,1,1,0,1,1,1,1,0,0,1,1,0,1,0,0,0.623487
0,0,1,1,1,0,1,0,1,0,1,1,0,1,1,1,1,1,0,0,1,0,1,0,1,1,0,0,0,0,1,0,0.591680
0,0,0,1,0,0,1,1,1,1,0,0,0,1,0,0,1,1,1,0,1,1,0,0,1,0,1,0,1,1,0,0,0.606191
1,0,1,0,1,0,1,1,0,0,1,0,1,0,1,1,1,1,1,1,1,0,0,1,1,0,0,0,0,0,1,1,0.602977
1,0,0,1,0,0,1,0,0,0,1,0,0,0,1,0,1,1,0,0,0,1,0,0,0,1,0,1,0,0,0,0,0.618391
1,0,0,0,0,0,1,1,0,1,0,1,0,1,1,0,1,0,1,0,0,0,0,1,0,1,1,1,1,0,0,0,0.603153
1,1,0,1,1,0,0,0,1,0,1,0,0,0,1,0,1,0,0,1,1,1,1,0,0,0,1,0,1,0,1,0,0.616408
0,0,0,1,1,1,0,0,0,1,0,0,1,1,1,1,1,0,1,0,1,0,0,1,1,1,0,0,0,1,1,1,0.591756
1,1,1,0,0,0,0,0,0,0,1,1,0,0,1,0,0,0,0,1,1,0,0,1,0,0,0,1,1,0,1,1,0.621981
0,1,1,1,0,0,0,0,0,0,0,0,0,0,0,1,0,1,0,1,1,0,1,0,1,1,1,0,0,0,1,0,0.594894
0,1,0,1,1,1,1,1,1,0,0,1,1,1,0,0,0,0,1,0,0,1,1,0,1,1,0,0,0,0,0,0,0.606768
0,0,0,1,0,0,1,1,1,1,1,0,1,1,0,1,0,0,0,1,1,1,1,0,0,1,0,0,0,0,1,0,0.601572
0,0,1,1,1,1,0,1,1,1,1,1,1,1,1,0,0,0,0,1,0,1,0,0,1,1,1,1,0,0,0,1,0.591178
1,1,1,1,1,0,0,0,1,0,1,0,1,0,1,1,1,1,0,0,1,1,1,1,0,1,1,1,1,1,0,1,0.581865
1,1,0,0,0,0,0,1,1,1,0,0,0,1,0,0,1,0,1,1,1,0,0,0,0,0,0,1,0,0,0,0,0.599764
0,0,0,0,1,0,1,1,0,1,1,1,0,1,1,0,1,0,0,0,0,1,1,1,0,1,0,1,1,1,0,0,0.593814
1,1,0,1,0,0,0,0,1,1,1,0,0,0,1,0,1,1,0,1,0,0,1,1,0,0,1,1,0,1,0,1,0.617588
0,1,0,1,1,1,1,0,0,0,0,0,0,1,1,0,1,0,1,1,1,0,1,0,1,1,1,1,1,0,1,1,0.593463
1,0,0,1,1,1,1,0,0,1,0,0,1,0,1,0,1,0,0,1,1,0,1,0,0,1,0,0,0,0,0,0,0.611764
0,1,1,0,0,0,0,1,1,1,0,1,1,1,1,0,1,0,1,1,1,1,0,0,0,1,0,0,1,1,0,1,0.587513
0,1,1,1,0,0,1,0,0,1,0,1,1,0,0,1,0,0,1,1,1,1,0,0,0,1,0,0,0,1,1,1,0.616534
1,1,0,1,1,1,1,0,0,1,1,0,0,1,0,1,0,0,0,1,0,1,1,0,1,0,0,0,1,1,0,0,0.591053
0,1,1,0,1,0,0,0,0,1,1,0,0,0,1,0,0,1,0,0,0,1,1,1,0,0,0,1,0,0,1,1,0.610182
1,1,1,0,0,1,0,0,1,0,1,0,1,0,0,1,0,0,1,0,0,1,1,1,1,0,1,1,0,0,1,1,0.617337
0,1,1,1,0,1,0,1,0,1,1,0,1,1,1,1,0,0,0,1,0,0,1,0,1,0,0,0,1,1,0,0,0.590099
0,0,1,1,1,0,1,1,1,1,0,0,0,0,1,0,0,1,0,0,1,1,1,0,0,0,1,0,1,1,0,0,0.605889
0,1,0,1,1,1,0,1,0,1,0,0,1,0,0,1,0,0,0,1,0,1,0,1,1,0,0,1,1,0,1,0,0.594517
0,1,1,1,1,0,0,0,1,0,0,1,0,1,0,1,1,0,0,1,0,1,0,0,1,0,0,0,0,1,1,1,0.606743
1,0,1,1,1,1,0,1,0,0,0,0,1,0,1,1,1,0,1,0,1,1,0,0,0,0,1,1,1,0,0,0,0.579756
0,0,0,0,0,1,1,1,0,0,1,0,1,0,0,0,0,1,0,1,1,0,1,0,0,1,0,1,1,0,1,0,0.554250
0,0,0,1,1,0,0,0,0,1,0,1,1,0,0,0,1,0,0,0,0,0,0,0,0,1,0,1,1,0,1,0,0.581840
0,0,0,1,1,0,1,0,1,1,0,1,1,0,0,0,1,0,1,0,0,0,1,0,0,0,0,0,0,1,0,0,0.603002
1,1,0,0,0,0,0,1,0,0,1,0,0,0,1,1,1,0,0,0,1,0,1,0,1,0,1,1,1,0,0,1,0.616157
0,0,1,1,1,1,0,1,1,0,0,1,0,1,0,0,0,0,0,1,0,0,0,1,1,1,0,0,1,0,1,0,0.594542
1,1,1,1,1,1,0,1,0,1,0,0,0,1,0,1,1,0,0,1,0,0,1,0,1,0,1,0,1,0,1,0,0.606919
0,0,1,0,1,0,0,1,1,1,0,1,1,1,1,0,1,0,0,1,1,1,1,1,1,0,0,0,1,1,0,1,0.586785
1,0,0,0,0,1,0,0,1,0,1,1,1,0,0,1,1,1,1,1,0,1,1,1,1,1,0,1,1,0,0,1,0.603982
1,0,1,0,0,1,0,0,0,1,1,1,1,1,1,0,1,0,1,1,0,0,1,0,1,0,1,0,1,1,1,1,0.597655
0,0,0,1,0,1,0,0,1,1,0,1,0,0,0,0,0,1,0,1,0,0,1,1,1,0,1,0,0,0,0,1,0.587488
1,0,0,1,1,1,1,0,1,0,1,1,1,1,1,1,1,0,0,0,0,1,0,1,0,1,1,0,1,0,0,0,0.596500
0,0,0,0,0,0,0,1,1,1,0,0,0,1,1,0,0,0,0,1,1,0,1,0,0,1,1,0,1,1,0,0,0.572400
1,0,0,0,1,1,0,0,1,1,1,1,0,0,0,1,1,0,0,1,1,0,0,1,1,0,0,0,1,0,1,0,0.607295
1,0,1,1,0,0,0,1,0,0,0,1,1,0,0,0,1,1,1,1,0,0,1,0,1,1,0,1,0,0,1,0,0.602199
1,0,0,0,0,0,0,0,1,1,0,0,0,1,0,0,0,1,0,1,0,1,0,0,1,0,0,1,0,0,1,1,0.612241
0,1,0,1,0,0,1,0,1,0,0,1,0,1,1,0,1,1,0,1,0,1,1,1,1,1,0,0,0,0,0,0,0.605237
0,0,1,1,1,0,1,1,1,0,1,1,1,1,0,0,1,1,1,1,0,0,1,0,1,1,0,1,1,0,0,1,0.604860
0,1,0,1,1,1,0,0,1,0,1,0,0,0,1,1,1,1,0,1,0,1,1,0,1,0,1,0,0,0,1,1,0.604283
0,0,1,0,1,1,0,1,0,1,1,0,0,0,1,1,1,0,0,1,1,0,1,1,1,1,0,0,1,1,1,0,0.606115
1,0,0,0,1,1,0,1,1,1,0,0,0,1,1,1,1,0,0,1,0,1,0,1,1,0,1,0,1,1,1,0,0.588317
1,0,1,1,1,1,1,0,0,1,1,1,0,0,0,0,0,0,1,0,1,0,0,0,1,1,1,0,0,0,0,1,0.611262
0,1,0,0,1,0,1,1,0,0,0,1,0,0,1,1,1,1,0,0,0,0,1,0,0,0,0,0,0,0,1,0,0.586032
1,0,0,1,0,0,0,1,1,1,0,1,0,0,1,1,0,1,1,1,0,1,1,0,1,1,0,1,0,1,0,0,0.596777
1,0,1,1,1,1,1,1,0,0,1,0,0,0,1,1,1,1,0,1,1,0,0,1,0,1,0,0,1,0,0,1,0.609027
0,0,0,0,0,0,1,0,1,1,1,1,1,1,1,0,0,0,0,0,1,1,0,1,1,1,1,1,0,0,0,1,0.600316
0,0,1,0,1,0,0,1,1,0,1,0,0,0,0,1,1,0,0,1,1,1,0,0,0,0,0,1,0,1,1,0,0.605061
0,1,1,0,0,1,1,1,0,1,1,1,0,0,1,0,0,1,1,0,0,0,0,0,1,0,0,0,0,1,1,0,0.596199
0,0,1,0,1,1,0,0,0,1,1,0,1,1,0,1,0,1,1,0,0,1,1,0,0,1,0,1,1,0,0,1,0.582794
1,1,1,1,0,0,1,0,0,1,0,1,0,1,1,0,1,0,1,1,0,1,0,1,1,1,0,1,0,0,0,0,0.601898
0,0,1,0,1,1,0,1,1,1,0,1,0,1,1,0,1,0,1,1,1,1,1,1,0,0,1,0,1,1,1,1,0.570643
1,0,1,1,1,1,1,0,0,1,1,0,1,0,1,1,0,0,0,0,1,1,0,1,0,0,0,0,1,0,1,1,0.564593
1,0,0,1,0,0,1,1,0,1,0,1,1,0,1,0,0,1,0,0,0,1,0,1,0,1,0,1,1,1,1,1,0.582216
0,0,1,1,0,1,1,0,1,0,0,1,0,1,0,0,0,0,0,1,1,1,0,1,1,1,1,1,0,0,0,0,0.597103
1,1,1,0,1,1,1,1,0,1,0,0,0,0,1,0,0,0,0,0,1,1,1,0,0,1,1,0,1,1,1,1,0.593488
1,0,0,1,1,0,1,1,0,1,1,1,0,1,0,1,0,1,0,1,0,0,1,1,1,1,0,1,1,0,1,0,0.602651
0,0,0,0,0,1,1,0,0,1,1,1,1,1,1,0,1,0,0,1,1,1,0,1,0,0,0,1,0,0,0,0,0.592308
0,1,1,1,1,0,1,1,1,0,0,0,1,1,1,1,1,0,0,1,0,0,0,1,1,0,1,1,1,0,1,1,0.560928
0,0,0,0,1,1,0,1,1,0,1,0,1,1,0,1,0,1,1,1,0,0,1,1,1,0,1,0,1,1,0,0,0.584425
0,0,0,1,1,1,0,0,1,0,0,0,1,1,1,1,1,0,1,0,0,1,1,1,1,0,0,1,0,1,1,1,0.553623
0,0,1,0,1,0,1,1,1,0,1,1,1,0,0,1,1,1,1,1,1,1,1,0,1,0,1,1,0,0,0,0,0.600341
0,1,0,0,0,1,1,1,1,1,1,1,1,1,1,1,1,0,0,0,1,0,1,0,1,0,0,0,0,1,1,0,0.555003
0,1,0,0,0,0,1,0,0,0,0,1,0,1,1,0,0,1,1,0,0,1,1,1,0,0,0,0,0,1,1,0,0.580635
0,1,1,1,0,0,1,0,0,0,1,0,0,1,0,1,1,1,0,1,0,0,0,1,1,0,0,0,1,0,0,1,0.606542
0,1,1,0,0,0,1,0,0,0,0,0,0,0,0,1,0,1,0,0,1,1,0,1,1,0,0,1,0,1,0,0,0.585379
0,0,1,1,0,1,0,0,0,0,0,1,0,0,1,1,1,1,1,1,1,1,1,1,0,0,0,0,0,0,0,1,0.597379
1,0,1,0,0,0,1,0,1,0,0,0,0,0,0,0,0,1,1,1,1,0,0,0,0,1,1,0,0,1,1,1,0.624768
0,1,1,1,0,1,1,0,1,0,1,1,1,1,1,1,0,0,1,0,1,1,1,0,0,1,0,0,0,0,1,1,0.596701
1,1,1,0,1,0,0,0,0,0,1,0,0,1,1,0,1,0,1,0,0,0,1,1,1,0,1,1,0,1,1,0,0.616835
1,0,1,0,1,1,0,1,0,0,1,1,1,0,0,1,0,1,0,1,0,0,1,0,1,1,1,1,0,0,0,0,0.602827
0,1,1,0,1,1,1,1,0,1,0,0,0,1,1,0,0,0,0,1,1,0,1,0,1,0,1,0,0,0,0,0,0.604735
0,0,0,1,1,1,0,0,1,0,1,0,1,1,1,1,1,1,1,1,1,1,1,1,0,1,0,0,0,0,0,1,0.587162
1,1,1,1,1,1,0,1,0,0,0,1,0,1,1,1,1,1,1,0,0,0,1,1,0,1,0,0,1,0,1,1,0.543606
1,0,1,1,0,0,1,1,0,1,1,1,0,1,0,0,1,0,0,0,1,1,0,0,0,1,0,1,0,1,0,0,0.601044
1,1,0,0,0,0,1,0,0,0,1,1,1,0,0,1,1,0,1,0,1,1,1,0,1,0,0,1,0,0,1,1,0.628232
1,0,0,1,1,0,1,0,0,1,1,1,1,0,1,1,1,0,0,1,0,0,0,0,0,0,0,0,1,0,0,0,0.591655
0,0,0,0,0,0,1,1,1,1,0,0,0,0,0,1,1,0,1,1,1,1,0,1,0,1,0,0,0,1,0,1,0.602475
0,1,0,1,0,0,1,1,1,1,0,1,1,0,0,0,1,1,1,0,1,1,0,0,0,0,0,1,0,1,1,1,0.591254
1,0,1,0,0,1,0,1,0,1,0,1,0,0,1,1,0,0,1,1,1,0,0,0,1,1,1,1,1,0,0,1,0.594467
1,0,0,0,1,0,0,0,0,1,0,1,0,1,0,0,1,0,1,1,0,0,1,0,0,1,1,0,1,0,1,0,0.612442
1,0,1,0,0,0,1,1,1,1,0,0,1,1,0,1,0,0,1,1,1,1,0,0,1,1,1,0,0,0,0,1,0.606140
0,0,0,0,1,0,1,0,0,0,0,0,0,0,0,0,1,0,1,0,0,1,1,0,0,1,1,0,1,1,0,1,0.586208
0,0,0,1,0,0,1,1,1,1,1,0,1,1,1,1,1,1,1,0,0,1,0,1,1,0,0,1,0,0,0,0,0.607320
0,0,0,0,1,0,0,1,0,0,0,0,0,1,1,1,1,0,1,1,0,1,1,1,1,0,0,1,1,1,0,1,0.575714
1,0,1,0,1,1,1,0,1,0,1,0,1,1,0,1,0,0,0,1,0,0,1,1,0,1,1,0,1,0,0,0,0.603655
1,1,1,1,1,1,1,1,0,0,1,0,0,1,1,0,0,0,0,0,0,1,0,1,1,1,0,0,1,0,0,0,0.608274
1,1,0,1,0,1,0,1,1,0,0,1,0,0,0,0,1,1,0,0,1,1,0,0,0,0,1,0,1,0,1,1,0.618216
0,1,0,0,0,1,1,1,0,1,0,1,0,0,0,0,1,0,1,1,1,1,1,1,1,0,0,0,0,1,1,0,0.585455
0,1,1,1,1,1,1,1,1,1,0,1,1,1,1,1,0,1,1,0,1,0,0,0,0,1,0,1,1,0,1,0,0.595848
1,0,0,0,1,0,1,1,1,1,1,0,0,0,1,0,1,1,1,1,0,0,0,0,0,1,0,1,0,0,1,0,0.609153
1,1,0,0,1,1,1,0,1,1,0,1,0,1,1,1,0,1,0,0,1,0,0,0,1,1,0,1,1,0,1,1,0.596500
1,0,1,0,1,1,1,0,1,0,0,0,1,0,0,0,0,1,1,0,0,1,1,1,0,0,0,1,0,1,0,1,0.629864
0,1,1,1,0,1,0,0,1,0,0,0,0,1,1,1,0,0,0,0,0,1,0,1,1,1,1,0,1,0,1,1,0.585379
1,1,0,0,1,1,0,0,0,0,0,1,1,0,1,1,0,1,0,1,0,1,0,0,0,1,1,1,0,1,1,1,0.603781
1,1,0,0,0,0,0,1,1,0,0,1,0,1,0,0,0,0,1,0,0,1,0,1,1,1,1,1,1,1,0,1,0.597957
1,0,1,1,1,0,0,1,0,0,1,1,0,1,0,1,1,0,0,0,0,1,1,1,1,1,1,0,0,1,1,1,0.551112
1,0,1,1,0,0,1,1,1,1,0,1,0,0,1,1,0,0,0,0,1,0,0,1,0,0,1,1,0,1,0,0,0.606366
1,1,1,0,1,0,0,0,0,0,1,0,0,0,0,1,1,0,0,1,0,1,0,0,1,0,0,0,0,0,0,0,0.614048
0,0,0,1,1,1,1,0,0,0,0,0,1,1,0,0,0,1,0,0,1,0,0,1,0,0,1,0,1,1,1,0,0.534217
1,0,0,1,1,0,1,0,0,0,1,1,0,1,1,1,1,0,1,1,1,1,1,0,0,0,1,0,0,1,0,0,0.595597
0,1,0,1,0,0,0,1,0,0,0,0,1,0,0,0,1,0,0,0,0,1,1,1,0,0,1,0,1,1,1,1,0.592860
0,0,0,0,0,0,0,1,0,1,1,1,0,1,0,1,0,1,1,0,1,0,0,0,0,1,1,1,1,1,1,1,0.552945
1,1,0,1,1,1,1,0,1,1,1,0,1,0,1,1,1,1,0,1,1,0,0,0,1,1,1,1,0,1,0,0,0.598182
0,1,0,0,1,0,1,1,0,1,1,0,0,0,1,0,0,1,0,0,0,1,1,0,1,1,1,1,0,1,1,0,0.596701
0,1,0,0,0,0,1,1,1,1,0,1,1,1,1,0,1,0,0,0,0,0,1,1,1,1,1,1,1,1,0,0,0.604283
0,0,1,0,0,1,0,0,1,0,1,0,1,1,1,1,0,1,1,1,0,0,1,1,1,0,0,0,0,0,1,1,0.593463
1,1,0,0,1,1,1,0,1,1,1,0,1,0,1,1,0,1,1,1,1,1,1,0,0,1,0,1,1,0,1,1,0.591229
1,0,0,1,1,1,0,0,1,1,1,0,0,1,1,1,0,1,0,0,0,0,1,1,0,1,0,0,1,1,0,0,0.583070
1,1,0,1,0,1,0,1,1,1,0,1,1,1,0,0,1,1,0,0,0,1,0,1,1,0,0,1,1,0,1,0,0.598710
1,0,1,1,0,0,1,1,1,1,0,0,1,0,0,0,1,0,1,0,1,0,0,1,1,1,1,1,0,0,0,1,0.598208
1,0,0,0,1,0,0,1,1,1,1,1,1,0,0,0,0,1,1,0,1,1,1,1,1,0,1,0,0,1,1,0,0.601371
1,0,1,0,0,1,0,1,0,0,0,1,1,1,0,1,0,1,1,1,1,0,1,1,1,0,1,0,1,1,0,0,0.592911
0,1,0,1,1,1,0,1,0,1,1,0,0,1,1,0,1,1,1,1,0,0,1,0,0,1,0,0,0,0,1,1,0.602827
0,0,1,1,1,1,0,0,0,1,1,1,0,1,1,1,0,0,1,1,0,1,1,0,0,1,1,1,0,1,0,0,0.599438
0,0,0,1,0,1,0,1,0,1,0,1,1,1,0,0,1,0,1,1,1,1,1,1,1,0,1,0,1,1,0,1,0.571045
1,0,0,0,1,1,0,0,0,0,0,1,1,0,1,0,0,0,1,0,0,0,0,0,1,0,0,1,0,0,1,0,0.599714
0,0,0,0,1,0,1,1,1,0,0,0,0,0,1,1,1,1,0,1,1,0,1,1,1,1,0,1,0,0,1,0,0.592911
0,1,0,1,0,1,0,1,1,1,0,0,1,1,0,0,0,1,0,0,0,0,0,1,1,0,0,1,0,0,0,1,0.585204
0,0,0,1,0,0,0,0,1,0,1,0,1,1,0,0,1,0,0,0,1,1,0,0,0,0,1,0,1,0,0,0,0.600115
0,1,1,1,1,0,1,0,1,1,0,1,0,0,1,0,0,1,0,1,0,0,1,0,0,1,0,1,0,0,0,1,0.608199
0,0,1,0,0,0,0,1,1,0,1,0,1,0,1,0,0,1,1,1,1,0,0,1,0,0,0,1,1,1,1,0,0.587086
1,0,1,0,1,0,1,0,1,1,1,0,1,0,1,0,1,0,1,1,1,0,0,1,1,1,1,0,1,0,1,0,0.619245
1,1,1,0,1,1,1,0,1,0,0,0,1,0,0,0,0,0,1,0,1,1,1,0,1,0,0,1,1,0,0,0,0.598534
0,1,1,1,1,1,1,0,1,0,0,1,0,0,1,0,0,1,1,1,1,0,0,0,1,1,1,0,1,0,1,0,0.606241
1,1,0,1,1,0,0,1,1,1,1,0,1,1,0,0,1,0,0,1,1,0,0,1,0,1,1,1,1,0,0,0,0.599061
0,0,0,0,0,1,0,1,1,0,1,0,0,1,1,0,1,0,1,1,0,0,1,1,0,1,0,1,0,0,0,0,0.600291
0,1,0,0,1,0,0,0,1,1,1,1,1,0,0,0,1,0,0,0,0,1,0,0,1,0,0,0,1,1,1,0,0.607471
1,1,0,0,0,1,1,0,1,1,0,1,1,0,1,1,0,0,1,0,1,1,1,1,1,0,1,0,1,1,0,1,0.586835
0,0,1,0,1,0,1,1,0,1,0,0,1,1,0,1,1,1,0,1,0,1,0,0,1,1,1,0,1,1,1,0,0.606818
0,1,1,0,1,1,0,1,0,1,0,0,0,0,0,1,0,0,1,1,1,0,1,0,1,0,1,0,1,1,0,1,0.598835
1,0,1,1,1,1,0,1,0,1,1,1,1,0,0,1,0,1,0,1,0,0,1,1,0,1,1,0,1,1,1,0,0.586584
1,0,0,0,0,0,1,1,1,0,0,1,0,1,1,1,1,1,1,0,0,1,0,0,1,0,1,1,0,1,0,1,0.604860
0,0,1,0,1,1,1,0,1,0,0,1,0,1,1,0,0,0,0,0,0,1,0,0,1,1,0,1,0,1,0,1,0.589220
1,1,0,0,1,0,0,1,0,1,1,0,0,1,0,1,1,0,1,1,1,1,0,0,0,0,0,1,1,1,1,1,0.587488
1,0,1,0,1,0,0,0,1,0,0,1,0,1,1,0,1,0,0,1,0,0,1,1,1,1,1,0,0,1,0,1,0.609831
0,0,1,0,0,0,0,1,1,0,1,1,1,1,1,1,1,0,1,0,0,1,0,1,0,1,1,0,0,0,0,1,0.598810
1,1,0,1,1,0,1,1,1,1,0,1,0,1,0,1,1,1,1,0,0,1,1,1,0,1,0,1,0,1,0,1,0.596626
1,1,0,0,1,0,0,0,0,1,0,0,0,0,0,1,1,1,1,1,0,0,1,1,0,1,1,1,0,0,1,0,0.609027
0,0,0,0,0,1,0,0,1,0,1,1,0,1,0,1,0,0,0,1,1,0,1,1,1,0,1,1,0,1,0,1,0.584124
0,0,0,0,0,0,0,1,0,0,1,1,0,1,1,0,1,1,0,0,1,0,0,1,0,0,1,0,0,1,1,0,0.586835
0,1,0,1,0,1,1,1,0,0,0,1,0,0,1,1,0,1,0,1,0,1,0,0,1,0,1,1,1,1,0,0,0.608325
0,0,0,0,0,0,1,0,1,1,0,0,0,1,0,0,0,1,0,0,0,1,1,1,0,1,1,0,0,0,1,1,0.585455
0,1,1,1,1,0,1,0,1,0,1,0,1,0,1,1,1,0,1,0,0,0,0,1,1,1,1,0,1,0,0,0,0.590275
1,1,1,0,1,1,1,1,0,1,0,0,0,0,0,0,1,1,0,0,1,0,1,1,0,1,1,0,0,0,0,0,0.596827
1,1,1,1,1,0,0,0,1,1,0,1,1,0,0,1,1,0,0,1,1,1,1,1,1,0,1,1,1,0,0,1,0.588216
1,1,1,0,1,1,1,1,0,0,0,0,1,0,0,0,0,1,0,0,1,0,0,0,1,0,1,0,0,1,0,1,0.600718
0,1,0,0,0,0,1,1,0,0,1,1,0,0,1,1,1,0,1,0,1,1,1,0,1,0,0,1,0,1,0,0,0.590852
0,0,0,1,0,0,1,0,0,1,1,0,1,0,1,1,1,0,0,0,1,0,0,1,1,1,1,0,1,0,0,1,0.601069
0,0,0,0,1,1,1,1,1,0,0,0,0,0,0,0,0,1,0,0,1,0,1,1,1,0,1,0,0,0,1,1,0.577296
1,0,1,0,0,0,1,1,1,1,0,1,1,1,1,1,1,1,0,1,1,0,1,0,1,0,1,0,0,1,0,1,0.592710
0,0,0,0,1,0,1,1,0,1,0,1,0,0,0,0,0,1,0,1,1,1,0,0,1,1,0,0,0,1,1,0,0.556484
1,0,1,0,1,1,0,1,0,1,0,0,1,0,0,0,0,1,0,1,1,1,0,1,0,0,0,0,1,1,1,1,0.591806
0,0,0,0,0,0,0,1,1,0,1,0,0,1,1,1,1,1,0,1,1,1,1,1,1,1,0,0,0,1,0,0,0.588266
1,1,0,0,1,1,0,0,1,0,1,0,0,1,0,1,1,0,1,0,1,0,1,0,0,0,1,1,0,1,1,1,0.774564
0,1,1,0,0,1,0,0,1,0,0,1,0,1,0,0,0,0,1,1,0,1,1,1,1,1,1,0,1,0,0,0,0.600392
1,0,0,1,1,1,0,0,0,1,1,1,1,0,0,1,0,0,1,0,1,1,1,0,0,1,0,0,0,1,0,1,0.612015
1,0,0,1,1,0,1,1,1,1,0,1,0,0,1,1,0,0,0,1,1,0,1,0,1,0,1,0,1,0,1,1,0.579756
0,1,1,1,0,1,1,0,1,1,0,0,1,1,1,1,0,0,0,0,0,0,1,1,1,0,0,1,0,0,0,1,0.599463
0,1,1,1,1,1,0,1,1,1,1,0,0,0,1,1,0,0,0,0,1,0,0,0,1,1,1,0,0,1,0,0,0.599563
0,1,1,0,0,0,1,0,0,1,1,1,1,0,0,1,0,1,0,1,1,0,0,1,1,1,1,0,1,0,1,0,0.600969
1,0,0,1,0,1,0,1,1,0,0,1,0,0,0,0,1,0,0,1,1,1,0,0,0,1,1,0,0,1,1,0,0.606392
0,0,1,1,0,0,0,1,1,1,1,0,0,1,0,0,1,1,0,0,1,0,0,0,0,1,1,1,1,0,0,0,0.598760
0,0,1,1,1,1,0,0,0,0,1,1,0,1,1,1,1,0,1,0,0,1,1,0,0,0,1,0,0,1,1,0,0.605864
1,1,1,1,1,1,0,1,0,0,0,1,0,0,0,1,1,0,0,1,1,0,1,1,1,0,1,0,1,0,1,0,0.599413
1,1,1,0,0,0,0,1,0,0,1,0,1,0,1,0,0,1,1,0,1,0,1,0,0,1,1,0,0,0,0,0,0.602827
1,0,0,1,1,1,0,0,1,0,1,0,0,0,0,0,0,0,1,1,1,0,0,1,1,1,0,0,0,0,1,0,0.599915
1,0,0,0,1,1,0,0,0,1,1,0,0,1,0,0,0,0,1,0,1,0,0,0,1,1,0,0,1,0,1,1,0.616132
0,0,0,0,1,1,0,0,0,0,1,1,0,0,1,0,1,0,0,1,1,0,1,1,1,1,0,1,1,0,1,1,0.601320
1,1,1,0,0,1,1,0,1,0,0,0,0,0,0,1,1,0,0,0,1,0,0,1,0,0,1,0,0,1,0,0,0.623939
0,1,0,0,1,1,0,0,1,0,0,1,1,0,0,1,1,1,1,0,0,0,1,0,0,1,0,1,0,0,1,1,0.609881
1,1,0,0,0,0,0,0,0,1,1,1,0,0,0,1,0,0,1,0,1,0,0,0,0,1,0,0,0,1,1,0,0.623839
0,1,1,1,1,0,1,0,1,1,1,0,0,0,1,0,0,1,1,0,1,0,0,0,0,1,1,1,1,1,1,1,0.600944
1,0,1,1,1,1,1,1,1,1,1,1,0,1,1,1,1,1,0,0,0,0,1,1,0,1,0,1,1,0,1,0,0.589346
0,1,1,0,1,1,1,0,0,0,1,0,1,0,1,1,0,0,1,1,0,1,1,1,1,1,1,0,0,0,1,0,0.594191
1,1,0,1,0,0,1,1,1,0,1,1,0,0,1,0,0,0,0,0,0,0,1,0,0,0,0,0,1,1,1,1,0.601095
1,0,1,0,1,0,0,0,1,1,1,0,1,1,1,0,1,0,1,1,0,0,0,0,1,1,0,1,0,0,0,1,0.613270
0,1,1,1,0,0,1,0,1,1,1,1,1,0,0,1,1,0,1,1,1,0,0,0,0,0,0,1,1,1,1,0,0.586635
0,1,0,0,1,1,0,1,0,0,0,1,1,1,1,0,0,1,1,0,0,0,0,0,1,0,1,0,0,0,1,1,0.598333
1,1,1,1,1,0,1,1,1,1,1,1,0,0,0,0,0,1,0,0,0,0,0,1,1,0,1,0,1,0,1,0,0.589898
0,0,0,0,0,0,1,0,1,1,0,0,0,0,1,1,1,1,0,1,1,0,1,1,1,0,1,0,1,1,0,1,0.601095
1,0,0,0,0,0,1,1,1,1,0,0,0,0,0,1,0,0,1,0,1,1,1,1,0,0,1,0,1,0,1,1,0.590727
0,1,0,1,1,0,1,1,0,1,1,0,1,1,0,0,0,1,1,0,1,1,1,1,0,1,0,0,0,1,1,0,0.567731
0,0,0,1,0,1,0,0,1,1,0,0,1,0,1,0,0,1,0,0,1,1,1,0,1,0,0,0,1,1,1,0,0.599488
1,0,0,1,0,1,0,1,1,1,1,0,0,0,1,0,1,1,1,1,1,1,1,0,0,1,0,0,0,1,1,0,0.606291
1,1,1,1,1,0,0,0,1,1,1,1,0,0,1,1,1,0,0,1,1,1,0,0,1,0,0,1,1,0,1,0,0.601095
0,0,1,0,1,1,1,1,1,1,0,0,0,1,0,0,0,0,0,0,0,1,1,1,1,0,1,1,1,1,1,0,0.579605
0,0,0,1,1,1,1,1,1,1,0,0,1,1,1,0,0,1,1,1,0,0,1,0,1,0,0,1,0,1,0,0,0.618115
0,0,0,1,1,0,1,0,1,0,1,0,1,0,0,1,0,1,0,1,0,0,1,1,1,0,0,0,1,0,0,0,0.599387
0,1,0,0,0,1,1,0,1,0,1,1,0,0,1,0,1,0,0,1,0,1,0,1,0,1,1,1,1,1,1,1,0.601145
0,1,0,0,0,0,1,0,1,0,1,1,0,0,1,1,0,1,0,0,0,0,0,0,0,0,1,1,0,1,0,1,0.592283
0,0,0,1,0,0,0,0,0,0,0,0,0,1,0,1,0,0,0,1,0,1,1,0,1,0,1,0,1,1,0,0,0.540468
0,1,0,1,1,0,0,0,1,0,1,0,1,0,0,1,0,1,1,1,0,1,1,0,1,1,0,1,1,1,0,1,0.597003
0,1,0,0,0,1,1,0,0,1,1,0,1,1,1,1,0,0,0,1,1,0,0,1,0,0,1,1,1,1,0,0,0.596099
0,0,0,1,1,0,0,1,1,1,1,0,1,1,0,0,0,1,0,1,1,0,1,0,0,0,1,0,0,0,1,0,0.580760
1,1,0,1,0,0,0,1,1,0,0,1,1,1,0,0,1,0,1,1,0,1,1,0,1,1,1,1,1,1,0,0,0.596074
0,0,1,0,1,1,1,1,0,1,1,1,1,1,1,1,1,1,0,0,1,1,0,1,0,0,1,0,0,1,1,0,0.594517
1,0,1,0,1,1,0,1,1,0,0,0,0,0,1,0,0,1,1,1,1,0,0,1,0,1,1,0,1,1,1,1,0.593814
1,1,1,0,0,0,1,1,1,0,0,1,1,1,0,1,0,0,1,0,0,0,0,1,0,1,1,1,0,1,1,0,0.595823
1,0,0,0,1,1,1,0,1,1,1,1,0,1,0,1,1,1,0,0,1,0,1,1,1,1,0,1,1,1,0,1,0.586710
0,1,0,0,1,1,1,1,1,0,1,1,0,0,0,0,1,0,0,0,0,0,1,1,1,0,1,0,1,0,1,1,0.546267
1,1,1,1,1,1,1,1,0,1,0,1,0,1,1,0,0,0,0,1,1,0,1,0,1,1,0,1,0,1,0,0,0.604860
1,1,0,0,0,0,1,1,1,0,0,0,0,0,0,0,1,0,1,0,1,0,0,1,1,1,0,0,0,0,0,1,0.606241
0,1,0,0,0,1,1,0,1,1,0,1,1,1,0,1,0,0,0,1,1,0,0,1,1,1,1,1,1,1,1,1,0.549631
0,0,0,0,1,0,1,1,0,1,1,1,0,0,1,0,1,0,1,0,0,0,1,1,0,1,0,1,1,0,0,1,0.594116
1,0,1,1,1,1,1,1,1,0,1,0,0,0,1,0,0,1,1,1,1,1,1,1,0,1,1,0,0,0,1,1,0.597354
1,1,0,1,0,0,0,1,1,1,0,0,0,0,0,1,0,1,0,1,1,0,1,0,1,1,1,0,0,0,0,1,0.605036
1,1,0,1,1,1,0,0,1,0,0,0,0,0,0,1,1,0,1,1,0,1,1,1,1,1,0,1,1,1,0,0,0.589045
1,1,0,1,0,1,1,0,1,0,1,0,0,0,1,1,1,1,1,1,0,0,1,1,0,0,0,1,1,1,1,1,0.557438
0,0,1,0,0,1,0,1,1,1,1,1,1,1,0,0,1,1,0,0,0,1,0,0,1,0,0,0,1,1,0,1,0.592584
0,0,0,1,1,0,0,0,0,1,0,0,1,0,0,1,1,0,1,0,1,0,0,1,1,0,0,0,0,1,1,1,0.607722
1,1,1,1,0,0,1,1,1,0,1,0,0,1,1,1,1,0,0,1,0,1,1,0,0,0,0,1,1,0,0,1,0.607672
0,0,0,0,0,1,0,0,1,0,1,1,0,0,1,1,1,1,1,0,1,1,1,1,0,1,1,0,1,0,1,0,0.611488
1,1,1,1,0,1,1,1,1,0,1,0,0,1,1,0,0,1,0,1,1,1,0,0,1,1,1,1,0,0,1,0,0.600517
0,0,1,0,1,0,0,1,1,1,0,1,1,0,1,0,0,0,1,0,0,0,1,0,1,1,1,0,1,0,0,1,0.602927
0,1,0,1,0,0,0,0,1,1,1,0,1,1,1,1,0,1,1,0,1,0,1,1,1,0,1,0,1,1,1,1,0.561104
0,0,0,0,1,1,1,0,1,0,1,1,0,1,0,1,0,0,1,0,0,0,1,0,1,1,0,1,1,1,1,0,0.599312
1,0,1,1,1,0,1,1,0,1,0,1,0,1,1,0,1,0,0,0,1,1,1,1,1,0,1,0,0,1,0,1,0.583973
0,1,1,1,1,0,1,1,0,1,0,1,0,0,0,1,0,1,0,1,1,1,0,1,0,1,0,0,0,1,0,1,0.609203
1,0,0,0,0,1,1,0,1,1,0,0,1,0,0,0,1,1,0,1,1,0,1,0,1,1,0,0,1,1,1,1,0.610458
1,1,0,0,0,1,0,1,0,1,0,0,1,1,1,1,0,1,1,1,1,0,1,0,0,1,1,0,1,0,0,1,0.600040
1,0,1,0,1,0,0,1,0,1,1,0,1,1,0,0,1,1,0,0,1,0,1,0,1,1,0,0,1,1,0,1,0.599312
0,1,0,0,0,1,1,1,1,1,1,0,1,0,0,1,0,1,0,0,1,1,1,0,1,0,0,1,0,1,0,0,0.592584
0,0,1,1,1,0,0,1,0,1,1,0,1,0,1,0,1,1,0,1,1,0,1,0,1,0,0,0,1,1,0,0,0.605011
0,0,1,0,1,0,0,0,1,0,0,1,1,1,0,1,1,0,1,0,1,0,0,0,0,0,0,1,1,1,0,0,0.596199
1,1,0,1,1,0,1,0,0,1,0,0,1,1,0,1,1,1,1,0,0,1,0,1,1,0,0,0,1,0,0,0,0.613044
0,0,0,1,1,1,1,1,0,1,1,1,0,1,0,1,1,1,0,1,0,1,0,0,1,0,0,0,0,0,1,1,0.603605
0,0,1,1,0,0,1,0,0,1,0,0,0,0,1,1,1,1,0,0,0,1,0,1,0,0,0,0,0,1,0,1,0.596977
1,1,1,0,0,1,0,1,0,0,1,0,0,1,1,0,0,1,0,1,0,1,1,0,1,0,0,1,1,1,0,1,0.600517
1,1,0,0,0,1,1,0,1,0,1,1,1,1,1,1,0,1,0,1,0,1,0,1,1,0,0,0,1,0,0,1,0.599387
1,0,1,0,0,0,0,1,0,1,1,0,1,0,1,0,1,1,0,0,1,1,0,0,1,0,1,0,1,0,0,1,0.605689
0,1,1,0,1,0,0,0,1,0,1,1,0,0,0,1,1,0,0,1,1,0,1,0,1,1,0,0,1,0,0,1,0.605237
0,0,1,0,0,1,1,0,1,0,1,1,0,1,1,0,1,1,1,0,0,1,0,0,0,1,0,0,1,0,0,0,0.600818
1,1,0,1,1,1,0,0,0,1,0,1,0,0,1,0,0,1,1,1,1,0,0,0,0,1,0,1,0,1,1,0,0.605011
0,1,0,0,1,1,1,0,0,1,0,1,0,0,0,0,1,1,1,0,0,0,0,0,1,1,1,0,1,1,1,0,0.600266
0,0,0,1,0,0,1,1,1,0,0,1,1,1,0,0,0,0,0,1,1,0,0,1,0,1,0,0,1,1,1,0,0.600090
1,0,0,0,1,1,0,1,1,0,1,0,1,1,1,0,0,0,1,0,1,1,0,0,1,1,1,0,0,0,0,1,0.606668
0,0,0,1,1,0,0,0,0,0,0,1,0,0,1,0,1,0,0,1,0,0,1,1,0,0,0,1,0,1,1,0,0.572601
0,1,0,1,1,0,0,1,1,0,1,1,1,0,1,0,1,1,0,1,0,0,1,1,0,0,0,0,1,1,0,0,0.596601
1,1,0,1,1,1,0,1,1,0,0,1,0,1,0,1,0,0,1,0,0,0,1,1,1,1,0,0,1,1,1,0,0.595270
0,1,1,1,1,1,1,0,0,1,0,0,0,1,0,1,1,0,1,1,0,1,0,1,1,1,0,0,1,0,0,0,0.604182
0,0,1,0,0,1,1,1,1,1,0,0,1,1,0,0,0,1,1,1,1,1,1,0,1,0,1,0,1,1,0,1,0.597228
0,0,0,0,0,1,1,1,0,1,1,1,0,0,0,1,0,0,1,0,0,1,0,0,1,1,1,1,0,1,0,1,0.572551
1,0,1,1,0,0,0,1,1,0,0,1,0,0,1,1,0,1,0,0,1,0,0,0,1,1,1,0,1,0,0,0,0.603530
0,0,0,0,1,0,1,1,0,0,1,1,1,1,0,1,0,0,0,1,0,1,1,1,1,1,0,0,0,0,0,1,0.566878
1,1,1,0,0,1,0,0,1,1,1,1,1,1,0,1,0,1,0,0,1,1,0,1,1,1,0,1,1,0,0,1,0.591505
1,1,1,0,0,0,1,1,0,0,1,1,0,0,0,1,1,0,0,0,1,0,0,0,0,1,1,1,0,0,1,1,0.613446
1,0,0,1,1,1,0,1,0,0,0,0,0,1,0,0,0,0,1,1,1,0,0,0,1,0,0,0,0,1,1,1,0.581789
0,1,0,0,1,1,1,1,1,1,1,1,0,1,1,0,0,0,1,0,0,0,1,1,0,1,0,0,1,1,0,0,0.596626
0,0,1,0,1,1,1,1,0,1,0,1,0,0,0,1,1,0,1,1,0,1,0,0,1,1,0,0,0,0,1,1,0.605362
0,1,0,0,1,0,1,1,0,1,0,1,0,0,0,0,0,1,1,1,1,0,1,0,0,0,1,0,1,1,1,1,0.596676
1,1,0,0,0,0,1,0,1,0,0,1,1,0,0,1,1,0,0,1,1,0,1,0,0,0,0,0,0,1,0,1,0.626701
0,0,1,0,0,1,1,1,1,0,0,1,0,1,0,0,1,0,1,0,0,0,0,1,0,0,0,0,1,1,0,1,0.593111
1,1,1,0,0,0,0,1,0,0,0,0,0,1,1,1,0,1,1,1,0,0,1,0,1,0,0,0,0,0,1,0,0.602049
1,0,0,0,0,1,0,1,0,0,0,0,1,1,1,0,0,0,0,0,0,0,1,1,1,1,1,0,1,0,0,1,0.607170
1,1,0,0,0,0,0,0,1,0,0,0,0,0,1,0,1,1,0,1,1,0,1,1,1,1,0,1,1,0,0,0,0.613622
0,0,0,1,1,1,1,1,0,0,1,0,1,0,1,0,0,1,0,1,1,1,1,0,1,1,0,1,0,1,1,0,0.589747
1,0,0,0,0,0,1,1,1,1,0,0,1,1,1,1,1,0,0,0,0,1,1,0,0,1,0,0,1,1,0,0,0.580534
1,0,0,1,1,0,1,0,0,0,0,0,1,1,0,1,1,0,0,0,1,0,1,0,1,1,0,0,0,0,1,0,0.602802
0,0,0,1,1,0,1,1,1,1,0,0,1,1,1,1,0,1,1,1,0,0,0,1,1,0,0,1,0,0,0,1,0.606818
1,1,0,0,0,1,1,0,1,1,0,1,1,0,1,0,0,0,0,0,1,0,0,0,1,0,0,0,0,1,0,1,0.603078
0,0,1,0,1,1,1,1,1,1,0,1,1,0,1,1,1,0,1,0,1,0,0,1,0,0,1,0,0,0,1,1,0.585731
0,0,1,1,0,1,0,0,1,1,0,0,1,1,0,0,1,0,1,0,1,1,0,0,0,0,0,0,1,1,1,1,0.581112
1,1,1,1,0,1,0,1,1,1,0,0,1,1,0,0,0,1,0,1,0,0,1,0,1,1,0,0,1,1,1,1,0.602325
1,0,1,1,0,1,1,0,0,1,0,0,0,1,0,0,1,0,0,0,0,0,0,1,0,1,1,0,1,0,1,0,0.597605
1,0,1,1,0,1,0,1,1,0,1,1,0,0,1,0,0,0,0,1,0,0,1,1,0,0,1,1,1,1,0,1,0.596375
0,0,0,0,1,0,1,1,0,1,1,0,1,1,1,0,1,1,0,0,0,1,0,1,0,0,0,1,1,0,0,0,0.589120
0,0,0,0,1,0,0,0,0,1,1,1,0,1,1,1,0,0,0,1,0,0,0,0,0,1,1,1,0,1,0,1,0.566978
1,0,0,0,0,0,0,0,0,0,1,1,1,0,1,1,0,0,1,0,1,1,1,1,1,0,1,0,1,0,0,0,0.611889
1,0,1,1,0,1,1,1,1,0,0,0,1,1,0,1,0,0,0,1,0,1,0,1,0,1,0,1,1,0,1,1,0.551162
0,0,0,0,1,0,0,1,1,0,0,0,0,0,0,0,1,1,1,0,0,0,0,0,1,1,1,0,1,1,1,1,0.615705
0,1,0,1,1,0,1,0,1,0,0,0,1,0,0,0,0,0,1,1,0,0,1,0,0,0,1,1,1,1,1,0,0.599764
0,1,1,0,0,1,1,1,1,1,1,0,1,1,1,0,0,0,0,0,1,0,1,1,1,0,1,1,1,1,0,0,0.597480
0,1,0,1,0,1,1,0,1,1,1,0,1,0,0,1,0,0,1,0,0,0,1,0,0,0,1,0,0,1,1,1,0.594040
1,0,1,0,1,0,0,0,1,1,1,1,1,0,1,0,1,1,0,0,1,0,1,0,0,0,1,0,1,1,0,0,0.605664
1,1,1,0,0,1,0,0,0,1,1,0,1,1,0,0,0,1,1,0,1,1,0,0,0,0,1,0,1,1,1,0,0.607647
1,0,1,1,1,0,1,0,1,0,0,0,0,0,1,1,1,0,0,1,0,0,1,0,1,0,1,0,0,0,0,0,0.598685
1,0,1,1,1,0,0,0,1,0,1,0,0,1,0,0,1,0,1,0,1,0,1,1,1,0,1,1,1,1,0,0,0.612818
1,0,1,1,0,0,1,0,1,1,1,0,0,1,0,1,1,0,0,0,1,0,0,0,1,1,1,1,0,1,0,1,0.601346
0,0,0,1,1,0,0,1,1,1,0,0,0,1,0,1,1,1,0,0,0,1,0,0,0,1,1,0,0,0,0,1,0.604107
1,1,0,1,0,1,1,0,0,0,1,1,1,0,0,0,1,1,1,1,1,0,1,0,1,1,1,0,1,0,1,0,0.619320
0,0,1,0,0,0,1,0,0,1,1,0,1,1,0,0,1,1,0,0,0,1,1,1,1,0,1,1,0,0,1,0,0.598283
0,0,0,1,1,0,1,1,1,1,0,0,0,1,0,0,1,0,0,0,0,1,0,0,0,1,1,1,1,0,1,0,0.598182
1,1,0,1,1,1,0,1,0,0,0,1,1,0,1,0,1,0,1,0,0,1,1,1,1,1,1,0,0,0,1,1,0.599588
1,0,0,0,0,0,0,1,1,0,0,0,1,0,0,1,0,0,0,1,0,0,0,1,0,0,0,0,1,0,1,1,0.588593
1,0,0,1,0,1,0,1,0,1,0,0,1,0,1,0,0,1,0,0,1,1,0,1,1,1,0,1,0,0,0,1,0.591982
0,0,0,0,1,0,0,1,1,0,0,1,0,1,0,1,1,1,0,1,1,1,0,0,0,0,0,0,1,0,0,0,0.597806
1,1,0,1,0,1,1,0,0,0,1,0,1,0,1,1,1,1,1,1,1,0,1,1,1,0,1,0,1,1,0,1,0.583321
0,0,0,0,1,0,1,0,1,0,1,0,0,0,1,1,1,0,0,0,0,1,1,1,1,1,0,0,0,1,1,1,0.602525
1,1,1,1,0,0,0,1,1,1,0,1,1,1,1,0,1,1,1,0,0,0,1,0,1,1,1,1,0,1,1,1,0.591881
0,0,0,1,0,0,1,1,1,1,1,1,0,1,1,0,1,0,1,1,0,1,1,0,1,0,1,1,0,0,1,0,0.601245
1,0,0,1,1,0,0,0,1,1,1,0,1,1,0,0,1,0,1,1,1,1,0,1,0,1,1,1,0,1,0,1,0.610935
0,0,0,0,0,0,1,1,1,1,1,1,1,1,1,1,0,1,0,1,1,0,0,1,1,0,1,1,1,0,1,0,0.585455
0,1,1,0,0,1,1,0,0,0,1,0,1,1,0,0,0,0,1,0,0,0,0,1,1,1,1,1,0,0,0,0,0.601973
0,1,0,0,0,0,1,0,1,1,0,0,0,1,1,0,0,1,1,1,0,0,0,0,0,0,0,1,0,1,0,0,0.602952
0,1,0,0,1,1,1,0,1,0,1,0,0,0,1,0,1,1,1,0,0,1,0,0,1,0,1,1,0,0,0,0,0.600768
1,1,1,0,1,0,0,0,0,1,0,0,0,0,1,1,0,1,0,1,0,1,1,0,0,1,1,1,1,1,0,0,0.600768
1,1,1,0,1,1,0,0,1,1,1,1,1,0,0,1,0,0,1,1,0,0,1,1,1,0,1,1,1,0,0,1,0.591806
1,0,1,1,1,1,1,1,1,1,0,0,0,1,1,0,1,0,0,1,0,1,0,1,0,1,1,0,1,0,0,0,0.604484
0,1,1,1,1,1,1,0,0,1,1,0,1,1,0,0,0,1,1,0,1,1,0,0,0,1,0,0,1,0,1,0,0.602977
1,0,1,1,0,1,0,0,0,1,0,1,0,0,0,0,0,0,1,0,1,0,0,1,1,1,0,0,1,1,0,1,0.600241
1,0,0,1,1,1,0,1,0,0,1,0,0,0,1,1,1,0,0,0,0,1,0,1,1,1,1,1,1,0,0,0,0.593513
1,0,0,0,1,0,1,0,0,0,0,0,1,1,1,1,1,1,0,0,1,1,1,1,0,0,0,0,1,1,0,0,0.555882
0,0,1,1,0,0,1,1,0,0,0,0,1,1,1,1,0,0,1,0,1,0,0,0,1,1,0,1,0,1,1,0,0.584300
0,0,0,0,1,0,0,0,1,0,0,1,1,1,1,1,0,0,1,1,0,1,0,1,1,1,0,0,0,0,0,0,0.601195
1,1,0,0,0,1,1,0,1,0,1,0,1,1,0,1,1,1,1,0,0,1,0,1,0,1,1,1,0,0,0,0,0.609329
0,0,0,1,0,1,0,1,1,1,1,1,1,0,1,1,1,1,1,0,1,0,1,0,1,1,1,1,1,1,1,1,0.561606
0,0,1,1,0,0,1,1,0,0,1,0,1,0,1,0,1,1,0,1,1,0,0,1,0,1,1,1,1,0,1,0,0.592710
0,0,0,1,1,0,1,1,1,1,1,0,1,0,0,1,0,1,1,1,0,0,1,1,0,1,0,0,1,0,1,1,0.552242
1,0,0,1,1,1,1,0,0,1,1,1,0,0,1,0,0,0,1,0,1,1,0,0,0,0,1,0,0,1,0,1,0.612517
0,0,1,1,0,1,1,0,1,1,1,0,1,1,0,1,0,1,0,0,1,1,1,1,0,1,1,0,1,0,0,1,0.593789
0,1,1,0,1,1,0,1,0,0,1,0,0,1,1,0,1,1,0,0,1,1,1,0,0,1,0,0,0,1,1,1,0.593337
0,1,0,1,1,1,1,0,0,1,0,0,1,0,0,0,0,0,1,1,0,0,1,0,0,0,1,1,1,1,1,1,0.594367
0,0,0,1,1,0,1,1,1,1,1,1,1,0,1,0,0,0,1,1,1,1,0,0,1,0,0,1,1,1,1,0,0.597254
0,0,1,0,1,1,1,1,1,0,0,0,0,0,1,1,1,0,1,1,0,0,1,0,1,1,1,0,0,0,0,1,0.597153
0,1,0,1,0,1,0,0,1,1,0,1,0,0,1,0,0,0,0,0,0,1,0,0,0,1,1,0,0,1,0,0,0.583220
0,0,1,1,0,1,0,0,1,0,1,0,0,1,1,1,1,0,0,0,0,1,1,0,1,0,0,0,0,1,1,1,0.589522
1,1,1,0,1,1,1,0,0,1,0,0,1,0,0,1,0,0,0,1,1,0,0,1,0,1,1,1,0,1,1,1,0.598885
1,0,1,1,1,1,0,0,1,0,1,1,0,1,0,0,0,0,1,1,1,0,0,0,1,1,1,1,1,0,0,1,0.599588
0,0,0,0,0,1,0,1,0,0,1,0,1,0,1,0,0,0,0,0,0,0,0,1,0,1,0,1,0,0,1,0,0.544736
0,0,0,0,0,1,1,0,0,0,1,0,0,0,0,0,0,0,0,0,0,0,1,0,0,1,1,1,0,0,1,1,0.557463
0,0,1,1,0,1,0,1,1,0,0,1,1,1,1,1,0,0,1,0,1,0,1,1,0,0,0,1,1,1,1,1,0.539288
1,1,1,0,0,1,1,1,1,0,1,1,0,1,1,1,1,1,1,0,0,0,1,1,0,0,1,0,0,1,0,0,0.605036
1,1,1,1,1,1,0,1,1,0,0,0,1,1,0,0,1,0,0,0,1,0,1,1,1,1,1,0,1,0,0,0,0.595747
1,1,1,0,1,0,1,0,1,0,1,0,1,1,0,0,0,1,0,0,0,1,0,0,0,0,1,0,1,1,0,0,0.584877
1,0,0,1,1,1,0,0,1,0,0,0,1,1,1,1,1,0,0,0,1,1,0,0,1,1,0,1,1,1,1,1,0.580384
0,1,0,1,0,0,0,1,0,0,0,0,0,1,1,1,0,0,0,1,1,0,1,0,0,0,1,0,1,0,0,1,0.610458
1,1,0,1,1,0,1,1,1,1,0,1,0,1,1,0,0,1,0,1,1,1,1,0,1,1,1,1,0,0,0,1,0.601722
1,0,1,0,1,1,1,0,0,1,0,0,0,0,0,0,0,0,0,0,1,1,1,0,0,0,1,0,0,1,0,0,0.608525
0,1,1,0,0,0,0,0,0,0,0,1,0,0,1,0,1,1,1,1,1,0,0,0,1,1,1,1,0,1,0,0,0.594116
0,1,0,0,0,1,0,0,0,0,1,1,0,1,0,0,0,0,1,1,0,1,1,1,1,1,0,1,1,1,0,1,0.588015
1,0,1,0,0,1,1,0,1,1,0,0,0,1,0,0,1,1,1,1,1,1,1,1,1,1,0,1,0,0,0,0,0.615002
1,0,1,1,1,1,0,1,0,1,1,1,0,1,1,0,1,0,1,0,1,0,1,0,0,1,0,1,0,1,1,0,0.596952
0,0,0,1,1,1,0,0,1,1,1,0,0,0,1,0,1,0,0,1,0,0,0,0,1,1,1,1,1,1,0,0,0.593613
0,0,1,1,1,1,1,0,1,0,1,0,0,1,1,1,0,0,1,0,1,1,1,1,0,1,0,0,1,1,0,1,0.544083
1,1,1,0,1,0,1,1,1,1,1,0,0,1,1,0,1,0,1,0,0,0,0,0,1,1,1,0,1,1,1,0,0.601195
1,0,1,1,1,1,0,0,1,1,1,1,1,1,1,1,0,1,1,1,1,1,0,1,0,0,0,0,1,1,0,1,0.574710
0,1,1,0,1,0,0,1,0,1,0,1,0,1,0,1,1,1,1,0,0,0,1,1,0,0,1,1,1,1,0,0,0.601797
0,0,0,0,0,0,1,1,0,1,1,1,1,1,1,0,1,1,1,1,1,0,1,1,1,0,1,1,0,1,1,1,0.572852
0,1,0,0,1,0,0,0,1,0,1,1,1,0,1,1,0,1,0,1,1,1,0,1,1,1,1,0,1,0,0,0,0.600643
1,0,1,1,1,0,1,0,1,1,1,1,1,1,1,1,0,0,0,0,0,0,1,1,1,0,0,1,1,0,1,1,0.563413
0,0,0,0,1,0,0,1,0,1,1,1,0,1,1,1,1,1,1,1,0,1,0,1,0,1,1,0,1,0,0,0,0.603128
1,1,0,0,0,1,1,1,1,1,1,1,0,1,1,0,0,1,1,0,0,1,1,0,1,1,0,0,1,1,1,1,0.581538
0,1,1,1,1,1,1,0,1,1,0,0,0,1,0,1,0,0,1,1,0,0,0,0,0,0,0,1,0,0,0,1,0.612191
0,0,0,1,0,0,1,0,1,0,1,1,0,1,1,0,0,1,1,0,1,0,0,1,1,1,0,0,0,1,1,0,0.584877
0,1,1,0,0,0,0,0,0,0,0,0,1,0,1,1,1,0,1,0,0,0,0,1,1,0,1,1,1,0,0,0,0.596425
0,0,0,0,0,0,0,0,1,0,0,0,1,0,1,1,1,0,0,0,0,0,0,1,0,0,1,1,1,0,0,1,0.596601
1,1,1,0,0,0,0,0,0,1,0,0,0,1,0,0,1,0,1,1,1,0,0,1,1,0,0,1,1,1,0,1,0.606417
1,0,0,0,1,0,0,0,0,1,0,1,1,0,0,0,1,1,1,0,1,1,1,1,0,0,1,1,0,1,0,1,0.622433
1,0,1,0,1,0,0,1,0,1,0,0,1,0,0,1,1,1,1,1,1,1,1,1,0,0,1,0,0,1,1,0,0.600040
1,0,0,0,1,1,0,1,1,1,0,1,0,1,1,0,0,0,1,1,1,1,0,1,1,0,0,1,0,0,1,1,0.599789
0,1,1,1,0,0,0,1,1,0,1,0,0,1,0,0,1,1,1,1,0,1,1,1,0,0,0,0,1,1,1,1,0.566225
0,0,1,0,0,1,1,1,0,1,1,1,0,1,1,0,0,0,0,0,1,0,0,0,1,0,1,0,1,1,1,1,0.575764
0,1,1,0,1,1,0,0,0,1,0,1,1,0,0,1,0,1,1,1,1,0,0,1,0,0,0,1,0,1,1,0,0.606869
1,0,1,0,1,1,1,1,0,1,0,1,0,1,0,0,0,0,1,1,0,0,0,0,1,0,0,0,0,0,0,0,0.612266
0,0,1,1,0,0,1,1,1,1,0,0,1,0,1,1,0,0,0,1,1,1,1,1,0,0,1,0,0,0,0,0,0.606693
1,1,0,1,0,0,0,0,1,1,1,0,0,1,0,0,1,0,0,0,1,1,1,1,0,1,0,1,0,1,1,0,0.612969
1,1,1,0,1,1,1,1,0,0,1,1,0,0,1,1,1,0,1,1,0,0,0,0,0,0,1,0,1,0,0,1,0.603454
1,1,0,1,1,1,1,0,1,1,0,0,1,0,1,1,0,0,0,1,0,1,1,1,0,0,1,1,0,1,1,0,0.584250
1,0,1,0,0,0,0,1,1,1,1,1,0,1,0,0,1,1,1,0,0,1,0,0,1,0,0,1,0,0,1,0,0.597555
1,1,0,1,1,0,0,1,1,1,0,1,1,0,0,0,1,1,1,0,0,0,0,1,0,0,0,1,0,1,0,1,0.609479
0,1,1,0,1,0,0,0,1,1,0,0,1,0,1,0,1,0,0,1,0,1,0,1,0,1,0,1,0,1,0,1,0.611889
0,1,1,0,1,1,0,0,1,0,1,0,0,1,1,0,1,1,0,1,0,1,0,1,0,1,0,0,1,1,1,1,0.591856
1,1,0,0,1,1,0,0,1,1,0,1,0,1,0,1,0,0,1,0,1,0,1,1,1,1,0,1,0,1,1,1,0.606617
1,0,0,0,1,1,0,0,1,1,0,0,1,0,1,1,0,1,1,0,1,0,0,0,1,0,1,1,0,0,0,0,0.604157
0,1,1,1,1,0,0,1,1,1,1,1,1,1,1,0,1,1,1,1,0,0,0,0,1,1,1,0,0,0,0,1,0.600944
1,1,1,1,0,1,1,0,0,0,1,1,0,1,0,0,1,1,1,0,1,0,0,1,0,0,0,1,0,1,0,1,0.630266
0,1,1,1,0,1,1,1,1,1,1,1,1,0,1,0,1,1,1,1,0,0,1,0,0,1,0,0,1,1,1,0,0.607898
1,0,1,1,1,0,0,0,1,0,0,0,1,0,1,0,0,1,1,1,1,1,0,0,1,1,1,1,1,0,0,0,0.600768
1,0,1,0,1,0,1,0,1,0,1,0,0,1,1,1,0,0,0,0,1,1,0,0,1,1,1,1,1,0,1,1,0.602601
1,0,1,1,1,1,0,0,1,1,1,0,0,1,1,0,1,1,0,0,1,0,0,1,0,0,0,1,1,0,1,1,0.611262
1,0,0,0,1,0,1,1,0,0,1,1,1,0,0,1,0,0,0,1,0,1,1,0,0,1,0,0,0,1,0,1,0.613923
1,0,0,0,1,1,1,0,1,1,0,0,0,0,0,0,1,0,0,0,1,1,1,0,0,0,0,0,1,1,1,0,0.589170
0,0,0,1,0,0,0,0,1,0,0,1,0,1,0,0,0,0,1,1,1,1,0,1,1,1,1,0,1,1,1,1,0.592986
0,0,0,0,0,0,1,1,1,1,1,1,0,1,0,1,0,0,0,1,0,0,1,0,1,0,0,0,0,1,1,1,0.588668
1,0,0,0,0,1,1,1,1,0,0,1,1,1,1,0,0,1,0,0,1,1,0,0,1,0,1,0,1,0,0,1,0.591153
0,1,0,0,0,0,1,1,1,0,0,0,1,1,1,1,0,1,0,0,1,1,0,0,0,1,1,0,1,0,0,0,0.597178
1,0,1,1,1,1,0,0,0,0,0,1,0,1,1,0,0,1,0,1,0,1,1,0,0,1,1,0,1,1,0,0,0.608299
1,1,1,0,1,0,1,0,1,0,1,1,0,1,1,1,1,0,1,0,1,1,1,1,1,1,0,0,0,0,1,1,0.607546
0,1,1,0,0,0,1,1,1,0,0,1,0,0,1,1,1,1,0,1,1,1,0,1,0,1,0,0,1,1,0,0,0.598032
1,0,0,1,0,1,0,0,1,0,1,1,1,0,1,0,1,0,1,1,0,1,0,1,1,0,1,0,1,0,1,0,0.600567
1,0,0,1,0,1,1,1,1,1,0,0,1,1,0,1,0,0,0,1,1,0,0,0,0,1,0,1,0,1,0,1,0.610785
1,0,1,1,0,1,0,1,1,1,0,1,1,1,1,0,1,0,1,1,0,0,1,1,0,1,0,1,0,0,0,1,0.605990
1,1,0,1,0,1,1,1,1,1,0,0,0,0,0,0,1,0,1,1,0,0,1,1,0,1,0,0,1,0,0,0,0.608199
1,0,0,0,1,1,0,0,0,0,1,0,1,1,1,1,1,1,0,0,0,0,0,0,0,0,1,0,0,1,1,1,0.613923
0,1,1,1,1,1,0,1,0,1,1,0,1,0,0,1,0,1,1,0,0,1,0,0,0,1,1,0,1,1,0,1,0.599689
1,1,0,0,1,1,1,0,0,1,0,0,0,0,1,0,0,0,1,1,0,1,1,1,0,0,0,1,1,1,0,0,0.607195
1,1,0,0,1,1,0,1,0,0,0,1,0,1,1,1,0,0,1,0,0,0,0,1,0,1,1,1,1,1,0,0,0.605714
1,0,1,0,1,1,0,0,0,0,1,1,0,1,1,0,1,1,1,0,1,0,1,1,0,1,0,0,0,1,0,1,0.611387
0,0,0,1,0,1,1,0,1,0,1,0,1,1,1,1,1,1,1,0,0,1,0,1,0,1,0,1,0,1,1,0,0.599187
0,0,1,1,0,1,0,0,1,0,1,0,1,0,0,0,0,1,1,1,0,0,1,1,0,1,0,0,1,0,1,1,0.602350
0,0,0,0,1,1,0,0,1,0,0,1,1,1,1,0,1,1,1,1,1,1,1,1,0,1,0,0,0,1,0,1,0.597731
0,1,0,1,1,1,0,1,1,0,0,0,1,0,1,1,1,0,1,0,1,1,1,0,1,1,1,1,0,1,0,1,0.587915
0,0,0,0,0,0,0,1,0,1,0,1,0,0,1,0,1,1,1,1,0,0,0,1,0,1,0,1,0,1,1,1,0.590852
0,1,1,1,1,0,0,0,0,0,0,1,0,0,0,0,1,0,0,1,0,0,0,0,1,0,1,1,0,1,0,1,0.606316
0,1,1,1,0,1,0,0,1,0,0,1,0,1,0,0,0,0,1,0,0,0,1,1,0,1,1,0,0,1,0,1,0.603404
0,1,1,0,1,0,0,1,0,0,1,0,1,0,0,0,1,1,0,0,0,0,1,1,1,1,1,1,1,1,0,0,0.601446
1,0,1,0,1,0,0,0,0,1,0,0,0,0,1,1,0,0,0,1,1,1,0,0,0,0,1,1,0,1,0,0,0.614450
1,1,0,1,0,0,0,1,0,0,0,0,0,1,1,1,1,1,1,1,0,1,1,0,1,1,1,1,0,1,0,0,0.606869
1,1,0,1,1,0,1,1,1,1,1,1,0,0,0,1,0,1,0,1,1,0,1,0,1,0,0,1,0,0,1,0,0.599613
0,1,0,1,1,0,1,1,0,0,0,1,0,0,0,0,0,1,1,0,1,0,0,1,1,0,1,0,0,1,0,0,0.591655
1,0,0,1,1,0,1,0,1,0,1,1,0,1,0,1,0,0,1,0,0,0,1,0,1,1,1,1,1,0,0,0,0.580660
1,1,1,0,0,0,1,0,0,1,0,0,0,0,0,0,1,0,0,1,0,0,0,0,0,1,0,0,0,1,1,1,0.629111
1,0,1,0,0,1,1,0,0,1,0,0,1,1,0,0,0,0,0,1,1,1,0,0,1,0,0,0,1,1,1,0,0.592685
0,1,1,1,0,1,0,1,0,1,0,0,1,0,1,0,0,1,1,0,1,0,1,1,1,0,1,1,0,1,0,0,0.606969
0,0,1,1,1,0,1,1,1,0,1,0,1,1,1,0,0,0,0,0,0,0,1,0,1,1,1,1,0,0,1,1,0.559422
0,1,0,1,0,0,1,1,0,0,0,0,1,1,1,0,1,0,1,0,0,0,0,1,0,1,0,1,1,0,0,1,0.603756
1,1,0,1,1,1,1,0,0,0,1,0,0,1,1,1,1,1,0,0,1,1,1,1,1,0,1,1,1,0,1,1,0.565396
1,1,1,0,1,0,1,0,1,1,1,1,0,1,0,0,0,0,1,1,0,1,0,0,1,0,0,0,0,1,0,0,0.607320
0,0,1,0,1,1,1,0,1,1,0,0,1,0,1,0,0,0,1,0,1,0,0,0,0,0,1,0,0,0,1,0,0.538058
0,1,1,1,0,0,0,1,1,0,0,1,1,1,0,1,1,1,0,0,0,1,0,0,1,1,0,0,1,0,0,1,0.613044
1,0,0,0,0,1,0,0,1,0,0,0,0,0,0,0,1,0,1,0,0,0,1,0,0,1,1,1,1,1,0,1,0.614525
0,1,0,1,0,1,0,0,0,1,1,1,0,1,0,0,1,0,1,0,0,1,1,0,0,0,0,0,0,1,1,1,0.609253
0,1,0,0,1,1,1,1,1,1,1,0,1,0,0,1,0,1,0,1,0,0,1,1,1,0,0,1,0,1,1,1,0.574032
1,0,0,0,0,1,1,1,1,0,0,0,0,1,0,1,1,0,1,0,1,1,1,1,0,0,1,0,0,1,0,1,0.603254
0,1,0,1,0,0,0,0,0,0,1,0,1,0,0,0,1,1,0,0,0,0,1,1,0,0,1,0,0,1,1,1,0.596852
0,1,1,1,0,0,1,1,1,1,1,0,0,0,1,1,1,1,1,0,1,1,0,0,0,0,0,1,1,0,1,1,0.582492
1,1,1,0,1,0,1,0,1,1,1,0,1,0,1,0,1,1,1,0,1,1,1,1,1,0,1,0,1,1,0,1,0.597254
0,0,0,1,0,0,1,1,1,1,1,1,0,0,1,1,1,1,0,0,0,1,1,0,1,1,1,1,0,1,1,1,0.565522
0,1,0,0,1,1,1,0,1,1,1,0,1,0,0,1,1,1,0,0,0,1,1,1,0,0,1,0,0,0,0,1,0.595321
1,0,0,0,0,0,1,1,1,0,1,0,1,0,1,1,1,0,1,0,1,0,1,1,1,0,0,0,0,1,1,0,0.579254
0,0,1,1,0,1,0,0,1,0,0,1,0,0,0,0,1,1,0,1,0,1,0,0,1,1,0,0,0,1,0,1,0.599237
1,0,1,1,1,1,1,1,0,1,1,1,1,1,0,0,0,1,0,0,1,1,0,0,0,1,1,0,1,0,0,1,0.608149
0,0,1,1,0,0,1,0,1,1,0,1,1,0,0,0,0,0,1,0,0,0,0,1,1,1,0,1,0,1,0,0,0.591580
1,0,1,0,0,0,1,1,1,0,0,1,1,0,0,1,1,0,0,1,1,0,0,0,1,1,1,0,1,0,0,1,0.608048
1,1,0,0,0,1,0,1,0,0,0,1,1,1,0,1,1,0,1,0,1,1,1,1,1,1,1,0,0,1,0,0,0.607496
0,1,0,0,1,1,0,0,1,1,1,1,0,1,1,1,1,0,0,0,1,0,0,0,1,0,1,0,0,1,1,0,0.609906
1,1,1,0,1,1,1,1,1,0,1,0,1,0,0,1,1,1,0,0,0,1,0,1,0,0,1,0,0,0,1,0,0.608274
0,0,0,1,1,1,1,1,1,0,1,1,0,1,1,0,1,0,0,0,0,1,1,0,1,1,1,1,0,0,1,1,0.583020
0,0,0,1,0,0,0,0,0,1,0,0,0,1,0,1,0,0,0,0,1,1,0,1,0,0,1,1,0,0,0,1,0.545087
0,1,0,0,0,0,1,0,1,0,1,0,1,0,1,0,0,0,1,0,1,1,1,0,1,0,1,0,0,0,0,0,0.598860
0,0,1,0,0,1,0,0,0,0,1,0,1,1,1,1,1,1,1,0,1,0,1,0,0,0,0,1,1,1,0,0,0.590124
0,0,1,0,0,1,1,1,0,0,1,0,1,1,0,0,0,0,0,1,1,0,1,0,0,0,1,1,1,0,0,1,0.577296
1,1,1,1,1,1,1,1,1,0,0,1,1,0,0,1,0,1,1,0,0,0,0,1,1,0,0,1,1,0,0,1,0.604860
0,0,1,1,0,1,1,1,1,0,1,1,1,1,0,1,0,1,0,1,1,1,0,1,1,1,0,1,0,0,1,0,0.600241
0,1,1,0,1,0,0,0,0,1,0,0,0,0,0,1,1,0,1,0,0,1,0,1,1,0,1,0,1,0,0,0,0.604634
0,0,0,1,0,1,1,1,1,1,1,0,1,0,1,0,1,1,0,1,0,0,0,0,0,0,0,0,0,0,1,0,0.601973
0,1,0,1,0,0,1,0,1,1,0,1,1,0,0,0,1,1,0,1,0,1,0,1,1,1,0,1,1,1,0,0,0.615981
0,0,0,1,0,0,0,0,1,1,1,0,0,1,1,1,0,0,0,0,0,1,1,1,1,1,0,1,1,1,1,1,0.582367
1,0,0,0,0,0,0,1,1,1,0,1,1,1,1,0,0,1,1,1,0,1,0,0,0,0,1,0,1,1,1,0,0.594367
0,1,0,0,0,1,0,0,1,1,1,1,0,0,0,1,0,1,0,0,0,1,0,0,1,1,1,0,1,1,0,0,0.589597
0,1,1,1,0,1,1,0,0,0,1,0,1,0,1,0,1,1,1,1,1,0,1,0,1,0,1,0,1,1,0,0,0.603781
0,1,0,0,0,0,1,1,0,0,0,0,1,0,1,1,1,0,1,1,0,1,1,1,1,1,0,0,0,0,1,1,0.592107
0,1,0,0,1,1,1,1,0,1,1,1,1,1,0,0,0,0,0,1,1,0,1,1,0,0,1,0,0,1,1,1,0.586936
0,1,1,0,0,0,1,1,1,0,1,0,1,0,1,0,1,1,0,1,0,0,0,1,0,1,0,0,0,0,1,1,0.607270
0,0,0,0,0,1,1,0,0,0,1,0,1,0,0,1,0,1,1,1,0,1,1,1,1,1,0,1,0,1,0,1,0.586258
0,1,0,0,1,0,0,0,1,0,1,1,1,0,1,1,1,0,0,0,0,0,1,0,0,1,1,0,0,0,1,1,0.601973
0,0,0,0,0,1,0,1,1,1,0,1,0,1,0,1,1,1,0,1,0,0,1,1,1,0,0,1,0,0,1,0,0.603329
1,0,1,0,0,1,0,1,1,1,0,1,0,0,1,0,1,0,1,1,1,0,0,0,0,1,0,0,0,0,1,1,0.610207
1,1,0,1,1,0,0,1,0,0,0,0,0,0,0,1,1,1,1,0,0,1,0,0,0,0,1,1,0,0,1,1,0.622107
0,1,1,0,0,1,0,0,0,0,0,1,1,1,1,1,0,1,1,0,1,1,0,1,1,0,1,1,1,1,0,1,0.590199
0,0,1,1,1,1,1,0,1,1,0,0,0,0,1,1,0,0,1,1,1,1,1,1,1,1,0,1,1,0,1,1,0.561781
0,1,1,1,0,1,1,1,0,0,0,1,0,0,0,0,1,1,0,0,1,0,1,1,1,0,1,1,0,0,0,1,0.608149
0,0,1,1,1,1,1,0,1,0,0,0,0,1,1,0,0,0,0,0,0,1,0,0,1,0,0,1,0,1,0,0,0.589120
0,0,1,1,0,1,1,0,1,0,0,1,1,0,0,0,1,0,0,1,0,1,0,0,1,1,1,1,1,0,0,0,0.602576
1,0,0,1,1,1,1,1,0,1,0,1,0,1,0,1,0,0,1,1,0,1,1,0,0,1,1,1,0,0,1,0,0.611613
0,1,1,0,0,1,0,1,0,0,0,1,1,0,0,1,1,1,0,0,0,0,0,1,0,1,0,0,0,1,0,1,0.605513
0,1,0,0,0,0,1,0,1,0,0,0,0,1,1,1,0,0,1,0,1,0,1,1,0,1,1,1,1,0,1,0,0.594342
1,0,1,0,1,1,1,0,0,1,1,0,1,0,0,0,0,1,0,1,0,0,1,0,1,1,1,0,0,1,1,0,0.614701
1,0,0,0,1,0,0,0,0,0,0,1,1,1,1,1,0,1,1,1,0,0,1,0,0,1,0,0,0,1,0,1,0.621479
1,1,0,0,0,0,1,0,1,1,0,1,1,0,0,1,1,0,0,0,1,0,1,0,0,1,0,1,1,1,1,1,0.605438
0,0,0,0,0,0,0,1,0,0,0,0,1,1,0,0,0,0,1,1,1,0,0,1,1,0,0,1,0,0,0,0,0.574133
1,1,0,1,0,1,1,0,1,0,1,0,1,1,1,1,0,0,0,1,0,1,0,0,1,0,0,1,1,1,0,1,0.591003
1,0,0,1,1,0,0,0,0,1,1,1,0,1,0,0,1,1,1,0,0,0,0,0,1,0,1,1,0,1,0,0,0.610935
1,0,1,0,1,0,1,0,1,1,0,1,1,0,0,0,1,0,1,1,0,0,0,0,1,1,1,1,0,1,1,0,0.611814
1,0,0,1,0,1,1,1,1,0,1,0,1,1,1,0,1,0,1,1,1,1,0,0,0,0,1,1,1,0,1,1,0.588467
0,1,0,1,0,1,1,1,1,0,0,1,0,0,0,1,0,1,1,0,1,0,1,0,0,1,0,1,0,1,0,1,0.601848
0,1,1,1,0,0,1,0,1,1,1,0,0,0,1,0,1,1,1,1,0,0,0,0,0,1,1,1,0,0,0,1,0.592434
0,0,0,1,0,1,0,0,1,1,1,0,0,0,0,1,0,0,0,1,1,1,0,1,1,0,0,0,1,0,0,1,0.590250
1,0,0,0,1,1,0,0,1,1,1,1,0,0,0,1,1,1,1,0,0,0,1,1,1,0,0,1,0,1,1,0,0.616057
1,0,0,0,0,1,1,1,0,0,1,0,0,1,1,1,0,0,0,0,1,1,1,0,1,0,0,1,0,0,1,0,0.574384
0,0,1,0,0,0,1,1,0,1,0,0,0,0,0,1,1,0,0,1,0,0,1,1,0,1,0,1,0,0,1,0,0.585153
1,1,1,0,0,0,1,1,0,0,0,1,0,1,1,0,0,0,1,1,1,0,0,1,0,0,1,0,1,1,1,1,0.594743
0,0,0,1,0,0,1,0,1,0,1,1,1,0,1,0,1,1,0,1,0,1,1,0,1,1,1,1,0,0,1,1,0.598383
0,1,0,0,1,0,0,0,0,0,1,0,1,0,1,1,1,1,1,0,1,0,0,1,0,0,0,0,1,1,1,0,0.592057
0,0,0,1,0,1,0,1,1,1,0,0,0,0,1,0,1,1,0,0,0,1,0,1,0,1,1,1,0,0,0,0,0.590902
0,0,0,1,0,1,1,1,1,0,1,1,0,0,1,0,0,0,0,1,1,1,1,1,0,1,0,1,1,1,0,0,0.601923
1,1,1,1,1,1,1,0,0,0,0,0,0,1,1,1,1,0,0,1,1,0,0,1,1,0,0,1,1,0,0,0,0.602375
1,1,1,0,0,1,1,1,1,1,1,0,1,1,0,0,0,1,1,1,0,1,1,0,0,1,0,1,1,0,0,1,0.613697
0,1,1,0,0,1,1,0,1,1,0,0,1,1,0,1,1,0,0,0,0,1,1,0,1,1,1,0,0,1,1,0,0.596300
0,1,1,1,1,1,1,0,0,0,0,0,0,1,0,1,0,1,0,0,1,1,0,0,0,0,0,0,1,1,0,0,0.559572
0,1,0,1,0,0,0,1,1,0,1,1,0,0,1,0,0,1,0,1,1,0,0,1,0,0,0,1,1,0,0,1,0.605463
1,0,0,1,0,0,0,0,0,0,0,1,1,0,1,0,0,0,0,1,0,0,1,1,1,1,0,0,1,1,1,1,0.607873
1,0,1,0,0,1,1,0,1,1,1,1,0,0,0,1,0,1,0,0,0,1,0,1,0,0,1,0,0,1,1,0,0.611061
1,1,0,1,1,0,0,0,1,0,0,1,1,1,1,1,0,1,0,0,1,1,0,0,0,1,0,1,1,1,1,0,0.585856
1,0,1,1,1,0,0,0,1,1,0,1,1,1,1,1,0,0,0,0,0,0,1,1,0,1,1,0,0,1,0,1,0.598308
1,1,1,0,0,1,0,1,0,0,0,1,1,0,1,1,1,0,0,1,0,0,0,0,0,1,0,0,1,1,0,1,0.613320
1,1,0,1,0,1,0,1,0,1,0,1,0,1,1,0,1,0,1,1,1,1,1,1,0,0,1,1,1,1,1,0,0.610182
0,1,1,0,1,0,1,0,0,0,1,0,1,1,1,1,1,1,1,0,0,0,0,0,0,1,1,0,0,0,1,0,0.594442
1,0,0,0,0,1,0,0,1,0,1,1,0,1,0,1,1,0,1,1,0,0,0,1,0,1,1,1,1,1,1,0,0.608751
1,0,1,1,0,0,0,0,0,0,1,0,0,1,1,0,0,1,0,1,0,0,1,0,0,1,1,0,1,1,0,1,0.609053
0,1,1,0,0,1,1,0,1,0,1,0,0,0,0,1,1,1,1,1,1,0,0,0,0,1,0,0,0,0,1,0,0.610760
0,0,1,1,0,0,0,1,1,1,0,1,1,1,1,0,0,1,1,0,0,1,1,1,0,1,0,0,0,1,1,0,0.576467
1,0,1,1,1,1,0,1,0,0,1,1,1,0,1,1,1,1,1,0,1,1,1,0,1,1,1,1,0,1,1,0,0.586584
0,1,0,1,1,0,1,1,1,0,1,1,1,0,0,1,1,0,0,1,0,0,1,1,0,1,1,1,0,0,1,0,0.591003
0,1,1,1,0,1,0,0,0,1,1,0,0,1,1,1,0,0,0,1,1,1,1,1,1,1,1,1,0,0,0,1,0.594040
1,1,0,1,0,0,1,1,0,0,0,0,1,1,1,1,0,0,1,1,1,1,0,1,1,1,1,0,0,1,0,0,0.604810
1,1,1,1,0,0,0,0,1,0,1,0,1,0,1,1,1,0,1,0,1,1,1,1,0,1,0,1,1,0,0,0,0.601120
1,1,0,1,1,0,0,0,0,0,1,0,0,0,1,1,1,0,1,1,0,1,0,1,0,1,0,0,1,1,0,1,0.600618
1,1,1,0,0,0,0,0,1,1,0,1,0,1,1,0,1,1,0,0,1,0,1,0,0,1,0,1,0,1,0,1,0.621002
0,1,1,1,0,1,0,0,1,1,0,0,0,1,1,0,1,0,1,1,1,1,1,1,1,1,0,1,0,1,0,1,0.573279
1,0,0,1,0,0,1,1,0,1,0,0,0,0,1,0,0,0,1,0,0,0,0,1,1,1,0,0,1,1,0,0,0.613370
0,0,0,0,1,0,0,1,0,1,1,0,0,1,1,0,0,1,1,1,1,0,0,1,1,0,1,0,0,1,1,0,0.575388
0,1,0,0,1,0,1,1,0,1,0,0,0,1,1,0,0,0,0,1,1,0,0,1,1,1,1,1,1,1,1,1,0.593438
0,0,0,1,0,1,0,1,0,1,1,1,0,1,1,0,0,0,0,1,1,1,1,1,0,0,1,0,1,1,1,1,0.560928
0,1,0,0,1,1,1,1,0,0,0,0,0,1,1,1,1,1,1,1,0,0,1,1,0,1,0,0,0,1,0,1,0.590275
1,1,1,1,1,1,0,1,1,0,0,0,1,1,0,1,1,0,1,0,0,0,1,0,0,1,0,0,1,1,0,0,0.599814
1,0,0,1,0,0,0,1,1,1,0,0,0,1,1,1,1,1,0,0,0,0,1,0,1,0,1,1,1,1,0,0,0.602651
1,1,1,0,1,0,1,1,1,1,1,1,1,0,1,1,0,1,0,1,0,1,0,1,0,0,0,0,1,1,1,1,0.541899
0,1,1,0,0,0,1,0,0,0,0,1,0,1,0,1,1,1,0,0,0,0,0,1,1,0,0,0,0,0,0,0,0.602852
0,1,0,0,1,1,0,1,1,0,0,1,1,1,0,1,1,1,1,0,1,0,0,0,1,1,0,1,0,0,0,1,0.593865
1,0,0,1,1,0,0,0,1,1,0,1,1,0,0,1,0,0,1,1,1,0,0,1,1,0,1,1,1,0,0,1,0.601747
1,1,1,0,0,0,1,0,1,0,1,0,0,1,0,0,1,1,1,0,1,0,0,1,1,0,0,1,0,0,0,0,0.611714
0,0,0,0,0,0,0,0,0,0,0,0,1,0,1,1,0,1,0,1,1,0,1,0,1,0,0,1,0,1,0,1,0.568961
0,1,1,0,0,1,0,0,1,1,0,0,0,0,1,0,0,0,0,1,1,0,0,1,1,1,0,1,1,1,0,0,0.596802
1,1,0,1,1,1,0,1,1,0,1,1,0,1,1,1,1,0,1,1,0,0,1,1,0,1,0,1,0,1,1,1,0.556007
0,1,0,1,1,1,0,1,1,0,0,1,1,1,0,1,1,1,1,0,1,0,0,0,1,0,1,0,1,0,1,1,0.560099
0,0,1,1,1,1,0,0,0,1,1,0,0,0,0,0,0,0,1,1,0,1,0,1,0,0,0,1,0,0,0,0,0.589471
0,1,0,1,1,0,1,0,1,0,1,0,0,0,0,0,0,1,1,1,1,0,1,1,0,1,0,0,0,1,0,0,0.601095
0,0,1,0,0,0,0,0,1,1,1,0,1,0,1,0,0,1,1,0,0,1,1,1,1,1,0,0,0,1,1,0,0.595823
0,0,1,0,0,1,1,1,0,1,1,1,1,0,0,1,0,1,1,0,0,1,1,1,1,1,1,1,1,0,0,1,0.587312
0,1,1,0,1,0,0,1,0,0,1,0,0,1,0,1,0,0,0,0,1,0,1,0,1,1,0,1,1,1,1,1,0.578425
1,1,0,1,0,1,0,1,1,1,0,0,0,0,1,1,1,1,1,0,1,1,1,0,1,0,1,0,0,0,1,1,0.613396
1,0,1,1,0,1,0,1,1,0,1,0,0,1,1,0,1,0,1,0,1,0,1,0,0,1,1,1,0,1,1,1,0.594040
1,1,1,0,1,1,1,0,0,1,0,1,0,1,1,1,0,1,1,0,0,0,0,1,0,1,0,0,1,0,0,0,0.610057
1,1,1,1,1,1,0,1,0,1,0,0,1,0,1,1,1,0,1,0,0,0,0,0,0,1,0,0,0,1,1,1,0.609605
1,1,0,1,0,0,1,0,1,1,1,1,1,0,1,0,0,0,0,0,1,1,0,0,0,0,0,1,0,0,1,1,0.604509
1,1,1,1,1,1,0,1,1,0,0,1,0,1,1,1,0,0,1,1,0,0,1,0,0,1,0,1,1,1,0,0,0.603279
0,1,1,1,0,0,1,1,0,0,1,0,1,1,0,1,1,1,1,1,1,0,0,1,1,1,0,1,1,0,1,1,0.532886
0,1,1,1,1,0,1,1,1,0,0,0,1,0,0,0,0,1,0,0,1,1,0,0,1,0,1,0,1,0,0,0,0.589898
0,0,1,0,1,0,1,1,1,1,0,0,1,0,1,0,0,1,1,0,0,0,1,1,1,1,1,0,0,1,0,0,0.607371
1,0,0,0,1,0,0,1,0,0,0,0,0,0,0,0,0,1,0,0,1,1,0,1,1,1,1,1,1,1,0,1,0.585655
1,0,1,1,0,0,1,0,1,1,1,1,0,0,1,0,0,0,1,0,0,0,0,1,1,0,0,1,0,0,0,0,0.577045
0,1,1,1,1,1,1,1,0,0,1,0,0,0,1,1,0,0,0,1,1,0,1,1,1,0,0,0,0,1,0,1,0.596224
0,1,1,1,1,1,0,1,1,1,1,0,1,0,1,1,1,1,1,0,0,1,0,1,1,1,0,1,1,1,1,1,0.525656
1,0,1,0,0,1,1,1,1,1,0,1,0,0,1,0,1,1,1,1,1,0,1,0,1,1,0,0,0,1,1,1,0.597304
0,1,0,1,1,1,0,1,0,1,1,0,0,0,1,1,0,0,1,0,1,1,0,1,1,0,0,0,0,1,1,0,0.596475
1,1,0,0,1,0,0,1,0,1,0,0,0,0,1,1,0,1,0,1,1,0,1,0,0,0,0,0,0,1,1,0,0.603379
0,0,0,1,0,1,1,0,1,1,1,0,1,0,1,0,0,0,1,0,1,0,1,0,0,0,0,0,0,0,0,0,0.576769
1,1,1,1,0,0,0,0,0,1,0,1,0,1,0,0,1,1,0,0,0,1,0,1,0,1,0,1,0,1,0,0,0.609555
1,1,1,1,0,1,1,0,0,0,1,1,0,1,1,0,0,0,1,1,1,0,1,1,0,1,1,1,1,1,0,1,0.597178
1,0,1,0,1,0,1,0,1,1,1,0,1,0,0,0,0,1,0,0,1,1,1,1,0,1,1,1,1,0,1,0,0.600718
1,1,0,0,0,1,0,1,0,1,1,0,0,1,0,0,0,1,0,1,0,1,1,1,0,1,1,0,1,1,1,1,0.575589
0,0,0,0,0,0,1,1,1,1,1,1,0,0,0,0,1,1,1,0,0,1,0,1,0,1,0,1,1,0,1,0,0.588040
1,0,0,0,0,0,1,1,1,0,1,1,0,0,0,0,1,1,0,0,1,1,1,0,0,0,1,0,0,0,0,0,0.614977
1,0,0,1,1,0,1,1,1,0,0,1,0,1,1,1,0,1,1,1,0,1,0,0,1,0,1,1,1,0,1,1,0.576292
0,1,1,1,0,1,1,1,1,0,0,1,0,1,0,1,0,0,0,0,1,0,0,1,1,1,0,1,1,0,1,1,0.571748
0,0,1,1,1,1,0,0,1,1,0,1,1,1,1,0,0,0,1,1,0,0,1,1,1,1,0,0,0,0,0,1,0.606668
1,1,1,0,0,1,1,1,1,1,1,1,0,1,0,0,1,0,1,0,0,1,1,0,1,0,0,0,0,1,1,1,0.603982
0,1,1,0,1,0,0,1,0,0,1,1,1,0,0,0,0,0,0,0,1,1,1,1,1,0,0,1,1,0,0,0,0.576066
1,0,1,0,0,0,0,0,1,0,1,1,0,1,0,1,0,0,0,1,0,0,0,0,1,0,0,0,1,0,1,0,0.564819
0,0,0,1,0,1,1,1,0,1,0,0,1,0,1,0,1,1,0,0,1,1,1,0,0,0,0,0,0,1,1,1,0.567832
0,0,1,1,1,1,1,1,0,1,1,0,0,0,0,1,1,1,0,0,1,1,1,1,0,1,0,0,0,0,0,0,0.599764
0,1,1,0,0,1,1,0,1,0,1,1,0,0,1,0,0,1,0,0,0,1,1,0,0,1,0,1,0,1,0,1,0.608023
0,1,1,0,0,0,1,1,1,0,1,1,0,1,1,1,1,1,0,1,0,1,0,0,0,1,1,0,1,1,1,1,0.552493
