1,1,1,0,1,0,0,1,1,0,0,0,1,0,0,0,0,0,1,1,1,0,1,1,0,1,0,0,0,1,0,1,0.623988
0,1,1,1,0,0,1,0,1,0,0,1,0,0,0,1,0,0,0,0,0,0,0,1,1,0,0,0,0,1,0,0,0.589248
0,0,0,1,1,0,0,1,1,1,1,1,1,0,0,0,0,1,0,0,1,0,0,1,1,1,1,0,0,1,1,0,0.586184
1,0,1,1,0,1,1,1,1,1,1,1,0,0,1,1,0,0,0,1,1,0,0,1,0,1,0,1,0,0,1,0,0.592391
0,1,0,1,1,1,0,0,1,0,1,0,0,0,1,1,1,1,0,1,0,1,1,0,0,1,1,0,0,1,1,0,0.587250
0,1,1,1,1,1,1,0,1,0,0,1,0,0,0,1,0,1,0,1,1,1,1,0,0,0,0,1,0,1,1,0,0.596361
1,0,1,0,1,0,1,0,0,0,1,0,0,1,1,1,0,0,1,0,0,1,1,0,1,1,1,0,1,0,0,1,0.599718
0,0,1,1,1,1,0,1,1,0,0,0,0,1,1,0,1,0,0,1,0,0,1,1,0,1,0,1,1,0,0,1,0.588155
0,0,0,1,1,0,1,1,0,1,0,1,0,0,1,1,1,0,0,1,1,0,0,1,1,1,0,1,0,1,1,0,0.600384
0,0,0,0,0,1,0,1,0,1,0,1,0,1,1,0,0,0,1,0,1,0,1,0,1,1,0,0,0,0,0,1,0.556932
1,1,1,0,0,0,1,1,1,1,0,1,1,0,1,1,1,1,1,1,1,0,1,0,1,0,1,0,1,1,1,0,0.590979
1,0,0,1,0,0,0,1,1,1,1,1,0,0,0,1,0,1,1,0,0,1,1,0,0,1,1,0,0,0,1,0,0.594709
1,1,1,0,0,0,0,1,1,0,1,0,1,1,1,1,1,1,1,0,0,1,1,0,1,1,0,0,1,0,0,0,0.595242
0,0,1,0,1,0,1,0,0,0,0,1,0,0,1,0,0,1,1,0,1,1,1,1,1,1,1,0,1,1,0,0,0.581042
0,0,0,1,1,1,1,1,1,1,1,1,1,0,1,0,0,1,1,1,1,0,1,1,1,0,0,0,0,0,0,0,0.609308
0,1,0,1,1,1,0,0,0,1,0,0,0,0,0,0,1,1,0,0,0,0,0,0,1,0,1,0,1,0,0,1,0.597426
1,0,1,0,1,1,0,1,0,1,0,0,0,1,0,1,1,1,1,1,0,0,0,1,0,0,1,1,1,1,0,0,0.602089
1,1,0,1,1,0,1,1,1,0,0,0,0,0,0,0,0,1,1,0,0,1,0,1,1,1,1,1,0,1,0,1,0.594256
1,0,0,0,0,1,0,1,1,1,0,0,1,1,1,1,0,1,1,0,0,1,1,0,0,1,1,1,1,0,0,0,0.591699
0,1,1,1,1,1,1,0,1,1,1,1,0,1,0,0,1,0,0,0,1,1,1,1,1,0,1,1,0,1,0,0,0.608403
0,1,1,1,1,1,1,1,1,1,1,0,0,0,0,0,1,0,1,1,0,1,0,0,1,1,0,0,1,0,0,0,0.618633
0,0,0,0,0,0,0,0,1,1,0,1,0,0,0,0,0,1,1,0,0,1,1,0,0,0,0,0,0,0,0,1,0.555680
1,1,0,1,1,0,0,0,1,1,1,1,1,0,1,1,0,1,1,1,1,1,0,0,0,1,0,1,0,1,0,1,0.601662
1,0,0,1,1,0,0,0,1,1,0,1,0,1,1,0,1,1,0,1,0,1,1,1,0,0,0,1,1,0,0,0,0.598572
1,1,1,0,1,0,0,0,1,0,1,0,0,1,0,0,1,0,0,1,1,1,0,0,0,1,1,1,1,1,1,0,0.616901
1,1,1,0,0,1,0,1,0,0,0,1,1,1,0,0,0,0,1,0,0,0,0,0,1,1,0,0,1,0,1,1,0.599957
1,1,0,1,1,1,1,0,0,1,1,1,0,0,1,0,1,0,0,1,0,1,1,1,0,1,1,0,0,1,0,0,0.610667
1,1,1,1,0,1,1,0,0,0,1,0,1,1,0,1,0,0,0,0,0,1,0,1,1,0,0,0,0,0,1,0,0.600037
0,0,1,1,0,0,1,0,1,1,0,0,1,1,1,0,1,1,1,1,0,1,1,1,1,0,0,0,1,0,1,0,0.591512
1,0,0,0,0,1,1,1,1,0,0,1,0,0,1,0,1,0,0,1,1,1,0,0,0,1,1,1,0,1,0,1,0.618340
1,1,1,1,0,0,1,0,1,0,1,0,1,1,1,0,1,0,0,0,1,1,0,0,0,0,1,1,1,1,1,0,0.587916
0,1,0,0,0,0,0,1,0,0,0,0,1,1,0,0,0,0,0,1,1,1,1,0,1,1,1,0,0,0,1,1,0.591486
0,1,0,1,1,1,0,0,0,1,0,0,0,0,0,0,0,0,1,1,0,0,1,1,0,0,0,0,0,1,1,1,0.599664
0,1,0,0,0,1,1,0,0,1,1,1,1,1,1,0,1,0,0,0,1,1,0,0,0,0,0,1,1,1,0,0,0.575368
1,1,1,0,1,0,1,0,1,0,0,0,0,0,0,0,0,0,0,1,0,1,0,1,0,0,0,1,1,1,0,0,0.603660
1,0,0,1,0,0,0,1,1,1,0,1,1,0,0,0,0,0,0,1,0,0,1,0,1,1,0,1,1,1,0,1,0.602089
1,1,1,0,1,0,1,0,0,0,0,1,0,0,0,1,0,0,1,0,1,0,1,1,0,0,0,0,0,1,0,1,0.624654
1,0,0,0,1,1,1,1,0,1,0,1,0,1,1,0,1,1,1,1,1,0,1,0,0,0,0,1,0,1,1,1,0.606884
0,1,0,0,1,1,0,0,1,1,0,0,1,1,0,0,1,0,0,0,0,1,1,1,1,1,0,0,1,1,1,1,0.589514
1,1,1,0,0,0,0,0,1,1,1,0,1,1,0,0,0,1,0,0,0,0,1,0,0,0,0,1,0,0,1,1,0.626758
1,1,0,1,1,1,1,1,0,0,1,1,1,0,1,0,0,0,1,1,1,1,1,1,1,1,0,1,1,0,0,0,0.611040
0,0,1,0,0,1,1,0,0,1,1,1,1,0,1,1,0,1,1,0,1,0,1,1,0,1,0,1,0,0,1,0,0.571638
1,0,0,1,0,0,1,1,0,1,1,0,1,1,0,1,0,0,1,0,0,0,1,1,0,1,0,1,1,0,0,0,0.597133
0,1,1,0,0,0,0,1,1,0,0,0,0,1,0,0,1,0,1,1,0,0,0,1,1,0,1,1,0,1,0,0,0.590447
0,1,0,0,1,0,0,0,1,0,0,1,0,1,0,0,0,0,1,1,1,1,1,0,1,1,1,0,1,1,1,0,0.598519
1,0,1,1,0,0,0,0,0,1,0,0,0,1,0,0,1,1,0,1,0,1,0,1,1,0,0,1,1,0,0,1,0.599425
0,0,1,1,1,1,1,0,1,1,1,1,1,1,0,0,0,0,1,1,0,0,1,0,1,0,0,1,1,0,0,1,0.600916
0,0,0,1,0,1,0,0,1,1,1,0,0,1,0,1,1,1,1,1,1,1,1,1,0,0,1,0,0,1,1,1,0.581655
0,0,1,0,0,1,1,0,0,1,0,0,0,1,0,1,0,1,1,1,0,0,0,1,0,1,0,1,0,1,0,1,0.595189
1,1,1,0,0,1,1,1,1,1,1,1,1,0,0,0,1,1,1,0,0,1,0,0,1,1,1,1,1,1,1,0,0.588075
0,0,1,0,0,0,0,0,0,0,0,0,0,0,0,0,0,0,1,0,1,1,0,0,0,0,0,1,0,1,1,0,0.549020
0,0,1,0,0,1,1,1,0,0,0,1,0,0,1,1,1,1,1,0,0,1,1,0,0,1,1,1,0,0,1,0,0.575874
0,0,0,1,1,0,0,0,0,1,0,0,1,0,1,0,1,1,0,1,0,1,1,1,1,1,1,1,1,0,0,1,0.587063
0,0,1,1,0,0,0,1,1,0,1,0,0,1,0,1,1,1,0,0,1,1,0,1,0,0,0,1,1,0,1,1,0.570279
1,0,0,0,1,0,1,1,0,0,0,0,0,1,1,1,0,0,0,0,1,1,1,1,0,1,1,1,1,1,0,0,0.574835
1,0,0,1,1,1,0,1,1,0,1,1,0,0,1,0,1,0,1,1,1,1,0,1,0,1,1,0,0,1,0,1,0.613065
0,1,1,1,0,0,1,1,1,0,1,1,1,0,0,1,0,1,0,1,1,1,0,1,1,0,0,1,0,1,1,0,0.593670
1,0,0,0,0,0,1,0,0,1,0,1,1,1,0,1,0,0,1,1,1,0,0,0,0,1,1,1,0,1,0,0,0.632406
0,0,1,0,0,1,1,1,0,1,1,1,0,1,1,0,0,1,0,1,1,1,0,1,0,0,1,0,1,0,0,1,0.585918
0,1,1,1,1,1,0,0,0,0,1,1,1,1,0,1,0,1,1,0,1,0,1,0,1,0,1,1,1,0,1,0,0.587649
0,0,1,0,1,1,0,0,1,0,0,1,1,0,0,1,0,0,1,1,1,1,1,0,1,1,1,1,1,1,1,1,0.594016
1,1,1,0,0,0,1,1,1,0,1,1,1,1,1,1,0,1,0,1,1,1,0,0,1,0,0,1,0,0,1,0,0.581575
1,0,0,1,1,0,1,0,1,0,1,1,1,0,0,1,1,0,0,0,0,0,1,1,0,0,0,1,1,1,1,0,0.583040
0,0,0,1,0,1,1,0,0,0,1,1,0,0,1,0,1,0,1,1,1,1,0,1,0,1,0,1,1,0,0,0,0.597986
0,1,1,0,0,0,0,0,0,1,0,0,1,1,0,0,1,0,0,1,1,1,0,0,0,0,0,0,0,1,1,1,0.596334
1,1,0,0,1,1,1,0,0,1,0,0,0,0,1,1,0,0,1,1,1,1,0,1,1,0,1,1,1,0,1,0,0.586237
0,1,0,1,1,1,0,1,0,1,0,0,1,1,1,1,1,1,1,0,1,0,1,0,0,1,1,1,0,0,0,0,0.592125
0,1,0,0,1,1,1,0,1,1,0,1,1,1,1,1,0,0,1,0,1,0,0,1,0,1,1,1,1,1,0,1,0.575874
1,0,0,0,1,0,0,1,0,0,0,1,0,1,1,1,1,1,0,1,0,0,1,1,1,1,1,1,1,0,0,1,0.580856
1,1,0,1,1,1,0,0,1,1,1,0,1,1,0,0,1,1,0,1,0,1,0,0,0,0,0,0,0,0,0,0,0.604966
0,1,0,1,1,1,1,0,1,0,1,1,0,1,0,1,0,0,1,0,1,1,0,0,0,1,1,1,0,0,1,0,0.597160
1,1,0,0,0,0,0,1,1,1,0,0,1,0,1,1,1,0,1,1,1,0,1,0,1,1,0,0,0,1,1,0,0.596840
0,0,0,0,1,0,0,0,1,1,0,1,0,1,1,1,1,1,0,1,1,0,1,1,1,1,0,1,0,1,0,0,0.600011
1,0,0,0,1,1,1,0,0,0,0,0,1,0,1,1,0,0,0,0,0,1,0,0,0,1,1,1,1,1,1,1,0.611919
0,1,0,1,1,1,1,0,0,0,1,0,0,1,0,0,0,1,0,0,1,1,1,0,1,1,0,1,1,1,0,0,0.590713
1,0,1,0,0,1,0,0,0,1,1,1,1,1,0,1,0,0,1,1,1,1,1,0,1,0,0,1,0,1,0,0,0.604167
1,1,1,0,1,0,1,1,1,1,0,1,1,0,0,1,1,1,1,1,1,1,0,0,1,1,1,1,0,1,1,0,0.595348
1,0,0,0,1,1,0,0,1,0,0,1,1,1,1,0,0,0,0,1,0,1,0,0,0,0,0,1,1,1,1,0,0.581175
0,0,0,1,1,0,0,0,1,1,0,0,0,1,0,1,0,0,0,0,0,1,1,1,0,1,1,1,1,0,0,0,0.574968
0,0,1,1,0,0,1,0,0,0,0,0,1,0,1,0,1,0,1,0,1,0,1,1,0,0,0,1,0,0,1,0,0.568601
0,1,0,1,1,1,1,1,1,1,1,0,0,0,1,1,0,1,0,1,1,0,0,0,0,0,1,0,1,1,0,0,0.597799
1,1,1,0,1,1,1,1,1,1,1,1,0,0,0,1,1,0,1,1,0,1,0,1,1,1,1,1,1,0,1,0,0.592125
1,1,0,0,0,1,0,0,1,0,1,1,1,1,0,1,1,1,1,0,1,0,1,1,0,1,0,0,0,1,0,0,0.607017
0,0,1,1,0,1,1,1,0,1,0,0,1,0,1,0,0,0,0,0,1,1,1,0,1,1,0,0,1,1,0,0,0.577312
1,0,0,1,1,1,0,0,1,0,1,1,1,1,1,0,1,0,0,0,0,0,0,0,0,0,0,0,1,0,1,0,0.584372
0,0,1,0,1,0,1,1,0,1,0,1,0,1,1,0,0,0,1,1,0,0,0,0,0,1,1,0,1,1,1,1,0.591139
0,0,1,0,1,0,1,0,0,1,0,1,0,1,1,1,1,0,0,1,0,0,1,1,1,0,1,1,1,1,0,0,0.596414
1,1,1,0,0,0,1,1,1,1,0,1,0,1,1,0,0,1,0,1,1,0,0,1,1,0,0,0,0,1,0,0,0.592311
1,1,0,1,0,0,1,1,0,1,1,1,0,1,1,1,0,0,1,1,1,1,1,1,1,1,0,0,1,1,0,1,0.563166
0,0,0,1,1,0,0,1,0,1,1,1,1,0,1,0,0,0,1,0,1,0,0,1,1,0,1,0,0,1,0,0,0.567242
0,0,1,1,0,1,1,0,0,0,1,0,1,0,1,0,1,1,1,1,1,1,1,0,1,1,1,0,0,1,1,1,0.594709
1,0,1,1,1,0,0,0,1,1,1,0,1,0,1,1,0,0,1,1,1,0,1,0,0,1,0,0,1,0,0,0,0.591033
0,1,0,0,0,1,1,0,0,0,1,1,0,1,0,1,0,0,0,0,0,1,0,1,0,0,0,0,1,0,0,1,0.591912
1,0,0,1,0,0,0,1,1,0,0,1,0,0,1,0,1,0,0,1,0,1,1,1,1,1,0,1,0,1,0,0,0.604486
0,0,1,1,0,1,1,0,1,1,1,1,0,1,1,1,0,1,1,1,0,0,1,1,0,1,0,0,0,0,0,0,0.594176
1,1,1,0,0,1,1,1,0,1,1,0,0,1,1,0,0,1,1,0,1,1,0,0,0,0,1,0,0,0,1,0,0.609628
1,0,1,1,0,0,0,0,1,1,1,0,1,1,0,1,1,0,1,1,1,1,0,0,0,0,1,1,0,1,1,0,0.597080
0,0,1,1,0,0,1,1,0,1,0,1,1,0,1,0,1,0,1,1,0,1,0,1,1,1,1,0,1,0,1,1,0.597053
0,1,1,0,1,1,1,1,0,0,0,0,1,0,0,1,1,0,0,1,1,1,1,0,1,1,1,0,0,0,0,1,0.590500
1,1,0,0,1,1,1,1,0,0,1,1,0,1,1,0,1,0,1,1,1,0,0,1,0,1,0,1,1,0,1,1,0.594256
0,1,0,1,0,1,1,0,0,1,1,0,0,1,1,0,1,1,1,0,1,0,0,1,0,1,0,1,1,1,0,1,0.585118
1,0,0,1,0,0,1,0,1,0,1,0,0,1,1,1,1,1,0,1,1,1,0,1,0,0,0,1,1,1,1,0,0.596947
1,0,0,0,0,0,0,0,1,1,0,1,1,1,1,1,0,1,0,0,1,1,1,0,0,1,1,1,1,0,1,0,0.595721
1,0,0,0,1,1,1,0,0,1,0,0,0,0,1,0,1,0,0,0,1,0,1,1,1,0,1,1,1,0,1,0,0.576833
0,1,0,1,0,1,0,1,0,0,1,1,1,1,0,1,1,0,1,0,1,1,1,1,0,1,0,0,0,1,0,1,0.592631
1,0,1,0,0,1,1,0,0,0,1,0,1,0,1,1,0,0,0,1,0,0,1,0,1,1,1,1,1,0,0,0,0.607071
0,1,0,0,1,0,1,1,0,1,0,0,0,1,1,0,1,1,0,1,1,0,0,1,0,1,1,1,1,0,0,1,0.588795
1,0,0,0,1,0,1,1,1,0,1,0,1,1,1,0,0,1,1,1,0,1,0,0,0,1,1,1,1,0,0,1,0.620498
1,0,0,0,1,0,1,0,1,1,1,1,0,1,0,0,1,0,1,1,0,1,1,1,0,0,1,1,0,1,1,1,0.629609
0,0,1,1,1,1,0,1,0,0,0,1,1,0,0,1,0,0,0,0,1,1,0,1,1,0,0,0,0,1,0,1,0.559330
0,0,1,1,0,0,0,0,0,0,0,0,0,1,1,0,0,0,1,1,0,0,1,0,1,0,1,1,1,1,0,0,0.573316
1,0,0,0,0,0,0,0,1,1,1,0,1,1,0,1,0,1,1,1,0,1,0,0,1,0,0,0,0,1,1,1,0.613145
0,0,0,0,0,1,0,1,0,0,0,1,0,1,1,0,1,1,0,1,1,1,0,0,1,1,1,0,0,1,1,0,0.591272
1,0,1,1,0,1,0,1,0,1,1,0,1,0,0,1,0,1,1,1,0,0,0,0,1,1,1,0,0,0,0,0,0.607950
0,1,1,0,1,0,1,1,1,1,0,0,1,1,0,0,1,1,1,0,1,0,1,1,1,0,0,0,0,1,1,1,0.583280
0,0,0,1,1,1,0,1,0,0,0,0,0,1,1,0,1,1,1,0,0,1,1,0,0,0,1,1,1,0,1,1,0.588821
1,1,1,1,1,1,0,0,0,0,1,0,0,1,1,1,0,0,1,0,0,0,1,1,0,0,1,1,0,0,1,0,0.610454
0,1,0,0,1,1,0,0,0,1,1,0,1,0,0,0,1,0,0,1,1,1,1,1,0,0,1,1,1,1,0,1,0.595908
1,0,0,0,0,0,1,0,1,1,0,0,0,0,0,0,0,0,1,0,1,0,0,1,1,1,0,1,0,1,1,1,0.618260
0,0,1,0,1,1,0,1,0,1,1,1,0,0,0,1,0,0,1,0,0,0,0,1,1,0,1,0,0,1,0,1,0.589541
0,0,0,1,0,0,0,0,1,0,0,1,0,1,0,0,0,1,0,0,0,0,0,1,1,0,1,0,0,1,1,1,0.576273
1,0,1,1,0,1,0,0,0,1,1,0,0,0,1,1,0,0,0,0,1,1,0,0,0,0,1,1,0,1,1,1,0.618873
1,1,1,0,1,1,1,0,0,0,1,0,1,1,1,0,0,0,1,1,0,0,1,1,1,0,1,1,0,1,0,0,0.621324
1,0,1,0,1,0,0,1,1,1,1,0,1,0,0,0,1,0,0,1,0,0,0,0,1,0,1,0,0,0,1,1,0.606857
0,1,1,1,1,0,1,1,0,1,0,1,1,0,0,1,1,0,0,0,0,0,0,1,0,1,0,1,1,1,1,0,0.590873
0,0,1,1,0,1,0,0,1,1,1,0,1,0,1,0,0,0,0,1,0,0,0,1,1,0,1,0,0,1,0,0,0.574941
0,1,1,0,0,1,0,1,0,0,1,1,1,0,1,1,1,0,0,1,1,0,1,0,0,0,0,0,1,1,1,1,0.567668
0,1,0,1,0,1,1,1,1,0,1,1,1,0,1,0,1,0,1,0,1,1,0,1,1,1,1,1,0,1,1,0,0.593404
