0,1,1,1,0,0,1,0,0,0,1,1,1,1,1,0,1,1,0,1,1,0,0,0,1,0,0,0,0,1,1,0,0.593670
0,0,0,0,0,0,1,1,1,1,0,1,1,1,1,0,0,0,1,1,0,0,1,1,1,1,1,0,0,1,0,1,0.589248
1,1,0,1,1,1,1,1,1,1,0,1,1,0,0,0,1,0,1,1,0,0,0,0,1,1,0,0,0,1,0,1,0.686781
1,0,0,0,0,1,0,1,0,0,1,0,0,1,0,1,1,1,0,0,1,0,0,1,1,0,0,1,1,1,0,0,0.640345
0,0,1,1,0,1,1,1,1,0,1,1,1,1,1,0,0,0,0,0,1,0,0,1,0,0,0,1,0,1,1,0,0.635923
1,1,0,1,1,1,1,0,0,0,0,1,1,1,0,0,0,0,1,0,0,1,1,0,1,1,1,0,0,1,1,1,0.608083
0,0,0,1,1,0,1,0,1,0,0,0,1,0,1,0,1,0,0,1,0,0,0,1,0,0,1,0,1,1,1,0,0.605152
1,0,0,0,0,0,0,1,0,0,0,1,1,1,1,0,1,1,1,0,1,0,0,1,0,1,0,0,0,0,0,0,0.648657
0,0,1,0,1,0,1,0,0,1,0,1,0,0,1,0,1,1,1,0,0,1,1,0,1,0,1,0,1,0,0,0,0.664429
1,0,0,0,0,0,0,0,0,1,0,0,1,0,1,1,1,1,1,1,1,1,0,0,1,0,1,0,1,0,0,1,0.650149
0,1,0,1,1,1,1,1,1,1,0,0,0,0,1,0,0,0,1,1,0,1,0,0,1,0,0,0,0,1,1,0,0.625799
0,1,0,0,0,0,1,1,0,0,1,1,1,0,0,0,1,1,1,0,0,1,1,0,0,1,1,1,0,1,0,0,0.607204
0,1,0,1,0,0,0,0,0,0,1,0,1,0,0,0,1,1,1,0,1,1,1,0,1,0,0,0,1,1,0,0,0.671009
1,1,0,1,1,1,0,1,0,0,0,1,1,0,1,0,0,0,1,1,1,0,1,1,1,0,0,0,0,1,1,1,0.573077
1,0,1,1,1,0,0,0,1,1,1,1,1,0,0,0,0,1,0,0,0,0,1,0,0,1,0,1,1,0,1,0,0.623082
0,1,1,1,0,0,0,0,1,0,0,1,1,0,1,1,1,1,1,0,0,1,0,0,0,0,1,0,1,1,1,0,0.603794
0,1,0,0,1,0,0,0,1,0,1,1,1,1,1,1,0,0,0,0,1,0,0,0,0,0,1,1,0,1,1,0,0.589008
0,1,1,0,0,0,0,1,0,1,0,1,1,0,1,0,0,1,0,1,1,0,1,1,0,1,0,0,1,0,1,0,0.635470
1,1,0,0,1,1,1,0,1,0,0,0,0,0,0,0,0,0,0,1,0,1,1,1,0,1,0,0,1,0,1,1,0.616155
0,0,1,1,0,1,0,1,1,0,0,0,0,1,1,0,0,0,0,0,1,1,1,1,1,1,1,0,1,0,1,0,0.649057
0,1,0,1,1,0,1,0,0,0,1,1,0,0,1,1,1,0,1,1,1,1,1,1,1,0,1,1,1,0,1,0,0.641038
1,1,1,1,0,0,1,0,1,1,0,0,0,1,0,0,0,0,0,1,1,0,1,0,1,1,1,0,1,0,1,1,0.672155
1,1,1,1,0,1,1,1,0,0,1,1,1,0,1,1,0,0,1,0,0,0,0,1,1,0,1,0,0,1,1,1,0.630248
0,1,1,1,1,1,0,1,1,1,0,1,1,1,0,0,1,1,1,0,0,1,0,0,1,0,1,0,1,0,1,1,0.680680
1,1,0,0,0,0,1,0,1,1,1,0,1,0,0,0,1,0,0,0,0,0,1,1,1,0,0,0,0,0,1,0,0.713955
1,0,1,0,1,0,1,1,1,1,1,1,0,0,1,1,0,0,1,0,0,0,1,0,0,0,1,1,0,0,1,0,0.663736
0,1,1,0,1,1,0,0,0,1,0,0,0,1,0,1,0,1,1,0,0,0,1,0,1,1,1,1,1,1,0,1,0.616848
0,1,0,1,1,1,0,1,0,0,0,1,0,0,1,1,1,0,1,1,0,0,0,1,0,0,0,1,1,1,0,0,0.666214
0,1,0,1,0,1,1,1,1,1,1,1,1,0,1,0,1,0,0,0,1,0,0,0,0,1,1,1,0,1,0,1,0.609149
1,0,0,1,0,1,1,0,1,0,1,0,0,1,0,0,0,0,1,0,0,0,1,1,0,0,1,1,0,0,0,0,0.676950
1,0,1,1,0,0,1,1,0,0,1,0,1,0,1,0,0,1,1,1,1,0,0,0,0,0,1,0,0,1,0,0,0.670103
0,1,0,1,1,0,0,0,1,1,0,1,0,1,1,0,0,0,0,1,1,0,0,1,0,1,0,1,1,0,1,1,0.639360
0,0,1,1,1,0,0,1,1,0,1,1,1,1,1,0,0,0,0,1,1,1,0,0,1,1,1,1,1,0,1,0,0.680440
1,0,0,0,0,0,1,1,1,1,0,0,1,0,1,0,0,0,0,1,0,0,1,1,0,1,0,0,0,0,0,1,0.574941
1,1,0,1,1,1,1,1,0,1,1,0,1,1,1,1,1,0,0,1,1,1,0,1,1,1,1,0,0,0,0,1,0.698503
1,0,0,1,0,0,0,1,1,1,0,1,0,1,0,0,1,0,0,1,1,1,1,1,0,0,0,1,1,0,0,0,0.715793
1,0,0,0,0,1,0,1,1,0,0,0,1,0,1,0,0,1,1,0,0,0,0,1,0,1,0,1,0,0,0,0,0.616901
0,0,1,1,1,0,1,0,1,1,0,1,0,1,1,0,0,1,1,1,0,0,0,0,0,0,0,1,0,0,1,1,0.650868
1,1,1,1,1,1,0,1,1,0,0,0,0,1,0,0,1,1,1,0,1,0,0,0,0,1,0,1,0,0,0,0,0.728847
0,0,1,1,0,1,1,0,1,0,1,0,0,1,1,1,0,1,1,1,0,1,1,0,1,0,1,1,1,0,0,0,0.623135
1,0,0,1,1,1,1,0,1,1,1,0,0,1,0,1,1,1,1,0,1,1,1,1,1,0,0,1,0,0,0,0,0.694240
0,1,1,0,1,1,1,0,1,1,1,1,0,1,1,0,1,1,0,1,1,1,1,0,1,0,1,1,1,1,1,1,0.759591
0,0,0,1,0,1,1,0,1,1,0,1,0,1,0,1,1,0,0,0,1,0,0,1,1,0,0,1,0,1,0,1,0.591699
0,0,0,0,0,0,1,0,0,1,0,0,1,0,0,0,0,1,1,1,1,0,1,1,0,1,0,1,1,0,0,1,0.535779
0,1,0,0,1,0,1,1,0,0,0,0,0,1,0,0,0,1,1,1,0,0,1,0,1,1,1,0,1,0,0,0,0.732071
1,1,1,0,1,1,1,0,1,1,0,1,1,1,1,0,0,0,1,1,1,1,1,1,0,1,0,0,1,0,1,0,0.612505
1,0,1,1,0,1,0,0,0,1,0,0,0,0,0,0,1,0,1,0,1,1,1,1,0,1,0,1,0,0,0,0,0.697757
1,1,1,0,0,0,0,1,0,0,1,0,1,1,1,1,1,1,0,0,0,1,1,0,0,0,0,1,1,1,0,1,0.689312
0,0,1,1,0,1,1,1,1,0,1,1,1,1,1,0,1,1,1,0,1,1,0,0,1,0,0,0,0,1,0,0,0.643755
0,1,0,1,1,0,1,1,0,0,1,0,1,1,0,1,0,1,1,1,0,1,1,0,1,0,0,1,1,1,0,1,0.643169
1,1,1,1,0,1,0,0,1,1,0,0,0,1,0,0,0,0,0,0,1,1,0,0,1,0,1,1,0,0,0,0,0.691789
0,0,1,0,1,0,0,0,0,0,1,1,0,1,0,1,1,0,1,0,0,0,0,0,0,1,1,1,1,0,1,1,0.717844
0,0,0,1,0,0,0,0,0,0,1,0,0,0,0,0,0,0,0,1,0,0,1,0,0,1,0,0,0,1,1,0,0.416960
1,1,1,0,0,1,0,0,1,0,1,1,0,0,0,1,0,1,0,0,1,0,0,0,1,0,1,1,0,1,0,1,0.648684
1,1,0,0,1,0,1,0,0,1,1,0,1,1,0,1,1,1,0,1,0,1,1,0,1,0,0,0,0,0,0,0,0.633259
1,0,0,1,1,0,1,0,0,1,0,0,0,0,1,1,1,0,0,1,1,1,1,1,1,0,0,1,1,1,0,0,0.606671
0,0,0,0,1,1,0,0,1,0,0,1,1,1,1,1,0,0,1,0,0,0,0,0,1,1,0,0,1,0,1,0,0.638960
0,0,1,1,1,0,0,1,0,0,0,1,0,0,1,0,0,1,0,0,1,0,1,1,1,1,1,0,1,0,1,1,0.657156
1,1,0,0,0,0,1,1,1,1,0,1,1,0,1,0,0,0,1,0,1,0,0,1,1,0,1,1,1,1,0,0,0.674792
1,1,1,1,0,1,1,1,0,1,0,0,1,1,1,1,1,0,0,1,1,1,0,0,0,1,1,1,0,1,1,0,0.640319
0,1,0,1,1,1,0,0,1,1,1,1,1,0,1,0,1,1,0,1,1,0,0,0,1,0,0,0,1,0,0,1,0.617274
1,1,1,1,1,1,0,0,1,1,0,1,0,0,0,0,0,1,0,0,1,0,0,1,0,0,0,1,0,0,1,0,0.736466
0,1,0,1,0,0,1,1,0,1,0,1,0,0,1,0,0,0,0,0,0,1,1,1,0,1,0,0,0,1,0,0,0.605392
1,1,0,1,0,0,1,0,1,0,1,0,0,0,1,1,0,1,0,0,1,1,1,1,0,0,1,0,0,1,1,0,0.583946
1,0,1,0,1,0,0,1,1,1,0,1,0,0,1,1,1,1,1,0,0,0,0,0,1,0,1,0,1,1,0,1,0.647006
1,0,1,0,1,0,1,0,1,0,1,1,1,0,1,0,1,0,0,1,0,1,1,1,0,1,1,1,0,1,1,1,0.651668
0,0,1,1,1,0,0,0,1,0,1,1,1,1,0,0,0,1,1,1,1,0,1,1,0,0,1,0,0,0,1,1,0.613704
0,1,1,0,0,0,0,1,1,1,1,0,1,0,0,1,0,1,1,0,0,1,0,1,1,1,1,0,1,1,0,0,0.625826
0,0,0,1,1,0,1,1,1,0,1,0,1,0,0,1,1,0,0,0,0,1,0,1,1,0,0,0,0,1,0,1,0.587756
0,0,0,0,0,1,1,0,0,0,1,0,0,1,0,0,1,1,0,0,1,0,0,0,0,1,0,0,0,1,1,1,0.576034
1,0,1,0,0,1,1,0,0,1,1,0,1,0,0,1,1,0,0,1,1,0,1,0,0,0,0,0,0,0,0,1,0.580083
1,1,1,0,0,1,1,0,0,0,1,0,1,0,0,0,0,1,1,1,0,0,0,0,0,0,1,1,0,0,1,1,0.607230
1,0,0,0,0,0,1,0,0,1,0,1,1,1,1,1,1,1,0,1,1,0,1,0,0,0,0,1,0,0,0,0,0.537404
0,0,0,0,0,0,0,1,1,1,1,0,0,1,1,1,1,1,1,0,0,0,1,1,1,1,1,0,1,1,1,0,0.668558
0,0,1,0,0,1,1,0,0,0,1,1,1,0,1,1,1,1,0,0,0,0,1,0,0,0,1,0,0,0,1,1,0.619112
0,0,1,1,0,1,0,1,1,0,0,0,0,1,1,1,1,0,0,1,0,0,0,1,1,1,1,1,0,0,1,0,0.611946
1,1,0,1,0,0,1,0,0,1,1,1,0,0,0,1,1,0,1,1,0,0,1,1,1,1,1,0,0,1,1,1,0.614051
0,0,1,1,0,0,0,0,1,1,0,0,0,0,0,1,0,1,1,1,0,1,1,0,0,1,1,1,0,1,1,1,0.608269
1,1,0,1,0,1,1,0,0,0,1,1,1,1,0,0,0,1,0,1,0,0,0,1,1,1,1,0,0,1,1,1,0.633126
1,0,1,0,0,1,0,1,1,1,0,1,1,1,1,0,0,1,1,0,1,0,0,0,1,1,0,0,0,0,1,0,0.606591
1,0,1,1,1,0,0,1,1,1,0,0,0,1,0,0,1,0,0,0,1,0,0,1,1,1,1,0,0,1,1,1,0.607630
0,1,1,0,0,0,1,0,0,0,0,0,1,1,0,0,0,0,1,0,0,0,1,1,0,1,0,1,0,1,0,1,0.573503
1,1,0,1,0,0,0,1,1,1,1,1,1,0,0,1,0,0,1,1,0,1,1,1,0,1,1,1,1,0,1,1,0.689312
1,1,0,0,1,0,0,0,0,0,1,0,1,1,0,1,1,1,1,1,0,0,0,0,0,0,0,1,0,1,0,1,0.600224
0,0,0,1,0,1,0,1,0,1,0,0,0,0,0,1,0,1,1,0,1,0,1,0,1,1,1,0,0,1,0,0,0.549552
1,1,0,0,1,1,0,0,0,0,1,1,1,0,1,0,0,1,1,1,0,1,0,1,0,1,0,0,1,1,1,1,0.645673
1,1,0,0,0,0,1,0,1,1,0,1,0,0,0,1,0,1,1,1,1,1,0,0,1,0,0,0,1,0,1,1,0.635656
0,0,0,1,0,0,0,0,0,0,0,1,1,1,1,0,1,0,1,1,0,1,0,1,0,0,1,1,1,0,0,0,0.559410
0,1,0,1,1,1,1,0,0,0,0,0,1,0,1,1,0,0,0,1,1,1,1,1,0,0,0,1,0,0,1,1,0.535726
0,1,1,1,0,1,1,1,0,1,0,0,0,0,1,1,1,1,1,1,0,0,1,1,0,0,0,1,0,1,0,1,0.798007
1,1,1,0,0,1,1,1,1,0,1,0,1,1,0,0,0,1,1,0,1,1,1,1,1,0,0,1,0,1,0,1,0.618873
1,0,0,1,0,0,0,1,0,1,0,1,1,1,1,1,1,1,1,0,1,1,1,1,1,1,1,0,1,0,0,1,0.677696
1,1,1,1,0,1,0,0,1,1,1,0,0,0,1,1,0,0,1,0,1,0,0,0,0,0,0,0,0,1,0,0,0.596707
1,1,1,0,0,0,1,0,0,1,1,1,0,0,0,1,1,1,0,0,1,0,0,1,0,0,0,1,0,0,0,0,0.628676
1,0,1,1,0,1,0,1,1,0,0,0,0,0,0,1,0,1,0,1,0,1,1,0,1,0,0,1,0,0,0,0,0.638081
0,0,0,0,1,1,1,1,0,0,0,0,1,0,1,1,0,1,1,1,1,1,0,0,0,0,0,0,0,0,1,1,0.692242
1,1,0,1,1,1,1,0,0,0,0,0,1,1,0,1,1,1,0,0,1,0,0,0,1,1,0,0,0,0,1,1,0.602568
1,0,1,1,0,0,0,1,1,0,0,0,1,0,0,0,0,0,1,1,1,0,1,1,0,0,0,1,0,0,1,1,0.587383
1,1,1,1,0,0,1,1,1,1,0,1,1,0,0,1,1,1,0,1,1,1,1,1,1,0,0,0,1,1,0,0,0.754902
1,1,1,1,1,0,0,1,1,1,1,1,0,1,1,0,0,0,1,0,0,0,0,0,1,0,0,0,1,0,1,0,0.682278
0,0,0,0,1,1,1,1,1,0,1,0,0,0,0,0,0,0,1,0,0,1,0,1,1,0,1,0,0,1,0,1,0.593857
0,1,1,0,1,0,0,0,1,1,0,1,1,1,0,1,1,0,0,1,1,0,0,1,1,0,1,1,1,0,0,0,0.594283
1,1,0,1,0,0,1,1,1,1,0,0,1,1,1,0,0,1,1,1,1,1,1,1,0,0,0,1,1,1,1,0,0.690537
0,0,0,0,1,0,1,0,0,0,1,1,0,1,0,1,0,0,1,0,1,0,1,0,0,0,1,1,0,0,1,0,0.446878
1,0,0,1,0,0,1,0,1,1,0,1,0,1,1,0,1,1,1,1,0,1,1,0,1,0,1,1,0,0,1,1,0.617221
1,1,0,1,0,0,0,1,0,0,0,0,0,0,0,1,0,0,1,1,0,1,1,0,1,1,1,0,0,0,1,1,0.647885
1,1,0,1,1,1,0,0,0,1,1,1,1,1,1,1,1,1,0,0,0,1,0,0,0,1,0,1,0,0,1,0,0.608935
1,0,0,1,0,0,0,0,0,1,1,0,1,0,1,0,0,1,1,0,1,1,1,1,0,1,1,1,1,0,0,1,0.611546
0,1,0,1,1,0,0,0,0,1,0,1,1,1,1,0,0,1,1,0,1,0,1,1,1,1,0,0,1,1,0,0,0.659340
0,0,0,0,1,0,0,1,1,0,0,1,0,1,1,0,0,1,1,0,1,0,1,1,0,1,0,1,1,1,0,1,0.626678
0,1,0,1,1,0,1,0,1,0,1,0,1,0,0,1,1,0,0,1,1,1,0,0,1,0,0,1,1,1,1,1,0.633046
1,1,0,0,0,1,0,0,1,0,1,0,1,1,0,1,1,0,1,0,1,1,1,0,1,0,1,1,1,0,0,1,0.622389
1,1,1,1,1,1,0,1,0,1,1,0,0,0,1,1,0,1,1,0,0,1,1,1,0,0,1,1,0,1,0,0,0.722293
1,0,0,1,1,1,1,0,0,1,0,0,1,0,1,0,0,1,0,1,0,0,0,0,0,0,1,0,1,0,0,1,0.575607
1,1,0,1,1,0,0,1,0,0,0,1,0,0,0,0,0,0,1,0,1,0,0,0,1,1,0,0,0,1,0,0,0.668931
0,1,1,1,0,1,0,0,0,0,0,0,0,1,0,0,0,0,0,0,1,0,1,1,1,0,1,0,0,1,1,1,0.577073
1,1,1,1,1,1,0,0,1,1,1,0,1,1,0,1,1,0,0,1,0,0,0,0,1,1,1,1,1,1,0,0,0.670050
0,1,0,1,0,1,1,1,1,0,1,0,1,0,1,1,1,0,1,0,1,0,1,1,0,1,0,0,1,1,1,0,0.662457
0,0,0,1,1,0,0,0,1,1,0,0,1,0,0,1,0,1,1,0,0,0,1,1,0,1,1,1,0,0,0,1,0.589274
0,0,1,1,1,1,0,0,1,0,1,0,1,1,0,0,0,0,1,0,0,1,0,0,0,0,0,0,0,1,1,0,0.624201
0,0,0,1,0,0,1,1,1,1,1,1,1,0,1,0,1,0,0,1,0,1,1,0,1,0,1,1,1,1,0,0,0.736440
0,1,1,1,1,0,1,1,1,1,0,0,1,0,1,0,1,0,0,1,1,1,1,0,1,1,1,1,1,1,0,0,0.817349
1,0,0,1,0,0,1,1,0,1,1,0,1,1,1,1,0,0,1,1,0,0,1,1,0,1,1,0,0,1,1,1,0.671009
0,1,1,1,0,0,1,0,0,0,1,0,0,1,1,1,0,1,1,0,1,1,0,1,0,0,0,0,1,0,0,0,0.575847
1,0,1,0,0,0,1,0,1,1,0,0,1,1,0,0,0,0,1,0,1,0,1,0,1,0,1,1,0,1,1,1,0.601556
1,1,0,0,1,0,0,0,1,0,0,0,0,0,0,1,1,0,0,1,0,0,0,0,0,1,0,0,0,0,0,1,0.585651
0,0,1,1,0,1,1,0,1,1,1,1,0,0,1,0,1,0,0,1,0,0,1,0,0,0,0,1,0,1,1,1,0.626252
1,1,0,1,1,0,1,0,0,1,1,0,0,0,0,0,1,0,0,1,0,0,1,0,0,0,1,0,0,1,0,1,0.611786
