1,1,0,0,1,1,1,0,1,0,1,0,0,1,0,1,1,1,0,0,1,1,0,0,0,0,0,0,1,1,1,1,0.597000
1,0,1,1,0,0,1,0,1,1,1,1,1,0,1,1,0,0,1,0,1,1,1,0,0,0,1,0,0,0,1,0,0.642370
0,0,0,1,1,0,1,0,0,1,0,0,0,0,1,1,1,0,1,0,1,1,1,1,0,0,1,0,0,0,0,0,0.582587
0,1,1,0,1,1,1,0,1,0,1,0,1,0,1,1,0,0,1,1,1,0,0,0,1,1,0,0,1,0,0,1,0.580456
1,1,1,0,1,1,0,1,1,1,0,0,1,0,1,0,0,1,1,1,1,1,0,1,1,0,0,1,0,0,1,1,0.622602
0,1,1,1,1,1,0,1,0,0,0,0,1,0,1,1,0,0,0,1,1,0,1,0,0,0,0,1,1,1,1,0,0.624307
1,1,0,1,1,0,0,1,1,0,0,1,0,1,0,1,0,0,0,0,1,0,0,1,1,0,1,1,1,1,1,0,0.707614
0,0,0,1,0,1,1,0,0,0,0,1,0,0,0,1,1,0,1,0,1,1,1,1,0,0,1,0,1,1,1,0,0.605472
0,0,1,0,0,0,1,1,0,0,0,1,1,0,0,1,1,1,1,1,1,0,0,0,0,0,0,0,1,1,0,0,0.542599
0,1,0,0,0,1,0,0,0,1,0,1,0,0,1,1,0,1,0,0,1,0,0,1,0,0,0,1,1,1,0,1,0.588848
0,1,0,0,0,0,0,1,1,0,1,1,1,0,0,0,1,1,1,1,1,1,0,0,0,0,0,1,1,1,0,0,0.612612
0,0,1,1,1,0,0,1,0,1,1,0,0,0,0,0,1,1,1,1,0,1,1,0,1,1,1,1,0,0,1,0,0.647112
0,0,0,1,0,1,0,1,0,1,1,1,0,1,0,1,1,1,1,0,0,0,1,0,0,1,1,1,0,1,1,0,0.619752
1,1,0,0,0,1,0,1,1,1,0,1,0,1,0,0,0,1,0,0,1,1,0,0,0,1,1,0,0,1,1,1,0.627318
0,1,0,1,1,0,1,1,0,1,1,0,0,1,0,1,0,1,1,0,0,1,0,0,1,0,1,1,0,0,0,0,0.641571
1,0,1,0,1,0,1,1,0,0,0,1,1,1,1,1,1,1,1,1,0,1,1,1,0,0,1,0,1,0,0,1,0.616688
0,1,1,0,1,0,1,1,1,1,0,1,1,0,0,1,0,1,0,0,1,1,1,0,0,0,1,1,1,1,1,1,0.652973
1,1,0,0,0,0,1,1,1,0,0,1,0,1,0,1,1,1,0,0,0,1,0,1,1,0,1,1,0,0,0,0,0.641677
0,0,0,0,1,1,1,1,1,0,1,0,0,0,1,0,1,1,0,0,1,1,0,0,1,1,1,0,0,1,1,0,0.578138
1,0,0,0,1,1,0,0,1,0,0,0,1,1,0,0,0,1,0,1,0,0,1,1,1,0,0,0,1,1,1,0,0.602568
0,0,1,0,0,1,0,1,0,0,0,1,1,0,1,1,1,1,0,1,1,1,1,1,0,1,0,1,0,1,1,1,0.670237
1,0,1,0,1,0,1,0,1,1,1,0,1,1,1,0,0,0,0,1,1,0,0,1,0,1,1,0,0,0,1,1,0.605445
1,1,1,0,0,1,1,0,1,0,0,1,0,1,1,0,0,1,0,1,0,1,1,0,1,1,0,0,0,0,0,1,0.599504
1,0,1,0,1,0,0,0,1,0,1,0,0,0,1,1,0,1,1,1,1,1,1,1,0,1,1,1,0,0,0,0,0.650123
1,0,1,1,0,0,0,1,1,1,0,1,1,1,0,0,0,0,1,1,0,0,0,1,1,1,1,0,0,1,0,0,0.654465
1,1,1,1,0,0,1,1,1,0,0,1,1,0,0,0,1,0,0,1,0,0,0,0,0,0,1,0,0,1,1,0,0.612665
1,0,1,1,0,0,0,1,0,1,0,1,0,0,1,1,0,1,1,1,1,0,1,1,0,1,0,1,1,0,0,1,0.692855
1,1,1,1,1,0,0,1,0,1,0,0,0,0,0,0,1,0,1,1,1,0,0,0,0,1,1,1,1,0,1,1,0.650709
0,1,1,1,0,1,0,0,0,1,0,1,0,1,1,0,1,1,1,1,0,0,1,1,0,0,0,1,0,1,0,0,0.621430
0,0,0,1,1,0,0,0,0,1,1,1,0,0,0,1,1,0,1,0,0,1,1,1,0,1,0,1,0,0,1,0,0.651481
0,0,1,0,0,0,1,0,1,0,1,0,1,0,1,1,0,1,0,1,1,1,1,0,1,0,1,0,1,1,1,0,0.599318
0,1,0,1,0,1,0,0,0,0,0,0,1,0,0,1,0,1,0,1,1,1,0,0,1,0,1,1,0,1,0,1,0.580376
1,0,0,1,1,0,1,0,1,1,0,0,0,0,1,0,1,0,0,1,0,0,0,1,0,1,0,0,1,0,1,1,0.608642
1,1,0,0,1,1,0,1,1,1,0,1,1,0,0,1,0,1,0,1,1,1,1,1,0,0,1,0,1,1,0,0,0.614663
1,1,1,0,0,0,0,1,0,1,0,1,0,1,0,1,1,1,0,1,0,1,1,0,1,1,1,1,0,0,0,1,0.645833
1,1,1,1,0,1,1,1,1,0,1,0,0,1,1,0,1,1,0,1,1,1,0,1,0,0,1,0,1,1,0,1,0.621190
0,1,1,1,0,0,0,0,1,0,0,0,0,1,1,1,1,0,0,0,1,1,1,0,1,1,1,1,0,1,1,0,0.616315
0,1,1,0,0,0,1,0,1,1,0,1,1,0,0,1,0,0,1,1,0,1,1,0,1,0,1,1,0,1,0,0,0.630115
0,0,1,0,0,0,1,0,1,0,1,1,1,1,0,1,1,1,0,0,0,1,0,0,0,1,1,1,1,0,0,0,0.632726
1,0,1,1,0,1,0,1,1,1,0,0,0,0,0,1,1,0,1,0,0,0,0,1,1,1,1,0,1,1,0,1,0.615462
1,0,1,0,0,1,1,1,1,1,0,1,1,0,0,1,0,0,1,1,1,0,0,1,1,0,1,0,0,1,1,0,0.608243
1,0,1,1,1,0,0,0,0,1,0,1,0,1,1,1,1,0,0,1,0,1,1,0,0,1,0,1,1,0,0,0,0.597160
1,0,1,1,0,1,1,0,0,0,1,1,0,1,1,0,1,0,1,1,1,0,0,1,1,0,1,0,0,0,1,1,0.605392
1,1,1,1,1,1,0,0,1,1,1,0,1,0,0,1,0,0,0,1,1,1,0,1,1,0,1,0,1,0,1,1,0.627771
1,1,1,0,1,1,1,1,1,1,1,1,1,0,1,1,1,0,1,0,1,1,1,1,0,1,0,1,0,0,0,1,0.688459
0,0,0,0,0,0,0,0,0,0,0,1,0,0,0,0,0,0,1,0,0,0,0,0,1,0,1,1,0,1,0,1,0.517583
0,1,0,1,0,1,0,1,0,1,1,0,1,1,0,1,1,0,1,0,0,0,1,0,0,1,0,1,0,0,0,0,0.597133
1,1,0,0,1,0,1,1,0,0,0,1,1,1,0,1,0,0,1,0,1,1,1,1,1,0,0,0,1,0,1,1,0.539189
0,0,1,1,0,0,0,0,1,1,0,1,1,1,1,1,1,0,1,1,0,1,0,1,1,1,1,0,1,0,1,0,0.655051
0,0,1,1,0,1,1,1,1,0,0,0,0,1,1,0,1,1,0,0,1,1,0,1,1,0,0,0,0,0,0,1,0.592258
0,1,0,1,0,0,0,1,0,0,1,0,1,1,1,0,1,0,1,1,0,0,1,0,1,0,1,0,0,0,1,0,0.584745
0,0,0,0,1,1,0,0,0,0,0,0,1,1,1,1,1,0,0,0,0,1,1,1,1,0,1,1,0,0,0,1,0.575101
1,0,1,0,1,1,1,1,1,1,1,1,0,1,1,1,1,0,0,0,0,0,1,1,1,0,0,0,0,0,1,0,0.594949
0,1,0,0,0,1,1,0,1,1,1,0,1,1,1,0,0,1,0,0,0,0,0,0,0,0,0,0,1,1,1,0,0.605552
1,0,0,0,0,0,1,0,1,1,0,1,0,1,1,0,0,1,1,0,1,1,0,1,1,1,0,1,0,0,0,1,0.642343
1,0,0,1,1,1,1,1,1,1,1,0,1,0,1,0,0,1,1,1,1,1,1,0,0,1,1,1,1,1,0,1,0.655424
0,0,1,0,0,0,0,0,0,0,1,1,1,0,1,1,1,1,0,1,0,1,1,0,1,1,1,1,1,1,1,1,0.670956
1,0,1,0,1,1,1,0,0,0,1,1,0,0,0,0,0,1,0,1,0,1,0,1,0,1,1,0,1,0,1,0,0.595881
1,1,0,1,1,1,1,0,1,1,1,0,0,1,0,1,0,0,0,0,0,0,0,1,0,1,1,0,1,0,0,1,0.647885
1,1,1,0,0,0,0,1,1,0,0,1,0,0,0,1,0,1,0,1,1,1,0,1,1,1,1,0,0,1,1,0,0.609228
0,1,1,1,0,1,1,0,1,0,0,1,1,1,1,1,0,1,1,0,0,0,0,1,0,1,0,1,0,0,0,1,0.674020
0,1,0,1,1,1,1,1,0,0,1,0,1,0,0,0,1,1,0,1,0,1,1,1,1,0,1,0,1,0,0,0,0.595402
0,1,1,1,1,1,1,1,0,0,1,1,1,1,1,1,0,1,1,1,0,0,0,1,0,0,0,1,0,0,0,0,0.675005
0,0,1,0,1,0,0,0,0,0,0,1,1,1,0,0,0,0,1,0,1,0,1,1,1,0,1,0,1,1,0,1,0.602621
1,0,0,0,1,1,0,0,0,0,1,1,0,0,1,0,0,0,1,0,1,0,0,0,0,0,0,1,0,0,1,1,0.630541
1,1,0,1,1,0,0,1,0,0,0,0,1,0,1,1,0,0,1,1,0,0,1,0,1,0,1,1,1,0,1,1,0.696185
0,1,1,0,1,0,1,1,1,1,1,1,0,0,1,0,1,1,0,1,0,0,1,0,0,1,1,0,1,0,1,1,0.603954
1,1,1,1,0,1,1,0,0,0,0,0,1,0,1,1,1,1,1,0,0,0,1,1,1,1,1,1,0,1,0,0,0.648338
1,1,1,1,1,1,0,1,0,0,0,0,1,0,1,0,1,1,0,0,0,1,0,1,1,0,0,0,0,1,0,1,0.603794
1,0,0,1,1,0,0,1,1,0,1,1,0,1,1,1,0,0,0,1,0,0,1,0,1,0,1,0,0,1,0,0,0.581895
0,0,1,1,0,1,0,1,1,0,1,1,1,1,0,0,1,1,1,1,0,0,1,0,0,0,1,0,0,1,0,1,0.618553
0,0,0,0,1,1,0,0,1,1,0,0,1,1,1,1,0,1,0,0,0,1,1,1,0,1,0,1,0,0,1,1,0.603261
1,0,0,1,0,1,0,0,1,0,0,0,1,1,0,1,0,0,0,0,0,0,0,0,0,0,1,0,1,1,1,1,0.588049
1,1,0,0,0,0,0,0,0,1,0,0,0,1,1,0,0,0,0,1,0,0,1,0,1,0,1,0,0,0,0,1,0.579630
0,0,1,0,1,0,1,0,1,1,0,1,1,0,1,0,0,1,0,1,0,1,1,0,1,1,1,0,1,0,0,1,0.599531
1,0,0,0,0,0,1,0,1,0,1,0,1,1,0,1,0,0,1,0,1,1,0,1,1,1,1,0,1,1,0,0,0.615942
1,0,0,1,1,1,0,1,1,0,1,1,0,1,0,0,1,0,1,0,0,1,1,0,0,1,0,0,0,0,1,1,0.601476
0,1,0,1,1,1,1,0,1,1,1,0,0,1,1,0,1,0,0,1,0,1,0,1,1,0,0,0,1,1,1,0,0.625666
0,1,0,1,0,1,1,0,0,0,0,0,0,0,1,1,1,0,1,1,1,0,0,0,0,1,0,0,1,0,0,0,0.543212
0,0,1,0,1,1,0,0,1,1,0,1,0,0,0,0,0,0,0,0,1,1,1,0,1,1,1,0,1,1,1,0,0.573183
0,0,0,0,0,1,1,1,1,0,0,1,0,1,1,1,0,0,0,1,0,0,1,0,1,0,0,1,1,0,0,1,0.605605
1,1,0,0,1,0,1,1,0,0,0,0,1,1,1,1,0,1,0,1,0,0,1,1,1,0,0,1,0,0,1,0,0.620764
0,0,1,1,0,0,0,1,1,0,0,1,1,0,0,0,1,1,0,1,1,1,1,0,0,0,0,0,0,0,1,1,0.581202
1,1,0,0,1,1,1,0,0,0,1,1,0,1,1,1,0,1,1,1,0,1,0,0,0,0,0,1,0,1,1,0,0.639413
1,0,1,1,0,0,1,0,0,0,0,1,1,0,0,0,1,1,1,1,0,1,1,0,1,1,1,0,0,0,1,0,0.636695
0,1,1,0,1,1,0,0,1,0,0,1,0,0,1,0,0,0,1,1,0,0,0,1,0,0,1,1,0,1,1,0,0.650229
1,1,0,0,0,0,1,0,0,0,1,0,0,1,0,0,0,0,1,1,1,0,1,0,0,0,1,1,1,0,0,0,0.580083
0,1,0,1,1,1,0,1,1,1,0,0,1,1,0,1,1,0,0,0,0,0,1,1,0,0,0,0,0,1,1,0,0.579817
1,0,0,1,0,1,0,1,0,1,1,1,1,0,1,1,0,1,0,1,1,0,0,1,1,1,1,1,1,1,1,0,0.637628
0,0,0,1,0,0,0,1,0,1,1,0,1,0,0,0,0,0,1,1,0,1,0,0,1,0,1,1,0,1,1,0,0.609415
0,1,1,0,0,1,1,1,1,0,1,1,0,1,1,1,0,0,1,0,1,0,1,1,0,0,1,1,1,1,1,0,0.600783
0,0,0,1,0,0,0,0,1,0,0,1,0,0,1,1,0,1,0,1,0,0,0,1,1,1,1,0,0,1,0,1,0.517556
0,1,1,1,0,0,1,1,1,1,0,1,1,1,0,0,0,0,0,1,0,1,0,1,0,1,1,1,1,0,0,1,0.685395
1,1,1,0,0,1,0,1,0,0,1,0,1,1,0,0,1,1,0,1,0,0,1,0,0,1,0,1,0,1,1,1,0.636216
1,1,0,1,1,1,1,1,1,0,1,0,0,1,0,0,1,0,1,0,1,1,1,1,1,1,1,1,0,1,0,1,0.628783
0,0,1,1,1,1,1,0,0,1,1,0,1,0,0,1,1,1,1,0,0,1,0,0,1,1,0,1,1,0,1,1,0.632726
0,1,0,1,1,0,1,0,0,0,1,1,1,0,1,0,1,0,0,0,1,1,1,1,1,1,0,1,1,0,0,0,0.701620
0,0,1,1,0,1,1,0,0,1,0,1,0,1,0,0,0,1,0,1,1,1,1,1,1,1,0,0,1,0,1,1,0.604087
0,1,0,1,1,0,1,1,1,1,0,1,0,0,0,1,0,0,0,0,0,1,0,1,1,0,0,1,1,0,1,1,0.649536
0,0,0,0,1,1,1,0,1,0,1,0,0,0,0,1,1,1,0,0,0,0,1,1,1,0,0,0,1,1,1,0,0.572597
0,0,0,1,0,1,1,0,1,1,1,1,0,0,1,0,1,1,0,0,1,1,1,0,1,1,1,0,1,1,0,1,0.623135
0,0,1,1,1,0,0,0,0,1,1,1,1,0,0,0,0,0,1,1,0,1,0,1,0,1,0,0,1,1,0,1,0.534340
0,1,0,1,1,1,1,1,0,1,1,0,1,1,1,0,0,0,0,1,1,0,0,0,0,0,1,1,0,1,0,1,0.685022
1,1,1,1,0,0,1,1,0,1,1,0,0,0,1,0,0,1,0,0,1,0,1,0,1,0,0,0,0,0,0,1,0.609042
1,1,1,1,0,0,1,0,0,1,0,1,0,1,1,0,1,1,0,0,1,0,1,0,0,1,0,0,1,0,0,0,0.609601
0,1,0,0,1,1,1,1,0,1,1,1,0,0,0,0,0,1,0,1,0,0,1,1,0,1,1,1,0,0,0,0,0.729460
0,0,0,0,0,1,0,0,0,1,1,1,1,0,1,0,0,0,0,1,1,1,0,0,1,0,0,0,0,0,0,1,0.468350
0,1,1,1,0,1,0,1,1,0,0,0,1,0,0,1,1,1,1,0,0,0,1,0,1,0,1,1,0,0,0,1,0.634244
1,0,1,0,1,0,1,0,0,0,1,1,1,1,1,0,0,0,1,1,0,0,0,1,0,1,1,0,1,0,0,1,0.587942
1,1,0,1,0,1,0,0,0,1,0,1,0,1,0,1,0,1,1,0,1,1,1,1,1,1,0,1,1,1,0,0,0.647458
1,0,1,0,1,1,0,1,0,1,0,1,0,1,0,0,1,0,1,1,1,1,0,0,1,1,1,1,0,0,1,0,0.679588
1,1,1,0,0,1,0,0,1,0,0,1,0,1,1,0,0,1,0,0,0,1,0,1,0,1,1,1,1,0,0,1,0.656703
0,0,1,1,1,1,1,1,1,1,1,1,1,0,1,1,0,1,0,1,1,0,1,1,1,1,0,0,1,0,1,0,0.618873
0,0,1,1,1,0,0,1,1,0,0,0,0,0,1,1,0,1,1,1,0,0,1,1,1,0,0,0,0,0,0,0,0.627344
1,1,1,1,0,1,1,0,1,1,0,0,1,0,1,1,0,0,1,0,0,1,0,0,1,0,1,1,1,0,0,0,0.623668
1,1,1,0,0,1,0,0,0,0,1,1,1,1,0,0,0,0,0,1,0,1,0,0,0,1,0,1,1,0,1,1,0.666107
0,1,0,0,0,0,1,1,1,0,0,1,0,1,1,0,1,0,0,1,0,1,1,0,1,0,0,0,0,0,0,0,0.601050
0,0,0,1,1,0,0,1,1,0,0,0,1,0,1,1,1,0,1,1,1,0,0,0,1,1,1,0,0,1,1,1,0.623322
1,1,0,0,1,1,0,1,1,0,0,0,1,1,1,0,0,1,1,0,0,1,1,0,0,1,0,0,1,0,1,0,0.601662
0,1,0,1,0,0,1,0,1,1,0,0,0,0,0,1,0,1,0,0,0,0,0,0,1,1,1,1,1,1,1,0,0.610774
1,0,1,1,1,1,1,1,1,0,1,1,0,1,1,0,0,1,1,0,1,0,0,0,1,0,0,1,1,0,0,1,0.635577
0,0,1,0,0,1,1,0,0,0,1,1,0,0,0,1,1,0,1,0,0,1,0,0,1,0,1,1,1,0,1,0,0.599451
1,0,1,0,0,0,0,0,0,1,1,0,0,0,0,0,0,0,1,1,0,0,1,1,1,0,0,1,0,0,1,0,0.651801
1,0,1,0,0,1,0,1,0,0,0,1,1,1,1,1,0,1,0,0,0,0,1,1,1,1,0,1,1,1,0,0,0.640452
1,1,0,0,0,1,1,1,1,1,0,1,1,0,1,0,1,0,0,0,1,1,0,1,0,1,1,1,1,1,1,1,0.649163
0,0,1,1,1,0,0,0,0,0,0,0,1,0,1,1,1,1,1,1,1,0,0,1,1,0,1,0,0,1,0,1,0.584532
0,0,1,1,1,1,1,0,0,0,1,0,1,0,1,0,0,0,1,1,0,0,0,1,0,1,0,0,1,1,0,0,0.557012
0,0,0,1,0,1,1,0,0,0,0,0,0,1,0,0,1,1,0,0,0,0,1,0,0,1,0,1,0,0,1,0,0.556026
