0,1,0,0,0,0,1,1,1,0,0,1,0,1,1,0,1,0,0,1,0,1,1,0,1,0,0,0,0,0,0,0,0.604300
0,1,1,0,1,1,0,0,1,0,0,1,0,0,1,0,0,0,1,1,0,0,0,1,0,0,1,1,0,1,1,0,0.664136
1,1,0,1,1,1,1,0,1,1,1,0,0,1,0,1,0,0,0,0,0,0,0,1,0,1,1,0,1,0,0,1,0.666267
0,0,1,0,0,1,1,0,0,0,1,1,0,0,0,1,1,0,1,0,0,1,0,0,1,0,1,1,1,0,1,0,0.604646
0,0,1,0,1,1,0,0,1,1,0,1,0,0,0,0,0,0,0,0,1,1,1,0,1,1,1,0,1,1,1,0,0.575847
0,0,1,1,1,1,1,0,0,1,1,0,1,0,0,1,1,1,1,0,0,1,0,0,1,1,0,1,1,0,1,1,0.636456
0,1,1,1,1,1,0,1,0,0,0,0,1,0,1,1,0,0,0,1,1,0,1,0,0,0,0,1,1,1,1,0,0.635150
0,0,1,1,1,0,0,0,0,1,1,1,1,0,0,0,0,0,1,1,0,1,0,1,0,1,0,0,1,1,0,1,0.524004
1,0,1,0,0,1,0,1,0,0,0,1,1,1,1,1,0,1,0,0,0,0,1,1,1,1,0,1,1,1,0,0,0.643436
1,1,0,0,0,1,1,1,1,1,0,1,1,0,1,0,1,0,0,0,1,1,0,1,0,1,1,1,1,1,1,1,0.652227
0,0,0,0,0,1,0,0,0,1,1,1,1,0,1,0,0,0,0,1,1,1,0,0,1,0,0,0,0,0,0,1,0.461610
0,0,1,0,0,0,1,1,0,0,0,1,1,0,0,1,1,1,1,1,1,0,0,0,0,0,0,0,1,1,0,0,0.540947
1,1,0,0,0,1,0,1,1,1,0,1,0,1,0,0,0,1,0,0,1,1,0,0,0,1,1,0,0,1,1,1,0.627771
1,0,1,1,1,0,0,0,0,1,0,1,0,1,1,1,1,0,0,1,0,1,1,0,0,1,0,1,1,0,0,0,0.598972
1,1,0,0,0,0,0,0,0,1,0,0,0,1,1,0,0,0,0,1,0,0,1,0,1,0,1,0,0,0,0,1,0.584026
1,0,0,0,0,0,1,0,1,0,1,0,1,1,0,1,0,0,1,0,1,1,0,1,1,1,1,0,1,1,0,0,0.617993
0,1,1,0,0,1,1,1,1,0,1,1,0,1,1,1,0,0,1,0,1,0,1,1,0,0,1,1,1,1,1,0,0.598226
0,0,1,1,1,1,1,1,1,1,1,1,1,0,1,1,0,1,0,1,1,0,1,1,1,1,0,0,1,0,1,0,0.621190
0,0,1,1,0,0,0,1,1,0,0,1,1,0,0,0,1,1,0,1,1,1,1,0,0,0,0,0,0,0,1,1,0.581682
0,1,0,1,1,1,1,1,0,1,1,0,1,1,1,0,0,0,0,1,1,0,0,0,0,0,1,1,0,1,0,1,0.697251
0,1,1,0,1,0,1,1,1,1,0,1,1,0,0,1,0,1,0,0,1,1,1,0,0,0,1,1,1,1,1,1,0.664535
1,1,0,0,1,1,1,0,0,0,1,1,0,1,1,1,0,1,1,1,0,1,0,0,0,0,0,1,0,1,1,0,0.648231
0,1,0,1,1,1,0,1,1,1,0,0,1,1,0,1,1,0,0,0,0,0,1,1,0,0,0,0,0,1,1,0,0.581602
0,1,0,1,0,1,0,0,0,0,0,0,1,0,0,1,0,1,0,1,1,1,0,0,1,0,1,1,0,1,0,1,0.577659
0,1,1,1,0,1,0,1,1,0,0,0,1,0,0,1,1,1,1,0,0,0,1,0,1,0,1,1,0,0,0,1,0.643702
1,1,1,1,0,0,1,0,0,1,0,1,0,1,1,0,1,1,0,0,1,0,1,0,0,1,0,0,1,0,0,0,0.611200
0,1,0,0,0,0,0,1,1,0,1,1,1,0,0,0,1,1,1,1,1,1,0,0,0,0,0,1,1,1,0,0,0.613278
0,0,1,0,0,0,0,0,0,0,1,1,1,0,1,1,1,1,0,1,0,1,1,0,1,1,1,1,1,1,1,1,0.682891
0,0,0,1,0,1,1,0,1,1,1,1,0,0,1,0,1,1,0,0,1,1,1,0,1,1,1,0,1,1,0,1,0.626785
1,1,1,0,0,1,1,0,1,0,0,1,0,1,1,0,0,1,0,1,0,1,1,0,1,1,0,0,0,0,0,1,0.603634
1,0,1,0,1,1,0,1,0,1,0,1,0,1,0,0,1,0,1,1,1,1,0,0,1,1,1,1,0,0,1,0,0.692002
0,1,0,1,1,0,1,1,0,1,1,0,0,1,0,1,0,1,1,0,0,1,0,0,1,0,1,1,0,0,0,0,0.652414
0,0,1,1,1,0,0,1,1,0,0,0,0,0,1,1,0,1,1,1,0,0,1,1,1,0,0,0,0,0,0,0,0.637068
1,1,0,0,0,0,1,1,1,0,0,1,0,1,0,1,1,1,0,0,0,1,0,1,1,0,1,1,0,0,0,0,0.647965
0,0,0,1,0,1,1,0,0,0,0,1,0,0,0,1,1,0,1,0,1,1,1,1,0,0,1,0,1,1,1,0,0.608642
1,0,1,0,1,1,1,1,1,1,1,1,0,1,1,1,1,0,0,0,0,0,1,1,1,0,0,0,0,0,1,0,0.594043
1,1,0,0,1,1,0,1,1,1,0,1,1,0,0,1,0,1,0,1,1,1,1,1,0,0,1,0,1,1,0,0,0.621057
0,0,1,1,0,0,0,0,1,1,0,1,1,1,1,1,1,0,1,1,0,1,0,1,1,1,1,0,1,0,1,0,0.666613
0,0,0,0,0,1,1,1,1,0,0,1,0,1,1,1,0,0,0,1,0,0,1,0,1,0,0,1,1,0,0,1,0.608616
0,1,0,1,0,1,0,1,0,1,1,0,1,1,0,1,1,0,1,0,0,0,1,0,0,1,0,1,0,0,0,0,0.597400
1,1,1,0,0,1,0,0,0,0,1,1,1,1,0,0,0,0,0,1,0,1,0,0,0,1,0,1,1,0,1,1,0.680786
1,1,0,1,0,1,0,0,0,1,0,1,0,1,0,1,0,1,1,0,1,1,1,1,1,1,0,1,1,1,0,0,0.649163
1,0,1,1,1,1,1,1,1,0,1,1,0,1,1,0,0,1,1,0,1,0,0,0,1,0,0,1,1,0,0,1,0.647645
1,0,1,0,1,1,1,0,0,0,1,1,0,0,0,0,0,1,0,1,0,1,0,1,0,1,1,0,1,0,1,0,0.597799
1,0,1,1,0,1,0,1,1,1,0,0,0,0,0,1,1,0,1,0,0,0,0,1,1,1,1,0,1,1,0,1,0.620524
0,0,0,1,1,0,1,0,0,1,0,0,0,0,1,1,1,0,1,0,1,1,1,1,0,0,1,0,0,0,0,0,0.583200
1,1,1,1,1,0,0,1,0,1,0,0,0,0,0,0,1,0,1,1,1,0,0,0,0,1,1,1,1,0,1,1,0.656197
0,0,1,0,1,0,0,0,0,0,0,1,1,1,0,0,0,0,1,0,1,0,1,1,1,0,1,0,1,1,0,1,0.604167
1,0,1,0,1,0,0,0,1,0,1,0,0,0,1,1,0,1,1,1,1,1,1,1,0,1,1,1,0,0,0,0,0.658914
0,0,0,0,1,1,0,0,1,1,0,0,1,1,1,1,0,1,0,0,0,1,1,1,0,1,0,1,0,0,1,1,0.609575
0,0,0,1,0,0,0,1,0,1,1,0,1,0,0,0,0,0,1,1,0,1,0,0,1,0,1,1,0,1,1,0,0.617354
0,1,1,0,1,0,1,1,1,1,1,1,0,0,1,0,1,1,0,1,0,0,1,0,0,1,1,0,1,0,1,1,0.610694
0,1,1,1,0,0,1,1,1,1,0,1,1,1,0,0,0,0,0,1,0,1,0,1,0,1,1,1,1,0,0,1,0.696158
0,0,0,0,1,1,1,0,1,0,1,0,0,0,0,1,1,1,0,0,0,0,1,1,1,0,0,0,1,1,1,0,0.572517
0,1,0,1,0,0,1,0,1,1,0,0,0,0,0,1,0,1,0,0,0,0,0,0,1,1,1,1,1,1,1,0,0.613917
1,1,1,0,1,1,1,1,1,1,1,1,1,0,1,1,1,0,1,0,1,1,1,1,0,1,0,1,0,0,0,1,0.703325
1,1,1,1,1,1,0,1,0,0,0,0,1,0,1,0,1,1,0,0,0,1,0,1,1,0,0,0,0,1,0,1,0.602542
1,1,1,1,0,0,1,1,0,1,1,0,0,0,1,0,0,1,0,0,1,0,1,0,1,0,0,0,0,0,0,1,0.611600
0,1,0,0,0,1,0,0,0,1,0,1,0,0,1,1,0,1,0,0,1,0,0,1,0,0,0,1,1,1,0,1,0.592818
1,1,1,1,0,1,1,0,1,1,0,0,1,0,1,1,0,0,1,0,0,1,0,0,1,0,1,1,1,0,0,0,0.630728
1,1,1,0,0,1,0,1,0,0,1,0,1,1,0,0,1,1,0,1,0,0,1,0,0,1,0,1,0,1,1,1,0.635577
1,1,0,0,1,1,0,1,1,0,0,0,1,1,1,0,0,1,1,0,0,1,1,0,0,1,0,0,1,0,1,0,0.602568
0,1,1,1,1,1,1,1,0,0,1,1,1,1,1,1,0,1,1,1,0,0,0,1,0,0,0,1,0,0,0,0,0.678096
1,1,0,1,1,0,0,1,1,0,0,1,0,1,0,1,0,0,0,0,1,0,0,1,1,0,1,1,1,1,1,0,0.720801
1,1,0,0,1,0,1,1,0,0,0,1,1,1,0,1,0,0,1,0,1,1,1,1,1,0,0,0,1,0,1,1,0.540841
0,0,0,1,0,1,0,1,0,1,1,1,0,1,0,1,1,1,1,0,0,0,1,0,0,1,1,1,0,1,1,0,0.618899
0,0,1,1,1,0,0,1,0,1,1,0,0,0,0,0,1,1,1,1,0,1,1,0,1,1,1,1,0,0,1,0,0.660566
1,0,0,1,1,0,1,0,1,1,0,0,0,0,1,0,1,0,0,1,0,0,0,1,0,1,0,0,1,0,1,1,0.611546
1,0,1,0,1,0,1,1,0,0,0,1,1,1,1,1,1,1,1,1,0,1,1,1,0,0,1,0,1,0,0,1,0.620444
0,1,0,1,1,1,1,0,1,1,1,0,0,1,1,0,1,0,0,1,0,1,0,1,1,0,0,0,1,1,1,0,0.630328
0,1,1,1,0,1,0,0,0,1,0,1,0,1,1,0,1,1,1,1,0,0,1,1,0,0,0,1,0,1,0,0,0.617514
0,0,1,1,0,1,1,1,1,0,0,0,0,1,1,0,1,1,0,0,1,1,0,1,1,0,0,0,0,0,0,1,0.589807
0,0,1,1,0,1,0,1,1,0,1,1,1,1,0,0,1,1,1,1,0,0,1,0,0,0,1,0,0,1,0,1,0.620924
1,1,1,1,1,1,0,0,1,1,1,0,1,0,0,1,0,0,0,1,1,1,0,1,1,0,1,0,1,0,1,1,0.633046
1,1,1,1,0,1,1,1,1,0,1,0,0,1,1,0,1,1,0,1,1,1,0,1,0,0,1,0,1,1,0,1,0.625213
1,0,0,1,1,1,0,1,1,0,1,1,0,1,0,0,1,0,1,0,0,1,1,0,0,1,0,0,0,0,1,1,0.601929
1,0,0,0,1,1,0,0,1,0,0,0,1,1,0,0,0,1,0,1,0,0,1,1,1,0,0,0,1,1,1,0,0.600863
1,1,1,0,0,0,0,1,0,1,0,1,0,1,0,1,1,1,0,1,0,1,1,0,1,1,1,1,0,0,0,1,0.648418
0,1,0,1,0,1,1,0,0,0,0,0,0,0,1,1,1,0,1,1,1,0,0,0,0,1,0,0,1,0,0,0,0.538230
1,0,1,0,0,1,1,1,1,1,0,1,1,0,0,1,0,0,1,1,1,0,0,1,1,0,1,0,0,1,1,0,0.608882
1,1,1,1,0,1,1,0,0,0,0,0,1,0,1,1,1,1,1,0,0,0,1,1,1,1,1,1,0,1,0,0,0.658355
1,0,0,1,1,1,1,1,1,1,1,0,1,0,1,0,0,1,1,1,1,1,1,0,0,1,1,1,1,1,0,1,0.666613
0,0,0,1,1,0,0,0,0,1,1,1,0,0,0,1,1,0,1,0,0,1,1,1,0,1,0,1,0,0,1,0,0.668452
1,0,0,1,0,1,0,1,0,1,1,1,1,0,1,1,0,1,0,1,1,0,0,1,1,1,1,1,1,1,1,0,0.638827
0,0,0,0,1,1,0,0,0,0,0,0,1,1,1,1,1,0,0,0,0,1,1,1,1,0,1,1,0,0,0,1,0.580110
1,1,0,0,1,1,1,0,1,0,1,0,0,1,0,1,1,1,0,0,1,1,0,0,0,0,0,0,1,1,1,1,0.595322
0,0,1,0,0,1,0,1,0,0,0,1,1,0,1,1,1,1,0,1,1,1,1,1,0,1,0,1,0,1,1,1,0.682758
0,0,1,0,0,0,1,0,1,0,1,1,1,1,0,1,1,1,0,0,0,1,0,0,0,1,1,1,1,0,0,0,0.646260
0,0,1,0,1,0,1,0,1,1,0,1,1,0,1,0,0,1,0,1,0,1,1,0,1,1,1,0,1,0,0,1,0.603154
0,1,1,0,0,0,1,0,1,1,0,1,1,0,0,1,0,0,1,1,0,1,1,0,1,0,1,1,0,1,0,0,0.640478
0,1,0,1,1,1,1,1,0,0,1,0,1,0,0,0,1,1,0,1,0,1,1,1,1,0,1,0,1,0,0,0,0.593324
1,1,0,0,1,0,1,1,0,0,0,0,1,1,1,1,0,1,0,1,0,0,1,1,1,0,0,1,0,0,1,0,0.622256
0,1,1,0,1,1,1,0,1,0,1,0,1,0,1,1,0,0,1,1,1,0,0,0,1,1,0,0,1,0,0,1,0.575794
0,0,0,0,1,1,1,1,1,0,1,0,0,0,1,0,1,1,0,0,1,1,0,0,1,1,1,0,0,1,1,0,0.571585
1,0,1,1,0,0,1,0,0,0,0,1,1,0,0,0,1,1,1,1,0,1,1,0,1,1,1,0,0,0,1,0,0.638587
1,0,1,0,1,0,1,0,0,0,1,1,1,1,1,0,0,0,1,1,0,0,0,1,0,1,1,0,1,0,0,1,0.590447
0,0,0,1,0,1,1,0,0,0,0,0,0,1,0,0,1,1,0,0,0,0,1,0,0,1,0,1,0,0,1,0,0.560209
0,0,0,1,1,0,0,1,1,0,0,0,1,0,1,1,1,0,1,1,1,0,0,0,1,1,1,0,0,1,1,1,0.621510
0,1,0,1,1,0,1,1,1,1,0,1,0,0,0,1,0,0,0,0,0,1,0,1,1,0,0,1,1,0,1,1,0.661205
1,1,0,1,1,1,1,1,1,0,1,0,0,1,0,0,1,0,1,0,1,1,1,1,1,1,1,1,0,1,0,1,0.632513
1,0,1,1,0,1,1,0,0,0,1,1,0,1,1,0,1,0,1,1,1,0,0,1,1,0,1,0,0,0,1,1,0.610161
1,0,1,1,0,0,0,1,1,1,0,1,1,1,0,0,0,0,1,1,0,0,0,1,1,1,1,0,0,1,0,0,0.669437
0,0,0,0,0,0,0,0,0,0,0,1,0,0,0,0,0,0,1,0,0,0,0,0,1,0,1,1,0,1,0,1,0.522059
1,0,0,0,1,1,0,0,0,0,1,1,0,0,1,0,0,0,1,0,1,0,0,0,0,0,0,1,0,0,1,1,0.637068
1,1,1,1,0,0,1,1,1,0,0,1,1,0,0,0,1,0,0,1,0,0,0,0,0,0,1,0,0,1,1,0,0.616315
1,1,0,1,1,0,0,1,0,0,0,0,1,0,1,1,0,0,1,1,0,0,1,0,1,0,1,1,1,0,1,1,0.708440
0,1,0,0,1,1,1,1,0,1,1,1,0,0,0,0,0,1,0,1,0,0,1,1,0,1,1,1,0,0,0,0,0.741901
0,0,1,0,0,0,1,0,1,0,1,0,1,0,1,1,0,1,0,1,1,1,1,0,1,0,1,0,1,1,1,0,0.600224
1,0,1,0,1,0,1,0,1,1,1,0,1,1,1,0,0,0,0,1,1,0,0,1,0,1,1,0,0,0,1,1,0.609308
1,1,1,0,0,0,0,1,1,0,0,1,0,0,0,1,0,1,0,1,1,1,0,1,1,1,1,0,0,1,1,0,0.611386
1,1,1,0,0,1,0,0,1,0,0,1,0,1,1,0,0,1,0,0,0,1,0,1,0,1,1,1,1,0,0,1,0.669970
0,1,1,1,0,1,1,0,1,0,0,1,1,1,1,1,0,1,1,0,0,0,0,1,0,1,0,1,0,0,0,1,0.683850
0,0,1,1,1,1,1,0,0,0,1,0,1,0,1,0,0,0,1,1,0,0,0,1,0,1,0,0,1,1,0,0,0.549899
1,0,1,1,0,0,1,0,1,1,1,1,1,0,1,1,0,0,1,0,1,1,1,0,0,0,1,0,0,0,1,0,0.650895
1,0,0,1,1,0,0,1,1,0,1,1,0,1,1,1,0,0,0,1,0,0,1,0,1,0,1,0,0,1,0,0,0.585838
0,0,1,1,0,1,1,0,0,1,0,1,0,1,0,0,0,1,0,1,1,1,1,1,1,1,0,0,1,0,1,1,0.606564
1,0,0,0,0,0,1,0,1,1,0,1,0,1,1,0,0,1,1,0,1,1,0,1,1,1,0,1,0,0,0,1,0.654652
1,0,0,1,0,1,0,0,1,0,0,0,1,1,0,1,0,0,0,0,0,0,0,0,0,0,1,0,1,1,1,1,0.593057
0,1,1,1,0,0,0,0,1,0,0,0,0,1,1,1,1,0,0,0,1,1,1,0,1,1,1,1,0,1,1,0,0.617807
0,0,1,1,1,0,0,0,0,0,0,0,1,0,1,1,1,1,1,1,1,0,0,1,1,0,1,0,0,1,0,1,0.579470
0,1,0,0,0,1,1,0,1,1,1,0,1,1,1,0,0,1,0,0,0,0,0,0,0,0,0,0,1,1,1,0,0.610481
1,1,1,0,1,1,0,1,1,1,0,0,1,0,1,0,0,1,1,1,1,1,0,1,1,0,0,1,0,0,1,1,0.625346
0,1,0,1,0,0,0,1,0,0,1,0,1,1,1,0,1,0,1,1,0,0,1,0,1,0,1,0,0,0,1,0,0.584506
0,0,0,1,0,0,0,0,1,0,0,1,0,0,1,1,0,1,0,1,0,0,0,1,1,1,1,0,0,1,0,1,0.511642
1,1,0,0,0,0,1,0,0,0,1,0,0,1,0,0,0,0,1,1,1,0,1,0,0,0,1,1,1,0,0,0,0.582801
1,0,1,0,0,0,0,0,0,1,1,0,0,0,0,0,0,0,1,1,0,0,1,1,1,0,0,1,0,0,1,0,0.665388
1,0,1,1,0,0,0,1,0,1,0,1,0,0,1,1,0,1,1,1,1,0,1,1,0,1,0,1,1,0,0,1,0.699089
0,1,0,1,1,0,1,0,0,0,1,1,1,0,1,0,1,0,0,0,1,1,1,1,1,1,0,1,1,0,0,0,0.715926
