0,1,0,1,1,0,0,0,1,1,0,0,0,1,0,1,1,1,0,1,1,1,1,0,1,0,1,0,1,1,0,1,0.583733
0,1,0,0,1,0,1,0,0,0,1,0,0,0,1,1,1,1,0,0,0,1,1,1,0,1,1,1,0,0,0,0,0.612452
0,1,1,1,0,0,1,1,1,0,0,1,0,0,0,0,1,0,1,1,0,0,1,0,0,1,1,1,0,0,0,1,0.605898
1,1,0,1,1,1,1,1,0,0,1,0,0,0,1,1,1,0,1,1,1,1,0,0,0,0,1,0,1,1,1,0,0.575181
0,1,1,1,0,1,1,1,1,0,1,1,0,0,0,0,1,0,0,0,0,1,0,1,0,0,1,1,0,0,1,0,0.598865
0,1,0,1,0,0,0,0,1,1,0,1,0,1,1,1,1,0,1,1,0,0,1,1,1,0,0,0,1,0,1,1,0.616768
1,0,0,0,1,0,1,0,1,1,1,0,0,1,1,1,1,1,0,0,0,1,0,0,1,0,0,1,0,1,0,1,0.602302
0,0,0,0,1,0,0,0,0,1,1,1,0,0,0,1,0,0,1,1,0,1,0,1,0,0,0,0,1,0,0,0,0.612665
0,0,0,0,1,1,0,0,1,0,0,1,1,0,0,1,1,0,1,0,0,1,0,0,1,1,1,1,0,0,0,0,0.608243
1,0,0,1,1,0,1,0,1,1,1,1,1,0,0,1,1,0,1,0,1,1,0,0,1,0,1,1,1,1,1,0,0.570599
0,0,0,0,0,0,0,0,1,1,1,0,1,1,1,1,0,1,1,1,1,0,0,0,0,0,0,0,1,0,0,0,0.670556
1,1,0,0,1,1,0,1,1,1,0,0,1,1,0,1,0,0,1,0,1,0,1,0,1,1,0,1,1,1,0,0,0.578964
1,1,0,1,0,0,1,1,1,1,0,0,0,1,1,0,0,0,1,0,0,1,0,0,1,0,1,0,0,1,0,1,0.612585
1,1,0,1,1,1,0,0,0,1,0,0,0,1,1,1,0,1,1,1,0,1,1,0,1,1,1,1,0,1,0,1,0.533861
0,1,0,0,0,1,0,1,0,0,1,1,0,0,0,1,1,1,0,1,1,0,1,0,0,1,0,0,0,0,1,0,0.625853
0,1,0,0,1,1,0,0,1,1,1,1,1,1,1,0,1,0,0,1,1,1,1,0,0,0,0,1,1,1,0,1,0.587276
0,1,0,1,1,1,0,0,0,0,0,1,1,1,0,1,0,1,1,0,1,0,0,1,1,1,1,1,1,0,1,0,0.576913
1,1,0,0,0,1,1,1,1,0,0,0,1,1,1,0,0,0,1,1,0,1,0,0,0,1,1,1,0,0,1,0,0.603074
0,0,1,0,0,1,1,0,0,0,1,1,1,0,0,1,0,1,1,1,0,0,1,1,0,0,0,1,1,0,1,1,0.628517
0,0,1,0,1,0,1,1,1,1,0,1,1,1,0,1,0,0,1,0,0,0,1,1,0,0,0,1,1,0,0,0,0.619166
0,0,0,1,1,0,0,1,0,0,0,1,0,1,1,1,1,0,0,0,1,1,0,0,1,0,1,1,1,1,0,1,0.619965
1,1,1,1,1,1,0,0,0,1,0,0,0,0,0,0,0,1,1,1,1,1,0,0,0,1,1,1,1,0,1,0,0.591512
1,1,1,0,1,1,1,0,1,0,1,1,1,1,1,1,1,1,1,0,0,0,1,1,1,1,0,1,1,0,1,0,0.589834
1,0,1,1,1,1,0,1,1,0,0,0,1,0,0,1,1,1,1,1,0,1,0,0,1,0,0,0,0,0,0,1,0.578378
0,0,1,0,0,0,0,0,1,1,1,0,1,1,0,0,0,1,1,0,0,0,1,1,0,0,1,0,1,1,1,1,0.628996
1,1,0,0,1,1,0,0,0,1,0,0,0,1,1,0,1,0,1,1,0,1,0,1,0,0,1,1,0,1,1,1,0.572730
0,0,0,0,1,0,1,1,0,0,1,0,1,1,0,0,0,0,1,0,1,1,1,1,1,1,1,1,1,1,0,1,0.574275
1,1,0,1,1,0,1,1,1,1,1,0,0,0,1,0,1,1,0,1,1,0,1,1,1,1,0,0,1,1,0,0,0.555094
0,0,0,0,0,1,0,1,0,1,0,1,1,0,0,0,0,0,0,1,1,0,1,0,0,1,1,0,0,0,1,0,0.638853
0,0,0,0,1,0,1,1,1,1,0,0,0,1,0,1,0,1,1,1,1,1,1,1,0,0,1,0,0,0,0,0,0.606884
0,0,1,0,1,1,0,0,0,0,0,1,1,0,0,1,0,1,1,1,1,1,1,0,0,0,1,1,1,0,1,1,0.631500
1,1,1,0,1,1,0,0,1,0,0,0,1,1,0,0,0,1,1,1,0,1,0,1,1,1,1,1,0,0,1,1,0.576566
1,1,1,0,0,1,1,1,1,1,0,0,1,1,0,0,1,1,1,0,1,0,1,0,0,0,0,0,0,1,1,1,0.540947
1,0,0,1,1,1,1,0,1,0,0,0,1,1,1,0,1,0,1,0,1,1,0,0,1,0,0,0,1,1,0,0,0.561887
1,0,0,0,0,1,0,1,0,1,0,0,1,0,1,1,1,0,1,0,0,1,1,1,1,1,1,0,1,1,0,1,0.572117
0,1,1,0,1,1,0,1,0,0,0,0,0,1,0,0,1,0,0,1,0,0,1,1,0,0,1,0,0,0,0,0,0.617700
0,0,1,0,1,0,1,0,1,0,1,0,1,0,1,1,1,1,1,1,1,0,1,1,1,0,1,1,0,1,1,1,0.553655
0,1,0,0,0,0,1,0,1,0,0,1,1,1,1,1,0,0,1,0,1,0,0,0,0,1,1,1,0,1,1,0,0.617354
0,1,1,1,0,1,1,1,1,1,0,1,1,1,1,0,0,0,0,0,0,1,1,1,1,0,0,0,1,1,0,1,0.596840
1,0,1,0,0,0,0,1,1,0,1,1,1,1,0,1,1,0,0,1,1,0,0,1,0,0,0,0,0,0,1,0,0.601023
1,1,0,1,0,0,0,1,1,1,0,0,1,0,1,1,0,0,0,0,1,1,0,0,1,0,1,0,0,1,1,0,0.612372
0,0,1,1,1,0,1,0,1,0,1,1,0,1,0,0,1,1,1,0,1,0,1,0,1,1,0,1,0,0,1,0,0.597533
0,0,0,1,1,1,0,0,0,0,1,1,0,1,0,0,0,0,0,0,1,1,1,1,0,0,1,1,0,0,0,1,0.593137
0,1,0,0,0,0,0,1,1,1,1,0,0,1,1,1,0,1,1,1,1,0,1,1,0,1,0,0,1,1,1,0,0.571984
0,0,1,1,0,0,1,0,1,1,1,1,1,0,1,0,0,1,0,0,0,1,0,1,0,1,0,0,1,1,0,1,0.624307
1,1,1,0,0,1,1,1,0,1,0,0,0,0,0,0,0,1,0,1,1,0,1,0,1,0,1,0,0,0,1,0,0.600916
0,0,1,1,1,0,1,0,1,1,1,1,0,0,1,0,0,1,0,0,0,1,1,1,0,0,0,0,1,0,1,1,0.588422
1,0,0,0,1,0,0,1,0,0,0,1,1,1,0,0,0,0,1,0,0,1,1,0,0,0,0,1,0,1,0,1,0.609282
0,1,0,0,0,0,1,0,0,0,1,1,1,0,1,0,0,0,0,0,0,1,0,1,0,1,1,1,1,0,0,0,0.659074
0,1,1,0,0,0,1,1,0,1,0,1,0,1,0,1,1,1,1,1,1,1,0,1,1,0,1,0,0,1,1,1,0.528719
1,0,0,1,0,1,0,1,1,0,1,0,0,1,1,0,1,0,0,0,0,1,1,0,0,0,0,1,1,1,0,0,0.606644
1,0,1,1,1,1,1,1,0,1,0,0,0,1,0,0,0,1,0,1,0,1,1,1,0,0,0,0,1,0,0,0,0.591406
1,0,0,0,1,1,1,1,0,1,1,1,0,0,0,1,0,0,0,0,0,0,1,0,0,0,1,0,1,1,1,1,0.612106
0,1,1,1,0,0,0,1,1,0,1,0,0,0,0,0,1,0,1,0,1,1,0,1,0,1,1,1,1,1,1,1,0.573929
0,1,0,0,1,1,1,0,1,1,1,1,0,1,1,0,0,0,1,1,0,1,1,1,1,0,0,1,0,1,1,0,0.581095
1,1,0,0,0,1,0,0,1,1,0,0,1,1,1,0,0,1,1,0,1,0,1,1,0,0,1,1,0,0,1,1,0.582348
0,0,1,0,0,0,1,0,0,1,1,0,1,1,1,0,0,1,0,1,1,1,0,1,1,1,0,0,0,0,1,1,0.594629
1,0,1,0,1,1,0,0,1,1,0,1,0,1,0,0,1,1,1,1,1,0,0,0,1,0,1,1,1,1,0,1,0.582108
1,0,1,1,0,1,0,1,1,1,1,0,1,1,1,0,0,0,1,0,0,0,1,0,0,0,0,0,1,1,0,1,0.600250
1,0,0,1,1,0,0,0,0,1,1,1,1,1,0,0,1,1,1,1,0,1,0,0,0,0,0,1,0,0,1,1,0.592631
1,1,1,1,0,1,0,1,0,1,0,0,1,0,1,1,1,1,0,0,0,1,0,0,0,0,1,1,0,0,1,0,0.604699
0,1,0,0,1,1,1,0,0,1,0,0,0,1,1,0,0,0,1,1,0,1,0,1,0,1,1,0,0,0,0,1,0.618553
1,0,1,0,1,0,1,0,1,1,1,0,0,1,1,1,1,0,1,1,0,1,0,1,1,0,1,0,1,1,0,1,0.547847
1,1,0,0,0,0,1,1,0,1,1,1,1,0,1,1,0,0,1,0,0,0,1,1,1,1,1,1,0,0,1,0,0.590526
1,0,0,1,0,0,1,0,0,1,1,0,1,1,1,1,1,0,0,1,0,1,0,0,0,0,0,0,1,0,1,1,0.608536
0,0,1,0,1,0,1,0,1,0,1,1,0,1,1,0,1,1,0,1,1,0,1,0,1,1,0,1,1,0,1,0,0.585438
1,0,0,1,1,1,1,1,0,0,1,0,1,0,1,1,1,0,0,1,0,1,0,0,0,0,0,1,0,1,1,1,0.565697
1,0,1,1,1,1,1,1,0,0,1,1,1,1,1,1,1,0,0,1,0,0,0,1,0,0,1,0,1,1,1,0,0.525655
0,0,1,1,1,0,1,0,0,0,1,1,1,1,1,1,0,1,0,0,1,1,0,0,0,1,1,1,0,0,0,1,0.581841
0,1,1,1,0,0,1,1,1,1,0,0,1,0,1,1,0,0,0,0,1,0,0,0,0,0,0,0,0,0,0,1,0.626545
0,0,1,1,1,1,1,1,1,1,0,1,1,1,1,1,0,1,1,0,1,1,0,1,0,0,0,0,0,0,0,1,0.582907
0,0,1,0,1,1,0,1,1,0,0,0,0,1,1,0,1,0,0,0,0,1,0,1,1,1,1,0,0,0,0,0,0.612958
1,0,1,1,1,1,1,1,1,1,1,0,1,0,0,1,0,1,1,1,1,0,1,1,1,0,1,1,0,1,1,1,0.470295
1,1,0,1,1,1,0,1,0,1,1,1,1,1,1,0,1,0,0,0,0,1,0,0,1,1,1,0,1,1,1,0,0.576034
1,0,0,0,1,1,0,0,1,0,1,1,1,0,1,1,0,0,1,1,1,0,1,0,0,0,0,0,1,1,0,0,0.599211
1,0,0,0,1,0,1,1,0,0,0,0,0,0,1,0,1,0,1,0,1,0,1,0,0,0,1,1,1,1,1,1,0.637228
1,0,0,0,1,1,1,0,1,0,1,0,0,1,0,1,1,1,0,1,1,0,0,1,1,0,1,1,1,1,1,1,0.505248
0,1,1,0,0,0,1,0,1,0,1,0,0,0,0,1,0,1,0,0,1,0,0,0,1,0,0,1,0,0,1,1,0.621004
1,1,0,0,0,0,0,0,1,0,0,0,1,1,0,0,0,0,0,1,0,0,1,0,0,1,0,0,0,0,0,0,0.625559
0,0,1,1,1,1,0,0,1,1,1,0,1,0,1,1,0,0,0,0,1,0,1,0,1,0,0,0,1,0,0,1,0.600304
1,1,1,0,1,1,0,1,0,1,0,0,0,1,1,0,1,0,0,1,1,0,0,0,1,1,0,1,1,0,1,1,0.581202
0,1,0,0,0,1,1,0,0,0,0,1,1,1,0,0,0,1,0,0,0,0,0,0,1,1,1,1,0,1,1,0,0.615223
1,0,1,1,1,0,1,0,1,0,1,0,1,1,1,1,0,0,0,1,1,1,1,0,1,1,0,0,0,0,0,0,0.577126
0,1,0,1,0,0,0,1,1,1,0,0,0,0,1,1,1,1,1,0,0,0,1,0,1,1,1,1,1,0,0,0,0.607657
1,0,0,0,0,1,1,1,1,0,1,0,0,1,0,1,0,1,1,0,1,0,0,0,1,1,1,0,0,1,0,0,0.602115
0,1,1,0,1,0,1,0,1,0,0,1,0,1,0,1,0,0,1,1,1,1,1,0,1,1,1,0,1,1,1,1,0.529145
0,1,0,0,1,1,0,0,1,1,1,1,0,0,1,0,0,1,0,1,1,1,0,0,0,1,0,1,1,1,0,1,0.599345
0,1,1,1,0,1,1,0,1,1,0,1,0,1,0,0,1,1,0,1,1,0,1,0,1,0,1,0,0,1,0,0,0.597133
1,1,0,0,0,1,1,1,0,1,0,1,0,1,0,0,1,1,0,1,0,1,0,1,1,1,0,0,1,0,0,0,0.595881
0,0,1,1,1,0,0,1,0,0,1,0,1,0,0,0,1,1,1,0,1,1,0,1,0,1,0,1,0,1,1,1,0.588075
1,0,1,1,0,1,1,1,1,1,1,1,1,1,1,1,0,0,1,0,1,1,0,1,1,0,0,1,0,0,1,0,0.571105
0,1,1,1,1,1,0,0,0,1,0,1,0,1,1,0,0,1,1,1,1,1,1,0,0,1,0,0,1,0,0,0,0.615995
0,0,1,1,1,0,1,1,1,1,1,1,0,0,0,1,0,0,1,0,1,1,0,0,1,1,1,0,0,1,0,0,0.595668
0,1,1,1,0,1,0,0,0,0,0,1,1,0,1,1,0,1,1,1,1,1,0,1,1,1,0,1,1,0,1,0,0.576700
0,0,0,0,1,1,0,0,0,1,1,1,1,0,1,1,0,1,1,0,0,1,1,1,1,1,0,0,1,0,0,1,0.604646
1,1,0,1,0,0,1,0,1,1,1,1,1,1,0,1,1,1,0,1,0,1,0,1,1,0,1,0,1,1,0,1,0.550618
0,0,0,0,0,0,1,0,0,0,0,1,0,0,0,1,1,0,1,0,1,0,1,1,0,1,1,0,0,1,1,1,0.683903
1,1,1,0,1,0,1,0,0,1,0,0,0,0,1,0,0,0,0,0,0,0,0,1,1,1,1,0,1,0,1,1,0.603074
1,0,1,0,1,0,0,0,0,0,0,0,0,0,1,1,0,1,0,0,0,1,1,1,0,1,0,0,0,0,0,0,0.626225
0,0,0,1,0,1,1,0,1,0,1,1,0,0,1,1,1,1,0,1,1,0,0,1,1,1,1,1,1,1,1,0,0.568068
0,0,0,1,1,1,0,0,0,0,0,1,0,0,1,0,0,1,1,1,0,0,0,0,0,0,1,0,1,1,0,1,0.636322
1,1,0,1,0,0,1,1,1,0,1,0,0,1,0,1,1,1,0,1,0,0,1,0,1,1,0,1,0,0,1,0,0.589487
0,0,1,1,1,1,1,1,1,0,0,1,1,1,1,1,0,0,0,1,0,1,1,1,0,0,1,1,0,1,1,0,0.578991
1,0,1,1,0,1,1,0,1,1,0,1,1,1,0,0,0,0,0,1,0,1,1,1,0,0,1,1,1,0,0,0,0.601476
1,0,0,1,1,1,0,0,1,0,0,0,0,1,1,1,1,0,1,0,0,1,0,1,1,1,0,1,0,0,0,0,0.607150
0,0,1,1,1,1,0,1,1,0,1,1,1,0,0,0,1,1,0,1,0,1,1,1,0,0,0,1,0,1,1,1,0.555254
0,1,0,0,1,0,0,1,0,0,1,0,1,1,0,0,1,1,0,1,1,0,1,1,0,0,0,0,1,1,0,0,0.607737
1,1,1,1,0,1,0,1,1,0,1,1,1,0,1,0,0,0,0,0,0,1,0,1,0,1,1,0,0,0,0,0,0.600810
1,1,1,1,0,1,0,0,0,1,1,1,1,1,0,0,1,1,0,1,0,0,1,0,0,0,1,0,0,1,0,0,0.608829
0,1,0,1,1,1,1,0,0,0,1,0,1,1,0,1,0,1,1,1,1,1,0,1,1,1,0,1,1,0,0,0,0.581389
1,0,1,1,1,0,1,1,0,1,1,1,0,1,0,1,0,1,1,0,1,0,1,0,0,0,1,1,0,1,0,1,0.568041
0,0,1,0,0,0,1,1,1,0,0,0,0,1,0,1,0,1,1,0,1,0,1,0,0,0,0,0,1,0,1,1,0.622416
0,0,1,1,0,0,1,1,1,0,1,1,0,1,0,0,1,0,1,0,1,0,1,1,0,0,0,1,0,0,0,0,0.609282
1,1,0,1,0,0,0,1,0,0,0,1,0,1,1,1,0,0,0,0,0,0,1,1,1,1,0,0,0,1,1,0,0.597293
0,1,1,0,1,0,0,1,0,1,1,0,0,1,0,0,0,1,0,0,1,1,0,1,1,0,0,0,0,0,1,1,0.604673
0,1,1,1,1,0,1,0,1,1,0,0,1,1,1,1,0,0,0,1,1,1,1,0,0,1,1,1,0,0,1,1,0.549499
1,1,1,0,1,1,0,1,0,1,1,0,0,1,0,0,1,1,0,1,1,1,0,1,0,1,1,0,1,1,1,1,0.523018
0,0,0,1,1,0,0,1,0,1,1,1,0,0,0,0,1,1,1,0,0,1,0,0,1,1,0,0,0,0,0,0,0.613278
1,0,0,1,1,1,0,1,0,1,0,0,0,0,0,0,0,0,0,0,0,0,0,1,1,1,1,0,0,0,0,0,0.635656
1,1,0,1,0,1,0,1,0,1,1,0,1,0,1,1,1,1,0,0,1,1,0,1,1,1,1,0,0,0,0,1,0.563459
1,1,1,0,0,1,0,1,1,1,0,1,0,1,1,0,0,0,0,0,1,1,0,1,1,0,1,1,0,0,1,1,0.555493
0,0,0,1,0,1,0,1,0,1,0,0,0,0,1,0,0,1,0,1,1,1,0,0,0,1,0,0,1,0,1,1,0.614930
1,1,1,0,0,0,1,1,0,0,1,0,1,1,0,1,0,0,1,0,1,0,1,0,1,0,0,1,0,0,1,1,0.593164
1,0,1,1,0,1,0,0,0,1,1,1,0,0,0,0,1,1,1,1,1,0,0,0,1,1,0,1,0,0,1,0,0.573956
1,0,0,0,0,1,1,0,1,1,1,0,0,0,0,0,1,0,0,1,0,1,1,0,1,0,0,0,0,0,0,1,0.624041
0,0,1,1,0,1,1,1,1,1,1,1,1,1,1,1,0,0,1,1,0,1,0,1,0,1,1,0,0,0,0,1,0.582774
0,1,0,1,1,0,0,0,1,0,0,0,1,1,1,0,0,0,0,1,0,0,1,0,1,0,0,1,0,1,1,1,0.630914
0,1,0,1,0,1,1,1,0,0,1,0,1,1,1,0,0,1,0,1,0,0,0,1,1,1,1,1,0,0,0,0,0.605312
