1,1,1,0,0,0,1,1,1,0,0,1,0,0,0,0,0,1,0,1,0,1,1,1,0,1,0,0,0,0,1,1,0.643159
0,1,0,0,0,0,0,0,1,0,0,0,1,1,1,1,1,0,0,1,0,0,0,1,1,0,1,0,0,1,0,1,0.692796
1,0,0,0,1,0,0,1,0,1,1,0,0,0,0,1,1,0,0,0,1,1,0,0,1,0,1,0,1,0,1,0,0.641411
0,1,0,1,0,1,1,0,1,0,1,0,0,0,1,1,1,0,0,0,1,0,0,0,0,0,0,0,1,0,0,0,0.659548
0,0,0,1,0,1,1,1,0,1,0,1,1,1,1,1,0,1,1,0,1,0,1,0,0,1,1,0,0,1,1,0,0.630605
0,0,0,0,1,0,1,1,0,0,1,0,0,0,0,1,1,1,1,0,0,0,1,1,1,1,1,0,1,0,1,1,0.633845
1,1,1,0,0,1,1,0,0,0,1,0,0,1,0,0,0,0,1,1,0,1,1,0,1,0,1,0,1,0,0,0,0.638235
1,1,1,1,1,1,1,0,1,1,1,0,0,1,0,0,1,1,0,0,0,1,1,1,1,1,0,0,1,1,1,1,0.445844
0,0,1,1,1,0,0,0,1,0,0,0,1,1,1,1,0,0,0,1,0,0,0,1,0,0,1,1,1,0,1,1,0.647805
0,0,1,0,0,1,1,1,1,1,0,1,0,0,1,1,1,0,1,0,0,1,0,0,0,1,1,0,0,0,0,0,0.597869
1,0,0,1,0,0,0,0,0,1,0,1,1,0,0,1,1,0,1,0,0,0,1,1,1,1,0,0,0,0,0,0,0.644885
0,1,1,0,1,1,1,1,1,1,1,0,1,0,0,0,1,0,1,0,0,0,0,1,0,1,1,0,0,0,1,0,0.628346
0,1,1,0,1,1,0,0,1,1,0,1,0,1,0,1,0,0,0,0,0,1,1,0,0,0,0,1,1,0,1,0,0.657502
0,0,0,0,0,1,0,0,0,0,1,1,0,0,0,0,1,1,1,1,1,0,0,1,0,1,0,1,1,1,0,1,0.820290
1,0,1,0,1,0,1,0,0,1,0,1,0,1,0,0,1,0,0,1,0,0,1,1,1,1,1,1,0,1,0,1,0.507928
0,0,1,0,1,0,1,0,1,1,1,0,1,1,0,1,0,1,0,1,0,0,1,0,1,0,0,1,0,0,0,0,0.679241
0,1,1,1,0,1,1,0,0,1,1,0,1,1,1,0,1,0,0,0,1,1,1,0,1,0,1,0,0,0,1,1,0.586829
0,0,1,0,0,0,1,0,1,1,0,0,1,0,0,1,0,1,0,0,0,1,1,1,1,0,1,1,1,0,0,1,0.631032
0,0,0,1,1,0,1,0,1,0,1,1,1,0,1,0,0,1,0,1,0,0,0,0,0,1,0,0,0,1,1,0,0.659101
1,0,0,0,1,1,1,0,0,0,1,1,1,0,1,0,1,1,1,0,0,0,1,1,0,0,0,0,1,0,1,1,0.599126
1,1,0,0,1,1,0,1,0,1,1,1,0,1,0,0,1,1,1,1,0,0,1,0,1,1,0,0,1,1,0,0,0.633014
1,0,0,0,0,0,1,0,1,0,0,1,1,1,1,0,0,1,0,0,1,0,1,1,1,0,0,0,1,0,0,0,0.595546
1,1,0,0,1,0,1,1,1,0,0,0,1,0,0,0,1,0,0,1,1,0,1,0,1,1,1,1,1,0,0,0,0.626535
1,1,1,1,1,0,1,1,1,1,1,0,0,0,1,1,0,0,1,0,0,1,1,0,0,0,1,0,1,1,1,1,0.480605
0,0,0,1,1,0,0,1,1,1,0,1,1,1,0,0,0,1,1,0,1,1,0,1,1,0,1,0,1,0,0,0,0.620908
1,1,1,1,1,1,1,1,1,1,0,0,1,1,1,0,0,0,1,1,1,1,1,1,1,0,1,0,0,1,0,1,0.476257
0,0,1,0,1,0,0,0,0,0,0,0,1,1,1,1,1,0,0,0,0,1,1,1,0,0,1,0,0,0,0,1,0.646270
1,0,0,1,1,0,0,1,0,0,0,1,1,0,1,1,0,1,0,1,1,0,1,1,1,0,1,0,1,1,0,0,0.608951
0,0,0,1,0,1,1,0,0,0,0,1,1,1,0,1,0,1,1,0,1,1,1,0,1,0,1,1,0,0,1,0,0.684804
0,1,1,1,0,0,0,1,0,1,1,1,1,0,0,1,1,1,1,0,1,0,0,1,0,1,0,1,0,1,0,1,0.594821
0,1,1,1,0,1,0,1,0,0,1,0,0,1,1,0,1,0,1,1,0,0,1,1,1,1,0,0,0,0,1,1,0.628261
0,1,0,1,1,1,0,0,1,1,1,1,1,0,1,1,0,1,0,1,1,0,1,0,1,0,0,0,1,1,0,1,0.576449
1,0,1,0,1,1,1,1,1,0,1,1,1,1,1,1,1,1,0,0,1,1,1,0,0,0,0,1,0,0,1,1,0.529220
0,1,0,1,0,1,1,0,1,1,0,1,1,0,0,1,0,0,0,1,1,1,0,1,1,0,0,1,1,0,0,1,0.622869
1,0,1,0,1,1,1,1,1,0,1,0,1,0,0,0,1,1,0,1,1,0,1,0,1,0,0,0,0,0,1,1,0.573806
0,1,0,1,0,0,1,1,0,1,1,1,1,0,1,1,0,1,0,0,1,1,0,0,1,1,0,0,1,0,1,1,0.560294
1,1,1,1,1,0,1,1,1,1,1,0,0,1,0,1,0,1,1,0,0,0,1,1,1,1,0,1,0,0,1,0,0.612298
0,0,0,0,0,1,0,1,0,1,1,1,1,1,0,1,1,1,1,1,1,0,1,1,0,0,0,1,1,0,1,1,0.672634
0,1,0,0,0,1,1,0,0,0,0,1,1,1,0,1,1,1,1,0,1,0,0,0,1,1,1,0,1,0,0,0,0.643905
0,1,1,0,0,1,0,1,1,0,0,0,1,0,0,0,0,1,1,1,0,0,1,1,1,0,0,0,0,0,1,0,0.633205
1,0,1,1,1,0,1,0,0,0,0,0,0,1,1,0,1,0,1,1,0,0,0,1,0,0,0,0,0,1,0,1,0.651939
1,1,0,0,1,1,1,0,1,1,0,1,1,1,0,1,1,0,1,1,0,1,1,0,1,1,1,1,0,1,0,0,0.590772
1,1,0,1,0,0,1,0,0,1,1,0,0,1,1,0,1,0,1,1,1,1,0,0,1,0,1,1,0,0,0,0,0.600021
0,1,0,0,0,0,0,0,0,1,1,0,1,0,1,0,0,0,1,0,0,1,0,0,1,0,1,1,1,0,1,0,0.687617
1,0,1,1,0,0,1,1,0,0,1,1,1,1,1,0,0,0,1,1,1,0,1,1,0,0,1,0,0,0,1,1,0.602728
0,0,1,1,1,0,1,0,1,1,0,1,1,0,0,1,0,1,0,1,0,1,0,1,1,1,0,1,0,1,1,0,0.625980
1,1,1,0,0,1,0,1,0,0,1,1,1,1,0,0,1,1,0,0,1,0,1,1,1,0,0,0,1,1,0,1,0.585763
0,0,1,0,0,1,0,1,1,0,0,1,0,1,1,1,1,0,0,0,1,0,1,0,0,0,0,0,0,0,0,0,0.686275
0,0,1,1,0,0,0,1,0,1,0,0,0,1,1,1,1,0,1,0,1,1,1,1,0,1,1,1,1,0,1,1,0.636061
0,1,1,0,0,1,1,1,0,0,0,0,1,0,1,0,0,1,0,1,1,1,0,1,0,1,0,1,1,0,1,1,0.565835
0,0,0,0,1,1,1,1,1,0,0,1,1,1,1,0,0,1,0,1,1,0,1,0,0,1,0,1,1,0,0,0,0.628602
1,0,1,1,0,0,0,0,0,0,1,1,0,0,1,0,0,0,0,0,1,0,0,1,0,0,1,0,1,1,0,0,0.668350
0,1,0,1,0,0,0,1,1,1,0,0,1,1,1,0,1,1,1,1,0,0,1,1,1,1,1,0,0,1,0,0,0.564642
0,1,1,0,0,1,0,1,0,1,0,0,1,0,1,1,0,1,1,0,1,0,1,1,0,0,1,1,1,0,1,1,0.598082
0,1,1,0,0,1,0,0,0,1,0,1,0,0,1,1,1,1,0,0,1,0,1,1,0,0,1,0,1,0,0,1,0.678602
1,1,1,0,0,0,1,1,1,0,1,0,1,0,0,0,1,1,1,1,1,1,1,1,0,1,0,1,1,1,0,1,0.500000
1,0,0,0,1,1,1,0,0,0,1,0,1,1,1,1,0,0,0,0,1,0,0,1,0,1,0,1,0,0,0,1,0.610720
0,0,0,0,0,0,0,1,1,0,0,1,1,0,0,0,0,1,1,1,0,0,0,0,0,0,0,1,0,0,1,1,0.761168
1,1,1,0,0,1,0,0,0,0,0,0,1,0,0,1,0,0,1,0,0,0,1,1,0,0,0,1,0,0,0,0,0.712127
1,0,1,0,1,1,1,0,1,0,0,1,0,1,1,0,1,0,0,0,1,1,1,1,1,0,0,1,0,1,0,0,0.607204
1,0,0,1,0,0,1,1,0,1,1,1,1,1,1,1,1,1,0,0,1,0,1,1,0,1,1,1,1,0,1,1,0.512575
0,0,1,1,1,0,1,1,0,0,0,1,0,0,1,1,1,1,0,0,0,0,1,1,1,1,1,1,1,0,1,1,0.563022
1,1,1,0,1,0,0,1,0,1,0,0,0,1,1,0,1,1,0,0,0,1,0,1,1,1,1,1,1,1,1,1,0.489791
0,1,1,0,0,0,1,1,1,0,1,1,1,1,1,0,1,0,0,1,0,1,0,1,1,0,0,1,0,1,0,1,0.526982
0,0,1,1,1,0,0,1,0,0,1,0,1,1,1,1,1,0,1,1,0,0,1,1,1,0,1,1,1,1,0,1,0.560571
1,1,1,0,1,0,1,0,1,0,1,0,0,1,0,1,0,0,1,1,1,1,1,0,1,0,1,0,0,0,0,0,0.631735
1,1,0,1,0,1,1,1,1,0,0,0,0,1,1,0,0,1,0,0,1,1,0,1,1,1,1,0,1,0,0,0,0.603986
1,0,0,0,1,1,0,1,0,1,0,0,1,0,0,1,1,1,0,1,0,1,1,1,1,0,0,0,0,1,0,1,0.581650
0,1,0,0,0,1,1,1,0,1,1,1,1,1,1,0,0,1,0,1,0,1,0,0,0,0,0,1,0,0,1,0,0.644565
1,0,0,0,1,0,0,0,1,1,0,0,0,0,0,1,0,0,0,0,0,1,0,1,1,1,1,1,1,0,0,1,0.761211
0,1,1,1,1,0,0,0,0,1,1,1,1,1,0,0,0,0,0,0,0,0,1,1,0,0,1,0,1,0,0,0,0.623018
1,1,0,1,0,1,0,0,1,0,1,1,0,0,0,0,1,0,1,0,0,0,0,0,0,0,0,0,1,1,0,0,0.641262
0,0,1,0,1,0,0,0,1,1,1,0,1,0,1,1,0,1,1,1,1,0,0,1,0,1,1,0,1,0,0,1,0.624829
1,0,0,0,1,0,0,1,1,1,0,0,0,1,0,1,0,0,0,0,0,1,1,1,1,0,1,0,1,0,0,1,0.669842
0,1,1,0,1,1,1,0,1,1,1,1,0,0,1,1,1,1,1,0,1,0,1,1,0,0,1,0,1,0,1,1,0.503836
1,1,1,1,1,0,0,1,0,0,0,0,0,0,0,0,0,1,0,0,0,0,1,0,1,1,0,0,1,0,0,0,0.635614
0,1,0,0,0,1,0,0,0,0,0,1,1,1,0,0,1,0,1,0,0,1,1,0,1,1,1,1,1,1,0,1,0.677046
1,0,1,1,0,0,1,1,1,1,1,0,0,0,0,1,1,0,1,0,1,1,0,1,0,1,1,1,0,0,1,1,0.493649
1,1,0,0,1,1,1,0,1,0,1,0,1,1,1,0,0,1,0,0,0,0,1,1,1,0,0,1,0,1,0,0,0.637575
0,0,0,1,1,1,1,1,0,0,1,0,1,0,1,0,1,1,1,1,1,1,1,1,0,1,0,1,0,1,1,0,0.567860
0,0,0,1,1,1,1,0,0,0,1,0,0,0,1,1,0,1,0,0,0,1,1,0,0,0,0,1,0,0,0,1,0.681287
0,0,0,1,1,0,1,0,1,1,1,1,1,1,0,0,1,1,0,1,1,0,0,0,0,1,0,0,0,0,0,0,0.684356
0,1,1,1,1,1,0,1,1,0,1,1,1,1,1,1,1,0,0,0,0,1,0,1,0,1,1,1,0,0,0,1,0.527217
0,0,0,1,1,0,0,0,0,1,0,0,0,1,0,1,1,0,0,0,1,0,0,0,0,0,1,0,0,1,0,1,0.677579
0,0,1,0,0,0,1,1,0,0,0,0,1,0,0,0,1,0,1,1,0,0,1,1,0,1,0,0,0,0,0,1,0.657566
1,1,1,0,0,0,1,1,1,0,1,1,0,0,1,0,1,1,1,1,1,0,0,0,0,0,0,0,0,1,1,0,0.635209
0,1,1,1,1,0,0,1,1,1,0,0,1,1,1,1,0,0,1,1,0,0,0,0,1,0,0,0,0,0,0,0,0.642477
1,0,1,1,0,1,1,0,0,1,1,1,1,1,0,1,0,1,1,0,1,0,0,0,0,1,1,1,1,0,1,1,0.552003
1,0,1,0,0,0,0,1,0,1,0,1,1,1,0,0,1,1,1,0,0,0,1,0,0,0,1,0,1,1,1,1,0.606458
0,0,0,0,1,1,1,0,1,1,1,0,1,1,1,0,1,0,0,0,1,1,1,1,0,1,1,0,0,0,1,0,0.579028
0,1,1,1,0,1,0,1,0,1,1,0,1,0,1,1,1,0,1,1,1,0,1,0,0,1,1,1,1,1,1,1,0.526982
1,1,0,1,0,1,0,0,0,0,1,1,1,1,1,1,1,0,0,1,1,1,1,1,1,1,0,0,1,1,1,0,0.519160
0,0,0,1,1,1,1,1,1,0,0,1,1,1,0,1,1,0,1,0,0,1,0,0,0,1,1,1,0,0,1,0,0.581905
1,1,1,0,0,1,1,1,1,1,0,1,1,1,1,0,0,1,0,1,0,1,0,1,1,0,0,1,1,1,0,1,0.457907
0,0,0,1,0,1,0,1,1,0,0,0,1,0,0,0,1,0,0,0,0,1,1,1,1,1,1,0,1,0,1,1,0.641326
1,0,1,1,1,1,0,1,0,0,1,1,1,1,1,0,0,1,1,0,0,0,0,1,0,1,1,0,0,1,0,0,0.595588
0,1,0,0,1,1,1,0,0,1,0,0,1,1,1,1,0,1,1,0,1,0,0,1,1,1,1,0,1,1,1,1,0.542626
1,1,1,1,0,1,0,0,1,0,1,0,1,1,0,0,0,1,0,1,1,1,1,0,0,1,1,0,0,1,1,1,0.573892
0,1,0,0,1,1,1,0,1,1,0,0,0,0,0,0,0,1,0,0,1,0,1,0,1,1,0,1,0,0,1,1,0.667903
1,0,1,1,0,0,0,0,1,0,1,0,1,1,1,1,0,1,0,1,0,0,1,1,0,1,1,1,0,0,1,0,0.603495
0,0,1,0,0,1,0,0,0,0,0,0,0,0,0,1,1,0,1,0,1,1,0,0,1,1,0,0,0,0,1,0,0.691219
0,0,1,1,0,1,1,0,1,1,1,0,0,1,0,0,1,0,1,0,0,0,1,1,1,1,1,1,0,0,1,1,0.578943
0,0,1,1,0,0,0,1,0,1,1,1,1,0,1,1,0,1,1,0,1,1,0,0,0,1,0,0,1,0,1,0,0.621121
1,1,1,0,0,0,1,1,0,0,1,0,0,0,1,0,0,0,0,0,0,1,0,0,1,1,1,0,0,1,0,0,0.634442
0,0,1,1,1,1,0,1,1,0,1,0,0,0,1,1,1,0,1,0,1,0,0,1,0,0,1,1,0,1,1,0,0.615452
1,1,0,1,0,0,0,0,1,0,0,1,0,1,0,0,0,0,0,0,0,1,0,1,1,1,0,0,0,1,0,0,0.685571
1,0,0,1,0,1,0,0,0,0,1,1,1,1,0,1,0,1,0,0,0,1,0,1,0,0,0,1,0,0,1,0,0.656714
1,1,0,1,1,1,0,1,1,0,0,0,1,0,0,1,1,0,0,0,0,0,1,0,1,1,1,0,0,0,1,1,0.587809
1,1,0,1,0,0,1,0,0,1,0,0,1,1,0,1,1,1,1,0,0,1,1,0,1,0,0,1,0,0,0,0,0.644096
1,1,0,1,1,0,0,1,0,0,1,0,1,0,1,1,1,1,1,0,0,1,1,1,0,0,1,0,1,0,0,0,0.594991
0,0,0,0,1,0,0,0,0,1,0,1,1,0,0,1,0,0,0,0,1,1,0,0,0,1,0,0,1,1,1,1,0.681564
1,1,0,0,0,0,1,0,0,1,0,0,0,1,1,0,0,0,0,1,1,0,1,1,1,0,0,0,1,1,1,0,0.581266
0,0,1,0,1,1,0,0,0,1,0,0,1,1,1,0,1,0,0,0,0,0,1,1,1,0,1,0,0,1,0,1,0.631287
1,1,0,1,0,1,1,0,1,0,1,0,1,0,1,1,0,1,1,0,1,1,1,1,1,1,0,1,0,0,1,1,0.471483
0,0,0,0,1,1,0,1,0,0,1,0,0,1,1,1,0,0,1,1,1,1,1,0,0,1,0,1,0,1,0,1,0.707673
0,1,0,1,1,0,1,1,1,1,0,0,1,0,0,0,1,1,0,1,1,1,1,0,0,0,1,1,0,1,0,1,0.587937
0,0,0,0,0,1,0,1,0,1,1,1,0,0,1,1,0,0,1,1,0,1,1,1,0,1,0,0,0,0,0,0,0.733568
0,1,1,1,0,0,0,0,0,1,0,0,0,0,0,0,0,1,0,1,1,1,0,0,1,1,1,0,1,0,0,1,0.658461
1,1,1,0,0,1,0,0,1,1,0,1,0,0,0,1,0,1,1,0,1,1,1,1,0,1,0,1,1,1,1,0,0.558717
1,0,0,1,0,0,1,1,0,1,1,0,0,0,0,1,0,0,0,0,1,1,0,0,1,0,1,0,1,1,1,1,0.585678
0,0,1,0,0,1,0,0,0,0,0,1,0,0,0,1,0,1,1,0,0,1,0,1,0,1,0,0,1,0,0,0,0.739471
1,0,1,1,1,1,1,0,0,1,1,0,0,0,1,0,0,1,0,0,0,1,1,0,0,1,1,1,0,0,0,0,0.606415
0,0,1,0,0,0,0,0,0,0,0,0,1,1,0,1,0,1,0,1,1,0,0,1,1,1,0,1,1,1,0,1,0.680499
1,1,1,1,0,0,0,1,0,0,1,1,0,1,0,1,0,0,0,1,1,0,0,1,0,1,1,0,1,1,0,0,0.626023
1,0,0,1,1,0,0,1,0,0,1,1,0,1,1,1,1,1,0,1,1,0,0,0,0,1,1,0,1,1,0,1,0.592519
0,0,1,1,0,0,0,0,1,1,1,1,1,0,0,1,0,1,1,0,0,1,1,1,1,0,0,0,0,0,1,1,0.614599
0,0,1,0,1,1,0,0,1,1,1,1,1,1,0,1,0,1,1,0,0,0,1,1,1,0,1,0,1,0,1,1,0.633163
1,0,0,0,0,1,1,1,1,0,0,1,0,1,1,0,0,1,0,1,0,0,0,0,0,1,1,1,1,0,0,0,0.618627
