0,1,1,1,1,0,0,0,0,0,0,1,0,0,1,0,1,1,1,1,1,1,0,1,0,0,0,1,0,0,1,1,0.632383
0,0,0,1,1,1,1,0,0,1,1,0,0,0,1,0,0,0,0,0,0,1,1,0,0,1,0,0,0,1,0,0,0.703340
0,1,0,0,1,0,1,0,0,1,1,1,1,1,0,0,0,0,0,1,0,0,1,0,1,0,1,0,1,0,0,0,0.644330
0,1,0,0,0,1,1,1,1,1,0,1,0,1,0,1,1,1,0,1,1,0,1,1,1,0,1,1,1,1,1,1,0.523745
1,1,1,1,0,1,0,1,0,1,0,1,1,1,1,0,0,0,1,1,0,0,0,0,0,1,1,1,1,0,0,1,0.588490
1,0,0,0,0,1,1,0,0,0,1,1,0,0,1,0,1,1,0,1,1,1,0,0,0,0,1,0,0,0,1,1,0.674766
0,1,1,1,0,0,0,1,0,0,0,1,0,1,1,1,0,0,1,0,1,0,0,1,1,0,0,0,1,0,0,0,0.675571
0,1,0,1,0,1,1,1,0,1,0,0,0,0,1,0,1,1,0,0,1,0,0,0,0,0,1,0,0,1,1,0,0.648959
1,1,1,0,1,0,0,0,1,1,0,0,1,1,1,1,0,1,1,1,0,1,0,0,1,1,0,1,0,1,1,1,0.491473
0,1,1,0,1,1,0,1,0,0,0,1,0,0,1,0,0,0,0,0,0,0,0,1,1,1,0,1,1,0,0,0,0.656354
1,1,0,1,1,1,1,0,1,0,0,1,0,0,0,0,1,0,0,0,0,0,1,1,0,0,0,1,1,1,0,1,0.611757
1,1,0,1,0,0,0,0,1,1,1,0,1,1,1,0,1,1,0,0,1,0,1,1,1,0,1,0,0,0,1,0,0.673056
0,0,0,0,0,1,0,1,1,1,0,1,0,1,1,1,0,0,1,1,1,0,0,1,0,0,1,0,0,1,1,0,0.797666
1,0,1,1,1,0,0,0,0,0,1,1,0,1,1,1,0,1,1,1,1,1,1,1,1,0,1,1,0,0,0,0,0.564896
1,0,0,0,1,1,1,0,1,1,0,0,1,0,0,1,1,1,1,1,1,0,0,0,1,1,0,1,1,0,0,1,0.580893
1,0,1,0,0,1,0,1,1,0,0,1,0,1,0,1,1,0,1,0,1,0,0,0,0,1,1,0,1,1,1,1,0.557425
1,1,1,1,1,1,0,0,0,0,1,0,1,1,0,1,0,0,0,0,1,0,0,0,0,1,0,1,1,1,1,1,0.600689
1,1,1,0,0,0,1,0,0,1,1,1,1,1,1,1,0,0,1,1,0,1,1,0,1,0,1,1,1,1,0,1,0.498994
1,0,1,1,1,0,0,1,0,0,0,0,1,1,0,0,0,0,1,1,1,0,1,1,0,0,0,1,1,1,1,0,0.608763
0,0,0,1,1,0,0,0,0,1,1,0,0,0,1,1,0,0,1,1,1,1,1,0,0,1,0,1,1,1,1,0,0.684727
1,0,0,1,1,0,1,1,0,1,0,1,1,0,0,0,1,1,1,1,0,0,1,0,1,0,0,1,1,0,1,1,0.560922
1,1,1,0,1,0,0,0,0,1,1,0,0,1,0,0,0,0,0,1,1,1,0,0,0,1,1,0,0,1,0,0,0.674515
0,0,1,1,1,1,0,0,0,0,0,0,1,0,0,1,0,1,0,1,0,1,0,1,0,0,1,1,1,1,0,0,0.636558
0,0,0,1,1,0,1,1,0,0,0,1,0,0,1,0,1,1,1,1,0,0,0,1,0,0,1,0,0,1,0,1,0.654065
0,1,1,1,0,0,1,0,0,0,0,1,0,1,1,0,1,0,1,0,0,1,1,0,1,0,0,0,0,0,1,0,0.658215
1,0,0,0,0,1,1,1,0,1,1,1,0,0,0,1,1,1,0,0,1,0,0,1,0,1,0,0,0,0,0,0,0.630622
1,0,0,1,0,0,0,1,0,1,0,1,0,0,0,0,0,1,1,0,0,1,1,0,0,0,1,0,0,0,0,0,0.673030
0,0,1,0,0,0,0,1,1,1,1,0,1,0,0,1,1,0,1,1,1,1,0,0,0,0,1,0,0,0,1,0,0.619152
0,1,0,1,1,0,1,1,1,1,1,0,1,1,0,0,0,1,1,1,1,0,1,1,0,0,1,1,1,1,1,0,0.539415
0,0,0,0,1,0,1,0,0,1,1,1,0,0,0,1,1,1,1,0,1,0,0,1,0,1,0,1,0,0,0,0,0.646821
1,0,0,1,0,1,1,0,1,1,0,1,0,0,0,0,1,0,0,0,1,1,0,1,1,1,0,0,0,1,1,1,0.614021
0,0,0,0,0,1,0,1,0,0,1,0,1,0,1,1,1,0,1,1,0,0,1,0,0,1,1,0,1,0,0,0,0.697253
1,1,0,0,0,1,0,0,1,1,0,0,1,1,1,1,0,0,1,0,0,1,0,0,1,1,1,1,1,0,1,1,0.648330
1,1,1,0,1,1,1,0,0,0,1,1,1,0,0,1,0,1,1,1,0,0,1,0,1,1,0,0,0,1,1,0,0.593219
1,0,1,0,1,0,0,0,1,1,1,0,1,0,1,1,1,0,0,1,0,0,1,1,0,1,1,0,0,1,1,0,0.569776
0,0,1,0,0,0,0,0,1,1,1,1,1,0,0,1,1,1,1,0,0,1,0,1,0,1,0,1,1,0,1,1,0.618548
1,1,1,0,0,0,0,0,1,1,0,1,1,0,1,1,0,1,0,0,1,1,1,0,1,1,0,1,0,0,1,1,0.624359
0,0,0,1,0,0,1,0,0,1,1,0,1,0,1,1,0,1,0,0,0,1,1,0,1,1,1,1,1,0,0,0,0.675219
0,1,0,0,1,1,1,0,1,0,0,0,0,1,0,1,1,0,0,1,1,0,1,0,0,1,0,1,1,1,0,0,0.626220
0,1,0,0,1,1,1,0,0,0,1,1,1,1,1,0,1,0,1,1,1,0,1,0,0,1,1,0,1,0,1,1,0.569323
1,0,0,0,0,1,1,0,0,0,0,0,0,1,1,1,1,1,1,1,1,1,1,0,0,0,1,1,1,0,1,1,0.605519
1,1,0,0,0,1,1,1,1,1,1,1,0,0,1,0,0,0,0,1,1,1,0,0,0,0,1,1,1,0,0,1,0.606701
1,0,1,1,1,0,1,0,1,1,1,0,0,0,0,0,0,0,1,0,0,0,1,1,1,0,1,1,0,0,1,0,0.595508
0,0,0,1,1,1,0,1,1,1,0,0,0,1,1,1,1,1,1,0,0,0,0,1,0,1,1,1,0,1,1,0,0.592816
0,0,0,1,1,0,1,0,1,1,0,0,0,1,0,0,0,0,1,0,0,0,0,1,0,1,0,0,0,0,1,0,0.701454
0,1,1,1,1,0,1,1,1,1,1,0,0,1,0,0,0,1,1,1,1,1,1,1,1,0,1,1,1,0,1,1,0.481210
0,0,1,0,0,0,0,0,1,1,0,1,1,1,0,0,1,1,0,0,0,1,0,0,0,1,0,1,1,0,1,0,0.641538
0,1,0,0,0,0,0,0,1,0,1,0,1,1,0,0,1,0,0,0,1,0,1,1,0,1,0,0,1,1,1,1,0.678388
1,1,0,1,0,0,1,0,1,1,1,0,1,1,0,0,1,0,0,0,0,0,1,0,1,1,0,1,0,1,1,0,0.662718
0,0,1,1,0,0,1,1,1,1,1,0,0,1,1,0,1,1,1,1,0,0,0,0,1,1,1,0,1,0,1,1,0.672703
0,1,0,0,1,0,0,0,1,0,1,0,0,1,1,1,1,1,0,0,0,0,1,0,1,1,1,0,1,0,1,0,0.617542
0,0,0,1,0,0,1,0,0,1,1,1,0,1,1,0,1,1,0,1,1,0,0,1,0,1,1,1,0,0,1,0,0.635778
0,0,0,0,0,0,0,1,1,0,1,0,1,1,0,0,0,1,1,0,0,1,1,1,1,0,0,1,0,1,1,1,0.757798
0,1,0,0,0,1,1,0,1,1,1,1,1,0,1,0,0,0,1,1,1,0,1,1,1,0,1,1,0,0,0,1,0.584692
0,1,0,1,0,1,0,0,1,1,0,1,1,1,0,1,0,0,1,1,0,1,0,1,1,0,1,0,0,0,0,0,0.597922
1,1,0,1,0,0,1,0,1,0,1,0,1,0,0,1,1,0,0,0,1,0,1,0,1,1,1,1,1,0,1,1,0.538585
1,1,1,1,0,0,0,0,1,0,0,0,0,0,1,1,1,0,0,1,1,1,0,1,1,1,0,1,1,1,0,1,0.559010
1,1,0,1,0,1,1,0,0,1,0,0,1,0,1,0,0,0,0,0,0,1,1,1,0,1,0,1,1,1,0,0,0.610751
1,1,0,1,1,0,0,1,0,0,1,0,0,0,1,0,0,0,0,1,0,0,1,0,1,0,0,1,1,1,1,0,0.647550
1,1,0,0,0,1,1,1,1,0,0,1,1,0,1,0,1,0,0,1,0,1,0,0,1,0,1,0,1,1,0,0,0.628760
0,0,0,0,0,0,1,1,0,0,1,0,0,1,1,1,1,1,1,0,0,0,0,0,0,0,0,1,1,0,1,1,0.761847
1,1,0,0,0,1,0,0,1,0,1,0,0,0,1,0,0,0,1,0,1,0,0,0,0,1,1,0,0,0,1,0,0.640809
0,0,0,1,1,0,1,0,0,1,1,1,0,0,0,1,1,0,0,1,0,1,0,0,1,1,1,1,1,1,0,0,0.608185
0,1,1,0,1,1,1,0,1,1,1,1,0,1,0,1,0,0,0,0,0,1,1,1,0,0,1,1,1,0,1,1,0.569776
1,0,0,1,1,1,1,0,1,1,1,0,0,1,0,0,1,1,0,1,0,0,0,1,0,0,0,0,1,0,1,1,0.613367
0,1,1,0,0,0,0,0,1,0,1,0,1,0,1,1,1,0,0,1,1,1,1,1,1,1,1,0,1,1,0,0,0.572115
1,0,1,1,1,0,0,0,1,0,0,0,1,0,1,0,0,0,0,0,0,1,0,1,0,0,1,1,0,1,0,1,0.617743
1,0,0,1,1,0,0,0,1,0,0,0,0,0,1,0,1,0,0,1,1,0,1,1,1,0,1,1,1,1,0,1,0.609392
1,0,1,1,0,1,0,1,0,0,1,1,1,1,0,1,0,1,1,0,1,1,0,1,1,0,1,0,0,1,0,1,0.565726
1,0,1,1,0,1,0,1,0,1,1,1,0,0,0,0,1,1,0,1,0,0,0,0,0,0,0,1,0,0,1,1,0.670641
0,0,1,0,0,1,1,1,1,0,1,1,0,0,1,0,0,0,1,1,0,1,0,1,0,0,0,0,0,0,0,1,0.660605
1,0,0,0,0,0,0,0,0,0,0,0,0,0,1,0,1,1,1,0,0,0,1,0,1,0,1,0,0,0,0,1,0.679017
1,0,0,0,0,0,1,1,0,0,0,1,1,1,0,1,1,0,1,1,1,1,1,0,1,0,0,1,0,1,0,1,0.589974
1,0,1,0,1,1,1,1,1,0,0,0,1,0,1,0,0,0,1,1,0,1,0,0,0,0,1,1,1,0,0,1,0.603255
1,1,1,0,1,1,1,0,1,1,1,0,1,0,1,1,1,0,1,0,0,1,0,1,1,1,1,0,0,1,1,0,0.569977
0,0,0,1,0,1,0,0,1,1,1,0,1,0,0,1,1,0,1,0,1,0,0,1,1,1,0,1,0,0,0,1,0.660982
1,0,1,1,1,0,0,0,1,1,0,0,1,1,0,0,1,1,0,0,1,0,1,1,0,0,1,0,1,1,1,1,0.577900
0,0,0,0,1,0,1,1,0,1,0,0,0,1,0,0,1,1,0,0,1,0,1,0,0,0,1,0,1,1,1,1,0.673659
1,1,0,0,1,1,0,1,0,0,0,1,0,1,0,1,0,0,0,0,0,1,0,0,1,1,0,1,1,0,1,0,0.661309
0,1,0,1,1,1,1,0,1,0,1,1,1,0,0,1,0,1,0,0,0,0,0,0,1,0,0,1,0,0,1,1,0.609694
0,1,0,1,0,0,1,0,0,1,1,1,1,1,1,0,0,0,0,0,0,1,0,0,1,0,0,1,1,1,0,0,0.652380
0,0,1,0,1,1,0,1,1,0,0,1,1,0,0,1,1,0,0,1,1,1,1,0,1,1,1,1,0,1,1,1,0.552068
1,0,0,0,1,0,0,1,0,1,1,1,1,0,0,0,1,0,1,0,0,0,0,1,1,0,0,0,0,0,1,1,0.631879
0,0,1,1,1,1,0,0,1,0,1,1,1,0,0,0,1,0,1,1,0,1,0,0,0,0,1,1,1,0,0,0,0.613593
0,1,0,0,1,0,1,0,1,0,1,1,1,1,1,0,0,0,1,0,1,0,0,0,1,1,1,1,0,1,0,1,0.604060
1,0,0,1,1,1,0,0,1,1,0,1,1,1,1,1,1,1,1,0,1,0,1,1,0,1,1,0,1,0,0,1,0.533152
1,1,1,0,1,0,0,1,1,0,0,0,1,0,0,1,1,0,1,1,0,1,1,1,1,0,0,0,1,1,0,1,0.565449
0,0,1,0,0,0,0,0,0,1,0,1,0,0,1,0,1,0,0,1,0,0,0,1,0,1,1,1,0,1,1,1,0.705604
0,1,1,0,1,0,0,0,1,0,1,0,0,0,0,0,0,0,0,1,0,0,1,1,0,0,0,0,1,1,1,1,0.643928
0,1,1,1,1,1,0,1,1,0,0,0,1,0,0,0,0,1,0,0,1,0,1,1,1,0,1,0,0,0,1,0,0.612084
0,0,0,0,0,0,1,1,0,0,0,0,0,1,1,1,1,1,1,0,1,0,1,0,1,0,0,0,0,1,1,1,0.757194
0,1,0,1,1,0,1,1,0,1,0,0,1,1,1,1,1,1,0,1,1,1,0,1,1,0,1,0,1,0,1,0,0.575083
1,0,0,0,1,0,1,1,1,1,1,0,0,1,1,1,0,0,0,1,1,1,0,1,1,0,1,0,1,0,1,1,0.519745
1,1,1,1,0,0,0,0,0,0,1,0,1,1,1,1,0,1,1,1,1,0,1,1,1,0,0,0,0,1,0,0,0.580566
1,0,1,0,0,0,1,1,0,1,1,1,1,1,1,0,1,0,1,0,0,0,1,1,0,1,1,1,1,1,0,0,0.579284
1,1,1,0,1,1,0,1,0,0,0,1,0,0,0,1,1,1,1,0,1,1,1,0,0,0,0,1,1,1,0,1,0.573448
1,1,0,1,0,1,0,1,0,1,0,1,0,0,0,0,0,1,1,0,0,1,1,0,0,0,1,0,0,1,0,0,0.652807
1,0,1,1,0,0,1,1,1,1,0,1,0,0,1,1,1,0,1,0,0,1,0,1,0,0,1,0,1,1,1,1,0.515067
0,0,1,0,1,0,0,1,0,0,1,0,1,1,0,1,1,1,1,0,1,0,0,1,1,1,1,0,1,0,0,0,0.609996
1,0,0,0,1,1,1,0,1,0,1,0,0,1,1,1,0,0,0,0,1,1,0,0,1,0,0,1,0,0,0,1,0.634621
1,1,1,0,0,1,1,1,1,1,1,0,1,0,0,0,1,1,0,1,1,1,0,1,1,0,1,0,0,0,1,1,0.553552
0,0,1,1,1,1,0,1,1,1,1,0,0,0,1,0,0,0,0,0,1,1,1,0,1,1,0,0,1,1,0,0,0.639929
1,1,0,0,0,1,1,1,0,0,1,1,0,0,1,1,1,0,1,1,0,0,1,1,1,0,0,0,0,0,0,1,0.627302
0,0,0,0,1,0,1,0,0,0,1,1,0,0,0,1,0,1,0,1,1,1,0,0,0,1,0,1,0,1,1,0,0.692348
0,0,0,0,1,1,0,0,0,1,0,1,0,1,0,0,0,0,0,1,0,1,1,1,0,0,0,1,0,0,1,1,0.675596
0,0,1,1,1,0,0,1,1,0,0,0,0,0,1,1,0,0,0,1,1,0,1,1,0,1,1,0,1,1,0,0,0.607908
0,0,0,1,1,1,1,0,1,1,0,0,1,1,1,0,1,1,0,0,0,1,0,1,1,0,0,1,1,0,0,0,0.605569
1,1,0,1,0,1,1,0,0,1,0,0,1,0,1,1,1,1,1,0,1,0,0,0,1,1,0,0,1,1,1,1,0.498692
0,0,1,0,1,1,1,1,1,0,0,0,1,1,1,0,1,0,1,0,0,0,0,1,0,0,1,1,1,0,1,1,0.550734
1,1,0,0,0,1,0,1,1,1,0,1,0,1,0,1,0,1,0,1,0,1,0,0,1,1,0,0,0,1,0,0,0.626773
0,1,0,1,0,0,0,1,1,0,0,1,0,1,0,0,0,0,0,1,1,0,1,1,1,0,1,0,0,1,0,1,0.712320
1,0,1,0,1,0,1,1,0,0,1,0,0,0,1,0,1,0,0,0,1,1,1,1,0,0,0,1,1,0,1,0,0.664755
0,0,0,1,0,0,1,0,1,1,1,0,1,0,1,1,1,1,1,0,0,1,0,0,0,1,0,1,1,0,1,0,0.600010
0,0,1,1,0,1,1,0,0,1,1,1,0,1,1,0,0,0,0,1,0,0,1,0,0,0,1,1,0,1,0,1,0.697178
1,0,0,0,0,1,0,0,1,1,1,0,1,1,1,0,1,1,0,0,1,0,0,1,0,1,0,1,0,0,0,1,0.638243
1,1,0,0,1,0,1,1,1,0,1,1,0,1,1,0,1,0,0,0,1,1,0,1,1,0,1,1,1,0,1,0,0.613392
0,1,0,0,1,1,0,1,1,0,0,0,1,0,1,1,1,1,1,0,1,1,1,0,1,0,0,0,1,0,0,1,0.599708
1,0,1,1,0,1,0,1,1,1,0,0,0,0,0,0,0,1,1,1,1,0,0,0,0,1,0,0,1,0,0,0,0.664629
1,0,1,1,1,1,0,1,1,1,1,1,1,1,0,1,0,0,1,1,0,0,1,1,0,1,1,1,0,1,0,1,0.479148
0,0,0,0,1,0,1,1,0,0,0,1,0,1,1,0,0,0,1,0,1,0,1,0,0,0,0,1,1,0,0,0,0.662793
1,1,0,0,1,1,1,0,0,0,0,1,1,1,0,1,0,1,0,1,0,0,1,0,0,1,1,1,0,1,0,0,0.617391
1,1,1,0,0,0,0,0,0,0,0,1,0,0,0,0,1,1,1,1,0,0,0,1,0,0,1,0,1,0,0,0,0.696172
0,1,1,0,1,1,1,1,0,0,1,1,1,1,1,0,1,1,1,1,0,0,1,0,1,0,0,0,1,1,0,1,0.549024
1,1,0,0,0,0,0,0,1,0,1,0,1,0,1,1,0,1,0,0,0,0,1,1,0,1,1,0,0,0,0,0,0.669308
1,0,0,0,0,1,0,1,0,0,1,1,1,0,1,1,0,0,0,0,0,0,0,1,0,0,0,0,1,1,0,0,0.645337
0,0,0,1,1,1,1,1,0,1,1,1,1,1,1,1,0,0,0,1,1,0,1,1,0,0,1,0,0,1,1,1,0.555589
0,0,1,1,0,1,0,1,1,0,0,0,0,1,1,0,1,1,0,0,0,0,1,1,1,1,1,0,1,0,0,1,0.618070
1,1,1,1,1,1,1,0,1,0,0,0,0,0,0,0,1,1,0,0,0,0,0,1,0,0,1,1,1,1,1,0,0.659699
0,0,1,0,1,0,1,1,1,0,1,1,1,1,1,0,1,1,0,0,0,1,1,0,0,0,0,1,1,0,0,1,0.556017
0,0,0,0,0,0,0,1,0,1,0,0,0,1,0,1,0,1,0,0,0,1,0,1,0,1,1,0,0,0,1,0,0.740316
0,1,1,0,1,1,1,1,0,0,0,0,1,0,1,0,1,1,1,0,0,1,0,0,1,1,1,1,0,0,1,0,0.585572
1,1,1,1,0,1,0,0,0,1,1,1,1,1,1,0,0,1,0,1,1,1,0,1,0,0,1,1,1,0,0,0,0.589924
1,0,1,1,1,0,0,0,0,1,1,0,0,1,1,0,1,0,1,0,0,1,1,1,1,0,0,1,0,0,1,1,0.575133
1,0,0,0,0,0,1,0,0,1,1,1,0,1,1,0,1,0,1,0,1,1,1,0,1,1,0,1,1,0,1,0,0.603230
1,0,0,0,1,0,1,1,1,1,0,0,1,1,1,1,1,1,1,0,1,1,1,1,1,1,0,1,0,0,0,1,0.522613
0,1,0,0,1,1,1,0,1,1,1,1,0,0,0,0,1,1,0,0,1,0,0,0,0,1,0,0,1,0,0,1,0.639576
1,0,0,1,1,1,1,0,1,0,0,1,1,0,1,1,1,1,0,1,1,0,1,0,1,0,1,0,0,0,1,1,0.565550
1,1,1,0,1,0,1,0,1,1,1,0,0,0,1,1,0,0,1,1,0,1,0,1,1,1,1,1,0,1,1,0,0.556922
0,0,0,1,0,0,1,1,1,0,1,1,1,1,1,1,0,1,0,1,0,1,1,0,0,0,0,1,0,1,0,1,0.632433
1,1,1,0,0,0,1,1,1,1,0,0,0,1,1,0,0,0,0,1,0,1,1,0,1,0,1,0,0,0,1,0,0.607305
0,1,0,1,1,1,1,0,1,1,0,0,1,1,0,0,0,0,1,1,0,0,1,1,0,1,0,1,0,1,1,0,0.622044
0,1,1,0,1,0,1,0,1,1,0,0,1,0,1,1,1,0,1,0,1,1,0,1,0,1,1,1,0,1,0,1,0.544044
1,0,0,0,1,1,0,1,1,1,1,0,0,1,0,1,0,1,1,1,1,0,0,1,0,0,1,0,1,1,1,0,0.593168
0,1,0,0,0,1,1,1,0,1,1,1,1,1,0,0,1,1,0,0,0,1,0,1,0,1,1,0,1,1,1,0,0.579912
0,1,0,0,1,0,0,1,0,0,1,0,0,0,1,0,0,1,1,1,0,1,1,0,1,0,1,1,0,1,1,0,0.625365
0,1,1,0,0,0,0,0,1,1,1,1,0,1,0,0,1,0,0,1,0,1,0,1,1,1,0,1,0,1,1,1,0.627075
1,0,0,0,0,0,0,1,0,1,0,0,0,0,1,1,1,0,1,0,1,0,1,1,0,0,1,0,1,0,1,1,0.605167
1,0,1,1,0,0,0,1,0,1,0,1,0,0,1,0,0,0,1,0,1,1,0,0,1,1,1,1,1,0,1,1,0.604412
1,1,0,0,0,0,0,1,1,1,0,1,0,1,1,0,0,1,1,1,0,1,1,0,1,0,0,1,1,0,0,1,0.639375
1,1,0,1,0,1,0,0,1,1,0,0,1,0,0,0,1,0,0,1,1,0,0,1,0,1,0,1,0,0,1,1,0.611706
0,1,1,1,1,1,1,0,1,1,0,1,1,1,1,1,1,1,1,0,0,0,0,1,0,1,1,1,0,1,1,0,0.556193
1,0,1,0,0,0,0,1,0,1,0,0,0,0,1,1,1,1,0,1,0,0,1,1,1,1,1,1,1,1,1,1,0.573800
0,1,1,0,1,1,0,1,1,1,1,1,0,1,0,0,0,1,0,0,1,1,1,0,1,1,1,1,0,0,1,0,0.621290
0,1,0,1,1,0,0,0,1,1,1,0,1,0,1,0,0,0,0,1,0,0,1,1,0,1,1,0,1,0,1,1,0.604311
0,1,0,0,0,0,0,0,0,1,1,1,1,0,1,1,1,0,1,1,1,1,0,0,1,0,0,0,0,1,0,0,0.636407
0,1,1,0,1,0,1,0,1,1,1,1,1,1,1,1,1,1,0,0,1,1,1,0,1,1,0,0,1,0,1,1,0.516350
1,1,1,0,1,0,1,1,0,0,0,0,1,1,0,0,0,1,0,1,0,1,0,1,1,1,0,1,0,1,1,1,0.553149
1,1,1,0,0,0,1,1,1,1,1,0,0,1,1,1,0,1,1,1,0,1,0,1,1,1,0,0,0,1,0,0,0.568015
1,1,1,1,1,0,0,0,1,1,1,0,1,1,1,1,0,1,0,0,0,1,1,1,1,1,1,0,0,0,0,1,0.561550
1,0,1,1,1,1,0,0,0,1,0,0,0,0,0,1,1,0,1,0,0,1,1,0,1,1,0,0,0,1,0,0,0.631024
0,1,0,1,0,0,0,0,0,1,0,1,0,0,1,1,1,1,1,0,0,1,0,0,0,0,1,0,0,0,1,1,0.697882
0,1,0,1,1,1,0,1,0,0,0,1,1,1,0,0,0,0,0,1,1,0,0,1,0,0,0,1,1,0,1,0,0.607380
0,1,1,0,0,0,1,1,0,1,0,0,1,1,0,1,1,1,1,0,1,0,1,1,1,0,1,1,1,1,0,1,0.521833
0,0,1,1,0,1,0,1,1,1,0,0,1,0,1,1,1,1,0,1,0,1,1,0,1,1,1,0,1,1,0,1,0.552722
1,0,1,0,0,0,1,1,0,0,0,1,1,0,0,1,1,0,1,1,1,1,0,1,1,0,1,1,1,0,1,0,0.575662
1,1,0,1,1,0,0,0,0,0,1,0,1,1,1,0,1,1,1,0,1,1,1,1,1,0,0,0,1,0,1,1,0.564820
0,1,0,1,0,0,1,0,0,1,0,1,0,1,1,1,1,1,1,1,1,1,1,0,0,0,1,0,1,1,0,1,0.592288
0,1,1,0,1,1,0,1,1,1,1,0,0,1,1,0,0,1,1,0,0,0,0,1,1,1,1,0,1,1,0,0,0.615454
0,0,0,0,1,1,1,0,1,0,1,0,1,1,1,0,0,0,0,0,0,0,1,1,1,1,0,1,1,0,0,1,0.633590
1,1,1,1,0,0,0,0,1,0,0,0,0,1,1,1,0,1,0,1,0,0,1,0,1,1,0,1,1,1,0,1,0.550885
1,0,0,1,1,0,1,1,0,1,1,1,1,0,0,1,1,1,0,0,1,0,1,1,0,1,1,0,1,1,0,1,0.552621
0,0,1,0,1,1,0,0,1,1,0,1,1,1,0,1,1,1,0,1,0,1,0,0,0,0,0,1,1,1,0,1,0.570857
0,0,0,0,0,1,0,1,1,1,0,0,1,0,1,0,1,1,1,0,0,0,0,0,0,1,1,0,0,0,0,1,0.658995
0,0,0,1,1,0,0,1,1,0,0,0,0,0,1,1,0,0,1,1,1,0,1,1,1,0,0,1,0,0,0,0,0.661032
1,0,1,0,1,1,1,1,1,0,0,0,1,0,0,0,0,1,0,0,0,0,0,1,1,0,1,0,1,1,1,1,0.574278
1,1,0,1,1,1,0,0,1,0,0,0,0,0,0,0,1,0,1,1,1,0,1,1,0,0,0,1,0,0,0,1,0.623453
0,1,0,0,0,1,0,1,0,0,0,1,0,1,0,1,0,0,0,0,0,1,0,0,1,1,0,0,1,1,0,1,0.734178
0,1,0,1,1,1,1,1,1,0,1,0,0,0,1,0,1,1,1,1,0,1,0,1,0,1,1,1,0,1,1,1,0.480255
0,0,0,1,0,1,1,0,0,1,0,0,1,0,1,0,1,1,1,1,1,1,0,0,1,1,1,0,0,1,0,0,0.686664
1,0,1,1,0,1,1,0,0,1,1,0,1,1,1,1,1,1,1,0,1,1,0,1,1,1,1,1,1,0,1,0,0.521909
1,1,1,0,0,1,1,0,0,0,0,1,0,0,1,0,0,1,1,0,1,1,0,0,0,1,0,0,1,1,1,0,0.620259
0,1,1,0,1,0,0,1,1,0,1,0,0,1,0,0,0,1,0,0,1,1,0,1,0,0,0,0,1,0,1,1,0.623378
1,0,1,1,0,1,0,0,1,0,1,1,1,0,1,1,0,0,0,1,0,0,0,0,0,1,0,0,1,1,1,0,0.622070
1,0,0,0,1,0,1,1,0,1,1,1,1,0,0,0,1,1,1,1,0,0,1,1,1,0,1,0,0,1,0,0,0.586327
0,1,0,0,0,0,1,0,0,0,0,0,1,1,1,1,0,0,1,1,0,1,0,1,0,1,1,0,0,1,1,1,0.719237
0,0,0,0,1,0,1,1,1,0,0,1,0,0,0,1,1,1,0,1,1,0,0,0,0,1,1,0,1,1,1,1,0.626471
0,0,0,1,0,0,1,0,0,1,0,0,0,1,1,1,0,0,1,1,1,1,1,1,1,0,0,1,1,0,1,0,0.669584
1,0,1,0,1,0,0,0,0,0,1,1,1,0,1,0,0,1,0,0,0,1,0,1,1,1,1,0,1,1,1,1,0.596740
0,1,0,0,1,0,1,0,1,1,1,0,1,1,0,0,1,1,0,1,1,1,1,1,1,0,0,1,1,1,0,0,0.588565
1,1,0,1,1,0,1,1,1,0,0,1,0,0,1,1,0,1,1,1,0,1,0,1,1,1,1,1,0,0,1,0,0.525380
1,1,0,1,1,1,0,1,1,1,0,1,1,0,1,1,0,1,0,0,1,1,0,0,0,1,1,1,0,0,1,1,0.574203
1,0,1,1,0,0,1,1,1,0,0,1,0,0,1,0,1,0,0,1,1,0,1,1,0,0,1,1,0,0,0,0,0.616159
0,1,1,1,0,1,0,0,1,1,1,1,0,0,0,0,0,1,1,0,1,0,0,1,1,0,1,0,0,1,0,0,0.641287
0,0,0,1,1,0,1,1,0,1,1,0,1,1,0,0,0,0,0,0,1,0,0,1,1,1,1,0,1,1,1,0,0.613090
0,0,1,1,1,0,1,1,0,1,1,0,0,1,1,1,0,0,0,1,0,0,1,1,0,0,0,0,0,0,0,1,0.669383
0,0,0,0,1,0,0,1,0,1,0,0,1,1,1,0,1,1,0,1,0,1,0,0,0,1,1,0,1,1,1,1,0.640507
1,0,0,1,1,1,0,1,1,0,0,1,1,1,0,0,1,1,0,0,0,0,0,1,1,0,0,1,1,1,0,0,0.602676
1,0,1,1,0,0,0,0,1,1,1,1,0,1,0,1,1,0,1,1,0,1,0,0,0,0,1,0,1,1,0,1,0.553652
1,0,0,1,1,0,0,0,1,0,1,0,0,1,1,0,0,0,0,1,1,0,0,0,0,0,1,1,1,0,0,0,0.645211
0,0,1,1,0,1,1,0,1,0,1,1,0,1,1,1,0,1,0,0,1,1,1,0,1,0,0,1,1,1,1,0,0.551917
1,1,0,1,0,1,0,1,0,0,0,1,1,1,1,1,0,1,0,1,1,1,1,0,0,1,1,1,1,0,0,0,0.564846
0,0,0,0,1,0,0,1,0,1,0,1,0,1,0,1,1,1,1,0,0,0,1,1,1,1,0,1,0,0,0,0,0.739863
1,0,1,0,0,1,0,0,0,0,1,1,0,1,1,0,1,0,0,1,0,0,0,0,1,0,0,1,0,0,1,0,0.650946
0,1,1,0,0,1,1,1,1,1,1,0,0,1,0,0,0,0,0,0,0,1,1,1,1,0,0,0,1,1,0,0,0.590427
1,1,1,1,1,0,1,0,1,1,1,0,0,1,0,0,1,1,0,1,1,0,0,1,0,0,0,0,0,1,1,0,0.696549
0,1,1,1,1,0,0,0,1,0,0,1,0,1,1,0,0,1,1,1,0,1,1,0,0,0,1,0,0,1,0,1,0.611882
1,0,0,1,0,1,0,1,0,1,1,1,1,0,1,1,0,1,0,0,0,1,0,0,0,1,0,0,1,0,1,1,0.597319
1,1,0,0,0,0,1,1,0,0,0,0,0,1,1,0,1,0,0,0,1,1,1,0,0,1,1,0,1,0,0,0,0.635351
0,1,1,1,0,0,1,1,0,1,0,1,1,0,1,0,1,1,1,0,0,0,0,0,1,1,1,1,1,1,0,1,0.564519
1,1,1,0,0,1,0,0,0,0,1,1,1,1,1,0,0,1,0,1,0,1,1,0,0,1,0,0,0,0,0,1,0.628660
1,1,1,0,0,1,1,1,0,0,1,0,1,0,0,1,0,0,0,1,0,0,0,0,0,1,0,1,0,1,1,1,0.571637
0,0,0,1,0,0,0,0,0,0,1,1,0,1,1,1,1,0,1,1,0,0,1,1,1,0,0,0,1,0,1,0,0.755559
0,1,0,1,1,1,1,1,1,1,0,1,1,0,0,1,0,1,1,0,1,1,0,0,1,1,0,1,0,0,1,0,0.581698
1,0,0,1,0,1,1,0,1,0,1,0,1,0,1,0,1,1,0,1,0,0,1,0,0,1,0,0,0,1,1,1,0.581296
1,0,0,0,1,1,1,1,0,1,1,0,1,0,0,1,1,0,1,1,1,1,0,1,1,0,1,0,0,1,0,0,0.600262
0,0,1,0,0,0,0,1,1,1,1,1,0,1,1,1,0,0,1,0,1,1,1,1,0,0,0,0,0,1,1,0,0.648933
1,1,0,1,0,1,0,0,0,0,1,0,1,0,0,0,0,1,0,0,1,1,0,1,0,0,1,0,1,1,0,0,0.645689
1,1,0,1,1,1,0,0,1,0,1,1,0,0,0,0,0,0,1,0,1,0,0,0,1,0,1,1,1,0,0,1,0.624132
1,0,1,0,0,0,1,0,1,0,1,0,1,1,1,1,0,1,1,0,1,1,1,1,1,0,0,0,0,0,0,1,0.544119
0,1,1,0,0,1,0,0,1,0,0,0,1,1,1,1,1,1,0,1,0,0,1,0,0,0,0,0,1,0,1,1,0.630144
0,1,0,1,1,1,1,1,1,1,1,1,0,0,0,0,0,1,0,1,0,0,0,0,0,0,0,0,0,1,0,1,0.644104
1,0,0,1,0,0,1,1,0,1,0,1,0,1,1,1,0,1,1,1,1,0,1,1,1,0,1,1,1,1,1,1,0.512979
0,1,1,1,0,0,0,0,0,0,1,1,0,0,1,1,0,1,1,0,0,1,1,1,0,0,0,0,1,1,0,1,0.715137
1,0,0,0,0,1,0,0,0,0,1,0,1,1,0,1,0,0,1,1,0,0,1,1,0,0,1,1,0,1,0,1,0.653360
0,1,0,0,1,0,0,0,1,0,1,1,1,1,0,1,1,1,0,1,0,0,1,1,1,0,1,1,1,0,0,0,0.602374
1,0,1,1,0,1,0,0,0,0,0,1,0,0,1,1,1,0,1,1,1,1,0,1,1,0,1,1,1,0,0,0,0.628886
0,1,0,1,1,0,1,1,0,0,1,0,0,0,0,0,0,1,1,0,0,0,0,0,1,1,0,0,0,0,0,1,0.637413
0,0,0,1,1,1,1,1,0,1,1,0,1,1,0,1,0,1,0,0,0,0,0,1,1,1,0,0,0,1,0,1,0.615127
0,1,0,1,1,0,0,0,0,0,0,1,0,0,1,1,1,1,0,1,1,1,1,0,0,1,0,0,0,1,1,1,0.626899
0,1,0,1,1,0,1,1,0,0,0,1,1,0,1,0,0,0,0,0,0,1,0,1,1,0,1,0,0,0,0,1,0.680300
1,1,1,0,0,1,0,0,0,1,0,1,1,1,1,0,1,0,1,1,0,0,0,0,0,0,1,0,0,1,1,1,0.600916
1,0,1,1,0,0,1,0,1,0,0,0,0,0,1,0,0,0,0,0,1,0,1,1,0,0,1,0,1,0,0,1,0.652908
0,0,0,0,1,1,1,1,0,0,1,1,1,0,0,0,0,0,0,1,0,0,0,1,0,1,0,1,0,1,0,0,0.650895
1,1,0,1,0,1,1,0,0,1,1,1,1,0,0,1,0,0,1,1,0,0,0,1,0,1,1,1,0,0,1,0,0.593923
1,1,1,0,1,1,1,1,1,0,1,1,0,0,0,0,1,1,0,0,0,0,1,0,1,0,0,0,1,0,0,0,0.679168
1,1,0,1,0,0,1,0,0,1,0,1,0,0,0,1,0,0,1,0,1,0,0,0,1,1,0,1,1,1,0,1,0.619278
1,1,1,1,1,0,1,0,1,1,0,0,0,0,1,1,0,1,0,0,1,1,1,1,0,1,1,0,1,1,1,0,0.547263
1,0,1,1,1,1,1,0,0,1,0,1,1,1,1,0,1,1,0,1,0,1,1,0,0,0,0,1,0,0,0,1,0.586377
0,0,1,0,1,1,0,0,1,0,1,1,0,1,1,0,1,0,1,0,1,0,1,1,0,1,1,1,0,1,0,1,0.654870
0,0,1,1,0,1,0,0,1,0,1,1,1,1,1,1,0,1,1,0,1,1,0,0,0,1,1,1,1,1,1,1,0.528599
0,0,1,0,0,0,1,1,0,0,0,0,0,1,0,0,0,1,1,1,1,1,1,0,1,0,0,0,1,1,0,1,0.647399
1,1,1,1,1,0,1,0,1,0,0,1,0,0,1,0,1,0,1,0,0,0,0,0,1,0,0,1,1,0,1,1,0.537881
0,1,1,0,1,1,0,1,1,0,0,0,0,1,1,0,0,0,0,0,0,0,0,1,0,0,0,1,1,1,1,1,0.604814
1,0,1,1,0,1,1,1,0,0,0,0,0,1,0,1,0,0,0,0,0,1,1,1,1,0,0,1,0,1,1,1,0.596514
1,0,1,0,0,0,0,1,1,1,1,0,1,1,0,0,0,0,0,0,0,1,1,0,0,0,0,1,1,0,0,0,0.623705
0,1,1,1,0,0,1,0,1,0,1,1,0,1,1,1,1,1,1,0,1,1,1,0,0,0,1,1,1,0,0,1,0.551816
0,0,0,1,0,0,1,1,0,0,0,0,0,1,0,1,0,1,0,0,0,0,0,1,1,0,0,0,0,0,1,1,0.716571
0,0,1,0,1,1,1,0,1,0,0,1,0,1,1,0,0,1,0,0,1,0,0,0,1,0,0,1,1,0,0,0,0.676602
0,0,1,1,0,0,1,1,1,1,1,1,0,1,0,1,1,0,1,1,0,0,1,0,0,0,0,1,0,1,1,1,0.611203
1,0,1,1,0,0,1,0,1,1,0,0,0,1,0,1,1,1,1,1,1,0,0,1,0,0,1,1,1,0,0,1,0.604487
0,0,1,1,0,0,0,1,1,0,1,0,0,0,1,1,0,0,1,1,0,0,1,0,1,0,1,1,1,1,1,1,0.597947
1,1,1,0,1,1,0,0,0,0,0,1,0,1,0,0,1,1,1,0,0,0,1,1,1,1,1,1,0,1,0,1,0.607204
1,1,1,1,0,0,0,0,0,1,1,0,0,1,0,1,0,0,1,1,0,1,1,1,1,0,1,1,1,1,1,0,0.569801
0,1,0,1,1,1,1,1,0,0,1,0,1,0,0,0,1,1,0,1,1,0,0,0,0,0,1,0,1,1,1,1,0.606676
1,0,1,0,1,0,0,0,0,0,1,0,1,1,0,0,1,0,1,0,1,0,1,1,0,1,1,1,1,1,0,1,0.602903
0,0,0,0,0,0,0,1,0,0,1,0,0,0,1,1,1,1,1,0,0,1,0,0,0,0,0,0,1,0,0,1,0.792811
0,0,1,0,0,0,1,1,1,1,1,0,0,1,1,1,0,0,1,0,1,0,0,1,1,0,0,0,1,0,1,0,0.603808
0,1,0,0,0,1,0,1,0,0,1,1,0,0,0,1,0,1,1,1,0,0,0,1,0,1,0,0,1,0,0,1,0.724067
0,1,0,0,1,0,0,1,0,1,1,0,1,0,0,0,0,1,1,0,0,1,0,1,1,1,0,0,1,0,1,1,0.627503
1,0,0,0,0,0,1,1,1,1,0,0,0,0,1,0,0,0,1,0,0,1,0,1,1,1,1,1,0,0,0,0,0.686035
0,0,0,1,0,0,0,0,1,0,1,1,0,0,0,0,1,0,1,0,1,0,0,1,1,1,1,0,0,0,1,1,0.679797
1,0,0,0,1,1,1,0,1,1,0,1,0,0,0,1,1,0,1,0,1,0,1,0,0,1,1,1,0,0,1,0,0.607732
0,0,0,0,1,1,0,0,1,0,1,0,0,0,0,0,1,0,0,0,0,1,0,1,1,1,0,0,0,1,0,1,0.708321
0,1,0,0,0,1,1,0,1,0,1,1,1,1,0,1,0,1,1,0,1,1,0,0,0,1,1,1,0,0,0,1,0.593445
0,0,1,0,1,0,1,0,1,0,0,0,1,1,1,1,0,0,1,0,0,0,1,0,1,0,1,0,1,0,1,1,0.628232
1,0,1,1,0,0,0,0,1,0,0,1,0,1,1,1,0,0,1,0,0,0,1,1,0,0,1,0,1,0,0,0,0.636734
1,0,0,0,0,0,0,0,0,0,1,0,1,0,0,0,0,0,0,1,0,1,1,0,0,1,0,1,1,0,1,0,0.666868
1,1,0,0,0,1,0,1,0,1,1,0,1,0,0,1,1,0,0,0,1,1,1,1,1,0,1,0,0,0,1,0,0.617416
0,1,1,0,1,0,1,1,1,1,1,1,1,0,1,0,0,0,1,0,1,1,1,0,0,1,0,0,1,0,1,1,0.548823
0,0,0,0,0,1,0,1,1,1,1,1,0,1,0,0,1,0,0,0,0,0,0,1,0,0,1,0,0,1,0,0,0.734028
1,0,0,0,0,0,1,0,1,1,1,0,1,1,0,0,0,1,1,1,1,0,1,1,1,1,0,1,1,1,1,1,0.502893
1,1,1,0,1,0,1,1,0,0,1,1,1,1,0,0,0,0,1,0,0,1,1,0,0,1,1,0,0,1,0,0,0.627478
1,1,0,1,1,1,0,0,1,1,1,1,1,1,1,1,0,0,1,1,1,1,0,1,0,1,0,1,1,0,0,0,0.556646
0,0,0,0,1,1,1,0,1,0,0,0,1,0,0,1,0,0,1,0,1,0,1,1,1,0,0,0,0,0,0,1,0.679746
1,0,0,0,0,0,0,1,1,0,1,1,0,1,0,1,0,1,0,1,0,0,0,0,1,0,1,1,0,0,1,0,0.671773
0,1,0,0,1,1,1,0,0,0,1,1,1,0,1,1,0,1,1,0,0,0,1,0,0,1,1,0,1,1,1,0,0.581573
0,0,1,0,0,1,1,0,1,0,0,1,1,1,0,1,0,1,0,0,0,1,0,1,0,0,0,1,1,0,0,0,0.645085
1,0,1,0,0,1,0,1,1,1,0,1,1,0,0,1,0,0,1,1,1,1,1,0,1,0,1,0,1,0,1,1,0.564242
1,1,1,1,0,0,1,0,1,1,1,0,1,1,0,0,0,0,1,0,1,1,0,0,0,1,1,1,0,0,0,0,0.649688
1,0,0,0,1,1,1,1,0,1,0,0,0,1,0,1,1,1,0,1,1,0,0,1,1,0,0,1,1,1,1,1,0.531064
1,1,0,1,0,1,1,0,1,1,0,0,0,1,0,0,0,0,1,1,0,0,1,0,1,0,0,1,0,1,1,0,0.631729
0,1,1,0,1,0,1,0,0,0,1,1,1,0,1,0,1,1,1,1,1,0,1,0,1,0,0,1,0,0,1,1,0.568719
0,0,0,1,0,1,0,0,1,1,0,0,1,0,1,1,0,1,1,0,1,1,0,1,1,1,0,0,1,0,0,1,0.674942
0,0,0,1,1,0,1,0,0,0,0,1,1,0,0,0,0,1,1,1,1,1,0,1,1,0,0,1,1,0,1,1,0.640884
0,0,1,1,0,1,0,0,0,1,1,0,0,0,1,1,0,1,1,1,0,1,1,0,0,1,1,1,1,0,0,0,0.683696
0,0,1,1,0,1,1,1,0,0,0,1,0,0,0,0,0,1,0,0,0,0,0,1,0,1,1,1,1,1,0,1,0.702988
1,0,0,0,1,1,0,1,0,1,0,0,0,1,0,1,1,1,0,1,1,0,1,1,1,0,0,0,1,1,1,0,0.611279
0,1,1,0,1,0,1,0,0,0,1,1,1,1,0,1,1,0,0,1,0,1,1,0,1,1,1,0,1,0,0,1,0.579560
1,0,0,1,1,1,1,1,0,1,0,0,1,0,0,0,1,0,1,1,0,1,0,0,1,1,0,0,0,0,1,1,0.591860
1,1,0,1,0,1,0,1,1,0,1,0,1,0,0,0,0,1,0,0,1,1,1,1,1,0,0,0,1,1,1,0,0.583711
0,0,1,0,1,1,0,1,1,1,1,0,1,1,0,0,1,1,0,1,0,1,1,1,0,0,1,0,1,1,0,0,0.575158
0,1,1,1,0,0,1,0,0,0,0,1,1,1,1,0,0,1,1,1,0,0,1,0,0,1,1,0,1,0,0,0,0.633640
0,0,1,0,1,0,0,0,0,0,1,1,1,0,0,1,0,0,1,1,1,0,0,1,0,1,0,0,1,1,1,0,0.651726
0,0,0,1,1,1,1,0,0,0,0,1,0,0,0,1,0,1,0,0,1,1,0,1,0,0,0,0,0,1,1,1,0.659121
0,0,0,1,1,0,0,0,0,1,1,0,1,0,1,0,1,1,1,0,0,1,1,1,1,0,0,1,1,1,1,0,0.598400
1,1,0,1,0,1,0,0,1,1,1,1,0,0,1,0,0,0,1,0,1,0,0,0,0,0,1,1,0,1,1,1,0.606978
1,1,1,0,0,1,1,0,1,0,1,0,1,0,1,0,1,1,1,0,0,0,1,0,1,0,0,1,0,0,0,1,0.602903
0,1,1,1,1,1,1,1,1,0,1,1,0,0,1,1,0,1,1,0,1,1,0,0,0,0,1,0,1,0,0,1,0.556947
0,1,1,0,0,1,1,0,0,1,0,0,0,1,1,1,1,1,1,1,1,1,1,0,0,0,1,0,1,1,1,0,0.585069
1,0,1,0,0,0,0,0,1,1,1,0,1,1,0,0,1,0,0,0,1,1,1,0,1,1,0,0,0,0,0,1,0.628031
1,1,0,0,0,0,0,0,1,1,0,1,1,1,1,0,0,1,1,0,0,1,1,0,1,0,0,1,0,0,0,1,0.624283
1,1,1,0,0,0,1,0,1,1,1,1,1,0,0,1,1,1,0,0,0,0,0,1,0,0,1,0,0,0,0,1,0.603959
1,1,0,0,0,0,0,0,1,0,0,0,0,0,0,1,1,0,0,1,1,0,0,1,0,1,0,1,0,1,1,1,0.618070
1,1,0,1,1,1,1,1,1,1,0,1,1,0,1,1,0,0,0,0,0,0,0,0,0,0,1,1,0,1,0,0,0.616737
0,0,1,1,1,0,1,1,0,1,1,1,0,1,1,0,1,0,0,1,1,0,0,1,0,0,0,0,0,0,0,1,0.622573
0,1,1,1,1,0,1,1,1,1,0,1,1,0,0,1,0,0,1,1,0,1,0,0,0,1,1,0,0,1,1,1,0.503044
0,1,0,1,1,0,0,1,0,0,1,1,1,1,1,0,1,0,1,1,0,1,0,1,0,0,0,1,0,1,0,1,0.574303
0,1,0,1,1,1,0,1,0,0,0,0,0,1,0,1,1,0,1,1,1,0,1,1,0,1,1,1,1,1,1,0,0.616938
0,0,0,0,0,0,1,0,0,1,1,1,0,0,0,0,0,1,0,0,1,1,1,0,0,1,1,0,1,1,0,0,0.729349
0,1,1,1,1,1,1,0,1,0,1,1,0,1,1,1,0,1,0,0,0,1,0,1,0,1,0,0,1,0,0,0,0.598551
1,1,0,0,0,0,1,1,1,1,0,1,0,0,0,1,1,0,1,1,0,0,0,0,0,0,0,0,0,0,0,0,0.660554
0,0,1,0,1,1,1,0,1,0,0,0,1,0,0,1,1,1,0,0,1,0,1,1,0,0,0,1,1,0,1,1,0.581975
1,1,0,0,0,0,1,1,1,1,1,0,1,0,0,1,1,0,0,1,0,1,1,1,0,1,0,0,0,0,1,0,0.619605
0,0,1,0,1,0,0,1,0,1,1,1,1,1,1,1,0,0,1,1,0,0,1,1,0,0,1,1,1,0,0,1,0.637967
0,1,1,0,1,0,1,0,0,1,1,1,0,1,0,0,0,0,0,0,0,0,0,1,0,0,1,1,0,1,0,1,0.694486
1,1,0,1,1,0,0,0,1,1,0,0,1,1,0,1,1,0,0,1,1,0,1,0,0,1,1,1,1,1,1,1,0.485788
1,0,0,0,1,0,1,0,1,1,0,1,0,0,1,0,0,0,0,0,1,1,0,0,1,0,1,0,0,0,0,1,0.660479
0,1,0,1,1,0,1,1,1,0,0,1,0,1,1,0,0,0,0,1,0,0,1,1,0,0,1,0,1,1,1,1,0.573649
0,0,1,0,1,1,1,1,1,0,1,1,0,1,1,0,1,1,1,0,1,0,0,1,0,1,0,0,1,0,0,0,0.608311
1,1,0,0,1,0,1,1,1,0,0,0,0,0,1,1,1,0,1,1,1,0,1,1,1,1,1,1,0,1,0,0,0.550382
1,1,0,0,1,1,1,1,0,1,1,0,1,1,1,0,1,1,0,1,0,1,1,0,0,1,0,1,0,1,0,1,0.544798
0,1,0,0,1,1,1,0,1,0,1,0,1,0,1,1,1,1,1,1,0,0,1,1,0,0,1,1,1,0,0,0,0.558155
0,1,1,1,1,1,1,1,1,0,0,1,1,1,0,1,1,0,1,0,0,0,0,1,0,1,0,0,1,1,0,1,0.557979
1,1,1,1,1,0,0,1,0,0,1,0,0,0,1,1,1,1,1,1,0,0,1,0,0,1,1,0,0,0,1,0,0.605846
1,0,1,0,0,0,0,1,0,0,0,0,1,1,0,0,0,0,0,0,0,0,0,0,1,1,1,1,0,0,1,1,0.733600
1,0,1,0,1,0,0,0,0,0,0,1,1,0,0,0,0,1,1,1,1,0,1,1,0,0,1,1,0,1,0,0,0.597872
0,0,1,1,0,1,0,1,1,1,1,1,1,0,0,1,1,1,0,1,0,1,1,1,0,1,0,1,1,0,1,0,0.550231
0,1,1,0,0,1,0,1,1,0,0,1,0,1,0,0,0,0,0,0,0,0,1,1,0,1,0,1,0,0,1,0,0.673609
1,0,1,0,1,0,1,1,0,1,1,1,0,1,0,0,0,0,1,0,1,1,1,0,1,1,0,0,1,0,0,1,0.581774
0,1,0,1,0,1,1,1,1,1,1,1,0,0,0,0,1,1,0,1,1,0,0,1,1,1,1,0,1,0,1,0,0.601645
1,1,0,1,0,1,0,1,1,1,1,1,1,1,0,0,1,0,1,0,0,0,1,0,0,0,0,0,1,1,0,0,0.615706
1,0,1,0,1,1,0,1,1,1,1,1,1,0,1,1,0,1,1,1,0,1,0,1,0,0,0,0,0,1,0,0,0.589823
0,0,0,1,1,1,1,1,1,0,0,0,0,1,1,0,1,0,0,1,1,1,0,0,1,0,1,1,1,1,0,1,0.606399
0,1,0,1,0,1,1,0,0,0,0,0,0,0,1,1,1,0,0,0,1,0,0,0,0,1,1,0,0,0,0,1,0.673282
0,1,0,0,0,1,1,1,1,0,0,1,0,1,1,1,0,0,1,0,0,1,1,1,0,0,0,0,1,1,0,0,0.653084
1,0,0,1,1,0,1,1,0,1,1,1,0,1,1,0,0,1,1,0,1,0,1,0,1,0,0,1,1,1,1,1,0.547263
0,0,0,0,1,0,1,0,1,0,1,1,0,1,0,0,0,0,0,0,0,0,1,1,1,1,0,0,0,0,1,0,0.722809
1,0,1,1,1,1,1,0,0,0,1,1,1,1,1,1,0,0,1,1,1,0,1,1,0,1,0,1,0,0,1,0,0.564946
1,1,1,0,0,0,0,1,1,1,0,0,0,1,1,0,1,1,0,1,1,0,0,1,0,0,1,0,1,1,0,1,0.576869
0,1,0,0,1,1,0,1,0,0,1,0,0,1,1,0,0,0,0,1,1,0,0,1,0,1,1,1,1,0,0,1,0.637866
1,1,1,1,1,0,0,0,1,1,1,0,0,1,1,0,0,1,0,1,1,1,0,1,0,1,1,0,1,0,1,0,0.614825
0,0,1,0,1,1,0,1,1,1,1,0,1,0,0,1,1,0,1,1,0,1,0,1,1,0,0,0,0,0,0,0,0.625138
0,0,0,0,1,0,1,0,1,1,0,1,0,1,1,0,0,1,0,1,1,1,0,1,1,0,1,1,1,1,0,1,0.650292
1,1,1,0,0,1,0,0,0,1,1,1,0,1,1,0,0,0,0,1,0,0,0,1,0,1,1,1,0,1,0,1,0.662215
0,1,1,1,1,1,1,0,0,0,1,0,1,0,0,0,1,1,1,0,1,1,0,0,0,1,1,1,0,0,1,1,0.612838
0,1,1,0,1,1,1,1,1,0,1,0,0,0,1,0,1,1,1,1,1,1,0,0,1,1,1,0,1,1,1,0,0.586855
0,0,1,0,0,0,0,1,1,0,0,1,0,0,1,0,1,0,0,0,0,1,1,0,1,1,1,0,1,0,1,1,0.652354
1,1,0,0,1,0,0,0,0,0,0,0,0,0,0,0,1,1,1,1,1,1,0,0,1,1,1,0,1,1,0,1,0.681130
0,1,1,0,0,0,1,1,0,1,0,1,0,0,0,0,1,0,0,0,0,1,1,1,0,1,1,1,0,1,0,1,0.629213
1,1,0,1,0,1,0,0,1,0,0,0,1,0,0,1,1,1,1,0,1,0,0,0,1,0,0,1,1,0,1,0,0.626195
1,1,0,1,0,0,1,1,0,0,0,1,0,1,1,0,0,0,0,1,0,1,0,0,0,1,0,0,1,1,1,0,0.610147
1,0,0,1,1,1,1,1,0,1,1,1,0,1,0,1,0,0,1,0,0,0,1,1,0,0,1,1,0,0,0,0,0.645588
0,1,1,1,1,1,1,0,1,0,0,0,0,0,0,1,1,0,1,0,1,1,0,1,0,0,1,1,0,1,1,1,0.565550
1,0,1,1,1,0,1,0,0,1,0,0,0,1,0,0,1,0,0,1,1,1,1,0,1,0,0,1,1,1,0,1,0.591005
1,0,1,0,0,0,1,1,1,1,1,1,0,0,1,1,1,1,0,1,0,1,1,1,1,1,0,0,1,0,0,0,0.600740
1,1,1,0,1,1,1,1,1,1,1,1,1,1,0,1,0,0,0,1,0,1,0,1,1,1,1,1,1,0,0,1,0.468357
0,1,1,0,1,0,0,0,1,1,1,0,1,0,0,1,1,1,0,0,1,1,0,0,1,1,1,1,0,1,0,0,0.623277
0,1,0,0,1,1,0,0,0,1,0,0,0,1,1,1,0,1,0,0,0,1,0,0,1,1,1,0,1,1,0,1,0.640583
0,1,1,0,1,0,1,1,0,1,0,0,0,0,0,1,0,1,0,1,0,1,0,1,0,0,0,0,0,0,1,1,0.677130
1,0,0,0,1,1,1,1,1,0,1,1,0,1,0,0,1,1,1,0,0,1,0,0,1,1,1,1,0,0,0,1,0.589672
1,0,0,1,0,1,1,1,0,0,0,1,1,0,1,1,0,1,0,1,0,1,1,1,0,0,0,0,0,0,0,1,0.604085
1,1,1,0,0,1,0,1,1,1,1,0,0,1,1,0,0,1,0,0,1,0,1,0,1,1,1,1,0,0,1,0,0.581447
1,1,0,0,0,0,1,0,1,0,1,1,1,1,1,0,1,1,1,0,1,0,1,1,1,0,1,0,0,0,0,1,0.598073
0,0,0,1,1,1,0,0,0,1,0,1,0,0,0,1,1,0,0,1,0,0,0,0,1,1,0,1,1,1,0,0,0.662139
0,0,1,1,0,0,1,0,1,1,0,0,0,1,0,0,1,0,1,0,1,0,1,1,1,1,0,0,0,0,1,0,0.621944
1,1,1,1,0,0,1,0,1,0,0,0,0,0,1,1,0,0,1,1,0,1,1,1,0,0,0,1,0,0,0,1,0.649512
1,0,0,0,0,1,1,1,0,1,0,1,0,0,0,0,1,0,1,1,1,0,1,0,0,1,0,0,0,1,1,0,0.634898
1,0,0,0,0,1,1,0,1,1,1,0,1,0,1,1,0,0,0,1,1,0,1,1,0,1,1,1,1,1,1,1,0.531869
1,0,0,0,0,1,0,1,0,1,0,1,1,0,1,0,1,1,0,1,1,0,1,1,1,0,1,0,0,0,0,0,0.634697
0,1,1,0,1,0,0,1,1,0,1,0,1,1,1,1,0,1,0,0,0,0,0,0,0,0,0,1,0,0,1,1,0.595508
0,1,1,1,1,1,1,1,0,1,1,0,0,0,1,0,1,1,0,1,1,1,1,0,1,0,0,1,1,1,1,1,0.522537
0,1,1,0,0,0,0,1,1,1,1,1,1,0,1,0,0,1,1,0,1,0,0,1,1,1,0,1,1,1,0,0,0.600161
1,1,1,0,1,0,1,1,0,1,1,0,1,1,1,0,0,1,0,0,0,0,1,0,1,0,1,1,0,1,1,1,0.565525
0,1,0,0,1,1,1,0,1,1,1,0,1,1,0,1,0,0,1,0,1,1,1,0,0,0,1,1,1,1,1,1,0.572392
1,1,1,0,1,0,0,1,1,1,1,0,0,0,1,0,1,1,0,0,0,1,1,1,0,1,1,1,0,0,1,1,0.526134
1,1,0,0,1,1,1,1,0,1,0,1,0,1,0,0,1,1,0,1,0,1,1,1,0,0,1,0,1,0,1,1,0.558985
0,0,0,1,0,0,0,1,1,1,1,1,1,1,0,0,0,0,0,1,1,1,0,1,0,1,0,0,1,1,0,1,0.644356
1,1,1,0,0,1,1,1,1,1,0,1,1,1,1,0,0,0,1,1,0,0,0,1,0,0,0,1,1,0,0,0,0.599130
1,1,1,0,0,0,0,1,0,0,0,1,0,1,0,1,0,0,0,0,1,1,0,1,1,0,1,1,0,1,0,0,0.637464
0,0,1,1,0,0,1,0,1,1,1,0,0,0,0,0,1,1,0,0,0,1,1,1,1,0,1,1,1,0,1,1,0.585522
1,0,0,0,1,0,0,0,0,0,0,1,1,0,1,0,1,0,1,1,1,0,0,0,1,0,0,0,1,0,1,1,0.614121
0,1,0,1,1,0,1,1,1,0,1,1,0,0,1,0,0,1,0,0,0,1,0,0,1,1,1,0,0,0,0,1,0.617441
0,1,0,1,0,0,1,1,1,1,1,1,0,1,1,1,1,0,1,1,0,0,1,0,1,1,1,0,1,1,1,1,0.507496
1,0,0,1,1,1,0,0,1,1,0,0,0,1,0,1,0,1,1,0,0,1,0,0,0,1,1,0,1,0,1,0,0.609971
0,0,1,0,0,0,1,1,1,0,1,0,0,0,1,0,0,1,0,0,0,1,1,1,0,0,0,0,0,1,1,1,0.649361
0,0,1,1,0,1,1,0,0,1,0,0,0,0,0,1,1,1,1,1,0,0,0,1,1,0,0,1,1,0,0,0,0.636960
0,0,0,1,0,1,0,1,0,0,0,1,0,0,0,0,1,1,0,0,1,0,0,1,0,1,1,1,0,0,0,1,0.768790
0,0,1,0,1,1,1,1,0,1,1,1,1,0,0,1,1,0,1,0,0,1,0,1,0,1,0,0,1,0,1,0,0.621919
0,1,1,1,1,0,1,0,0,0,1,1,0,0,1,0,0,0,0,1,1,1,0,0,0,0,1,1,0,1,0,1,0.633590
0,0,0,0,1,0,0,1,0,1,1,0,0,1,1,0,1,1,1,1,1,0,1,0,1,0,1,0,0,1,0,0,0.655851
0,1,0,1,0,1,0,1,1,0,1,1,1,0,0,0,1,0,0,0,1,1,1,1,1,0,1,1,1,1,1,1,0.554130
0,1,1,0,0,0,0,0,0,0,0,0,1,1,1,0,1,1,0,1,0,0,1,0,0,1,1,0,0,0,0,1,0.665032
1,0,0,1,0,0,1,1,1,1,1,0,0,1,1,1,0,0,1,0,1,1,1,0,0,0,0,1,1,0,1,1,0.600563
0,1,0,0,0,1,0,1,1,1,1,1,0,1,1,1,0,0,1,1,1,1,1,1,0,1,1,0,1,1,0,0,0.623352
0,0,0,0,1,1,0,0,1,1,1,1,0,1,1,1,1,0,1,1,1,1,0,0,0,1,0,1,1,0,1,1,0.651801
1,1,0,1,0,0,1,0,1,0,1,0,0,0,1,0,0,1,0,1,1,0,0,0,0,0,1,1,0,1,1,1,0.624283
0,0,0,0,0,0,0,1,0,1,1,1,1,1,1,1,0,0,1,0,0,1,1,0,1,1,0,1,0,0,1,0,0.802898
0,0,1,1,1,1,1,0,0,1,0,0,0,1,0,0,1,1,1,1,0,1,0,0,0,1,0,1,0,0,1,1,0.628081
1,1,1,0,1,0,1,0,0,0,0,0,1,0,1,1,1,1,1,1,1,0,1,0,1,0,1,0,0,0,1,1,0.579158
1,0,0,0,0,1,0,0,0,1,0,0,0,1,1,0,1,0,0,1,1,1,0,1,1,1,0,1,0,0,0,1,0.679470
0,1,1,0,0,0,1,0,1,0,1,1,0,1,1,0,1,1,0,0,0,1,1,1,0,0,1,1,1,0,1,1,0.553174
1,0,0,0,0,0,0,0,1,1,1,0,0,1,0,1,0,0,1,1,0,1,1,1,1,0,0,0,0,1,0,1,0.690487
1,1,1,0,0,1,0,1,1,1,0,1,0,0,0,1,0,0,1,0,1,0,1,1,0,1,1,1,1,0,0,1,0.595633
0,0,0,0,1,1,0,0,0,0,1,0,1,0,0,0,1,0,0,0,1,1,1,1,1,1,1,1,1,1,0,1,0.665057
1,1,1,0,1,1,1,1,1,0,1,0,1,1,1,0,1,0,0,1,1,0,1,0,0,0,1,1,1,1,0,1,0.541528
0,1,0,0,1,1,0,0,0,0,1,0,1,1,0,1,0,0,0,1,0,0,0,0,0,0,1,1,1,0,0,1,0.652480
0,1,1,1,1,1,0,0,1,0,0,0,1,0,0,0,1,1,1,1,0,1,0,1,0,0,0,1,1,0,0,1,0.581497
0,0,1,0,1,0,1,1,0,1,0,1,1,1,1,0,0,1,1,0,0,1,1,1,1,1,1,0,0,1,1,0,0.564317
1,1,1,1,1,0,0,0,1,1,0,1,0,0,0,0,0,1,1,1,1,0,1,1,1,1,1,1,0,0,1,0,0.583384
0,1,1,0,1,0,0,1,1,1,0,0,1,1,0,1,1,0,1,1,0,1,0,1,0,1,0,0,0,1,0,1,0.551263
1,0,1,1,0,1,0,1,1,0,1,1,1,0,0,0,0,1,1,1,1,0,0,0,0,1,1,1,0,0,0,0,0.624283
0,0,1,0,1,0,0,1,0,0,1,1,0,1,1,0,1,1,1,0,0,1,1,0,0,0,0,0,0,1,1,0,0.652002
0,1,1,1,0,1,1,1,0,0,1,0,0,1,1,1,0,1,0,1,0,0,1,1,0,1,0,1,0,0,1,0,0.558331
0,0,0,0,0,1,1,0,1,0,0,0,0,1,0,1,1,0,0,0,1,0,0,0,1,0,1,0,0,1,1,0,0.684450
1,1,1,1,1,0,0,1,0,0,1,1,1,1,0,1,0,1,1,1,0,0,1,0,1,0,1,0,1,0,0,0,0.602903
1,1,1,0,0,1,1,0,1,1,1,1,1,0,1,0,0,1,0,1,0,1,0,1,1,0,1,1,0,1,1,1,0.483499
0,1,1,1,0,0,1,0,1,0,1,0,0,0,1,0,1,0,0,0,1,0,1,1,1,1,0,1,1,0,0,1,0.603305
1,0,0,0,1,1,0,1,1,0,1,1,1,0,1,1,0,0,1,0,1,1,1,0,1,1,1,0,1,1,0,1,0.651902
0,1,1,0,1,0,1,0,1,0,0,0,0,0,0,0,0,1,0,1,1,0,0,1,1,1,1,1,1,1,0,1,0.620409
0,0,1,1,1,0,0,0,1,1,0,1,1,0,0,1,0,0,1,0,0,0,1,1,1,0,0,1,1,1,0,0,0.612587
0,1,1,1,1,1,1,0,0,1,0,1,0,1,0,1,1,1,1,1,1,1,0,1,1,0,0,0,1,1,1,1,0.490643
0,0,0,1,1,0,1,0,1,1,0,0,0,0,1,1,0,0,0,0,0,0,0,0,1,0,1,0,0,1,0,1,0.692851
0,1,1,0,0,0,0,1,0,0,0,0,0,1,0,1,0,0,1,0,0,0,1,1,0,0,0,0,0,0,1,0,0.732468
1,0,1,1,1,0,0,1,1,1,1,1,1,0,0,0,0,1,0,1,1,1,1,1,1,0,0,0,0,0,1,0,0.580038
1,1,0,0,1,1,0,0,0,0,1,0,0,1,1,0,1,0,0,1,0,0,0,1,1,1,1,0,1,1,1,0,0.614071
0,1,1,0,1,1,1,0,1,1,1,0,0,1,0,1,1,1,0,0,1,1,1,0,1,1,0,0,1,0,1,0,0.588590
1,0,1,0,0,0,1,0,1,1,0,1,1,0,0,0,0,0,1,0,0,1,0,1,1,1,1,0,0,0,1,1,0.607581
0,1,1,1,0,1,1,0,0,0,1,0,1,0,1,0,1,1,0,0,0,0,1,1,0,0,1,1,0,0,0,0,0.623025
0,1,0,1,0,1,0,1,0,1,1,0,1,0,1,1,1,0,1,0,0,0,1,1,0,0,0,1,0,1,1,1,0.618649
1,0,0,1,1,0,1,0,0,0,0,0,1,1,0,0,1,0,0,1,1,0,1,0,1,1,1,0,1,1,0,0,0.671194
0,0,1,0,1,0,1,1,0,1,0,1,1,1,1,0,1,0,0,0,0,0,1,1,0,1,0,1,1,1,0,1,0.563965
1,1,1,1,0,1,0,0,0,1,0,1,0,0,1,0,1,1,1,0,0,0,1,1,1,0,1,0,0,1,1,0,0.649009
0,1,1,0,0,1,1,1,0,0,0,1,0,0,1,0,0,1,0,0,1,1,0,0,0,1,0,0,0,0,0,0,0.618825
0,1,0,1,1,0,0,0,1,0,0,1,0,0,1,1,1,0,0,1,1,0,1,0,0,0,1,1,0,0,0,1,0.638545
1,1,0,0,1,1,1,1,0,0,0,0,0,0,1,1,0,1,1,1,0,0,1,1,0,0,1,1,0,1,1,1,0.624132
0,1,1,0,1,1,0,1,0,0,1,0,0,0,0,0,1,0,1,0,0,0,1,1,1,0,0,1,1,1,0,1,0.633062
1,1,0,0,1,0,0,0,1,1,0,0,1,1,1,0,1,1,1,0,1,0,0,1,0,0,1,1,1,0,1,0,0.597872
0,1,1,1,0,0,1,1,0,1,0,1,1,0,0,0,1,0,0,0,1,0,1,0,0,0,1,0,0,1,0,0,0.633364
1,1,0,1,1,1,0,0,0,0,0,0,1,1,1,1,1,1,0,1,1,1,1,0,1,0,0,0,0,0,0,0,0.586151
0,0,1,1,0,1,0,1,0,0,1,0,1,1,1,0,1,1,1,0,0,1,0,0,0,1,0,1,1,1,1,0,0.593596
1,0,0,1,1,0,0,0,0,0,0,1,0,1,0,1,1,1,1,0,0,0,1,1,0,0,0,0,1,1,1,0,0.634873
1,1,0,1,1,1,0,1,1,1,1,0,1,0,1,0,0,0,0,0,1,0,1,0,1,0,1,0,1,0,0,1,0.634194
1,0,0,0,0,0,1,0,1,0,1,0,1,1,1,0,1,1,1,0,1,0,0,0,0,1,1,0,0,1,1,0,0.628811
1,0,1,1,1,0,1,0,1,0,0,0,0,0,0,1,0,0,1,0,1,1,0,0,0,1,0,0,0,1,0,0,0.642117
1,1,1,0,0,0,1,0,0,0,0,1,1,1,1,1,0,0,1,0,1,1,0,0,0,1,1,0,1,1,0,0,0.608688
0,0,0,0,1,1,1,1,1,1,1,1,1,1,0,1,0,0,1,1,1,1,0,1,1,1,1,0,0,1,0,0,0.637313
1,0,1,0,1,0,1,1,1,0,1,0,0,0,0,1,1,1,0,0,1,1,1,0,1,0,0,0,0,1,1,1,0.550734
0,0,0,1,0,0,0,0,0,0,1,1,1,1,1,1,0,1,0,0,0,1,0,0,1,1,1,1,1,1,0,0,0.720646
0,1,0,0,1,1,0,0,1,1,1,1,1,1,0,1,0,0,1,0,0,0,1,0,1,0,1,0,0,0,1,0,0.662592
1,0,1,0,0,0,1,1,0,1,0,0,0,1,1,0,1,0,1,0,1,0,0,1,1,0,0,1,1,1,0,1,0.604261
0,0,1,0,0,1,0,0,1,1,0,1,1,1,0,0,1,1,1,0,0,0,1,0,1,0,1,1,0,1,0,1,0.649537
1,1,0,0,1,1,0,1,1,1,1,0,1,0,1,0,1,1,0,1,1,1,0,0,1,1,0,0,0,0,0,0,0.698536
1,1,0,1,0,0,1,1,0,0,1,1,0,0,0,1,0,0,0,0,1,0,1,1,0,0,0,0,1,0,1,0,0.640633
0,1,0,1,1,0,0,0,0,1,0,0,0,0,1,1,0,1,1,0,1,1,1,0,1,0,1,1,0,0,1,1,0.637338
0,1,0,0,1,0,0,0,1,0,1,0,1,1,0,1,0,1,0,1,0,0,0,1,1,0,0,1,1,0,0,1,0.641086
1,0,0,1,1,1,1,0,0,1,0,0,0,1,1,0,0,1,0,0,1,0,0,0,0,1,0,1,0,0,0,0,0.632106
0,1,0,0,1,1,0,0,0,1,0,0,0,0,0,0,0,0,1,0,1,1,0,1,1,0,0,1,0,1,1,0,0.647676
1,1,0,0,0,0,1,1,0,0,0,1,0,0,0,1,1,0,0,1,0,1,0,0,0,1,0,1,1,1,0,0,0.640532
1,1,1,0,1,1,0,1,1,0,0,1,1,1,0,0,1,1,1,0,1,1,0,0,0,0,1,1,0,1,1,1,0.535642
1,0,1,0,0,1,1,0,0,0,0,1,1,1,0,0,0,1,1,0,1,0,1,0,0,1,1,0,0,1,1,0,0.616159
1,1,1,0,1,0,0,0,0,0,1,1,0,1,1,1,0,1,1,1,0,0,1,1,1,0,1,0,0,0,1,1,0.571511
1,1,1,0,1,1,1,0,1,1,1,1,1,0,1,1,1,0,0,1,0,0,0,1,1,0,0,1,0,1,1,1,0.479047
0,1,1,1,0,1,1,0,0,0,1,0,0,1,1,0,0,0,1,0,1,0,0,1,0,0,0,1,1,1,1,0,0.696096
1,0,0,1,0,1,0,1,1,1,1,0,0,1,1,0,0,1,1,1,1,0,0,1,1,1,0,0,0,0,1,0,0.593370
0,0,0,0,1,0,0,1,0,1,0,1,0,0,0,0,1,0,0,1,1,0,0,0,0,0,0,1,0,0,1,1,0.685632
1,1,1,0,1,0,0,1,0,0,1,1,0,1,0,1,0,1,0,0,1,0,1,1,1,1,0,0,1,0,1,1,0.542107
0,1,0,0,1,1,0,1,0,1,0,0,0,0,1,0,0,1,0,1,0,1,1,1,0,1,0,1,1,0,1,1,0.629842
0,0,0,0,0,0,1,0,1,0,1,0,0,1,1,1,0,1,0,1,0,1,0,1,0,1,1,1,0,0,1,0,0.724369
1,1,1,0,1,0,1,0,0,1,0,0,1,1,1,0,1,0,0,0,1,1,1,1,0,1,1,0,0,0,0,1,0.554834
1,1,0,1,0,0,0,1,1,1,0,1,0,1,0,0,0,1,0,0,1,0,0,1,0,0,1,0,1,0,1,0,0.634596
0,1,0,1,1,1,0,0,1,0,1,0,1,1,1,1,0,1,1,1,1,0,1,0,0,0,0,0,0,1,0,1,0.574253
1,0,1,1,0,1,1,0,0,0,1,0,1,0,0,1,0,1,0,0,1,1,0,0,1,0,0,1,1,0,0,0,0.632584
0,1,1,0,0,0,0,1,0,0,1,1,0,1,1,0,0,1,1,0,1,1,1,1,1,0,1,1,1,1,0,0,0.652883
1,0,1,0,1,1,0,0,1,0,1,0,1,1,1,1,0,1,1,0,1,1,0,1,0,0,0,1,0,1,1,1,0.534485
1,1,0,1,1,0,1,1,1,1,1,1,1,1,0,1,1,1,1,0,0,0,0,1,1,1,1,1,0,1,0,1,0.448964
0,1,1,1,1,1,0,0,1,0,1,0,0,0,1,1,1,1,1,0,0,1,1,1,1,0,1,0,1,0,1,1,0.524399
1,1,1,1,1,1,1,1,1,1,0,1,1,0,1,0,1,0,1,1,1,1,0,1,1,0,1,1,1,0,0,1,0.534234
1,0,0,0,1,1,0,0,1,0,1,0,1,0,0,0,1,1,1,0,1,1,1,0,1,0,0,0,0,1,0,0,0.670591
0,0,1,0,1,1,1,0,1,0,1,0,0,0,0,0,1,1,0,1,1,0,0,1,1,0,0,1,1,1,1,1,0.582151
1,1,0,0,0,0,1,1,1,1,0,0,1,0,1,1,0,0,1,1,0,1,1,1,1,0,1,1,1,1,1,1,0.469715
1,0,1,1,0,1,0,0,0,1,0,0,1,1,1,0,0,0,0,0,1,1,0,0,0,1,0,0,1,1,1,0,0.636156
0,1,1,0,1,0,1,0,1,0,0,0,0,1,0,0,1,0,1,1,1,1,1,1,0,0,0,1,1,0,1,0,0.596841
1,1,1,0,0,0,1,1,1,0,0,1,1,1,0,0,1,0,1,1,1,1,1,1,0,0,0,0,0,1,1,0,0.508678
0,0,0,0,0,0,0,0,1,0,1,0,1,1,0,1,1,1,1,1,1,1,0,0,0,1,1,1,0,1,1,0,0.641891
0,1,1,1,1,0,1,1,1,0,1,0,0,0,0,0,0,1,1,1,0,0,1,0,0,1,1,1,1,0,0,0,0.614649
0,0,0,1,0,0,1,0,1,0,1,0,0,0,1,0,1,1,1,0,0,0,1,0,1,1,0,1,1,1,1,1,0.622422
0,1,0,0,1,1,1,0,1,0,1,1,1,1,0,1,0,1,1,0,0,1,1,0,0,0,1,1,1,1,1,0,0.569222
0,1,0,0,1,1,0,0,1,0,0,1,0,1,0,1,1,0,0,1,0,1,1,0,1,0,1,1,1,0,1,1,0.612084
1,0,0,1,1,1,0,1,1,0,0,1,1,0,1,1,0,0,1,0,1,0,1,0,1,1,1,0,0,0,1,1,0.595608
0,1,0,1,0,1,0,1,1,0,1,0,1,1,1,0,0,0,0,1,1,1,0,0,0,0,1,0,1,0,1,1,0.618951
0,1,0,0,1,0,0,0,1,0,1,0,1,0,0,1,1,1,1,0,1,1,0,0,1,0,1,0,0,0,0,1,0.642041
0,0,0,0,0,1,0,1,0,1,1,1,0,1,1,0,0,0,1,0,0,1,0,0,1,0,1,1,1,0,0,1,0.731563
1,1,1,1,1,1,1,1,0,1,1,0,0,1,1,1,0,1,0,0,1,1,1,1,0,0,0,0,1,0,1,0,0.564871
1,1,0,1,1,1,1,1,1,0,1,0,0,0,0,1,1,0,1,1,1,0,1,1,1,1,1,1,0,1,1,0,0.539818
1,0,0,0,1,1,0,1,0,0,1,0,0,0,0,0,1,0,1,0,0,0,0,0,0,0,0,1,0,0,1,1,0.659397
1,1,0,0,0,0,0,0,0,1,0,0,0,0,0,0,1,0,1,1,0,0,1,0,0,0,1,1,1,0,1,1,0.636734
1,1,1,0,0,1,1,0,1,1,1,0,0,0,1,0,1,0,0,0,1,0,1,0,1,0,1,1,0,1,0,0,0.627805
1,1,1,0,1,0,0,0,0,1,0,1,0,1,0,0,0,1,0,0,1,0,1,0,1,1,0,1,0,0,1,0,0.619982
1,1,1,0,1,1,1,1,0,0,0,1,0,0,1,0,0,1,1,1,0,0,0,1,1,1,1,1,1,1,1,0,0.544169
0,0,1,0,1,1,0,1,0,1,1,0,0,1,1,1,0,1,1,0,1,1,1,0,1,0,1,1,0,1,1,1,0.624333
0,0,0,0,1,1,0,0,0,0,0,0,1,1,1,1,0,1,0,0,1,1,1,0,0,1,0,1,1,0,1,1,0.630697
1,1,0,0,0,1,0,1,1,0,0,0,0,0,0,1,0,0,0,1,1,1,0,1,0,0,1,1,1,1,1,1,0.584390
1,0,0,0,0,0,1,0,0,1,0,0,0,1,1,0,1,1,1,1,1,1,0,1,0,1,1,1,1,0,0,0,0.642117
1,1,0,0,0,1,1,0,1,0,0,0,1,1,1,0,1,0,0,1,0,1,1,1,1,0,1,0,1,1,0,0,0.618095
0,0,0,1,0,0,1,1,0,0,1,0,1,1,0,1,0,1,1,0,1,1,0,0,1,0,1,0,1,0,1,1,0.585698
1,0,0,0,1,0,0,1,1,0,1,1,0,1,0,1,0,1,0,0,1,0,0,1,1,0,0,1,0,1,1,0,0.634093
1,1,1,0,1,0,1,1,0,1,0,0,1,1,1,1,0,1,1,1,1,0,0,0,1,0,1,0,1,0,0,1,0.579938
1,0,1,1,1,0,0,0,1,0,0,1,0,0,0,0,1,1,0,1,1,1,0,1,0,1,1,0,0,0,1,0,0.615278
0,1,0,1,0,0,0,0,0,1,0,0,0,1,1,1,1,1,0,1,1,1,1,0,1,0,1,0,1,0,0,0,0.661711
1,0,1,1,1,0,0,1,0,1,1,1,0,1,1,0,0,1,1,1,0,0,1,0,0,0,0,0,1,1,1,0,0.592263
1,0,1,1,1,1,1,1,1,1,1,0,1,1,1,0,0,1,0,0,1,0,1,0,0,1,0,0,1,1,0,1,0.546307
0,0,1,0,1,0,1,1,1,0,1,0,1,1,1,0,0,0,1,1,1,1,1,0,0,0,0,0,1,1,1,0,0.520626
1,1,1,1,0,1,1,1,1,0,0,0,1,1,1,0,0,1,0,0,0,0,1,0,1,0,0,1,1,1,1,1,0.527895
0,0,0,1,0,0,1,1,1,0,1,0,1,1,0,1,1,1,1,0,0,1,0,0,1,1,1,1,1,1,0,0,0.573121
1,0,0,0,0,0,1,1,1,1,0,0,0,1,1,1,1,1,0,1,0,1,0,0,0,1,1,1,1,0,0,0,0.608336
0,1,0,1,0,1,1,0,1,0,1,0,0,1,1,1,1,1,1,0,0,1,1,0,1,0,1,1,1,1,0,1,0.548420
1,0,1,0,0,0,1,1,0,1,1,1,1,0,0,0,1,1,1,0,0,0,1,1,1,1,1,1,0,0,0,0,0.583987
1,0,1,1,1,0,1,0,0,1,0,0,0,0,0,0,1,1,0,1,0,0,0,1,0,0,1,0,0,0,1,0,0.716974
1,1,0,0,0,1,0,1,0,0,0,1,1,0,1,0,0,0,0,1,1,1,0,1,1,0,0,0,1,1,1,1,0.567210
1,1,1,0,1,0,1,0,1,1,1,1,0,0,0,1,0,0,0,1,0,0,1,1,0,1,0,1,0,1,1,1,0.537328
0,1,1,1,0,1,0,0,0,0,1,1,0,0,0,0,1,1,1,0,1,0,1,1,1,1,0,1,1,1,1,0,0.669836
0,0,0,1,1,0,0,0,1,1,1,0,1,0,1,0,1,0,0,1,0,1,0,1,0,0,0,0,0,0,0,1,0.636533
0,0,1,0,1,1,0,0,1,0,1,1,0,1,1,1,0,0,0,0,1,0,1,1,1,1,1,1,0,1,0,1,0.624962
1,1,1,0,1,0,0,0,1,0,1,1,0,0,1,1,0,0,1,1,1,1,1,0,1,1,1,1,0,0,0,1,0.559010
1,1,1,0,1,0,1,1,1,1,0,1,1,1,0,0,1,1,0,1,1,1,1,1,1,1,0,1,1,1,0,0,0.640482
1,1,1,1,0,0,1,0,0,1,1,0,0,1,1,0,0,1,0,0,0,1,1,0,0,0,1,0,0,1,0,1,0.653008
0,0,0,1,1,0,1,0,1,0,1,1,1,1,0,1,1,0,0,1,1,0,0,1,0,0,1,1,0,0,0,1,0.620032
1,1,1,0,0,0,1,0,1,1,1,1,0,0,0,1,1,1,0,1,0,1,0,1,1,0,0,1,1,0,0,1,0.599658
0,0,0,0,0,0,0,0,1,0,0,0,1,1,1,0,0,0,0,1,1,0,1,0,1,1,0,0,0,1,0,1,0.836452
0,1,0,1,0,0,0,1,1,1,0,1,1,1,0,1,1,1,1,0,0,0,1,1,1,0,0,1,0,1,1,0,0.588565
0,1,0,1,1,1,1,0,1,0,0,1,1,0,0,1,0,1,1,0,1,1,0,0,0,1,1,0,1,0,0,1,0.606902
0,0,0,0,1,1,1,0,0,1,0,1,0,0,0,0,0,1,1,0,0,1,0,0,0,1,1,0,0,0,1,0,0.691694
1,1,1,0,0,1,0,1,1,0,1,0,0,1,0,1,1,0,1,1,1,0,1,0,1,0,1,0,0,1,0,0,0.602928
1,1,0,1,1,1,0,0,0,1,1,1,1,0,0,1,0,0,1,0,0,0,1,1,1,1,1,1,1,0,1,1,0.542887
1,0,1,1,0,1,1,0,0,1,1,1,1,0,0,0,1,1,1,1,1,0,1,0,0,1,0,0,0,0,1,0,0.619378
1,0,0,0,1,1,0,0,1,0,1,1,1,1,0,0,1,1,1,1,1,0,0,1,0,1,0,1,0,0,0,0,0.613190
1,1,1,1,0,1,1,1,1,1,0,0,0,1,0,0,0,1,1,1,1,0,0,0,1,0,1,0,1,0,0,0,0.658618
1,1,1,0,0,0,1,0,0,0,0,1,0,0,1,1,1,1,0,0,0,0,0,1,1,1,0,1,1,0,0,0,0.632659
1,1,0,1,0,0,0,1,0,1,0,0,0,0,1,1,0,0,0,1,0,0,0,0,1,0,1,1,0,0,0,0,0.649512
0,0,0,0,1,1,0,0,1,1,1,0,1,0,1,1,0,0,0,1,0,1,0,0,1,1,0,0,0,0,1,1,0.765369
1,1,1,1,1,1,0,1,0,1,0,1,1,1,0,1,1,1,0,0,1,1,1,0,1,1,0,0,1,0,0,1,0.548370
1,1,1,0,1,1,1,0,0,0,1,0,0,1,0,0,1,0,1,1,1,1,1,0,0,0,1,0,0,0,1,0,0.615530
0,0,0,1,0,1,0,1,1,1,1,0,0,1,1,1,1,1,1,1,1,1,0,0,0,1,0,1,0,1,0,1,0.624761
0,1,0,1,1,0,1,1,1,0,1,1,1,1,1,1,1,0,0,1,0,1,1,1,0,1,1,1,0,0,1,1,0.458044
1,1,0,0,1,1,1,1,0,1,1,1,0,0,0,1,0,1,0,0,0,0,1,1,1,0,1,1,1,1,1,1,0.528901
1,1,0,0,1,0,1,1,0,0,1,0,1,0,0,1,0,0,1,0,0,1,1,0,1,0,0,1,1,0,0,0,0.631754
1,0,1,0,0,0,0,0,0,1,1,1,0,0,0,0,0,1,0,0,0,1,0,0,1,1,1,0,1,1,1,1,0.673005
0,0,1,0,1,0,0,1,1,1,0,0,1,0,1,0,0,1,0,0,1,0,0,1,0,1,1,0,1,0,0,1,0.640381
0,0,0,1,0,0,1,0,0,1,0,1,1,0,0,1,0,1,0,0,1,1,1,0,1,0,1,1,1,1,0,1,0.663095
0,0,1,0,1,0,1,0,1,1,1,1,1,1,0,1,0,1,0,1,1,1,1,1,1,0,0,1,1,1,1,0,0.595432
1,1,1,1,1,0,0,1,1,1,1,1,0,1,0,1,0,0,1,0,0,1,0,1,0,1,1,0,0,1,0,1,0.508779
1,1,1,1,1,1,1,0,1,1,1,0,0,0,1,0,0,1,1,0,1,0,1,1,1,1,1,1,0,1,0,0,0.587936
0,1,1,0,0,0,0,0,1,0,0,0,0,1,0,0,1,1,1,0,1,1,0,0,0,0,1,0,1,1,0,1,0.645915
1,1,0,0,0,0,0,0,0,0,1,1,0,1,1,0,0,0,1,1,1,0,0,0,1,1,1,1,1,1,0,1,0.614624
1,0,0,1,1,1,1,1,0,0,0,0,1,0,0,1,1,0,0,0,0,1,1,1,1,1,1,1,1,0,0,0,0.598903
0,0,1,1,1,0,1,1,1,0,0,1,1,0,1,1,0,0,0,1,1,1,1,1,0,1,1,0,1,0,1,0,0.586729
1,0,0,0,0,0,1,0,1,0,1,1,0,0,0,0,1,1,1,0,1,0,1,0,0,0,1,0,1,0,0,1,0.621793
1,0,0,1,0,0,1,0,1,1,0,0,0,1,0,1,1,1,1,0,1,0,1,1,1,0,0,0,0,1,0,1,0.611656
1,1,1,1,1,1,1,1,1,1,1,0,0,1,0,0,1,1,1,1,1,0,0,1,0,1,1,1,0,1,0,0,0.673609
1,1,0,1,1,0,1,0,1,1,0,0,1,1,0,1,0,1,1,1,1,0,0,0,1,1,1,0,1,1,0,1,0.528348
0,0,0,1,1,1,1,0,1,0,1,1,1,0,1,1,0,0,1,1,0,0,0,0,0,1,1,0,0,1,0,1,0.596111
1,1,1,0,1,1,1,1,0,0,1,1,0,0,1,1,1,0,1,0,1,1,1,0,0,1,0,0,1,0,0,1,0.582252
1,0,0,1,0,1,0,1,1,1,1,0,1,1,1,0,0,0,1,1,1,1,1,0,0,1,0,1,0,0,0,1,0.589722
0,1,0,0,0,1,1,0,1,1,1,0,1,1,1,1,1,1,1,1,0,1,0,0,1,0,0,1,1,1,1,0,0.524047
1,1,0,1,0,0,0,0,0,0,0,1,1,0,1,0,0,1,0,0,1,0,0,0,1,0,0,1,0,1,0,1,0.646016
1,1,0,0,0,0,0,0,1,0,1,1,0,0,0,1,1,0,0,0,0,1,1,0,1,0,1,1,0,0,1,1,0.628760
1,0,1,1,1,0,1,0,0,0,0,0,1,1,1,0,1,0,0,0,1,0,0,0,0,1,1,0,1,1,1,0,0.622724
1,0,0,0,1,0,0,0,1,1,0,1,0,1,1,1,1,0,0,1,0,1,1,0,1,1,0,0,1,1,1,1,0.574756
1,1,1,0,0,1,1,1,1,0,0,1,1,0,1,0,0,0,0,1,1,1,0,0,1,0,0,1,0,1,0,1,0.587408
0,0,1,0,0,1,1,1,1,0,1,0,1,1,1,1,0,0,1,1,1,0,1,0,1,1,0,1,0,1,0,0,0.591936
1,1,1,0,0,1,0,0,0,1,0,0,1,0,0,0,1,1,0,1,1,1,1,0,0,1,1,1,0,0,1,0,0.605997
1,1,1,1,0,0,1,1,0,1,1,0,1,1,1,1,0,1,0,0,1,1,0,0,1,0,1,1,0,1,0,1,0.533982
0,0,1,1,1,0,0,1,0,0,0,1,1,1,0,1,0,1,1,0,0,1,1,0,0,0,0,1,0,1,1,1,0.639476
0,0,1,1,0,1,0,1,0,1,1,0,0,1,0,1,0,0,0,1,1,1,1,1,0,0,1,1,0,0,1,1,0.708874
0,0,0,0,1,0,1,0,1,0,1,0,1,0,0,0,0,1,1,1,1,1,1,1,0,0,1,1,0,1,1,1,0.681356
0,0,0,1,1,1,1,1,1,0,1,1,1,1,1,1,0,1,1,1,0,1,0,0,0,0,1,0,0,1,0,1,0.569122
1,1,1,0,1,0,1,0,0,1,0,0,0,1,1,0,0,0,0,1,0,0,0,0,1,1,1,0,0,0,1,1,0.629188
0,0,0,0,0,1,0,1,1,1,0,0,0,0,0,0,1,0,1,1,1,0,0,1,1,0,1,1,1,0,1,0,0.715213
1,0,1,0,1,0,0,0,0,0,0,0,1,0,0,1,1,1,1,1,0,0,1,0,1,0,0,1,1,1,1,1,0.544572
1,0,0,0,0,1,0,0,0,1,0,0,1,1,0,1,0,1,0,0,0,1,0,1,0,1,1,1,0,1,1,0,0.671370
1,0,1,0,0,0,1,1,0,0,0,0,0,1,1,1,1,1,1,1,1,1,0,0,0,1,0,0,1,0,1,1,0.557752
1,1,1,0,1,1,1,1,1,0,1,1,0,1,1,1,0,0,1,1,1,1,0,1,1,1,1,1,0,0,0,0,0.546936
0,1,1,1,1,1,0,0,0,0,1,0,1,0,0,0,1,0,0,1,1,1,1,0,0,0,0,0,1,1,1,0,0.607506
1,1,1,0,0,1,0,0,1,0,0,0,1,0,1,0,1,0,1,1,1,0,0,0,0,0,1,0,0,0,0,1,0.618146
1,1,1,0,0,1,0,0,0,1,1,1,0,0,0,0,1,0,1,0,1,0,0,0,0,1,0,0,1,1,0,1,0.613165
0,0,1,0,1,1,1,0,1,0,0,1,0,0,1,1,0,0,1,0,1,1,0,1,1,1,0,1,1,1,0,1,0.598551
0,1,0,0,0,0,0,0,0,0,1,0,1,1,1,1,0,1,1,1,1,1,0,1,1,1,1,1,1,0,1,1,0.605971
1,0,0,0,1,0,0,0,0,1,0,1,1,1,1,0,1,1,1,1,1,1,0,1,0,0,0,0,0,0,1,1,0.569197
1,0,1,1,0,0,1,0,0,1,1,0,1,1,1,0,0,1,1,1,1,0,0,1,1,1,1,1,0,0,1,0,0.572543
1,1,0,0,1,0,1,0,1,0,0,1,0,0,1,1,1,1,1,0,1,0,1,0,1,1,0,1,0,0,0,1,0.596313
1,0,0,1,0,0,1,0,1,1,1,0,1,1,0,1,1,1,1,1,0,1,1,1,1,0,0,0,1,1,1,1,0.437946
1,0,0,0,1,0,1,0,1,0,1,1,0,0,1,0,0,1,1,1,0,1,1,1,1,1,1,0,0,0,1,1,0.577020
0,1,0,1,1,1,0,1,1,1,1,1,1,0,0,1,0,0,1,1,1,1,0,0,0,1,1,0,1,1,1,1,0.522210
1,0,0,1,0,0,1,1,1,1,0,0,0,0,0,1,0,0,0,0,1,0,0,0,1,1,1,0,1,1,0,0,0.674037
0,0,0,0,1,0,0,1,0,1,0,1,1,1,1,1,0,1,0,0,1,0,1,1,1,0,1,1,0,1,1,1,0.661837
0,1,1,0,0,1,1,0,0,0,0,1,1,0,0,1,1,0,0,0,0,0,1,1,1,1,0,1,0,1,0,0,0.638646
0,0,1,0,0,0,1,0,0,1,1,0,1,0,0,1,1,0,0,1,1,1,1,0,1,1,0,0,0,0,1,0,0.636306
1,0,1,1,1,0,0,0,0,0,0,1,0,1,0,1,1,1,0,0,0,0,0,0,0,0,0,0,1,1,0,0,0.642117
1,0,0,1,1,0,0,1,0,0,0,1,0,0,1,1,0,1,1,1,1,1,1,1,1,1,0,1,1,0,0,1,0.566028
1,0,1,1,0,1,1,1,0,1,1,1,0,1,0,0,0,1,0,0,1,1,0,0,1,1,0,0,0,0,1,0,0.598375
0,0,1,0,0,1,1,1,0,0,0,1,1,1,1,1,0,0,0,1,1,1,1,0,1,0,1,1,1,1,0,1,0.586779
1,0,0,1,0,1,1,1,1,0,0,1,1,1,1,0,1,0,1,0,1,0,0,0,0,1,1,1,1,0,0,1,0.586276
0,1,1,1,1,0,0,0,1,1,0,1,0,0,1,0,1,0,0,0,0,1,1,1,1,0,0,1,0,1,0,1,0.635300
1,0,1,0,0,1,0,0,0,0,0,0,1,1,0,1,1,0,1,1,0,1,0,0,0,1,0,1,0,1,0,1,0.656379
1,1,0,0,1,0,1,0,0,1,1,1,0,0,0,1,0,1,0,1,1,1,0,1,1,1,1,0,0,1,0,0,0.582881
0,0,1,0,1,0,0,1,1,1,0,1,1,0,0,0,0,1,0,0,0,1,1,1,0,0,0,1,1,1,1,1,0.584214
1,0,1,0,0,1,1,1,0,0,0,0,0,1,1,0,1,0,0,1,1,0,0,0,0,0,0,0,0,0,1,0,0.679721
1,1,0,0,1,0,1,0,0,1,1,0,0,1,1,0,1,0,0,0,1,1,0,0,1,1,0,1,0,0,1,0,0.609644
1,0,0,1,1,1,1,1,1,0,1,0,0,0,0,1,0,1,0,0,0,1,1,1,1,1,1,0,0,0,0,1,0.578403
1,0,0,0,0,1,1,0,1,0,1,1,0,0,1,0,0,0,0,0,0,0,0,0,0,1,0,0,1,1,0,0,0.681734
1,0,1,1,0,0,0,1,0,0,0,0,0,0,0,1,1,0,0,1,1,0,0,0,1,0,1,1,1,0,0,0,0.643500
0,1,1,0,1,0,1,0,0,1,0,1,1,0,0,0,0,0,1,0,0,0,1,0,1,1,1,0,0,0,0,0,0.665862
0,0,0,1,0,1,1,0,0,1,0,0,1,1,1,0,1,0,0,1,1,0,1,1,0,1,1,0,0,1,0,1,0.643224
0,0,0,0,1,1,0,0,0,1,0,0,0,0,0,1,0,1,1,0,1,0,0,1,1,0,1,0,1,1,0,1,0.701303
1,0,0,0,1,1,0,0,1,0,0,0,1,0,0,0,0,1,1,1,0,0,1,0,1,1,0,1,1,1,1,1,0.605292
0,1,1,0,1,1,0,0,0,1,1,1,0,1,0,0,1,1,1,0,1,1,0,1,0,1,1,1,0,0,0,0,0.643827
0,0,1,0,0,1,0,0,0,0,0,0,0,1,1,0,1,0,0,1,0,1,0,0,1,0,1,0,0,0,0,0,0.717124
0,0,0,1,1,1,0,0,0,1,1,1,1,1,0,1,1,0,0,0,0,0,0,1,1,0,0,1,1,0,1,0,0.621642
1,1,0,0,1,0,1,1,0,0,1,0,0,0,1,1,1,0,1,1,1,0,1,1,1,0,0,0,0,1,1,1,0.580038
1,1,0,1,0,0,0,0,0,0,0,0,1,0,1,1,1,0,1,0,0,1,1,0,1,0,1,0,1,1,0,0,0.617517
1,1,0,1,0,1,1,0,0,0,0,0,0,0,0,1,0,0,0,1,1,1,1,0,0,1,0,0,0,0,0,1,0.623202
0,1,1,1,1,0,0,0,0,0,1,0,1,0,1,0,0,0,1,1,0,1,0,0,0,1,1,0,0,0,0,0,0.640406
0,1,1,1,0,0,1,1,1,0,1,0,0,0,0,0,0,1,1,1,1,0,0,0,1,1,0,0,1,0,0,1,0.653687
0,0,0,1,1,0,0,1,1,1,0,0,1,1,0,1,0,1,1,0,0,0,0,0,1,0,1,0,1,0,1,0,0.656178
0,1,1,0,0,1,0,1,0,0,1,0,0,1,1,0,1,0,0,1,1,1,1,0,0,0,0,0,0,1,1,0,0.651499
1,0,0,1,0,0,1,0,0,1,1,1,1,0,0,0,0,0,0,1,0,0,1,0,1,1,0,1,0,1,1,0,0.648959
1,1,1,1,1,1,1,0,0,1,0,1,0,0,1,0,1,1,0,0,1,0,0,1,0,1,1,0,0,0,0,1,0.599633
0,0,0,0,1,0,0,0,1,0,1,1,0,0,0,1,1,1,0,1,1,1,1,0,0,1,1,1,0,0,1,1,0.696197
0,1,1,1,1,0,1,1,0,0,0,1,0,0,1,1,0,1,0,0,1,1,0,1,0,0,1,1,1,1,1,0,0.579535
1,0,0,1,0,1,1,1,1,0,1,0,0,0,0,0,0,0,1,0,0,0,0,0,0,1,0,1,1,1,1,1,0.663246
1,1,1,0,0,0,0,0,0,0,1,0,1,1,1,1,0,1,1,1,0,1,1,1,0,0,1,1,0,1,0,1,0.590678
0,0,1,1,1,1,1,0,1,1,1,1,1,1,0,0,1,1,1,1,0,1,1,0,0,1,1,1,0,1,0,1,0.536447
0,1,0,1,1,1,0,1,0,0,1,0,0,1,1,1,1,0,1,0,1,1,0,0,1,1,0,0,1,1,0,1,0.594275
0,1,0,0,0,0,1,1,0,1,0,0,1,1,0,0,0,0,1,1,1,1,0,1,0,0,0,0,0,0,1,1,0.719916
0,0,0,0,0,0,1,1,1,1,1,0,1,1,0,0,1,0,1,0,1,0,0,0,0,1,1,0,0,0,0,0,0.675521
1,1,0,1,1,1,1,1,1,0,0,0,1,0,1,1,1,1,1,1,0,1,1,0,1,1,0,1,1,0,1,1,0.424238
0,0,1,1,1,0,0,0,1,0,0,1,0,0,0,0,1,1,0,0,1,0,0,0,0,1,0,1,0,1,0,0,0.652656
1,1,0,0,0,0,1,0,0,1,1,1,0,1,0,0,0,1,1,1,0,1,0,1,1,1,0,1,0,0,1,0,0.605418
0,1,1,1,1,1,1,0,1,0,0,0,1,1,1,0,0,1,0,0,1,1,1,0,0,1,1,0,0,1,1,1,0.552847
0,0,1,1,1,0,0,1,0,0,0,0,0,0,0,1,1,1,0,0,0,1,1,1,1,0,0,1,1,0,1,0,0.657159
1,0,0,0,1,0,0,1,1,0,1,0,0,0,0,0,0,0,1,1,0,0,1,1,0,0,0,1,0,1,0,0,0.667547
1,1,0,0,0,1,1,1,1,0,1,0,1,0,0,1,0,1,1,1,1,1,0,0,0,1,0,1,0,0,1,1,0.546131
0,1,1,1,0,0,1,0,0,0,0,0,0,1,0,0,1,0,0,0,1,0,0,0,0,0,0,1,0,0,0,1,0.709729
0,1,0,0,0,0,0,1,0,0,0,0,1,0,1,1,1,0,0,1,0,0,1,1,1,1,0,1,0,1,0,0,0.665585
1,1,0,0,0,0,1,0,1,0,1,1,0,0,1,0,0,0,1,1,1,1,0,0,1,0,0,0,1,1,1,1,0.620661
0,1,0,1,1,1,1,0,0,0,1,0,1,0,1,1,0,1,0,0,1,1,0,1,0,1,1,1,0,0,0,0,0.588917
1,1,0,0,0,1,1,0,0,0,0,0,1,1,1,0,1,0,0,0,1,1,0,0,0,1,1,1,1,1,1,1,0.564745
0,0,0,1,0,0,0,1,1,0,1,0,0,1,0,0,0,0,0,1,0,1,0,1,1,0,1,0,0,0,0,0,0.809614
0,1,1,0,0,1,0,1,1,1,0,1,0,1,1,1,1,0,1,1,1,1,0,1,0,0,0,0,1,0,1,1,0.551338
1,0,0,1,1,0,1,0,1,0,1,0,0,0,1,0,1,1,1,1,0,1,0,1,0,1,0,0,0,0,1,1,0.614775
0,1,0,1,0,0,0,0,0,0,0,0,0,1,0,1,0,1,0,1,1,0,1,1,0,1,1,1,0,0,1,1,0.708950
1,1,0,0,0,0,1,1,1,0,1,0,1,1,0,0,0,1,0,1,1,1,0,1,0,0,1,1,0,1,0,0,0.588389
0,0,1,0,1,0,0,1,1,0,0,1,1,0,1,0,0,0,1,0,1,0,0,1,0,0,0,1,0,1,1,0,0.651851
1,0,1,0,0,1,0,1,0,1,0,0,0,1,1,1,0,1,0,0,0,0,0,1,1,1,0,1,0,1,1,1,0.608286
0,1,1,1,0,1,1,0,1,0,0,0,0,0,1,0,1,0,0,1,0,0,1,1,1,1,1,0,1,0,1,1,0.601092
0,0,1,1,1,1,0,1,0,0,0,1,0,1,1,0,1,0,1,0,0,1,0,1,1,0,1,0,1,1,0,0,0.629741
1,1,0,1,0,0,1,1,0,1,0,0,0,1,1,0,1,1,1,0,0,0,0,1,0,0,0,1,1,1,1,0,0.604437
0,0,0,0,0,1,1,1,0,1,1,0,1,0,1,0,1,0,1,0,1,1,1,1,1,1,1,0,1,0,0,1,0.617190
0,1,1,0,1,1,0,0,1,0,0,0,0,1,1,1,0,0,0,1,0,1,1,0,1,0,0,1,0,0,0,0,0.624384
1,0,0,0,1,0,1,1,1,1,1,1,0,1,0,1,0,0,0,0,1,1,0,1,0,0,1,0,1,0,1,1,0.552646
0,1,1,0,0,0,0,0,0,1,0,0,1,0,1,0,1,1,0,0,0,1,0,0,1,1,0,1,0,1,0,0,0.648657
1,0,1,1,0,1,0,0,0,1,1,1,1,0,1,0,1,0,1,0,1,0,0,0,1,1,1,1,1,1,0,1,0.564644
1,1,0,1,0,1,1,1,1,1,1,1,1,0,0,0,1,1,1,0,0,1,0,1,1,1,1,1,0,1,0,0,0.606173
1,1,1,0,1,1,0,1,0,1,1,0,1,1,1,0,1,0,1,0,0,1,1,0,1,1,1,0,1,1,1,1,0.534259
0,0,0,1,0,1,1,1,0,0,0,1,1,0,0,1,1,0,0,0,1,0,0,1,1,1,0,1,0,1,1,0,0.630546
0,1,0,0,1,1,0,1,1,0,1,0,0,1,1,1,1,1,1,0,0,1,0,1,1,1,0,1,0,0,1,1,0.575410
1,0,1,0,0,1,0,0,1,1,1,1,1,0,1,0,1,1,0,1,0,0,0,0,0,0,0,0,0,1,1,0,0.614222
1,0,1,0,0,0,0,0,0,0,1,1,1,0,1,0,0,0,1,1,0,1,1,0,1,1,0,1,1,1,0,1,0.646318
0,0,0,0,1,0,1,1,1,0,0,1,1,0,0,1,0,0,0,0,0,0,1,1,0,0,1,0,0,1,1,0,0.569776
1,1,0,0,0,0,0,1,1,1,1,0,0,0,1,1,0,1,1,1,1,1,0,0,0,0,1,0,0,0,1,1,0.649688
0,0,0,1,0,0,0,0,0,1,1,0,0,0,1,1,0,1,0,1,0,0,1,0,0,0,1,0,0,1,0,1,0.736241
1,1,0,0,0,1,1,1,1,0,0,0,0,1,1,0,1,0,1,1,0,1,0,0,0,0,1,1,1,0,1,0,0.627654
1,0,0,1,0,0,0,1,1,0,0,1,1,1,1,1,0,1,1,1,0,0,1,1,0,0,1,1,1,1,0,0,0.583535
0,0,0,0,1,0,0,1,1,0,0,1,0,1,0,0,0,0,0,1,0,1,1,0,1,0,0,0,1,0,0,0,0.823171
0,0,0,0,0,1,1,1,0,1,0,0,1,1,0,1,1,0,1,0,1,1,0,1,0,1,1,0,1,1,1,0,0.616787
1,1,1,1,0,1,0,1,0,0,0,0,1,1,0,0,0,1,0,1,0,0,0,1,1,1,1,1,0,1,1,1,0.520525
1,0,0,0,1,1,0,1,0,1,0,0,0,1,1,1,0,0,1,1,1,1,0,1,0,0,0,0,0,1,0,1,0.633011
1,1,0,1,0,1,0,0,1,1,0,1,1,1,1,1,1,1,1,1,1,0,0,1,0,1,0,1,1,1,0,0,0.534133
1,1,1,0,1,0,0,0,0,1,1,1,0,0,1,0,0,1,0,1,1,0,1,0,0,1,1,1,1,0,0,0,0.595482
1,0,0,0,0,0,0,0,0,1,1,0,1,0,0,0,1,1,1,1,1,1,0,0,0,1,0,1,1,0,0,1,0.662592
1,0,1,1,1,0,0,1,1,1,0,1,0,0,1,1,1,1,1,0,0,0,1,0,1,0,1,0,0,0,0,0,0.627779
1,0,1,1,0,0,1,0,0,1,1,0,1,1,1,1,1,1,0,0,0,0,0,1,1,1,0,1,1,1,0,0,0.591433
1,0,1,1,0,0,0,0,1,1,0,1,0,0,1,0,1,1,0,1,0,0,1,1,1,1,1,1,0,1,0,1,0.557627
0,1,0,1,1,1,0,0,1,0,1,1,1,1,1,0,1,1,0,0,1,0,0,0,0,1,1,0,1,1,0,0,0.603330
0,1,0,1,0,1,1,1,0,0,0,0,1,1,1,1,0,1,1,0,0,1,0,1,1,0,1,0,1,1,1,0,0.570077
0,0,0,0,1,1,0,0,0,0,0,1,1,0,1,1,1,1,0,0,1,0,0,1,0,0,0,1,0,1,0,1,0.643526
0,1,1,1,0,0,1,0,1,0,0,0,1,0,1,0,1,0,0,1,0,0,0,0,1,1,0,1,0,1,1,0,0.622824
1,1,1,1,0,0,1,1,0,0,1,1,1,0,0,0,0,1,0,0,0,0,0,1,1,1,1,0,0,1,1,0,0.606801
1,1,1,1,1,1,1,0,0,1,1,1,1,0,0,1,1,0,0,0,1,1,1,0,1,0,0,0,1,1,0,0,0.633917
1,1,0,0,1,1,0,1,0,0,1,0,1,0,1,1,0,1,0,1,0,0,1,1,1,0,0,0,1,1,0,0,0.599633
1,1,1,0,1,0,0,1,0,0,1,1,0,1,1,0,0,1,1,0,0,1,1,1,1,1,1,0,1,1,0,1,0.522336
0,0,1,0,1,0,0,1,1,0,1,1,1,1,1,1,0,1,0,1,1,0,0,0,1,1,1,0,1,1,1,0,0.606349
0,0,1,0,0,1,1,1,0,1,0,1,0,1,0,1,0,1,1,1,1,0,0,1,0,1,0,0,1,0,0,1,0.669559
0,1,1,0,1,0,0,1,0,0,0,1,1,1,1,1,0,1,1,1,0,0,1,0,1,0,1,0,0,0,1,0,0.608789
0,1,0,1,1,0,0,1,1,1,0,0,0,1,0,0,1,1,1,1,0,1,0,0,0,0,0,0,1,0,1,1,0.629892
0,1,0,0,1,1,0,1,1,1,0,1,1,0,0,1,0,1,1,0,1,0,0,1,1,1,1,1,0,0,0,0,0.598124
0,1,1,1,0,1,1,0,1,1,0,0,0,1,1,0,0,0,0,1,1,1,1,1,0,1,0,0,0,1,0,0,0.523795
1,0,1,1,0,0,0,1,0,1,0,1,0,1,0,0,0,1,0,1,0,0,1,1,0,1,1,1,1,1,0,0,0.601846
0,0,0,1,1,1,0,1,0,1,0,0,0,1,0,1,0,0,1,0,1,1,0,1,0,0,0,1,1,1,0,0,0.663472
1,1,0,0,0,1,1,1,0,1,1,1,0,0,0,0,1,1,0,0,0,1,0,0,1,1,1,1,0,0,0,1,0.593395
0,0,0,1,1,0,0,0,0,0,1,1,0,1,0,1,0,1,1,1,1,0,1,1,1,0,1,0,0,1,1,1,0.619303
0,0,0,1,0,0,1,0,0,0,0,0,0,0,0,1,1,0,0,1,0,0,1,1,0,0,0,0,1,1,1,0,0.710962
0,0,1,0,0,1,0,1,1,0,0,1,1,1,1,0,0,1,0,1,1,0,1,0,1,0,0,0,0,1,0,1,0.615832
0,0,0,0,1,1,0,1,1,1,0,1,1,1,0,1,1,0,1,0,1,0,0,1,0,0,0,0,1,1,1,1,0.607581
1,0,1,0,0,1,1,0,0,0,1,1,0,0,0,1,0,1,1,0,0,1,0,1,0,0,1,1,0,1,0,1,0.681683
0,0,1,1,1,0,0,0,1,0,1,1,1,0,1,0,0,0,1,0,0,1,1,1,1,0,1,1,1,0,0,1,0.589798
1,0,0,0,0,1,1,0,0,0,1,1,1,1,0,0,1,0,0,0,1,1,1,1,0,0,1,1,0,1,0,0,0.633816
0,0,1,1,1,0,1,1,0,1,0,0,1,0,0,0,0,1,0,1,0,0,1,1,0,0,0,1,0,1,1,0,0.615329
0,0,0,0,0,0,1,1,0,0,1,1,1,0,1,0,1,0,1,1,0,1,0,0,1,0,1,0,0,0,1,1,0.687142
1,1,0,1,1,0,0,0,0,0,1,0,0,1,1,1,0,1,0,1,0,1,0,1,0,0,1,0,1,0,0,1,0.603406
0,1,0,0,0,1,1,0,1,0,1,0,0,0,0,1,1,0,0,1,0,1,1,1,0,0,1,1,1,0,0,0,0.635829
1,0,0,0,0,1,1,1,1,1,0,0,0,0,0,1,1,0,1,0,0,0,1,0,1,1,0,0,0,0,0,1,0.635099
1,0,0,0,1,1,1,1,1,0,1,0,1,0,0,0,0,1,1,1,1,0,0,0,1,0,0,1,1,1,0,1,0.604487
0,0,1,1,1,1,0,0,1,1,0,1,1,0,0,0,0,1,1,0,0,1,0,0,1,1,0,0,0,1,1,1,0.604211
0,0,0,0,1,0,0,1,0,1,0,0,1,1,1,0,1,0,0,0,1,0,1,0,0,0,1,1,0,1,0,1,0.670742
1,0,1,1,1,1,0,1,1,1,1,0,1,0,1,0,1,0,1,0,0,1,0,0,0,0,0,0,1,1,1,0,0.618473
1,1,0,0,1,0,0,0,0,0,1,1,1,0,1,1,1,1,1,0,1,1,0,1,0,1,0,0,0,1,1,0,0.600111
1,1,0,0,0,1,1,1,1,1,1,0,1,1,1,1,0,1,1,1,0,1,1,0,0,1,1,1,0,1,0,0,0.558054
1,0,1,0,1,1,1,0,1,1,1,0,1,1,1,0,0,1,1,0,0,1,0,0,1,0,0,0,1,0,0,0,0.704347
0,0,0,1,0,0,1,0,0,0,1,0,0,0,1,0,0,1,1,0,1,0,1,0,0,0,1,0,1,0,1,1,0.732845
0,1,0,1,0,0,0,1,1,0,1,0,0,1,0,0,0,0,1,0,1,0,1,0,1,1,0,0,0,0,0,1,0.660655
1,0,1,0,1,1,0,0,1,1,0,0,1,0,1,1,0,1,1,1,1,1,1,0,0,1,1,0,0,0,1,0,0.602249
1,0,0,1,1,1,1,1,0,1,1,0,0,0,0,1,1,1,0,1,1,0,1,1,0,0,0,1,0,0,1,1,0.594627
1,1,0,0,0,1,0,0,1,0,0,1,1,1,0,1,0,1,0,1,0,1,1,1,0,0,1,1,0,0,0,1,0.605016
0,1,1,1,1,1,1,1,1,1,0,1,0,0,1,0,0,1,1,1,0,0,0,1,0,1,0,0,1,0,1,1,0.499472
0,1,0,0,1,0,1,1,1,0,0,1,0,0,1,0,0,0,1,1,0,0,0,0,1,1,0,0,1,0,1,0,0.650367
1,0,0,0,1,0,1,1,1,1,1,0,1,0,1,0,1,0,0,1,1,1,0,1,1,0,0,1,1,0,1,1,0.555539
0,0,0,0,1,1,0,1,1,0,1,1,0,0,0,1,1,1,1,0,1,0,0,0,0,0,1,1,1,1,1,1,0.621290
1,1,0,1,0,0,0,0,1,0,0,0,1,1,0,1,0,1,0,0,0,1,0,0,1,1,1,1,1,0,0,0,0.620435
1,0,0,0,0,1,1,0,1,0,0,1,0,1,0,1,0,1,0,1,0,0,0,1,1,0,1,0,1,0,0,0,0.632106
0,0,0,1,1,0,0,0,1,0,0,0,1,1,1,0,0,0,1,0,0,0,1,0,0,0,1,1,1,0,0,1,0.747082
1,1,0,0,0,1,1,0,0,0,1,0,0,0,1,0,0,1,1,1,0,0,0,0,1,1,1,1,0,0,1,0,0.620938
1,0,0,1,0,0,1,0,0,0,0,0,0,0,0,1,0,1,1,0,1,0,0,1,0,0,0,0,1,1,1,0,0.676854
0,0,0,1,1,1,1,1,0,0,0,1,0,0,0,1,0,0,1,0,0,1,1,0,0,0,0,1,0,0,0,1,0.697354
1,0,0,0,1,1,1,0,1,0,1,0,1,0,0,0,0,0,1,1,1,0,1,0,0,1,1,0,1,0,1,0,0.619932
1,0,0,0,0,1,0,0,1,0,0,0,0,0,1,0,0,1,0,0,1,0,1,0,1,0,1,0,0,0,1,1,0.643450
0,0,0,1,0,1,1,0,1,0,1,0,1,1,1,1,1,0,0,1,1,1,0,1,0,1,1,1,0,0,0,0,0.605720
0,0,0,0,1,0,0,1,1,1,1,1,1,0,0,0,0,0,1,1,1,0,0,1,1,1,0,1,1,0,1,1,0.681608
0,1,1,0,0,1,0,0,1,0,0,0,1,1,1,0,0,0,1,0,1,0,1,1,1,0,0,0,0,0,0,1,0.604336
1,0,1,0,0,0,0,0,1,1,0,1,1,1,0,1,0,0,1,0,0,0,0,0,1,0,1,0,1,0,1,1,0.665560
1,0,1,1,1,0,0,1,1,0,1,1,0,0,0,1,0,0,1,1,0,1,1,1,1,0,1,0,0,0,0,1,0.574454
0,1,1,0,1,0,1,1,0,1,0,0,1,0,1,0,0,1,1,0,1,1,0,1,0,0,1,0,1,1,1,0,0.564418
0,1,0,1,1,1,0,0,0,0,0,1,0,0,0,1,0,1,1,1,1,1,1,0,1,0,0,0,0,0,1,0,0.613140
0,0,0,0,0,0,0,1,0,1,1,1,1,1,1,0,0,0,1,0,1,1,0,0,1,1,0,0,1,0,0,0,0.800257
1,0,0,0,0,0,1,0,0,1,0,1,1,0,0,1,0,1,1,1,0,1,0,1,1,1,0,0,1,0,1,1,0.547062
0,1,0,1,1,0,0,1,0,1,0,1,1,1,0,1,1,0,0,0,0,1,0,0,1,0,0,0,1,0,0,1,0.647575
1,1,1,1,0,0,1,0,0,0,0,0,0,1,0,1,1,0,0,0,0,1,0,1,0,1,0,1,0,0,1,0,0.653964
0,1,1,0,0,0,1,1,0,1,0,0,1,1,1,1,1,1,0,1,0,0,1,0,0,1,1,0,1,0,1,1,0.510112
1,0,0,0,0,0,1,0,1,1,1,0,0,1,0,1,1,0,0,1,0,0,1,1,1,1,1,0,0,0,1,0,0.682790
1,1,0,0,0,1,0,1,1,0,0,0,0,1,1,0,0,0,0,1,1,1,1,0,0,1,1,0,0,1,1,0,0.609845
0,1,0,1,1,0,0,0,1,1,0,1,0,0,0,0,0,1,1,0,1,0,0,0,1,0,1,0,0,0,1,1,0.655649
1,1,1,0,0,0,0,1,0,0,0,1,0,0,0,0,0,0,1,0,1,0,0,1,1,0,0,1,0,0,0,0,0.668075
0,1,1,1,1,1,0,0,0,0,0,1,1,1,1,0,1,1,1,1,0,0,1,0,1,0,0,0,1,0,1,1,0.604563
0,1,1,0,1,0,1,0,1,0,1,1,1,0,1,1,0,1,1,0,1,1,1,1,0,1,0,1,0,0,0,1,0.549351
1,0,0,1,1,0,1,1,0,0,1,1,1,1,1,0,0,1,0,0,0,0,1,0,1,1,0,0,0,0,0,0,0.646720
0,0,0,1,1,1,1,0,0,1,0,0,0,0,1,0,0,0,0,1,1,1,1,0,1,1,1,0,0,0,1,1,0.615404
1,0,0,1,0,1,1,1,0,0,1,1,0,1,0,1,1,0,0,1,0,0,0,1,1,1,0,1,0,0,0,1,0.567210
1,0,1,1,0,1,1,1,1,0,0,1,1,0,1,1,0,1,1,1,1,1,0,1,0,0,0,0,1,1,0,1,0.477664
1,0,0,1,0,0,1,1,0,1,0,1,1,0,1,1,0,1,1,0,0,0,1,0,1,0,0,1,1,0,1,1,0.540799
1,1,0,0,0,1,1,1,0,1,0,0,0,0,0,1,1,1,0,1,1,1,0,1,1,1,1,1,1,0,0,0,0.598174
1,0,1,1,0,1,1,1,1,1,0,1,1,1,0,1,0,1,1,0,0,0,1,0,0,0,0,1,1,1,0,0,0.583937
1,1,1,0,0,0,0,1,0,1,0,1,0,1,1,1,0,1,1,0,0,1,1,0,1,0,0,1,0,0,0,0,0.610600
1,1,1,1,0,0,1,0,0,0,0,0,1,1,0,1,0,0,0,1,1,1,1,0,0,0,1,1,0,0,1,1,0.668176
0,0,1,1,1,1,0,1,0,0,1,1,1,0,1,1,0,1,1,1,1,0,0,1,0,0,0,1,1,0,1,1,0.538988
0,0,0,1,1,0,0,1,0,0,0,1,0,1,0,0,1,1,0,1,0,0,0,0,1,0,0,1,0,1,1,0,0.723061
1,0,1,1,1,0,1,0,1,0,1,0,0,1,0,1,1,0,0,1,0,1,1,0,1,1,0,1,1,0,0,1,0.579938
0,1,1,1,1,0,0,0,1,0,1,0,0,0,1,1,0,1,1,1,1,1,0,1,1,0,1,0,1,0,0,0,0.604437
0,1,1,0,0,1,1,1,0,0,0,1,0,0,0,1,0,1,0,1,0,0,0,0,1,0,1,0,0,0,1,0,0.655272
0,1,0,0,1,1,1,0,0,1,1,0,1,0,0,0,1,1,0,0,0,1,1,0,0,1,1,1,0,1,0,1,0.595986
1,0,0,0,0,1,0,0,1,0,1,0,0,0,0,1,1,0,0,1,0,1,1,1,0,0,0,0,0,1,0,0,0.693254
0,1,0,1,0,1,1,0,1,0,1,1,0,0,1,1,1,1,1,1,1,1,1,0,1,0,0,1,0,0,1,1,0.581195
1,0,1,0,1,1,1,0,0,1,1,1,1,1,0,1,1,0,0,0,0,0,1,0,0,0,0,1,0,1,1,0,0.589974
1,1,1,0,1,1,1,0,0,0,0,0,0,0,1,0,0,1,1,0,1,1,0,1,0,1,0,1,0,0,0,1,0.607506
0,1,0,1,0,1,1,0,0,1,0,1,1,0,0,1,1,1,1,1,0,1,1,0,0,1,1,0,0,1,0,0,0.610650
0,1,0,0,0,1,1,1,1,0,1,1,0,1,0,1,0,1,0,1,1,1,1,1,0,1,1,1,1,0,0,1,0.548169
0,1,0,1,0,1,1,0,1,0,1,1,0,0,1,1,1,0,1,0,1,1,1,1,0,0,0,1,1,1,1,1,0.555941
0,1,1,1,1,1,0,0,0,0,0,0,0,1,1,1,0,1,0,0,0,1,1,1,0,1,0,1,1,1,1,1,0.558155
0,1,1,0,0,0,0,0,1,0,1,1,1,0,1,0,0,1,1,0,1,1,0,1,1,0,1,0,0,0,1,0,0.613291
1,1,1,0,0,1,1,1,0,0,0,0,0,0,0,1,1,0,0,1,0,1,1,1,1,1,1,1,1,1,1,0,0.540271
1,1,0,1,1,0,0,1,0,1,0,1,0,1,1,0,1,1,1,1,1,0,0,1,1,0,0,1,1,0,0,0,0.602073
1,1,0,1,1,1,1,1,0,0,1,1,0,0,1,0,1,1,1,0,1,0,1,1,0,1,0,1,0,0,0,0,0.609820
1,0,0,1,1,1,1,0,0,1,0,0,1,0,1,1,0,0,1,0,1,0,0,0,1,1,1,1,0,1,1,0,0.597595
0,1,0,1,1,1,1,1,1,1,1,1,1,1,1,1,0,1,0,0,1,1,0,1,1,0,0,0,0,0,1,0,0.563009
1,1,0,1,0,1,1,1,1,0,0,0,0,1,1,0,1,0,1,1,0,0,1,0,0,0,0,1,1,0,1,0,0.622019
0,1,1,1,1,0,0,0,0,1,0,0,0,0,0,0,0,1,1,0,0,1,0,0,1,1,1,0,1,1,0,1,0.637715
0,1,0,1,0,1,0,0,0,0,1,0,1,1,0,0,1,1,1,0,1,1,1,0,1,0,0,0,0,1,1,0,0.609619
0,0,0,1,0,0,1,1,0,0,0,1,1,0,0,1,0,1,1,0,0,0,0,1,0,0,0,1,0,1,1,0,0.712773
1,0,1,0,1,1,0,0,0,0,1,1,0,0,1,1,0,1,1,1,1,1,1,1,1,0,0,1,1,1,0,1,0.518387
1,0,0,0,1,0,1,0,1,0,0,0,0,0,1,0,1,0,0,1,0,1,1,1,0,0,0,1,1,0,0,0,0.648833
0,1,1,0,0,1,1,0,0,0,0,1,0,0,1,0,0,0,1,0,0,0,1,1,1,0,1,0,0,0,0,1,0.670515
0,1,1,0,1,0,1,0,1,1,1,0,0,1,0,1,1,0,1,0,1,0,0,1,0,0,0,0,1,1,0,0,0.590930
0,1,0,0,1,1,1,0,0,1,0,1,1,1,0,1,0,1,1,1,1,0,1,0,0,1,1,1,1,0,1,0,0.594652
0,0,0,1,0,0,0,0,1,1,1,0,1,0,0,0,0,1,0,0,1,1,1,1,1,1,1,1,1,0,0,1,0.709553
0,1,1,0,1,0,0,0,0,0,0,1,0,0,1,0,1,1,0,0,0,0,0,0,0,0,1,1,1,0,1,1,0.665560
1,0,0,1,0,0,1,0,0,0,1,0,1,1,0,0,1,1,1,1,0,0,0,0,0,0,0,1,0,1,1,1,0.678162
1,0,0,0,1,0,1,0,0,0,0,1,1,0,0,1,1,0,1,1,1,0,1,1,0,1,1,0,1,0,1,1,0.546559
0,0,0,1,1,0,1,1,1,1,1,1,0,0,0,0,0,1,1,0,1,1,0,1,1,0,1,0,0,0,1,1,0.614851
0,0,1,0,1,0,1,0,0,1,1,0,1,1,1,1,1,1,0,1,0,1,0,1,1,0,0,0,1,1,1,0,0.547062
0,0,0,0,0,1,1,1,1,0,0,1,0,1,1,1,0,0,1,1,1,0,0,1,0,0,1,0,1,0,0,0,0.773066
0,1,1,0,1,0,1,0,0,0,1,0,0,0,0,0,1,1,1,0,0,0,0,1,0,0,1,0,0,1,1,0,0.624233
0,0,0,1,1,1,0,1,1,1,0,1,1,1,1,1,0,0,0,0,1,0,0,1,1,1,1,0,0,0,1,0,0.679772
0,0,0,1,1,0,0,1,1,0,1,0,1,0,0,1,0,1,0,0,0,1,1,0,0,1,0,0,0,0,1,0,0.671899
0,0,1,0,1,1,1,0,1,0,0,1,0,0,1,0,1,0,0,0,1,1,0,0,1,0,0,1,1,0,1,1,0.612914
1,0,0,1,1,1,1,1,1,0,1,1,0,1,1,0,1,1,1,1,1,1,1,1,0,0,0,1,0,1,0,1,0.558457
1,1,1,1,1,0,0,1,0,1,1,1,1,0,1,1,1,0,1,1,1,1,0,1,1,0,1,1,0,0,0,0,0.596036
0,1,0,0,1,1,0,0,1,1,1,1,1,0,1,0,1,0,0,1,0,0,1,0,1,1,1,0,0,1,0,1,0.597545
1,1,1,0,0,0,1,1,0,1,0,0,0,0,1,0,1,0,1,0,1,0,1,0,1,0,0,0,1,1,1,1,0.591131
0,0,1,0,0,1,0,0,1,1,0,1,1,0,1,0,0,0,1,0,1,1,1,0,1,1,0,1,1,1,0,1,0.740693
0,1,0,0,1,0,0,0,0,1,1,1,1,1,1,1,1,1,1,0,1,1,0,1,0,0,0,0,1,0,1,0,0.587081
1,0,0,1,1,0,1,0,1,1,0,0,1,1,1,0,0,1,1,1,0,1,1,1,1,1,0,1,1,0,0,1,0.517658
1,0,0,1,0,0,0,0,0,0,0,0,1,1,0,0,1,0,0,0,0,1,0,0,0,0,0,0,0,0,0,0,0.654065
1,0,1,0,1,1,0,1,1,1,1,0,1,0,1,1,1,0,1,0,1,0,0,0,0,1,1,1,1,1,0,1,0.566254
0,1,1,0,1,0,0,1,0,0,0,1,1,1,1,0,1,0,0,1,1,1,0,0,1,0,0,1,1,1,1,1,0.553854
0,0,0,0,0,1,0,0,0,0,1,0,0,1,0,1,1,1,0,1,0,0,0,0,0,0,1,1,0,0,1,0,0.798345
1,1,1,0,0,1,0,1,1,1,1,1,1,0,1,0,1,0,1,0,1,1,0,0,1,1,1,1,1,0,1,1,0.525229
1,1,1,0,0,1,0,0,0,1,1,1,1,1,0,0,1,0,1,1,0,1,0,1,1,1,1,1,1,1,0,1,0.540019
1,1,1,0,0,1,1,1,1,0,0,0,1,0,1,1,0,0,0,0,0,0,1,0,0,1,1,1,1,0,1,0,0.595558
0,1,1,1,1,0,1,1,1,1,1,1,1,0,1,1,1,1,0,0,1,0,1,1,0,1,0,0,1,1,1,1,0.399738
0,0,1,1,1,0,0,1,1,1,0,0,1,0,0,0,0,1,0,0,0,1,0,0,0,1,0,1,0,1,0,1,0.633137
1,1,0,0,0,1,1,1,0,0,0,0,1,1,1,0,1,1,1,0,0,0,0,1,0,1,1,1,0,0,0,1,0.604286
0,1,0,1,0,1,1,0,1,0,0,0,0,1,1,0,0,1,0,0,0,0,1,0,0,1,0,1,0,1,1,1,0.669811
1,0,0,1,0,1,0,1,1,1,0,0,1,1,1,1,0,1,1,1,0,0,1,0,0,1,0,1,0,1,0,0,0.584415
1,0,0,1,1,0,1,0,1,1,1,0,0,1,0,1,1,1,1,1,1,1,0,0,1,0,1,1,1,0,1,1,0.548295
1,1,0,0,0,0,1,1,0,0,1,0,0,0,1,0,0,1,0,1,1,0,1,1,1,0,0,0,1,1,0,1,0.628660
0,1,1,1,1,0,0,0,0,0,1,1,1,0,0,1,0,0,0,0,1,0,1,1,1,1,1,1,0,0,0,1,0.612838
1,0,0,0,0,1,0,0,0,0,1,1,0,0,0,1,1,1,0,1,1,1,0,1,0,0,0,1,0,1,0,0,0.726431
1,1,1,1,0,0,1,0,1,0,1,1,1,0,0,0,0,0,0,1,1,1,1,0,1,1,0,1,1,0,0,0,0.641916
0,1,0,0,0,1,0,1,1,0,1,0,1,1,1,1,0,1,0,1,0,1,1,0,1,0,0,1,1,0,0,0,0.610801
0,0,1,1,0,1,1,0,1,1,0,1,0,1,1,0,0,1,1,0,0,1,1,1,0,1,1,1,0,0,1,1,0.538585
1,0,0,0,0,0,0,1,0,1,1,0,0,1,0,1,1,1,1,1,1,0,1,1,1,1,1,1,1,0,1,1,0.634596
0,1,0,0,1,1,0,1,1,0,0,1,1,1,0,0,1,0,1,0,1,1,1,0,1,1,1,0,0,0,1,1,0.600488
0,1,0,1,1,1,0,0,1,0,0,1,1,0,0,0,0,1,1,0,0,1,0,1,1,1,1,1,1,1,1,0,0.578403
0,0,1,1,0,1,0,1,0,0,1,0,0,1,0,1,1,1,1,1,1,1,0,1,1,1,1,0,0,1,1,0,0.641010
1,0,1,0,1,0,0,0,1,0,1,0,0,1,1,1,1,0,0,1,1,0,1,0,1,0,1,0,0,0,0,0,0.612813
0,0,0,1,0,1,1,0,0,0,1,0,1,0,1,1,0,1,1,1,1,0,1,0,1,1,0,0,1,1,1,0,0.641865
1,1,0,0,1,0,0,1,1,0,0,1,1,1,0,1,1,0,0,1,1,1,1,0,1,1,0,1,0,0,0,0,0.599079
0,0,1,0,0,1,0,1,0,1,0,1,0,1,0,1,0,1,1,0,1,0,0,1,1,1,0,1,0,1,1,0,0.677835
0,0,0,0,0,0,0,1,1,0,1,1,0,0,0,1,0,0,0,0,1,1,0,1,1,0,0,1,0,1,1,0,0.853305
0,0,0,1,1,1,0,0,0,0,0,1,1,0,1,1,0,1,0,1,0,0,1,1,0,0,1,0,1,0,0,1,0.680979
1,1,1,0,1,1,1,0,1,0,0,0,0,0,0,0,0,0,1,1,1,1,0,1,1,1,1,0,0,1,1,1,0.565122
0,1,1,0,0,1,0,1,0,0,1,1,0,1,1,1,1,1,1,1,1,1,1,1,0,1,0,1,0,1,0,1,0.608562
1,0,0,1,1,0,0,0,1,0,1,0,1,1,1,0,1,0,0,1,1,1,1,1,1,1,0,0,1,1,0,0,0.523946
0,0,0,1,1,0,0,1,1,1,1,1,1,1,0,0,1,0,1,1,1,0,0,0,1,1,1,1,1,0,1,0,0.598627
0,1,0,1,0,1,1,0,0,0,0,1,1,0,1,0,1,0,0,1,1,0,1,1,1,0,1,0,1,1,0,0,0.611732
1,1,1,1,0,0,1,0,1,1,1,0,0,0,1,0,0,1,1,1,1,1,0,1,1,1,0,1,1,0,1,0,0.568141
0,0,1,0,1,1,0,0,1,1,0,0,1,0,1,0,1,0,1,0,0,0,1,1,0,0,1,1,1,0,1,0,0.595860
0,1,0,1,1,1,1,0,0,1,0,0,1,1,0,1,0,0,0,1,0,1,1,1,1,0,0,1,1,0,0,1,0.603557
1,0,0,0,1,1,1,1,0,1,1,1,1,0,1,1,1,1,1,1,1,0,0,0,1,1,0,0,0,1,0,0,0.578454
0,1,1,1,1,0,0,1,0,1,1,1,1,0,1,0,0,1,0,1,1,0,0,1,1,0,1,1,1,0,1,0,0.567185
1,1,1,1,0,0,1,1,1,0,1,0,0,0,0,0,1,1,1,0,0,1,0,0,0,1,0,1,0,1,1,0,0.610097
1,1,1,0,1,1,0,0,1,1,1,1,1,0,0,0,1,1,0,1,1,0,1,1,1,1,0,0,0,0,1,1,0.533580
0,1,0,1,1,0,1,0,0,0,0,1,0,0,0,1,1,0,1,1,1,1,0,0,0,0,0,1,1,0,1,0,0.657360
0,0,1,1,0,0,0,0,1,0,0,0,0,1,1,0,0,1,0,1,0,0,1,1,0,0,1,0,0,1,1,1,0.655499
0,0,0,1,1,0,1,1,1,0,0,1,1,1,0,0,0,0,1,0,1,1,1,1,0,1,1,0,1,0,1,1,0.574479
0,1,1,1,1,1,1,1,1,1,0,0,0,0,0,1,1,1,0,1,1,0,0,1,0,0,1,1,1,1,1,0,0.556520
0,0,0,1,0,1,0,0,1,1,0,1,0,0,1,0,0,0,0,0,0,1,1,1,0,0,1,1,0,0,1,1,0.773770
0,1,0,0,1,1,1,1,0,1,0,0,1,1,0,1,1,1,0,0,1,1,0,0,1,0,1,1,1,1,0,0,0.568593
0,0,0,0,1,1,1,0,0,0,1,1,0,1,1,0,1,1,0,0,0,1,1,0,1,0,0,1,0,1,0,1,0.632408
1,1,0,1,1,0,1,0,1,0,0,0,1,0,1,0,0,1,1,1,1,0,0,0,0,1,1,1,0,0,0,0,0.652581
0,0,1,1,0,0,1,0,0,0,1,0,1,0,1,0,1,1,1,0,0,1,1,1,1,1,0,0,1,0,0,1,0.623227
1,1,0,1,0,1,0,1,1,0,1,0,1,0,1,1,1,0,1,0,1,1,1,0,1,1,1,1,1,1,1,1,0.468583
0,1,0,1,0,1,0,0,0,1,1,1,0,0,1,0,1,1,1,1,0,0,0,0,0,1,1,0,0,1,1,0,0.665183
0,0,0,1,0,1,1,1,1,1,0,0,0,1,1,1,0,1,1,1,0,1,1,0,1,1,1,1,1,1,1,0,0.568367
1,0,0,0,0,0,1,1,1,0,1,0,0,1,0,0,0,0,1,0,0,0,0,0,0,0,1,0,1,1,0,0,0.688676
1,1,0,0,0,1,0,0,0,0,1,0,1,1,0,0,0,1,1,0,1,0,1,1,1,0,0,1,1,0,0,0,0.629716
0,1,1,1,1,0,0,0,1,0,0,0,0,1,1,0,1,1,1,1,1,0,1,1,1,0,1,1,0,1,0,0,0.607053
0,1,1,0,0,0,0,1,0,0,1,1,1,1,0,1,1,0,0,1,1,0,1,0,1,0,0,0,0,1,1,0,0.615580
0,0,0,1,0,1,0,1,1,0,0,1,0,1,1,1,1,0,0,1,0,1,0,0,0,1,1,0,0,0,1,0,0.706887
1,1,1,1,1,0,0,1,1,1,0,1,0,1,0,0,0,0,0,0,0,1,0,1,0,1,0,1,1,1,0,1,0.575284
1,1,1,1,1,0,0,0,1,0,1,1,0,0,1,0,0,0,0,1,0,1,1,1,1,1,1,1,1,0,1,0,0.566003
1,0,1,0,1,1,0,0,1,0,0,0,1,0,0,1,0,0,1,0,0,1,0,1,1,0,0,0,1,1,0,1,0.629767
0,1,0,0,0,0,0,1,1,0,1,0,1,1,1,0,0,0,0,1,1,1,1,1,0,1,0,1,0,1,1,0,0.685079
1,0,0,1,1,0,0,0,0,1,1,0,1,0,1,1,0,0,0,1,1,1,1,0,0,0,1,1,1,1,0,1,0.562129
0,0,1,1,0,1,1,0,1,1,1,0,1,1,0,1,1,0,0,0,0,1,1,1,0,0,0,0,0,1,0,0,0.541956
0,0,0,1,1,0,1,1,0,1,1,1,1,0,1,0,1,0,1,0,0,1,0,0,1,1,0,1,0,0,1,0,0.608864
0,1,0,1,0,1,0,1,1,0,0,0,0,0,1,1,0,1,0,1,0,0,1,0,0,0,1,1,1,1,1,0,0.654970
1,1,0,0,1,1,1,0,0,1,0,1,0,1,0,0,1,0,0,0,0,1,0,0,0,0,1,1,0,0,1,0,0.632357
1,1,1,0,1,0,0,1,0,0,0,1,1,0,1,0,1,0,1,0,0,1,1,0,0,0,1,1,0,0,1,1,0.607103
1,1,1,0,1,0,1,0,0,1,1,1,1,0,1,1,0,0,1,1,1,0,1,1,1,0,0,0,1,1,1,1,0.469112
1,1,0,0,0,0,1,1,0,0,1,1,0,0,1,1,1,0,0,1,1,1,0,1,0,0,1,0,1,1,0,0,0.608562
1,1,0,0,0,1,0,0,1,1,0,1,1,0,0,0,0,1,1,0,0,0,0,1,0,1,1,0,1,0,0,0,0.622799
0,0,0,0,0,0,0,0,1,0,0,1,1,1,0,0,1,0,1,1,0,1,1,1,0,1,1,1,1,0,0,0,0.703718
0,1,1,0,1,0,0,1,1,1,1,0,1,0,1,1,1,0,1,1,1,0,0,0,0,0,0,0,1,1,1,0,0.578554
0,1,0,0,0,0,0,0,1,0,0,0,0,0,0,1,0,0,1,1,0,0,1,0,1,1,1,0,0,1,0,1,0.704598
0,0,0,0,1,1,0,0,1,1,1,1,1,0,0,0,1,1,0,1,0,0,0,0,0,1,0,1,0,0,1,0,0.677533
1,0,0,1,0,0,0,0,1,1,1,0,0,0,1,1,1,1,0,1,1,1,1,1,0,0,0,0,0,1,0,0,0.640557
0,0,1,0,1,1,1,0,1,0,0,1,0,1,1,0,1,1,1,0,1,0,1,0,1,0,1,1,1,1,1,0,0.617542
1,0,0,0,1,0,0,1,1,0,1,1,0,1,0,1,0,1,1,0,0,1,1,0,0,1,0,1,1,0,1,0,0.615530
0,1,1,1,1,0,0,0,0,1,1,0,1,1,1,0,0,1,0,1,1,0,1,1,0,0,0,0,1,0,1,0,0.591257
0,1,0,0,1,0,1,0,1,1,0,1,1,1,0,0,1,0,1,1,1,0,1,1,1,1,0,0,1,1,0,1,0.565952
1,1,0,1,1,0,1,1,0,1,1,0,0,0,1,0,0,1,0,1,1,1,1,1,1,1,0,0,0,0,1,1,0.580139
0,1,1,1,0,0,0,1,1,1,0,0,1,0,1,1,0,1,0,1,0,0,0,1,0,0,0,1,1,0,0,1,0.626069
0,0,1,1,0,1,0,0,1,1,1,0,1,0,1,0,1,1,1,1,0,0,0,0,1,0,0,0,0,1,1,1,0.615731
0,0,1,0,0,0,0,1,1,0,0,1,1,0,1,1,1,1,1,1,1,0,0,0,0,0,1,1,0,0,1,1,0.637111
0,0,1,1,1,0,1,1,0,1,0,1,1,0,0,0,0,1,0,0,0,0,0,0,0,1,1,0,0,1,0,1,0.672427
1,1,0,1,0,1,1,0,0,0,1,0,0,1,1,0,0,1,0,0,1,1,1,1,0,1,0,1,0,1,1,0,0.603758
0,1,1,0,1,1,0,0,0,0,0,0,1,0,1,0,1,1,0,1,0,0,1,1,1,0,1,0,1,0,1,0,0.611882
1,1,1,0,0,1,1,1,0,1,0,0,0,1,0,0,1,0,0,0,0,0,1,1,0,1,1,1,0,1,1,1,0.603305
0,0,1,1,1,0,0,0,1,0,0,1,1,0,1,1,0,1,0,1,0,0,1,0,0,1,0,0,1,0,1,0,0.628760
1,1,1,1,1,1,0,0,0,1,1,1,1,1,1,1,0,0,1,0,0,0,1,1,0,0,0,0,1,0,0,1,0.594325
1,1,1,1,1,0,0,1,0,1,0,0,0,0,1,1,1,1,0,0,0,0,0,1,1,1,0,1,1,0,1,1,0.475802
1,1,0,1,0,1,1,1,0,0,0,1,0,1,0,0,0,1,0,0,0,1,1,1,1,1,0,1,1,1,1,0,0.555363
0,1,0,1,0,0,0,0,0,0,0,0,1,1,1,1,1,1,1,1,0,0,1,1,0,1,1,0,1,0,0,1,0.630571
0,1,0,1,1,0,0,1,1,1,1,0,0,0,0,0,0,0,0,0,0,0,0,1,0,0,0,1,1,1,0,1,0.717628
1,1,1,1,1,0,1,0,1,0,0,0,1,1,0,1,1,0,0,1,0,1,1,1,0,1,1,1,1,1,1,1,0.393375
0,0,0,0,0,1,0,1,1,1,1,1,1,0,1,0,0,0,1,1,0,1,1,0,0,0,1,0,0,0,0,0,0.762099
0,0,0,1,1,1,0,0,0,0,0,0,1,1,1,1,0,0,1,1,0,0,1,0,0,1,1,0,0,1,1,1,0.665988
0,1,0,0,0,1,0,1,1,1,0,0,0,0,1,1,1,0,0,0,0,0,0,0,0,0,0,0,0,0,1,1,0.678967
0,0,1,0,1,0,0,0,0,1,1,1,0,1,0,1,1,0,1,0,0,0,0,1,0,1,1,1,1,0,1,0,0.651021
1,1,0,1,1,1,0,0,0,1,0,1,1,1,0,0,1,1,0,1,0,1,0,1,0,1,1,1,1,1,0,1,0.505433
0,1,1,0,1,0,1,0,1,1,1,0,0,1,0,1,0,1,0,1,1,0,0,1,0,0,0,1,1,0,1,0,0.602525
0,1,0,0,1,1,0,0,0,1,0,0,0,1,0,1,1,0,0,0,0,1,0,1,1,1,1,1,0,0,0,1,0.667648
0,0,1,0,0,0,0,0,0,1,0,0,1,0,1,0,0,1,0,1,1,0,1,0,0,0,0,0,0,1,1,0,0.700070
1,1,1,0,1,1,0,1,0,1,0,0,0,0,0,0,1,0,0,1,1,1,0,0,1,0,1,0,1,1,1,1,0.569725
0,0,1,0,1,1,0,0,1,0,1,0,0,1,0,1,1,0,1,1,0,1,1,1,1,1,0,1,0,0,1,0,0.653813
0,0,1,0,1,1,0,1,1,1,0,0,0,0,0,0,0,1,1,0,0,0,0,0,0,0,0,0,0,0,0,1,0.719137
0,0,1,1,0,1,1,0,0,1,0,1,1,0,0,1,0,1,1,0,0,0,0,0,1,0,0,1,1,0,0,0,0.646141
1,0,1,1,1,0,0,1,1,1,1,0,0,1,1,1,1,1,1,0,0,1,0,0,0,0,0,0,1,1,0,1,0.567462
1,0,1,1,0,0,0,1,0,0,1,0,1,1,1,0,0,0,0,0,1,1,0,1,1,0,1,1,0,0,1,1,0.611555
1,0,1,1,1,0,0,0,0,1,0,0,0,0,1,1,0,1,0,0,0,0,1,0,1,0,1,1,0,1,0,1,0.619982
1,0,1,1,1,1,1,1,1,0,0,1,1,1,0,0,1,0,1,0,1,1,0,1,0,1,1,0,0,1,1,0,0.548395
1,1,1,1,0,1,0,0,0,1,1,1,1,1,1,0,1,0,1,0,1,1,1,0,0,0,0,0,0,1,0,1,0.599079
0,1,0,0,0,1,1,0,1,1,0,1,0,0,0,0,1,1,0,1,0,0,0,0,0,1,0,1,1,1,0,1,0.617265
0,0,0,1,0,0,1,0,0,1,0,1,0,0,1,1,1,1,1,1,0,0,1,1,0,0,0,1,0,0,1,1,0.667824
0,0,0,1,0,0,0,1,0,1,1,1,1,1,1,1,0,1,0,0,1,1,1,0,0,1,1,1,0,0,0,0,0.701580
0,0,0,1,1,1,0,1,1,1,0,1,1,0,0,0,1,1,1,0,1,1,0,1,1,0,1,1,1,1,0,1,0.546584
0,0,1,1,0,0,1,1,0,1,1,0,1,1,1,0,0,1,0,1,0,1,1,0,1,0,1,1,0,0,0,0,0.679092
1,1,1,0,0,0,1,0,0,0,1,0,1,0,0,1,0,0,1,0,0,1,0,1,1,0,1,0,0,1,1,1,0.630597
0,1,1,1,1,0,1,0,0,0,1,0,1,0,0,0,1,1,0,1,1,1,0,0,1,0,0,1,0,1,0,0,0.643400
0,1,0,0,1,0,1,0,1,1,1,0,0,1,1,1,0,0,1,1,0,0,0,0,0,1,1,0,0,0,1,0,0.639249
0,1,0,1,0,1,1,0,1,0,0,1,1,0,1,0,1,1,1,1,1,1,1,0,0,1,0,1,0,1,0,1,0.543893
0,1,0,0,0,0,1,1,0,0,0,1,1,1,0,0,1,1,1,0,1,1,0,1,1,0,1,0,0,1,1,0,0.608738
0,0,0,1,1,1,1,1,0,0,1,1,0,0,0,1,1,0,0,1,0,1,0,0,1,1,1,0,0,0,0,0,0.660102
1,1,1,0,0,1,1,0,0,0,0,0,0,1,1,0,0,0,1,0,0,0,0,1,0,0,1,0,0,1,1,0,0.708924
0,0,1,0,1,0,1,1,0,0,1,1,1,0,0,1,1,0,1,1,1,1,0,0,0,0,0,0,1,1,0,1,0.586327
0,1,1,0,1,1,0,0,0,1,0,1,1,0,1,0,1,1,0,1,0,1,1,1,0,1,0,0,1,1,1,1,0.542057
1,0,0,1,1,0,1,0,0,1,1,1,1,1,1,1,1,0,1,1,1,0,0,1,1,1,0,1,0,0,1,0,0.566128
1,1,1,0,0,1,0,1,0,0,0,0,1,1,0,0,0,0,1,0,0,1,1,1,1,1,0,0,1,0,1,0,0.624510
1,1,1,1,1,1,0,0,1,0,1,1,0,1,1,1,1,0,0,0,0,0,0,0,0,0,1,1,0,0,0,0,0.636960
1,1,1,0,0,1,1,0,1,1,1,1,1,1,0,0,1,1,0,1,1,1,0,1,0,1,1,0,0,1,1,0,0.631754
1,0,0,0,1,0,1,0,1,0,0,1,0,0,0,0,0,1,0,0,1,0,1,0,1,1,1,1,1,1,1,1,0.618624
1,0,0,0,1,0,0,0,1,1,1,0,1,1,1,1,0,0,1,0,1,1,0,1,1,0,1,1,0,1,1,0,0.685959
1,0,0,0,0,0,0,0,1,1,1,0,1,1,1,1,1,1,1,1,0,0,0,0,1,0,0,0,0,0,0,0,0.653864
1,1,0,1,1,1,1,1,0,1,1,1,1,0,0,0,1,1,0,0,1,0,1,0,1,1,1,1,0,1,1,0,0.578353
1,1,0,0,0,0,1,0,1,0,1,0,1,0,0,1,0,1,1,1,1,1,1,0,0,0,0,0,0,1,0,1,0.602878
0,1,0,1,1,1,1,1,1,1,0,1,0,1,0,1,1,1,1,1,1,0,0,0,0,0,0,1,1,1,0,1,0.553879
1,0,1,0,1,0,0,0,1,1,0,0,1,1,0,1,0,0,0,0,1,1,0,1,1,1,1,0,0,1,1,0,0.667346
1,1,0,0,0,1,0,1,1,0,1,1,0,0,0,1,1,1,0,0,0,0,0,0,1,0,0,0,0,1,1,1,0.582025
1,0,1,1,1,1,0,0,1,0,0,1,0,0,1,0,0,1,1,0,0,0,0,0,0,0,0,0,0,0,1,0,0.635602
1,1,1,1,0,0,0,0,1,0,1,0,1,1,0,1,1,0,1,1,0,0,0,1,0,1,1,1,0,0,0,0,0.620460
0,1,1,1,1,1,0,0,0,0,0,0,0,1,0,0,1,1,1,0,1,0,0,1,0,1,0,0,1,0,0,0,0.646745
1,0,1,0,0,0,0,1,1,1,0,0,0,1,0,1,0,0,0,1,1,1,1,1,1,1,1,0,0,0,1,0,0.609669
0,0,1,1,1,0,1,1,0,1,1,1,0,0,1,1,1,1,0,1,1,1,0,1,1,1,1,0,0,0,0,1,0.595256
1,1,0,1,1,1,0,0,1,0,1,0,0,1,1,0,1,1,0,1,1,0,0,0,0,0,0,0,0,0,0,0,0.659095
0,0,1,1,0,0,1,0,1,1,1,1,1,0,1,1,0,1,1,0,0,1,0,0,0,0,1,0,0,1,1,0,0.586125
1,0,1,1,0,0,1,0,0,1,1,0,0,0,0,0,1,0,1,0,1,0,0,1,1,1,1,1,1,0,0,0,0.615027
0,1,0,1,1,0,0,0,1,0,1,0,0,1,1,1,1,0,0,0,0,0,0,0,1,0,0,0,0,1,0,1,0.654467
1,0,1,0,1,0,0,0,0,0,0,1,0,1,0,1,1,1,1,1,0,1,0,0,0,1,1,1,1,1,1,1,0.599105
0,1,0,0,0,0,0,1,0,1,0,1,0,1,0,1,0,1,1,1,1,1,1,0,1,0,0,0,1,0,1,1,0.687896
0,1,0,0,0,1,0,0,0,1,0,0,1,0,0,0,1,1,1,0,0,1,1,1,0,0,1,0,0,0,1,0,0.649537
0,0,1,0,1,0,1,1,0,1,0,1,0,0,0,1,0,1,0,1,0,0,0,1,1,0,0,0,0,0,1,0,0.688600
0,0,1,0,0,1,0,1,0,1,1,1,1,0,1,0,1,1,1,1,1,1,0,0,1,1,0,0,1,1,0,0,0.616008
1,1,1,1,0,1,0,1,1,0,1,0,1,1,1,1,0,1,0,0,1,0,1,0,1,0,0,1,1,0,0,1,0.567587
0,1,0,0,1,0,1,0,1,0,1,1,0,1,0,0,1,0,0,1,1,0,0,1,0,1,0,0,0,0,1,0,0.636055
1,1,0,0,0,0,1,0,0,0,0,0,1,0,1,1,1,0,1,1,0,0,1,1,1,0,0,1,1,0,1,1,0.502691
1,1,1,1,1,0,0,0,0,0,1,0,1,0,0,0,0,0,1,0,0,1,0,1,0,0,0,0,0,0,1,1,0.641564
0,1,0,0,1,0,0,1,1,0,0,0,1,0,1,1,1,0,0,0,1,1,0,1,0,1,0,0,0,1,0,1,0.629767
0,1,0,0,0,0,1,1,0,1,0,1,1,0,0,0,0,0,1,0,0,1,1,1,1,0,0,0,0,1,1,1,0.677030
1,1,1,1,1,0,1,1,0,1,1,0,1,0,0,0,1,0,0,0,0,0,0,1,0,1,1,1,1,1,0,0,0.622397
1,0,0,1,1,1,0,0,1,1,1,1,0,0,1,1,0,1,0,1,0,1,1,1,0,0,1,0,0,1,0,0,0.589270
1,1,1,0,0,0,1,0,1,1,1,0,0,1,1,0,0,0,1,1,1,0,0,0,1,0,0,1,1,0,0,0,0.637413
0,0,1,1,1,0,1,0,0,0,0,0,0,0,1,0,0,1,0,1,1,1,1,0,1,0,1,1,1,1,0,0,0.593747
1,1,0,0,1,1,1,1,0,0,0,1,0,1,1,1,0,1,0,0,1,0,0,0,0,1,0,1,0,0,1,0,0.611128
0,1,1,1,1,1,0,0,1,1,1,0,1,0,0,0,0,0,0,0,1,1,0,0,0,0,0,1,1,0,1,1,0.626471
1,1,1,1,1,0,0,1,1,1,0,1,0,0,1,0,1,0,1,0,0,1,1,1,1,1,1,1,1,0,0,0,0.617794
1,1,1,0,0,1,0,1,0,0,1,0,1,0,1,1,1,1,0,1,1,1,1,0,0,1,1,1,1,1,1,0,0.529430
1,0,1,1,1,1,0,1,1,1,0,1,0,0,0,0,1,0,1,0,0,1,1,1,0,1,0,0,0,1,1,1,0.561752
0,1,1,0,0,0,0,1,1,0,1,0,0,0,1,1,0,1,0,0,1,1,1,1,0,1,1,1,0,0,0,0,0.624987
1,0,0,1,0,0,0,1,1,0,0,0,1,1,0,1,1,0,1,1,1,0,0,0,1,1,0,0,1,0,1,0,0.619756
0,0,0,0,1,0,0,1,0,1,0,0,0,1,0,1,0,1,0,1,0,0,1,0,0,1,1,0,1,1,1,1,0.714332
1,1,0,1,0,0,1,0,1,0,0,1,1,1,1,1,1,1,1,0,0,1,0,1,0,1,1,0,0,0,0,1,0.571536
0,0,1,0,1,1,1,1,0,1,1,0,0,1,1,1,1,0,1,1,1,1,1,1,1,0,1,0,0,1,0,0,0.587182
1,0,1,1,1,0,1,1,0,1,0,0,0,1,1,1,1,0,0,1,0,0,0,0,1,1,0,1,0,0,0,1,0.603481
1,0,1,0,0,0,0,1,1,1,1,1,1,0,0,0,0,1,1,0,1,0,0,1,1,1,1,0,1,0,0,1,0.592414
0,0,1,1,1,1,1,0,0,1,0,0,0,1,1,0,1,0,0,0,1,1,1,0,0,1,0,1,0,1,0,1,0.555388
1,0,1,0,1,1,0,1,1,1,0,1,1,0,1,0,1,0,0,0,1,1,0,0,0,1,1,0,0,0,0,1,0.617114
1,1,0,0,0,1,0,0,1,0,1,0,0,0,0,0,0,1,0,1,0,1,0,0,1,1,0,1,1,1,1,1,0.658567
0,0,1,0,1,0,0,0,0,0,0,1,1,1,0,1,0,0,1,0,0,1,1,1,0,0,1,0,1,0,1,1,0.624183
0,0,1,0,0,0,0,1,0,1,0,0,1,1,1,1,0,1,1,0,0,0,0,1,0,1,1,0,1,0,1,1,0.661032
1,0,0,0,1,1,0,1,1,1,0,1,1,1,1,1,1,1,0,1,1,1,1,0,0,0,1,1,0,0,1,0,0.543566
1,1,1,0,1,1,0,0,1,1,1,1,1,1,1,1,0,0,0,0,1,0,1,1,1,1,0,1,1,0,1,0,0.578806
0,0,0,1,1,0,0,1,1,1,1,1,0,0,0,1,1,0,0,0,1,1,1,0,1,1,0,0,1,0,1,1,0.642218
0,0,1,0,0,1,1,0,1,0,0,0,1,0,0,1,0,1,1,0,0,0,0,0,0,0,0,1,0,0,1,1,0.653864
1,0,1,0,0,1,1,0,1,1,1,0,1,0,1,1,0,1,1,1,1,0,0,0,1,1,1,0,0,1,1,0,0.582403
0,0,1,0,0,1,0,0,1,1,0,1,1,1,0,1,1,0,1,1,1,1,1,1,1,1,1,1,1,1,0,0,0.609895
1,0,1,1,1,0,1,1,1,0,0,0,0,1,1,1,1,1,1,1,1,0,1,0,0,1,1,1,1,1,1,1,0.420364
1,0,0,0,0,0,0,1,0,0,1,1,0,0,0,1,1,0,0,0,1,1,1,1,1,1,0,0,1,0,0,0,0.652430
1,1,0,0,0,0,1,0,0,0,0,0,1,1,1,0,1,0,1,0,1,1,1,0,0,1,0,1,1,1,1,1,0.547892
1,0,1,1,1,1,1,0,1,1,1,0,0,0,0,1,0,0,0,0,1,0,1,1,1,0,1,0,0,0,0,0,0.646318
1,1,1,0,0,1,0,1,0,0,0,0,1,1,0,0,1,1,1,0,0,1,1,0,1,0,1,1,0,0,0,1,0.630320
