0,1,1,1,1,0,1,0,1,0,1,1,1,1,0,0,1,1,1,0,0,1,1,0,0,1,1,1,0,0,1,1,0.658701
1,1,1,1,0,0,1,1,1,0,0,1,0,1,0,0,1,1,1,1,1,0,1,1,1,0,0,0,1,0,1,0,0.839221
0,0,1,1,0,0,0,1,0,0,1,0,0,0,1,0,0,1,1,0,1,1,1,0,1,0,1,0,0,1,1,0,0.548354
1,0,0,1,1,1,1,1,0,1,0,0,1,0,0,0,0,0,1,0,0,1,0,0,0,0,0,1,0,0,1,1,0.590207
1,0,0,1,1,0,0,1,1,1,0,1,0,1,0,1,0,1,0,0,0,1,0,0,0,1,1,1,0,0,0,0,0.689898
1,1,1,0,0,0,0,0,1,1,1,0,1,0,1,0,1,1,1,0,1,0,0,0,0,0,1,0,1,0,0,0,0.682092
1,0,1,0,0,0,0,1,0,0,0,1,1,1,0,1,1,1,0,0,0,1,0,1,0,0,1,1,0,0,1,1,0.792253
0,1,1,1,1,1,0,1,1,0,0,0,1,0,0,0,1,1,0,1,1,0,1,0,1,0,0,0,0,0,1,0,0.570732
0,1,1,0,0,1,1,0,1,1,1,1,1,1,0,1,0,0,0,0,0,0,0,1,1,1,1,1,1,1,1,0,0.704790
1,0,1,1,0,0,1,1,1,0,1,0,0,0,1,0,1,1,1,1,0,1,1,0,0,1,0,1,1,1,0,0,0.687314
0,0,1,1,0,1,0,1,0,1,1,0,0,1,1,1,0,0,1,0,1,1,1,1,0,1,0,1,1,0,1,0,0.682545
0,1,0,0,0,0,1,0,1,0,0,1,1,0,1,1,0,1,0,0,1,1,1,0,1,0,0,0,0,0,1,0,0.565111
0,1,0,0,0,1,0,1,1,1,1,0,1,1,1,0,1,1,0,1,1,0,0,0,0,1,1,1,1,1,0,0,0.681000
1,0,0,1,1,0,1,1,1,1,0,0,1,0,1,0,1,1,1,0,0,1,0,0,1,1,0,0,1,0,0,1,0.675298
1,1,1,0,1,1,0,1,0,0,1,0,0,1,0,1,1,0,0,0,1,0,0,0,1,1,0,0,0,0,1,1,0.782582
0,0,0,1,0,0,1,1,1,0,1,0,1,0,1,0,0,1,0,0,0,1,0,0,1,0,0,0,0,1,0,0,0.574782
0,1,1,0,1,0,1,0,1,0,0,1,0,1,1,0,0,1,0,1,0,1,1,1,0,0,1,1,0,1,0,0,0.810902
1,0,0,1,0,0,0,1,1,0,1,0,1,1,1,1,0,1,1,1,0,1,0,1,0,1,1,1,0,0,0,0,0.687527
1,1,1,0,1,1,0,1,1,0,0,1,1,1,1,0,1,1,0,1,1,0,0,0,0,0,1,1,0,1,1,1,0.562793
0,0,1,0,1,1,0,0,0,1,1,1,1,1,0,1,1,1,1,0,0,0,0,1,1,0,1,0,1,0,1,0,0.676417
0,1,1,0,0,0,1,1,1,1,1,1,1,0,0,1,0,0,0,0,0,1,0,0,1,0,1,1,0,0,0,1,0.568894
1,0,0,0,1,1,0,0,0,1,0,1,0,1,1,0,0,0,1,1,0,0,1,1,0,1,0,1,0,1,0,0,0.682358
0,1,1,1,0,0,0,1,0,1,1,1,1,1,1,0,0,1,0,0,0,1,1,1,1,1,1,1,0,1,0,1,0.801950
1,0,1,0,1,1,0,0,1,0,1,1,1,0,0,1,0,1,0,0,1,0,0,1,0,1,1,1,0,0,1,1,0.812234
0,0,1,1,0,1,1,0,1,0,0,1,1,1,0,0,1,0,1,0,0,1,1,1,0,1,0,0,0,0,0,0,0.633339
1,1,0,1,1,1,0,1,0,1,0,1,0,0,1,1,0,0,0,0,1,1,1,1,0,0,0,1,0,1,1,0,0.573902
1,0,1,0,0,1,0,1,1,0,1,0,1,1,0,1,1,1,0,0,1,0,1,0,1,0,0,1,0,0,0,1,0.675831
0,0,0,0,0,1,0,1,0,0,1,0,0,0,1,1,0,1,1,1,1,0,1,1,0,1,1,0,0,1,0,1,0.674473
1,0,1,1,0,0,0,0,1,0,0,0,1,0,0,1,0,1,1,1,0,1,1,0,0,0,0,0,0,0,0,0,0.557918
0,1,0,0,1,1,1,0,0,0,0,1,0,1,1,1,0,1,1,1,0,0,0,0,0,0,0,1,0,1,0,0,0.853980
0,1,0,0,1,0,0,1,0,1,0,1,0,1,0,1,1,1,0,0,0,0,1,0,1,1,1,1,1,0,0,0,0.619246
0,1,1,1,1,0,0,0,1,0,0,1,1,0,1,0,0,1,1,0,0,0,0,1,1,0,0,0,1,1,0,0,0.613598
0,0,1,1,1,0,1,0,1,1,0,0,0,1,1,1,0,0,0,0,1,1,1,0,1,1,1,0,0,0,1,1,0.550059
0,0,0,1,1,0,1,0,0,0,0,1,1,1,0,0,1,1,0,0,1,1,1,0,0,0,1,1,1,1,0,0,0.537324
0,0,0,1,0,1,0,0,0,0,1,1,1,1,1,0,1,1,1,0,0,1,0,1,1,0,1,1,1,0,1,1,0.683051
1,0,1,0,0,1,0,0,1,0,0,0,0,1,0,1,1,0,1,1,0,0,1,1,1,0,0,0,0,0,1,1,0.634218
0,1,1,0,1,1,1,0,1,1,0,1,1,0,0,0,1,1,1,1,1,0,1,1,0,0,0,1,1,0,1,0,0.739903
0,0,0,0,1,0,0,0,1,1,1,1,0,0,0,0,0,0,1,0,1,1,1,1,0,1,0,0,1,0,1,0,0.722560
0,0,0,0,0,0,0,0,1,0,0,0,0,0,0,0,1,0,1,0,0,0,0,1,1,1,0,0,1,0,1,0,0.701327
0,0,1,1,0,1,0,1,0,0,0,1,1,0,1,1,1,1,0,1,0,1,0,1,0,1,1,0,1,1,0,0,0.571958
1,1,0,1,1,1,1,0,1,1,1,0,1,0,0,0,1,0,0,1,0,0,1,0,1,0,1,1,0,1,0,1,0.789402
0,0,0,1,0,1,1,0,0,1,1,0,1,0,1,0,0,0,1,0,0,1,1,0,0,1,1,1,0,1,0,1,0.676604
0,0,0,0,1,0,1,0,0,1,0,0,1,0,1,1,1,0,0,0,1,1,1,0,0,0,1,0,0,1,1,1,0.509644
1,0,0,0,0,0,1,0,1,0,1,1,0,0,1,1,1,0,1,0,0,1,0,1,1,0,1,0,1,0,1,1,0.678549
0,1,1,1,0,1,0,1,1,0,0,0,1,0,0,1,0,0,0,0,1,0,0,1,0,1,1,1,0,0,1,0,0.796169
0,0,1,0,1,0,0,1,1,1,0,0,1,0,0,0,1,1,1,1,0,0,0,1,1,0,1,1,0,1,0,0,0.579684
0,1,0,1,0,0,0,0,1,0,1,1,1,0,0,0,1,0,1,1,1,1,0,0,0,0,0,0,0,1,0,1,0.571665
0,0,0,0,0,0,1,1,0,0,0,0,0,1,1,1,1,1,0,0,0,1,0,1,0,0,1,1,0,0,0,1,0.686408
0,0,1,0,0,1,0,0,0,0,0,1,0,1,0,0,1,0,0,0,1,1,0,0,0,0,1,1,0,0,0,0,0.529518
0,0,0,0,1,1,0,0,1,1,0,1,1,0,1,0,0,1,0,1,1,1,1,1,1,1,1,0,0,0,0,0,0.772965
0,1,0,0,0,1,0,1,1,0,0,0,1,0,0,1,1,1,1,1,0,0,0,1,0,1,1,1,1,0,0,1,0.667706
1,0,1,0,1,0,1,0,0,0,1,1,1,0,1,0,1,0,1,0,0,0,0,0,1,0,0,1,0,1,1,0,0.545636
0,1,0,0,0,0,1,0,0,0,0,1,1,1,0,0,1,1,0,0,1,1,1,0,1,1,0,0,1,1,0,0,0.699622
1,0,1,1,0,0,0,0,1,0,0,1,0,0,0,0,1,0,1,0,1,0,1,1,1,1,0,0,1,1,0,0,0.609628
0,1,1,0,1,1,1,0,0,1,1,0,1,0,0,1,1,1,1,0,0,0,1,1,0,0,0,1,1,1,0,1,0.571691
0,1,0,1,1,1,0,1,0,0,0,0,1,0,1,1,1,1,0,1,1,1,1,0,1,1,0,1,0,1,1,0,0.667226
0,1,1,0,1,1,1,1,1,1,0,1,1,1,0,1,0,1,1,0,0,1,0,1,0,0,1,0,0,1,1,0,0.547075
0,0,1,0,0,1,1,0,0,1,1,1,0,0,0,1,0,0,0,0,1,0,0,0,1,1,0,1,1,1,1,1,0.574542
1,0,0,1,0,1,1,1,1,1,0,1,0,0,0,1,0,0,1,1,0,1,0,1,0,1,0,1,1,1,1,1,0.669704
1,1,0,1,0,1,1,0,1,0,0,0,0,0,1,0,1,1,0,0,0,1,1,1,1,0,1,0,1,1,1,1,0.754396
1,1,1,1,1,1,0,1,0,0,1,1,1,0,1,1,0,0,0,0,1,0,1,1,0,0,1,1,0,0,0,0,0.589541
1,0,0,1,1,0,0,0,1,0,0,0,1,1,0,1,0,1,0,0,0,0,0,0,1,0,1,1,0,1,1,1,0.757113
0,1,0,0,1,0,1,1,0,1,1,0,0,1,1,0,0,1,0,0,1,0,1,0,1,0,0,1,1,0,0,1,0.615542
1,1,1,1,0,1,1,1,0,0,1,1,1,0,1,1,1,0,0,1,0,0,1,0,0,0,1,0,0,1,1,1,0.636509
1,0,0,0,0,0,1,0,1,1,0,1,0,0,1,0,0,0,0,0,0,0,0,1,0,0,0,1,1,1,0,1,0.698822
1,1,0,1,0,1,1,1,0,1,0,1,0,1,0,0,1,1,1,1,1,0,1,1,1,0,0,0,1,0,0,1,0.820439
1,0,0,0,1,0,0,1,0,1,1,1,1,0,0,1,0,1,0,0,0,1,1,0,0,0,1,1,1,1,0,1,0.597400
1,1,0,1,1,1,1,1,1,0,1,0,0,1,1,0,1,0,0,1,1,1,0,1,0,1,1,0,0,1,1,0,0.607337
1,1,1,1,1,1,0,1,1,1,1,1,1,1,1,0,1,0,1,1,1,0,0,1,1,1,1,0,1,1,0,1,0.577046
0,1,0,0,0,1,0,1,1,0,1,0,0,0,0,0,0,1,1,0,0,1,0,0,0,1,0,0,1,0,0,1,0.776748
1,1,1,0,0,1,0,0,0,0,1,0,0,0,1,0,0,1,1,1,1,0,0,0,1,1,0,0,0,1,1,1,0.713981
1,0,0,0,1,1,1,1,0,0,1,0,0,0,0,0,0,0,1,0,0,0,0,1,1,1,1,0,0,1,0,0,0.556692
1,1,1,0,0,0,1,1,0,0,0,0,0,0,1,1,1,0,0,0,1,0,0,0,1,0,0,1,0,1,0,0,0.685555
1,0,0,0,0,0,1,0,1,1,0,0,1,0,0,1,1,1,1,1,0,0,0,1,0,1,0,0,1,1,1,1,0.541773
0,1,1,1,1,1,1,0,1,1,1,0,0,1,1,1,0,1,0,1,0,1,1,0,0,0,0,0,1,1,0,0,0.808877
0,1,0,1,0,1,0,1,0,1,0,1,1,0,1,0,0,1,0,1,0,0,0,0,0,0,1,1,1,1,1,1,0.554827
1,0,1,0,1,0,1,1,0,0,0,1,1,0,1,0,1,0,0,1,0,1,1,0,0,1,1,1,1,1,1,0,0.555493
1,0,1,0,0,0,0,1,0,1,1,0,1,1,1,0,0,0,1,0,0,1,1,0,0,0,1,0,0,0,1,1,0.693574
0,0,0,0,0,1,0,0,1,0,1,0,1,1,1,1,0,1,1,0,0,0,0,0,0,1,0,1,1,0,0,0,0.832454
0,1,0,0,0,0,1,1,1,1,1,0,1,0,1,0,0,1,1,0,1,0,0,0,1,0,0,1,1,0,0,1,0.546888
1,1,1,1,0,1,1,1,1,0,1,1,1,0,1,0,0,1,0,0,1,1,1,0,1,1,1,1,1,0,0,0,0.600250
0,1,0,1,0,0,0,1,1,0,1,1,1,1,1,1,0,0,1,0,0,0,0,1,0,0,0,0,1,1,1,0,0.675352
0,0,0,0,1,1,0,0,1,0,0,1,1,0,0,0,0,0,1,1,0,1,1,0,1,0,1,0,0,1,0,1,0.563885
0,0,1,0,0,1,0,0,0,0,0,0,0,0,0,1,1,1,1,1,1,1,0,1,0,0,1,1,0,0,1,1,0.821292
1,0,0,1,0,0,1,0,1,1,1,1,0,1,1,0,0,0,1,1,0,0,1,1,0,0,0,0,0,1,1,1,0.825741
1,0,0,0,1,0,1,0,1,0,0,1,0,1,1,0,1,1,1,1,0,1,1,0,1,1,0,1,1,1,1,0,0.698529
0,0,1,1,0,1,1,1,1,1,1,1,0,1,0,1,0,0,1,0,1,1,0,1,0,1,1,1,0,0,1,1,0.536472
0,0,0,1,0,0,0,0,1,1,0,1,0,0,1,0,0,1,0,0,0,0,0,0,0,1,1,0,0,0,1,1,0.797714
0,0,0,1,0,1,0,1,1,0,0,1,0,1,1,1,1,0,0,1,0,1,1,0,1,1,1,0,0,1,0,0,0.695652
1,0,0,0,0,0,0,1,1,1,0,1,0,1,0,0,0,0,0,1,0,1,1,0,1,0,0,1,1,1,0,1,0.691656
0,1,0,1,0,1,0,0,1,0,0,1,1,1,1,1,1,1,1,1,1,0,0,1,0,0,0,0,1,1,0,1,0.554001
1,1,1,1,1,1,1,1,0,0,0,0,0,1,0,1,0,1,0,1,0,1,0,0,1,1,1,0,0,1,0,0,0.662724
1,1,0,0,0,0,0,0,0,0,1,1,0,0,1,1,0,0,1,0,1,0,1,1,0,0,1,1,0,1,0,1,0.560395
0,0,1,0,0,1,0,1,1,0,0,0,1,1,0,0,0,0,0,1,0,0,1,1,0,0,1,0,1,0,1,1,0.546142
1,0,0,0,1,0,0,0,1,1,1,1,1,0,0,0,0,1,0,1,1,0,1,0,1,0,0,1,0,0,0,0,0.569666
1,1,1,0,1,1,1,0,0,0,1,0,0,0,0,0,0,0,1,0,1,0,0,1,0,0,1,0,0,0,1,1,0.840633
0,1,1,1,1,0,0,0,0,1,1,0,1,1,0,0,0,0,0,1,1,1,0,0,0,1,0,1,0,1,1,1,0.787058
0,1,0,1,0,1,0,1,0,1,0,0,0,0,1,0,1,0,1,0,0,1,0,1,0,0,0,1,0,0,0,0,0.574089
1,0,0,0,0,0,1,0,1,1,0,0,0,1,0,1,0,1,1,1,0,1,0,0,1,0,1,0,1,0,0,0,0.792652
0,1,1,1,0,1,0,1,0,0,0,1,0,0,0,0,1,0,0,0,0,0,0,1,1,1,1,1,1,0,1,0,0.689285
0,1,1,1,1,0,1,0,1,1,0,1,0,0,1,1,0,0,0,1,1,0,0,0,1,1,0,0,0,1,1,0,0.792919
0,0,1,1,0,0,1,1,1,1,0,0,0,1,0,1,0,1,0,1,0,0,0,0,0,0,0,0,1,1,0,1,0.817802
1,0,1,1,1,1,0,1,0,0,0,1,0,1,1,0,0,1,1,1,1,1,0,0,1,1,1,1,1,0,0,1,0.704124
0,0,0,0,0,0,1,0,0,0,0,0,1,0,0,1,0,0,0,1,1,0,1,0,1,0,0,0,0,0,0,1,0.588289
0,1,1,1,0,0,0,1,1,0,1,0,1,0,1,1,1,0,0,0,0,1,1,1,1,1,0,0,0,0,0,0,0.781170
1,0,0,0,1,1,1,0,1,0,0,0,1,1,1,0,1,0,1,0,0,0,0,1,0,0,1,1,1,1,1,0,0.508419
0,1,1,1,1,1,1,0,1,1,0,1,1,0,0,1,1,1,1,1,0,0,1,0,1,0,0,0,1,1,1,0,0.633205
1,1,1,0,1,0,1,1,0,0,0,1,1,1,1,0,0,1,1,0,0,0,1,1,1,1,0,0,1,1,1,0,0.510443
1,0,0,0,0,1,1,1,0,0,0,0,1,1,1,0,1,1,1,1,0,1,0,0,0,1,0,0,0,0,0,0,0.560156
0,0,1,0,1,1,0,1,1,1,1,1,1,1,1,0,1,0,0,0,1,0,1,0,1,0,1,1,1,1,1,0,0.698130
1,0,1,0,0,0,0,1,1,1,1,1,1,1,0,0,1,0,0,1,0,0,1,1,0,1,1,1,1,0,0,1,0.661845
1,0,0,0,1,1,0,1,0,1,0,0,0,0,0,0,0,1,1,1,0,0,1,0,1,0,0,0,0,1,1,1,0.637441
0,0,0,0,0,0,1,0,0,1,0,0,1,1,1,1,1,0,0,1,1,1,1,0,1,1,1,0,1,1,0,1,0.565750
0,1,0,1,0,0,0,0,1,0,0,0,0,0,0,0,0,0,1,0,1,1,1,1,1,1,0,0,1,0,1,0,0.681799
0,0,0,1,1,0,1,1,1,1,1,1,0,0,0,0,0,1,0,0,1,0,1,0,0,0,1,1,0,1,1,0,0.743313
1,1,1,0,0,1,1,0,0,0,0,0,0,0,1,0,1,0,1,1,0,0,1,0,1,0,0,1,1,1,1,1,0.820492
1,1,1,0,0,0,1,1,0,1,0,0,1,0,1,0,0,0,0,1,1,1,0,0,0,1,1,1,1,0,0,1,0.565297
1,0,0,1,1,1,0,0,0,0,1,1,0,1,1,0,1,1,1,1,0,0,0,1,0,0,0,0,0,0,0,1,0.638161
0,0,0,0,1,0,1,0,1,0,1,1,0,0,1,0,0,1,1,0,0,1,0,0,1,1,0,0,1,0,1,0,0.567775
0,0,1,1,1,1,1,1,0,1,0,1,1,1,0,0,1,0,0,0,0,1,0,0,1,0,1,0,1,1,1,1,0.536978
1,0,0,0,0,1,0,0,1,1,1,0,1,1,1,1,1,0,1,0,0,0,1,0,0,0,0,1,1,0,1,0,0.710971
1,0,1,0,1,1,0,1,0,0,1,1,0,0,0,0,1,0,1,0,0,1,0,1,0,1,1,0,0,1,1,0,0.769075
0,0,0,1,1,0,1,1,0,0,0,0,1,0,0,0,1,1,1,0,0,0,0,0,1,0,0,0,1,0,1,1,0.555946
1,0,1,0,1,1,1,1,0,0,1,0,0,1,0,1,0,1,0,1,1,0,0,1,1,0,1,1,1,0,1,0,0.795396
0,1,0,0,0,0,1,0,0,1,0,1,1,1,1,0,0,0,1,0,1,1,0,0,1,0,1,0,0,1,0,0,0.566256
0,0,1,0,0,1,0,0,1,0,1,1,0,1,1,0,0,1,0,1,1,0,1,1,0,1,0,0,1,0,1,0,0.699542
1,0,1,0,0,1,1,0,1,0,0,1,1,0,0,1,1,0,1,0,1,0,0,0,0,0,1,1,1,1,1,1,0.537191
1,1,1,1,1,1,0,1,1,1,0,1,0,0,1,1,1,1,1,0,0,0,0,1,0,0,0,1,1,1,1,0,0.563566
