0,0,0,1,1,0,0,1,0,1,0,0,1,0,0,0,0,1,1,0,0,1,0,1,1,1,1,0,1,1,0,1,0.916560
0,0,0,0,1,1,0,1,0,0,1,1,0,1,0,1,1,0,1,1,1,0,0,1,0,0,0,1,0,0,1,1,0.939066
1,1,0,0,0,1,0,0,0,0,1,0,0,0,1,0,0,0,1,1,0,0,0,1,1,1,1,1,1,0,1,1,0.906799
0,1,1,1,0,1,0,0,1,0,1,1,1,0,0,1,0,1,1,0,1,1,1,1,0,0,1,0,0,1,0,1,0.919672
1,0,1,1,0,0,1,0,0,1,1,1,1,1,1,0,1,1,0,0,0,1,1,0,0,0,1,1,0,0,1,1,0.920823
0,0,1,1,0,1,0,1,1,1,0,0,0,0,0,1,1,0,1,1,0,0,1,0,1,0,1,0,0,1,1,0,0.379135
0,1,0,1,0,1,0,1,1,1,1,1,0,0,0,0,1,0,1,1,1,0,0,0,1,0,1,1,0,1,0,1,0.891581
1,1,1,0,0,0,1,1,0,1,1,0,1,0,1,1,1,1,1,1,0,0,1,1,1,0,1,0,1,1,1,0,0.920887
1,1,0,0,0,1,0,0,0,1,1,1,0,0,1,1,0,1,1,1,1,0,0,0,0,0,0,1,0,1,1,1,0.917754
1,0,0,1,0,1,1,1,0,1,0,1,0,0,0,0,0,0,0,0,1,0,0,1,0,0,1,0,1,1,0,0,0.817988
0,0,1,0,1,0,1,1,0,0,1,0,1,1,1,0,1,1,1,0,0,0,0,0,1,0,1,0,1,0,1,0,0.335017
1,0,0,0,0,0,0,1,0,1,1,1,0,1,1,0,0,1,1,0,0,0,0,1,0,0,1,1,1,0,0,1,0.940921
0,0,1,1,1,0,1,0,0,0,1,0,0,0,1,1,1,1,1,1,0,1,0,0,1,0,1,0,1,1,0,0,0.331266
0,1,1,0,1,0,1,1,1,1,1,1,1,1,0,1,1,0,0,0,0,0,0,0,1,0,1,1,0,0,0,1,0.943990
0,1,0,0,0,0,0,0,0,1,1,1,1,0,1,0,1,1,0,1,0,0,1,0,0,1,0,1,1,0,0,1,0.867519
0,1,0,1,1,1,0,0,1,0,1,0,0,1,0,0,1,1,0,0,0,1,1,1,0,0,0,0,1,0,1,0,0.372592
0,0,1,0,0,1,1,1,0,0,1,0,1,1,0,1,0,0,0,1,1,1,1,1,0,0,1,1,0,1,0,0,0.085230
0,0,0,0,0,0,1,0,1,0,1,0,0,1,1,1,0,0,1,1,1,1,1,0,0,0,0,0,1,1,1,0,0.178090
0,1,0,0,0,0,0,1,1,0,0,0,1,1,1,1,0,0,1,0,0,0,0,1,0,0,0,1,0,0,0,1,0.940516
0,0,1,1,0,1,1,0,0,1,1,0,0,0,1,1,0,1,0,1,1,1,1,0,0,1,1,1,1,1,1,1,0.932460
0,1,0,0,1,0,0,0,1,0,1,0,0,1,0,0,0,0,0,1,1,1,1,0,0,0,1,1,0,1,1,1,0.890153
1,1,0,1,0,0,0,0,1,1,0,1,0,1,1,0,0,1,1,1,0,0,1,1,0,1,1,0,0,1,0,1,0.899574
1,0,1,1,0,0,0,0,0,1,0,0,0,0,1,0,1,1,1,1,0,0,1,0,1,0,0,1,1,0,1,0,0.891752
1,0,1,1,0,0,1,0,1,0,1,0,1,0,0,0,1,1,0,0,0,1,1,1,0,1,1,1,0,0,0,1,0.871569
0,0,0,1,0,1,0,0,0,0,1,1,1,0,0,1,1,0,1,1,0,1,0,1,1,0,0,1,1,1,1,1,0.969800
0,1,0,1,0,1,0,1,0,0,0,1,0,1,1,1,1,1,0,1,1,1,1,0,1,1,0,1,1,0,0,0,0.467924
0,1,1,0,0,0,0,0,1,0,0,0,0,1,0,0,1,1,1,0,1,1,1,1,0,0,1,1,0,0,1,0,0.318819
1,0,1,0,1,0,1,0,1,1,1,1,1,0,0,0,1,0,1,1,0,0,0,0,0,0,0,0,1,1,0,1,0.894160
1,1,0,1,0,0,1,1,0,0,1,1,0,0,0,0,1,1,1,0,0,1,0,1,1,1,1,0,1,0,1,1,0.942455
0,0,1,0,0,1,0,0,1,0,0,0,1,0,0,0,1,0,0,0,0,0,0,0,0,1,0,0,0,1,0,0,0.169714
0,0,1,1,0,0,0,0,0,0,0,1,1,0,0,0,1,0,0,1,1,0,1,1,0,1,1,1,1,1,1,0,0.249659
1,0,0,1,1,0,1,1,0,0,0,0,0,0,1,1,1,1,1,0,0,1,0,1,0,1,0,1,0,1,1,0,0.839706
1,0,0,0,0,0,1,1,1,1,1,0,1,1,0,1,1,0,1,0,1,1,0,1,1,1,1,1,1,1,0,0,0.899084
1,1,0,1,0,0,0,1,1,0,0,1,0,1,0,1,0,1,1,0,0,0,1,1,1,0,0,0,1,0,1,0,0.865963
0,1,1,1,1,0,1,1,0,0,0,0,1,1,1,1,0,0,1,0,0,1,0,0,1,0,1,1,0,1,0,1,0.945460
1,0,1,1,1,0,1,0,0,1,1,0,1,0,0,1,1,0,0,0,1,1,1,1,1,0,1,1,1,1,0,0,0.942583
1,1,0,1,1,0,0,0,0,1,1,0,1,1,0,0,1,0,1,0,1,0,1,1,0,0,0,0,0,0,1,1,0.918180
0,1,1,0,0,0,1,1,0,1,0,1,1,1,0,0,1,1,0,0,0,0,1,0,1,1,0,1,0,1,0,0,0.369075
1,0,0,0,0,1,0,1,1,1,1,0,1,0,1,1,1,1,0,1,1,0,1,1,1,0,0,0,0,0,1,1,0.942349
0,1,0,1,1,0,0,0,0,1,1,1,1,1,0,1,1,1,1,1,1,0,0,1,0,0,1,1,0,0,0,1,0.917540
0,0,0,0,1,0,1,1,0,1,0,0,1,0,1,1,1,1,1,1,0,0,0,0,0,1,0,0,0,0,1,1,0.940473
1,0,1,0,0,1,1,1,1,0,0,1,0,0,1,1,1,0,1,0,0,0,1,0,0,1,1,1,0,0,1,0,0.870759
0,0,0,1,0,1,1,0,0,1,1,1,1,1,0,1,1,1,1,0,0,0,1,0,1,1,0,1,1,0,1,0,0.327366
1,0,0,1,0,0,1,1,1,1,0,0,1,0,0,1,1,0,0,0,1,0,1,0,1,0,0,0,1,0,1,0,0.967029
0,1,0,0,1,1,1,0,1,1,1,1,0,0,1,1,0,0,1,1,1,0,1,0,1,0,0,0,0,0,0,1,0.893350
0,0,0,1,0,1,1,1,0,1,0,0,1,1,1,1,0,1,1,1,0,0,1,1,1,0,0,1,1,0,1,0,0.356479
1,1,1,1,0,1,0,1,0,0,1,0,1,1,0,0,0,1,1,0,0,0,0,1,1,0,0,1,0,1,1,0,0.824403
0,0,0,1,1,0,0,1,1,0,1,0,1,0,1,0,1,1,1,0,0,0,1,0,1,0,1,0,1,1,1,0,0.361594
0,1,1,0,1,0,0,0,0,0,1,0,0,1,1,1,0,0,0,0,0,0,0,0,1,1,1,0,0,1,0,0,0.226790
0,1,1,0,1,1,0,0,1,1,0,1,0,0,1,1,1,0,1,0,0,0,1,1,1,1,1,1,0,1,0,1,0.895801
1,0,0,0,0,0,1,1,1,0,0,1,0,0,1,0,1,1,0,1,1,0,0,1,0,0,0,0,0,0,1,0,0.808930
0,0,1,1,1,1,0,0,0,0,0,0,0,1,0,1,1,1,1,0,1,1,1,0,1,1,1,0,1,0,1,1,0.941304
0,0,1,0,0,1,0,1,0,0,0,0,0,1,0,0,0,1,0,0,0,1,1,0,0,1,1,0,1,0,1,0,0.107566
1,0,0,0,1,0,1,0,1,1,0,0,0,0,1,1,1,1,1,0,1,0,1,1,1,1,0,1,0,1,0,1,0.893286
1,1,1,0,1,0,1,1,1,0,0,0,1,0,0,1,0,0,0,0,0,1,1,0,0,1,0,0,1,1,0,0,0.915068
1,0,1,1,0,1,0,0,1,1,0,0,0,0,0,1,1,1,0,0,0,0,1,1,1,0,1,1,1,0,1,1,0.966816
0,0,1,0,1,0,0,1,0,1,0,0,1,0,1,0,0,0,0,1,1,1,0,1,1,0,0,0,1,1,1,0,0.114727
1,1,1,0,0,1,0,1,1,0,1,0,0,1,1,1,0,1,0,0,0,1,1,1,1,1,0,1,1,1,1,0,0.876982
1,1,0,1,0,0,1,1,0,1,1,1,0,1,1,0,1,1,0,1,0,0,1,0,0,1,0,1,0,1,1,1,0.921782
1,1,0,0,0,0,1,1,1,0,0,0,1,0,0,0,1,1,1,0,1,0,1,0,0,0,0,1,0,1,0,0,0.943116
0,0,0,1,1,1,0,1,0,1,0,0,1,0,0,1,0,0,0,1,1,1,1,0,0,0,0,0,0,1,0,1,0.914557
1,1,1,0,0,0,1,0,1,0,0,1,1,1,0,1,0,0,0,1,1,1,1,1,0,1,0,0,1,1,1,1,0.920929
0,1,0,1,0,1,1,0,0,0,1,0,0,0,1,0,1,0,0,1,1,1,0,1,1,0,1,0,0,1,1,0,0.206735
0,0,0,1,0,1,1,1,1,1,0,1,1,1,1,0,1,1,1,1,1,1,0,0,0,0,1,0,0,1,0,0,0.344842
0,1,1,1,1,1,0,1,0,0,1,1,1,1,1,0,0,1,0,1,1,0,0,0,1,1,0,1,0,0,1,1,0.891752
1,1,0,0,0,1,1,0,0,0,0,0,1,1,1,1,1,0,1,0,0,1,1,1,1,1,1,0,0,1,0,1,0.897783
1,0,0,0,0,0,0,1,1,0,0,0,0,1,1,0,1,1,0,1,0,0,0,0,1,0,1,1,0,0,0,1,0.897783
1,0,1,1,1,0,0,0,1,0,0,1,1,0,0,0,1,0,1,1,0,0,1,0,1,1,1,0,1,1,1,0,0.877366
0,1,0,1,1,1,0,1,1,1,0,1,0,1,0,1,1,0,1,1,1,1,1,1,0,0,1,1,1,1,1,1,0.969885
0,1,0,0,0,0,0,1,1,1,0,0,1,0,0,1,0,1,0,1,0,0,1,0,0,0,0,0,0,0,1,1,0.939322
1,0,1,0,1,0,0,0,0,0,0,1,1,1,1,0,1,1,1,0,1,1,1,0,0,1,1,1,1,0,1,0,0.890857
1,1,1,0,0,1,1,0,1,1,1,0,0,1,1,1,0,1,1,1,0,0,1,1,1,1,0,0,0,1,0,1,0.876279
1,0,0,0,1,1,0,1,0,0,0,0,1,0,0,1,0,0,1,1,0,0,0,0,0,0,0,1,1,1,0,1,0.939919
0,1,0,1,1,0,0,1,1,1,0,0,0,1,1,1,1,1,1,0,0,0,1,0,0,1,1,1,1,1,0,1,0.944459
0,1,1,0,0,1,0,1,0,1,0,0,1,0,1,1,1,0,0,1,1,0,1,0,0,0,0,0,0,0,1,0,0.359207
0,0,0,1,0,0,0,0,1,0,0,0,0,1,1,0,1,1,1,1,1,1,0,0,1,0,0,0,1,0,1,0,0.180115
0,1,0,0,0,1,0,0,0,1,0,1,0,0,0,0,1,1,0,0,0,0,1,0,0,0,1,0,1,0,0,1,0.914024
0,0,0,0,1,0,0,1,0,0,0,0,1,0,1,1,1,0,1,0,0,1,1,0,0,1,0,1,1,0,0,0,0.148061
1,1,1,1,1,0,0,0,0,0,1,0,0,1,1,0,0,0,1,0,1,0,0,0,0,0,0,0,0,1,0,1,0.892093
1,0,0,0,1,1,0,0,1,0,1,1,0,1,1,1,1,0,1,0,1,1,1,0,0,1,0,0,0,1,1,0,0.915750
1,0,0,1,1,0,0,0,0,1,0,0,1,1,0,1,1,0,0,1,1,0,0,0,1,1,1,0,0,1,0,0,0.914919
0,0,0,1,0,1,0,1,1,1,1,0,0,0,1,1,1,0,0,0,0,0,0,0,1,1,0,1,1,0,1,0,0.321569
1,0,1,0,0,0,1,0,0,1,1,1,0,1,0,1,0,0,1,0,0,1,0,0,0,0,0,0,0,1,0,1,0.916688
1,1,0,1,0,1,0,1,1,0,0,0,0,0,1,0,0,1,0,0,1,0,1,1,0,0,1,1,0,1,0,0,0.917114
0,1,0,1,0,1,1,0,0,1,1,0,1,0,0,1,1,0,0,0,1,0,1,1,0,1,1,1,0,0,0,0,0.207630
0,1,0,1,1,1,1,1,1,0,1,1,0,0,1,1,1,0,1,0,1,0,1,1,0,1,0,1,1,0,1,1,0.971100
1,1,1,1,0,1,1,1,0,0,0,0,0,0,1,1,1,1,1,1,0,1,0,0,0,1,0,0,0,1,1,0,0.895034
0,0,0,0,0,0,1,1,0,0,1,0,1,1,1,1,1,1,1,1,0,1,0,0,1,1,0,1,0,0,0,0,0.295311
0,1,0,1,1,0,1,0,1,0,0,0,1,1,0,0,0,1,0,0,0,0,0,0,0,1,1,1,0,1,1,1,0.918606
0,1,1,1,0,0,0,1,1,0,1,0,0,1,1,0,1,1,0,1,0,0,1,1,0,0,0,0,0,0,0,0,0.384101
0,1,1,0,0,0,1,0,0,0,0,1,0,0,0,0,1,0,1,0,0,0,1,1,1,1,1,0,1,0,1,1,0.916709
0,0,0,1,0,0,1,0,1,0,1,1,1,0,1,1,1,1,1,1,1,1,1,0,1,0,0,1,1,0,1,0,0.425512
0,0,0,1,0,0,0,0,0,0,1,1,0,0,0,1,1,1,0,0,1,0,0,0,0,0,0,1,1,0,0,0,0.106245
1,1,0,0,1,1,1,1,1,0,1,1,1,1,1,0,0,1,0,1,1,0,1,1,0,0,0,1,0,1,1,0,0.855712
1,0,1,0,0,1,1,1,0,1,1,0,0,0,1,0,0,0,1,0,1,1,1,0,1,0,0,0,0,0,1,0,0.830413
1,1,1,1,0,1,1,1,1,0,1,0,0,0,0,0,0,0,1,1,1,0,0,1,1,0,0,1,0,1,1,0,0.864578
0,1,1,0,0,0,0,0,0,0,0,1,0,0,1,0,1,0,0,1,0,1,1,1,0,1,0,1,0,1,0,0,0.250512
1,1,0,0,1,1,0,1,0,1,1,1,1,1,0,0,1,0,0,1,1,1,1,0,0,0,1,1,0,1,1,0,0.916475
0,1,1,1,1,1,1,1,1,0,0,1,1,1,0,0,0,0,0,0,1,0,1,0,1,1,1,0,1,0,0,1,0.918649
1,1,1,0,1,1,0,0,1,1,0,1,1,0,0,1,1,0,0,1,1,1,1,1,0,1,1,0,0,0,1,1,0.895951
1,0,1,1,1,0,1,0,0,0,0,0,1,0,1,1,1,0,1,0,1,1,1,0,0,0,0,0,0,1,1,0,0.896334
0,1,0,0,0,1,0,1,0,0,0,0,1,1,1,0,1,0,0,1,0,1,0,0,1,0,1,0,1,0,0,1,0.915708
1,0,0,1,1,0,0,0,1,1,0,0,1,0,0,0,1,0,1,1,0,0,1,1,1,0,0,0,0,1,1,0,0.908035
1,0,0,1,0,1,1,1,0,1,1,1,1,1,0,0,0,0,1,0,0,1,0,1,0,0,0,0,1,0,1,1,0.968542
0,0,1,1,0,1,0,0,1,0,1,1,1,1,0,1,0,1,1,1,0,1,1,1,0,1,1,1,0,0,0,1,0.922208
0,0,1,1,0,1,1,0,1,0,0,1,0,1,0,1,1,0,1,1,0,1,1,0,0,0,1,0,0,1,1,1,0.917519
0,1,1,0,1,1,1,1,0,1,0,0,0,1,0,0,0,0,0,1,0,1,1,0,0,1,1,0,0,1,0,1,0.865665
1,1,0,0,0,0,1,0,1,0,0,0,1,1,0,1,0,1,1,1,0,1,1,0,1,0,1,0,0,0,1,1,0.918713
0,1,1,0,0,0,0,0,0,1,0,1,0,0,1,0,0,1,0,1,0,1,1,1,0,0,0,0,1,0,0,1,0.888747
0,0,0,0,0,0,0,0,0,0,1,0,1,1,0,1,1,0,1,1,1,1,0,1,1,0,1,0,0,0,1,0,0.158951
1,1,1,0,0,0,1,1,1,1,0,1,0,0,1,0,1,0,0,1,0,1,1,0,1,0,1,1,1,1,1,1,0.943862
0,1,1,0,0,1,1,0,0,0,1,1,0,1,0,1,0,1,1,0,0,0,0,1,0,0,0,0,0,0,1,1,0.941283
0,0,1,1,0,1,0,1,1,0,0,1,0,0,0,1,1,1,0,0,0,1,0,1,1,0,0,0,1,0,0,0,0.315473
1,0,1,1,0,1,1,0,0,1,0,1,0,0,0,1,0,0,0,1,0,1,1,1,0,0,1,1,0,1,1,0,0.830691
1,1,0,1,0,1,0,1,1,1,1,0,0,1,0,0,1,1,1,1,0,1,1,0,0,1,1,0,0,0,1,1,0.893372
0,0,0,1,0,1,1,1,0,0,1,1,0,1,1,1,0,0,0,0,0,0,1,1,0,0,1,1,1,1,1,1,0.995780
1,1,1,1,1,0,0,0,1,1,0,1,0,0,1,0,0,0,1,1,0,1,0,1,0,1,0,0,1,0,1,1,0.908056
1,0,0,0,1,0,0,0,0,0,1,1,1,0,1,0,0,1,1,0,0,1,1,1,1,1,1,1,0,0,1,1,0.894565
1,0,0,1,0,1,1,0,0,0,0,1,1,0,0,1,1,0,1,0,1,1,1,0,0,0,1,0,0,1,0,0,0.916667
0,1,1,1,1,1,1,0,0,1,0,1,1,0,0,0,0,0,0,0,0,1,1,0,0,1,0,1,0,0,1,0,0.259207
0,1,1,0,0,1,0,0,0,0,0,1,1,0,0,0,1,1,0,0,1,0,1,0,1,0,0,0,0,1,1,1,0.917945
1,1,1,1,0,1,1,0,1,0,1,1,1,0,1,1,0,0,1,1,0,1,0,0,0,0,0,1,1,0,1,0,0.893308
0,1,1,0,0,1,1,1,1,1,0,0,0,0,0,0,1,0,1,1,1,0,0,1,1,0,0,1,0,0,1,0,0.494054
0,0,1,1,1,1,0,0,1,1,1,1,1,0,1,1,1,1,0,1,1,1,1,0,1,0,0,0,1,0,1,1,0.943777
1,0,1,0,1,0,0,0,1,1,0,0,0,0,1,1,0,0,1,0,1,0,1,1,0,0,1,0,1,0,0,1,0.940708
0,0,0,1,0,0,1,0,1,0,1,0,1,0,0,1,1,1,1,1,0,0,1,1,0,0,0,1,0,1,0,0,0.241027
0,1,0,0,0,0,1,0,0,1,0,0,1,0,0,1,1,0,0,1,1,1,0,0,1,1,0,1,0,1,0,0,0.282140
0,1,0,1,1,1,0,0,0,1,0,1,0,1,1,1,1,0,1,1,0,0,0,0,0,0,1,0,1,1,1,0,0.375213
