1,0,1,0,1,1,1,0,0,0,1,1,0,0,0,0,1,0,0,1,1,1,0,1,1,1,0,0,1,1,0,0,0.570279
1,0,1,1,0,1,0,0,0,1,0,0,1,1,0,0,0,1,1,1,1,0,1,0,1,0,1,0,1,1,0,0,0.585145
1,1,0,0,1,1,1,0,1,1,0,0,0,1,1,1,0,1,1,1,1,0,0,1,0,1,1,0,1,0,1,0,0.585704
1,1,1,1,0,1,0,0,0,0,1,1,1,0,1,1,0,0,1,1,1,0,0,0,0,0,1,0,1,1,0,1,0.848998
1,0,0,0,1,0,0,1,1,1,0,1,1,1,0,1,0,1,0,1,1,0,1,1,0,0,0,1,1,0,1,0,0.567855
1,0,0,1,0,0,0,0,1,1,0,1,1,0,0,0,0,1,0,1,0,1,1,1,1,1,1,1,1,0,0,0,0.631181
1,0,0,1,1,0,0,1,1,1,1,1,0,1,1,1,1,0,0,0,1,0,1,0,1,0,1,0,0,0,0,0,0.865169
1,1,1,1,0,0,1,1,0,1,1,1,0,1,1,0,0,1,0,0,1,0,1,0,0,0,1,0,1,0,1,0,0.861946
0,1,0,1,1,0,1,1,0,0,1,1,1,0,1,1,1,1,1,1,1,1,1,0,1,0,0,1,0,1,0,0,0.600543
0,1,0,1,1,0,1,0,0,1,0,1,1,0,0,1,0,0,0,1,1,1,0,1,0,1,0,0,1,0,1,1,0.644315
0,0,1,1,0,0,0,1,0,0,0,1,0,0,0,1,1,1,0,1,1,1,1,1,0,1,0,1,1,1,0,1,0.623295
1,1,1,0,1,1,0,1,0,0,1,1,0,1,0,1,1,1,0,0,0,1,1,0,1,0,0,0,0,0,0,1,0.546116
1,1,1,0,0,1,0,1,1,1,1,0,1,1,1,1,0,0,1,1,0,1,0,0,1,0,0,1,1,0,1,0,0.585465
1,0,0,0,0,0,1,0,1,1,0,1,1,0,0,1,0,1,0,1,0,0,0,1,0,0,0,1,0,0,1,1,0.555653
1,1,0,0,1,1,0,1,0,0,1,0,0,0,1,1,1,1,1,0,0,1,0,1,1,0,0,1,1,1,1,1,0.531703
1,1,1,1,0,1,1,1,0,1,1,1,0,1,1,1,0,1,1,1,1,1,1,1,1,1,0,0,1,1,1,1,0.512814
0,1,1,0,0,1,0,0,0,1,0,1,0,1,1,1,1,0,1,0,1,1,1,0,0,1,0,1,1,0,0,1,0.643276
0,0,1,0,0,1,0,0,1,0,0,0,0,1,1,0,0,1,0,0,1,0,0,1,1,1,1,1,1,0,1,0,0.546942
1,0,0,0,1,1,0,0,1,0,0,0,0,1,1,0,0,1,1,1,1,0,1,0,0,1,0,0,0,1,0,0,0.558051
1,0,1,0,0,1,0,0,1,1,0,1,0,1,0,1,1,1,0,1,0,0,1,1,0,1,0,1,0,0,0,1,0.552163
0,1,1,1,1,1,1,1,0,0,0,1,0,0,0,0,0,0,1,0,1,1,1,1,0,0,0,1,0,0,0,0,0.618899
1,1,0,0,0,1,1,1,0,0,0,0,0,0,1,1,1,0,1,1,0,1,0,1,1,1,0,0,0,0,0,0,0.609255
0,0,1,0,0,0,1,0,0,0,0,0,0,0,1,0,0,1,0,0,0,0,0,0,1,0,1,1,0,1,0,0,0.528053
0,0,0,1,0,1,1,0,0,0,1,1,0,0,1,0,1,1,0,1,1,1,1,1,0,1,0,0,1,1,0,1,0.580909
1,1,0,1,0,1,1,0,1,0,0,1,1,0,0,1,0,1,1,1,0,0,1,1,1,1,1,0,0,1,1,1,0.565324
0,1,1,1,0,1,1,0,1,1,0,1,0,0,1,1,1,0,1,1,1,1,0,1,0,0,0,1,0,1,1,1,0.630302
1,0,1,1,1,0,1,1,1,0,1,1,0,0,0,0,1,0,1,1,1,1,1,0,1,0,1,1,1,1,1,0,0.555893
0,1,1,0,1,0,0,1,0,0,1,0,1,1,0,1,1,0,1,1,1,1,1,0,1,1,1,1,0,1,0,0,0.573902
0,0,0,1,1,0,0,1,0,1,0,0,0,1,1,1,0,0,0,0,1,1,0,0,1,0,1,1,0,0,1,1,0.608882
0,1,0,1,1,1,1,1,1,1,0,0,0,1,1,1,0,0,0,1,0,0,0,1,1,0,0,1,0,1,1,0,0.573583
0,1,0,0,0,0,1,0,1,0,1,1,0,0,1,0,0,1,0,1,0,0,1,1,0,0,1,0,1,1,0,1,0.876838
1,0,0,1,1,0,1,1,1,1,0,0,1,1,0,1,1,0,1,0,1,1,0,0,1,0,0,0,1,0,1,0,0.641384
1,0,1,0,0,1,0,0,1,0,0,1,0,1,0,0,1,1,1,1,1,1,1,0,1,0,1,1,1,1,1,1,0.618846
0,0,0,0,1,0,0,1,0,0,1,0,1,0,0,0,0,0,0,1,0,1,0,1,1,1,0,0,1,1,0,0,0.538230
1,1,0,0,1,1,0,1,1,1,0,0,0,1,0,0,0,1,0,1,1,0,0,1,0,0,1,1,1,1,0,1,0.564365
1,0,0,1,0,1,1,0,0,0,0,0,0,0,1,0,0,1,1,0,0,0,1,0,0,1,1,1,0,1,0,1,0.574622
0,0,0,1,1,1,0,1,1,0,1,0,0,0,0,0,0,1,1,1,0,1,0,0,1,0,1,0,0,0,1,0,0.564951
1,1,0,0,0,1,1,0,0,1,0,0,0,1,1,1,1,0,1,1,1,1,1,1,0,1,0,1,0,1,0,1,0.506474
0,1,1,0,1,1,0,0,1,0,1,1,0,0,0,1,0,0,0,0,0,1,1,0,0,0,1,0,0,0,0,0,0.561248
1,0,0,0,0,0,0,0,1,1,0,1,0,0,1,1,1,0,0,1,0,1,0,1,0,1,1,1,1,1,1,0,0.648764
1,0,1,0,0,0,1,1,0,0,1,1,1,0,1,0,1,1,0,1,1,1,0,0,0,0,1,0,1,0,1,1,0.580483
1,0,0,0,0,1,0,0,1,1,1,0,0,0,1,0,0,0,0,1,1,1,1,1,1,0,0,0,1,1,1,1,0.556452
1,0,1,1,0,0,0,1,1,0,1,0,1,0,1,1,0,0,0,0,0,1,1,1,0,1,1,0,1,0,1,1,0.548593
1,1,1,0,1,1,0,1,1,1,1,1,1,0,1,1,1,1,0,0,0,0,0,0,0,1,1,0,1,1,0,0,0.857950
0,0,0,0,1,0,1,1,0,0,0,0,1,0,1,0,1,0,1,0,0,1,0,1,1,0,0,0,0,0,1,1,0.622203
1,1,0,0,1,0,1,1,0,1,1,0,0,0,0,1,0,0,1,0,0,1,0,0,1,0,0,1,0,0,0,1,0.561168
0,1,0,0,1,0,0,1,0,0,0,0,1,0,0,0,1,0,0,1,1,0,1,1,0,0,1,0,0,0,1,1,0.571505
1,1,0,0,1,1,0,1,0,1,0,1,0,0,0,0,1,0,0,0,1,0,1,0,0,0,1,1,0,1,0,1,0.570705
0,1,0,1,1,0,0,1,0,0,1,0,0,1,1,0,1,1,1,1,0,1,0,1,0,0,0,1,1,1,0,0,0.577685
0,0,1,0,1,0,1,0,1,0,1,1,1,0,0,1,0,0,0,0,0,0,1,1,0,1,0,0,1,0,1,0,0.841272
1,0,1,1,1,1,0,0,1,0,0,1,0,1,1,1,0,1,0,0,0,0,1,0,0,1,1,0,1,1,0,1,0.579124
0,1,1,1,0,0,1,0,0,0,0,1,1,0,0,1,1,0,0,1,0,1,1,0,0,0,0,1,1,1,0,0,0.650469
1,1,0,0,0,1,1,1,0,0,0,0,1,0,1,0,1,1,0,1,1,0,0,1,1,1,0,0,1,0,0,1,0.583200
0,1,1,0,1,0,1,0,0,1,0,0,0,0,1,0,0,0,1,0,1,0,1,1,1,0,1,0,0,0,1,0,0.577206
0,1,0,1,0,0,0,0,1,1,1,0,0,0,1,1,0,0,1,0,1,0,0,0,0,0,1,0,1,0,1,0,0.820093
0,0,0,1,1,0,0,1,0,0,0,1,0,0,0,0,1,1,0,1,0,0,0,0,0,0,1,1,0,0,0,0,0.544491
0,1,0,0,0,0,0,0,0,1,1,1,0,1,0,0,1,0,0,1,1,1,0,0,0,0,1,0,1,0,1,0,0.559170
1,0,1,1,1,1,1,0,0,0,1,0,0,1,0,0,0,0,1,0,0,0,1,1,0,0,0,0,1,1,0,1,0.777094
0,1,0,1,1,0,1,1,0,1,1,0,1,0,0,0,0,0,1,0,0,1,1,1,1,0,0,1,0,1,0,1,0.593617
0,0,1,1,0,1,0,1,0,1,1,1,0,1,0,0,0,1,1,1,0,0,0,0,1,0,0,0,0,1,0,0,0.779705
1,1,0,0,1,0,1,0,0,1,1,0,1,0,0,1,0,0,1,0,1,1,0,0,0,0,1,1,1,1,0,1,0.571958
1,0,0,0,1,0,0,0,1,1,0,0,0,1,0,0,1,0,0,0,0,0,1,0,1,0,1,1,0,0,1,1,0.565084
1,0,1,0,0,1,1,0,0,0,1,1,0,1,1,1,1,0,0,1,1,1,1,0,0,1,0,1,1,1,0,1,0.573503
0,0,1,1,0,1,0,0,0,0,0,0,1,1,1,0,1,1,1,1,1,1,0,1,0,0,0,1,0,0,1,0,0.523497
1,0,1,0,1,1,1,0,0,1,1,1,1,0,0,1,0,0,0,1,0,0,0,0,0,1,1,1,1,0,0,0,0.834106
0,0,0,0,1,1,1,1,1,0,0,1,1,1,1,0,1,0,0,1,1,0,1,0,0,1,0,0,0,1,0,1,0.575821
1,0,0,0,1,0,0,1,0,1,0,0,1,0,1,1,0,1,0,0,1,1,0,0,0,0,0,0,1,1,1,0,0.600517
0,1,1,1,1,1,1,1,0,0,0,1,0,0,1,1,1,0,1,0,1,0,0,0,0,0,1,0,1,1,0,1,0.564658
1,0,0,0,0,1,0,0,0,0,0,1,0,1,0,1,0,0,0,0,1,1,1,0,0,0,1,0,0,1,1,1,0.573077
1,1,1,1,0,1,0,0,1,1,0,1,1,0,0,0,0,0,1,0,1,0,0,1,1,0,0,1,0,0,0,0,0.575634
1,1,0,0,0,1,1,0,0,0,0,0,0,1,1,1,1,1,0,0,1,0,1,1,0,0,0,1,1,0,0,0,0.561008
0,1,1,1,1,0,1,0,1,1,0,0,0,1,0,1,1,0,1,0,1,0,0,0,1,1,0,1,1,1,0,0,0.572384
1,0,0,1,0,0,1,1,0,1,0,0,1,0,1,0,0,1,1,1,1,1,1,1,1,1,0,1,1,1,1,1,0.584772
0,1,1,0,0,0,0,1,0,0,0,0,1,0,1,1,0,0,1,0,0,0,1,0,1,1,1,1,1,1,1,0,0.565590
0,0,1,0,1,1,1,0,1,0,1,0,0,0,1,0,1,0,0,0,0,1,0,0,0,0,1,0,0,0,1,1,0.562740
1,0,0,0,1,0,0,1,0,0,0,0,0,1,0,1,1,0,1,1,1,1,1,1,0,1,1,0,0,0,0,0,0.607550
0,0,0,1,1,0,0,1,1,1,1,1,1,0,1,0,0,1,1,1,0,1,1,0,0,1,1,0,1,0,0,1,0.590953
0,0,1,0,0,0,1,0,1,0,1,0,0,1,1,0,0,0,1,1,0,1,0,1,1,1,0,0,0,1,1,1,0.570546
1,1,1,0,1,1,1,1,0,1,1,1,1,0,1,1,0,1,0,1,0,1,1,1,1,0,1,1,0,1,0,1,0.542759
0,0,1,0,1,0,1,0,1,0,0,1,0,1,1,1,1,1,0,0,0,0,0,0,0,0,1,0,0,1,0,0,0.549845
0,0,0,0,1,1,1,1,0,0,0,0,0,0,1,0,1,1,0,0,1,1,1,0,1,1,0,0,1,0,0,0,0.500213
0,1,1,0,1,1,0,1,1,0,1,1,0,1,0,1,0,0,0,1,0,1,1,0,0,1,0,0,1,0,1,0,0.570492
1,1,1,0,1,0,0,1,1,1,0,0,1,1,1,0,0,0,0,1,0,0,0,0,0,1,1,0,0,0,1,1,0.586104
0,1,0,1,0,0,0,0,1,0,1,1,1,0,1,1,1,0,0,1,1,0,0,0,0,1,1,0,1,0,1,0,0.876652
0,1,1,0,1,0,0,1,0,0,1,0,0,1,1,0,1,1,1,0,1,0,0,1,0,0,0,1,1,1,1,0,0.793025
1,0,0,0,0,1,1,0,0,1,1,0,1,0,0,0,1,1,0,1,1,1,0,1,0,1,1,1,0,0,0,1,0.565351
0,0,1,0,1,1,1,0,1,0,1,0,1,1,0,0,1,1,0,1,1,0,0,0,1,1,1,0,0,0,0,1,0.792120
0,0,0,0,0,1,0,1,0,0,0,0,0,0,0,1,1,1,1,0,0,1,0,0,1,1,1,1,0,1,1,0,0.595642
0,0,1,1,1,0,1,0,0,0,0,1,0,0,0,0,0,0,0,0,1,0,0,0,1,1,0,1,0,0,0,0,0.552643
1,0,1,0,1,1,0,1,0,1,1,1,1,0,0,0,1,0,1,0,1,1,1,1,0,0,0,1,0,1,0,1,0.558184
0,1,0,0,1,1,1,0,0,1,0,1,1,1,1,0,0,0,1,0,0,0,0,0,0,1,0,0,0,0,1,1,0.554534
1,0,1,0,0,1,0,1,1,1,1,1,1,0,1,1,0,1,1,1,0,1,1,1,0,0,0,1,0,0,0,1,0.552323
1,0,0,1,1,0,1,0,0,0,1,1,1,1,1,1,1,1,0,1,0,0,1,0,0,0,1,1,0,1,1,0,0.827579
0,0,1,0,0,0,1,0,1,0,0,1,1,0,0,0,0,1,1,0,1,1,0,0,1,0,0,0,0,0,0,0,0.635124
0,0,1,1,1,0,1,0,1,1,0,1,0,1,0,0,0,0,1,1,0,1,1,1,0,0,1,0,1,0,1,0,0.651348
1,0,1,1,0,0,0,1,1,1,1,0,1,0,0,1,0,0,0,0,0,1,0,1,1,0,0,1,0,1,0,1,0.551417
0,1,1,1,0,1,1,1,0,0,1,1,1,0,0,0,0,0,1,0,1,1,1,0,0,1,1,0,1,1,0,1,0.580723
0,0,0,1,1,1,0,0,1,1,0,0,1,1,0,0,0,1,1,0,0,1,0,1,1,1,1,1,0,1,1,0,0.646126
1,0,1,1,1,0,1,0,1,1,0,0,0,0,0,0,0,0,0,1,0,0,0,1,0,0,1,1,1,1,0,0,0.565191
1,0,0,0,1,0,1,1,0,0,1,0,0,0,1,1,1,0,0,1,1,0,1,1,1,1,0,1,0,0,1,0,0.790068
0,0,0,1,1,0,0,0,0,0,1,1,0,0,0,0,0,0,1,0,0,1,1,1,1,1,0,0,0,1,0,1,0.570652
1,0,1,1,1,1,1,1,1,1,1,1,0,1,1,0,1,1,1,0,1,1,0,1,0,1,0,0,1,1,0,0,0.570812
0,1,0,0,0,1,1,1,1,0,0,1,1,1,0,1,0,0,0,0,0,1,1,1,1,1,1,0,0,0,1,0,0.631980
0,0,0,1,0,1,0,0,1,0,1,1,1,1,1,0,0,1,1,0,1,0,1,1,1,0,1,0,0,1,1,0,0.818627
0,1,0,1,1,1,0,1,1,0,0,0,0,1,0,0,0,1,0,0,1,0,0,0,0,1,0,0,0,1,1,0,0.542333
1,0,0,1,0,1,0,1,0,1,1,0,1,0,1,1,0,0,1,1,1,0,0,1,1,0,1,0,1,0,1,1,0.819160
0,1,1,0,0,0,1,0,0,1,0,0,0,0,1,0,0,1,0,0,1,1,0,0,1,1,0,0,1,0,1,1,0.583387
1,1,1,0,1,1,0,0,0,1,0,0,1,1,0,0,0,0,0,0,0,1,0,0,0,0,0,0,0,1,1,0,0.590899
0,0,0,1,1,1,0,1,1,1,1,1,1,1,1,1,1,1,0,1,0,0,0,1,1,0,1,1,0,0,1,0,0.898391
1,0,1,1,1,1,1,0,0,1,1,0,1,1,0,1,1,0,1,1,1,0,0,0,0,0,1,1,1,1,0,0,0.790335
0,0,0,0,1,0,1,0,1,0,1,0,0,0,1,0,1,0,0,1,1,1,1,1,1,1,0,0,0,0,0,0,0.545530
0,0,0,1,1,1,0,0,0,0,0,0,0,1,0,0,0,1,0,1,0,0,0,1,0,1,1,0,1,1,0,1,0.506714
1,1,1,1,1,1,0,1,0,0,1,0,0,0,0,1,1,1,0,1,0,0,0,0,1,1,1,1,1,0,1,0,0.818601
1,0,0,1,0,1,1,1,1,1,1,0,0,0,1,0,0,0,0,0,1,1,1,1,1,1,0,0,0,0,1,0,0.598679
1,1,0,0,0,1,1,1,1,1,0,1,1,0,0,0,1,0,0,1,1,1,1,0,0,0,1,0,0,0,0,1,0.647458
1,0,1,0,1,1,0,0,0,0,1,0,1,0,1,0,1,0,0,0,1,0,1,1,0,0,1,1,0,0,1,0,0.812580
0,1,1,0,1,0,1,1,1,0,0,0,0,1,1,1,1,0,0,0,1,1,1,0,1,0,1,1,1,0,0,0,0.609761
0,1,1,0,0,1,1,0,1,0,0,0,0,1,0,1,1,1,1,1,1,1,1,1,0,0,0,1,1,0,0,0,0.535886
1,0,0,1,0,1,0,1,0,0,1,0,1,1,1,1,0,1,1,0,1,0,0,1,1,1,1,0,1,0,0,1,0.795370
0,1,0,0,1,1,0,0,0,0,0,0,1,1,1,0,0,0,1,0,1,0,0,1,0,0,1,1,1,0,0,0,0.551551
0,0,1,0,1,1,0,1,1,0,0,1,0,0,1,0,1,0,1,1,1,1,1,0,0,0,0,0,0,1,1,1,0.630834
0,0,1,0,1,0,0,1,1,1,1,1,1,1,1,0,0,1,1,1,1,1,1,1,0,1,0,0,1,0,1,1,0.566203
0,0,1,0,1,0,0,0,1,1,1,1,0,1,1,1,0,1,0,0,1,1,1,1,0,1,0,1,0,0,0,0,0.554161
0,1,0,1,0,1,0,0,1,0,1,0,0,1,1,1,1,1,1,1,1,0,1,1,1,1,0,0,1,0,1,1,0.782529
1,1,0,0,1,0,1,1,0,0,0,1,1,0,1,1,1,1,1,1,0,0,1,0,1,1,1,0,1,0,0,1,0.592871
1,1,1,0,1,1,0,0,0,0,1,0,1,1,0,0,1,1,0,1,1,1,1,0,1,1,1,0,1,1,0,1,0.566283
0,1,0,1,1,1,0,1,0,1,0,0,1,0,0,0,0,1,1,0,1,0,0,1,1,1,0,1,0,0,0,0,0.560076
1,1,0,0,0,0,0,0,0,1,1,1,0,0,1,1,1,1,0,0,0,0,0,1,1,1,1,0,0,1,1,1,0.858509
