1,0,0,1,1,1,1,0,0,1,1,1,0,0,1,1,1,1,1,0,1,1,1,0,0,0,0,1,0,0,0,0,0.595828
1,1,1,0,1,1,1,1,0,1,0,1,1,0,1,0,1,1,1,0,1,0,0,0,1,0,1,1,1,0,1,1,0.614344
1,1,1,0,1,1,0,1,1,0,1,0,1,0,0,1,1,1,1,1,1,0,1,0,1,1,1,1,1,1,0,1,0.678256
1,0,0,1,0,1,1,1,0,1,1,1,1,1,1,1,0,1,1,1,0,0,0,0,1,0,1,1,0,1,0,0,0.639626
0,1,1,1,1,0,0,0,0,1,0,0,0,0,0,0,0,1,0,1,0,1,0,0,0,0,0,0,0,0,0,0,0.573449
1,1,0,1,0,0,0,0,1,0,0,0,1,0,0,0,1,0,1,1,1,0,0,1,0,1,1,1,1,0,1,1,0.659314
0,1,0,1,1,0,1,0,0,0,1,0,1,1,0,1,1,0,0,1,0,1,1,1,0,1,1,1,1,0,1,1,0.697171
0,0,1,0,0,0,1,0,1,1,0,1,1,0,0,0,1,0,1,0,1,0,0,1,1,1,1,1,0,0,0,0,0.601449
0,0,0,0,0,1,0,0,0,1,1,1,1,1,1,1,1,0,1,1,1,1,1,1,1,1,1,0,0,0,1,1,0.669890
1,0,1,1,0,0,0,1,0,1,0,1,0,0,1,1,0,1,1,1,0,1,0,0,1,0,1,1,1,1,1,0,0.640798
0,0,0,1,1,0,1,0,0,1,0,1,0,1,0,1,1,1,1,1,0,1,1,1,0,1,1,1,0,1,1,0,0.637068
0,0,1,1,0,1,1,0,1,0,1,1,0,1,1,0,1,1,1,1,1,1,1,0,0,0,0,1,1,1,1,0,0.647885
1,1,0,0,1,1,1,1,0,1,0,0,0,1,1,0,1,1,0,0,0,1,0,0,0,1,1,1,0,1,1,0,0.585571
0,1,1,1,1,0,1,0,0,1,1,1,1,0,0,1,0,1,1,0,0,1,0,0,1,0,1,0,0,1,0,1,0.595801
1,1,0,1,0,1,1,0,1,1,0,0,1,1,0,1,1,1,0,0,1,0,1,1,1,1,0,0,1,0,0,1,0.643649
1,0,1,1,0,0,0,0,1,1,1,1,0,0,1,0,0,0,1,0,1,1,0,1,0,1,1,1,1,1,1,0,0.630248
0,0,1,1,1,1,0,0,1,1,0,0,0,0,0,0,0,1,0,1,1,0,1,0,0,0,0,1,0,0,0,0,0.562820
1,1,1,0,0,0,1,1,0,0,1,0,0,0,1,0,0,1,1,1,0,0,1,0,1,1,1,0,0,0,0,0,0.597373
1,0,0,1,1,0,1,1,1,1,0,0,1,1,1,0,1,0,1,1,1,0,1,0,0,0,0,1,1,1,0,0,0.614317
0,1,0,1,1,1,1,1,1,1,1,1,1,1,0,0,1,0,1,0,1,1,1,1,1,1,1,0,1,1,1,1,0.671276
0,1,1,1,1,1,1,1,1,0,1,0,0,1,0,0,1,1,1,1,0,0,1,0,1,1,0,0,0,1,0,1,0.656357
1,1,1,1,0,0,0,0,0,1,0,0,1,0,0,1,1,0,0,0,1,0,0,1,0,1,1,0,0,1,1,0,0.579497
1,1,0,1,1,0,0,1,1,1,0,1,0,1,0,1,1,0,0,0,1,1,1,1,1,0,0,0,0,1,0,0,0.679454
1,1,1,0,1,0,1,1,0,0,1,0,0,1,0,1,1,0,1,0,0,1,1,0,1,0,0,0,0,0,0,1,0.621377
0,1,1,0,1,0,0,0,0,1,0,1,0,1,1,1,0,0,1,0,1,1,1,0,1,0,1,1,0,1,0,1,0.595588
0,0,1,1,0,1,1,1,0,1,1,0,1,0,0,0,1,0,1,0,0,1,0,1,1,1,0,0,1,1,0,0,0.605366
0,0,1,1,0,0,0,0,0,1,1,0,0,0,1,1,1,0,0,1,0,1,1,0,1,1,1,0,0,0,1,1,0.613171
1,0,0,0,1,0,0,1,1,0,1,1,1,0,1,1,1,1,1,1,1,1,1,1,1,0,0,1,0,0,1,0,0.693441
1,0,1,0,1,0,1,0,0,0,0,1,0,1,0,0,1,1,1,1,1,0,0,1,1,1,0,0,1,1,1,1,0.648497
0,0,1,1,0,1,0,1,0,0,1,1,1,0,0,0,0,0,1,1,0,0,0,1,0,1,1,0,0,1,1,0,0.575714
0,0,1,0,0,0,1,1,0,0,1,1,0,0,0,0,0,1,1,0,1,1,0,1,0,1,0,0,0,0,0,1,0.593270
1,0,1,0,0,1,1,1,0,0,0,1,0,0,1,1,0,1,1,1,0,1,1,1,1,0,1,1,1,0,0,1,0.703591
0,1,1,0,1,0,0,0,0,0,0,1,0,0,0,1,1,1,0,0,0,0,1,1,0,0,0,1,0,0,1,0,0.566523
1,1,1,1,0,1,0,1,0,0,0,0,0,1,1,1,1,0,0,1,1,0,0,1,0,0,0,0,1,0,0,0,0.621350
1,0,1,1,1,0,0,0,0,1,0,0,0,1,1,1,1,0,1,0,1,1,0,0,1,1,1,1,1,0,0,1,0.623428
0,1,0,1,0,0,1,0,0,0,1,1,1,0,0,1,1,1,1,1,0,0,0,1,0,1,1,0,0,0,1,0,0.559783
0,0,0,1,0,1,0,0,1,1,0,1,0,0,1,1,1,0,1,0,1,1,1,1,1,0,0,1,0,1,0,1,0.597160
1,0,0,1,0,1,0,0,0,1,1,1,0,1,1,0,1,1,0,0,0,0,0,0,1,0,1,1,1,1,1,0,0.651535
1,1,0,0,0,0,1,1,1,1,0,0,1,1,0,1,0,1,1,1,0,1,0,0,0,0,0,1,0,1,0,0,0.596494
1,0,0,0,0,1,1,0,1,0,0,0,0,1,0,0,1,0,0,0,1,0,0,0,1,1,1,1,0,1,1,1,0.588262
0,1,0,0,0,0,1,1,0,0,1,1,1,0,1,0,1,1,1,0,1,0,1,1,1,1,1,0,1,0,1,1,0.616395
1,0,1,1,0,1,1,0,0,0,1,0,0,0,0,1,1,1,1,1,1,0,1,0,0,1,0,1,1,1,0,1,0.633925
1,1,1,0,0,0,1,0,1,0,1,0,1,0,0,0,1,0,0,0,1,0,1,0,0,0,0,0,1,0,1,1,0.595428
0,1,1,0,0,0,0,0,1,0,1,1,0,1,0,1,0,1,1,0,0,0,1,1,0,1,1,1,0,1,0,0,0.586957
1,0,1,1,0,1,1,0,1,0,0,0,0,0,1,0,0,1,1,0,0,0,0,1,0,1,1,0,1,1,0,1,0.578964
0,1,0,1,1,1,0,0,0,0,1,0,0,1,0,0,0,0,0,0,1,0,0,1,1,0,0,1,0,1,1,0,0.559356
0,1,1,0,1,0,1,0,0,1,0,0,0,0,1,0,1,1,0,0,0,0,1,0,0,1,1,0,0,1,0,1,0.563859
1,1,0,1,1,1,0,0,0,0,1,1,0,1,1,1,1,1,0,0,0,1,0,1,0,0,1,1,1,1,0,1,0.678762
0,1,0,1,0,0,1,1,1,1,0,1,0,1,1,1,0,1,0,0,1,1,1,0,1,1,1,1,1,0,0,1,0.651641
0,0,1,0,1,1,1,1,0,1,1,0,1,1,0,1,1,1,1,0,1,0,0,1,1,0,1,1,1,0,0,1,0.668931
1,1,1,1,1,0,1,1,1,0,0,0,0,1,1,0,1,1,1,0,1,0,0,0,1,0,0,0,1,1,1,1,0.676391
0,0,1,1,0,0,0,1,0,0,0,1,1,0,1,0,0,0,1,0,1,1,0,0,1,0,1,0,1,1,0,1,0.578245
1,0,0,1,1,0,0,0,1,0,1,0,0,1,1,1,0,0,1,1,0,0,0,0,1,0,1,0,1,0,1,0,0.587036
0,1,0,1,0,1,1,1,1,1,1,0,1,0,1,0,1,0,0,1,0,0,0,1,0,0,1,1,1,0,1,1,0.619139
0,0,1,0,0,0,0,1,1,1,1,1,0,0,0,0,1,0,1,0,0,1,1,1,1,1,1,1,1,1,1,1,0.688672
0,1,0,0,1,0,0,1,1,1,1,0,0,1,0,0,1,1,1,0,0,0,1,1,1,1,0,0,1,1,1,1,0.621963
1,1,1,0,1,0,0,1,1,0,1,0,1,1,1,0,1,1,1,1,0,0,0,1,0,1,1,0,1,1,0,0,0.624734
0,1,1,0,0,1,0,1,0,0,0,1,0,1,1,1,0,1,1,0,0,1,1,1,0,0,1,0,0,1,0,0,0.534527
1,0,0,0,0,0,1,1,1,1,0,1,1,1,1,0,0,1,1,0,1,0,1,0,1,0,0,0,0,0,1,0,0.587489
0,1,1,1,1,1,1,0,1,0,1,1,0,1,1,1,1,1,1,1,1,0,0,0,1,1,0,1,0,1,0,1,0.653000
1,1,0,0,0,0,1,0,0,1,1,1,0,0,0,0,1,0,0,1,1,1,1,0,1,1,1,1,0,1,0,0,0.620418
1,0,0,1,0,0,1,1,0,1,1,0,1,1,1,0,0,0,0,1,1,1,0,1,1,1,0,0,1,1,1,1,0.639413
0,1,1,1,1,1,0,1,1,0,1,0,1,1,0,0,0,1,0,0,1,0,1,1,1,0,1,1,0,1,0,0,0.616022
1,0,1,0,0,1,0,1,0,0,0,0,0,1,0,0,0,0,0,0,1,0,0,0,0,1,0,1,1,1,0,1,0.554614
1,1,0,1,1,1,1,1,0,1,0,0,0,0,1,0,1,1,1,1,1,0,0,1,1,0,1,0,0,1,0,0,0.631207
0,0,0,1,0,1,1,0,0,1,0,1,1,1,1,0,0,1,0,1,0,0,1,0,0,0,1,1,1,0,1,0,0.567588
1,1,1,0,0,0,1,1,0,1,1,1,1,0,1,1,1,1,1,0,1,1,0,1,1,0,1,0,0,1,0,0,0.635204
0,0,0,1,1,0,1,0,0,1,1,0,0,1,0,0,1,0,1,1,1,0,0,0,0,1,1,1,1,0,0,0,0.581735
1,0,0,0,0,0,1,1,1,0,0,1,1,1,1,1,0,0,0,0,1,1,1,0,0,1,1,1,1,1,1,0,0.637761
1,1,1,0,1,1,1,1,0,1,1,0,0,0,1,1,0,0,1,1,1,1,0,1,0,1,1,0,1,0,0,1,0.675805
0,0,1,0,1,0,0,1,0,1,1,0,0,0,0,1,0,0,1,0,0,0,1,0,0,1,1,0,0,0,1,0,0.539482
1,1,1,0,0,1,0,1,0,0,1,0,0,0,1,1,0,1,1,0,0,0,0,0,0,0,0,0,1,1,0,1,0.598092
1,1,1,1,0,0,1,0,0,0,1,0,0,0,1,0,0,1,0,1,0,0,0,1,0,1,0,0,0,0,0,1,0.604300
0,1,1,1,0,1,1,0,1,0,0,0,0,1,1,1,0,0,0,1,0,0,0,1,0,0,1,0,0,1,1,1,0.655291
1,1,1,0,0,0,1,1,0,1,1,0,1,1,1,0,1,0,1,1,1,1,0,1,0,1,1,1,1,1,0,0,0.628463
0,1,0,1,1,0,1,1,0,0,0,1,0,1,0,0,0,0,0,0,0,1,1,0,0,1,1,1,1,0,1,1,0.597080
0,0,0,1,1,0,0,0,0,0,0,0,1,0,0,0,0,0,1,1,1,0,1,1,1,1,0,1,1,1,0,0,0.577685
1,0,0,0,0,1,0,1,1,0,0,0,0,0,0,1,0,0,1,0,0,1,1,1,1,0,1,1,0,1,0,0,0.541454
0,0,1,1,0,1,0,1,1,0,0,1,0,0,1,0,0,1,1,0,1,1,1,0,1,0,0,0,1,1,0,1,0.584319
1,1,0,1,1,1,0,1,0,0,0,1,1,1,0,0,0,0,0,1,0,0,1,1,1,0,1,1,1,1,1,0,0.668638
0,1,1,0,0,1,1,0,1,0,0,0,0,0,0,1,0,0,0,1,1,1,0,0,0,1,1,1,0,1,0,0,0.573290
0,1,0,1,0,0,1,0,1,0,0,0,0,1,1,1,0,1,0,1,1,1,1,1,0,0,1,0,0,0,0,1,0.627078
0,1,1,0,1,1,1,1,0,0,0,0,0,1,1,0,0,0,0,0,1,0,0,0,0,0,1,1,0,0,1,1,0.589701
1,0,1,1,0,1,0,1,0,1,0,0,0,0,0,0,1,1,1,1,0,1,0,1,1,1,0,1,0,0,1,1,0.697597
0,1,0,1,1,1,1,1,0,0,1,1,1,1,1,1,0,0,0,0,0,1,1,1,1,0,0,0,0,1,0,0,0.625240
0,1,1,1,0,0,0,1,1,1,1,0,0,1,1,0,0,0,1,0,1,0,0,0,1,1,1,0,0,0,1,0,0.581655
0,0,1,0,1,0,1,0,0,0,0,0,0,0,1,0,1,1,1,0,1,0,0,0,1,1,0,0,1,0,1,0,0.615596
1,0,1,1,0,0,0,1,0,1,0,0,0,0,1,1,1,1,1,1,1,1,1,0,0,1,1,0,0,0,0,1,0.752957
0,1,1,1,1,0,1,1,1,0,0,0,0,0,0,1,1,0,1,1,0,1,0,1,0,0,0,1,1,0,1,0,0.619086
1,0,0,1,0,1,0,0,1,0,0,0,1,0,1,0,0,0,1,1,0,0,0,0,1,0,1,1,0,1,1,1,0.585678
1,1,0,0,1,0,1,1,0,0,1,1,0,0,1,0,0,1,0,0,1,0,0,1,1,0,1,0,1,0,0,1,0.557145
0,1,1,1,0,0,0,0,1,1,0,1,0,1,0,1,0,0,1,1,1,0,0,0,1,0,1,0,0,1,0,0,0.581868
0,0,0,0,1,0,1,1,1,1,1,0,1,0,0,1,0,0,1,1,0,0,0,1,1,1,1,0,0,1,0,0,0.609335
0,1,1,0,1,0,1,0,0,1,0,0,0,0,0,1,1,0,1,0,0,0,1,1,0,1,1,1,0,0,0,1,0.631287
1,1,1,0,1,1,1,0,1,1,1,1,0,1,0,0,1,0,0,1,1,1,0,1,0,0,0,1,1,0,0,1,0.614157
0,1,0,0,1,1,0,0,1,0,1,1,0,0,1,0,1,1,1,1,0,0,1,1,0,1,1,1,0,1,1,1,0.659900
1,0,0,1,0,1,1,0,1,1,1,0,0,1,0,1,0,1,1,0,1,0,1,1,0,0,0,0,0,0,1,0,0.596068
0,1,0,1,0,0,1,0,0,1,1,0,0,0,0,1,0,0,1,1,0,1,0,0,1,1,0,0,1,1,1,1,0.662777
0,0,0,1,0,1,1,0,0,0,0,1,0,0,0,0,0,1,0,0,0,1,0,0,0,0,1,1,1,1,1,1,0.484601
1,0,1,0,1,1,1,1,0,1,0,0,0,0,0,1,1,1,1,0,1,0,0,0,0,1,1,0,0,1,1,0,0.590153
1,0,1,1,0,0,1,0,0,0,0,0,1,1,0,1,0,0,0,1,0,1,1,0,0,1,1,1,0,0,0,0,0.579390
1,1,1,0,1,0,0,1,1,0,0,1,1,1,0,0,1,1,1,1,0,0,1,0,1,0,0,1,0,1,1,0,0.620364
0,1,1,0,1,1,0,0,0,1,0,0,1,1,0,0,1,0,1,1,0,1,1,1,0,1,1,1,0,0,0,1,0.625799
1,0,0,1,1,1,0,1,1,0,0,0,1,0,1,1,1,0,0,0,1,0,1,1,1,1,0,1,1,0,0,1,0.643675
0,1,1,0,1,0,1,0,0,0,1,1,0,0,0,0,1,1,0,0,1,1,0,0,1,0,1,0,1,0,0,1,0.586743
0,0,0,0,1,1,1,0,1,0,0,0,0,0,1,0,1,0,1,0,0,0,1,1,1,1,0,0,0,1,1,1,0.602035
1,0,0,0,0,1,0,1,1,0,0,0,0,0,0,0,1,0,0,0,1,0,0,0,0,0,1,0,0,0,0,1,0.577339
1,0,0,0,0,0,1,1,1,1,0,0,0,0,0,0,1,0,0,0,1,1,1,0,1,1,0,1,1,1,1,1,0.579950
0,1,0,1,0,0,0,1,0,0,0,1,0,0,0,0,0,0,1,0,0,0,1,0,1,1,1,0,1,1,0,1,0.549020
0,1,0,1,1,1,1,1,1,1,1,1,1,1,1,0,0,0,0,0,1,0,0,1,1,1,1,0,1,0,1,0,0.617274
0,1,1,0,1,0,1,0,0,0,0,1,0,1,0,1,0,0,1,0,1,1,1,0,1,1,0,0,0,0,0,1,0.595988
1,0,0,0,1,0,1,0,1,0,0,0,1,0,1,0,1,1,0,1,1,0,1,1,0,0,0,1,0,1,1,0,0.578405
0,0,1,1,0,0,0,1,1,1,0,0,1,0,1,1,1,1,1,1,0,0,1,1,1,0,0,0,0,1,0,0,0.625320
0,0,1,1,1,0,1,1,1,1,0,1,1,0,0,1,1,0,1,0,0,1,1,1,1,0,1,1,0,0,0,0,0.643169
0,1,0,0,0,0,0,1,1,1,0,0,1,1,0,1,1,0,1,1,1,0,0,0,0,1,1,0,0,0,1,0,0.613251
1,1,1,0,0,0,0,0,0,1,0,0,0,0,0,1,1,0,1,0,1,0,1,0,1,0,0,0,1,0,0,1,0.591086
1,0,0,1,0,1,1,1,0,0,0,0,0,0,1,0,0,1,1,1,1,0,0,0,1,0,1,1,0,0,0,0,0.660699
0,0,1,0,0,1,0,0,1,1,1,0,0,1,0,1,1,1,0,1,0,1,1,0,0,1,0,1,1,1,0,0,0.635577
1,1,0,0,0,0,0,1,1,0,1,1,1,1,0,0,1,0,1,0,0,1,0,0,1,1,1,1,0,0,1,1,0.615276
0,1,0,1,1,0,1,1,1,0,0,1,1,1,1,0,0,0,0,0,0,1,1,0,1,1,0,0,0,1,0,0,0.586211
0,1,0,0,1,0,0,0,0,0,0,0,0,1,0,1,1,1,1,1,1,1,0,1,1,0,1,0,0,0,1,1,0.609681
0,1,0,0,0,1,0,0,0,1,1,0,0,0,0,1,0,1,1,0,1,1,1,1,1,0,1,1,0,1,1,0,0.574488
1,0,1,1,0,1,1,1,1,0,0,0,0,0,0,1,0,1,0,0,1,0,1,1,1,1,0,1,1,0,0,0,0.578272
1,1,1,0,0,0,0,0,0,0,0,0,0,0,1,0,0,0,1,1,1,1,0,1,0,1,0,1,0,0,0,0,0.558797
0,1,1,0,1,0,0,0,1,0,0,0,1,1,1,0,0,1,1,1,1,0,1,1,0,1,0,1,0,1,1,0,0.624201
0,1,0,0,0,1,0,1,1,0,1,0,0,0,1,0,0,0,1,1,0,1,1,1,0,1,0,1,0,1,0,1,0.669411
1,0,1,1,0,0,1,1,1,0,1,1,0,1,0,1,1,1,0,1,0,0,0,1,1,0,1,1,1,1,1,0,0.663310
1,1,1,1,1,1,1,0,1,1,1,1,0,1,0,0,0,1,0,1,0,0,0,0,0,0,0,1,0,0,0,0,0.630435
