1,0,1,0,1,1,0,1,0,0,1,0,1,1,0,1,0,1,0,1,1,0,1,1,1,1,0,0,0,1,1,1,0.561907
1,1,1,1,1,1,1,0,1,1,0,1,0,0,0,0,0,1,0,0,0,1,0,0,1,0,1,1,0,0,0,1,0.607238
1,0,1,1,0,1,1,1,1,1,1,1,0,1,1,1,1,1,1,1,1,0,1,1,0,1,1,1,0,0,0,1,0.517379
0,1,0,0,1,0,1,0,1,1,0,1,1,0,1,0,1,1,0,1,1,1,1,0,0,0,0,1,1,0,0,1,0.595133
1,1,0,0,0,1,1,1,0,1,0,1,0,1,0,1,0,1,0,0,1,0,1,0,1,0,1,0,1,1,1,1,0.577854
0,1,1,0,0,1,0,1,0,1,1,0,0,0,1,1,0,0,1,1,0,1,1,1,1,0,1,1,1,1,1,1,0.534130
1,1,0,0,1,0,0,1,1,1,1,0,1,0,0,0,1,0,0,0,1,1,0,0,0,0,0,1,1,0,0,0,0.615852
0,1,1,0,0,1,1,1,0,1,1,1,0,0,0,0,0,0,1,1,1,0,1,1,0,1,0,1,1,1,1,0,0.578382
1,1,0,0,1,1,1,1,0,0,0,0,1,1,0,1,0,1,1,0,0,1,1,1,1,0,1,0,0,0,0,1,0.541238
0,1,0,0,1,1,0,0,0,0,1,1,0,1,1,0,0,1,0,0,0,1,1,1,1,1,0,0,0,0,1,1,0.594229
1,1,1,0,1,0,0,1,0,1,0,1,1,1,0,0,0,0,0,0,0,1,0,1,0,0,0,0,1,1,1,1,0.622934
1,1,1,1,1,0,1,1,0,0,1,1,0,1,1,0,1,1,1,0,1,1,0,0,0,0,1,0,1,0,0,0,0.605530
0,1,0,0,1,1,0,1,1,1,0,1,0,1,1,1,0,1,1,0,0,0,1,1,1,0,1,1,0,0,1,1,0.537069
1,1,1,1,0,0,0,1,0,0,1,0,0,1,0,0,1,0,1,1,0,1,1,0,0,0,0,0,1,0,1,1,0.636069
0,1,0,1,0,1,0,1,0,0,1,1,1,1,0,0,0,1,1,0,1,1,0,1,0,0,1,1,1,0,1,0,0.592270
1,1,1,1,0,0,1,1,1,0,0,0,0,1,0,0,0,0,0,0,0,1,0,0,0,1,1,1,0,1,1,1,0.599101
1,1,1,1,0,0,1,1,1,0,0,1,0,1,1,1,1,1,1,0,1,0,1,0,0,1,1,0,0,1,0,1,0.580366
1,0,0,1,1,0,1,1,0,0,1,1,0,0,1,0,1,1,1,1,0,1,0,1,0,1,1,0,1,0,0,1,0.589131
1,0,1,1,0,1,1,0,0,1,1,0,0,0,0,1,0,0,1,0,1,0,0,1,0,1,0,1,0,0,1,1,0.617685
0,1,1,0,1,0,0,1,0,0,0,1,1,0,1,1,1,1,0,1,0,0,0,0,1,1,0,0,0,0,0,1,0.609850
1,1,0,0,1,1,1,0,1,0,1,1,0,1,1,1,0,0,0,0,1,0,0,0,0,1,0,0,0,0,0,0,0.606459
1,0,1,0,0,0,0,1,0,0,0,1,0,1,0,0,0,0,0,1,1,1,1,0,0,0,0,0,0,0,1,0,0.638631
1,1,0,0,0,0,1,1,1,0,0,0,1,0,1,0,1,1,0,1,0,1,0,0,0,0,0,1,0,1,1,0,0.601462
0,1,0,1,0,0,1,1,1,0,1,1,1,1,0,1,1,1,0,1,0,1,1,0,0,0,0,0,0,1,0,1,0.584359
1,1,0,1,1,0,0,0,0,0,1,0,1,1,0,1,0,1,0,0,0,0,1,0,0,0,0,1,0,1,0,1,0.632402
0,0,1,0,1,0,1,0,0,1,1,1,0,0,0,0,0,0,0,1,0,1,1,0,0,1,1,1,1,1,1,1,0.613517
1,0,1,1,1,1,0,0,1,1,0,0,1,0,0,0,1,1,1,0,0,1,1,0,1,1,0,0,1,0,1,0,0.627681
0,1,0,0,0,0,0,1,0,1,0,1,0,1,1,1,0,1,1,0,1,0,1,0,1,0,0,1,0,1,0,0,0.630720
1,1,1,1,1,1,1,0,1,1,1,1,1,0,0,0,1,0,1,1,1,0,1,0,1,0,0,0,0,1,0,0,0.612838
0,1,0,1,0,0,0,0,0,0,1,0,0,1,1,0,1,0,0,1,1,1,1,1,0,0,0,1,1,0,1,1,0.620021
1,0,1,1,1,1,0,1,1,1,1,1,1,0,1,0,0,0,0,1,1,1,0,0,0,1,1,0,0,0,1,1,0.586644
0,0,0,0,0,1,1,1,0,1,1,0,0,1,0,1,1,0,1,1,1,1,1,1,0,0,0,0,1,1,0,0,0.577327
0,1,0,1,0,1,0,0,1,1,0,0,1,0,0,1,1,0,0,0,1,0,1,0,1,0,1,1,0,0,0,1,0.630996
1,0,1,0,0,1,0,0,0,0,0,0,0,1,0,0,0,0,0,1,0,1,0,0,0,0,0,0,0,0,0,0,0.613064
0,1,1,0,1,0,1,0,0,1,1,0,1,1,1,1,1,0,1,1,0,0,0,1,1,1,0,1,1,0,1,0,0.583530
1,0,0,1,0,1,0,1,1,0,0,1,0,1,1,0,1,0,1,0,0,0,1,1,1,0,0,0,1,0,0,1,0.606510
1,1,1,0,1,1,1,0,0,0,1,0,0,0,1,0,1,1,0,1,1,1,0,0,1,1,0,0,0,0,0,1,0.594179
0,0,1,1,0,0,1,1,0,0,0,1,1,0,0,0,1,0,0,0,1,0,0,0,0,1,1,1,0,1,0,0,0.653423
1,0,0,1,0,0,1,1,1,0,1,1,1,1,1,0,1,1,1,1,1,1,0,1,1,0,0,1,1,0,1,0,0.570044
0,1,1,1,0,0,0,1,0,1,0,1,1,1,0,0,1,1,1,0,0,1,1,0,0,1,0,1,1,0,1,0,0.598347
1,0,1,1,0,1,0,0,0,1,0,0,0,0,0,0,1,1,1,1,0,0,1,1,1,0,0,0,1,0,0,0,0.620649
0,0,0,0,0,1,0,0,0,1,0,1,1,1,0,1,0,0,0,1,0,1,1,1,1,1,1,1,0,0,0,1,0.651992
0,1,0,1,0,1,0,0,0,0,1,0,1,1,1,1,1,1,0,1,1,1,0,0,0,0,1,1,0,0,1,0,0.615651
0,0,1,1,1,0,0,1,0,0,1,0,1,0,0,0,1,1,1,0,1,0,1,1,1,1,1,0,0,1,0,1,0.619418
0,0,0,0,0,1,0,1,0,0,1,0,0,1,1,0,0,0,0,0,0,0,1,1,1,1,1,0,1,0,0,0,0.637476
1,1,1,1,0,1,0,0,1,1,0,0,1,1,0,1,0,0,1,0,0,1,0,1,0,1,1,0,1,1,0,0,0.603923
0,1,1,0,0,0,0,1,1,1,0,1,0,0,1,1,1,1,1,1,0,1,1,0,1,0,1,0,1,0,1,1,0.605304
1,0,1,1,0,1,0,1,0,1,1,1,0,0,1,0,1,0,1,1,1,0,1,1,1,0,0,1,1,0,1,0,0.603270
0,1,0,0,1,0,1,0,0,1,1,0,1,0,1,1,1,0,1,1,1,0,0,0,0,0,0,0,1,0,1,1,0.618188
1,1,1,0,0,1,0,1,1,1,0,0,1,1,0,1,0,1,1,0,1,0,1,1,1,1,1,0,0,1,0,1,0.579662
1,1,0,1,1,0,0,1,1,0,0,1,1,1,1,1,0,0,0,1,1,0,1,0,0,0,1,0,0,1,1,0,0.594003
0,1,1,0,0,0,0,1,0,1,0,1,0,1,0,0,1,0,0,0,0,1,0,1,0,1,0,1,1,0,0,0,0.651213
0,0,1,1,0,0,1,1,0,0,0,1,1,1,0,1,1,0,1,1,0,0,1,0,1,1,1,1,1,0,1,1,0.596087
1,0,1,0,0,1,1,1,1,1,0,0,0,1,1,1,1,0,1,0,0,1,0,0,0,1,1,0,1,0,1,0,0.595911
0,1,1,0,0,0,1,1,0,0,1,1,1,0,1,1,0,0,1,1,1,1,0,1,1,0,1,1,0,1,0,1,0.570822
1,1,1,1,0,0,1,0,0,1,0,0,1,0,0,0,1,1,1,1,1,0,0,1,0,0,1,0,1,1,0,0,0.622507
1,0,0,0,0,1,1,0,0,0,0,0,1,0,0,1,1,0,1,1,0,0,1,0,0,0,0,1,0,1,0,1,0.626902
1,0,0,0,1,0,0,0,1,1,0,1,0,1,0,0,1,0,0,0,1,1,0,1,1,0,0,1,1,0,0,0,0.612864
1,0,1,1,0,1,1,1,1,0,0,0,0,1,0,1,0,1,0,1,0,0,0,1,0,1,1,1,1,1,1,1,0.542242
1,1,0,1,0,1,0,0,1,0,1,1,0,1,1,0,0,1,1,1,1,0,1,1,1,0,1,1,0,1,1,0,0.589105
0,1,0,0,0,1,0,0,0,1,0,1,1,0,0,0,0,0,1,1,1,1,1,1,0,0,1,1,0,1,0,1,0.624466
1,0,0,1,1,1,0,1,1,1,1,0,1,1,0,1,0,1,1,0,1,1,1,1,1,1,0,1,1,1,1,0,0.545055
1,1,1,0,1,0,1,1,0,1,0,0,0,0,0,1,0,0,0,1,0,1,1,1,0,0,0,1,1,1,1,0,0.601035
0,1,1,0,0,0,1,1,1,1,0,0,1,1,0,0,0,0,1,0,1,0,0,1,0,0,0,0,0,0,1,1,0.627279
0,1,1,1,0,0,1,0,1,0,0,0,1,1,1,0,0,0,1,1,0,1,0,1,0,0,0,1,0,1,0,1,0.635642
0,1,1,0,1,0,1,1,0,1,0,0,0,1,1,1,1,0,1,0,0,1,1,1,0,1,1,1,1,0,1,0,0.567055
0,0,0,0,0,1,1,0,1,0,0,1,0,0,0,1,1,1,1,0,1,1,0,1,1,0,1,0,1,1,0,1,0.591542
1,1,0,0,0,1,0,0,1,1,1,0,0,1,1,1,0,1,0,0,1,0,0,1,1,1,1,1,0,0,0,1,0.637928
0,1,0,1,1,1,1,0,1,1,1,1,1,0,1,1,0,1,0,0,1,1,0,1,0,1,1,1,1,0,0,1,0.601587
0,0,1,1,1,1,0,1,1,0,0,0,0,0,0,0,0,1,0,0,0,0,1,1,1,0,0,0,1,0,0,1,0.626049
1,1,1,1,1,1,1,0,0,1,0,0,1,0,1,0,1,1,0,0,1,0,1,0,0,1,1,1,1,1,0,0,0.589331
0,0,1,1,1,0,0,0,0,1,0,0,0,1,1,1,0,0,1,1,1,0,0,1,0,1,0,0,0,1,0,1,0.639183
0,1,0,1,0,0,1,1,1,1,1,0,1,1,0,1,0,0,1,0,1,1,0,0,0,0,0,1,0,0,1,0,0.605832
1,1,0,0,1,1,1,0,1,1,1,0,1,1,0,0,0,1,0,0,1,1,1,0,0,1,0,0,0,1,1,0,0.536918
0,0,1,0,1,1,1,1,0,1,0,1,0,0,0,1,1,0,0,0,1,1,0,1,0,0,0,1,1,0,0,1,0.619745
1,1,1,0,1,0,1,1,1,1,0,0,0,0,0,0,0,1,0,0,0,1,0,1,1,0,1,0,0,0,0,1,0.608795
1,0,0,0,1,1,0,0,1,1,0,0,0,1,1,0,1,0,0,0,1,1,0,1,1,0,1,0,1,1,1,1,0.587473
1,0,0,0,0,1,1,1,0,1,0,0,0,0,0,0,0,1,0,0,0,1,1,1,1,0,1,0,1,1,1,0,0.621151
0,0,1,0,1,0,0,0,0,1,0,1,0,0,1,0,0,1,0,1,1,0,1,0,0,1,0,0,1,0,0,1,0.642699
0,0,1,0,1,1,1,0,0,0,0,1,1,0,1,1,1,1,0,0,0,0,0,1,0,0,0,0,1,0,1,1,0.608318
1,1,0,0,1,0,0,0,1,1,1,0,1,1,0,1,0,1,1,0,0,1,0,1,1,0,0,0,1,1,0,1,0.585213
0,1,0,1,1,0,0,1,1,0,1,0,1,1,0,1,1,0,1,0,0,1,1,1,0,1,1,1,0,1,0,1,0.555352
0,1,1,0,0,0,0,0,0,1,0,0,0,0,1,1,0,1,1,0,1,1,1,1,1,0,0,0,0,0,0,0,0.641519
1,1,1,1,0,0,1,0,1,1,1,1,1,1,1,0,0,0,0,1,0,1,0,1,0,0,0,0,1,1,1,0,0.584258
0,1,1,0,1,0,1,0,1,1,1,1,1,0,0,0,0,0,0,0,0,1,0,0,0,1,0,1,0,1,1,1,0.614169
0,1,1,0,0,0,0,0,1,0,0,0,1,1,1,1,0,0,1,0,0,0,0,1,1,1,0,1,0,0,1,0,0.639836
0,1,0,0,0,1,0,1,0,1,1,1,1,1,1,1,0,0,0,0,1,1,1,0,1,0,1,1,0,0,1,1,0.567382
0,1,1,1,1,1,0,1,0,0,1,0,1,1,1,1,1,1,0,1,0,0,0,1,1,0,0,1,1,1,0,1,0.558516
1,0,0,1,0,1,0,1,0,1,0,0,1,1,0,1,1,1,1,0,1,0,0,1,1,0,1,1,0,0,1,1,0.583279
1,1,1,1,0,0,0,0,0,1,1,0,1,1,0,0,0,0,1,1,0,1,0,1,1,1,1,0,0,1,0,0,0.621779
0,0,1,0,1,0,0,0,1,0,0,1,1,1,1,0,0,1,0,1,1,1,0,1,1,1,1,1,1,1,0,0,0.622759
0,1,0,0,1,1,1,0,1,1,1,1,0,1,0,1,1,0,0,0,1,0,0,0,1,1,1,0,0,0,0,1,0.615701
1,0,1,0,0,0,1,1,0,0,1,1,0,0,1,1,1,1,0,0,1,1,1,0,1,1,1,1,0,0,0,1,0.589357
1,0,0,1,0,1,1,0,0,1,1,1,0,0,0,0,0,1,0,0,1,0,0,0,1,1,1,0,0,1,0,1,0.623813
0,1,1,1,1,0,0,1,1,0,1,0,1,0,1,0,1,1,0,0,0,1,0,1,0,1,0,0,1,1,0,1,0.586443
0,0,1,0,1,0,0,1,1,1,1,0,1,0,1,0,1,0,0,0,0,0,1,0,1,1,1,0,0,0,0,1,0.607012
0,0,1,0,0,1,1,0,1,0,0,1,0,1,1,1,1,0,0,0,1,1,0,1,0,1,1,1,1,1,1,0,0.591717
1,0,0,1,1,0,0,0,1,0,0,1,1,0,0,1,1,0,1,1,1,0,1,0,0,0,1,1,1,0,0,1,0.623713
0,1,0,1,0,1,0,1,0,0,1,1,1,1,0,0,0,1,1,1,0,1,0,0,1,0,1,1,1,1,0,1,0.602893
0,1,0,0,0,1,0,1,1,0,1,0,0,0,0,0,1,0,0,1,0,0,1,0,1,0,0,0,0,1,1,0,0.634311
1,1,1,1,1,0,0,0,0,1,0,0,0,0,1,1,0,0,0,1,1,1,0,0,1,0,0,1,0,1,0,0,0.616003
1,0,0,0,0,1,1,1,1,1,0,1,0,0,1,0,0,0,1,0,1,0,1,1,0,0,0,0,0,0,1,1,0.633030
1,0,1,0,0,0,1,1,0,0,1,0,0,1,0,1,1,0,1,1,0,0,1,0,1,1,0,0,1,1,1,0,0.635918
1,0,1,1,1,1,0,1,1,0,0,1,1,0,0,1,0,0,1,0,0,0,1,0,1,0,1,0,1,0,0,1,0.608996
1,0,0,0,1,1,0,1,1,0,0,0,0,1,0,1,0,0,1,0,0,1,0,1,1,1,1,0,1,0,1,0,0.607188
1,1,1,1,0,0,0,1,0,1,1,1,1,0,1,1,1,1,0,0,1,1,0,1,1,0,0,0,0,0,0,1,0.573208
1,1,0,0,1,0,1,1,1,0,1,1,1,0,1,0,1,0,0,0,0,0,1,0,1,1,0,0,0,1,0,0,0.608067
1,0,1,0,1,1,1,1,1,1,1,1,0,1,1,1,0,1,1,1,0,1,1,1,0,0,0,1,1,0,1,1,0.492466
0,1,0,0,0,1,1,1,0,0,1,0,0,1,1,1,1,0,1,1,1,0,0,1,0,1,0,0,0,1,1,1,0.589357
1,1,0,1,1,1,0,0,0,0,0,0,1,1,0,0,0,0,0,1,0,1,1,0,0,1,1,0,0,1,1,0,0.603546
1,1,1,1,1,0,0,0,1,1,1,1,1,0,1,0,0,0,1,0,0,0,0,1,1,1,0,0,0,1,0,0,0.608544
1,0,0,1,0,0,1,0,0,1,0,1,1,0,0,1,0,1,0,0,1,0,0,0,0,0,0,0,0,1,1,1,0.630870
0,0,0,0,1,0,1,0,0,0,0,1,1,0,1,0,1,0,0,0,0,1,1,1,0,0,0,1,1,0,0,1,0.644055
0,1,1,1,0,0,0,0,0,0,1,1,1,0,1,0,1,0,1,1,1,1,0,1,1,0,1,1,0,0,1,1,0.605003
1,1,0,1,1,1,1,1,1,0,0,1,1,0,0,1,0,0,1,0,1,1,1,0,1,1,1,0,1,1,0,0,0.580014
0,0,0,0,0,1,1,0,1,1,1,0,1,1,0,1,1,1,0,1,1,1,0,0,0,1,1,0,1,1,0,0,0.600633
0,1,1,0,0,1,1,0,0,0,1,1,0,1,1,1,0,0,1,1,1,0,0,1,0,1,0,0,1,1,0,0,0.606761
0,0,1,1,1,1,0,0,1,0,1,0,0,1,0,0,1,0,0,0,0,0,1,0,0,1,1,0,1,0,1,1,0.615501
1,0,0,1,1,1,0,1,0,1,1,1,1,0,0,0,1,1,0,1,0,0,0,1,1,1,1,0,1,0,0,1,0.599478
1,1,0,0,1,0,0,1,0,0,0,1,0,0,0,0,1,1,0,0,1,1,0,1,0,0,1,1,1,0,0,0,0.610001
0,1,1,1,1,1,1,0,1,1,0,1,0,0,1,0,0,0,0,1,0,1,0,0,1,0,1,1,1,1,1,1,0.582425
1,0,1,1,0,0,1,0,1,0,1,1,1,0,1,0,0,0,0,0,0,1,1,0,1,0,0,1,1,1,1,0,0.592647
0,1,0,1,0,0,1,1,0,1,1,0,1,0,1,0,1,0,0,0,1,1,1,1,1,1,0,1,0,1,0,1,0.588252
1,0,0,1,1,0,1,0,0,0,0,1,0,0,0,0,1,1,0,1,1,0,0,1,1,0,0,0,1,0,1,0,0.617359
0,0,0,1,0,1,0,0,1,0,0,0,0,1,1,1,1,0,1,0,1,0,1,1,0,0,1,0,1,1,1,1,0.568361
0,1,1,1,1,0,0,0,1,1,1,0,0,0,0,1,1,0,0,0,0,1,1,0,0,0,1,1,1,0,0,1,0.607740
1,1,0,0,0,1,0,0,0,0,0,0,1,0,1,1,1,0,0,0,0,1,0,1,1,0,1,0,1,1,1,0,0.603119
0,1,0,0,1,0,1,1,0,0,1,1,0,0,1,0,0,1,0,0,1,1,1,0,1,0,1,0,1,0,1,1,0.595811
1,0,0,0,1,1,1,0,0,1,1,1,0,0,0,1,1,0,0,1,0,1,0,1,1,0,0,0,1,1,1,1,0.561379
1,0,0,0,0,1,0,0,1,0,0,1,1,0,0,0,1,0,1,0,0,0,1,1,0,1,0,1,0,1,1,0,0.623060
1,1,0,1,1,1,1,0,1,0,1,1,1,0,0,0,0,1,0,1,0,1,0,0,1,1,1,0,1,0,0,1,0.591366
0,0,1,1,0,0,0,1,1,0,0,0,1,0,1,1,1,1,1,1,0,1,0,0,0,0,1,1,1,1,1,1,0.601336
1,0,1,1,1,0,0,0,1,0,0,1,0,1,1,1,1,1,1,1,0,1,1,1,1,1,0,1,1,0,1,0,0.568989
0,1,0,1,0,0,1,0,0,1,0,0,1,0,1,0,1,0,1,0,1,1,1,1,1,1,0,1,0,0,1,1,0.599955
0,0,0,1,0,0,0,1,0,1,0,1,1,0,1,1,0,0,1,1,1,0,1,1,0,0,1,1,0,1,1,0,0.644909
0,0,1,1,0,1,0,0,0,1,0,0,1,1,0,1,1,0,0,1,0,1,1,1,1,0,0,1,1,0,1,0,0.595108
0,0,1,0,1,0,0,1,1,0,1,0,1,1,1,1,1,0,1,0,0,0,0,1,0,1,0,0,1,1,0,1,0.583806
0,0,0,1,0,0,0,0,0,0,1,0,0,1,0,0,1,1,0,1,1,0,0,1,1,0,1,0,0,1,1,0,0.635441
1,0,0,1,0,0,0,1,0,0,0,1,1,1,0,1,1,0,1,0,1,0,1,1,1,0,0,0,1,0,0,0,0.598800
0,1,1,0,1,0,1,1,1,1,1,0,0,0,1,1,1,1,0,0,0,0,0,0,1,1,1,0,0,0,0,0,0.607715
1,1,0,1,0,0,0,0,1,1,0,0,1,0,1,0,1,1,0,0,1,1,0,0,0,1,1,0,1,0,1,1,0.602667
0,0,0,0,1,0,1,1,0,0,1,0,1,1,0,1,0,1,1,0,0,0,0,1,1,0,1,0,0,1,1,1,0.614848
0,1,1,0,1,0,1,1,1,0,1,1,1,1,1,0,0,1,1,0,0,0,1,1,0,0,0,0,0,1,0,0,0.570998
0,1,0,1,1,1,1,1,0,1,1,0,1,1,0,1,0,1,0,0,0,0,0,0,0,1,0,1,0,0,0,1,0.633583
1,1,1,0,1,1,0,0,1,1,1,1,1,1,0,1,1,1,0,1,1,1,0,0,0,1,1,0,0,1,1,0,0.605781
0,0,1,0,1,0,0,1,0,0,1,1,0,0,1,0,0,0,1,1,1,0,1,0,1,0,0,1,0,1,0,0,0.648199
0,1,1,0,0,0,0,1,0,0,1,1,1,1,1,1,1,0,0,0,0,1,1,1,0,1,1,1,0,1,1,1,0.546235
1,1,0,0,0,0,0,0,1,1,1,0,0,1,1,1,1,1,0,0,0,1,1,1,1,0,1,0,1,0,0,1,0.604074
0,1,1,1,0,0,0,0,0,0,1,0,0,1,1,0,0,1,1,0,1,0,1,0,1,0,1,0,0,1,1,1,0.620624
1,1,0,1,0,1,0,0,1,0,0,0,1,1,1,0,0,1,1,1,1,0,0,0,0,1,1,1,0,1,1,0,0.584208
0,0,1,1,1,0,0,0,1,0,0,1,0,1,1,1,0,0,1,1,1,0,0,0,0,1,0,0,1,0,1,1,0.618514
0,0,0,1,1,0,0,0,1,0,1,1,0,0,0,1,1,1,0,0,0,0,0,1,1,0,1,0,1,1,1,1,0.605379
1,1,0,1,1,0,1,1,0,0,0,1,1,1,1,1,1,0,0,1,0,0,1,0,0,1,1,1,0,1,0,1,0.552037
1,1,0,1,1,1,0,0,1,0,0,1,0,0,1,0,1,0,0,0,0,0,0,0,0,1,0,0,1,1,0,0,0.618464
1,0,0,0,0,1,0,1,1,0,1,0,0,1,1,1,1,0,1,0,1,0,0,1,1,1,1,0,1,0,1,0,0.590035
1,1,0,0,0,0,1,1,0,0,1,0,1,1,1,0,0,0,0,0,0,0,1,1,0,1,1,1,1,1,1,1,0.571249
0,0,0,1,0,0,0,1,1,0,0,0,1,0,0,1,1,0,1,1,1,0,1,1,0,1,1,0,0,1,1,1,0.602416
0,0,1,0,1,1,0,1,1,0,0,0,1,1,1,0,1,1,1,0,0,0,1,0,1,1,0,0,1,1,0,1,0.580692
0,1,0,1,0,0,0,0,1,0,0,0,1,1,0,1,0,1,0,1,0,0,0,1,0,1,1,0,0,1,1,1,0.650434
0,0,1,0,0,0,1,0,0,1,1,1,0,0,0,0,1,0,0,0,0,1,0,1,0,0,0,0,1,0,1,1,0.635240
1,0,0,0,0,1,1,0,1,1,1,0,0,0,0,0,0,0,1,0,1,1,0,1,0,1,0,0,1,1,0,1,0.613918
0,1,0,1,0,0,1,1,0,0,0,1,1,1,0,1,0,0,0,0,0,0,1,0,0,1,0,0,1,0,0,0,0.647245
1,1,1,1,1,0,1,0,1,1,1,1,0,1,0,0,0,1,0,1,0,1,1,1,1,0,1,0,1,0,1,1,0.571375
1,1,1,0,0,1,1,0,0,1,1,0,1,1,0,0,0,0,1,0,0,1,1,1,0,1,1,0,1,1,0,0,0.606711
0,1,0,0,1,1,0,0,0,1,0,0,1,1,0,1,1,0,0,1,0,0,1,0,1,0,1,0,1,1,1,0,0.608770
1,0,1,0,1,1,0,1,1,1,1,1,1,0,0,1,1,1,1,0,1,1,0,1,0,1,0,1,1,1,0,1,0.517153
0,1,0,0,1,1,0,0,0,1,1,0,0,1,0,1,1,0,0,1,1,0,1,1,1,1,1,0,0,0,0,0,0.604274
0,1,1,1,0,0,0,1,1,1,1,1,1,1,1,0,1,1,0,0,0,0,0,0,1,1,0,1,0,0,0,1,0.638957
0,0,0,1,0,1,1,0,1,1,0,1,1,0,0,0,0,0,0,1,0,1,1,1,0,0,0,0,1,0,1,0,0.644909
0,1,0,1,0,0,1,0,1,1,0,0,1,0,0,1,1,0,1,0,1,0,1,0,1,1,0,0,0,0,0,1,0.614119
0,0,1,1,1,1,1,0,1,0,0,1,1,1,0,0,1,1,0,1,1,0,1,0,1,0,1,1,1,1,1,0,0.586895
0,0,0,0,1,1,0,1,0,0,0,1,0,0,0,1,0,0,0,1,0,1,0,1,1,0,1,1,0,0,0,1,0.583103
1,0,0,0,0,1,0,0,1,1,0,0,0,0,1,0,1,0,0,0,1,1,0,1,0,0,1,1,0,1,1,1,0.619443
0,1,0,1,0,1,1,0,0,1,0,1,0,1,0,1,0,1,1,1,1,0,1,1,0,1,0,1,0,1,1,0,0.611306
0,0,0,0,1,0,1,1,1,0,1,1,0,1,1,0,1,0,0,0,1,0,1,1,0,0,1,1,0,1,1,0,0.578809
1,0,0,1,1,0,1,1,0,0,1,1,0,1,1,0,1,0,0,1,1,1,1,0,1,0,0,1,1,0,1,0,0.591165
1,0,1,1,1,0,0,1,0,1,0,1,0,1,1,0,1,1,1,1,1,0,1,1,0,0,1,1,0,1,0,0,0.590838
0,0,1,0,1,1,0,0,0,1,1,0,0,1,0,1,1,1,0,1,0,0,1,1,1,1,1,1,0,1,0,1,0.567683
1,1,0,1,1,0,0,1,0,1,1,0,0,0,1,1,0,1,0,1,0,0,1,1,1,0,1,0,1,1,1,0,0.602014
0,0,1,0,1,1,0,1,1,1,1,0,1,0,1,0,0,0,1,0,0,0,0,1,1,0,0,0,1,0,1,0,0.607087
0,1,1,0,0,0,1,1,0,0,0,1,1,0,1,0,0,1,0,1,1,1,0,0,0,1,1,0,1,1,1,0,0.599000
0,1,1,1,0,0,1,1,1,0,0,1,0,0,1,1,1,1,1,1,0,1,1,1,1,0,1,0,1,0,0,0,0.603596
0,1,1,1,1,0,0,1,0,0,1,0,0,1,0,0,1,1,0,0,0,0,1,0,0,1,0,1,1,1,0,0,0.614245
1,1,0,0,0,1,1,0,0,1,1,0,1,0,1,1,0,0,1,1,0,0,1,1,0,1,0,0,0,1,0,1,0.604023
1,1,0,0,1,1,1,1,1,1,1,0,0,0,0,1,0,1,0,1,1,0,1,1,1,1,1,0,0,1,1,0,0.583530
1,0,1,0,1,0,0,0,0,0,0,0,1,1,1,1,0,1,1,0,1,0,0,1,0,1,0,1,1,1,1,1,0.576021
0,0,0,1,0,0,0,0,1,0,0,1,0,0,1,0,0,0,0,1,1,0,1,0,0,1,0,1,1,1,0,1,0.656562
1,1,0,0,1,0,1,1,1,1,0,0,0,0,0,1,1,0,1,1,0,0,1,0,0,0,1,0,0,1,0,1,0.597418
0,1,1,1,0,1,0,1,1,0,1,1,1,0,0,1,0,0,0,0,1,1,1,1,1,1,0,0,1,0,0,0,0.598548
1,0,0,0,0,1,1,1,0,1,1,0,1,0,1,0,1,0,0,1,0,0,0,1,0,1,0,0,1,0,1,0,0.604727
0,0,1,0,0,0,0,0,1,0,1,1,0,1,0,0,1,1,0,0,0,0,1,0,0,1,1,1,1,1,1,0,0.622156
1,1,1,1,1,1,1,0,1,1,0,0,0,1,0,1,1,1,0,0,1,1,0,1,0,1,0,0,1,0,0,0,0.607665
0,1,1,0,1,1,1,1,1,1,1,0,0,1,1,0,1,1,1,0,0,0,0,1,1,0,1,0,0,0,0,0,0.608142
1,0,1,0,1,0,0,1,0,1,0,0,1,1,1,0,1,1,1,1,1,0,1,1,1,0,0,1,0,1,1,1,0.546311
0,1,0,0,1,1,1,1,0,1,1,1,0,0,0,0,0,0,0,0,1,1,0,1,0,0,1,0,1,0,1,0,0.604777
1,1,0,0,0,0,1,0,0,0,1,0,0,0,0,1,0,0,1,1,0,0,0,1,1,0,0,1,1,0,1,1,0.613165
1,0,0,1,1,0,1,1,0,1,1,0,1,0,0,0,0,0,0,0,1,1,0,0,1,1,0,1,0,0,1,0,0.601889
1,0,0,1,1,0,0,0,0,1,0,0,0,0,1,0,0,1,0,1,0,1,0,1,1,0,0,0,1,0,0,1,0.619795
1,1,1,1,1,0,1,1,0,0,1,1,0,1,1,1,1,1,1,0,0,1,0,1,0,1,1,1,1,1,1,0,0.550530
1,0,0,1,0,0,1,0,1,1,1,1,1,0,0,0,0,0,1,1,0,0,0,1,0,1,1,1,1,1,0,1,0.598046
0,0,1,1,0,1,1,0,0,0,1,0,0,0,0,0,0,1,0,1,1,1,1,0,0,1,1,0,0,1,0,1,0.646039
0,1,1,0,0,1,0,0,0,1,1,1,0,1,0,1,1,0,0,1,1,0,1,0,1,0,1,1,0,0,1,1,0.594455
0,1,0,0,1,0,1,1,1,0,0,1,0,1,1,0,0,1,1,0,1,0,0,0,0,0,0,1,1,1,1,1,0.612135
0,1,1,0,1,1,0,1,1,0,1,0,1,0,1,0,1,1,1,1,0,1,0,0,1,1,1,1,1,1,0,0,0.588804
1,1,0,0,0,1,0,0,1,0,1,0,1,1,1,0,0,0,0,1,1,0,0,1,1,1,0,1,1,0,0,1,0.607012
0,0,1,0,0,1,1,0,1,0,1,0,1,0,1,0,1,0,0,0,0,1,1,1,0,1,0,0,1,0,1,0,0.616505
0,0,0,0,1,0,1,1,0,0,1,0,1,1,0,0,0,0,0,1,0,0,0,1,1,1,1,0,0,0,0,0,0.587423
0,1,1,0,1,1,0,1,0,1,0,1,0,0,1,0,0,1,0,1,1,1,1,0,1,0,0,0,0,0,1,0,0.593425
0,1,0,1,1,1,1,0,1,1,0,0,0,0,1,1,0,1,0,0,0,0,1,1,0,1,0,0,1,0,1,1,0.619669
1,0,0,0,1,0,1,0,0,0,0,1,1,1,0,1,1,0,0,0,0,0,0,0,0,1,1,1,1,1,0,0,0.622080
1,1,1,1,0,0,1,1,0,0,1,0,1,0,0,0,0,1,0,0,1,0,0,1,0,0,1,1,0,0,0,1,0.604149
0,0,1,0,1,0,0,0,1,1,0,0,0,1,0,1,0,0,0,0,1,1,1,0,0,1,0,1,1,1,1,1,0.621955
1,0,1,0,0,0,1,0,0,1,1,0,1,0,1,1,0,1,1,1,0,1,0,0,0,1,1,1,0,1,1,1,0.583078
0,0,0,0,1,0,1,0,0,0,1,0,1,0,1,1,0,1,0,1,1,0,0,1,0,0,0,1,1,0,0,1,0.605028
0,1,1,1,1,1,0,1,1,0,1,1,0,1,1,1,1,0,0,0,1,1,0,1,1,0,1,1,0,1,1,0,0.578608
0,0,0,1,1,0,1,0,1,1,1,1,0,1,1,0,1,1,0,0,1,0,1,1,1,0,1,0,1,1,1,0,0.564870
0,0,0,0,0,1,1,0,1,0,0,1,0,0,0,0,1,0,1,1,1,1,1,0,0,0,1,0,1,0,1,0,0.619192
1,0,0,1,0,0,1,1,1,0,1,1,0,0,0,0,0,0,1,1,1,0,1,0,0,1,1,1,1,0,0,0,0.673565
1,1,0,1,0,1,0,0,1,0,1,1,1,0,0,0,1,1,1,0,1,0,0,0,1,1,0,1,1,1,1,1,0.559797
1,0,0,1,0,1,1,0,0,0,0,0,0,0,1,1,1,1,0,0,0,0,0,0,0,0,1,1,0,0,1,1,0.627982
1,1,0,1,0,0,1,1,1,0,0,0,0,1,1,1,0,0,1,1,0,1,0,0,1,0,1,0,0,1,1,0,0.634587
0,1,1,1,1,1,1,1,1,0,0,1,1,0,0,1,1,0,1,1,1,1,0,0,1,0,1,0,1,0,1,0,0.594128
1,0,1,1,1,0,1,1,1,0,1,0,0,0,1,1,1,1,0,0,1,1,1,0,0,0,0,0,1,1,0,0,0.575795
0,1,0,1,0,1,1,0,1,1,0,1,0,0,0,1,1,0,0,1,1,1,1,1,1,0,1,1,0,0,1,0,0.591918
0,0,0,1,0,0,1,1,0,0,0,0,0,0,0,1,1,0,0,0,1,0,1,1,1,1,0,1,0,1,0,1,0.651941
1,0,0,1,1,1,1,1,0,0,1,1,0,0,1,0,0,1,1,0,0,0,0,1,0,0,0,0,0,0,0,0,0.607790
1,0,1,0,0,1,1,1,0,0,0,0,1,0,0,1,1,1,1,1,1,0,1,1,1,0,1,0,0,1,0,0,0.609373
0,0,1,1,1,1,0,0,1,1,1,0,0,1,1,1,0,1,0,0,1,0,0,0,1,1,1,1,0,0,1,0,0.590361
1,0,0,1,0,1,0,0,1,1,0,0,1,1,1,1,0,1,0,1,0,0,1,0,1,1,1,0,0,1,1,1,0.591290
0,0,1,1,1,0,0,0,1,1,1,0,1,1,0,1,1,1,0,1,0,0,0,0,0,1,0,1,1,1,0,0,0.612562
1,0,1,0,0,1,1,0,1,0,1,1,1,0,0,0,1,1,0,1,0,0,0,1,1,0,0,0,1,0,0,1,0.604224
0,0,0,0,0,1,0,1,0,1,1,1,1,1,0,0,0,0,1,1,1,0,1,1,0,0,1,1,0,0,1,0,0.638053
1,1,1,1,0,1,0,1,0,0,0,0,1,1,0,1,1,0,0,0,0,0,0,0,0,1,1,1,1,0,1,1,0.585765
0,0,1,1,0,0,0,1,0,0,1,0,1,1,0,0,0,1,1,1,0,0,0,0,1,1,0,1,1,0,1,1,0.633005
1,0,0,0,0,1,0,0,0,1,0,1,1,1,0,0,0,1,0,0,0,0,0,1,0,0,0,1,1,1,1,1,0.663494
1,1,0,0,0,1,1,1,1,0,1,0,0,1,0,1,0,1,0,0,1,1,1,0,1,0,0,1,1,1,1,1,0.537923
0,1,0,1,0,1,0,0,0,1,0,1,1,0,0,0,1,0,1,1,0,0,0,1,1,1,0,0,0,1,0,1,0.624090
0,1,1,0,0,1,1,0,0,0,1,1,1,0,1,1,1,1,1,0,1,1,1,1,1,1,0,1,0,0,1,1,0.533427
0,0,0,1,0,0,0,1,0,1,1,0,1,1,0,1,0,0,0,1,0,1,1,1,0,0,1,1,1,0,0,0,0.643126
1,0,0,0,1,0,0,0,0,0,0,1,0,0,0,0,0,0,0,1,1,1,1,1,0,0,1,0,0,1,0,1,0.611080
1,0,0,1,0,1,0,1,0,1,0,0,0,1,1,0,1,0,0,1,0,0,1,1,1,1,1,0,0,0,0,1,0.625722
1,0,0,0,0,1,0,0,1,0,0,0,1,0,1,0,0,1,1,0,0,1,0,0,1,0,0,1,0,0,1,1,0.624692
0,0,1,1,0,0,1,0,1,0,1,0,0,1,0,1,0,1,0,1,1,0,1,1,0,0,1,1,1,1,0,0,0.619695
0,0,1,1,0,0,1,0,1,0,1,1,0,0,1,0,1,1,0,1,0,1,0,1,0,0,0,1,0,1,0,1,0.613090
0,1,0,0,1,0,1,0,0,0,1,1,1,1,1,1,1,0,0,1,1,0,0,0,0,0,1,0,0,1,0,1,0.600005
0,0,0,1,0,0,1,0,1,0,0,0,1,1,1,1,1,0,1,0,0,0,1,1,0,0,1,1,1,0,1,0,0.611507
1,0,1,0,1,1,0,0,0,1,1,0,0,1,0,0,1,0,0,1,0,1,0,0,0,0,1,1,1,1,1,0,0.615802
0,1,0,1,0,0,0,1,0,1,1,1,0,0,1,0,1,1,0,0,1,1,0,0,0,1,0,1,1,0,0,0,0.671330
0,1,1,1,1,0,0,1,1,1,0,1,0,1,0,0,0,0,1,1,0,0,1,0,1,0,1,0,1,0,1,1,0.610026
0,0,0,0,1,0,1,1,1,0,1,1,0,0,0,1,1,1,1,1,0,1,1,0,1,1,0,0,1,1,1,0,0.586569
1,1,1,0,0,0,0,1,1,1,0,1,1,1,1,1,1,0,0,1,0,1,0,0,0,1,0,0,0,0,1,1,0.609247
1,0,1,1,1,0,1,0,1,1,0,1,0,0,0,0,1,1,0,1,0,0,0,0,0,1,0,0,1,0,1,1,0.601010
0,0,1,1,0,1,0,0,1,1,1,0,1,1,0,0,0,1,0,0,0,0,0,1,0,0,1,1,0,1,1,0,0.613265
0,0,1,0,0,1,0,0,0,1,1,0,0,0,0,1,1,0,1,1,0,1,0,1,1,0,1,1,1,1,1,1,0.582149
1,1,0,0,0,0,0,0,1,1,0,0,1,0,0,0,0,0,1,0,1,1,1,1,0,1,0,0,0,1,1,1,0.618539
1,0,1,1,1,1,0,0,1,0,1,1,1,0,0,0,1,1,0,1,0,1,1,0,0,0,0,1,0,0,0,0,0.609624
1,0,0,1,1,0,0,1,1,1,1,0,0,0,0,0,0,0,1,0,1,1,0,1,1,1,1,1,0,0,1,1,0.590010
1,0,1,1,0,1,1,0,1,1,0,1,0,1,1,1,1,0,1,1,1,0,1,1,1,1,1,1,1,1,1,0,0.563891
1,1,0,0,1,0,0,1,0,0,0,0,0,1,1,1,0,0,1,0,1,0,1,1,0,1,0,0,0,1,0,1,0.603245
1,1,1,0,1,0,1,0,1,0,0,0,1,1,0,0,0,1,0,1,0,0,1,0,0,0,1,0,1,1,1,1,0.582475
0,0,0,1,1,0,1,0,1,0,0,0,1,0,1,1,1,1,0,1,0,1,0,0,1,0,1,1,0,1,1,1,0.601085
1,0,0,1,0,1,0,0,0,1,0,1,1,1,0,1,0,0,0,0,1,0,1,0,1,1,0,0,0,1,1,1,0.616204
0,1,0,0,1,0,1,0,1,0,1,1,0,1,1,1,0,1,0,1,0,1,1,1,1,0,1,1,1,1,1,1,0.502386
1,0,0,1,1,0,1,0,1,1,1,1,1,1,1,1,0,0,1,1,1,1,1,1,1,1,1,0,1,0,0,1,0.542092
0,0,1,1,1,0,0,1,1,1,1,1,0,1,0,0,0,0,1,0,0,0,0,1,0,0,0,0,0,0,0,1,0.616907
0,0,1,0,0,1,1,0,0,1,0,1,0,1,0,1,1,1,1,0,0,1,0,0,1,0,0,0,0,0,1,1,0.621352
1,0,0,0,0,1,0,0,1,1,1,0,1,0,1,1,1,1,0,1,1,0,0,0,1,0,1,1,1,0,1,0,0.594304
0,1,1,1,1,0,1,1,1,0,1,1,1,0,0,1,1,1,1,1,1,0,0,1,1,0,0,1,0,1,0,0,0.588402
1,1,0,0,0,1,1,1,0,1,0,0,0,0,0,1,0,1,1,0,1,0,1,0,0,1,1,1,1,1,1,0,0.596188
0,1,0,0,0,0,0,0,1,1,0,0,0,1,1,0,1,1,1,0,0,1,0,0,1,0,0,0,0,1,0,1,0.630619
1,1,1,1,0,1,0,0,1,0,0,1,0,0,1,1,0,1,1,1,0,0,0,1,1,1,1,1,1,1,0,0,0.578783
1,1,0,1,0,1,0,0,1,1,1,0,0,1,1,0,1,0,1,0,0,1,1,0,0,0,1,1,1,0,1,1,0.586368
1,0,0,0,0,1,0,0,1,0,0,0,0,0,0,0,0,0,0,0,0,1,0,0,0,0,1,1,0,0,0,1,0.637249
0,1,1,1,0,1,1,1,1,0,0,1,1,1,0,0,1,1,0,0,0,1,1,0,1,1,1,0,1,1,1,0,0.576573
1,1,0,0,1,0,1,0,0,0,1,1,1,1,1,1,0,0,0,1,0,1,0,1,0,0,0,0,0,0,0,0,0.615727
1,0,1,0,1,1,0,1,1,1,0,0,1,1,0,0,0,0,1,0,0,1,0,1,0,1,1,1,0,1,1,0,0.580165
1,1,1,1,0,0,1,1,1,0,1,1,1,1,0,0,1,0,0,1,1,0,0,0,1,1,1,0,1,0,0,1,0.577226
0,0,1,1,0,1,0,1,1,1,0,0,1,0,1,1,1,1,0,1,0,1,0,0,1,1,0,1,0,0,1,1,0.596539
0,1,1,0,0,1,0,1,1,1,1,1,0,1,0,0,1,1,0,0,1,0,0,1,0,1,0,1,1,1,0,0,0.628309
0,0,0,0,1,0,0,1,1,0,1,1,1,0,1,0,1,1,1,0,0,0,0,1,0,0,0,1,1,1,1,1,0.610026
0,1,1,1,0,1,1,0,0,1,1,1,0,1,1,1,0,1,0,0,1,0,1,0,0,1,0,1,1,1,0,0,0.603948
1,0,0,1,0,1,0,0,1,1,1,0,1,0,1,0,1,0,0,1,1,0,1,1,1,0,1,0,0,0,1,1,0.594631
1,1,0,0,0,1,1,1,1,1,0,1,1,1,1,1,0,0,1,1,0,1,0,0,1,0,0,1,1,1,1,1,0.553192
0,0,1,0,0,1,1,0,0,0,0,1,1,1,1,1,1,0,1,1,0,1,1,1,1,1,0,1,0,1,1,1,0.546286
0,0,1,1,1,1,1,0,0,0,0,0,0,0,1,0,1,1,0,1,1,0,0,0,1,0,1,1,0,1,1,0,0.607489
1,1,1,0,0,0,0,1,1,1,1,0,1,0,0,0,0,0,0,0,0,0,1,0,0,1,0,1,0,0,1,1,0.622533
1,0,0,1,0,1,1,0,1,0,0,1,0,0,0,1,0,0,0,1,1,1,1,1,1,1,0,0,1,0,1,0,0.600984
1,1,0,0,0,1,0,1,1,1,1,0,1,0,1,1,1,1,0,1,0,0,0,1,1,1,0,0,0,1,0,1,0.583982
0,0,0,0,0,1,0,1,0,1,1,1,0,1,0,1,1,0,0,0,0,1,1,0,0,1,1,0,0,0,1,0,0.658647
0,0,1,0,0,0,0,1,0,1,1,0,0,1,1,0,0,0,1,0,1,1,0,0,1,1,1,0,0,0,0,0,0.654955
0,0,1,0,1,1,0,1,0,1,1,1,1,0,0,1,1,1,0,1,0,0,0,0,0,1,0,1,0,0,0,0,0.624441
0,0,0,1,1,0,0,0,0,1,1,1,1,0,0,1,1,1,1,0,1,1,0,0,0,0,0,1,0,0,0,1,0.600583
1,1,0,1,1,0,0,0,0,0,0,1,1,0,1,0,1,1,0,0,1,1,1,0,0,1,0,0,0,0,0,1,0.607263
1,1,1,0,0,1,0,0,0,1,0,1,1,1,0,1,1,0,1,0,0,0,0,1,1,1,1,0,0,1,0,0,0.616907
1,1,0,0,0,1,1,0,1,0,0,0,1,1,1,1,0,1,1,1,0,0,0,0,1,0,0,0,0,1,1,0,0.597996
1,1,0,1,1,1,1,1,0,0,1,1,0,0,0,1,0,0,0,0,1,0,0,0,1,1,1,0,0,1,0,0,0.609373
0,0,0,0,1,0,1,1,1,1,1,0,1,1,0,1,1,0,1,0,0,0,0,0,0,0,1,1,1,1,0,1,0.608494
0,1,1,1,0,1,0,0,1,0,0,1,0,0,0,1,0,1,1,1,1,0,0,1,1,1,1,0,1,1,1,1,0.551384
0,1,0,1,0,1,0,0,1,1,1,1,0,1,1,0,1,0,0,0,0,1,0,1,1,0,1,1,1,1,0,1,0.605379
1,1,1,1,0,1,0,0,1,1,0,1,1,0,0,0,1,1,0,0,0,0,1,1,0,0,0,0,0,1,0,0,0.619268
1,1,0,0,1,0,0,0,1,1,0,0,0,1,0,1,1,0,1,0,1,1,0,1,1,1,0,1,1,0,1,1,0.550078
1,0,1,1,1,0,0,1,1,0,1,0,0,0,1,0,0,1,1,1,1,0,0,0,1,0,0,1,0,0,0,1,0.614797
0,0,1,0,0,1,0,0,0,0,0,1,1,0,1,1,1,1,0,1,0,1,0,0,0,0,1,1,1,1,0,1,0.628233
0,1,1,0,0,1,0,1,1,1,0,1,1,1,1,1,0,0,1,1,0,1,1,0,1,0,1,0,1,0,0,1,0.573434
1,0,0,1,0,0,1,1,1,0,1,0,1,0,0,0,0,1,0,0,1,0,0,1,0,0,0,0,0,0,0,1,0.621880
0,0,1,1,1,1,0,0,0,1,1,0,0,0,0,1,0,1,1,0,1,1,0,1,0,0,0,1,0,0,1,0,0.638555
0,1,0,0,1,1,0,1,0,1,0,1,1,0,0,0,0,1,1,1,1,0,0,0,0,0,1,1,1,1,1,0,0.609900
1,1,0,1,0,0,0,1,0,0,0,1,1,0,1,0,1,1,0,0,0,0,0,0,1,0,1,0,1,1,1,0,0.584962
1,1,0,0,0,0,1,1,0,1,1,1,0,1,0,1,1,1,0,1,0,1,1,0,0,1,1,0,1,0,0,0,0.609900
0,1,0,1,0,1,1,1,1,1,0,0,1,1,1,1,1,1,1,1,1,1,1,0,1,0,0,0,1,0,1,0,0.569039
1,0,1,1,1,1,1,0,1,1,1,0,1,1,0,0,0,0,1,0,1,0,1,1,0,1,1,1,0,1,1,0,0.583304
1,0,1,0,0,1,0,1,0,1,1,1,0,1,0,0,1,0,0,0,1,1,0,1,1,1,1,1,1,1,1,1,0.551635
1,0,0,1,1,1,0,1,0,1,1,1,1,0,0,0,1,1,0,1,0,0,0,0,0,1,1,1,1,1,1,0,0.624517
1,1,0,1,0,0,1,1,1,0,0,0,1,0,0,0,1,0,1,0,1,0,1,1,0,0,1,1,1,0,1,1,0.612487
0,0,1,0,1,0,0,0,1,0,0,1,1,1,1,1,0,1,1,1,0,1,0,0,0,1,1,0,1,0,1,0,0.600909
1,1,0,1,1,0,1,0,1,0,1,0,1,1,0,0,0,1,1,0,0,0,1,0,1,1,1,0,1,1,0,1,0.581144
1,1,1,0,1,1,1,0,1,0,1,1,0,1,1,0,1,0,1,1,0,0,1,1,0,1,1,1,1,1,0,0,0.584258
0,0,1,1,0,1,0,0,0,0,1,1,1,0,1,1,0,0,1,1,0,0,0,0,1,1,1,1,1,0,1,0,0.636998
0,0,1,1,1,0,0,1,1,1,1,1,1,1,1,1,1,0,1,1,1,0,1,1,1,1,0,1,0,1,0,0,0.574062
1,0,0,1,1,0,1,0,0,0,0,1,0,0,1,1,1,1,0,0,0,0,0,0,1,1,1,0,1,0,0,0,0.622708
0,1,0,0,0,1,1,1,1,1,1,0,0,1,0,0,0,0,0,1,0,1,1,0,1,1,0,1,0,1,1,1,0.605781
1,1,1,0,1,0,0,1,1,1,0,1,0,0,0,1,0,0,0,0,0,0,1,0,1,0,0,0,1,0,1,0,0.613240
0,1,0,1,1,0,0,1,1,0,0,1,1,1,1,0,0,0,0,1,0,1,0,0,0,1,1,0,0,1,1,0,0.619343
1,1,1,1,1,1,1,0,1,1,0,0,1,1,1,0,1,0,0,1,1,0,1,1,0,0,1,1,0,0,0,1,0.575644
1,1,1,0,0,0,1,0,0,1,0,1,1,0,0,0,1,1,1,1,1,1,0,1,0,0,0,0,1,1,1,0,0.595585
1,1,0,0,0,0,1,0,0,1,1,1,1,1,1,1,1,0,1,0,1,1,0,1,1,1,1,0,1,1,1,0,0.564041
1,0,1,1,1,0,0,0,1,0,1,0,1,1,1,0,1,1,1,1,0,0,0,1,1,1,0,0,0,0,0,1,0.598574
1,1,1,0,0,0,0,1,1,1,0,0,1,1,0,1,0,1,1,1,1,0,0,0,0,0,1,1,0,1,0,0,0.602918
1,1,0,1,0,0,1,1,0,1,1,0,0,0,1,0,1,0,0,1,0,1,0,0,1,0,1,1,0,1,0,0,0.591742
1,1,1,0,0,1,1,0,1,1,0,0,0,0,0,0,1,1,0,1,1,1,1,1,1,0,1,0,1,1,0,1,0.573761
1,0,0,0,0,0,1,1,1,1,0,0,1,1,1,1,1,0,1,1,1,0,0,0,0,0,1,0,1,0,0,0,0.596941
1,1,1,0,0,1,0,1,1,1,1,0,0,0,0,1,0,0,1,1,0,0,0,0,1,0,0,1,1,0,0,1,0.612763
1,1,1,1,0,1,1,0,1,1,0,0,1,0,1,1,1,0,1,1,0,0,1,1,0,0,1,0,0,1,0,0,0.600859
0,0,0,0,0,0,1,0,0,0,1,1,0,1,0,1,1,1,0,1,0,0,1,1,1,1,1,0,0,1,1,1,0.610101
0,1,1,0,1,1,1,1,0,1,0,1,0,0,0,1,1,0,1,0,1,0,1,1,1,0,0,1,0,0,0,0,0.603220
0,0,0,0,1,0,1,1,1,0,1,1,1,1,0,0,1,0,0,0,1,0,1,1,0,0,1,0,0,0,0,0,0.564016
0,0,1,0,0,0,1,0,1,1,0,1,1,1,1,0,1,1,0,1,1,1,1,1,0,0,0,1,1,1,0,1,0.550304
1,1,1,1,0,0,0,0,0,1,1,0,0,0,0,1,1,0,0,1,1,1,1,1,0,0,0,1,0,1,1,0,0.608644
1,1,0,0,0,0,1,1,0,1,0,0,1,1,0,0,1,1,0,1,1,1,1,0,1,1,1,1,0,0,0,1,0.591968
1,0,1,0,1,0,1,0,0,0,0,1,0,0,0,1,1,0,1,0,0,0,0,0,0,1,1,1,0,1,0,1,0.630418
0,0,1,1,0,0,1,0,1,0,0,0,0,0,0,1,1,0,1,0,0,1,0,1,0,0,0,0,1,0,1,1,0.658320
1,1,0,1,1,0,1,1,1,0,1,1,0,0,0,0,0,0,0,0,0,0,0,1,0,0,1,0,1,1,1,0,0.617158
0,1,0,0,1,1,1,1,1,0,0,1,0,0,0,0,0,1,0,1,0,0,0,1,0,0,0,0,1,0,1,0,0.632779
0,1,0,0,0,0,1,0,1,0,1,1,0,0,0,0,0,1,0,1,1,1,1,0,1,0,1,1,1,1,1,1,0.586343
0,1,1,0,1,1,0,1,0,1,1,1,0,0,0,0,1,1,1,1,0,0,1,0,1,1,0,1,0,1,1,0,0.584610
0,0,0,0,1,0,0,0,0,1,0,0,1,0,0,1,1,1,0,1,1,0,1,0,0,1,1,1,1,1,1,0,0.623713
1,1,0,1,0,1,0,1,1,0,1,1,0,1,0,0,0,0,0,1,0,0,1,1,1,1,1,1,0,0,1,1,0.573786
0,1,1,1,1,0,1,0,0,1,1,0,0,1,0,1,0,0,0,1,0,1,1,0,0,1,1,1,1,1,1,1,0.536767
0,0,1,0,1,1,0,1,1,0,0,1,1,0,0,0,0,1,1,0,1,1,0,1,1,0,0,1,1,1,1,1,0.582375
1,0,1,0,1,0,1,0,0,0,0,1,1,1,1,0,1,0,0,1,1,0,0,1,0,0,0,1,0,1,0,1,0.598523
0,0,0,1,0,0,1,0,1,0,1,1,0,1,0,1,0,1,1,1,1,1,1,0,0,1,1,0,0,0,0,0,0.644759
1,1,0,0,1,0,0,0,0,0,1,0,1,0,1,1,0,0,0,1,1,0,1,0,0,0,0,1,1,1,1,1,0.596389
0,0,0,1,0,1,1,0,0,0,1,0,0,0,0,0,0,0,0,1,1,1,0,0,1,1,0,0,1,1,0,0,0.648877
1,1,0,0,0,0,1,1,0,0,1,1,1,0,0,0,1,1,1,0,1,1,0,1,0,0,0,0,1,0,0,0,0.620523
0,1,1,1,1,1,0,0,0,1,0,0,0,0,1,0,1,1,1,1,1,0,1,0,0,0,0,0,1,0,1,1,0.596137
1,1,1,0,1,0,0,0,1,0,0,0,0,1,0,1,1,1,0,1,0,0,0,0,0,0,0,1,1,1,0,1,0.593249
0,1,0,1,1,1,1,0,1,0,0,0,1,0,0,0,1,1,1,0,1,0,0,0,1,0,1,1,1,0,1,1,0.597544
1,0,0,1,0,1,0,0,1,0,0,0,1,0,0,1,1,0,1,1,1,0,0,1,1,0,1,0,0,1,1,0,0.615877
0,1,0,1,1,0,1,1,1,0,0,0,0,1,1,0,1,1,1,1,0,1,1,0,1,1,1,1,1,1,1,1,0.516400
1,1,0,0,0,1,0,0,0,1,1,0,0,1,1,0,0,1,0,0,1,0,1,0,1,1,1,1,1,1,1,0,0.588704
1,1,0,1,0,1,0,0,1,0,1,1,1,0,1,0,0,0,1,0,1,1,0,0,0,1,0,0,0,1,1,1,0.602265
0,1,0,1,1,0,0,0,1,0,1,0,1,1,1,1,1,0,0,0,0,0,1,0,1,0,0,0,1,1,0,0,0.614898
1,1,0,1,1,0,0,0,1,0,1,1,1,1,1,1,0,1,1,0,1,0,1,1,0,1,0,0,1,1,1,0,0.528128
1,0,0,1,1,0,0,0,0,0,1,0,0,0,0,1,0,0,1,1,0,1,0,0,1,1,1,1,1,0,0,1,0.628434
0,1,0,0,0,0,1,1,1,0,0,1,1,0,1,1,0,1,0,0,1,0,0,1,0,1,1,1,0,0,1,1,0.628987
1,0,1,1,0,0,1,0,0,1,0,1,0,0,0,0,0,0,1,1,0,0,1,0,0,1,1,1,0,0,0,1,0.779170
1,1,1,1,0,1,1,1,1,1,0,0,1,1,1,0,0,1,1,0,0,1,1,0,1,1,0,1,1,0,1,1,0.565448
1,1,1,0,1,1,1,0,1,0,1,0,0,0,0,0,1,0,1,1,0,0,1,0,1,0,0,1,0,1,0,1,0.604651
1,1,0,1,0,1,1,1,1,0,1,0,0,1,0,1,0,0,1,0,1,0,0,1,1,1,1,0,0,0,1,0,0.598347
1,1,1,1,1,1,1,0,1,0,0,0,1,1,0,1,1,1,0,0,1,1,0,1,1,1,1,0,0,0,1,0,0.618615
0,1,0,1,1,1,1,1,0,1,0,1,1,0,0,1,0,0,1,0,0,0,0,1,0,1,0,0,0,1,1,1,0.596389
1,0,1,0,1,0,1,1,0,1,0,0,0,1,0,0,1,0,1,0,1,0,1,1,1,0,0,0,0,1,0,0,0.595083
1,1,0,1,0,1,0,0,0,0,0,0,0,0,0,1,1,0,1,0,1,1,0,1,0,1,0,1,0,1,0,1,0.591868
1,1,0,1,0,1,1,0,0,1,0,1,0,0,1,1,0,0,1,1,0,0,0,0,0,1,1,0,1,1,0,0,0.609348
1,0,1,0,0,0,0,0,1,0,0,0,1,1,0,0,1,1,1,1,1,0,1,1,1,0,1,0,0,1,0,0,0.613316
0,1,1,0,0,1,0,1,0,0,1,0,0,1,0,0,0,0,1,1,1,1,0,0,0,1,0,1,0,1,1,0,0.635366
0,1,0,0,1,1,0,0,0,1,0,1,1,0,0,1,1,0,0,1,0,0,0,0,1,0,1,0,1,0,0,0,0.636270
0,1,0,1,0,1,0,0,0,0,0,0,1,0,1,1,1,0,0,0,0,0,1,1,1,0,1,1,0,0,0,0,0.636295
0,0,1,1,1,0,1,1,0,1,1,1,1,1,1,0,1,1,1,1,1,0,1,0,1,0,0,0,0,0,0,0,0.601085
1,1,0,0,1,1,0,1,0,0,1,0,0,1,1,0,1,1,1,0,1,1,1,0,0,1,0,1,0,1,0,0,0.588503
0,0,1,0,1,1,1,1,1,0,1,0,0,0,1,0,0,1,0,1,0,1,0,1,0,1,1,0,1,1,1,1,0.574715
0,1,0,0,0,0,1,0,0,1,1,0,0,1,0,1,0,1,1,0,0,0,1,0,1,1,1,1,0,1,1,1,0.588578
0,1,0,0,0,1,0,0,0,0,1,0,0,0,1,1,0,1,0,1,1,1,1,1,1,1,1,1,0,0,1,0,0.600482
0,1,0,1,1,0,0,1,1,0,1,0,1,1,0,0,1,1,1,0,1,1,0,0,1,0,0,0,0,1,1,0,0.603220
1,0,1,1,0,1,1,0,1,1,1,1,0,0,1,1,1,1,1,1,0,1,0,1,1,0,0,0,1,1,1,0,0.581320
1,0,1,0,1,0,1,0,1,0,1,1,1,1,1,0,0,0,0,0,0,1,1,1,1,0,1,1,1,1,0,1,0.573836
1,0,0,1,0,1,1,1,1,1,0,1,0,1,0,0,0,0,1,0,0,1,1,1,0,1,0,1,1,0,0,1,0.593375
0,1,1,1,1,1,0,0,0,1,1,0,1,0,1,0,1,0,1,0,1,1,1,1,1,1,0,0,1,0,1,1,0.558190
1,0,1,1,1,1,1,1,0,1,0,0,1,0,1,1,1,0,1,1,1,1,1,1,0,0,1,1,1,1,0,1,0.510925
1,1,1,0,0,0,1,1,0,1,1,1,0,0,1,1,1,0,0,1,1,1,1,0,0,1,0,0,1,1,0,1,0.572731
1,1,0,0,1,0,1,1,1,1,0,0,1,1,0,0,0,1,1,1,0,1,1,1,1,0,1,1,0,0,0,0,0.589331
1,0,0,0,0,0,1,0,1,1,0,0,1,0,0,0,0,0,1,0,1,1,1,0,1,0,1,1,0,1,1,0,0.626049
1,1,1,0,1,0,1,1,0,1,0,0,1,1,1,1,1,1,0,1,1,1,0,0,0,1,0,1,1,1,0,1,0.585916
1,0,0,1,1,1,0,0,1,0,1,0,1,1,1,1,0,0,0,1,1,0,0,0,0,1,0,1,1,0,0,1,0.605706
0,0,1,0,1,0,1,0,1,1,1,1,1,1,0,0,0,1,0,1,1,0,1,1,1,1,1,0,1,0,1,0,0.607288
0,1,1,1,1,1,1,0,1,0,1,1,0,1,1,1,1,1,1,1,0,0,1,1,1,1,1,0,1,1,0,1,0.526270
0,1,1,1,0,0,0,0,0,1,1,1,0,0,1,0,0,1,0,0,0,0,1,1,1,0,1,1,0,0,0,0,0.631122
1,0,1,1,0,0,1,0,1,1,0,1,0,1,1,1,0,0,0,1,1,0,0,1,0,0,1,1,1,1,1,0,0.600532
1,1,1,0,0,0,0,1,1,0,1,1,1,1,1,1,0,1,1,1,0,0,1,1,0,0,1,0,1,1,1,1,0.520292
1,1,0,0,1,1,1,1,1,1,1,0,1,0,0,1,1,0,0,1,1,1,0,0,0,1,1,1,1,0,1,1,0.549224
0,1,1,1,1,1,1,1,0,1,1,0,0,0,0,1,1,1,1,1,0,0,1,0,0,1,1,0,0,1,0,0,0.592797
1,0,1,1,0,0,0,1,0,0,1,0,0,0,1,1,1,0,1,0,1,0,0,1,1,0,0,0,1,0,0,0,0.628761
1,0,1,1,1,1,0,0,1,1,0,0,1,0,1,1,0,0,0,0,1,1,1,0,0,1,1,1,0,1,0,0,0.584786
1,0,1,0,1,1,1,1,0,1,1,0,1,1,0,0,0,0,0,1,1,1,1,0,0,1,1,1,0,1,0,0,0.603797
1,1,1,0,0,0,0,0,0,1,0,0,0,0,0,1,0,0,0,1,1,1,0,0,1,1,1,1,0,1,1,1,0.624692
1,1,0,1,0,0,0,0,1,1,1,1,1,0,0,1,1,1,1,1,1,1,1,1,0,0,1,0,0,1,0,0,0.582048
0,1,0,1,1,1,1,0,1,1,0,0,0,0,0,1,0,1,0,1,0,0,1,0,0,0,0,1,1,1,0,1,0.614546
1,0,0,0,1,1,0,0,1,0,1,1,0,1,1,0,0,1,0,1,0,0,1,0,1,0,0,0,0,1,1,0,0.609021
0,0,0,1,0,0,1,0,0,0,0,1,1,0,0,1,1,1,0,1,0,0,1,1,1,1,0,0,0,0,0,1,0.604325
1,1,0,0,0,0,0,0,0,1,1,1,1,1,0,1,0,0,1,0,0,0,1,0,1,1,1,1,1,0,0,0,0.604777
0,0,0,1,1,0,0,0,1,0,1,1,0,1,0,1,1,0,1,1,0,1,1,1,0,0,1,1,1,1,1,0,0.587599
1,0,1,1,1,1,1,1,1,1,0,1,0,0,1,1,1,0,1,0,1,1,1,0,0,1,1,1,1,0,0,0,0.586293
0,1,1,0,0,1,0,0,1,1,1,1,1,1,0,1,0,1,0,1,1,0,0,0,0,1,1,0,0,1,1,1,0.592295
1,1,1,1,0,1,1,1,0,0,1,1,1,1,1,1,1,0,1,1,1,1,0,0,0,0,1,0,1,1,0,1,0.543598
0,0,1,0,1,0,1,0,0,1,0,1,0,0,1,1,0,1,0,1,1,1,1,1,0,0,0,0,0,1,0,0,0.622608
1,0,1,0,0,0,0,1,0,0,0,1,0,0,1,0,0,0,1,0,1,1,0,0,1,0,0,1,1,0,0,1,0.652268
0,1,0,1,1,0,0,1,1,0,1,0,0,0,0,1,1,1,0,1,0,1,0,0,0,1,0,0,0,0,1,0,0.623060
0,0,0,0,1,1,0,0,0,1,1,1,0,1,0,0,0,1,1,1,0,1,0,1,1,0,1,1,0,0,1,1,0.628761
0,1,0,1,1,1,0,0,0,1,1,0,0,0,1,0,1,0,1,0,1,1,1,0,0,1,0,1,1,1,0,0,0.604877
1,0,0,0,0,0,1,1,1,1,1,0,1,0,1,1,1,1,0,1,0,0,1,1,1,0,1,0,0,1,1,1,0.547039
0,1,0,0,1,1,1,0,1,1,0,1,1,0,1,1,0,0,0,0,1,1,1,1,1,0,1,1,1,0,1,0,0.564293
1,0,0,0,1,1,0,1,1,1,1,1,0,0,0,1,1,1,1,0,0,0,1,0,0,0,1,0,1,0,0,1,0.593802
0,0,1,1,0,0,1,1,0,0,0,0,0,1,1,1,0,0,0,0,1,0,1,0,1,0,0,0,0,0,1,1,0.656110
0,0,1,1,0,1,1,0,0,1,0,1,1,0,0,1,0,1,0,0,1,1,0,1,0,0,1,0,1,1,0,1,0.598975
0,1,0,0,1,0,0,0,0,1,1,0,0,1,0,1,1,1,1,0,0,1,0,0,0,0,0,0,1,0,0,0,0.617786
1,0,0,0,0,0,1,1,0,0,1,0,0,1,0,0,1,0,1,0,0,0,0,0,0,0,0,0,0,0,1,1,0.642046
0,1,1,0,0,1,1,1,1,0,1,1,1,0,0,1,0,0,1,1,1,0,1,1,0,0,0,1,1,1,1,0,0.568185
1,0,1,0,1,1,1,1,0,0,1,0,0,1,0,0,1,0,0,1,0,1,1,0,0,1,1,0,0,0,0,0,0.606685
1,0,1,1,1,0,0,0,1,0,1,1,1,1,0,1,0,1,1,1,1,1,1,1,1,0,0,1,1,0,0,1,0.555201
0,1,0,0,1,1,0,1,1,0,1,0,0,1,1,1,1,1,1,1,0,0,1,0,0,0,1,0,0,1,1,0,0.584987
0,0,0,0,1,0,0,1,1,1,1,0,1,0,0,0,0,1,1,1,1,1,0,0,1,0,1,1,1,0,0,1,0.611357
1,0,0,1,0,0,0,0,0,1,1,0,0,0,1,1,1,0,1,0,1,0,1,1,0,1,0,1,1,1,1,0,0.610754
0,1,1,0,0,0,1,1,1,1,0,0,0,1,0,0,1,0,0,0,0,0,1,1,0,0,1,0,1,0,0,0,0.630720
1,0,0,1,0,1,0,0,1,0,1,1,0,1,1,1,0,1,0,0,0,1,0,0,1,1,0,0,0,1,1,1,0.612085
0,1,1,1,0,1,0,1,0,0,1,1,1,1,0,0,1,0,1,0,1,1,1,0,0,0,1,0,0,0,0,0,0.624316
0,1,0,0,1,0,0,1,1,1,0,1,0,0,1,0,0,1,1,1,0,0,1,1,1,1,1,1,1,0,1,0,0.597343
0,0,0,0,1,0,1,1,0,0,1,1,0,0,1,1,0,1,1,1,0,1,0,0,0,0,1,1,1,0,1,0,0.644055
1,0,1,0,1,1,1,0,0,0,1,0,1,0,0,1,0,1,0,1,1,0,1,1,0,0,0,1,1,1,0,0,0.591793
1,1,1,0,1,1,1,0,0,1,1,1,1,1,0,1,0,1,1,1,1,0,1,1,1,1,0,0,1,1,1,1,0.463835
1,0,1,0,0,0,1,1,0,1,1,1,0,1,1,0,1,1,0,0,0,0,1,0,0,0,1,1,0,1,0,1,0.605028
1,1,0,0,0,1,1,0,0,0,0,0,1,1,1,0,1,1,0,0,0,1,0,0,0,0,1,1,0,0,1,1,0.614923
0,1,1,1,1,1,0,1,0,0,1,0,1,1,0,0,1,1,0,0,1,1,0,0,0,0,0,1,1,1,1,1,0.565398
0,1,0,1,1,1,1,1,1,1,1,1,0,0,0,1,1,1,0,1,1,0,1,0,0,1,0,0,1,0,0,0,0.602793
1,0,0,0,1,1,1,1,1,1,1,1,1,0,0,0,1,0,0,0,0,0,0,0,1,1,0,0,0,0,1,0,0.610026
1,0,1,0,0,1,0,0,1,1,1,1,0,0,0,0,0,1,1,1,1,0,1,1,0,1,0,0,1,1,1,1,0.591968
1,1,1,0,0,1,0,1,1,1,1,1,1,0,0,1,0,0,1,1,0,1,0,0,0,1,1,0,1,1,0,1,0.583279
1,0,1,0,0,1,0,0,1,0,0,0,0,1,0,0,0,1,0,1,0,1,0,1,1,1,1,1,0,0,0,0,0.620021
1,0,1,1,0,1,1,0,1,1,0,0,1,1,1,1,0,1,0,1,1,0,0,1,0,1,1,1,1,0,1,0,0.577302
0,0,1,0,0,0,0,1,1,1,1,1,1,1,0,0,0,0,1,1,0,0,1,1,1,1,1,1,0,0,0,1,0.612336
1,1,0,0,1,1,1,1,1,1,0,1,1,0,0,0,0,1,1,0,1,1,0,0,1,1,1,0,1,0,0,0,0.618891
0,0,1,0,1,1,0,0,1,0,0,1,0,0,1,1,1,0,1,0,0,1,1,1,1,0,0,0,1,1,1,1,0.575519
0,0,1,0,1,0,0,1,0,1,0,0,0,0,0,0,1,1,0,0,1,1,1,1,1,0,1,1,1,0,0,0,0.611382
1,1,0,1,0,0,0,0,1,0,0,1,1,0,1,1,1,0,1,1,0,0,0,1,1,0,1,1,0,1,1,0,0.602717
1,0,0,1,0,1,1,1,1,0,1,0,1,1,0,0,1,0,1,0,0,0,0,0,0,0,1,1,1,1,0,1,0.603370
0,1,0,1,1,0,0,0,0,1,0,1,0,1,0,1,1,0,0,1,0,1,0,1,1,0,0,1,0,1,0,1,0.652921
0,1,1,1,1,1,1,0,0,0,0,0,1,0,1,0,1,0,0,1,1,0,1,1,1,0,0,0,0,0,1,1,0.590135
1,0,1,1,1,1,1,1,0,1,1,1,1,0,0,1,0,0,1,0,0,1,1,1,1,0,0,0,1,1,1,1,0.492616
1,0,0,1,1,0,0,1,0,0,0,1,0,0,0,1,1,0,0,0,1,0,1,0,1,0,1,0,1,1,0,1,0.613592
1,1,0,1,0,0,0,1,0,1,1,0,1,1,1,1,0,1,1,1,0,0,1,0,1,1,1,0,1,1,0,1,0.559923
0,0,1,1,0,1,1,1,1,0,0,0,0,1,0,0,1,1,1,0,0,1,1,1,0,0,0,1,0,1,1,1,0.590085
1,0,1,0,1,0,0,1,0,0,0,1,0,1,1,1,0,1,1,0,1,0,1,0,1,0,1,0,1,0,1,1,0.586820
0,0,0,0,0,1,1,1,0,1,1,0,0,0,1,0,0,1,0,0,1,0,1,1,1,1,0,0,0,1,1,1,0.625069
0,0,1,1,1,0,1,0,0,0,0,1,0,1,1,0,0,0,0,1,0,1,0,0,0,0,1,1,0,1,0,1,0.634939
0,0,0,0,1,0,1,1,0,1,1,1,1,1,1,1,1,1,1,0,1,1,1,0,1,0,0,0,1,1,1,0,0.515521
0,0,1,1,1,1,1,0,0,0,1,0,1,1,0,1,0,1,0,1,1,1,1,1,0,0,1,1,1,1,1,0,0.551685
0,1,0,1,0,0,1,1,1,1,1,0,0,1,1,0,1,0,0,0,1,1,0,1,0,0,1,1,0,1,1,0,0.620624
1,1,0,0,0,1,1,1,1,0,1,0,0,0,0,0,1,0,0,1,0,1,1,1,1,1,0,0,1,1,1,0,0.593902
0,0,1,0,1,1,1,0,0,1,0,0,1,1,1,1,0,1,1,0,1,0,1,1,0,0,0,0,1,1,1,1,0.515470
0,0,0,0,1,1,1,1,1,0,1,1,0,0,0,1,0,0,0,1,0,0,0,0,0,0,1,0,0,0,0,0,0.602567
0,1,1,0,0,1,1,0,0,1,0,0,0,0,0,1,0,0,1,1,0,1,1,0,0,0,1,1,0,0,1,1,0.644934
0,0,1,0,0,1,1,1,0,1,1,1,1,1,1,1,1,0,0,0,1,0,1,1,0,0,0,1,1,1,0,0,0.582450
0,0,1,1,1,1,1,1,0,0,0,0,0,0,1,0,1,1,0,0,1,0,0,1,1,0,0,0,0,1,1,0,0.607866
0,1,0,0,1,1,0,1,0,1,0,1,1,0,1,1,0,0,0,0,0,1,1,0,1,1,1,0,1,0,0,0,0.616606
1,1,0,0,1,1,0,1,0,0,0,0,1,1,0,0,0,1,1,1,0,0,0,0,0,0,1,0,0,0,1,1,0.608016
1,1,1,1,1,0,1,0,0,0,1,0,1,0,0,1,0,1,1,0,0,0,1,1,0,1,0,1,1,0,1,0,0.587347
1,1,0,1,1,1,0,0,0,1,0,0,0,0,0,0,0,0,1,1,1,1,1,0,0,0,0,0,1,0,0,1,0.606083
0,1,0,1,0,1,1,1,1,1,1,1,1,0,1,0,0,1,1,0,0,1,0,1,1,1,0,1,1,0,1,1,0.570019
1,1,0,1,1,0,0,1,1,1,1,0,1,1,1,0,1,0,1,1,0,1,0,0,0,1,1,1,1,0,1,0,0.585815
0,0,0,0,1,1,1,1,1,1,0,1,0,1,1,1,1,0,0,1,0,0,0,0,1,1,0,1,0,0,1,0,0.619117
1,0,1,1,1,0,0,0,0,1,1,0,0,1,1,1,1,0,1,0,1,0,1,0,0,1,0,1,1,1,0,0,0.594254
1,0,0,1,0,1,0,0,0,0,1,1,0,0,0,1,1,0,1,0,1,0,1,1,0,0,1,0,0,1,0,0,0.620473
0,1,1,1,0,0,0,1,1,1,1,1,0,0,1,0,1,1,1,1,1,0,0,1,0,1,1,0,0,0,0,0,0.609247
1,1,1,1,0,1,1,1,0,0,0,0,0,0,1,1,1,1,0,0,1,1,1,0,0,1,1,0,1,0,0,0,0.597293
0,1,1,0,1,0,1,1,1,0,0,1,1,1,1,1,0,1,0,1,1,1,0,1,1,0,0,0,0,1,1,1,0.533678
1,0,0,1,1,1,1,0,1,0,1,0,0,0,0,1,0,0,1,0,0,0,0,0,0,1,1,0,1,0,1,1,0.603697
1,0,0,0,0,1,0,1,0,0,1,0,0,0,0,1,1,1,1,0,0,1,1,1,0,0,1,0,0,1,1,1,0.636998
0,0,0,0,0,1,1,0,0,0,0,0,0,1,0,0,1,0,1,1,1,1,1,1,1,1,0,1,0,0,1,0,0.577804
0,1,0,1,0,0,1,1,1,1,0,0,0,0,1,0,1,1,0,1,1,0,1,1,0,1,1,1,0,0,1,1,0.587799
1,1,1,1,1,0,0,0,1,1,1,0,1,0,0,0,1,0,1,1,0,0,0,1,0,0,0,0,1,1,1,0,0.611231
1,0,1,1,0,0,1,0,0,1,0,1,0,0,0,0,0,0,0,1,1,0,1,1,0,1,0,0,1,0,1,0,0.643905
1,1,1,1,0,1,1,0,1,0,1,0,1,0,0,1,1,1,1,1,1,0,0,0,0,1,0,1,1,0,0,0,0.601688
0,0,0,1,0,0,1,0,0,1,1,1,0,0,1,0,0,1,0,1,0,0,0,1,0,0,0,0,0,0,1,0,0.649154
1,0,1,0,0,1,0,0,0,0,0,1,1,0,0,1,1,1,0,0,1,0,0,1,1,1,0,0,0,0,1,0,0.610779
1,0,0,0,0,0,0,0,1,1,1,0,1,1,0,0,0,1,0,0,1,1,0,1,1,1,1,0,0,0,0,1,0.627430
0,1,1,0,1,0,0,0,0,0,0,0,0,1,1,1,0,0,0,1,0,1,0,0,1,1,1,0,1,1,0,1,0.609322
0,0,1,0,1,1,1,1,0,0,0,1,1,0,0,0,1,1,0,0,0,1,0,1,1,1,1,1,1,0,0,0,0.604249
0,0,1,1,0,1,1,0,1,0,1,0,0,1,0,0,0,1,0,0,0,0,1,0,0,0,0,1,0,0,1,1,0.634813
0,0,1,0,1,1,0,1,0,1,0,1,1,0,1,1,1,0,0,0,1,1,1,1,1,0,1,1,1,0,0,1,0.578382
1,1,0,0,0,0,0,0,1,1,0,1,0,1,0,1,1,0,0,0,0,1,1,0,1,0,0,1,1,1,0,0,0.637501
0,1,0,0,1,0,0,0,0,0,1,1,0,1,0,0,0,1,1,0,1,1,0,0,0,0,0,1,0,1,0,0,0.635893
1,1,1,0,0,1,0,1,1,0,1,1,1,1,0,0,1,0,1,0,1,0,0,0,0,0,0,0,1,0,1,0,0.608142
0,0,1,0,0,1,1,1,0,0,0,0,0,0,0,0,0,1,1,1,1,0,1,1,1,0,0,1,0,1,1,0,0.633558
0,0,0,0,0,1,1,0,1,0,0,0,0,0,0,0,0,0,1,0,0,1,0,0,1,0,0,0,1,0,0,1,0.653950
1,0,1,0,0,0,0,0,1,0,0,1,1,1,1,1,0,0,0,1,1,0,1,1,1,0,1,0,1,1,1,0,0.567633
1,1,1,0,1,1,0,1,0,0,0,0,0,1,1,0,1,0,1,1,0,0,1,0,0,1,1,0,0,0,0,0,0.607313
1,0,1,1,1,1,1,0,0,1,1,1,1,1,1,1,0,0,0,0,1,0,0,0,0,0,0,1,0,0,1,1,0.599553
0,0,0,1,0,0,0,1,0,0,0,0,1,0,0,1,0,1,0,0,1,0,1,1,1,1,0,1,0,0,1,1,0.633131
0,0,1,1,1,0,1,1,0,0,0,0,1,1,0,0,1,0,1,0,1,1,0,0,1,0,1,0,0,0,1,1,0.595886
1,0,0,1,0,1,1,0,1,1,0,0,0,1,0,1,0,0,1,0,0,0,0,0,0,0,0,0,1,1,1,0,0.631825
1,1,1,1,0,0,0,1,0,0,1,1,1,0,1,0,0,0,0,0,1,1,0,1,0,0,1,1,0,0,0,0,0.601688
0,1,0,0,0,1,1,1,0,0,0,0,1,1,0,1,1,0,1,0,0,1,1,1,1,0,1,0,0,0,0,0,0.599779
1,1,1,1,1,0,1,0,1,1,1,0,0,1,1,0,1,1,0,0,0,1,1,1,0,0,0,0,1,0,1,0,0.594656
1,0,1,1,1,1,0,0,0,1,0,1,1,0,1,0,1,0,0,0,0,1,1,1,0,1,0,0,0,0,1,0,0.602918
0,0,0,0,1,0,1,0,0,0,1,1,1,1,0,0,1,1,1,1,0,0,0,0,1,1,0,0,1,1,0,0,0.613064
0,1,1,1,0,1,1,1,0,0,1,0,0,0,1,0,1,1,0,0,0,0,1,0,1,1,0,1,0,0,1,1,0.604651
1,1,1,0,0,1,0,0,0,1,0,1,0,0,0,1,0,0,1,0,1,0,1,1,0,0,1,1,0,1,1,0,0.617861
1,0,0,1,0,0,1,1,1,1,0,1,0,1,0,0,0,1,1,1,0,0,0,0,1,1,1,0,0,1,1,1,0.597519
0,1,1,1,1,0,1,1,0,1,1,1,0,1,1,1,0,1,1,1,0,1,0,1,1,0,1,1,1,1,0,1,0.519313
1,0,1,0,0,1,0,1,0,0,0,0,0,0,0,1,1,1,0,1,0,1,1,1,0,0,1,0,1,1,0,0,0.617585
0,0,0,0,1,1,1,0,0,0,1,1,1,0,0,0,1,1,0,1,0,1,1,1,0,1,0,0,0,0,0,1,0.611809
0,0,0,0,1,1,1,0,0,1,1,0,1,1,0,0,1,0,1,1,0,1,1,1,1,0,1,1,1,0,0,0,0.608016
1,1,1,0,1,0,0,0,1,0,0,1,1,0,1,0,1,0,0,1,1,0,1,0,0,1,0,1,1,1,1,1,0.575217
1,0,1,0,0,1,1,0,1,0,1,0,1,0,0,0,1,0,0,0,1,1,1,1,1,0,0,1,1,1,0,0,0.604249
1,1,1,1,1,0,0,0,1,0,1,1,1,0,1,0,0,1,1,1,1,0,0,1,1,1,1,0,0,1,1,1,0.578181
0,1,1,1,0,0,1,0,1,0,0,1,0,1,1,1,0,1,1,1,0,0,0,1,1,1,1,0,1,1,1,1,0.544302
1,1,0,1,1,1,1,0,1,0,0,0,0,1,1,1,0,0,1,0,0,0,0,1,0,1,1,0,1,0,0,0,0.604023
1,0,1,0,1,0,0,1,1,1,0,1,0,0,1,0,0,1,1,1,0,1,0,0,1,0,1,1,0,0,1,0,0.601512
1,0,0,1,0,1,0,1,0,0,1,1,0,0,1,0,0,1,0,1,1,0,1,0,0,1,1,0,1,1,1,1,0.588754
1,0,0,1,1,0,0,0,1,1,0,1,1,0,1,1,1,1,0,0,0,0,1,0,0,1,0,0,0,1,1,0,0.609925
1,1,0,1,0,1,0,1,1,0,0,0,1,0,0,0,1,0,1,1,1,1,1,0,1,1,1,1,1,1,1,0,0.576599
1,1,1,0,0,0,0,0,0,0,1,1,1,0,1,1,1,1,1,0,0,1,1,1,1,0,0,0,1,0,0,1,0.599653
0,1,0,1,1,0,0,1,0,1,1,1,1,1,0,1,1,0,0,0,0,1,0,1,1,0,1,1,0,1,1,1,0.564946
1,0,0,1,0,1,0,1,1,0,0,0,1,0,1,1,0,0,1,1,1,0,0,1,1,1,0,0,1,0,0,1,0.600206
1,0,1,1,0,0,0,0,1,0,1,0,0,0,0,1,0,0,0,1,1,1,0,1,1,0,1,1,1,1,1,0,0.596790
1,0,1,0,1,0,0,1,1,1,1,0,1,1,1,0,0,1,0,0,1,0,1,0,1,1,1,0,1,0,0,0,0.593300
1,0,1,1,0,0,0,0,1,1,1,0,0,1,1,1,0,0,0,1,1,1,0,0,0,0,1,0,1,0,0,0,0.602290
1,0,0,1,0,1,1,1,1,1,0,0,1,0,0,1,1,1,1,0,0,0,0,0,0,0,0,1,1,0,1,0,0.610653
0,0,0,1,1,0,1,0,0,1,1,1,1,0,1,0,0,1,1,1,1,0,0,0,0,0,1,1,0,0,1,1,0.617007
1,1,1,0,1,0,1,1,1,1,1,0,1,1,1,1,1,1,1,0,1,0,1,1,0,1,1,0,0,0,1,0,0.541589
1,0,0,0,0,1,1,0,1,0,1,1,1,0,0,0,1,1,1,0,1,0,0,1,1,0,0,0,0,0,0,1,0.605003
1,1,1,0,1,1,1,1,1,0,1,0,0,0,1,0,1,1,0,1,0,0,1,1,1,1,1,1,1,1,1,0,0.575016
0,0,1,0,1,0,1,0,0,0,0,1,0,0,1,0,0,1,0,1,0,0,1,0,0,1,1,1,1,1,0,0,0.658220
1,1,1,0,0,1,1,0,0,1,0,1,0,0,1,1,1,0,1,1,1,1,0,1,0,0,0,1,0,0,0,1,0.599653
0,1,1,1,0,0,0,1,0,0,0,0,1,1,1,0,1,1,1,0,0,1,1,0,0,1,1,0,0,0,1,0,0.601989
1,0,1,1,1,1,0,1,0,1,1,1,1,0,0,0,0,0,0,0,1,0,1,0,1,0,1,0,0,0,1,1,0.602215
1,0,0,0,1,0,1,1,0,0,0,1,0,0,0,1,0,0,1,0,1,0,0,1,1,1,0,1,0,0,1,1,0.632955
1,1,1,1,0,0,1,1,0,0,1,0,0,1,1,1,1,1,0,1,1,1,0,0,1,0,1,1,0,0,1,1,0.556181
0,0,1,0,0,0,1,1,0,0,0,0,0,0,0,1,0,1,0,0,1,0,0,1,0,0,1,1,1,1,1,0,0.661183
1,1,0,0,1,1,1,0,1,0,0,1,1,1,1,1,1,1,1,0,0,0,0,1,0,0,0,1,0,1,0,0,0.594354
0,1,1,0,0,1,1,0,0,0,0,1,1,1,1,0,0,1,1,1,1,0,1,0,0,0,1,0,1,1,0,1,0.575870
1,1,0,1,1,0,1,1,0,1,0,1,0,1,0,0,1,0,0,1,1,0,1,0,1,1,1,0,1,0,1,0,0.596188
0,1,0,0,0,1,0,1,1,1,0,0,0,0,1,0,1,0,0,0,1,1,1,0,0,0,1,0,1,0,0,1,0.609699
0,0,0,0,1,1,1,0,0,0,1,0,0,1,0,1,0,0,0,0,0,0,1,0,1,0,1,1,1,1,0,0,0.584384
0,1,1,1,0,0,0,1,0,0,1,1,1,1,0,1,1,1,1,0,0,0,1,0,1,0,1,0,0,0,1,0,0.623813
1,1,0,1,1,1,0,0,0,0,0,1,1,1,1,0,1,0,1,1,0,0,1,0,1,0,1,1,0,0,0,0,0.607213
1,1,1,1,0,0,0,0,1,1,1,0,0,1,0,1,0,0,1,1,1,0,0,1,0,0,1,0,1,1,1,1,0.561530
1,0,1,1,1,0,0,0,1,0,0,1,0,0,1,0,1,1,1,0,1,1,1,0,1,0,1,0,0,0,1,0,0.620322
0,0,1,0,1,1,1,0,0,1,0,0,0,0,1,0,1,1,0,1,0,1,0,0,1,1,0,0,1,0,0,1,0.616606
1,0,1,0,0,1,0,0,0,0,1,1,0,0,0,1,0,1,0,1,1,1,0,0,1,0,0,0,0,0,0,1,0.618816
1,0,1,0,0,1,1,1,1,1,1,0,1,1,0,0,1,1,0,1,1,1,0,1,1,1,0,0,0,1,1,1,0.557210
0,0,0,0,0,0,0,1,0,0,1,0,0,0,0,0,1,1,1,0,1,0,0,0,0,0,1,0,1,0,0,1,0.649606
0,0,0,1,1,0,1,1,1,0,0,1,1,0,1,0,0,1,0,1,0,0,1,0,0,1,0,0,1,0,1,0,0.596213
1,1,0,0,1,1,1,1,1,0,1,1,1,1,0,0,1,0,1,1,0,0,0,1,1,1,1,1,1,1,1,0,0.552137
1,0,0,1,1,0,1,1,1,0,0,0,1,0,0,0,1,0,0,1,0,1,1,0,0,1,1,0,1,1,0,1,0.601964
1,0,1,1,1,1,1,1,0,1,1,0,1,0,0,0,1,1,1,0,1,1,1,0,0,0,1,0,0,1,1,1,0.572555
1,1,0,0,1,0,1,1,0,0,1,0,0,0,0,0,0,1,0,1,0,1,0,0,1,0,1,0,0,1,0,1,0.610704
1,0,1,0,1,0,0,1,1,0,1,0,0,1,0,1,0,1,0,1,0,1,1,1,1,1,0,0,1,1,1,0,0.556482
1,1,0,0,1,0,0,1,1,1,0,1,0,0,1,0,0,0,0,0,1,1,1,0,0,1,0,1,1,0,1,0,0.617485
1,1,0,0,0,1,1,0,0,0,1,1,0,1,0,1,1,0,1,1,1,1,0,1,1,0,0,0,1,0,1,0,0.597895
0,0,0,0,1,1,0,1,0,1,1,1,1,0,1,1,0,1,0,0,0,1,1,1,0,0,1,0,0,0,1,0,0.623688
0,1,1,0,1,0,1,1,0,1,0,1,1,0,0,0,0,0,0,1,1,0,0,0,0,0,0,0,0,0,0,0,0.621503
1,0,1,0,0,1,1,1,0,0,0,0,1,1,1,0,0,0,0,0,0,1,0,1,0,1,1,1,0,0,1,1,0.606108
0,0,0,1,0,1,0,1,0,1,0,0,1,0,1,1,1,0,0,0,1,0,1,0,1,0,1,1,1,0,0,1,0.624743
0,1,0,0,1,0,1,0,1,1,1,1,1,0,1,1,0,1,0,1,0,1,1,0,1,0,0,1,0,0,1,0,0.589306
1,1,1,0,0,0,1,0,0,0,0,1,1,0,0,0,1,1,0,1,1,0,0,1,0,1,1,0,0,0,1,0,0.608619
1,1,1,1,0,1,1,0,0,1,0,1,0,0,1,0,0,1,1,0,0,0,1,1,1,0,1,1,0,1,0,1,0.581019
0,1,1,1,1,1,1,1,1,1,1,1,1,0,1,1,0,0,1,0,0,0,0,0,1,0,0,1,0,1,0,1,0.587498
1,1,0,0,0,1,0,0,0,1,0,0,1,1,1,0,0,0,1,1,1,1,1,0,0,1,0,0,1,0,1,1,0.596690
1,0,1,0,0,1,0,0,0,0,0,0,0,1,0,1,1,0,0,0,1,1,1,1,0,0,0,1,0,1,1,0,0.563162
0,1,1,0,0,1,1,0,0,1,0,1,1,1,0,0,0,1,0,0,0,1,0,0,1,0,1,0,1,1,0,1,0.617083
1,1,1,0,0,0,1,0,1,1,0,1,1,1,1,1,0,1,0,0,1,0,1,1,1,1,1,1,1,0,1,1,0.519313
1,1,0,0,1,0,1,1,0,1,0,0,0,1,0,1,1,0,0,1,0,0,0,1,1,0,0,1,0,0,0,1,0.597795
0,1,1,0,1,1,1,1,0,1,0,1,0,1,1,1,0,0,1,0,1,1,0,0,1,0,0,0,0,1,1,1,0.578683
1,0,0,1,0,1,1,0,1,1,1,0,1,0,1,0,0,0,1,0,0,0,1,1,0,0,1,1,0,0,1,0,0.618564
0,0,1,0,0,0,0,1,1,0,1,1,1,0,0,0,1,0,0,0,0,0,0,0,0,1,0,1,1,0,1,1,0.607389
0,1,0,0,1,0,0,0,0,0,0,0,0,1,0,0,0,0,0,0,1,0,1,0,1,1,0,1,1,1,1,1,0.581998
1,0,0,0,1,1,0,1,1,0,1,1,0,1,0,1,0,0,0,0,0,0,0,0,1,1,1,0,0,0,0,1,0.628761
0,1,0,1,1,0,1,1,1,0,1,0,0,0,0,0,0,1,1,0,0,0,0,1,1,0,1,1,0,0,0,1,0.621779
0,1,0,0,1,1,1,1,0,0,0,1,0,0,1,0,0,0,0,1,0,1,1,1,1,0,1,0,1,0,1,1,0.617007
1,1,1,0,1,0,1,1,1,1,1,1,0,1,1,1,0,0,0,1,1,0,1,1,0,1,1,1,1,0,1,0,0.562987
0,1,0,0,1,1,1,0,1,1,0,0,0,1,0,1,1,1,1,0,1,1,0,0,0,0,0,1,1,1,1,1,0.586920
0,0,0,1,0,0,0,1,0,0,1,1,1,0,0,1,0,1,0,1,1,1,1,1,1,1,0,0,0,1,1,1,0.559998
0,0,0,1,1,0,1,1,0,0,0,1,1,1,1,1,0,1,0,1,1,1,1,0,1,1,1,0,0,1,0,1,0.596740
0,0,1,0,0,0,1,1,1,1,1,1,1,0,1,1,1,1,1,0,1,0,1,1,1,1,0,0,1,1,1,0,0.540007
0,0,1,0,0,1,1,0,1,1,1,0,1,1,0,0,1,1,1,1,1,0,1,1,0,0,0,0,0,0,0,1,0.557964
0,0,1,1,0,1,0,1,1,1,1,0,1,1,0,1,0,1,0,0,0,0,1,1,0,0,0,1,0,0,1,1,0.604425
1,1,0,1,0,0,0,0,1,1,0,0,0,0,0,0,0,0,1,1,0,1,1,0,1,1,0,1,0,0,1,1,0.629690
1,0,0,0,0,1,1,0,0,1,0,1,0,1,0,1,1,0,0,1,0,0,1,0,0,1,0,0,0,1,1,0,0.639485
1,1,0,0,0,0,1,1,0,1,0,0,1,0,1,0,1,1,0,1,0,1,0,1,0,1,1,0,1,0,0,0,0.615375
0,0,1,0,0,1,0,1,0,1,0,0,0,0,0,1,1,1,1,0,1,1,0,0,0,0,1,1,0,1,1,0,0.620925
1,0,1,0,0,0,1,0,1,0,1,1,0,0,0,1,1,0,1,0,1,0,0,1,1,0,0,1,0,0,0,0,0.621980
0,0,1,1,1,0,1,0,1,1,1,1,0,1,1,1,0,0,1,0,0,0,0,1,0,1,1,0,1,0,0,0,0.597845
0,0,1,1,0,0,0,1,0,0,1,1,1,1,0,0,0,0,1,1,0,1,1,0,1,0,0,0,1,0,1,0,0.644608
1,1,1,0,1,0,0,0,0,1,0,1,1,0,1,0,1,1,1,0,1,0,1,1,1,0,0,1,0,1,0,1,0.573585
1,1,1,1,0,1,0,0,1,0,1,0,1,0,0,1,0,1,1,1,0,0,1,0,1,0,0,1,0,0,0,1,0.606233
0,0,0,0,0,0,0,1,1,1,0,1,0,0,1,1,1,1,0,0,1,1,1,1,1,0,0,0,0,1,1,0,0.618665
1,1,0,1,0,1,1,0,1,1,0,0,0,0,0,0,1,1,0,1,1,0,1,0,0,1,0,0,1,1,0,0,0.603245
1,1,1,1,0,1,1,0,0,0,1,1,0,0,1,1,0,1,0,0,0,0,0,1,1,0,0,0,0,1,1,1,0.564619
1,1,1,1,0,0,1,1,0,1,0,1,0,1,0,1,0,0,1,1,0,1,0,1,1,0,1,1,1,0,1,1,0.558265
1,1,1,1,1,0,0,1,0,0,1,0,1,0,1,0,0,0,0,1,1,0,1,1,0,0,0,1,0,1,1,1,0.600959
0,1,0,1,1,1,0,1,0,1,1,0,1,0,0,1,0,0,0,1,1,0,0,0,1,1,1,1,1,1,1,1,0.573535
1,1,0,1,1,1,0,0,1,0,0,0,1,0,1,0,0,0,1,1,0,1,1,1,0,1,1,1,0,1,1,1,0.569114
0,1,1,0,0,1,0,1,1,1,1,1,0,1,0,0,0,1,0,1,1,0,1,0,0,1,1,1,0,0,0,1,0.599151
0,1,0,1,1,0,1,0,0,0,0,0,0,1,1,0,1,0,0,0,0,1,0,1,0,0,1,0,1,0,1,1,0.626526
0,1,0,1,0,1,1,0,0,1,0,0,1,1,1,0,1,1,1,1,1,0,1,1,0,0,0,0,1,0,1,1,0.583103
1,0,0,1,1,1,0,0,1,1,1,0,0,1,1,1,1,0,0,1,0,0,0,0,0,1,0,0,1,1,1,0,0.614169
0,1,1,1,1,1,1,1,0,1,1,1,1,1,1,1,1,0,1,0,0,0,1,0,0,1,1,1,0,1,0,0,0.575117
1,0,1,0,0,0,1,1,1,0,1,0,1,1,1,1,0,0,0,1,0,0,0,1,1,1,0,1,1,0,1,0,0.594003
0,0,0,1,0,1,0,1,1,1,0,0,1,1,1,0,1,1,1,0,1,1,0,1,1,1,1,0,1,0,1,0,0.582274
1,0,1,0,1,1,1,1,1,0,1,0,0,1,1,0,0,1,0,1,0,1,1,1,1,1,1,0,0,1,1,1,0.537897
1,0,1,0,0,0,1,1,0,0,0,1,0,1,1,1,0,0,0,1,1,1,1,0,0,1,0,1,1,0,1,0,0.615274
0,1,0,0,0,1,1,1,0,1,1,0,0,1,0,0,1,0,1,0,0,0,0,1,1,1,1,1,0,0,0,1,0.613567
0,1,1,1,1,0,0,0,1,0,0,0,1,1,0,1,1,0,0,1,1,0,0,1,1,1,1,0,0,0,0,0,0.604425
0,1,0,0,1,1,0,1,1,1,0,0,0,1,1,1,1,1,0,1,0,1,0,1,1,1,1,1,0,1,0,1,0.597494
0,1,1,1,1,0,1,0,0,1,1,1,1,0,1,0,0,0,1,0,0,0,0,0,1,0,0,1,1,1,1,0,0.599478
0,0,1,0,1,1,0,1,1,1,1,0,0,1,0,1,1,1,1,1,1,1,1,0,0,1,0,1,0,0,0,1,0.548270
0,0,1,1,1,0,1,0,0,1,1,0,1,0,1,1,1,1,0,1,0,1,1,1,0,0,1,0,1,0,0,0,0.586946
0,1,0,1,0,1,0,1,1,0,1,1,0,0,1,1,0,0,0,1,1,0,1,1,0,0,1,1,1,1,1,1,0.550555
0,0,1,0,0,1,0,0,0,0,1,1,0,0,1,1,0,0,0,0,1,1,0,0,1,0,0,0,0,0,0,1,0.653699
1,0,1,0,0,1,0,0,0,1,0,1,1,1,0,0,1,0,1,0,1,1,1,1,0,0,1,1,0,0,0,1,0.603797
1,0,0,1,1,1,0,0,0,1,0,0,0,0,1,0,1,0,1,0,0,0,1,1,1,1,1,0,0,1,1,0,0.604199
0,1,0,1,0,0,1,1,0,0,0,1,1,1,0,0,0,0,0,0,0,1,0,0,1,0,0,0,0,0,1,0,0.650887
1,0,1,0,1,0,0,1,0,0,1,0,0,0,1,1,1,0,0,0,1,0,0,1,1,0,1,0,0,1,1,1,0.586770
1,0,1,0,1,0,0,1,0,1,0,0,0,0,0,0,1,0,1,1,1,1,0,0,0,1,0,1,0,1,0,0,0.614697
0,0,1,1,1,0,1,1,1,0,0,1,1,1,1,1,0,1,0,1,1,0,1,1,0,0,1,1,0,1,1,0,0.583831
0,1,1,0,0,1,0,1,0,1,1,1,0,0,0,0,1,0,1,1,1,1,0,0,0,1,0,1,0,0,1,1,0.616781
0,0,0,0,1,0,1,0,1,1,0,0,0,1,1,0,0,0,0,0,1,0,0,1,1,1,1,0,1,1,0,1,0.630870
0,1,0,1,1,1,1,1,0,1,0,0,0,1,1,1,1,1,1,0,0,0,0,0,0,1,0,0,1,1,1,1,0.556356
0,0,0,1,0,0,1,1,1,0,0,1,1,0,0,0,0,1,0,0,1,1,0,1,1,1,1,0,0,1,0,1,0.622231
0,0,0,0,1,0,1,1,1,0,0,1,1,0,1,0,0,0,0,0,0,1,1,1,1,0,1,0,1,1,0,0,0.560852
0,0,0,0,1,0,1,0,0,0,1,1,1,1,0,1,0,0,0,1,1,1,1,0,0,1,1,1,1,1,1,1,0.576724
0,0,1,0,0,0,1,0,0,1,0,1,1,0,1,0,0,0,0,0,0,1,0,1,1,1,0,0,1,0,1,0,0.651916
1,1,0,0,0,0,1,0,0,0,0,1,1,0,1,1,1,0,1,1,0,0,1,0,0,0,1,0,0,1,1,0,0.612813
1,0,1,1,0,1,0,0,0,1,0,0,1,1,1,0,0,1,0,0,1,1,1,1,1,0,1,1,1,1,0,0,0.585514
1,1,1,1,1,0,0,0,0,1,0,1,1,0,1,1,0,1,1,1,1,0,0,1,1,1,1,1,0,0,1,1,0.536441
0,1,0,1,1,1,0,1,0,1,1,0,0,0,0,0,1,0,0,1,1,0,1,1,0,1,1,0,1,0,0,1,0.610252
1,1,1,1,1,1,1,0,0,1,0,0,0,1,0,1,0,1,1,1,1,1,1,1,1,1,0,0,1,1,1,0,0.505098
0,0,1,0,0,1,0,1,0,0,1,1,0,0,0,1,1,1,1,1,1,1,0,1,0,1,1,0,0,1,1,1,0.546537
1,1,0,0,1,0,1,0,1,1,1,0,1,1,0,0,0,1,0,0,0,1,0,1,1,0,1,1,0,0,0,1,0.604651
0,0,0,1,1,1,0,0,1,0,0,1,0,0,1,0,1,1,0,1,0,0,0,1,0,1,0,1,1,0,0,0,0.618313
0,1,1,0,0,0,1,0,1,1,1,1,0,0,0,0,0,1,1,0,1,0,0,1,0,0,0,1,0,1,1,1,0.607414
0,0,1,1,0,0,1,0,0,1,0,1,1,0,0,0,0,0,1,0,1,0,0,1,0,0,1,1,0,1,1,0,0.652142
0,0,0,0,0,1,1,0,1,0,0,1,1,0,0,0,1,0,0,1,1,0,0,0,0,0,1,0,0,0,0,0,0.622306
0,0,1,1,1,1,0,0,1,0,1,1,1,0,0,0,1,0,0,1,0,0,1,0,1,0,1,0,1,1,1,0,0.611306
0,1,1,0,0,1,0,1,0,1,0,1,0,0,0,1,1,1,1,0,0,0,1,0,0,1,0,0,0,1,1,1,0.612060
0,1,1,0,1,0,0,0,0,1,1,1,1,1,0,0,1,1,0,0,0,0,1,0,1,1,1,1,1,1,1,1,0.578984
1,1,0,1,1,1,0,1,0,0,1,0,1,1,0,1,1,0,1,1,0,0,1,0,1,1,0,1,1,0,0,0,0.581747
1,1,0,0,0,0,1,0,0,0,1,1,0,0,1,1,0,1,0,0,1,1,1,0,1,1,0,0,0,1,0,1,0.610653
0,0,1,1,0,1,0,1,1,1,0,1,0,1,0,1,1,0,1,1,0,1,0,0,1,0,0,1,1,1,0,1,0.627580
0,1,0,1,0,0,0,1,0,0,1,0,0,1,0,1,1,1,1,1,1,1,0,0,1,1,1,1,1,0,0,1,0.594430
1,1,1,1,1,0,0,0,0,1,0,1,1,0,0,0,0,0,1,0,0,1,1,1,0,0,1,0,0,0,1,0,0.613290
1,0,0,0,0,0,1,0,1,0,0,0,1,0,0,1,1,0,1,0,1,1,1,0,1,0,1,1,0,1,0,0,0.628861
0,0,0,0,1,0,0,1,1,1,1,1,1,0,0,1,0,1,1,1,1,0,0,0,0,1,1,0,1,0,1,1,0.593978
0,1,1,0,0,1,1,1,0,0,0,0,0,0,1,1,0,0,0,1,1,1,1,0,1,1,0,1,0,1,1,0,0.570621
0,1,0,1,0,1,1,1,1,1,1,1,1,1,1,0,1,0,1,1,0,1,0,1,1,1,1,1,0,1,0,0,0.573585
1,1,1,0,0,1,0,1,1,0,0,0,0,1,0,0,0,1,0,0,1,1,0,0,0,0,0,0,1,0,1,0,0.614094
1,1,0,0,1,1,0,1,1,0,1,1,0,0,1,0,0,0,1,0,1,0,1,0,1,1,0,0,1,0,0,0,0.609548
1,1,0,0,1,1,1,0,0,0,1,0,1,1,0,0,0,0,0,0,0,1,0,1,1,0,1,1,1,1,0,0,0.578783
1,1,1,1,0,1,0,0,1,0,1,1,1,0,1,0,1,0,0,0,1,0,1,0,0,1,1,0,1,0,0,0,0.608921
0,1,0,1,1,0,1,0,1,1,1,0,0,1,1,0,1,0,0,0,1,0,0,0,0,0,0,0,1,0,1,0,0.614395
1,1,1,0,0,1,0,1,1,0,0,1,0,0,0,1,0,1,0,1,1,0,0,0,1,0,1,1,1,0,0,1,0.607514
1,1,0,1,0,0,0,0,1,0,0,0,1,0,1,0,0,1,1,1,1,1,1,1,1,0,1,1,0,1,1,0,0.609297
1,1,1,1,0,1,0,0,1,0,1,0,0,1,0,1,1,0,0,0,0,1,0,1,1,0,1,0,1,1,1,1,0.508916
1,1,0,0,0,1,0,1,0,0,0,1,0,1,0,0,1,0,1,0,0,1,0,1,1,1,1,1,1,0,0,0,0.619946
1,1,0,1,1,1,0,1,1,0,1,1,0,0,1,0,1,0,0,1,0,1,1,0,1,1,0,1,1,0,0,0,0.593124
1,0,0,0,0,0,1,0,0,1,1,0,1,1,0,0,0,1,0,1,0,1,0,1,0,1,1,1,0,1,0,1,0.618640
0,0,0,0,1,0,0,1,0,0,1,0,1,1,1,0,0,0,1,1,1,0,1,1,0,1,0,0,1,0,0,1,0.604249
0,1,0,0,1,1,1,0,0,0,1,0,0,1,0,0,0,1,1,0,0,0,0,0,1,1,0,1,1,0,0,1,0.620348
1,0,0,1,1,0,0,1,1,0,0,0,1,1,0,0,0,1,1,0,1,0,0,0,0,1,0,0,1,1,1,0,0.607790
0,1,1,0,0,0,1,0,0,1,0,0,0,1,0,1,0,1,0,1,0,1,0,0,0,0,0,0,0,1,1,0,0.659903
1,0,0,0,1,0,0,1,1,1,0,0,1,0,0,1,1,1,1,0,0,1,0,1,1,0,0,0,0,0,1,1,0.589984
0,0,1,1,1,1,1,0,1,1,1,0,0,0,0,1,1,0,1,1,0,1,0,1,0,0,1,1,0,1,0,1,0.592948
1,1,0,0,0,0,1,1,1,0,1,1,1,1,1,0,0,1,1,0,0,0,1,0,0,1,0,0,1,1,0,0,0.592621
1,0,0,1,1,0,0,0,1,0,0,0,0,1,0,1,1,0,0,1,0,0,1,1,0,0,1,0,1,1,1,0,0.614119
1,0,0,1,0,1,1,1,1,1,1,1,1,0,0,1,1,0,0,0,0,1,0,0,0,1,0,0,0,0,1,0,0.614119
1,1,1,0,0,0,0,0,1,1,0,0,1,1,0,1,1,0,1,1,1,1,0,1,1,1,0,1,1,0,0,1,0.592220
1,1,0,0,1,1,1,0,0,1,1,1,0,1,0,0,1,0,1,1,0,0,1,1,0,0,1,1,0,0,0,1,0.600005
0,0,0,1,0,0,0,1,1,1,1,0,1,0,1,0,1,0,0,1,0,0,1,0,0,1,0,1,1,1,0,0,0.625596
1,1,1,1,0,0,1,1,0,1,0,0,1,1,0,1,0,0,0,0,1,1,1,1,1,1,0,0,0,1,0,1,0.567457
0,1,1,1,1,1,1,1,1,1,1,0,1,1,1,1,1,1,1,0,0,1,0,1,1,0,1,1,1,0,0,1,0.555854
1,1,0,1,0,0,1,0,0,1,1,0,0,0,0,1,0,0,1,0,1,0,1,1,0,0,1,0,0,1,1,0,0.626676
1,1,1,1,0,0,0,0,1,0,1,0,0,0,0,1,1,0,0,0,1,1,0,1,0,1,1,0,1,1,0,0,0.597242
0,1,1,0,0,0,1,1,0,1,1,0,0,1,0,1,0,1,1,0,0,0,1,1,0,1,0,1,1,0,0,0,0.614622
0,1,0,1,1,1,1,0,0,1,1,1,0,1,0,1,0,0,0,0,1,1,1,0,1,0,0,1,0,1,0,1,0.589156
1,0,0,1,1,0,0,0,0,0,0,1,0,1,1,0,1,1,0,0,1,1,1,1,0,1,0,0,0,0,1,0,0.621277
1,1,1,1,1,0,0,1,1,0,1,1,0,1,1,1,0,0,1,1,1,1,1,0,1,0,0,1,0,0,0,1,0.570571
0,1,0,0,1,0,1,0,1,0,0,1,0,1,0,0,0,1,0,0,1,0,1,1,1,0,0,0,1,0,0,1,0.600784
1,1,0,1,1,1,0,0,1,1,0,0,0,0,0,0,0,0,0,1,1,0,0,0,1,1,0,0,1,0,0,1,0.611306
0,0,0,1,0,1,0,1,0,1,0,1,0,0,0,0,1,0,1,0,0,1,1,1,1,0,1,1,0,1,1,0,0.620800
0,1,0,1,1,1,1,0,1,1,1,1,0,0,0,0,1,1,1,1,1,0,0,1,0,0,1,0,0,0,1,1,0.581320
0,1,0,1,1,0,0,0,0,0,1,1,0,0,1,0,0,1,0,0,0,0,0,1,0,0,0,1,1,1,0,1,0.639158
1,0,0,0,1,1,0,0,1,1,1,0,1,1,1,1,0,0,0,0,1,1,1,1,0,0,1,0,1,1,0,0,0.568537
0,0,0,1,0,0,1,1,1,0,1,0,0,1,0,0,0,0,1,1,1,1,0,0,1,0,0,1,1,1,1,1,0.611934
0,0,0,0,1,1,0,0,1,1,0,0,0,1,1,0,1,0,0,0,0,0,1,1,1,1,1,0,1,0,0,1,0.613969
0,1,0,0,0,1,0,0,1,0,0,1,1,1,0,1,1,1,0,0,0,1,0,1,1,0,1,1,1,1,0,1,0.602039
1,1,1,1,1,1,0,1,0,0,0,0,1,1,0,1,1,1,1,1,0,0,1,1,0,0,0,1,1,0,1,0,0.574690
1,0,1,0,1,0,0,0,0,1,0,0,0,0,0,0,0,0,0,0,0,1,1,1,0,1,1,0,1,1,1,0,0.625948
0,0,1,0,1,1,1,1,1,0,0,0,0,1,0,1,0,0,1,1,1,0,0,0,1,1,0,1,1,1,0,1,0.599829
1,1,0,1,1,0,0,1,0,1,1,1,1,1,1,0,1,0,0,1,0,1,1,0,0,1,1,1,1,1,1,0,0.569140
0,1,0,1,1,0,1,0,0,1,0,0,1,1,0,1,0,0,0,0,1,1,1,1,1,0,0,0,0,0,0,1,0.607991
0,0,1,0,0,1,0,0,1,0,0,1,0,0,0,1,0,0,1,0,1,0,0,0,0,0,0,1,1,0,0,0,0.643402
0,0,1,1,1,1,1,0,1,1,1,1,1,0,0,0,0,0,1,1,1,1,0,0,0,0,0,1,1,0,0,1,0.585037
1,1,0,0,1,0,0,1,0,0,1,1,0,0,0,1,1,0,0,1,1,1,0,1,0,1,1,1,1,0,1,0,0.594153
1,0,1,1,0,0,1,0,1,1,0,1,1,1,1,1,0,1,1,1,1,0,0,0,1,1,0,0,1,1,1,1,0.558064
0,0,1,1,0,1,1,0,1,1,1,1,0,0,1,0,0,0,1,0,0,0,0,1,0,0,1,0,1,1,1,1,0.604400
0,0,0,0,1,1,0,1,1,1,1,1,1,0,0,0,1,0,1,0,0,0,1,1,0,1,1,0,0,0,1,0,0.609875
1,1,0,1,1,0,0,1,1,0,1,0,0,1,0,1,0,1,1,1,1,1,1,1,0,1,1,1,1,1,1,0,0.554850
1,0,0,0,1,0,0,0,0,0,1,1,1,1,0,1,1,0,0,1,0,1,0,0,1,1,0,1,1,0,0,0,0.621151
0,1,1,0,0,0,1,1,1,0,1,1,0,0,0,0,0,0,0,1,0,1,1,1,1,1,0,0,1,1,0,0,0.617409
0,0,0,0,0,0,0,1,0,1,0,0,0,1,0,0,1,0,0,1,0,1,1,1,0,0,1,1,0,1,1,1,0.654955
0,0,1,1,0,0,0,0,0,0,1,1,0,0,0,0,1,1,1,1,0,1,1,1,1,0,1,0,1,0,1,1,0.646090
0,1,1,0,0,0,1,0,0,1,0,0,1,0,0,1,1,0,0,1,1,0,1,1,0,1,0,0,1,0,1,0,0.617660
1,0,1,0,0,1,1,1,0,1,1,0,0,1,0,0,1,1,0,1,1,0,0,0,0,1,0,0,0,0,1,0,0.611558
1,0,0,1,0,0,0,0,0,1,1,1,1,0,0,1,0,0,0,1,1,0,0,1,0,1,1,1,1,1,1,0,0.602491
1,1,0,0,0,0,1,0,1,1,1,0,0,1,1,0,0,0,0,1,0,0,0,1,0,0,1,1,0,1,0,1,0.622432
1,1,0,0,1,1,1,1,1,0,0,0,1,0,0,1,1,1,0,1,1,1,0,0,1,1,1,0,1,1,0,1,0.569617
1,0,1,0,0,1,1,1,0,0,0,0,1,1,0,0,1,1,0,0,0,1,0,0,0,1,0,0,0,1,0,1,0.608820
1,0,0,1,1,0,1,1,1,1,1,1,0,1,1,0,1,0,1,0,0,1,0,1,1,1,0,1,0,0,0,1,0.589432
0,1,0,0,1,1,1,0,1,0,0,0,0,0,1,1,1,1,0,1,1,1,1,1,0,1,1,1,0,0,1,0,0.576975
0,1,0,0,0,1,1,1,1,1,0,1,1,0,1,0,0,1,1,0,1,0,0,0,0,1,1,1,1,1,1,1,0.570722
0,0,0,1,1,0,1,1,1,0,1,0,1,1,0,1,0,1,0,0,1,1,0,1,0,0,0,1,0,1,1,0,0.592320
1,1,0,0,0,0,0,1,1,0,0,0,0,0,1,0,0,1,0,0,0,0,0,1,1,1,0,0,0,1,1,1,0.621327
1,1,0,1,1,1,0,0,0,1,0,1,0,1,1,0,0,1,1,0,0,1,1,0,1,1,1,0,0,0,1,1,0.586820
1,0,1,0,1,1,1,0,0,0,0,1,1,1,0,1,0,1,1,0,0,0,1,0,0,0,1,0,1,1,0,1,0.580014
1,1,0,0,1,1,0,1,0,0,1,0,1,1,1,0,0,1,0,0,1,0,1,1,0,1,0,1,0,0,0,0,0.599653
1,0,1,0,0,0,1,1,0,0,0,1,0,0,0,0,0,1,0,1,1,0,1,0,0,1,1,1,1,0,0,1,0.616857
0,0,1,1,1,1,0,1,0,1,0,1,0,1,1,1,0,1,1,0,1,0,0,0,0,1,0,1,1,1,0,1,0.619921
0,1,1,0,0,0,1,0,0,1,0,0,0,0,0,0,1,1,1,0,0,0,1,1,0,1,0,0,0,0,0,1,0.650560
0,0,0,1,1,1,0,0,0,1,0,0,0,1,0,0,0,0,1,0,1,1,1,0,1,0,1,1,0,0,1,0,0.609021
1,0,0,1,1,1,0,0,0,1,1,1,0,0,0,1,0,0,0,1,0,1,1,1,1,1,1,1,1,1,1,1,0.526370
0,1,0,1,1,0,0,0,1,0,1,0,0,1,0,0,0,0,0,1,0,1,0,0,0,0,1,0,0,1,0,0,0.636848
0,1,1,1,0,0,1,1,1,1,1,1,0,0,1,0,0,1,1,0,0,0,1,0,1,0,0,0,1,0,1,0,0.662339
1,0,1,1,1,1,1,1,0,1,1,1,1,1,0,0,0,1,0,0,1,0,1,1,0,0,1,1,0,1,1,0,0.566704
0,1,1,1,0,1,1,0,1,0,1,1,0,0,0,1,1,1,1,1,1,0,1,1,0,0,0,1,1,0,1,0,0.590286
0,0,0,0,0,0,1,1,1,1,1,1,0,1,1,1,1,0,1,1,1,1,1,0,1,1,0,1,1,1,1,1,0.515797
0,1,1,0,1,0,0,0,0,0,1,0,0,1,1,1,1,0,0,0,1,1,0,0,1,1,0,1,0,0,0,0,0.618866
1,0,0,0,0,1,0,1,1,0,1,0,1,0,1,1,0,0,1,1,1,1,0,0,0,1,0,0,0,0,0,1,0.617334
0,0,1,1,1,1,1,0,1,1,1,1,1,0,0,0,1,0,0,0,0,1,1,0,0,0,0,1,1,1,0,1,0.593927
1,0,1,1,0,0,0,1,1,0,1,0,1,0,1,1,1,1,0,1,0,0,1,1,1,0,0,1,0,1,0,1,0.560073
1,0,1,1,1,0,0,1,0,0,0,0,1,0,0,0,0,0,0,0,1,0,0,1,0,1,0,0,0,1,1,0,0.616053
0,0,0,0,0,0,1,1,1,0,1,0,1,1,0,1,0,1,1,1,1,0,1,0,1,0,0,0,0,1,0,0,0.607539
1,1,1,0,1,1,0,0,0,1,0,0,1,0,1,0,1,1,1,1,0,1,1,0,0,1,0,0,0,1,0,1,0.591567
0,1,1,0,1,1,1,0,0,1,0,0,0,1,1,0,0,1,1,1,1,0,1,0,0,0,0,1,1,0,1,0,0.596414
0,1,1,0,0,1,0,1,0,1,0,0,1,1,0,1,0,0,0,0,1,0,1,0,0,0,0,0,0,0,1,0,0.630619
0,1,1,1,0,1,0,0,0,1,0,0,0,1,1,0,1,1,0,0,1,1,1,1,0,0,1,0,0,1,1,1,0.568386
0,0,0,0,0,1,1,1,0,1,1,0,1,0,1,0,1,0,1,0,0,1,0,1,0,0,1,1,0,0,0,1,0.617158
0,1,1,1,0,1,1,1,0,0,0,1,0,1,0,1,0,0,0,1,1,1,1,0,0,0,1,1,0,1,0,0,0.615475
1,0,0,1,0,1,0,0,0,1,0,1,1,0,1,0,1,0,0,1,1,1,0,0,0,1,0,1,0,0,1,1,0.646215
0,0,0,0,0,1,0,1,1,0,0,0,0,0,0,1,0,1,0,1,1,1,1,1,0,0,1,1,0,0,1,1,0.620473
0,0,0,1,0,0,0,0,1,0,1,0,1,0,0,1,1,0,0,0,1,1,0,1,0,0,1,1,0,0,1,1,0.607439
1,0,1,0,1,0,1,0,0,0,1,1,1,1,1,0,0,1,0,1,0,0,0,1,0,0,1,0,1,1,1,0,0.592898
0,0,0,0,0,1,1,0,1,1,0,0,0,0,1,0,1,1,1,0,0,0,1,1,0,0,0,0,0,0,1,1,0.633784
1,0,1,1,1,0,1,0,0,0,1,1,0,1,0,0,0,1,1,0,1,1,0,0,0,1,1,0,1,0,1,0,0.600507
0,0,1,1,1,1,1,0,1,1,0,1,1,1,1,1,1,1,1,0,0,0,1,1,1,0,1,0,0,1,0,1,0.537345
0,0,0,0,1,0,0,1,0,0,0,1,0,1,1,0,0,0,0,1,0,1,0,0,1,1,1,1,0,1,1,1,0.602692
0,0,1,1,1,1,1,1,0,0,1,0,0,0,0,1,0,1,1,0,0,1,1,0,0,1,0,1,1,0,0,0,0.627254
1,0,0,0,0,0,0,1,1,1,0,0,0,1,0,0,1,0,1,1,0,1,1,1,1,1,0,1,1,0,0,1,0.604953
0,0,0,1,1,1,1,1,0,1,1,0,1,0,1,0,1,1,0,0,0,1,0,1,0,1,0,1,1,0,0,0,0.607615
0,0,1,0,0,1,0,1,1,1,0,0,1,0,1,1,1,1,0,1,0,1,1,1,0,1,0,0,1,1,0,0,0.591165
0,0,0,0,0,0,0,0,0,0,0,0,0,1,0,0,0,0,1,1,1,0,1,1,0,0,1,1,1,0,1,1,0.641971
0,1,0,0,0,0,1,0,0,0,1,1,1,1,0,0,1,1,0,0,1,0,1,0,1,1,0,1,1,0,1,1,0.596665
1,1,1,1,0,1,0,1,0,0,1,1,1,0,1,0,1,0,1,1,0,1,1,0,0,0,1,1,0,1,0,1,0.629012
1,1,0,1,0,0,0,1,1,1,0,0,0,1,1,1,0,0,0,1,1,1,0,0,1,1,0,0,1,0,1,1,0.602592
1,0,0,1,1,1,0,0,0,1,0,1,1,1,0,1,1,1,1,1,1,0,1,1,0,1,1,0,0,0,1,0,0.584836
1,1,1,1,0,1,0,0,1,0,1,0,0,1,0,1,1,0,1,0,0,0,1,1,1,0,0,0,0,1,1,0,0.605982
0,0,0,1,1,1,0,1,0,1,1,0,0,1,0,0,0,1,1,1,0,0,0,0,0,0,0,1,0,1,1,0,0.636848
1,1,1,0,1,0,0,0,1,0,1,0,0,0,1,1,1,0,1,1,0,1,1,0,1,0,0,1,1,0,0,1,0.599402
0,0,0,0,1,1,1,0,1,0,1,1,1,0,0,1,1,1,0,1,0,1,1,0,1,1,0,0,1,1,1,0,0.583882
0,1,1,0,0,0,1,1,1,0,1,0,1,1,0,1,1,0,1,1,1,0,1,1,1,0,1,1,0,0,1,0,0.591165
0,0,0,0,0,0,1,0,0,1,1,0,0,1,1,1,0,0,0,1,1,0,0,0,0,1,0,1,0,1,0,0,0.637902
0,1,0,0,1,1,1,1,0,1,0,0,0,0,1,0,0,1,1,1,1,0,1,1,1,1,0,0,1,1,0,0,0.582375
0,0,0,0,0,0,0,0,1,0,1,1,1,0,0,1,0,1,1,0,0,0,0,1,1,0,1,1,1,0,0,1,0.637928
0,1,1,1,0,1,0,0,1,0,1,0,1,1,0,1,0,1,0,0,1,1,0,1,0,1,1,1,1,1,0,0,0.588553
1,1,0,0,1,0,1,0,1,1,1,1,1,0,0,1,1,1,1,0,0,1,0,0,1,0,0,0,1,0,1,0,0.607916
0,0,1,1,1,0,1,1,1,1,0,1,0,0,0,0,0,0,1,0,1,0,1,1,0,1,1,1,0,0,0,1,0.658923
1,0,0,0,0,1,1,0,0,0,1,0,1,0,0,1,0,0,1,1,0,1,0,1,1,0,0,0,0,0,1,0,0.620749
1,1,0,1,0,0,1,0,0,0,0,1,0,1,1,0,0,1,0,1,1,0,0,1,1,1,0,0,1,1,1,1,0.583681
1,0,0,1,0,0,0,0,0,1,0,0,0,1,1,1,0,0,0,1,1,1,1,1,0,0,1,0,0,1,0,1,0.610829
1,0,0,1,0,1,1,0,0,0,1,1,0,1,1,1,1,0,1,1,1,0,1,0,1,1,1,1,0,1,1,1,0.526546
0,0,0,0,0,0,1,0,1,0,0,1,1,0,1,1,1,0,0,0,1,0,1,0,1,1,0,0,1,0,0,1,0.609423
0,0,0,1,1,1,0,1,1,0,0,0,0,0,0,1,0,0,1,1,1,0,0,1,0,0,0,0,0,0,0,0,0.649932
0,0,1,1,0,1,1,0,0,1,0,1,1,0,0,1,1,1,0,0,1,1,0,1,0,1,1,0,0,0,0,1,0.606510
0,0,0,1,1,1,0,0,0,1,1,1,0,1,1,1,1,0,1,0,0,0,0,1,0,0,1,0,1,0,1,0,0.599980
1,0,0,0,0,0,1,1,1,0,1,0,1,1,0,0,0,1,1,1,0,0,0,0,1,1,0,1,0,1,1,0,0.608669
1,1,1,0,1,1,1,0,0,0,1,0,0,1,1,0,0,0,1,0,1,1,0,1,0,1,0,0,0,1,0,0,0.609348
1,0,1,1,1,0,0,0,1,1,1,1,1,0,0,0,1,1,0,0,1,1,1,0,0,1,1,0,0,0,1,0,0.606886
1,1,1,1,1,1,0,0,1,1,1,1,0,1,0,0,0,1,0,1,1,0,0,1,0,1,1,1,1,1,0,0,0.601311
1,1,0,1,0,0,1,1,1,0,1,0,0,0,0,0,1,0,0,0,1,0,0,0,1,0,0,0,1,0,1,1,0.559672
0,0,1,1,1,1,0,0,0,1,1,0,0,0,0,1,1,1,0,0,1,1,1,0,0,0,1,1,0,0,1,1,0.607364
1,1,0,1,0,1,1,1,1,0,0,0,1,0,0,0,0,1,0,1,1,1,1,0,1,1,1,1,0,0,0,1,0.582601
0,0,0,0,0,1,0,0,0,0,0,0,1,0,1,0,1,1,0,0,0,0,0,0,1,0,0,1,1,1,0,1,0.645889
0,0,1,1,1,0,0,1,1,1,0,0,0,1,1,1,1,1,1,0,0,0,0,1,1,0,1,0,1,0,1,0,0.596790
1,1,0,1,0,0,1,0,1,0,1,0,0,0,0,0,1,0,0,0,1,0,1,0,1,1,1,1,1,0,1,0,0.602265
1,0,0,0,1,0,1,0,1,1,1,1,1,1,0,1,1,1,0,1,1,1,1,0,0,0,0,0,1,1,0,0,0.595660
1,0,1,1,0,0,0,0,0,1,0,0,1,0,1,1,0,0,1,0,0,0,0,0,1,1,0,1,1,1,1,0,0.623110
0,1,1,1,0,0,0,1,1,0,1,0,1,1,1,0,0,0,1,1,0,0,1,1,0,0,0,1,0,0,1,0,0.664398
1,0,1,0,0,1,1,0,0,1,0,0,1,0,1,0,0,0,0,1,1,0,1,0,1,1,0,0,1,1,0,1,0.610478
1,0,0,1,0,1,0,1,1,1,0,1,1,1,0,1,1,0,0,0,1,0,0,0,0,0,0,1,0,0,0,0,0.636672
0,0,0,0,0,0,0,0,1,1,0,0,1,1,1,1,1,0,1,0,1,0,1,0,0,0,0,1,1,1,0,1,0.622859
0,1,1,1,0,0,0,1,1,1,1,0,1,1,1,0,1,0,1,1,0,1,0,0,0,1,1,1,1,1,0,1,0.576121
1,0,1,1,0,1,0,1,0,1,0,0,1,1,1,1,0,1,0,0,1,0,0,0,1,1,1,0,0,0,1,1,0.596489
1,0,1,0,1,0,0,1,0,0,1,1,1,0,1,1,1,1,0,0,0,0,1,1,1,1,0,0,1,1,0,0,0.586242
1,0,0,0,1,0,0,0,0,0,1,0,0,1,0,1,0,1,1,0,0,0,0,0,0,1,0,1,0,1,0,1,0.627154
0,0,0,0,0,1,1,0,1,0,1,0,0,1,1,1,1,0,1,0,0,1,1,1,0,0,0,1,0,1,1,1,0.623487
0,1,0,0,0,1,0,1,0,1,0,0,0,1,0,0,0,0,1,1,0,1,0,1,1,1,0,0,1,0,0,1,0.672811
0,1,1,0,1,0,1,0,0,0,0,0,0,0,1,0,0,0,0,0,1,1,1,1,1,1,1,0,1,1,0,1,0.603521
1,1,0,0,1,0,0,0,1,0,1,0,0,0,1,1,0,0,0,1,0,0,0,0,1,0,1,1,0,1,0,0,0.631398
1,1,1,0,0,0,0,1,0,1,0,1,0,0,0,0,1,1,0,1,0,0,0,0,1,1,0,1,0,1,1,0,0.622884
1,1,1,0,0,1,1,0,0,0,0,0,0,0,1,0,0,1,0,1,0,0,1,0,1,1,1,1,1,0,1,1,0.602014
1,0,0,1,0,0,0,1,0,0,1,1,0,0,1,1,1,1,0,1,0,0,1,0,0,1,1,0,1,0,0,1,0.619745
0,0,0,0,1,0,1,0,1,0,1,0,1,1,0,0,1,0,0,1,0,0,1,1,0,1,1,0,1,1,0,0,0.615651
0,1,0,0,0,0,0,1,0,1,0,0,0,0,0,1,1,0,0,1,1,0,1,0,1,1,0,0,1,0,0,1,0.655432
0,1,0,1,0,0,0,0,0,0,1,0,0,1,0,0,1,0,1,1,1,0,1,0,1,1,0,1,0,0,0,1,0.619469
0,0,1,1,1,0,1,0,0,1,0,0,1,1,1,0,0,1,1,0,1,1,1,1,0,1,0,1,0,0,1,0,0.595434
1,0,0,0,0,0,1,1,1,1,0,1,1,1,1,0,0,0,0,0,1,0,0,0,1,1,1,1,0,1,0,0,0.624366
1,0,0,1,1,1,1,0,0,1,0,1,0,0,0,1,0,0,1,0,1,0,0,0,1,1,1,1,1,1,1,1,0.545105
0,0,0,0,0,0,1,1,0,1,0,0,0,0,1,0,0,1,1,1,0,1,1,0,0,0,1,0,1,1,1,0,0.657466
1,0,0,0,1,1,0,0,1,1,0,0,1,0,1,0,0,1,0,0,0,1,0,0,1,1,1,1,0,0,1,0,0.626852
0,1,1,1,1,1,1,0,1,1,1,1,1,1,0,1,0,1,0,0,1,1,0,1,0,1,0,0,1,0,1,0,0.590562
0,0,1,0,1,1,1,1,0,1,1,1,1,0,1,1,1,1,0,0,1,0,0,1,1,0,1,0,1,0,0,1,0.569140
0,1,1,0,1,1,1,0,1,1,1,1,1,0,1,1,1,0,1,1,1,0,1,1,1,0,1,0,0,1,0,1,0.557813
0,0,1,0,0,1,1,1,1,1,1,0,1,1,1,1,1,0,1,0,1,0,1,0,0,1,0,0,1,1,0,1,0.557788
0,0,1,1,0,1,0,0,0,0,0,1,1,0,1,0,1,0,0,0,1,0,1,0,1,0,1,0,1,1,1,0,0.617736
0,1,1,0,0,0,1,0,1,0,0,0,1,0,1,0,0,0,1,0,1,1,0,0,0,1,0,0,0,0,1,1,0.623562
0,1,1,1,1,1,0,0,1,0,0,0,0,0,0,1,1,0,0,0,0,0,0,0,0,0,1,1,0,0,0,1,0.609900
1,1,0,0,0,1,1,0,1,1,0,0,0,0,0,1,0,0,0,1,1,0,1,1,0,1,0,1,0,1,0,0,0.623311
1,0,0,1,1,0,1,1,1,0,1,0,0,1,1,0,0,0,1,0,1,0,1,0,1,0,1,1,0,1,0,1,0.593425
1,0,0,1,1,0,0,1,0,1,0,0,1,1,0,0,1,1,0,0,0,0,0,0,1,0,1,0,0,1,1,0,0.618037
1,1,1,1,1,1,1,1,1,1,1,0,1,1,1,0,0,0,0,0,0,1,1,1,0,0,1,1,0,1,0,0,0.587925
0,1,0,1,0,0,1,0,0,1,1,0,1,1,0,0,1,0,1,1,0,0,1,0,1,1,0,0,0,1,1,0,0.611256
1,0,1,0,1,1,0,0,0,0,1,1,0,0,0,0,1,1,0,1,0,0,1,1,1,1,1,0,0,1,0,1,0.605028
1,1,1,1,0,1,1,0,1,0,1,0,1,0,0,1,0,1,1,1,1,0,1,1,0,1,1,0,1,0,1,0,0.593249
1,0,0,1,0,1,0,0,0,0,1,1,0,1,1,0,0,0,0,1,1,1,1,0,0,0,0,0,0,1,0,0,0.614722
1,1,1,1,1,0,0,1,1,1,0,0,1,1,0,0,0,1,1,0,1,0,1,0,0,0,0,1,1,0,0,0,0.612638
0,1,0,0,0,0,1,1,0,1,1,1,1,1,0,1,1,1,1,1,1,0,0,1,1,1,0,0,0,1,0,0,0.590185
0,1,0,1,0,0,1,0,0,0,1,1,0,0,0,1,1,1,1,1,1,1,1,0,1,1,0,0,1,1,0,0,0.602516
1,1,1,0,0,0,0,0,1,1,1,1,0,0,0,0,1,0,1,1,0,1,0,1,1,0,1,0,1,1,1,0,0.594354
1,0,0,1,0,0,1,1,1,0,0,0,1,1,0,0,1,0,0,1,1,0,1,0,1,1,0,1,0,0,1,0,0.605480
1,0,0,1,0,0,0,0,1,1,0,1,0,1,1,0,0,1,0,1,1,0,1,1,0,0,0,1,0,1,1,0,0.619293
1,1,0,1,1,0,0,1,1,1,0,1,1,1,1,1,1,1,0,1,0,0,1,0,0,1,0,0,0,1,1,1,0.537822
1,1,0,1,1,0,0,0,0,1,1,0,0,1,0,0,1,1,0,0,1,0,0,1,1,1,0,0,0,0,1,0,0.624240
1,0,0,1,0,0,0,0,0,1,0,1,0,1,0,0,0,1,1,0,1,0,1,0,1,0,0,0,0,1,1,1,0.622884
1,1,1,0,1,0,1,0,0,0,1,0,0,0,0,0,0,0,1,0,1,0,0,1,0,1,1,0,1,0,0,1,0.624391
0,0,0,1,0,0,1,1,0,1,0,1,1,1,1,1,0,0,0,1,1,1,1,1,0,1,0,1,0,1,0,1,0.635517
1,0,1,1,0,1,1,0,0,0,1,0,1,1,0,1,1,1,1,1,0,0,0,1,0,0,0,1,1,1,1,0,0.606284
1,1,1,0,0,0,0,0,1,1,1,0,0,1,1,1,1,1,1,0,0,1,1,1,0,1,1,0,0,0,0,1,0.600633
0,1,1,0,0,0,0,1,1,0,0,1,0,1,0,0,1,1,0,1,1,1,0,0,0,0,1,1,0,1,0,0,0.610377
0,0,0,1,1,1,0,1,0,1,1,1,1,0,0,1,1,1,0,0,1,0,0,0,1,0,1,0,0,1,1,1,0.599905
0,0,0,0,0,1,0,0,0,0,0,1,0,1,0,0,0,1,1,1,1,0,1,0,1,1,0,0,0,1,0,0,0.632679
0,0,0,1,1,1,1,1,1,1,0,1,0,1,0,1,0,1,0,0,0,1,1,0,0,1,1,0,1,0,1,0,0.595133
1,0,1,0,0,1,0,1,1,1,1,0,0,1,0,0,0,1,0,0,1,1,0,0,1,1,1,0,1,0,1,0,0.595861
0,1,1,0,0,1,1,1,0,1,1,1,1,1,1,0,1,1,0,1,0,0,1,1,0,0,0,1,0,1,1,1,0.548445
1,1,1,0,1,0,0,1,1,0,1,0,0,0,1,1,0,0,0,0,1,0,1,1,0,0,1,1,0,1,1,1,0.566101
1,1,1,1,1,1,1,0,1,1,0,0,1,1,1,0,0,1,1,0,1,0,1,1,1,1,0,1,1,1,0,1,0.532598
1,0,1,0,1,1,0,0,0,1,0,1,1,1,0,1,1,0,1,0,0,1,1,1,0,0,0,0,1,0,1,0,0.579562
1,0,1,1,1,1,1,0,0,0,0,0,0,0,1,1,1,0,0,1,1,0,0,0,1,1,0,1,1,0,0,1,0.611432
0,0,0,1,0,0,1,0,1,0,0,0,0,0,0,1,1,0,1,0,0,0,1,0,0,1,0,0,1,1,0,1,0.657366
0,1,0,0,0,1,0,0,0,0,0,1,1,1,0,0,0,0,0,1,1,1,0,0,0,0,0,0,0,0,0,1,0.611332
0,0,0,1,1,0,0,0,1,0,1,0,0,1,1,1,1,0,0,0,0,0,1,1,1,0,0,1,1,1,1,1,0.597067
1,0,0,1,0,0,1,1,0,1,0,1,0,0,1,1,1,1,0,1,1,1,1,0,1,0,0,1,1,0,1,0,0.593124
0,1,1,1,1,1,1,0,1,0,1,0,1,1,1,1,1,0,1,0,0,0,0,0,1,0,0,0,0,1,1,1,0.563840
0,0,1,0,0,1,1,0,0,0,0,1,0,0,1,0,0,1,1,0,0,0,0,0,1,1,0,1,0,1,1,0,0.646944
1,1,0,1,0,1,1,0,0,1,1,0,0,0,1,0,1,0,1,1,0,0,1,0,1,1,1,0,0,1,1,1,0.603019
1,1,1,0,1,0,1,0,1,1,0,0,0,1,0,1,1,0,0,1,0,1,1,1,0,0,0,0,0,0,0,0,0.603848
0,0,0,0,1,0,1,0,0,1,0,0,0,0,1,1,0,0,0,1,0,1,0,0,1,0,0,0,1,0,0,0,0.605505
0,0,1,0,0,1,0,0,0,0,0,0,1,0,1,0,0,0,1,1,1,1,0,0,0,0,0,1,0,0,0,0,0.659852
1,1,1,0,1,0,0,0,1,0,0,0,1,1,0,1,1,0,1,0,0,0,0,0,0,0,1,0,0,0,1,1,0.588879
1,1,0,0,1,1,0,1,0,0,1,1,0,1,1,1,1,1,0,0,1,1,1,1,1,1,0,1,0,0,0,1,0.564795
0,1,0,1,1,1,1,0,0,1,0,0,0,0,1,1,1,0,1,1,0,0,1,0,1,1,1,0,0,1,0,1,0.607816
0,1,1,0,0,0,1,1,0,0,1,1,1,0,1,0,1,1,1,0,1,1,1,0,0,0,1,0,1,0,0,0,0.618590
0,1,1,0,1,0,0,1,0,1,1,0,1,1,0,0,1,0,0,0,0,0,1,0,0,0,1,1,0,1,0,1,0.609046
0,0,0,0,0,1,0,0,0,1,0,0,0,1,1,1,0,0,0,0,0,1,0,1,1,0,0,0,0,0,1,1,0.658597
0,0,1,1,0,0,1,1,0,0,0,0,0,0,1,1,0,1,1,0,0,1,1,0,1,1,1,1,0,1,1,0,0.669396
0,0,1,1,0,0,1,1,0,0,1,0,1,1,0,0,0,0,1,1,0,0,1,0,1,0,0,0,0,0,1,1,0.698202
1,0,1,0,1,1,1,0,1,0,0,1,0,0,0,1,0,0,1,0,0,1,0,1,1,1,0,0,1,0,0,1,0.604425
1,0,0,0,0,1,1,0,0,1,1,0,1,0,0,0,0,1,1,0,0,0,0,0,1,1,1,0,1,0,0,1,0.614370
0,0,1,0,1,1,0,0,1,0,1,1,0,0,0,0,0,0,0,1,1,1,1,1,0,1,1,0,1,1,0,1,0.624843
0,0,0,1,1,1,0,1,0,0,0,1,0,0,1,0,0,1,1,0,1,0,1,0,1,1,1,1,0,1,0,0,0.611733
0,0,1,1,0,0,1,0,1,1,1,1,0,1,1,0,1,1,0,0,1,0,1,0,1,1,1,0,0,1,0,0,0.600859
0,1,0,1,0,1,0,1,1,0,1,0,1,0,1,0,0,0,1,1,1,0,0,1,0,1,0,1,0,1,0,1,0.605254
0,0,1,0,0,0,1,1,0,1,0,0,0,0,1,0,1,0,1,1,0,0,1,0,0,0,0,0,0,1,1,0,0.665277
0,0,0,0,0,0,0,1,0,0,0,0,1,1,1,1,1,1,1,0,0,1,1,1,1,0,1,0,1,0,1,1,0.597268
0,0,0,1,1,0,1,1,0,1,0,1,0,1,0,0,1,1,1,1,0,0,1,0,1,1,1,0,0,1,1,0,0.593777
0,1,1,1,0,0,1,1,1,0,0,1,0,1,0,1,1,0,1,0,0,1,1,0,1,0,1,0,0,0,1,0,0.624190
1,0,0,1,1,0,0,0,1,0,0,1,1,0,0,1,0,1,1,1,1,1,0,0,0,0,1,0,0,0,1,0,0.617284
1,1,1,0,1,0,0,1,0,1,0,0,1,1,1,1,0,1,0,1,1,0,1,1,1,0,1,0,0,1,1,0,0.553845
1,1,0,0,0,1,0,1,1,0,1,0,1,0,0,1,0,0,0,0,0,0,0,0,1,0,1,0,1,0,1,1,0.612939
1,0,1,1,0,0,1,0,1,1,1,0,0,0,1,1,1,1,1,0,1,1,0,1,1,1,0,0,1,1,1,0,0.579788
0,0,0,0,1,1,0,0,0,0,0,1,0,1,1,0,1,1,1,1,1,0,0,1,0,1,1,0,1,1,0,0,0.610729
1,0,0,1,0,0,0,0,0,1,0,0,1,1,1,1,0,0,1,0,1,0,0,1,1,1,0,1,1,0,1,1,0.594153
1,0,0,1,1,1,0,1,1,1,1,1,0,0,1,0,0,1,1,1,1,1,0,0,0,1,0,1,1,1,0,0,0.594957
0,0,1,0,0,1,0,0,1,0,0,0,0,1,0,0,1,0,0,1,1,0,0,0,0,0,1,1,1,0,1,0,0.638807
0,0,1,0,0,0,1,0,0,1,1,0,0,0,0,1,1,1,0,0,0,1,0,1,1,0,1,1,0,0,0,1,0.624491
0,0,0,0,0,0,0,1,1,0,1,1,1,0,1,0,0,1,1,1,0,0,1,0,0,1,0,0,0,0,0,0,0.647320
0,0,0,1,0,1,0,0,1,1,0,1,1,1,1,1,0,1,1,0,0,0,1,0,1,1,0,1,1,0,1,1,0.566653
1,1,0,1,1,1,0,1,1,1,1,1,0,0,0,1,1,0,0,0,1,0,1,1,1,0,1,0,1,0,1,0,0.582626
1,1,1,0,1,1,1,1,0,0,1,0,1,0,0,0,0,0,1,0,0,1,0,1,1,0,0,1,1,1,1,0,0.597494
1,1,1,0,1,1,1,1,0,1,0,0,0,0,0,1,0,1,0,1,0,0,1,1,0,1,1,1,0,1,0,1,0.593073
0,0,1,0,0,0,1,1,0,0,0,1,0,1,0,0,0,1,1,0,0,0,1,1,1,1,0,0,1,0,1,1,0.652494
0,0,0,1,1,1,0,0,0,0,0,1,0,0,1,0,1,0,0,1,0,0,0,1,0,1,1,1,1,1,1,0,0.587373
0,1,1,0,1,0,0,0,1,1,0,1,1,1,0,0,1,0,1,0,1,0,0,1,1,1,1,1,1,1,1,0,0.583781
0,1,1,1,0,1,0,0,0,1,0,0,1,0,1,0,0,1,0,0,0,1,1,1,0,1,1,0,0,0,0,1,0.615877
0,1,0,1,1,1,1,0,0,1,1,1,1,0,1,0,1,0,0,0,0,1,1,1,0,1,1,1,1,0,0,0,0.589131
1,0,0,1,0,1,0,0,1,1,1,1,0,0,1,0,1,1,0,0,0,0,1,0,1,1,1,0,0,1,0,0,0.600482
1,1,0,1,1,0,0,0,0,1,1,0,1,1,0,1,0,1,0,0,1,0,1,1,1,1,0,0,1,1,1,0,0.570973
1,1,1,1,1,0,1,0,1,1,1,1,0,1,0,0,0,1,1,0,0,1,1,1,0,1,1,0,1,0,0,0,0.603848
0,1,1,0,1,1,1,0,1,1,1,0,0,1,0,1,1,0,1,1,1,0,1,0,0,0,0,1,1,0,1,0,0.592948
1,0,0,0,0,0,0,1,1,1,1,0,1,0,0,0,0,0,1,0,1,0,1,0,0,1,0,0,0,1,1,0,0.630268
0,0,0,1,0,0,0,0,1,0,1,1,0,0,0,1,1,1,1,1,0,0,0,0,1,1,0,0,0,1,1,0,0.623261
1,1,0,0,1,0,1,1,0,0,1,0,0,0,0,1,0,1,1,0,1,1,1,0,0,1,0,0,1,0,0,1,0.607590
0,0,1,0,1,0,0,1,0,0,0,1,1,0,0,1,1,0,1,1,1,0,1,0,0,0,1,1,1,1,0,1,0.614697
0,0,0,1,1,1,1,0,0,0,1,1,0,1,0,0,1,0,0,1,1,0,1,1,1,1,1,1,1,0,1,0,0.589432
1,0,1,0,1,0,1,1,0,0,0,1,1,0,1,1,1,1,0,0,1,1,0,1,0,1,1,1,0,1,1,0,0.583178
1,0,1,0,0,1,1,1,1,1,0,1,1,0,0,1,1,1,1,1,0,1,0,1,1,1,0,1,1,0,0,1,0.536943
1,1,0,0,0,0,0,0,0,0,1,0,1,1,0,0,1,1,0,0,1,1,0,1,0,0,1,0,1,1,0,0,0.607338
1,1,0,0,1,1,1,0,0,1,1,0,0,1,1,1,1,0,1,0,1,0,1,1,1,1,1,0,0,1,0,1,0.545482
0,1,1,1,1,1,0,1,0,1,0,1,1,1,0,1,0,1,0,1,1,0,0,0,0,0,1,1,1,1,0,0,0.607816
0,1,0,0,1,0,0,1,0,1,0,1,0,0,0,1,0,1,0,1,0,0,0,1,0,0,0,0,0,0,0,1,0.675524
1,0,0,0,1,1,0,1,0,1,0,0,0,0,1,1,1,0,0,0,0,1,0,0,0,0,1,0,0,1,1,1,0.607414
1,0,0,0,0,0,1,1,1,0,1,0,1,0,0,1,1,1,0,1,0,1,1,1,0,1,1,1,0,0,0,1,0.583756
1,0,0,0,1,1,0,1,1,1,1,1,0,1,0,1,0,1,1,0,1,1,0,1,0,0,0,1,1,1,1,1,0.507057
0,0,1,0,0,0,1,0,0,1,0,1,0,1,0,0,1,1,1,1,1,1,0,1,1,1,0,0,0,0,1,0,0.608418
0,1,0,1,0,1,1,1,1,0,1,1,0,0,1,0,0,1,0,0,0,1,1,0,1,0,1,0,0,1,0,0,0.607690
1,0,1,1,1,1,1,1,0,0,0,1,0,1,0,0,1,1,1,0,1,0,1,0,0,0,0,1,1,1,0,0,0.595032
0,0,0,0,0,1,0,0,1,1,0,0,1,0,0,0,1,0,1,0,1,1,0,0,0,0,0,1,1,1,1,0,0.617937
1,0,1,1,0,0,1,0,0,0,1,1,0,1,0,1,1,0,0,0,1,1,1,0,1,0,1,1,1,0,1,0,0.581772
1,1,1,1,1,1,0,0,1,0,0,0,1,0,0,0,0,0,1,1,0,1,0,1,1,1,0,1,0,0,1,0,0.609724
1,1,0,1,1,0,0,0,0,0,1,1,0,0,1,0,1,0,1,1,0,0,0,0,0,1,1,0,1,0,0,0,0.624064
0,1,1,1,0,0,1,1,0,1,1,0,0,0,0,0,1,1,1,1,1,0,1,1,0,1,0,1,0,0,0,1,0.579386
0,1,0,0,1,1,1,1,1,1,0,0,1,0,1,1,1,1,0,0,1,1,0,0,0,1,1,0,1,1,0,0,0.594882
0,1,0,0,1,0,0,0,1,0,1,0,0,0,1,1,1,1,1,0,1,1,1,1,1,1,0,1,0,1,0,0,0.594957
0,0,0,0,1,0,1,0,1,0,0,1,0,0,1,1,0,1,0,0,1,1,1,1,0,1,1,0,1,0,0,0,0.612713
0,0,1,1,0,0,1,0,1,1,1,0,0,1,1,1,0,0,1,1,0,0,0,1,1,1,0,1,0,1,1,1,0.593450
0,0,0,0,0,1,0,0,1,0,0,0,0,0,1,1,1,1,1,0,1,1,0,1,0,1,0,0,0,0,1,0,0.639585
1,1,0,0,1,0,1,0,0,0,1,0,0,1,1,1,1,0,1,0,0,1,0,0,1,1,1,1,1,0,0,1,0.594455
1,1,1,0,0,0,1,1,1,1,0,1,1,0,1,0,1,1,0,1,1,1,1,1,0,0,0,0,0,0,1,0,0.590863
0,1,1,1,0,0,0,1,0,1,0,1,0,1,0,1,1,1,1,0,0,1,1,0,0,1,1,0,1,0,1,0,0.603144
1,0,0,1,0,0,0,0,0,0,1,0,0,1,0,1,1,1,0,1,1,0,1,0,0,0,0,1,0,1,0,0,0.621603
0,1,0,1,1,1,1,1,0,1,1,0,1,0,1,1,1,1,1,0,0,1,1,1,0,1,0,0,0,1,0,1,0.557185
0,0,1,1,1,1,1,0,0,0,0,1,0,1,0,1,0,0,1,1,1,1,1,0,1,1,1,1,1,0,1,0,0.585389
0,0,0,0,1,0,1,0,0,0,1,1,1,0,1,1,1,0,0,0,1,1,0,1,0,1,1,1,1,0,0,0,0.611558
1,1,0,1,0,1,1,0,1,0,1,1,0,1,1,0,0,0,1,1,1,0,0,0,0,0,1,1,1,1,1,0,0.586870
1,0,1,1,0,0,1,1,1,1,0,1,1,1,0,0,1,0,0,1,1,0,1,1,0,1,1,1,1,0,0,0,0.589382
0,1,0,1,0,0,1,0,1,1,1,0,0,1,0,1,0,1,1,0,0,1,0,0,0,1,1,1,0,1,0,1,0.614622
0,0,1,0,1,0,1,1,0,1,1,1,0,0,1,1,1,1,1,1,1,0,1,1,1,1,0,1,1,0,1,0,0.588377
1,1,0,1,1,1,1,0,1,0,0,0,1,1,1,0,0,1,1,0,0,0,1,1,1,0,0,1,0,0,1,0,0.591140
0,0,0,0,1,0,1,0,1,0,0,0,0,0,0,1,0,0,0,0,0,1,1,0,0,1,0,0,1,0,1,1,0.598172
1,0,1,1,1,1,1,1,1,1,0,1,1,0,0,1,0,1,0,1,0,0,0,0,0,0,0,0,0,1,1,0,0.594279
0,0,0,0,0,0,1,0,0,1,1,0,0,1,0,1,1,0,0,0,1,1,1,0,1,0,0,0,1,0,1,1,0.620900
0,0,1,1,1,0,1,1,1,0,1,1,1,1,1,1,0,0,1,0,0,1,1,0,1,1,0,0,1,0,0,0,0.579361
1,1,0,1,1,0,0,1,1,1,0,0,0,1,1,1,0,1,1,1,0,1,1,1,0,0,1,0,0,0,1,0,0.580943
0,0,0,0,1,0,1,1,1,0,1,1,1,0,1,0,1,1,1,0,1,1,1,0,1,0,1,1,1,0,1,0,0.591843
1,1,1,1,1,0,0,0,0,1,0,1,0,1,1,1,1,1,0,0,0,1,1,0,0,1,0,1,0,1,0,1,0.603621
0,0,1,0,0,0,1,1,0,0,0,0,1,0,0,0,0,0,0,0,1,1,0,0,1,0,0,1,1,0,0,1,0.656286
0,0,0,0,1,1,1,0,0,0,1,0,1,0,1,1,0,1,0,0,0,0,0,1,1,1,1,1,1,1,0,1,0.610729
1,0,0,0,0,1,1,1,0,1,0,1,1,0,1,1,1,1,1,1,1,1,0,0,1,1,1,1,0,0,0,0,0.585414
0,1,0,0,1,0,0,1,0,0,1,0,0,0,1,1,0,0,0,0,1,0,1,0,1,1,1,0,0,1,1,1,0.622231
1,1,1,0,0,0,0,1,1,1,1,0,1,0,1,0,0,0,0,0,0,1,1,0,0,1,0,1,0,0,1,1,0.615149
0,0,1,1,1,1,0,0,1,0,1,0,1,0,0,1,1,1,0,1,0,1,1,0,0,1,0,1,0,0,1,1,0.593300
0,0,0,0,1,1,0,0,1,0,0,0,0,1,0,0,1,1,1,0,0,0,0,0,1,0,1,0,0,1,0,0,0.634738
0,1,1,1,0,0,1,0,1,0,1,0,1,1,0,1,1,0,1,0,1,0,1,1,1,0,1,0,1,1,1,0,0.578959
1,0,0,1,1,0,0,1,0,1,0,1,0,1,0,1,1,0,0,1,1,0,0,1,1,1,1,0,0,1,0,1,0.606911
1,0,1,0,0,1,0,0,1,0,0,1,1,0,1,0,1,0,0,0,1,1,0,0,1,0,0,0,0,1,0,1,0.603923
1,1,0,1,1,1,1,0,1,0,1,1,0,0,0,1,1,0,0,1,0,0,0,0,0,1,0,0,1,1,1,0,0.602341
0,1,1,1,0,1,1,1,0,1,1,0,1,1,1,1,1,1,1,0,0,1,0,0,1,1,1,1,0,1,0,0,0.580140
1,0,0,1,1,0,1,1,1,0,1,0,1,1,1,0,1,0,0,0,0,1,0,0,1,0,1,1,1,1,1,1,0.565473
1,0,1,0,1,0,0,0,0,1,1,0,0,0,1,0,1,1,0,0,1,1,0,0,1,1,0,1,1,0,0,1,0.604274
1,0,0,1,0,1,0,0,0,1,1,1,1,0,1,0,1,1,1,0,0,0,0,0,0,0,1,1,1,1,1,1,0.590989
1,0,1,0,0,1,1,1,1,1,0,0,0,1,1,1,0,1,1,1,0,1,1,1,0,1,0,0,1,1,0,0,0.535637
1,0,1,1,1,0,1,0,1,0,0,1,0,0,0,1,0,1,1,1,0,0,1,1,0,0,0,0,1,0,1,0,0.616329
1,0,1,1,1,1,0,0,1,0,1,1,0,1,0,0,1,0,1,0,0,0,1,0,1,1,1,0,1,0,1,1,0.599603
0,0,0,1,0,1,1,1,0,1,1,0,1,1,0,0,0,1,0,1,1,1,0,0,0,1,0,1,1,1,1,0,0.600382
0,0,0,0,1,0,0,0,0,0,1,0,1,1,1,0,1,0,0,1,1,1,1,1,0,1,1,1,0,1,0,1,0.616606
0,1,1,0,0,1,1,0,1,1,0,1,0,0,1,0,0,1,1,1,0,0,0,1,0,1,0,1,1,1,0,1,0.591617
1,0,0,0,1,1,0,1,1,1,1,1,0,1,1,0,1,0,1,1,0,0,0,0,0,1,0,0,0,1,0,1,0.588377
0,1,0,1,0,0,1,0,0,0,0,1,0,0,0,0,1,0,1,0,1,1,1,0,1,1,1,0,0,0,1,1,0.626551
1,0,0,0,0,0,1,0,0,1,1,1,1,1,1,0,1,1,1,0,1,1,1,0,0,1,0,0,0,1,1,1,0.557813
1,1,0,0,1,1,1,1,0,1,0,0,0,0,0,0,1,1,0,0,0,1,0,0,0,0,0,1,1,0,1,0,0.613994
1,1,0,1,0,0,1,1,0,1,1,0,1,0,1,1,1,0,0,0,0,1,0,1,1,0,1,1,1,0,1,0,0.578407
1,0,0,1,1,0,0,1,0,0,0,1,1,1,1,1,1,0,0,0,1,0,0,0,1,0,1,0,1,1,0,1,0.615350
1,0,1,0,1,0,0,0,1,0,0,0,0,1,0,1,1,0,1,1,1,1,1,0,0,0,1,0,0,0,0,1,0.603822
1,0,0,1,0,1,0,0,0,0,0,1,0,0,0,1,1,0,1,1,1,0,0,1,0,0,1,0,1,1,0,0,0.628912
0,0,1,1,0,1,0,1,1,1,1,1,1,0,0,1,0,0,1,0,1,1,0,0,1,1,1,1,0,0,1,0,0.588076
1,0,0,1,0,0,1,0,0,1,0,1,1,1,1,0,0,0,0,1,1,0,0,1,0,0,1,1,1,0,0,1,0.616279
0,1,1,1,1,0,0,1,1,0,1,0,1,1,1,1,1,0,0,1,1,0,0,1,0,1,0,1,1,1,1,1,0.523306
1,0,0,1,0,1,1,0,0,0,0,0,1,1,1,1,0,1,1,0,1,1,0,0,0,1,0,0,1,0,1,1,0.578030
0,1,0,0,1,0,1,1,1,0,1,1,0,0,1,0,0,1,1,1,1,1,0,0,0,1,0,0,1,0,1,1,0.594354
1,1,0,1,1,0,0,0,0,0,1,1,1,0,0,1,1,1,1,0,0,1,1,1,1,1,1,1,0,1,1,1,0.509368
1,1,0,1,0,0,1,1,1,0,1,1,1,1,0,0,1,0,1,0,1,0,1,0,0,1,0,1,1,1,0,0,0.594932
0,0,1,0,1,0,0,0,1,1,0,0,0,0,1,1,0,1,1,0,1,1,0,1,0,1,1,0,0,0,0,0,0.621754
