0,0,0,1,0,0,0,1,0,0,0,0,1,0,1,0,0,0,0,0,1,1,0,0,0,1,0,0,1,1,1,0,0.479673
1,0,1,1,1,1,1,0,0,0,0,1,0,0,1,1,0,0,1,1,0,0,0,1,1,0,1,0,0,0,0,0,0.594656
1,0,1,1,1,0,0,1,0,1,0,1,1,0,1,0,1,0,1,1,1,1,0,0,1,0,0,1,0,1,0,0,0.606111
1,1,0,1,1,1,1,0,1,0,0,1,0,0,0,0,1,0,0,1,0,0,1,0,1,1,1,1,0,0,1,0,0.593377
0,0,0,1,1,1,1,1,0,1,1,1,0,1,0,0,1,0,1,0,0,1,1,0,1,0,1,1,1,0,0,1,0.611600
1,1,0,1,0,1,0,0,0,0,0,1,1,1,1,1,0,0,0,1,1,1,0,1,1,1,0,1,0,1,1,0,0.616235
1,1,0,0,1,1,1,1,0,0,1,1,1,1,0,1,1,0,1,1,0,1,1,0,1,0,0,0,0,0,1,0,0.594975
1,0,0,0,0,0,0,0,0,1,0,1,1,0,0,1,0,0,0,1,0,1,0,0,0,0,0,0,0,0,0,1,0.570679
0,0,1,1,0,0,0,1,1,1,0,0,0,1,0,0,1,0,0,1,0,0,1,0,1,1,0,1,1,1,0,0,0.585438
0,1,1,0,1,0,1,0,1,1,0,1,0,1,1,1,0,1,0,0,1,0,1,1,0,0,1,0,0,1,0,0,0.591965
0,1,1,0,0,0,1,1,0,1,0,0,0,1,1,0,0,1,1,1,0,0,0,0,1,0,0,1,1,1,1,0,0.588582
1,0,1,1,1,1,0,0,1,0,1,0,0,1,1,1,1,1,1,0,1,0,1,1,0,1,0,0,1,0,1,0,0.596947
1,0,0,1,0,1,1,1,1,1,1,1,0,0,1,0,0,1,1,0,0,0,1,1,0,1,1,1,0,1,0,0,0.623348
1,0,1,0,1,0,1,1,1,1,0,1,0,1,1,0,1,1,0,0,1,0,0,1,0,1,1,1,0,0,0,1,0.619485
0,1,0,0,1,1,0,0,0,0,1,0,0,1,1,0,0,0,1,0,0,0,1,1,1,1,0,0,0,0,0,1,0.578858
0,0,1,1,0,1,1,0,0,0,0,0,0,0,0,1,1,0,1,1,0,0,1,0,0,0,1,0,1,0,0,1,0.568201
1,0,1,0,1,0,1,0,1,0,1,1,1,1,1,0,1,1,1,0,0,0,0,1,0,0,1,0,1,0,1,0,0.594203
0,1,1,0,0,0,1,0,1,1,0,1,0,0,0,0,1,0,0,0,1,0,1,1,0,0,0,1,1,1,0,0,0.590313
1,1,1,1,0,0,1,1,1,0,0,1,1,0,0,0,0,1,0,0,0,1,0,1,1,0,1,1,0,0,1,1,0.609042
0,1,1,0,1,0,0,1,0,1,1,0,0,1,1,0,0,1,0,0,0,1,0,1,1,0,0,0,0,1,0,0,0.579577
0,0,1,0,1,1,1,0,0,0,1,0,1,0,1,1,0,1,0,0,1,1,0,0,1,0,0,0,1,0,0,1,0.561248
1,1,1,0,0,1,1,0,0,0,1,1,0,0,1,0,1,0,0,0,0,0,0,0,0,0,1,1,0,1,0,1,0.584958
0,0,1,0,1,1,0,0,1,0,0,0,1,0,0,0,1,1,1,1,0,1,1,1,1,1,0,1,0,1,0,1,0.641011
0,0,0,0,0,1,0,1,1,0,0,0,1,1,1,1,0,1,1,0,1,1,0,1,0,1,1,1,0,1,1,0,0.608616
1,0,1,0,0,1,0,0,1,1,0,0,0,0,1,1,1,1,0,0,1,0,1,0,1,1,0,0,1,0,0,1,0.596947
1,1,0,1,0,1,0,1,0,1,1,1,1,1,0,0,0,0,1,1,1,1,0,1,1,0,0,1,0,1,1,0,0.625213
0,1,0,1,1,1,0,1,1,1,1,1,1,0,1,1,1,1,0,0,1,0,0,0,1,0,1,1,1,1,0,0,0.652280
0,0,1,0,1,1,1,1,1,1,1,1,0,0,1,0,1,1,1,1,0,0,0,0,0,0,1,0,0,1,0,0,0.580270
0,1,0,0,1,0,0,1,0,1,1,0,1,1,0,0,1,1,0,1,1,1,0,1,0,0,1,1,1,0,0,0,0.601050
0,1,0,1,1,1,0,0,1,1,0,0,0,0,0,0,1,1,0,0,1,1,1,0,1,0,1,0,1,0,0,0,0.579044
1,1,0,1,1,0,0,0,1,0,1,1,0,0,0,1,1,0,0,0,0,1,0,1,0,1,1,1,1,0,1,1,0.628943
0,0,1,1,1,0,1,1,1,0,0,1,0,1,0,1,1,1,1,1,1,0,1,1,1,0,1,1,1,1,1,1,0.630168
1,0,0,1,0,0,1,1,1,0,0,1,0,1,1,1,0,0,1,1,1,0,0,1,1,1,0,0,0,1,1,1,0.630382
1,0,0,0,0,1,1,1,0,0,0,1,0,0,0,1,1,1,1,1,1,1,0,0,1,1,1,1,0,0,0,1,0.615383
0,1,1,1,0,1,1,0,0,0,1,0,0,0,1,0,1,0,0,1,1,0,1,0,0,1,1,1,0,0,1,0,0.614370
1,1,0,0,1,0,0,1,0,0,0,0,1,0,1,1,1,1,0,0,1,0,1,1,1,1,1,1,1,0,1,1,0.652920
1,1,0,0,0,1,0,0,0,1,0,0,1,1,0,0,0,1,1,1,1,1,1,1,0,0,0,0,1,1,0,0,0.524803
0,0,0,1,0,0,1,1,0,1,0,0,1,0,0,0,1,1,1,0,1,1,1,1,0,1,1,0,0,1,1,1,0.650202
1,1,1,1,1,0,0,0,0,0,0,1,1,1,1,1,1,1,1,0,1,1,0,0,1,1,1,0,0,0,0,1,0.612452
0,0,1,0,0,1,0,0,0,0,1,1,1,0,0,1,0,0,1,1,0,0,0,0,0,0,1,1,0,0,1,1,0.562260
1,0,0,1,0,0,1,1,0,0,0,1,0,1,0,0,0,0,1,0,0,0,0,1,0,0,0,0,1,1,0,0,0.560715
1,1,0,0,0,1,1,0,0,1,1,0,1,0,1,1,1,0,1,1,0,0,0,0,0,0,1,1,0,1,0,1,0.599904
1,0,1,1,1,1,1,1,1,0,1,1,0,1,0,1,0,1,0,1,1,1,0,0,0,1,0,0,0,1,0,0,0.605366
1,0,1,1,0,0,1,1,0,1,1,0,1,1,1,0,0,0,1,1,1,1,0,0,1,1,0,1,1,1,1,0,0.636322
0,0,0,1,0,0,0,1,0,1,1,1,0,1,0,1,1,0,1,0,0,1,1,1,1,0,0,0,0,0,1,0,0.574249
0,1,0,0,0,0,0,1,1,1,0,1,0,1,0,0,1,1,1,0,1,1,1,1,1,0,1,1,0,1,0,0,0.592897
0,0,1,1,1,0,1,1,1,1,0,0,1,1,0,0,1,0,0,0,1,1,0,1,1,1,1,1,1,1,1,1,0.635843
0,0,1,0,0,1,0,0,1,0,1,0,1,1,1,0,1,1,0,1,1,1,0,0,0,1,1,0,0,1,1,1,0.604966
1,0,1,1,1,1,0,1,0,1,1,0,0,1,1,1,1,0,1,1,1,0,0,1,0,0,1,0,1,0,1,1,0.630515
1,1,1,1,1,1,1,1,1,1,1,0,0,0,0,1,0,0,0,0,0,0,1,0,0,1,0,1,0,0,1,1,0.608536
0,0,0,0,1,0,0,0,1,1,1,0,0,0,1,1,1,1,0,0,1,1,1,1,0,0,1,1,0,1,0,1,0.620711
0,1,1,0,1,1,0,1,1,0,1,0,0,1,1,0,1,0,0,0,1,0,0,1,0,0,0,0,1,1,1,0,0.561834
0,1,0,0,1,1,1,0,0,1,0,0,0,0,0,1,1,1,0,0,0,1,0,1,1,0,1,1,1,1,1,0,0.586077
1,0,1,0,1,0,1,1,1,0,0,1,0,1,0,1,1,0,0,1,0,1,1,0,0,0,1,1,1,0,1,0,0.598545
1,1,1,0,1,0,0,1,1,0,1,0,0,1,1,1,0,1,1,1,0,0,0,1,1,1,1,1,0,0,0,1,0.616528
0,1,1,0,1,1,0,0,0,1,0,0,1,1,1,0,0,0,0,0,0,0,1,0,1,1,0,0,1,1,1,0,0.584239
1,0,1,1,1,0,1,0,1,1,0,0,1,0,0,1,1,0,1,1,1,0,0,0,0,0,1,0,1,0,1,1,0.608243
1,1,0,1,1,1,1,0,0,0,1,1,0,1,0,0,1,0,0,1,1,1,1,1,1,1,1,1,1,1,1,0,0.617061
1,1,0,0,1,0,0,1,0,0,0,1,1,0,1,0,1,1,0,1,1,0,1,0,0,1,0,0,1,0,0,0,0.595215
0,1,0,0,1,1,0,1,0,1,0,0,0,1,1,1,0,1,0,0,0,0,0,0,0,0,1,0,0,0,0,1,0.570412
0,1,0,0,0,1,0,0,1,1,1,1,0,1,0,0,1,0,1,1,0,1,0,0,1,1,0,0,1,1,0,0,0.587010
0,1,1,1,1,0,0,1,1,0,0,0,1,0,1,1,1,0,0,1,0,1,0,1,0,0,1,0,1,0,0,0,0.585784
0,1,0,1,1,0,1,0,1,0,0,1,1,0,1,0,1,0,0,0,0,0,0,1,1,0,1,0,1,1,1,1,0.598092
1,1,1,0,0,1,1,0,0,0,0,0,0,0,0,0,1,0,0,1,0,1,1,0,0,1,0,0,0,1,0,1,0.575821
1,0,0,1,1,0,0,1,0,0,0,0,0,0,0,1,0,0,1,0,0,0,1,0,1,1,0,0,1,1,0,0,0.570892
0,1,0,1,1,1,0,1,0,0,0,1,0,0,0,0,0,1,0,0,0,1,1,1,1,0,1,1,0,0,0,0,0.574568
1,1,0,1,1,1,1,0,1,0,1,1,0,0,0,1,0,1,1,0,1,0,1,0,0,0,0,0,1,0,0,0,0.607896
0,0,1,1,0,0,0,1,0,0,1,0,1,0,0,1,0,0,1,1,1,1,1,0,1,1,1,1,0,1,1,0,0.638267
0,1,0,0,0,0,1,0,1,0,1,1,1,1,0,1,0,0,0,1,1,1,1,0,0,0,1,1,1,1,1,0,0.572730
0,0,1,0,0,0,1,1,0,1,1,0,0,1,1,0,1,0,1,0,1,0,0,1,0,1,0,0,1,1,0,1,0.613891
1,0,1,1,1,1,1,1,1,1,1,1,0,0,0,0,0,0,0,1,1,0,1,1,0,0,0,1,1,1,0,1,0.619459
1,1,1,1,0,0,1,1,1,0,0,1,1,1,1,1,1,1,1,1,0,1,0,1,0,1,0,1,0,0,0,1,0.623988
0,1,0,0,1,0,0,0,0,1,1,0,1,1,1,1,0,0,0,1,1,0,1,0,0,0,1,1,0,0,1,1,0.596308
0,1,1,1,1,1,1,1,1,0,0,0,1,1,1,0,1,0,1,0,1,1,1,0,0,0,1,0,0,0,0,0,0.574089
1,1,0,1,1,0,1,1,1,1,1,0,0,0,1,1,0,1,0,1,1,1,0,1,0,0,1,0,1,1,0,1,0.610161
1,1,1,1,1,0,1,1,1,0,1,1,1,1,1,1,1,0,1,1,1,0,1,1,0,0,0,1,1,1,1,0,0.620951
0,1,0,0,0,0,1,1,1,0,0,0,0,1,0,1,0,1,0,0,0,0,1,0,0,1,0,1,1,0,0,1,0.528213
0,1,1,0,0,0,0,0,0,0,1,0,0,1,1,1,1,1,1,1,1,1,1,0,1,0,0,1,1,1,1,0,0.634458
1,1,1,1,0,1,0,0,1,0,1,0,1,0,1,0,1,0,0,1,1,1,0,0,1,1,1,1,1,1,1,0,0.626172
1,1,1,0,1,0,0,0,0,1,0,1,0,0,1,1,0,1,1,1,1,1,0,1,1,0,0,1,0,1,0,1,0.633179
0,0,0,0,1,0,0,1,0,0,0,0,1,0,1,0,0,1,1,1,1,0,1,0,0,1,0,0,0,0,1,0,0.514759
0,0,1,1,0,1,0,1,0,1,0,1,0,1,0,1,1,1,0,0,1,1,1,0,1,0,0,1,0,1,0,0,0.614264
0,1,0,1,0,1,1,0,1,0,1,1,1,0,0,0,0,0,0,1,0,0,1,1,1,0,0,0,1,0,0,1,0.577925
1,0,0,0,1,1,1,1,1,1,0,0,0,1,1,0,0,1,1,1,0,0,1,1,0,0,1,0,1,0,0,1,0.597213
0,1,1,1,0,1,0,1,0,1,0,1,0,1,1,1,1,0,0,0,1,1,1,0,0,0,0,0,0,0,0,0,0.591246
1,0,1,0,0,1,1,1,0,1,1,1,0,0,1,1,0,0,1,1,0,0,1,0,1,0,1,0,1,0,1,1,0.604540
1,0,0,1,0,0,1,0,1,0,1,1,1,1,0,0,1,1,0,1,0,1,1,1,0,0,0,1,0,0,0,1,0.587756
1,0,0,0,1,0,1,1,1,1,1,1,0,0,0,0,0,1,1,0,1,1,1,0,1,1,1,0,0,1,1,1,0.627637
0,0,0,0,0,0,0,0,0,1,0,0,0,0,1,0,0,0,1,0,1,0,0,1,1,1,1,0,0,0,1,0,0.492381
1,1,0,1,0,0,1,1,0,1,0,0,0,1,1,0,0,1,0,0,0,0,1,1,1,1,0,1,0,1,0,0,0.583706
0,0,0,0,1,1,0,1,1,1,0,1,0,0,0,0,0,1,1,1,1,1,0,0,0,1,0,1,0,1,0,0,0.545103
1,1,0,1,1,0,0,0,0,1,1,0,0,1,0,0,1,0,1,0,1,1,0,1,0,0,0,1,0,0,0,1,0.586370
1,1,0,0,0,1,0,0,0,0,1,1,1,0,0,1,1,1,0,0,0,0,0,1,0,0,1,1,1,1,0,1,0.592631
0,1,0,0,1,1,0,1,0,1,1,0,1,1,1,0,0,1,0,1,0,0,1,0,1,0,0,0,1,0,1,1,0.589168
1,0,0,0,0,1,1,0,1,1,0,1,1,1,0,1,1,0,1,1,1,0,1,0,0,1,1,1,1,0,0,1,0.602675
0,0,1,0,0,0,1,1,1,0,1,0,0,1,1,1,1,0,0,1,0,0,1,0,1,1,0,1,0,1,0,0,0.591832
1,0,1,0,0,0,1,0,1,0,1,1,1,0,0,0,0,0,0,0,1,1,0,1,1,0,0,1,0,1,1,0,0.595002
0,0,0,1,1,1,0,0,1,0,1,0,0,1,1,0,1,0,0,0,0,0,0,0,1,1,0,1,1,1,0,0,0.584079
0,1,0,1,0,0,0,1,1,0,0,0,0,1,0,0,1,1,0,1,0,1,0,1,0,1,1,0,1,0,1,1,0.566070
1,1,0,1,1,0,0,0,0,0,0,0,0,1,1,0,1,0,0,0,1,1,0,1,1,0,0,0,0,1,0,1,0.566816
1,0,0,1,1,0,0,0,1,0,1,0,0,1,0,0,1,0,0,0,1,0,0,1,1,0,0,0,0,0,1,0,0.586104
0,1,0,1,0,1,0,1,0,0,0,0,0,1,0,1,1,0,0,0,1,1,0,0,0,0,0,1,1,0,1,1,0.556426
1,0,0,1,1,0,1,1,1,1,0,1,0,1,1,1,1,0,0,0,0,1,1,1,1,0,0,0,0,0,0,1,0.589514
0,1,0,0,0,0,0,1,1,1,1,0,0,0,1,0,1,1,0,0,1,1,1,0,0,0,1,0,1,1,1,1,0.602621
1,0,0,0,0,1,1,1,1,0,1,0,0,1,0,1,0,1,1,1,1,0,0,0,0,1,0,1,0,0,1,1,0.600384
1,1,1,0,0,1,1,0,0,1,1,0,0,1,1,1,0,0,0,0,1,1,0,0,1,1,1,1,1,1,1,1,0.720642
0,1,0,1,0,1,0,0,0,0,0,1,1,0,1,0,0,0,1,1,1,0,0,0,0,1,0,1,0,0,0,1,0.556586
1,0,0,0,0,1,0,1,0,1,1,1,0,0,1,0,0,1,1,0,1,1,0,1,1,0,0,0,0,1,0,1,0.596121
1,1,1,0,1,0,0,1,0,1,0,1,0,1,1,0,1,0,1,1,1,0,0,0,0,1,1,1,1,0,1,1,0.630355
1,0,0,0,0,0,1,0,0,0,0,1,1,1,0,0,0,0,0,0,0,1,0,0,0,1,1,1,1,0,0,1,0.571478
1,1,1,1,0,1,1,1,0,0,0,1,0,0,0,1,1,0,0,1,1,1,1,1,0,1,1,0,0,0,1,0,0.603421
0,1,0,1,1,0,0,0,1,0,0,0,1,0,1,0,0,0,0,0,1,0,1,1,1,0,0,0,0,1,0,0,0.564285
0,0,1,1,0,1,0,1,1,0,0,1,1,1,1,1,0,0,0,1,0,0,0,0,1,0,0,1,1,0,0,1,0.586983
0,0,0,0,0,0,0,0,1,1,0,0,0,0,0,1,0,1,1,0,0,1,0,0,0,0,1,0,0,0,1,0,0.486013
1,1,1,0,1,0,1,0,0,0,0,1,1,0,1,0,0,0,1,1,0,0,0,0,0,0,0,0,1,0,1,0,0.583094
0,0,1,1,1,1,0,0,1,0,0,1,0,1,1,0,0,0,0,1,0,1,1,1,0,1,0,1,0,0,1,1,0.613278
0,0,1,1,0,1,0,1,1,1,0,1,1,1,1,1,1,1,0,0,0,1,1,1,1,0,0,1,1,0,0,0,0.608962
1,0,0,1,1,1,0,0,0,1,0,0,1,1,0,0,1,0,1,1,0,0,1,1,0,0,1,1,1,0,0,0,0.582907
0,1,1,0,1,1,0,0,1,0,0,0,0,0,1,1,0,1,0,1,1,0,0,1,0,1,1,0,0,0,0,1,0.572091
0,1,0,0,0,0,0,1,0,1,0,0,1,1,1,1,0,0,1,1,1,1,0,0,1,0,1,1,0,1,0,0,0.602621
0,1,0,0,0,1,1,1,1,0,1,0,1,1,0,0,0,0,0,0,1,0,0,0,1,1,0,0,0,0,0,0,0.551071
0,0,1,0,0,1,0,0,0,1,1,1,1,0,1,0,1,1,1,1,1,1,1,1,0,1,1,1,0,1,1,0,0.623135
1,1,1,0,0,1,1,1,0,1,1,1,1,1,1,0,1,1,1,0,1,1,1,1,1,1,1,1,0,0,1,0,0.626225
1,1,1,0,1,0,0,0,1,0,0,0,0,0,1,0,0,1,0,1,0,1,1,1,0,0,0,0,1,0,1,1,0.587836
1,0,1,0,0,1,1,1,1,0,1,1,0,1,0,1,0,0,1,1,1,1,0,1,0,0,1,1,1,1,0,0,0.625400
0,1,0,1,1,1,0,1,0,1,1,0,1,0,0,1,0,0,0,1,1,1,1,0,0,1,0,1,0,0,1,0,0.612266
0,0,0,0,0,0,0,1,1,0,0,1,0,0,0,0,1,0,0,1,0,1,0,1,1,0,0,0,1,0,0,0,0.514093
0,0,0,0,0,0,0,0,1,0,0,0,0,0,1,0,0,1,1,0,1,0,1,0,0,0,1,0,1,1,1,1,0.547261
