1,1,1,1,1,1,1,1,0,0,0,1,0,0,0,0,1,1,1,0,0,0,1,0,1,0,1,0,0,0,1,0,0.626535
1,1,1,0,1,1,0,0,1,1,1,0,1,1,1,0,1,1,0,1,1,1,1,1,0,0,1,0,1,0,0,1,0.376918
0,0,0,1,0,0,1,1,1,0,1,1,1,0,0,1,0,0,0,1,1,0,1,1,0,0,0,1,0,0,0,0,0.713683
1,1,0,0,1,1,0,0,1,0,0,0,0,1,1,0,0,1,0,1,1,1,0,1,0,0,1,0,0,1,1,1,0.565111
1,1,1,0,0,0,1,1,0,0,0,0,0,1,1,0,0,0,0,1,1,0,1,1,1,1,1,0,0,1,0,0,0.633142
1,1,0,1,0,1,1,1,0,1,1,0,1,0,0,1,0,1,0,0,0,0,1,1,1,1,1,0,1,1,0,1,0.598508
1,1,0,0,1,1,1,0,1,1,1,0,1,0,0,0,1,1,0,1,1,0,1,1,1,0,1,0,1,1,1,0,0.597421
0,1,0,0,1,1,1,1,0,1,0,0,0,1,1,1,0,0,1,1,0,1,0,0,1,0,1,0,0,0,0,0,0.655563
1,1,1,1,1,0,1,1,1,1,0,1,0,0,0,1,0,1,0,0,0,0,0,0,0,1,0,1,1,0,1,0,0.618606
0,0,1,0,1,1,0,0,0,1,0,0,0,0,1,1,1,1,1,0,0,1,0,0,0,0,1,0,1,1,1,0,0.644800
1,1,1,1,0,1,0,1,0,0,0,1,1,0,0,0,1,0,0,1,1,1,0,0,1,1,0,0,1,1,0,1,0.597677
1,1,1,1,1,0,0,0,1,1,0,1,1,1,1,0,0,0,0,0,1,1,1,1,0,1,1,1,0,0,0,0,0.593734
1,0,0,0,1,1,1,1,0,0,0,1,1,0,0,0,0,0,0,0,1,0,0,1,0,0,0,1,1,0,0,1,0.589344
0,1,1,0,0,0,0,0,1,1,0,0,1,1,1,1,1,0,0,0,0,0,0,0,0,0,0,0,0,1,1,1,0.679199
0,0,0,0,1,1,1,0,0,0,0,1,1,0,0,0,1,0,0,0,0,0,0,0,0,0,1,0,1,0,0,1,0.658205
0,0,0,0,0,0,0,1,1,1,0,1,1,1,0,0,1,0,1,1,1,0,0,1,0,1,0,0,1,0,1,1,0.691283
0,1,1,0,1,1,0,0,1,1,1,1,0,0,1,0,1,1,1,0,0,0,1,0,1,0,1,1,0,1,0,0,0.625789
1,1,1,0,0,0,0,1,1,1,0,1,0,0,1,0,0,0,1,0,0,1,0,0,0,0,1,0,0,1,1,0,0.646547
1,1,1,0,1,0,0,1,1,0,0,0,1,0,0,0,0,0,0,0,0,1,0,0,1,1,1,1,1,1,1,1,0.603005
0,1,0,1,0,0,1,1,1,0,0,1,0,0,1,0,0,1,1,1,0,0,1,0,0,0,1,0,0,1,1,1,0.647165
1,0,1,0,0,1,0,1,1,1,0,0,1,1,0,1,0,0,0,0,1,1,0,0,0,0,1,1,1,0,1,1,0.587425
1,1,0,0,1,0,0,0,1,0,0,1,1,0,0,0,0,0,1,0,0,0,1,0,0,1,0,1,0,1,0,1,0.629049
1,0,1,1,0,1,1,0,1,1,1,0,0,0,0,0,0,1,1,1,0,0,0,0,0,1,0,0,0,0,0,1,0.667754
1,0,0,0,0,1,1,0,1,1,1,1,1,1,0,1,0,0,1,1,0,1,1,1,1,1,1,1,1,1,1,0,0.581351
0,0,1,1,0,1,0,0,1,1,1,1,1,1,1,0,0,1,0,0,1,0,0,1,1,0,0,1,0,0,0,0,0.657843
1,0,1,0,0,1,0,1,1,1,0,1,0,0,1,0,0,0,0,1,0,0,1,1,1,1,1,0,0,1,0,0,0.641091
1,1,1,1,1,0,1,0,1,0,0,0,0,0,1,0,1,1,0,0,0,0,1,1,0,1,0,1,1,0,0,1,0.569736
0,0,0,1,1,1,0,0,1,0,1,0,1,0,1,1,1,0,1,0,1,0,1,1,0,0,0,1,1,0,1,1,0.580094
0,1,1,1,1,0,0,0,1,0,1,0,1,1,1,0,1,1,1,1,0,0,0,1,0,0,0,1,0,0,0,1,0.611850
1,1,1,1,0,0,1,0,0,0,1,1,1,1,0,0,0,0,1,0,0,0,0,0,0,0,1,0,1,0,1,0,0.740750
1,0,1,0,0,0,0,1,1,0,1,1,1,0,1,0,0,1,1,0,1,0,0,0,1,0,0,1,1,1,0,0,0.693606
0,0,1,0,0,0,0,0,0,0,1,0,1,0,0,0,0,0,1,1,0,1,0,1,0,0,0,1,0,0,1,1,0.736466
0,0,1,0,1,0,0,0,0,1,1,1,0,1,1,1,0,0,0,0,1,0,1,0,1,0,0,1,1,0,1,0,0.682502
1,1,0,1,1,0,0,1,1,1,1,1,0,1,0,1,1,1,0,1,0,1,0,1,0,0,1,0,0,1,0,0,0.595844
1,0,1,0,0,0,0,0,0,1,0,1,0,0,1,1,1,0,0,0,1,1,1,0,1,0,1,1,0,0,1,1,0.601748
1,0,0,1,0,0,0,1,0,0,0,0,0,1,1,0,1,1,0,0,1,1,0,1,0,1,1,1,0,1,0,1,0.652707
0,1,0,0,0,0,1,0,1,0,1,1,0,1,1,0,1,0,1,1,1,0,1,1,1,0,0,1,1,1,1,0,0.597698
1,0,1,0,1,0,1,1,1,0,1,0,0,1,0,1,0,1,1,1,1,1,0,1,0,1,1,1,1,1,1,1,0.375682
0,0,1,1,0,0,0,1,1,1,1,1,1,0,0,0,1,1,0,0,0,0,1,1,1,1,1,1,0,0,1,1,0.642455
1,0,1,1,1,1,0,1,0,1,0,1,0,0,1,1,1,1,0,1,0,0,1,1,0,1,1,0,0,1,0,0,0.564876
0,0,1,0,0,0,1,1,1,0,1,1,0,1,1,0,1,1,0,0,1,1,1,1,1,0,0,0,1,0,1,1,0.543627
1,0,0,0,1,0,1,1,0,1,1,1,0,0,1,1,0,1,1,0,1,1,1,0,0,1,0,1,1,1,1,0,0.525277
1,0,0,0,0,1,1,0,0,1,0,0,1,0,0,0,0,0,0,0,0,0,1,0,1,0,0,0,1,0,1,0,0.658738
1,1,0,0,1,0,1,0,0,1,1,0,0,1,1,0,0,1,0,0,0,1,1,0,0,0,1,0,1,0,1,1,0.599872
0,0,1,1,0,0,0,1,1,1,0,0,1,1,1,1,0,0,1,1,1,1,0,0,0,1,0,0,1,1,1,0,0.630733
1,0,0,0,1,0,0,0,0,1,0,1,1,1,1,1,1,0,1,1,0,1,0,0,1,1,1,0,1,0,0,1,0.614663
1,1,1,0,1,1,0,1,1,1,1,0,0,0,0,1,1,1,0,1,0,1,0,1,1,1,1,0,0,1,1,0,0.619672
1,1,0,1,0,0,1,1,1,1,1,0,1,1,0,0,1,0,0,1,1,1,0,1,0,1,1,0,1,1,0,0,0.617434
0,1,1,1,1,1,0,0,0,0,0,1,0,0,1,1,0,0,1,1,0,0,1,1,1,1,1,1,0,0,0,1,0.641517
0,1,0,1,1,1,0,1,1,1,0,0,0,1,0,0,1,1,1,0,0,0,0,1,0,1,0,1,1,1,0,0,0.624744
1,0,1,1,1,1,0,0,0,1,0,0,1,0,0,0,0,0,1,1,1,1,1,0,1,1,0,1,0,1,0,0,0.595929
1,0,0,0,0,0,1,1,0,0,0,1,1,1,0,0,1,0,0,0,1,1,1,0,1,1,0,1,1,0,0,1,0.609655
1,0,0,1,0,0,1,1,1,0,1,0,1,0,1,0,1,0,0,1,1,1,0,1,1,0,1,0,0,1,0,0,0.631500
1,1,0,1,1,1,0,0,0,0,1,0,0,1,0,1,0,0,1,1,1,1,0,1,0,0,1,1,0,0,0,0,0.624936
0,0,0,0,1,0,1,0,0,0,0,0,0,1,0,1,1,0,1,1,0,1,1,0,1,0,0,0,1,1,1,0,0.717924
0,0,0,1,1,0,0,0,1,0,1,0,1,1,0,0,0,0,0,1,1,0,1,0,1,0,1,1,0,0,0,1,0.663598
0,0,1,0,1,0,0,1,0,1,0,0,1,0,0,1,1,1,0,1,1,0,1,1,1,1,1,0,1,0,1,1,0.589749
1,0,1,1,1,0,1,0,1,1,1,1,1,1,0,1,0,1,1,1,0,1,1,0,0,1,0,0,1,1,0,0,0.591539
0,1,0,0,0,0,1,1,0,0,1,1,1,0,1,1,1,0,0,0,0,1,1,0,1,1,0,1,1,0,1,0,0.656074
0,1,0,1,1,1,0,0,0,1,0,0,0,1,0,1,1,0,0,1,1,1,1,1,1,1,0,0,0,0,0,1,0.567434
1,0,1,0,0,0,0,0,1,1,1,0,1,0,0,0,1,1,1,0,0,0,1,1,0,0,1,1,0,0,0,1,0.607417
0,1,0,0,0,1,1,0,0,0,0,0,0,0,0,1,0,1,1,0,0,0,0,1,1,1,0,1,1,1,1,1,0.711338
0,0,0,0,0,1,1,1,1,1,1,0,0,0,0,0,1,0,0,1,1,0,0,1,0,1,0,1,1,1,0,0,0.635465
0,1,1,0,0,0,0,0,0,1,0,0,1,0,1,0,0,1,1,1,0,0,1,1,0,0,0,1,0,0,1,0,0.674872
1,1,1,0,0,0,0,1,0,1,0,1,1,1,0,1,1,0,0,0,1,0,0,0,0,1,1,1,0,0,0,1,0.624872
0,1,0,1,0,1,0,0,0,0,1,0,1,0,1,0,0,0,0,1,1,1,1,0,1,1,0,1,1,0,1,0,0.651876
0,1,0,0,0,1,1,0,1,1,0,0,0,1,0,1,0,0,1,1,1,1,0,1,0,1,1,1,1,0,1,0,0.627621
0,1,0,1,1,0,0,1,1,0,0,1,1,0,0,0,1,0,1,1,1,0,0,0,1,1,1,0,1,0,0,0,0.642349
0,0,1,1,0,0,1,1,0,1,1,1,0,0,1,0,1,0,0,1,1,1,1,1,1,1,1,0,0,1,0,1,0.575362
0,1,1,1,0,0,1,0,0,0,0,0,1,1,1,0,0,0,1,1,1,1,0,1,1,1,0,1,0,0,1,0,0.643052
0,0,1,1,1,0,0,1,0,0,0,1,0,1,0,0,0,1,0,0,1,1,1,1,0,1,0,1,1,1,0,1,0.605115
0,0,0,0,0,1,0,1,1,1,1,1,0,1,0,1,0,0,0,0,1,1,1,0,0,0,0,0,0,0,0,1,0.747954
0,1,1,1,0,0,0,1,0,1,0,1,1,0,1,1,0,1,0,1,1,0,0,0,1,1,1,1,1,1,1,1,0.616603
1,0,0,0,1,1,0,0,1,0,1,1,0,0,0,1,1,0,1,0,1,1,0,1,1,0,1,0,1,1,1,0,0.628538
1,0,1,1,1,0,1,0,0,1,1,0,1,0,1,0,1,0,1,1,1,0,0,0,0,0,0,0,0,0,1,0,0.675256
0,1,1,1,0,1,0,1,1,0,0,1,0,1,0,1,1,0,0,1,0,0,1,0,0,1,1,0,0,0,1,0,0.635891
1,1,0,1,0,1,1,0,1,0,1,0,1,0,1,1,1,0,1,1,1,1,0,1,1,0,1,1,1,0,1,0,0.582310
0,0,1,0,0,0,0,0,1,0,0,0,0,0,0,0,0,0,0,0,1,0,1,1,1,1,1,0,1,1,0,1,0.740899
1,1,1,0,1,0,1,1,0,0,1,1,0,0,0,0,1,0,1,1,1,1,0,0,1,1,0,0,0,1,1,0,0.615857
1,1,1,1,1,1,0,0,1,0,0,0,1,1,0,1,1,1,1,1,1,0,1,0,1,0,0,1,1,0,0,0,0.664578
0,0,1,0,0,0,0,1,1,1,1,1,1,0,1,1,1,1,0,1,0,1,0,0,1,0,0,1,0,1,0,0,0.610742
1,1,1,1,1,0,0,1,1,0,0,0,0,1,1,0,0,1,0,1,1,0,0,0,0,0,0,1,0,0,0,1,0.590367
0,0,1,0,1,0,1,0,0,1,1,0,1,1,0,0,0,0,0,1,0,0,0,1,1,1,0,0,1,0,0,1,0.716326
0,1,1,0,1,0,0,1,0,0,0,0,0,1,0,1,1,0,0,1,0,0,0,1,0,0,1,0,1,0,1,0,0.667668
0,0,1,0,0,0,1,1,0,1,1,1,1,1,1,1,1,1,0,1,1,1,0,0,1,1,1,1,1,1,1,1,0.512255
1,0,0,0,0,0,0,0,0,1,1,0,1,1,0,0,0,1,0,1,0,0,0,0,0,1,0,0,1,1,1,1,0.656841
0,0,0,1,1,0,0,1,1,1,0,0,1,1,0,0,0,0,0,0,1,1,1,0,0,1,1,1,0,1,0,1,0.717072
0,1,1,0,0,1,0,1,1,0,0,0,1,1,1,0,0,1,0,1,1,0,1,1,1,1,1,0,1,0,0,1,0.587766
1,1,0,1,1,0,0,0,1,0,1,0,1,0,1,1,0,0,0,1,1,1,0,0,0,0,1,1,0,1,1,1,0.553836
1,1,0,1,1,0,1,0,0,0,0,1,0,0,0,1,1,0,1,0,0,1,1,0,0,1,0,1,1,1,0,1,0.603538
1,0,0,1,1,1,0,0,0,0,1,1,0,0,0,1,1,1,0,0,1,1,0,0,0,0,0,0,0,0,1,0,0.637575
0,0,1,1,0,1,1,1,0,1,0,1,1,1,1,0,0,1,1,1,0,1,0,0,1,1,0,0,0,1,0,0,0.658056
0,0,1,1,1,1,0,1,1,0,1,0,0,1,1,1,0,0,0,0,0,1,0,0,1,1,1,1,0,0,1,0,0.642072
1,0,1,0,0,1,1,0,1,0,1,0,0,1,0,0,0,1,0,0,1,1,0,1,1,1,0,0,0,1,0,1,0.518585
1,0,0,0,1,1,0,0,0,0,0,1,0,0,0,1,0,0,0,0,0,0,0,1,0,0,1,1,0,0,1,1,0.629305
1,1,1,0,0,1,1,1,1,0,0,0,0,0,0,1,1,1,0,0,0,1,0,1,0,0,0,1,0,0,1,0,0.616091
1,1,0,1,0,1,1,1,1,1,0,1,1,0,1,1,0,1,0,1,0,0,1,0,0,1,0,1,0,1,1,1,0.525533
0,0,0,1,0,0,0,1,1,1,1,0,0,0,1,0,1,0,1,1,1,0,0,0,0,1,1,0,0,1,1,1,0.668073
0,1,1,1,1,1,0,1,1,0,1,1,1,0,0,1,0,1,0,1,0,0,0,0,1,0,0,1,0,0,1,1,0.559804
0,0,1,1,0,0,1,0,0,0,0,1,1,0,1,0,1,1,0,1,1,1,1,0,0,1,1,0,1,1,1,0,0.618798
1,1,1,0,0,0,0,0,1,0,1,0,1,1,0,0,0,0,0,1,0,1,0,0,0,0,0,0,1,1,1,0,0.653858
0,1,1,0,0,1,0,1,1,1,0,1,1,0,1,1,1,0,0,1,1,1,0,0,1,1,1,0,0,0,1,0,0.611211
1,1,0,0,0,0,1,0,1,0,0,0,0,0,1,0,0,0,0,1,1,1,1,0,0,0,0,0,1,1,1,0,0.667114
1,1,1,1,1,1,1,1,1,0,1,1,0,1,1,1,1,0,0,0,1,0,0,0,1,0,1,0,0,1,0,0,0.683866
1,0,0,0,0,0,0,0,1,1,0,0,1,1,1,1,0,1,1,1,0,0,1,0,1,0,0,1,1,0,0,1,0.632950
1,1,1,0,0,1,1,0,1,1,0,0,0,1,0,1,1,1,1,0,0,1,1,1,0,0,1,1,1,0,1,0,0.568457
1,0,0,0,0,0,0,1,0,1,0,0,0,0,1,1,1,1,1,1,0,1,1,1,1,1,0,1,0,1,0,1,0.611211
0,0,1,0,0,1,0,1,1,1,0,1,0,1,1,0,0,1,0,0,1,1,0,1,1,1,0,1,0,1,1,1,0.553197
1,1,1,0,1,1,0,1,1,0,1,0,0,1,0,1,1,1,1,1,0,1,1,1,0,0,1,1,1,0,0,1,0.437084
1,1,1,0,1,0,1,0,0,0,0,0,1,0,0,0,1,1,0,1,1,1,1,1,0,0,1,1,1,0,0,1,0.574190
1,0,1,1,0,1,1,0,0,1,1,1,1,0,1,0,0,0,0,0,0,0,1,0,0,1,1,1,1,0,0,1,0.665644
1,1,1,0,1,1,0,1,1,1,1,1,1,0,1,1,1,0,0,1,0,0,0,1,0,0,0,0,1,1,0,1,0.474403
1,1,0,0,0,0,1,0,1,1,0,0,1,1,1,0,1,0,0,0,0,0,0,0,1,0,0,0,1,0,1,0,0.613065
0,1,0,1,1,0,0,0,1,0,0,0,1,1,0,0,0,1,0,0,1,0,1,0,0,0,1,0,1,1,1,1,0.614322
1,0,0,0,1,1,0,1,1,0,0,0,0,0,0,0,0,0,1,1,0,0,1,0,0,1,0,0,1,1,0,0,0.625469
1,0,1,1,0,0,0,1,1,0,1,0,1,0,0,1,1,0,0,1,0,1,0,0,1,0,0,0,0,0,1,1,0.569437
0,1,1,1,1,1,1,1,1,0,1,0,1,0,1,0,1,0,0,1,0,1,0,1,0,0,1,1,0,0,1,0,0.576769
1,1,1,0,0,1,0,0,0,1,0,1,0,0,1,1,1,0,1,0,1,1,0,1,1,1,0,0,1,1,0,0,0.597165
1,1,1,0,0,1,1,0,1,1,0,0,0,0,1,1,0,0,0,0,1,0,0,0,0,1,0,1,0,1,1,1,0.615473
1,0,0,1,0,1,1,0,1,0,1,1,0,1,0,1,0,0,1,0,1,0,0,1,1,1,0,1,0,0,1,0,0.597442
1,1,1,0,0,1,0,0,0,1,1,1,1,0,1,0,0,1,0,0,0,1,0,1,1,1,0,1,0,0,1,0,0.627515
0,0,0,1,0,0,0,0,0,0,0,0,1,1,0,1,1,0,0,0,0,1,0,1,1,1,0,1,1,1,1,1,0.735912
0,1,1,1,0,1,1,1,1,1,1,0,0,0,0,1,0,1,1,0,0,0,1,1,1,0,1,1,0,1,1,0,0.597954
0,0,0,1,0,1,0,0,1,0,0,0,0,1,1,0,0,0,0,0,1,0,1,1,0,0,0,1,0,1,0,0,0.716581
0,1,0,0,0,0,0,1,0,1,1,0,1,1,1,1,1,0,1,1,0,1,1,0,1,0,1,1,1,0,1,0,0.618819
1,0,1,0,0,1,0,1,1,0,0,1,0,0,1,0,0,1,0,1,0,0,0,0,1,0,0,1,1,1,0,0,0.632140
1,0,1,1,1,1,1,1,1,1,1,0,0,0,0,1,1,0,0,1,1,0,1,0,0,0,0,1,1,1,0,1,0.554774
1,0,1,1,0,0,1,0,0,1,0,0,1,0,1,1,1,1,1,0,0,1,1,1,1,0,1,1,0,1,0,1,0.529177
