0,0,1,0,0,1,0,1,1,1,0,1,0,1,1,0,0,1,0,0,1,1,0,1,1,1,0,1,0,1,1,1,0.556026
0,0,1,1,0,1,1,1,0,1,0,1,1,1,1,0,0,1,1,1,0,1,0,0,1,1,0,0,0,1,0,0,0.657582
1,1,1,1,1,0,1,0,1,0,0,0,0,0,1,0,1,1,0,0,0,0,1,1,0,1,0,1,1,0,0,1,0.569453
0,0,1,0,0,0,0,0,1,0,0,0,0,0,0,0,0,0,0,0,1,0,1,1,1,1,1,0,1,1,0,1,0.741661
1,1,0,1,0,1,1,1,0,1,1,0,1,0,0,1,0,1,0,0,0,0,1,1,1,1,1,0,1,1,0,1,0.597720
1,0,0,0,0,0,1,1,0,0,0,1,1,1,0,0,1,0,0,0,1,1,1,0,1,1,0,1,1,0,0,1,0.609948
1,0,1,1,0,1,1,0,1,1,1,0,0,0,0,0,0,1,1,1,0,0,0,0,0,1,0,0,0,0,0,1,0.666267
1,1,0,0,0,0,1,0,1,1,0,0,1,1,1,0,1,0,0,0,0,0,0,0,1,0,0,0,1,0,1,0,0.612905
0,1,0,1,1,1,0,1,1,1,0,0,0,1,0,0,1,1,1,0,0,0,0,1,0,1,0,1,1,1,0,0,0.624627
0,1,0,1,1,1,0,0,0,1,0,0,0,1,0,1,1,0,0,1,1,1,1,1,1,1,0,0,0,0,0,1,0.569507
0,0,0,0,0,0,0,1,1,1,0,1,1,1,0,0,1,0,1,1,1,0,0,1,0,1,0,0,1,0,1,1,0.690590
1,1,0,0,1,1,0,0,1,0,0,0,0,1,1,0,0,1,0,1,1,1,0,1,0,0,1,0,0,1,1,1,0.567242
1,1,1,0,0,1,0,0,0,1,0,1,0,0,1,1,1,0,1,0,1,1,0,1,1,1,0,0,1,1,0,0,0.597933
0,0,1,1,0,1,0,0,1,1,1,1,1,1,1,0,0,1,0,0,1,0,0,1,1,0,0,1,0,0,0,0,0.658914
1,0,1,1,1,0,1,0,0,1,1,0,1,0,1,0,1,0,1,1,1,0,0,0,0,0,0,0,0,0,1,0,0.675378
1,0,0,0,0,0,0,0,1,1,0,0,1,1,1,1,0,1,1,1,0,0,1,0,1,0,0,1,1,0,0,1,0.633232
1,1,1,0,1,1,0,1,1,1,1,0,0,0,0,1,1,1,0,1,0,1,0,1,1,1,1,0,0,1,1,0,0.619352
0,0,0,0,1,1,1,0,0,0,0,1,1,0,0,0,1,0,0,0,0,0,0,0,0,0,1,0,1,0,0,1,0.658834
0,1,1,0,1,1,0,0,1,1,1,1,0,0,1,0,1,1,1,0,0,0,1,0,1,0,1,1,0,1,0,0,0.626332
1,1,0,1,1,0,0,1,1,1,1,1,0,1,0,1,1,1,0,1,0,1,0,1,0,0,1,0,0,1,0,0,0.595695
1,1,0,1,0,1,1,0,1,0,1,0,1,0,1,1,1,0,1,1,1,1,0,1,1,0,1,1,1,0,1,0,0.582454
1,1,0,1,1,1,0,0,0,0,1,0,0,1,0,1,0,0,1,1,1,1,0,1,0,0,1,1,0,0,0,0,0.625213
1,1,1,0,0,0,0,0,1,0,1,0,1,1,0,0,0,0,0,1,0,1,0,0,0,0,0,0,1,1,1,0,0.654358
1,0,0,0,1,1,0,0,0,0,0,1,0,0,0,1,0,0,0,0,0,0,0,1,0,0,1,1,0,0,1,1,0.630168
1,1,0,0,1,1,1,0,1,1,1,0,1,0,0,0,1,1,0,1,1,0,1,1,1,0,1,0,1,1,1,0,0.597187
0,1,1,1,0,0,1,0,0,0,0,0,1,1,1,0,0,0,1,1,1,1,0,1,1,1,0,1,0,0,1,0,0.644714
0,0,1,1,0,0,0,1,1,1,0,0,1,1,1,1,0,0,1,1,1,1,0,0,0,1,0,0,1,1,1,0,0.632699
0,1,0,0,0,0,0,1,0,1,1,0,1,1,1,1,1,0,1,1,0,1,1,0,1,0,1,1,1,0,1,0,0.617807
1,0,1,0,0,0,0,0,0,1,0,1,0,0,1,1,1,0,0,0,1,1,1,0,1,0,1,1,0,0,1,1,0.599371
0,1,0,0,0,0,1,0,1,0,1,1,0,1,1,0,1,0,1,1,1,0,1,1,1,0,0,1,1,1,1,0,0.597400
1,0,0,0,1,0,1,1,0,1,1,1,0,0,1,1,0,1,1,0,1,1,1,0,0,1,0,1,1,1,1,0,0.526082
0,1,0,0,1,1,1,1,0,1,0,0,0,1,1,1,0,0,1,1,0,1,0,0,1,0,1,0,0,0,0,0,0.655984
1,1,1,0,1,0,1,1,0,0,1,1,0,0,0,0,1,0,1,1,1,1,0,0,1,1,0,0,0,1,1,0,0.615622
0,1,1,0,0,0,0,0,0,1,0,0,1,0,1,0,0,1,1,1,0,0,1,1,0,0,0,1,0,0,1,0,0.675991
1,0,0,0,1,1,0,0,1,0,1,1,0,0,0,1,1,0,1,0,1,1,0,1,1,0,1,0,1,1,1,0,0.628437
0,0,1,1,0,0,0,1,1,1,1,1,1,0,0,0,1,1,0,0,0,0,1,1,1,1,1,1,0,0,1,1,0.642263
1,1,1,1,1,0,0,0,1,1,0,1,1,1,1,0,0,0,0,0,1,1,1,1,0,1,1,1,0,0,0,0,0.594789
1,1,1,0,0,1,1,1,1,0,0,0,0,0,0,1,1,1,0,0,0,1,0,1,0,0,0,1,0,0,1,0,0.616315
1,1,1,0,1,1,0,1,1,1,1,1,1,0,1,1,1,0,0,1,0,0,0,1,0,0,0,0,1,1,0,1,0.474957
0,0,0,1,0,0,1,1,1,0,1,1,1,0,0,1,0,0,0,1,1,0,1,1,0,0,0,1,0,0,0,0,0.713102
1,1,0,0,1,0,0,0,1,0,0,1,1,0,0,0,0,0,1,0,0,0,1,0,0,1,0,1,0,1,0,1,0.628836
1,0,1,1,0,1,1,0,0,1,1,1,1,0,1,0,0,0,0,0,0,0,1,0,0,1,1,1,1,0,0,1,0.663017
1,0,1,0,0,1,0,1,1,0,0,1,0,0,1,0,0,1,0,1,0,0,0,0,1,0,0,1,1,1,0,0,0.632060
0,0,0,1,1,0,0,1,1,1,0,0,1,1,0,0,0,0,0,0,1,1,1,0,0,1,1,1,0,1,0,1,0.716246
0,0,1,0,1,0,0,1,0,1,0,0,1,0,0,1,1,1,0,1,1,0,1,1,1,1,1,0,1,0,1,1,0.590367
0,0,1,1,1,0,0,1,0,0,0,1,0,1,0,0,0,1,0,0,1,1,1,1,0,1,0,1,1,1,0,1,0.606831
1,1,0,0,0,0,1,0,1,0,0,0,0,0,1,0,0,0,0,1,1,1,1,0,0,0,0,0,1,1,1,0,0.667759
1,1,1,0,0,0,1,1,0,0,0,0,0,1,1,0,0,0,0,1,1,0,1,1,1,1,1,0,0,1,0,0,0.632273
0,1,1,1,0,1,0,1,1,0,0,1,0,1,0,1,1,0,0,1,0,0,1,0,0,1,1,0,0,0,1,0,0.635497
1,0,0,0,0,0,0,0,0,1,1,0,1,1,0,0,0,1,0,1,0,0,0,0,0,1,0,0,1,1,1,1,0.656570
0,0,1,0,0,0,1,1,0,1,1,1,1,1,1,1,1,1,0,1,1,1,0,0,1,1,1,1,1,1,1,1,0.511589
1,1,0,0,1,0,1,0,0,1,1,0,0,1,1,0,0,1,0,0,0,1,1,0,0,0,1,0,1,0,1,1,0.600144
0,1,1,1,1,1,1,1,1,0,1,0,1,0,1,0,1,0,0,1,0,1,0,1,0,0,1,1,0,0,1,0,0.578192
0,0,1,1,0,0,1,0,0,0,0,1,1,0,1,0,1,1,0,1,1,1,1,0,0,1,1,0,1,1,1,0,0.618873
1,0,0,1,0,1,1,0,1,0,1,1,0,1,0,1,0,0,1,0,1,0,0,1,1,1,0,1,0,0,1,0,0.598039
1,0,1,0,0,0,0,0,1,1,1,0,1,0,0,0,1,1,1,0,0,0,1,1,0,0,1,1,0,0,0,1,0.607950
0,1,0,1,0,1,0,0,0,0,1,0,1,0,1,0,0,0,0,1,1,1,1,0,1,1,0,1,1,0,1,0,0.652014
0,1,0,0,0,1,1,0,0,0,0,0,0,0,0,1,0,1,1,0,0,0,0,1,1,1,0,1,1,1,1,1,0.713875
0,0,1,0,1,1,0,0,0,1,0,0,0,0,1,1,1,1,1,0,0,1,0,0,0,0,1,0,1,1,1,0,0.644448
0,1,1,0,0,1,0,1,1,1,0,1,1,0,1,1,1,0,0,1,1,1,0,0,1,1,1,0,0,0,1,0,0.612825
1,1,0,1,1,0,0,0,1,0,1,0,1,0,1,1,0,0,0,1,1,1,0,0,0,0,1,1,0,1,1,1,0.552137
1,1,0,1,1,0,1,0,0,0,0,1,0,0,0,1,1,0,1,0,0,1,1,0,0,1,0,1,1,1,0,1,0.603474
0,1,1,0,1,0,0,1,0,0,0,0,0,1,0,1,1,0,0,1,0,0,0,1,0,0,1,0,1,0,1,0,0.667439
0,0,1,1,1,1,0,1,1,0,1,0,0,1,1,1,0,0,0,0,0,1,0,0,1,1,1,1,0,0,1,0,0.643276
1,1,0,1,0,1,1,1,1,1,0,1,1,0,1,1,0,1,0,1,0,0,1,0,0,1,0,1,0,1,1,1,0.526215
0,0,0,0,0,1,0,1,1,1,1,1,0,1,0,1,0,0,0,0,1,1,1,0,0,0,0,0,0,0,0,1,0.747309
1,0,1,0,0,1,0,1,1,1,0,0,1,1,0,1,0,0,0,0,1,1,0,0,0,0,1,1,1,0,1,1,0.586983
1,1,1,1,0,0,1,0,0,0,1,1,1,1,0,0,0,0,1,0,0,0,0,0,0,0,1,0,1,0,1,0,0.739237
1,0,0,0,1,0,0,0,0,1,0,1,1,1,1,1,1,0,1,1,0,1,0,0,1,1,1,0,1,0,0,1,0.614583
0,1,1,1,1,0,0,0,1,0,1,0,1,1,1,0,1,1,1,1,0,0,0,1,0,0,0,1,0,0,0,1,0.612585
0,0,0,1,0,0,0,0,0,0,0,0,1,1,0,1,1,0,0,0,0,1,0,1,1,1,0,1,1,1,1,1,0.736759
0,1,1,1,1,1,0,1,1,0,1,1,1,0,0,1,0,1,0,1,0,0,0,0,1,0,0,1,0,0,1,1,0.560795
1,1,1,0,0,1,0,0,0,1,1,1,1,0,1,0,0,1,0,0,0,1,0,1,1,1,0,1,0,0,1,0,0.628197
1,1,1,0,0,0,0,1,1,1,0,1,0,0,1,0,0,0,1,0,0,1,0,0,0,0,1,0,0,1,1,0,0.646153
0,1,1,1,0,0,0,1,0,1,0,1,1,0,1,1,0,1,0,1,1,0,0,0,1,1,1,1,1,1,1,1,0.618659
1,0,1,1,1,0,1,0,1,1,1,1,1,1,0,1,0,1,1,1,0,1,1,0,0,1,0,0,1,1,0,0,0.592098
1,1,1,0,0,1,1,0,1,1,0,0,0,1,0,1,1,1,1,0,0,1,1,1,0,0,1,1,1,0,1,0,0.568175
0,1,1,1,1,1,0,0,0,0,0,1,0,0,1,1,0,0,1,1,0,0,1,1,1,1,1,1,0,0,0,1,0.642716
1,0,1,1,1,1,0,0,0,1,0,0,1,0,0,0,0,0,1,1,1,1,1,0,1,1,0,1,0,1,0,0,0.596414
1,1,1,0,0,0,0,1,0,1,0,1,1,1,0,1,1,0,0,0,1,0,0,0,0,1,1,1,0,0,0,1,0.625506
1,0,1,0,0,1,0,1,1,1,0,1,0,0,1,0,0,0,0,1,0,0,1,1,1,1,1,0,0,1,0,0,0.641384
1,0,0,1,1,1,0,0,0,0,1,1,0,0,0,1,1,1,0,0,1,1,0,0,0,0,0,0,0,0,1,0,0.637388
1,0,1,1,0,0,0,1,1,0,1,0,1,0,0,1,1,0,0,1,0,1,0,0,1,0,0,0,0,0,1,1,0.569320
0,0,1,0,0,0,0,1,1,1,1,1,1,0,1,1,1,1,0,1,0,1,0,0,1,0,0,1,0,1,0,0,0.612372
1,1,1,0,1,1,0,0,1,1,1,0,1,1,1,0,1,1,0,1,1,1,1,1,0,0,1,0,1,0,0,1,0.383925
1,0,0,0,1,1,1,1,0,0,0,1,1,0,0,0,0,0,0,0,1,0,0,1,0,0,0,1,1,0,0,1,0.589807
0,1,0,1,1,0,0,1,1,0,0,1,1,0,0,0,1,0,1,1,1,0,0,0,1,1,1,0,1,0,0,0,0.643169
1,1,1,0,1,0,1,0,0,0,0,0,1,0,0,0,1,1,0,1,1,1,1,1,0,0,1,1,1,0,0,1,0.574728
1,1,1,0,1,0,0,1,1,0,0,0,1,0,0,0,0,0,0,0,0,1,0,0,1,1,1,1,1,1,1,1,0.603874
0,0,1,0,1,0,1,0,0,1,1,0,1,1,0,0,0,0,0,1,0,0,0,1,1,1,0,0,1,0,0,1,0.715233
1,0,1,1,1,1,0,1,0,1,0,1,0,0,1,1,1,1,0,1,0,0,1,1,0,1,1,0,0,1,0,0,0.565777
1,1,1,1,0,1,0,1,0,0,0,1,1,0,0,0,1,0,0,1,1,1,0,0,1,1,0,0,1,1,0,1,0.600171
0,0,1,0,0,0,1,1,1,0,1,1,0,1,1,0,1,1,0,0,1,1,1,1,1,0,0,0,1,0,1,1,0.544118
1,1,1,1,1,0,0,1,1,0,0,0,0,1,1,0,0,1,0,1,1,0,0,0,0,0,0,1,0,0,0,1,0.590819
1,1,0,1,0,0,1,1,1,1,1,0,1,1,0,0,1,0,0,1,1,1,0,1,0,1,1,0,1,1,0,0,0.618420
1,0,0,1,0,0,0,1,0,0,0,0,0,1,1,0,1,1,0,0,1,1,0,1,0,1,1,1,0,1,0,1,0.652387
1,0,0,0,0,1,1,0,1,1,1,1,1,1,0,1,0,0,1,1,0,1,1,1,1,1,1,1,1,1,1,0,0.581628
1,0,1,0,0,1,1,0,1,0,1,0,0,1,0,0,0,1,0,0,1,1,0,1,1,1,0,0,0,1,0,1,0.521153
0,1,1,1,0,1,1,1,1,1,1,0,0,0,0,1,0,1,1,0,0,0,1,1,1,0,1,1,0,1,1,0,0.599211
0,1,0,1,1,0,0,0,1,0,0,0,1,1,0,0,0,1,0,0,1,0,1,0,0,0,1,0,1,1,1,1,0.613837
0,0,0,1,1,1,0,0,1,0,1,0,1,0,1,1,1,0,1,0,1,0,1,1,0,0,0,1,1,0,1,1,0.580056
1,0,0,0,0,1,1,0,0,1,0,0,1,0,0,0,0,0,0,0,0,0,1,0,1,0,0,0,1,0,1,0,0.658967
1,1,1,0,1,1,0,1,1,0,1,0,0,1,0,1,1,1,1,1,0,1,1,1,0,0,1,1,1,0,0,1,0.438299
0,0,0,1,0,1,0,0,1,0,0,0,0,1,1,0,0,0,0,0,1,0,1,1,0,0,0,1,0,1,0,0,0.717924
0,1,0,0,0,0,1,1,0,0,1,1,1,0,1,1,1,0,0,0,0,1,1,0,1,1,0,1,1,0,1,0,0.654998
0,1,0,0,0,1,1,0,1,1,0,0,0,1,0,1,0,0,1,1,1,1,0,1,0,1,1,1,1,0,1,0,0.628064
1,1,1,1,1,1,0,0,1,0,0,0,1,1,0,1,1,1,1,1,1,0,1,0,1,0,0,1,1,0,0,0,0.662697
1,0,1,0,1,0,1,1,1,0,1,0,0,1,0,1,0,1,1,1,1,1,0,1,0,1,1,1,1,1,1,1,0.375346
1,0,0,0,0,0,0,1,0,1,0,0,0,0,1,1,1,1,1,1,0,1,1,1,1,1,0,1,0,1,0,1,0.612905
1,1,1,1,1,0,1,1,1,1,0,1,0,0,0,1,0,1,0,0,0,0,0,0,0,1,0,1,1,0,1,0,0.618899
0,0,0,1,1,0,0,0,1,0,1,0,1,1,0,0,0,0,0,1,1,0,1,0,1,0,1,1,0,0,0,1,0.663443
1,1,1,1,1,1,1,1,0,0,0,1,0,0,0,0,1,1,1,0,0,0,1,0,1,0,1,0,0,0,1,0,0.627664
1,0,1,1,1,1,1,1,1,1,1,0,0,0,0,1,1,0,0,1,1,0,1,0,0,0,0,1,1,1,0,1,0.555413
0,0,0,0,1,0,1,0,0,0,0,0,0,1,0,1,1,0,1,1,0,1,1,0,1,0,0,0,1,1,1,0,0.718324
1,1,1,1,1,1,1,1,1,0,1,1,0,1,1,1,1,0,0,0,1,0,0,0,1,0,1,0,0,1,0,0,0.684436
1,0,0,0,1,1,0,1,1,0,0,0,0,0,0,0,0,0,1,1,0,0,1,0,0,1,0,0,1,1,0,0,0.626119
0,0,0,1,0,0,0,1,1,1,1,0,0,0,1,0,1,0,1,1,1,0,0,0,0,1,1,0,0,1,1,1,0.668079
1,0,1,1,0,0,1,0,0,1,0,0,1,0,1,1,1,1,1,0,0,1,1,1,1,0,1,1,0,1,0,1,0.528852
0,1,1,0,0,1,0,1,1,0,0,0,1,1,1,0,0,1,0,1,1,0,1,1,1,1,1,0,1,0,0,1,0.590153
0,1,0,1,0,0,1,1,1,0,0,1,0,0,1,0,0,1,1,1,0,0,1,0,0,0,1,0,0,1,1,1,0.647112
1,0,1,0,0,0,0,1,1,0,1,1,1,0,1,0,0,1,1,0,1,0,0,0,1,0,0,1,1,1,0,0,0.692029
0,0,1,1,0,0,1,1,0,1,1,1,0,0,1,0,1,0,0,1,1,1,1,1,1,1,1,0,0,1,0,1,0.574648
0,0,1,0,0,0,0,0,0,0,1,0,1,0,0,0,0,0,1,1,0,1,0,1,0,0,0,1,0,0,1,1,0.735880
1,0,0,1,0,0,1,1,1,0,1,0,1,0,1,0,1,0,0,1,1,1,0,1,1,0,1,0,0,1,0,0,0.630968
0,0,1,0,1,0,0,0,0,1,1,1,0,1,1,1,0,0,0,0,1,0,1,0,1,0,0,1,1,0,1,0,0.683184
0,0,0,0,0,1,1,1,1,1,1,0,0,0,0,0,1,0,0,1,1,0,0,1,0,1,0,1,1,1,0,0,0.635177
0,1,1,0,0,0,0,0,1,1,0,0,1,1,1,1,1,0,0,0,0,0,0,0,0,0,0,0,0,1,1,1,0.680413
1,1,1,0,0,1,1,0,1,1,0,0,0,0,1,1,0,0,0,0,1,0,0,0,0,1,0,1,0,1,1,1,0.614530
