1,1,0,1,1,0,1,0,0,1,1,0,0,1,0,1,0,1,0,1,1,0,1,1,1,0,1,0,1,1,1,1,0.763907
0,0,0,1,1,1,1,1,1,1,1,0,0,0,0,1,1,1,1,1,1,1,0,0,0,0,0,0,0,0,1,1,0.530318
0,1,1,0,1,1,0,1,1,0,1,1,0,0,1,1,1,0,0,1,1,0,1,1,1,0,0,0,0,1,1,0,0.735854
0,0,0,1,0,0,0,1,1,1,1,1,1,1,0,1,1,0,0,0,1,1,0,1,1,1,0,0,0,0,0,1,0.568601
0,0,1,1,1,0,0,0,1,1,0,0,1,0,1,1,0,1,1,1,1,0,1,1,1,0,1,0,0,1,1,1,0.592977
1,0,1,1,1,1,1,1,1,1,0,1,1,1,0,0,1,0,0,0,1,1,0,1,1,0,0,1,0,0,0,1,0.650655
0,0,0,0,0,0,0,0,1,1,0,0,0,1,0,1,0,1,1,0,1,1,1,1,0,0,1,1,0,1,1,0,0.595428
0,0,0,1,1,1,1,0,1,1,0,0,0,0,1,0,1,0,0,1,0,1,0,0,0,1,0,1,1,0,0,1,0.651268
0,1,0,1,1,0,1,0,0,0,1,0,0,1,0,1,1,1,0,1,1,0,1,1,1,0,0,0,1,1,0,0,0.745285
1,0,1,1,1,0,1,0,1,0,1,1,1,1,1,1,1,1,1,0,0,0,0,0,0,1,1,0,0,0,0,1,0.922261
1,0,0,0,1,0,0,0,0,1,1,0,1,1,0,0,0,1,0,0,0,0,0,1,1,0,1,0,1,1,1,1,0.760630
0,0,0,0,1,1,1,1,0,0,0,0,0,0,1,1,0,1,0,1,0,0,1,1,1,1,0,0,1,1,1,1,0.544944
0,1,0,0,1,0,1,0,1,1,1,1,1,0,0,0,0,0,0,1,1,0,1,0,1,0,0,1,0,0,1,1,0.757619
0,0,0,0,0,1,0,1,0,0,1,1,0,1,0,0,0,1,1,0,0,1,0,1,0,1,1,0,0,0,1,1,0.590127
0,1,1,0,1,1,0,0,1,1,0,0,1,0,0,0,0,0,0,0,0,1,0,0,1,1,0,0,0,0,1,0,0.647938
0,0,1,1,0,0,0,1,0,1,1,1,0,1,1,0,0,0,1,0,1,0,1,0,0,0,0,0,1,1,1,1,0.820865
0,1,0,0,1,1,1,0,0,0,1,1,1,1,1,0,1,1,1,0,0,1,1,0,0,1,1,1,0,1,1,0,0.579097
0,1,1,1,1,1,1,1,0,0,0,1,1,1,1,0,0,0,1,1,0,0,0,1,1,0,0,0,1,0,1,1,0.583546
0,1,0,1,1,1,1,1,0,0,1,0,1,1,0,0,0,1,1,1,1,1,1,0,1,1,1,0,1,1,1,1,0.550298
0,0,1,0,1,1,1,0,1,1,0,1,0,1,1,1,0,1,0,0,0,0,1,1,1,0,0,0,1,1,1,1,0.577685
1,0,0,0,1,1,1,1,1,0,0,0,0,0,1,0,1,1,0,1,0,1,1,1,1,1,0,0,1,0,1,0,0.548940
0,0,0,1,0,1,0,0,1,0,0,0,0,0,1,1,0,1,0,1,0,1,1,0,1,1,1,1,0,1,0,1,0.670023
1,0,1,1,1,1,1,0,1,0,0,0,0,0,1,1,1,1,0,0,1,1,0,0,0,1,0,0,1,1,0,0,0.519901
1,1,1,0,1,0,0,1,0,1,1,1,0,1,1,1,0,1,0,0,1,1,1,1,0,1,0,1,1,1,1,1,0.529971
1,1,0,1,0,1,0,0,1,0,0,1,1,0,0,0,0,1,0,1,0,1,0,0,0,0,0,1,0,1,1,0,0.671808
1,0,0,0,1,0,1,1,1,1,0,1,1,1,1,0,0,0,1,0,0,1,1,1,0,0,0,1,1,0,0,0,0.617168
1,1,1,1,0,0,1,0,0,0,0,1,0,0,0,0,1,1,1,1,1,1,1,0,1,1,1,1,1,0,0,1,0.639253
1,0,0,0,1,0,1,1,0,0,1,0,1,1,0,0,1,1,1,1,0,0,0,0,1,1,1,0,1,0,1,1,0.829151
1,1,1,0,1,1,0,0,0,1,0,0,0,1,1,0,1,0,1,0,0,0,1,0,0,1,0,1,1,1,1,1,0.557172
0,1,0,1,0,0,0,1,0,1,1,0,1,0,1,1,0,0,1,1,0,0,1,1,1,1,0,0,1,1,1,0,0.758339
0,0,0,1,1,1,0,1,0,1,1,1,1,0,1,1,0,0,0,0,1,1,1,1,0,1,1,0,1,1,1,1,0.527227
0,0,1,0,0,0,0,1,1,0,0,0,0,0,1,1,0,1,1,0,0,1,0,0,1,1,0,1,0,0,1,1,0.623082
1,1,0,0,1,0,1,0,1,0,1,1,0,0,1,0,0,1,0,0,1,1,0,0,1,0,1,1,1,0,0,0,0.581735
0,1,0,0,1,1,1,1,0,1,0,0,0,1,1,0,0,1,0,1,1,0,0,1,1,1,1,1,0,0,0,1,0.559863
1,0,0,0,1,1,1,1,1,0,0,1,1,1,0,1,0,1,0,1,1,1,0,1,0,0,1,0,1,0,0,1,0.588635
1,0,0,1,0,0,0,1,0,0,1,0,0,0,1,0,1,1,1,0,0,0,0,1,0,0,1,1,0,0,0,0,0.809037
0,0,0,1,1,0,1,0,0,1,0,0,0,0,0,1,1,1,1,1,1,0,1,1,1,1,1,1,1,0,0,1,0.575021
0,1,1,0,1,0,0,0,0,0,0,0,0,1,1,0,1,1,0,0,1,1,0,1,0,1,0,1,1,1,1,0,0.555707
0,0,1,0,1,1,1,1,1,0,0,1,1,0,0,1,1,0,0,1,0,1,0,1,1,1,0,0,1,1,1,0,0.599744
0,1,0,0,1,0,1,0,0,1,0,0,1,0,0,1,1,0,1,1,1,0,1,0,1,0,0,1,1,1,0,1,0.568707
1,1,1,1,1,1,1,0,0,1,1,0,1,1,0,0,0,0,0,0,1,0,1,0,0,1,0,1,0,1,0,0,0.729646
1,0,1,1,1,0,1,1,1,0,1,0,0,0,1,0,1,1,0,0,1,0,0,0,0,0,1,1,1,1,1,1,0.756634
0,1,1,1,0,1,0,1,0,0,0,1,1,0,0,0,0,1,1,0,1,0,0,0,1,1,1,0,0,1,0,1,0.549579
1,1,0,0,0,0,1,1,1,1,1,1,1,0,1,1,1,0,0,1,1,0,1,1,1,0,0,0,0,0,0,1,0.746324
1,1,1,1,1,1,1,1,0,0,1,0,1,0,0,1,1,0,1,1,1,0,0,1,0,0,0,1,1,1,1,0,0.732124
0,1,1,0,0,0,0,1,0,0,1,0,0,0,0,1,1,1,1,1,1,0,0,1,0,0,1,0,0,0,1,0,0.778453
1,1,0,1,1,1,0,1,0,1,1,1,1,1,0,0,0,0,1,0,1,1,0,0,0,0,1,0,0,0,0,1,0.544064
1,1,0,0,0,1,1,1,0,0,0,1,1,0,0,0,1,1,0,1,1,0,1,0,0,0,1,1,0,0,0,0,0.592258
1,1,1,0,0,0,1,1,0,1,1,1,0,0,1,1,0,1,0,0,1,0,0,1,1,1,0,0,0,1,1,0,0.753303
1,1,1,1,1,0,0,1,0,0,1,1,1,1,0,1,0,0,0,1,1,1,1,0,0,1,0,1,0,0,0,1,0.575448
1,1,0,0,0,0,1,1,1,0,1,0,0,1,1,0,0,0,1,1,1,1,0,1,1,0,0,0,1,1,1,1,0.576913
1,0,0,1,0,0,0,1,0,1,1,1,0,1,0,1,1,1,0,1,0,1,1,0,0,1,1,0,1,1,1,0,0.585678
1,1,0,1,0,1,1,0,1,1,1,0,1,0,1,1,0,0,1,1,0,1,1,0,1,1,1,1,1,0,1,1,0.589994
1,1,0,1,1,1,1,0,1,1,0,0,0,1,1,0,1,0,0,0,0,1,1,0,0,1,1,1,0,1,1,1,0.678309
1,1,1,0,1,1,1,1,0,1,0,1,1,1,0,1,1,0,1,0,1,1,0,1,1,1,1,0,0,1,0,0,0.620311
0,0,0,0,1,1,1,0,1,1,1,1,1,0,1,0,0,0,0,0,1,1,0,0,0,1,1,1,0,0,1,0,0.557838
0,1,0,0,0,1,0,1,0,0,0,0,0,1,0,1,1,1,0,1,1,1,0,1,1,0,0,1,0,1,1,0,0.485081
1,1,1,1,0,1,0,0,1,0,0,1,1,1,0,1,0,0,0,0,1,1,0,0,0,1,0,1,0,0,0,0,0.593031
0,0,1,0,1,1,0,0,0,1,1,0,0,0,1,1,1,0,1,1,1,1,0,1,0,1,1,0,1,1,1,1,0.533781
0,1,1,0,1,0,0,1,1,1,1,1,0,0,0,1,1,1,0,0,0,1,1,0,1,0,1,0,1,0,0,0,0.582161
0,1,1,0,1,1,0,0,1,0,1,1,0,1,1,1,1,0,1,0,0,0,1,0,1,0,1,0,0,0,1,0,0.784367
0,1,1,0,1,0,1,1,0,1,0,1,1,1,0,0,1,0,1,0,1,1,1,1,0,0,1,0,0,0,0,0,0.636349
1,0,0,0,0,1,0,0,0,1,1,0,0,1,0,1,1,0,1,0,0,1,1,1,1,0,0,1,1,0,1,1,0.559463
1,1,1,0,1,0,1,1,1,1,1,0,0,1,1,1,0,1,1,1,1,1,1,0,0,1,0,0,1,1,1,1,0.536392
0,0,0,1,0,0,0,1,0,1,1,1,0,0,0,0,0,0,0,0,0,0,0,1,1,0,0,0,0,1,0,1,0.739610
1,0,0,0,1,1,0,1,1,0,0,0,0,1,0,1,1,0,0,0,1,0,0,0,1,0,0,0,0,0,0,1,0.542439
0,0,1,0,0,1,0,0,0,1,0,0,0,0,0,0,1,1,0,1,0,0,1,0,0,1,1,0,1,1,1,0,0.576886
1,1,0,1,0,0,1,1,1,0,1,1,0,0,0,0,0,1,1,0,0,0,0,0,0,0,1,0,1,1,0,0,0.839727
1,1,1,1,1,1,0,0,1,1,1,1,0,0,1,1,1,0,1,0,1,0,1,1,0,0,0,0,1,0,1,1,0.735960
0,0,0,0,1,1,0,1,1,1,1,1,1,0,1,0,0,0,1,0,1,0,1,1,1,1,0,1,1,1,1,0,0.732523
1,1,1,0,1,1,1,0,0,0,0,1,1,1,1,1,1,0,0,0,0,0,1,0,1,0,1,1,1,0,1,0,0.586211
1,0,0,0,1,0,1,1,1,0,0,0,0,0,1,1,1,0,0,0,1,0,0,0,1,0,0,0,1,1,1,0,0.575581
0,1,1,1,1,1,0,1,1,0,1,0,1,1,1,1,1,1,0,1,1,0,1,0,1,1,0,0,1,1,1,0,0.726769
1,0,0,0,0,0,1,1,0,0,0,1,0,0,1,1,1,1,1,1,1,1,1,0,1,0,1,0,0,1,0,1,0.657049
0,1,0,1,1,1,0,1,0,0,0,1,0,0,1,1,1,1,1,0,1,1,0,1,1,1,0,0,0,1,0,0,0.575607
1,0,0,0,1,1,1,1,1,0,0,1,1,0,1,0,1,1,0,0,0,0,0,0,1,0,1,0,0,0,0,1,0.551977
0,1,1,0,0,0,0,0,1,1,1,1,1,0,1,0,0,1,0,1,0,1,0,0,0,1,1,0,0,0,0,0,0.602915
0,0,0,1,1,0,0,1,0,0,0,0,1,0,1,0,0,1,0,1,0,0,0,1,0,0,0,0,0,1,1,0,0.503330
0,0,1,1,1,1,1,1,0,1,1,0,0,0,1,1,1,0,1,1,0,1,0,1,1,0,0,1,1,1,1,0,0.567588
0,0,1,0,1,0,1,0,0,1,0,1,1,0,0,0,1,1,0,1,1,0,0,1,0,1,1,1,0,1,1,1,0.597240
0,1,1,0,1,1,1,0,0,0,0,1,0,1,1,0,1,0,1,0,0,0,0,0,0,1,1,1,1,1,0,1,0.592738
0,0,0,1,0,0,0,1,1,1,1,0,0,0,0,1,1,1,1,0,1,0,1,0,0,1,1,1,0,1,1,0,0.741608
0,0,0,0,1,0,1,1,1,0,1,1,0,0,1,0,0,1,1,0,1,1,1,0,0,0,1,1,1,1,1,0,0.563166
1,1,1,0,1,0,1,0,0,0,0,0,0,0,1,0,1,1,0,0,0,1,0,1,0,0,0,0,0,1,0,0,0.625853
0,0,0,1,1,0,0,0,0,1,0,0,0,0,1,0,0,0,0,1,1,0,1,0,1,1,1,0,0,1,1,0,0.542679
0,0,1,1,0,1,0,1,0,0,0,1,0,1,1,0,0,0,1,1,1,1,1,1,0,0,0,0,1,0,1,1,0.620711
0,0,0,1,1,0,0,0,1,1,0,0,0,0,0,0,0,1,1,1,1,1,0,1,1,1,0,1,1,1,1,1,0.610614
1,0,0,1,0,0,0,0,0,1,0,1,1,0,1,0,1,1,0,0,0,0,1,1,1,1,0,1,0,1,0,1,0.581095
0,1,1,0,0,0,1,1,1,1,0,0,1,0,1,1,1,1,1,1,0,1,1,0,1,0,1,1,1,0,1,1,0.658861
1,0,1,0,1,0,0,0,1,1,1,0,1,1,1,0,0,0,0,0,0,1,0,1,1,0,1,1,1,1,1,1,0.580243
0,0,0,0,0,1,1,1,1,1,0,1,1,1,1,0,0,1,1,0,1,1,0,1,1,1,1,1,1,0,1,1,0.655371
0,0,0,1,1,0,1,0,1,0,1,1,0,1,0,0,0,1,1,1,1,1,0,0,0,0,0,1,0,1,1,1,0.577605
0,0,1,0,1,1,1,0,0,1,1,1,0,1,0,1,0,0,0,1,1,1,0,1,0,0,1,1,1,1,1,0,0.560289
0,0,1,1,0,0,1,0,1,0,0,1,0,1,0,0,1,0,1,1,1,0,0,1,0,1,1,0,1,0,1,1,0.585331
1,0,1,1,0,0,0,0,0,1,0,1,1,1,1,0,0,0,0,0,0,0,0,1,1,0,1,0,1,1,0,1,0.612425
0,1,1,1,1,1,0,1,1,0,1,1,0,0,1,0,0,1,1,1,1,1,1,1,1,0,0,1,0,1,0,0,0.575661
0,0,1,1,0,1,0,1,1,1,0,0,1,0,0,0,1,1,0,1,0,1,0,0,1,0,0,0,1,1,0,0,0.643382
1,1,0,0,0,1,1,1,0,1,0,0,1,0,0,1,0,0,1,0,0,0,0,0,1,1,1,1,0,1,1,0,0.593910
0,0,1,0,0,1,0,1,0,1,0,0,1,1,0,1,0,1,1,1,1,0,1,1,0,1,1,0,0,0,1,1,0.531330
0,1,0,1,1,0,1,0,1,0,1,0,0,0,0,0,0,1,0,0,1,1,1,0,1,1,0,0,0,1,1,1,0.583200
0,0,1,0,1,1,0,0,1,1,1,0,1,0,1,1,1,1,0,0,1,1,1,1,0,1,1,0,1,1,1,1,0.522006
1,1,1,1,0,1,1,1,1,0,0,1,1,0,1,0,0,1,0,1,0,0,0,1,1,1,1,1,1,0,0,0,0.570359
0,0,1,1,1,0,1,1,1,1,0,1,1,0,0,1,0,0,0,1,1,1,1,1,0,0,1,1,1,0,1,0,0.632513
1,1,0,0,0,1,0,1,0,0,1,1,0,0,1,0,0,0,0,1,1,1,0,0,1,1,1,0,1,1,1,0,0.582481
1,1,0,1,0,1,1,0,0,0,0,0,1,0,1,1,0,0,1,1,0,0,0,1,0,1,0,1,0,0,0,1,0.577126
1,0,0,0,0,1,1,1,0,0,1,0,0,0,0,1,0,1,1,1,0,1,0,1,1,1,1,1,0,0,0,1,0.560529
1,1,0,0,0,0,0,0,1,0,0,0,1,0,0,1,0,0,0,1,1,1,1,0,0,0,1,1,0,1,1,0,0.650123
1,0,0,1,0,1,1,1,1,1,0,1,0,1,0,0,1,0,0,1,0,0,1,0,1,0,1,1,0,0,1,1,0.599504
0,0,1,1,0,1,0,1,0,1,0,0,1,0,0,1,0,0,1,1,0,1,0,0,0,0,1,0,0,1,0,0,0.651881
0,0,1,1,1,1,1,0,0,0,0,1,1,0,0,1,0,0,1,1,0,0,0,1,0,1,0,1,0,1,1,0,0.540734
0,0,1,1,0,0,1,1,0,0,1,0,1,0,1,0,1,1,1,0,0,0,1,1,1,1,1,0,1,0,1,0,0.842418
0,1,1,1,1,0,1,0,0,1,1,0,0,1,0,1,0,1,0,1,1,1,0,0,1,1,1,1,1,0,0,0,0.595135
1,0,1,0,1,1,0,1,1,0,0,1,0,1,1,1,0,0,1,0,0,1,0,0,1,1,1,0,1,0,1,1,0.633632
1,0,1,1,0,1,1,0,0,0,0,0,0,0,1,0,0,0,0,1,1,1,1,0,0,1,1,1,1,0,0,0,0.618686
1,1,0,1,1,1,0,0,1,0,1,0,1,1,1,1,1,0,1,0,1,1,0,1,0,0,1,1,0,0,0,0,0.573236
1,0,0,1,0,1,0,1,1,0,0,1,0,1,0,1,0,1,0,1,0,1,1,1,0,1,0,0,1,1,1,1,0.636882
1,0,0,1,0,0,1,1,0,0,0,1,1,0,1,0,1,0,1,1,0,0,0,1,1,1,1,0,0,1,1,0,0.585251
1,1,1,1,1,1,1,0,0,0,1,0,0,0,1,1,0,1,1,0,1,1,0,1,0,1,1,0,0,1,1,1,0.537484
0,0,0,0,1,0,0,0,0,1,0,0,1,1,0,1,0,1,0,0,1,1,0,1,1,1,0,1,1,1,1,1,0.569134
1,0,0,0,0,1,1,1,0,1,0,0,0,0,1,0,0,1,0,0,1,0,0,1,1,0,0,0,0,0,1,0,0.580296
1,0,1,1,0,0,0,1,1,1,0,1,0,1,0,0,1,1,0,0,0,0,0,0,0,0,0,1,1,0,0,0,0.581868
1,1,1,0,0,0,1,1,1,1,1,0,1,1,0,0,1,1,0,1,0,1,0,1,0,0,1,0,1,0,1,0,0.603767
0,0,0,0,1,1,1,1,0,1,1,1,0,0,0,0,0,0,0,0,1,1,0,0,1,0,1,1,0,1,0,1,0.582428
1,0,0,0,1,1,0,1,0,0,1,0,1,0,1,1,0,1,0,1,1,0,0,0,0,0,0,0,0,1,1,1,0.723652
1,0,0,0,0,0,0,0,1,0,1,1,1,0,0,0,0,1,0,1,1,0,0,0,1,1,1,1,0,1,1,1,0.761269
1,0,1,1,1,1,1,0,1,0,0,1,1,0,1,1,0,0,1,0,0,1,1,1,0,0,0,0,0,0,0,1,0.619858
1,0,1,1,0,0,0,0,0,0,1,0,1,1,1,1,0,1,0,1,1,0,1,1,1,1,1,0,1,1,1,1,0.765452
1,1,0,1,0,0,1,0,1,1,1,1,0,1,1,1,1,1,1,1,0,1,0,1,1,1,0,1,0,1,0,1,0.555307
