1,0,1,1,0,0,1,0,0,1,0,0,1,1,0,1,1,0,0,0,0,1,1,0,0,0,0,1,1,1,1,1,0.012308
1,1,1,0,1,0,0,1,0,0,1,0,0,1,1,0,0,1,0,1,0,0,0,0,1,1,0,0,1,1,0,1,0.014093
1,0,0,1,0,1,0,1,0,0,0,1,0,1,1,0,0,1,1,0,1,1,1,1,1,0,1,1,1,0,0,1,0.011349
0,1,0,0,1,1,0,1,0,0,1,0,0,0,0,1,1,0,0,1,0,0,0,1,0,1,0,1,1,1,1,0,0.995045
1,0,0,0,1,1,0,1,0,1,0,1,1,1,0,1,1,0,0,1,0,1,1,1,0,0,1,1,1,0,0,1,0.008072
1,1,1,1,1,1,1,0,0,0,1,1,0,1,0,0,1,0,0,1,0,0,0,1,1,0,0,0,0,1,1,0,0.993686
0,1,1,0,1,1,1,0,1,0,0,0,1,1,1,0,0,1,1,0,1,1,1,1,0,1,0,1,0,1,0,1,0.992274
0,0,0,0,0,1,0,1,1,1,0,1,0,1,0,0,0,1,0,0,0,1,0,1,1,0,1,0,0,1,0,1,0.995791
0,1,1,1,1,1,0,1,1,0,1,0,1,1,1,1,1,1,0,0,0,1,1,0,1,0,1,1,0,1,0,0,0.991928
0,0,1,1,1,1,0,0,1,0,0,0,0,1,1,0,0,0,0,1,1,1,0,1,1,1,0,1,0,1,1,1,0.992247
0,1,0,1,1,0,0,1,1,0,1,0,0,0,0,1,1,1,1,1,0,0,1,0,0,1,0,1,1,0,1,1,0.991715
0,0,1,0,1,1,1,0,1,1,0,1,0,1,1,1,1,1,0,1,0,0,1,1,1,0,1,1,1,1,0,0,0.992301
1,1,0,1,1,1,0,1,1,1,1,0,0,1,1,0,1,0,0,0,1,0,1,0,0,1,0,1,1,0,1,0,0.992540
1,1,0,1,1,0,1,1,1,1,0,0,1,0,0,0,1,0,1,0,0,0,1,0,0,0,0,0,1,1,0,0,0.994032
0,0,1,0,1,1,1,0,0,0,1,1,0,0,1,0,1,1,1,1,1,1,0,1,0,1,1,0,1,0,1,0,0.993233
0,0,1,0,1,0,1,0,1,1,1,0,1,1,1,1,1,0,0,1,1,0,0,1,0,1,0,0,1,1,0,0,0.992540
1,1,1,0,0,1,1,0,0,1,1,0,0,0,0,1,1,1,1,0,1,1,0,0,1,1,0,1,0,0,0,1,0.011855
0,1,1,1,0,0,1,1,1,0,0,1,0,0,0,1,0,1,1,0,1,1,1,0,0,0,0,1,0,1,0,0,0.993127
0,1,1,1,0,1,1,1,1,1,0,0,1,1,0,1,1,1,0,1,1,0,0,1,0,1,0,1,0,1,0,1,0.990383
0,0,1,0,1,1,0,1,1,0,1,1,1,1,1,1,0,0,1,0,0,1,1,0,0,0,1,0,0,0,0,0,0.994991
0,1,0,1,0,1,1,0,1,0,0,1,1,0,1,0,1,1,0,1,1,0,1,1,1,0,1,1,1,1,0,1,0.989770
0,1,1,1,0,0,1,1,1,1,1,1,1,0,1,0,0,1,0,1,1,1,1,0,1,0,1,1,0,0,0,1,0.990969
1,0,1,1,0,0,1,1,0,0,1,1,1,1,1,0,1,1,0,1,1,0,0,0,1,0,0,0,1,0,0,1,0.013853
0,1,1,0,0,1,0,1,0,1,1,1,1,1,0,0,1,1,1,1,1,1,0,1,1,1,1,1,0,1,0,1,0.989610
0,1,0,1,0,1,1,1,1,0,1,1,0,0,1,1,1,1,1,0,0,1,1,1,1,1,0,1,1,0,1,0,0.990729
0,1,0,0,1,1,0,1,0,0,1,1,1,1,0,1,0,1,1,0,0,0,1,0,1,0,0,1,1,1,1,1,0.991768
1,1,0,0,1,1,1,0,0,0,0,0,0,1,1,1,0,0,0,1,1,0,1,1,1,1,0,0,1,0,1,0,0.993153
1,1,0,0,0,0,1,1,0,1,0,1,1,1,0,1,1,1,1,1,0,1,1,1,1,0,1,0,1,1,0,1,0.006101
1,1,1,0,1,0,1,0,0,0,1,1,0,1,0,1,1,1,1,1,1,1,1,0,1,1,1,0,0,0,0,1,0.010976
0,0,0,0,1,1,1,1,0,1,1,0,0,0,1,1,1,0,1,0,0,1,0,0,1,1,0,0,1,0,1,0,0.993180
0,1,0,1,0,0,0,1,1,1,1,0,1,1,1,0,0,1,1,0,0,1,0,0,0,1,1,0,0,1,1,1,0.992141
0,0,0,0,0,0,1,0,1,0,0,0,1,0,1,1,0,0,1,1,1,0,1,0,0,0,0,0,1,0,0,0,0.996910
1,0,0,1,1,0,0,1,1,1,0,1,1,1,1,1,1,0,0,0,0,0,0,1,0,1,0,1,1,0,0,0,0.992274
1,0,1,0,1,1,1,0,0,0,0,1,0,1,1,0,1,1,0,0,1,1,0,1,0,1,1,1,1,1,0,1,0.009538
1,0,0,0,1,1,0,1,0,0,0,0,1,1,1,1,0,0,1,1,1,1,1,1,1,1,1,0,1,0,0,1,0.008019
0,0,1,0,0,0,0,0,1,0,1,1,1,1,0,1,1,1,1,0,1,1,1,1,0,0,1,0,0,0,1,1,0.992274
1,0,0,0,0,0,1,1,0,1,1,1,1,0,1,1,0,0,1,0,0,0,0,0,0,0,0,1,1,0,1,1,0.011749
1,1,1,0,0,0,1,1,1,1,1,0,1,1,1,0,0,1,0,1,0,1,0,1,0,1,1,0,0,1,1,0,0.990995
1,0,0,1,0,0,1,0,1,1,0,1,1,0,1,0,0,0,0,0,1,0,0,1,0,1,0,1,0,1,0,0,0.994006
0,0,0,0,0,0,1,1,1,1,0,1,0,1,1,0,0,0,1,0,1,0,0,0,0,1,0,0,0,0,1,1,0.997895
1,1,1,1,0,1,1,0,1,1,0,1,1,0,1,0,1,0,0,0,1,0,1,0,1,0,1,0,1,0,1,1,0.008685
1,1,1,1,1,0,1,1,0,0,0,1,1,1,0,0,1,0,0,1,0,1,0,0,0,1,1,0,0,1,1,0,0.992807
0,0,1,0,0,1,1,1,0,0,0,0,1,1,0,0,0,0,0,1,1,1,0,1,1,1,1,1,0,1,1,0,0.993286
1,0,0,1,0,0,1,0,0,0,1,0,0,0,1,1,0,0,0,1,0,0,1,1,1,0,1,1,1,1,0,1,0.011003
0,1,1,1,0,0,1,0,0,0,1,1,1,0,1,1,1,1,1,0,0,0,0,0,0,1,0,0,0,0,1,0,0.993500
0,1,1,1,0,1,1,0,1,1,0,0,0,1,1,0,1,1,0,1,0,0,0,1,0,0,1,0,1,0,0,0,0.992860
0,1,0,0,1,0,0,0,1,1,0,0,0,0,1,0,1,1,1,1,0,0,0,1,1,0,0,1,0,1,1,0,0.993020
1,1,0,0,0,1,1,1,1,1,0,0,1,1,0,1,0,0,0,1,1,1,0,0,0,1,1,0,1,0,0,0,0.992088
1,0,1,0,1,1,1,1,1,0,0,1,1,1,1,0,1,0,0,1,1,0,1,1,1,1,1,1,0,1,1,0,0.991155
0,1,1,1,0,0,1,1,0,1,0,1,0,0,1,0,0,1,1,1,0,0,1,0,1,1,0,0,1,1,1,0,0.992354
1,1,1,1,1,1,0,1,1,0,1,1,0,0,1,0,0,1,1,0,0,0,1,0,0,1,1,0,0,1,0,0,0.993633
1,0,1,0,1,0,0,0,0,1,0,1,1,1,0,0,1,0,1,0,0,0,0,0,1,0,1,1,1,0,0,1,0.014306
1,0,0,1,1,0,1,1,0,0,0,1,0,1,1,0,1,0,1,1,1,0,0,1,0,0,1,0,1,1,0,0,0.993260
1,0,1,1,0,1,0,1,0,0,1,1,0,0,1,0,0,1,1,1,1,1,0,1,0,0,1,1,0,0,1,1,0.012095
1,0,1,1,0,1,1,0,0,1,1,0,1,1,0,0,0,1,0,0,0,0,1,1,1,0,0,1,1,0,0,1,0.014093
0,1,1,0,1,0,0,0,0,0,1,0,1,1,1,0,0,0,1,0,1,1,0,0,0,0,0,1,0,0,1,1,0.994032
1,0,1,1,0,0,1,0,0,1,1,0,0,0,1,1,1,0,0,1,1,0,1,1,0,0,0,0,1,0,1,1,0.011509
0,0,0,1,1,1,1,1,1,0,0,0,1,1,0,1,0,1,0,0,0,1,1,0,0,0,0,0,0,1,0,0,0.994006
1,1,0,1,0,0,0,1,1,1,1,1,1,1,1,1,1,0,0,0,1,1,1,0,1,1,1,0,0,0,0,1,0.012042
1,0,0,1,1,1,0,0,0,1,1,1,1,1,1,0,0,1,0,0,0,1,0,1,1,0,1,0,0,1,0,0,0.992461
1,1,1,1,1,0,1,1,1,0,0,0,0,1,1,0,0,1,1,1,0,0,0,0,1,0,0,0,1,1,1,1,0.007886
0,1,1,1,0,0,1,1,1,0,0,0,0,1,0,0,1,0,0,1,1,0,1,0,0,0,0,0,1,1,0,0,0.993473
0,0,0,0,0,0,1,1,1,1,0,0,1,0,0,0,0,1,1,0,1,0,1,1,0,1,1,0,0,0,1,1,0.997016
1,0,1,1,1,0,1,0,1,1,0,0,0,1,1,1,0,1,1,0,0,1,0,1,1,0,1,0,1,0,1,0,0.991528
0,1,1,0,1,1,1,1,0,0,1,0,0,0,0,1,1,0,1,0,0,0,1,0,0,0,1,0,1,0,0,0,0.993579
1,0,0,1,0,1,1,0,1,0,0,0,1,1,1,0,0,1,0,1,1,1,0,0,1,0,0,1,1,0,1,0,0.993260
1,0,1,1,1,1,0,1,0,1,0,0,1,0,0,0,1,1,0,0,0,0,1,1,1,0,0,0,0,0,1,0,0.993366
1,1,0,0,1,1,1,1,0,1,1,1,0,1,1,1,0,0,0,0,0,0,0,1,1,1,0,0,1,0,0,1,0.011349
0,1,1,1,1,0,1,1,0,1,0,0,0,1,1,1,0,1,1,1,0,0,0,0,0,1,0,0,1,0,1,1,0.991608
0,0,1,1,1,0,0,1,0,0,0,0,0,0,0,1,1,1,1,1,0,0,0,1,0,1,0,0,0,1,1,1,0.993500
0,0,1,1,1,0,0,0,0,1,0,0,0,1,0,1,0,1,1,1,1,1,0,0,0,0,0,0,0,1,0,0,0.995658
1,0,1,1,0,0,0,1,1,1,0,0,1,1,1,1,1,1,1,0,0,1,0,1,1,1,1,1,1,1,0,1,0.004849
1,0,0,0,0,0,0,0,0,1,0,1,0,0,1,1,1,0,0,0,0,1,1,1,1,1,0,0,0,1,1,1,0.012814
1,0,1,1,0,0,0,1,0,0,0,0,1,0,0,0,1,1,1,0,1,1,0,0,1,0,0,0,1,1,0,1,0.014040
0,0,1,0,0,0,0,0,0,1,0,1,1,0,0,0,1,0,0,1,1,0,1,1,1,0,0,1,1,0,1,0,0.994592
0,0,0,1,1,0,0,0,0,0,0,0,1,0,0,0,0,1,0,1,1,0,1,0,0,0,1,1,0,0,0,0,0.997336
1,0,1,0,1,1,1,0,1,1,0,0,0,0,1,1,1,0,1,1,0,0,0,0,0,0,1,0,0,1,1,0,0.992727
0,0,0,1,1,0,1,0,1,1,0,0,0,0,0,1,1,0,1,1,1,0,1,1,0,1,1,0,1,0,0,1,0.992674
1,1,1,0,1,0,0,1,0,0,1,0,1,0,0,1,0,1,1,0,1,1,0,1,1,1,0,0,1,1,1,0,0.992088
0,0,1,1,0,1,0,0,1,0,0,0,0,0,1,1,0,1,1,0,0,1,1,1,1,0,0,0,1,0,1,1,0.992993
0,1,1,0,0,1,1,0,0,0,1,0,1,0,0,0,1,0,0,0,0,0,0,0,0,0,0,0,0,1,0,0,0.996004
0,0,0,0,1,1,0,0,0,1,0,0,0,0,1,1,0,1,0,0,1,0,0,0,1,1,1,1,1,1,0,1,0.996030
1,1,1,0,1,0,1,1,1,0,1,0,1,1,1,1,0,0,0,0,1,0,1,0,1,0,1,1,0,0,1,0,0.991768
0,0,0,1,1,1,1,0,0,1,1,0,0,1,0,0,0,1,1,0,0,0,1,1,1,1,0,0,0,0,1,1,0.994672
0,0,0,0,0,0,0,0,1,0,0,0,1,0,0,1,0,0,0,1,0,1,0,1,1,1,0,0,0,0,1,1,0.997229
1,1,0,1,0,0,1,1,1,1,1,1,1,0,1,0,0,0,0,0,1,0,1,0,0,0,0,1,0,1,0,0,0.994032
0,0,1,0,1,1,1,1,1,1,0,1,1,0,0,1,1,1,1,1,0,0,1,0,0,0,1,1,1,0,1,1,0.991661
1,0,0,1,0,1,0,0,1,1,1,1,1,0,1,1,0,1,1,1,1,0,0,0,1,0,1,0,1,0,1,1,0.010124
0,0,0,0,1,1,0,0,1,0,1,0,0,0,0,0,1,0,1,1,0,1,0,1,1,1,1,1,0,1,0,0,0.994752
0,1,0,0,0,1,1,1,0,1,0,1,1,0,1,1,1,0,1,0,1,1,1,0,0,0,0,1,0,0,0,1,0.992381
1,0,0,1,1,1,1,0,1,0,0,0,0,1,1,0,1,1,1,0,1,1,0,0,0,0,1,1,0,1,1,0,0.992993
0,0,1,0,0,1,0,1,0,1,0,1,1,1,0,1,0,0,1,1,0,1,1,0,1,1,0,0,1,0,1,1,0.993100
0,1,0,0,0,1,0,1,0,1,1,1,1,1,0,0,1,0,1,0,0,0,1,0,1,0,1,0,1,0,0,0,0.993766
1,0,0,1,0,0,1,0,1,0,0,1,1,0,1,1,0,1,1,1,1,0,1,0,0,0,1,0,1,0,0,0,0.993127
1,1,0,0,0,1,1,1,0,1,0,0,0,1,0,1,1,0,1,0,0,0,0,0,0,0,0,0,0,0,0,1,0.015079
1,0,0,1,1,0,0,0,0,1,0,0,0,1,0,0,0,0,1,0,1,1,1,0,1,1,1,0,0,1,0,1,0.015159
1,0,1,0,0,0,0,0,0,0,0,1,1,0,0,0,1,0,0,1,0,1,0,0,1,1,0,0,0,0,1,0,0.995844
0,0,0,0,0,0,1,0,1,1,1,0,0,1,0,1,0,1,1,1,1,1,0,0,0,0,0,1,0,1,1,1,0.998801
0,1,1,1,1,1,1,0,0,0,0,1,0,0,1,1,0,0,0,1,1,0,1,0,0,0,0,0,0,1,0,1,0.993579
1,0,1,1,0,1,1,1,1,0,0,1,1,1,0,1,1,1,1,0,1,0,1,0,1,0,0,0,1,1,1,1,0.006580
0,0,1,0,1,1,0,0,1,1,1,1,0,1,0,1,1,0,0,0,1,1,1,1,0,0,1,1,1,0,1,1,0.992221
0,1,1,1,1,1,1,1,1,1,0,1,1,1,1,1,0,0,0,1,0,1,0,0,0,1,1,1,1,1,0,1,0.989530
0,0,1,1,0,0,1,0,0,1,1,0,0,1,0,0,1,1,0,0,1,1,1,0,0,1,0,0,1,1,0,1,0.992780
0,1,0,1,1,0,0,1,1,1,0,1,0,1,0,0,1,1,0,1,1,1,0,1,0,1,1,0,0,1,0,0,0.992354
0,1,1,1,1,0,0,1,1,0,0,1,0,0,1,0,0,0,0,1,0,1,1,1,1,0,1,1,0,0,1,0,0.991501
1,1,1,1,0,1,1,0,1,1,0,0,1,0,1,1,1,1,0,1,0,1,0,1,0,1,0,0,0,0,0,0,0.992940
1,0,0,1,0,0,0,1,1,1,0,0,0,0,1,1,0,1,0,0,0,1,1,1,1,1,0,0,1,0,1,1,0.008445
1,0,0,0,1,1,0,0,1,0,0,0,0,1,0,0,0,1,0,1,1,1,0,0,0,0,0,1,0,0,0,0,0.994858
0,1,1,1,0,1,0,1,1,0,1,0,0,0,1,1,1,0,0,1,1,1,0,1,1,1,0,0,1,1,1,0,0.991581
1,1,1,0,1,0,0,0,0,0,0,0,1,0,0,1,1,0,0,1,0,1,0,0,0,1,0,1,0,1,1,0,0.993766
1,0,0,0,0,1,1,1,0,1,0,1,1,0,1,0,0,0,0,1,1,1,0,0,1,1,0,0,1,0,1,0,0.992807
0,1,1,0,0,0,1,0,0,1,0,1,1,0,1,0,0,0,1,1,0,1,1,1,1,0,1,0,1,0,0,1,0.992780
0,1,1,1,0,0,1,1,0,0,1,1,1,0,1,1,0,0,1,0,1,1,0,0,1,1,0,1,1,1,1,0,0.990809
1,1,0,1,1,1,0,1,1,0,1,1,1,0,0,0,0,1,0,1,0,0,0,1,1,0,1,1,1,1,1,0,0.991848
0,1,1,1,1,0,1,0,1,1,0,0,0,1,0,1,1,1,0,0,1,1,0,1,0,1,1,1,1,1,0,1,0.989663
1,0,1,1,0,1,1,1,1,1,1,0,0,1,0,0,0,1,0,1,1,0,1,0,1,1,0,0,0,1,0,1,0.013107
0,0,1,0,0,1,1,1,1,0,0,0,0,0,0,0,0,0,0,1,0,0,1,1,1,1,1,0,1,0,0,0,0.995391
0,0,1,1,1,0,1,1,0,1,0,0,1,0,1,0,0,0,0,0,0,1,0,0,1,0,1,0,0,0,1,0,0.994139
1,1,0,1,0,1,0,0,0,0,1,0,0,0,0,0,0,0,0,1,1,0,1,0,0,0,0,0,0,1,0,0,0.995071
0,1,0,0,1,1,0,0,0,1,0,1,0,1,0,1,0,0,1,1,1,1,1,0,0,1,1,0,0,0,0,0,0.995258
0,1,1,1,0,1,1,1,0,1,0,1,1,0,1,0,1,0,1,0,0,1,1,0,1,1,0,0,1,1,0,1,0.991581
1,0,1,0,0,0,0,0,1,0,0,1,0,0,0,1,1,0,1,0,0,0,0,0,1,1,1,1,0,0,0,0,0.994379
1,0,1,0,1,1,0,1,0,1,1,0,0,0,0,1,0,1,1,0,1,1,0,0,1,0,0,0,1,0,0,0,0.994139
1,1,1,1,0,1,0,0,0,0,0,0,0,1,0,1,1,1,1,1,1,1,0,1,1,1,1,1,0,1,0,0,0.990942
0,1,0,0,0,1,1,1,0,1,1,0,0,1,1,0,1,1,1,1,1,1,1,1,0,0,0,0,0,0,0,1,0.991661
1,0,1,1,0,1,1,1,0,1,1,1,0,0,0,1,1,0,0,0,0,1,0,0,1,0,1,0,0,0,0,0,0.993819
0,1,0,0,1,1,0,0,1,1,0,1,1,0,1,0,0,0,0,0,1,1,1,0,0,1,1,0,0,1,0,0,0.994539
0,0,1,1,0,0,0,0,1,0,1,0,0,1,1,0,1,1,1,1,0,0,0,1,0,1,1,0,0,0,0,0,0.993340
