0,1,0,1,0,0,0,1,1,1,1,0,1,1,1,0,0,1,1,0,0,1,0,0,0,1,1,0,0,1,1,1,0.992194
0,1,1,1,0,1,0,1,1,0,1,0,0,0,1,1,1,0,0,1,1,1,0,1,1,1,0,0,1,1,1,0,0.992061
1,0,0,0,0,1,1,1,0,1,0,1,1,0,1,0,0,0,0,1,1,1,0,0,1,1,0,0,1,0,1,0,0.993207
1,0,1,1,0,1,0,1,0,0,1,1,0,0,1,0,0,1,1,1,1,1,0,1,0,0,1,1,0,0,1,1,0.011349
0,1,0,0,0,1,1,1,0,1,0,1,1,0,1,1,1,0,1,0,1,1,1,0,0,0,0,1,0,0,0,1,0.992727
0,0,0,1,1,0,1,0,1,1,0,0,0,0,0,1,1,0,1,1,1,0,1,1,0,1,1,0,1,0,0,1,0.992834
1,0,1,1,0,1,1,1,1,0,0,1,1,1,0,1,1,1,1,0,1,0,1,0,1,0,0,0,1,1,1,1,0.005834
1,0,0,1,1,0,0,1,1,1,0,1,1,1,1,1,1,0,0,0,0,0,0,1,0,1,0,1,1,0,0,0,0.992727
0,1,1,1,1,0,1,0,1,1,0,0,0,1,0,1,1,1,0,0,1,1,0,1,0,1,1,1,1,1,0,1,0.990010
1,1,1,1,0,1,0,0,0,0,0,0,0,1,0,1,1,1,1,1,1,1,0,1,1,1,1,1,0,1,0,0,0.991208
1,1,1,0,1,0,0,1,0,0,1,0,0,1,1,0,0,1,0,1,0,0,0,0,1,1,0,0,1,1,0,1,0.013027
1,0,1,0,0,0,0,0,1,0,0,1,0,0,0,1,1,0,1,0,0,0,0,0,1,1,1,1,0,0,0,0,0.994752
0,0,1,1,1,1,0,0,1,0,0,0,0,1,1,0,0,0,0,1,1,1,0,1,1,1,0,1,0,1,1,1,0.992514
1,0,1,1,1,1,0,1,0,1,0,0,1,0,0,0,1,1,0,0,0,0,1,1,1,0,0,0,0,0,1,0,0.993633
1,0,1,1,0,1,1,1,1,1,1,0,0,1,0,0,0,1,0,1,1,0,1,0,1,1,0,0,0,1,0,1,0.012148
0,0,1,0,0,1,1,1,0,0,0,0,1,1,0,0,0,0,0,1,1,1,0,1,1,1,1,1,0,1,1,0,0.993340
1,1,0,1,1,1,0,1,1,1,1,0,0,1,1,0,1,0,0,0,1,0,1,0,0,1,0,1,1,0,1,0,0.992780
1,1,0,0,0,1,1,1,0,1,0,0,0,1,0,1,1,0,1,0,0,0,0,0,0,0,0,0,0,0,0,1,0.013960
0,1,0,0,1,1,0,0,1,1,0,1,1,0,1,0,0,0,0,0,1,1,1,0,0,1,1,0,0,1,0,0,0.994965
0,1,0,0,1,1,0,0,0,1,0,1,0,1,0,1,0,0,1,1,1,1,1,0,0,1,1,0,0,0,0,0,0.995205
0,0,1,0,1,1,1,0,0,0,1,1,0,0,1,0,1,1,1,1,1,1,0,1,0,1,1,0,1,0,1,0,0.993446
0,0,1,0,0,1,1,1,1,0,0,0,0,0,0,0,0,0,0,1,0,0,1,1,1,1,1,0,1,0,0,0,0.995604
1,1,0,1,1,1,0,1,1,0,1,1,1,0,0,0,0,1,0,1,0,0,0,1,1,0,1,1,1,1,1,0,0.992354
0,1,1,1,0,0,1,1,0,0,1,1,1,0,1,1,0,0,1,0,1,1,0,0,1,1,0,1,1,1,1,0,0.990889
0,0,1,0,1,1,1,1,1,1,0,1,1,0,0,1,1,1,1,1,0,0,1,0,0,0,1,1,1,0,1,1,0.991768
0,0,1,0,0,0,0,0,0,1,0,1,1,0,0,0,1,0,0,1,1,0,1,1,1,0,0,1,1,0,1,0,0.994778
0,1,1,1,0,0,1,0,0,0,1,1,1,0,1,1,1,1,1,0,0,0,0,0,0,1,0,0,0,0,1,0,0.993686
1,0,0,0,1,1,0,0,1,0,0,0,0,1,0,0,0,1,0,1,1,1,0,0,0,0,0,1,0,0,0,0,0.995338
1,0,0,1,0,1,0,1,0,0,0,1,0,1,1,0,0,1,1,0,1,1,1,1,1,0,1,1,1,0,0,1,0.010470
0,1,1,0,1,0,0,0,0,0,1,0,1,1,1,0,0,0,1,0,1,1,0,0,0,0,0,1,0,0,1,1,0.994246
1,0,0,1,0,0,0,1,1,1,0,0,0,0,1,1,0,1,0,0,0,1,1,1,1,1,0,0,1,0,1,1,0.007646
0,1,1,1,1,0,0,1,1,0,0,1,0,0,1,0,0,0,0,1,0,1,1,1,1,0,1,1,0,0,1,0,0.991874
0,0,0,0,0,1,0,1,1,1,0,1,0,1,0,0,0,1,0,0,0,1,0,1,1,0,1,0,0,1,0,1,0.995578
0,0,1,1,1,0,1,1,0,1,0,0,1,0,1,0,0,0,0,0,0,1,0,0,1,0,1,0,0,0,1,0,0.994352
0,1,0,0,1,0,0,0,1,1,0,0,0,0,1,0,1,1,1,1,0,0,0,1,1,0,0,1,0,1,1,0,0.993473
1,1,0,1,0,0,1,1,1,1,1,1,1,0,1,0,0,0,0,0,1,0,1,0,0,0,0,1,0,1,0,0,0.994325
0,0,0,1,1,1,1,1,1,0,0,0,1,1,0,1,0,1,0,0,0,1,1,0,0,0,0,0,0,1,0,0,0.994379
0,1,0,0,0,1,0,1,0,1,1,1,1,1,0,0,1,0,1,0,0,0,1,0,1,0,1,0,1,0,0,0,0.994112
0,0,0,0,1,1,1,1,0,1,1,0,0,0,1,1,1,0,1,0,0,1,0,0,1,1,0,0,1,0,1,0,0.993553
1,1,1,0,1,0,1,0,0,0,1,1,0,1,0,1,1,1,1,1,1,1,1,0,1,1,1,0,0,0,0,1,0.010310
1,1,1,0,1,0,1,1,1,0,1,0,1,1,1,1,0,0,0,0,1,0,1,0,1,0,1,1,0,0,1,0,0.992114
1,1,1,1,0,1,1,0,1,1,0,0,1,0,1,1,1,1,0,1,0,1,0,1,0,1,0,0,0,0,0,0,0.993286
0,1,1,1,0,1,1,1,1,1,0,0,1,1,0,1,1,1,0,1,1,0,0,1,0,1,0,1,0,1,0,1,0.990569
1,1,0,0,1,1,1,1,0,1,1,1,0,1,1,1,0,0,0,0,0,0,0,1,1,1,0,0,1,0,0,1,0.010603
0,0,1,1,0,0,0,0,1,0,1,0,0,1,1,0,1,1,1,1,0,0,0,1,0,1,1,0,0,0,0,0,0.993846
0,1,1,0,0,0,1,0,0,1,0,1,1,0,1,0,0,0,1,1,0,1,1,1,1,0,1,0,1,0,0,1,0.992940
1,0,1,0,1,1,0,1,0,1,1,0,0,0,0,1,0,1,1,0,1,1,0,0,1,0,0,0,1,0,0,0,0.994405
1,1,0,1,0,1,0,0,0,0,1,0,0,0,0,0,0,0,0,1,1,0,1,0,0,0,0,0,0,1,0,0,0.995444
0,1,1,1,0,1,1,0,1,1,0,0,0,1,1,0,1,1,0,1,0,0,0,1,0,0,1,0,1,0,0,0,0.993313
1,0,0,0,0,0,1,1,0,1,1,1,1,0,1,1,0,0,1,0,0,0,0,0,0,0,0,1,1,0,1,1,0.011109
1,1,0,0,1,1,1,0,0,0,0,0,0,1,1,1,0,0,0,1,1,0,1,1,1,1,0,0,1,0,1,0,0.993659
0,0,0,0,0,0,1,0,1,0,0,0,1,0,1,1,0,0,1,1,1,0,1,0,0,0,0,0,1,0,0,0,0.997043
0,1,1,1,0,0,1,1,1,0,0,1,0,0,0,1,0,1,1,0,1,1,1,0,0,0,0,1,0,1,0,0,0.993313
1,0,0,0,1,1,0,1,0,1,0,1,1,1,0,1,1,0,0,1,0,1,1,1,0,0,1,1,1,0,0,1,0.007566
0,1,0,1,1,0,0,1,1,0,1,0,0,0,0,1,1,1,1,1,0,0,1,0,0,1,0,1,1,0,1,1,0.991715
0,1,0,0,1,1,0,1,0,0,1,1,1,1,0,1,0,1,1,0,0,0,1,0,1,0,0,1,1,1,1,1,0.991395
1,1,1,1,1,1,0,1,1,0,1,1,0,0,1,0,0,1,1,0,0,0,1,0,0,1,1,0,0,1,0,0,0.993846
1,1,0,0,0,1,1,1,1,1,0,0,1,1,0,1,0,0,0,1,1,1,0,0,0,1,1,0,1,0,0,0,0.992674
0,0,1,1,0,1,0,0,1,0,0,0,0,0,1,1,0,1,1,0,0,1,1,1,1,0,0,0,1,0,1,1,0.992993
1,0,1,0,1,1,1,0,1,1,0,0,0,0,1,1,1,0,1,1,0,0,0,0,0,0,1,0,0,1,1,0,0.993313
0,0,0,0,0,0,1,0,1,1,1,0,0,1,0,1,0,1,1,1,1,1,0,0,0,0,0,1,0,1,1,1,0.998988
0,1,1,1,0,0,1,1,1,0,0,0,0,1,0,0,1,0,0,1,1,0,1,0,0,0,0,0,1,1,0,0,0.993952
1,0,1,1,1,0,1,0,1,1,0,0,0,1,1,1,0,1,1,0,0,1,0,1,1,0,1,0,1,0,1,0,0.992088
1,0,1,0,1,0,0,0,0,1,0,1,1,1,0,0,1,0,1,0,0,0,0,0,1,0,1,1,1,0,0,1,0.013267
0,1,0,0,1,1,0,1,0,0,1,0,0,0,0,1,1,0,0,1,0,0,0,1,0,1,0,1,1,1,1,0,0.995338
0,1,1,1,1,1,0,1,1,0,1,0,1,1,1,1,1,1,0,0,0,1,1,0,1,0,1,1,0,1,0,0,0.992168
0,0,0,1,1,0,0,0,0,0,0,0,1,0,0,0,0,1,0,1,1,0,1,0,0,0,1,1,0,0,0,0,0.997682
0,0,1,1,0,0,1,0,0,1,1,0,0,1,0,0,1,1,0,0,1,1,1,0,0,1,0,0,1,1,0,1,0.992887
1,1,1,0,0,1,1,0,0,1,1,0,0,0,0,1,1,1,1,0,1,1,0,0,1,1,0,1,0,0,0,1,0.011056
1,1,0,0,0,0,1,1,0,1,0,1,1,1,0,1,1,1,1,1,0,1,1,1,1,0,1,0,1,1,0,1,0.005648
1,0,1,0,0,0,0,0,0,0,0,1,1,0,0,0,1,0,0,1,0,1,0,0,1,1,0,0,0,0,1,0,0.996110
1,0,0,1,1,1,1,0,1,0,0,0,0,1,1,0,1,1,1,0,1,1,0,0,0,0,1,1,0,1,1,0,0.993340
0,1,1,0,0,1,0,1,0,1,1,1,1,1,0,0,1,1,1,1,1,1,0,1,1,1,1,1,0,1,0,1,0.989796
1,0,1,1,0,1,1,1,0,1,1,1,0,0,0,1,1,0,0,0,0,1,0,0,1,0,1,0,0,0,0,0,0.993926
1,0,0,0,1,1,0,1,0,0,0,0,1,1,1,1,0,0,1,1,1,1,1,1,1,1,1,0,1,0,0,1,0.007513
0,0,1,0,0,1,0,1,0,1,0,1,1,1,0,1,0,0,1,1,0,1,1,0,1,1,0,0,1,0,1,1,0.992567
0,0,1,0,1,1,0,1,1,0,1,1,1,1,1,1,0,0,1,0,0,1,1,0,0,0,1,0,0,0,0,0,0.995364
0,1,1,1,1,0,1,1,0,1,0,0,0,1,1,1,0,1,1,1,0,0,0,0,0,1,0,0,1,0,1,1,0.991661
1,0,0,1,1,1,0,0,0,1,1,1,1,1,1,0,0,1,0,0,0,1,0,1,1,0,1,0,0,1,0,0,0.992887
1,0,0,1,1,0,0,0,0,1,0,0,0,1,0,0,0,0,1,0,1,1,1,0,1,1,1,0,0,1,0,1,0.013960
1,0,1,0,1,1,1,0,0,0,0,1,0,1,1,0,1,1,0,0,1,1,0,1,0,1,1,1,1,1,0,1,0.008632
0,1,1,1,0,0,1,1,1,1,1,1,1,0,1,0,0,1,0,1,1,1,1,0,1,0,1,1,0,0,0,1,0.991262
1,0,1,1,0,0,1,1,0,0,1,1,1,1,1,0,1,1,0,1,1,0,0,0,1,0,0,0,1,0,0,1,0.012948
0,0,0,1,1,1,1,0,0,1,1,0,0,1,0,0,0,1,1,0,0,0,1,1,1,1,0,0,0,0,1,1,0.994618
1,1,1,1,0,1,1,0,1,1,0,1,1,0,1,0,1,0,0,0,1,0,1,0,1,0,1,0,1,0,1,1,0.008205
0,0,1,0,1,1,1,0,1,1,0,1,0,1,1,1,1,1,0,1,0,0,1,1,1,0,1,1,1,1,0,0,0.992461
1,0,0,1,1,0,1,1,0,0,0,1,0,1,1,0,1,0,1,1,1,0,0,1,0,0,1,0,1,1,0,0,0.993579
0,1,0,0,0,1,1,1,0,1,1,0,0,1,1,0,1,1,1,1,1,1,1,1,0,0,0,0,0,0,0,1,0.991901
0,1,1,1,1,1,1,0,0,0,0,1,0,0,1,1,0,0,0,1,1,0,1,0,0,0,0,0,0,1,0,1,0.993873
0,1,1,0,0,1,1,0,0,0,1,0,1,0,0,0,1,0,0,0,0,0,0,0,0,0,0,0,0,1,0,0,0.996350
0,0,0,0,0,0,1,1,1,1,0,0,1,0,0,0,0,1,1,0,1,0,1,1,0,1,1,0,0,0,1,1,0.997043
1,0,1,1,0,0,0,1,0,0,0,0,1,0,0,0,1,1,1,0,1,1,0,0,1,0,0,0,1,1,0,1,0.012921
0,0,1,0,1,0,1,0,1,1,1,0,1,1,1,1,1,0,0,1,1,0,0,1,0,1,0,0,1,1,0,0,0.992913
1,0,1,1,0,0,1,0,0,1,0,0,1,1,0,1,1,0,0,0,0,1,1,0,0,0,0,1,1,1,1,1,0.011562
1,0,1,1,0,0,0,1,1,1,0,0,1,1,1,1,1,1,1,0,0,1,0,1,1,1,1,1,1,1,0,1,0.004449
1,1,0,1,0,0,0,1,1,1,1,1,1,1,1,1,1,0,0,0,1,1,1,0,1,1,1,0,0,0,0,1,0.011083
1,1,0,1,1,0,1,1,1,1,0,0,1,0,0,0,1,0,1,0,0,0,1,0,0,0,0,0,1,1,0,0,0.994246
0,1,1,1,1,1,1,1,1,1,0,1,1,1,1,1,0,0,0,1,0,1,0,0,0,1,1,1,1,1,0,1,0.989770
0,1,0,1,0,1,1,0,1,0,0,1,1,0,1,0,1,1,0,1,1,0,1,1,1,0,1,1,1,1,0,1,0.990010
0,1,0,1,1,0,0,1,1,1,0,1,0,1,0,0,1,1,0,1,1,1,0,1,0,1,1,0,0,1,0,0,0.992700
0,0,1,0,0,0,0,0,1,0,1,1,1,1,0,1,1,1,1,0,1,1,1,1,0,0,1,0,0,0,1,1,0.992540
1,1,1,1,1,1,1,0,0,0,1,1,0,1,0,0,1,0,0,1,0,0,0,1,1,0,0,0,0,1,1,0,0.993979
0,1,1,1,0,1,1,1,0,1,0,1,1,0,1,0,1,0,1,0,0,1,1,0,1,1,0,0,1,1,0,1,0.991901
1,1,1,1,1,0,1,1,1,0,0,0,0,1,1,0,0,1,1,1,0,0,0,0,1,0,0,0,1,1,1,1,0.007433
0,0,0,0,0,0,1,1,1,1,0,1,0,1,1,0,0,0,1,0,1,0,0,0,0,1,0,0,0,0,1,1,0.998029
0,1,1,0,1,1,1,0,1,0,0,0,1,1,1,0,0,1,1,0,1,1,1,1,0,1,0,1,0,1,0,1,0.992407
0,0,0,0,1,1,0,0,1,0,1,0,0,0,0,0,1,0,1,1,0,1,0,1,1,1,1,1,0,1,0,0,0.994991
1,0,0,1,0,0,1,0,1,1,0,1,1,0,1,0,0,0,0,0,1,0,0,1,0,1,0,1,0,1,0,0,0.994405
0,1,1,1,0,0,1,1,0,1,0,1,0,0,1,0,0,1,1,1,0,0,1,0,1,1,0,0,1,1,1,0,0.992461
0,1,0,1,0,1,1,1,1,0,1,1,0,0,1,1,1,1,1,0,0,1,1,1,1,1,0,1,1,0,1,0,0.990995
1,1,1,1,1,0,1,1,0,0,0,1,1,1,0,0,1,0,0,1,0,1,0,0,0,1,1,0,0,1,1,0,0.992940
1,1,1,0,1,0,0,0,0,0,0,0,1,0,0,1,1,0,0,1,0,1,0,0,0,1,0,1,0,1,1,0,0.994086
1,1,1,0,0,0,1,1,1,1,1,0,1,1,1,0,0,1,0,1,0,1,0,1,0,1,1,0,0,1,1,0,0.991555
1,0,1,1,0,0,1,0,0,1,1,0,0,0,1,1,1,0,0,1,1,0,1,1,0,0,0,0,1,0,1,1,0.010923
0,0,1,1,1,0,0,1,0,0,0,0,0,0,0,1,1,1,1,1,0,0,0,1,0,1,0,0,0,1,1,1,0.993286
0,0,0,0,1,1,0,0,0,1,0,0,0,0,1,1,0,1,0,0,1,0,0,0,1,1,1,1,1,1,0,1,0.996377
1,0,1,1,0,1,1,0,0,1,1,0,1,1,0,0,0,1,0,0,0,0,1,1,1,0,0,1,1,0,0,1,0.013081
1,0,0,1,0,0,1,0,1,0,0,1,1,0,1,1,0,1,1,1,1,0,1,0,0,0,1,0,1,0,0,0,0.993420
1,0,1,0,1,1,1,1,1,0,0,1,1,1,1,0,1,0,0,1,1,0,1,1,1,1,1,1,0,1,1,0,0.991528
1,0,0,1,0,1,0,0,1,1,1,1,1,0,1,1,0,1,1,1,1,0,0,0,1,0,1,0,1,0,1,1,0.009404
1,0,0,1,0,1,1,0,1,0,0,0,1,1,1,0,0,1,0,1,1,1,0,0,1,0,0,1,1,0,1,0,0.993633
1,1,1,0,1,0,0,1,0,0,1,0,1,0,0,1,0,1,1,0,1,1,0,1,1,1,0,0,1,1,1,0,0.992567
0,0,0,0,0,0,0,0,1,0,0,0,1,0,0,1,0,0,0,1,0,1,0,1,1,1,0,0,0,0,1,1,0.997442
0,1,1,0,1,1,1,1,0,0,1,0,0,0,0,1,1,0,1,0,0,0,1,0,0,0,1,0,1,0,0,0,0.993952
0,0,1,0,1,1,0,0,1,1,1,1,0,1,0,1,1,0,0,0,1,1,1,1,0,0,1,1,1,0,1,1,0.992247
1,0,0,0,0,0,0,0,0,1,0,1,0,0,1,1,1,0,0,0,0,1,1,1,1,1,0,0,0,1,1,1,0.012282
0,0,1,1,1,0,0,0,0,1,0,0,0,1,0,1,0,1,1,1,1,1,0,0,0,0,0,0,0,1,0,0,0.995684
1,0,0,1,0,0,1,0,0,0,1,0,0,0,1,1,0,0,0,1,0,0,1,1,1,0,1,1,1,1,0,1,0.010257
