0,1,0,1,0,1,1,0,1,0,0,1,1,0,1,0,1,1,0,1,1,0,1,1,1,0,1,1,1,1,0,1,0.989743
1,0,0,0,1,1,0,1,0,1,0,1,1,1,0,1,1,0,0,1,0,1,1,1,0,0,1,1,1,0,0,1,0.007832
0,0,0,0,0,0,1,0,1,0,0,0,1,0,1,1,0,0,1,1,1,0,1,0,0,0,0,0,1,0,0,0,0.996883
1,0,0,1,0,0,1,0,1,1,0,1,1,0,1,0,0,0,0,0,1,0,0,1,0,1,0,1,0,1,0,0,0.994192
0,0,0,0,1,1,1,1,0,1,1,0,0,0,1,1,1,0,1,0,0,1,0,0,1,1,0,0,1,0,1,0,0.993127
1,1,1,1,1,1,0,1,1,0,1,1,0,0,1,0,0,1,1,0,0,0,1,0,0,1,1,0,0,1,0,0,0.993686
0,1,1,0,0,0,1,0,0,1,0,1,1,0,1,0,0,0,1,1,0,1,1,1,1,0,1,0,1,0,0,1,0.992540
1,0,0,0,1,1,0,0,1,0,0,0,0,1,0,0,0,1,0,1,1,1,0,0,0,0,0,1,0,0,0,0,0.995098
0,0,1,1,1,0,0,1,0,0,0,0,0,0,0,1,1,1,1,1,0,0,0,1,0,1,0,0,0,1,1,1,0.992967
0,0,1,0,1,1,0,0,1,1,1,1,0,1,0,1,1,0,0,0,1,1,1,1,0,0,1,1,1,0,1,1,0.992061
0,1,1,1,0,0,1,1,1,1,1,1,1,0,1,0,0,1,0,1,1,1,1,0,1,0,1,1,0,0,0,1,0.991022
1,1,1,1,0,1,0,0,0,0,0,0,0,1,0,1,1,1,1,1,1,1,0,1,1,1,1,1,0,1,0,0,0.990969
1,1,1,1,0,1,1,0,1,1,0,0,1,0,1,1,1,1,0,1,0,1,0,1,0,1,0,0,0,0,0,0,0.993180
0,1,1,1,0,0,1,1,0,1,0,1,0,0,1,0,0,1,1,1,0,0,1,0,1,1,0,0,1,1,1,0,0.992221
1,0,0,0,0,0,1,1,0,1,1,1,1,0,1,1,0,0,1,0,0,0,0,0,0,0,0,1,1,0,1,1,0.011802
0,1,0,1,0,0,0,1,1,1,1,0,1,1,1,0,0,1,1,0,0,1,0,0,0,1,1,0,0,1,1,1,0.992034
1,0,1,1,0,0,0,1,0,0,0,0,1,0,0,0,1,1,1,0,1,1,0,0,1,0,0,0,1,1,0,1,0.014040
1,0,1,1,0,1,1,1,1,0,0,1,1,1,0,1,1,1,1,0,1,0,1,0,1,0,0,0,1,1,1,1,0.006500
1,1,0,1,0,0,0,1,1,1,1,1,1,1,1,1,1,0,0,0,1,1,1,0,1,1,1,0,0,0,0,1,0.012068
1,0,1,0,1,1,1,0,0,0,0,1,0,1,1,0,1,1,0,0,1,1,0,1,0,1,1,1,1,1,0,1,0.009431
1,0,0,1,0,1,1,0,1,0,0,0,1,1,1,0,0,1,0,1,1,1,0,0,1,0,0,1,1,0,1,0,0.993313
1,0,0,0,1,1,0,1,0,0,0,0,1,1,1,1,0,0,1,1,1,1,1,1,1,1,1,0,1,0,0,1,0.007939
1,1,0,1,0,1,0,0,0,0,1,0,0,0,0,0,0,0,0,1,1,0,1,0,0,0,0,0,0,1,0,0,0.995231
0,0,0,0,1,1,0,0,1,0,1,0,0,0,0,0,1,0,1,1,0,1,0,1,1,1,1,1,0,1,0,0,0.994832
0,1,0,0,0,1,1,1,0,1,1,0,0,1,1,0,1,1,1,1,1,1,1,1,0,0,0,0,0,0,0,1,0.991688
0,1,1,1,1,1,0,1,1,0,1,0,1,1,1,1,1,1,0,0,0,1,1,0,1,0,1,1,0,1,0,0,0.991688
1,0,0,1,0,0,1,0,1,0,0,1,1,0,1,1,0,1,1,1,1,0,1,0,0,0,1,0,1,0,0,0,0.993127
0,0,1,0,1,1,1,1,1,1,0,1,1,0,0,1,1,1,1,1,0,0,1,0,0,0,1,1,1,0,1,1,0.991422
0,0,0,1,1,0,0,0,0,0,0,0,1,0,0,0,0,1,0,1,1,0,1,0,0,0,1,1,0,0,0,0,0.997309
0,0,1,1,1,1,0,0,1,0,0,0,0,1,1,0,0,0,0,1,1,1,0,1,1,1,0,1,0,1,1,1,0.992274
0,1,0,1,1,0,0,1,1,1,0,1,0,1,0,0,1,1,0,1,1,1,0,1,0,1,1,0,0,1,0,0,0.992514
0,0,0,0,0,0,0,0,1,0,0,0,1,0,0,1,0,0,0,1,0,1,0,1,1,1,0,0,0,0,1,1,0.997203
1,0,0,1,1,0,1,1,0,0,0,1,0,1,1,0,1,0,1,1,1,0,0,1,0,0,1,0,1,1,0,0,0.993420
1,0,0,1,1,0,0,1,1,1,0,1,1,1,1,1,1,0,0,0,0,0,0,1,0,1,0,1,1,0,0,0,0.992301
1,0,1,1,0,1,1,1,0,1,1,1,0,0,0,1,1,0,0,0,0,1,0,0,1,0,1,0,0,0,0,0,0.993899
1,0,0,0,0,1,1,1,0,1,0,1,1,0,1,0,0,0,0,1,1,1,0,0,1,1,0,0,1,0,1,0,0.992807
1,1,1,0,1,0,0,1,0,0,1,0,1,0,0,1,0,1,1,0,1,1,0,1,1,1,0,0,1,1,1,0,0.992034
0,1,1,1,0,1,1,0,1,1,0,0,0,1,1,0,1,1,0,1,0,0,0,1,0,0,1,0,1,0,0,0,0.993047
0,1,1,1,1,0,0,1,1,0,0,1,0,0,1,0,0,0,0,1,0,1,1,1,1,0,1,1,0,0,1,0,0.991555
0,0,1,0,1,1,1,0,1,1,0,1,0,1,1,1,1,1,0,1,0,0,1,1,1,0,1,1,1,1,0,0,0.992247
1,0,1,0,1,1,1,1,1,0,0,1,1,1,1,0,1,0,0,1,1,0,1,1,1,1,1,1,0,1,1,0,0.991208
0,1,1,0,0,1,0,1,0,1,1,1,1,1,0,0,1,1,1,1,1,1,0,1,1,1,1,1,0,1,0,1,0.989450
1,1,0,0,0,0,1,1,0,1,0,1,1,1,0,1,1,1,1,1,0,1,1,1,1,0,1,0,1,1,0,1,0.006127
1,1,1,0,1,0,1,1,1,0,1,0,1,1,1,1,0,0,0,0,1,0,1,0,1,0,1,1,0,0,1,0,0.991741
1,1,1,1,0,1,1,0,1,1,0,1,1,0,1,0,1,0,0,0,1,0,1,0,1,0,1,0,1,0,1,1,0.008605
1,1,0,0,1,1,1,0,0,0,0,0,0,1,1,1,0,0,0,1,1,0,1,1,1,1,0,0,1,0,1,0,0.993153
0,0,1,0,0,1,1,1,0,0,0,0,1,1,0,0,0,0,0,1,1,1,0,1,1,1,1,1,0,1,1,0,0.993286
0,1,1,0,0,1,1,0,0,0,1,0,1,0,0,0,1,0,0,0,0,0,0,0,0,0,0,0,0,1,0,0,0.996004
1,0,1,0,1,1,1,0,1,1,0,0,0,0,1,1,1,0,1,1,0,0,0,0,0,0,1,0,0,1,1,0,0.992754
1,0,1,1,1,1,0,1,0,1,0,0,1,0,0,0,1,1,0,0,0,0,1,1,1,0,0,0,0,0,1,0,0.993500
0,1,1,1,0,0,1,1,1,0,0,0,0,1,0,0,1,0,0,1,1,0,1,0,0,0,0,0,1,1,0,0,0.993633
0,1,1,1,0,1,1,1,0,1,0,1,1,0,1,0,1,0,1,0,0,1,1,0,1,1,0,0,1,1,0,1,0.991608
0,0,0,0,0,0,1,0,1,1,1,0,0,1,0,1,0,1,1,1,1,1,0,0,0,0,0,1,0,1,1,1,0.998828
0,1,0,1,1,0,0,1,1,0,1,0,0,0,0,1,1,1,1,1,0,0,1,0,0,1,0,1,1,0,1,1,0.991555
0,0,1,1,1,0,0,0,0,1,0,0,0,1,0,1,0,1,1,1,1,1,0,0,0,0,0,0,0,1,0,0,0.995658
1,1,1,0,1,0,0,0,0,0,0,0,1,0,0,1,1,0,0,1,0,1,0,0,0,1,0,1,0,1,1,0,0.993659
0,1,0,0,0,1,1,1,0,1,0,1,1,0,1,1,1,0,1,0,1,1,1,0,0,0,0,1,0,0,0,1,0.992407
0,1,1,0,1,1,1,1,0,0,1,0,0,0,0,1,1,0,1,0,0,0,1,0,0,0,1,0,1,0,0,0,0.993500
1,1,1,0,1,0,1,0,0,0,1,1,0,1,0,1,1,1,1,1,1,1,1,0,1,1,1,0,0,0,0,1,0.011056
0,0,1,0,1,0,1,0,1,1,1,0,1,1,1,1,1,0,0,1,1,0,0,1,0,1,0,0,1,1,0,0,0.992594
1,0,1,1,0,1,0,1,0,0,1,1,0,0,1,0,0,1,1,1,1,1,0,1,0,0,1,1,0,0,1,1,0.012148
0,1,1,1,0,1,0,1,1,0,1,0,0,0,1,1,1,0,0,1,1,1,0,1,1,1,0,0,1,1,1,0,0.991688
0,0,0,0,0,0,1,1,1,1,0,1,0,1,1,0,0,0,1,0,1,0,0,0,0,1,0,0,0,0,1,1,0.997869
0,0,1,0,0,1,0,1,0,1,0,1,1,1,0,1,0,0,1,1,0,1,1,0,1,1,0,0,1,0,1,1,0.992514
1,0,0,1,0,1,0,0,1,1,1,1,1,0,1,1,0,1,1,1,1,0,0,0,1,0,1,0,1,0,1,1,0.009990
1,0,1,1,1,0,1,0,1,1,0,0,0,1,1,1,0,1,1,0,0,1,0,1,1,0,1,0,1,0,1,0,0.991635
1,0,0,0,0,0,0,0,0,1,0,1,0,0,1,1,1,0,0,0,0,1,1,1,1,1,0,0,0,1,1,1,0.013081
1,1,1,1,1,1,1,0,0,0,1,1,0,1,0,0,1,0,0,1,0,0,0,1,1,0,0,0,0,1,1,0,0.993659
1,0,0,1,0,1,0,1,0,0,0,1,0,1,1,0,0,1,1,0,1,1,1,1,1,0,1,1,1,0,0,1,0.011269
1,0,0,1,0,0,0,1,1,1,0,0,0,0,1,1,0,1,0,0,0,1,1,1,1,1,0,0,1,0,1,1,0.008312
0,1,0,0,1,1,0,1,0,0,1,0,0,0,0,1,1,0,0,1,0,0,0,1,0,1,0,1,1,1,1,0,0.995045
0,0,1,0,1,1,1,0,0,0,1,1,0,0,1,0,1,1,1,1,1,1,0,1,0,1,1,0,1,0,1,0,0.993207
1,1,0,0,0,1,1,1,0,1,0,0,0,1,0,1,1,0,1,0,0,0,0,0,0,0,0,0,0,0,0,1,0.015026
1,0,0,1,0,0,1,0,0,0,1,0,0,0,1,1,0,0,0,1,0,0,1,1,1,0,1,1,1,1,0,1,0.011083
1,1,1,0,0,1,1,0,0,1,1,0,0,0,0,1,1,1,1,0,1,1,0,0,1,1,0,1,0,0,0,1,0.011909
0,1,1,1,1,1,1,1,1,1,0,1,1,1,1,1,0,0,0,1,0,1,0,0,0,1,1,1,1,1,0,1,0.989370
1,0,1,1,0,1,1,1,1,1,1,0,0,1,0,0,0,1,0,1,1,0,1,0,1,1,0,0,0,1,0,1,0.013107
1,0,1,1,0,0,1,0,0,1,0,0,1,1,0,1,1,0,0,0,0,1,1,0,0,0,0,1,1,1,1,1,0.012308
1,0,1,1,0,1,1,0,0,1,1,0,1,1,0,0,0,1,0,0,0,0,1,1,1,0,0,1,1,0,0,1,0.014093
0,0,0,0,0,0,1,1,1,1,0,0,1,0,0,0,0,1,1,0,1,0,1,1,0,1,1,0,0,0,1,1,0.996936
0,1,1,1,1,0,1,0,1,1,0,0,0,1,0,1,1,1,0,0,1,1,0,1,0,1,1,1,1,1,0,1,0.989717
0,1,0,0,1,1,0,0,0,1,0,1,0,1,0,1,0,0,1,1,1,1,1,0,0,1,1,0,0,0,0,0,0.995205
1,1,0,0,1,1,1,1,0,1,1,1,0,1,1,1,0,0,0,0,0,0,0,1,1,1,0,0,1,0,0,1,0.011402
1,1,0,0,0,1,1,1,1,1,0,0,1,1,0,1,0,0,0,1,1,1,0,0,0,1,1,0,1,0,0,0,0.992247
0,1,0,0,0,1,0,1,0,1,1,1,1,1,0,0,1,0,1,0,0,0,1,0,1,0,1,0,1,0,0,0,0.993739
1,1,0,1,0,0,1,1,1,1,1,1,1,0,1,0,0,0,0,0,1,0,1,0,0,0,0,1,0,1,0,0,0.994112
0,1,0,0,1,1,0,0,1,1,0,1,1,0,1,0,0,0,0,0,1,1,1,0,0,1,1,0,0,1,0,0,0.994539
0,0,1,0,1,1,0,1,1,0,1,1,1,1,1,1,0,0,1,0,0,1,1,0,0,0,1,0,0,0,0,0,0.994991
1,0,1,0,0,0,0,0,1,0,0,1,0,0,0,1,1,0,1,0,0,0,0,0,1,1,1,1,0,0,0,0,0.994325
1,0,0,1,1,1,0,0,0,1,1,1,1,1,1,0,0,1,0,0,0,1,0,1,1,0,1,0,0,1,0,0,0.992514
1,1,1,0,0,0,1,1,1,1,1,0,1,1,1,0,0,1,0,1,0,1,0,1,0,1,1,0,0,1,1,0,0.991022
0,1,0,0,1,0,0,0,1,1,0,0,0,0,1,0,1,1,1,1,0,0,0,1,1,0,0,1,0,1,1,0,0.992993
1,1,0,1,1,0,1,1,1,1,0,0,1,0,0,0,1,0,1,0,0,0,1,0,0,0,0,0,1,1,0,0,0.994272
0,0,1,1,0,0,0,0,1,0,1,0,0,1,1,0,1,1,1,1,0,0,0,1,0,1,1,0,0,0,0,0,0.993579
0,0,1,0,0,0,0,0,1,0,1,1,1,1,0,1,1,1,1,0,1,1,1,1,0,0,1,0,0,0,1,1,0.992301
1,0,1,0,1,1,0,1,0,1,1,0,0,0,0,1,0,1,1,0,1,1,0,0,1,0,0,0,1,0,0,0,0.994246
0,0,1,0,0,0,0,0,0,1,0,1,1,0,0,0,1,0,0,1,1,0,1,1,1,0,0,1,1,0,1,0,0.994672
1,0,1,1,0,0,0,1,1,1,0,0,1,1,1,1,1,1,1,0,0,1,0,1,1,1,1,1,1,1,0,1,0.004875
0,0,0,0,1,1,0,0,0,1,0,0,0,0,1,1,0,1,0,0,1,0,0,0,1,1,1,1,1,1,0,1,0.996217
0,0,1,0,0,1,1,1,1,0,0,0,0,0,0,0,0,0,0,1,0,0,1,1,1,1,1,0,1,0,0,0,0.995391
0,1,1,0,1,0,0,0,0,0,1,0,1,1,1,0,0,0,1,0,1,1,0,0,0,0,0,1,0,0,1,1,0.994059
0,0,1,1,0,1,0,0,1,0,0,0,0,0,1,1,0,1,1,0,0,1,1,1,1,0,0,0,1,0,1,1,0.992940
1,0,0,1,1,1,1,0,1,0,0,0,0,1,1,0,1,1,1,0,1,1,0,0,0,0,1,1,0,1,1,0,0.993153
1,1,1,1,1,0,1,1,0,0,0,1,1,1,0,0,1,0,0,1,0,1,0,0,0,1,1,0,0,1,1,0,0.992834
0,1,1,1,0,0,1,0,0,0,1,1,1,0,1,1,1,1,1,0,0,0,0,0,0,1,0,0,0,0,1,0,0.993446
0,0,0,0,0,1,0,1,1,1,0,1,0,1,0,0,0,1,0,0,0,1,0,1,1,0,1,0,0,1,0,1,0.995658
1,0,1,1,0,0,1,0,0,1,1,0,0,0,1,1,1,0,0,1,1,0,1,1,0,0,0,0,1,0,1,1,0.011456
0,1,1,1,1,1,1,0,0,0,0,1,0,0,1,1,0,0,0,1,1,0,1,0,0,0,0,0,0,1,0,1,0.993420
0,1,1,1,0,0,1,1,0,0,1,1,1,0,1,1,0,0,1,0,1,1,0,0,1,1,0,1,1,1,1,0,0.990702
1,0,1,0,0,0,0,0,0,0,0,1,1,0,0,0,1,0,0,1,0,1,0,0,1,1,0,0,0,0,1,0,0.995737
0,0,1,1,1,0,1,1,0,1,0,0,1,0,1,0,0,0,0,0,0,1,0,0,1,0,1,0,0,0,1,0,0.994112
1,1,1,1,1,0,1,1,1,0,0,0,0,1,1,0,0,1,1,1,0,0,0,0,1,0,0,0,1,1,1,1,0.007939
1,0,1,1,0,0,1,1,0,0,1,1,1,1,1,0,1,1,0,1,1,0,0,0,1,0,0,0,1,0,0,1,0.014013
0,0,0,1,1,1,1,1,1,0,0,0,1,1,0,1,0,1,0,0,0,1,1,0,0,0,0,0,0,1,0,0,0.994139
0,0,1,1,0,0,1,0,0,1,1,0,0,1,0,0,1,1,0,0,1,1,1,0,0,1,0,0,1,1,0,1,0.992727
1,0,1,0,1,0,0,0,0,1,0,1,1,1,0,0,1,0,1,0,0,0,0,0,1,0,1,1,1,0,0,1,0.014413
0,1,1,0,1,1,1,0,1,0,0,0,1,1,1,0,0,1,1,0,1,1,1,1,0,1,0,1,0,1,0,1,0.992274
0,1,0,0,1,1,0,1,0,0,1,1,1,1,0,1,0,1,1,0,0,0,1,0,1,0,0,1,1,1,1,1,0.991422
0,1,1,1,0,1,1,1,1,1,0,0,1,1,0,1,1,1,0,1,1,0,0,1,0,1,0,1,0,1,0,1,0.990196
0,0,0,1,1,0,1,0,1,1,0,0,0,0,0,1,1,0,1,1,1,0,1,1,0,1,1,0,1,0,0,1,0.992567
1,1,1,0,1,0,0,1,0,0,1,0,0,1,1,0,0,1,0,1,0,0,0,0,1,1,0,0,1,1,0,1,0.014200
1,1,0,1,1,1,0,1,1,0,1,1,1,0,0,0,0,1,0,1,0,0,0,1,1,0,1,1,1,1,1,0,0.991954
0,1,1,1,1,0,1,1,0,1,0,0,0,1,1,1,0,1,1,1,0,0,0,0,0,1,0,0,1,0,1,1,0.991315
1,1,0,1,1,1,0,1,1,1,1,0,0,1,1,0,1,0,0,0,1,0,1,0,0,1,0,1,1,0,1,0,0.992540
0,0,0,1,1,1,1,0,0,1,1,0,0,1,0,0,0,1,1,0,0,0,1,1,1,1,0,0,0,0,1,1,0.994645
1,0,0,1,1,0,0,0,0,1,0,0,0,1,0,0,0,0,1,0,1,1,1,0,1,1,1,0,0,1,0,1,0.015212
0,1,0,1,0,1,1,1,1,0,1,1,0,0,1,1,1,1,1,0,0,1,1,1,1,1,0,1,1,0,1,0,0.990649
0,1,1,1,0,0,1,1,1,0,0,1,0,0,0,1,0,1,1,0,1,1,1,0,0,0,0,1,0,1,0,0,0.993180
