1,1,1,1,1,1,1,1,0,0,0,1,1,0,1,1,0,1,0,1,1,1,0,0,1,0,1,1,0,1,0,0,0.592205
0,1,0,0,1,1,0,1,0,0,1,0,0,1,0,1,0,0,0,0,1,0,1,1,0,1,1,0,1,1,1,1,0.558264
1,0,0,0,0,1,1,1,1,1,0,1,0,1,0,0,0,1,1,0,1,0,0,0,1,1,1,0,0,1,1,1,0.594230
0,0,0,0,1,0,0,1,1,1,1,0,0,0,0,0,1,0,1,0,0,0,0,1,0,1,0,0,0,0,0,0,0.585438
1,0,0,0,1,1,0,0,0,1,1,0,0,1,0,1,1,1,1,1,0,0,0,1,0,0,1,1,0,0,1,1,0.594203
0,1,0,0,1,0,1,1,1,0,1,1,1,0,0,1,0,1,0,0,1,0,0,1,1,0,1,0,0,0,1,0,0.581762
1,1,0,0,0,1,1,0,1,1,1,1,1,0,1,1,1,0,1,1,0,0,0,1,1,0,1,1,0,1,1,0,0.591779
1,0,0,0,0,1,1,0,0,0,0,1,1,1,0,1,0,1,1,0,0,1,1,0,1,0,0,0,1,0,0,1,0.591592
0,1,0,1,1,0,0,0,1,1,1,0,1,0,1,1,0,0,0,0,0,1,1,1,1,1,0,0,0,1,1,0,0.591619
0,0,1,0,1,1,0,0,1,1,1,1,1,1,1,1,1,1,1,1,0,1,0,1,1,1,1,0,1,0,0,0,0.595855
1,0,0,0,0,1,0,0,1,0,0,0,1,1,0,0,0,1,0,0,0,0,1,0,0,0,1,1,1,1,0,0,0.592578
1,0,0,1,1,1,1,1,1,0,0,1,1,1,0,1,1,0,0,0,0,0,0,1,1,0,0,1,0,1,0,0,0.568468
0,1,0,1,0,1,1,0,0,1,0,1,1,0,1,1,0,1,0,0,0,1,1,0,1,0,1,0,0,0,1,0,0.591565
1,0,0,0,1,1,1,0,1,1,0,1,1,0,0,1,0,1,1,0,0,1,1,1,1,1,1,0,0,0,0,0,0.590713
1,0,0,0,0,1,0,0,0,1,1,0,0,0,1,0,0,0,0,1,1,1,0,1,0,1,1,0,0,0,1,1,0.591885
0,1,1,0,1,1,1,1,0,0,0,0,0,1,0,1,1,1,1,0,1,0,1,0,0,1,1,1,1,1,0,1,0.586317
1,0,0,0,1,0,0,0,0,1,0,0,1,0,0,1,0,1,0,1,1,0,0,0,1,1,1,0,0,1,1,0,0.590953
0,1,1,0,1,1,1,1,0,0,1,1,1,1,0,0,1,1,0,1,0,0,0,0,1,0,1,1,1,1,0,0,0.600117
0,1,0,1,1,0,0,1,0,1,1,0,1,0,0,1,0,0,0,0,1,1,0,1,0,0,0,1,0,0,0,0,0.585971
1,0,1,0,1,0,0,0,1,1,1,1,0,0,0,0,0,0,0,0,1,1,0,1,1,1,0,0,0,1,1,1,0.595801
1,0,1,0,0,1,0,1,0,0,1,1,1,1,1,0,0,0,0,0,1,0,1,1,0,1,1,1,0,0,1,1,0.588342
1,1,0,1,0,1,1,1,1,0,0,1,1,0,0,0,1,0,0,1,0,0,1,0,0,1,1,1,0,0,1,0,0.598679
0,1,1,1,1,0,1,0,1,0,1,1,0,0,1,1,1,0,1,1,1,0,0,1,0,0,1,1,0,1,1,0,0.592658
1,0,1,1,0,0,1,1,0,1,0,0,0,1,0,0,1,0,1,0,1,0,0,1,1,0,1,1,1,1,0,0,0.602888
1,1,1,1,1,0,1,0,0,0,1,1,0,0,1,1,1,1,0,1,1,0,1,1,1,0,0,1,1,1,0,0,0.595615
0,0,0,1,0,1,0,1,1,0,0,0,0,1,1,0,1,1,0,0,0,1,0,1,1,0,1,1,0,0,1,0,0.590047
1,1,0,1,1,1,1,0,1,0,0,1,0,1,1,0,1,0,0,0,1,0,0,0,1,1,1,1,1,1,0,0,0.587809
0,0,1,1,0,0,0,1,0,0,0,1,1,1,1,0,1,1,0,1,0,0,0,0,0,0,1,0,0,0,1,0,0.600357
1,0,0,0,0,1,1,1,0,0,1,1,0,1,1,0,0,1,0,0,1,1,1,1,0,1,0,1,0,0,0,1,0.588901
0,0,0,1,0,0,0,1,0,0,0,1,0,1,1,0,1,1,0,0,1,0,0,1,1,1,1,1,1,0,0,1,0.591246
0,1,0,1,0,1,1,0,1,0,1,1,1,0,1,0,1,1,0,0,1,0,1,1,1,1,0,0,1,1,0,0,0.593510
0,1,0,1,0,0,0,1,1,0,1,1,1,1,1,0,0,0,1,1,0,1,1,0,1,1,0,0,1,1,0,1,0.595908
0,0,1,1,0,0,1,1,0,0,0,1,1,0,0,0,1,0,1,1,1,0,0,1,0,0,0,0,0,0,0,1,0.607444
0,1,1,0,1,1,0,1,1,0,0,1,0,1,0,0,1,1,0,0,1,1,0,1,0,1,1,0,0,0,1,0,0.587463
1,1,0,0,1,1,0,1,1,0,1,0,0,0,1,1,0,0,0,0,1,1,0,0,1,1,1,1,0,1,0,0,0.592072
1,1,1,0,1,0,1,0,0,1,1,1,0,0,0,0,1,1,1,0,0,0,1,1,0,1,1,0,1,1,0,0,0.602089
1,1,1,0,1,0,0,1,1,0,1,1,1,1,0,0,0,1,0,1,1,0,1,0,1,1,1,1,0,0,0,0,0.599265
1,0,0,0,1,0,0,1,0,0,0,0,1,1,1,0,1,0,1,0,1,0,0,1,1,0,1,0,0,0,1,0,0.591592
1,1,0,0,0,0,0,0,1,0,0,0,1,1,1,1,1,1,0,1,0,1,1,1,1,1,1,1,1,0,0,0,0.593910
0,0,0,1,1,0,0,1,1,1,0,1,0,0,1,0,0,0,1,0,0,1,0,0,1,0,0,1,0,0,1,1,0.589141
0,1,1,1,1,1,0,0,1,0,1,1,0,0,0,1,1,0,1,0,0,1,1,1,0,0,0,1,1,1,0,1,0.588582
0,1,0,1,1,1,1,0,1,0,0,0,0,0,1,0,0,1,0,0,0,0,0,1,1,0,1,1,0,1,1,0,0.590420
1,1,0,1,0,1,0,0,1,0,0,0,1,0,1,0,0,1,1,0,1,1,0,1,0,1,0,0,1,1,1,1,0.578218
0,0,1,1,1,1,0,1,0,0,0,1,0,1,0,1,1,0,1,1,0,0,1,1,1,0,0,0,0,0,0,0,0.596974
1,1,1,0,0,1,1,0,1,0,0,0,1,0,1,1,0,1,0,0,1,0,0,0,0,1,0,0,0,1,0,0,0.592844
1,0,0,0,1,1,1,1,0,0,1,0,1,0,1,0,0,0,0,1,0,1,0,0,1,1,0,0,0,1,1,1,0.573423
0,0,1,0,0,1,1,1,0,1,0,1,0,0,0,0,0,1,1,1,1,1,0,1,1,0,1,1,0,0,1,1,0.596361
0,1,0,0,1,1,0,1,0,1,1,0,1,1,0,0,0,1,0,0,0,0,0,1,1,0,0,1,1,0,0,0,0.591885
0,0,1,1,0,1,1,1,1,1,1,0,0,0,0,0,0,1,1,0,1,0,1,0,0,1,1,1,1,1,1,1,0.589727
0,1,0,0,1,0,0,0,0,1,1,1,1,1,0,1,1,0,1,1,0,1,0,0,1,1,0,0,1,1,1,1,0.590074
1,0,1,1,0,0,1,1,1,0,0,0,1,1,1,1,0,1,0,1,0,1,0,0,0,1,0,0,0,0,0,1,0.600197
0,0,0,0,0,0,0,1,0,0,1,1,1,0,1,0,1,0,0,0,1,1,0,0,1,1,0,0,0,1,0,1,0.589141
1,0,0,0,1,0,0,1,1,1,0,0,0,1,1,1,1,1,1,0,0,0,0,0,1,1,1,1,0,1,0,1,0.593564
0,1,1,0,1,1,1,0,1,0,0,1,0,0,1,0,0,0,1,0,1,1,0,1,1,1,1,0,1,1,1,0,0.594070
1,1,0,0,1,0,1,0,1,1,1,1,0,0,1,0,1,1,1,0,0,0,0,1,0,1,0,0,1,1,1,1,0.592951
1,1,0,0,0,0,0,1,0,1,1,1,0,0,1,0,0,1,1,0,0,1,0,0,0,0,1,0,1,1,0,1,0.592125
0,1,1,0,1,0,0,1,1,0,0,0,1,0,1,1,0,0,0,1,1,0,0,0,1,1,1,1,1,1,1,0,0.591938
0,0,0,0,1,1,0,0,0,1,0,0,1,0,1,1,1,1,1,1,0,0,1,0,1,0,1,1,0,1,0,0,0.594070
1,0,0,0,1,0,0,0,1,0,0,1,0,0,0,1,1,1,0,1,0,0,0,1,0,1,0,0,1,0,0,0,0.590606
0,0,0,1,0,1,1,0,1,1,1,0,0,1,0,0,0,1,0,0,0,0,0,1,0,1,1,1,0,0,1,1,0.596681
0,0,0,1,1,1,1,0,1,1,0,1,0,0,1,1,1,1,1,0,0,1,0,0,0,0,0,1,0,1,0,1,0.594309
1,0,0,0,1,0,1,0,1,0,0,1,1,0,0,1,0,1,1,0,1,0,0,0,0,1,0,1,0,1,0,0,0.591326
0,1,0,0,0,0,0,1,1,1,1,1,0,1,0,1,0,1,1,0,0,1,0,1,1,1,0,1,1,0,1,0,0.596601
1,0,1,1,1,1,0,0,0,1,1,1,1,0,0,1,1,0,0,0,0,1,1,1,1,1,1,1,0,1,0,0,0.590713
1,1,1,0,1,1,0,0,0,1,1,1,0,0,1,1,0,0,1,1,0,0,0,0,1,0,0,1,1,0,1,1,0.591006
0,0,0,1,1,1,1,1,0,0,0,0,1,1,0,0,1,0,0,0,1,0,0,0,0,0,1,0,0,0,1,0,0.538789
1,0,0,1,1,0,1,1,1,1,1,0,0,1,0,0,1,1,0,0,1,0,0,0,1,1,1,0,0,0,1,1,0.595961
1,0,0,1,1,0,0,0,0,1,0,1,1,0,1,0,1,1,1,1,1,1,0,0,1,0,0,0,0,0,1,0,0.598652
1,1,0,0,1,1,0,1,0,1,1,0,0,0,0,1,1,0,0,1,0,0,1,1,0,0,0,0,0,0,1,1,0.590686
1,1,0,1,1,1,1,1,0,1,1,1,1,0,0,0,0,0,1,1,1,1,1,0,1,0,0,0,1,0,1,0,0.596254
0,0,1,1,1,1,1,0,0,1,0,1,0,1,0,0,0,0,1,0,1,1,0,0,0,1,0,1,0,0,0,0,0.584346
1,1,0,1,1,0,0,0,0,1,0,0,0,0,1,0,0,0,0,1,0,0,1,0,1,0,1,0,1,1,1,1,0.594096
0,0,1,0,0,1,0,0,0,0,1,0,0,0,0,1,0,0,0,1,0,1,1,1,0,0,1,1,1,0,0,0,0.564338
1,0,1,0,0,1,1,0,1,1,0,0,0,1,0,1,1,1,0,1,1,0,0,0,1,0,0,1,1,0,0,1,0.593377
1,0,0,0,0,0,1,1,0,0,1,1,1,1,1,1,1,0,1,0,1,1,1,0,0,0,1,1,1,1,1,0,0.553096
1,0,1,0,1,1,1,0,0,0,1,1,0,0,0,1,1,1,0,1,0,0,1,0,0,1,0,0,0,1,1,0,0.594230
0,0,1,1,1,1,1,0,1,0,0,1,0,0,1,0,0,1,0,0,0,1,1,0,0,1,0,0,1,0,1,0,0.592205
1,1,1,0,1,0,0,1,1,0,0,0,0,1,1,1,1,1,0,1,1,1,1,0,0,1,0,1,1,0,0,0,0.594256
1,0,0,1,0,1,0,1,0,1,0,1,0,1,0,1,0,1,0,1,1,0,1,1,0,0,1,1,1,1,1,0,0.590660
1,0,1,0,0,0,0,1,1,0,1,1,0,1,1,0,1,1,0,0,1,0,1,0,1,1,1,1,0,0,1,0,0.603128
0,1,1,1,1,1,0,1,1,0,1,1,0,1,1,1,1,1,1,0,0,0,1,1,0,1,1,1,1,1,1,0,0.588715
0,1,1,1,0,0,0,1,1,0,1,1,1,1,1,0,0,0,1,1,0,1,1,1,1,0,0,0,0,1,1,0,0.593457
0,1,0,1,1,0,0,1,0,1,0,0,1,0,0,0,0,1,1,0,1,0,0,1,1,1,1,1,1,1,0,1,0.594363
1,1,0,1,0,0,0,0,1,1,1,1,1,0,1,0,1,1,0,0,0,1,1,1,0,1,1,0,0,0,0,0,0.600623
1,1,0,1,1,1,1,1,1,1,1,1,0,1,1,1,1,1,0,1,0,1,0,0,1,1,1,1,0,1,1,1,0.582774
1,0,1,1,1,1,1,0,1,0,1,1,1,0,0,1,1,0,1,1,1,1,0,0,1,0,0,1,0,0,0,0,0.595588
1,1,0,0,0,1,1,0,1,1,0,0,1,0,1,0,0,0,1,0,1,1,1,0,0,1,0,0,1,1,1,1,0.583733
1,0,0,1,1,1,1,0,0,1,0,0,0,0,1,0,1,0,0,1,0,0,1,1,1,1,0,1,1,0,0,0,0.592764
0,1,1,0,1,0,0,0,0,0,1,0,1,1,0,0,0,1,1,0,1,0,0,1,0,1,1,0,1,1,1,0,0.591672
1,0,0,1,0,0,0,1,1,0,0,0,1,1,0,1,1,1,1,1,1,1,0,1,1,1,1,1,1,1,1,0,0.586930
1,1,0,1,1,1,0,0,0,0,1,0,0,1,0,1,1,0,0,1,1,1,1,1,0,0,1,1,1,1,0,0,0.587836
0,1,1,1,0,0,1,1,0,1,0,1,1,0,0,1,0,0,0,0,1,0,1,1,0,0,1,1,0,1,0,0,0.596414
1,1,0,1,1,1,0,0,1,0,0,0,0,1,1,1,0,0,0,0,1,1,1,0,0,0,0,0,0,0,0,1,0.552190
0,0,0,1,0,0,0,1,1,1,1,1,1,0,0,1,1,1,0,1,0,0,0,0,0,0,1,1,1,0,1,1,0.608030
0,0,1,0,1,0,1,1,0,1,1,1,0,1,1,0,1,0,0,0,1,0,0,0,0,1,0,0,0,0,1,1,0.604300
1,1,0,0,0,1,0,1,1,1,1,0,0,1,0,0,1,0,1,0,1,0,1,1,1,1,0,1,1,1,1,1,0.585118
1,0,0,1,1,1,0,1,0,0,0,0,0,1,1,0,1,0,0,0,0,0,1,0,1,1,0,0,1,1,1,0,0.586264
1,0,0,0,1,1,1,0,1,0,0,0,0,0,1,1,1,1,0,1,0,0,1,1,1,0,1,1,1,1,1,0,0.590686
1,0,0,0,1,1,1,0,1,1,0,0,1,1,0,1,1,1,1,1,0,0,1,1,0,1,1,1,1,0,0,1,0.585891
0,1,1,1,1,0,1,0,1,1,1,1,1,0,0,0,1,0,1,1,0,1,0,0,1,0,0,0,0,1,0,0,0.594682
0,0,1,0,1,0,0,1,1,0,0,0,1,1,0,0,0,0,1,0,1,0,1,1,1,0,1,0,1,0,0,0,0.595109
0,0,1,1,1,0,1,0,0,1,1,0,0,1,1,1,0,0,1,0,1,0,1,1,1,0,1,0,0,1,1,0,0.586983
0,1,1,0,0,1,0,1,1,0,1,1,0,0,0,1,1,0,1,1,0,0,0,0,0,1,0,0,1,0,0,1,0.595082
1,0,1,1,1,1,1,0,1,1,1,0,1,0,0,1,1,1,0,1,1,0,0,1,0,0,1,1,0,1,1,0,0.591619
1,1,0,1,1,0,0,0,1,0,1,0,0,1,1,1,1,1,1,1,0,1,1,1,0,1,1,1,1,0,1,0,0.588235
1,0,1,0,1,0,1,1,0,1,1,1,1,0,1,1,1,0,0,0,1,0,0,1,1,1,0,1,0,0,1,0,0.592338
1,1,1,1,1,1,0,0,1,0,0,1,0,0,1,0,1,0,1,1,1,0,0,0,0,0,1,1,1,0,1,0,0.595695
0,0,1,1,0,1,0,0,1,0,0,1,1,0,1,1,0,0,0,1,0,1,1,0,0,1,0,1,1,1,0,1,0.587916
0,1,0,0,1,1,0,0,0,0,1,0,0,1,0,1,0,0,1,1,1,1,1,0,0,1,1,0,0,1,1,1,0.585571
0,1,0,1,1,1,0,1,1,1,0,0,1,1,1,1,0,1,0,1,0,1,0,1,1,1,1,1,1,0,1,0,0.592471
0,1,0,0,0,1,0,1,1,1,1,1,0,1,1,0,0,1,0,0,0,0,1,0,1,0,1,0,0,1,1,0,0.594230
1,1,1,0,1,0,0,1,0,1,1,0,1,0,1,1,1,0,1,0,0,0,1,0,0,1,1,1,0,1,0,0,0.592178
1,1,1,0,0,1,0,0,1,0,0,1,1,0,0,0,0,0,0,0,0,1,1,0,0,1,0,0,1,1,1,1,0.594176
1,0,0,0,0,1,0,1,1,1,0,1,0,1,0,1,1,1,0,1,0,0,1,1,0,0,0,0,0,0,1,1,0.607310
1,0,1,0,1,0,0,1,0,0,0,0,0,0,1,0,0,0,0,0,0,1,1,1,0,1,1,1,1,0,0,1,0.586930
0,1,0,1,0,1,0,0,1,0,0,1,1,0,0,1,0,0,0,1,1,1,0,0,0,0,1,1,0,1,1,1,0.587809
1,1,1,0,0,1,0,1,0,1,0,0,0,0,1,0,1,1,1,0,0,0,0,0,0,1,0,1,1,0,1,1,0.592738
0,0,1,0,1,1,1,1,0,1,1,0,1,1,1,0,1,1,1,1,1,0,1,0,0,0,1,0,0,0,1,1,0.607816
0,0,1,0,0,0,0,0,1,0,0,1,0,0,1,1,1,0,0,1,1,1,0,1,1,1,1,0,1,0,1,0,0.596974
1,1,1,1,0,0,1,1,0,1,1,0,0,1,0,0,1,1,1,1,1,0,0,1,0,1,1,0,0,1,1,0,0.607683
1,0,0,1,1,1,0,1,0,1,1,1,0,1,0,0,1,0,0,1,0,1,0,0,0,1,0,0,1,1,0,1,0.594842
1,0,1,1,0,1,1,0,1,1,0,1,1,0,0,1,0,0,0,0,1,1,0,1,0,1,1,1,0,1,1,1,0.581309
0,1,1,1,0,1,1,0,0,1,0,0,0,0,0,1,1,1,1,0,0,1,0,0,0,1,0,1,1,0,1,1,0.586930
1,1,1,0,0,1,0,0,1,0,1,1,0,1,1,0,0,0,0,1,0,0,0,1,0,1,1,1,1,1,1,0,0.594176
0,1,0,1,0,1,0,0,0,1,0,1,0,1,1,0,0,1,0,1,0,1,1,0,0,0,0,1,1,1,0,0,0.592684
0,0,1,1,0,1,0,1,1,0,1,1,0,0,0,1,0,1,0,0,0,0,0,1,1,1,0,1,1,1,0,0,0.592152
1,0,1,0,1,1,0,1,1,0,0,0,0,0,0,0,1,0,0,0,0,0,1,1,0,0,0,1,1,0,1,0,0.595135
1,0,1,0,1,0,0,0,0,0,1,0,0,0,0,1,1,0,1,1,0,1,0,1,0,1,0,0,1,1,1,0,0.589834
