1,0,1,0,1,0,1,1,0,1,1,1,1,0,1,1,1,0,0,0,1,0,0,1,1,1,0,1,0,0,1,0,0.593217
0,1,1,0,1,0,0,0,0,0,1,0,1,1,0,0,0,1,1,0,1,0,0,1,0,1,1,0,1,1,1,0,0.592604
0,0,1,1,1,1,1,0,1,0,0,1,0,0,1,0,0,1,0,0,0,1,1,0,0,1,0,0,1,0,1,0,0.592285
0,0,1,1,0,1,0,0,1,0,0,1,1,0,1,1,0,0,0,1,0,1,1,0,0,1,0,1,1,1,0,1,0.587569
0,1,1,1,0,0,0,1,1,0,1,1,1,1,1,0,0,0,1,1,0,1,1,1,1,0,0,0,0,1,1,0,0.593910
1,0,0,1,1,1,1,0,0,1,0,0,0,0,1,0,1,0,0,1,0,0,1,1,1,1,0,1,1,0,0,0,0.591379
0,0,1,0,1,0,1,1,0,1,1,1,0,1,1,0,1,0,0,0,1,0,0,0,0,1,0,0,0,0,1,1,0.603474
0,1,0,1,0,1,0,0,0,1,0,1,0,1,1,0,0,1,0,1,0,1,1,0,0,0,0,1,1,1,0,0,0.592072
1,1,0,0,1,1,0,1,1,0,1,0,0,0,1,1,0,0,0,0,1,1,0,0,1,1,1,1,0,1,0,0,0.593270
0,1,0,0,1,1,0,1,0,0,1,0,0,1,0,1,0,0,0,0,1,0,1,1,0,1,1,0,1,1,1,1,0.560422
1,0,1,1,0,0,1,1,1,0,0,0,1,1,1,1,0,1,0,1,0,1,0,0,0,1,0,0,0,0,0,1,0.598439
0,0,0,1,1,0,0,1,1,1,0,1,0,0,1,0,0,0,1,0,0,1,0,0,1,0,0,1,0,0,1,1,0.590153
1,1,1,0,0,1,0,0,1,0,0,1,1,0,0,0,0,0,0,0,0,1,1,0,0,1,0,0,1,1,1,1,0.595748
0,1,0,0,0,1,0,1,1,1,1,1,0,1,1,0,0,1,0,0,0,0,1,0,1,0,1,0,0,1,1,0,0.594869
1,1,0,1,0,0,0,0,1,1,1,1,1,0,1,0,1,1,0,0,0,1,1,1,0,1,1,0,0,0,0,0,0.601476
0,1,0,0,1,0,1,1,1,0,1,1,1,0,0,1,0,1,0,0,1,0,0,1,1,0,1,0,0,0,1,0,0.581788
0,1,1,0,0,1,0,1,1,0,1,1,0,0,0,1,1,0,1,1,0,0,0,0,0,1,0,0,1,0,0,1,0.593990
1,0,1,0,1,1,1,0,0,0,1,1,0,0,0,1,1,1,0,1,0,0,1,0,0,1,0,0,0,1,1,0,0.592631
0,0,0,1,1,1,1,0,1,1,0,1,0,0,1,1,1,1,1,0,0,1,0,0,0,0,0,1,0,1,0,1,0.593910
1,1,0,1,0,1,1,1,1,0,0,1,1,0,0,0,1,0,0,1,0,0,1,0,0,1,1,1,0,0,1,0,0.598519
1,1,1,1,1,1,1,1,0,0,0,1,1,0,1,1,0,1,0,1,1,1,0,0,1,0,1,1,0,1,0,0,0.590926
0,1,0,0,1,0,0,0,0,1,1,1,1,1,0,1,1,0,1,1,0,1,0,0,1,1,0,0,1,1,1,1,0.591432
1,0,1,1,1,1,1,0,1,1,1,0,1,0,0,1,1,1,0,1,1,0,0,1,0,0,1,1,0,1,1,0,0.591113
1,0,0,0,0,1,0,0,0,1,1,0,0,0,1,0,0,0,0,1,1,1,0,1,0,1,1,0,0,0,1,1,0.591565
0,0,1,0,0,1,1,1,0,1,0,1,0,0,0,0,0,1,1,1,1,1,0,1,1,0,1,1,0,0,1,1,0.595935
1,1,0,1,1,0,0,0,1,0,1,0,0,1,1,1,1,1,1,1,0,1,1,1,0,1,1,1,1,0,1,0,0.589647
1,1,0,0,1,1,0,1,0,1,1,0,0,0,0,1,1,0,0,1,0,0,1,1,0,0,0,0,0,0,1,1,0.589940
1,1,0,1,1,1,0,0,1,0,0,0,0,1,1,1,0,0,0,0,1,1,1,0,0,0,0,0,0,0,0,1,0.553256
1,0,1,0,1,0,0,0,1,1,1,1,0,0,0,0,0,0,0,0,1,1,0,1,1,1,0,0,0,1,1,1,0.595135
1,0,0,0,0,1,1,0,0,0,0,1,1,1,0,1,0,1,1,0,0,1,1,0,1,0,0,0,1,0,0,1,0.593057
1,1,0,0,0,1,0,1,1,1,1,0,0,1,0,0,1,0,1,0,1,0,1,1,1,1,0,1,1,1,1,1,0.586823
1,1,0,1,1,1,0,0,0,0,1,0,0,1,0,1,1,0,0,1,1,1,1,1,0,0,1,1,1,1,0,0,0.587729
0,0,1,1,0,1,0,1,1,0,1,1,0,0,0,1,0,1,0,0,0,0,0,1,1,1,0,1,1,1,0,0,0.591379
1,0,0,1,0,0,0,1,1,0,0,0,1,1,0,1,1,1,1,1,1,1,0,1,1,1,1,1,1,1,1,0,0.586264
1,1,1,0,0,1,0,1,0,1,0,0,0,0,1,0,1,1,1,0,0,0,0,0,0,1,0,1,1,0,1,1,0.592844
1,0,1,1,0,0,1,1,0,1,0,0,0,1,0,0,1,0,1,0,1,0,0,1,1,0,1,1,1,1,0,0,0.602915
0,0,1,1,0,1,1,1,1,1,1,0,0,0,0,0,0,1,1,0,1,0,1,0,0,1,1,1,1,1,1,1,0.591379
0,0,1,1,0,0,0,1,0,0,0,1,1,1,1,0,1,1,0,1,0,0,0,0,0,0,1,0,0,0,1,0,0.597400
0,0,1,0,0,0,0,0,1,0,0,1,0,0,1,1,1,0,0,1,1,1,0,1,1,1,1,0,1,0,1,0,0.595961
1,1,0,1,1,1,1,1,1,1,1,1,0,1,1,1,1,1,0,1,0,1,0,0,1,1,1,1,0,1,1,1,0.583014
1,1,0,1,1,0,0,0,0,1,0,0,0,0,1,0,0,0,0,1,0,0,1,0,1,0,1,0,1,1,1,1,0.594869
1,0,0,1,1,1,0,1,0,0,0,0,0,1,1,0,1,0,0,0,0,0,1,0,1,1,0,0,1,1,1,0,0.587756
0,0,0,1,0,0,0,1,0,0,0,1,0,1,1,0,1,1,0,0,1,0,0,1,1,1,1,1,1,0,0,1,0.592871
0,0,0,0,1,1,0,0,0,1,0,0,1,0,1,1,1,1,1,1,0,0,1,0,1,0,1,1,0,1,0,0,0.594203
0,1,0,0,1,1,0,1,0,1,1,0,1,1,0,0,0,1,0,0,0,0,0,1,1,0,0,1,1,0,0,0,0.593537
1,1,0,1,0,1,0,0,1,0,0,0,1,0,1,0,0,1,1,0,1,1,0,1,0,1,0,0,1,1,1,1,0.577099
1,1,1,0,0,1,0,0,1,0,1,1,0,1,1,0,0,0,0,1,0,0,0,1,0,1,1,1,1,1,1,0,0.594656
0,0,1,1,1,0,1,0,0,1,1,0,0,1,1,1,0,0,1,0,1,0,1,1,1,0,1,0,0,1,1,0,0.587836
1,0,0,0,1,1,1,0,1,1,0,1,1,0,0,1,0,1,1,0,0,1,1,1,1,1,1,0,0,0,0,0,0.590740
0,1,0,1,0,1,1,0,0,1,0,1,1,0,1,1,0,1,0,0,0,1,1,0,1,0,1,0,0,0,1,0,0.592471
1,1,1,0,0,1,1,0,1,0,0,0,1,0,1,1,0,1,0,0,1,0,0,0,0,1,0,0,0,1,0,0,0.593750
1,0,0,0,0,1,0,1,1,1,0,1,0,1,0,1,1,1,0,1,0,0,1,1,0,0,0,0,0,0,1,1,0.607044
0,0,0,0,0,0,0,1,0,0,1,1,1,0,1,0,1,0,0,0,1,1,0,0,1,1,0,0,0,1,0,1,0.587276
1,0,1,0,1,0,0,0,0,0,1,0,0,0,0,1,1,0,1,1,0,1,0,1,0,1,0,0,1,1,1,0,0.590873
0,1,0,1,0,1,1,0,1,0,1,1,1,0,1,0,1,1,0,0,1,0,1,1,1,1,0,0,1,1,0,0,0.594682
0,0,1,1,0,0,1,1,0,0,0,1,1,0,0,0,1,0,1,1,1,0,0,1,0,0,0,0,0,0,0,1,0.606245
1,1,1,1,0,0,1,1,0,1,1,0,0,1,0,0,1,1,1,1,1,0,0,1,0,1,1,0,0,1,1,0,0.608243
1,0,1,0,1,1,0,1,1,0,0,0,0,0,0,0,1,0,0,0,0,0,1,1,0,0,0,1,1,0,1,0,0.594789
0,1,1,0,1,1,0,1,1,0,0,1,0,1,0,0,1,1,0,0,1,1,0,1,0,1,1,0,0,0,1,0,0.587223
0,1,1,1,1,0,1,0,1,1,1,1,1,0,0,0,1,0,1,1,0,1,0,0,1,0,0,0,0,1,0,0,0.593377
1,0,0,1,1,1,0,1,0,1,1,1,0,1,0,0,1,0,0,1,0,1,0,0,0,1,0,0,1,1,0,1,0.594842
1,0,0,0,0,0,1,1,0,0,1,1,1,1,1,1,1,0,1,0,1,1,1,0,0,0,1,1,1,1,1,0,0.552909
0,0,1,1,1,1,0,1,0,0,0,1,0,1,0,1,1,0,1,1,0,0,1,1,1,0,0,0,0,0,0,0,0.597267
1,0,0,0,1,0,0,0,1,0,0,1,0,0,0,1,1,1,0,1,0,0,0,1,0,1,0,0,1,0,0,0,0.591619
1,0,0,1,1,0,1,1,1,1,1,0,0,1,0,0,1,1,0,0,1,0,0,0,1,1,1,0,0,0,1,1,0.596041
1,0,1,0,0,1,0,1,0,0,1,1,1,1,1,0,0,0,0,0,1,0,1,1,0,1,1,1,0,0,1,1,0.588848
1,1,1,1,1,0,1,0,0,0,1,1,0,0,1,1,1,1,0,1,1,0,1,1,1,0,0,1,1,1,0,0,0.595082
1,0,0,0,1,1,0,0,0,1,1,0,0,1,0,1,1,1,1,1,0,0,0,1,0,0,1,1,0,0,1,1,0.591992
1,1,1,0,1,0,0,1,1,0,1,1,1,1,0,0,0,1,0,1,1,0,1,0,1,1,1,1,0,0,0,0,0.599744
0,0,1,0,0,1,0,0,0,0,1,0,0,0,0,1,0,0,0,1,0,1,1,1,0,0,1,1,1,0,0,0,0.562926
0,1,1,0,1,0,0,1,1,0,0,0,1,0,1,1,0,0,0,1,1,0,0,0,1,1,1,1,1,1,1,0,0.592818
1,0,1,1,1,1,0,0,0,1,1,1,1,0,0,1,1,0,0,0,0,1,1,1,1,1,1,1,0,1,0,0,0.590580
1,0,1,1,1,1,1,0,1,0,1,1,1,0,0,1,1,0,1,1,1,1,0,0,1,0,0,1,0,0,0,0,0.594842
1,1,0,1,1,1,1,0,1,0,0,1,0,1,1,0,1,0,0,0,1,0,0,0,1,1,1,1,1,1,0,0,0.587702
0,0,0,1,0,0,0,1,1,1,1,1,1,0,0,1,1,1,0,1,0,0,0,0,0,0,1,1,1,0,1,1,0.607470
0,1,1,1,1,1,0,1,1,0,1,1,0,1,1,1,1,1,1,0,0,0,1,1,0,1,1,1,1,1,1,0,0.587889
1,1,0,0,0,0,0,0,1,0,0,0,1,1,1,1,1,1,0,1,0,1,1,1,1,1,1,1,1,0,0,0,0.593750
1,1,1,0,1,0,1,0,0,1,1,1,0,0,0,0,1,1,1,0,0,0,1,1,0,1,1,0,1,1,0,0,0.601369
1,0,0,0,1,1,1,1,0,0,1,0,1,0,1,0,0,0,0,1,0,1,0,0,1,1,0,0,0,1,1,1,0.574675
0,0,0,1,1,1,1,1,0,0,0,0,1,1,0,0,1,0,0,0,1,0,0,0,0,0,1,0,0,0,1,0,0.541267
0,1,1,0,1,1,1,0,1,0,0,1,0,0,1,0,0,0,1,0,1,1,0,1,1,1,1,0,1,1,1,0,0.593910
0,1,1,1,0,1,1,0,0,1,0,0,0,0,0,1,1,1,1,0,0,1,0,0,0,1,0,1,1,0,1,1,0.587223
1,0,1,1,0,1,1,0,1,1,0,1,1,0,0,1,0,0,0,0,1,1,0,1,0,1,1,1,0,1,1,1,0.581815
0,0,1,0,1,1,0,0,1,1,1,1,1,1,1,1,1,1,1,1,0,1,0,1,1,1,1,0,1,0,0,0,0.594656
1,1,0,0,0,0,0,1,0,1,1,1,0,0,1,0,0,1,1,0,0,1,0,0,0,0,1,0,1,1,0,1,0.591406
1,0,0,1,0,1,0,1,0,1,0,1,0,1,0,1,0,1,0,1,1,0,1,1,0,0,1,1,1,1,1,0,0.589035
0,1,0,1,1,0,0,0,1,1,1,0,1,0,1,1,0,0,0,0,0,1,1,1,1,1,0,0,0,1,1,0,0.591645
1,1,0,0,1,0,1,0,1,1,1,1,0,0,1,0,1,1,1,0,0,0,0,1,0,1,0,0,1,1,1,1,0.593910
1,0,0,0,1,0,0,0,0,1,0,0,1,0,0,1,0,1,0,1,1,0,0,0,1,1,1,0,0,1,1,0,0.589914
1,0,0,0,1,0,0,1,1,1,0,0,0,1,1,1,1,1,1,0,0,0,0,0,1,1,1,1,0,1,0,1,0.593936
0,1,0,1,1,0,0,1,0,1,0,0,1,0,0,0,0,1,1,0,1,0,0,1,1,1,1,1,1,1,0,1,0.595428
1,1,1,0,1,0,0,1,1,0,0,0,0,1,1,1,1,1,0,1,1,1,1,0,0,1,0,1,1,0,0,0,0.594336
0,1,1,1,1,1,0,0,1,0,1,1,0,0,0,1,1,0,1,0,0,1,1,1,0,0,0,1,1,1,0,1,0.588662
0,0,1,1,1,1,1,0,0,1,0,1,0,1,0,0,0,0,1,0,1,1,0,0,0,1,0,1,0,0,0,0,0.583307
1,0,0,0,1,0,0,1,0,0,0,0,1,1,1,0,1,0,1,0,1,0,0,1,1,0,1,0,0,0,1,0,0.590233
1,0,0,0,1,1,1,0,1,0,0,0,0,0,1,1,1,1,0,1,0,0,1,1,1,0,1,1,1,1,1,0,0.590526
0,0,0,1,0,1,1,0,1,1,1,0,0,1,0,0,0,1,0,0,0,0,0,1,0,1,1,1,0,0,1,1,0.595295
1,1,1,1,1,1,0,0,1,0,0,1,0,0,1,0,1,0,1,1,1,0,0,0,0,0,1,1,1,0,1,0,0.594789
0,1,1,1,1,0,1,0,1,0,1,1,0,0,1,1,1,0,1,1,1,0,0,1,0,0,1,1,0,1,1,0,0.591992
1,0,1,0,0,1,1,0,1,1,0,0,0,1,0,1,1,1,0,1,1,0,0,0,1,0,0,1,1,0,0,1,0.594443
0,0,0,1,0,1,0,1,1,0,0,0,0,1,1,0,1,1,0,0,0,1,0,1,1,0,1,1,0,0,1,0,0.589514
0,1,0,1,1,0,0,1,0,1,1,0,1,0,0,1,0,0,0,0,1,1,0,1,0,0,0,1,0,0,0,0,0.586584
1,0,1,0,1,0,0,1,0,0,0,0,0,0,1,0,0,0,0,0,0,1,1,1,0,1,1,1,1,0,0,1,0.587250
0,1,0,1,1,1,1,0,1,0,0,0,0,0,1,0,0,1,0,0,0,0,0,1,1,0,1,1,0,1,1,0,0.591192
0,1,0,1,0,1,0,0,1,0,0,1,1,0,0,1,0,0,0,1,1,1,0,0,0,0,1,1,0,1,1,1,0.587676
1,1,0,0,0,1,1,0,1,1,0,0,1,0,1,0,0,0,1,0,1,1,1,0,0,1,0,0,1,1,1,1,0.583626
0,1,1,0,1,1,1,1,0,0,1,1,1,1,0,0,1,1,0,1,0,0,0,0,1,0,1,1,1,1,0,0,0.600064
0,1,1,1,0,0,1,1,0,1,0,1,1,0,0,1,0,0,0,0,1,0,1,1,0,0,1,1,0,1,0,0,0.596254
0,0,1,0,1,1,1,1,0,1,1,0,1,1,1,0,1,1,1,1,1,0,1,0,0,0,1,0,0,0,1,1,0.605738
1,0,0,1,1,1,1,1,1,0,0,1,1,1,0,1,1,0,0,0,0,0,0,1,1,0,0,1,0,1,0,0,0.572144
1,0,0,0,0,1,0,0,1,0,0,0,1,1,0,0,0,1,0,0,0,0,1,0,0,0,1,1,1,1,0,0,0.592658
1,1,0,0,0,1,1,0,1,1,1,1,1,0,1,1,1,0,1,1,0,0,0,1,1,0,1,1,0,1,1,0,0.593164
1,1,1,0,1,1,0,0,0,1,1,1,0,0,1,1,0,0,1,1,0,0,0,0,1,0,0,1,1,0,1,1,0.591326
1,0,0,0,0,1,1,1,1,1,0,1,0,1,0,0,0,1,1,0,1,0,0,0,1,1,1,0,0,1,1,1,0.595189
0,0,0,0,1,0,0,1,1,1,1,0,0,0,0,0,1,0,1,0,0,0,0,1,0,1,0,0,0,0,0,0,0.584399
1,0,1,0,0,0,0,1,1,0,1,1,0,1,1,0,1,1,0,0,1,0,1,0,1,1,1,1,0,0,1,0,0.602701
0,1,1,0,1,1,1,1,0,0,0,0,0,1,0,1,1,1,1,0,1,0,1,0,0,1,1,1,1,1,0,1,0.587356
1,1,1,0,1,0,0,1,0,1,1,0,1,0,1,1,1,0,1,0,0,0,1,0,0,1,1,1,0,1,0,0,0.592498
1,0,0,0,0,1,1,1,0,0,1,1,0,1,1,0,0,1,0,0,1,1,1,1,0,1,0,1,0,0,0,1,0.590447
0,1,0,1,1,1,0,1,1,1,0,0,1,1,1,1,0,1,0,1,0,1,0,1,1,1,1,1,1,0,1,0,0.591645
1,0,0,0,1,0,1,0,1,0,0,1,1,0,0,1,0,1,1,0,1,0,0,0,0,1,0,1,0,1,0,0,0.591192
1,0,0,1,1,0,0,0,0,1,0,1,1,0,1,0,1,1,1,1,1,1,0,0,1,0,0,0,0,0,1,0,0.598279
0,0,1,0,1,0,0,1,1,0,0,0,1,1,0,0,0,0,1,0,1,0,1,1,1,0,1,0,1,0,0,0,0.593484
0,1,0,0,1,1,0,0,0,0,1,0,0,1,0,1,0,0,1,1,1,1,1,0,0,1,1,0,0,1,1,1,0.584958
0,1,0,0,0,0,0,1,1,1,1,1,0,1,0,1,0,1,1,0,0,1,0,1,1,1,0,1,1,0,1,0,0.594629
1,1,0,1,1,1,1,1,0,1,1,1,1,0,0,0,0,0,1,1,1,1,1,0,1,0,0,0,1,0,1,0,0.595482
0,1,0,1,0,0,0,1,1,0,1,1,1,1,1,0,0,0,1,1,0,1,1,0,1,1,0,0,1,1,0,1,0.597320
1,0,0,0,1,1,1,0,1,1,0,0,1,1,0,1,1,1,1,1,0,0,1,1,0,1,1,1,1,0,0,1,0.586557
