0,0,0,1,1,1,0,1,0,0,1,0,1,1,0,1,1,0,1,0,0,1,1,1,0,0,0,0,1,1,1,0,0.541081
1,1,1,1,1,1,1,1,1,0,1,1,0,1,0,0,0,0,1,1,0,1,0,0,0,0,0,0,0,0,0,1,0.612399
1,0,0,1,1,1,1,0,1,0,1,0,1,1,0,1,1,1,0,1,1,0,1,1,0,1,1,0,0,0,0,0,0.625000
1,1,1,0,1,0,1,0,1,0,1,1,0,1,0,1,0,1,1,1,1,1,1,0,0,1,0,1,0,1,1,0,0.662164
1,0,1,0,0,1,1,0,1,1,1,1,0,0,0,0,1,0,1,1,1,0,1,1,1,0,0,1,1,0,0,0,0.857630
0,1,0,1,0,1,0,0,0,1,1,1,1,1,1,0,1,1,1,0,1,0,1,0,1,0,1,0,1,0,1,1,0.621963
0,0,0,1,0,1,0,0,0,1,0,0,0,1,0,1,1,1,1,0,0,0,1,1,0,0,1,1,0,0,0,1,0.629849
0,1,1,1,1,0,1,1,0,0,1,1,0,0,0,1,0,0,1,1,0,1,0,1,1,1,0,1,1,0,0,1,0.784953
0,0,0,0,1,0,0,1,1,1,1,1,1,1,0,1,0,0,1,1,0,1,1,1,1,0,0,1,0,1,1,1,0.660592
0,0,0,0,1,1,0,0,1,0,1,0,1,1,1,1,1,0,1,0,1,1,0,1,1,0,1,0,1,0,0,1,0.607843
0,1,1,1,0,0,1,0,0,0,1,0,1,0,1,0,1,0,1,0,1,0,0,0,0,1,0,0,1,0,1,1,0.556186
0,0,0,1,0,0,1,0,1,0,1,0,1,1,1,0,0,1,0,1,0,1,0,1,1,1,1,0,0,1,0,0,0.576700
1,1,0,0,1,1,0,1,1,1,0,0,0,1,1,1,1,1,0,1,1,0,0,0,1,1,1,0,0,1,0,1,0.790814
0,0,1,1,1,1,0,0,0,1,1,0,1,1,0,1,1,1,0,1,0,1,0,0,0,1,1,1,1,1,0,0,0.875799
0,1,0,1,1,0,0,0,0,0,0,1,1,1,0,1,0,1,1,1,1,1,1,1,1,1,0,1,0,0,0,0,0.634085
1,0,0,0,0,0,1,1,1,0,1,0,0,1,0,0,1,1,1,0,0,1,0,0,1,0,0,1,1,1,1,1,0.772965
1,1,1,1,0,0,1,0,1,0,1,1,0,1,1,1,1,1,0,0,0,1,0,0,1,0,0,0,0,0,1,1,0.645407
0,1,1,1,0,1,1,0,1,0,0,1,1,0,1,1,1,0,1,0,0,0,0,0,1,0,0,1,0,0,0,1,0.632353
1,1,1,1,0,1,1,0,1,1,1,0,1,1,1,1,1,1,1,1,1,0,1,0,0,1,1,0,1,0,1,1,0.661072
0,1,0,1,1,1,1,0,1,0,0,1,0,0,1,1,1,0,0,1,1,0,0,1,1,0,1,1,1,1,1,0,0.587383
1,1,1,1,0,0,0,1,1,0,1,0,0,1,0,0,0,0,1,0,1,1,1,0,0,0,0,0,1,0,0,0,0.586211
0,0,1,0,0,0,1,0,0,1,0,0,0,0,1,0,1,1,1,0,0,0,1,0,1,1,1,0,0,0,1,1,0.807518
0,0,1,0,1,1,1,1,0,0,0,0,1,1,1,1,0,0,0,1,0,0,1,1,1,1,0,0,1,0,1,0,0.625719
1,0,1,0,1,0,0,1,0,0,1,1,0,0,0,1,0,0,1,0,0,0,0,0,1,0,1,0,0,1,0,1,0.630888
0,1,1,1,0,1,0,1,1,0,0,0,1,0,0,1,1,1,0,0,1,1,0,1,0,1,0,1,1,1,0,0,0.609308
0,0,1,0,0,1,1,0,1,1,1,1,0,0,1,1,0,0,1,0,0,1,1,0,1,0,1,1,1,1,0,1,0.797821
1,1,0,1,0,1,1,0,1,0,1,0,1,0,1,1,0,1,0,1,1,0,1,0,0,0,1,0,1,1,1,1,0.671276
1,1,1,0,0,1,0,1,0,0,0,1,0,1,0,1,1,0,1,0,0,1,0,0,1,1,1,1,0,0,1,1,0.815644
0,0,0,0,0,1,0,0,1,1,1,0,1,0,0,1,1,0,0,1,1,1,0,1,1,1,1,0,1,1,1,1,0.508019
0,1,0,0,0,0,0,0,1,1,1,0,1,1,1,1,1,0,0,0,0,1,0,0,1,0,1,0,1,1,1,1,0.661552
0,1,0,1,1,0,0,0,1,0,1,1,0,1,0,0,0,0,1,0,0,1,1,1,1,0,1,1,0,1,0,1,0.662218
0,0,1,1,0,0,0,1,0,1,1,0,0,0,1,1,1,1,1,1,0,0,0,0,1,0,0,1,1,1,0,1,0.695093
0,1,1,0,0,0,0,0,0,1,1,0,0,0,1,0,1,0,1,1,0,0,1,0,0,0,1,1,0,1,0,1,0.773231
1,0,0,1,1,1,0,1,1,1,1,0,0,1,0,1,0,0,1,1,1,0,0,1,1,0,0,0,0,0,1,1,0.654865
0,0,0,0,1,0,1,0,0,1,1,0,1,0,1,0,0,1,1,1,0,1,0,0,0,0,0,1,1,0,1,1,0.615516
1,1,1,0,1,0,1,1,1,1,0,1,1,1,0,1,0,1,0,1,1,0,0,1,0,0,1,0,1,1,1,1,0.741848
1,0,1,0,1,0,0,1,1,0,0,0,1,1,0,0,1,0,1,0,1,0,1,1,1,0,1,1,1,0,0,1,0.649217
0,0,1,1,1,0,0,1,0,1,0,0,1,0,0,0,1,1,0,0,1,0,1,0,0,0,0,1,1,1,1,0,0.730019
0,0,1,0,1,0,0,0,1,1,1,1,0,1,1,0,1,0,1,0,0,1,1,0,1,0,0,1,1,1,0,1,0.638747
0,1,1,0,0,0,1,1,0,1,0,0,1,0,1,1,1,0,0,0,0,1,1,1,1,0,0,1,0,0,1,0,0.758632
1,0,1,1,1,0,0,0,0,1,1,1,1,0,1,1,1,0,0,1,0,0,1,1,0,1,0,0,1,1,0,1,0.644262
1,1,0,0,1,0,0,0,0,0,0,0,0,0,1,0,1,0,0,0,0,0,0,1,1,1,1,0,1,0,1,0,0.627318
1,1,1,1,0,1,0,0,1,1,1,0,0,0,1,0,1,0,0,1,1,0,0,0,0,1,0,1,1,1,1,1,0.657529
0,1,1,1,1,1,0,1,1,1,0,1,1,0,1,0,0,1,1,0,0,0,0,0,1,1,0,1,1,1,1,1,0.674473
1,1,0,0,0,0,1,1,1,0,0,0,0,1,1,1,1,0,0,1,1,0,1,0,0,1,0,0,1,0,1,0,0.627957
0,0,1,1,1,1,1,0,0,0,0,1,1,0,0,0,1,1,0,1,0,1,1,1,1,1,1,1,0,0,0,1,0.889653
0,1,1,0,1,0,0,1,1,1,1,1,1,1,0,0,1,1,0,1,0,0,0,1,1,1,1,1,0,0,0,0,0.781410
1,1,0,0,0,0,0,1,0,1,1,1,0,0,0,0,0,1,1,0,1,1,0,1,0,1,1,0,1,1,1,1,0.658248
1,1,1,0,0,0,0,1,1,1,0,1,1,0,1,0,1,0,1,0,1,1,0,1,1,0,0,1,0,1,0,1,0.669464
0,1,0,0,0,0,1,1,0,0,1,1,0,1,0,0,1,1,1,1,0,0,1,1,1,0,1,1,0,1,0,1,0.651455
0,1,1,0,0,1,0,0,0,0,1,0,0,1,0,0,0,1,1,0,1,1,0,1,1,1,0,1,0,0,1,0,0.736440
0,1,0,0,0,0,1,1,1,0,0,0,1,0,0,0,1,0,0,1,0,1,1,1,1,0,0,0,0,1,0,0,0.590979
0,1,0,0,1,0,1,0,1,0,1,0,0,0,1,0,0,1,0,1,1,0,0,1,1,1,0,1,1,0,0,0,0.605445
0,0,0,0,0,0,1,1,0,0,0,1,1,1,0,0,1,0,0,1,1,0,0,1,1,0,0,0,0,1,1,1,0.580270
0,1,1,0,0,0,0,0,0,1,1,0,1,1,0,1,1,0,0,1,0,0,0,0,1,1,0,0,1,0,0,1,0.664695
1,1,1,0,0,1,1,1,1,0,1,0,0,0,0,0,1,1,1,1,0,0,0,1,0,0,0,0,0,0,0,0,0.658088
0,1,1,0,1,0,1,0,0,0,0,0,1,1,0,0,0,0,0,0,0,0,1,0,0,1,0,1,1,0,0,1,0.630408
1,1,1,1,0,0,0,1,0,0,1,1,1,0,1,1,1,1,0,1,0,0,1,1,0,0,0,1,0,1,0,0,0.773444
1,1,1,0,0,0,0,0,0,1,0,0,0,1,1,0,1,1,1,1,1,1,0,0,1,0,1,1,0,1,0,0,0.805334
0,0,1,0,1,0,0,1,0,0,1,0,1,1,1,0,1,1,0,1,1,0,1,1,0,1,0,0,0,1,1,1,0.589780
0,1,0,1,1,0,0,0,1,0,0,0,0,0,0,1,1,0,1,0,0,0,1,0,0,0,1,0,1,1,0,0,0.703192
1,0,1,1,0,0,1,1,1,1,0,1,0,0,1,1,0,0,1,0,0,0,0,1,1,1,0,0,1,1,1,1,0.640958
1,0,0,0,1,1,1,0,0,0,1,1,0,0,1,1,0,0,1,0,1,1,1,0,1,1,0,0,1,1,0,1,0.769128
1,0,0,1,1,1,0,0,0,0,1,0,1,0,0,0,1,1,1,0,1,0,1,0,0,1,0,0,0,0,0,0,0.740942
1,1,0,0,1,1,1,1,1,1,1,0,0,0,1,1,0,0,0,1,0,0,1,0,0,0,1,0,0,0,1,1,0.631101
0,0,0,1,0,0,1,0,1,0,1,0,1,1,1,0,0,0,1,1,1,1,0,0,0,1,1,1,0,0,1,0,0.772965
1,1,1,1,1,0,0,1,1,1,0,1,0,1,0,0,0,0,1,0,1,1,0,1,0,1,1,0,1,0,0,0,0.637282
0,1,1,1,0,1,1,0,1,1,0,1,1,1,1,0,0,1,1,1,1,1,1,1,0,0,0,0,1,1,1,0,0.548460
1,0,0,1,1,0,0,1,1,1,0,0,0,1,1,1,0,0,1,1,1,0,0,1,1,1,1,0,1,1,1,0,0.640931
0,0,1,1,0,0,1,1,0,0,0,1,1,0,0,1,0,0,0,1,0,0,1,1,1,1,0,1,0,1,0,0,0.822437
0,1,0,0,0,0,0,0,1,0,1,0,1,1,0,0,1,0,0,0,1,0,1,1,1,0,0,0,1,0,0,1,0.600410
0,0,1,1,1,1,0,0,0,0,0,0,1,0,0,1,0,0,0,1,1,0,1,0,1,1,1,0,1,1,1,1,0.573023
1,0,0,1,1,1,1,0,0,1,1,0,0,1,1,1,1,1,0,1,0,1,1,0,1,0,0,0,1,1,1,1,0.606937
1,1,1,0,1,0,1,0,1,0,1,0,1,0,0,0,0,0,1,1,0,0,1,0,0,1,1,0,1,0,1,1,0.738598
0,0,0,1,0,1,0,0,1,1,1,0,1,1,0,0,0,0,0,1,1,1,0,0,0,1,1,1,1,1,0,0,0.831468
0,1,0,0,1,0,1,0,0,0,1,1,0,1,1,1,1,0,1,1,0,0,0,1,1,1,0,1,0,0,0,1,0.764093
1,0,1,0,0,1,0,0,1,1,1,1,0,0,1,0,1,1,0,1,1,1,0,1,1,1,0,1,1,1,0,0,0.656836
1,1,0,0,0,1,1,1,0,1,1,0,0,1,1,1,0,0,1,0,0,0,0,0,1,1,1,0,1,1,1,1,0.736706
1,0,0,0,0,0,1,0,1,1,1,0,1,1,0,1,1,1,0,1,0,0,1,0,0,1,1,1,1,0,0,1,0.654625
1,1,0,1,1,0,0,0,0,1,0,1,0,1,1,1,1,0,0,1,1,0,1,0,0,0,0,0,1,0,0,1,0.593963
0,1,1,1,0,1,0,1,0,0,1,1,0,1,1,1,1,0,1,0,1,1,1,1,1,1,1,1,1,0,0,1,0.682305
1,0,0,0,1,1,0,1,1,1,0,1,0,1,0,0,0,0,1,0,1,0,0,1,1,0,1,1,0,0,1,1,0.746670
1,0,0,0,1,0,0,0,1,1,0,0,1,0,1,1,1,0,0,1,0,1,1,1,1,0,1,0,1,1,0,0,0.643249
0,0,1,0,1,1,1,1,1,1,0,1,1,0,1,1,0,1,0,1,1,1,1,1,1,0,0,1,0,1,1,1,0.797208
0,0,1,1,1,1,0,0,1,1,0,0,1,1,0,1,0,1,1,1,0,1,0,1,0,1,0,1,0,1,0,1,0.809410
0,1,0,0,1,1,1,1,1,1,0,1,0,1,0,0,0,0,1,0,0,1,1,1,1,0,1,0,1,0,1,0,0.622922
0,0,0,0,1,0,1,0,0,0,0,0,0,1,1,0,1,1,1,1,1,0,1,0,0,1,0,0,1,0,1,0,0.620311
0,0,0,1,0,0,0,0,0,1,0,0,1,0,1,1,0,1,0,0,0,1,1,0,1,1,1,0,1,0,0,1,0.618846
0,1,1,0,0,0,0,1,0,1,0,1,0,0,0,0,0,1,1,0,0,0,0,0,0,0,1,1,1,0,0,1,0.674792
0,0,0,1,1,1,1,0,0,1,0,0,1,0,0,0,0,0,0,0,1,0,1,0,0,1,0,1,1,0,1,0,0.773178
1,0,0,0,1,0,0,0,0,1,1,0,0,0,0,0,1,1,0,0,0,0,0,1,1,0,0,0,0,0,1,0,0.646153
0,0,1,0,1,0,0,1,0,1,0,0,1,1,1,0,0,1,0,1,0,1,0,1,0,1,0,0,0,1,0,0,0.718617
0,0,1,1,1,1,0,1,1,0,0,0,1,0,0,1,1,0,1,0,0,1,0,0,1,0,0,1,0,0,0,0,0.776348
0,0,1,1,1,0,0,1,0,0,0,1,0,0,0,0,1,0,0,1,1,1,0,0,1,0,0,0,1,0,0,1,0.493553
1,1,1,1,1,1,1,1,0,1,0,0,0,0,0,0,1,0,0,0,1,0,0,0,0,1,0,0,1,0,0,0,0.627664
1,0,1,0,1,1,1,0,0,0,1,0,0,1,1,1,1,0,1,0,0,0,1,0,0,1,1,0,0,1,0,1,0.618420
0,0,1,0,1,0,1,0,0,0,0,0,0,0,0,0,1,0,0,1,0,0,1,0,0,0,0,1,0,1,1,0,0.769661
0,1,1,0,0,0,0,1,0,1,1,0,1,1,1,1,0,0,0,0,0,1,0,1,1,0,1,0,0,0,1,0,0.647085
1,1,0,0,1,1,1,1,1,0,1,0,1,1,0,1,0,1,0,1,0,0,1,0,1,0,0,1,0,0,1,1,0.661685
1,1,0,0,1,1,1,0,1,0,0,1,1,0,0,0,0,0,1,0,0,0,0,0,0,1,0,0,0,1,1,0,0.630142
1,1,0,1,1,1,0,1,1,0,1,0,0,0,0,0,0,1,0,1,1,0,0,1,1,0,1,1,0,0,1,1,0.596681
0,1,0,1,1,0,1,0,1,1,1,0,1,0,0,0,0,0,0,1,0,0,1,0,0,0,1,1,1,1,0,0,0.784021
1,1,1,1,0,1,1,1,1,0,1,1,0,0,0,0,1,1,1,0,1,1,1,1,1,1,1,0,0,1,0,0,0.658594
1,0,0,1,1,1,1,0,1,1,0,0,1,0,1,1,1,1,0,1,1,1,1,1,1,0,1,1,1,0,0,0,0.819214
1,0,0,0,1,0,0,0,1,1,0,1,1,1,1,0,1,1,0,0,1,1,0,1,0,0,1,0,0,1,0,1,0.770487
0,1,0,1,1,1,1,1,0,1,1,0,1,1,1,1,0,1,1,1,0,1,1,1,1,1,1,0,0,1,1,1,0.539136
1,0,0,0,1,1,0,0,0,0,1,1,0,0,0,1,0,1,1,0,1,0,0,0,1,1,1,0,0,1,1,0,0.623455
1,0,1,1,0,0,1,0,0,1,0,1,1,0,0,0,1,1,1,1,0,0,0,0,1,0,0,0,0,1,1,1,0.655051
1,0,0,1,0,1,1,1,1,0,0,1,0,1,1,0,0,1,0,1,1,0,0,0,1,1,1,0,1,1,0,1,0.652467
1,1,1,0,1,1,1,0,0,1,1,0,1,0,0,1,0,1,1,1,1,1,0,1,1,1,1,1,1,0,1,1,0.669038
1,1,0,0,1,1,1,0,1,1,1,0,0,1,0,0,0,1,0,0,1,1,0,0,1,0,1,1,1,0,1,0,0.766784
0,0,1,0,1,1,0,0,0,0,0,1,1,1,1,1,0,1,1,1,0,0,1,1,1,1,0,1,1,1,0,1,0.668825
1,0,0,0,1,1,1,1,0,0,1,1,0,1,1,0,0,1,0,1,0,1,1,1,1,0,1,1,1,0,1,1,0.695652
1,1,1,1,0,1,0,0,1,0,0,1,1,0,1,0,0,0,0,1,0,1,0,0,1,1,0,1,1,0,0,0,0.663363
1,1,0,0,0,1,1,0,0,0,0,0,1,0,1,0,0,1,0,0,0,1,1,1,0,0,0,0,1,0,0,1,0.614930
0,1,0,0,0,1,1,0,1,0,1,1,0,0,1,1,1,0,1,1,0,0,1,1,0,0,1,0,0,1,1,1,0.668478
1,0,1,1,1,0,0,1,1,1,0,0,0,0,0,0,0,1,0,0,1,1,1,1,0,0,1,1,0,1,1,0,0.794437
0,0,0,0,0,0,0,0,1,0,1,1,0,0,0,0,0,0,0,0,0,1,0,1,0,0,0,1,0,0,1,0,0.533408
1,0,1,0,0,1,0,0,1,1,0,1,1,1,0,0,0,0,0,1,0,1,1,1,1,0,1,0,1,1,1,0,0.619539
1,0,1,0,1,1,1,1,1,0,0,0,1,0,0,0,0,0,0,0,0,0,1,1,0,1,1,1,1,1,1,1,0.805547
0,0,1,0,0,0,0,0,1,0,1,0,0,1,0,0,0,1,1,0,0,0,1,0,0,1,1,0,0,1,1,1,0.604353
0,1,0,1,1,0,1,1,1,1,0,1,1,1,0,1,0,0,0,0,1,1,1,0,0,0,1,0,1,0,1,0,0.549259
0,0,0,0,1,1,0,1,0,1,0,0,1,0,1,0,1,0,0,0,0,1,1,1,1,0,1,1,0,1,1,0,0.763853
0,0,0,1,0,1,0,0,1,0,1,1,1,1,1,0,0,1,1,0,0,0,0,0,0,1,0,0,1,1,0,0,0.652254
1,1,0,1,0,0,0,0,1,0,1,0,0,0,1,1,1,1,0,0,1,1,1,0,0,1,0,1,0,0,1,1,0.767184
0,0,1,1,1,1,1,1,1,0,1,1,1,0,0,0,1,1,1,0,1,1,1,0,0,1,0,1,0,0,0,1,0.798007
1,1,1,1,1,1,0,0,1,0,1,1,1,0,1,0,1,0,1,1,1,1,0,1,1,0,1,0,0,0,0,0,0.630328
1,1,1,1,1,0,1,1,1,0,1,1,1,1,0,1,0,1,1,1,1,1,0,1,0,1,1,1,1,0,1,0,0.770061
