0,1,1,1,1,1,0,0,0,1,1,1,0,1,1,1,0,0,0,1,0,0,0,0,1,1,1,0,1,0,1,1,0.700128
1,0,1,0,0,0,0,1,0,1,0,1,0,0,1,1,0,1,1,0,0,1,1,0,0,1,1,1,1,1,1,0,0.704950
1,0,0,0,1,1,1,0,0,0,1,0,0,0,0,0,1,0,1,0,0,1,0,0,1,0,0,0,0,0,0,0,0.537324
1,0,0,0,1,0,1,0,1,1,0,0,0,1,0,0,1,1,1,1,1,0,0,1,1,0,1,1,1,1,1,1,0.819027
1,0,0,0,0,0,1,1,1,1,0,0,0,1,0,0,0,0,0,0,1,0,1,1,1,1,0,0,1,1,1,1,0.549073
1,1,0,0,0,0,1,1,0,1,0,1,1,0,0,1,1,1,1,0,0,1,1,0,1,0,1,0,1,0,0,0,0.538416
0,0,0,1,1,1,0,1,0,1,1,1,0,0,0,0,1,0,1,0,0,1,1,0,1,1,1,0,1,0,0,1,0.611147
0,0,1,0,0,0,1,1,1,1,0,0,0,1,1,1,1,1,0,1,0,0,1,0,1,0,0,0,0,1,0,1,0.850064
1,1,1,0,1,1,0,0,0,0,0,0,0,1,0,1,0,0,0,0,1,0,1,1,1,0,0,0,1,1,1,0,0.551018
1,1,1,1,1,0,0,0,0,0,1,1,0,0,1,0,0,1,1,1,0,0,0,0,1,1,1,0,1,0,0,0,0.719309
1,0,0,0,1,0,1,0,0,1,1,0,0,0,0,0,1,0,0,1,1,1,1,1,0,1,1,1,1,0,0,0,0.821158
1,1,1,0,0,0,1,0,0,0,0,1,0,1,1,1,1,1,0,1,1,1,1,1,1,1,1,1,1,0,1,1,0.692136
0,1,1,1,0,1,1,1,1,1,1,0,0,0,0,0,1,1,1,0,1,0,1,0,1,1,1,1,0,0,0,0,0.559516
0,0,0,1,0,0,0,1,0,0,0,0,0,0,0,0,1,1,1,1,0,0,0,1,1,0,0,0,1,1,1,1,0.712116
0,0,0,0,1,0,0,0,0,1,0,0,1,0,1,1,0,1,1,0,1,0,0,0,0,0,0,1,1,0,1,1,0.601210
0,0,1,1,1,0,1,1,1,0,0,1,0,1,1,1,0,0,1,1,1,1,0,1,1,1,1,1,1,0,0,0,0.702073
1,1,1,0,0,1,1,1,0,1,1,0,1,0,0,0,0,1,0,1,1,1,1,0,1,1,1,0,1,0,0,1,0.554215
1,1,1,0,1,1,0,0,0,1,0,1,1,0,1,0,1,0,1,0,0,0,0,0,0,0,0,1,0,0,1,1,0.608136
0,0,1,0,0,1,0,1,0,0,0,1,0,0,0,0,1,1,0,1,1,0,0,0,1,1,1,0,1,0,1,0,0.727035
0,0,1,1,0,1,0,1,0,1,1,0,0,0,0,0,0,0,0,1,1,1,1,1,1,0,0,1,0,1,1,1,0.699409
0,0,1,1,1,0,1,0,1,1,0,0,1,1,0,0,0,0,0,0,0,1,1,0,1,1,0,1,0,0,0,0,0.694720
0,1,0,0,0,0,0,1,0,1,0,1,1,1,1,0,0,1,0,1,0,0,0,0,1,0,1,1,1,0,1,0,0.552003
0,1,1,0,1,1,1,0,1,0,0,1,1,0,1,1,0,0,1,0,0,0,0,0,0,0,1,0,1,1,0,1,0.489956
0,0,1,1,1,0,1,0,1,0,1,1,1,1,1,1,0,1,1,0,1,1,0,0,1,1,1,1,1,0,1,1,0.615276
0,0,1,0,0,1,0,1,1,1,0,1,0,0,0,1,1,0,0,1,1,0,0,0,1,1,0,0,0,1,0,0,0.738598
0,1,0,1,1,1,1,1,1,0,0,0,0,0,0,0,1,1,1,0,1,1,0,1,0,0,0,1,1,0,0,1,0.748695
0,1,0,0,1,0,1,0,1,0,0,0,1,0,1,1,0,1,1,0,0,1,1,1,0,0,1,0,1,0,1,1,0.526348
1,1,1,0,0,0,0,1,0,1,0,0,0,0,0,0,0,1,1,0,1,0,1,1,1,0,0,0,1,0,1,1,0.550512
0,0,1,1,0,1,1,0,1,1,1,1,0,1,0,1,0,1,1,0,0,1,0,0,0,1,1,1,0,1,1,0,0.550858
1,1,1,1,1,1,0,1,1,0,1,1,1,1,1,1,1,1,1,0,1,0,1,1,0,1,1,1,1,0,1,1,0.825314
0,1,1,0,0,1,1,1,1,0,0,0,0,1,0,1,0,1,0,1,1,0,1,0,0,1,0,1,1,1,0,0,0.680600
1,0,1,1,1,1,1,1,0,0,0,1,0,1,1,0,1,1,1,1,1,1,0,1,1,1,0,0,0,0,1,0,0.768889
0,1,1,1,1,0,0,0,1,1,0,1,0,0,0,1,1,1,0,0,0,1,0,1,0,0,0,0,1,1,0,0,0.565990
1,1,0,1,1,1,0,0,0,1,0,0,1,0,1,1,0,0,0,0,0,0,0,0,0,0,1,0,1,1,0,0,0.564844
1,1,1,0,1,0,0,1,0,0,1,0,0,0,1,0,1,1,1,0,1,0,0,0,0,1,1,1,0,0,1,0,0.662431
1,0,1,0,0,1,1,0,1,1,0,0,1,0,0,1,1,1,1,0,1,1,0,0,1,1,0,0,0,0,0,0,0.621483
0,1,0,1,0,0,0,1,1,1,1,0,0,0,1,1,0,1,1,0,1,1,1,1,0,1,0,1,1,0,1,0,0.783568
0,1,1,0,1,1,0,0,0,0,1,1,1,0,0,0,1,1,0,0,0,0,1,0,0,0,1,1,0,0,1,0,0.693095
1,1,1,0,1,1,0,0,0,0,0,0,0,1,0,0,1,0,1,1,1,1,1,0,1,1,1,0,1,0,0,0,0.724691
1,1,1,0,0,1,0,0,0,1,0,0,1,1,0,1,0,0,0,1,1,1,0,0,1,1,1,1,1,1,0,0,0.841272
0,0,1,0,0,1,1,1,1,1,1,0,1,0,1,1,0,1,1,0,1,1,1,1,1,1,1,1,0,0,0,0,0.694613
1,0,1,1,1,1,0,1,1,1,1,0,0,0,1,0,1,1,1,0,0,1,1,1,1,0,1,1,1,1,1,1,0.535086
0,0,1,0,1,1,0,1,1,1,0,1,1,0,0,1,1,0,1,1,0,1,1,1,0,0,0,1,1,0,1,1,0.563166
1,1,1,0,1,0,0,1,1,1,1,1,1,0,0,0,1,0,1,1,0,1,0,1,0,1,1,0,0,0,1,0,0.692802
0,0,1,1,0,1,0,1,0,0,0,0,1,1,1,0,0,0,1,1,0,0,1,0,0,0,1,1,1,0,0,0,0.550645
0,1,0,0,1,0,1,1,1,0,0,1,1,0,1,1,0,0,0,1,0,1,0,1,1,0,1,1,1,1,1,1,0.583973
0,1,1,1,1,1,0,1,0,0,0,0,1,0,0,0,0,0,1,0,1,1,0,1,1,1,0,1,1,1,1,0,0.844283
1,0,1,0,0,1,0,0,1,1,0,1,0,1,1,1,0,0,1,1,0,1,0,0,0,1,0,0,0,0,0,1,0.719896
0,0,1,1,1,0,1,1,1,0,0,1,1,0,0,0,0,0,0,1,1,1,1,1,1,1,1,0,0,1,1,1,0.541533
0,1,1,0,1,1,1,0,0,0,0,1,0,0,1,1,0,0,1,0,0,1,1,1,1,0,0,0,0,1,1,0,0.865010
1,1,1,0,0,0,0,1,1,0,1,0,0,0,0,1,1,0,0,1,0,0,1,1,0,0,0,0,0,1,0,0,0.620791
0,1,0,1,0,1,0,0,1,0,0,1,0,0,0,0,0,1,1,1,0,0,0,1,0,1,1,1,0,0,0,0,0.778266
0,0,1,0,0,1,1,1,0,0,0,1,0,0,0,1,0,1,1,1,1,1,1,1,0,0,1,0,1,0,0,1,0.853687
1,1,1,0,1,0,0,0,0,1,0,1,0,0,1,0,0,0,1,1,0,1,1,1,1,1,1,0,1,1,1,1,0.714381
0,1,0,0,1,1,0,1,0,0,1,1,1,1,1,0,0,0,1,0,1,0,1,1,1,0,1,1,1,1,1,1,0.547048
0,1,1,0,0,0,0,0,1,1,1,1,0,1,1,1,0,1,1,1,1,1,0,1,0,0,0,0,0,0,0,1,0.727968
1,1,1,0,0,1,1,1,1,1,1,1,0,1,1,0,0,0,1,0,0,1,1,0,0,0,0,1,1,0,1,1,0.606245
1,1,1,0,1,0,0,1,1,1,1,0,0,1,0,0,1,1,1,1,0,1,1,0,0,1,1,1,0,1,0,0,0.737345
1,1,0,1,1,0,1,1,1,1,1,0,0,0,1,1,1,1,1,0,0,0,0,1,1,1,1,1,1,0,0,0,0.548300
1,1,1,0,1,1,1,1,0,1,1,0,1,0,1,0,1,0,1,0,1,0,1,1,1,1,0,0,1,0,1,0,0.598679
0,1,1,1,1,0,1,0,0,1,0,0,0,0,0,1,0,1,0,0,0,1,0,1,1,1,1,1,1,0,1,1,0.565510
1,1,1,0,0,1,1,1,0,0,1,1,1,1,0,1,1,1,0,1,1,1,1,1,0,1,0,0,0,0,0,0,0.550831
0,0,0,1,0,0,0,1,1,0,1,1,1,1,1,1,0,0,0,1,0,1,0,0,0,0,1,1,0,0,1,0,0.554508
1,0,0,0,1,1,0,0,1,1,1,0,0,0,1,0,1,0,1,0,1,1,1,1,0,0,0,0,0,1,1,0,0.546355
1,0,0,1,1,0,0,1,0,1,0,0,0,1,1,1,1,0,0,1,0,1,1,0,0,0,1,0,0,0,0,1,0.583893
1,1,1,1,0,1,1,1,1,0,0,1,0,1,0,1,1,1,1,0,0,1,0,1,0,1,1,0,0,0,1,0,0.570279
1,1,0,0,0,0,1,1,0,0,1,1,0,0,0,0,0,0,0,0,1,0,0,1,1,1,0,0,0,1,1,0,0.556639
1,0,1,1,1,1,1,1,0,0,0,1,1,1,1,1,1,1,0,1,0,1,1,1,0,1,0,0,1,0,0,0,0.559436
0,1,1,0,1,1,1,1,0,0,1,1,1,0,0,1,1,0,1,1,0,1,0,0,1,0,1,1,0,1,0,0,0.812980
0,1,1,1,1,1,1,0,0,0,0,0,0,1,1,1,0,0,1,1,1,0,0,1,1,0,1,1,1,0,0,1,0.835864
0,0,1,0,1,1,0,1,1,0,1,0,1,1,0,1,1,1,0,0,0,0,1,1,1,1,1,1,0,0,0,1,0.858110
1,0,0,0,1,0,1,1,1,1,1,1,1,1,1,0,0,1,0,1,0,0,1,0,0,1,0,0,0,1,0,1,0.567429
0,1,0,0,1,1,0,1,1,0,0,0,0,0,0,0,1,1,1,1,0,0,1,1,0,0,0,0,1,1,1,0,0.653533
1,0,0,1,1,0,1,1,1,1,0,0,0,1,0,0,1,1,1,1,0,0,0,0,0,1,1,0,1,0,0,0,0.618500
0,1,1,1,1,0,0,0,0,1,0,0,0,0,0,0,1,1,0,1,1,0,1,0,1,1,1,1,1,0,1,0,0.734015
0,0,0,1,0,0,0,1,0,1,1,0,0,1,1,1,0,0,0,0,0,1,0,1,0,1,1,0,1,0,0,1,0.617754
1,0,1,1,1,1,0,1,0,0,1,1,1,0,1,1,1,0,1,1,0,1,0,1,1,0,1,1,1,0,0,0,0.544810
1,1,1,1,0,0,1,1,0,1,1,0,0,0,0,0,0,1,0,1,1,0,1,0,1,0,1,1,1,0,1,0,0.834292
0,0,1,1,1,0,1,0,0,0,1,0,0,1,1,0,1,1,0,0,1,0,0,1,0,1,0,1,0,1,1,0,0.560289
0,1,1,1,0,0,1,0,0,1,1,0,0,1,0,0,0,1,1,1,0,1,0,0,0,0,0,1,1,1,1,0,0.826513
1,1,0,1,1,0,1,1,1,0,1,0,0,1,1,0,0,0,0,1,0,1,0,0,1,0,1,1,0,0,0,0,0.845269
0,0,0,1,0,1,1,0,0,1,0,1,1,1,0,0,1,1,1,0,0,1,0,1,0,0,0,1,0,1,1,0,0.555733
1,1,1,0,1,1,1,0,1,0,0,1,0,0,0,0,0,1,1,1,1,0,0,1,0,1,0,1,1,0,1,0,0.815431
1,1,0,1,1,1,1,1,1,0,1,0,1,0,1,0,0,0,1,0,0,0,0,0,1,0,0,1,1,1,0,1,0.526694
0,1,1,0,1,0,1,1,1,1,1,1,1,0,0,1,1,0,1,1,0,0,0,0,0,0,1,0,0,1,1,0,0.677749
0,1,1,0,0,1,1,0,0,0,0,1,0,0,0,1,0,1,0,0,0,1,1,1,0,1,0,0,0,1,1,0,0.560688
1,0,0,0,1,1,1,1,0,1,0,1,0,0,0,0,1,1,1,0,1,1,0,0,0,0,1,1,1,0,0,0,0.612718
1,0,1,1,1,1,1,0,1,0,1,1,1,1,0,1,0,0,1,0,1,0,0,0,1,0,0,0,1,1,0,0,0.552883
1,0,0,1,1,0,0,1,1,1,0,1,1,0,0,1,1,0,0,1,1,0,1,0,1,1,0,0,1,0,1,1,0.616182
1,1,1,0,0,1,1,0,0,0,1,0,1,1,0,1,0,0,1,0,0,0,0,1,0,0,1,0,0,0,1,0,0.515665
1,0,1,0,0,0,1,0,0,1,0,0,1,1,0,1,0,0,1,1,0,1,0,0,1,0,1,0,1,1,0,0,0.695173
0,0,0,1,0,1,1,0,0,1,0,1,1,0,0,1,1,1,1,0,0,1,1,1,1,1,1,1,1,0,0,0,0.804614
1,1,1,1,1,0,0,0,1,1,1,0,0,0,1,1,1,0,0,0,0,0,1,1,0,1,1,1,1,1,0,1,0.635923
0,0,0,0,0,0,1,1,0,0,1,1,1,0,1,1,1,0,1,0,0,1,0,0,1,0,1,0,0,1,0,0,0.502078
1,0,0,0,1,1,1,1,1,1,0,0,1,1,1,0,0,0,1,1,1,0,0,1,0,0,0,0,1,0,1,1,0.800538
1,0,0,1,0,1,0,0,0,1,0,1,0,1,0,0,1,1,1,0,0,0,1,1,1,0,1,1,0,0,1,0,0.549632
0,0,1,1,0,0,0,0,1,1,0,1,0,1,0,0,0,0,0,1,1,0,1,1,0,0,1,0,1,1,0,0,0.613065
1,0,1,1,0,0,1,1,1,0,0,1,1,0,0,1,1,1,0,1,0,1,0,1,1,0,1,0,1,0,1,0,0.692349
1,1,1,1,1,1,1,0,0,0,1,1,0,1,0,0,0,1,0,1,1,0,1,1,1,0,1,1,1,1,0,1,0.826273
1,1,1,0,0,0,1,0,0,0,0,1,1,0,0,1,0,0,1,0,0,1,1,0,0,1,1,0,1,1,0,1,0.698449
1,0,1,0,1,0,0,0,0,0,1,0,0,0,1,1,0,1,0,0,1,1,1,1,1,1,1,0,0,1,1,1,0.638640
0,1,0,0,0,0,1,1,1,1,1,0,0,1,1,1,1,0,1,1,0,0,0,1,0,0,1,0,0,0,0,0,0.871350
0,0,0,1,1,0,0,1,0,0,1,1,1,1,1,0,0,0,1,1,0,0,1,0,1,0,1,1,1,1,0,1,0.548966
1,1,0,0,1,1,0,1,0,0,1,0,0,0,0,1,0,1,0,1,0,1,1,1,1,1,1,0,0,0,1,1,0.730206
1,0,0,0,1,0,1,0,0,1,0,0,0,1,0,1,1,1,0,1,0,1,0,1,1,0,0,0,0,0,1,1,0.834239
0,0,1,0,1,1,0,1,1,0,1,1,1,0,1,1,0,1,0,1,0,0,0,1,0,1,1,0,1,0,0,1,0.793984
1,1,0,0,1,0,0,1,0,1,1,1,0,1,0,0,0,0,1,0,1,1,0,1,0,0,0,0,0,1,1,0,0.551444
1,1,1,1,0,0,1,0,1,0,1,0,1,1,1,0,0,1,1,0,1,1,1,1,0,0,0,0,0,0,1,1,0.528160
0,0,1,1,0,0,0,0,0,0,0,0,1,1,1,0,0,0,0,1,0,0,0,0,0,1,1,0,1,0,1,0,0.709719
0,0,1,0,1,0,0,0,0,0,1,0,1,0,1,0,0,0,1,0,0,1,0,1,0,0,0,0,1,0,1,1,0.579550
1,0,1,0,0,0,0,0,0,0,1,0,1,1,1,1,0,0,1,1,0,1,0,1,0,0,1,1,1,0,0,1,0.552696
0,0,1,0,1,0,0,1,1,1,0,0,1,0,0,0,0,1,0,1,1,1,0,0,1,1,0,0,1,0,1,1,0.631847
0,0,1,0,0,0,0,1,0,0,1,1,1,0,0,0,1,0,1,0,1,1,0,0,1,0,0,0,1,0,0,0,0.693441
0,1,0,1,1,0,0,1,1,1,1,0,1,0,1,0,0,0,1,0,0,0,0,0,1,1,0,1,1,0,1,1,0.846068
1,0,0,0,0,0,1,1,1,1,0,0,1,0,0,1,1,1,0,1,0,0,1,0,0,1,1,0,0,0,0,0,0.564258
0,0,0,1,0,0,0,0,0,0,0,1,1,0,1,0,1,0,1,0,1,1,1,0,0,0,1,0,1,0,1,0,0.600171
1,0,1,0,1,0,0,1,1,1,0,0,1,0,1,1,0,0,1,1,0,0,1,1,1,1,1,1,1,1,1,0,0.625213
0,0,1,1,0,1,0,1,1,0,0,0,0,0,0,1,0,1,1,0,0,0,0,0,0,0,0,0,0,0,1,1,0.568228
0,0,1,0,1,1,1,1,0,1,0,0,0,1,1,0,0,0,0,0,0,0,1,0,0,0,1,1,1,1,1,0,0.848865
0,1,0,1,0,0,0,1,0,0,0,0,0,1,0,1,1,0,1,0,0,1,0,0,0,0,1,1,0,0,1,0,0.580723
0,1,0,0,1,0,0,0,1,0,1,0,1,0,0,0,1,0,0,1,0,0,1,1,1,0,0,0,1,0,0,1,0.556079
1,1,1,1,0,1,1,1,1,0,0,1,0,1,1,0,1,0,0,0,0,1,0,1,1,0,0,1,1,0,0,1,0.609841
0,0,0,0,1,1,1,0,1,1,0,0,0,1,0,0,1,0,1,1,1,0,1,0,1,1,0,0,1,0,0,0,0.614024
1,1,1,1,1,0,0,0,0,0,0,1,1,1,1,0,1,0,1,0,0,0,0,1,0,0,0,0,0,0,1,0,0.611120
0,0,1,1,0,1,0,1,1,1,0,1,1,0,0,0,0,1,1,0,0,1,1,0,1,1,0,1,1,1,0,1,0.840100
1,1,1,1,1,0,0,1,0,0,1,1,1,0,1,0,0,1,1,1,1,1,1,1,1,1,1,0,1,0,0,1,0.838075
0,0,0,0,1,0,0,0,1,0,1,0,1,0,0,1,0,1,0,1,0,0,0,1,0,0,1,1,1,0,1,1,0.541906
0,0,1,1,1,1,0,1,1,0,0,0,0,0,0,1,1,1,1,1,0,0,1,0,0,1,1,0,0,1,0,0,0.765159
