1,0,1,0,1,0,1,1,1,0,0,1,0,0,1,1,0,1,0,0,0,1,0,0,1,0,0,1,0,0,0,0,0.598976
0,0,0,0,1,0,0,0,1,1,0,1,1,0,0,1,0,0,1,1,1,0,1,0,1,0,0,0,1,1,1,1,0.598098
1,0,1,0,0,1,0,1,1,1,1,1,1,1,1,1,1,0,1,0,1,0,0,0,0,1,1,0,1,1,1,0,0.598474
0,1,0,1,0,1,1,1,1,1,1,0,1,1,0,1,0,1,0,1,1,1,1,1,1,1,1,0,0,1,1,0,0.588160
1,1,1,1,0,1,1,1,1,0,1,0,1,0,1,1,0,0,0,0,1,1,0,0,0,0,1,1,1,1,0,1,0.568385
0,1,0,1,0,0,1,1,1,1,0,0,0,0,1,1,1,0,0,1,1,0,1,0,1,0,0,1,1,0,1,0,0.602540
0,1,1,0,0,1,0,1,1,0,1,1,1,1,1,0,1,1,0,0,1,0,0,1,1,0,1,1,0,1,1,0,0.598048
0,1,0,0,1,1,1,0,1,0,0,0,0,0,0,1,1,1,1,0,1,1,1,0,0,1,0,1,0,1,1,1,0.587608
0,1,0,1,1,1,0,1,0,1,1,0,1,1,1,0,1,1,0,0,1,0,1,1,1,0,1,1,0,0,1,0,0.597420
0,1,0,1,1,0,1,1,1,1,0,0,1,0,1,1,1,1,1,0,0,0,1,0,0,0,0,0,0,1,0,1,0.601360
1,0,1,0,1,0,0,1,1,1,1,1,0,1,0,1,1,0,0,1,0,1,0,0,1,1,0,1,1,0,0,0,0.604648
0,1,1,1,0,1,1,1,1,0,0,1,1,0,1,0,1,0,1,0,0,0,1,0,0,0,1,1,0,1,1,0,0.602439
1,0,0,1,0,0,0,1,0,1,0,1,0,0,0,0,1,1,0,1,0,0,1,0,1,1,0,1,1,0,0,1,0.602590
0,1,1,0,1,0,0,0,0,0,0,1,0,1,1,1,0,1,0,0,1,0,1,1,0,0,1,0,0,1,1,0,0.595312
1,1,1,0,0,0,0,1,1,0,1,0,0,0,0,0,1,1,0,0,0,0,0,1,0,0,0,0,1,1,1,1,0.608337
0,0,1,1,0,0,0,0,1,0,1,0,0,0,0,0,1,0,1,1,1,0,1,1,1,1,0,1,0,1,0,1,0.601988
1,0,0,0,0,0,0,0,1,0,1,0,1,1,0,0,0,0,0,0,1,0,1,0,0,0,0,0,1,1,1,1,0.598600
0,0,1,0,0,0,1,0,0,0,0,1,1,1,0,1,1,1,0,0,1,1,0,0,0,1,0,0,1,1,1,1,0.590820
1,0,0,1,0,0,0,0,0,0,0,1,1,0,0,1,1,0,0,1,0,1,1,1,0,0,0,1,1,1,1,0,0.600181
1,1,0,1,0,0,1,1,1,1,1,1,1,0,1,0,1,1,0,1,0,1,0,1,0,1,0,1,0,0,0,0,0.604397
1,0,1,0,1,0,1,0,1,0,1,0,1,0,0,1,1,0,0,1,0,0,1,1,0,1,1,0,1,0,1,0,0.598499
0,0,0,0,0,1,0,0,1,1,0,1,1,1,1,0,0,1,0,1,0,1,0,0,1,1,1,0,0,0,1,1,0.602715
0,1,0,0,1,0,0,0,1,0,1,1,1,1,1,0,0,0,1,1,0,1,1,0,0,1,1,1,0,0,1,1,0.598826
1,1,1,0,1,1,0,0,0,1,1,1,0,1,1,1,1,1,1,0,1,0,1,1,0,0,0,1,0,1,1,0,0.598474
0,1,0,0,1,1,0,0,0,0,0,1,1,1,1,1,0,0,1,1,1,0,0,0,0,1,1,0,1,1,0,0,0.595563
0,0,1,0,1,0,1,0,1,0,0,0,1,1,0,0,0,0,0,1,1,1,0,0,1,1,1,1,1,1,1,0,0.598073
0,1,1,1,0,1,0,1,0,1,1,1,1,0,0,0,0,0,1,1,0,1,1,1,1,0,1,0,0,0,0,1,0.602239
1,0,1,1,0,0,1,1,1,0,0,0,1,0,1,0,1,1,1,0,1,1,1,1,1,1,1,0,1,0,0,0,0.603920
1,0,0,1,1,1,0,1,0,0,1,1,1,0,1,1,1,1,1,0,1,1,1,1,1,1,1,1,1,0,1,0,0.593581
1,1,0,1,1,1,0,0,1,1,1,0,1,0,0,1,1,0,1,0,0,1,0,1,1,1,1,0,1,0,0,1,0.599905
0,1,0,1,1,0,1,1,0,1,1,1,0,0,0,1,1,0,0,1,0,1,1,0,1,1,1,0,0,1,0,1,0.600883
0,0,0,0,0,0,0,0,1,1,1,0,1,0,1,1,1,1,0,0,1,0,1,1,0,1,0,0,1,0,0,1,0.605501
0,0,1,1,1,0,0,0,0,1,1,0,0,1,1,0,1,1,0,1,0,0,1,1,0,0,0,0,0,1,1,0,0.599679
1,1,0,0,1,1,1,1,0,1,1,0,1,1,1,0,1,1,1,1,0,1,0,0,0,1,1,1,1,0,1,0,0.598123
1,0,1,1,1,0,0,0,0,1,0,1,0,0,0,1,1,1,0,1,1,0,0,0,1,0,1,0,1,0,0,0,0.602439
0,1,0,0,1,0,1,1,0,0,0,1,1,1,0,1,1,0,1,0,0,1,0,0,1,0,0,0,0,0,0,1,0.592276
1,0,1,1,0,0,1,0,0,0,0,1,1,0,1,1,1,0,1,1,1,0,1,1,1,1,1,1,0,0,0,0,0.601988
0,0,0,0,0,1,0,1,1,0,0,0,0,1,1,0,0,1,1,0,0,1,0,0,1,1,1,0,1,0,1,0,0.602113
0,0,0,0,1,0,1,1,0,0,1,1,0,0,0,1,1,1,0,0,0,1,1,0,1,0,0,1,1,0,0,0,0.601034
0,0,1,1,1,0,1,1,1,0,0,1,1,1,1,1,1,1,1,0,0,0,1,0,0,1,1,0,1,1,1,1,0.589264
0,1,1,0,0,0,0,0,0,0,0,1,1,1,1,0,0,0,0,1,1,0,1,0,1,0,1,1,1,1,1,0,0.603368
0,1,1,0,1,0,1,1,0,0,0,0,1,0,1,0,0,0,0,1,1,0,0,1,1,1,0,0,0,0,0,1,0.591046
0,0,0,1,0,1,0,1,1,1,1,1,0,1,0,1,1,1,1,0,1,1,0,1,0,0,0,0,1,1,0,0,0.598851
0,1,0,1,0,0,1,0,0,1,0,1,1,1,0,1,0,1,0,0,1,1,1,0,1,1,0,0,1,0,0,0,0.607734
0,1,1,0,1,0,1,1,1,0,0,0,1,1,0,1,1,1,1,1,1,1,0,0,0,1,0,1,1,0,1,0,0.599553
0,0,1,1,0,0,1,0,0,0,1,0,1,1,0,0,0,1,0,0,1,0,0,1,0,1,1,1,0,0,0,1,0.590268
0,0,0,0,1,0,1,1,1,0,1,0,0,1,1,1,0,0,0,1,1,1,0,0,1,0,0,0,0,1,1,0,0.590695
0,0,1,0,1,1,0,0,0,1,1,1,1,1,1,1,1,0,1,0,1,0,0,1,1,1,1,0,0,0,0,1,0.598600
1,0,0,0,0,1,0,0,1,1,1,1,1,1,1,1,1,1,1,0,0,1,0,0,0,0,1,1,0,1,0,1,0.597270
1,1,1,1,1,0,0,1,1,0,0,0,1,1,0,0,0,0,1,0,0,0,0,0,1,1,0,1,0,0,0,1,0.596191
1,0,1,0,1,1,0,0,0,1,1,0,1,0,1,1,0,1,1,0,1,0,1,1,0,0,0,1,0,0,1,1,0.599478
0,0,1,0,0,1,0,1,0,0,0,0,1,0,0,0,0,0,1,0,1,1,1,1,1,1,0,1,0,1,1,0,0.575939
1,0,0,1,0,0,0,0,1,1,0,0,1,0,0,0,0,1,1,0,1,1,0,0,1,0,1,1,0,1,0,1,0.601310
1,1,1,0,0,1,1,1,0,0,0,1,1,1,1,0,0,0,1,0,1,0,0,0,1,0,1,1,1,1,0,1,0.599403
0,1,0,0,1,0,0,0,0,0,0,1,0,0,1,0,1,1,1,1,1,0,1,0,1,0,0,1,0,1,1,0,0.596040
0,0,0,1,0,1,0,1,1,1,1,0,0,1,1,1,0,0,0,1,0,0,1,0,0,1,1,0,1,0,0,1,0.597370
1,1,0,1,0,1,1,0,1,1,0,1,0,0,1,0,0,1,0,0,0,0,0,0,0,1,1,1,0,0,0,1,0.600281
0,1,1,1,1,0,1,0,1,0,0,0,1,1,1,1,0,0,1,1,0,0,1,1,1,1,0,0,0,0,0,1,0.596542
0,0,1,0,1,0,1,0,1,0,0,1,1,1,1,1,0,0,1,0,1,1,1,1,1,0,1,0,1,0,1,0,0.576265
1,1,1,1,1,1,0,1,1,1,1,1,1,0,0,1,0,1,1,0,1,0,0,1,0,0,0,1,1,0,1,0,0.598499
0,0,1,1,0,0,1,0,0,0,1,0,0,0,1,0,1,1,0,0,0,0,0,0,1,1,1,0,0,1,1,0,0.598324
0,1,0,0,1,1,1,1,1,0,0,1,1,0,1,1,0,0,0,0,0,1,0,0,1,1,1,0,0,0,0,0,0.598098
1,1,0,0,1,1,0,1,0,1,1,1,1,1,1,1,0,1,0,0,0,1,1,1,0,1,1,0,1,1,0,1,0.577871
1,0,1,0,1,0,0,0,1,1,0,0,1,0,1,1,0,0,1,0,1,1,0,1,0,0,0,1,0,0,0,1,0.586880
0,1,1,0,1,0,0,1,1,1,1,0,1,1,1,1,1,1,0,1,1,0,0,1,1,1,1,1,1,1,0,0,0.600331
0,1,0,0,1,0,0,0,1,1,0,0,1,1,0,1,1,1,1,0,1,1,1,1,1,0,1,0,1,0,1,0,0.606605
0,1,1,1,0,0,1,1,0,1,0,0,1,1,0,0,1,1,0,1,1,0,1,0,0,0,1,0,0,0,1,1,0.600231
1,1,0,1,0,0,0,1,1,1,1,0,0,1,1,0,1,1,1,0,1,0,0,1,1,0,1,0,1,0,0,1,0.603769
1,0,0,1,0,1,0,1,1,1,1,0,1,1,0,1,0,1,0,0,0,0,0,0,1,0,1,0,0,0,1,0,0.602766
1,1,0,1,0,0,1,1,0,1,0,0,1,1,1,0,1,1,1,0,0,1,1,0,1,0,0,0,0,1,1,0,0.605250
1,0,0,1,0,0,0,0,1,0,1,1,0,1,0,1,0,0,1,1,1,0,0,1,0,1,0,1,0,0,1,1,0.595814
0,0,0,0,1,1,0,1,0,1,1,1,0,1,1,0,0,1,0,0,1,0,0,1,0,1,1,1,0,0,1,0,0.578599
0,0,1,1,1,0,1,0,1,1,1,1,0,0,0,1,0,1,1,1,0,0,0,1,0,0,0,0,0,0,0,1,0.596542
0,0,0,0,0,1,1,0,0,1,1,1,0,1,1,1,0,1,0,1,0,0,1,0,0,1,1,0,1,1,0,1,0.585199
1,0,0,0,0,0,1,0,1,1,1,0,0,1,0,1,1,0,0,0,0,0,0,1,1,0,0,0,0,0,1,1,0.601887
1,0,1,1,1,0,1,1,1,0,1,0,1,1,0,0,0,0,0,0,0,0,0,0,1,0,1,0,0,1,1,1,0.589214
0,1,1,1,0,1,0,1,0,1,0,1,0,1,0,0,1,0,0,1,0,0,1,0,0,1,1,1,1,1,1,1,0.590519
1,1,1,1,0,1,0,0,1,1,0,1,0,1,1,1,0,0,1,1,0,1,1,1,1,1,0,0,1,1,0,1,0.585123
0,0,1,0,0,1,0,1,1,0,0,0,0,0,1,0,1,1,0,1,0,0,1,1,1,0,0,1,1,0,1,0,0.602364
1,0,1,0,1,0,0,1,0,1,0,0,0,0,1,1,1,1,1,1,1,1,1,0,1,0,0,1,0,0,1,0,0.599428
0,0,1,0,1,1,0,0,1,1,1,1,1,1,1,1,0,1,0,1,1,1,1,0,1,0,1,1,1,0,1,1,0.588662
0,1,1,0,1,1,1,1,1,1,0,1,0,0,0,1,1,1,0,1,0,1,0,0,1,1,1,1,0,0,1,0,0.601988
0,1,0,0,1,1,1,0,0,1,1,1,0,0,1,1,1,0,1,1,1,0,1,0,1,0,0,0,1,1,1,1,0.592200
1,0,0,0,0,0,0,1,1,0,1,1,0,1,1,1,1,0,0,0,1,1,0,0,0,0,0,1,1,1,1,1,0.569238
1,0,0,1,1,0,0,0,1,1,1,0,1,1,1,1,1,1,0,1,0,1,0,1,0,1,0,1,1,0,1,1,0.585500
0,1,0,0,0,0,0,1,1,0,0,0,1,1,1,1,0,1,0,1,1,1,1,1,1,1,1,1,0,0,1,1,0.582689
0,1,0,1,1,0,0,0,1,0,1,1,0,1,1,0,1,1,0,1,1,0,1,0,0,1,1,1,0,0,1,1,0.603794
0,0,0,1,0,0,1,1,1,1,1,1,1,1,0,0,0,1,1,0,0,1,0,1,0,0,1,0,1,0,1,0,0.600733
0,1,1,0,0,1,0,0,1,1,1,0,1,0,0,0,1,1,0,1,0,0,0,1,1,1,1,0,0,1,0,0,0.608186
0,0,0,0,1,0,0,0,0,1,1,0,1,1,1,0,1,1,1,1,0,1,0,1,0,1,1,0,0,1,1,0,0.602439
0,1,0,0,0,1,1,1,1,1,1,0,0,0,0,1,0,0,1,1,1,0,1,1,1,0,0,1,1,0,0,0,0.603343
1,0,1,0,0,1,0,0,1,1,1,1,1,1,0,1,0,0,1,1,0,1,0,0,0,0,1,1,0,1,1,1,0.596040
1,1,1,1,1,1,1,0,0,0,1,1,0,0,1,0,0,0,0,1,0,0,1,0,1,0,1,0,0,1,1,1,0.602916
1,0,1,1,1,1,0,1,0,0,1,1,1,0,0,0,1,0,0,1,0,0,0,1,1,0,1,0,1,0,0,0,0.596994
1,1,1,1,1,1,0,0,1,0,0,1,1,0,1,1,1,1,0,0,0,0,0,1,0,1,1,1,0,0,1,1,0.594760
0,0,1,1,0,0,1,1,0,0,1,1,1,1,0,1,1,0,1,0,0,0,0,1,1,0,1,1,1,0,0,0,0.600683
1,1,1,1,1,1,1,1,0,1,1,0,0,1,0,0,1,0,1,1,0,0,1,0,0,1,0,1,0,0,1,1,0.600281
0,1,0,1,0,0,1,0,1,0,0,0,1,0,0,1,1,1,0,1,0,1,0,0,1,1,1,1,0,0,1,0,0.600934
0,0,0,1,0,0,0,0,1,1,1,0,0,0,0,0,1,0,0,0,1,0,1,0,0,0,1,1,0,0,1,0,0.592225
0,1,0,1,0,0,1,1,1,1,0,1,0,0,1,1,1,0,0,0,0,0,0,0,1,0,0,1,0,0,1,0,0.603318
0,0,0,0,1,0,1,1,0,0,1,1,0,0,1,0,1,1,1,1,1,0,1,0,1,0,1,1,0,0,1,1,0.601461
0,0,0,0,1,1,1,0,1,1,0,0,0,0,1,1,1,0,0,1,0,1,1,1,1,0,1,1,0,1,1,0,0.593530
0,0,0,1,1,1,0,1,1,1,1,1,1,0,0,0,0,0,1,1,0,1,0,0,0,1,0,0,0,0,1,1,0.595287
1,0,1,1,1,0,0,0,0,1,0,0,1,0,1,1,1,1,0,0,0,0,0,0,1,0,0,1,0,0,0,1,0.603318
0,1,0,0,0,0,1,1,0,0,1,1,1,1,0,0,1,1,1,1,1,0,1,0,0,0,1,0,1,1,1,1,0.601536
0,0,0,1,0,1,0,0,1,1,0,1,1,0,1,1,1,0,0,1,0,0,0,0,0,0,0,0,0,1,1,1,0.596341
1,0,0,1,0,0,1,1,1,0,1,1,0,1,0,1,0,1,0,1,1,0,0,0,0,1,0,0,0,0,1,0,0.598826
1,1,1,0,1,1,1,1,0,0,1,0,1,1,0,0,1,0,0,0,1,0,1,1,1,1,0,1,0,0,0,0,0.599729
1,0,1,1,0,1,1,1,0,1,0,1,1,1,0,0,0,1,1,0,1,0,0,1,1,1,1,1,1,1,1,1,0.579879
0,1,1,0,1,1,1,1,1,0,0,1,0,1,1,0,1,1,0,0,0,1,0,0,0,0,0,1,0,0,0,0,0.602690
0,0,0,0,1,0,0,1,1,0,0,0,0,0,1,1,1,1,0,0,0,1,0,0,1,0,1,0,1,1,0,1,0.591849
1,1,1,1,1,1,0,0,0,0,0,1,0,1,1,1,0,0,1,1,0,1,0,1,1,1,1,1,1,0,0,0,0.601410
0,1,0,0,1,0,0,0,0,1,1,1,0,0,0,0,0,1,1,0,1,1,1,0,1,1,0,1,0,1,1,1,0.601385
0,0,0,1,0,0,1,1,1,0,0,1,1,0,0,0,0,1,1,0,1,0,1,1,0,1,0,0,1,0,1,0,0.597044
1,0,0,0,1,1,0,0,1,0,0,1,0,0,0,1,0,0,0,0,0,0,1,1,0,1,0,1,1,0,0,0,0.597772
1,1,1,1,0,0,1,1,0,0,0,0,0,1,1,0,1,0,0,0,0,1,1,0,0,0,0,0,0,1,1,1,0.599051
0,0,1,0,0,0,1,1,0,0,1,1,0,1,0,1,0,0,1,1,0,0,1,0,1,0,0,0,0,1,1,0,0.598173
1,0,0,0,1,0,0,0,1,1,0,0,0,0,1,1,1,1,1,1,1,1,1,1,0,0,1,1,0,0,1,0,0.599528
0,1,1,0,1,1,1,0,0,0,0,0,1,1,1,1,1,1,0,1,0,0,0,1,1,0,0,0,1,1,0,0,0.574885
0,0,0,1,1,0,0,0,0,0,1,1,1,0,1,0,1,0,0,1,0,1,1,1,0,0,0,0,1,0,1,0,0.575161
1,1,0,0,0,0,0,1,0,0,0,0,1,1,0,1,1,1,1,0,1,0,0,1,1,0,0,0,1,0,1,0,0.605526
1,0,0,1,1,0,0,1,1,1,0,1,1,0,1,1,1,0,1,1,1,1,0,1,1,1,1,1,1,0,0,1,0.578373
1,0,1,1,1,0,1,0,1,0,0,1,1,0,1,0,1,1,0,1,0,1,0,1,1,0,0,1,0,1,1,0,0.598951
0,0,0,1,0,0,1,1,1,1,0,1,1,1,1,0,0,0,0,1,1,1,1,1,0,0,0,1,0,0,1,0,0.595864
0,0,0,0,0,0,1,0,1,0,1,0,1,1,1,1,1,1,0,1,1,0,0,0,0,0,0,0,0,0,0,0,0.598022
1,1,1,0,1,1,0,0,1,0,1,0,0,0,1,0,1,1,0,0,1,1,1,1,0,0,0,1,0,0,0,0,0.572325
1,1,0,1,1,1,1,1,1,0,0,1,1,0,0,1,0,0,1,0,1,1,1,1,0,1,1,1,1,1,1,1,0.539701
0,1,0,0,1,1,0,0,1,0,0,1,1,1,0,0,1,0,1,0,1,0,1,1,1,0,1,0,1,1,1,1,0.599578
0,0,1,1,0,1,1,0,0,1,1,1,1,0,0,0,1,1,0,1,1,1,0,1,1,1,0,1,1,1,0,1,0.591473
0,1,1,1,0,1,1,0,0,1,0,0,1,0,0,0,1,1,1,1,1,0,0,0,1,0,0,0,1,0,1,1,0.601912
0,1,0,0,0,1,0,1,0,0,0,1,1,1,0,1,0,1,1,0,1,0,1,1,0,0,0,1,0,0,0,0,0.587407
1,1,0,0,1,1,0,1,1,0,1,1,0,0,0,1,0,0,1,1,0,1,1,1,0,1,0,0,1,0,1,0,0.600482
1,1,1,1,1,1,0,0,0,1,1,1,1,1,1,0,1,1,0,1,0,1,1,1,1,0,0,1,0,1,0,1,0.592351
0,1,1,0,1,0,0,0,0,0,0,0,1,1,1,1,0,0,1,1,1,1,1,0,0,0,1,0,0,0,0,1,0.590419
0,1,1,1,0,1,1,1,0,1,1,1,0,0,0,0,0,1,0,0,0,1,1,0,0,0,0,0,0,1,1,1,0.603192
0,0,1,0,1,0,0,0,0,0,1,1,0,0,0,0,0,1,0,1,0,1,1,1,1,0,1,0,1,0,0,0,0.584973
1,1,1,0,1,1,0,0,1,1,1,0,0,0,1,0,1,1,0,1,0,1,0,0,1,0,1,0,1,0,1,1,0.595889
1,0,1,1,0,1,0,1,0,0,0,1,0,0,1,1,0,1,1,0,1,0,0,0,1,1,1,1,0,1,1,0,0.596165
0,0,0,0,0,1,1,0,0,0,0,0,1,0,0,0,0,1,0,0,0,1,0,1,0,1,1,0,0,0,0,0,0.544193
1,1,1,1,0,0,0,0,0,0,1,0,1,1,0,0,1,1,0,1,1,0,1,0,1,0,1,1,1,0,0,0,0.603920
0,0,0,1,0,1,0,0,1,0,1,0,1,0,0,0,0,0,1,0,1,1,1,0,1,0,1,1,0,1,0,1,0.591623
0,0,0,1,0,1,0,1,1,0,1,1,1,1,1,1,0,0,0,0,0,1,0,1,1,0,1,1,0,0,0,1,0.600030
1,0,0,1,0,1,1,0,0,1,1,1,1,0,1,1,1,0,1,1,1,1,0,0,0,1,1,0,0,1,0,1,0.595061
1,0,1,1,1,1,1,0,1,0,0,0,1,1,0,0,0,0,0,1,1,0,0,0,1,0,0,0,0,1,1,0,0.595764
1,1,0,0,0,0,0,0,0,1,0,1,1,1,1,1,1,1,1,0,1,1,0,1,1,0,0,1,1,0,1,0,0.600783
1,0,1,1,0,0,0,1,1,0,0,1,1,1,0,0,0,1,1,1,1,0,1,1,0,0,0,0,1,0,0,0,0.601034
0,1,0,1,1,1,1,0,0,0,1,0,1,1,1,0,0,0,0,1,0,0,0,1,0,1,1,0,1,0,1,0,0.592175
1,0,0,1,1,0,0,0,0,0,0,0,1,0,1,0,1,1,0,0,0,0,0,1,1,1,0,1,1,0,1,0,0.602791
0,1,0,1,1,1,0,1,1,0,1,1,0,1,1,0,1,0,0,1,0,1,0,0,1,0,0,0,1,0,1,0,0.599453
1,0,1,0,1,1,1,1,0,0,1,1,1,1,1,1,1,0,1,1,0,1,0,1,1,1,0,0,0,1,0,0,0.594258
0,1,1,0,1,0,0,0,0,0,1,1,0,0,1,1,0,0,0,1,0,0,0,1,0,1,0,1,0,0,1,0,0.592953
0,0,0,0,0,1,0,0,1,0,1,1,1,1,0,1,1,0,1,1,0,0,0,0,0,1,1,1,1,1,1,1,0.599152
0,1,1,1,0,1,1,1,1,1,0,1,0,0,1,0,1,1,0,0,0,0,1,1,0,1,0,1,1,0,1,1,0.600557
1,0,0,0,1,0,1,0,1,0,0,0,0,0,0,0,0,1,0,1,1,0,1,1,1,1,0,0,0,0,0,1,0.599679
0,1,1,0,0,1,1,1,1,1,0,0,0,0,0,0,1,0,0,0,0,0,0,0,1,1,0,0,0,0,1,0,0.607182
0,0,0,1,0,0,1,0,0,0,1,0,1,0,0,0,0,0,0,0,1,1,1,0,1,0,0,1,0,1,0,0,0.549789
0,0,0,0,1,0,0,1,1,1,1,0,0,1,1,0,1,1,1,1,0,1,0,1,0,1,1,0,1,1,0,1,0.593957
0,0,1,0,0,1,0,0,1,1,1,0,0,0,0,1,1,0,1,1,1,1,1,0,0,1,0,0,0,1,0,0,0.601762
1,1,1,1,0,1,0,1,0,1,1,0,1,0,0,1,0,1,0,1,1,1,0,1,1,1,1,1,1,0,0,1,0.594434
1,1,1,1,0,1,1,0,0,0,0,1,0,1,0,1,0,1,1,0,1,1,0,0,1,0,1,0,0,0,0,1,0.606053
1,1,1,1,1,0,0,0,1,1,1,1,1,0,1,1,1,0,0,1,0,1,0,1,0,0,1,0,1,0,1,0,0.599102
1,1,1,1,1,1,1,1,0,0,1,0,0,1,1,1,1,0,1,1,1,0,0,0,1,0,1,0,1,1,0,0,0.574533
0,1,0,0,1,1,1,0,1,1,0,1,1,1,1,0,0,1,1,0,0,1,0,0,1,1,0,1,0,1,1,0,0.597746
1,1,1,1,0,1,1,0,1,1,0,0,0,0,0,1,1,0,1,0,1,1,1,1,0,0,1,0,1,1,0,1,0.589289
0,0,1,1,1,1,1,1,1,0,0,1,1,1,1,0,0,1,0,0,0,0,0,1,1,0,1,0,1,1,1,1,0.569037
0,0,0,0,0,1,0,0,0,1,1,1,0,0,1,1,0,0,1,0,0,0,0,1,1,0,1,1,1,1,1,0,0.574834
1,1,1,0,1,0,1,0,0,1,1,1,0,0,0,0,0,1,0,1,0,0,1,1,1,1,1,1,1,1,0,0,0.601812
1,0,1,1,0,1,0,0,1,1,1,1,0,1,1,1,0,0,1,1,0,0,0,1,0,1,0,0,0,1,0,1,0.598826
1,0,1,1,1,1,0,0,1,0,0,1,1,0,0,0,1,1,1,1,1,1,1,1,0,1,0,1,0,1,1,1,0.583919
1,0,0,1,0,1,1,1,1,0,1,0,0,0,0,0,1,0,0,1,0,0,1,1,0,1,1,1,1,1,1,0,0.599001
0,1,1,0,1,0,1,0,0,0,1,1,1,1,0,0,0,1,0,0,0,1,0,0,1,0,1,0,1,1,1,0,0.601134
0,1,1,1,0,0,1,0,1,1,0,1,0,1,0,1,1,0,0,0,1,0,0,1,0,0,0,0,0,0,1,1,0.601435
1,1,1,0,1,1,1,0,0,0,1,1,1,0,1,0,0,1,1,0,1,0,1,0,0,0,1,1,0,0,0,0,0.593832
0,1,1,0,0,0,1,1,1,0,1,1,0,1,0,1,1,1,0,0,0,1,1,1,0,1,0,0,0,1,0,1,0.602138
0,0,1,0,0,0,1,1,1,0,0,1,1,0,1,0,0,1,0,1,0,0,0,1,1,1,0,1,0,0,1,1,0.598123
0,0,0,1,0,1,0,1,0,1,1,1,1,0,1,0,0,0,0,0,0,1,0,1,0,1,0,0,1,1,1,0,0.567456
0,1,1,0,0,0,0,0,1,1,1,1,1,0,1,0,1,1,1,1,1,1,1,0,0,0,1,0,1,0,1,1,0.606680
0,1,1,1,1,1,0,0,1,0,1,0,1,0,1,0,0,0,0,0,1,1,0,1,1,0,1,0,0,0,1,1,0.598524
0,1,1,0,0,0,1,1,1,1,1,1,0,0,1,1,1,1,1,0,1,1,0,0,1,0,1,1,1,0,0,1,0.596517
0,0,0,0,1,0,1,1,0,0,1,1,1,1,1,1,1,0,0,1,0,0,1,1,0,1,1,1,1,0,0,1,0.583693
1,0,1,0,1,0,1,1,1,0,1,0,0,0,0,0,0,0,1,1,1,1,1,0,0,1,1,0,0,0,1,1,0.607007
0,0,0,0,1,0,0,0,0,0,1,0,1,0,1,0,0,1,1,0,1,0,1,0,0,1,1,1,0,1,1,1,0.563265
1,1,0,1,0,1,1,0,1,1,1,0,1,0,0,0,1,0,1,0,0,1,0,0,1,0,1,0,0,0,1,1,0.605024
1,0,1,0,0,0,0,0,1,0,1,1,1,1,1,0,1,1,0,0,1,0,1,0,1,1,0,0,1,0,1,1,0.606931
1,0,0,0,1,1,1,1,1,0,1,0,0,0,1,0,1,0,0,0,0,0,1,1,0,0,1,1,0,0,1,0,0.554457
0,0,0,1,0,1,1,1,0,0,1,0,0,0,1,1,1,1,0,0,0,1,1,1,1,1,0,1,0,1,0,0,0.594534
0,1,1,0,0,0,1,1,1,0,1,1,0,0,0,1,1,0,0,1,1,1,1,1,1,0,1,0,1,0,1,1,0.577620
1,1,1,0,1,1,1,0,1,1,0,1,1,0,0,1,1,1,1,0,1,1,0,0,1,1,1,0,1,1,1,0,0.601285
1,0,1,0,0,0,1,0,0,1,0,1,0,0,1,1,0,0,0,1,1,1,1,0,1,1,1,0,1,0,0,0,0.603920
1,1,1,1,0,1,1,0,1,0,0,0,0,1,0,1,1,1,0,1,1,0,0,0,1,0,0,0,0,1,1,0,0.604723
1,1,0,0,1,1,1,0,1,1,1,0,0,1,1,0,0,1,1,1,1,1,0,1,1,1,0,0,1,0,1,1,0.589089
1,0,0,1,1,1,1,1,1,0,0,0,0,0,1,1,1,0,1,0,1,0,1,1,0,0,0,0,1,0,0,0,0.599829
0,1,0,0,1,0,1,0,1,1,1,1,0,1,1,0,1,1,1,1,1,0,1,1,0,0,0,1,1,1,0,1,0.599880
0,0,0,0,1,0,1,0,0,1,0,0,0,1,0,0,0,1,0,1,1,0,0,1,1,0,0,0,1,1,1,0,0.552901
0,0,1,0,1,1,1,0,0,1,0,0,1,0,1,1,0,1,1,0,0,0,1,1,1,1,0,0,0,1,0,1,0.588737
1,0,0,0,0,0,0,0,0,0,0,0,1,0,0,1,0,0,1,0,0,1,1,1,1,0,1,1,0,1,1,0,0.597847
1,1,1,1,0,1,1,0,1,0,0,1,0,1,0,0,0,0,0,0,1,0,0,0,1,1,1,1,1,0,1,1,0.602213
1,1,1,1,1,1,1,1,1,1,1,1,0,1,1,1,1,1,1,0,0,0,0,0,0,1,1,1,0,0,1,1,0.594083
1,1,1,1,1,0,1,0,1,1,1,0,0,1,0,1,0,0,0,1,1,0,0,0,0,0,1,0,1,1,0,0,0.604748
1,1,0,1,0,1,0,1,0,0,0,0,1,0,0,1,0,0,0,1,0,1,0,1,0,0,0,1,1,0,0,0,0.597797
1,0,1,1,0,1,0,1,1,1,0,1,0,0,0,0,1,0,0,0,1,0,0,0,1,1,0,0,0,1,1,1,0.604472
0,0,0,0,1,1,1,0,1,1,1,1,0,1,0,1,1,0,0,1,0,0,0,0,1,1,0,1,0,1,1,0,0.600683
0,1,0,1,0,1,0,1,1,0,0,0,0,0,0,0,1,1,0,0,0,0,1,1,1,0,0,0,0,0,1,1,0.598048
1,1,1,0,1,0,1,1,1,1,1,0,1,0,0,1,0,0,1,1,1,0,1,0,0,1,1,0,1,1,1,0,0.593806
1,1,0,0,1,0,1,0,1,0,1,0,1,1,0,1,1,0,0,1,0,1,1,0,1,1,0,0,1,0,0,1,0.609792
1,1,1,1,0,0,0,0,0,0,1,1,0,0,1,0,0,1,0,0,1,0,0,0,1,1,0,1,0,0,1,1,0.603518
0,0,0,0,0,1,0,1,0,0,1,1,1,1,0,1,1,1,1,0,0,1,0,0,0,1,0,1,1,0,1,1,0.599428
1,1,1,0,1,0,1,1,0,1,0,1,0,0,0,0,1,0,0,1,0,1,0,1,0,0,1,1,0,1,0,1,0.602966
0,0,0,0,0,0,0,0,1,1,1,1,1,1,1,1,1,0,0,1,0,1,1,1,0,0,0,0,0,1,1,0,0.596341
1,0,0,1,0,1,0,1,0,1,1,1,0,1,1,0,0,0,1,0,0,1,1,1,1,1,1,1,1,1,1,1,0.567256
0,0,0,0,0,1,0,0,1,1,0,0,1,0,0,0,0,1,1,0,1,1,1,0,1,1,0,0,1,0,1,1,0.597797
1,0,0,0,0,0,0,1,1,0,1,1,0,0,0,0,1,1,1,0,1,0,1,1,0,0,0,1,1,1,0,1,0.605375
1,0,1,1,0,0,1,1,1,0,1,1,0,1,0,1,0,1,1,0,0,0,1,0,1,0,0,1,0,1,0,1,0.603594
0,1,1,1,1,0,1,1,1,1,0,0,0,0,0,0,1,1,0,0,1,1,1,0,1,1,0,0,1,1,0,1,0.610194
0,1,0,1,1,1,0,0,1,1,1,0,0,1,1,0,1,0,1,0,0,0,0,0,1,1,0,0,1,0,1,1,0.600130
0,1,1,0,0,0,0,0,1,1,0,0,0,0,0,1,0,1,0,0,1,1,1,1,0,0,1,0,0,1,1,0,0.602565
0,1,0,1,1,0,1,0,1,1,0,1,1,0,0,1,0,0,1,0,1,0,0,0,1,1,1,0,1,0,1,1,0.599503
0,1,1,0,0,1,0,0,0,0,0,1,0,0,0,0,1,0,1,0,1,0,0,0,1,1,0,0,1,0,0,0,0.599302
1,0,1,1,0,0,0,1,1,0,1,1,0,1,0,0,0,0,1,1,0,0,0,0,1,0,1,1,1,1,1,0,0.596768
1,1,1,0,1,1,1,1,1,1,0,1,0,1,0,1,1,0,1,0,0,1,0,0,1,1,1,0,0,0,1,0,0.599553
0,1,1,0,1,1,1,0,0,1,1,1,0,1,1,0,1,0,1,1,0,1,0,1,1,0,0,0,0,0,0,1,0.601762
0,1,0,0,1,0,0,0,1,0,1,1,1,1,1,0,0,1,1,0,1,1,1,0,1,0,1,1,0,0,0,1,0.599277
1,0,1,1,0,1,1,0,1,0,0,1,0,1,1,0,0,1,1,1,1,0,1,0,0,1,0,1,1,1,1,0,0.599152
1,1,1,1,1,0,1,1,0,1,1,1,1,0,1,0,1,1,0,0,1,0,0,0,1,0,0,1,1,0,1,1,0.599779
0,1,1,0,0,1,0,0,0,1,0,1,1,1,1,1,0,0,1,0,0,1,0,0,1,1,1,1,0,0,1,1,0.604899
0,0,0,1,0,0,1,1,1,1,0,0,1,1,0,0,1,1,1,1,1,0,0,0,1,0,1,0,1,0,0,1,0.600482
0,0,1,1,0,1,1,1,1,0,1,0,1,0,1,1,0,0,0,0,0,1,0,0,1,0,0,0,0,1,0,1,0.591799
0,1,1,1,1,1,1,1,1,1,1,0,1,1,1,1,1,1,1,0,0,0,1,1,0,0,0,1,0,1,0,1,0.590193
0,1,1,1,0,1,0,1,1,0,1,1,0,1,1,0,0,1,1,1,1,1,0,1,1,1,1,0,0,1,1,0,0.600708
0,1,0,0,1,1,0,0,1,1,1,1,1,0,1,0,1,0,1,0,1,0,1,0,1,0,1,1,0,1,0,0,0.599905
0,0,0,0,0,0,1,0,1,1,0,0,0,0,1,1,1,0,0,1,0,1,0,1,1,0,0,1,0,1,0,0,0.595463
1,0,1,1,1,0,0,1,1,1,0,0,0,1,0,1,0,1,1,1,0,1,0,0,1,0,0,0,0,1,0,1,0.594534
1,0,0,0,0,0,1,0,1,1,1,1,0,1,1,0,0,1,0,0,0,0,1,1,1,1,1,1,0,0,0,1,0.603694
0,0,0,1,0,0,1,0,1,0,0,0,0,1,0,1,0,0,1,1,1,0,0,1,0,0,0,1,1,1,1,1,0.574107
0,1,1,1,1,1,0,0,1,0,0,0,1,1,0,0,0,1,1,0,0,0,1,1,0,1,0,1,1,1,1,1,0.595387
0,0,0,1,1,1,1,1,1,0,1,0,1,1,0,1,1,0,0,1,0,1,0,1,1,0,0,1,1,1,0,1,0.587984
1,1,0,0,0,0,0,1,1,1,1,1,0,1,1,0,1,1,0,1,0,1,1,1,0,1,1,1,1,1,0,1,0.578047
0,1,0,0,1,1,0,1,1,1,1,0,1,0,1,0,1,1,0,1,1,0,1,1,0,0,0,0,0,1,0,1,0.588737
0,0,0,0,0,0,1,1,1,1,1,0,0,0,0,1,0,0,1,1,1,0,1,0,1,1,0,0,1,1,1,1,0.582037
0,0,0,0,1,1,1,0,0,1,0,0,1,1,1,0,1,0,1,0,0,1,1,1,1,1,0,0,1,0,1,1,0.597671
1,1,0,1,0,0,0,1,1,0,0,0,0,1,1,0,1,1,0,0,1,0,1,1,1,0,0,1,1,0,1,0,0.606530
1,0,1,1,0,1,1,0,0,0,1,1,1,0,1,0,0,0,1,0,1,0,1,1,0,1,0,0,1,1,0,1,0.599754
1,1,1,1,1,0,1,1,1,1,0,1,1,0,1,0,0,0,0,1,0,1,0,0,1,0,1,0,1,1,0,0,0.592175
1,0,0,0,0,0,1,0,0,0,0,1,0,1,1,0,1,1,0,1,1,0,0,1,1,1,1,1,0,1,0,1,0.597571
1,0,0,1,1,1,1,0,1,0,0,0,0,0,0,0,1,1,0,1,1,0,1,1,0,1,0,1,0,1,1,0,0.587156
1,1,0,0,0,1,0,1,0,0,1,0,0,1,0,0,1,0,0,1,0,1,1,0,0,0,1,1,0,0,1,1,0.602013
1,1,0,1,0,1,1,0,1,0,0,1,0,0,0,0,0,0,0,0,1,0,1,0,0,0,0,1,0,1,1,1,0.599327
1,1,0,1,0,1,0,1,1,1,0,1,1,1,0,1,0,0,0,0,1,0,0,0,0,0,1,1,0,1,0,1,0.601461
0,0,1,1,0,1,0,0,0,0,0,1,1,1,0,0,0,1,1,1,1,0,0,1,1,0,1,0,0,0,1,0,0.601034
1,1,0,0,1,1,0,0,0,1,0,1,0,1,1,0,0,1,0,1,0,0,1,1,1,0,1,0,0,1,0,1,0.598826
0,1,1,0,0,1,1,1,1,0,1,1,0,1,1,1,0,1,0,1,1,0,0,1,0,0,0,1,1,1,0,1,0.593154
0,1,1,1,1,1,0,0,0,0,1,1,0,1,1,0,0,0,0,1,1,1,1,0,1,1,1,1,0,1,0,0,0.605651
0,0,1,0,1,1,1,0,1,0,0,1,1,0,1,0,0,0,0,0,0,0,0,1,0,0,1,1,1,1,0,0,0.538848
1,1,1,0,1,0,0,0,1,0,0,0,1,0,0,0,1,1,0,0,0,0,0,1,0,1,0,0,1,1,1,0,0.609943
0,1,1,0,1,1,1,1,1,0,1,0,0,0,0,0,0,0,0,0,0,1,1,0,0,1,0,0,0,1,0,0,0.605275
0,0,1,0,0,0,0,0,0,0,0,1,1,1,0,1,1,1,0,1,0,1,1,0,0,0,1,0,1,1,0,0,0.592627
1,0,1,0,1,1,0,0,1,1,0,1,0,0,1,0,1,0,0,1,1,0,0,1,0,1,1,1,0,1,0,0,0.599277
0,1,0,0,1,0,0,0,0,0,0,0,0,1,0,1,0,0,0,0,1,1,0,0,1,1,1,0,1,1,0,1,0.559401
0,0,0,0,0,1,0,1,1,0,0,1,1,1,0,1,0,1,0,1,0,1,0,1,1,0,1,0,0,1,1,0,0.593581
0,1,0,1,1,0,0,1,0,1,0,1,0,0,1,1,0,1,0,0,1,1,1,1,0,0,1,0,0,0,0,1,0.597295
0,1,0,1,0,1,0,0,1,1,0,1,1,1,1,1,1,0,1,1,1,0,1,0,0,1,1,0,0,0,1,1,0.598675
1,1,1,1,1,1,0,0,0,0,0,0,0,0,0,1,1,1,0,1,0,1,1,0,0,0,1,1,1,0,0,0,0.588260
1,0,1,0,0,0,1,1,0,0,0,1,1,1,0,0,1,0,0,0,0,1,0,1,1,0,0,0,1,1,0,0,0.607107
0,0,1,0,0,0,1,0,0,1,0,0,1,0,1,0,1,0,1,1,1,0,1,1,1,0,1,1,0,1,1,0,0.601937
0,1,1,0,1,0,1,1,0,1,0,0,0,0,1,1,1,0,1,0,0,1,1,0,1,1,1,1,1,0,1,0,0.601812
0,0,1,0,0,0,1,0,1,1,1,1,0,1,0,0,0,0,0,1,0,0,1,0,1,0,1,1,1,1,1,1,0.600582
0,1,0,0,0,0,1,1,0,0,0,1,1,0,1,1,0,1,1,0,0,1,0,1,1,0,0,1,0,1,0,1,0.587407
1,1,1,0,1,0,0,0,1,1,0,1,1,1,0,1,0,1,0,0,0,1,1,0,0,0,1,1,0,0,1,1,0.602389
0,0,1,0,0,0,0,0,1,0,0,1,1,0,0,1,0,1,1,0,1,1,1,1,1,0,0,0,1,0,0,0,0.600030
1,0,0,0,0,1,0,1,1,1,0,0,0,1,1,0,0,0,1,0,1,0,0,0,1,0,1,0,0,0,0,1,0.595061
0,1,0,0,0,1,0,0,0,1,1,1,1,1,0,0,1,0,0,0,0,0,0,0,1,0,0,0,0,0,1,1,0.591021
1,1,1,1,0,1,1,1,1,0,1,0,1,0,0,0,1,1,1,1,0,0,0,1,0,0,0,0,0,0,1,1,0.603117
0,0,1,0,1,0,0,1,0,0,1,0,0,0,0,1,1,1,0,1,0,0,1,1,1,1,1,1,1,0,1,0,0.601737
0,1,0,1,1,1,0,0,0,0,1,1,1,1,0,0,1,0,1,1,1,0,1,0,0,0,0,1,1,1,1,1,0.598374
1,1,1,1,1,0,0,0,0,1,1,0,1,1,1,1,1,1,1,1,0,0,1,1,1,0,0,0,0,1,1,0,0.589465
0,0,1,0,0,1,1,1,1,0,0,1,0,0,1,1,1,0,0,0,1,0,0,0,1,1,0,0,0,1,1,0,0.595362
1,1,1,0,0,1,0,0,1,0,1,1,0,1,0,1,1,1,0,1,0,0,0,1,1,1,1,1,1,1,1,0,0.601586
1,1,1,0,1,1,1,0,0,0,1,1,0,0,0,0,1,0,1,0,0,1,0,1,0,0,0,0,1,0,0,0,0.598750
1,0,1,1,0,1,0,1,1,0,1,1,1,0,0,0,1,1,0,0,1,1,0,0,1,0,1,1,1,1,1,0,0.598650
0,0,1,1,1,1,1,0,1,0,0,1,0,0,0,1,1,0,0,1,1,0,1,0,0,0,1,0,0,1,1,1,0.599804
0,1,1,1,1,0,0,0,0,0,0,0,1,0,1,0,1,1,1,0,0,1,1,0,1,1,1,1,1,1,0,0,0.602188
1,0,1,1,0,1,1,1,1,0,0,0,1,0,0,1,0,1,1,0,1,0,1,0,1,1,0,0,1,1,0,1,0.601536
1,1,1,1,1,0,0,1,1,1,0,0,1,0,0,1,0,1,1,0,0,0,1,0,0,1,1,1,0,1,0,1,0.601636
0,0,1,1,1,0,1,1,1,1,1,1,0,1,0,0,1,0,1,0,0,1,0,0,0,1,0,0,1,0,0,0,0.601862
1,0,1,0,1,1,0,1,1,0,0,0,1,1,0,0,1,1,0,1,0,1,0,1,1,1,0,0,1,1,0,0,0.601561
0,1,0,1,0,0,1,1,1,1,1,1,1,0,1,1,0,1,0,0,0,1,0,0,1,0,0,1,1,0,0,0,0.601536
1,1,0,0,1,0,0,0,1,1,0,1,1,1,1,1,0,1,0,1,0,1,1,1,0,0,1,0,0,1,1,0,0.590117
1,1,1,0,0,0,1,0,0,0,1,0,1,1,0,0,0,0,0,1,1,0,1,1,1,0,1,0,1,1,1,1,0.599528
0,1,0,1,1,0,1,1,1,0,1,1,0,0,1,0,0,1,0,0,1,1,0,0,1,1,0,0,1,1,0,0,0.594986
1,1,0,0,1,1,1,0,0,0,0,0,0,1,0,0,1,1,1,0,1,0,1,0,0,0,1,0,1,0,1,1,0.600908
1,1,0,0,0,1,1,0,0,0,0,1,1,1,1,1,0,1,0,1,0,1,1,1,0,0,0,1,0,1,0,0,0.599378
0,0,0,0,0,0,1,0,0,0,1,0,1,1,1,0,1,0,1,1,0,1,1,0,1,1,1,1,1,0,0,1,0.599001
1,0,1,0,0,0,0,0,1,1,0,1,1,1,1,1,1,0,0,1,1,1,1,1,0,0,0,0,0,0,0,0,0.599403
1,1,1,0,1,1,1,1,1,0,1,1,1,1,1,0,1,0,0,0,0,1,1,1,0,0,1,1,0,0,0,0,0.595011
1,0,0,0,1,1,0,1,0,0,0,1,0,0,0,1,1,1,0,1,1,0,1,1,0,0,0,1,1,0,0,1,0.583442
0,0,1,1,1,0,1,0,0,0,1,1,0,0,1,0,1,0,0,0,0,1,0,0,0,1,0,0,0,1,1,1,0.599478
1,0,1,1,1,0,1,0,1,0,1,1,0,1,1,1,1,0,0,0,0,1,0,1,0,0,0,1,1,1,0,1,0.593179
0,1,1,0,0,0,1,0,0,1,0,0,0,0,1,1,0,1,1,1,0,0,1,1,0,1,1,0,0,1,0,0,0.604798
1,1,1,1,0,1,0,0,0,0,1,1,1,1,0,0,1,1,1,0,0,0,0,0,0,0,0,0,0,0,1,1,0.600934
0,1,0,1,1,1,1,1,1,0,1,0,0,0,1,1,1,1,1,1,1,0,0,0,0,1,1,0,0,1,1,0,0.599955
1,1,0,1,1,1,0,0,1,0,0,0,0,0,1,0,0,1,1,0,1,0,0,0,0,1,0,1,1,0,1,1,0.600582
0,1,0,0,0,0,0,1,1,1,0,1,1,1,1,1,1,0,1,0,1,1,0,0,1,1,1,1,1,0,1,0,0.601737
0,1,1,0,0,1,1,1,0,1,1,1,1,0,0,0,0,1,0,1,1,0,0,0,0,0,0,1,0,1,1,0,0.601962
1,0,0,1,0,0,0,1,1,0,1,1,0,0,1,1,1,1,0,0,0,1,1,1,0,1,0,1,1,0,1,0,0.597295
1,0,0,1,1,0,1,0,0,0,1,0,0,0,1,0,0,0,0,0,0,0,1,1,0,0,0,1,0,1,1,1,0.541658
1,0,0,1,0,0,1,1,0,1,1,0,0,0,1,0,0,1,0,1,0,0,1,0,0,0,1,0,0,0,0,1,0.600708
1,1,1,0,0,0,1,0,0,1,0,0,0,1,1,1,1,1,1,0,1,1,0,0,1,0,1,0,1,1,0,1,0.603493
1,1,1,0,0,0,1,1,1,1,1,1,1,1,0,1,1,0,1,1,1,1,0,0,1,0,0,1,0,0,0,0,0.597972
1,1,1,0,1,1,0,1,1,1,1,0,0,1,0,1,1,0,0,1,0,0,0,0,0,0,0,0,1,1,1,0,0.602063
0,1,1,1,1,1,1,0,0,1,1,1,1,0,0,0,1,1,1,0,0,1,1,1,1,0,1,1,1,1,1,0,0.599729
1,0,0,0,0,0,1,0,1,1,1,1,1,0,0,0,0,0,0,1,0,0,0,1,0,0,0,1,1,0,0,0,0.596918
0,1,1,1,0,0,1,0,1,1,1,0,0,0,1,0,1,0,1,1,1,0,1,0,0,0,0,0,1,1,0,0,0.601059
0,0,1,1,0,1,1,0,0,1,0,1,0,0,1,0,0,1,0,1,1,0,1,1,1,1,0,0,0,0,1,1,0.599403
1,1,0,1,1,1,1,1,0,1,1,0,1,1,1,0,0,0,1,0,1,0,1,1,1,0,1,0,1,1,0,1,0.578473
0,0,1,1,0,1,0,0,1,0,0,0,0,0,1,1,0,0,1,1,0,1,1,0,0,0,1,0,0,1,0,0,0.602941
0,1,0,0,0,1,1,0,1,0,0,0,1,1,0,0,0,0,1,1,1,1,1,1,1,0,1,0,1,0,0,0,0.598223
1,1,0,0,1,1,1,0,0,0,1,0,0,1,0,1,0,1,0,1,0,0,0,1,0,1,0,1,1,1,1,0,0.602791
0,0,0,0,0,1,0,0,0,1,1,0,1,0,0,0,1,0,0,0,0,0,0,0,0,1,0,0,1,0,1,1,0.575110
0,1,1,1,1,1,0,1,1,1,1,0,0,1,0,0,1,0,0,1,1,1,0,0,1,0,0,0,1,0,0,1,0.599277
1,0,0,0,1,0,0,0,0,0,0,0,1,0,0,1,0,0,1,0,1,1,0,1,1,1,0,0,1,1,0,0,0.592878
1,1,0,1,1,0,1,1,1,0,1,1,1,1,0,1,1,1,0,0,1,1,1,0,0,0,1,0,0,1,1,1,0.585550
1,1,0,1,0,0,0,1,1,0,0,1,1,0,1,0,1,1,1,0,1,0,1,0,0,1,1,0,1,0,0,1,0.602866
0,0,0,1,0,0,1,0,1,0,0,0,0,0,1,1,0,0,0,1,0,0,0,1,1,0,0,1,1,0,0,0,0.579126
1,0,1,1,0,0,1,0,1,0,0,1,0,0,0,0,0,0,1,1,1,0,1,0,0,0,0,1,1,1,0,0,0.600833
0,1,0,1,0,1,1,0,1,1,1,0,1,0,0,1,0,1,0,0,0,0,1,1,0,0,1,1,1,1,1,0,0.580380
0,0,1,1,1,0,1,1,0,1,0,0,1,0,0,1,0,0,0,0,1,0,0,1,1,1,0,0,0,0,1,0,0.593806
0,0,0,1,0,1,1,1,0,1,1,1,1,0,0,1,1,0,1,1,1,1,1,0,1,0,0,0,0,0,0,0,0.602013
0,0,1,0,1,1,0,0,0,1,0,0,1,1,0,0,1,0,0,0,0,1,1,0,0,0,1,0,1,1,1,1,0.598675
0,0,1,0,1,1,1,1,0,0,1,1,0,1,1,1,0,1,1,1,0,0,1,1,0,0,0,0,0,0,0,0,0.585224
0,1,1,1,1,0,1,0,0,1,0,0,0,1,0,1,0,1,0,0,1,1,1,0,1,0,1,1,0,1,0,1,0.603845
1,0,0,1,0,0,0,0,0,0,0,0,0,0,1,0,1,1,1,0,1,0,1,1,0,0,0,1,1,0,1,0,0.598549
1,0,0,0,0,1,0,0,0,1,1,0,0,1,0,1,1,0,1,1,0,0,0,1,0,0,1,0,1,0,1,0,0.600231
1,0,1,0,0,0,0,1,0,0,0,1,1,0,0,1,0,1,0,0,1,0,0,1,1,1,0,0,0,0,0,0,0.599578
1,1,1,1,1,0,0,0,0,1,0,0,1,0,1,0,0,1,1,0,1,0,1,0,1,0,0,1,0,0,0,1,0.600708
1,0,1,0,0,0,1,1,1,0,1,0,1,1,0,0,1,0,1,0,1,0,1,1,0,1,0,1,0,1,1,0,0.603042
0,1,0,0,0,0,0,0,0,1,1,0,1,1,1,0,0,1,1,0,0,0,0,1,1,0,1,0,1,0,1,1,0.604773
0,0,1,0,1,0,0,1,0,0,1,0,1,0,0,1,0,1,0,0,0,0,1,0,1,0,0,1,0,1,0,1,0.583668
1,1,0,0,0,1,1,0,1,1,0,0,1,0,0,0,0,1,0,0,1,0,0,1,0,0,0,1,1,1,0,0,0.605902
0,0,1,0,1,1,0,1,0,1,0,1,0,0,0,1,0,0,1,1,1,0,0,0,0,0,0,1,1,1,0,0,0.556264
1,0,1,1,1,0,1,1,1,1,1,1,0,1,1,0,1,0,0,0,1,1,0,0,0,0,0,0,1,1,0,0,0.599102
0,1,0,0,0,0,1,0,0,1,1,1,0,0,1,1,0,1,1,1,1,1,1,1,1,0,1,0,1,0,0,0,0.604070
1,0,0,0,0,0,0,0,0,0,1,0,0,0,0,1,0,0,0,0,1,0,1,0,0,0,1,1,0,0,0,0,0.590895
0,0,1,1,0,0,1,0,0,1,0,0,0,0,1,1,0,1,0,0,1,0,1,0,1,0,0,1,1,0,0,0,0.593731
0,0,1,0,0,0,1,0,0,0,1,0,1,0,1,0,0,1,1,0,1,1,0,0,1,1,1,1,0,1,0,0,0.600708
0,0,1,1,0,0,0,1,0,0,1,0,1,1,1,1,1,1,1,1,1,0,1,0,1,1,0,1,1,1,0,1,0.591573
1,1,0,1,1,0,1,0,0,0,1,1,0,1,0,0,1,1,0,1,1,1,1,0,0,1,0,0,1,1,0,1,0.602640
0,1,1,0,1,0,0,1,0,0,0,0,0,1,1,1,0,0,0,1,0,0,1,1,1,0,1,1,0,0,0,0,0.594559
1,1,1,1,0,0,1,0,1,1,1,0,0,0,0,1,0,1,0,0,0,0,1,1,1,0,0,1,1,0,1,0,0.603167
1,1,0,1,1,1,1,0,0,0,0,1,0,1,0,0,0,1,0,0,1,0,0,0,0,0,0,1,1,1,1,0,0.560831
0,1,1,0,0,0,1,1,1,0,1,1,1,1,0,0,1,1,0,1,0,0,0,0,0,0,0,0,1,0,0,0,0.604673
1,0,0,0,0,1,1,1,0,1,0,1,1,0,0,1,0,1,0,1,1,1,1,0,1,1,0,1,0,1,1,1,0.581359
1,1,1,1,1,1,0,0,1,1,1,0,0,1,0,1,0,0,1,0,1,0,0,0,0,1,0,0,1,0,0,1,0.602690
1,0,0,0,0,0,1,0,1,0,1,1,1,1,1,1,1,1,1,0,0,1,1,1,1,1,0,1,1,0,0,0,0.605375
1,0,0,0,0,1,0,0,0,1,1,0,1,1,1,1,1,1,1,0,0,1,1,0,1,1,0,0,1,1,1,0,0.604572
1,1,0,0,1,0,0,0,0,1,1,0,1,1,1,1,1,0,1,0,1,0,1,1,0,1,1,1,0,1,0,1,0.599227
1,0,0,0,1,1,0,0,1,0,1,0,0,0,0,1,0,1,0,0,0,0,1,1,1,0,1,1,1,0,1,0,0.602088
1,1,1,0,0,1,0,1,1,0,0,0,1,0,1,0,1,1,0,1,1,0,0,0,1,0,1,0,1,1,1,1,0.597144
1,1,0,1,1,1,0,0,1,1,0,0,0,1,0,0,1,1,1,0,1,0,0,1,1,0,0,0,1,0,1,0,0.601937
1,1,0,0,0,0,1,1,0,0,0,1,0,0,0,1,1,1,1,1,0,1,0,1,1,0,1,1,0,1,1,1,0.594785
1,1,1,1,0,0,0,0,0,0,0,0,0,1,1,0,0,0,0,1,1,0,0,1,1,1,1,1,1,1,1,0,0.601134
0,1,0,0,0,0,0,1,0,0,0,0,0,0,1,1,0,1,1,0,0,0,0,0,1,1,0,1,1,0,1,1,0.587508
0,0,0,1,1,1,1,1,0,1,0,0,1,0,0,1,1,1,0,1,0,1,0,0,0,1,1,1,1,0,1,0,0.598625
0,0,1,1,0,0,1,1,0,1,1,1,0,0,0,0,1,1,1,1,1,1,0,1,1,0,0,1,0,1,1,0,0.602540
0,1,1,0,0,0,1,0,0,0,1,1,0,1,0,1,1,1,0,0,0,1,1,1,0,1,1,1,0,0,1,1,0.602866
1,0,1,1,0,1,0,1,0,0,1,0,0,0,1,0,1,0,0,0,0,1,1,1,0,1,1,1,0,0,1,1,0.598575
0,1,0,1,0,1,1,0,0,0,0,0,0,0,1,0,1,0,1,0,0,0,0,0,1,1,1,0,1,1,1,1,0.602565
1,0,1,0,0,0,0,0,0,1,1,1,1,0,1,0,0,1,1,1,1,1,0,1,0,0,0,1,1,1,0,1,0.596918
1,1,1,1,0,0,0,1,1,1,0,0,0,0,0,1,1,1,1,1,0,1,0,0,1,0,0,0,0,0,0,1,0.599378
1,0,0,0,0,0,0,1,0,1,0,1,0,1,1,1,1,1,1,0,0,1,1,1,0,0,1,1,0,1,1,0,0.600833
0,0,1,1,0,1,1,1,1,1,1,0,1,0,1,0,1,0,1,1,1,0,0,1,1,1,0,0,0,1,1,1,0.598901
0,0,1,1,0,1,1,0,1,1,1,1,0,1,1,0,0,0,0,0,0,1,0,1,1,0,0,0,0,0,1,0,0.604146
1,1,0,1,0,1,1,1,1,1,0,1,1,1,1,0,1,0,0,0,1,0,0,0,0,1,1,0,1,1,0,1,0.604372
1,1,1,1,1,1,0,0,1,0,1,0,1,0,0,0,1,0,1,0,1,1,0,1,1,1,0,1,1,1,0,1,0.598449
0,1,0,1,0,1,1,1,1,0,1,0,1,1,1,1,1,0,0,0,1,1,1,1,1,1,0,1,0,0,1,0,0.587482
0,1,1,0,1,1,1,1,0,1,1,1,0,0,0,1,0,1,0,0,1,1,1,0,1,1,1,0,1,1,0,1,0.602715
1,0,1,0,0,0,0,0,1,1,1,0,1,0,0,1,0,0,0,1,1,1,1,0,1,1,1,0,0,1,1,1,0.600582
1,0,1,1,1,1,0,0,1,0,0,1,1,0,1,0,1,0,1,0,1,0,0,1,1,1,0,1,0,0,1,1,0.600733
0,0,0,0,0,0,1,0,1,1,0,1,1,1,1,0,1,1,0,1,1,0,0,1,1,0,0,0,1,1,1,0,0.594057
0,1,1,1,1,0,0,1,0,0,1,0,0,0,1,0,0,1,1,1,1,0,0,0,0,0,1,1,1,0,0,1,0.602489
1,0,0,1,0,1,1,1,1,0,0,1,0,0,1,1,1,1,0,0,1,0,0,1,0,1,0,1,1,0,0,1,0.600331
0,1,0,1,0,0,0,1,1,0,0,0,0,1,0,0,1,0,0,0,0,0,1,0,0,0,0,1,1,0,0,1,0.595011
0,1,0,0,1,0,0,0,0,1,0,1,0,0,0,0,0,0,0,0,1,1,0,1,0,0,0,1,1,0,1,0,0.566302
1,0,1,1,0,0,0,0,1,1,1,1,0,0,0,0,1,1,0,0,0,0,1,0,0,1,0,0,1,0,0,1,0.592527
1,1,0,1,1,0,1,1,0,1,1,1,1,0,0,0,1,0,1,1,1,0,1,1,1,0,1,0,1,1,1,1,0.597646
0,0,0,1,1,1,1,0,0,0,1,1,0,0,1,1,1,1,1,0,1,1,0,0,0,0,0,1,1,0,0,0,0.601912
0,1,0,0,1,0,1,0,0,1,1,0,0,1,1,0,1,0,1,1,0,1,0,0,1,0,0,0,1,0,0,1,0.595965
1,0,0,0,0,0,0,0,0,0,1,0,1,0,1,1,1,1,0,0,1,0,0,0,1,1,0,0,0,0,1,0,0.604572
0,0,1,1,1,0,0,0,0,1,1,0,0,1,1,1,1,1,1,1,0,0,0,0,0,0,0,1,0,1,1,0,0.603820
1,1,0,1,1,1,0,0,0,0,1,1,0,0,1,1,0,1,0,0,1,0,1,1,0,1,1,1,1,1,1,0,0.599227
1,0,1,1,0,0,1,1,0,1,1,1,0,1,1,0,1,0,1,1,1,1,1,1,1,0,0,1,1,0,1,0,0.595212
0,1,1,0,0,1,1,1,0,1,0,0,0,1,0,1,1,0,0,0,1,0,0,1,0,0,0,1,0,0,1,0,0.599026
1,1,1,1,0,0,1,1,0,0,0,0,0,1,0,0,0,1,1,0,1,0,1,1,0,1,0,1,0,1,1,1,0.601712
1,0,0,1,1,0,1,1,0,0,0,0,1,1,1,0,0,0,0,1,0,0,1,0,1,0,1,0,1,0,1,1,0.582162
0,1,0,0,0,0,0,1,0,0,0,0,1,0,0,1,0,1,0,1,0,1,1,0,1,1,0,1,1,1,1,0,0.595839
1,1,0,1,1,1,0,1,0,1,0,0,1,1,1,0,0,1,0,1,1,1,1,0,0,0,0,0,0,1,1,1,0.547430
0,0,1,1,1,0,1,1,0,1,1,1,0,0,1,1,1,0,0,1,0,0,1,0,1,1,1,1,1,1,1,1,0.586353
0,1,1,1,0,0,1,1,0,0,1,0,0,1,0,0,1,0,1,1,1,0,0,1,0,1,1,1,1,0,0,1,0.599804
1,0,0,1,1,0,1,1,0,1,1,0,1,0,1,0,0,1,1,1,0,0,1,0,1,1,1,1,0,1,0,0,0.602339
1,0,1,0,0,1,0,1,0,0,1,1,1,1,1,1,1,1,0,1,1,1,0,1,0,1,1,0,1,1,0,0,0.597872
1,0,1,1,0,1,0,1,0,1,0,1,0,1,0,0,1,0,1,1,0,1,0,0,0,1,1,1,0,0,0,1,0.603820
0,0,0,1,1,1,0,1,0,1,1,1,1,1,1,0,1,1,1,1,1,0,0,0,0,1,0,1,0,0,1,0,0.603343
1,1,0,0,0,0,1,1,0,1,1,0,0,0,1,0,1,0,1,1,0,1,1,1,0,0,0,0,1,0,0,1,0.604447
0,1,1,1,0,1,1,1,1,1,0,1,1,0,0,1,0,1,1,0,1,0,1,1,0,1,0,1,1,0,0,0,0.601812
1,1,0,0,1,1,0,0,0,0,1,1,0,1,0,0,0,1,1,0,0,1,1,1,0,0,1,1,1,1,1,0,0.602489
1,0,1,0,0,1,1,0,1,0,0,1,1,0,1,0,1,1,0,0,1,0,0,0,0,1,0,0,1,1,1,1,0.603067
0,0,0,0,0,1,1,1,1,1,1,0,0,1,0,0,1,1,0,0,1,1,0,0,0,1,1,0,0,1,1,0,0.604497
1,0,0,1,1,0,1,0,0,1,0,1,1,1,1,0,1,1,1,0,1,0,1,1,1,0,1,0,0,1,0,1,0.597395
0,0,1,1,0,1,0,1,0,1,0,0,0,0,0,1,0,0,1,0,1,0,1,1,0,0,1,0,0,0,0,0,0.588863
0,0,0,0,0,1,1,0,0,0,1,1,1,0,0,0,1,0,0,0,1,0,1,1,0,0,0,0,0,1,0,0,0.578373
1,0,0,1,1,1,0,0,0,1,1,1,0,0,1,1,0,0,1,0,0,0,1,0,1,1,1,0,0,1,1,1,0.594083
0,0,1,1,1,1,1,1,1,0,1,0,0,0,1,0,0,1,1,1,0,1,1,1,0,0,1,1,1,1,0,1,0.597270
1,1,0,0,0,1,1,0,1,0,1,0,1,1,0,1,0,1,0,1,0,1,1,1,0,1,1,1,1,0,0,1,0.601260
0,1,1,0,1,0,1,0,1,1,0,1,0,1,1,0,0,1,0,0,1,1,0,0,1,1,1,1,1,1,0,1,0.601737
1,0,0,0,0,0,0,1,0,1,1,0,1,0,0,1,1,0,0,0,1,0,1,0,1,0,0,1,1,1,1,0,0.605175
1,1,0,0,0,0,1,1,1,0,0,1,0,1,0,1,0,0,0,1,1,1,0,1,0,0,1,0,1,0,0,1,0.597822
1,0,0,0,1,1,0,0,1,0,1,0,0,0,0,1,1,0,0,0,0,0,0,1,0,1,0,1,1,1,0,0,0.598123
0,1,0,0,0,0,0,0,1,1,0,1,1,1,1,0,0,0,1,0,0,0,1,1,1,1,1,1,0,1,1,0,0.604522
1,0,1,0,1,0,0,0,1,0,0,1,1,0,0,0,0,0,1,0,0,0,1,0,1,1,0,0,0,1,0,1,0.602665
1,0,1,1,1,0,1,1,0,0,1,1,0,1,0,0,0,0,1,0,0,0,0,0,0,0,0,1,0,0,1,1,0.600256
1,1,1,1,0,0,1,1,0,1,1,0,0,1,1,0,1,1,1,0,0,1,0,0,0,1,1,0,0,0,0,1,0.604848
0,1,0,0,1,0,1,1,1,1,0,1,0,1,1,1,1,1,0,0,1,0,0,1,1,0,0,1,0,1,1,1,0.564520
0,0,0,1,1,0,0,0,0,1,1,0,1,0,0,1,0,1,1,0,0,1,0,1,1,1,0,0,0,1,1,1,0.585450
0,0,0,0,0,0,0,0,0,1,1,0,0,0,0,0,0,1,1,1,1,1,0,0,1,1,1,1,1,1,0,0,0.568184
0,0,0,0,0,0,0,0,1,0,1,0,1,0,0,0,1,0,0,1,1,0,0,0,1,0,1,0,1,1,1,1,0.599478
0,1,1,1,0,1,1,0,1,1,1,1,0,0,1,1,1,0,1,1,0,0,0,0,0,1,0,1,0,1,1,0,0.600306
1,1,0,1,1,0,1,1,0,0,1,1,1,1,0,0,0,0,0,0,0,0,0,1,1,0,0,1,1,1,0,0,0.584697
0,1,0,1,1,1,0,1,0,1,1,0,0,0,0,0,1,1,0,0,0,1,1,1,0,0,0,1,1,0,1,1,0.598549
0,1,0,1,0,1,1,1,1,1,1,0,0,1,0,1,1,0,0,1,0,0,1,1,0,1,1,0,1,1,0,1,0.602464
1,1,1,0,1,1,0,1,1,1,1,0,1,0,0,0,0,1,1,1,1,0,1,0,0,1,0,0,1,0,0,0,0.600181
0,0,1,1,1,0,1,1,1,1,1,1,0,1,1,0,0,1,0,1,1,1,1,0,0,0,1,1,0,1,0,1,0.599403
1,1,1,1,1,1,1,1,1,0,1,0,1,1,1,0,0,1,0,1,0,1,1,0,0,1,1,1,0,1,1,1,0.589289
0,1,1,1,0,0,1,0,1,0,0,0,0,0,1,0,0,0,0,1,0,0,0,0,0,0,0,1,1,0,0,1,0.597194
1,0,0,0,0,1,1,0,0,0,0,0,0,1,0,0,0,0,0,0,0,1,1,1,1,0,0,1,0,0,1,1,0.592351
0,0,0,0,0,0,0,0,0,0,1,1,0,0,1,1,1,1,1,0,1,1,1,1,1,1,0,1,0,1,1,0,0.600482
0,1,0,1,0,1,1,0,0,1,1,0,1,0,0,1,0,1,1,1,0,1,1,0,0,0,0,1,0,1,0,0,0.602289
1,1,1,1,1,0,0,1,1,0,0,0,0,0,1,0,0,0,0,0,0,1,0,0,1,0,1,1,1,0,0,0,0.599603
1,0,1,0,0,0,1,1,1,0,0,0,0,0,1,0,1,0,0,1,0,0,1,1,1,0,1,0,0,1,1,0,0.604070
0,1,1,1,0,0,1,1,0,0,0,0,1,0,0,1,1,0,0,1,1,1,0,0,0,0,0,0,1,1,0,1,0.596115
1,0,0,0,1,0,1,1,1,1,0,0,0,1,0,1,1,1,1,0,1,0,0,1,1,0,1,1,1,0,0,0,0.604472
1,0,0,1,1,1,1,0,1,0,1,1,0,0,1,0,0,1,1,1,1,1,0,1,1,0,1,0,0,0,1,1,0.602113
1,0,1,1,1,0,0,1,0,0,1,0,0,1,0,1,0,1,0,1,1,1,0,1,0,0,1,0,1,0,0,1,0.594283
1,1,0,1,1,1,1,0,1,0,0,1,1,0,1,1,1,0,0,0,0,1,0,0,0,1,0,1,0,1,0,1,0.598173
1,1,0,1,0,0,1,0,1,0,0,0,1,0,1,1,0,1,0,1,1,0,1,1,1,0,0,0,0,0,1,1,0.598022
1,0,0,1,0,1,0,1,0,0,1,0,1,0,0,1,1,1,0,0,0,0,0,1,0,1,0,1,0,1,1,1,0.591272
0,1,0,1,0,0,0,1,1,1,1,1,1,1,0,1,0,1,1,0,1,1,1,0,1,0,1,0,0,0,1,0,0.602841
1,0,1,0,1,1,0,1,0,1,0,0,1,0,0,0,1,1,1,1,0,0,1,1,0,1,0,0,0,1,1,0,0.599754
0,1,0,0,1,1,1,1,0,1,0,1,1,0,1,0,1,1,0,0,1,1,1,0,1,1,1,1,0,0,1,0,0.598073
1,0,1,1,1,0,0,1,0,1,1,0,0,1,0,0,1,1,1,1,0,1,1,1,0,1,0,0,0,1,1,0,0.589139
1,0,1,1,0,1,0,1,1,1,1,0,1,0,0,1,1,0,0,0,1,1,0,0,1,0,1,0,0,1,1,0,0.601887
0,1,0,1,0,0,1,1,0,1,0,0,0,1,0,1,0,1,1,0,1,0,1,0,1,0,0,0,0,0,0,0,0.601034
0,0,0,0,0,1,1,0,0,0,1,0,0,0,0,0,1,0,0,1,0,1,1,0,1,0,0,1,0,1,1,1,0.591272
0,1,0,1,1,1,0,0,0,1,0,1,0,1,0,0,1,0,0,0,1,1,1,1,0,1,0,1,0,0,0,0,0.596216
0,1,0,1,1,0,0,1,0,1,1,0,1,1,1,0,0,0,1,1,0,0,1,0,1,0,1,0,1,0,1,0,0.600557
1,0,1,0,1,1,0,1,0,0,1,0,1,1,1,0,1,1,0,1,0,1,1,1,1,1,1,1,1,0,0,1,0.593806
1,0,1,1,1,1,0,0,0,0,0,0,1,1,1,1,1,0,0,0,1,0,0,0,0,1,0,1,1,1,1,1,0.584019
0,0,0,1,0,1,1,0,1,0,1,1,1,0,0,0,0,0,0,0,1,1,1,0,1,0,0,1,1,0,0,1,0.593254
1,1,1,1,0,1,0,1,0,0,0,0,0,1,1,0,1,1,1,1,0,0,1,1,1,1,0,0,1,1,1,1,0.592025
0,0,1,1,0,1,1,1,1,1,0,1,0,1,0,1,1,1,0,0,0,0,0,1,1,1,0,1,1,1,1,0,0.605451
0,1,1,1,1,0,1,0,0,0,0,1,1,0,1,0,0,1,1,1,0,0,0,1,0,1,1,0,0,0,0,1,0.603870
1,1,1,0,1,0,1,0,0,1,0,1,0,0,1,0,0,0,1,0,1,0,1,0,0,0,1,0,0,0,0,1,0.601435
0,0,0,0,0,0,1,0,0,1,0,0,1,1,0,1,0,1,0,1,0,1,0,1,0,0,1,1,1,0,1,0,0.558874
1,1,0,1,0,0,0,0,1,1,0,0,1,0,0,0,0,1,0,1,1,1,0,1,0,0,0,0,1,0,0,0,0.604070
1,1,0,0,0,0,0,0,1,1,0,0,0,0,0,1,1,0,0,0,1,0,1,1,1,1,1,0,0,1,0,1,0.605576
0,1,1,1,1,1,1,1,0,0,1,1,1,0,1,0,0,1,1,0,1,0,0,0,0,1,1,1,0,1,1,0,0.596441
0,1,0,1,1,0,0,1,0,1,0,1,1,1,1,1,1,1,0,1,0,0,1,0,0,1,1,1,0,1,1,1,0.580355
0,0,0,0,0,1,1,1,0,1,1,1,0,1,0,1,1,0,0,1,0,1,0,1,1,1,0,0,1,0,1,0,0.595914
0,0,1,1,1,1,1,0,1,0,1,0,1,0,1,1,0,0,1,1,1,1,1,1,0,1,1,1,1,1,1,1,0.540353
1,0,0,1,0,0,1,0,0,0,0,0,1,0,0,0,0,1,0,0,0,0,1,1,0,0,1,0,0,1,0,0,0.602715
0,0,0,0,1,0,0,0,1,1,0,0,1,0,0,0,1,1,1,0,1,1,0,0,0,1,0,1,1,1,1,0,0.593556
1,1,1,0,1,0,1,0,1,0,0,0,1,0,1,0,0,0,1,1,1,1,1,1,0,1,0,1,1,0,0,0,0.601862
1,0,1,0,1,0,1,0,0,0,1,0,1,0,0,0,1,1,1,1,0,1,0,0,0,1,0,1,1,0,0,1,0.604321
0,1,0,1,1,0,1,1,0,0,0,0,1,1,0,1,1,0,0,1,1,0,1,1,0,1,0,1,1,1,0,0,0.594710
0,1,1,0,0,0,0,1,1,0,1,0,0,0,0,0,1,1,0,0,0,0,1,1,1,0,1,1,0,1,1,0,0.606229
1,1,0,0,0,1,0,0,1,1,1,0,1,1,1,0,0,1,1,0,1,0,1,1,0,1,1,1,0,0,1,0,0.600959
0,1,0,0,0,1,0,0,0,0,1,0,1,0,1,1,1,0,1,1,0,0,0,1,1,1,1,1,1,1,1,1,0.565725
0,1,1,0,1,1,0,0,0,0,0,0,1,1,0,0,0,1,1,1,1,1,0,0,0,0,0,1,0,0,1,1,0.574659
0,1,0,1,1,1,1,0,1,0,1,0,0,0,1,0,0,0,1,0,1,0,0,1,1,0,0,0,0,0,1,0,0.590092
0,0,0,1,0,1,0,0,1,0,0,1,0,1,0,1,0,1,0,1,0,1,1,1,0,0,1,1,0,0,1,1,0.577846
0,1,0,1,0,1,0,0,1,0,1,1,1,1,1,1,1,0,1,0,1,0,0,1,0,0,0,0,0,1,0,0,0.600532
1,0,0,0,1,0,0,0,1,0,1,0,1,1,0,0,0,1,0,0,1,0,0,0,0,0,0,1,0,0,1,0,0.597872
0,1,1,0,1,1,1,0,0,0,1,1,0,1,1,1,1,1,1,0,0,0,0,0,1,0,0,0,0,0,1,0,0.601611
1,0,0,0,0,1,0,0,0,0,1,1,0,0,1,1,0,0,0,0,1,1,0,1,1,1,0,1,1,1,0,1,0.602213
1,1,0,0,0,0,1,1,0,0,0,0,1,0,1,1,0,0,0,0,1,1,0,0,0,1,1,1,0,1,1,1,0.589440
0,1,1,0,0,1,1,1,1,0,1,0,1,1,1,0,1,1,0,1,1,1,1,1,0,1,1,0,1,1,1,0,0.599729
1,1,0,1,0,0,0,1,0,1,1,1,1,0,1,0,1,0,0,1,1,0,1,0,1,1,1,0,1,1,1,0,0.598022
0,1,0,1,0,1,1,0,1,1,1,1,1,0,1,0,1,0,1,1,1,1,0,0,1,0,1,0,1,0,1,1,0.596968
0,1,0,0,0,0,0,0,1,0,1,0,0,1,0,1,1,0,0,0,0,0,0,1,0,0,0,0,1,1,0,1,0.595262
0,0,1,0,1,1,0,0,0,1,1,1,0,1,0,1,0,1,1,1,1,1,0,0,0,1,1,1,1,0,0,0,0.573705
1,1,0,1,1,0,1,1,1,0,1,0,0,1,1,1,1,1,0,0,1,1,0,0,0,0,1,1,0,1,1,0,0.597245
1,0,0,1,0,0,0,1,1,1,0,1,0,0,0,0,1,1,0,1,1,1,1,1,1,0,1,0,1,1,0,1,0.597746
0,0,0,0,1,1,0,0,1,0,1,0,0,0,0,1,1,1,1,0,0,0,0,0,1,0,1,1,0,1,1,1,0.597571
1,1,0,0,0,1,1,0,1,0,1,1,1,0,0,1,1,0,1,1,0,1,0,0,1,0,1,1,0,0,0,1,0.602766
0,0,0,1,0,0,0,0,0,0,1,1,1,1,0,1,0,1,1,0,1,0,0,0,1,0,1,1,1,0,1,1,0.600683
1,1,1,1,0,1,1,1,0,0,0,0,1,1,1,1,1,0,1,0,1,1,0,1,1,1,0,0,0,0,1,0,0.579853
1,1,1,1,1,1,0,1,0,1,1,0,0,0,1,1,0,1,1,0,1,0,1,0,0,0,1,0,1,0,1,1,0.580631
1,0,1,0,0,1,0,0,1,1,0,0,1,1,0,0,1,1,0,0,0,0,1,1,0,0,1,0,1,0,1,0,0.602339
1,1,1,1,1,1,1,1,1,0,1,0,0,1,1,1,0,0,1,0,0,1,1,1,1,0,0,1,1,0,1,0,0.594108
1,1,1,1,0,0,1,1,1,1,0,1,1,0,0,1,0,1,1,0,1,1,1,0,1,1,0,0,1,0,0,0,0.599880
1,0,0,0,1,1,1,1,0,1,1,1,0,1,1,1,0,1,1,1,0,1,1,0,0,1,1,1,1,1,1,0,0.597270
1,0,1,0,0,0,1,0,0,1,1,1,0,1,1,1,0,1,0,1,1,1,1,0,1,1,1,0,0,1,0,1,0.595638
0,1,0,1,0,1,0,1,1,0,0,0,0,0,0,1,0,1,0,0,1,1,1,0,1,0,0,1,0,0,1,1,0.577269
1,1,0,1,1,0,1,0,0,0,1,0,1,0,1,1,1,1,0,1,1,1,1,0,1,0,0,1,1,0,0,1,0.594333
1,0,1,0,1,0,0,0,0,1,1,0,0,0,0,0,1,1,1,1,1,0,0,1,1,1,0,1,0,1,1,0,0.600783
1,1,1,0,1,0,0,0,0,0,0,0,1,0,0,0,1,0,0,0,0,1,1,1,1,1,1,0,1,0,1,0,0.603318
1,1,1,1,1,0,1,0,0,1,1,1,1,0,0,0,0,0,1,1,0,1,0,1,1,0,1,0,1,0,1,1,0.602339
0,0,0,1,1,1,0,1,0,1,1,1,1,0,0,1,0,1,0,0,1,1,1,0,1,1,1,0,0,0,1,1,0.595513
1,1,0,1,0,1,0,0,1,1,1,0,0,1,1,0,1,1,1,0,0,0,0,0,0,0,1,1,1,0,0,1,0.604924
1,0,0,1,0,1,0,0,1,1,0,0,0,0,1,0,0,0,0,1,1,1,1,0,0,0,0,1,1,0,0,0,0.571246
0,0,0,0,1,1,1,0,0,1,1,1,1,1,0,1,1,1,0,1,0,1,0,0,0,1,1,1,0,0,0,1,0.591874
1,1,1,0,1,0,1,1,0,0,1,0,1,1,1,0,1,0,0,0,0,1,0,0,0,1,0,1,1,0,0,1,0.598273
1,0,0,1,0,0,0,0,1,1,0,1,0,0,0,1,0,0,0,1,0,0,0,0,1,1,1,1,0,1,0,1,0.594283
0,1,1,0,0,1,1,0,0,0,0,0,1,0,0,1,0,0,1,1,1,0,1,1,0,0,0,1,1,1,0,0,0.599679
1,1,1,0,1,1,0,0,1,0,0,1,0,0,1,0,1,0,0,1,0,0,0,1,1,1,0,1,0,0,1,0,0.596090
0,1,1,0,1,0,0,0,1,1,0,1,1,0,1,0,1,1,1,0,0,0,1,1,1,1,1,1,1,0,1,1,0.598650
0,1,1,0,1,0,1,0,1,0,1,0,0,1,1,1,0,1,0,1,0,1,1,0,1,0,1,0,0,0,1,0,0.604397
1,1,0,0,1,1,1,1,0,0,0,0,1,0,1,0,1,0,0,1,1,1,1,1,1,1,0,0,1,1,0,0,0.544770
1,1,0,0,1,0,0,0,0,1,0,0,0,1,0,1,1,1,0,0,0,1,1,0,1,0,0,1,0,0,0,0,0.602339
1,0,1,0,1,1,1,0,1,1,0,0,0,0,0,0,0,1,0,1,1,1,0,1,0,0,0,1,0,0,1,1,0.596316
1,1,1,1,1,1,0,0,1,1,0,0,0,0,0,1,0,0,1,0,1,0,1,1,0,1,1,1,1,1,0,1,0.597019
0,0,0,1,1,1,0,1,1,1,0,0,1,1,0,1,0,0,0,0,0,1,1,0,0,1,0,1,0,1,1,0,0.595538
1,0,0,1,0,0,1,0,1,0,0,0,1,1,0,0,1,0,1,0,1,1,0,0,0,0,1,1,1,1,1,1,0.600984
0,1,0,1,0,0,0,1,0,0,1,0,1,0,1,0,1,0,0,0,1,0,0,1,1,0,1,1,0,1,1,0,0.601887
1,1,1,0,1,0,0,1,0,0,1,1,0,1,1,0,0,1,0,1,1,1,0,1,0,1,0,1,0,1,1,0,0.598324
1,1,0,1,1,0,1,0,0,1,0,1,1,0,0,0,0,0,0,1,1,1,0,1,0,0,1,0,0,1,0,1,0.597019
0,0,0,0,0,0,0,1,1,1,1,1,0,1,1,0,0,1,1,0,0,0,1,1,0,0,0,0,1,0,1,1,0.585701
0,1,0,1,1,1,0,0,0,1,0,1,0,0,0,1,0,0,1,1,0,1,0,0,0,0,1,1,0,0,1,0,0.597119
0,0,0,0,0,0,0,0,1,1,0,1,0,1,0,1,0,0,0,1,1,1,1,1,1,1,0,0,1,0,1,1,0.591949
0,1,1,1,0,0,0,1,1,1,0,1,0,0,1,1,1,0,0,0,0,0,0,0,1,1,0,1,1,0,1,0,0.601787
1,0,1,1,0,0,0,1,1,0,1,0,1,0,0,0,0,1,0,0,1,1,0,0,1,1,0,0,1,1,1,0,0.602038
1,0,1,1,1,1,1,1,0,1,1,1,1,0,1,0,0,0,0,1,0,1,1,0,0,1,0,1,0,0,0,1,0.602565
1,1,0,0,1,1,1,0,0,1,1,1,1,1,1,0,1,1,1,0,1,1,1,1,1,1,0,0,1,1,1,1,0.554482
0,1,0,0,1,0,0,1,1,0,1,1,1,0,0,1,1,1,0,0,1,0,1,1,0,0,0,0,0,1,1,0,0.591799
1,0,0,0,1,0,0,0,1,1,1,0,1,0,1,1,0,0,0,1,1,0,1,0,1,0,0,1,1,0,1,1,0.602766
0,1,1,1,0,0,0,0,1,1,0,1,0,0,1,0,0,1,1,0,1,0,1,1,1,1,0,0,0,0,0,0,0.604146
0,1,0,0,1,1,1,1,1,0,0,1,0,1,1,1,0,0,1,1,0,0,0,1,0,1,0,1,0,0,0,1,0.604146
1,0,1,1,1,0,1,0,0,0,0,1,1,0,0,0,1,0,1,1,0,1,1,0,1,0,0,1,0,1,0,1,0.600934
0,1,0,1,0,0,0,1,0,0,0,1,0,1,0,0,1,1,0,1,0,1,0,0,0,1,1,0,0,1,1,1,0.586002
0,0,0,0,0,0,0,1,1,0,0,1,1,0,1,1,0,1,1,0,1,1,0,1,1,0,0,1,0,0,1,1,0.592903
0,0,0,1,0,0,1,0,1,0,1,1,0,1,1,0,1,0,0,1,1,1,1,1,0,0,0,0,1,0,0,0,0.601636
0,1,1,0,0,1,0,1,1,1,0,1,1,0,1,0,1,0,1,1,1,1,0,0,0,0,1,1,1,1,0,1,0.600883
1,1,1,1,0,0,1,1,0,1,0,0,1,1,0,0,1,0,0,1,0,1,0,1,1,1,0,1,0,0,0,0,0.600457
0,0,0,1,1,0,0,0,1,1,0,0,0,1,0,0,1,1,1,0,1,0,0,1,1,0,0,1,1,1,0,0,0.604497
1,1,1,0,1,0,1,0,0,0,0,0,0,1,1,1,0,1,0,1,1,0,0,0,0,0,1,1,0,0,1,1,0.600557
0,1,0,1,1,1,1,0,0,0,0,0,0,0,0,1,0,1,1,0,1,1,1,0,1,0,1,1,1,1,1,0,0.600984
0,0,0,0,1,0,1,0,1,0,1,1,1,0,1,1,1,0,0,1,0,1,1,0,1,0,1,1,0,1,1,0,0.600883
0,0,0,1,1,1,1,1,0,1,1,1,0,1,1,0,0,1,1,0,0,1,1,0,0,1,0,0,0,1,1,0,0.591598
0,0,0,1,1,1,1,0,1,1,1,0,1,1,1,1,0,0,1,0,0,1,1,1,0,0,1,0,1,0,1,1,0.549087
0,0,1,0,0,0,0,1,0,1,1,1,1,0,0,0,0,1,1,0,1,1,1,0,1,1,0,1,0,0,1,0,0.598901
1,1,0,0,0,0,0,0,1,1,1,1,0,1,1,1,0,0,1,0,0,1,0,0,0,1,0,0,0,1,0,1,0.602239
1,0,0,1,1,1,0,0,0,1,1,1,1,1,0,0,0,1,0,0,0,0,1,0,1,1,1,0,1,0,0,1,0.602264
0,1,0,1,0,1,0,1,0,0,0,0,0,1,1,0,0,1,0,0,0,1,1,0,1,0,1,0,0,0,1,0,0.591623
1,1,0,1,0,1,1,1,1,0,0,0,1,1,0,1,1,1,1,0,1,0,0,0,1,0,1,1,0,1,0,0,0.599880
0,1,1,1,1,0,1,1,1,0,0,0,0,0,0,0,0,1,0,0,0,1,0,0,0,1,1,1,0,0,0,0,0.602188
1,0,1,0,0,0,0,1,0,1,1,0,0,0,1,1,1,1,1,1,0,0,1,1,0,0,1,1,0,1,1,1,0.596165
1,1,0,1,1,1,0,0,1,0,0,0,0,1,0,0,0,1,0,1,0,0,1,0,0,1,0,1,0,0,1,1,0.601159
0,0,0,1,1,1,0,0,1,1,1,0,0,0,0,1,0,1,1,0,0,0,1,1,1,1,0,1,0,1,1,0,0.600808
1,1,0,1,0,1,1,1,1,0,0,0,0,1,1,1,1,0,0,1,1,1,1,1,1,1,0,1,0,1,0,0,0.565273
1,0,0,1,1,0,0,1,0,1,0,0,0,0,1,1,0,0,0,1,0,0,0,0,1,1,1,1,1,0,1,1,0.595638
0,0,1,0,0,0,1,0,0,0,1,0,1,0,0,1,1,0,1,1,1,0,0,0,1,0,0,1,1,0,1,1,0.598148
0,1,0,0,1,1,0,0,0,0,1,0,0,1,0,1,0,1,0,1,1,0,1,0,0,1,0,0,0,1,0,0,0.601084
1,1,0,1,1,1,1,1,0,1,1,1,1,0,1,0,1,1,1,0,0,1,0,1,1,0,0,0,1,0,1,1,0.592301
1,1,0,0,0,1,0,0,0,1,0,1,0,1,1,1,0,1,0,0,1,1,1,1,1,0,0,1,0,1,0,0,0.600507
0,0,1,0,0,0,0,1,0,1,0,0,0,1,0,0,0,0,0,1,1,1,0,0,0,1,1,0,0,0,1,0,0.578197
0,1,1,1,0,0,0,1,1,1,0,1,1,1,1,0,1,0,0,0,1,1,1,0,0,1,1,0,1,1,0,1,0.600156
1,1,1,0,0,0,0,0,0,0,1,1,0,1,1,0,0,1,0,1,0,1,1,1,0,1,0,0,1,1,1,1,0.588160
0,1,1,1,1,0,1,0,0,1,0,0,1,0,0,0,0,1,1,1,1,0,0,1,0,0,0,0,1,0,1,1,0.603217
1,1,0,1,1,0,0,1,1,0,1,0,0,0,1,1,0,1,1,1,0,0,1,1,1,1,1,0,1,0,1,1,0.581409
0,0,0,0,0,0,0,1,0,1,1,0,0,0,0,1,0,1,0,0,1,1,1,1,0,1,0,0,1,0,0,0,0.562337
1,0,0,0,1,0,1,0,0,0,1,1,0,0,0,0,1,1,1,0,1,1,0,1,0,1,1,1,1,1,1,0,0.604372
0,1,1,0,0,1,0,1,1,1,1,1,1,1,0,0,1,1,0,0,1,0,0,1,0,1,0,0,1,0,1,0,0.603318
0,0,1,0,0,1,1,1,0,1,0,1,0,1,1,0,0,1,0,1,0,1,1,0,1,1,0,0,1,0,0,1,0.594409
1,1,1,1,1,1,1,0,1,1,0,1,0,0,0,1,1,1,0,1,1,1,0,0,1,0,0,0,1,0,1,0,0.597847
0,1,0,0,1,1,1,1,1,1,0,0,0,1,1,1,0,1,0,0,1,0,0,1,0,0,1,1,0,1,0,1,0.598826
0,0,0,1,0,1,1,0,1,0,0,1,1,1,0,1,1,0,0,1,1,1,1,1,1,0,1,1,1,0,0,1,0.587959
0,1,1,1,1,0,1,1,0,1,0,1,0,1,1,1,0,0,1,1,1,1,0,1,0,0,1,1,0,0,0,0,0.598826
0,0,0,0,0,0,0,1,1,0,0,1,0,1,1,1,1,0,1,0,1,0,1,1,0,0,1,0,1,0,0,1,0.593606
1,1,0,0,1,1,0,0,0,0,0,0,0,1,1,0,1,0,0,0,1,0,0,1,0,1,0,0,1,0,1,0,0.558573
0,1,0,0,1,0,0,1,0,1,0,0,1,1,1,1,1,0,1,0,1,1,0,0,1,1,0,0,0,0,0,0,0.602966
0,1,1,1,1,1,1,0,0,1,0,0,1,0,0,1,0,1,0,1,0,1,1,0,1,1,1,1,0,0,0,0,0.602364
1,0,0,1,0,0,0,1,0,0,1,0,0,0,0,0,0,0,0,1,0,0,1,0,1,0,0,0,1,1,1,1,0.598951
1,0,1,1,1,1,1,0,1,1,1,0,1,1,0,0,0,1,0,1,0,0,0,1,1,1,0,1,1,1,0,0,0.605953
0,1,1,0,1,1,1,1,1,1,1,0,1,0,0,1,0,1,0,0,1,0,1,0,1,0,0,1,0,1,1,1,0.592075
1,0,1,0,1,1,0,1,0,1,0,1,1,0,0,0,0,1,0,0,1,1,1,0,1,0,0,0,1,0,0,1,0.592878
1,0,1,1,1,0,1,1,1,1,0,0,0,1,1,1,1,0,0,0,0,0,0,0,1,0,1,1,1,0,1,0,0.597094
1,0,0,1,0,0,0,1,0,1,0,1,0,0,1,1,1,0,1,1,0,1,1,0,0,1,1,1,1,0,0,0,0.600080
0,1,0,0,0,0,1,1,0,0,0,1,0,0,0,0,1,1,0,0,1,1,0,0,0,1,0,0,0,0,0,1,0.579251
0,1,0,0,1,0,1,0,1,0,1,1,0,1,1,1,1,1,0,0,0,1,0,1,0,0,0,0,0,1,1,0,0.595488
0,0,1,0,1,0,0,0,0,0,1,1,1,0,1,0,1,1,0,1,0,0,0,1,1,1,0,0,1,1,0,0,0.600130
0,1,0,0,0,1,1,0,0,0,1,1,0,0,0,0,0,1,1,1,0,0,0,0,0,1,1,0,0,1,1,0,0.599302
1,0,1,1,0,0,1,1,1,0,0,1,0,1,0,0,0,1,0,0,1,0,1,1,1,1,0,1,0,0,0,1,0.600783
1,0,0,1,0,0,0,0,0,0,1,0,0,0,0,1,0,0,1,1,1,1,1,0,1,1,0,0,1,0,0,0,0.598349
0,1,1,1,1,0,1,1,0,1,0,0,1,1,0,0,1,0,1,0,1,1,1,0,0,1,1,0,0,1,1,1,0.596718
1,0,1,0,0,1,1,0,1,1,0,0,1,0,1,1,1,0,1,0,1,0,1,1,0,1,1,0,1,0,0,1,0.601737
0,0,0,1,0,0,0,0,1,1,0,1,1,1,0,1,0,0,0,1,0,0,0,1,1,0,0,0,1,0,0,0,0.589239
1,1,0,1,0,1,1,1,1,1,1,1,1,1,1,1,0,1,1,0,1,0,0,0,1,1,0,0,0,1,1,1,0.596441
1,1,1,1,0,1,0,1,0,1,0,0,1,0,0,1,1,1,1,1,0,1,1,1,0,1,0,1,0,0,0,1,0.602991
0,0,1,0,0,0,0,0,0,1,0,0,0,1,1,1,0,0,0,0,1,1,1,0,0,0,1,1,1,1,0,0,0.578348
1,0,1,0,0,0,1,0,0,0,0,0,1,1,1,0,0,1,1,0,0,1,0,0,1,1,0,1,0,0,1,1,0.600532
0,1,0,1,1,1,1,0,0,0,1,0,1,1,1,0,1,1,0,1,1,1,0,1,1,1,0,0,0,0,1,1,0.593029
1,0,1,0,0,1,0,0,0,0,0,0,0,0,0,0,0,0,0,0,0,1,0,1,0,1,1,0,1,1,0,0,0.597219
0,1,1,1,1,1,0,0,0,0,1,0,1,0,0,1,1,1,1,1,1,0,0,1,0,0,1,1,1,0,0,0,0.604146
0,1,1,0,0,0,0,1,0,1,0,0,1,0,1,0,0,0,0,1,1,0,0,1,0,0,0,0,0,1,1,0,0.592853
1,0,1,0,0,0,1,1,0,1,1,1,0,0,0,1,1,0,0,1,1,0,1,1,0,0,0,0,0,1,0,0,0.599629
1,0,1,1,0,0,0,1,0,0,0,1,1,1,0,0,0,1,0,0,0,0,0,0,0,0,1,1,0,1,0,0,0.603644
1,0,1,0,0,0,0,0,1,1,1,0,0,0,0,0,1,1,0,1,1,0,1,0,0,0,1,0,0,0,1,0,0.603468
1,1,1,0,1,0,1,1,0,1,0,1,1,0,1,1,1,0,1,0,0,1,1,1,1,0,1,0,0,0,1,1,0.589440
1,1,1,1,1,0,0,1,0,0,1,1,1,0,0,0,1,0,0,1,0,0,0,0,0,0,1,1,0,1,1,1,0.601084
0,0,0,0,1,1,1,1,1,0,1,1,1,1,1,0,1,0,0,1,0,0,0,0,1,1,0,1,1,0,1,1,0.594961
1,0,0,1,0,0,1,1,0,1,1,1,1,0,0,0,1,0,1,1,1,1,0,0,0,1,1,0,1,1,1,1,0.599553
0,1,1,1,0,1,0,0,0,0,0,1,1,0,0,1,0,0,1,1,0,1,1,0,1,1,1,0,0,1,0,1,0.606931
0,0,0,0,0,0,1,1,1,1,1,1,1,0,1,0,1,0,0,0,1,1,1,0,1,1,1,0,0,1,1,0,0.607634
0,1,0,0,0,1,0,0,0,0,1,0,1,0,0,0,1,1,1,0,1,1,0,0,1,1,0,1,0,1,1,1,0.597922
0,1,0,0,1,0,0,0,1,0,1,0,1,1,0,1,0,1,0,0,0,0,0,1,0,1,0,0,0,1,1,0,0.603042
1,1,0,1,0,1,0,1,1,1,1,1,1,1,1,0,0,1,0,0,1,0,1,1,1,1,0,1,0,1,1,0,0.601511
0,0,0,1,0,0,0,0,0,0,1,0,1,1,1,1,0,0,0,0,1,1,1,0,0,1,1,0,1,1,0,1,0.563767
1,1,0,0,0,1,0,1,0,1,0,1,1,1,0,0,1,1,0,1,1,0,1,1,1,1,1,0,1,0,0,0,0.609215
0,1,1,1,1,0,0,1,1,1,1,0,0,0,0,0,1,0,0,1,1,0,0,1,0,1,1,1,0,0,1,1,0.601962
0,1,1,0,1,1,0,0,1,1,0,0,0,0,0,0,0,1,1,0,1,1,0,0,0,1,1,0,0,1,0,0,0.598349
1,0,1,1,0,0,0,1,1,0,1,1,0,0,0,0,1,1,0,0,0,0,0,0,0,1,1,0,1,1,1,1,0.599679
0,1,0,1,0,0,1,0,1,1,1,1,0,0,0,1,0,1,1,0,0,1,1,1,0,0,0,1,0,0,0,0,0.604070
1,1,0,0,0,0,1,0,0,1,1,1,0,1,0,0,1,1,0,0,0,0,1,0,1,0,1,1,1,1,1,1,0.602715
0,1,1,0,1,0,0,0,0,1,1,0,1,0,1,1,1,0,0,1,0,0,1,0,0,0,1,0,0,0,0,1,0.601762
0,0,0,1,1,1,1,0,0,1,0,0,0,1,0,1,1,0,0,1,1,0,0,0,0,1,0,0,0,0,0,1,0.581911
1,1,0,1,0,1,0,1,0,0,1,0,0,1,0,0,1,1,0,1,0,1,0,1,1,1,1,1,1,1,1,1,0.581786
1,0,1,0,0,0,0,0,1,0,1,0,1,1,1,0,1,0,1,1,1,1,0,1,0,1,1,0,0,1,1,0,0.603744
1,0,1,0,1,0,1,1,0,0,0,1,0,0,1,1,1,0,1,1,0,0,1,0,1,1,1,0,1,0,1,1,0.590594
1,1,1,0,0,0,0,1,0,0,1,0,1,0,1,0,1,1,1,1,0,1,1,0,0,0,0,0,0,0,1,0,0.604296
1,1,1,0,1,1,1,0,0,0,0,0,1,0,1,0,0,1,0,1,1,0,1,1,1,0,0,0,0,1,0,0,0.581359
0,0,1,0,0,0,1,0,0,0,1,0,1,1,0,0,1,0,1,0,0,1,0,0,0,1,1,1,1,1,1,0,0.604045
0,1,1,1,0,0,1,1,1,0,1,0,0,1,0,1,0,1,0,0,0,0,0,0,0,0,1,1,1,0,0,1,0.608437
1,1,1,1,0,1,1,0,1,1,1,1,1,0,0,1,0,1,1,1,0,1,0,0,0,0,1,1,0,0,1,0,0.600632
1,1,1,0,1,1,1,1,1,0,1,0,0,1,0,0,1,0,0,1,1,0,0,1,1,0,0,0,1,0,0,0,0.586378
0,0,0,0,1,0,1,0,1,1,0,0,0,0,1,0,0,0,0,0,1,1,1,1,1,0,1,1,0,0,1,0,0.597144
0,1,0,1,1,0,0,1,1,0,0,1,0,0,0,1,1,1,1,0,0,0,1,1,0,0,0,1,0,1,1,0,0.601385
1,1,1,0,1,0,1,0,1,1,1,0,0,1,0,1,1,0,1,0,1,0,0,1,0,0,1,0,1,0,0,0,0.599553
1,0,0,0,0,1,0,0,1,1,0,1,1,1,0,1,0,1,1,1,0,0,0,1,0,1,0,1,1,1,1,1,0.579151
0,1,0,1,0,1,0,0,0,0,0,0,0,1,1,1,0,1,0,1,1,1,1,1,0,1,1,1,1,1,1,1,0.546953
1,0,0,1,0,0,0,1,1,1,1,0,1,0,1,0,0,0,0,1,0,0,0,1,0,0,0,1,1,1,0,0,0.598851
1,1,0,1,1,0,0,1,1,0,0,1,1,0,0,0,1,1,0,1,1,0,0,0,1,1,1,1,1,0,1,1,0.602866
0,0,1,1,1,1,1,1,0,0,1,0,0,1,0,0,0,0,0,0,1,1,1,0,1,0,1,1,1,0,1,0,0.593932
1,0,1,0,0,1,0,0,0,1,0,0,0,1,1,1,0,1,0,0,1,0,1,0,1,1,1,1,0,1,1,1,0.597119
1,0,0,1,1,1,0,0,0,1,0,1,1,1,1,1,0,1,0,1,1,1,0,0,0,1,0,0,1,0,1,0,0.594860
0,0,1,1,1,0,0,0,0,1,0,0,0,1,1,1,1,0,0,1,0,1,1,0,1,1,1,0,0,1,0,0,0.597420
0,1,0,1,0,0,0,1,0,1,0,0,0,1,1,0,0,0,0,0,1,1,1,0,1,0,1,0,0,0,0,1,0.589816
0,0,0,1,0,0,1,0,1,1,0,0,1,0,0,1,0,0,1,0,0,1,0,0,1,1,0,0,0,1,0,1,0.591473
0,0,0,0,0,1,0,0,1,1,0,1,1,1,1,1,1,1,1,0,1,1,1,0,1,0,1,1,1,0,1,1,0.593455
1,0,0,0,1,1,0,1,1,0,1,0,1,0,1,1,0,0,0,1,1,0,1,1,0,0,1,0,0,1,1,0,0.581811
1,1,1,0,0,0,0,0,0,0,1,0,0,0,1,0,1,1,0,0,1,1,0,0,1,0,0,0,1,1,0,1,0.603493
0,0,1,0,1,0,1,1,0,0,1,0,1,0,1,0,1,0,1,1,0,1,0,0,1,1,0,0,0,1,1,1,0.599327
1,1,0,1,1,1,1,0,0,0,1,0,1,0,1,1,1,0,0,1,1,1,0,0,0,1,0,1,1,0,1,0,0.575211
0,1,0,1,1,0,0,1,0,0,0,0,0,1,0,1,0,0,0,1,0,0,1,1,1,1,1,1,1,0,1,0,0.592451
1,1,1,0,1,0,1,1,0,0,1,0,0,1,0,1,1,1,1,1,0,1,1,1,1,0,0,0,0,1,0,0,0.593054
1,1,1,1,1,0,1,1,0,0,1,1,1,1,1,1,0,1,0,1,0,0,0,0,0,0,0,1,0,0,0,0,0.601812
1,1,1,0,1,1,0,0,0,1,0,1,0,0,0,1,1,0,0,0,1,1,1,1,0,1,0,0,0,0,1,0,0.599654
0,1,1,0,1,0,0,0,0,1,1,1,1,1,1,1,0,0,0,0,1,1,0,1,0,1,0,1,0,1,0,0,0.601310
1,0,1,0,0,0,0,0,0,0,1,1,0,1,0,1,0,1,0,1,0,0,0,0,0,1,0,0,0,1,1,0,0.594810
1,0,1,0,0,1,1,0,0,0,0,1,1,0,0,1,0,1,1,0,1,1,1,0,1,0,1,0,0,0,1,1,0.601611
0,1,0,0,0,1,0,1,0,0,0,1,1,0,0,1,1,1,1,1,0,1,0,1,1,1,1,1,1,0,1,1,0.581409
1,0,0,0,0,1,0,1,1,1,1,1,0,0,1,0,1,1,1,0,0,0,0,0,0,0,0,1,1,0,1,0,0.597295
0,0,1,0,1,1,0,1,0,1,1,1,1,0,1,0,1,0,0,0,1,0,1,1,1,0,1,0,1,0,0,1,0.586830
0,1,1,1,0,1,1,0,0,0,1,1,1,0,0,0,0,1,0,0,0,0,0,0,1,1,1,1,1,1,0,1,0.602264
0,0,0,0,1,1,1,1,0,0,0,0,0,1,1,1,1,0,1,0,1,0,0,0,0,1,0,1,0,1,0,1,0.572400
0,1,0,0,1,1,0,1,0,0,1,0,1,0,1,1,1,0,0,1,1,1,0,1,0,0,1,1,1,1,0,1,0.566302
0,1,0,1,1,0,0,1,0,1,0,0,0,0,1,0,0,1,0,0,1,1,0,0,0,1,0,1,0,0,0,0,0.580431
1,0,0,0,1,0,0,0,1,0,1,0,1,1,0,1,1,0,1,0,0,1,0,0,0,1,1,1,1,0,0,1,0.602414
1,1,0,0,0,0,1,1,0,1,1,1,1,0,1,0,0,0,0,1,0,0,0,0,1,0,1,1,1,0,1,0,0.605099
1,0,0,0,1,1,1,0,0,1,1,0,1,0,1,1,1,0,0,1,0,1,1,0,0,1,0,0,1,0,1,1,0.588035
0,1,1,0,1,1,0,0,1,0,1,0,0,1,1,1,0,1,1,0,0,0,1,1,0,0,0,0,0,0,0,0,0.603719
0,0,1,1,0,0,1,1,0,1,0,1,0,0,1,0,0,1,0,0,1,0,0,0,0,0,1,0,1,0,0,0,0.587131
1,1,1,0,0,0,0,1,0,1,1,0,0,1,0,0,0,1,1,1,0,1,0,0,0,1,1,0,1,0,0,0,0.605200
1,1,0,0,0,0,0,1,0,0,1,0,0,1,0,0,1,0,1,0,0,1,0,1,1,1,0,0,1,0,0,0,0.606078
1,1,0,1,1,1,1,0,1,0,0,1,1,1,1,1,1,1,1,1,0,1,1,1,1,1,1,0,0,0,0,0,0.599804
0,1,0,1,0,0,0,0,1,0,0,1,0,0,0,1,1,0,0,0,0,0,1,1,0,0,0,1,0,1,1,0,0.594710
0,1,1,0,0,1,1,1,1,0,0,1,1,1,0,0,1,0,1,0,0,1,0,1,0,0,1,1,0,1,0,1,0.600181
0,1,1,0,0,1,1,0,0,1,1,0,1,1,0,1,1,0,0,0,0,0,0,0,0,0,0,1,1,1,1,1,0.596943
0,0,0,1,0,0,1,0,1,0,0,0,1,1,1,1,1,1,1,0,0,0,1,1,0,0,1,1,0,1,0,0,0.603092
1,1,1,0,0,1,1,1,0,0,1,1,1,0,1,1,1,0,0,0,0,1,0,0,0,0,1,1,0,1,0,1,0.597847
1,0,0,0,0,0,0,1,1,1,1,0,0,0,0,0,1,1,0,1,1,1,1,1,0,1,1,1,1,0,1,1,0.601812
0,1,0,1,1,0,1,0,1,1,0,0,1,0,1,1,0,0,1,1,0,1,1,0,1,0,0,1,0,1,0,0,0.599001
0,0,1,1,0,0,0,1,1,1,0,0,1,1,1,1,0,0,1,0,1,0,0,1,0,1,1,0,0,1,1,1,0.581409
1,0,1,0,0,0,0,0,1,0,0,0,1,0,1,1,1,1,0,1,0,1,1,0,0,1,1,0,0,1,1,1,0.603569
0,0,0,0,1,1,1,1,1,0,0,1,1,0,0,0,1,0,1,0,0,0,0,1,0,1,1,0,0,1,0,0,0.595714
0,0,1,0,1,1,0,1,1,1,0,1,0,0,1,1,1,0,0,1,1,0,0,1,0,0,1,0,0,1,0,0,0.595111
1,1,0,1,0,1,1,0,0,1,0,1,0,1,0,0,0,1,0,1,0,1,0,1,1,0,1,0,1,0,0,1,0.603619
0,1,0,1,0,0,0,1,0,0,0,0,0,0,1,1,1,0,0,0,0,1,0,0,0,0,1,1,1,1,0,0,0.586579
1,0,0,0,1,0,1,1,0,1,0,1,1,0,0,1,0,0,0,1,0,0,1,1,1,1,0,1,1,0,1,1,0.568962
0,0,1,1,0,0,1,1,0,0,0,0,0,0,1,0,1,1,0,1,1,0,0,1,1,0,0,0,1,1,0,0,0.596241
0,0,1,0,1,0,1,1,0,1,0,1,1,1,0,1,0,0,1,1,1,0,1,1,0,0,0,0,1,0,0,0,0.547480
1,1,0,1,0,1,0,1,0,0,1,1,1,1,0,1,1,0,0,1,1,1,1,0,1,0,0,0,1,0,0,1,0.595563
1,1,1,1,1,1,1,0,1,0,0,0,1,1,1,0,1,0,1,1,0,0,0,0,0,1,0,0,1,1,1,1,0.593656
0,1,0,1,1,1,0,1,0,0,1,0,0,1,1,1,1,1,1,0,0,0,0,1,0,1,1,0,0,1,1,1,0.578298
1,0,1,1,1,0,1,1,0,0,0,1,0,0,1,0,1,0,0,0,0,1,1,0,1,0,0,1,1,1,1,1,0.597395
0,0,0,1,1,0,1,0,1,0,1,1,0,1,0,0,0,1,1,0,1,0,1,1,1,1,0,1,1,0,0,1,0.600607
0,1,1,1,1,0,1,1,0,0,0,1,1,0,1,1,0,0,1,0,0,1,0,0,1,1,0,1,1,0,1,1,0.598826
0,0,0,0,0,0,1,0,1,1,1,1,0,1,1,1,0,0,1,0,1,0,1,0,1,0,0,1,1,1,0,0,0.601787
1,1,1,1,1,0,1,0,1,1,1,0,0,1,0,1,0,1,0,1,1,1,1,0,1,0,0,0,0,0,0,1,0.603794
0,1,1,1,1,1,0,0,0,1,1,1,1,1,0,0,0,0,1,1,0,0,1,0,1,0,1,1,1,0,1,1,0.600030
0,1,0,0,0,1,0,0,1,0,0,0,0,0,0,0,1,1,1,1,0,1,1,0,0,0,0,1,1,1,0,0,0.590895
1,1,0,0,0,0,1,1,1,1,1,1,1,1,0,1,0,0,1,1,1,1,1,1,1,0,1,0,1,0,0,1,0.591372
1,1,0,1,0,0,0,0,1,0,0,1,1,1,1,1,0,0,0,1,0,1,1,1,1,0,1,1,1,0,0,1,0.595413
1,1,0,0,1,1,0,1,0,0,0,0,1,0,0,0,1,1,0,0,0,1,0,1,1,0,0,1,0,1,1,1,0.574809
1,0,1,1,0,0,1,0,0,0,1,1,1,0,0,0,0,1,1,1,0,1,0,0,1,0,1,1,1,0,1,1,0.597571
1,0,1,0,1,1,0,1,0,0,1,1,0,1,1,0,1,1,0,0,1,0,0,0,0,0,0,0,0,0,1,1,0.596140
0,0,1,0,1,0,1,0,1,0,0,1,1,1,1,0,1,1,1,1,0,1,1,0,0,1,1,0,0,0,1,1,0.601636
0,0,1,0,0,0,1,0,0,0,1,1,1,1,1,0,0,0,1,0,0,1,0,0,0,1,1,0,1,0,1,0,0.587558
0,0,1,1,1,0,0,1,0,0,0,1,1,1,1,0,1,0,1,0,0,1,0,0,0,0,1,0,0,1,1,1,0.598976
0,0,1,0,1,1,0,1,0,1,1,1,0,1,0,0,0,0,0,1,1,0,0,1,1,1,0,0,0,1,1,1,0.598700
0,1,0,1,1,1,1,1,0,1,0,0,0,0,0,0,0,1,1,1,0,1,0,1,0,1,1,1,1,1,0,0,0.592677
1,0,0,0,1,1,1,0,0,0,0,1,0,1,0,0,1,1,1,1,0,0,1,0,0,1,1,1,1,0,1,0,0.601636
0,1,0,0,1,0,0,0,0,0,1,1,0,0,1,0,1,1,1,0,0,1,0,0,1,0,1,0,1,1,0,1,0.601511
1,0,0,1,1,0,0,0,0,0,1,1,0,0,0,1,0,0,1,1,0,0,1,0,1,0,1,0,0,0,1,1,0.598625
0,1,1,1,0,0,0,1,0,1,1,0,1,0,1,0,0,0,0,1,0,0,0,0,0,0,1,0,1,0,1,1,0.599378
0,1,0,0,1,0,1,1,1,0,1,0,1,0,1,0,1,0,1,1,1,0,1,0,0,1,1,0,0,1,1,0,0.599076
0,0,1,0,1,0,0,0,0,1,0,0,0,0,1,1,0,1,1,0,1,1,1,1,1,1,1,1,1,1,1,0,0.596968
0,0,1,1,0,1,0,0,0,0,0,0,1,0,1,0,1,1,0,1,1,1,0,0,1,0,0,1,1,0,1,0,0.580682
1,1,1,0,1,0,0,0,0,1,0,1,0,0,1,1,1,0,0,1,0,1,1,0,1,1,1,0,1,0,0,0,0.601762
1,0,1,1,1,1,0,1,1,0,1,1,1,0,1,0,1,0,0,1,1,1,1,0,1,0,0,0,1,0,1,0,0.596090
1,0,1,0,0,1,1,0,1,0,0,0,0,1,1,0,0,1,1,1,0,0,1,1,0,0,1,0,1,0,1,0,0.604999
1,0,0,0,1,0,1,0,0,0,0,1,0,1,1,1,1,1,1,1,0,0,0,1,0,1,1,1,0,1,0,1,0.598424
1,0,0,1,0,1,1,0,0,1,1,1,0,0,0,1,1,0,1,1,1,0,0,0,0,0,1,1,0,0,0,1,0.601210
1,1,0,0,1,1,1,1,1,0,0,0,1,1,0,1,1,0,0,0,1,1,0,0,0,1,1,1,0,0,1,0,0.589917
0,0,0,1,1,1,1,0,0,1,1,1,1,0,0,1,1,0,0,1,1,0,0,0,0,1,0,1,0,0,1,1,0.600206
1,0,1,1,1,1,0,1,0,1,1,0,0,0,0,0,0,1,1,1,0,0,0,1,1,0,0,0,0,0,0,1,0.601937
1,1,1,0,0,1,0,1,1,1,1,0,0,0,1,1,0,0,0,1,0,0,1,1,0,1,0,1,0,1,0,0,0.602766
1,0,0,1,0,1,1,1,1,1,0,1,1,1,1,0,0,0,0,1,1,0,1,0,0,1,0,0,0,0,1,1,0.597797
1,1,0,0,1,1,1,0,0,0,0,0,1,1,0,0,1,0,1,1,1,1,1,1,1,1,0,0,1,0,1,1,0.570192
1,1,0,1,1,0,0,1,0,0,1,1,1,0,0,1,1,0,0,0,1,0,1,1,0,1,0,0,1,1,1,1,0.556766
0,0,0,1,1,0,0,1,0,0,0,0,0,0,0,0,0,1,0,0,0,1,0,0,0,0,1,0,0,0,0,1,0.525647
0,0,0,0,0,0,0,0,1,1,1,0,1,0,1,0,0,1,1,0,0,1,1,1,0,0,0,1,0,0,1,1,0.586353
1,1,0,1,1,1,1,0,0,0,0,0,1,0,1,0,0,0,1,0,1,1,0,0,0,0,1,0,1,1,1,0,0.543390
0,1,0,0,0,0,0,0,0,1,1,1,0,0,1,0,0,1,1,0,0,1,1,0,0,0,0,0,0,0,1,0,0.592702
0,1,0,1,1,1,0,1,0,0,1,1,1,0,1,0,1,1,0,1,0,1,1,0,1,0,1,0,0,0,0,1,0.600281
0,0,0,0,1,0,1,1,0,0,0,0,0,1,1,1,0,0,1,1,1,0,1,0,0,1,0,1,0,0,1,1,0.541759
0,0,1,0,0,1,1,0,0,1,1,1,0,1,0,1,0,0,0,0,1,1,1,0,1,1,0,0,0,0,0,0,0.590644
0,1,0,0,1,0,0,0,1,0,0,1,1,0,1,0,1,1,0,1,1,1,1,1,1,1,0,0,0,1,1,0,0.598022
0,1,1,0,1,0,0,1,1,0,0,0,0,0,0,0,1,1,0,0,0,0,1,1,0,1,0,1,1,1,1,1,0.603644
0,0,0,1,1,0,0,0,1,1,1,1,1,0,0,1,1,0,1,1,0,0,0,1,0,1,0,1,0,0,0,1,0.598876
0,1,0,0,1,0,1,0,1,0,1,1,1,1,0,0,0,1,1,1,0,0,0,1,1,1,0,0,0,1,1,1,0.603468
1,0,1,1,1,0,0,1,0,0,1,1,1,0,1,1,0,0,0,0,1,1,0,1,0,1,0,1,0,0,1,0,0.589641
1,1,1,0,1,0,1,1,0,1,0,0,0,1,0,1,1,1,0,0,1,0,1,0,1,1,0,1,1,0,0,0,0.610796
1,1,0,0,0,0,0,0,0,1,1,0,0,1,0,1,0,1,1,1,1,1,1,1,0,0,0,0,0,1,0,0,0.594283
0,0,1,0,0,1,0,0,0,1,0,0,1,0,0,0,0,0,1,0,0,0,0,1,0,1,0,1,0,0,1,0,0.566402
1,0,0,1,1,1,0,1,1,0,0,0,0,0,1,0,1,1,0,1,0,0,1,1,0,0,0,1,0,1,0,0,0.594158
1,1,0,0,0,0,0,1,0,0,1,1,1,0,0,0,0,0,0,0,1,0,0,1,0,1,0,1,1,0,1,0,0.598876
0,1,0,0,1,1,0,0,0,1,0,1,1,1,1,0,1,0,0,0,0,0,0,0,1,0,0,1,0,1,0,1,0.595638
0,0,1,1,0,0,0,1,0,1,0,0,1,0,1,0,0,0,1,0,0,1,0,0,0,1,0,1,1,0,1,0,0.593731
1,0,0,0,0,1,0,0,1,0,0,1,0,0,0,0,1,0,1,0,1,0,0,1,0,1,1,1,1,1,0,0,0.600080
1,0,1,0,0,1,1,0,1,0,0,0,0,0,1,0,1,1,1,1,1,0,0,1,0,1,1,1,1,0,1,0,0.602690
1,1,1,1,1,0,1,0,0,0,0,0,0,0,0,0,0,1,1,1,1,1,1,0,1,1,0,0,1,1,1,1,0.601686
1,1,1,0,1,0,0,1,0,0,0,0,0,1,1,0,0,0,0,0,1,0,1,0,1,1,0,0,0,1,0,1,0.584923
0,1,1,1,1,0,1,0,1,1,1,0,0,0,0,0,1,0,0,1,0,0,1,0,0,0,1,1,1,0,1,1,0.599754
0,1,1,1,1,0,1,0,0,0,1,0,1,1,0,1,0,1,0,0,1,1,1,1,1,0,0,0,1,1,1,1,0.550743
1,0,1,1,0,0,1,0,1,0,1,0,0,0,0,0,1,1,1,0,1,0,1,0,0,1,1,1,0,0,0,1,0.604924
0,0,0,1,0,1,0,1,0,1,1,0,0,0,1,0,0,1,1,0,0,0,0,1,1,1,0,0,1,1,1,0,0.586905
1,1,0,1,1,0,1,1,1,0,0,1,0,0,0,1,1,0,0,1,0,1,1,0,1,0,0,1,1,1,0,0,0.605401
0,1,0,1,0,0,1,1,0,1,0,0,0,1,1,0,0,1,0,1,0,0,0,1,0,0,1,0,0,0,1,0,0.597772
0,0,1,1,1,1,0,1,0,0,1,0,0,0,0,1,0,0,0,0,0,1,0,1,0,0,0,0,0,0,1,1,0.589264
1,1,0,1,1,1,0,1,1,1,1,1,0,0,1,1,1,1,1,0,1,0,0,1,0,0,1,1,1,1,1,0,0.595036
0,1,1,1,0,1,1,0,1,1,1,0,0,1,0,1,1,0,0,0,1,0,0,0,1,0,0,0,0,0,1,0,0.603895
1,0,0,1,1,1,1,1,1,1,0,1,0,1,1,1,1,1,0,1,0,0,0,0,0,0,1,0,1,1,1,1,0.564269
1,0,0,1,1,1,0,0,0,1,0,1,1,0,1,1,1,1,1,1,0,1,1,1,1,1,1,1,0,0,1,0,0.592426
0,0,1,0,0,0,0,0,1,1,0,0,1,1,1,0,1,1,0,1,0,0,1,1,0,1,1,0,0,0,0,0,0.603067
0,1,0,0,0,1,1,0,0,1,1,0,0,1,1,0,0,1,0,0,1,1,0,1,1,1,1,0,1,1,1,1,0.595664
1,0,0,0,1,1,0,1,1,0,0,0,0,1,0,0,0,1,1,0,1,1,0,0,0,0,1,0,1,1,1,0,0.593907
0,0,0,1,0,0,0,1,0,0,1,1,1,1,0,1,0,1,1,1,0,1,1,1,0,1,1,0,0,0,0,0,0.582539
1,0,1,1,1,1,0,0,0,0,1,0,1,1,1,1,0,0,1,1,1,1,1,1,1,1,1,0,1,1,1,1,0.520252
0,0,0,1,1,0,0,0,1,1,0,1,1,0,0,1,1,1,0,1,1,0,1,0,1,0,0,1,0,1,0,0,0.601285
0,1,0,0,1,1,1,1,1,0,1,0,1,1,0,0,0,1,0,1,1,0,0,0,1,1,0,0,0,0,1,0,0.602489
1,1,0,0,1,1,1,1,0,0,1,1,1,0,0,0,0,0,1,1,0,1,0,0,1,0,0,1,1,0,1,0,0.600683
1,1,1,0,1,1,1,1,0,0,0,0,1,1,0,1,0,0,0,1,1,0,0,0,1,1,1,0,0,1,0,1,0.595212
0,0,0,1,1,0,0,0,0,1,1,1,0,0,0,0,0,1,0,0,1,0,0,1,0,1,0,0,0,0,1,1,0.559827
0,1,0,0,0,0,0,0,1,1,1,1,0,1,0,1,0,1,0,0,0,0,0,0,0,0,0,0,1,0,0,1,0.597897
1,1,0,0,0,1,0,1,1,0,1,0,0,0,1,0,1,0,0,0,1,1,0,1,0,1,0,1,0,0,1,1,0.599102
0,0,0,0,1,1,1,1,1,0,0,0,1,1,0,0,1,0,0,1,1,0,1,1,1,1,1,0,0,0,0,1,0.594183
0,1,1,1,0,0,1,1,0,0,0,1,0,1,1,0,0,0,0,0,0,0,0,0,1,0,0,0,1,1,0,0,0.596918
0,1,1,1,1,1,1,0,1,0,0,1,1,1,0,1,0,0,0,1,1,0,1,1,1,0,0,0,0,0,0,1,0.598098
0,1,0,1,1,1,0,0,1,0,1,0,1,1,1,1,1,0,1,0,0,0,1,0,0,1,1,1,1,1,1,1,0.590619
0,1,0,0,0,1,1,1,1,1,1,0,0,1,0,1,1,0,1,0,1,1,0,1,1,0,0,1,0,0,1,1,0.597094
1,0,0,1,0,1,0,0,0,1,1,0,1,0,1,0,1,0,0,1,1,1,0,1,0,0,1,0,1,1,1,0,0.596391
0,0,1,1,1,0,0,1,0,0,0,1,1,1,0,0,1,0,0,1,1,0,1,1,0,0,1,1,1,0,1,1,0.589089
1,1,1,1,1,1,0,0,0,1,1,1,1,0,1,1,1,1,1,0,0,0,0,0,0,1,1,0,0,1,0,0,0.598424
1,0,0,1,0,1,0,0,1,1,0,0,0,0,0,0,0,1,1,0,0,0,0,0,1,0,1,1,1,1,0,0,0.601034
0,1,0,1,1,1,0,0,0,1,0,1,1,1,0,1,0,0,0,0,0,0,0,1,1,0,1,1,0,0,0,1,0.596191
0,1,1,0,1,0,0,0,0,0,0,1,0,1,0,0,1,1,0,1,1,1,0,0,1,1,0,0,1,0,1,1,0.596843
0,0,1,0,0,0,0,0,0,1,1,1,0,1,0,1,0,1,0,0,0,1,1,1,0,0,0,0,1,1,0,0,0.594534
1,1,0,0,0,0,0,1,1,1,0,0,0,1,0,0,1,1,0,1,0,1,0,0,1,1,1,0,0,0,1,1,0.608412
0,1,1,1,0,0,0,1,1,1,0,0,0,0,1,1,0,1,1,0,1,1,0,0,1,1,1,1,1,1,1,1,0.570769
1,0,0,1,1,0,0,1,1,0,1,1,1,0,1,0,0,1,0,0,0,1,0,1,0,1,1,0,1,1,0,0,0.600858
1,0,0,1,1,0,1,1,0,0,1,0,1,0,0,0,1,1,1,1,1,0,1,1,1,0,0,1,1,0,1,0,0.601461
1,0,1,0,0,1,1,1,1,0,0,1,1,1,1,0,1,0,0,1,0,1,1,1,0,0,1,1,1,0,1,0,0.594710
0,1,0,0,0,0,0,1,1,0,1,1,0,0,1,0,0,0,1,0,0,0,0,0,1,1,0,1,0,1,0,0,0.597847
0,0,0,0,1,0,1,1,1,0,1,0,0,0,0,0,1,1,1,0,1,1,0,1,0,1,0,1,1,1,0,1,0.601837
1,1,1,0,1,1,0,1,0,0,1,1,1,0,1,0,0,1,1,0,0,0,1,1,0,1,0,0,0,0,1,1,0.598549
0,0,1,0,1,1,1,0,1,1,1,1,1,0,1,1,1,0,1,0,1,0,1,1,1,0,1,0,1,1,1,1,0.567582
1,1,1,0,1,1,1,0,0,0,0,0,0,0,1,1,0,0,0,0,1,1,0,1,1,0,0,0,0,0,1,1,0.582739
0,0,0,0,0,0,1,0,1,0,1,0,0,1,1,0,0,1,0,0,1,1,1,0,1,0,0,0,0,0,1,1,0.600407
1,1,1,1,0,1,1,1,1,1,1,0,0,0,0,1,0,0,0,1,1,1,1,0,0,0,1,0,1,0,1,1,0.584898
1,1,0,1,1,0,0,0,0,0,0,0,1,1,1,1,1,1,1,0,1,1,0,1,1,1,0,0,0,1,1,1,0.580305
1,0,0,0,1,1,1,0,1,1,0,1,1,0,0,0,1,0,1,0,1,0,0,0,0,0,1,1,1,1,0,0,0.597997
1,0,1,0,0,0,1,1,1,1,1,0,1,1,1,1,0,0,0,0,0,0,1,0,1,1,1,0,1,1,1,0,0.604196
0,0,0,0,0,0,1,1,1,0,1,0,0,0,1,1,0,0,1,0,0,1,1,0,0,1,1,1,1,0,0,1,0.600783
1,1,0,1,0,0,1,0,1,1,1,0,1,0,0,1,0,0,0,1,0,0,1,1,1,1,0,0,0,1,1,0,0.602138
0,0,0,1,1,1,0,1,0,0,0,1,0,1,0,0,0,1,0,1,1,0,1,0,0,1,0,0,1,1,1,1,0.557544
1,1,1,0,0,0,0,0,1,0,1,1,0,0,0,0,0,1,1,0,1,1,1,1,0,0,1,0,1,0,1,1,0.603995
1,0,0,0,0,1,1,0,1,0,0,0,1,0,1,0,1,0,1,1,1,0,1,0,0,0,1,1,1,0,0,0,0.599553
0,1,0,0,1,0,1,1,0,1,1,0,0,0,1,1,1,1,0,0,0,0,0,0,0,1,1,0,1,0,1,0,0.601235
0,1,1,1,1,1,1,0,0,0,0,0,0,1,1,0,1,1,1,0,1,0,1,1,1,0,0,0,1,1,1,1,0.587909
0,0,0,1,1,0,0,0,0,0,0,0,0,0,1,0,0,1,1,1,0,0,0,0,1,1,1,1,1,1,0,0,0.581987
0,1,1,0,1,0,1,0,1,0,1,0,0,0,1,1,0,0,1,0,1,1,1,0,1,0,0,0,0,0,1,1,0.600883
0,0,0,0,0,0,1,0,0,0,1,0,1,1,0,0,0,0,0,1,0,1,1,0,1,0,1,0,1,1,0,0,0.581460
1,1,1,0,0,0,1,0,0,1,1,0,1,0,0,0,0,1,0,0,0,1,1,1,0,1,0,0,1,0,1,1,0.603970
1,1,0,0,1,1,0,0,0,0,1,1,1,1,0,1,0,1,1,0,1,0,1,1,1,1,0,0,1,0,1,1,0.589164
0,1,1,1,0,0,0,1,0,1,0,1,1,1,1,0,1,1,1,1,0,1,1,0,1,1,1,0,1,0,1,0,0.603217
0,0,1,1,1,0,0,1,0,1,0,1,0,0,1,1,1,0,1,0,1,1,1,0,1,0,0,1,0,0,1,1,0.598399
0,0,0,1,1,1,0,1,0,1,0,1,1,1,0,0,1,1,1,0,1,0,0,0,0,1,1,1,0,1,0,1,0.601084
0,0,1,0,0,0,0,0,1,1,0,1,1,1,0,0,1,0,1,1,1,0,1,0,1,0,1,1,1,0,1,1,0.606229
0,1,1,1,0,0,1,0,0,1,1,0,0,0,0,0,1,0,0,1,0,0,1,0,0,1,1,0,1,1,0,1,0.597119
1,1,1,1,1,0,0,1,0,0,0,0,1,1,0,0,0,1,1,0,1,0,1,0,0,0,0,0,0,1,1,0,0.597094
1,1,0,1,0,0,1,0,1,1,0,0,1,0,0,1,1,1,1,1,1,1,0,0,1,1,0,0,1,1,1,1,0.586027
1,0,1,0,0,1,1,0,1,1,1,1,0,0,1,1,0,1,0,1,0,1,1,0,1,1,1,1,0,1,0,0,0.598926
1,0,0,0,0,1,1,0,1,0,1,1,1,0,0,1,1,1,1,1,1,1,0,0,0,1,0,0,1,0,1,0,0.602339
1,0,0,0,1,1,0,1,1,0,1,1,1,1,0,0,1,0,1,0,0,1,1,1,0,0,0,1,0,0,1,1,0.596191
1,1,0,1,0,0,1,0,1,1,0,1,0,1,1,1,1,1,1,0,0,1,1,0,0,1,0,1,0,1,0,1,0.599152
1,1,0,0,1,1,1,0,0,0,1,1,1,0,1,0,0,0,1,1,1,1,1,0,0,1,1,1,1,1,1,1,0.591473
0,0,0,0,1,1,1,0,1,0,1,0,1,0,0,0,1,0,1,0,0,1,1,0,0,1,0,1,0,1,0,0,0.591724
1,0,1,0,1,0,0,1,1,1,0,1,0,0,0,1,1,1,0,0,0,0,0,0,1,1,0,0,1,0,1,0,0.604146
0,0,1,1,1,0,0,0,1,1,0,1,0,0,0,0,1,0,1,0,0,0,1,1,1,0,1,1,1,0,0,1,0.597922
1,0,0,0,0,0,0,1,1,0,0,0,0,0,0,1,1,0,1,1,1,0,0,1,1,0,1,0,1,0,1,1,0.584220
1,1,1,1,0,1,0,1,1,0,0,1,0,0,1,1,0,0,0,1,1,0,0,0,0,0,0,1,1,1,1,0,0.602063
0,0,0,1,0,0,0,0,1,0,1,0,0,1,1,0,1,0,0,0,0,1,1,1,0,1,1,0,1,0,0,0,0.597596
0,1,0,1,0,0,1,1,0,0,0,1,1,1,1,0,1,0,1,1,0,0,1,1,0,1,0,0,0,1,1,1,0.582037
1,0,1,1,0,1,0,1,0,1,0,0,0,1,1,0,0,1,1,1,0,1,1,1,1,1,0,0,1,0,1,1,0.584521
1,0,0,1,1,1,1,0,1,1,0,1,0,0,1,1,0,1,0,0,0,0,1,1,1,0,1,1,1,1,1,1,0.556816
0,0,0,0,1,0,1,0,1,0,1,0,1,1,1,1,1,0,1,1,1,1,1,0,0,1,0,0,0,1,1,0,0.589490
1,0,0,1,0,0,0,0,0,0,1,0,0,1,0,0,1,1,0,1,1,0,0,0,1,0,1,0,1,0,0,1,0.599252
1,1,1,1,1,0,1,1,1,0,0,1,1,1,0,1,1,0,1,1,0,1,1,0,1,1,1,1,0,1,0,1,0.584145
1,0,0,1,0,0,1,0,0,0,1,1,1,0,0,1,0,0,0,1,1,1,0,1,1,1,1,0,1,0,0,0,0.599603
0,0,0,1,1,0,1,0,1,0,0,1,1,0,1,0,1,0,0,0,1,1,0,1,1,1,0,0,0,0,0,0,0.592702
1,1,1,1,1,0,0,0,0,1,0,1,1,1,0,1,1,0,0,0,0,0,0,0,1,0,1,0,1,1,0,0,0.600457
1,0,0,0,0,0,1,0,0,0,1,0,1,1,1,1,0,0,1,1,1,0,0,1,0,1,1,0,1,1,1,0,0.594735
0,0,1,1,0,1,0,0,1,0,0,0,0,1,0,1,1,0,0,1,1,1,0,0,0,0,1,0,1,1,1,1,0.596943
1,1,0,0,0,0,0,1,1,1,1,0,0,0,0,0,1,0,1,1,0,1,1,1,1,0,0,1,1,0,1,1,0.603794
1,1,0,0,1,1,0,0,0,0,0,0,0,1,1,0,1,1,0,0,0,0,1,0,0,0,0,0,1,0,0,1,0.595061
0,1,1,1,1,1,0,1,1,0,0,0,0,0,0,0,0,1,0,0,1,1,0,0,1,1,0,1,1,1,1,0,0.594434
0,1,1,0,1,1,0,1,1,1,0,0,0,0,0,1,1,1,0,1,0,0,1,0,0,1,0,0,0,0,0,1,0.605727
0,0,1,1,0,0,0,1,1,1,1,1,0,1,1,0,1,1,1,0,0,1,1,1,1,0,1,0,0,0,1,0,0.604472
0,0,0,1,0,1,1,1,1,1,1,1,1,0,0,1,0,1,0,1,1,0,0,0,0,1,1,1,0,0,0,0,0.599252
0,0,1,0,0,1,1,0,0,0,1,0,1,1,0,1,0,0,1,1,1,1,1,0,1,0,0,0,0,1,0,1,0.588988
0,0,1,1,0,0,0,0,0,0,1,0,1,0,0,1,1,0,1,1,0,1,0,1,0,0,0,0,1,0,1,0,0.596517
0,1,1,0,1,1,0,1,0,1,1,1,0,0,1,0,0,0,0,0,1,0,1,0,0,0,0,0,1,0,1,1,0.584722
0,1,0,1,0,1,1,1,0,1,0,0,1,0,1,0,0,1,1,1,0,1,1,1,1,0,1,0,0,0,1,1,0.601461
1,1,1,0,0,1,0,1,0,1,1,0,1,0,0,0,0,1,1,0,0,0,1,1,1,0,1,1,1,0,0,1,0.603594
1,1,1,0,0,1,1,1,0,1,1,1,1,1,1,0,1,1,0,1,0,0,1,1,0,0,0,0,1,0,1,0,0.594083
1,1,1,1,0,0,1,1,0,0,0,0,1,1,0,1,0,0,0,0,0,0,0,1,1,0,0,0,1,1,0,0,0.605049
1,1,0,1,1,0,0,0,1,1,0,0,1,0,1,0,1,0,1,0,1,1,1,0,1,0,0,0,1,0,1,0,0.603242
1,1,0,0,0,1,1,0,0,1,1,0,1,1,0,0,1,1,0,0,0,1,1,0,0,1,0,0,1,1,1,1,0.590268
1,1,0,0,0,0,1,1,0,0,0,0,1,0,0,1,0,1,0,1,0,0,0,0,0,1,0,0,1,0,1,0,0.600356
0,1,1,1,0,1,1,1,0,0,1,0,1,1,1,1,1,0,1,1,1,0,1,1,0,0,0,1,1,0,1,1,0.576666
0,1,1,0,0,1,0,1,0,0,0,1,1,0,1,0,0,1,0,0,1,1,1,0,0,1,1,1,1,0,0,0,0.600080
0,0,0,0,1,1,1,0,1,0,0,1,0,0,1,1,1,0,0,1,0,1,0,0,0,1,1,1,1,0,1,0,0.596467
1,1,1,0,0,1,1,0,0,1,1,1,1,0,1,0,1,1,0,0,0,0,1,1,0,0,1,1,1,0,0,1,0.599327
1,0,0,1,1,1,1,0,0,1,0,1,0,1,0,1,0,1,1,0,1,0,1,0,0,0,1,0,0,0,0,1,0.600557
1,0,0,0,1,1,0,0,1,0,0,0,0,1,1,0,0,0,0,0,0,1,1,0,1,0,0,1,1,0,1,1,0.592401
0,0,1,0,1,0,1,0,0,0,1,1,1,1,1,0,0,0,1,0,0,1,1,1,1,0,1,1,0,1,0,0,0.586428
0,0,0,0,1,0,0,0,1,0,0,1,1,0,0,0,1,0,0,1,0,0,0,1,1,0,0,0,1,1,0,0,0.602239
0,0,0,0,0,0,0,0,0,0,1,0,1,0,1,0,1,1,0,1,0,0,0,1,1,0,1,1,1,0,1,1,0.593279
0,0,0,1,0,0,1,0,0,1,1,1,1,1,1,0,0,0,1,1,1,1,1,1,0,0,0,0,0,1,0,0,0.564972
0,0,1,0,1,1,1,0,1,0,0,0,0,1,1,1,1,0,0,1,1,0,0,0,1,0,0,1,1,1,1,1,0.595889
0,0,1,1,1,0,1,1,1,1,0,0,0,0,0,0,1,0,0,0,0,1,1,1,1,1,1,1,1,1,1,0,0.601335
1,0,1,0,1,0,1,1,1,1,0,1,0,0,0,0,0,1,1,0,0,1,1,1,1,0,1,0,1,1,1,0,0.602715
1,1,1,0,0,0,0,0,0,1,0,1,0,1,1,0,1,0,0,1,1,0,1,1,1,1,1,0,0,0,1,0,0.603594
1,0,0,1,0,0,0,0,1,1,0,1,1,0,0,0,0,1,1,1,1,0,0,0,1,0,0,0,1,0,0,1,0.603945
0,0,1,0,1,1,0,0,1,1,1,1,1,1,1,0,0,0,1,0,0,1,0,0,1,0,1,0,1,0,0,1,0.603594
0,0,0,1,1,0,1,1,1,0,1,0,1,1,0,1,1,1,0,0,1,0,0,0,0,1,0,1,1,0,0,1,0.597169
0,1,0,1,0,1,1,1,0,1,0,1,1,0,1,0,1,1,1,0,0,0,0,0,1,1,0,0,0,0,0,1,0.602088
0,0,0,1,0,0,0,1,0,0,1,0,1,0,1,0,1,1,1,0,0,0,0,0,1,1,0,1,0,0,1,1,0.598851
1,1,1,1,1,0,1,0,0,0,0,1,1,0,1,1,0,0,0,1,1,0,0,0,0,0,1,0,1,0,1,0,0.594032
0,0,1,1,1,1,1,1,1,0,0,1,0,0,1,1,1,0,0,1,0,0,0,1,0,1,0,0,0,1,0,1,0.600582
0,1,1,1,1,1,1,1,1,0,0,1,0,0,1,1,0,0,0,0,1,1,0,1,1,0,1,1,0,0,0,0,0.597495
1,0,0,0,0,0,1,0,0,1,0,0,0,0,0,0,1,0,0,0,0,0,1,1,1,1,1,0,1,0,1,1,0.606630
0,1,0,0,0,0,0,0,1,0,0,1,0,0,1,0,1,1,1,0,0,0,0,1,0,0,0,1,0,0,1,1,0.594760
0,1,0,0,1,0,0,0,1,1,0,0,0,0,1,0,0,1,0,0,1,0,1,1,0,1,1,0,1,0,0,0,0.598625
0,1,0,0,0,1,0,0,0,1,1,1,1,0,0,0,0,0,1,0,0,0,1,1,0,1,0,1,1,1,0,1,0.589490
0,0,0,1,1,1,0,1,1,0,0,1,1,1,0,0,0,0,1,0,0,1,0,0,0,1,1,0,1,0,1,0,0.597370
1,0,0,1,1,0,0,1,1,0,0,1,1,0,0,1,0,1,0,0,0,1,1,1,1,0,0,0,0,0,0,0,0.596216
0,1,1,0,1,0,0,1,1,1,1,0,0,0,0,1,0,1,0,1,0,0,1,1,0,0,1,1,1,1,1,1,0.569941
0,0,0,1,0,1,1,0,1,0,1,0,1,0,0,0,1,1,0,0,0,0,0,0,0,0,1,1,1,1,0,0,0.599227
1,0,1,0,1,1,1,1,0,0,1,0,1,1,0,1,0,1,1,0,1,0,0,0,0,0,1,0,0,0,1,1,0.574533
0,1,0,1,0,1,1,0,0,0,1,0,0,0,1,0,1,0,1,0,1,1,1,0,1,1,0,0,1,1,1,1,0.597320
1,0,0,0,1,0,1,1,1,1,0,0,0,1,1,0,0,1,1,1,1,0,0,0,0,0,0,1,0,0,1,0,0.599428
0,1,0,0,0,0,1,0,1,0,0,0,1,0,0,0,1,1,1,1,1,1,1,1,1,1,1,1,1,0,0,0,0.609165
0,1,1,0,0,1,1,1,1,1,0,1,1,0,0,0,1,1,1,0,1,1,1,1,0,0,0,1,1,0,1,1,0.596191
1,1,1,1,1,0,1,1,1,0,1,0,0,1,1,0,1,1,0,1,0,1,1,1,1,1,0,1,0,1,1,0,0.600683
0,0,1,0,1,0,1,1,0,0,0,0,0,1,1,1,1,0,0,1,1,1,0,1,1,1,1,1,1,0,1,1,0.578423
0,0,0,1,0,0,1,1,1,1,0,0,1,1,0,1,0,0,0,0,0,1,0,0,1,1,0,1,1,0,1,1,0.589139
1,0,0,0,1,0,1,0,1,1,0,0,1,0,1,0,0,1,1,1,0,0,1,0,0,0,0,1,0,1,0,0,0.601310
0,1,0,1,1,0,1,0,1,0,0,1,1,0,0,1,1,0,0,0,1,0,1,1,1,1,1,0,0,0,0,1,0.597772
1,1,0,0,1,0,1,0,1,1,1,0,1,0,1,1,0,0,0,0,0,0,0,1,0,0,1,1,1,1,0,1,0.599679
1,0,1,0,1,1,1,0,0,1,0,1,1,0,1,0,1,0,1,1,0,1,1,1,0,0,0,0,1,1,0,0,0.594835
1,0,0,1,0,1,0,0,0,1,0,0,1,0,0,1,0,1,1,1,1,0,1,1,1,0,0,0,0,1,0,1,0.600156
0,0,1,0,0,0,1,0,0,0,1,1,1,1,1,1,1,1,1,0,1,0,1,1,0,0,0,0,1,0,0,1,0.583668
1,0,0,0,0,1,0,0,0,0,1,0,1,0,0,1,0,0,1,1,0,1,1,0,1,0,0,1,0,0,1,0,0.598449
0,0,0,0,0,1,0,1,1,1,1,1,0,1,0,1,1,1,1,0,1,0,0,1,0,1,0,0,0,0,0,0,0.597972
1,1,1,1,0,1,1,0,0,1,1,1,0,0,1,0,1,0,0,1,1,0,1,0,0,1,1,0,1,0,1,0,0.601812
1,1,1,0,0,1,1,1,0,0,0,1,1,1,0,0,0,0,0,1,0,1,1,1,0,0,0,0,0,0,0,1,0.594886
0,1,0,1,0,1,1,1,0,0,1,0,0,1,0,0,1,0,0,0,0,1,1,0,1,1,0,1,1,0,0,0,0.603318
0,1,0,0,1,0,0,1,0,0,0,0,0,0,0,1,1,1,1,0,1,1,1,0,1,0,1,0,1,1,1,0,0.601561
0,0,0,0,0,0,0,0,0,0,1,1,1,1,1,0,0,0,0,0,1,1,0,0,1,1,1,1,0,0,1,1,0.595488
1,1,1,1,0,0,0,1,0,0,0,0,1,0,1,0,0,1,1,1,1,1,1,0,1,1,0,0,1,1,1,1,0.590419
0,0,1,0,0,0,1,0,1,0,0,1,0,0,0,0,0,0,1,0,1,0,0,1,0,1,1,1,0,0,0,1,0.598876
0,1,1,1,0,0,0,1,0,1,1,1,1,0,1,1,1,1,1,0,1,0,0,1,1,1,1,1,0,1,0,1,0.592677
1,0,0,1,0,1,0,1,0,0,0,1,0,0,1,0,1,1,1,1,1,1,0,0,0,1,1,1,1,0,1,0,0.602916
0,1,0,0,1,0,1,0,1,1,0,1,1,1,0,0,1,1,1,1,1,0,1,1,1,1,0,0,1,1,1,0,0.608286
1,1,0,1,1,0,0,0,0,0,1,0,0,1,0,1,1,0,0,1,1,1,0,1,0,1,1,0,0,1,1,1,0.582514
1,1,0,1,1,1,1,0,0,1,1,0,0,0,0,0,1,0,0,0,1,0,1,1,0,0,1,1,0,0,1,0,0.600381
1,1,0,0,1,0,0,1,0,1,0,0,1,0,0,1,0,0,0,0,0,1,1,0,1,1,0,1,1,0,1,1,0.601737
0,0,0,1,1,0,1,1,0,1,0,1,0,0,1,1,1,0,1,1,0,0,1,1,1,0,0,0,1,1,0,0,0.598449
0,1,0,1,0,0,1,0,0,1,0,0,1,1,1,0,0,0,0,0,0,1,0,0,1,1,1,0,1,1,1,1,0.603669
1,1,0,1,0,1,0,1,0,1,0,1,0,1,1,0,1,1,1,1,1,1,1,0,1,1,1,1,1,1,0,1,0.589917
0,1,1,1,0,0,1,0,0,0,1,0,0,0,1,0,0,1,1,1,1,0,0,1,0,0,0,0,0,1,1,0,0.602013
1,1,1,0,0,1,1,1,1,0,1,0,0,0,1,0,0,0,0,1,0,0,1,0,1,1,1,0,1,0,1,0,0.586228
1,0,1,1,0,0,0,0,0,0,1,1,0,1,0,0,1,0,0,0,0,1,0,0,1,0,1,1,1,1,1,0,0.600381
0,1,1,1,0,0,0,1,0,1,1,1,1,1,0,0,1,1,1,0,0,0,0,0,1,0,0,0,1,1,1,0,0.600306
0,0,1,1,1,1,0,1,1,1,0,0,1,0,1,1,0,0,1,1,1,0,0,0,1,0,1,0,1,1,1,1,0.557167
0,0,0,0,1,0,1,0,1,0,1,1,1,1,0,0,1,0,0,1,1,0,0,0,1,1,0,0,1,0,1,1,0.602414
0,1,1,1,1,0,1,0,1,0,0,1,1,1,1,1,0,1,1,1,0,1,0,0,0,1,0,1,0,1,0,0,0.600858
0,1,1,0,0,0,0,1,0,1,1,1,0,1,0,1,0,0,0,0,1,0,1,1,1,1,1,0,1,1,1,1,0.571070
0,1,1,0,1,0,0,1,1,1,0,0,1,0,0,0,1,0,0,1,0,0,0,1,1,0,0,0,0,0,1,1,0.601536
1,1,0,0,1,0,1,1,0,0,0,1,1,1,0,1,0,1,0,1,0,1,0,0,1,0,1,0,0,1,0,0,0.602314
1,1,0,0,1,1,1,0,0,1,0,0,1,0,0,1,0,1,1,1,0,1,1,1,1,0,0,1,0,1,0,1,0.592225
1,1,0,0,1,0,1,0,1,0,1,1,0,0,0,1,1,0,1,0,1,0,1,0,0,0,1,1,0,0,1,1,0.602088
1,0,1,1,1,0,1,1,0,0,1,1,1,1,1,1,0,0,1,0,1,1,1,1,1,1,0,0,0,0,1,1,0.584822
1,0,1,0,1,0,1,1,0,0,1,1,0,0,0,0,0,0,0,1,1,0,1,0,1,0,1,1,0,0,1,1,0.601661
0,0,1,0,0,0,1,0,1,0,0,1,1,1,0,1,1,1,0,0,0,0,1,0,1,1,0,1,0,0,0,1,0.607584
0,0,0,1,1,1,1,1,1,0,0,0,0,0,0,1,1,1,0,1,1,1,0,0,1,0,1,0,1,1,0,1,0.591849
1,1,0,0,1,0,1,1,0,1,0,0,0,0,1,1,0,1,0,0,1,1,1,0,0,0,1,1,1,0,0,1,0.597947
1,1,1,0,1,1,1,1,0,1,1,1,1,0,0,1,1,1,0,0,1,0,1,0,1,0,0,1,0,0,0,1,0.597772
0,0,1,0,1,0,1,1,0,1,1,0,1,1,0,0,1,0,0,1,1,0,1,1,0,1,0,0,1,0,0,1,0.592075
0,1,0,0,0,1,0,0,1,1,1,1,0,0,0,0,1,1,0,0,1,0,1,0,1,1,0,1,0,0,1,1,0.601962
0,1,1,1,0,1,1,0,0,0,1,0,1,1,1,1,0,1,0,0,0,0,0,0,0,1,0,1,0,1,0,1,0.603694
1,1,0,0,1,0,0,1,1,1,0,0,0,1,1,1,1,1,1,0,0,0,1,1,1,0,1,0,1,0,1,0,0.606404
1,1,0,0,1,1,1,0,0,1,1,0,0,0,0,0,0,1,0,0,1,1,0,1,1,1,0,0,0,0,0,0,0.597270
1,0,1,0,0,1,0,1,0,0,0,1,0,0,1,0,1,1,0,1,0,0,0,0,0,0,1,0,0,0,1,0,0.599779
0,0,0,1,1,1,0,0,0,1,1,1,0,0,1,0,0,1,0,0,0,1,0,1,0,0,1,0,0,0,1,1,0.569163
1,1,0,0,1,1,0,1,1,1,0,1,1,0,1,1,0,0,0,1,1,0,1,1,1,1,1,1,0,1,1,1,0.542813
0,0,0,1,0,0,1,0,0,0,1,1,0,1,1,1,1,0,0,0,1,1,1,0,0,0,0,0,1,0,1,1,0.589264
0,0,0,1,1,0,0,0,0,0,1,1,0,1,1,1,0,0,0,0,0,0,1,0,0,0,1,0,1,1,1,1,0.540127
1,1,0,0,1,0,1,0,1,1,1,1,1,0,0,1,0,1,0,1,0,0,1,0,1,1,1,1,1,0,0,1,0.603619
1,1,0,0,0,0,0,1,1,0,1,0,0,1,1,0,0,0,0,1,1,1,0,1,0,0,0,0,1,0,1,0,0.599051
0,0,0,0,1,1,1,0,0,0,1,0,1,0,1,1,1,0,0,1,1,1,1,1,1,1,0,1,0,0,1,0,0.593380
1,1,1,1,0,1,1,0,1,1,1,1,0,0,1,1,0,1,1,1,1,1,1,0,0,0,0,0,1,0,0,1,0.603719
0,1,1,0,1,0,0,1,1,1,0,1,1,0,1,1,1,1,0,1,0,1,0,0,0,0,1,1,1,0,1,1,0.600130
1,1,1,1,0,0,0,0,0,1,1,0,1,1,1,1,0,0,0,0,1,1,0,0,0,0,1,1,1,1,0,0,0.596517
0,1,0,1,1,0,1,1,1,0,0,1,1,0,0,1,1,1,1,1,0,1,0,1,0,0,1,1,0,0,1,0,0.602690
1,1,0,0,1,0,1,1,0,0,0,0,0,1,0,0,1,1,0,1,0,0,0,1,0,0,0,1,0,1,1,0,0.597069
0,1,1,0,1,0,1,0,1,1,0,1,0,1,0,0,1,0,0,0,1,1,1,1,1,1,0,1,1,1,0,0,0.604472
0,0,0,1,0,1,0,1,0,0,0,1,1,1,1,1,0,0,0,1,0,1,0,1,0,1,1,0,0,1,0,1,0.584069
0,0,0,0,1,0,0,0,0,0,1,1,1,1,1,1,1,0,1,0,1,1,0,1,1,1,0,0,1,0,1,1,0.593907
0,0,1,1,1,1,1,0,0,1,1,1,0,1,1,0,0,0,1,1,1,0,1,0,1,0,1,1,0,1,0,0,0.604221
1,1,1,1,1,0,1,1,0,0,0,0,1,0,1,0,1,1,0,0,1,0,0,1,0,0,0,0,1,1,1,1,0.578373
1,0,1,1,1,0,1,1,1,0,0,1,0,1,1,0,0,1,0,0,1,1,0,0,1,1,1,1,0,0,1,0,0.598098
0,1,1,0,0,1,0,1,0,1,1,0,1,0,1,0,1,0,1,1,1,0,0,0,0,1,1,1,0,1,0,0,0.601887
0,1,0,0,0,0,0,1,1,1,1,0,0,0,1,0,1,0,1,1,0,1,0,0,0,1,0,0,0,0,1,1,0.599503
1,1,0,1,0,1,1,0,0,1,1,1,1,0,0,0,1,1,1,0,1,0,0,0,0,1,0,0,1,0,1,1,0.600858
1,1,0,0,1,0,0,0,1,1,0,1,1,0,0,1,0,0,0,1,0,1,1,0,0,0,1,1,1,0,1,1,0.601486
0,0,1,1,0,1,0,1,0,1,0,0,0,1,0,1,1,0,1,0,0,1,1,1,1,1,1,0,1,1,0,0,0.572049
1,1,0,1,1,0,0,1,0,0,1,0,0,1,0,1,1,1,1,1,0,1,1,0,1,0,0,0,0,1,0,1,0.602314
0,1,0,0,1,0,0,0,0,0,1,1,0,0,0,0,1,0,0,1,1,0,1,0,1,1,0,1,0,0,1,1,0.598223
0,1,1,0,1,1,1,1,0,1,0,1,0,0,1,0,0,0,1,0,0,0,1,1,0,1,0,0,1,0,0,0,0.596968
0,0,1,0,0,1,1,1,0,1,0,1,0,0,0,0,0,0,0,1,1,0,0,1,1,0,0,0,0,0,0,1,0.583517
0,1,1,1,1,1,0,1,0,1,0,0,0,0,1,1,0,0,0,1,1,1,0,0,1,0,1,0,0,0,1,0,0.599578
0,1,0,0,1,0,0,0,1,1,1,0,0,1,0,0,0,1,1,0,1,1,0,1,1,0,1,1,0,0,0,1,0.602966
0,0,0,1,1,1,1,1,1,0,1,0,0,0,0,1,0,1,1,0,1,0,0,0,1,0,1,0,1,1,0,0,0.598976
1,0,1,1,0,1,0,1,1,1,0,1,1,1,0,1,1,0,0,1,0,0,1,1,0,0,0,0,1,0,1,1,0.584672
0,1,1,1,1,1,0,1,0,0,0,0,1,0,1,1,0,1,0,0,1,1,0,1,1,0,0,1,0,0,1,1,0.582463
1,0,0,0,1,0,1,0,1,0,1,1,0,1,1,0,0,0,1,1,1,0,1,1,0,0,1,1,1,1,0,0,0.600507
1,1,1,1,0,0,1,0,1,0,1,1,0,1,0,0,1,0,0,1,1,0,0,1,1,1,0,1,1,0,0,0,0.597671
0,0,1,1,1,1,0,1,1,0,0,0,1,0,0,1,1,1,1,0,1,0,1,0,0,1,0,0,0,0,0,0,0.602489
0,0,0,0,1,1,1,0,1,0,1,1,0,1,0,1,1,0,0,1,1,1,0,1,1,0,1,1,0,1,0,1,0.594685
0,0,1,0,1,1,1,0,1,1,0,1,1,1,0,0,1,1,1,0,0,1,1,1,1,1,1,0,1,0,0,1,0.606555
0,1,0,1,0,1,0,0,0,1,1,0,0,0,0,0,0,0,0,0,1,1,0,1,0,1,1,0,1,0,1,0,0.592803
0,1,0,0,1,0,1,0,1,0,1,0,0,1,0,0,0,1,1,1,1,0,0,1,1,0,1,0,1,0,1,0,0.602740
1,0,0,1,0,1,1,0,1,0,1,0,0,1,1,0,0,1,1,0,0,0,1,0,0,1,0,1,1,0,1,1,0.604096
1,0,0,0,1,0,0,1,0,1,0,1,1,1,1,1,1,1,1,0,0,0,1,1,1,0,0,0,0,1,1,0,0.571773
0,1,0,0,1,0,1,1,1,1,1,1,1,0,1,1,0,0,0,1,0,1,1,1,1,1,1,1,1,1,1,1,0.533452
1,0,0,0,1,0,1,0,1,0,1,1,0,1,1,1,0,0,1,1,0,1,1,1,1,1,1,0,0,1,1,1,0.560932
0,1,0,1,0,0,1,0,1,1,0,1,0,0,1,1,0,0,0,1,0,0,1,0,0,0,1,1,1,1,1,0,0.598499
1,0,0,0,0,1,1,1,1,0,1,1,1,0,1,1,1,0,1,0,1,0,1,1,1,1,1,0,1,0,1,1,0.556640
0,1,0,1,1,1,1,0,0,1,1,0,0,1,0,1,0,1,1,0,1,0,0,1,0,0,1,0,1,0,1,0,0.595990
0,1,1,1,1,1,0,1,1,0,0,0,1,1,0,0,1,1,1,1,1,1,1,0,1,0,0,1,0,0,0,1,0.597194
0,0,0,0,0,1,1,0,0,0,0,1,1,1,1,0,1,1,0,0,1,0,1,1,0,1,1,1,0,0,1,1,0.591949
0,0,1,0,1,1,0,0,0,0,0,1,1,1,0,0,0,0,1,1,0,0,0,0,0,0,1,1,0,1,0,1,0.557770
1,1,1,0,0,1,1,1,0,1,0,0,0,0,0,1,1,1,1,0,1,0,1,1,0,1,0,0,0,0,0,0,0.598675
0,1,0,1,0,0,0,1,1,1,1,0,0,0,1,0,1,0,1,0,0,1,1,0,0,1,1,1,0,1,0,1,0.601536
1,0,1,0,0,0,0,0,1,1,1,1,1,1,1,1,1,0,0,0,0,1,0,0,0,0,1,0,1,1,1,0,0.604271
1,1,0,0,0,1,1,0,1,0,0,0,1,1,1,0,1,1,1,0,1,1,0,0,1,0,1,1,1,1,1,1,0.598148
0,1,1,1,1,1,0,1,1,1,1,0,1,1,0,0,1,0,0,1,0,1,1,0,0,1,1,1,0,0,0,0,0.601862
1,1,0,1,0,0,0,0,1,0,0,1,1,0,1,0,1,0,0,0,1,0,1,0,1,0,1,1,0,1,1,0,0.602038
0,1,0,0,0,1,0,0,0,1,1,1,0,1,0,1,1,0,1,1,1,1,1,1,0,1,0,0,0,0,0,0,0.598449
0,0,0,0,1,1,1,0,1,0,1,0,1,1,0,0,1,0,1,0,0,1,0,1,1,1,0,1,0,0,0,0,0.597972
