1,1,0,1,1,1,0,0,1,1,1,0,1,0,1,0,0,0,1,1,1,1,0,1,0,0,0,1,0,0,0,0,0.597053
1,1,0,0,1,1,0,0,1,1,1,1,0,1,1,1,0,1,1,0,0,0,0,1,0,1,1,0,1,1,0,0,0.600810
0,0,1,0,0,0,0,1,0,0,0,1,1,1,0,1,1,1,0,1,0,0,1,0,0,1,0,0,1,0,1,1,0.581335
0,1,0,1,0,0,1,1,1,0,0,1,1,1,1,1,0,0,1,0,0,1,1,1,0,1,0,1,0,1,1,1,0.573929
0,1,0,0,1,1,1,1,1,1,1,1,1,1,0,0,1,0,1,0,0,0,1,0,1,0,0,1,0,1,1,0,0.595109
0,0,0,1,0,1,0,0,0,0,0,1,0,1,1,1,1,1,1,0,1,0,0,1,1,0,0,0,1,1,1,1,0.571158
0,1,0,1,0,1,1,0,1,1,0,0,1,1,1,1,1,1,0,0,0,0,0,1,1,1,1,1,1,1,0,0,0.607550
0,1,0,1,1,0,0,0,1,1,0,1,0,0,0,1,0,0,1,1,1,1,1,1,0,0,1,1,0,0,0,1,0.594309
1,1,1,1,0,0,1,0,0,1,1,1,1,0,1,1,1,1,1,1,0,1,1,1,0,0,1,1,0,0,1,1,0.587436
0,1,1,0,0,0,1,1,0,0,1,0,0,1,0,1,0,0,1,1,1,1,0,0,0,1,1,1,0,1,0,1,0.602835
1,0,0,0,1,0,1,1,0,0,0,0,1,0,0,0,0,1,0,1,1,1,1,0,0,0,0,0,0,1,0,0,0.574595
0,1,1,1,0,1,1,0,1,0,0,1,0,1,1,0,0,1,1,0,0,0,1,1,0,1,0,1,1,0,0,1,0.609815
0,1,0,0,0,0,1,1,1,1,0,1,1,0,1,0,1,1,0,0,0,1,0,0,0,1,0,1,0,1,1,1,0.599744
1,0,0,0,0,0,1,1,0,1,1,0,1,0,0,0,0,1,1,0,0,1,0,0,0,1,1,0,0,1,0,1,0.596574
0,0,0,1,0,1,0,0,0,1,1,0,1,1,1,1,0,1,1,1,1,1,0,0,1,0,0,1,1,0,0,0,0.587010
0,1,0,0,1,1,1,0,0,0,0,1,0,0,1,0,0,1,1,1,1,1,1,0,0,1,0,0,0,0,1,0,0.594123
0,0,1,1,1,1,0,1,1,0,1,0,1,0,1,0,1,0,0,0,1,0,0,1,0,1,0,1,1,0,0,0,0.589834
1,0,1,0,0,0,1,0,0,0,1,1,1,0,1,0,1,1,0,0,1,1,1,1,0,1,0,1,1,0,0,0,0.596947
1,0,1,0,0,1,0,0,1,1,0,0,1,0,0,1,0,1,1,0,1,1,1,1,1,1,0,1,1,0,0,0,0.597906
1,0,0,0,1,0,1,1,0,1,1,0,0,0,1,0,0,1,0,0,1,1,0,0,1,0,1,0,0,1,1,0,0.593084
1,1,1,1,1,1,0,1,0,0,1,0,1,0,1,0,1,1,0,0,0,0,1,0,0,0,1,0,0,1,1,1,0.592258
1,1,1,0,0,1,1,0,0,1,0,1,1,0,0,0,1,0,1,0,1,0,1,0,0,0,1,0,1,1,0,1,0.592231
1,0,0,1,1,1,1,1,1,1,1,0,0,0,0,0,0,0,0,1,1,0,0,0,1,1,0,0,1,1,0,0,0.592764
0,0,1,0,1,1,0,1,0,1,0,1,0,0,0,1,0,0,1,1,0,1,1,1,0,1,0,1,1,1,1,1,0.529731
0,0,0,0,0,1,1,0,0,1,1,0,0,0,1,1,1,1,0,0,1,1,1,0,0,0,0,0,0,1,1,0,0.586584
0,1,0,1,0,1,0,0,0,0,0,1,1,0,1,1,1,0,0,0,1,0,1,0,1,0,0,1,0,1,1,0,0.583760
1,0,0,1,1,0,0,0,0,0,1,0,1,1,1,1,0,0,0,1,0,1,1,1,0,1,0,1,0,1,1,0,0.573290
1,1,1,0,1,0,0,1,1,0,1,0,0,0,0,0,1,0,1,1,0,1,1,1,0,0,0,0,0,1,1,1,0.593830
0,0,0,0,1,1,0,1,1,1,0,1,1,1,0,0,0,0,0,0,0,0,0,0,1,0,0,0,1,1,0,0,0.598332
1,0,1,0,0,1,1,0,1,0,0,0,0,1,0,0,0,0,0,1,1,1,0,1,1,0,1,1,1,0,1,1,0.588848
0,1,0,1,0,0,0,1,1,1,0,1,1,1,0,0,1,0,1,1,0,0,1,0,0,1,1,0,0,1,1,1,0.595748
1,0,1,1,0,1,0,0,0,1,0,0,1,0,0,0,0,0,1,1,0,0,0,1,0,1,0,1,1,1,1,1,0.591166
0,0,0,1,1,1,1,0,1,1,1,1,0,1,1,0,0,1,0,0,0,0,0,1,1,1,0,0,1,0,1,0,0.597187
1,0,0,1,0,1,0,1,1,1,0,1,1,0,1,1,0,1,0,1,1,1,0,1,1,0,0,0,1,1,0,1,0.587143
1,0,0,0,1,1,1,0,1,1,0,0,1,1,0,0,1,0,1,1,0,1,0,0,0,1,1,1,0,0,0,1,0.594043
0,0,0,0,0,1,1,0,1,1,0,1,1,0,0,1,0,1,1,1,0,0,1,1,1,1,0,1,1,0,0,1,0.598332
1,1,1,1,0,0,1,0,0,0,1,1,0,1,0,0,0,0,1,1,0,0,0,1,1,1,0,1,0,1,1,0,0.593990
1,1,0,0,1,1,0,0,0,1,1,0,1,0,1,1,0,1,1,1,0,1,1,0,1,1,0,1,0,0,0,0,0.594816
1,0,0,0,0,0,0,0,1,1,0,1,1,0,1,1,1,1,1,0,1,0,0,0,0,1,0,0,1,0,1,0,0.603261
1,1,0,0,0,0,0,0,0,1,1,1,0,1,1,1,1,0,0,1,1,0,0,0,1,1,0,0,0,1,1,0,0.590100
1,1,0,1,0,1,0,1,1,1,1,0,1,1,1,1,0,1,0,0,1,1,1,1,0,0,1,1,0,1,0,0,0.596014
1,0,1,0,1,0,1,1,0,1,0,1,1,0,0,0,0,0,1,0,0,1,0,0,0,0,0,1,0,1,0,1,0.586797
1,1,1,1,1,1,1,0,1,1,0,0,0,1,0,0,0,1,0,1,0,1,0,0,1,0,0,0,1,1,0,0,0.597720
0,0,1,0,0,0,1,0,0,1,1,1,1,0,0,1,1,0,0,1,1,1,0,1,0,1,1,0,0,0,1,0,0.592498
0,0,1,1,0,1,1,0,1,0,1,1,0,0,0,0,0,1,0,0,1,0,0,0,0,0,1,0,1,0,1,0,0.592072
1,1,1,1,1,0,1,1,0,0,1,1,0,1,1,1,1,0,1,1,0,1,0,1,1,0,0,0,1,0,0,1,0.589807
0,1,1,1,0,1,1,1,0,1,0,1,0,0,0,1,1,1,0,1,1,1,1,1,1,1,1,1,1,1,1,1,0.543558
0,1,0,1,1,1,1,1,0,0,1,1,0,1,1,1,1,1,1,1,0,1,1,1,1,0,0,1,0,0,0,0,0.591113
0,1,1,0,0,1,1,0,1,1,0,1,1,0,1,0,1,0,1,0,0,0,0,0,1,1,0,1,0,0,0,1,0.596601
1,1,0,1,1,1,0,1,1,1,1,1,1,0,1,1,0,0,0,0,0,1,0,0,0,0,0,0,1,0,0,1,0.594416
0,0,1,1,0,0,0,0,1,1,1,1,1,1,1,0,0,1,1,1,1,0,1,0,1,0,0,1,1,1,1,0,0.595881
0,0,0,1,1,0,1,1,0,1,0,0,1,0,1,1,0,1,1,0,1,0,1,0,0,0,0,1,0,1,0,1,0.573263
1,1,1,1,0,1,1,0,1,0,1,1,1,0,1,1,1,0,1,1,1,0,1,1,0,0,1,0,1,0,1,0,0.591938
0,0,1,0,1,1,0,1,0,1,0,1,0,0,0,1,1,0,1,0,1,0,0,1,0,0,1,0,1,0,1,0,0.589994
0,1,1,0,1,1,1,0,1,1,0,1,0,0,1,0,1,1,0,1,0,1,0,0,0,1,1,0,1,1,1,0,0.596387
1,0,0,1,0,0,1,0,0,1,1,0,1,1,1,0,1,1,0,1,0,0,0,0,0,1,1,1,1,1,0,1,0.594389
0,1,1,1,0,0,0,1,0,0,0,0,1,1,1,1,1,1,1,1,0,0,0,1,0,0,1,1,0,0,0,1,0.595615
0,0,0,1,1,0,1,0,1,0,1,0,1,1,1,0,0,0,0,0,0,1,0,1,0,1,1,0,1,0,0,0,0.586743
1,1,1,0,1,0,0,0,0,1,0,1,1,1,1,0,1,0,1,0,1,0,1,0,1,1,1,1,1,0,1,0,0.599105
0,1,1,0,1,1,1,0,1,1,0,1,0,0,1,0,0,0,1,0,1,1,1,1,1,0,0,1,1,0,0,0,0.594096
1,0,1,1,0,1,0,0,1,1,0,0,0,0,1,1,0,1,0,1,0,1,1,1,1,0,1,1,1,1,0,0,0.587116
1,1,1,1,0,1,1,1,1,1,0,0,0,1,0,1,0,1,0,1,0,0,0,0,0,1,1,1,1,0,1,0,0.599105
1,0,0,1,0,1,0,0,1,1,1,1,0,1,0,1,0,0,1,1,0,1,0,1,0,1,0,1,0,1,1,0,0.593697
1,0,0,0,0,1,1,0,1,1,1,0,0,0,1,0,1,0,1,0,0,1,0,0,0,1,1,1,1,1,1,1,0.599318
0,1,1,1,0,0,0,1,0,0,0,1,1,0,1,0,1,1,0,0,1,1,0,1,0,1,1,0,0,1,1,1,0.590606
1,1,1,1,1,1,1,1,0,0,1,0,0,1,0,1,0,0,1,0,0,0,0,1,0,1,1,0,1,1,0,0,0.604566
0,1,1,0,1,0,0,0,0,1,0,0,0,1,0,1,0,1,0,1,0,0,0,0,0,1,1,0,0,0,1,0,0.588955
1,0,1,1,1,0,0,1,0,1,1,1,1,0,0,1,1,1,1,1,1,1,0,1,0,0,0,0,1,1,0,1,0.583094
0,1,1,1,0,1,0,1,1,0,1,1,1,1,0,0,0,0,0,1,0,0,1,0,1,1,0,0,0,1,0,1,0.597000
0,1,0,1,1,0,1,0,0,0,1,0,0,0,1,0,0,1,1,0,1,0,0,1,1,1,0,1,1,1,1,1,0.590953
0,1,0,0,0,0,0,1,0,1,0,0,0,1,0,1,1,1,1,1,1,1,1,1,1,0,1,1,1,1,1,1,0.561941
0,1,0,0,0,1,0,0,1,1,0,1,1,0,1,1,0,1,1,1,0,0,1,1,1,0,0,0,1,0,0,1,0.595748
1,0,1,1,1,1,0,1,1,0,1,1,1,0,1,1,0,1,0,1,0,1,0,1,0,0,0,0,1,0,0,1,0.594896
0,1,1,1,0,0,1,0,0,1,1,0,1,1,1,0,0,1,1,1,1,1,1,1,0,1,1,1,1,0,1,0,0.594150
0,0,0,0,0,1,0,1,0,0,1,0,1,1,0,0,1,0,0,0,0,0,0,1,1,1,0,0,1,1,1,0,0.596814
1,0,1,1,1,1,1,1,0,1,1,1,1,1,0,0,0,1,0,0,0,0,1,0,1,1,0,1,1,0,1,1,0.595881
0,1,0,1,0,0,0,1,1,0,1,0,0,1,0,1,1,1,0,1,1,0,1,1,1,1,0,1,0,0,0,1,0.592418
0,0,1,0,1,1,1,1,1,0,1,0,0,0,0,0,0,0,0,0,1,0,0,0,0,0,0,0,0,1,1,0,0.585891
1,0,1,1,1,0,1,0,1,0,0,1,1,1,0,0,0,1,0,1,1,1,1,0,1,0,1,1,0,0,1,1,0.600304
0,0,0,1,0,0,0,1,1,0,0,0,1,0,1,0,1,0,0,1,1,1,0,0,1,1,1,0,1,0,0,1,0.591113
0,0,0,1,1,1,1,0,1,0,0,1,1,1,0,1,0,0,1,1,0,1,0,0,0,0,0,0,1,0,1,0,0.592711
1,0,1,1,0,1,1,1,0,0,1,0,1,1,1,0,0,0,0,0,1,0,1,0,1,1,1,0,1,0,0,1,0.592871
1,0,0,0,0,0,0,1,1,0,1,0,1,1,0,1,0,0,1,0,0,0,0,0,1,0,0,1,0,0,1,1,0.588502
1,0,0,0,1,0,0,0,0,1,0,1,1,1,0,0,1,0,1,1,0,1,1,1,1,1,1,0,1,1,0,0,0.602755
0,1,0,1,0,1,0,1,0,0,0,1,1,0,1,0,1,1,1,1,1,1,1,1,0,1,0,0,1,1,0,1,0.571824
1,1,1,0,0,1,0,1,0,1,0,1,1,0,1,0,0,0,1,1,0,0,1,0,0,1,0,1,1,1,1,1,0.581442
0,0,0,1,0,1,0,1,1,0,1,1,1,1,0,1,1,1,1,1,0,0,1,1,0,0,0,0,1,1,0,1,0.598359
1,0,1,1,1,0,1,1,1,0,0,0,1,1,0,0,0,1,1,0,0,1,0,1,1,0,0,0,0,0,0,1,0.595961
1,1,1,1,1,0,0,0,1,1,1,0,1,1,1,0,0,1,0,0,0,1,0,0,0,1,1,0,1,0,1,0,0.596441
0,0,0,0,1,0,0,0,1,1,0,0,1,1,0,1,1,0,0,1,0,0,1,1,0,1,1,1,1,0,1,1,0.591858
0,1,1,0,1,0,0,1,1,0,0,1,0,0,1,0,1,1,1,0,1,0,1,0,0,0,0,0,0,0,1,0,0.590127
0,0,0,0,0,0,1,0,0,0,0,1,1,1,1,0,1,0,1,1,0,0,1,1,1,0,0,0,1,1,1,0,0.585758
1,1,0,1,0,0,0,0,1,0,0,0,1,0,1,1,0,1,1,1,1,0,1,1,1,0,0,0,1,1,0,1,0.597959
1,1,1,1,1,0,1,1,1,0,0,1,0,0,0,1,0,0,1,0,0,0,1,1,0,1,1,0,0,0,0,1,0.598039
0,0,1,1,1,1,1,1,1,1,0,1,0,0,0,0,1,1,1,0,1,0,0,1,1,0,1,1,0,0,0,0,0.596441
1,1,1,0,1,1,1,0,1,0,0,0,1,0,1,0,1,0,0,1,1,1,0,0,0,1,1,0,0,1,0,1,0.589807
0,0,1,0,0,1,0,1,1,0,1,1,0,0,0,1,0,1,0,0,0,0,0,1,1,0,1,1,1,0,0,1,0.594869
0,0,1,0,1,1,0,1,0,1,0,0,0,0,0,1,0,0,1,0,1,0,0,1,1,1,1,1,1,1,1,1,0.567722
1,1,1,1,0,0,1,0,0,1,1,0,0,0,0,0,0,1,0,1,0,1,0,1,1,0,0,0,0,1,1,0,0.595135
0,1,0,0,0,0,0,0,1,1,0,1,1,1,0,1,0,0,1,0,1,0,1,0,0,1,1,1,1,0,1,0,0.598013
1,1,1,1,0,0,1,0,0,1,0,1,1,1,1,1,1,0,1,1,0,0,0,0,0,0,1,1,0,1,1,1,0.592871
0,1,1,1,0,0,0,0,0,0,0,0,1,0,1,1,0,0,1,0,1,1,1,1,0,1,0,1,0,0,1,0,0.589434
1,0,0,0,1,0,0,1,1,0,1,0,1,1,0,1,1,1,1,0,1,0,1,1,1,0,1,0,1,0,1,0,0.590313
1,0,0,1,0,1,0,1,1,1,1,1,0,1,0,1,0,1,0,0,1,0,1,1,0,1,1,1,0,0,0,0,0.597453
1,0,1,0,0,0,1,1,0,1,1,0,1,1,0,0,1,1,0,1,1,0,1,0,1,1,1,0,1,1,1,0,0.605818
0,1,0,0,1,0,1,0,1,0,1,0,0,0,0,1,1,0,0,1,0,0,0,1,1,1,1,1,0,0,0,0,0.590260
1,1,0,0,0,0,1,0,1,0,0,0,0,0,0,1,1,0,0,1,1,1,1,0,0,0,0,0,1,0,0,1,0.596041
1,0,0,0,1,0,0,0,0,1,0,1,0,0,0,0,1,1,1,1,0,1,1,1,1,1,1,1,0,1,1,1,0.592391
1,0,0,0,0,1,1,0,1,0,0,1,0,0,1,0,0,0,0,1,0,0,1,0,0,1,0,0,0,1,1,0,0.586610
1,0,0,1,0,1,0,1,1,1,0,1,1,1,0,0,0,1,1,1,1,0,0,1,0,0,1,1,0,1,0,0,0.596361
0,1,0,0,0,0,1,1,1,1,0,1,1,1,0,0,1,1,0,0,0,0,0,0,0,0,0,0,1,1,1,0,0.615862
0,0,0,0,1,1,1,1,1,1,1,1,0,1,0,0,0,1,0,1,0,1,1,0,0,0,1,1,1,1,1,1,0.580563
1,1,1,1,0,1,1,0,0,1,1,0,1,1,1,0,1,0,1,0,1,1,1,1,0,1,0,0,0,0,0,1,0.590793
0,0,1,1,1,1,0,0,0,1,1,1,1,0,0,1,0,1,0,1,0,1,0,0,1,1,0,1,1,1,0,0,0.600117
0,1,0,0,0,0,1,1,0,1,0,0,1,1,1,0,0,1,1,1,1,1,0,1,0,1,1,0,0,0,0,1,0.591432
0,0,1,1,1,0,0,1,1,1,1,0,1,0,1,0,0,1,0,1,1,0,0,0,1,1,0,0,0,1,0,0,0.592924
0,1,1,1,0,1,0,0,1,0,1,1,0,1,1,1,0,0,1,1,1,1,1,1,1,1,1,1,0,1,1,1,0.541107
0,0,1,1,0,1,1,1,0,1,0,0,1,0,1,0,1,1,0,0,0,1,0,1,1,0,1,0,0,1,0,0,0.596894
1,0,0,0,1,1,1,0,0,0,0,1,0,0,1,1,0,1,0,0,0,1,1,1,0,1,0,1,1,1,0,1,0.576353
1,1,0,1,0,0,0,1,1,1,1,1,1,0,0,1,1,1,0,0,1,0,1,1,0,1,0,1,0,0,0,1,0.595908
0,1,0,1,1,1,1,1,0,1,1,1,0,0,0,0,1,1,1,0,0,0,1,1,0,0,1,0,1,0,0,0,0.595482
1,1,1,1,1,0,0,1,1,0,1,1,0,0,1,1,1,1,0,1,1,1,0,0,1,0,1,1,1,0,1,1,0.584745
0,0,0,0,1,1,0,1,1,0,0,1,0,1,0,0,0,0,0,1,0,0,1,0,1,1,1,0,1,1,0,1,0.589967
1,0,0,1,0,0,1,0,1,0,0,1,0,0,1,0,0,1,0,0,1,1,0,0,1,1,0,1,1,0,1,0,0.590526
1,1,1,0,0,0,1,0,1,0,1,1,1,0,1,1,1,0,0,0,1,0,0,1,1,1,1,0,1,0,0,1,0.599664
0,1,1,1,0,0,0,0,1,0,0,1,0,1,0,0,1,1,0,1,1,1,1,0,0,0,1,1,0,0,0,0,0.592338
0,0,1,0,1,0,1,0,1,1,0,1,1,0,1,0,0,0,0,0,0,1,1,1,1,1,1,0,1,1,0,1,0.595961
0,1,1,0,0,0,1,1,0,0,0,1,0,1,0,0,1,0,1,0,1,1,0,1,1,0,1,1,0,0,0,0,0.592445
