1,1,1,1,1,1,0,1,0,0,1,0,1,0,1,0,1,1,0,0,0,0,1,0,0,0,1,0,0,1,1,1,0.590660
1,1,0,1,0,0,0,0,1,0,0,0,1,0,1,1,0,1,1,1,1,0,1,1,1,0,0,0,1,1,0,1,0.597453
1,1,0,1,1,1,0,1,1,1,1,1,1,0,1,1,0,0,0,0,0,1,0,0,0,0,0,0,1,0,0,1,0.594869
0,1,0,1,1,1,1,1,0,0,1,1,0,1,1,1,1,1,1,1,0,1,1,1,1,0,0,1,0,0,0,0,0.591672
1,0,0,0,1,1,1,0,0,0,0,1,0,0,1,1,0,1,0,0,0,1,1,1,0,1,0,1,1,1,0,1,0.575155
1,0,1,0,0,1,1,0,1,0,0,0,0,1,0,0,0,0,0,1,1,1,0,1,1,0,1,1,1,0,1,1,0.588662
0,1,0,0,0,0,1,1,1,1,0,1,1,1,0,0,1,1,0,0,0,0,0,0,0,0,0,0,1,1,1,0,0.613038
0,0,1,1,1,1,0,1,1,0,1,0,1,0,1,0,1,0,0,0,1,0,0,1,0,1,0,1,1,0,0,0,0.589701
0,1,0,1,0,1,0,0,0,0,0,1,1,0,1,1,1,0,0,0,1,0,1,0,1,0,0,1,0,1,1,0,0.584399
1,0,1,1,0,1,1,1,0,0,1,0,1,1,1,0,0,0,0,0,1,0,1,0,1,1,1,0,1,0,0,1,0.593350
0,1,1,1,0,1,1,1,0,1,0,1,0,0,0,1,1,1,0,1,1,1,1,1,1,1,1,1,1,1,1,1,0.545583
1,1,1,1,0,1,1,1,1,1,0,0,0,1,0,1,0,1,0,1,0,0,0,0,0,1,1,1,1,0,1,0,0.599904
1,1,1,1,0,1,1,0,1,0,1,1,1,0,1,1,1,0,1,1,1,0,1,1,0,0,1,0,1,0,1,0,0.592365
0,0,0,1,1,1,1,0,1,0,0,1,1,1,0,1,0,0,1,1,0,1,0,0,0,0,0,0,1,0,1,0,0.590766
0,1,1,0,1,0,0,1,1,0,0,1,0,0,1,0,1,1,1,0,1,0,1,0,0,0,0,0,0,0,1,0,0.588848
0,0,1,1,0,0,0,0,1,1,1,1,1,1,1,0,0,1,1,1,1,0,1,0,1,0,0,1,1,1,1,0,0.597906
0,0,1,0,1,1,0,1,0,1,0,1,0,0,0,1,0,0,1,1,0,1,1,1,0,1,0,1,1,1,1,1,0.529518
0,1,0,0,0,0,0,1,0,1,0,0,0,1,0,1,1,1,1,1,1,1,1,1,1,0,1,1,1,1,1,1,0.563219
1,1,1,0,1,1,1,0,1,0,0,0,1,0,1,0,1,0,0,1,1,1,0,0,0,1,1,0,0,1,0,1,0.588582
1,0,0,0,1,0,1,1,0,0,0,0,1,0,0,0,0,1,0,1,1,1,1,0,0,0,0,0,0,1,0,0,0.576034
1,0,1,1,1,0,0,1,0,1,1,1,1,0,0,1,1,1,1,1,1,1,0,1,0,0,0,0,1,1,0,1,0.585225
1,0,0,0,0,0,0,1,1,0,1,0,1,1,0,1,0,0,1,0,0,0,0,0,1,0,0,1,0,0,1,1,0.587569
0,0,0,0,1,0,0,0,1,1,0,0,1,1,0,1,1,0,0,1,0,0,1,1,0,1,1,1,1,0,1,1,0.593803
1,1,1,0,0,0,1,0,1,0,1,1,1,0,1,1,1,0,0,0,1,0,0,1,1,1,1,0,1,0,0,1,0.598119
0,0,0,1,1,0,1,1,0,1,0,0,1,0,1,1,0,1,1,0,1,0,1,0,0,0,0,1,0,1,0,1,0.573183
1,0,0,0,1,0,0,0,0,1,0,1,0,0,0,0,1,1,1,1,0,1,1,1,1,1,1,1,0,1,1,1,0.593723
1,0,0,0,1,0,0,0,0,1,0,1,1,1,0,0,1,0,1,1,0,1,1,1,1,1,1,0,1,1,0,0,0.603794
0,0,0,0,1,1,0,1,1,0,0,1,0,1,0,0,0,0,0,1,0,0,1,0,1,1,1,0,1,1,0,1,0.590074
0,1,1,1,0,0,0,1,0,0,0,1,1,0,1,0,1,1,0,0,1,1,0,1,0,1,1,0,0,1,1,1,0.588955
1,0,1,1,0,1,0,0,1,1,0,0,0,0,1,1,0,1,0,1,0,1,1,1,1,0,1,1,1,1,0,0,0.589434
0,0,0,0,0,1,1,0,0,1,1,0,0,0,1,1,1,1,0,0,1,1,1,0,0,0,0,0,0,1,1,0,0.585811
0,1,1,1,0,1,1,0,1,0,0,1,0,1,1,0,0,1,1,0,0,0,1,1,0,1,0,1,1,0,0,1,0.606724
0,0,1,0,1,0,1,0,1,1,0,1,1,0,1,0,0,0,0,0,0,1,1,1,1,1,1,0,1,1,0,1,0.596174
0,1,0,1,0,0,1,1,1,0,0,1,1,1,1,1,0,0,1,0,0,1,1,1,0,1,0,1,0,1,1,1,0.572970
0,0,0,0,0,1,0,1,0,0,1,0,1,1,0,0,1,0,0,0,0,0,0,1,1,1,0,0,1,1,1,0,0.596041
1,1,1,1,1,1,1,0,1,1,0,0,0,1,0,0,0,1,0,1,0,1,0,0,1,0,0,0,1,1,0,0,0.597693
0,1,1,1,0,0,1,0,0,1,1,0,1,1,1,0,0,1,1,1,1,1,1,1,0,1,1,1,1,0,1,0,0.592818
1,0,0,1,1,1,1,1,1,1,1,0,0,0,0,0,0,0,0,1,1,0,0,0,1,1,0,0,1,1,0,0,0.593643
0,1,1,0,1,1,1,0,1,1,0,1,0,0,1,0,0,0,1,0,1,1,1,1,1,0,0,1,1,0,0,0,0.593084
1,0,1,0,0,0,1,1,0,1,1,0,1,1,0,0,1,1,0,1,1,0,1,0,1,1,1,0,1,1,1,0,0.606458
1,1,1,0,1,0,0,0,0,1,0,1,1,1,1,0,1,0,1,0,1,0,1,0,1,1,1,1,1,0,1,0,0.598146
0,0,1,0,0,1,0,1,1,0,1,1,0,0,0,1,0,1,0,0,0,0,0,1,1,0,1,1,1,0,0,1,0.592338
0,1,0,1,0,0,0,1,1,0,1,0,0,1,0,1,1,1,0,1,1,0,1,1,1,1,0,1,0,0,0,1,0.594043
1,0,0,1,0,1,0,1,1,1,0,1,1,1,0,0,0,1,1,1,1,0,0,1,0,0,1,1,0,1,0,0,0.597053
1,1,0,1,0,0,0,1,1,1,1,1,1,0,0,1,1,1,0,0,1,0,1,1,0,1,0,1,0,0,0,1,0.595615
1,0,0,0,1,1,1,0,1,1,0,0,1,1,0,0,1,0,1,1,0,1,0,0,0,1,1,1,0,0,0,1,0.592977
0,0,1,0,1,1,0,1,0,1,0,0,0,0,0,1,0,0,1,0,1,0,0,1,1,1,1,1,1,1,1,1,0.569693
1,1,0,0,1,1,0,0,1,1,1,1,0,1,1,1,0,1,1,0,0,0,0,1,0,1,1,0,1,1,0,0,0.600863
0,1,1,1,0,1,0,0,1,0,1,1,0,1,1,1,0,0,1,1,1,1,1,1,1,1,1,1,0,1,1,1,0.540494
1,1,1,1,0,0,1,0,0,1,1,1,1,0,1,1,1,1,1,1,0,1,1,1,0,0,1,1,0,0,1,1,0.589008
1,0,0,0,0,1,1,0,1,0,0,1,0,0,1,0,0,0,0,1,0,0,1,0,0,1,0,0,0,1,1,0,0.585918
1,1,0,1,0,1,0,1,1,1,1,0,1,1,1,1,0,1,0,0,1,1,1,1,0,0,1,1,0,1,0,0,0.595721
1,0,0,0,1,0,0,1,1,0,1,0,1,1,0,1,1,1,1,0,1,0,1,1,1,0,1,0,1,0,1,0,0.592365
0,1,0,1,0,1,0,1,0,0,0,1,1,0,1,0,1,1,1,1,1,1,1,1,0,1,0,0,1,1,0,1,0.574648
1,0,1,1,0,1,0,0,0,1,0,0,1,0,0,0,0,0,1,1,0,0,0,1,0,1,0,1,1,1,1,1,0.589780
1,1,0,1,1,1,0,0,1,1,1,0,1,0,1,0,0,0,1,1,1,1,0,1,0,0,0,1,0,0,0,0,0.596867
1,0,0,0,1,0,1,1,0,1,1,0,0,0,1,0,0,1,0,0,1,1,0,0,1,0,1,0,0,1,1,0,0.591858
1,1,1,1,1,0,0,0,1,1,1,0,1,1,1,0,0,1,0,0,0,1,0,0,0,1,1,0,1,0,1,0,0.594416
0,1,0,1,1,0,0,0,1,1,0,1,0,0,0,1,0,0,1,1,1,1,1,1,0,0,1,1,0,0,0,1,0.594309
0,0,0,1,1,1,1,0,1,1,1,1,0,1,1,0,0,1,0,0,0,0,0,1,1,1,0,0,1,0,1,0,0.597267
0,0,0,0,1,1,1,1,1,1,1,1,0,1,0,0,0,1,0,1,0,1,1,0,0,0,1,1,1,1,1,1,0.581149
0,0,0,0,1,1,0,1,1,1,0,1,1,1,0,0,0,0,0,0,0,0,0,0,1,0,0,0,1,1,0,0,0.598759
1,1,1,1,0,0,1,0,0,0,1,1,0,1,0,0,0,0,1,1,0,0,0,1,1,1,0,1,0,1,1,0,0.595002
0,0,0,0,0,0,1,0,0,0,0,1,1,1,1,0,1,0,1,1,0,0,1,1,1,0,0,0,1,1,1,0,0.586131
0,0,0,1,0,1,0,0,0,1,1,0,1,1,1,1,0,1,1,1,1,1,0,0,1,0,0,1,1,0,0,0,0.587809
1,1,1,1,0,0,1,0,0,1,0,1,1,1,1,1,1,0,1,1,0,0,0,0,0,0,1,1,0,1,1,1,0.594123
0,0,1,1,0,1,1,1,0,1,0,0,1,0,1,0,1,1,0,0,0,1,0,1,1,0,1,0,0,1,0,0,0.595402
0,1,1,0,0,1,1,0,1,1,0,1,1,0,1,0,1,0,1,0,0,0,0,0,1,1,0,1,0,0,0,1,0.596174
1,1,1,1,1,1,1,1,0,0,1,0,0,1,0,1,0,0,1,0,0,0,0,1,0,1,1,0,1,1,0,0,0.604460
1,0,1,0,0,1,0,0,1,1,0,0,1,0,0,1,0,1,1,0,1,1,1,1,1,1,0,1,1,0,0,0,0.598705
0,1,1,1,0,1,0,1,1,0,1,1,1,1,0,0,0,0,0,1,0,0,1,0,1,1,0,0,0,1,0,1,0.597906
1,0,0,1,0,1,0,1,1,1,1,1,0,1,0,1,0,1,0,0,1,0,1,1,0,1,1,1,0,0,0,0,0.597640
0,1,1,1,0,0,0,0,0,0,0,0,1,0,1,1,0,0,1,0,1,1,1,1,0,1,0,1,0,0,1,0,0.589754
0,1,1,1,0,0,0,1,0,0,0,0,1,1,1,1,1,1,1,1,0,0,0,1,0,0,1,1,0,0,0,1,0.597133
0,1,0,1,0,1,1,0,1,1,0,0,1,1,1,1,1,1,0,0,0,0,0,1,1,1,1,1,1,1,0,0,0.608163
1,0,1,1,1,1,1,1,0,1,1,1,1,1,0,0,0,1,0,0,0,0,1,0,1,1,0,1,1,0,1,1,0.596174
1,1,1,0,1,0,0,1,1,0,1,0,0,0,0,0,1,0,1,1,0,1,1,1,0,0,0,0,0,1,1,1,0.595322
1,1,0,0,0,0,1,0,1,0,0,0,0,0,0,1,1,0,0,1,1,1,1,0,0,0,0,0,1,0,0,1,0.596121
1,1,1,1,0,0,1,0,0,1,1,0,0,0,0,0,0,1,0,1,0,1,0,1,1,0,0,0,0,1,1,0,0.592445
1,1,1,0,0,1,0,1,0,1,0,1,1,0,1,0,0,0,1,1,0,0,1,0,0,1,0,1,1,1,1,1,0.584772
0,0,1,1,1,1,1,1,1,1,0,1,0,0,0,0,1,1,1,0,1,0,0,1,1,0,1,1,0,0,0,0,0.596601
0,0,1,1,1,1,0,0,0,1,1,1,1,0,0,1,0,1,0,1,0,1,0,0,1,1,0,1,1,1,0,0,0.599291
1,1,1,1,0,1,1,0,0,1,1,0,1,1,1,0,1,0,1,0,1,1,1,1,0,1,0,0,0,0,0,1,0.593057
0,1,0,1,1,0,1,0,0,0,1,0,0,0,1,0,0,1,1,0,1,0,0,1,1,1,0,1,1,1,1,1,0.594203
0,0,0,1,0,1,0,1,1,0,1,1,1,1,0,1,1,1,1,1,0,0,1,1,0,0,0,0,1,1,0,1,0.599291
1,1,1,0,0,1,1,0,0,1,0,1,1,0,0,0,1,0,1,0,1,0,1,0,0,0,1,0,1,1,0,1,0.593643
0,0,0,1,1,0,1,0,1,0,1,0,1,1,1,0,0,0,0,0,0,1,0,1,0,1,1,0,1,0,0,0,0.586983
0,1,1,1,0,0,0,0,1,0,0,1,0,1,0,0,1,1,0,1,1,1,1,0,0,0,1,1,0,0,0,0,0.594016
1,0,0,1,0,0,1,0,1,0,0,1,0,0,1,0,0,1,0,0,1,1,0,0,1,1,0,1,1,0,1,0,0.590287
0,1,0,0,0,0,0,0,1,1,0,1,1,1,0,1,0,0,1,0,1,0,1,0,0,1,1,1,1,0,1,0,0.596654
1,0,0,0,0,0,1,1,0,1,1,0,1,0,0,0,0,1,1,0,0,1,0,0,0,1,1,0,0,1,0,1,0.593484
0,1,1,0,1,1,1,0,1,1,0,1,0,0,1,0,1,1,0,1,0,1,0,0,0,1,1,0,1,1,1,0,0.595988
1,0,1,0,0,0,1,0,0,0,1,1,1,0,1,0,1,1,0,0,1,1,1,1,0,1,0,1,1,0,0,0,0.596787
1,0,0,1,1,0,0,0,0,0,1,0,1,1,1,1,0,0,0,1,0,1,1,1,0,1,0,1,0,1,1,0,0.571158
0,1,0,1,0,0,0,1,1,1,0,1,1,1,0,0,1,0,1,1,0,0,1,0,0,1,1,0,0,1,1,1,0.596254
0,0,1,1,1,0,0,1,1,1,1,0,1,0,1,0,0,1,0,1,1,0,0,0,1,1,0,0,0,1,0,0,0.592738
0,1,1,0,0,0,1,1,0,0,0,1,0,1,0,0,1,0,1,0,1,1,0,1,1,0,1,1,0,0,0,0,0.592365
1,0,1,1,1,1,0,1,1,0,1,1,1,0,1,1,0,1,0,1,0,1,0,1,0,0,0,0,1,0,0,1,0.594336
0,1,0,1,1,1,1,1,0,1,1,1,0,0,0,0,1,1,1,0,0,0,1,1,0,0,1,0,1,0,0,0,0.597080
1,0,0,1,0,1,0,1,1,1,0,1,1,0,1,1,0,1,0,1,1,1,0,1,1,0,0,0,1,1,0,1,0.589754
1,1,0,0,1,1,0,0,0,1,1,0,1,0,1,1,0,1,1,1,0,1,1,0,1,1,0,1,0,0,0,0,0.594736
0,1,0,0,0,1,0,0,1,1,0,1,1,0,1,1,0,1,1,1,0,0,1,1,1,0,0,0,1,0,0,1,0.596014
0,0,0,0,0,1,1,0,1,1,0,1,1,0,0,1,0,1,1,1,0,0,1,1,1,1,0,1,1,0,0,1,0.597480
0,0,1,1,0,1,1,0,1,0,1,1,0,0,0,0,0,1,0,0,1,0,0,0,0,0,1,0,1,0,1,0,0.589141
1,0,0,0,0,0,0,0,1,1,0,1,1,0,1,1,1,1,1,0,1,0,0,0,0,1,0,0,1,0,1,0,0.602062
1,0,1,1,1,0,1,1,1,0,0,0,1,1,0,0,0,1,1,0,0,1,0,1,1,0,0,0,0,0,0,1,0.595055
1,0,0,1,0,0,1,0,0,1,1,0,1,1,1,0,1,1,0,1,0,0,0,0,0,1,1,1,1,1,0,1,0.594363
0,1,0,0,1,1,1,0,0,0,0,1,0,0,1,0,0,1,1,1,1,1,1,0,0,1,0,0,0,0,1,0,0.594150
0,1,0,0,0,0,1,1,1,1,0,1,1,0,1,0,1,1,0,0,0,1,0,0,0,1,0,1,0,1,1,1,0.597693
0,0,1,0,0,0,0,1,0,0,0,1,1,1,0,1,1,1,0,1,0,0,1,0,0,1,0,0,1,0,1,1,0.583120
0,0,0,1,0,1,0,0,0,0,0,1,0,1,1,1,1,1,1,0,1,0,0,1,1,0,0,0,1,1,1,1,0.572917
1,0,0,0,0,1,1,0,1,1,1,0,0,0,1,0,1,0,1,0,0,1,0,0,0,1,1,1,1,1,1,1,0.596041
1,1,1,1,1,0,1,1,0,0,1,1,0,1,1,1,1,0,1,1,0,1,0,1,1,0,0,0,1,0,0,1,0.590633
0,0,1,0,1,1,0,1,0,1,0,1,0,0,0,1,1,0,1,0,1,0,0,1,0,0,1,0,1,0,1,0,0.590260
1,1,1,1,1,0,1,1,1,0,0,1,0,0,0,1,0,0,1,0,0,0,1,1,0,1,1,0,0,0,0,1,0.597213
1,1,1,1,1,0,0,1,1,0,1,1,0,0,1,1,1,1,0,1,1,1,0,0,1,0,1,1,1,0,1,1,0.586850
0,0,1,0,0,0,1,0,0,1,1,1,1,0,0,1,1,0,0,1,1,1,0,1,0,1,1,0,0,0,1,0,0.592818
0,0,0,1,0,0,0,1,1,0,0,0,1,0,1,0,1,0,0,1,1,1,0,0,1,1,1,0,1,0,0,1,0.589887
1,0,0,1,0,1,0,0,1,1,1,1,0,1,0,1,0,0,1,1,0,1,0,1,0,1,0,1,0,1,1,0,0.594070
0,0,1,0,1,1,1,1,1,0,1,0,0,0,0,0,0,0,0,0,1,0,0,0,0,0,0,0,0,1,1,0,0.582587
0,1,0,0,1,1,1,1,1,1,1,1,1,1,0,0,1,0,1,0,0,0,1,0,1,0,0,1,0,1,1,0,0.593510
0,1,0,0,1,0,1,0,1,0,1,0,0,0,0,1,1,0,0,1,0,0,0,1,1,1,1,1,0,0,0,0,0.588848
0,1,1,0,1,0,0,0,0,1,0,0,0,1,0,1,0,1,0,1,0,0,0,0,0,1,1,0,0,0,1,0,0.587702
0,1,0,0,0,0,1,1,0,1,0,0,1,1,1,0,0,1,1,1,1,1,0,1,0,1,1,0,0,0,0,1,0.590633
1,0,1,1,1,0,1,0,1,0,0,1,1,1,0,0,0,1,0,1,1,1,1,0,1,0,1,1,0,0,1,1,0.600011
0,1,1,0,0,0,1,1,0,0,1,0,0,1,0,1,0,0,1,1,1,1,0,0,0,1,1,1,0,1,0,1,0.600570
1,0,1,0,1,0,1,1,0,1,0,1,1,0,0,0,0,0,1,0,0,1,0,0,0,0,0,1,0,1,0,1,0.587862
1,1,0,0,0,0,0,0,0,1,1,1,0,1,1,1,1,0,0,1,1,0,0,0,1,1,0,0,0,1,1,0,0.588928
