1,0,1,0,1,1,0,0,0,0,1,1,1,1,0,1,1,0,0,0,1,1,0,1,0,0,0,0,1,0,1,0,0.763294
1,1,0,1,0,0,1,0,1,1,1,1,1,1,0,1,0,0,1,1,0,0,0,1,1,1,0,0,1,1,1,0,0.610827
0,0,1,0,1,1,1,1,0,0,0,1,0,0,0,0,1,1,1,1,1,1,0,0,1,1,1,1,0,1,1,1,0.841352
0,1,0,1,0,0,0,1,1,1,0,1,0,1,0,0,1,0,0,1,1,0,0,0,0,1,0,0,0,0,1,0,0.744832
0,1,0,1,1,1,0,1,1,1,0,0,0,0,1,1,1,0,1,1,1,1,0,1,0,0,0,1,1,1,0,0,0.759671
1,1,0,1,1,0,0,1,0,1,1,1,1,1,1,0,0,0,1,1,1,1,1,0,1,1,1,1,1,1,0,1,0.422341
1,1,1,1,0,0,0,0,1,0,1,0,1,0,1,1,0,1,0,0,1,1,0,1,1,0,1,1,1,1,0,0,0.707321
1,1,1,0,1,0,1,1,1,0,0,0,0,1,0,1,1,0,1,0,1,0,0,1,1,1,1,1,1,1,0,0,0.869832
1,1,1,0,0,1,0,0,1,1,1,1,0,1,1,1,0,0,0,1,1,1,1,1,1,0,0,0,1,0,1,0,0.630568
0,0,1,0,0,1,1,1,1,1,1,0,1,0,1,1,0,0,0,0,1,0,0,1,0,1,0,0,0,1,1,1,0.808850
0,1,0,1,1,0,1,0,1,1,1,0,1,0,0,0,1,1,0,0,1,0,0,0,0,0,1,0,0,1,1,0,0.782262
1,0,0,1,0,0,1,1,0,0,1,1,0,1,0,1,1,0,0,1,1,0,0,1,0,1,0,0,0,0,0,0,0.738038
0,0,1,1,1,1,1,1,1,1,1,0,0,0,1,0,0,0,0,1,1,0,0,1,0,1,1,0,0,0,0,0,0.821771
1,1,1,1,0,0,1,1,0,1,1,0,1,0,1,1,0,1,0,1,0,0,0,0,0,1,0,0,0,1,0,1,0.349638
0,1,0,0,0,0,0,1,0,0,1,1,1,0,1,0,0,0,0,1,1,0,1,1,0,1,0,0,1,0,0,1,0.866368
0,1,0,0,1,1,0,0,0,1,0,0,1,1,1,1,1,1,0,0,0,1,1,0,1,1,0,0,0,0,1,1,0.824062
0,1,1,0,1,0,0,1,1,1,0,0,1,1,1,0,1,1,1,1,1,1,0,1,0,0,1,0,1,0,0,1,0.679081
1,1,1,1,0,1,0,0,1,0,0,1,0,0,0,1,0,0,0,0,0,0,0,1,0,1,0,1,0,0,1,1,0.376465
1,0,1,1,1,1,0,0,0,1,1,1,0,0,0,1,0,0,0,1,0,1,0,0,1,0,1,0,1,0,1,1,0.540947
1,0,1,0,1,0,0,0,1,0,0,0,0,0,0,0,0,0,0,1,1,0,0,0,1,0,1,1,1,1,1,0,0.727515
1,1,0,0,1,0,1,1,1,1,0,1,1,1,0,1,1,1,0,1,1,0,0,0,0,0,1,0,1,0,0,0,0.841113
0,0,0,0,0,1,1,1,0,0,0,0,0,1,0,0,0,0,1,1,1,1,0,1,0,1,1,1,1,1,1,1,0.913017
1,1,1,0,1,0,0,0,1,0,1,0,1,1,1,0,0,1,1,1,1,0,0,1,0,1,0,0,1,1,1,0,0.777334
1,0,0,0,1,0,0,0,1,1,0,1,1,1,1,0,0,1,1,0,0,1,1,1,0,0,0,0,0,1,0,0,0.770274
0,0,1,1,0,1,0,0,0,1,1,1,0,0,0,1,0,0,1,0,0,1,1,0,0,0,1,1,0,1,1,1,0.836077
1,1,1,0,0,0,0,1,0,1,1,1,1,1,1,0,1,1,0,0,0,0,0,1,1,0,0,1,1,0,0,0,0.805440
0,1,1,1,0,1,0,0,1,0,1,1,0,1,1,1,0,0,1,0,1,0,1,1,1,0,1,1,1,1,0,1,0.681825
0,1,1,0,0,1,1,0,0,0,1,0,0,0,0,0,0,0,1,1,0,0,1,0,1,1,0,1,1,1,1,1,0.815910
1,1,0,0,1,0,0,0,0,0,1,1,1,1,0,1,1,0,1,0,1,0,1,1,0,0,0,0,0,1,1,0,0.681985
0,1,1,0,0,0,0,1,1,1,1,0,0,1,0,0,0,1,1,1,1,1,1,0,0,0,0,0,0,0,1,0,0.689658
0,0,0,1,0,1,1,1,0,1,0,0,1,1,1,1,1,0,0,0,1,0,1,1,1,1,1,1,0,0,1,0,0.856351
1,1,0,0,0,0,0,0,1,1,0,0,0,1,1,0,1,1,1,1,1,1,1,1,0,0,1,1,0,1,0,0,0.925565
1,0,0,0,1,1,1,1,1,1,0,1,1,0,0,0,1,0,0,1,0,0,1,1,1,1,0,1,0,1,1,0,0.751598
0,1,0,1,1,1,0,1,1,0,1,1,0,1,1,1,0,0,0,1,1,0,1,1,1,0,0,1,1,1,0,1,0.834346
1,1,1,1,1,1,1,0,1,1,0,1,0,1,1,1,0,0,1,0,1,1,0,1,1,1,0,1,1,0,0,0,0.660939
0,1,0,1,1,0,0,0,1,0,1,1,0,0,0,1,1,0,0,0,1,1,0,1,0,0,0,1,1,1,0,0,0.761083
1,0,0,0,1,1,1,0,0,0,0,0,1,1,0,0,1,0,0,0,1,1,0,0,0,0,0,1,0,1,1,1,0.762441
0,1,0,0,0,1,1,0,0,0,0,0,1,0,0,1,0,0,1,1,0,1,0,1,0,0,0,0,1,1,0,0,0.856271
1,1,0,1,1,1,1,0,0,0,0,1,1,1,1,0,0,1,1,0,0,0,1,0,0,0,1,1,1,0,0,1,0.572837
0,1,0,0,1,0,0,1,0,1,0,0,0,0,1,0,1,0,1,1,1,0,0,1,0,0,1,0,1,1,0,0,0.809436
0,1,1,0,0,0,0,1,0,0,1,0,0,0,0,0,1,0,1,1,0,1,0,0,1,1,1,0,0,0,0,0,0.761296
0,1,1,1,0,0,1,0,1,0,1,1,1,1,0,1,0,1,0,1,0,0,0,0,0,1,0,0,0,0,1,0,0.701833
1,0,0,1,1,0,1,0,0,0,1,1,0,1,0,0,0,1,0,0,1,0,1,0,0,1,1,1,1,0,1,0,0.758632
1,0,1,0,0,1,1,1,0,0,0,0,1,0,1,0,0,0,1,0,0,1,0,0,0,0,0,1,1,1,0,1,0.661605
0,0,0,0,1,1,1,0,0,0,1,0,1,0,0,0,1,0,1,0,0,1,1,0,1,1,1,1,0,1,1,1,0.867540
1,0,1,1,1,1,0,1,1,1,0,0,0,0,0,1,0,1,0,1,1,0,0,0,1,0,1,1,0,1,1,1,0.406623
0,0,1,1,1,1,0,0,0,1,1,1,1,1,0,1,0,1,0,1,0,0,1,1,0,1,1,0,0,1,1,0,0.858909
1,1,1,0,1,1,0,0,0,0,0,0,0,0,1,1,1,1,0,0,1,1,1,1,1,0,0,1,0,1,1,0,0.745977
0,1,0,0,1,1,0,1,1,1,0,1,1,1,1,1,1,0,0,1,1,0,1,0,1,0,1,1,1,0,0,1,0.775256
0,1,1,0,0,1,1,1,1,0,1,0,0,0,1,0,0,0,0,1,1,0,1,1,0,1,0,1,0,1,1,0,0.722426
0,0,0,1,1,0,0,1,1,1,0,1,1,0,0,0,0,1,0,0,0,0,1,1,1,0,0,1,1,1,1,0,0.863411
0,0,1,0,1,1,1,1,1,1,0,1,0,0,1,0,0,0,0,0,1,1,1,1,1,1,1,0,0,0,0,1,0.847693
0,1,0,1,1,0,1,1,0,1,0,1,1,0,0,1,1,1,0,0,0,1,0,1,0,1,1,0,0,1,0,0,0.812180
0,0,0,0,1,0,0,0,1,1,1,0,1,1,0,0,1,0,0,0,1,1,1,0,1,1,0,0,0,1,0,1,0.806053
0,0,0,1,0,0,0,1,0,1,0,1,0,0,1,1,1,1,0,0,1,0,1,1,1,0,0,1,1,0,1,1,0.841219
1,0,0,0,1,0,1,1,0,1,0,1,1,1,1,1,1,0,1,0,0,1,1,1,0,0,1,1,0,1,0,0,0.718643
1,0,0,0,1,1,1,1,0,0,1,1,1,0,1,0,0,0,1,0,0,1,1,1,0,1,0,0,1,1,0,1,0.530984
0,1,0,0,1,0,1,0,0,1,0,0,1,1,1,1,0,1,0,1,1,0,1,0,1,0,1,1,1,0,1,0,0.885044
0,0,0,1,0,0,0,1,1,0,0,1,1,0,1,1,0,0,1,0,0,0,1,0,1,0,0,1,0,1,1,0,0.849984
0,1,0,1,0,1,0,0,1,0,0,1,0,1,0,0,1,0,0,1,0,0,1,1,1,1,1,0,1,1,0,0,0.755382
1,1,1,0,1,0,0,0,0,0,0,1,1,1,1,0,0,1,0,0,1,0,0,1,0,1,0,1,0,1,0,1,0.607204
0,1,0,0,1,1,0,1,1,1,1,1,0,1,0,0,0,1,1,0,1,1,1,0,0,0,0,1,1,1,0,1,0.798753
1,0,0,0,1,0,1,1,0,0,0,0,0,1,0,1,0,0,0,1,1,0,1,1,1,0,0,1,1,0,0,1,0.627344
1,1,1,0,0,0,0,0,1,1,1,1,0,1,1,0,1,1,0,1,0,1,0,1,1,1,1,0,1,0,0,0,0.858189
1,1,1,0,0,0,0,0,0,0,0,1,1,0,1,0,0,1,0,0,1,0,1,0,0,1,0,1,0,1,0,0,0.845695
1,1,1,1,1,0,0,1,0,1,1,1,0,0,1,0,0,1,0,1,1,1,0,0,1,0,1,0,0,0,0,0,0.810635
1,1,0,1,1,0,0,1,1,1,1,0,0,1,0,1,1,1,1,0,0,0,1,0,0,0,1,1,0,0,0,0,0.803735
1,1,1,0,1,1,1,1,0,0,1,1,0,0,1,1,0,1,0,1,1,0,0,0,1,0,1,0,1,0,0,0,0.771206
1,0,1,0,1,1,0,0,0,0,0,0,0,1,1,0,0,1,0,1,1,0,0,1,1,1,0,0,0,1,1,0,0.723759
1,1,0,0,0,1,0,0,0,0,1,1,1,1,0,0,0,1,0,1,0,1,0,0,0,0,0,0,0,0,1,0,0.767690
1,1,1,0,1,1,0,1,1,1,0,1,1,0,1,0,0,0,0,0,1,1,1,0,0,0,0,0,0,1,1,0,0.921702
0,1,1,0,0,1,0,1,1,1,1,1,0,1,1,0,0,1,1,1,1,1,1,0,1,0,0,0,1,0,1,0,0.683051
0,0,0,0,1,1,0,1,0,1,0,0,1,1,1,0,0,0,0,0,0,0,0,1,1,1,0,1,0,0,0,0,0.954470
0,0,1,1,1,0,0,1,0,1,1,0,1,0,0,0,0,1,0,1,1,1,0,1,0,1,0,1,0,1,1,1,0.868713
1,1,1,1,0,1,0,0,1,0,0,0,1,0,1,0,1,1,0,0,1,0,1,0,1,0,0,0,0,0,1,0,0.816070
0,1,0,0,0,0,1,1,0,1,1,0,1,1,0,1,0,1,0,1,1,0,1,0,1,1,0,0,0,0,0,0,0.821425
1,0,1,1,1,1,0,0,0,0,0,0,1,0,0,0,1,0,1,1,0,0,1,0,1,1,0,1,0,1,1,1,0.593883
0,0,0,0,1,0,0,1,0,0,1,0,1,1,1,1,0,1,0,0,1,0,0,1,1,0,0,0,0,0,1,0,0.954923
1,1,1,0,0,0,0,1,1,1,0,1,1,0,1,1,1,0,1,1,1,0,1,0,0,0,1,0,1,1,1,0,0.667945
1,1,1,0,1,0,1,1,0,0,1,1,0,1,0,0,0,0,0,1,1,0,1,0,0,1,0,0,1,1,0,0,0.731884
1,0,0,0,1,0,1,1,1,0,1,1,0,1,1,0,1,0,0,1,0,0,1,0,0,0,0,0,1,1,0,1,0.644634
1,1,0,1,0,0,1,0,1,0,0,1,0,1,1,1,0,1,0,0,1,1,0,1,1,1,0,0,0,1,0,0,0.668905
0,1,0,1,1,0,0,1,1,1,1,1,0,1,0,1,1,0,0,1,1,0,1,0,0,0,0,0,0,0,1,0,0.740702
0,1,0,1,0,1,0,1,0,1,0,1,0,0,0,1,1,1,1,0,1,0,1,0,1,1,1,0,1,1,0,0,0.784793
0,0,1,0,0,0,0,1,0,0,1,0,0,0,1,0,1,0,1,0,1,1,0,1,0,1,0,0,0,1,0,1,0.782689
1,0,0,1,1,1,1,1,1,0,0,1,1,1,1,0,0,0,1,1,0,1,1,1,0,1,0,0,0,0,0,1,0.524163
1,1,0,1,0,1,1,0,0,0,1,0,0,0,0,1,1,1,1,1,1,1,1,0,1,1,1,1,0,1,0,0,0.744752
0,0,0,0,1,1,0,0,0,1,1,1,1,0,1,0,1,1,0,1,0,1,0,0,0,0,1,1,1,0,0,1,0.865276
1,1,0,0,0,1,1,0,1,1,1,1,1,1,1,1,0,1,0,0,0,1,0,0,1,1,1,0,0,0,0,0,0.683024
1,0,1,1,1,0,1,0,1,1,0,1,1,0,1,0,1,1,1,1,0,0,0,0,0,1,0,1,1,0,1,0,0.778373
1,0,0,1,1,1,0,1,0,0,1,1,0,1,1,0,0,1,0,1,1,1,1,0,0,1,0,0,1,0,1,1,0.493952
1,0,0,1,0,0,0,1,1,0,0,0,0,0,0,0,1,0,1,0,0,1,1,0,0,1,0,1,0,1,1,0,0.811488
1,0,1,1,1,0,0,1,1,1,1,0,1,1,1,1,0,1,0,1,1,0,1,1,1,1,0,0,1,1,0,1,0.418558
0,0,0,1,0,1,0,1,0,1,0,1,0,1,0,0,1,0,1,1,0,1,0,1,1,0,1,0,0,1,0,1,0.834665
1,1,1,1,0,1,1,0,0,0,1,1,0,1,1,0,0,0,0,1,1,0,1,1,1,0,0,0,1,1,1,0,0.749920
1,1,1,0,1,0,1,1,1,1,1,1,0,1,1,1,0,1,0,0,1,0,0,0,0,1,0,0,0,0,0,1,0.574089
1,1,1,0,1,0,0,1,1,0,0,0,0,1,0,0,1,1,1,0,0,0,1,0,0,1,0,0,0,0,1,0,0.875027
0,1,1,0,0,0,1,1,1,0,1,0,0,0,0,0,0,0,1,1,1,0,1,1,1,0,0,1,1,1,0,1,0.708919
1,0,0,0,0,0,1,0,0,0,1,0,0,1,0,0,0,0,0,1,0,1,0,0,1,0,1,1,1,1,1,0,0.754556
1,1,0,0,0,1,1,0,1,0,0,0,1,0,1,1,0,0,0,1,1,0,1,1,0,0,1,1,1,1,0,1,0.339780
1,1,1,0,1,0,0,0,1,0,0,0,1,0,1,0,0,0,0,1,1,1,0,0,0,0,0,0,0,1,1,0,0.852861
1,1,0,0,0,1,0,1,1,1,1,1,1,0,0,1,0,0,1,0,1,1,0,1,1,0,1,1,1,0,0,0,0.643516
1,1,1,0,1,0,1,1,1,0,1,1,1,0,0,1,1,0,1,1,1,1,0,1,0,0,1,0,0,0,0,1,0.284873
1,1,0,1,1,1,0,1,0,0,1,0,0,1,0,1,1,0,0,1,1,0,0,0,1,0,1,1,0,1,1,0,0.738917
0,0,0,1,1,0,0,0,1,1,0,0,0,0,0,1,0,1,1,1,1,0,1,0,1,0,0,0,0,1,1,0,0.864717
0,1,1,1,1,0,1,1,0,0,0,1,0,0,1,0,0,0,1,0,1,0,1,0,1,0,0,0,0,0,1,0,0.821478
1,1,0,0,1,1,1,0,1,0,1,0,0,1,0,0,1,1,0,0,1,1,0,1,0,0,1,0,1,0,0,0,0.950527
0,0,1,1,1,0,0,1,0,1,1,0,1,1,1,1,0,0,1,1,0,0,0,1,0,0,1,0,1,1,0,1,0.871377
0,1,1,1,1,0,1,0,0,1,1,0,1,0,0,1,0,0,0,1,0,1,0,0,0,1,0,1,1,0,0,0,0.783994
0,1,1,1,1,1,0,1,1,1,1,1,1,0,0,1,0,0,1,0,1,0,1,0,0,0,0,1,1,0,1,0,0.731111
0,1,1,0,0,1,1,1,1,1,0,0,1,0,1,1,0,1,1,0,1,0,1,0,1,1,0,0,1,0,1,1,0.690510
1,1,1,0,1,1,1,1,0,1,0,0,1,0,1,1,0,1,1,0,0,1,0,1,0,0,1,1,1,1,1,1,0.247789
1,0,1,0,0,0,0,0,1,0,0,0,1,0,0,0,0,1,0,1,0,1,0,1,1,0,0,1,0,0,1,1,0.656064
0,1,1,1,1,1,0,1,0,0,0,1,1,1,1,0,1,1,0,1,0,0,1,0,0,0,0,0,0,1,1,1,0.773604
1,1,1,0,1,0,0,1,1,0,0,1,1,1,0,1,1,1,1,0,1,0,1,0,0,1,0,1,0,1,1,0,0.870391
1,1,0,1,0,1,0,1,1,0,0,1,0,0,0,0,1,1,0,0,1,0,1,0,0,0,1,0,0,0,0,0,0.829231
1,1,1,1,0,1,0,0,1,1,0,1,0,1,1,0,0,0,0,0,1,1,0,1,1,1,0,0,0,1,1,0,0.616635
1,1,1,0,0,1,1,0,0,1,0,1,1,1,0,1,1,1,0,1,1,1,0,0,0,1,0,1,0,0,0,0,0.817748
1,1,1,1,1,1,0,0,0,0,1,0,0,0,0,0,0,0,0,1,0,0,0,0,1,1,0,1,1,1,1,1,0.380382
1,1,0,1,0,1,0,1,1,0,0,1,1,0,0,1,1,0,1,0,0,0,1,0,0,0,0,1,1,1,0,0,0.714274
1,0,0,0,1,0,1,0,1,1,1,0,1,1,0,1,0,1,1,1,1,0,1,1,1,1,0,0,1,1,1,0,0.550059
0,1,0,1,0,0,1,1,0,1,0,1,0,1,0,1,0,1,1,1,1,0,0,0,0,0,1,1,0,0,0,0,0.833626
1,0,0,1,0,1,0,0,1,1,1,0,1,1,1,1,0,0,1,1,0,0,0,0,0,0,1,0,0,1,1,0,0.722240
1,0,1,1,0,0,1,1,0,0,0,0,1,0,0,0,1,1,0,1,0,1,0,0,0,0,0,0,0,1,0,1,0.605605
0,1,1,0,0,0,0,1,1,1,1,1,1,0,1,0,1,0,1,0,0,0,0,0,1,1,0,0,1,0,1,1,0.696078
1,1,0,0,0,1,1,1,1,0,1,0,1,0,1,0,1,1,1,1,1,0,1,1,1,0,1,1,1,0,0,0,0.837916
0,0,1,1,1,0,0,0,1,1,0,0,0,1,0,0,1,1,0,1,0,0,1,1,1,1,0,0,1,0,0,1,0.733403
0,1,1,0,1,0,1,0,1,1,0,0,0,0,1,1,1,1,0,0,0,0,0,1,1,1,1,1,0,0,0,0,0.703804
