1,0,0,1,1,1,1,1,1,0,0,1,1,1,1,0,0,0,1,1,0,1,1,1,0,1,0,0,0,0,0,1,0.509617
1,1,1,0,0,0,0,0,0,0,0,1,1,0,1,0,0,1,0,0,1,0,1,0,0,1,0,1,0,1,0,0,0.856058
1,1,1,0,1,0,1,1,0,0,1,1,0,1,0,0,0,0,0,1,1,0,1,0,0,1,0,0,1,1,0,0,0.751279
0,1,1,1,0,0,1,0,1,0,1,1,1,1,0,1,0,1,0,1,0,0,0,0,0,1,0,0,0,0,1,0,0.717951
1,0,0,0,1,0,1,0,1,1,1,0,1,1,0,1,0,1,1,1,1,0,1,1,1,1,0,0,1,1,1,0,0.583760
0,1,1,0,0,1,0,1,1,1,1,1,0,1,1,0,0,1,1,1,1,1,1,0,1,0,0,0,1,0,1,0,0.711504
0,1,0,0,0,0,0,1,0,0,1,1,1,0,1,0,0,0,0,1,1,0,1,1,0,1,0,0,1,0,0,1,0.882673
1,1,0,0,0,0,0,0,1,1,0,0,0,1,1,0,1,1,1,1,1,1,1,1,0,0,1,1,0,1,0,0,0.943787
0,1,0,1,1,1,0,1,1,1,0,0,0,0,1,1,1,0,1,1,1,1,0,1,0,0,0,1,1,1,0,0,0.790255
1,1,1,0,1,0,0,1,1,0,0,0,0,1,0,0,1,1,1,0,0,0,1,0,0,1,0,0,0,0,1,0,0.880568
0,0,0,1,0,0,0,1,0,1,0,1,0,0,1,1,1,1,0,0,1,0,1,1,1,0,0,1,1,0,1,1,0.850304
0,0,1,1,1,0,0,1,0,1,1,0,1,0,0,0,0,1,0,1,1,1,0,1,0,1,0,1,0,1,1,1,0.875853
1,1,1,0,1,0,0,1,1,0,0,1,1,1,0,1,1,1,1,0,1,0,1,0,0,1,0,1,0,1,1,0,0.877504
1,0,0,0,1,0,1,1,1,0,1,1,0,1,1,0,1,0,0,1,0,0,1,0,0,0,0,0,1,1,0,1,0.612479
0,0,0,0,1,1,1,0,0,0,1,0,1,0,0,0,1,0,1,0,0,1,1,0,1,1,1,1,0,1,1,1,0.874680
0,0,1,1,0,1,0,0,0,1,1,1,0,0,0,1,0,0,1,0,0,1,1,0,0,0,1,1,0,1,1,1,0.850224
0,1,0,1,1,1,0,1,1,0,1,1,0,1,1,1,0,0,0,1,1,0,1,1,1,0,0,1,1,1,0,1,0.834239
1,0,0,0,1,1,1,1,1,1,0,1,1,0,0,0,1,0,0,1,0,0,1,1,1,1,0,1,0,1,1,0,0.765772
1,1,1,0,0,0,0,1,0,1,1,1,1,1,1,0,1,1,0,0,0,0,0,1,1,0,0,1,1,0,0,0,0.834106
1,1,0,0,0,1,1,0,1,0,0,0,1,0,1,1,0,0,0,1,1,0,1,1,0,0,1,1,1,1,0,1,0.321931
1,0,1,0,1,1,0,0,0,0,1,1,1,1,0,1,1,0,0,0,1,1,0,1,0,0,0,0,1,0,1,0,0.780850
1,0,0,1,0,1,0,0,1,1,1,0,1,1,1,1,0,0,1,1,0,0,0,0,0,0,1,0,0,1,1,0,0.733030
1,1,1,0,1,1,1,1,0,0,1,1,0,0,1,1,0,1,0,1,1,0,0,0,1,0,1,0,1,0,0,0,0.787484
0,1,0,0,1,0,1,0,0,1,0,0,1,1,1,1,0,1,0,1,1,0,1,0,1,0,1,1,1,0,1,0,0.892237
1,1,1,0,1,0,1,1,1,0,1,1,1,0,0,1,1,0,1,1,1,1,0,1,0,0,1,0,0,0,0,1,0.276055
0,0,0,1,1,0,0,1,1,1,0,1,1,0,0,0,0,1,0,0,0,0,1,1,1,0,0,1,1,1,1,0,0.870364
1,1,0,1,0,0,1,0,1,1,1,1,1,1,0,1,0,0,1,1,0,0,0,1,1,1,0,0,1,1,1,0,0.655238
0,0,1,1,1,0,0,1,0,1,1,0,1,1,1,1,0,0,1,1,0,0,0,1,0,0,1,0,1,1,0,1,0.891011
1,1,0,0,0,1,0,0,0,0,1,1,1,1,0,0,0,1,0,1,0,1,0,0,0,0,0,0,0,0,1,0,0.790681
1,1,0,0,0,1,1,1,1,0,1,0,1,0,1,0,1,1,1,1,1,0,1,1,1,0,1,1,1,0,0,0,0.850730
0,1,0,1,1,0,1,1,0,1,0,1,1,0,0,1,1,1,0,0,0,1,0,1,0,1,1,0,0,1,0,0,0.835305
1,0,1,0,1,1,0,0,0,0,0,0,0,1,1,0,0,1,0,1,1,0,0,1,1,1,0,0,0,1,1,0,0.744991
1,1,0,0,0,1,0,1,1,1,1,1,1,0,0,1,0,0,1,0,1,1,0,1,1,0,1,1,1,0,0,0,0.677616
0,0,1,0,1,1,1,1,0,0,0,1,0,0,0,0,1,1,1,1,1,1,0,0,1,1,1,1,0,1,1,1,0.859468
1,0,0,1,0,0,0,1,1,0,0,0,0,0,0,0,1,0,1,0,0,1,1,0,0,1,0,1,0,1,1,0,0.829257
1,1,0,1,1,0,0,1,1,1,1,0,0,1,0,1,1,1,1,0,0,0,1,0,0,0,1,1,0,0,0,0,0.825314
1,1,0,0,1,0,0,0,0,0,1,1,1,1,0,1,1,0,1,0,1,0,1,1,0,0,0,0,0,1,1,0,0.715819
1,0,1,1,0,0,1,1,0,0,0,0,1,0,0,0,1,1,0,1,0,1,0,0,0,0,0,0,0,1,0,1,0.584133
0,1,0,1,0,0,1,1,0,1,0,1,0,1,0,1,0,1,1,1,1,0,0,0,0,0,1,1,0,0,0,0,0.853501
1,0,1,1,1,1,0,0,0,0,0,0,1,0,0,0,1,0,1,1,0,0,1,0,1,1,0,1,0,1,1,1,0.561727
0,0,0,1,0,0,0,1,1,0,0,1,1,0,1,1,0,0,1,0,0,0,1,0,1,0,0,1,0,1,1,0,0.857204
0,0,1,0,0,0,0,1,0,0,1,0,0,0,1,0,1,0,1,0,1,1,0,1,0,1,0,0,0,1,0,1,0.784900
0,1,0,0,1,1,0,1,1,1,1,1,0,1,0,0,0,1,1,0,1,1,1,0,0,0,0,1,1,1,0,1,0.818494
1,1,1,1,0,1,1,0,0,0,1,1,0,1,1,0,0,0,0,1,1,0,1,1,1,0,0,0,1,1,1,0,0.774936
0,0,1,0,1,1,1,1,1,1,0,1,0,0,1,0,0,0,0,0,1,1,1,1,1,1,1,0,0,0,0,1,0.862159
0,1,1,0,0,0,0,1,0,0,1,0,0,0,0,0,1,0,1,1,0,1,0,0,1,1,1,0,0,0,0,0,0.786259
0,1,0,1,0,1,0,1,0,1,0,1,0,0,0,1,1,1,1,0,1,0,1,0,1,1,1,0,1,1,0,0,0.811541
0,1,1,0,0,1,1,1,1,0,1,0,0,0,1,0,0,0,0,1,1,0,1,1,0,1,0,1,0,1,1,0,0.736626
1,1,1,0,1,1,1,1,0,1,0,0,1,0,1,1,0,1,1,0,0,1,0,1,0,0,1,1,1,1,1,1,0.235694
1,1,0,1,1,1,0,1,0,0,1,0,0,1,0,1,1,0,0,1,1,0,0,0,1,0,1,1,0,1,1,0,0.740569
1,1,0,1,0,0,1,0,1,0,0,1,0,1,1,1,0,1,0,0,1,1,0,1,1,1,0,0,0,1,0,0,0.684969
1,0,1,1,1,0,1,0,1,1,0,1,1,0,1,0,1,1,1,1,0,0,0,0,0,1,0,1,1,0,1,0,0.805227
1,0,1,0,0,1,1,1,0,0,0,0,1,0,1,0,0,0,1,0,0,1,0,0,0,0,0,1,1,1,0,1,0.636589
0,0,0,0,1,0,0,1,0,0,1,0,1,1,1,1,0,1,0,0,1,0,0,1,1,0,0,0,0,0,1,0,0.953138
1,1,0,1,1,0,0,1,0,1,1,1,1,1,1,0,0,0,1,1,1,1,1,0,1,1,1,1,1,1,0,1,0.415148
0,1,0,1,0,0,0,1,1,1,0,1,0,1,0,0,1,0,0,1,1,0,0,0,0,1,0,0,0,0,1,0,0.767983
1,1,1,1,0,0,1,1,0,1,1,0,1,0,1,1,0,1,0,1,0,0,0,0,0,1,0,0,0,1,0,1,0.331948
1,0,0,0,1,0,0,0,1,1,0,1,1,1,1,0,0,1,1,0,0,1,1,1,0,0,0,0,0,1,0,0,0.793452
1,0,0,1,0,0,1,1,0,0,1,1,0,1,0,1,1,0,0,1,1,0,0,1,0,1,0,0,0,0,0,0,0.750613
1,0,0,0,1,0,1,1,0,1,0,1,1,1,1,1,1,0,1,0,0,1,1,1,0,0,1,1,0,1,0,0,0.731218
1,1,0,0,0,1,1,0,1,1,1,1,1,1,1,1,0,1,0,0,0,1,0,0,1,1,1,0,0,0,0,0,0.697331
1,1,1,0,1,0,0,0,0,0,0,1,1,1,1,0,0,1,0,0,1,0,0,1,0,1,0,1,0,1,0,1,0.576886
1,0,0,1,1,1,0,1,0,0,1,1,0,1,1,0,0,1,0,1,1,1,1,0,0,1,0,0,1,0,1,1,0.465340
0,1,0,1,0,1,0,0,1,0,0,1,0,1,0,0,1,0,0,1,0,0,1,1,1,1,1,0,1,1,0,0,0.778586
0,1,1,1,0,1,0,0,1,0,1,1,0,1,1,1,0,0,1,0,1,0,1,1,1,0,1,1,1,1,0,1,0.712250
1,1,1,1,0,1,0,0,1,0,0,0,1,0,1,0,1,1,0,0,1,0,1,0,1,0,0,0,0,0,1,0,0.833760
1,0,0,0,1,1,1,0,0,0,0,0,1,1,0,0,1,0,0,0,1,1,0,0,0,0,0,1,0,1,1,1,0.726556
0,1,1,0,1,0,1,0,1,1,0,0,0,0,1,1,1,1,0,0,0,0,0,1,1,1,1,1,0,0,0,0,0.716379
1,1,1,0,0,1,1,0,0,1,0,1,1,1,0,1,1,1,0,1,1,1,0,0,0,1,0,1,0,0,0,0,0.831868
1,1,0,1,0,1,0,1,1,0,0,1,0,0,0,0,1,1,0,0,1,0,1,0,0,0,1,0,0,0,0,0,0.838289
1,1,0,0,1,1,1,0,1,0,1,0,0,1,0,0,1,1,0,0,1,1,0,1,0,0,1,0,1,0,0,0,0.959559
0,1,0,0,1,0,0,1,0,1,0,0,0,0,1,0,1,0,1,1,1,0,0,1,0,0,1,0,1,1,0,0,0.827605
0,1,0,0,0,1,1,0,0,0,0,0,1,0,0,1,0,0,1,1,0,1,0,1,0,0,0,0,1,1,0,0,0.868606
1,1,1,0,1,1,0,0,0,0,0,0,0,0,1,1,1,1,0,0,1,1,1,1,1,0,0,1,0,1,1,0,0.768889
0,1,1,0,0,0,0,1,1,1,1,0,0,1,0,0,0,1,1,1,1,1,1,0,0,0,0,0,0,0,1,0,0.721894
1,1,0,1,0,1,1,0,0,0,1,0,0,0,0,1,1,1,1,1,1,1,1,0,1,1,1,1,0,1,0,0,0.764333
1,1,1,0,0,0,0,0,1,1,1,1,0,1,1,0,1,1,0,1,0,1,0,1,1,1,1,0,1,0,0,0,0.859895
0,1,1,1,1,1,0,1,0,0,0,1,1,1,1,0,1,1,0,1,0,0,1,0,0,0,0,0,0,1,1,1,0.784553
1,1,1,0,1,0,0,0,1,0,1,0,1,1,1,0,0,1,1,1,1,0,0,1,0,1,0,0,1,1,1,0,0.795077
1,1,1,1,0,1,0,0,1,0,0,1,0,0,0,1,0,0,0,0,0,0,0,1,0,1,0,1,0,0,1,1,0.353154
1,1,1,0,1,1,0,1,1,1,0,1,1,0,1,0,0,0,0,0,1,1,1,0,0,0,0,0,0,1,1,0,0.927137
0,1,1,1,1,0,1,1,0,0,0,1,0,0,1,0,0,0,1,0,1,0,1,0,1,0,0,0,0,0,1,0,0.833946
1,1,1,0,1,0,0,0,1,0,0,0,1,0,1,0,0,0,0,1,1,1,0,0,0,0,0,0,0,1,1,0,0.872442
0,1,0,1,1,0,0,0,1,0,1,1,0,0,0,1,1,0,0,0,1,1,0,1,0,0,0,1,1,1,0,0,0.773444
0,0,1,0,0,1,1,1,1,1,1,0,1,0,1,1,0,0,0,0,1,0,0,1,0,1,0,0,0,1,1,1,0.828831
0,1,1,0,0,1,1,0,0,0,1,0,0,0,0,0,0,0,1,1,0,0,1,0,1,1,0,1,1,1,1,1,0.835651
0,0,0,0,1,1,0,1,0,1,0,0,1,1,1,0,0,0,0,0,0,0,0,1,1,1,0,1,0,0,0,0,0.956335
0,1,0,0,0,0,1,1,0,1,1,0,1,1,0,1,0,1,0,1,1,0,1,0,1,1,0,0,0,0,0,0,0.835838
0,1,0,1,1,0,0,1,1,1,1,1,0,1,0,1,1,0,0,1,1,0,1,0,0,0,0,0,0,0,1,0,0.765638
1,1,1,0,1,0,1,1,1,0,0,0,0,1,0,1,1,0,1,0,1,0,0,1,1,1,1,1,1,1,0,0,0.878703
0,1,1,1,1,1,0,1,1,1,1,1,1,0,0,1,0,0,1,0,1,0,1,0,0,0,0,1,1,0,1,0,0.754236
0,0,1,1,1,1,0,0,0,1,1,1,1,1,0,1,0,1,0,1,0,0,1,1,0,1,1,0,0,1,1,0,0.869912
0,0,1,1,1,1,1,1,1,1,1,0,0,0,1,0,0,0,0,1,1,0,0,1,0,1,1,0,0,0,0,0,0.836290
1,0,1,1,1,1,0,0,0,1,1,1,0,0,0,1,0,0,0,1,0,1,0,0,1,0,1,0,1,0,1,1,0.510550
0,0,0,1,1,0,0,0,1,1,0,0,0,0,0,1,0,1,1,1,1,0,1,0,1,0,0,0,0,1,1,0,0.878996
1,1,1,1,1,1,1,0,1,1,0,1,0,1,1,1,0,0,1,0,1,1,0,1,1,1,0,1,1,0,0,0,0.689338
0,1,1,1,1,0,1,0,0,1,1,0,1,0,0,1,0,0,0,1,0,1,0,0,0,1,0,1,1,0,0,0,0.798087
0,1,1,0,0,0,0,1,1,1,1,1,1,0,1,0,1,0,1,0,0,0,0,0,1,1,0,0,1,0,1,1,0.730046
1,1,1,1,0,0,0,0,1,0,1,0,1,0,1,1,0,1,0,0,1,1,0,1,1,0,1,1,1,1,0,0,0.714487
1,1,0,1,0,1,0,1,1,0,0,1,1,0,0,1,1,0,1,0,0,0,1,0,0,0,0,1,1,1,0,0,0.733962
0,1,1,0,1,0,0,1,1,1,0,0,1,1,1,0,1,1,1,1,1,1,0,1,0,0,1,0,1,0,0,1,0.718404
0,1,1,0,0,0,1,1,1,0,1,0,0,0,0,0,0,0,1,1,1,0,1,1,1,0,0,1,1,1,0,1,0.726929
0,0,0,0,0,1,1,1,0,0,0,0,0,1,0,0,0,0,1,1,1,1,0,1,0,1,1,1,1,1,1,1,0.929374
1,1,0,0,1,0,1,1,1,1,0,1,1,1,0,1,1,1,0,1,1,0,0,0,0,0,1,0,1,0,0,0,0.851796
0,0,0,0,1,0,0,0,1,1,1,0,1,1,0,0,1,0,0,0,1,1,1,0,1,1,0,0,0,1,0,1,0.820253
0,0,0,1,0,1,0,1,0,1,0,1,0,1,0,0,1,0,1,1,0,1,0,1,1,0,1,0,0,1,0,1,0.854486
1,1,1,0,0,1,0,0,1,1,1,1,0,1,1,1,0,0,0,1,1,1,1,1,1,0,0,0,1,0,1,0,0.655477
1,1,1,0,0,0,0,1,1,1,0,1,1,0,1,1,1,0,1,1,1,0,1,0,0,0,1,0,1,1,1,0,0.701966
0,1,0,1,1,0,1,0,1,1,1,0,1,0,0,0,1,1,0,0,1,0,0,0,0,0,1,0,0,1,1,0,0.805680
0,1,0,0,1,1,0,0,0,1,0,0,1,1,1,1,1,1,0,0,0,1,1,0,1,1,0,0,0,0,1,1,0.842018
1,0,1,1,1,1,0,1,1,1,0,0,0,0,0,1,0,1,0,1,1,0,0,0,1,0,1,1,0,1,1,1,0.371164
1,1,1,1,0,1,0,0,1,1,0,1,0,1,1,0,0,0,0,0,1,1,0,1,1,1,0,0,0,1,1,0,0.650496
1,0,0,0,1,0,1,1,0,0,0,0,0,1,0,1,0,0,0,1,1,0,1,1,1,0,0,1,1,0,0,1,0.591459
0,0,1,1,1,0,0,0,1,1,0,0,0,1,0,0,1,1,0,1,0,0,1,1,1,1,0,0,1,0,0,1,0.751199
1,1,1,1,1,1,0,0,0,0,1,0,0,0,0,0,0,0,0,1,0,0,0,0,1,1,0,1,1,1,1,1,0.351849
0,1,1,0,0,1,1,1,1,1,0,0,1,0,1,1,0,1,1,0,1,0,1,0,1,1,0,0,1,0,1,1,0.722613
1,0,1,0,0,0,0,0,1,0,0,0,1,0,0,0,0,1,0,1,0,1,0,1,1,0,0,1,0,0,1,1,0.648711
0,1,0,0,1,1,0,1,1,1,0,1,1,1,1,1,1,0,0,1,1,0,1,0,1,0,1,1,1,0,0,1,0.793212
1,1,1,1,1,0,0,1,0,1,1,1,0,0,1,0,0,1,0,1,1,1,0,0,1,0,1,0,0,0,0,0,0.828405
1,0,0,0,1,1,1,1,0,0,1,1,1,0,1,0,0,0,1,0,0,1,1,1,0,1,0,0,1,1,0,1,0.525629
1,0,0,0,0,0,1,0,0,0,1,0,0,1,0,0,0,0,0,1,0,1,0,0,1,0,1,1,1,1,1,0,0.785060
1,0,0,1,1,0,1,0,0,0,1,1,0,1,0,0,0,1,0,0,1,0,1,0,0,1,1,1,1,0,1,0,0.767530
1,0,1,1,1,0,0,1,1,1,1,0,1,1,1,1,0,1,0,1,1,0,1,1,1,1,0,0,1,1,0,1,0.388374
1,0,1,0,1,0,0,0,1,0,0,0,0,0,0,0,0,0,0,1,1,0,0,0,1,0,1,1,1,1,1,0,0.734655
0,0,0,1,0,1,1,1,0,1,0,0,1,1,1,1,1,0,0,0,1,0,1,1,1,1,1,1,0,0,1,0,0.863491
0,0,0,0,1,1,0,0,0,1,1,1,1,0,1,0,1,1,0,1,0,1,0,0,0,0,1,1,1,0,0,1,0.872602
1,1,0,1,1,1,1,0,0,0,0,1,1,1,1,0,0,1,1,0,0,0,1,0,0,0,1,1,1,0,0,1,0.545849
1,1,1,0,1,0,1,1,1,1,1,1,0,1,1,1,0,1,0,0,1,0,0,0,0,1,0,0,0,0,0,1,0.542093
