0,1,0,1,1,0,1,1,1,1,1,0,0,1,1,0,1,0,0,0,1,1,1,1,1,0,1,0,0,1,0,0,0.608536
1,0,1,0,1,0,1,0,1,0,0,1,1,0,0,1,0,0,1,0,1,1,1,1,0,1,0,0,1,1,0,0,0.603501
1,1,1,1,0,1,1,1,1,0,1,0,0,0,0,0,1,1,0,0,1,0,1,1,1,0,1,0,0,0,0,0,0.714274
0,1,1,0,1,1,0,1,0,0,0,1,0,1,0,1,1,0,0,0,0,0,1,0,0,0,1,0,1,0,0,1,0.566283
0,0,1,1,0,1,1,0,1,0,1,0,1,0,1,0,1,1,1,1,1,0,1,0,0,1,1,1,0,1,0,1,0.657182
1,1,1,1,0,0,0,0,1,1,0,0,1,1,0,0,0,0,1,0,0,0,0,0,0,0,0,1,1,1,1,0,0.583893
0,1,1,1,0,1,1,0,0,1,0,1,1,1,1,0,0,0,1,0,0,1,0,1,1,0,0,0,0,1,1,0,0.598652
1,1,1,0,1,1,1,1,1,1,1,0,1,0,0,0,0,1,1,0,0,1,1,1,0,0,0,1,0,0,0,1,0.611733
0,1,0,0,0,1,0,1,1,1,1,0,1,0,0,0,0,0,1,0,0,1,1,0,1,0,1,1,0,1,1,1,0.607710
1,1,1,0,1,0,0,1,1,1,0,0,0,0,1,0,1,0,0,1,0,0,1,1,0,0,0,0,1,1,0,0,0.609202
0,0,1,0,0,1,0,1,0,1,1,1,1,1,1,0,1,0,0,1,0,1,0,0,1,1,1,0,1,1,0,0,0.604167
1,1,0,0,1,1,0,0,0,0,0,0,0,0,0,0,1,1,1,1,1,0,0,0,0,0,1,1,1,0,0,1,0.597160
0,1,0,1,1,0,0,1,0,1,0,1,0,0,1,0,0,0,0,1,0,1,1,0,0,0,0,1,0,1,1,0,0.582694
0,0,0,0,1,1,1,1,1,1,1,0,0,1,0,0,0,1,1,0,1,1,1,1,1,0,1,1,0,1,0,0,0.604939
0,0,1,1,0,0,1,0,1,0,0,0,1,0,1,0,0,1,0,1,1,1,0,1,0,1,1,1,0,0,1,0,0.589887
1,0,0,1,0,0,0,0,1,1,0,0,1,0,0,0,0,0,0,0,0,1,0,0,0,1,1,1,1,1,1,1,0.647405
1,1,1,0,1,0,0,1,1,0,0,1,0,1,1,0,1,1,1,0,1,1,1,0,1,0,0,1,0,0,1,1,0.610214
0,0,0,1,1,0,0,1,1,1,1,0,0,0,1,1,1,0,1,1,1,0,1,0,0,0,0,0,0,1,0,0,0.698290
1,0,1,1,0,1,0,0,0,1,1,0,1,0,1,1,1,0,0,0,0,0,0,1,1,0,0,0,1,1,1,0,0.615249
0,1,0,1,0,1,0,0,0,1,1,1,0,0,0,0,0,1,0,1,1,0,0,0,1,1,1,0,0,1,1,0,0.615729
1,1,1,1,0,1,1,0,1,0,0,1,0,0,1,1,1,1,1,1,0,1,1,0,0,0,0,1,1,1,0,0,0.628437
0,0,1,1,1,1,1,1,0,0,0,1,1,1,0,0,0,1,1,0,0,1,0,0,0,0,0,0,0,1,1,1,0.602222
0,0,0,1,1,1,1,0,0,0,0,0,0,0,1,0,0,1,0,1,0,0,1,0,1,1,0,0,1,0,0,1,0.557118
1,1,0,1,0,1,1,0,0,0,0,1,0,1,0,0,1,1,0,0,1,0,1,0,0,1,1,1,1,0,0,0,0.598625
0,0,0,0,0,1,0,1,0,1,0,0,1,1,1,1,0,1,0,1,1,0,0,1,1,1,1,1,1,0,1,1,0.653000
0,1,0,0,0,0,0,0,1,1,0,1,1,0,0,1,1,1,1,1,0,0,1,0,1,1,0,1,0,1,0,1,0.636509
1,1,1,1,0,0,0,1,1,0,0,0,1,1,1,0,1,1,0,0,0,0,1,0,0,1,1,1,1,0,1,0,0.627078
1,0,0,0,0,1,0,0,1,0,1,1,0,1,1,0,1,0,0,0,1,1,1,1,1,0,0,1,0,0,0,1,0.608429
0,1,0,0,0,1,1,1,0,0,1,1,1,0,0,0,0,0,0,0,0,1,0,1,1,1,0,1,0,0,0,0,0.568894
1,0,0,0,0,1,1,0,0,1,1,0,1,0,0,0,1,1,1,0,0,1,1,0,1,1,0,1,1,1,1,1,0.694587
1,1,0,1,0,0,1,0,1,0,1,1,1,1,1,1,0,0,1,0,1,1,0,1,0,0,0,1,0,0,0,0,0.604406
1,1,0,1,0,1,0,0,1,0,1,1,0,1,0,1,1,0,1,0,0,0,0,1,1,0,0,0,0,0,1,0,0.613518
0,0,1,1,1,1,1,0,0,1,0,0,0,1,0,1,0,0,1,1,1,1,0,1,0,0,1,0,0,1,1,1,0.611493
0,1,1,0,0,0,0,0,0,0,1,0,1,1,0,1,0,1,0,1,1,0,1,1,0,0,0,1,1,0,1,1,0.595721
0,1,0,0,1,1,1,0,0,0,1,1,1,1,0,1,1,0,0,0,0,1,1,0,1,1,1,0,1,0,0,0,0.619832
1,0,0,0,1,0,1,1,1,1,0,0,0,0,1,0,1,1,0,0,0,0,0,0,0,0,1,0,0,0,1,0,0.591326
0,0,0,1,0,0,0,0,0,0,0,1,1,1,1,0,0,0,1,0,0,0,0,0,1,0,0,0,1,0,0,1,0.482843
1,0,1,1,0,0,1,1,1,1,0,0,0,0,0,0,0,0,1,0,1,1,0,1,0,1,1,1,1,0,0,1,0.604939
1,0,1,0,1,1,0,0,0,1,0,1,0,1,1,0,0,1,1,0,1,1,0,0,1,0,0,0,0,1,1,0,0.584186
0,1,0,0,1,1,0,1,0,0,0,0,0,1,1,0,0,0,0,0,1,0,1,0,0,1,1,1,0,0,1,1,0.530824
1,1,1,1,0,0,1,0,1,0,0,1,1,1,1,1,1,0,1,1,0,1,0,0,1,1,0,1,0,1,0,0,0.614583
0,1,1,0,1,0,0,0,1,1,1,1,1,1,1,1,1,1,1,0,0,0,0,1,1,1,1,0,1,0,0,1,0.692136
1,1,0,1,0,1,1,1,1,1,1,0,1,1,1,1,1,0,0,1,1,1,1,1,1,1,1,0,0,1,0,1,0.640505
0,0,1,0,0,1,1,1,1,1,1,1,0,1,1,0,0,1,1,1,1,0,0,0,0,0,0,1,0,1,1,0,0.651535
1,0,0,0,1,1,0,0,1,0,0,1,1,0,0,1,0,0,0,1,0,1,0,1,0,0,0,1,0,0,0,1,0.543958
1,0,0,1,0,1,1,1,1,1,1,1,0,1,0,0,1,1,1,0,1,0,0,0,1,1,0,0,0,1,1,0,0.611600
1,0,1,1,0,1,1,0,0,0,0,0,1,0,1,1,0,0,0,1,1,0,0,1,0,1,1,0,1,0,1,0,0.617061
0,1,0,0,1,1,0,1,0,1,0,0,1,1,0,0,1,1,0,0,1,1,0,1,1,0,1,1,1,0,0,1,0.603794
0,0,0,1,1,0,0,1,0,0,0,0,0,1,0,0,1,1,0,1,1,1,0,1,0,0,1,0,0,0,1,0,0.556452
0,1,0,1,1,0,1,1,0,0,0,1,0,1,1,1,1,1,0,0,0,0,0,0,0,1,1,0,0,0,1,1,0.563619
1,1,0,0,1,1,1,1,0,0,1,0,1,1,0,0,0,0,1,0,1,1,0,0,1,0,1,1,0,1,1,1,0.597426
1,1,1,0,1,0,0,0,0,1,0,0,1,1,0,1,1,1,1,1,1,1,1,1,1,0,0,0,1,1,1,0,0.588848
1,0,0,1,0,1,1,0,0,0,0,0,0,1,0,1,1,0,0,0,0,1,1,0,1,0,0,1,0,0,1,0,0.571292
0,1,0,1,1,1,1,1,0,1,0,1,0,1,0,0,1,0,0,1,0,1,0,1,1,1,0,0,0,1,1,0,0.617620
0,0,0,0,1,1,1,0,0,1,0,0,0,0,0,1,1,1,1,0,0,1,1,0,1,1,1,1,1,1,0,0,0.640665
0,1,0,1,1,1,1,0,1,0,0,0,0,0,1,0,1,1,1,1,0,0,1,1,1,1,0,0,0,1,0,0,0.615010
1,1,0,1,0,1,1,0,0,0,0,1,1,1,1,0,1,1,1,0,0,1,0,0,1,0,1,1,0,1,1,1,0.623002
0,0,0,0,0,0,0,0,1,1,0,1,0,1,0,1,0,0,0,0,0,0,1,0,0,0,1,1,1,0,0,1,0.618286
0,1,0,1,1,1,1,1,1,0,1,0,1,1,1,1,1,0,1,1,0,1,0,1,1,1,1,0,0,1,0,1,0.657902
0,0,1,0,1,1,0,1,1,0,0,1,1,1,0,0,1,1,0,0,0,1,1,0,0,0,1,0,0,0,1,1,0.583173
1,0,0,0,1,0,0,0,1,1,1,0,1,0,1,1,1,1,1,1,1,1,0,0,0,0,1,0,1,1,1,1,0.667839
1,1,1,1,1,0,1,1,1,1,0,0,1,0,0,1,1,1,0,1,1,1,0,1,1,0,1,0,0,1,0,0,0.691549
1,1,1,0,0,1,0,1,0,1,1,1,0,0,0,1,1,1,1,1,0,1,0,0,1,0,1,1,0,0,0,0,0.638853
0,0,1,1,0,1,1,1,0,1,0,0,0,0,1,0,1,1,0,1,0,0,1,1,0,1,0,1,0,1,0,1,0.640079
1,1,0,0,1,1,1,0,0,1,0,1,1,0,1,0,0,1,0,0,0,1,0,0,0,1,1,0,0,1,0,0,0.594230
0,0,0,0,1,1,0,0,0,1,1,1,1,0,0,1,0,0,1,0,1,1,1,1,0,0,1,1,1,1,1,1,0.562953
0,0,0,1,0,0,1,1,1,1,1,0,1,0,0,0,1,0,1,1,1,1,1,0,1,1,1,0,0,1,1,0,0.614370
0,1,0,0,0,0,0,0,1,0,0,1,0,1,1,1,0,1,0,1,0,1,0,0,1,1,1,1,0,0,0,1,0.600597
0,1,1,1,1,0,1,1,1,1,1,1,1,1,1,1,1,1,1,0,0,1,1,1,0,0,1,0,0,1,0,0,0.638214
1,0,1,1,0,0,1,0,1,1,1,0,0,1,0,0,1,0,0,0,1,1,0,0,1,0,1,1,1,0,0,0,0.595455
1,0,0,0,1,1,1,0,1,1,0,1,1,0,1,1,1,0,1,1,1,0,1,1,0,1,0,0,1,1,1,1,0.609974
0,0,0,0,1,0,1,0,1,1,0,1,1,1,0,1,1,0,1,0,1,0,1,0,1,1,0,1,0,0,1,0,0.607737
1,0,0,1,1,0,1,1,1,1,0,1,0,0,1,1,1,0,0,1,0,0,0,1,1,1,0,0,1,0,0,1,0.632087
1,0,0,0,1,1,1,1,1,0,1,1,1,0,1,1,1,0,1,1,0,1,1,1,1,0,0,0,0,1,0,0,0.644182
0,0,0,0,1,0,0,0,1,1,1,0,0,0,1,1,0,1,0,1,1,0,0,0,1,1,0,1,1,1,0,1,0.607710
0,0,0,1,0,1,0,1,0,0,0,0,0,0,0,0,0,0,0,0,1,1,1,0,0,0,0,0,0,0,0,1,0.431079
1,0,1,1,0,1,0,0,1,1,0,1,0,1,1,0,0,0,0,1,0,0,0,0,0,1,1,1,1,0,0,1,0.627078
1,1,0,0,1,1,1,0,1,0,0,1,1,1,1,0,1,1,1,1,0,1,0,1,1,0,1,1,0,1,1,0,0.628277
1,1,1,1,0,1,0,0,0,1,0,1,0,1,0,1,1,0,1,1,0,0,0,0,1,1,0,1,0,1,0,1,0.625400
1,1,1,0,0,0,0,0,1,0,0,0,1,1,0,0,1,1,1,0,1,1,0,1,1,1,1,1,0,0,0,1,0.614477
0,1,0,1,0,0,0,1,1,0,1,1,1,0,1,1,1,0,1,0,1,1,0,0,0,1,0,1,0,0,0,0,0.595109
0,0,1,0,1,0,1,1,0,0,0,0,1,0,1,0,1,0,1,0,1,0,1,1,1,0,1,0,1,0,1,1,0.580323
0,0,1,0,0,0,0,0,1,1,0,0,0,0,0,0,0,1,1,1,0,0,1,0,0,1,1,0,0,0,0,0,0.537884
0,0,1,0,0,1,0,1,1,0,1,1,1,0,1,1,1,1,1,1,1,0,0,0,0,0,1,1,1,1,0,0,0.624574
0,1,1,0,1,0,1,0,0,0,0,0,1,1,1,0,0,1,0,1,1,1,0,1,0,0,0,0,1,0,0,0,0.564232
0,1,1,0,0,0,0,1,1,1,0,0,0,0,1,0,0,0,1,1,1,1,1,1,0,1,1,1,1,1,0,0,0.610294
1,0,1,0,1,1,0,1,1,1,0,0,0,0,1,0,1,0,1,0,1,1,0,1,1,0,1,1,0,0,1,1,0.611306
1,0,1,1,0,0,1,1,1,1,1,0,1,0,0,1,0,0,0,1,0,0,1,0,1,0,0,1,1,0,1,1,0.584479
1,1,0,1,1,1,1,1,1,1,0,0,1,0,1,1,0,1,0,0,0,1,1,0,1,1,0,0,1,0,1,1,0.647751
0,1,0,0,0,0,0,0,0,1,1,0,1,1,0,1,1,1,1,0,1,1,0,0,0,0,0,0,0,1,0,1,0.580723
1,0,1,1,1,0,1,0,0,0,0,0,0,1,1,0,1,0,0,0,0,1,0,0,0,0,0,0,1,0,0,0,0.633951
0,1,0,1,0,1,1,1,1,0,1,0,1,0,0,0,0,1,0,1,1,1,1,0,1,1,1,0,0,0,1,0,0.600064
0,1,0,0,1,1,0,1,1,1,0,0,0,1,1,0,1,1,0,0,1,0,0,1,0,0,1,0,1,0,1,0,0.585038
1,0,1,1,1,0,1,0,1,0,1,0,0,1,1,0,0,0,1,1,0,0,0,1,1,1,1,1,1,1,1,0,0.659287
1,0,1,1,0,0,1,1,0,1,0,0,1,1,1,0,1,1,0,0,1,1,1,0,0,0,1,0,0,0,0,1,0.591379
0,1,0,0,0,1,1,0,0,0,0,1,0,1,0,0,1,1,1,1,1,1,0,0,0,1,0,1,1,0,0,1,0.651162
0,0,1,0,1,1,1,1,0,0,1,1,0,1,1,1,0,0,1,1,0,1,1,0,1,0,0,0,1,1,1,0,0.609708
1,0,1,0,1,0,1,0,0,1,0,0,1,1,1,1,1,1,0,1,1,1,1,0,1,1,0,1,0,1,0,0,0.602355
0,1,1,1,0,1,1,1,0,1,0,1,0,1,1,1,1,0,1,0,1,0,1,1,1,0,0,0,0,0,1,1,0.625453
1,1,0,1,0,0,0,1,1,1,1,1,0,1,0,0,1,1,0,0,1,0,0,1,0,0,0,0,1,0,1,0,0.609628
0,1,0,1,1,0,0,0,0,1,0,0,1,1,0,0,1,0,0,0,1,0,0,0,0,0,1,1,0,1,0,1,0.551551
0,1,0,0,0,0,0,0,1,0,0,0,0,0,1,1,1,1,1,0,0,0,1,1,1,0,0,1,0,1,0,1,0.574568
0,1,1,0,1,0,1,0,0,1,0,0,0,1,0,0,0,1,1,1,1,1,1,1,1,1,1,1,0,1,0,1,0.648924
1,1,0,1,1,0,1,1,0,0,1,1,0,1,1,1,1,1,0,0,1,1,1,1,1,0,0,0,1,0,1,1,0.556239
1,0,1,1,0,0,1,0,0,0,0,1,0,0,0,1,1,0,0,0,1,0,0,1,0,0,0,1,0,1,0,0,0.588928
1,0,1,0,0,1,0,0,0,0,1,0,1,0,0,1,0,1,1,1,1,1,0,1,1,0,1,0,1,1,1,0,0.612798
0,1,0,0,1,0,0,0,1,0,1,1,1,1,0,1,1,1,0,0,1,0,0,0,0,0,0,0,0,0,0,0,0.577286
1,1,0,1,0,0,1,1,1,1,0,1,0,1,1,0,1,0,1,0,1,1,0,0,0,0,1,0,0,0,0,1,0.607950
0,1,1,1,0,1,0,1,1,0,1,0,0,1,1,0,0,1,1,0,1,1,1,1,1,0,0,1,1,1,0,1,0.614983
0,0,1,1,1,1,0,0,0,0,0,0,1,1,1,1,1,1,0,0,1,0,0,0,0,0,0,0,1,0,1,1,0.596494
0,0,1,0,0,1,0,0,1,1,1,0,1,1,0,1,1,1,0,1,0,1,1,0,0,0,1,1,1,0,0,1,0.627025
1,0,1,0,1,1,0,1,1,0,1,0,1,0,1,1,1,0,0,0,1,0,0,1,0,0,1,1,0,0,0,0,0.608403
0,1,1,1,0,0,0,1,0,1,0,1,0,0,0,1,0,0,0,1,0,1,0,1,1,1,1,0,0,1,1,0,0.606618
1,1,1,1,1,1,1,1,1,0,0,0,1,0,0,0,1,1,1,1,1,1,1,0,0,1,1,0,0,1,0,1,0.650709
1,0,1,1,0,1,0,0,0,1,1,1,0,1,1,1,0,0,0,1,1,1,0,1,0,0,0,1,1,1,1,1,0.644235
0,1,0,1,0,1,0,0,0,0,1,0,1,0,1,0,0,1,0,1,0,0,1,1,1,0,1,1,0,1,1,0,0.540654
1,0,1,1,0,0,1,0,0,0,1,0,0,0,0,0,1,1,0,1,0,0,1,1,0,1,0,1,0,1,0,1,0.632966
1,0,1,0,0,1,1,1,0,1,0,1,0,1,0,0,1,1,1,0,0,0,0,0,1,0,0,0,0,1,0,0,0.630168
1,0,0,1,0,0,0,1,0,0,1,1,0,1,0,0,0,1,0,1,1,1,1,1,0,1,0,1,1,0,1,0,0.640292
0,1,0,1,1,1,1,0,0,1,0,1,0,1,1,0,0,1,1,0,1,0,1,0,0,0,1,1,1,0,1,1,0.626865
1,1,1,0,0,1,1,0,0,0,0,0,0,1,1,0,0,0,0,1,0,1,0,0,1,0,1,0,1,1,0,0,0.586717
0,0,0,0,1,1,0,1,1,1,0,1,1,1,1,1,1,0,0,1,1,0,1,1,0,0,0,1,0,1,1,1,0.637148
0,0,0,1,1,1,0,0,1,1,0,1,1,1,0,1,1,0,1,0,0,0,0,1,0,1,1,1,0,0,1,0,0.618286
0,0,0,0,0,1,1,0,1,1,1,0,0,1,1,0,1,0,1,0,1,1,0,1,1,0,0,1,0,1,0,1,0.576966
0,1,0,1,1,0,1,0,0,0,1,1,1,1,0,1,0,1,1,1,0,1,1,0,0,1,0,1,0,1,1,1,0.661871
1,1,1,1,0,1,0,0,1,0,1,0,0,0,1,0,1,0,0,1,1,0,0,0,1,1,0,1,0,0,0,0,0.572117
0,1,1,1,1,0,1,1,1,0,1,1,1,1,0,0,0,0,0,1,0,0,0,0,1,0,1,1,1,1,1,1,0.632087
0,1,0,0,0,1,1,1,0,1,1,0,0,0,1,1,0,1,1,0,1,1,0,1,1,1,1,1,0,1,1,0,0.625426
