1,0,1,0,1,1,1,1,1,1,0,1,1,1,0,1,1,1,0,0,0,1,0,1,1,1,1,0,1,1,0,1,0.706259
1,1,0,0,1,1,1,1,0,0,0,1,1,1,1,1,1,1,1,0,1,1,0,0,0,1,1,1,0,0,0,1,0.683670
0,1,0,1,1,1,1,1,1,0,1,1,1,0,0,0,0,1,0,1,1,0,1,0,1,0,0,1,0,0,0,0,0.604292
0,1,0,1,1,1,1,1,0,1,0,0,1,1,0,1,1,0,1,1,1,0,1,1,1,0,0,0,0,1,0,1,0.713999
0,0,1,1,1,1,1,0,0,1,0,0,1,0,1,0,0,1,0,1,1,0,0,1,1,1,0,0,1,0,1,1,0.564012
0,1,0,1,1,1,0,0,0,1,0,1,1,1,1,0,1,0,1,0,1,0,1,0,1,1,0,1,1,0,1,0,0.604970
1,0,1,1,0,1,1,0,1,1,0,0,0,1,0,0,1,0,0,1,0,0,1,0,1,1,1,0,1,1,1,1,0.600297
1,0,1,0,1,1,0,1,0,0,0,0,1,1,1,0,1,1,0,0,0,1,0,1,1,1,0,1,0,0,0,0,0.827273
1,1,1,1,1,1,0,1,1,1,0,1,1,1,1,1,0,1,1,0,0,0,0,0,1,0,1,1,0,0,0,0,0.630047
0,1,0,0,1,0,1,0,1,0,0,1,1,0,1,0,1,1,0,0,1,0,0,1,1,0,1,1,1,1,1,0,0.582154
0,1,1,1,1,0,0,0,1,0,1,1,0,0,1,1,0,0,1,0,0,1,1,0,1,0,0,0,0,1,1,1,0.614795
0,0,0,0,0,1,1,1,0,0,1,1,1,1,0,0,1,0,1,0,1,0,1,1,1,0,1,0,1,1,1,0,0.675453
0,0,0,1,1,1,1,1,0,0,1,1,0,1,0,0,0,0,1,0,1,0,1,0,1,0,1,0,0,1,1,1,0.672965
0,0,1,0,1,1,0,1,0,1,1,1,1,0,0,1,0,1,0,0,1,0,0,0,0,0,0,0,0,1,0,1,0.577229
0,0,1,1,1,0,0,0,0,0,0,0,0,1,0,1,0,0,1,1,0,0,0,1,1,0,1,1,0,1,1,0,0.597030
0,0,0,0,0,0,0,0,1,0,1,1,1,0,1,0,0,1,1,0,0,0,1,1,0,0,0,1,1,0,0,0,0.646632
1,0,0,1,1,0,0,0,0,1,0,1,1,0,1,1,0,1,0,1,1,0,0,0,1,0,1,1,0,1,1,1,0.609543
0,1,0,1,0,1,1,1,1,0,0,1,0,0,0,0,0,1,1,0,0,1,1,1,0,0,1,1,0,1,0,0,0.685479
0,0,0,0,1,0,1,1,1,0,0,0,1,1,1,1,1,1,0,1,0,1,0,0,0,0,0,0,0,0,1,0,0.835842
0,0,0,0,0,1,1,1,1,0,1,1,0,1,0,0,0,0,0,0,1,1,0,0,1,1,1,1,1,0,0,0,0.577104
0,1,1,0,0,0,0,1,0,0,1,1,0,1,1,0,1,1,1,0,1,0,0,1,0,0,0,0,0,0,1,0,0.939845
1,0,1,0,0,1,0,1,0,0,1,1,1,0,0,0,0,1,1,1,1,0,1,1,0,0,1,0,0,1,0,0,0.724175
1,0,0,1,1,1,0,0,1,1,1,1,1,1,0,0,0,1,1,0,0,0,1,1,0,1,1,1,0,1,0,0,0.617559
0,1,0,0,1,0,0,1,1,0,0,1,0,1,0,0,1,0,1,0,0,1,1,0,1,0,1,1,1,1,0,0,0.723748
0,0,1,1,0,0,1,0,0,0,1,0,1,0,1,0,1,1,0,1,1,1,0,1,1,0,0,1,1,0,0,1,0.598914
1,0,0,1,1,0,1,0,1,1,0,0,1,1,0,1,1,0,1,0,0,1,1,1,1,0,1,0,1,1,1,1,0.897379
0,0,0,1,1,0,0,0,1,0,0,0,1,0,0,1,0,0,0,1,1,1,1,1,0,1,0,1,0,0,1,1,0.826846
1,1,1,0,1,1,0,0,0,0,0,0,0,0,1,1,1,0,0,0,0,1,1,1,0,0,1,0,0,0,0,1,0.771365
1,0,1,1,0,0,0,0,0,1,0,0,1,0,1,1,1,1,1,0,0,1,0,1,0,1,0,1,0,1,1,0,0.725708
1,1,0,0,0,1,1,0,0,1,1,1,0,0,0,0,1,0,1,0,1,1,0,0,1,0,0,1,1,0,1,1,0.610448
0,0,1,1,0,1,1,1,0,1,1,1,0,0,0,1,1,1,1,1,0,0,1,0,1,0,1,0,1,1,1,0,0.772219
0,0,0,0,0,1,1,1,1,1,1,0,0,0,1,0,1,0,0,1,0,1,0,0,1,0,0,0,0,1,0,0,0.567932
0,1,0,1,0,1,1,1,1,0,1,0,0,1,1,1,0,0,0,0,0,0,0,1,1,0,1,1,0,0,1,0,0.858884
1,0,1,1,0,1,0,1,1,1,0,1,0,0,0,1,0,1,0,0,0,1,1,0,1,0,0,1,1,1,1,1,0.740784
1,1,0,0,0,0,0,1,0,1,1,0,1,1,1,1,1,1,0,1,0,1,1,0,0,0,0,1,0,0,1,0,0.670201
1,0,1,0,1,1,1,1,1,0,1,0,1,1,1,0,0,1,1,0,1,1,0,1,1,0,1,0,0,0,0,1,0.639219
1,1,1,0,0,1,1,0,0,0,1,1,0,1,1,1,0,1,1,0,0,0,0,1,1,1,0,1,1,1,1,0,0.678393
1,0,0,0,0,0,1,1,0,0,0,1,0,0,0,0,1,0,1,0,0,0,0,1,1,1,1,0,0,0,1,0,0.569289
1,1,1,1,0,0,1,0,0,0,1,1,1,1,1,1,1,0,1,1,0,0,1,1,1,0,0,1,0,1,1,1,0.789331
1,0,0,1,1,1,0,0,1,0,0,0,1,1,0,0,1,0,0,1,1,1,1,0,0,0,1,1,1,1,1,0,0.831445
0,0,1,0,0,1,1,1,1,1,1,1,0,0,0,0,0,1,1,0,1,1,0,1,0,0,1,0,1,1,1,1,0.585974
0,0,1,0,0,1,0,1,0,0,1,0,1,0,1,0,0,1,1,0,0,1,1,1,1,0,1,1,0,0,1,0,0.606528
0,1,1,1,1,1,1,0,1,1,1,0,0,0,0,0,0,0,0,1,0,1,0,1,0,0,0,1,0,0,0,1,0.571701
1,1,1,1,1,0,0,1,0,0,0,0,0,0,0,1,0,0,1,0,1,0,0,0,1,0,1,0,0,1,0,1,0.605347
1,1,0,1,0,0,1,1,0,0,0,1,0,1,0,1,0,0,1,0,0,1,0,1,1,0,0,0,1,0,0,0,0.751413
0,0,1,0,1,0,0,1,1,1,0,0,0,1,1,1,1,1,0,0,0,1,1,0,1,0,1,0,1,0,0,1,0.863809
1,0,0,1,1,0,1,0,0,0,1,0,1,1,0,1,0,1,1,0,1,1,0,0,1,0,0,0,1,1,1,0,0.659874
0,1,1,1,0,0,1,1,0,0,1,0,0,1,0,0,1,1,0,1,0,0,0,1,0,1,1,0,1,0,0,0,0.691032
1,0,1,1,1,1,1,1,1,1,0,0,0,1,0,0,1,0,0,1,0,1,0,1,1,0,0,0,1,0,0,0,0.835616
0,0,0,1,1,0,1,0,0,0,1,1,0,0,0,1,0,0,0,0,0,1,0,0,0,1,0,1,1,0,0,1,0.471342
1,0,1,1,0,1,0,0,1,1,1,0,1,0,1,1,1,0,1,1,0,0,0,0,1,0,1,0,0,1,0,0,0.778551
1,0,0,0,0,0,1,0,0,1,0,1,1,0,0,1,1,1,1,1,1,1,1,1,0,0,1,1,0,0,1,1,0.706134
1,1,1,1,0,0,0,0,1,1,1,1,0,1,1,1,1,0,0,1,0,1,0,1,1,1,1,0,0,1,0,1,0.598990
1,1,1,1,0,0,1,0,1,0,0,0,0,0,1,0,0,1,0,0,0,0,0,1,0,0,0,1,1,1,0,0,0.583235
0,1,0,0,0,1,0,1,0,1,1,1,1,0,1,1,0,1,0,1,1,1,0,0,0,0,1,0,1,0,0,0,0.592934
1,1,0,0,1,0,1,0,0,1,1,1,1,1,1,1,0,0,1,0,0,1,0,0,0,1,0,0,0,1,0,0,0.610348
1,1,0,1,1,1,0,1,0,1,1,1,1,1,1,1,1,0,0,0,0,0,1,1,1,0,1,0,1,1,0,1,0.728799
1,1,0,0,1,0,0,1,1,1,1,0,1,0,0,0,0,1,1,0,0,1,1,1,0,1,1,1,1,0,1,1,0.645652
1,0,1,0,1,1,0,1,1,1,0,0,0,1,1,1,0,0,0,1,1,0,1,1,0,1,0,1,0,0,0,0,0.611654
0,0,0,0,0,0,1,1,0,0,0,0,1,0,1,0,0,1,0,1,0,0,1,0,1,1,0,0,1,1,0,0,0.567606
1,0,1,1,0,1,1,1,1,0,1,1,0,1,0,0,0,0,0,1,1,1,0,0,0,0,1,0,1,1,0,0,0.602860
0,1,1,1,1,1,0,1,0,1,0,1,0,1,1,0,1,0,0,1,1,1,1,1,0,1,0,0,0,1,1,1,0.920597
0,0,0,0,0,1,0,0,1,0,1,1,1,0,0,0,0,1,1,0,0,0,0,1,0,0,1,0,1,0,0,0,0.727467
1,1,1,1,0,1,0,1,1,0,1,1,1,1,1,1,1,1,0,1,1,0,0,0,0,1,1,0,1,1,0,1,0.754680
1,1,1,1,0,0,0,1,1,0,0,1,1,0,0,1,1,0,0,0,0,1,1,0,1,1,0,1,0,1,1,1,0.715783
0,1,1,1,0,0,0,1,1,0,0,0,1,1,0,0,1,1,1,0,1,1,1,0,1,0,0,0,0,1,0,0,0.992336
0,0,0,1,1,0,0,1,1,1,1,1,1,1,1,1,1,1,0,0,0,1,0,0,0,1,0,1,1,0,1,1,0.610423
1,1,0,1,1,1,1,1,0,1,0,1,0,0,0,1,0,0,0,1,0,0,1,0,0,0,1,0,0,1,0,0,0.579843
0,0,1,0,1,0,0,1,1,0,1,1,0,0,1,1,0,1,0,1,0,0,1,1,0,0,0,0,0,0,0,1,0.670880
0,1,1,0,0,1,1,1,0,0,0,0,0,1,1,0,1,1,1,0,0,1,0,1,0,0,1,1,1,0,1,0,0.744126
1,0,1,0,1,0,0,1,0,1,1,1,0,0,1,0,1,0,0,1,1,0,0,1,0,1,0,0,1,0,0,0,0.767998
0,1,0,1,1,1,1,1,0,0,1,1,1,0,1,1,1,0,1,1,0,1,1,1,0,0,1,0,1,1,0,1,0.635601
1,0,1,1,0,0,0,0,0,1,1,0,1,0,0,1,1,1,1,1,0,0,0,0,1,1,1,0,1,1,1,1,0.700957
0,0,0,0,1,1,1,1,0,0,1,0,0,1,0,1,1,0,0,1,1,0,0,1,1,0,1,1,0,1,0,1,0.638490
0,0,1,0,1,1,1,1,1,1,0,0,0,1,0,1,0,0,1,1,1,1,0,0,0,0,0,1,1,1,1,0,0.848004
1,0,0,0,0,0,1,1,1,1,0,1,1,0,0,1,0,1,0,0,0,0,1,0,1,0,0,1,0,1,0,0,0.598889
1,0,0,0,0,0,1,1,1,0,1,1,0,1,0,1,0,1,1,0,0,1,1,1,0,0,0,1,1,1,1,0,0.666658
0,0,0,0,0,0,1,0,0,0,1,0,1,0,1,0,0,0,1,0,1,1,1,1,0,1,0,1,1,0,0,0,0.579642
1,0,0,1,0,0,1,0,1,0,0,1,0,1,1,1,0,1,1,0,1,1,1,1,0,1,1,0,1,1,0,1,0.804533
1,0,1,0,1,0,0,0,0,1,1,0,1,1,0,0,1,0,1,0,1,1,1,1,0,1,1,0,1,0,1,0,0.661708
0,1,1,0,0,0,0,0,1,1,1,1,0,1,1,0,1,0,1,0,1,1,1,0,0,0,0,0,1,1,1,1,0.667864
0,0,0,1,1,0,0,0,1,0,0,1,1,1,0,1,1,0,1,1,1,1,0,1,0,1,0,0,1,1,0,1,0.783200
0,0,0,0,0,1,0,1,0,0,0,0,1,0,0,1,0,0,0,1,0,1,0,1,0,0,1,0,1,1,0,0,0.707164
1,1,0,0,1,1,1,0,1,0,0,0,1,0,1,0,0,1,0,1,1,0,1,0,1,1,1,1,1,0,1,0,0.593864
1,0,1,0,0,1,1,0,0,1,0,0,1,0,1,1,1,0,0,0,1,1,0,0,0,0,0,1,0,1,1,1,0.777345
1,0,1,0,0,0,1,0,1,0,0,0,1,0,1,1,1,0,0,0,0,1,0,1,1,0,0,1,0,0,1,1,0.706209
1,1,0,1,0,1,1,1,1,0,0,1,0,0,0,1,0,1,0,1,0,1,0,0,1,1,1,0,0,1,1,0,0.658065
1,0,0,0,1,0,1,0,1,0,0,0,1,0,0,1,0,0,0,0,0,0,1,1,1,0,0,1,1,0,1,0,0.582732
1,1,1,0,0,0,0,0,0,0,1,1,1,1,1,0,1,1,0,0,1,1,1,0,1,0,0,1,1,1,0,1,0.611101
0,1,1,0,0,1,1,0,0,1,0,1,0,0,1,1,1,0,1,1,0,1,1,1,0,1,1,0,0,1,1,1,0.708797
1,0,1,0,0,1,1,1,0,0,1,0,1,1,1,0,0,1,0,1,1,0,1,1,1,0,0,0,1,0,0,0,0.653542
0,1,0,0,0,1,0,1,0,1,1,1,0,1,0,1,1,1,0,0,0,0,1,0,0,0,0,1,0,0,1,1,0.619544
1,1,0,0,1,1,1,0,1,0,0,1,0,1,1,0,1,1,1,0,0,0,1,0,1,0,1,1,0,1,1,1,0.598010
0,0,0,1,1,1,1,0,1,0,0,0,0,1,0,1,0,0,1,1,1,0,1,1,1,1,1,1,0,1,0,0,0.609669
0,1,0,0,0,1,0,0,1,0,0,1,1,1,1,1,0,1,0,0,1,1,0,0,0,1,0,1,1,1,0,1,0.744880
0,0,1,1,0,0,1,0,0,0,1,0,1,1,1,0,0,1,0,1,1,1,0,0,0,0,0,0,0,0,1,1,0.599241
1,1,0,1,0,1,1,1,1,1,1,1,1,1,1,1,0,1,0,0,0,0,1,0,1,0,0,0,0,0,0,0,0.691937
0,0,1,0,0,1,1,1,0,0,0,0,0,0,0,1,1,1,0,1,0,1,0,0,0,1,0,1,1,1,1,1,0.757218
1,1,0,0,1,1,1,0,0,1,0,0,1,0,1,0,0,0,1,0,0,0,1,0,1,0,1,1,0,0,1,0,0.616152
0,0,1,0,0,1,1,0,1,0,0,0,1,1,0,0,0,0,0,0,1,1,1,0,1,0,1,0,0,0,0,1,0.865492
1,0,0,1,1,1,1,0,1,0,0,0,0,0,1,1,0,0,1,1,1,0,0,0,1,1,0,0,1,0,0,0,0.583763
0,1,0,1,0,0,0,1,1,1,0,1,0,0,1,1,1,1,0,1,0,1,0,1,0,0,1,0,1,1,1,0,0.628665
1,1,1,0,0,1,0,1,0,0,1,1,1,1,1,1,0,1,0,0,0,0,1,1,0,0,1,0,0,1,1,0,0.782119
1,1,1,1,1,1,1,0,1,1,0,1,1,1,0,1,0,0,0,0,1,1,1,1,1,0,1,0,1,1,0,1,0.807498
1,0,0,0,1,0,0,0,0,0,0,0,0,1,0,0,0,1,0,0,1,0,1,1,0,1,1,0,1,0,1,1,0.616479
0,1,1,1,1,1,1,1,1,1,0,0,1,1,0,1,0,1,1,0,0,1,1,1,0,0,0,0,0,0,0,1,0.990477
0,1,0,0,0,0,1,0,0,1,0,0,1,0,0,1,0,1,1,0,0,1,0,0,1,0,1,1,1,0,0,0,0.656507
1,1,1,0,1,1,0,1,0,1,0,0,0,0,1,1,1,1,1,0,0,0,0,0,1,0,0,1,1,0,0,0,0.596427
0,1,0,1,0,0,1,0,0,0,0,0,1,0,1,1,0,0,0,1,1,0,1,0,0,0,1,1,0,0,0,0,0.551021
0,1,0,0,1,1,1,1,1,0,0,0,0,1,0,1,0,1,0,1,1,1,1,1,1,1,0,1,0,1,0,1,0.954017
1,0,0,1,0,0,0,0,0,0,1,1,1,0,1,0,0,1,1,1,1,0,0,0,0,0,0,0,1,1,1,0,0.702339
1,1,0,0,0,1,0,1,1,1,1,0,1,0,0,0,0,1,0,1,0,1,1,1,0,0,1,0,0,0,0,1,0.619393
0,1,0,1,0,0,1,1,0,1,1,0,0,0,1,0,0,0,1,1,1,1,0,0,0,1,1,1,0,0,1,1,0.648893
1,0,1,1,1,1,0,1,1,1,1,0,0,0,1,1,1,0,1,1,1,1,1,0,1,1,1,1,0,1,1,0,0.616755
1,1,1,0,0,0,1,1,1,1,0,0,1,1,0,0,0,0,1,0,1,0,0,1,1,0,0,0,1,0,1,1,0.606076
1,0,1,0,0,1,1,1,0,0,0,1,0,1,1,1,0,1,0,0,0,0,0,0,1,0,1,0,1,0,0,1,0.601327
0,1,1,0,1,0,1,1,1,0,0,1,0,1,0,1,0,0,1,1,1,1,1,1,1,1,1,1,1,1,1,0,0.765786
0,0,0,0,1,0,0,1,1,0,1,1,0,1,1,0,1,1,1,0,0,0,0,0,1,0,0,1,0,1,1,1,0.821519
0,0,1,1,0,0,1,1,1,0,0,0,0,0,1,0,0,1,1,1,1,0,1,0,1,0,1,0,0,0,1,1,0.584542
0,1,0,1,0,0,0,0,0,0,1,0,1,1,0,0,0,1,1,0,0,0,1,0,0,1,0,1,1,0,0,0,0.651908
1,1,1,1,1,0,0,0,0,0,1,0,1,0,0,0,0,0,0,0,0,0,1,0,0,0,0,1,0,1,0,0,0.699626
0,1,0,0,0,0,1,1,1,0,1,1,0,0,0,0,1,0,1,1,0,0,0,1,1,1,1,0,0,0,0,1,0.857577
0,0,0,0,1,1,0,0,0,1,1,0,0,0,1,0,0,1,0,1,0,0,1,0,0,1,0,0,0,1,0,1,0.674297
0,1,1,1,1,1,0,1,0,0,0,1,0,1,0,0,0,0,0,0,0,0,1,0,1,0,1,1,1,0,0,0,0.569239
1,0,0,1,0,0,1,1,0,0,1,1,1,1,0,0,0,0,1,1,0,0,0,0,0,1,0,0,0,1,1,0,0.844285
1,0,1,0,0,1,0,1,1,0,1,1,0,0,1,1,1,1,0,1,0,0,1,1,1,0,1,0,0,1,1,1,0.744528
1,0,1,1,0,0,0,0,0,1,1,1,1,0,1,0,0,1,0,1,1,1,1,0,0,0,0,0,0,1,0,1,0.600598
1,1,1,0,0,0,1,1,0,1,0,1,1,0,1,1,0,1,1,1,1,1,0,0,1,0,0,0,1,0,1,0,0.677689
0,1,1,1,0,0,1,0,0,1,0,0,0,1,1,0,1,1,1,1,0,1,0,0,0,0,0,0,1,1,1,1,0.839309
1,1,1,1,1,1,1,1,1,0,1,1,0,1,1,1,1,0,1,0,1,0,1,0,1,0,1,1,0,0,0,0,0.838983
1,1,0,0,1,1,0,1,0,1,0,0,0,0,0,0,1,0,1,1,1,0,1,1,0,1,0,1,0,1,1,0,0.602784
1,1,1,1,1,1,0,0,0,0,1,0,0,0,1,0,1,1,0,1,1,1,1,1,1,1,1,0,0,1,0,1,0.631178
1,0,0,1,0,0,1,0,1,1,0,0,1,1,1,0,0,1,1,0,1,1,0,1,0,0,0,0,0,0,0,1,0.858381
1,1,1,0,0,1,1,1,0,0,0,1,0,1,1,0,0,0,1,0,1,1,1,1,1,1,0,0,1,0,1,1,0.893334
1,0,0,0,0,0,0,0,0,1,1,0,0,1,1,0,0,1,0,0,1,0,0,0,0,1,1,0,0,1,0,1,0.558987
1,0,0,1,0,1,0,1,1,0,0,1,0,0,1,0,0,0,1,0,1,0,0,1,1,1,1,0,1,1,0,0,0.592733
1,0,0,0,0,1,0,1,0,1,1,1,1,0,0,1,0,0,0,1,0,0,0,0,1,1,1,1,0,1,0,0,0.743096
0,1,1,1,0,0,1,0,1,1,0,1,1,1,0,1,1,0,1,1,1,0,1,1,0,0,0,0,1,0,0,0,0.638817
0,1,1,1,0,1,1,0,0,0,1,0,1,1,1,0,1,0,0,0,1,1,1,1,0,0,1,1,1,1,0,0,0.643968
1,0,1,0,0,1,0,0,1,1,1,1,1,1,1,1,1,0,0,0,0,0,1,0,1,1,1,1,1,1,0,1,0.754454
0,0,1,0,0,0,0,0,0,0,1,1,0,1,1,0,0,1,0,0,0,0,1,0,1,0,0,1,0,0,0,1,0.739252
0,1,0,0,0,0,0,0,0,1,0,1,1,0,1,0,0,1,0,0,1,0,0,0,0,0,0,1,1,1,1,1,0.534563
0,0,0,1,1,0,0,0,1,0,1,0,1,1,0,0,1,0,0,1,0,0,0,0,1,0,1,1,0,1,0,0,0.708320
0,1,1,0,0,0,1,0,1,0,0,0,1,0,0,0,1,1,0,0,0,1,1,0,0,1,1,0,0,1,1,0,0.744302
0,0,0,0,0,1,0,1,1,1,0,1,0,0,0,1,0,1,0,1,0,0,1,1,1,1,0,1,1,0,1,0,0.534161
0,0,0,0,1,1,1,1,1,0,1,1,1,0,1,0,0,1,1,1,1,0,1,0,1,0,1,0,1,1,0,1,0.741237
1,0,0,1,0,0,1,0,1,1,0,0,1,0,1,0,1,0,1,1,0,1,1,0,1,0,1,1,1,1,0,0,0.722718
0,0,1,0,0,1,0,1,1,1,0,1,1,1,1,0,0,1,0,0,1,1,0,1,0,0,0,1,1,1,1,1,0.769329
1,0,0,0,1,1,1,1,0,1,1,0,0,0,1,0,0,0,0,0,0,1,1,0,1,1,1,1,0,0,1,1,0.607307
0,1,0,0,0,1,1,0,0,0,1,0,0,0,1,0,1,1,0,1,0,0,1,0,0,1,1,0,0,1,1,0,0.803628
0,0,1,0,0,0,0,1,0,1,0,0,1,0,1,0,0,1,0,1,1,1,1,0,0,0,0,1,0,1,1,1,0.837852
1,0,1,1,0,0,0,1,1,1,0,0,1,1,0,0,1,1,1,0,0,1,0,1,0,1,1,1,0,1,0,1,0.742493
0,1,1,1,1,1,0,0,0,1,0,1,0,1,0,1,0,1,0,0,0,1,0,0,0,1,0,1,1,1,1,1,0.728949
1,0,1,1,0,0,1,0,1,1,1,0,0,1,0,0,1,0,0,1,0,0,1,0,0,0,0,0,0,0,1,0,0.733699
1,1,0,1,0,0,1,1,0,1,1,0,1,0,1,1,1,1,1,1,1,0,0,1,1,1,1,0,1,0,0,0,0.649747
1,0,1,1,0,1,0,1,0,0,0,1,1,1,1,1,0,1,1,1,0,0,0,1,0,1,0,0,0,1,0,0,0.593160
0,1,1,0,1,1,0,0,0,1,1,1,1,0,1,0,1,0,1,0,1,0,0,0,0,0,0,0,1,1,1,1,0.636782
0,1,0,0,1,0,1,1,0,1,0,1,1,0,0,1,0,0,0,0,0,1,1,0,0,0,1,1,0,0,1,0,0.649823
1,1,0,1,1,1,1,0,0,0,1,0,0,0,0,1,0,1,0,0,1,1,1,0,1,1,1,1,1,1,0,1,0.631203
0,1,0,0,1,0,1,0,0,0,1,0,0,1,1,0,0,1,0,0,0,1,0,0,0,1,1,0,0,0,1,0,0.592507
1,1,1,0,1,0,0,1,1,1,1,1,1,1,1,0,1,0,0,1,0,0,1,0,0,0,0,0,1,0,1,1,0.873031
0,1,1,1,1,1,0,0,1,1,1,1,1,1,1,1,1,1,1,1,0,1,1,0,0,0,0,1,0,0,1,0,0.625022
0,1,0,0,0,0,1,0,1,1,0,0,0,0,1,1,0,1,0,0,0,0,0,1,0,0,1,1,1,1,1,0,0.599467
0,0,1,0,1,0,1,0,1,0,0,1,1,0,1,0,1,1,1,1,0,0,0,1,0,0,1,0,0,1,0,0,0.579968
1,0,0,0,1,1,1,1,0,0,1,1,0,1,1,1,1,0,0,0,1,1,1,0,0,1,0,1,0,1,0,1,0.640626
0,1,1,1,1,0,1,0,0,0,0,1,0,0,0,1,0,1,0,0,0,0,0,1,0,0,0,1,0,1,0,1,0.520693
0,1,1,1,0,0,1,1,1,0,1,1,0,0,1,0,1,0,1,1,0,0,1,1,1,1,1,1,0,1,1,1,0.719175
0,0,0,0,0,0,1,1,1,1,1,1,0,0,0,0,0,1,0,0,1,1,0,0,0,0,1,0,1,0,1,1,0.576199
0,0,0,0,1,0,1,0,1,0,1,0,0,1,0,1,1,0,1,0,0,0,0,1,0,1,1,0,1,1,1,1,0.752921
1,0,1,1,0,1,0,1,0,0,1,0,0,1,0,1,0,0,1,0,0,0,1,1,1,0,0,1,1,0,0,0,0.630198
1,0,1,1,1,0,0,0,1,1,1,0,1,0,0,0,1,1,0,1,0,1,1,0,0,1,0,0,0,0,1,0,0.605322
1,0,0,1,1,0,0,0,0,0,0,0,1,1,0,1,1,0,1,0,1,1,1,1,0,0,0,0,0,1,0,1,0.993643
0,1,0,0,0,0,0,0,1,0,0,0,1,0,1,0,0,0,0,0,0,0,1,0,0,0,0,0,0,1,0,1,0.583436
1,1,1,1,0,0,0,1,1,0,1,1,1,1,0,0,0,0,0,0,1,1,0,1,1,0,0,1,1,1,0,0,0.633616
1,0,0,0,0,0,1,1,1,1,1,1,1,0,0,1,0,1,1,1,0,1,0,0,0,1,1,0,1,0,1,1,0.616077
1,1,1,1,1,1,0,1,0,1,1,0,0,1,0,1,0,0,0,0,1,1,1,1,1,0,0,0,0,1,1,0,0.879413
0,1,1,0,1,0,0,1,1,1,0,1,1,1,1,0,0,0,0,0,1,1,1,1,1,1,0,0,0,1,1,1,0.917104
1,1,1,0,1,1,1,1,0,0,0,1,0,0,0,1,1,1,1,1,0,1,1,0,1,0,0,0,0,1,1,1,0.761665
0,0,1,0,1,1,1,1,0,0,1,0,0,0,0,0,1,1,1,1,0,0,0,1,0,0,1,1,0,1,0,1,0.651657
1,0,1,1,0,0,1,1,1,0,1,0,1,0,0,1,1,1,0,0,0,0,1,0,0,0,1,1,0,1,1,0,0.746865
0,0,0,1,1,0,0,1,0,0,0,1,0,1,0,0,1,0,0,1,0,1,1,0,1,0,1,1,1,0,1,0,0.691208
0,0,1,0,0,0,1,1,1,1,1,1,0,1,1,0,0,0,1,0,1,0,1,1,0,0,1,1,1,1,0,1,0.654471
0,1,1,1,0,1,0,0,1,0,0,1,0,1,0,0,1,1,1,0,0,0,0,0,1,1,0,1,0,0,0,1,0.565570
0,1,0,0,0,0,1,1,0,0,1,1,1,0,1,0,0,0,0,0,1,0,1,0,1,1,0,0,0,1,1,0,0.726939
0,0,0,0,1,1,0,1,0,0,1,0,0,0,1,1,1,0,0,1,0,0,1,0,0,0,0,0,0,1,1,1,0.589818
0,0,1,1,0,1,1,1,0,1,1,0,0,0,1,0,0,1,0,0,1,0,1,0,1,1,0,0,0,0,0,1,0.613237
1,1,1,0,0,1,0,1,1,0,0,1,0,1,0,0,1,1,0,0,0,0,0,1,0,1,1,0,1,0,1,0,0.611805
0,1,0,1,0,1,0,0,0,1,1,0,0,1,1,0,0,1,0,1,0,0,1,1,0,0,0,0,1,1,1,1,0.650552
0,1,0,0,1,1,1,1,1,1,0,1,1,0,0,1,0,0,0,0,0,0,1,1,0,0,0,1,1,1,0,0,0.579893
0,0,0,0,0,0,0,1,1,1,1,1,0,0,1,0,0,1,1,1,0,0,1,0,1,1,1,0,0,1,0,0,0.746941
1,1,0,0,0,1,0,1,0,0,0,0,0,1,1,0,0,0,1,1,0,1,0,0,1,0,0,0,0,1,1,1,0.858507
0,0,1,0,1,0,1,1,0,0,1,1,1,1,1,1,1,0,0,0,0,1,0,1,0,0,1,0,1,1,1,1,0.521497
0,0,1,1,1,1,0,1,0,1,1,1,0,0,0,0,1,1,1,0,1,1,1,0,0,1,1,1,1,0,0,1,0.612383
1,0,1,1,1,0,1,1,1,0,1,1,0,1,1,0,1,1,1,1,0,1,0,0,0,1,0,1,0,0,1,0,0.611679
0,1,0,1,1,1,1,0,1,0,1,0,0,1,1,0,0,1,0,0,1,0,1,0,0,0,0,1,1,1,1,0,0.593236
0,1,1,1,0,1,0,1,1,0,0,1,0,0,1,0,1,1,1,1,0,0,0,0,0,0,1,0,1,0,0,1,0.608664
0,0,1,0,1,1,0,0,0,1,0,0,0,0,0,1,1,0,0,1,0,1,1,0,0,0,1,0,1,0,0,0,0.767445
1,0,0,0,0,1,0,1,1,0,1,1,0,0,1,0,1,1,1,1,0,0,1,1,1,1,1,0,0,0,1,0,0.733874
0,0,1,1,1,0,1,1,0,0,1,0,1,0,1,0,0,0,1,1,0,0,0,0,0,1,1,0,1,0,1,1,0.730256
0,1,0,1,1,1,0,1,0,0,1,1,1,0,0,1,0,1,0,1,1,1,0,1,0,0,0,0,1,1,1,1,0.579943
1,0,0,0,1,1,1,1,0,1,0,1,0,1,0,1,1,0,0,0,0,0,0,0,0,0,0,1,1,1,0,1,0.563987
0,1,1,0,1,0,1,1,0,0,0,0,0,0,1,0,1,0,0,0,1,0,1,0,0,1,1,0,0,0,1,1,0.580923
0,0,1,0,1,0,0,1,0,0,0,1,0,1,1,0,1,0,1,1,1,0,1,1,1,0,1,1,0,1,1,0,0.607332
1,0,1,0,0,1,1,0,1,0,0,0,1,0,0,1,1,1,0,0,0,1,0,1,0,0,1,1,1,1,0,1,0.690931
1,0,1,1,1,0,1,0,1,0,0,1,0,1,1,0,0,1,1,0,0,1,1,1,0,1,1,0,0,0,1,1,0.764957
0,0,1,1,0,0,0,0,1,1,0,0,0,0,1,1,0,1,0,1,1,0,1,1,0,0,0,1,1,1,0,1,0.591301
0,0,1,0,0,1,1,1,0,1,1,0,1,1,0,1,1,0,0,0,1,1,1,1,1,1,0,1,0,0,1,0,0.730532
1,1,0,1,0,0,0,0,1,1,1,1,1,1,1,1,1,1,0,0,0,0,1,0,1,0,0,0,0,1,0,0,0.804960
0,0,1,1,0,1,1,1,0,1,1,1,0,1,0,1,0,0,1,1,1,0,0,0,1,1,0,1,0,0,0,1,0.713220
1,0,1,0,0,0,0,0,1,1,0,0,0,0,0,1,1,0,0,0,1,1,0,0,0,0,0,0,0,0,1,0,0.745986
1,0,0,0,0,1,1,1,0,1,0,1,0,0,1,0,1,1,0,0,0,1,0,1,1,1,1,1,0,0,0,1,0.636028
0,1,1,1,0,1,1,1,0,1,1,1,1,1,1,1,0,0,1,0,1,0,1,0,1,1,1,0,1,1,0,0,0.768425
1,1,0,1,1,1,0,1,0,0,1,1,1,1,0,1,0,0,1,0,1,1,0,0,0,0,0,1,0,1,1,0,0.637711
0,1,0,0,0,0,1,0,1,0,0,0,1,0,1,1,1,0,1,1,0,0,0,0,0,1,1,1,0,0,0,1,0.584617
0,0,0,0,1,0,0,0,0,0,1,1,0,1,0,1,1,0,1,1,1,0,1,0,0,1,1,1,0,1,0,0,0.755308
0,0,0,1,0,1,0,0,1,0,0,1,0,0,1,0,0,1,0,1,0,1,0,1,1,0,1,0,0,0,0,0,0.634068
1,0,1,0,0,1,0,1,0,0,1,1,1,1,0,0,0,1,1,1,0,0,1,0,1,0,1,1,1,1,1,1,0.716461
0,0,1,0,0,0,1,0,1,1,1,1,0,0,1,0,1,1,0,0,0,0,1,1,1,1,0,0,1,0,1,0,0.692263
0,0,1,1,1,1,1,1,1,0,1,0,0,0,1,0,1,1,1,0,0,0,0,1,0,0,0,0,1,0,0,0,0.592658
0,1,0,0,1,0,1,0,1,1,1,1,1,1,1,1,0,1,0,0,0,0,1,1,0,1,0,1,1,1,1,1,0.687690
0,0,1,1,1,0,1,1,1,0,0,1,0,1,0,0,0,1,0,1,0,1,0,0,1,1,0,1,1,1,1,0,0.731211
1,1,0,0,1,1,1,1,1,0,0,1,1,1,1,1,0,0,0,0,1,1,0,1,1,0,0,0,1,0,1,0,0.784531
0,1,1,0,1,0,1,0,0,1,1,1,1,1,1,0,1,1,0,0,1,1,0,0,1,1,0,1,1,1,0,0,0.683921
0,1,0,1,0,0,0,1,0,1,1,1,1,1,1,1,1,1,1,0,1,0,0,0,1,1,0,1,0,1,0,0,0.781541
0,0,1,0,1,1,1,1,1,1,1,0,1,0,1,1,0,1,1,0,1,1,1,0,1,0,0,1,1,1,1,1,0.617936
0,0,1,1,0,0,1,1,0,1,1,0,1,1,0,0,0,1,0,0,0,1,0,0,0,0,1,1,1,1,0,0,0.595924
1,0,1,1,0,0,0,0,1,0,1,0,0,1,1,1,0,0,0,0,1,1,0,0,1,1,0,0,1,1,0,1,0.649320
1,1,0,1,1,0,1,0,0,0,1,0,1,1,0,1,1,1,0,1,0,1,0,0,1,0,0,0,0,0,0,0,0.606830
0,1,0,0,0,0,1,1,0,0,0,1,1,0,0,0,1,0,1,0,1,1,0,1,0,0,1,1,0,1,0,1,0.646531
1,1,1,0,1,0,0,1,1,1,0,0,1,1,0,1,1,0,1,1,1,1,0,0,0,1,1,0,0,1,0,0,0.774531
1,0,1,0,0,1,1,1,1,1,1,0,1,1,0,0,1,0,0,0,1,0,1,1,0,1,0,1,0,0,0,0,0.618313
0,1,0,1,0,1,1,1,1,0,1,0,1,1,0,0,1,1,0,1,1,1,0,1,0,0,1,0,0,0,1,0,0.613689
1,0,1,0,1,0,0,0,0,1,1,1,0,0,0,0,1,1,0,0,0,0,0,0,0,0,1,1,1,0,1,1,0.831143
1,0,1,0,0,0,1,0,0,0,1,1,0,0,1,1,0,1,1,0,1,1,1,0,0,0,0,1,1,1,1,1,0.602709
0,0,0,0,1,1,1,0,1,1,0,0,0,1,1,1,0,1,0,0,1,0,0,1,1,1,0,1,0,1,1,0,0.616881
1,1,0,1,1,0,1,0,0,1,0,1,0,0,0,1,1,0,0,0,1,0,1,1,0,0,0,0,0,1,1,0,0.648717
0,1,1,0,1,0,0,1,1,1,0,1,0,0,0,0,0,1,0,1,0,1,0,0,1,0,1,1,0,1,1,1,0.606453
1,0,1,0,1,0,1,0,0,0,1,0,1,1,1,1,0,0,1,0,0,0,0,0,0,0,1,0,1,1,0,0,0.724452
0,1,0,0,0,0,1,1,1,0,1,1,0,0,0,1,1,0,0,0,1,1,1,0,1,1,0,1,1,1,1,1,0.630651
0,0,1,1,1,1,1,1,0,0,0,1,0,0,1,0,0,1,1,1,1,1,0,1,1,1,0,1,0,1,1,1,0.712064
0,1,1,1,0,1,1,1,0,0,0,1,0,0,0,1,0,0,1,1,0,0,1,1,0,1,0,0,1,1,0,1,0.574465
1,1,0,1,0,1,0,1,0,1,1,0,0,1,0,0,0,0,1,0,0,1,0,1,0,0,0,1,1,0,0,0,0.647360
1,0,1,0,0,1,1,1,1,1,1,1,0,1,0,1,1,1,0,0,1,1,0,1,0,0,0,1,1,0,0,1,0.598362
1,0,0,0,1,1,1,1,1,0,0,1,1,1,1,1,0,1,0,1,1,1,1,0,1,0,0,1,1,0,1,1,0.822047
0,1,0,0,1,0,0,0,1,1,0,1,0,0,0,1,1,0,1,1,0,0,1,1,0,1,0,1,1,0,0,0,0.568359
0,0,1,1,0,0,0,0,0,0,1,1,1,1,1,0,1,1,1,1,1,1,0,0,0,0,0,1,0,1,0,0,0.631857
0,0,0,0,1,1,0,0,0,1,0,0,0,0,1,0,1,1,1,1,1,0,0,1,0,0,0,1,1,0,1,0,0.600548
0,0,0,0,0,1,1,1,1,1,0,0,0,1,1,0,1,1,1,0,1,1,0,0,1,1,1,0,0,0,1,1,0.756514
1,1,1,1,0,1,0,0,1,1,1,0,0,1,0,0,1,1,0,0,0,0,0,1,1,1,0,0,0,1,1,0,0.620198
1,1,1,0,1,1,1,1,1,1,1,1,0,1,0,0,1,1,1,1,1,0,1,1,0,0,1,0,1,1,0,1,0.663618
1,0,0,0,0,0,1,0,0,1,1,1,0,1,1,0,1,1,0,0,1,1,0,0,1,1,0,1,0,1,0,0,0.593261
0,0,1,0,0,0,1,1,1,1,1,1,1,0,1,0,1,0,1,0,1,0,0,0,0,0,1,0,1,1,1,1,0.845717
0,1,0,0,1,1,1,1,0,0,1,1,0,0,1,0,1,1,1,1,0,1,1,1,1,1,1,0,0,0,1,0,0.608337
0,0,0,0,0,0,0,0,0,1,0,1,1,0,0,1,0,0,1,0,0,1,1,0,0,0,0,1,0,0,0,0,0.700957
0,0,0,1,0,0,1,0,0,0,1,0,0,0,0,1,1,0,0,0,1,0,0,1,1,0,1,0,0,1,0,0,0.569490
1,1,0,0,0,1,0,0,1,1,1,0,0,1,1,1,0,0,1,0,0,0,0,0,0,0,0,0,0,0,1,1,0.617961
0,0,1,1,1,0,0,1,0,0,0,1,1,1,1,1,0,0,1,1,0,1,0,0,0,1,0,0,1,0,0,0,0.733397
0,1,0,1,1,1,1,0,0,0,0,0,1,0,1,1,0,0,0,0,0,1,0,1,0,1,0,0,0,1,1,0,0.762168
0,0,0,1,1,0,0,0,1,0,0,1,0,0,1,0,0,0,1,1,0,1,1,0,0,0,1,0,1,1,1,1,0.648541
1,1,1,0,0,0,1,1,0,1,1,0,1,1,0,1,1,1,0,1,0,1,0,0,0,1,0,1,0,1,0,0,0.608714
0,0,1,1,1,0,0,0,0,1,0,0,0,1,1,0,0,1,0,0,0,1,1,1,0,0,1,1,1,1,0,1,0.845893
1,0,0,1,0,0,0,1,0,1,1,0,1,0,1,0,1,1,1,0,0,1,1,1,0,0,0,0,0,1,1,1,0.653718
0,1,0,0,1,1,1,1,0,0,1,1,0,1,1,0,1,1,1,1,0,1,1,0,0,0,0,0,0,0,0,0,0.642586
1,0,0,0,0,0,0,1,0,0,0,1,1,1,1,0,1,0,0,0,1,1,0,0,1,1,1,0,1,0,0,0,0.666105
1,1,0,0,0,1,1,1,1,0,0,1,0,1,0,0,0,1,0,1,0,1,0,1,0,0,1,1,0,1,1,0,0.692766
1,1,0,1,1,0,1,0,1,1,1,0,1,1,1,1,1,0,0,1,0,0,1,0,0,0,1,1,0,1,0,0,0.702666
0,1,0,1,1,0,1,0,0,0,0,1,1,0,1,1,1,0,1,1,1,1,0,0,1,0,0,0,1,1,0,0,0.686258
1,1,0,0,1,0,1,1,0,0,1,1,1,0,0,0,1,1,0,0,0,1,0,0,0,0,0,1,1,0,1,1,0.603488
0,1,0,0,0,1,0,0,1,0,0,0,0,0,1,1,1,0,0,0,1,0,1,0,1,1,1,0,0,0,0,0,0.616378
1,1,1,1,1,0,1,1,0,1,1,1,1,1,0,0,0,0,1,0,1,0,0,1,0,1,1,1,0,0,0,1,0.774430
0,0,1,1,0,0,1,1,0,1,0,1,1,0,1,1,1,1,1,0,0,0,1,1,1,1,0,0,0,1,1,0,0.601528
1,1,1,0,1,1,1,0,1,0,1,1,0,0,1,0,0,0,1,0,1,0,0,0,1,1,1,0,1,0,1,0,0.776290
1,1,0,1,1,0,1,1,0,1,0,0,1,0,1,1,1,0,1,0,0,1,0,0,0,0,0,0,1,0,0,1,0.749303
1,1,1,0,1,0,0,1,1,1,0,1,0,0,0,1,1,0,0,0,0,1,1,1,0,0,0,1,0,0,1,0,0.730256
0,0,0,0,1,0,1,1,0,1,1,0,0,1,0,0,1,0,0,0,1,0,0,1,1,0,1,1,1,1,0,1,0.618690
1,0,0,0,0,1,1,1,1,0,0,0,0,1,0,0,0,1,0,1,0,0,1,1,1,0,1,0,0,1,0,1,0.642662
0,1,1,0,1,1,1,0,0,0,0,1,0,0,1,0,1,1,1,0,0,1,0,0,1,0,0,1,0,0,0,1,0.678795
0,1,0,1,0,0,1,1,0,0,0,1,1,1,1,0,0,1,1,0,1,0,1,0,1,0,0,0,0,0,1,0,0.621831
1,0,0,0,1,0,1,0,1,1,1,1,1,1,1,0,0,0,0,0,1,0,0,1,1,1,0,0,0,0,0,0,0.755911
1,0,1,1,1,0,0,0,1,0,0,0,0,0,0,1,0,1,1,1,1,1,0,1,1,1,1,1,0,0,0,1,0.678493
0,1,1,1,0,0,1,0,0,0,1,1,1,0,0,1,1,1,0,0,0,1,1,0,1,1,1,1,1,0,1,1,0.604744
0,0,0,0,0,0,1,1,1,1,0,1,0,0,0,0,1,0,0,1,1,0,1,1,0,0,0,1,1,0,0,1,0.595296
1,1,0,1,0,0,0,0,1,1,0,0,0,1,0,1,0,1,1,1,1,1,0,1,0,1,1,0,0,0,0,0,0.771013
0,1,1,1,1,1,0,0,1,0,1,0,0,1,0,1,1,1,1,1,1,0,0,1,1,1,1,0,1,0,1,0,0.658416
0,0,0,0,1,0,1,0,0,0,0,0,1,1,0,0,0,1,1,0,0,1,0,1,0,1,1,1,0,1,1,0,0.749303
0,0,1,0,1,1,1,0,0,0,0,0,1,0,0,0,1,0,1,1,1,0,0,1,1,0,0,0,1,0,0,0,0.564088
0,0,0,0,1,0,1,0,1,0,0,0,1,1,1,0,0,1,0,0,1,1,0,1,0,0,0,1,0,0,0,0,0.832877
1,1,1,0,1,1,0,1,0,0,0,0,0,1,1,0,0,1,1,0,1,0,0,0,0,0,0,1,0,0,0,1,0.589617
0,1,0,1,0,1,1,1,0,1,1,1,1,1,0,1,1,1,0,0,0,0,0,0,0,1,1,1,0,0,0,1,0.699626
1,0,1,0,0,1,0,0,0,0,1,1,0,1,0,1,1,1,0,0,0,0,1,0,0,0,1,0,1,0,1,1,0.843280
0,1,0,0,1,1,0,0,0,1,0,1,0,1,0,0,0,1,0,0,1,0,0,1,0,0,1,0,1,1,1,1,0.586677
1,0,0,0,1,1,0,1,0,1,0,0,1,0,1,0,1,0,1,0,1,1,0,1,1,0,1,1,0,0,0,0,0.687338
0,0,0,1,0,0,1,0,1,0,0,1,0,0,0,0,1,1,0,0,1,1,1,1,1,1,0,1,0,0,0,0,0.745709
0,1,0,1,0,1,0,0,1,0,0,1,0,0,0,0,1,1,0,1,0,0,0,1,0,0,1,0,0,0,1,1,0.530166
0,0,1,1,0,1,0,1,0,0,1,1,1,1,1,0,0,1,1,0,0,0,1,0,1,1,1,0,1,1,1,0,0.773903
1,1,0,1,0,1,1,0,0,0,1,0,0,0,1,1,1,0,0,0,0,1,1,0,0,1,0,1,0,1,0,0,0.600472
1,0,0,1,0,1,0,1,0,1,0,0,1,1,0,1,1,1,0,0,0,0,0,1,1,1,0,1,0,1,0,1,0.614845
0,0,1,0,1,0,1,0,0,1,0,1,0,0,0,0,1,0,1,0,0,0,1,1,1,0,0,1,0,1,0,1,0.715255
0,0,1,1,0,1,1,0,0,0,1,0,0,1,1,0,0,0,1,0,1,0,0,0,1,0,0,0,1,0,1,1,0.666457
0,1,0,0,0,0,1,1,1,0,0,0,0,1,0,1,0,1,1,0,0,0,0,0,0,1,1,0,0,1,0,0,0.577506
0,1,1,1,0,1,0,0,0,0,1,0,0,0,0,0,0,1,1,1,0,0,1,1,0,1,0,0,1,1,1,1,0.574390
1,1,1,0,1,1,0,0,0,1,1,0,0,1,0,1,0,1,1,0,1,0,1,1,0,0,0,1,0,0,0,0,0.606578
1,1,1,0,1,0,0,1,1,0,0,1,1,1,1,1,0,0,0,1,1,1,0,0,1,0,0,0,1,1,0,1,0.757017
1,0,1,1,1,1,0,1,1,0,1,0,1,0,1,0,0,0,0,1,0,0,0,1,0,1,0,0,1,1,1,0,0.765033
1,1,0,0,0,1,1,1,1,0,0,0,1,0,0,0,1,0,0,0,0,0,1,0,1,0,1,1,1,1,0,1,0.627108
0,1,1,1,1,1,0,0,1,0,1,1,0,0,0,0,0,1,0,1,0,0,0,1,0,1,0,0,0,1,1,1,0.616604
0,0,1,1,1,1,0,1,0,1,0,0,1,0,0,1,0,0,0,0,0,1,1,0,1,1,0,1,1,0,0,1,0.825565
1,1,1,1,1,1,1,1,0,1,1,1,1,1,1,0,0,0,1,1,1,1,1,1,1,1,1,1,0,0,0,0,0.596904
1,0,0,1,0,0,1,0,1,1,0,1,0,1,0,0,1,1,1,0,1,1,1,0,0,0,0,1,1,1,0,0,0.836721
1,1,0,0,0,0,0,1,0,0,0,0,0,1,0,1,1,0,1,0,1,1,1,1,0,0,0,1,1,1,1,0,0.975827
0,1,1,1,0,0,0,1,1,1,0,1,1,1,1,0,1,0,0,1,0,0,1,0,0,0,0,0,1,0,0,0,0.631254
1,0,1,1,1,0,1,0,1,1,1,0,1,0,0,0,0,0,0,0,1,0,1,0,0,0,0,0,0,0,1,0,0.848958
1,1,0,1,0,0,0,1,1,1,0,1,0,0,0,1,1,0,1,1,1,1,0,0,0,1,1,1,1,0,0,0,0.660427
0,1,0,1,1,1,1,1,1,0,0,0,0,0,1,0,0,0,0,0,0,0,1,1,1,0,0,1,0,1,0,1,0.617685
1,1,1,1,0,1,0,0,1,1,1,1,0,0,0,0,0,0,1,1,1,1,0,1,0,1,1,1,1,0,1,0,0.616655
1,0,0,0,1,1,0,0,0,0,1,1,0,1,1,1,0,0,0,1,0,0,1,1,1,0,0,0,1,0,1,1,0.658994
1,0,0,1,1,1,0,1,1,0,0,1,0,1,0,1,1,0,0,1,1,0,1,0,0,0,0,0,1,1,0,1,0.626329
1,0,0,1,0,0,0,0,1,1,0,0,0,0,1,1,0,1,1,1,0,1,0,1,1,0,0,0,1,1,0,0,0.731437
0,1,0,1,0,0,1,1,0,1,1,1,1,0,1,0,1,1,0,1,1,0,0,0,1,0,1,1,0,1,1,1,0.774229
1,1,0,0,0,1,1,0,1,1,1,1,1,0,1,0,0,0,1,1,0,1,1,0,1,1,0,1,1,1,0,1,0.605372
0,1,1,0,1,0,0,1,0,1,0,1,1,1,0,0,0,0,1,1,0,0,1,1,1,0,0,1,0,0,0,1,0.584140
1,1,1,1,0,0,0,1,1,1,1,1,0,1,0,0,1,0,1,1,1,0,0,1,1,1,0,0,1,1,0,1,0.787145
1,1,1,0,1,1,1,0,1,0,1,0,1,0,0,1,1,1,0,0,0,1,0,1,1,1,0,1,0,1,1,1,0.607734
1,1,0,1,1,0,1,1,1,0,0,0,0,1,0,0,0,1,0,0,0,0,1,0,1,0,0,1,0,0,0,1,0.609368
0,1,0,1,0,0,1,1,1,0,1,0,0,0,1,0,1,1,0,1,1,1,0,0,1,1,0,0,0,0,1,0,0.583210
0,0,0,0,1,0,0,0,0,0,0,1,1,0,0,0,1,0,0,0,1,0,1,0,1,0,0,0,1,1,0,1,0.581024
0,0,1,0,0,1,0,0,1,0,1,0,0,0,0,0,1,0,0,1,1,0,1,1,0,1,0,0,0,1,0,1,0.616051
0,1,1,0,0,0,0,0,1,0,1,1,0,1,0,1,1,0,0,1,0,0,1,0,1,1,0,1,1,0,1,0,0.766088
0,0,1,0,1,1,0,1,0,1,1,1,1,1,0,0,0,0,1,0,0,1,0,1,1,0,1,0,0,0,1,0,0.590296
0,1,1,0,0,1,0,0,0,1,0,1,0,1,0,0,1,1,0,0,1,0,0,0,0,1,1,1,0,1,1,1,0.576350
0,0,1,1,1,0,0,0,0,0,1,1,1,1,1,0,0,1,1,1,1,0,1,1,1,1,0,1,0,1,0,0,0.699626
1,1,0,1,1,1,1,1,1,1,0,0,1,1,0,1,1,1,0,1,1,0,0,0,0,0,0,0,0,1,0,1,0.627786
0,1,1,0,1,0,1,1,1,0,0,0,1,1,1,0,0,0,1,1,0,1,1,1,1,1,1,0,0,0,1,1,0.854889
1,1,0,1,1,0,1,1,0,0,0,0,1,1,0,0,1,0,1,1,1,1,0,0,0,1,1,0,1,0,0,0,0.821670
0,0,1,1,0,1,0,1,0,0,1,1,0,1,1,0,0,0,1,0,0,1,1,1,1,1,0,1,0,1,0,0,0.628841
0,0,1,1,1,1,0,1,0,1,0,0,1,0,1,0,1,1,0,1,1,0,1,0,0,1,0,0,1,1,0,1,0.623414
1,0,1,1,1,1,0,0,1,1,1,1,1,0,1,1,0,1,0,0,0,1,0,1,0,0,1,1,1,1,0,0,0.603412
1,0,0,0,1,0,1,1,0,1,1,0,0,1,0,1,0,0,0,1,1,1,0,0,0,1,0,0,0,0,1,0,0.607709
0,0,0,0,0,1,0,0,1,1,1,0,1,0,1,0,1,1,1,0,0,0,1,1,1,0,1,1,0,0,1,0,0.787522
0,1,0,0,0,1,1,0,0,1,0,1,1,0,1,1,0,0,1,0,1,0,0,0,0,1,0,0,1,1,1,0,0.559866
1,0,0,0,0,1,1,0,1,0,0,1,1,1,1,0,0,0,0,0,0,1,0,0,0,1,0,1,0,0,1,1,0.731211
1,0,1,0,1,1,0,1,1,1,1,0,1,0,0,1,0,1,0,1,1,1,1,1,0,1,0,0,0,1,1,1,0.728045
0,1,1,0,0,0,0,1,0,1,0,1,1,1,1,1,0,0,0,0,0,1,1,0,1,1,0,1,0,1,0,0,0.807599
1,1,0,0,0,0,0,1,1,0,1,1,1,1,0,1,1,1,1,0,1,1,0,0,1,0,0,0,1,0,0,0,0.591477
1,0,0,1,0,0,0,1,0,0,0,0,1,0,1,0,0,0,1,0,0,0,1,0,0,0,0,1,0,0,1,1,0.578611
1,0,1,1,0,0,1,1,0,1,1,0,1,1,1,0,0,0,0,0,0,1,0,1,0,1,0,0,1,0,1,1,0.624896
0,0,0,1,0,1,0,0,1,1,0,0,1,0,1,1,1,0,0,1,0,0,0,0,0,1,1,0,0,0,0,0,0.569063
1,0,1,1,0,0,0,0,1,0,1,1,0,0,1,1,0,1,1,0,1,1,0,1,0,0,0,0,0,1,0,1,0.603714
0,1,0,1,0,1,0,1,0,0,0,1,0,0,0,0,1,0,0,0,1,1,0,1,1,0,0,0,0,0,0,1,0.723849
1,1,0,0,0,0,0,0,1,1,0,0,0,0,0,1,0,1,1,0,0,1,0,0,0,1,0,0,0,0,0,1,0.726085
1,1,1,1,1,0,1,1,1,1,0,1,1,0,0,1,0,1,0,1,1,0,1,0,0,0,1,0,0,0,1,0,0.589617
0,1,0,1,0,0,0,1,0,1,0,1,1,1,0,0,0,1,1,0,0,0,0,1,1,1,0,0,1,0,0,1,0.576677
0,1,1,1,0,1,1,1,1,0,0,0,1,0,1,0,1,0,1,0,0,1,1,1,1,0,0,0,0,1,0,0,0.843430
0,1,0,0,1,1,1,1,1,1,0,1,1,1,1,1,0,1,1,1,1,0,1,0,1,1,1,1,1,0,0,0,0.610674
0,0,0,1,0,0,0,0,1,0,0,0,1,1,0,1,1,0,1,0,1,0,0,0,1,1,1,0,0,0,0,0,0.562605
0,1,1,1,0,1,1,1,1,1,1,1,1,1,1,1,0,0,1,0,0,0,1,1,0,0,0,0,0,0,1,1,0.714953
0,1,1,1,1,1,1,1,0,1,0,1,1,0,1,0,0,1,0,0,0,1,1,1,1,1,0,1,1,1,0,1,0.775586
0,1,0,0,0,0,0,0,1,1,1,0,0,0,0,0,1,1,0,0,0,0,1,1,1,1,1,0,1,1,1,0,0.853532
1,0,1,0,1,0,0,0,1,0,1,1,0,0,1,0,0,0,0,0,0,1,0,1,1,0,1,0,0,0,0,1,0.609770
1,0,1,1,0,1,1,0,0,0,1,0,0,1,0,0,1,0,0,0,0,1,0,1,1,0,1,0,1,0,1,0,0.596578
0,1,0,0,1,1,0,0,0,1,0,0,1,0,0,0,1,0,0,1,1,0,1,1,1,1,0,0,0,1,0,0,0.680780
1,0,1,1,1,0,1,0,1,0,1,0,1,1,1,1,0,1,1,1,1,0,0,0,1,1,1,1,1,0,0,0,0.698043
0,1,0,1,1,0,0,1,0,0,0,1,0,0,0,0,0,1,0,0,0,1,1,1,1,0,0,0,1,1,1,0,0.772345
1,1,0,1,1,1,1,1,0,1,0,1,1,1,1,1,0,0,1,0,0,0,0,1,0,1,0,0,1,1,0,1,0.605297
1,0,1,1,0,0,0,1,1,0,1,0,0,1,1,1,1,0,0,0,1,0,1,0,0,1,1,1,0,1,0,1,0.713496
1,0,1,1,1,0,0,1,1,0,1,0,1,0,1,0,0,1,0,1,1,1,1,0,0,0,1,0,1,1,0,0,0.595874
1,0,0,1,0,0,1,0,0,0,1,0,0,1,0,1,1,0,1,1,1,1,1,0,1,1,0,0,1,0,1,0,0.747293
1,1,1,1,0,1,0,1,1,0,0,0,1,1,1,0,0,0,1,0,0,0,0,1,1,1,0,1,0,1,0,0,0.659020
1,0,0,1,1,1,1,0,1,1,0,0,1,1,0,1,1,1,0,0,0,1,0,1,1,0,0,0,1,0,0,0,0.840139
0,0,1,1,0,1,0,1,1,1,0,1,0,0,1,1,0,0,1,1,0,0,0,1,0,1,1,1,1,1,1,1,0.768952
0,0,1,0,1,1,1,0,0,1,1,0,1,0,1,1,1,0,1,1,0,0,0,0,1,1,0,1,1,0,1,1,0.624519
1,1,0,1,0,1,0,0,0,0,0,1,1,1,1,1,1,1,0,1,0,1,0,1,0,1,1,1,1,1,0,1,0.682916
0,1,0,1,1,1,1,1,1,1,0,0,0,0,1,0,1,1,1,1,1,0,0,0,1,1,1,1,1,1,1,0,0.586501
1,0,1,0,1,1,1,1,0,0,1,0,1,1,1,1,1,0,1,0,1,1,1,0,0,1,0,1,1,0,0,1,0.675378
0,0,0,1,0,1,0,0,0,0,0,1,1,0,1,1,0,0,1,0,0,0,0,1,1,0,0,0,1,0,1,0,0.497776
1,1,1,0,1,1,1,1,0,1,1,1,1,1,0,0,1,0,0,1,1,1,1,0,0,1,0,0,0,1,1,0,0.719376
0,1,0,0,0,1,0,1,0,1,1,1,0,0,0,1,0,1,1,0,0,0,0,1,1,0,1,0,1,0,0,1,0.786240
0,1,1,0,1,1,1,0,0,0,1,1,1,0,0,0,1,1,1,1,1,1,1,0,0,1,1,0,0,1,1,1,0.574139
0,0,0,0,1,0,0,1,1,1,0,0,1,0,1,0,0,0,1,1,0,0,1,0,0,0,1,0,0,1,1,0,0.538382
0,1,1,1,0,0,0,0,1,1,0,1,0,0,0,0,1,0,0,1,1,1,0,1,0,1,0,1,1,0,0,1,0.656758
1,0,1,1,1,0,0,0,1,1,0,1,0,0,0,1,1,0,0,1,0,1,1,1,1,0,0,0,0,1,0,0,0.752795
0,1,1,1,0,0,1,0,0,0,0,0,0,1,0,1,0,1,1,0,1,1,1,0,1,1,0,1,1,0,0,1,0.939895
1,1,0,0,0,0,1,1,0,0,0,0,1,0,1,0,0,1,0,1,0,1,1,0,1,1,1,1,1,0,1,1,0.705505
0,0,1,0,1,0,1,1,1,0,0,1,1,0,0,0,1,1,0,1,1,1,0,1,1,1,1,0,1,1,0,1,0.656758
1,0,0,0,0,1,1,0,1,0,1,0,0,0,1,0,0,0,1,0,0,0,1,1,0,1,1,1,0,0,1,1,0.813705
1,0,1,1,1,0,0,0,0,1,1,1,0,0,1,0,1,0,0,1,0,1,0,0,0,0,0,1,0,0,1,1,0.604694
0,0,0,1,1,1,1,1,1,1,0,1,1,0,0,0,0,0,1,0,0,0,0,1,1,0,1,0,1,0,1,1,0.601352
0,1,1,1,1,0,0,1,1,0,1,1,0,1,1,1,0,0,0,0,0,1,1,0,1,0,1,1,0,0,1,1,0.658592
0,0,1,0,1,0,0,1,1,1,1,1,0,1,1,1,1,0,0,0,0,0,0,1,1,1,1,0,1,1,0,1,0.711963
1,1,1,1,0,1,0,1,0,1,0,0,1,1,1,1,0,0,1,1,0,0,0,0,0,0,1,0,0,1,0,1,0.636354
1,0,1,1,0,0,1,0,0,1,1,1,0,1,1,1,1,0,0,1,0,0,1,1,1,0,0,1,1,1,1,1,0.811569
0,0,1,1,0,0,0,1,1,0,0,0,1,0,1,0,0,1,0,0,0,0,0,0,1,1,1,1,0,0,0,1,0.632485
0,1,1,0,0,0,0,1,1,1,0,0,0,0,1,1,1,1,1,0,0,0,1,1,0,1,1,1,0,0,1,1,0.618740
0,0,1,1,1,1,1,0,1,1,1,1,0,0,0,1,0,1,0,0,0,0,0,1,1,0,1,0,0,1,0,0,0.761766
1,1,1,1,1,1,0,1,1,1,1,0,0,0,1,1,1,1,1,0,0,1,0,0,0,1,1,1,0,0,0,0,0.617057
0,0,0,1,0,1,0,1,0,0,1,1,0,0,1,0,1,1,1,0,1,0,0,1,1,0,0,1,1,0,1,1,0.619795
0,0,1,0,1,0,1,0,0,1,1,1,0,0,0,0,0,0,1,0,0,0,1,0,1,0,1,1,0,1,1,0,0.750961
1,0,0,1,0,0,1,0,0,1,1,0,0,0,1,0,1,1,0,1,0,1,1,0,1,0,0,1,0,0,1,1,0.591477
0,0,1,1,1,1,1,1,1,1,1,0,0,0,1,1,0,0,0,1,1,1,0,1,0,1,0,1,0,0,1,0,0.618288
0,0,1,0,0,0,1,0,1,0,1,1,0,0,0,0,1,0,1,1,1,0,1,1,1,0,0,1,0,1,1,1,0.691911
0,1,1,0,1,0,0,0,0,0,1,0,0,1,0,0,0,0,1,1,0,1,1,0,1,0,1,1,1,1,0,1,0.642134
0,0,1,0,0,1,1,0,1,0,0,1,0,1,1,0,1,0,0,0,0,1,1,1,1,0,0,1,0,0,0,0,0.831445
1,1,1,1,1,1,1,1,0,0,0,0,0,1,1,1,0,1,1,1,0,1,0,1,1,1,1,0,1,1,0,1,0.802246
0,1,1,0,0,0,1,0,0,1,1,1,0,0,1,0,0,0,1,1,1,1,0,0,1,0,1,0,0,0,0,1,0.593864
1,0,1,1,1,0,0,0,0,1,0,1,0,0,1,1,0,0,1,1,0,1,0,1,0,1,1,0,1,0,1,1,0.619770
0,0,0,0,1,1,1,0,1,0,0,1,0,0,1,1,1,1,1,1,0,1,0,1,1,1,0,1,1,0,1,0,0.747142
0,0,1,1,1,0,0,1,1,0,0,1,1,0,1,1,0,0,1,1,1,1,1,1,1,0,0,0,1,0,1,0,0.744931
0,0,1,0,0,0,0,0,1,0,0,1,1,1,0,1,1,0,1,1,1,0,0,0,1,1,1,1,1,1,1,0,0.617383
1,0,0,0,0,1,1,1,1,0,1,0,0,0,1,1,1,0,1,1,0,0,0,1,0,0,1,1,0,0,1,0,0.723019
1,1,0,0,0,0,0,1,0,1,0,1,1,1,0,0,1,1,1,1,0,0,0,1,0,1,0,0,1,1,0,1,0.614092
0,0,1,1,0,1,1,0,1,0,1,0,0,0,0,1,0,0,1,1,1,0,0,0,1,1,1,0,0,0,1,0,0.686006
0,1,0,0,0,1,1,1,1,1,0,0,0,1,1,1,0,0,0,0,0,1,1,0,0,0,1,1,1,0,0,1,0.823982
1,1,1,1,1,0,0,1,1,1,1,1,1,0,0,1,0,0,1,1,0,0,0,1,1,1,1,0,1,0,0,0,0.955474
0,0,1,0,1,0,1,1,0,0,0,1,1,0,0,0,0,1,1,1,1,0,0,1,1,1,1,1,0,0,0,0,0.651305
0,0,0,0,0,1,1,0,1,1,1,0,0,0,1,1,0,0,0,0,0,0,1,1,0,1,0,0,1,0,0,0,0.741187
0,1,1,1,0,0,1,1,0,1,1,1,1,0,1,0,1,0,0,0,0,0,0,0,1,0,0,0,1,0,1,1,0.776993
0,1,1,1,0,1,0,0,0,1,1,1,0,1,1,0,1,1,1,1,0,1,0,1,1,0,1,1,0,1,0,1,0.606754
0,0,0,1,0,0,1,1,1,0,0,0,1,1,1,0,0,1,0,0,0,0,0,1,0,1,0,1,1,0,0,0,0.546172
0,0,0,1,0,0,1,1,1,1,0,0,0,0,1,0,1,0,0,1,1,0,0,0,1,0,1,0,1,0,1,0,0.568334
0,1,1,1,1,1,0,1,1,0,1,1,0,1,1,0,1,0,1,1,0,0,1,1,0,1,1,0,1,0,0,0,0.739352
0,0,0,1,0,0,0,0,0,1,0,0,1,1,1,1,0,0,0,0,0,1,1,1,1,1,1,0,1,1,0,0,0.908862
0,0,1,1,1,0,1,0,0,1,1,1,0,0,0,1,0,0,0,0,1,0,0,0,0,1,0,1,0,0,1,0,0.683167
0,1,0,0,0,1,1,1,1,0,0,0,1,1,1,0,1,1,1,1,1,1,0,0,1,0,1,0,0,0,1,1,0.777923
1,0,1,0,1,0,1,0,1,1,1,0,0,0,1,0,0,1,1,0,0,1,0,1,0,1,1,1,0,1,1,0,0.601578
0,1,0,0,1,1,0,0,1,0,1,0,0,0,0,1,1,1,1,1,0,1,0,0,0,1,1,1,0,1,0,1,0.621605
0,1,0,0,1,1,0,1,1,0,0,0,0,1,0,1,1,0,1,0,0,0,0,0,0,0,1,1,0,0,0,0,0.568209
0,0,0,1,1,1,0,1,1,0,1,0,0,0,1,1,0,1,0,1,0,1,1,1,0,0,0,1,1,0,1,0,0.611855
1,1,1,1,1,0,1,1,0,0,1,0,0,0,0,1,1,1,0,1,1,1,0,0,0,1,0,1,0,1,0,0,0.600950
1,1,1,0,0,0,1,1,0,0,1,1,0,0,1,1,1,0,1,1,1,0,1,1,1,0,0,0,0,1,0,0,0.696937
0,0,1,0,0,1,0,1,0,0,1,1,1,0,1,0,0,0,1,1,1,0,0,0,1,0,1,0,1,0,1,1,0.740609
0,0,1,0,0,1,0,1,0,1,1,0,1,1,1,0,1,0,0,0,0,1,0,0,1,0,1,1,1,1,1,1,0.598311
1,1,0,0,0,1,1,0,1,1,1,0,1,1,0,0,0,0,0,0,1,1,1,0,1,1,0,1,1,1,0,0,0.721235
1,1,1,0,0,0,0,0,1,0,1,0,0,0,0,1,1,0,1,0,1,1,0,0,0,1,0,1,1,1,0,0,0.607935
0,0,0,1,1,0,0,1,1,1,0,1,0,1,0,1,0,1,1,1,1,0,1,0,0,1,0,1,0,1,0,0,0.557077
1,0,0,0,0,1,1,1,0,1,0,0,1,1,0,0,1,0,1,0,0,1,1,0,1,0,0,0,1,0,0,1,0.989999
1,1,0,1,1,1,0,1,0,0,0,0,1,1,1,0,0,1,1,0,1,1,0,1,0,1,1,1,0,0,0,1,0.766766
1,1,1,1,0,0,1,1,0,0,0,0,0,1,0,0,0,1,0,1,1,0,0,0,1,0,0,1,1,1,1,0,0.596678
0,1,1,0,1,1,1,1,0,0,1,1,0,1,1,0,1,1,0,0,0,0,0,0,0,0,1,1,1,0,0,0,0.756137
0,1,0,1,1,0,1,1,0,1,0,1,0,0,0,1,1,1,1,0,0,0,1,1,0,0,0,0,1,1,1,0,0.611277
0,0,0,0,0,0,0,1,1,0,0,1,1,0,1,0,1,1,1,1,0,1,0,0,0,0,0,0,1,0,0,0,0.658969
1,1,0,0,0,0,1,0,1,0,1,1,0,1,1,0,1,1,1,1,1,1,0,1,0,1,1,1,0,0,1,0,0.653868
1,1,1,1,1,0,1,0,1,0,1,1,0,0,0,0,0,0,0,1,0,1,0,0,0,1,0,1,0,0,0,0,0.593361
1,1,1,1,1,0,0,1,0,1,0,1,1,1,1,1,0,0,0,1,0,0,0,1,0,1,1,1,0,1,1,1,0.605196
1,1,0,1,0,1,1,1,0,1,1,1,1,0,1,0,0,0,0,0,0,1,0,1,1,1,0,1,0,0,1,0,0.632083
0,1,0,1,0,0,0,0,0,0,0,0,0,1,0,0,1,1,0,1,1,1,1,1,0,0,0,0,0,0,1,0,0.992386
1,0,0,0,0,0,1,1,1,0,0,1,0,0,1,1,0,0,1,1,1,0,0,0,1,1,1,0,1,1,0,0,0.645023
1,0,0,0,0,1,0,1,0,0,1,0,0,0,0,0,1,1,1,1,0,0,1,0,1,0,0,0,1,0,0,0,0.568385
1,1,1,1,1,1,1,1,1,1,1,1,1,1,1,0,0,0,0,0,1,0,1,1,0,0,1,0,0,0,0,0,0.744076
0,0,1,1,0,1,1,1,0,1,0,0,1,0,0,0,0,0,1,0,0,0,1,0,1,0,1,1,0,1,1,1,0.588361
1,1,1,0,0,1,1,0,1,0,0,0,1,1,1,1,1,1,0,0,1,1,0,1,1,1,0,1,0,1,1,1,0.860015
0,1,0,1,0,0,1,0,0,1,0,0,0,0,1,0,0,0,0,1,1,1,1,0,1,1,0,0,1,1,0,1,0.851647
1,1,1,0,1,1,1,1,0,0,1,1,0,1,0,0,1,0,1,1,1,1,1,0,1,0,0,0,0,1,1,0,0.690881
0,1,0,0,1,1,0,1,0,1,1,1,1,0,1,1,0,1,1,1,0,0,1,1,1,0,0,1,1,1,0,1,0.641832
0,1,0,1,1,1,0,0,0,0,0,0,0,1,0,0,0,0,0,0,0,0,1,1,0,0,1,1,0,1,0,1,0.579139
0,1,1,1,1,1,1,0,1,0,1,0,0,0,0,0,0,1,1,0,0,1,1,1,0,0,0,1,0,1,0,1,0.630073
1,1,0,0,0,1,0,1,1,0,0,0,0,1,0,1,1,1,1,0,0,1,0,0,0,0,1,0,1,0,0,1,0.783954
0,1,0,1,1,1,1,1,0,0,0,1,1,1,0,0,0,0,1,0,1,0,0,1,0,0,1,1,0,1,1,1,0.599040
0,1,0,1,0,0,0,0,1,1,0,1,0,1,1,1,0,0,1,0,0,0,1,0,1,0,0,0,1,1,0,1,0.614996
1,1,0,1,0,0,1,0,1,0,1,0,0,0,1,1,0,1,1,1,1,1,0,1,1,0,1,0,0,0,0,1,0.611855
1,1,1,1,0,1,1,1,0,0,0,0,1,0,0,1,0,0,1,1,1,1,1,0,0,0,0,0,1,1,1,1,0.857954
1,0,1,0,0,1,1,0,0,0,0,1,1,0,0,1,1,0,1,1,1,0,1,1,1,1,0,0,0,0,0,0,0.591728
1,0,1,0,1,1,0,1,0,0,0,0,1,0,0,1,1,1,1,0,1,0,0,1,1,1,1,0,1,0,0,1,0.569264
0,1,0,1,1,0,0,1,1,1,1,1,1,1,1,0,1,0,1,1,0,0,0,0,1,1,1,1,1,0,0,0,0.764605
0,1,1,0,1,1,1,0,0,0,0,1,0,1,0,0,1,1,0,0,1,0,0,1,0,1,0,0,0,1,1,0,0.602483
0,0,1,0,1,0,0,1,1,0,1,0,1,0,0,1,1,1,1,0,0,0,1,1,0,1,0,1,1,0,1,1,0.631681
0,1,0,1,1,0,0,0,1,1,0,0,0,1,0,1,0,0,0,0,0,0,0,1,1,1,1,0,0,0,0,0,0.569063
1,1,1,0,1,0,0,0,1,1,0,1,1,1,1,0,0,0,1,1,1,1,1,1,0,1,1,1,0,1,0,1,0.759831
0,1,0,0,1,0,1,0,1,0,1,1,1,1,1,1,0,0,1,1,0,1,0,1,0,1,1,0,1,0,0,0,0.602809
0,0,1,0,1,0,0,1,0,0,1,1,1,1,0,0,1,1,0,0,0,0,0,0,1,1,0,0,1,0,0,1,0.780235
1,1,0,0,1,0,0,0,1,1,0,1,1,1,1,0,1,0,0,0,1,0,0,0,1,1,0,1,0,1,1,0,0.601980
1,1,0,1,0,1,0,1,0,0,1,0,0,1,0,0,0,0,0,1,0,1,0,0,1,1,1,0,0,0,1,1,0.600271
0,0,1,0,0,1,1,1,0,0,0,0,1,0,0,0,1,0,1,0,0,1,0,1,1,1,1,0,0,0,1,0,0.681408
0,1,0,0,0,1,1,1,0,0,0,1,0,1,0,0,0,1,1,0,1,0,0,0,1,0,1,0,0,0,0,1,0.581652
1,0,0,0,0,1,1,1,0,1,0,0,0,0,1,1,1,1,1,1,0,0,1,0,0,1,0,0,0,1,1,1,0.609342
1,0,0,1,1,1,0,0,1,0,0,1,1,0,0,0,0,0,1,1,1,0,0,0,1,0,0,0,0,0,1,1,0.598487
0,0,1,0,0,0,0,1,0,0,1,1,1,0,1,1,1,1,1,1,0,0,0,1,1,0,0,1,1,0,0,0,0.834887
1,0,1,0,1,1,1,1,1,0,1,0,1,0,0,0,1,0,0,1,0,0,1,0,0,1,0,0,1,1,1,0,0.700706
1,1,1,0,0,0,1,0,0,0,1,1,0,0,0,1,0,0,1,0,0,1,1,0,1,0,1,1,1,0,0,1,0.620600
0,0,1,1,0,1,0,1,1,0,1,1,1,1,1,0,0,1,0,1,1,0,1,0,1,1,0,1,1,1,1,0,0.637988
0,0,1,0,1,1,0,0,1,0,0,0,0,1,0,1,0,1,1,1,1,1,0,1,1,1,0,0,1,1,1,0,0.993919
1,1,1,1,0,0,0,0,1,1,0,1,0,0,1,0,0,1,0,1,1,1,0,1,1,0,0,0,0,1,1,0,0.692917
1,1,0,0,1,0,1,0,0,0,1,0,0,0,0,1,0,1,0,0,1,0,0,0,0,0,1,0,0,0,0,1,0.630701
1,0,0,0,1,0,1,0,0,0,1,1,0,0,1,1,1,0,1,0,0,1,1,1,0,1,0,0,1,0,1,1,0.582506
0,1,1,1,0,0,1,1,1,0,1,1,0,0,1,1,0,0,1,1,0,1,0,0,1,0,1,1,1,1,1,1,0.619544
0,1,1,0,0,0,1,1,1,1,1,0,1,1,0,0,0,0,0,0,1,0,1,1,1,0,1,1,1,0,1,0,0.696661
1,0,0,0,1,1,0,0,0,1,0,1,0,0,1,1,1,0,1,1,0,0,0,1,0,0,1,1,1,1,1,1,0.602055
0,1,1,0,1,0,1,0,1,1,1,1,0,0,1,1,1,1,1,1,0,0,1,0,1,0,1,1,1,1,0,1,0.786592
1,1,0,0,1,0,1,1,1,0,0,1,1,1,0,1,0,0,1,1,1,1,0,1,1,1,1,0,1,0,0,0,0.696610
0,1,1,1,0,0,0,0,1,0,0,0,0,1,0,0,0,1,0,1,1,1,0,1,0,1,1,0,0,1,0,0,0.779833
1,1,0,1,0,0,0,0,1,0,0,0,0,1,0,0,0,0,0,1,1,0,0,1,0,1,1,0,1,0,1,1,0.583838
0,1,0,1,1,0,0,0,1,0,0,1,1,0,0,0,0,0,0,1,0,1,0,1,1,1,1,0,1,0,1,0,0.616504
1,0,1,1,1,0,0,0,0,0,1,1,1,1,0,1,0,1,0,0,1,0,1,1,1,1,0,1,0,1,0,1,0.639269
0,0,1,1,0,0,1,1,1,0,0,0,1,0,1,1,0,0,0,0,0,0,0,1,0,1,0,1,0,1,0,1,0.558308
1,0,0,0,1,0,1,1,0,0,0,1,1,1,1,1,1,0,0,1,0,0,0,1,0,0,1,0,1,1,1,1,0.558183
0,0,1,1,1,0,1,1,0,0,1,0,0,1,1,1,0,1,1,0,0,1,0,0,1,1,0,0,0,0,1,1,0.610699
0,0,0,0,0,1,1,1,1,0,1,1,0,0,0,0,0,1,1,0,0,1,0,0,0,0,0,1,0,1,0,0,0.603588
0,0,0,0,1,0,1,1,0,0,0,1,1,0,0,0,1,1,0,0,1,1,0,1,0,0,0,0,1,0,1,0,0.713948
1,0,0,1,0,0,0,0,1,0,1,0,0,0,0,1,1,0,1,1,1,1,0,0,0,0,0,0,1,1,1,1,0.594216
1,1,1,1,1,0,1,0,1,0,1,0,1,1,1,0,1,1,0,0,1,0,0,0,1,0,0,0,1,1,0,1,0.667890
0,1,0,1,0,0,1,1,1,1,1,0,0,1,0,0,1,1,1,1,0,0,1,1,1,1,1,0,0,1,0,1,0.712541
0,1,0,0,1,0,0,1,1,1,1,0,1,0,0,0,1,0,0,0,1,0,1,0,0,1,0,1,1,0,0,1,0.652310
1,1,1,0,1,1,1,0,1,0,0,0,1,0,0,1,0,0,0,1,1,1,1,1,0,1,0,0,0,1,1,1,0.877177
0,0,0,1,0,1,0,1,0,0,1,1,1,1,0,0,1,1,1,0,1,0,1,1,0,1,0,0,0,1,1,1,0.648466
1,0,0,0,0,1,0,1,1,0,0,0,0,1,1,0,0,0,0,1,0,1,1,0,1,1,1,1,1,1,0,0,0.829133
1,0,1,1,1,1,1,0,1,1,0,0,0,1,1,1,0,1,1,0,1,0,1,0,1,1,0,1,1,1,1,1,0.627736
1,1,1,1,0,1,1,1,1,1,1,0,0,0,1,1,1,0,0,1,0,0,1,0,1,0,1,1,1,1,0,1,0.917833
0,1,0,0,1,0,0,1,1,0,1,0,0,0,1,1,1,0,0,0,0,0,0,0,0,0,1,0,0,1,1,1,0.726613
1,0,1,1,0,1,1,0,1,0,0,1,0,1,1,1,1,0,0,1,0,1,0,1,1,1,1,0,0,1,0,1,0.702189
1,1,0,0,0,1,0,0,1,1,1,1,1,0,0,1,1,1,0,1,1,0,0,1,1,1,0,1,1,0,1,0,0.628665
1,1,1,1,1,1,1,0,1,1,0,1,1,1,1,1,0,0,1,1,1,1,1,0,1,0,0,1,1,1,0,1,0.818378
1,0,1,0,1,0,1,1,1,0,0,1,0,0,1,0,1,1,1,1,0,1,0,0,1,1,0,0,1,0,1,1,0.648742
1,0,0,0,1,1,1,1,1,0,0,1,1,0,1,0,1,1,1,0,1,1,0,0,0,1,1,0,1,1,0,1,0.649371
1,1,0,1,1,0,1,0,1,1,0,0,0,1,1,1,1,0,0,1,1,1,0,1,1,1,1,1,0,0,1,0,0.727593
0,0,0,0,0,0,0,0,1,1,1,1,1,0,0,0,0,1,1,0,0,0,1,1,1,0,1,0,0,0,1,1,0.734452
1,1,1,0,0,0,0,1,0,1,0,0,0,0,0,0,0,0,1,0,1,0,1,1,1,0,1,0,0,1,0,1,0.616931
0,1,0,1,1,0,0,1,0,1,1,0,0,0,1,1,0,0,1,1,0,1,1,0,0,0,1,1,1,0,0,1,0.616655
0,1,1,0,1,1,1,0,0,0,0,0,1,0,1,1,1,0,1,1,0,0,0,0,1,0,0,0,0,1,0,1,0.568033
1,1,1,1,0,1,1,0,0,0,1,1,0,1,0,0,1,1,1,0,0,1,0,0,0,1,1,1,1,0,1,1,0.604041
1,0,0,0,0,1,1,0,0,1,1,1,0,1,1,0,1,1,1,1,1,0,1,0,1,0,1,0,0,1,0,0,0.711963
0,0,1,0,1,0,0,0,1,1,0,1,1,0,0,1,1,1,1,1,0,0,1,0,0,1,0,0,1,1,1,0,0.585170
1,0,1,0,1,1,0,0,0,1,1,0,0,0,1,0,0,0,1,0,0,1,1,0,1,0,0,0,0,1,0,1,0.621077
1,0,0,1,1,1,0,1,0,0,1,0,0,0,0,0,1,1,0,0,0,0,0,0,1,0,1,1,1,0,1,1,0.577807
0,0,0,0,0,0,0,1,0,1,0,0,0,1,1,1,1,0,0,1,1,0,1,1,1,0,0,0,1,0,1,0,0.663166
1,0,0,1,0,0,0,1,0,0,0,0,1,1,1,0,1,1,1,0,0,0,1,1,0,1,0,0,1,1,0,0,0.684499
1,0,0,1,0,1,0,0,1,0,0,0,0,1,0,1,1,0,1,0,1,1,1,1,0,0,0,0,0,0,0,0,0.992788
0,0,1,1,1,0,0,1,1,0,0,0,0,1,1,0,1,0,1,1,0,0,0,0,0,0,1,1,0,1,1,1,0.594291
1,1,0,0,0,1,0,1,0,0,1,0,0,1,1,0,0,0,0,0,0,1,1,1,1,1,0,0,0,1,1,0,0.800236
1,1,1,0,1,0,0,0,0,0,1,0,0,1,1,0,0,1,0,0,0,1,1,0,0,0,1,1,0,1,0,1,0.591326
0,1,0,1,0,1,0,0,0,0,0,0,1,1,1,1,0,0,0,1,1,0,0,0,0,0,0,0,1,0,1,1,0.602885
1,0,1,1,0,0,0,0,0,0,1,0,1,1,1,1,1,0,0,0,0,1,1,1,1,1,1,0,1,1,1,1,0.703948
1,1,1,0,0,1,0,0,1,1,1,1,0,0,0,1,0,1,1,1,1,0,0,0,0,1,1,1,1,0,0,0,0.815036
0,1,1,0,1,0,0,0,1,1,0,1,0,1,1,1,1,0,1,0,0,0,0,1,0,1,1,1,1,0,0,0,0.608764
0,1,1,1,0,1,1,1,0,1,0,0,0,0,0,1,1,0,0,0,1,0,1,1,1,0,0,1,1,0,1,1,0.611428
1,1,1,1,1,1,1,1,1,1,0,1,1,0,0,0,1,1,0,0,0,1,1,0,1,0,0,0,0,0,0,0,0.765887
0,1,1,0,0,1,0,1,1,0,0,1,1,0,1,0,0,0,0,1,1,0,0,1,0,1,0,0,0,1,0,0,0.588311
1,0,1,0,0,1,1,1,0,0,1,0,0,1,0,1,1,1,0,1,1,1,0,0,0,0,0,1,1,0,1,1,0.617911
0,1,0,0,1,0,0,1,1,1,0,1,1,0,0,0,0,1,1,1,0,1,0,0,0,0,0,0,0,0,0,0,0.662236
1,1,0,0,1,1,0,1,1,1,1,1,0,1,0,1,0,1,1,0,0,1,0,0,0,0,0,1,1,1,0,1,0.648592
0,0,1,1,1,1,0,1,0,1,1,1,1,0,0,0,1,1,0,0,0,0,1,1,1,1,0,0,0,0,1,1,0.716788
0,0,0,1,1,0,1,0,0,1,0,1,1,1,1,0,1,1,1,1,0,0,0,0,0,0,1,1,0,0,0,1,0.579667
1,1,0,0,0,0,1,1,1,1,0,0,1,0,0,0,0,0,1,0,0,0,1,0,0,1,1,1,0,0,0,1,0.607634
0,0,1,0,1,0,1,1,1,0,0,1,0,1,1,1,0,0,0,1,1,0,1,1,1,0,1,0,1,1,1,0,0.620399
1,1,1,0,1,1,0,0,0,0,0,0,0,0,1,1,1,1,0,1,0,0,0,0,1,1,0,0,1,0,0,1,0.594593
0,1,1,1,1,0,1,0,1,1,0,1,0,1,0,0,1,1,1,1,1,0,1,1,0,0,1,0,0,0,0,1,0.578260
0,1,0,0,0,0,1,0,1,1,1,1,0,1,0,1,1,1,1,0,1,1,1,0,0,0,1,0,0,0,0,1,0.590321
0,0,0,0,1,0,1,0,0,1,1,1,1,0,0,1,1,0,0,0,0,0,0,0,1,0,1,0,0,1,0,0,0.811468
0,0,0,1,1,1,0,0,0,1,1,1,0,1,1,0,1,1,0,0,1,1,0,1,1,1,0,1,1,1,1,1,0.634118
0,1,1,0,1,0,1,0,1,1,1,1,0,0,0,0,0,0,1,0,1,1,1,0,0,1,1,0,0,1,0,0,0.560419
0,0,0,1,0,1,1,1,1,1,1,1,0,1,0,0,1,0,0,0,0,1,0,1,1,0,1,1,1,0,0,1,0.636128
0,1,1,0,1,1,0,0,0,0,0,1,0,0,0,0,1,0,1,0,0,0,0,0,0,0,0,1,0,0,0,0,0.558962
0,1,1,1,1,0,0,0,1,0,0,1,0,0,0,0,1,0,1,1,0,0,0,1,0,0,0,0,0,1,0,0,0.590044
1,1,0,0,1,1,0,0,1,0,0,1,1,1,0,1,1,1,0,0,1,1,0,0,1,1,1,0,1,1,1,1,0.704224
1,0,0,0,0,0,0,1,0,0,0,0,1,0,0,1,1,0,1,0,1,0,1,1,0,1,0,1,0,0,1,0,0.581526
0,1,1,0,1,0,0,0,0,0,1,1,1,1,1,1,0,0,0,1,1,0,0,1,0,1,0,1,1,0,0,1,0.823454
0,1,0,1,0,0,0,1,1,0,0,0,1,0,1,1,0,0,1,1,0,0,1,1,1,1,0,1,1,0,0,0,0.617534
1,0,1,1,0,0,1,1,1,0,0,0,1,1,1,1,1,1,0,0,1,1,1,0,0,0,0,0,1,1,1,1,0.991080
0,0,0,1,0,1,0,0,1,0,0,1,0,1,1,0,0,0,1,0,1,1,0,1,0,0,0,1,1,1,1,0,0.786190
1,0,0,0,0,1,0,0,1,1,1,1,0,0,0,0,0,1,1,1,1,1,0,0,0,0,1,0,0,0,0,0,0.553308
1,1,0,1,1,0,0,0,0,0,0,1,1,1,0,1,0,1,1,1,1,0,0,1,0,1,0,1,0,1,1,0,0.633415
1,1,1,0,0,0,0,1,0,1,0,0,1,1,0,0,0,1,0,0,1,0,1,0,1,0,1,1,1,0,0,0,0.592959
0,1,0,1,1,1,1,1,0,1,0,1,1,1,1,1,1,0,0,0,1,1,1,1,1,1,0,1,0,1,1,1,0.857401
1,1,0,1,1,1,0,0,1,1,1,0,1,1,0,1,0,0,1,1,0,1,0,0,1,0,1,1,1,0,1,0,0.651657
0,1,1,0,0,0,1,1,0,1,0,0,1,0,1,0,0,0,1,0,0,0,0,0,1,1,1,0,0,1,1,1,0.616504
1,0,0,0,0,1,0,0,1,1,1,0,1,1,1,0,1,1,0,1,0,0,1,0,0,1,0,1,0,1,0,0,0.598739
1,0,1,1,1,1,1,0,1,0,1,1,1,0,0,1,1,0,1,0,0,0,0,0,0,1,0,0,0,0,1,1,0.831218
0,0,1,0,0,0,0,1,0,1,1,0,0,1,1,0,1,1,1,0,0,1,0,0,1,0,1,0,0,0,0,0,0.589215
1,1,1,1,0,1,0,1,1,1,0,1,1,1,1,1,1,1,0,1,1,1,0,1,0,1,0,0,0,1,0,0,0.769782
1,0,0,1,1,0,0,1,0,1,1,0,0,1,0,0,1,1,1,1,0,1,0,0,1,0,0,1,1,1,0,1,0.625097
1,1,0,0,0,1,0,0,1,0,1,1,1,0,0,1,1,1,1,0,0,1,0,1,0,0,1,0,0,1,0,0,0.583687
1,1,1,0,1,0,0,1,0,1,0,0,1,1,1,1,0,1,0,1,1,1,0,1,0,1,1,1,1,1,0,0,0.758901
1,0,1,1,1,0,1,0,0,1,0,0,1,0,0,0,1,0,1,0,0,0,1,0,0,1,1,0,0,0,1,1,0.607508
0,1,1,1,0,0,1,1,1,0,1,0,0,0,1,1,1,0,1,1,0,0,1,0,1,1,1,1,1,0,1,1,0.686509
0,1,1,1,0,1,1,1,0,1,0,1,0,1,0,1,1,0,0,1,1,0,0,1,0,0,0,1,0,1,0,0,0.592130
1,0,0,0,0,0,1,0,0,1,1,0,0,0,0,0,0,1,0,0,0,0,0,1,1,0,1,0,0,1,1,0,0.696309
0,0,0,1,1,0,1,1,0,0,0,1,0,0,0,0,0,1,0,0,1,0,0,1,0,0,1,0,1,1,0,1,0.461718
0,0,1,0,1,0,0,0,0,0,1,0,0,0,0,0,0,1,0,0,0,1,0,0,1,0,1,1,0,1,1,1,0.532276
1,1,0,0,1,1,0,1,1,0,0,0,1,1,0,1,1,0,0,1,1,0,1,1,1,0,1,1,1,1,1,1,0.601050
1,1,1,1,0,1,1,1,0,1,1,0,0,1,0,0,1,1,0,0,1,1,0,0,0,0,1,0,1,1,1,0,0.607533
1,1,0,0,0,1,1,0,1,1,1,0,1,0,1,1,0,1,1,1,0,1,1,1,1,1,0,0,1,1,1,0,0.664347
1,0,0,0,1,1,0,0,0,0,0,0,1,0,1,0,1,1,0,0,1,1,0,1,0,0,0,1,1,0,1,1,0.848481
1,0,0,1,1,0,0,0,1,1,1,0,0,1,1,0,0,0,1,1,0,1,1,1,1,1,1,0,0,0,0,0,0.650753
1,0,0,0,1,1,1,0,1,1,1,0,0,1,0,0,1,1,0,1,0,1,0,0,1,1,1,1,0,1,0,0,0.593236
0,1,1,0,1,0,1,0,1,0,1,1,1,0,0,0,0,0,1,1,1,0,1,1,1,0,1,1,0,1,1,0,0.699299
1,1,0,0,1,0,0,1,1,0,1,0,0,0,0,1,0,0,0,0,1,1,0,0,0,0,0,0,0,0,1,0,0.570244
1,0,0,1,0,0,1,1,1,0,0,1,1,0,0,1,1,1,0,1,0,1,1,0,1,1,1,1,0,1,1,0,0.653919
0,0,0,1,0,0,1,1,1,1,1,0,0,1,0,1,1,0,1,1,0,0,0,1,1,1,1,0,1,0,1,1,0.831394
0,0,1,0,1,1,0,0,0,1,0,0,0,1,0,1,1,0,0,1,0,0,0,0,1,1,1,1,0,1,1,0,0.559565
1,0,1,1,0,1,0,0,1,0,1,0,0,0,0,1,1,0,1,1,1,0,1,1,0,1,0,1,1,0,0,1,0.602633
0,0,1,0,0,0,0,0,0,0,0,0,1,1,1,1,0,1,1,0,1,1,1,1,1,0,1,1,1,0,0,0,0.845214
0,0,0,1,0,1,1,1,1,0,1,1,1,1,0,1,0,0,1,0,1,0,0,0,1,1,1,1,0,0,0,0,0.771566
0,0,1,1,1,0,0,0,1,1,0,0,0,0,1,0,1,1,1,0,1,0,1,1,0,1,0,0,1,1,0,1,0.598688
0,1,1,1,0,0,0,1,0,1,1,1,0,0,0,1,0,1,0,1,1,1,0,1,1,0,1,1,0,0,1,1,0.599141
0,1,1,1,0,1,1,1,1,0,0,0,0,0,0,0,0,1,1,1,0,1,1,1,1,0,0,0,0,1,1,0,0.839209
1,1,1,1,0,1,0,0,0,1,1,0,1,1,1,1,1,1,0,1,1,0,0,1,1,1,1,0,0,1,0,1,0.607156
1,1,1,0,0,1,1,1,1,1,0,0,0,0,1,1,0,0,0,0,0,0,1,0,0,0,0,1,1,0,0,0,0.626178
1,1,1,0,0,1,0,1,0,1,0,0,0,1,0,0,1,0,1,1,1,0,0,0,0,0,0,1,0,1,0,0,0.608991
1,0,1,0,1,0,1,1,0,0,0,0,1,1,1,0,1,1,1,0,0,1,1,1,0,1,0,1,1,1,0,1,0.948765
1,1,1,0,0,1,1,0,1,1,0,1,1,1,1,0,0,1,1,1,0,0,1,1,1,0,0,1,0,0,0,1,0.593085
1,0,1,0,1,0,0,1,1,0,1,1,1,0,1,1,0,0,1,1,0,1,1,0,1,1,0,1,0,1,0,0,0.610699
1,0,0,1,0,1,0,1,1,0,1,0,1,0,1,0,0,0,1,0,0,0,0,0,0,1,1,1,1,1,1,0,0.721210
1,0,0,1,0,1,0,1,0,1,1,0,0,1,0,1,1,0,1,0,1,1,0,1,1,0,1,0,0,1,1,0,0.623891
1,0,0,0,1,1,1,0,0,0,1,0,1,1,0,0,0,0,1,1,0,1,0,0,1,0,0,1,0,0,1,1,0.604216
0,0,1,1,0,0,1,0,1,1,0,1,1,1,1,1,0,1,0,1,1,1,1,0,1,1,0,1,0,0,1,0,0.815639
1,0,0,1,1,1,0,0,0,0,1,0,1,0,0,0,0,1,1,0,0,1,1,0,1,1,1,1,0,1,0,0,0.594366
1,0,1,0,0,0,1,0,1,0,0,1,1,1,0,1,1,0,1,0,0,0,0,1,1,1,0,1,1,1,1,0,0.593185
0,0,1,1,0,1,0,0,0,1,1,0,1,0,1,1,0,0,1,1,1,0,0,0,1,1,0,1,1,0,1,1,0.635148
0,0,1,0,1,0,1,1,0,0,0,0,0,1,1,1,0,1,0,0,1,0,0,1,0,0,0,0,0,1,1,0,0.606076
0,0,0,1,0,0,1,1,0,0,0,1,1,0,0,0,0,1,0,1,0,0,0,1,0,1,1,0,0,0,1,1,0.474759
1,1,1,1,0,1,0,0,1,1,1,0,1,1,1,0,1,0,0,1,1,1,1,1,1,0,0,1,1,1,0,1,0.747669
0,0,0,0,1,1,0,1,1,0,0,0,0,1,1,1,1,1,0,1,1,1,1,1,1,1,1,1,0,1,0,0,0.865015
1,1,0,0,0,0,1,1,1,0,1,0,1,0,1,1,1,1,0,1,0,0,1,0,0,1,0,1,0,1,0,0,0.616001
0,1,0,0,1,0,0,1,0,0,1,1,0,1,0,0,0,0,1,0,0,1,1,1,0,1,1,1,1,1,1,0,0.577506
0,1,1,1,0,0,1,1,1,1,0,0,0,0,0,1,0,1,0,1,0,1,1,1,1,1,0,0,1,1,0,0,0.845214
1,0,1,0,0,1,0,0,1,1,0,1,1,1,0,0,0,0,1,1,0,1,0,1,0,1,0,0,0,0,1,1,0.777471
1,1,1,0,0,0,0,0,0,0,1,0,1,1,0,0,1,0,0,1,0,0,0,1,0,1,0,1,1,1,0,0,0.650426
1,0,0,1,0,1,0,1,1,1,0,1,1,0,1,0,0,1,0,1,1,1,0,0,0,0,0,1,0,0,0,1,0.672915
0,0,0,0,0,0,1,1,1,1,0,0,0,1,1,1,0,0,0,1,0,0,1,0,1,1,0,1,0,0,1,0,0.575169
0,0,1,1,1,1,0,1,1,0,0,1,1,1,1,1,0,1,0,1,1,1,0,0,0,1,0,0,1,0,1,0,0.770963
1,0,1,0,1,0,1,0,0,1,0,1,0,1,0,0,1,1,1,0,0,1,1,0,0,0,0,1,1,1,0,1,0.832173
0,1,1,0,1,0,0,0,0,1,0,1,0,0,1,1,0,0,0,0,0,1,0,1,1,1,0,1,0,0,1,1,0.638214
1,1,0,1,0,1,1,0,1,1,1,1,1,0,0,1,0,1,1,1,0,0,0,1,1,1,1,1,0,1,0,0,0.856773
1,1,1,1,0,0,1,1,0,0,0,0,0,1,0,1,0,0,1,0,0,1,1,0,0,0,1,1,1,1,1,0,0.835741
0,0,0,0,0,1,0,0,0,0,0,1,0,1,0,1,0,0,1,0,1,0,1,0,1,1,0,0,0,1,0,1,0.602633
1,0,1,0,1,1,0,0,1,1,1,0,1,0,0,0,1,0,1,1,1,0,0,1,1,0,1,1,0,0,0,1,0.638541
1,0,1,1,1,1,1,0,0,0,1,0,1,1,0,1,0,1,1,0,0,0,1,1,1,1,1,0,1,1,1,0,0.688519
0,1,0,1,1,0,1,0,1,0,1,0,1,1,1,1,1,0,1,1,1,1,0,0,1,0,0,0,0,0,1,1,0.631078
1,0,0,0,1,0,0,1,1,1,0,0,1,1,1,0,1,1,0,1,1,1,1,1,1,0,1,1,1,1,1,1,0.841646
0,0,1,0,0,0,1,0,1,0,1,0,0,1,1,1,0,0,1,1,1,1,0,0,1,0,0,0,1,0,1,0,0.653542
1,1,0,1,1,1,1,0,0,0,1,1,0,0,0,0,1,0,1,0,1,0,0,1,1,1,0,0,1,0,0,0,0.600975
1,0,0,1,1,1,0,1,0,1,1,0,0,0,0,0,0,1,1,1,0,1,0,0,0,0,1,1,1,1,1,0,0.589869
1,0,1,1,1,0,1,0,0,0,1,1,1,0,0,0,0,0,0,1,0,0,0,0,0,0,1,0,1,0,1,0,0.766415
1,0,1,0,0,1,1,0,1,0,1,0,0,0,1,0,1,0,0,0,0,0,0,0,0,1,0,1,1,1,0,1,0.729050
0,0,1,1,0,0,0,0,0,1,1,0,1,1,1,1,1,0,0,1,0,0,1,0,1,1,1,0,0,1,0,0,0.731286
1,0,1,1,1,1,0,0,0,0,0,1,1,1,0,1,0,0,0,0,1,1,1,0,0,0,1,1,0,0,1,1,0.707591
1,1,1,1,0,1,1,0,0,0,0,1,0,0,0,0,0,0,0,0,1,0,0,1,1,1,1,1,0,1,1,0,0.623414
1,1,0,0,0,1,1,1,0,0,1,0,0,0,1,1,1,0,1,0,1,1,0,0,0,1,1,0,1,0,0,1,0.593437
0,1,0,1,0,0,0,0,1,1,1,1,1,1,1,0,0,0,0,0,1,0,1,0,1,1,1,1,1,0,1,0,0.828856
0,1,1,1,1,0,1,1,1,0,0,0,1,1,1,0,1,1,1,1,0,0,1,0,0,1,1,1,0,0,0,1,0.597055
1,0,0,1,0,0,0,1,0,1,1,1,0,1,1,1,1,1,1,0,1,0,0,1,1,1,1,0,1,1,1,0,0.745232
0,0,0,1,1,0,0,0,0,0,0,1,1,1,0,1,0,0,1,0,1,0,0,1,0,0,1,0,0,0,0,0,0.524763
0,0,0,1,0,0,0,1,1,0,1,0,0,0,0,1,1,1,1,1,0,0,1,1,0,1,1,1,0,1,1,0,0.654095
1,1,1,0,0,1,0,1,1,0,1,0,0,0,0,1,0,1,0,0,0,1,0,0,1,0,0,1,0,0,1,1,0.593613
0,1,0,1,0,1,0,1,1,1,1,1,0,1,1,0,0,0,0,1,0,0,1,1,0,1,1,0,0,0,1,1,0.796367
0,0,0,1,1,1,1,0,0,1,0,0,0,1,0,0,0,1,0,1,0,1,0,0,0,1,0,0,0,1,1,0,0.838882
0,1,1,1,1,1,1,1,1,1,0,0,1,0,1,1,1,0,1,1,0,0,1,1,0,1,1,0,1,0,0,0,0.602332
0,1,1,0,0,1,1,1,1,1,1,1,0,1,0,0,1,0,1,1,0,0,0,1,0,0,0,0,1,0,1,0,0.698294
0,1,1,0,0,0,0,1,0,0,1,1,0,1,0,1,0,1,0,1,0,1,0,1,0,0,1,0,1,1,0,0,0.560771
1,0,1,1,0,1,1,0,1,0,0,0,0,0,0,1,1,0,1,1,1,0,1,0,1,0,1,1,1,1,1,0,0.625675
1,1,1,1,1,0,1,0,1,0,1,0,1,1,1,0,0,0,1,1,1,1,0,0,1,1,0,0,0,0,0,1,0.638742
1,0,0,0,1,1,1,1,1,0,1,0,0,0,0,0,0,0,0,0,1,1,1,1,0,1,0,0,1,1,0,0,0.744453
0,0,1,0,0,1,0,1,1,1,0,0,0,1,0,1,1,0,1,1,1,0,1,0,0,1,1,0,1,0,0,1,0.598110
1,0,1,1,1,1,1,1,0,0,0,1,0,1,0,1,1,1,0,0,1,1,0,1,0,0,1,1,1,1,1,0,0.701586
0,0,0,0,1,0,1,1,0,1,1,0,1,1,1,0,0,0,0,0,1,0,0,0,1,0,1,1,0,1,1,1,0.611026
0,1,0,0,1,1,1,0,1,0,0,1,1,0,0,1,1,1,0,0,1,0,1,1,0,0,1,1,1,1,1,0,0.608538
1,1,0,0,0,1,0,0,0,1,0,1,1,0,1,0,1,0,1,1,0,0,0,0,0,0,0,1,0,1,1,0,0.588487
0,1,0,1,0,1,0,0,1,1,0,1,1,1,1,1,1,0,1,0,0,0,1,1,1,0,1,1,0,1,0,1,0.610473
0,1,0,1,1,1,1,0,0,0,0,0,1,1,0,1,0,1,0,0,1,0,1,1,1,1,1,0,0,0,1,0,0.688997
1,0,1,1,0,0,1,0,1,1,0,1,0,1,0,1,0,1,0,1,1,1,0,1,1,1,0,0,1,0,0,1,0.742694
1,0,0,1,0,0,1,0,1,1,0,1,1,0,0,1,0,1,1,0,1,1,0,1,0,0,0,1,0,1,1,1,0.690228
0,1,1,0,1,0,0,0,1,1,1,0,0,0,1,0,0,1,0,0,0,0,1,1,0,0,0,0,1,0,0,1,0.864663
0,0,0,0,1,0,1,1,1,0,1,1,0,0,1,0,0,1,0,0,0,0,1,0,1,1,0,1,0,0,1,0,0.733347
1,0,1,0,1,0,0,1,0,0,1,0,0,0,0,0,0,1,1,0,1,0,0,0,1,1,1,1,0,1,0,0,0.648667
1,0,0,0,1,0,1,0,0,0,0,0,1,0,1,0,1,0,1,0,1,0,1,0,1,1,1,0,0,0,1,0,0.591502
0,1,1,1,0,0,1,1,1,0,1,0,0,0,0,0,1,1,0,0,1,1,1,1,1,1,0,1,1,0,0,1,0.641104
0,0,0,1,1,0,1,0,1,1,0,1,1,1,1,1,0,1,1,0,0,0,1,1,0,0,1,1,0,0,1,0,0.640827
0,0,0,1,0,1,1,1,0,1,1,0,0,1,0,0,1,0,1,1,0,0,1,0,0,0,1,0,1,1,0,1,0.642460
1,1,1,1,0,0,0,0,0,0,1,1,1,1,0,1,0,1,0,1,1,0,0,0,1,0,0,1,1,1,1,1,0.786165
0,0,1,0,1,1,1,1,1,1,0,1,1,0,0,1,0,1,1,1,0,1,0,1,1,0,1,0,0,0,1,0,0.631982
1,1,1,0,1,1,0,1,1,1,0,0,0,1,0,1,1,1,0,1,0,0,1,1,0,0,0,1,1,0,1,1,0.644898
1,0,0,1,0,0,1,0,0,1,0,1,0,0,0,1,1,0,1,0,0,0,1,1,0,1,0,0,0,1,0,1,0.643667
1,0,0,1,0,1,0,1,0,1,0,0,1,0,1,0,0,1,0,1,0,1,0,0,0,0,0,1,0,0,1,1,0.737066
0,1,0,0,0,1,0,0,0,1,0,1,0,0,0,1,0,0,1,0,1,0,1,1,0,0,0,1,0,0,0,1,0.531698
0,0,1,1,1,0,1,1,0,0,1,0,1,1,1,0,0,0,1,0,1,1,1,1,0,0,0,1,0,1,0,0,0.733146
1,0,1,1,1,1,0,0,0,1,1,1,0,1,1,1,0,1,0,1,1,0,0,1,0,0,1,1,0,1,1,0,0.725331
1,0,0,0,0,0,1,0,0,1,0,1,1,1,1,0,0,0,1,0,1,0,1,0,0,0,0,0,0,1,1,1,0.672739
1,1,1,0,1,1,1,0,0,1,1,1,1,1,1,0,0,1,0,1,1,1,1,1,1,1,1,0,1,1,0,1,0.637309
0,0,1,1,1,0,1,1,0,0,0,0,1,1,0,1,0,0,1,0,1,1,1,1,1,0,0,1,0,1,0,1,0.955223
1,0,0,1,0,0,1,0,0,1,1,1,1,0,1,1,0,1,0,0,0,1,0,1,0,0,0,0,0,1,1,1,0.570294
0,0,0,0,1,1,0,0,1,1,1,1,0,1,0,1,1,0,1,1,0,0,1,0,1,1,1,1,1,0,0,1,0.842727
0,0,1,0,1,1,1,1,0,1,0,0,1,0,0,1,0,1,0,1,1,1,0,0,0,1,0,1,1,0,0,0,0.775863
0,0,0,1,0,1,1,1,1,0,0,0,1,1,0,0,1,1,1,0,1,0,0,1,0,0,1,0,1,1,1,1,0.609418
1,1,0,0,1,0,0,1,0,1,1,0,1,1,1,1,1,0,1,0,1,0,0,0,0,1,0,1,0,0,0,1,0.607307
1,1,1,1,1,1,1,0,1,0,0,1,1,0,0,1,1,0,1,0,1,1,1,0,0,0,0,1,1,0,0,1,0.726487
1,1,0,0,0,0,0,1,1,1,0,1,1,0,0,1,0,0,1,0,1,0,0,1,0,0,1,1,1,1,0,1,0.641305
0,0,1,1,0,0,0,0,1,0,1,0,1,0,0,0,0,1,1,1,1,1,0,0,1,0,0,1,0,1,1,0,0.606227
1,1,1,1,0,1,1,1,1,0,1,1,0,0,1,1,1,1,1,1,1,0,0,1,1,0,1,1,1,1,0,1,0.685956
1,0,1,1,0,1,0,1,0,0,1,1,0,0,0,0,0,1,0,1,1,0,0,1,0,1,0,1,0,1,0,0,0.605674
0,0,0,0,1,1,0,0,0,1,1,1,0,1,1,1,1,1,1,1,0,0,1,1,0,0,1,1,0,0,1,1,0.841269
1,1,0,1,1,1,1,0,1,1,0,1,0,1,1,0,1,0,1,0,1,1,0,0,1,0,0,0,1,0,1,0,0.777295
0,0,0,0,1,1,0,0,0,0,0,0,0,1,0,1,1,1,1,0,0,1,0,1,1,0,1,0,1,1,1,0,0.798050
1,0,1,1,1,0,0,0,1,0,0,1,0,1,1,1,1,0,1,0,1,1,1,0,1,0,0,1,1,0,1,1,0.804734
1,1,0,1,0,0,1,0,1,0,1,0,0,0,1,0,0,1,0,0,1,0,0,0,1,0,1,0,1,1,0,1,0.742267
1,0,1,0,0,0,0,0,1,1,1,0,1,0,0,0,1,0,0,1,1,1,0,0,0,1,1,1,1,0,1,0,0.611378
0,0,0,1,1,1,1,1,1,1,0,1,0,1,1,1,1,1,1,1,0,0,1,1,0,1,1,1,1,0,0,0,0.595799
0,0,1,1,1,0,0,1,1,1,0,1,1,1,1,0,0,0,0,0,1,0,0,1,0,1,1,1,1,0,1,1,0.620273
0,1,0,0,0,1,0,0,0,0,0,1,1,1,1,1,1,0,1,1,0,0,1,1,1,1,0,1,0,0,1,0,0.591125
1,0,1,0,0,1,1,0,1,0,1,1,0,0,1,0,1,1,0,1,1,0,0,0,0,0,0,1,0,1,0,1,0.719803
0,0,0,0,1,0,1,1,0,1,1,1,0,1,1,1,0,1,0,1,1,1,1,1,0,1,0,1,1,1,1,0,0.650979
0,0,1,1,0,1,1,1,1,1,0,1,0,0,1,0,1,1,1,0,0,0,1,1,0,0,1,0,0,0,1,1,0.647863
0,1,0,0,1,0,0,0,0,0,0,1,0,1,1,1,1,1,1,0,1,1,1,1,0,1,0,1,0,0,1,1,0.834334
1,0,0,0,0,0,0,0,1,1,1,1,0,1,1,1,0,1,0,1,1,0,0,1,1,1,1,1,1,0,0,0,0.740960
1,0,0,1,1,1,0,0,0,0,0,1,0,1,1,0,0,1,0,0,1,0,0,0,0,1,0,0,1,0,1,1,0.582808
0,0,1,0,1,1,1,0,0,0,0,0,1,0,0,0,1,1,1,0,1,1,0,1,0,0,0,0,0,1,0,0,0.799558
0,1,0,0,0,0,0,1,1,1,0,1,0,1,0,1,1,1,1,1,0,1,0,0,0,1,0,0,1,0,0,1,0.725959
1,1,0,0,0,0,0,0,0,1,0,1,0,0,0,0,1,1,0,0,1,1,1,1,0,0,0,0,1,0,1,0,0.796819
0,1,0,0,0,1,0,0,1,0,1,0,0,1,0,1,1,1,1,1,0,1,1,0,0,1,0,0,0,0,0,0,0.754102
0,1,1,0,1,0,1,1,0,0,0,0,1,1,1,0,0,0,0,0,0,1,0,1,1,0,1,0,1,1,1,1,0.758097
1,0,0,1,0,1,0,1,1,1,0,1,1,1,0,1,0,1,0,0,0,1,1,0,0,0,0,1,1,1,1,0,0.836646
0,0,0,0,0,0,0,0,0,0,1,1,1,0,1,0,0,0,1,1,0,0,0,1,1,1,0,0,0,0,0,1,0.682313
0,0,0,1,1,1,0,1,0,0,0,1,1,1,1,0,1,0,0,0,0,1,0,0,0,0,1,0,0,1,0,1,0.692816
0,0,0,0,1,1,0,1,0,0,0,1,0,1,1,0,1,1,0,1,0,1,1,0,1,0,1,0,0,1,0,0,0.777270
1,1,0,0,1,0,1,0,0,0,0,0,1,0,0,1,0,1,0,1,0,0,1,1,0,1,0,1,1,1,1,1,0.611026
1,0,1,0,0,0,0,1,1,0,1,0,0,1,0,1,1,0,0,0,0,0,1,1,1,1,0,1,1,1,1,1,0.677011
1,0,1,0,1,0,0,0,1,1,0,1,0,0,1,1,0,1,1,1,1,0,1,1,1,1,1,1,1,1,1,0,0.617232
0,0,0,1,1,0,1,0,0,1,1,0,1,0,0,0,1,1,1,0,0,1,0,1,1,0,1,0,1,1,1,1,0.598990
0,0,0,0,0,1,0,1,0,1,1,1,0,1,1,1,1,1,0,0,0,0,1,0,1,1,1,1,1,0,1,1,0.949494
0,0,1,0,1,1,0,1,1,1,0,0,0,1,0,1,1,0,0,0,0,1,0,0,0,0,1,1,0,1,0,0,0.734553
1,1,0,1,1,1,0,0,0,1,0,1,1,0,0,1,1,0,0,0,0,0,1,1,1,1,1,0,0,0,0,1,0.603638
1,0,0,1,0,0,1,0,0,1,0,0,1,0,0,0,0,1,1,0,0,1,1,0,0,0,1,1,0,1,0,0,0.734854
1,0,0,0,0,0,1,0,0,1,0,1,0,1,0,1,0,1,1,1,0,1,1,1,1,0,0,1,1,1,0,0,0.842048
0,1,0,1,1,1,0,0,1,0,1,1,1,1,0,1,0,0,0,1,1,0,0,1,0,0,0,1,0,0,0,0,0.681860
1,1,1,1,0,1,0,1,0,1,0,1,1,1,0,1,0,0,1,1,1,1,1,0,1,0,1,0,0,0,0,0,0.751966
1,1,0,1,0,1,1,1,1,0,0,1,1,1,0,0,1,1,1,1,0,0,1,0,0,1,0,0,0,0,1,0,0.641129
1,1,1,0,1,1,0,0,1,1,0,0,1,0,1,1,0,1,1,0,0,1,0,1,0,0,1,1,1,1,0,1,0.689223
0,1,0,1,1,0,1,0,0,0,0,1,1,0,0,1,1,1,1,0,0,1,0,0,1,0,0,0,0,0,1,0,0.668518
1,0,0,1,0,1,1,0,1,1,1,0,1,1,0,0,0,1,0,1,0,0,1,0,1,1,1,0,0,0,0,0,0.725356
0,0,1,0,1,1,1,0,1,1,0,0,0,0,0,1,1,0,1,0,0,0,0,0,1,0,1,1,1,0,1,0,0.576425
1,1,1,0,1,1,0,1,1,0,0,1,0,0,1,1,0,0,0,0,0,0,1,0,1,0,0,0,0,1,1,1,0.621755
1,0,0,0,1,1,1,1,1,0,0,1,1,0,0,0,0,0,1,1,1,0,0,1,1,1,0,0,1,0,0,0,0.580546
0,0,0,0,1,1,1,1,1,0,1,0,0,1,0,1,1,1,0,0,0,0,1,0,0,0,0,1,0,0,0,0,0.628866
1,0,0,1,0,0,0,0,0,0,1,1,1,1,1,1,1,1,0,0,0,0,0,0,0,0,0,0,0,1,0,1,0.730055
0,1,1,0,1,1,1,0,0,0,1,1,0,0,0,0,1,1,0,0,1,0,0,0,0,1,1,1,0,0,0,0,0.659949
0,0,1,1,1,0,1,0,1,0,1,0,0,0,0,1,1,1,1,1,0,1,0,1,1,1,0,1,1,1,0,0,0.601628
0,0,0,0,1,0,1,0,1,0,1,0,1,0,0,1,0,1,0,1,1,0,1,1,0,0,1,0,1,0,0,0,0.653290
0,0,1,1,0,1,1,0,0,1,1,0,1,1,0,0,1,1,1,1,1,0,1,1,1,0,1,1,0,0,1,1,0.651758
0,0,1,1,1,1,1,1,1,0,0,1,0,0,0,0,0,1,0,1,0,1,0,1,0,0,0,0,0,0,0,1,0.687615
1,0,1,0,1,0,1,1,0,0,1,0,0,0,0,0,0,0,0,1,0,1,1,1,0,1,0,1,0,0,1,0,0.595296
0,1,1,1,1,1,0,0,1,1,1,0,1,1,0,0,0,0,0,1,1,0,0,0,1,0,1,1,1,0,1,1,0.668191
1,1,0,0,0,0,0,0,1,1,0,1,0,0,1,0,1,0,0,0,0,1,0,0,1,0,1,0,0,0,1,1,0.601578
1,0,0,0,0,0,0,1,1,0,0,1,0,1,0,0,1,0,0,1,1,1,1,1,0,0,1,0,1,0,0,0,0.780436
0,0,0,0,1,1,0,0,0,1,0,1,0,1,1,0,0,0,0,0,1,1,1,0,1,0,0,1,0,1,0,1,0.830867
0,1,0,1,0,0,0,0,0,1,0,0,1,0,1,0,0,0,0,1,1,0,1,1,0,0,1,1,1,1,1,1,0.569138
0,1,1,0,1,1,0,1,0,1,1,0,1,1,0,1,1,1,0,1,1,0,0,0,1,0,0,0,0,1,1,0,0.588738
1,0,1,1,1,1,0,0,1,1,0,1,1,1,0,0,0,0,0,0,0,1,0,0,1,1,1,0,1,0,0,0,0.649647
0,1,1,0,0,0,0,1,1,1,1,1,0,0,1,0,1,0,1,1,0,1,0,1,1,0,0,0,0,0,1,1,0.641355
1,1,1,0,1,1,0,0,0,1,1,1,1,0,1,0,0,1,1,1,1,1,1,0,1,1,1,1,0,0,0,1,0.596980
0,0,1,1,0,0,0,0,1,1,1,0,0,0,1,0,0,0,0,0,1,1,0,1,1,0,0,1,0,1,1,0,0.622559
1,1,1,0,1,0,0,1,1,1,1,1,1,0,0,0,0,1,0,0,1,0,0,1,1,0,1,0,0,1,0,0,0.756565
0,1,1,1,1,0,0,0,1,0,0,0,0,1,1,1,1,0,0,1,0,1,0,1,0,0,1,0,0,0,0,0,0.747192
1,1,0,1,1,0,0,0,1,0,1,0,1,1,1,0,1,1,1,1,0,0,0,1,1,0,1,0,0,0,1,0,0.690354
1,0,0,1,1,1,1,0,0,0,1,1,0,1,1,1,0,1,0,1,0,0,1,1,1,0,1,0,0,1,0,0,0.730005
0,0,1,1,1,1,1,0,1,0,0,1,1,0,1,1,0,0,0,0,0,1,0,0,0,1,1,0,1,0,0,1,0.621881
1,1,1,1,1,1,0,0,1,0,0,1,0,1,1,1,1,0,0,1,1,0,1,0,0,1,1,0,0,0,1,1,0.640877
0,0,0,1,0,0,0,1,0,1,0,1,0,1,1,0,1,0,0,1,0,0,1,0,0,0,0,0,0,1,1,0,0.619620
0,1,1,1,1,0,1,1,1,1,1,0,1,1,0,1,0,0,1,0,0,0,0,0,1,1,0,1,1,0,1,0,0.788100
0,0,0,1,1,1,0,1,1,0,1,1,1,1,1,0,1,0,1,1,1,0,1,0,1,0,0,1,1,1,0,0,0.767696
1,1,1,1,0,1,1,0,1,1,1,1,0,0,1,1,1,0,1,0,1,0,1,1,1,0,1,1,0,1,1,1,0.743272
1,0,0,1,1,0,1,0,1,1,1,0,1,1,0,0,0,0,0,1,0,0,0,1,0,0,0,1,1,0,1,1,0.685454
1,1,0,1,1,0,0,0,1,0,1,0,0,1,0,0,0,1,1,1,1,0,0,1,1,1,0,1,0,1,0,0,0.656507
0,0,1,1,0,1,0,0,0,1,1,1,1,1,1,1,0,0,1,0,1,0,1,1,1,0,0,0,1,1,1,0,0.824384
1,0,0,0,0,0,0,0,0,1,1,0,0,0,0,1,1,1,1,1,0,0,0,0,0,1,0,1,1,1,0,1,0.653014
0,1,1,1,1,1,0,1,1,0,1,0,0,1,1,1,0,0,1,1,1,1,1,0,0,0,1,1,0,1,0,1,0.641078
1,1,0,1,0,1,1,1,1,1,1,1,1,1,0,1,0,0,1,1,0,1,1,1,1,0,1,0,1,0,0,1,0.604292
0,1,0,1,0,0,0,1,0,1,1,1,1,0,1,0,1,1,1,0,1,1,0,1,1,0,1,1,1,0,0,1,0.607684
0,1,1,1,1,1,1,1,0,1,0,0,1,0,1,1,0,0,0,1,0,1,1,1,1,1,0,0,1,1,1,0,0.865316
1,1,1,1,1,1,0,1,0,0,1,0,0,1,0,0,1,0,1,1,1,0,0,0,1,1,1,0,1,0,1,1,0.658944
0,1,0,0,0,1,1,1,0,0,1,1,1,1,0,1,0,1,1,0,0,0,1,1,0,1,1,0,0,0,0,0,0.722693
0,0,1,0,0,0,0,1,1,0,0,1,0,0,1,1,1,1,0,0,0,1,0,0,1,1,0,0,1,1,1,1,0.647913
0,0,0,0,1,0,1,0,0,1,0,0,1,0,1,1,1,0,1,0,0,0,1,1,0,1,1,0,1,0,1,1,0.546297
1,1,1,0,1,0,0,0,0,0,1,1,1,0,0,1,1,0,1,0,1,0,0,1,0,1,1,1,0,0,1,1,0.747946
0,0,0,1,0,1,0,0,1,1,1,1,0,1,0,0,0,0,0,0,1,0,1,1,0,1,0,1,0,0,1,1,0.571350
0,0,1,0,1,0,0,1,1,0,1,1,1,1,1,0,0,1,0,0,0,1,0,1,1,1,1,1,0,1,1,1,0.619519
0,1,1,1,0,0,1,1,0,0,0,0,1,0,0,0,0,0,1,0,0,1,1,0,1,1,0,0,1,0,0,1,0.816192
1,1,0,1,1,1,0,0,0,1,0,1,1,1,1,0,1,0,1,1,0,0,0,0,1,1,1,1,1,1,1,1,0.647184
1,1,0,1,0,1,0,0,0,0,1,0,1,1,1,0,0,1,0,1,0,1,0,0,1,0,0,0,1,0,1,1,0.607031
1,1,1,0,0,1,1,0,1,1,1,1,1,1,0,1,1,1,1,1,0,1,0,0,0,0,0,1,1,0,0,1,0.607960
1,1,0,0,1,1,0,1,1,1,1,1,0,1,0,0,0,1,0,0,1,0,1,0,1,1,0,1,1,0,0,0,0.603236
1,0,0,1,0,0,1,1,1,1,1,1,1,1,0,0,1,0,0,0,1,0,0,1,0,0,1,0,1,1,0,1,0.750735
1,0,0,0,0,1,0,0,1,0,1,1,1,0,0,1,0,0,1,0,1,0,0,1,1,0,0,1,0,1,1,1,0.628238
1,0,1,0,1,0,0,0,0,1,0,1,0,1,0,0,1,1,1,0,1,0,1,1,1,0,0,0,1,1,1,1,0.634646
1,0,1,1,0,1,0,1,1,0,0,1,1,1,0,1,1,1,0,0,1,1,1,0,1,1,1,0,1,1,1,0,0.778124
1,1,1,1,1,1,0,0,0,0,1,1,0,1,1,1,1,0,0,0,1,0,1,0,0,0,1,1,0,1,0,0,0.708345
0,0,1,0,1,0,0,1,1,1,0,1,1,0,0,1,1,1,1,1,0,0,1,1,1,0,0,1,0,0,1,0,0.580672
1,1,1,1,1,0,1,1,0,1,1,1,0,1,0,1,0,0,1,1,0,0,1,0,1,0,0,1,0,0,0,0,0.764203
0,0,0,1,1,1,0,1,0,0,1,1,0,1,1,1,0,1,1,1,0,1,0,0,1,0,1,1,1,1,1,0,0.627510
1,1,0,0,0,1,0,0,0,0,0,0,1,1,1,1,1,1,0,0,0,1,1,1,0,0,0,0,0,0,0,1,0.992311
1,0,0,1,1,1,0,1,0,1,0,1,1,1,1,1,1,1,0,1,1,0,1,1,1,1,0,1,1,0,1,0,0.618112
1,1,0,1,1,0,1,0,0,0,0,1,1,1,0,1,1,0,1,0,0,0,0,1,0,0,1,1,0,1,1,1,0.591351
1,0,0,0,0,1,0,0,1,0,1,0,0,0,1,0,0,0,1,1,1,1,0,0,0,1,1,0,0,1,1,0,0.603337
1,0,1,0,1,1,1,1,1,1,1,1,0,0,1,0,0,0,1,0,0,0,0,1,1,1,1,0,1,0,0,1,0.827851
1,1,0,1,1,1,1,0,0,1,0,1,0,0,1,1,0,1,1,0,1,0,0,1,1,0,1,1,1,1,1,0,0.601628
1,0,1,0,1,0,0,1,0,0,1,0,0,0,1,1,1,1,1,1,0,0,1,0,1,0,0,0,1,1,1,0,0.625650
0,1,0,0,1,1,1,1,0,1,0,0,0,0,0,1,1,1,0,0,1,0,0,1,1,0,1,1,0,1,1,1,0.597030
0,1,0,1,1,1,0,0,1,0,1,0,0,1,0,0,1,1,0,0,1,0,0,1,1,1,1,1,1,0,1,1,0.634118
1,0,1,0,1,1,0,0,0,1,1,1,0,0,0,1,0,1,0,0,0,1,0,0,1,1,0,0,1,1,0,0,0.578838
1,0,0,0,1,1,0,0,0,1,0,1,0,0,0,1,0,0,1,1,0,1,1,1,0,1,1,0,1,0,1,0,0.686559
1,0,0,0,0,0,1,1,0,1,0,0,0,0,0,0,1,0,0,0,1,1,1,0,1,0,1,1,1,0,0,1,0.736664
0,0,1,1,1,0,1,1,0,0,1,1,0,1,1,1,1,0,0,1,1,0,0,0,1,1,0,0,0,0,1,0,0.841420
0,1,0,1,0,1,0,1,1,1,1,0,1,0,0,1,0,0,1,1,0,0,1,1,0,1,0,0,0,1,1,1,0.630022
1,0,0,1,0,1,0,1,0,0,1,1,0,0,1,0,1,0,1,1,0,1,1,0,0,1,1,0,0,0,0,1,0.584039
1,1,1,1,1,1,1,0,1,0,0,1,1,1,0,1,1,0,0,1,1,0,1,0,1,1,0,0,1,1,0,1,0.618815
0,0,0,1,0,1,1,0,1,0,1,0,0,0,1,1,1,1,0,0,1,0,0,0,0,1,0,0,0,0,0,0,0.573913
0,0,1,0,1,0,0,0,0,1,0,1,0,0,0,1,1,0,1,0,1,1,1,1,0,1,1,0,0,0,0,0,0.687012
1,0,0,1,1,1,1,1,1,1,1,1,1,1,1,1,0,0,1,1,1,1,0,1,1,0,0,0,1,0,0,1,0.640877
1,1,0,1,1,0,1,1,1,0,1,1,0,1,0,1,0,0,1,0,1,1,1,1,0,1,0,0,0,0,1,0,0.669623
1,0,0,1,1,1,0,0,1,0,1,1,1,1,0,0,0,1,1,1,0,0,0,0,0,1,1,0,1,1,0,0,0.745659
1,0,0,0,1,0,1,0,0,0,0,1,1,0,1,0,1,0,0,1,1,0,0,1,1,0,0,0,0,0,1,1,0.584215
1,0,0,1,0,1,1,0,1,0,0,0,1,1,1,0,1,1,0,1,1,1,0,0,0,1,0,0,0,1,1,0,0.874664
0,1,1,0,1,1,1,1,0,0,1,0,1,0,0,1,0,1,1,0,0,0,1,0,1,1,0,0,0,0,0,1,0.587657
0,1,1,1,1,0,1,0,1,0,0,1,0,1,1,1,1,0,1,1,1,0,1,1,0,1,0,1,1,0,0,0,0.641782
1,1,0,0,1,0,0,1,0,1,1,0,1,0,1,0,0,0,0,0,1,0,0,0,1,1,0,0,0,1,0,1,0.615750
0,0,1,1,0,1,0,1,1,0,0,1,0,0,1,0,1,1,0,1,0,1,0,0,1,0,1,1,1,1,1,0,0.604242
1,0,0,1,1,0,1,1,1,0,0,0,0,0,1,1,1,1,1,0,1,0,1,0,0,1,1,0,0,1,1,0,0.588411
0,0,0,0,1,0,1,1,1,1,1,1,0,0,0,0,0,0,0,0,0,0,1,1,1,0,0,1,1,0,0,1,0.674021
0,0,1,1,0,1,0,1,1,1,1,0,0,1,1,1,1,1,1,0,0,1,0,0,0,1,0,1,0,1,1,0,0.637711
1,1,1,0,0,0,0,0,1,1,0,1,0,1,0,0,0,0,0,1,0,1,0,1,1,0,0,0,0,0,1,0,0.741589
1,0,0,1,0,0,1,0,0,0,0,0,1,0,1,1,0,1,0,1,1,1,0,1,0,1,1,1,0,1,1,1,0.714526
0,0,1,0,0,1,1,1,0,0,0,1,0,0,1,1,1,1,1,0,0,1,1,1,0,1,1,1,0,1,0,0,0.681735
1,0,0,0,0,0,1,1,1,1,1,0,1,0,1,1,0,0,0,1,1,1,0,0,1,0,1,1,0,1,1,1,0.577933
0,1,0,1,1,1,1,0,0,0,0,0,0,0,1,1,1,0,0,0,0,0,1,0,1,1,1,1,1,1,0,1,0.603010
1,0,1,1,0,0,1,0,0,0,1,0,0,0,0,0,1,0,0,1,0,1,0,1,1,1,1,1,0,1,1,0,0.609192
1,0,0,0,1,0,0,1,1,0,0,1,0,1,1,1,0,0,1,1,1,0,1,1,1,0,0,1,0,0,1,1,0.608915
0,0,0,1,1,1,1,1,1,0,0,0,1,1,1,1,1,1,0,0,0,1,1,0,1,0,0,1,1,1,0,1,0.947860
0,1,0,0,1,1,1,1,0,1,0,1,0,0,1,1,0,1,0,0,0,1,0,1,0,1,0,0,1,1,1,0,0.711360
0,1,1,0,0,1,0,1,1,1,0,0,0,1,0,0,0,0,0,0,1,0,1,1,1,0,1,1,1,0,1,0,0.604744
1,0,0,1,0,0,0,1,0,0,0,1,1,0,0,1,0,0,1,1,0,0,1,1,0,1,0,0,0,0,0,0,0.625349
1,0,1,1,0,0,1,0,1,0,0,0,0,0,1,0,0,1,1,1,0,1,0,0,1,1,0,0,0,1,0,0,0.717089
1,1,0,1,1,0,1,1,1,0,0,0,1,1,0,1,1,1,1,0,1,1,1,0,0,0,0,0,0,0,1,0,0.991406
1,0,1,1,1,0,0,1,0,1,1,0,0,1,1,0,0,1,1,0,0,1,0,1,1,0,0,0,1,1,1,0,0.644521
1,0,1,1,0,1,1,0,1,0,1,1,1,1,1,0,1,1,0,0,0,0,0,0,0,0,1,1,0,1,1,0,0.749202
0,1,0,0,1,1,0,0,1,1,0,1,1,0,1,1,1,1,1,0,1,0,1,1,1,1,1,1,1,1,0,1,0.595949
0,1,1,1,0,1,0,0,1,1,1,0,1,0,1,1,1,0,1,0,1,1,1,1,1,0,1,1,1,1,1,1,0.582305
0,1,0,0,1,1,1,1,0,1,0,0,1,1,0,0,0,1,1,0,1,0,1,0,1,0,1,0,1,0,1,0,0.645250
0,1,0,0,1,0,1,1,1,0,0,1,0,0,0,1,1,1,0,0,0,0,0,1,1,0,1,1,0,0,1,0,0.572908
1,1,1,0,0,1,1,0,1,0,0,1,0,0,0,1,0,0,1,0,0,1,0,1,0,0,0,0,1,0,1,0,0.691710
0,0,1,0,0,0,1,1,0,0,1,0,1,0,1,1,0,1,1,0,1,1,1,1,1,0,1,1,0,1,0,1,0.632460
1,1,1,1,1,0,1,0,0,0,0,0,1,0,1,0,1,0,0,1,1,1,1,1,1,0,1,0,0,1,1,1,0.765485
1,1,1,0,1,1,1,1,0,1,0,1,0,0,0,0,1,0,0,0,0,1,0,1,0,1,0,1,1,0,1,1,0.683016
1,0,1,0,0,1,0,1,0,1,1,1,0,1,0,1,1,1,1,0,1,0,0,0,0,0,0,0,0,0,1,1,0.712818
1,1,1,0,1,0,0,1,1,0,0,1,1,0,1,1,0,0,0,0,0,1,0,0,0,0,1,1,0,0,0,1,0.594919
0,1,0,1,1,1,1,0,0,1,1,0,0,1,1,1,1,1,0,0,1,0,1,1,0,1,1,0,1,1,0,1,0.756539
1,1,1,1,1,1,0,1,1,0,1,1,1,0,0,1,1,0,0,1,0,0,0,1,0,0,1,1,1,0,1,1,0.694927
0,1,1,1,1,1,0,1,0,0,1,0,0,1,1,1,1,0,1,1,0,0,1,0,0,0,0,1,0,1,0,0,0.598211
1,0,0,1,0,1,1,1,1,1,1,1,1,0,0,0,1,1,1,1,0,1,0,1,1,1,1,0,0,0,0,1,0.588637
0,1,0,1,1,0,1,1,0,0,1,1,1,1,0,1,1,1,0,0,0,1,0,1,1,1,1,0,1,1,0,1,0.605473
0,0,1,1,0,0,1,1,1,1,1,1,0,1,1,0,1,0,0,0,1,0,1,0,0,1,1,0,0,0,1,0,0.854110
0,0,0,0,0,0,1,1,0,0,0,1,1,0,0,1,0,1,0,0,0,0,1,0,1,0,0,0,0,1,1,1,0.515868
0,1,0,0,0,0,1,1,0,1,1,1,0,1,1,0,1,0,0,0,0,1,1,1,1,0,1,0,1,0,0,0,0.579642
0,1,1,0,0,1,0,1,1,0,0,1,0,1,1,0,1,1,0,1,0,0,0,1,1,0,0,0,1,1,1,1,0.580546
0,0,1,1,1,1,0,0,1,0,0,1,1,1,1,0,1,0,1,1,0,1,1,0,0,0,1,0,1,1,1,1,0.771013
0,0,1,1,0,0,0,1,1,0,0,0,0,0,0,1,0,1,1,1,1,1,0,1,0,0,0,0,1,1,1,0,0.754579
0,1,0,1,1,0,1,0,1,1,0,0,0,1,0,1,0,0,0,1,1,0,1,0,0,1,0,1,1,0,0,1,0.640149
1,1,1,0,1,1,1,0,1,1,1,0,1,1,1,0,1,1,0,0,1,0,0,1,1,1,1,0,0,0,1,0,0.651180
1,1,0,0,0,0,1,0,0,0,0,0,1,0,0,1,1,1,0,1,1,1,1,1,1,1,0,1,0,0,0,0,0.833379
1,0,0,0,0,1,0,1,1,0,0,1,0,0,0,0,0,1,0,0,1,1,1,1,0,1,0,1,1,0,0,1,0.807599
0,1,1,1,0,0,0,1,1,1,1,0,1,0,0,0,0,1,1,0,1,0,1,1,1,0,0,1,1,1,0,1,0.637812
0,0,1,1,0,0,0,0,1,1,0,1,0,1,1,0,0,1,1,1,0,0,0,0,1,1,1,1,0,0,0,0,0.676734
1,0,0,1,0,1,0,0,0,0,0,0,1,1,1,1,1,1,1,0,1,0,1,0,1,0,1,1,0,0,0,1,0.612081
0,0,0,1,0,0,0,1,1,1,1,1,0,0,1,0,1,0,0,0,1,0,1,1,0,0,0,0,0,0,0,1,0.641104
1,1,0,1,1,0,0,1,1,1,1,0,1,0,0,1,0,0,1,0,1,0,1,1,1,0,1,0,0,0,1,1,0.678669
1,1,0,0,0,0,1,0,0,1,0,1,1,1,0,0,0,0,0,1,0,0,1,0,1,1,0,1,1,1,0,1,0.585798
1,1,1,0,0,1,0,0,0,0,1,0,1,0,0,1,0,0,0,0,0,0,0,0,0,0,1,1,1,1,1,0,0.720883
0,0,1,1,1,0,0,0,1,1,0,1,1,1,1,0,0,1,0,0,0,0,0,0,0,1,0,0,0,1,1,0,0.584039
1,0,1,1,0,1,0,0,1,1,1,1,0,1,1,1,1,0,0,1,0,0,1,0,0,0,1,1,0,1,1,0,0.811795
1,1,1,1,0,1,1,0,0,1,1,1,0,1,1,1,1,1,0,1,1,0,1,1,0,1,1,0,0,1,0,1,0.724024
0,0,1,1,0,0,1,1,1,1,1,1,0,1,1,1,1,0,0,0,1,0,1,1,0,0,0,0,0,1,0,1,0.721813
1,0,0,0,0,0,0,0,1,0,0,1,1,1,0,1,0,0,0,1,1,1,0,1,1,1,1,0,0,1,0,1,0.710355
1,1,1,1,0,1,1,1,1,1,1,0,0,0,1,0,0,1,0,1,0,1,0,1,1,0,0,1,1,1,1,0,0.600623
0,1,1,1,0,0,1,1,0,1,1,1,1,1,1,1,1,0,1,0,0,1,1,0,0,1,1,0,0,0,1,1,0.628615
1,0,1,0,1,1,1,1,0,0,0,0,1,0,1,0,1,0,1,1,0,1,1,1,1,1,0,1,0,1,1,0,0.822072
1,1,1,0,0,0,1,1,1,0,1,1,1,0,1,1,0,1,1,1,0,0,1,1,0,1,1,0,0,0,1,1,0.748448
1,1,1,0,1,1,0,1,1,1,1,1,1,1,0,1,1,0,1,1,0,1,1,0,0,0,0,0,0,0,0,0,0.624670
0,0,0,1,0,1,1,1,0,0,0,0,0,1,1,0,1,1,0,0,0,1,0,0,1,1,0,1,1,0,1,1,0.825087
0,1,1,1,1,0,1,0,1,1,1,1,0,1,1,0,1,1,1,1,0,1,1,0,0,1,0,1,0,1,0,1,0.608664
1,0,0,1,0,1,1,0,0,1,1,0,0,1,0,0,0,1,0,0,0,1,0,1,1,0,0,1,1,1,0,1,0.665151
1,0,0,0,0,1,0,0,1,0,0,0,1,0,1,1,0,0,1,0,1,1,0,0,0,1,1,0,0,0,1,0,0.696083
1,1,0,0,0,1,0,0,1,1,0,0,1,1,1,1,1,1,0,0,0,1,1,1,0,0,1,1,0,1,0,1,0.857979
1,0,1,1,1,0,0,0,1,0,1,0,1,0,0,1,1,0,1,1,0,0,1,0,0,0,1,1,1,1,1,0,0.693369
0,0,0,0,1,1,1,0,1,1,0,1,0,1,1,0,0,1,1,1,0,1,1,1,0,1,0,1,1,1,1,1,0.857175
1,0,0,0,0,1,1,1,0,0,0,0,1,1,1,1,1,1,1,1,0,1,1,1,1,0,1,0,0,1,1,1,0.896374
1,0,0,1,0,1,1,0,1,0,1,0,0,0,0,0,0,0,0,1,1,1,1,1,0,0,0,0,1,0,1,0,0.644546
1,1,0,1,1,0,0,1,1,1,1,0,0,0,1,1,0,1,0,0,1,0,0,0,1,0,0,0,0,1,1,0,0.645501
0,1,1,1,1,1,1,1,0,0,0,1,0,1,0,1,0,1,0,1,0,1,0,0,0,1,1,0,0,0,0,1,0.668970
0,1,0,0,0,0,1,0,1,0,1,0,0,1,0,1,0,0,1,1,1,0,1,0,0,0,1,0,0,0,0,1,0.617484
0,0,0,0,1,0,0,1,0,0,1,0,1,0,0,1,1,0,1,1,0,1,1,0,0,1,0,0,1,0,1,1,0.600774
1,1,0,0,1,0,0,1,0,0,1,1,1,0,1,1,0,1,1,0,0,1,0,1,0,1,0,1,0,0,0,0,0.595020
1,0,1,0,0,1,1,0,0,1,0,1,1,1,1,0,1,1,1,1,0,0,0,1,0,1,1,0,0,1,0,0,0.597030
1,1,0,1,0,0,0,0,0,0,1,1,1,0,1,1,0,1,0,0,0,0,1,1,0,0,0,0,0,0,1,1,0.623288
1,1,0,0,1,0,0,0,1,1,0,1,1,0,1,1,0,1,1,1,1,1,1,1,1,0,0,0,0,1,0,1,0.772495
1,1,1,1,1,0,1,0,0,0,1,0,1,0,0,1,0,0,1,1,1,0,0,1,0,1,0,1,1,1,1,1,0.630676
0,0,1,0,0,1,1,0,0,0,0,0,0,0,1,0,0,1,0,1,0,1,1,1,1,1,1,0,0,1,1,1,0.765435
1,1,0,0,1,0,1,1,1,1,1,1,0,1,1,0,0,0,0,1,1,0,1,1,1,1,1,1,0,0,1,1,0.770912
0,1,0,0,1,1,1,1,1,0,1,0,1,0,0,1,1,0,1,1,1,0,1,1,1,0,1,0,1,1,0,1,0.634495
0,0,0,0,0,0,0,1,0,1,1,0,1,0,1,1,1,1,0,0,0,1,1,0,1,0,1,1,1,0,1,1,0.597708
0,1,0,1,1,1,1,0,1,1,0,0,0,1,1,1,1,1,0,1,1,1,1,0,1,1,0,1,1,0,1,0,0.947860
0,0,1,1,0,1,1,0,1,0,0,1,0,0,0,0,1,1,1,1,1,0,0,1,1,1,1,1,1,0,0,0,0.608614
0,1,0,0,0,1,1,0,1,1,0,1,0,1,0,0,0,0,0,1,0,1,1,0,0,1,1,0,0,1,1,1,0.775787
0,1,0,0,1,1,1,0,0,0,0,1,1,1,1,0,0,1,1,1,1,0,0,0,0,0,0,1,0,0,1,0,0.589718
0,0,1,0,0,1,0,1,1,0,1,1,0,0,1,0,1,1,1,1,0,0,1,0,0,1,0,0,0,0,0,1,0.606679
0,1,0,0,0,0,1,1,0,1,1,1,1,1,0,1,1,0,1,0,1,1,0,1,0,0,1,1,0,0,1,1,0.616655
0,0,1,1,1,0,1,0,0,1,0,0,1,1,0,1,0,0,0,0,1,0,1,0,0,0,1,1,0,1,0,1,0.555519
0,0,1,1,0,0,0,1,0,1,0,0,0,1,1,0,0,0,1,0,1,1,0,1,0,0,1,1,0,1,0,0,0.757494
1,1,0,1,1,0,1,0,1,1,1,0,0,1,0,1,1,0,0,0,1,1,1,0,0,1,1,1,0,1,0,1,0.626178
0,0,0,1,0,1,0,1,0,1,1,0,1,1,1,0,0,1,0,1,1,1,1,0,0,1,1,0,0,1,0,1,0.688042
1,1,1,0,0,0,0,1,1,1,1,1,1,0,1,1,0,1,0,0,0,0,0,0,0,0,0,1,1,0,1,0,0.744730
1,0,0,0,1,1,0,0,1,0,1,1,1,0,0,0,1,0,1,1,0,1,1,1,0,1,0,0,0,1,1,0,0.602457
1,0,0,1,1,0,0,1,0,1,0,0,0,1,0,0,0,0,0,1,0,1,0,1,1,0,1,0,1,0,1,0,0.727065
0,1,1,1,0,0,1,1,0,0,1,1,1,0,1,0,1,0,1,0,1,0,0,0,0,1,1,1,1,0,1,0,0.741940
1,1,0,0,0,0,1,1,1,1,1,0,1,0,1,0,1,1,1,1,0,0,0,0,0,0,0,0,1,1,1,1,0.712265
0,0,1,0,0,1,0,0,0,0,1,1,0,0,1,1,1,0,0,0,1,0,0,0,1,0,0,0,0,1,1,0,0.642058
0,1,1,1,1,0,0,1,0,1,0,1,0,0,0,1,0,0,1,0,1,0,0,1,1,1,0,1,1,1,1,0,0.593336
1,1,0,1,0,0,0,0,1,1,1,1,0,1,0,0,0,0,1,1,0,0,0,0,1,1,0,0,0,1,1,0,0.738322
1,1,0,1,0,0,1,1,0,1,1,0,1,1,0,1,1,0,1,0,1,0,1,0,0,1,1,1,1,1,0,1,0.664321
0,1,0,0,1,1,1,1,0,0,1,0,1,0,0,1,0,0,0,1,0,1,1,0,1,0,0,1,0,0,1,0,0.609016
0,1,1,0,0,1,1,1,1,1,0,1,1,1,0,1,1,0,0,0,1,1,0,0,0,1,1,0,1,1,0,0,0.695078
0,1,0,0,1,1,0,0,0,1,1,0,0,0,1,0,1,1,0,1,0,0,1,0,0,0,1,1,0,0,0,1,0.902103
1,0,0,1,1,0,0,1,1,0,0,1,0,1,0,1,1,0,0,1,1,1,1,0,0,0,1,1,1,0,1,0,0.701988
0,1,0,0,1,0,1,1,1,0,0,1,0,0,0,0,0,1,0,1,0,1,0,1,0,0,0,0,1,0,1,0,0.678292
0,0,0,0,0,1,1,0,0,0,1,0,1,0,0,0,0,1,0,1,0,0,0,1,1,1,1,0,1,1,1,1,0.640626
1,1,1,1,1,1,0,1,0,0,0,0,1,1,0,0,0,0,1,1,0,0,0,1,1,1,1,0,0,1,0,1,0.638892
0,1,1,0,1,1,0,0,1,0,0,0,0,1,1,0,0,1,1,0,0,0,1,1,0,1,0,1,1,0,1,0,0.622710
1,0,0,1,0,0,1,1,1,0,1,1,1,0,0,0,0,1,0,0,0,0,0,0,1,1,0,0,1,0,1,1,0.769656
1,0,1,1,1,1,1,0,1,0,1,0,0,1,0,1,0,0,1,1,0,0,0,0,1,1,1,0,1,0,0,1,0.908787
1,1,1,1,1,1,1,1,1,0,0,0,1,1,1,1,1,1,1,0,0,1,0,1,0,1,0,1,1,1,1,1,0.846973
1,0,0,0,0,0,1,1,1,0,0,1,0,1,1,1,0,0,1,1,1,0,1,1,0,0,0,1,0,0,1,0,0.577355
1,1,1,0,1,0,1,0,1,1,0,1,1,0,0,0,1,0,0,0,1,1,1,1,1,1,0,0,0,0,1,1,0.784582
0,0,0,1,1,0,1,1,1,0,0,0,0,1,1,0,0,1,0,1,0,1,1,0,1,0,1,1,1,0,1,1,0.789758
0,0,1,0,0,0,1,0,1,0,1,0,1,0,0,1,1,0,0,0,0,1,1,1,0,1,1,0,0,1,1,1,0.602382
0,0,1,0,0,0,1,0,1,0,1,0,0,1,0,0,1,0,0,0,0,1,1,0,0,0,1,1,0,1,1,1,0.578008
1,1,0,1,1,0,1,1,0,1,0,0,0,0,0,0,1,1,1,0,1,0,1,1,1,0,1,1,0,1,1,0,0.605196
1,1,0,0,0,0,1,0,0,1,0,0,0,1,1,0,1,0,0,1,1,1,0,0,0,1,0,0,0,1,0,1,0.834837
0,1,0,1,0,1,0,1,1,0,1,0,1,0,1,1,1,0,0,1,1,0,1,1,1,1,1,0,0,1,0,1,0.654371
1,1,1,1,0,0,0,1,0,0,0,1,0,1,1,0,1,0,1,1,0,0,0,1,1,1,0,1,1,1,0,0,0.577305
0,0,1,0,0,1,1,1,0,1,0,1,0,0,0,0,0,1,0,0,0,1,1,1,0,0,1,0,0,0,0,0,0.703395
1,0,0,1,1,1,0,1,0,0,0,0,0,0,0,0,1,0,0,0,1,0,1,0,0,1,0,1,0,0,0,1,0.619645
0,1,1,0,0,0,0,1,1,1,0,0,0,0,0,1,1,1,1,1,0,1,0,0,1,0,1,1,0,1,1,1,0.654924
1,1,1,1,1,1,0,1,1,0,0,0,1,1,1,1,0,0,1,1,0,0,1,0,1,0,1,1,1,1,0,0,0.622610
1,1,1,1,0,1,0,1,1,1,0,0,1,1,0,0,1,1,1,1,0,0,1,1,1,0,1,0,0,1,1,1,0.657839
0,1,0,0,1,1,1,0,0,1,1,1,1,1,0,0,0,1,1,1,1,1,0,0,0,0,1,1,1,0,1,1,0.607634
0,1,1,0,0,1,1,1,0,0,0,1,1,1,0,1,1,0,1,0,0,0,1,1,0,0,1,1,0,1,0,0,0.582129
1,1,0,1,0,1,1,0,0,1,0,1,0,1,0,0,0,0,0,1,0,0,1,1,0,1,0,0,0,0,1,1,0.606101
0,0,1,1,0,1,1,0,0,0,1,1,0,1,0,1,1,0,0,1,1,1,0,1,1,1,1,1,1,0,1,0,0.625022
0,0,1,0,0,1,1,1,1,0,1,0,1,1,0,0,1,0,1,1,1,1,1,1,1,1,1,0,0,0,0,0,0.677262
1,0,0,1,0,0,0,1,1,1,0,1,0,1,1,1,0,1,0,0,0,1,0,1,0,0,1,1,0,1,0,0,0.658592
1,0,1,0,1,1,1,0,1,0,1,0,1,0,1,1,0,1,1,1,1,1,0,1,1,0,1,0,1,0,0,1,0.597658
0,0,0,1,1,0,1,0,1,0,1,0,1,0,0,0,1,0,1,1,0,0,1,1,1,0,0,0,1,1,0,1,0.654446
0,1,0,0,1,0,0,1,0,1,0,1,1,1,0,1,0,1,0,0,1,0,0,0,0,0,1,0,0,1,0,0,0.593562
0,0,1,1,1,0,1,0,1,1,1,0,0,1,1,0,0,1,0,1,0,0,1,1,1,0,0,1,1,1,0,0,0.662839
0,0,1,0,1,1,0,1,0,1,0,0,0,1,0,1,1,1,1,0,0,0,0,1,1,1,0,0,1,0,1,1,0.733271
1,1,0,0,0,0,1,1,1,1,0,1,1,0,1,1,0,1,1,1,1,1,1,0,0,0,0,0,0,0,0,1,0.746865
0,1,0,1,1,1,1,1,1,0,1,1,1,1,0,0,0,1,0,0,0,1,1,1,0,1,1,1,0,1,0,0,0.578034
0,0,1,0,0,0,1,1,1,0,1,1,0,0,0,0,0,0,0,0,0,1,1,0,0,0,1,0,1,0,0,0,0.595673
0,0,0,0,1,0,0,1,0,0,1,0,1,0,0,0,1,0,1,1,1,0,1,1,0,0,1,1,0,0,0,0,0.626706
0,0,0,0,0,1,0,1,1,1,0,0,0,0,0,0,1,0,1,1,0,0,0,0,1,1,0,1,1,0,1,0,0.539739
0,1,1,0,1,1,0,0,0,0,0,1,0,1,0,0,0,1,1,1,0,1,0,1,0,1,0,1,1,0,0,0,0.754102
0,0,0,1,1,0,1,1,0,0,0,0,1,0,1,1,1,1,0,0,1,1,1,1,1,1,0,0,1,1,0,0,0.861799
0,0,0,0,0,0,0,0,0,1,1,0,1,1,0,1,1,0,1,0,1,0,1,1,0,0,1,0,1,1,0,0,0.653416
0,0,1,1,0,0,0,0,0,1,0,0,1,1,0,0,1,1,1,0,0,0,1,0,0,0,1,1,1,0,1,1,0.610925
1,0,1,1,1,1,1,0,1,1,0,1,0,0,1,1,1,0,1,0,0,0,0,1,1,0,0,1,1,1,0,0,0.659371
0,1,0,0,0,0,1,0,1,1,0,1,1,1,1,0,0,1,0,0,1,1,0,0,0,0,1,1,1,0,0,1,0.671684
0,0,0,0,0,0,0,1,1,0,0,1,0,1,0,0,1,0,0,0,1,0,1,0,1,1,1,1,0,0,0,0,0.541146
0,1,0,0,1,1,1,0,0,0,0,0,0,0,0,1,0,1,0,0,0,1,1,1,0,0,0,0,0,0,0,0,0.856271
1,0,0,0,1,1,1,0,1,0,0,1,0,1,0,1,0,0,0,1,1,1,1,0,1,0,0,0,1,1,0,1,0.868834
0,1,1,1,0,1,0,0,0,0,0,0,0,1,0,1,0,0,0,1,1,0,1,1,0,1,1,1,1,0,0,0,0.577707
1,1,0,0,1,0,0,1,0,1,0,1,1,0,1,1,0,0,1,0,0,1,1,1,0,1,0,0,0,1,1,1,0.771767
0,1,1,0,0,1,0,0,1,1,0,1,0,0,0,0,0,0,0,1,0,1,0,0,1,0,0,0,1,0,1,1,0.669573
1,1,1,0,0,0,1,1,0,0,1,0,1,0,1,0,1,1,0,0,1,0,1,0,1,1,0,0,0,0,0,0,0.586300
1,1,1,1,0,0,0,1,1,1,0,1,0,0,1,1,0,0,0,1,1,0,0,1,0,1,1,1,1,1,1,1,0.626002
1,1,0,1,1,1,1,0,0,0,1,1,0,0,0,0,0,1,0,1,0,1,1,1,0,0,1,1,0,1,0,0,0.573209
1,1,1,1,0,1,0,1,1,0,0,0,0,0,1,0,0,0,1,0,1,1,0,0,0,1,1,1,1,0,1,0,0.651657
0,1,0,0,0,1,0,1,1,1,1,0,1,0,1,0,1,1,0,1,0,1,0,1,1,1,1,0,0,1,0,1,0.605850
1,1,1,1,1,0,0,0,1,1,0,1,1,1,0,1,1,0,1,1,0,1,1,1,0,0,1,0,0,1,1,0,0.803277
1,1,0,1,0,1,0,0,0,0,0,0,0,0,1,1,1,1,1,1,0,0,0,0,1,0,1,1,0,1,0,1,0.592909
0,1,1,0,1,1,1,0,0,0,1,1,1,1,1,0,0,0,1,1,1,1,0,0,0,0,1,1,1,1,1,1,0.599216
1,1,1,0,1,0,0,0,0,0,1,1,1,1,0,0,0,0,1,0,0,0,1,0,1,0,0,0,1,0,0,1,0.823605
1,0,0,1,1,1,1,1,1,0,1,1,1,1,0,0,1,0,1,1,1,1,1,0,1,0,0,1,1,0,0,0,0.595824
1,1,1,1,0,1,1,1,1,0,1,0,1,1,1,0,0,0,1,0,1,1,0,1,1,1,0,0,1,1,1,0,0.680730
1,1,0,1,0,1,1,1,0,0,1,0,1,0,1,1,1,1,0,0,1,0,0,0,0,1,1,1,1,1,0,1,0.606227
0,0,0,0,1,1,1,0,0,1,0,1,1,1,1,0,0,0,1,0,1,0,0,1,0,1,1,1,1,0,1,0,0.559087
0,0,0,1,1,0,0,1,0,0,0,0,0,1,1,1,1,0,0,1,1,1,0,1,1,1,1,1,1,0,1,1,0.769480
1,1,0,0,0,0,1,0,0,0,1,1,1,1,0,0,1,0,0,1,1,1,0,1,0,1,0,0,0,1,1,1,0.659723
0,0,1,0,1,1,0,0,0,0,0,0,1,0,1,0,0,1,1,0,0,1,0,0,1,0,1,1,0,0,1,1,0.646456
1,0,0,1,1,0,1,0,1,0,0,0,0,1,1,1,0,1,0,0,1,1,1,1,0,0,0,0,0,0,0,1,0.989371
1,0,1,1,0,1,1,1,0,1,1,1,0,0,0,0,0,1,1,0,0,0,1,1,0,0,1,0,1,0,0,1,0.743549
0,0,1,0,1,0,0,1,1,1,1,0,0,0,0,1,1,0,0,1,0,1,1,0,0,0,0,0,0,0,1,1,0.595472
1,1,0,0,1,1,1,0,1,0,1,1,1,0,0,1,0,0,0,0,1,1,0,1,0,1,1,1,0,1,0,0,0.617107
0,1,0,1,1,0,1,1,0,0,0,0,0,0,1,1,0,0,0,1,1,1,1,0,0,0,1,1,0,1,1,1,0.742971
1,0,1,1,1,0,1,1,0,1,0,0,0,1,1,1,0,0,0,1,0,1,0,0,0,0,0,1,0,1,0,0,0.793050
0,0,1,1,0,1,0,0,1,0,0,1,1,0,1,1,1,0,1,1,1,1,1,0,1,1,0,0,0,1,1,0,0.762947
1,1,1,1,1,0,0,0,0,1,1,0,1,1,0,0,1,0,0,0,0,1,1,1,0,1,1,1,0,0,0,1,0.610322
0,0,0,0,1,0,0,0,0,1,1,1,0,1,0,1,0,1,1,1,0,1,1,1,1,1,1,1,1,0,0,1,0.611177
1,1,0,0,0,0,0,1,1,1,1,0,1,1,0,1,0,1,0,0,0,1,1,1,0,1,1,1,1,1,1,1,0.668091
1,1,1,0,1,0,0,1,1,0,0,0,0,1,1,1,1,1,0,1,1,0,0,0,1,1,1,0,0,0,0,1,0.588838
1,1,0,0,1,1,0,1,0,0,1,0,0,0,1,1,0,1,1,0,1,1,1,1,1,0,0,0,0,1,1,0,0.698595
0,0,0,0,1,1,0,0,1,1,0,1,1,1,1,1,1,1,0,0,0,1,0,0,1,1,1,0,0,1,1,0,0.676935
1,1,0,0,1,0,0,1,1,1,1,0,1,1,1,1,1,0,0,0,0,1,0,1,0,0,1,0,1,0,1,1,0.567455
0,1,1,1,0,1,1,0,1,1,0,0,1,1,1,1,1,0,0,1,1,1,0,1,1,0,0,0,0,0,0,1,0.855542
0,0,1,0,0,0,1,0,0,0,1,0,0,0,1,0,0,1,1,1,0,0,0,1,1,1,1,0,1,1,1,1,0.703043
0,1,0,1,1,1,0,0,1,1,0,1,1,0,1,1,1,1,0,1,1,1,1,1,1,0,0,1,0,1,1,1,0.778149
0,0,0,1,1,1,1,1,1,1,0,0,1,1,0,1,1,1,1,0,1,0,1,1,0,0,0,0,0,1,0,0,0.721863
