1,0,0,1,1,0,0,0,0,0,0,1,1,0,1,0,0,0,0,1,1,1,1,1,0,1,1,0,1,0,0,1,0.708014
1,1,1,0,0,0,1,0,1,0,1,0,0,1,0,1,0,1,0,1,0,0,1,0,1,0,0,1,0,0,0,0,0.640132
0,0,0,0,0,1,0,1,1,0,0,0,0,0,0,1,1,0,1,1,0,1,1,1,0,1,1,1,0,1,1,0,0.757726
1,0,0,1,1,0,0,0,0,1,1,1,1,0,1,0,1,1,1,0,1,0,1,0,0,0,0,1,0,0,0,1,0.685049
0,0,0,0,0,0,0,0,1,0,0,1,0,0,1,1,1,1,0,0,1,0,0,1,0,1,0,1,0,1,1,1,0.609655
1,0,0,1,1,0,1,0,1,1,0,1,1,1,0,1,0,0,0,0,1,0,1,1,1,0,0,1,1,0,0,1,0.604833
0,0,0,0,0,0,0,1,0,0,0,1,1,0,1,1,1,0,0,0,0,0,0,1,0,0,1,0,0,0,1,1,0.475650
1,0,1,1,1,0,1,1,0,0,1,1,1,1,1,0,0,1,1,1,0,0,1,0,1,1,1,1,1,0,0,1,0.791773
1,0,0,0,0,0,1,0,1,0,0,1,0,0,0,1,0,0,1,1,1,0,0,0,1,0,1,0,1,0,0,1,0.671702
1,1,0,0,1,0,0,0,0,0,1,1,0,0,1,0,1,0,0,0,1,1,0,1,0,0,0,0,0,1,0,1,0.582268
0,0,1,0,1,1,0,0,1,0,0,0,1,1,0,0,0,0,1,1,1,0,1,0,0,0,1,1,1,1,1,1,0.561035
1,0,1,0,0,0,0,1,0,1,1,0,0,0,1,0,1,1,0,0,1,0,1,1,0,0,1,1,1,0,0,0,0.734122
1,1,0,0,1,0,1,0,0,0,0,0,0,0,1,0,0,1,1,0,1,1,1,1,1,0,1,0,0,1,1,0,0.792013
0,0,0,0,0,0,1,1,1,0,1,0,1,1,0,0,1,1,1,1,1,1,0,0,0,0,0,0,0,0,1,0,0.644608
0,1,0,1,1,1,0,0,1,0,1,1,1,1,1,0,0,1,0,1,0,0,1,1,1,1,1,1,0,0,0,0,0.674952
1,0,1,0,1,0,1,0,0,0,0,1,1,0,1,0,0,0,1,1,1,0,1,0,1,0,1,0,0,1,1,1,0.627877
1,0,1,0,1,0,0,1,0,0,0,0,1,1,0,1,1,1,0,1,0,0,0,1,1,0,0,1,1,0,0,0,0.628170
1,0,1,1,0,1,1,1,0,0,0,1,1,0,0,0,1,1,1,1,1,0,1,1,1,0,0,0,1,1,0,0,0.619059
1,0,0,1,0,0,0,0,1,0,1,0,1,0,1,1,1,0,0,0,0,1,0,0,0,1,0,0,0,1,0,0,0.578325
0,1,1,0,0,0,1,1,0,1,1,1,1,1,1,0,1,1,1,0,0,1,1,1,0,1,0,1,1,0,1,0,0.663763
0,0,1,1,0,1,1,1,0,1,0,1,1,1,0,1,0,0,1,0,1,1,1,0,1,0,0,0,1,0,0,1,0.909847
0,0,0,0,0,1,1,0,1,1,1,1,0,1,0,0,1,1,0,0,1,1,1,1,0,1,1,0,1,0,1,0,0.593750
0,1,1,1,1,1,0,1,1,0,1,1,1,1,0,1,1,0,0,0,1,0,1,1,1,0,1,1,1,1,0,0,0.698716
0,0,1,0,1,1,0,1,1,0,0,1,1,0,1,0,1,1,1,0,0,0,0,0,1,0,0,0,1,0,1,0,0.671995
1,0,0,1,1,1,1,1,1,1,0,0,0,0,0,0,0,0,1,1,0,0,1,0,1,0,0,1,0,0,1,0,0.670689
1,0,1,1,1,1,0,0,1,1,1,1,1,1,1,1,0,1,0,0,1,1,1,0,0,0,0,0,0,1,1,1,0.677696
0,1,1,1,0,1,1,1,0,0,0,0,1,1,0,0,0,1,1,1,1,1,1,1,1,1,1,0,1,1,0,1,0.912484
1,1,1,0,0,1,0,0,0,1,1,1,1,0,0,1,1,0,1,1,0,0,0,0,1,0,1,0,0,0,0,0,0.850996
1,0,0,1,1,0,1,1,0,0,0,0,1,0,0,0,1,1,0,1,0,0,0,0,1,1,0,0,1,0,1,0,0.560502
1,1,1,1,1,0,1,0,1,0,0,0,0,1,1,1,0,0,0,0,1,1,0,1,1,0,0,1,0,1,0,1,0.841725
0,0,1,1,0,0,0,1,1,1,1,0,1,1,0,1,0,1,1,0,1,1,1,0,0,1,0,1,1,0,1,0,0.728128
1,0,1,1,1,0,0,0,0,1,0,1,0,1,1,1,0,1,1,0,1,0,0,1,1,1,1,0,1,0,1,0,0.681213
0,0,0,1,1,1,1,0,1,0,1,1,1,1,1,0,0,1,1,0,0,1,0,0,1,0,0,0,1,0,0,0,0.574009
0,0,0,0,1,1,0,0,1,1,0,0,1,0,0,1,0,0,1,0,0,1,0,1,1,1,0,1,0,1,0,1,0.723945
1,0,0,1,1,1,0,1,1,0,0,1,1,0,0,0,0,0,0,0,0,0,1,0,1,0,0,1,1,0,0,0,0.760577
0,1,0,1,1,1,0,1,0,0,1,1,1,1,0,0,1,1,1,1,1,1,0,0,1,0,0,1,1,0,1,1,0.608110
0,1,1,0,0,1,0,1,1,0,0,1,0,1,0,0,1,1,0,1,1,0,0,1,1,1,1,0,0,1,0,0,0.538017
1,0,0,0,0,0,1,0,0,0,1,0,1,1,1,0,0,1,0,0,0,0,0,1,0,1,1,0,1,0,1,1,0.653826
1,0,1,1,1,0,0,0,1,1,0,0,1,0,0,0,1,1,1,1,0,1,1,0,0,0,0,0,0,0,1,1,0.875613
0,1,1,1,1,1,1,1,1,0,0,1,1,0,1,1,0,0,1,1,0,0,0,0,0,1,1,1,0,0,1,0,0.625186
0,1,0,0,1,1,0,0,1,0,1,1,1,1,0,1,0,1,0,1,1,1,0,0,0,0,1,0,1,0,1,0,0.624627
1,0,1,0,0,1,1,1,1,0,0,1,0,1,0,0,1,0,0,0,1,1,0,1,1,1,0,1,0,1,1,0,0.757939
0,1,0,1,0,0,1,0,0,0,1,1,1,1,1,1,0,1,0,1,0,1,0,1,0,1,1,1,1,1,0,0,0.618846
0,1,0,1,1,1,0,0,0,1,0,0,0,1,1,0,1,1,1,1,0,1,1,1,1,0,0,1,1,0,1,0,0.959292
1,1,0,1,0,1,1,0,1,0,1,1,1,0,0,1,1,1,1,1,0,0,1,1,0,1,0,0,1,0,0,0,0.608189
1,0,0,1,0,1,1,1,1,0,1,1,0,0,1,0,0,0,0,1,1,0,0,1,1,1,1,1,1,0,1,0,0.728181
1,1,0,1,0,0,0,0,0,1,1,0,0,0,0,0,1,1,1,1,1,1,1,0,0,1,1,0,0,1,1,1,0.580403
1,0,0,1,1,0,1,1,1,0,0,0,0,0,1,1,1,1,0,0,1,0,0,1,0,0,0,1,1,1,0,0,0.492301
1,0,1,0,1,0,1,0,1,1,0,1,0,1,1,0,0,1,1,0,0,0,0,0,1,0,1,0,0,0,0,0,0.687393
0,0,1,0,0,0,1,0,1,1,0,0,0,0,1,0,1,1,1,1,1,1,0,1,0,1,1,0,1,1,1,1,0.677856
1,0,0,0,0,1,1,1,1,1,1,1,0,0,0,0,0,0,1,1,1,0,1,0,1,0,0,1,1,1,0,0,0.618899
1,0,1,1,0,0,1,1,0,1,1,1,1,1,1,1,1,0,0,0,0,0,1,1,0,1,1,0,1,0,1,0,0.869592
0,0,1,0,1,0,1,0,1,0,0,0,1,1,0,1,1,1,0,1,0,0,1,1,1,1,1,1,1,0,1,1,0.560395
0,0,0,1,1,0,0,1,1,0,1,0,0,1,1,0,0,0,0,0,0,1,0,1,0,1,1,1,1,0,0,1,0.602648
0,1,1,0,1,0,0,0,0,0,1,0,1,1,0,0,0,1,0,1,0,0,1,1,1,0,0,0,0,0,1,0,0.675698
1,0,0,0,0,0,1,1,1,1,0,1,0,1,1,1,1,0,0,1,0,1,0,1,1,0,1,0,1,1,0,0,0.707854
1,0,1,0,0,0,1,0,1,0,1,1,1,0,0,1,1,0,1,1,0,1,1,0,0,1,1,0,0,1,1,1,0.656277
1,0,0,1,1,0,1,0,0,1,0,0,1,1,0,0,0,1,0,0,1,1,0,1,1,0,0,0,1,0,0,1,0.875959
0,1,0,1,1,0,0,0,1,0,0,1,0,1,1,0,1,0,1,0,1,0,0,1,0,0,1,1,1,1,1,1,0.590260
0,1,1,0,1,1,1,1,0,0,0,1,1,0,1,0,1,1,0,0,1,1,0,1,1,1,1,1,0,1,0,1,0.600091
0,1,0,1,0,0,0,1,1,1,0,1,1,0,0,0,1,1,0,0,0,0,0,0,0,1,1,0,0,1,0,1,0.611679
0,0,0,0,0,0,1,0,0,1,1,0,0,1,1,0,0,0,0,1,0,1,0,1,1,1,1,1,1,1,0,1,0.655158
1,1,0,1,1,0,1,1,1,1,1,0,0,0,1,1,1,1,0,1,1,0,1,0,1,0,0,0,0,1,0,0,0.773737
1,0,1,0,0,0,0,1,0,0,1,1,0,1,0,1,1,0,1,1,1,0,0,0,1,0,1,1,1,0,1,0,0.758339
1,1,1,1,1,1,0,1,1,0,0,0,0,1,1,0,1,1,1,0,0,0,1,0,1,1,1,1,0,1,1,0,0.629955
0,0,0,1,1,1,0,0,0,0,0,1,0,0,0,1,1,0,1,1,0,1,1,0,0,0,1,1,1,0,1,1,0.706175
1,0,0,0,0,1,0,0,1,0,1,0,1,0,1,0,0,0,1,0,1,1,0,0,0,0,1,0,1,0,0,0,0.554561
1,0,0,1,1,1,1,0,0,1,0,0,0,0,1,1,1,0,0,0,0,0,1,0,0,1,1,0,1,0,1,0,0.688725
1,0,1,0,1,1,0,0,1,0,0,1,0,0,1,1,1,0,1,1,0,1,0,0,1,0,0,0,0,1,0,0,0.684889
0,1,1,1,0,1,0,1,1,0,0,1,1,0,0,0,0,0,1,0,1,0,1,0,0,1,1,0,0,1,1,0,0.601289
0,1,1,0,0,1,1,0,1,0,0,0,1,0,0,0,0,1,1,1,1,1,0,0,1,0,0,0,0,1,0,0,0.760577
1,0,1,0,0,1,0,1,0,1,0,1,1,0,1,0,1,0,1,1,0,1,1,0,0,0,1,0,1,0,0,1,0.708173
1,1,1,1,1,1,0,1,1,1,0,0,0,1,0,0,0,0,1,1,1,0,1,0,1,0,0,1,1,1,1,1,0.655397
0,1,1,1,1,0,1,0,0,0,0,0,0,1,0,1,1,1,0,1,0,1,1,0,0,1,0,0,0,1,1,0,0.993686
0,0,0,1,0,1,1,0,0,1,1,1,1,0,0,1,1,0,1,1,0,1,0,1,0,1,1,1,0,1,1,0,0.813166
0,0,0,0,1,1,0,1,1,0,0,0,0,0,0,1,0,1,1,1,0,1,1,0,1,0,1,0,0,1,0,0,0.791800
1,0,1,1,1,1,0,1,0,1,0,0,0,1,0,0,1,1,1,0,1,1,1,0,1,0,1,0,0,0,1,0,0.909527
1,0,1,0,0,1,1,1,0,0,1,1,1,0,0,1,1,0,0,0,1,0,1,1,0,1,1,0,0,0,1,0,0.832641
0,0,0,0,1,0,1,0,0,0,1,1,0,0,1,1,0,1,1,0,0,0,0,0,1,0,1,0,0,1,0,0,0.816017
0,1,0,1,1,0,0,0,1,0,1,0,0,1,0,1,0,1,0,0,1,0,1,0,1,1,1,0,0,0,0,1,0.670103
1,1,0,1,0,1,1,1,1,0,1,1,1,0,0,0,0,0,1,0,0,1,0,0,0,0,0,0,0,0,0,0,0.574142
1,1,0,0,1,1,1,0,1,0,0,0,1,0,1,0,1,0,1,0,0,1,1,0,1,0,1,0,0,1,1,1,0.791374
0,1,1,1,1,1,0,0,0,1,1,1,0,0,0,0,0,0,1,0,0,0,1,0,1,0,0,1,0,0,1,1,0.705936
0,1,0,0,1,0,1,1,0,1,0,0,0,1,1,1,1,1,0,0,1,1,1,0,1,0,0,1,1,1,0,0,0.960411
0,1,1,0,0,1,1,0,0,1,0,0,0,1,0,0,0,0,1,1,1,0,1,0,1,1,1,0,0,1,1,0,0.675858
0,1,1,1,0,0,0,1,1,1,1,1,1,1,1,0,0,1,0,1,1,1,0,1,0,1,1,1,0,0,1,1,0.696025
1,1,0,0,0,1,0,1,1,0,1,0,0,0,0,0,1,0,0,0,1,0,1,0,0,0,1,1,0,1,1,0,0.732523
0,0,1,0,1,0,0,0,0,0,0,1,0,0,0,1,1,1,1,1,1,0,1,1,1,0,0,0,1,0,1,0,0.549979
1,1,0,0,0,0,1,1,1,1,1,0,1,1,0,0,1,1,0,1,1,0,1,1,1,1,1,0,1,1,0,1,0.674739
0,0,0,0,0,0,1,0,1,0,1,1,1,1,0,0,0,0,1,1,0,1,0,1,0,0,0,1,1,0,1,0,0.606005
0,1,1,1,1,0,0,1,1,1,0,1,0,1,0,0,1,0,0,0,1,0,0,1,1,0,1,1,1,0,1,0,0.631634
1,1,1,1,0,1,0,0,0,0,0,1,0,0,1,0,0,0,0,1,0,1,0,1,1,1,0,0,0,0,1,0,0.729087
1,0,1,0,0,1,1,0,1,0,1,1,0,1,0,1,1,0,1,0,1,1,1,0,1,0,0,0,0,1,1,0,0.677909
0,0,0,0,1,1,1,1,1,1,1,1,0,1,1,1,1,0,0,1,1,1,0,1,0,0,1,0,1,1,1,0,0.531809
1,1,1,0,0,1,1,0,1,0,1,0,1,1,0,0,0,0,1,1,1,1,1,1,0,1,0,0,0,1,0,1,0.966326
1,0,0,0,1,1,0,0,0,0,1,1,1,1,1,0,1,0,0,0,0,0,0,1,1,0,0,0,0,1,0,0,0.709159
1,0,0,1,1,0,0,0,1,1,1,0,0,1,1,0,1,1,1,1,1,1,1,1,1,1,1,0,1,1,1,1,0.678575
1,1,1,1,0,0,0,1,1,0,1,1,1,1,0,1,1,1,1,0,1,1,0,0,0,0,1,0,1,0,1,1,0.640638
1,1,0,1,0,0,0,1,0,1,0,1,1,1,0,0,0,1,1,1,1,0,0,1,1,0,0,1,0,0,0,0,0.602968
0,0,1,1,0,0,1,0,1,1,0,1,0,1,0,1,1,1,1,0,0,0,0,0,0,1,0,1,1,0,0,1,0.596201
1,0,1,0,1,0,0,1,1,1,0,1,1,1,0,1,1,1,1,1,0,0,1,0,0,0,0,1,0,0,1,0,0.578058
1,0,0,1,0,1,1,0,1,0,1,1,1,1,0,1,0,1,0,1,0,1,1,0,0,0,1,1,1,0,1,0,0.560395
1,0,0,0,1,0,1,1,1,0,1,1,0,1,0,0,0,0,1,1,0,0,1,0,1,1,0,1,1,0,1,1,0.775735
0,0,1,0,0,0,1,1,0,1,0,0,1,0,1,1,0,0,0,1,1,1,1,1,1,0,0,0,1,1,0,0,0.875826
0,0,1,0,1,1,0,1,0,0,1,0,1,0,0,1,1,1,0,0,1,0,1,1,1,1,1,1,1,0,0,1,0.732816
1,0,1,1,0,0,0,0,0,1,1,0,0,0,1,0,0,1,1,0,1,0,0,1,0,0,1,1,1,1,1,1,0.757406
1,1,0,1,1,1,0,0,1,0,0,1,1,0,0,0,1,0,0,0,0,0,1,1,0,1,1,1,0,0,1,0,0.622682
1,0,1,0,1,1,0,0,0,1,1,0,0,1,0,1,0,1,1,0,1,0,1,1,0,0,0,1,0,1,1,0,0.688219
0,0,1,1,0,0,0,0,1,0,1,0,0,0,1,0,0,1,1,1,0,0,1,0,1,0,1,1,0,0,0,1,0.658648
0,1,1,0,1,1,0,1,1,1,0,0,0,1,1,0,1,0,1,1,1,1,1,1,0,1,1,1,0,1,1,1,0.875879
1,0,0,1,1,1,1,1,0,1,0,0,1,1,0,0,1,1,0,1,1,1,1,0,0,0,0,0,1,0,0,0,0.995897
1,0,1,1,0,1,1,1,0,1,1,1,0,0,0,1,1,1,0,1,1,0,0,0,0,0,1,1,0,0,1,0,0.709852
0,0,1,0,0,0,1,1,1,0,1,0,1,0,0,0,0,0,0,0,1,1,1,0,0,1,1,1,0,0,1,1,0.582987
0,1,1,1,0,0,1,0,0,1,1,0,1,0,1,0,1,0,1,0,0,1,1,1,0,0,1,1,0,1,1,1,0.594443
1,1,1,0,0,1,1,0,0,0,1,1,1,1,0,0,1,0,1,0,1,0,1,0,0,0,1,1,0,1,0,0,0.673513
0,0,1,0,0,1,1,0,1,0,1,1,0,1,1,0,0,0,0,0,0,1,1,1,0,0,1,0,0,0,0,1,0.594123
1,1,1,0,0,0,0,1,1,1,1,0,1,1,1,0,1,1,1,0,0,1,0,0,0,1,1,0,0,0,1,0,0.647565
1,1,0,0,1,1,0,1,1,1,1,1,0,0,1,1,1,0,1,0,1,0,1,1,0,1,1,1,1,0,0,0,0.757832
0,0,0,0,0,1,1,0,0,1,1,1,0,0,1,1,1,1,1,1,1,0,1,0,0,0,0,0,0,1,1,1,0.589088
0,1,1,1,0,1,0,1,0,1,0,1,0,1,0,1,0,1,0,1,1,0,1,0,0,1,0,1,0,1,1,0,0.566416
0,1,0,1,1,0,1,0,0,0,0,1,0,0,0,0,0,0,1,0,1,0,0,1,1,0,0,0,0,0,0,0,0.448236
0,1,1,1,0,0,1,0,0,1,1,1,1,0,1,0,0,1,1,1,0,0,0,1,0,0,1,0,1,0,0,1,0.925618
0,1,0,1,0,0,0,0,0,1,1,1,1,0,1,1,0,1,0,1,1,1,0,0,0,1,1,0,1,0,0,1,0.599558
1,0,1,1,0,0,1,1,0,1,1,1,0,1,0,0,1,1,1,0,0,0,0,1,0,0,1,0,0,1,1,1,0.758685
1,1,0,0,0,1,0,1,0,0,0,1,0,1,1,0,1,1,0,1,1,1,1,0,0,1,1,0,0,0,1,0,0.825847
0,1,1,1,1,0,1,1,1,1,0,1,0,0,0,1,1,0,1,0,1,1,1,0,1,1,0,1,0,1,1,0,0.780797
0,1,1,0,1,1,0,0,0,0,1,1,1,0,1,0,1,0,0,0,0,1,0,0,0,0,0,0,0,0,0,0,0.563299
0,0,1,0,0,1,1,0,0,1,0,1,1,1,0,0,1,0,1,1,1,0,0,0,0,1,0,0,1,1,1,1,0.600250
