0,1,1,0,0,1,0,1,0,1,1,1,1,0,0,1,1,1,1,1,1,0,0,1,1,1,1,1,1,0,0,1,0.503900
1,0,0,0,0,0,0,0,1,0,0,0,0,1,1,1,0,0,0,0,1,1,0,1,0,1,0,0,1,0,0,1,0.639876
0,1,0,1,1,1,0,0,0,1,1,0,1,0,0,0,0,1,1,0,0,1,0,0,0,0,1,1,0,1,1,0,0.664706
0,1,1,0,1,0,1,0,0,0,1,1,0,0,1,0,0,0,0,1,0,1,1,1,1,1,0,1,0,0,1,1,0.652558
0,0,0,1,1,0,1,0,1,0,0,1,0,1,1,0,0,1,0,1,1,0,1,0,0,1,0,1,1,1,0,0,0.775277
0,1,1,1,0,1,1,0,0,0,0,0,0,0,0,1,1,0,1,1,0,1,0,0,1,0,1,0,1,0,0,0,0.661637
0,0,1,1,0,0,1,0,0,1,1,0,1,1,1,0,0,1,0,1,0,0,1,1,0,0,0,0,1,1,0,1,0.674275
0,1,1,0,1,0,0,0,1,0,1,1,1,0,0,0,1,0,0,1,0,0,0,0,0,0,1,0,0,0,1,0,0.751790
1,1,0,0,0,1,0,0,1,1,0,1,1,0,0,0,0,1,0,1,1,0,1,1,1,0,0,1,1,1,0,1,0.624062
0,1,1,0,0,1,1,0,0,0,1,1,0,0,1,0,1,1,1,1,0,1,0,1,1,0,0,1,1,1,1,0,0.658312
1,0,1,1,1,1,0,1,0,1,0,1,1,0,1,1,1,0,1,1,0,0,1,1,1,1,1,1,0,0,0,1,0.482481
0,1,1,0,1,1,1,0,0,1,1,0,1,1,0,0,1,0,0,1,1,0,1,0,1,0,1,0,1,0,0,1,0.617114
0,1,0,0,0,1,0,0,1,1,0,0,0,1,1,1,1,0,1,0,1,0,1,1,1,0,0,1,0,1,0,1,0.584015
0,0,0,0,1,0,1,0,1,1,1,0,1,0,0,1,1,0,0,1,0,0,0,1,0,1,1,1,0,1,1,1,0.690153
0,0,0,0,0,1,1,1,0,1,0,1,0,1,0,0,0,0,1,0,1,1,1,1,0,0,1,1,0,1,0,1,0.832268
0,0,0,0,1,0,1,1,0,1,0,1,0,0,0,1,0,0,1,0,1,0,0,0,0,0,0,0,0,0,0,1,0.878794
1,1,1,1,0,1,0,1,0,1,1,1,1,1,1,0,0,0,1,1,1,1,1,1,1,1,0,0,0,1,1,0,0.515772
1,1,1,0,1,0,0,1,0,0,0,1,0,0,1,1,1,1,0,0,1,1,1,1,1,0,0,0,0,1,0,0,0.576918
0,0,0,1,0,1,0,1,1,0,1,0,0,1,0,1,1,1,0,1,0,0,0,1,0,0,0,0,0,0,1,0,0.711893
0,1,1,1,0,0,0,0,0,0,0,0,0,1,1,0,0,1,0,1,1,0,0,1,1,0,0,1,0,0,1,1,0.676918
1,0,0,1,1,1,1,0,0,0,1,0,1,1,0,1,0,1,0,1,1,0,1,0,0,0,0,0,1,1,0,1,0.737106
0,1,0,0,1,1,1,0,1,0,1,1,1,1,0,1,0,0,1,1,0,0,1,0,1,0,1,0,0,0,0,1,0.626023
1,1,0,1,1,0,1,0,1,0,1,0,0,0,1,1,1,1,1,0,1,1,1,0,0,1,1,0,1,1,1,1,0.456095
1,1,1,0,0,0,1,0,1,1,1,1,0,1,1,1,0,1,1,1,0,1,0,1,1,1,0,0,1,1,0,0,0.544885
0,0,1,1,1,1,1,1,1,1,0,0,1,0,0,1,0,1,1,0,0,0,1,1,1,1,0,1,1,1,1,1,0.552685
1,0,1,0,0,0,1,0,0,0,1,0,1,0,1,0,0,0,0,0,1,0,1,1,1,1,1,0,1,1,1,1,0.595631
0,0,1,0,0,0,1,1,1,0,0,1,1,0,0,0,0,1,0,0,0,1,1,1,0,0,1,1,1,0,0,1,0.691645
0,0,0,1,0,1,1,1,0,1,0,1,0,1,0,1,1,0,0,1,0,1,0,1,1,1,1,0,1,0,1,0,0.746718
1,1,0,0,0,1,1,1,0,1,1,0,0,1,1,0,0,1,1,0,1,1,1,1,1,0,0,0,1,0,1,1,0.524915
0,0,0,0,0,0,0,1,0,1,1,0,0,0,0,1,1,0,0,1,0,0,0,1,0,1,0,1,1,1,1,0,0.756607
1,1,0,0,0,1,1,0,0,0,0,0,1,1,0,1,1,1,1,1,0,1,1,0,0,1,0,1,1,0,0,1,0.716603
1,1,1,1,1,0,1,1,1,1,0,1,1,0,1,1,1,1,0,1,0,1,1,1,0,1,0,1,1,0,0,1,0.363321
1,0,0,0,1,0,0,0,1,0,0,0,0,0,0,1,0,0,0,0,0,1,1,0,1,1,1,0,1,1,1,1,0.642882
0,0,0,1,0,0,0,0,0,0,0,0,1,1,0,1,1,0,0,0,1,0,0,1,0,1,1,0,1,0,1,0,0.748913
0,0,0,1,0,0,1,1,0,1,0,1,0,0,1,0,1,0,1,1,0,0,1,0,0,0,1,1,1,0,1,1,0.714216
1,1,0,1,1,1,0,1,0,1,1,0,0,0,1,0,1,0,1,0,0,0,1,1,0,1,1,0,1,1,1,0,0.602387
0,1,1,1,1,1,0,0,1,0,1,1,1,1,0,1,1,1,0,0,1,1,1,1,0,1,1,1,0,1,1,0,0.583930
1,0,1,0,0,0,0,0,0,1,0,0,0,1,0,0,1,1,0,1,0,0,1,1,1,1,0,1,1,0,0,1,0.703240
0,0,0,1,0,0,0,0,0,1,1,0,1,1,1,1,0,1,1,0,0,1,1,0,1,0,0,1,0,0,0,0,0.777472
1,0,0,0,1,0,0,1,1,0,1,0,1,0,0,1,0,0,1,1,0,1,0,0,0,0,0,1,1,1,1,1,0.572442
0,0,0,1,1,1,1,1,1,1,1,0,0,1,0,1,0,0,1,0,1,1,0,0,0,1,0,0,1,0,1,0,0.722293
0,0,0,1,1,0,0,1,1,1,1,1,1,1,1,0,1,1,0,0,0,0,1,0,0,1,0,0,0,0,1,0,0.624403
0,1,0,1,1,0,0,1,0,0,0,1,0,1,1,0,0,1,0,1,1,1,1,0,0,1,1,0,1,0,1,1,0.859740
0,0,1,0,1,0,0,1,1,0,1,1,1,1,0,0,1,1,0,1,0,1,0,1,0,1,0,1,0,1,0,0,0.592903
1,1,0,0,1,0,0,0,1,0,1,0,1,0,1,1,0,0,1,0,1,1,1,1,0,1,1,0,0,0,1,1,0.601492
1,1,0,1,1,0,0,1,1,1,1,1,0,0,0,0,1,0,1,0,0,1,1,1,1,0,0,1,1,0,1,0,0.678154
0,0,0,1,1,1,1,1,0,1,1,0,0,0,0,0,1,1,0,0,0,0,1,0,0,0,1,1,0,1,1,0,0.697613
0,0,0,1,0,0,0,1,1,1,0,0,1,1,0,0,0,1,1,0,1,0,0,0,1,0,0,1,0,0,0,0,0.689514
1,1,0,1,1,1,1,0,1,0,0,1,1,0,1,0,1,0,0,1,1,0,1,0,0,0,1,0,0,0,0,0,0.778879
1,0,0,0,1,1,0,1,1,0,0,1,1,0,1,0,1,1,1,0,1,0,0,0,1,0,0,1,1,1,1,1,0.544928
0,1,1,0,0,0,1,1,0,0,1,0,0,1,0,1,1,0,0,0,1,1,0,0,0,0,1,0,0,0,1,1,0.664940
0,1,0,0,0,0,1,0,0,0,0,1,1,1,0,1,1,0,0,0,1,1,0,0,0,0,1,1,0,1,1,0,0.756543
0,1,1,0,0,0,1,0,1,0,1,1,1,1,1,0,0,1,0,0,1,0,0,0,0,1,0,0,1,1,0,0,0.601321
1,0,0,1,0,1,1,1,1,0,0,0,0,1,1,0,0,0,0,0,1,1,1,0,0,1,0,1,0,0,1,0,0.671995
0,0,0,0,1,1,1,1,0,1,0,1,1,1,1,1,0,1,0,1,0,0,1,1,1,0,0,1,1,1,1,0,0.842263
0,1,1,0,1,1,0,0,0,0,0,0,0,0,0,0,0,0,0,1,1,1,0,0,1,1,0,0,1,0,0,1,0.796249
1,0,0,0,0,0,1,0,1,0,0,0,1,0,1,0,0,0,1,0,1,1,1,1,0,0,0,1,0,1,1,1,0.623252
1,1,0,0,0,0,0,1,0,0,0,1,1,0,0,1,1,1,0,0,0,1,1,0,0,1,0,0,1,1,1,1,0.611679
1,1,1,1,0,0,0,1,0,1,1,0,0,1,0,1,1,1,1,0,0,0,0,1,0,1,0,0,0,1,1,1,0.597720
1,0,1,0,1,1,0,1,1,0,1,1,1,1,0,0,0,1,0,1,0,1,1,1,1,1,0,1,1,0,0,1,0.517732
1,1,0,1,0,1,1,0,0,1,1,0,1,1,1,0,0,0,1,1,1,1,0,1,1,0,0,1,1,1,0,0,0.563086
0,0,0,1,1,0,1,0,1,0,1,0,0,1,1,1,0,0,1,1,1,0,0,1,1,0,0,1,0,0,1,1,0.727280
1,1,0,1,1,1,1,1,1,1,1,1,1,0,1,0,0,0,1,1,0,1,0,0,0,1,1,1,0,1,0,0,0.582289
0,0,0,1,0,1,1,1,1,0,1,0,1,0,0,1,1,1,1,0,1,1,1,0,0,0,0,1,0,1,0,1,0.602664
1,1,1,1,0,0,0,0,0,0,0,1,1,1,1,0,0,0,1,0,1,0,1,0,0,0,0,0,1,1,1,1,0.611125
1,1,0,1,0,1,0,0,1,0,0,0,1,0,1,0,0,0,1,1,1,0,1,0,0,0,1,1,0,0,1,0,0.622123
0,1,0,1,1,0,1,1,0,0,0,0,1,0,0,0,0,0,0,0,1,0,1,1,1,1,0,0,1,0,1,0,0.896547
1,0,1,0,0,0,0,0,0,0,0,0,1,0,1,1,0,1,1,0,0,1,1,0,1,1,1,1,0,1,1,0,0.672144
1,0,0,0,0,1,1,0,0,0,0,0,1,1,1,1,1,0,0,1,1,1,0,1,1,0,0,1,1,1,0,1,0.667690
0,1,0,1,0,1,1,0,1,1,1,1,1,1,0,1,1,0,0,1,0,0,1,1,0,0,0,0,1,0,1,0,0.572101
1,1,0,1,0,1,1,0,0,0,1,1,1,0,1,1,0,0,1,0,1,1,1,1,1,1,1,0,0,0,1,1,0.537127
0,1,1,0,0,1,0,1,1,0,0,0,0,1,0,0,0,0,1,1,0,0,0,0,1,1,1,1,0,0,0,1,0.632097
0,0,0,1,1,0,1,1,1,1,0,1,0,1,0,1,1,1,1,0,0,0,0,1,0,0,1,1,0,0,1,0,0.652877
1,1,1,0,0,0,1,1,0,1,0,1,0,0,0,1,0,0,0,0,1,0,1,1,1,1,0,1,0,1,0,1,0.618691
0,1,1,1,0,1,0,0,1,0,0,0,1,0,1,1,1,1,1,1,0,1,1,1,0,1,1,1,1,1,0,0,0.505861
1,0,0,1,1,0,0,0,0,0,0,0,1,0,0,1,0,1,0,0,1,0,1,0,1,0,1,0,1,1,1,0,0.778112
0,1,0,1,0,0,0,1,0,1,1,1,1,1,1,1,1,0,0,1,0,0,0,1,0,1,1,0,0,1,1,0,0.683419
0,0,1,0,0,0,1,0,1,1,0,0,1,0,0,1,0,1,0,0,0,1,0,0,0,0,0,1,0,1,0,0,0.705307
1,0,0,0,1,1,1,0,1,0,1,0,1,0,0,1,0,1,1,0,0,1,1,0,1,0,1,0,0,0,0,0,0.687489
0,0,1,1,0,1,0,0,0,1,1,0,1,0,1,1,0,0,0,0,1,1,0,1,0,1,1,1,1,1,1,1,0.649147
1,1,1,0,1,1,0,0,1,1,0,0,0,1,0,0,0,1,0,1,1,1,1,0,1,1,1,0,0,1,0,1,0.587127
1,1,1,0,0,1,1,0,1,1,1,1,0,0,1,0,1,1,0,0,1,1,0,1,1,1,1,0,1,0,0,1,0.512042
1,1,0,0,0,0,0,1,1,1,0,0,1,0,1,1,0,0,0,0,1,1,0,0,0,0,0,0,1,0,1,0,0.658397
1,1,1,0,0,0,1,1,0,0,0,1,1,1,1,1,0,0,0,1,0,1,0,1,0,0,0,1,0,0,0,0,0.612788
1,1,1,0,0,1,1,0,1,0,1,0,1,0,1,1,0,0,1,1,1,0,0,0,0,0,0,0,0,1,0,1,0.591667
0,0,0,0,0,0,0,0,0,0,1,1,0,0,1,1,0,0,1,1,0,0,1,1,1,0,1,0,0,1,0,0,0.779710
0,0,0,1,1,0,0,1,1,0,0,1,1,0,1,0,0,0,0,0,0,0,1,1,0,1,0,1,1,0,1,0,0.766262
0,0,0,1,0,1,0,0,1,1,1,1,0,0,1,1,1,1,1,1,0,1,0,1,1,0,0,0,1,1,0,0,0.659761
0,0,1,0,1,1,1,0,1,1,0,0,1,1,1,1,0,1,1,1,1,1,0,1,0,0,0,0,0,1,0,1,0.690793
0,0,1,1,0,0,0,1,0,0,1,0,0,0,0,0,0,1,0,1,1,1,1,1,0,1,1,0,0,0,0,1,0.759207
0,0,1,0,1,1,1,0,1,0,0,1,1,1,0,0,0,1,0,0,0,1,1,1,1,1,1,1,0,0,0,0,0.712873
0,1,1,1,1,1,0,1,1,1,1,1,0,1,1,1,1,0,1,1,0,1,0,1,0,1,0,0,0,0,0,0,0.585337
0,1,0,0,1,1,0,1,0,1,0,1,1,1,1,1,0,0,1,0,1,0,0,0,1,0,0,0,0,1,0,0,0.796867
1,0,1,0,0,0,0,1,1,0,0,1,0,1,0,0,1,1,0,0,1,0,0,1,0,0,0,1,1,1,1,0,0.597634
0,0,0,1,0,1,0,0,0,1,1,0,0,1,0,0,1,1,1,0,1,0,0,1,0,1,1,0,1,1,0,1,0.664685
1,1,0,1,1,0,1,1,1,1,1,1,0,0,1,0,1,0,1,0,1,0,1,1,0,1,1,1,0,0,1,0,0.658419
1,0,0,0,1,1,1,1,1,1,0,0,1,1,1,0,1,1,0,1,0,0,1,1,0,0,1,1,0,1,1,1,0.518436
1,0,1,0,0,0,1,0,0,0,0,0,0,1,0,1,1,1,0,1,0,0,0,1,1,0,1,1,1,0,1,0,0.618606
0,1,1,0,1,0,0,0,1,0,1,0,1,1,1,0,0,1,0,0,1,1,0,1,1,1,0,1,0,0,0,0,0.634591
1,0,1,0,1,0,0,0,0,1,1,0,0,1,1,1,1,1,1,0,0,1,1,1,0,0,0,1,1,0,1,0,0.562511
0,0,0,1,1,0,1,1,1,1,1,1,0,1,1,0,0,1,1,0,0,1,1,1,0,0,0,0,1,1,1,1,0.655733
0,1,0,1,1,1,1,0,0,0,0,1,0,1,1,0,0,0,0,0,0,0,1,1,1,0,1,0,0,0,1,0,0.849574
1,1,1,0,1,0,1,1,1,1,1,0,1,0,0,1,1,1,1,0,1,0,1,0,0,0,1,0,1,1,0,1,0.480818
0,0,1,1,0,0,1,0,1,1,0,0,0,0,1,0,1,0,1,0,1,1,0,0,0,1,1,0,0,0,0,1,0.662212
0,0,1,0,1,1,0,1,1,1,0,1,1,1,0,0,1,0,0,0,0,0,1,1,1,1,0,1,1,1,1,1,0.560401
1,1,0,0,0,0,0,0,0,1,0,0,1,1,1,1,0,1,1,0,1,0,0,1,0,0,0,0,0,0,1,1,0.654497
0,0,1,0,0,0,0,1,1,1,1,0,1,0,1,1,1,1,0,0,1,1,0,0,1,0,1,1,1,1,1,1,0.436530
0,1,1,0,0,1,1,0,0,1,1,1,0,0,1,1,0,0,1,0,0,1,0,1,0,0,0,1,0,1,1,1,0.657758
1,0,0,0,0,0,1,0,0,0,1,1,1,0,0,1,1,1,0,0,0,1,1,1,1,0,0,1,0,1,1,1,0.524446
0,0,1,1,0,1,0,0,1,1,0,1,0,0,0,0,0,0,0,0,0,0,1,1,0,1,1,1,1,0,1,1,0.692093
1,1,1,1,1,1,0,1,0,1,0,1,1,1,0,0,0,0,0,0,1,0,0,0,0,0,0,1,1,0,0,0,0.695354
0,0,0,0,0,0,1,1,0,1,1,1,1,0,1,0,0,0,1,0,1,1,1,1,1,1,1,1,0,1,1,1,0.710486
0,1,1,0,1,1,0,0,0,1,1,0,1,1,1,1,1,0,1,0,1,0,1,1,1,0,1,1,1,0,1,0,0.569139
1,0,0,0,0,1,1,1,0,1,1,1,0,0,0,0,1,1,1,1,0,1,0,0,0,0,1,1,0,1,0,0,0.612980
1,0,0,0,0,0,0,1,0,0,1,0,1,1,0,0,0,1,0,1,0,1,0,0,0,1,1,1,0,0,0,0,0.675746
1,1,1,1,1,0,0,0,1,1,0,1,0,0,1,1,1,0,0,1,1,0,1,0,0,0,0,0,1,0,0,0,0.762830
0,0,0,0,0,0,0,1,0,1,1,0,0,0,1,1,0,1,0,1,1,0,0,1,0,1,1,0,0,1,1,1,0.762788
0,1,1,0,1,1,0,1,0,1,1,0,1,0,1,0,0,0,0,0,1,0,1,1,0,1,1,1,0,1,1,0,0.662532
1,1,1,1,1,1,1,0,0,0,0,1,0,0,1,1,0,1,1,1,0,0,0,1,1,0,0,0,0,1,0,0,0.606969
1,0,1,1,0,0,1,1,0,0,0,0,0,1,1,0,1,1,0,1,1,1,0,0,1,1,1,0,1,1,1,0,0.566539
0,0,0,1,0,1,1,0,0,0,0,1,0,0,1,1,0,1,1,1,0,0,1,1,0,1,1,0,1,1,1,1,0.762596
0,1,1,0,1,1,0,0,0,0,0,1,0,1,0,0,0,0,1,1,1,1,1,0,0,1,1,1,0,0,0,1,0.745503
1,1,0,1,1,0,1,0,1,0,1,1,1,0,0,1,0,0,1,0,0,0,1,0,1,1,0,0,1,1,0,1,0.658589
0,1,1,1,0,1,0,0,0,1,0,1,1,0,1,1,1,0,0,1,0,0,0,1,1,0,1,1,1,0,1,1,0.550597
0,0,0,0,0,0,0,1,0,1,0,0,1,0,0,0,0,1,0,1,0,0,0,0,0,0,0,1,0,0,1,1,0.765196
0,0,0,1,0,1,0,0,1,1,0,1,1,0,1,0,0,0,0,0,1,0,1,0,1,0,1,0,0,0,0,0,0.737745
1,0,1,1,1,1,0,0,0,0,1,0,0,0,1,1,1,1,0,0,1,0,1,0,0,0,0,0,0,1,1,1,0.601598
0,0,0,1,1,1,0,0,1,1,1,1,0,1,1,1,1,1,1,0,1,1,0,1,0,1,1,1,1,1,0,0,0.608163
