0,1,1,0,1,0,1,1,1,0,0,0,1,0,0,1,1,0,0,0,1,0,1,0,1,0,0,1,0,1,1,1,0.579284
1,0,1,1,0,1,0,1,0,1,1,1,0,0,1,1,0,1,1,0,0,1,1,1,0,0,1,0,0,0,1,1,0.606218
1,1,0,1,0,1,1,0,0,0,0,1,0,1,1,1,1,0,1,0,0,1,1,1,0,0,1,1,0,1,1,0,0.617301
1,0,0,1,0,0,0,0,0,1,0,0,0,0,1,1,0,1,1,1,1,1,1,0,1,1,0,0,0,1,1,0,0.583813
1,1,1,1,1,0,1,1,1,1,1,0,1,0,1,0,1,1,1,0,1,0,1,0,1,0,0,0,1,0,0,1,0.604406
1,0,1,0,1,0,1,0,1,0,1,0,0,0,0,1,1,0,0,1,0,0,1,1,0,0,1,1,0,0,0,0,0.583387
1,0,0,1,1,1,1,0,0,1,0,0,1,1,0,1,1,0,1,0,0,1,0,1,1,0,1,1,0,1,1,1,0.565164
0,0,0,1,0,1,0,0,1,1,0,0,1,0,1,0,1,0,1,0,0,1,1,1,0,0,0,1,0,1,1,0,0.593111
1,1,0,0,0,1,0,1,0,0,1,1,1,0,1,0,1,0,1,0,0,1,0,0,1,1,1,1,1,0,1,1,0.590020
1,1,0,0,0,1,0,0,1,1,0,0,1,0,1,0,1,0,1,0,1,1,0,1,1,0,0,0,1,1,0,1,0.585997
0,1,0,0,1,0,0,0,0,1,1,0,1,0,0,0,1,0,1,0,1,1,0,0,0,1,0,0,1,1,1,0,0.598892
1,0,1,0,1,0,1,0,0,0,1,1,1,1,1,0,1,0,0,1,0,1,0,1,0,0,0,0,0,1,1,1,0.582321
1,0,1,0,0,1,1,1,0,0,0,0,1,1,0,1,0,0,1,1,1,1,0,1,0,1,0,1,0,1,1,0,0.585651
0,0,0,1,0,0,1,0,1,1,0,0,1,1,1,0,1,1,1,1,0,1,0,1,1,1,0,0,0,0,1,1,0.598412
0,0,0,0,1,1,0,1,0,0,0,1,0,1,0,0,0,0,0,1,1,0,1,0,1,0,1,0,0,0,0,1,0.533381
0,0,1,0,1,0,0,1,1,0,1,1,1,0,0,1,0,0,0,1,1,0,0,1,1,1,1,1,1,0,0,0,0.606191
1,0,1,1,1,1,1,0,1,0,0,0,0,1,1,1,1,1,1,1,0,1,0,1,0,1,0,0,1,0,1,1,0.579177
1,1,0,1,1,1,1,1,0,0,1,0,0,0,1,0,0,0,1,0,0,1,1,1,0,1,1,0,1,1,0,0,0.603794
0,1,1,0,0,1,0,1,1,1,1,1,0,1,1,1,1,1,0,1,0,0,1,0,0,1,1,0,1,1,1,0,0.605525
0,1,1,0,0,1,0,0,1,1,0,1,0,1,1,0,1,1,0,0,0,1,1,0,1,1,1,1,1,0,1,0,0.621936
0,0,1,0,0,1,0,1,1,1,1,0,1,0,1,1,1,0,0,0,1,1,0,1,0,0,0,0,1,0,1,1,0.547501
0,0,0,0,0,1,1,1,0,0,1,0,1,1,1,1,1,0,1,0,0,0,1,1,1,1,0,0,0,1,0,1,0.556346
1,1,0,1,0,0,1,0,0,0,0,0,0,0,0,1,1,0,0,0,0,0,0,1,0,0,1,0,0,1,1,0,0.615036
0,0,0,0,1,1,1,1,0,1,1,1,1,0,0,1,1,0,0,0,1,1,0,1,0,0,0,0,1,1,1,0,0.561461
1,1,0,0,1,1,1,0,1,1,1,1,1,1,0,1,1,1,0,1,0,0,0,1,0,1,1,1,1,1,1,1,0.542066
0,0,0,1,0,1,1,0,1,0,0,0,0,1,1,0,1,0,1,0,0,1,0,0,1,1,0,0,0,1,1,1,0.581415
0,0,1,1,0,1,1,0,1,0,1,1,0,1,1,1,1,0,0,0,1,1,1,1,0,1,1,1,1,1,1,0,0.615942
1,1,1,1,0,0,1,0,1,0,0,0,1,0,1,0,1,0,0,1,1,0,0,1,0,1,1,1,0,0,1,0,0.599238
1,0,0,1,1,1,1,1,1,1,0,1,0,0,0,0,0,0,0,1,0,1,1,0,0,1,0,1,1,0,1,1,0.597480
1,1,0,1,1,0,0,1,0,1,0,1,1,1,0,0,0,0,1,0,1,1,1,1,0,1,0,1,0,1,0,0,0.606751
1,0,1,1,1,1,1,1,1,0,0,1,1,0,0,0,0,0,1,0,0,1,0,0,0,0,0,1,1,1,0,0,0.598439
0,0,1,1,1,0,0,0,0,1,0,0,0,1,1,0,1,1,0,0,0,1,0,1,1,1,0,1,0,1,0,1,0.590500
0,0,0,0,1,0,1,0,0,1,0,0,0,0,1,1,1,0,0,0,1,0,0,1,0,0,0,0,1,1,0,0,0.574968
1,1,1,1,0,0,1,1,0,1,1,1,1,0,0,1,0,1,1,0,1,0,0,0,1,0,1,1,1,0,1,0,0.586397
1,0,0,0,1,1,1,0,0,1,1,0,0,1,1,1,1,0,0,0,0,0,1,1,0,1,0,0,0,0,1,0,0.563139
1,0,1,1,1,1,0,0,0,0,1,1,1,1,1,0,0,0,0,0,1,0,0,1,1,0,1,0,0,0,1,0,0.573849
1,0,1,0,1,0,0,0,1,0,1,1,1,1,1,1,1,0,1,0,1,0,1,1,1,0,0,1,0,0,1,1,0.595721
0,0,1,0,0,0,1,1,1,1,1,1,0,1,0,0,1,1,1,1,1,0,0,0,1,1,1,0,0,1,1,1,0.595082
0,0,0,0,0,1,0,1,0,0,0,1,0,0,1,0,0,0,0,0,0,0,0,1,1,1,1,0,1,0,0,1,0.555600
1,0,1,0,0,1,0,1,0,0,0,1,0,1,0,0,1,0,0,0,0,0,1,0,0,1,0,0,0,0,1,1,0.594842
0,1,0,1,0,1,0,1,0,0,0,0,0,1,1,0,1,0,0,0,1,1,1,0,1,0,0,1,0,1,0,1,0.589727
0,1,1,0,0,0,0,0,0,0,1,1,1,0,0,1,0,1,1,0,0,0,1,0,0,0,1,1,0,1,0,0,0.579684
1,0,0,0,0,0,0,1,0,0,1,0,1,1,1,1,0,0,1,0,0,1,0,1,0,0,0,1,0,1,0,1,0.596387
1,1,1,1,0,0,0,1,1,0,1,0,0,0,1,1,0,0,1,1,0,1,1,0,1,1,0,0,0,0,0,0,0.591139
1,1,1,1,1,1,0,1,0,0,1,1,0,1,1,0,0,1,0,0,1,1,1,0,0,1,0,0,1,0,0,1,0.593723
0,0,1,1,0,0,0,1,1,1,0,1,0,0,1,0,1,0,1,1,0,1,0,1,0,1,0,0,1,0,0,1,0.590473
1,1,0,0,1,0,1,1,0,0,1,1,1,0,1,1,0,1,1,1,1,0,0,0,1,1,0,0,0,0,1,1,0.580216
0,0,0,0,0,1,1,1,0,0,0,0,0,0,0,0,0,0,0,0,0,1,1,0,0,0,0,1,1,0,1,1,0.544118
1,0,0,0,1,0,0,1,1,1,1,0,0,0,1,0,0,1,0,0,0,0,0,0,1,1,1,0,1,0,1,0,0.600330
1,0,0,1,0,0,0,1,0,0,1,1,1,1,0,0,0,0,0,1,0,1,1,1,0,0,0,1,0,1,0,0,0.603208
0,1,1,0,1,0,0,0,0,1,0,1,1,0,1,0,1,1,0,1,1,1,1,1,0,0,1,1,1,1,0,1,0.596308
1,0,1,0,0,0,1,0,1,0,1,1,1,0,0,1,1,0,0,1,0,1,0,1,1,1,0,1,0,0,0,0,0.603048
1,0,0,1,1,1,1,1,0,0,0,0,1,0,0,0,1,0,0,0,1,1,0,1,1,1,1,1,1,0,0,1,0.597293
0,0,1,0,0,0,0,0,0,0,0,0,0,0,0,0,0,1,0,1,0,1,0,0,1,1,1,0,1,1,1,1,0.583973
1,1,0,0,1,0,1,0,0,0,1,0,0,1,1,1,1,1,0,0,1,1,1,1,1,1,0,0,1,1,1,0,0.574488
1,1,0,1,0,1,0,1,1,0,1,0,1,1,0,0,0,0,1,1,0,0,0,1,0,0,1,0,0,0,0,0,0.591645
0,0,1,0,1,0,1,0,0,0,1,0,1,0,0,1,1,1,1,0,1,1,0,1,0,0,0,0,1,0,1,0,0.587702
0,0,1,0,1,1,0,1,1,0,0,0,1,0,0,1,0,0,0,0,0,0,0,1,1,0,0,1,0,1,1,0,0.603687
0,0,1,1,0,1,0,1,0,0,0,0,0,1,1,1,0,1,0,1,1,1,1,1,1,0,1,1,1,0,1,1,0.591299
0,1,1,0,0,0,1,1,1,0,0,1,1,1,1,0,0,1,0,1,1,0,0,1,0,1,1,1,0,0,0,1,0.593990
1,0,1,0,1,0,1,1,1,1,1,1,0,1,1,0,1,0,0,0,1,1,1,1,0,0,1,0,1,0,1,0,0.558744
0,0,1,0,0,0,0,1,0,1,0,0,1,1,1,0,0,1,0,1,0,0,0,0,0,0,0,1,0,0,0,0,0.567322
1,1,1,0,0,0,0,1,0,0,0,0,1,1,0,1,0,1,0,1,0,0,0,1,1,0,0,1,0,1,0,1,0.602302
1,1,0,1,1,0,1,1,1,0,0,0,1,1,1,0,0,0,1,1,1,0,1,1,0,1,1,0,0,0,0,1,0.603288
0,1,1,1,0,0,0,0,1,1,1,0,1,0,0,1,1,1,1,0,0,0,0,0,1,0,0,0,0,1,1,1,0.615729
1,1,0,1,0,1,1,0,0,1,1,0,1,0,1,1,0,0,0,0,0,0,0,1,1,1,0,0,0,0,0,0,0.595721
0,1,0,1,0,1,1,1,1,1,1,0,1,1,0,1,1,0,1,0,1,0,1,1,0,1,1,0,0,1,1,1,0.548966
1,1,0,1,0,1,0,1,0,0,1,0,1,1,1,1,0,1,1,0,1,0,0,0,0,1,0,0,1,1,1,1,0.565803
0,1,0,1,0,1,0,0,1,0,1,0,0,0,1,0,1,0,1,1,1,1,1,0,1,0,0,0,0,1,1,1,0.602408
0,1,0,0,0,1,0,1,1,0,0,1,0,0,0,1,0,0,1,1,0,1,1,0,0,0,1,0,1,0,0,1,0.578378
0,0,0,0,0,1,1,1,1,0,0,0,1,1,0,1,1,1,1,0,1,0,1,1,1,1,1,1,0,0,1,0,0.605019
0,0,1,0,1,1,0,0,1,0,1,1,1,1,0,1,0,1,1,0,1,1,1,0,0,1,1,0,0,0,1,0,0.581175
1,0,0,0,0,1,0,0,1,1,0,1,1,0,1,1,0,0,1,1,1,0,1,1,0,0,0,0,0,1,1,1,0.587996
1,1,1,1,0,1,1,1,0,1,0,0,1,0,0,1,1,0,0,0,0,1,1,1,1,0,1,1,1,0,0,1,0.558957
0,0,0,0,1,0,1,1,1,1,1,1,0,0,1,1,1,1,0,0,1,1,0,0,0,0,0,0,1,1,1,1,0.568761
0,0,0,1,0,0,0,0,0,0,0,0,1,0,1,0,0,0,1,0,0,1,1,1,1,0,1,0,0,1,0,1,0.552616
1,1,1,1,1,1,0,1,1,1,1,1,1,1,0,0,0,1,0,0,0,1,0,0,1,0,1,1,1,0,1,1,0.593510
1,1,1,1,1,1,1,0,1,1,1,1,1,1,1,1,0,1,0,1,0,0,1,0,1,0,0,0,0,1,1,1,0.575128
1,0,0,1,1,0,0,0,1,1,1,1,1,0,0,0,1,0,0,0,0,0,0,0,1,0,1,1,0,1,1,1,0.580589
1,0,0,1,1,0,1,0,1,0,1,0,0,1,0,1,0,1,1,0,0,0,1,1,0,0,1,0,0,1,0,0,0.590660
1,0,1,1,1,1,0,0,1,1,1,0,1,0,0,1,0,1,0,1,1,0,1,0,0,0,0,0,1,1,1,0,0.596361
0,0,1,0,0,1,1,1,1,1,0,1,1,0,1,1,0,0,0,1,0,0,1,1,0,1,0,0,1,0,1,0,0.554641
1,1,0,0,1,0,0,0,1,1,0,0,1,0,0,1,1,1,1,0,1,1,1,1,0,1,0,1,1,0,1,1,0.595961
1,0,1,0,1,0,0,0,0,1,1,0,1,1,0,0,1,0,0,0,0,0,0,1,1,1,1,0,1,1,1,0,0.609708
0,0,1,0,1,0,0,1,1,1,1,0,0,0,0,1,1,0,0,0,1,0,0,1,0,0,1,0,0,0,0,0,0.608056
1,0,1,1,0,0,1,0,0,1,0,1,1,1,1,0,1,1,0,1,0,1,0,1,1,0,1,1,0,0,0,0,0.604406
0,0,0,0,0,1,1,1,0,0,1,1,1,1,1,1,1,1,1,0,0,1,1,1,1,1,1,0,0,1,0,1,0.577126
1,1,0,0,1,0,1,1,0,0,1,1,1,0,0,0,0,0,0,1,0,1,0,0,0,0,0,1,1,0,1,0,0.576327
1,1,1,1,1,0,0,1,0,0,0,0,0,1,1,0,1,1,1,0,0,0,0,1,0,1,1,1,0,0,0,1,0.601849
0,1,1,0,1,0,1,0,0,0,0,0,0,1,1,0,1,1,1,0,0,1,1,1,1,0,1,0,1,0,1,1,0.592951
0,1,0,0,0,0,0,1,0,1,1,0,1,1,1,1,1,1,1,0,0,1,0,0,0,1,0,1,1,1,0,0,0.593670
0,0,1,0,1,1,0,0,0,0,0,1,1,1,0,0,1,0,0,0,0,0,0,0,0,1,0,0,1,1,0,0,0.574702
0,1,1,1,1,0,0,0,0,0,0,0,1,0,0,1,0,1,1,1,0,0,0,1,1,1,1,1,1,1,1,0,0.615915
0,0,1,1,0,1,1,1,1,1,0,1,0,0,1,0,0,1,0,0,0,0,0,0,1,1,0,0,0,1,0,0,0.627451
0,1,1,1,0,1,1,0,0,1,0,1,0,1,1,0,1,1,1,0,0,0,0,1,1,0,0,1,0,1,1,0,0.623322
1,1,1,1,0,1,0,1,0,0,0,0,0,0,1,1,1,0,0,1,1,0,1,1,0,0,1,1,0,1,1,1,0.600757
1,0,0,1,0,1,1,0,1,0,1,0,1,0,1,0,1,1,1,1,0,1,0,0,0,0,0,1,1,1,1,1,0.587809
1,1,1,0,0,1,0,1,1,1,1,0,1,1,0,0,1,1,1,0,1,0,1,0,1,1,1,1,1,1,1,1,0.598332
0,0,0,0,0,1,0,1,1,0,0,0,0,0,0,0,1,0,0,0,0,1,0,1,1,1,1,1,0,1,1,1,0.585198
1,0,1,0,0,0,1,1,1,0,0,0,0,1,1,0,0,0,0,1,1,1,1,1,0,1,1,1,0,0,0,0,0.594896
0,1,0,1,1,0,1,0,0,1,1,1,0,1,0,1,0,0,1,1,1,0,0,1,1,0,0,1,0,0,0,0,0.605632
0,1,0,1,1,0,1,0,0,1,0,1,1,0,0,0,1,1,1,1,1,0,1,1,1,1,1,1,1,0,0,0,0.635283
1,1,0,0,1,1,1,0,0,0,0,0,0,0,0,1,0,1,0,0,1,1,0,1,0,1,1,0,1,0,0,1,0.553495
0,1,0,1,1,1,1,1,0,1,1,1,0,1,1,1,0,1,1,0,0,1,0,0,1,1,1,0,0,1,1,0,0.611067
1,0,1,1,0,1,1,1,0,0,0,0,1,1,0,1,0,0,1,0,1,0,1,1,0,0,1,1,0,0,0,1,0.604886
0,1,1,1,1,1,0,0,0,1,1,0,1,0,0,1,0,0,0,1,0,0,1,1,0,1,0,0,0,1,0,1,0.590473
1,1,1,0,0,1,1,1,1,0,1,0,1,0,1,0,1,0,1,0,1,1,0,0,0,1,1,0,0,1,0,1,0.598412
1,1,0,1,1,0,1,0,1,1,0,1,1,0,1,1,1,1,1,1,1,1,0,0,1,1,0,0,1,1,1,0,0.605872
0,0,1,1,1,1,0,0,0,1,0,1,1,1,1,0,1,1,0,0,0,0,0,1,1,0,1,1,1,1,1,0,0.625000
1,1,0,1,1,0,1,0,1,1,0,0,0,1,1,1,1,0,0,0,0,0,0,0,1,0,0,1,1,0,1,0,0.616555
1,0,1,1,1,1,1,0,1,0,1,0,0,1,0,0,1,1,1,0,0,1,0,1,0,1,0,0,1,1,1,0,0.591166
0,0,0,1,0,1,0,1,0,0,1,0,1,1,0,1,1,1,0,1,1,0,1,1,1,1,0,1,0,1,0,1,0.592125
1,1,1,0,1,1,0,1,1,0,0,1,0,0,1,0,0,1,0,0,0,1,1,0,1,1,0,0,0,0,1,1,0.587862
1,0,0,1,0,0,1,1,1,1,1,0,0,1,1,0,0,1,1,1,0,0,1,1,0,0,0,0,1,1,0,0,0.600996
1,1,0,0,1,0,1,1,0,1,1,0,1,0,1,1,0,1,1,0,0,1,1,1,0,0,0,0,0,0,1,1,0.576753
1,0,1,0,0,0,0,1,0,1,1,0,0,1,0,1,1,1,0,1,0,1,1,1,0,0,0,1,0,0,1,0,0.598039
0,0,0,1,1,1,1,0,1,1,1,1,1,1,0,1,0,0,0,1,1,0,0,1,1,0,0,0,1,1,1,0,0.608829
0,1,0,0,1,0,1,0,1,0,0,1,0,0,1,1,0,0,1,1,1,0,1,0,1,0,1,0,1,0,1,0,0.591326
0,0,0,1,0,0,0,0,0,1,0,0,1,1,1,0,1,0,1,1,0,0,0,1,0,0,0,0,1,0,0,1,0.560981
1,0,0,0,1,0,1,1,0,0,1,1,0,1,1,1,1,0,1,0,0,1,1,1,1,1,0,1,0,1,1,0,0.603954
0,0,1,1,1,1,0,1,1,1,1,0,1,1,1,1,0,0,0,0,0,0,1,0,1,0,0,1,1,0,1,1,0.581415
0,1,0,0,1,1,0,1,1,0,0,0,0,1,0,1,0,0,1,0,1,1,1,0,0,1,1,0,0,1,0,0,0.587196
0,0,0,0,1,0,0,1,0,1,1,1,1,0,0,0,0,1,0,1,0,0,1,0,0,1,1,1,1,1,0,1,0.566256
0,0,0,0,1,0,1,0,1,0,0,0,0,0,1,0,1,0,0,1,0,0,1,0,0,0,0,1,0,0,0,0,0.578938
1,0,1,0,1,1,0,0,0,0,1,1,0,0,0,0,1,1,1,0,0,0,1,1,1,1,1,1,0,1,0,0,0.606245
0,1,0,0,0,0,1,0,0,1,0,1,0,0,0,1,1,1,1,1,1,0,1,1,0,0,0,1,0,0,1,0,0.605099
1,1,0,0,0,1,0,1,1,0,0,1,1,1,0,1,1,1,1,0,1,0,0,1,0,0,1,1,1,1,1,0,0.599611
1,1,1,0,0,1,0,0,0,0,0,1,0,0,0,0,1,1,1,1,0,1,0,0,0,1,1,1,0,1,1,0,0.585811
