1,1,0,0,0,1,0,1,0,0,1,1,1,0,1,0,1,0,1,0,0,1,0,0,1,1,1,1,1,0,1,1,0.589578
0,0,0,0,1,0,1,0,1,0,0,0,0,0,1,0,1,0,0,1,0,0,1,0,0,0,0,1,0,0,0,0,0.579838
0,0,0,0,0,1,1,1,0,0,1,1,1,1,1,1,1,1,1,0,0,1,1,1,1,1,1,0,0,1,0,1,0.577600
1,0,1,0,1,1,0,0,0,0,1,1,0,0,0,0,1,1,1,0,0,0,1,1,1,1,1,1,0,1,0,0,0.606223
0,1,0,1,1,0,1,0,0,1,0,1,1,0,0,0,1,1,1,1,1,0,1,1,1,1,1,1,1,0,0,0,0.635507
0,0,1,1,0,1,0,1,0,0,0,0,0,1,1,1,0,1,0,1,1,1,1,1,1,0,1,1,1,0,1,1,0.587937
1,0,1,1,0,1,0,1,0,1,1,1,0,0,1,1,0,1,1,0,0,1,1,1,0,0,1,0,0,0,1,1,0.604028
1,1,0,1,0,1,0,1,0,0,1,0,1,1,1,1,0,1,1,0,1,0,0,0,0,1,0,0,1,1,1,1,0.564066
1,1,0,1,1,0,0,1,0,1,0,1,1,1,0,0,0,0,1,0,1,1,1,1,0,1,0,1,0,1,0,0,0.607097
0,0,1,0,0,0,0,1,0,1,0,0,1,1,1,0,0,1,0,1,0,0,0,0,0,0,0,1,0,0,0,0,0.567967
1,1,1,1,0,0,1,1,0,1,1,1,1,0,0,1,0,1,1,0,1,0,0,0,1,0,1,1,1,0,1,0,0.585209
1,1,0,1,0,1,1,0,0,1,1,0,1,0,1,1,0,0,0,0,0,0,0,1,1,1,0,0,0,0,0,0,0.596547
1,1,0,0,0,1,0,0,1,1,0,0,1,0,1,0,1,0,1,0,1,1,0,1,1,0,0,0,1,1,0,1,0.584825
1,1,0,0,1,0,1,1,0,0,1,1,1,0,0,0,0,0,0,1,0,1,0,0,0,0,0,1,1,0,1,0,0.577494
0,0,1,0,1,0,0,1,1,1,1,0,0,0,0,1,1,0,0,0,1,0,0,1,0,0,1,0,0,0,0,0,0.605946
0,0,1,1,1,1,0,0,0,1,0,1,1,1,1,0,1,1,0,0,0,0,0,1,1,0,1,1,1,1,1,0,0.624915
0,0,0,0,1,1,1,1,0,1,1,1,1,0,0,1,1,0,0,0,1,1,0,1,0,0,0,0,1,1,1,0,0.561360
0,0,0,1,0,0,0,0,0,1,0,0,1,1,1,0,1,0,1,1,0,0,0,1,0,0,0,0,1,0,0,1,0.562084
0,0,0,1,0,0,1,0,1,1,0,0,1,1,1,0,1,1,1,1,0,1,0,1,1,1,0,0,0,0,1,1,0.598039
1,1,0,0,1,0,1,0,0,0,1,0,0,1,1,1,1,1,0,0,1,1,1,1,1,1,0,0,1,1,1,0,0.574041
1,0,1,1,1,1,1,1,1,0,0,1,1,0,0,0,0,0,1,0,0,1,0,0,0,0,0,1,1,1,0,0,0.598295
1,0,1,0,1,0,0,0,1,0,1,1,1,1,1,1,1,0,1,0,1,0,1,1,1,0,0,1,0,0,1,1,0.593713
1,0,1,0,0,0,1,1,1,0,0,0,0,1,1,0,0,0,0,1,1,1,1,1,0,1,1,1,0,0,0,0,0.595546
1,1,0,1,0,1,1,0,0,0,0,1,0,1,1,1,1,0,1,0,0,1,1,1,0,0,1,1,0,1,1,0,0.617199
0,1,1,1,1,0,0,0,0,0,0,0,1,0,0,1,0,1,1,1,0,0,0,1,1,1,1,1,1,1,1,0,0.616283
1,1,1,0,0,1,0,0,0,0,0,1,0,0,0,0,1,1,1,1,0,1,0,0,0,1,1,1,0,1,1,0,0.585763
1,1,1,0,0,0,0,1,0,0,0,0,1,1,0,1,0,1,0,1,0,0,0,1,1,0,0,1,0,1,0,1,0.601513
1,0,0,1,0,0,0,1,0,0,1,1,1,1,0,0,0,0,0,1,0,1,1,1,0,0,0,1,0,1,0,0,0.604390
1,0,1,1,1,1,1,0,1,0,1,0,0,1,0,0,1,1,1,0,0,1,0,1,0,1,0,0,1,1,1,0,0.591091
0,1,0,1,1,0,1,0,0,1,1,1,0,1,0,1,0,0,1,1,1,0,0,1,1,0,0,1,0,0,0,0,0.605904
1,0,0,0,1,0,0,1,1,1,1,0,0,0,1,0,0,1,0,0,0,0,0,0,1,1,1,0,1,0,1,0,0.600021
0,0,1,0,1,1,0,0,1,0,1,1,1,1,0,1,0,1,1,0,1,1,1,0,0,1,1,0,0,0,1,0,0.580392
1,1,0,1,1,0,1,0,1,1,0,0,0,1,1,1,1,0,0,0,0,0,0,0,1,0,0,1,1,0,1,0,0.617136
1,1,0,0,1,1,1,0,0,0,0,0,0,0,0,1,0,1,0,0,1,1,0,1,0,1,1,0,1,0,0,1,0.553517
0,0,0,0,1,0,0,1,0,1,1,1,1,0,0,0,0,1,0,1,0,0,1,0,0,1,1,1,1,1,0,1,0.567306
1,0,1,1,1,1,0,0,1,1,1,0,1,0,0,1,0,1,0,1,1,0,1,0,0,0,0,0,1,1,1,0,0.596867
1,1,0,0,1,1,1,0,1,1,1,1,1,1,0,1,1,1,0,1,0,0,0,1,0,1,1,1,1,1,1,1,0.541837
0,0,0,1,0,1,0,1,0,0,1,0,1,1,0,1,1,1,0,1,1,0,1,1,1,1,0,1,0,1,0,1,0.592626
0,0,0,1,0,1,0,0,1,1,0,0,1,0,1,0,1,0,1,0,0,1,1,1,0,0,0,1,0,1,1,0,0.593116
1,0,0,0,1,0,1,1,0,0,1,1,0,1,1,1,1,0,1,0,0,1,1,1,1,1,0,1,0,1,1,0,0.603495
1,0,1,1,0,1,1,1,0,0,0,0,1,1,0,1,0,0,1,0,1,0,1,1,0,0,1,1,0,0,0,1,0.603474
0,1,1,0,0,0,0,0,0,0,1,1,1,0,0,1,0,1,1,0,0,0,1,0,0,0,1,1,0,1,0,0,0.580946
0,0,1,0,1,0,0,1,1,0,1,1,1,0,0,1,0,0,0,1,1,0,0,1,1,1,1,1,1,0,0,0,0.605968
0,0,1,1,0,1,1,1,1,1,0,1,0,0,1,0,0,1,0,0,0,0,0,0,1,1,0,0,0,1,0,0,0.625767
0,1,1,1,0,0,0,0,1,1,1,0,1,0,0,1,1,1,1,0,0,0,0,0,1,0,0,0,0,1,1,1,0.614940
1,0,1,0,0,0,1,0,1,0,1,1,1,0,0,1,1,0,0,1,0,1,0,1,1,1,0,1,0,0,0,0,0.603176
0,0,1,0,1,1,0,1,1,0,0,0,1,0,0,1,0,0,0,0,0,0,0,1,1,0,0,1,0,1,1,0,0.604454
0,0,0,0,1,0,1,1,1,1,1,1,0,0,1,1,1,1,0,0,1,1,0,0,0,0,0,0,1,1,1,1,0.568116
1,1,1,1,1,1,1,0,1,1,1,1,1,1,1,1,0,1,0,1,0,0,1,0,1,0,0,0,0,1,1,1,0.573657
0,1,1,0,0,1,0,0,1,1,0,1,0,1,1,0,1,1,0,0,0,1,1,0,1,1,1,1,1,0,1,0,0.621270
1,1,1,0,0,1,0,1,1,1,1,0,1,1,0,0,1,1,1,0,1,0,1,0,1,1,1,1,1,1,1,1,0.597698
0,0,0,0,0,1,1,1,0,0,1,0,1,1,1,1,1,0,1,0,0,0,1,1,1,1,0,0,0,1,0,1,0.557076
0,0,1,0,1,1,0,0,0,0,0,1,1,1,0,0,1,0,0,0,0,0,0,0,0,1,0,0,1,1,0,0,0.576002
0,1,1,0,1,0,1,0,0,0,0,0,0,1,1,0,1,1,1,0,0,1,1,1,1,0,1,0,1,0,1,1,0.591581
1,1,1,1,0,0,1,0,1,0,0,0,1,0,1,0,1,0,0,1,1,0,0,1,0,1,1,1,0,0,1,0,0.599659
1,1,1,1,1,0,1,1,1,1,1,0,1,0,1,0,1,1,1,0,1,0,1,0,1,0,0,0,1,0,0,1,0.604966
1,1,0,1,1,0,1,1,1,0,0,0,1,1,1,0,0,0,1,1,1,0,1,1,0,1,1,0,0,0,0,1,0.602323
0,0,0,0,1,1,0,1,0,0,0,1,0,1,0,0,0,0,0,1,1,0,1,0,1,0,1,0,0,0,0,1,0.534314
0,0,0,0,0,1,1,1,1,0,0,0,1,1,0,1,1,1,1,0,1,0,1,1,1,1,1,1,0,0,1,0,0.605712
0,1,0,1,0,1,0,0,1,0,1,0,0,0,1,0,1,0,1,1,1,1,1,0,1,0,0,0,0,1,1,1,0.599702
1,0,0,1,1,0,1,0,1,0,1,0,0,1,0,1,0,1,1,0,0,0,1,1,0,0,1,0,0,1,0,0,0.589898
1,1,0,0,1,0,1,1,0,0,1,1,1,0,1,1,0,1,1,1,1,0,0,0,1,1,0,0,0,0,1,1,0.581159
0,0,0,0,0,1,1,1,0,0,0,0,0,0,0,0,0,0,0,0,0,1,1,0,0,0,0,1,1,0,1,1,0.544011
1,0,0,1,1,1,1,1,1,1,0,1,0,0,0,0,0,0,0,1,0,1,1,0,0,1,0,1,1,0,1,1,0.597059
1,0,1,1,0,0,1,0,0,1,0,1,1,1,1,0,1,1,0,1,0,1,0,1,1,0,1,1,0,0,0,0,0.605200
0,1,1,1,1,1,0,0,0,1,1,0,1,0,0,1,0,0,0,1,0,0,1,1,0,1,0,0,0,1,0,1,0.589599
0,0,0,0,1,0,1,0,0,1,0,0,0,0,1,1,1,0,0,0,1,0,0,1,0,0,0,0,1,1,0,0,0.575426
1,0,1,0,0,0,0,1,0,1,1,0,0,1,0,1,1,1,0,1,0,1,1,1,0,0,0,1,0,0,1,0,0.598551
1,1,1,1,1,0,0,1,0,0,0,0,0,1,1,0,1,1,1,0,0,0,0,1,0,1,1,1,0,0,0,1,0.599851
1,0,0,0,1,1,1,0,0,1,1,0,0,1,1,1,1,0,0,0,0,0,1,1,0,1,0,0,0,0,1,0,0.563150
1,0,1,0,0,1,1,1,0,0,0,0,1,1,0,1,0,0,1,1,1,1,0,1,0,1,0,1,0,1,1,0,0.586253
1,0,0,1,0,0,0,0,0,1,0,0,0,0,1,1,0,1,1,1,1,1,1,0,1,1,0,0,0,1,1,0,0.583248
0,1,0,0,1,1,0,1,1,0,0,0,0,1,0,1,0,0,1,0,1,1,1,0,0,1,1,0,0,1,0,0,0.586914
1,1,0,0,1,0,0,0,1,1,0,0,1,0,0,1,1,1,1,0,1,1,1,1,0,1,0,1,1,0,1,1,0.593627
1,1,0,1,1,1,1,1,0,0,1,0,0,0,1,0,0,0,1,0,0,1,1,1,0,1,1,0,1,1,0,0,0.604113
1,1,0,1,0,1,0,1,1,0,1,0,1,1,0,0,0,0,1,1,0,0,0,1,0,0,1,0,0,0,0,0,0.592647
0,0,0,1,1,1,1,0,1,1,1,1,1,1,0,1,0,0,0,1,1,0,0,1,1,0,0,0,1,1,1,0,0.609484
0,0,1,0,0,1,0,1,1,1,1,0,1,0,1,1,1,0,0,0,1,1,0,1,0,0,0,0,1,0,1,1,0.547251
1,0,1,1,1,1,0,0,0,0,1,1,1,1,1,0,0,0,0,0,1,0,0,1,1,0,1,0,0,0,1,0,0.573252
0,1,0,1,1,1,1,1,0,1,1,1,0,1,1,1,0,1,1,0,0,1,0,0,1,1,1,0,0,1,1,0,0.609974
1,0,0,1,1,1,1,1,0,0,0,0,1,0,0,0,1,0,0,0,1,1,0,1,1,1,1,1,1,0,0,1,0.596121
0,0,1,1,0,0,0,1,1,1,0,1,0,0,1,0,1,0,1,1,0,1,0,1,0,1,0,0,1,0,0,1,0.590494
0,0,0,0,0,1,0,1,0,0,0,1,0,0,1,0,0,0,0,0,0,0,0,1,1,1,1,0,1,0,0,1,0.556223
1,0,0,1,1,0,0,0,1,1,1,1,1,0,0,0,1,0,0,0,0,0,0,0,1,0,1,1,0,1,1,1,0.579177
0,1,0,0,0,0,1,0,0,1,0,1,0,0,0,1,1,1,1,1,1,0,1,1,0,0,0,1,0,0,1,0,0.605243
0,0,0,1,0,0,0,0,0,0,0,0,1,0,1,0,0,0,1,0,0,1,1,1,1,0,1,0,0,1,0,1,0.553559
1,1,1,1,0,1,1,1,0,1,0,0,1,0,0,1,1,0,0,0,0,1,1,1,1,0,1,1,1,0,0,1,0.558717
0,1,1,0,0,0,1,1,1,0,0,1,1,1,1,0,0,1,0,1,1,0,0,1,0,1,1,1,0,0,0,1,0.593862
1,0,1,0,1,0,0,0,0,1,1,0,1,1,0,0,1,0,0,0,0,0,0,1,1,1,1,0,1,1,1,0,0.609932
1,0,1,0,1,0,1,1,1,1,1,1,0,1,1,0,1,0,0,0,1,1,1,1,0,0,1,0,1,0,1,0,0.558525
1,0,0,1,0,0,1,1,1,1,1,0,0,1,1,0,0,1,1,1,0,0,1,1,0,0,0,0,1,1,0,0,0.600533
1,1,1,1,0,0,0,1,1,0,1,0,0,0,1,1,0,0,1,1,0,1,1,0,1,1,0,0,0,0,0,0,0.591454
1,1,1,0,0,1,1,1,1,0,1,0,1,0,1,0,1,0,1,0,1,1,0,0,0,1,1,0,0,1,0,1,0.598402
0,0,1,0,1,0,1,0,0,0,1,0,1,0,0,1,1,1,1,0,1,1,0,1,0,0,0,0,1,0,1,0,0.587958
0,0,1,0,0,1,1,1,1,1,0,1,1,0,1,1,0,0,0,1,0,0,1,1,0,1,0,0,1,0,1,0,0.555904
0,1,0,0,1,0,0,0,0,1,1,0,1,0,0,0,1,0,1,0,1,1,0,0,0,1,0,0,1,1,1,0,0.599595
1,0,0,1,0,1,1,0,1,0,1,0,1,0,1,0,1,1,1,1,0,1,0,0,0,0,0,1,1,1,1,1,0.588214
1,1,1,1,1,1,0,1,1,1,1,1,1,1,0,0,0,1,0,0,0,1,0,0,1,0,1,1,1,0,1,1,0.592562
0,0,0,0,0,1,0,1,1,0,0,0,0,0,0,0,1,0,0,0,0,1,0,1,1,1,1,1,0,1,1,1,0.585230
0,1,0,0,1,0,1,0,1,0,0,1,0,0,1,1,0,0,1,1,1,0,1,0,1,0,1,0,1,0,1,0,0.591304
1,0,1,0,1,0,1,0,0,0,1,1,1,1,1,0,1,0,0,1,0,1,0,1,0,0,0,0,0,1,1,1,0.581436
1,0,1,1,1,1,1,0,1,0,0,0,0,1,1,1,1,1,1,1,0,1,0,1,0,1,0,0,1,0,1,1,0.578772
1,1,0,0,1,0,1,1,0,1,1,0,1,0,1,1,0,1,1,0,0,1,1,1,0,0,0,0,0,0,1,1,0.575597
0,0,1,0,0,0,0,0,0,0,0,0,0,0,0,0,0,1,0,1,0,1,0,0,1,1,1,0,1,1,1,1,0.585422
0,1,0,0,0,0,0,1,0,1,1,0,1,1,1,1,1,1,1,0,0,1,0,0,0,1,0,1,1,1,0,0,0.593798
1,1,0,1,0,0,1,0,0,0,0,0,0,0,0,1,1,0,0,0,0,0,0,1,0,0,1,0,0,1,1,0,0.616901
1,1,0,1,1,0,1,0,1,1,0,1,1,0,1,1,1,1,1,1,1,1,0,0,1,1,0,0,1,1,1,0,0.605392
0,1,0,1,0,1,1,1,1,1,1,0,1,1,0,1,1,0,1,0,1,0,1,1,0,1,1,0,0,1,1,1,0.548465
0,1,1,0,1,0,1,1,1,0,0,0,1,0,0,1,1,0,0,0,1,0,1,0,1,0,0,1,0,1,1,1,0.578240
0,1,1,0,1,0,0,0,0,1,0,1,1,0,1,0,1,1,0,1,1,1,1,1,0,0,1,1,1,1,0,1,0.595908
1,0,1,0,1,0,1,0,1,0,1,0,0,0,0,1,1,0,0,1,0,0,1,1,0,0,1,1,0,0,0,0,0.584335
1,1,1,1,1,1,0,1,0,0,1,1,0,1,1,0,0,1,0,0,1,1,1,0,0,1,0,0,1,0,0,1,0.592562
0,1,1,0,0,1,0,1,1,1,1,1,0,1,1,1,1,1,0,1,0,0,1,0,0,1,1,0,1,1,1,0,0.605115
0,0,1,0,0,0,1,1,1,1,1,1,0,1,0,0,1,1,1,1,1,0,0,0,1,1,1,0,0,1,1,1,0.594352
1,1,1,0,1,1,0,1,1,0,0,1,0,0,1,0,0,1,0,0,0,1,1,0,1,1,0,0,0,0,1,1,0.588640
0,0,1,1,1,0,0,0,0,1,0,0,0,1,1,0,1,1,0,0,0,1,0,1,1,1,0,1,0,1,0,1,0.590878
1,0,0,0,0,1,0,0,1,1,0,1,1,0,1,1,0,0,1,1,1,0,1,1,0,0,0,0,0,1,1,1,0.586488
1,0,0,1,1,1,1,0,0,1,0,0,1,1,0,1,1,0,1,0,0,1,0,1,1,0,1,1,0,1,1,1,0.563193
0,0,0,1,0,1,1,0,1,0,0,0,0,1,1,0,1,0,1,0,0,1,0,0,1,1,0,0,0,1,1,1,0.581415
1,1,1,1,0,1,0,1,0,0,0,0,0,0,1,1,1,0,0,1,1,0,1,1,0,0,1,1,0,1,1,1,0.598018
0,0,1,1,0,1,1,0,1,0,1,1,0,1,1,1,1,0,0,0,1,1,1,1,0,1,1,1,1,1,1,0,0.616390
1,0,0,0,0,0,0,1,0,0,1,0,1,1,1,1,0,0,1,0,0,1,0,1,0,0,0,1,0,1,0,1,0.596206
0,1,1,1,0,1,1,0,0,1,0,1,0,1,1,0,1,1,1,0,0,0,0,1,1,0,0,1,0,1,1,0,0.621292
1,0,1,0,0,1,0,1,0,0,0,1,0,1,0,0,1,0,0,0,0,0,1,0,0,1,0,0,0,0,1,1,0.594416
0,1,0,0,0,1,0,1,1,0,0,1,0,0,0,1,0,0,1,1,0,1,1,0,0,0,1,0,1,0,0,1,0.578176
1,1,0,0,0,1,0,1,1,0,0,1,1,1,0,1,1,1,1,0,1,0,0,1,0,0,1,1,1,1,1,0,0.598316
0,0,1,1,1,1,0,1,1,1,1,0,1,1,1,1,0,0,0,0,0,0,1,0,1,0,0,1,1,0,1,1,0.580882
0,1,0,1,0,1,0,1,0,0,0,0,0,1,1,0,1,0,0,0,1,1,1,0,1,0,0,1,0,1,0,1,0.589045
