1,1,1,0,0,0,0,0,1,0,1,1,1,0,1,1,0,0,0,1,1,1,0,0,1,0,0,0,0,0,1,1,0.600970
1,1,0,1,0,1,1,0,0,0,1,0,0,1,0,0,1,0,0,1,0,0,0,1,1,1,1,1,0,1,1,0,0.615516
1,1,0,1,0,0,1,1,1,1,0,0,0,1,0,0,0,1,1,1,0,1,0,1,1,1,0,0,1,1,1,0,0.597133
1,0,1,1,0,0,1,0,0,0,0,0,1,0,0,0,1,0,0,0,0,1,0,1,1,1,1,0,0,1,1,0,0.625266
0,1,1,0,0,1,1,0,0,1,0,0,1,1,1,0,1,1,1,0,1,1,0,1,1,1,1,0,1,0,1,0,0.613917
1,1,1,0,1,0,0,0,1,1,1,1,0,1,1,0,1,0,1,1,1,1,0,0,0,0,0,1,0,1,0,1,0.585065
0,0,0,0,1,0,0,1,1,1,1,1,0,0,0,1,0,0,0,0,1,0,0,0,0,1,1,0,0,0,1,1,0.648551
1,0,0,0,0,1,1,0,0,0,1,0,0,1,1,1,1,1,0,0,0,0,1,1,1,1,0,0,1,0,1,0,0.615462
0,0,1,0,0,0,1,0,1,0,1,1,0,0,1,0,0,0,0,1,1,1,1,0,0,0,0,0,1,1,0,1,0.623295
1,0,0,0,1,1,0,1,0,1,1,0,0,0,1,1,0,1,1,1,0,1,0,0,0,0,0,1,1,1,1,1,0.486573
0,0,1,0,1,1,0,1,1,1,0,1,0,0,1,1,0,1,1,0,1,1,1,0,1,0,0,0,0,1,1,1,0.533967
1,0,0,0,0,0,1,0,1,1,1,0,0,0,1,0,1,0,0,1,1,0,1,1,1,0,0,0,1,0,0,1,0.669864
0,1,0,1,1,1,0,0,1,1,1,0,1,1,1,0,0,1,0,1,1,1,1,0,1,1,1,0,1,1,0,1,0.565457
1,1,1,1,1,1,1,0,0,1,1,1,1,1,0,0,1,0,0,1,1,1,0,1,0,1,0,1,0,1,1,0,0.609069
0,0,0,1,0,1,0,0,0,1,1,0,1,0,0,0,0,1,1,1,0,0,1,0,1,0,1,0,1,0,1,0,0.660379
1,1,1,0,0,1,0,0,0,1,1,0,1,1,0,0,1,0,0,0,1,0,0,1,1,0,0,1,0,0,1,0,0.651268
1,0,0,1,0,0,1,1,0,1,1,0,1,1,1,1,1,1,1,1,1,0,0,0,1,0,0,0,0,0,0,1,0.616981
1,1,0,0,1,1,0,0,0,1,1,1,0,0,1,1,0,0,1,1,1,0,1,1,0,1,1,0,0,1,0,0,0.605019
0,0,0,1,0,0,1,1,0,1,1,0,1,1,1,0,1,0,0,0,0,1,1,1,0,0,0,0,1,0,0,0,0.658621
1,1,1,1,1,0,1,0,1,1,0,0,1,0,1,0,1,0,1,1,0,1,0,1,1,0,0,0,0,0,0,1,0.575607
0,1,0,0,1,1,0,0,1,0,0,1,0,0,1,0,1,1,0,1,0,0,0,1,0,0,1,1,0,1,0,0,0.612532
1,1,0,1,0,0,0,1,1,1,0,1,1,1,1,1,1,1,1,1,1,1,1,1,1,1,0,0,1,1,0,1,0.536818
1,0,0,1,1,0,1,0,1,1,0,1,1,1,1,1,1,0,1,1,0,0,0,1,0,1,1,1,1,1,0,0,0.585971
0,0,0,0,1,0,0,0,0,1,1,0,1,1,0,0,1,1,1,1,1,0,1,0,1,0,0,1,1,0,1,1,0.601076
0,1,1,0,1,1,0,0,0,1,0,0,1,0,1,0,1,0,1,0,1,0,1,0,0,0,1,0,0,1,1,0,0.603181
0,0,0,0,1,0,1,1,0,1,1,0,0,0,0,0,0,0,1,1,0,0,1,1,0,1,1,1,1,1,1,1,0.594709
0,1,1,0,0,1,0,0,0,0,0,0,1,1,1,0,0,1,0,0,0,1,0,0,0,1,0,1,1,0,0,0,0.660592
0,0,1,0,0,0,1,1,1,0,0,1,0,1,1,0,1,1,0,0,0,1,1,1,1,1,0,0,0,1,0,1,0.592285
1,1,0,0,0,0,1,1,1,1,1,1,0,1,0,1,1,0,0,0,0,0,0,0,1,0,1,1,0,0,0,1,0.727888
0,1,0,1,1,0,0,1,1,0,0,0,0,0,1,0,0,0,0,0,1,0,0,0,1,1,0,0,0,1,1,0,0.630328
1,1,0,0,0,0,1,1,1,1,0,1,1,1,0,0,0,1,0,0,1,0,1,1,1,1,0,0,0,1,0,0,0.668345
0,1,0,1,0,0,0,1,0,1,1,0,0,0,1,1,1,0,1,0,0,1,0,1,1,1,1,1,1,1,0,0,0.657982
0,0,1,0,0,1,0,0,0,0,1,1,1,0,1,1,0,1,0,1,0,0,0,0,0,0,0,1,0,1,1,1,0.649750
0,1,0,1,1,1,0,0,0,1,0,1,0,0,1,0,0,1,0,0,0,1,1,1,0,1,1,1,1,1,1,0,0.605152
1,1,0,0,1,1,0,0,0,0,1,0,1,0,0,0,0,0,1,1,0,0,1,0,1,0,1,0,1,1,0,0,0.629822
0,1,1,1,0,1,1,1,1,1,1,1,0,1,1,0,1,1,1,0,0,1,0,1,0,0,1,0,0,0,1,1,0.594309
0,0,0,1,1,0,1,0,0,1,1,0,1,1,0,0,1,0,0,1,0,1,1,1,0,0,1,0,1,0,1,0,0.594416
0,1,1,1,0,1,0,0,0,0,0,0,1,0,0,1,1,1,0,1,1,0,0,1,0,1,0,0,0,1,1,1,0.624094
1,1,0,1,1,1,1,1,1,0,1,0,1,1,0,0,1,1,0,1,1,1,0,1,1,1,0,1,0,1,0,0,0.608110
1,1,1,0,0,0,0,1,0,1,1,0,0,0,0,1,1,0,1,0,0,0,0,1,1,0,1,1,0,0,1,0,0.619299
1,0,0,1,1,0,1,1,0,1,1,0,1,1,1,0,0,1,0,0,0,1,0,1,0,1,1,0,0,1,0,1,0.639786
1,0,1,0,1,0,1,0,0,1,0,1,0,0,1,0,0,0,1,0,1,1,0,0,1,0,1,0,1,1,0,0,0.611440
0,1,0,1,1,0,0,1,0,0,1,1,0,0,1,1,0,1,1,0,1,0,0,1,0,0,1,1,1,0,1,1,0.641651
0,0,0,0,0,0,0,1,0,1,1,0,1,0,0,1,1,1,0,0,1,0,0,1,1,0,0,1,0,0,0,0,0.676630
1,1,0,0,1,0,0,1,1,1,0,0,0,0,1,0,0,0,0,1,1,0,0,0,0,1,1,0,0,1,1,1,0.611893
0,1,1,1,1,1,0,0,1,0,0,1,0,0,1,1,1,0,1,0,1,0,1,1,0,1,0,1,0,1,1,1,0.540788
1,0,0,1,0,1,1,1,0,1,1,0,1,0,0,1,1,1,0,0,1,1,1,0,0,1,0,1,0,1,1,0,0.631714
0,1,1,1,0,1,1,1,0,0,0,1,0,1,1,0,1,1,0,0,1,1,1,0,1,1,1,1,1,1,0,1,0.572197
1,1,1,1,0,0,1,0,0,0,0,0,1,1,0,0,1,1,0,1,1,1,0,1,0,1,1,1,1,0,0,1,0.597187
0,1,1,0,1,1,1,1,1,1,1,0,1,0,0,0,1,0,0,0,1,0,1,0,0,0,0,1,0,0,1,0,0.613278
0,0,1,0,1,0,1,1,0,1,0,1,1,1,0,0,1,0,1,1,0,1,1,0,0,0,1,1,0,1,0,1,0.582028
1,0,0,0,1,0,1,0,1,0,0,1,0,1,0,1,1,0,1,1,1,0,1,0,1,1,1,1,0,0,0,0,0.609575
1,1,1,1,1,0,1,1,0,0,0,0,1,0,0,1,0,0,0,0,1,1,0,0,0,0,1,1,0,1,0,0,0.649004
0,0,1,0,0,0,1,0,1,1,1,1,0,0,1,0,1,1,1,1,1,0,1,1,1,1,1,0,0,0,0,0,0.649430
1,0,1,0,0,1,1,0,0,1,0,0,1,1,0,1,0,1,1,0,0,0,0,1,0,1,0,0,1,1,0,0,0.636562
0,0,1,1,0,0,0,0,0,1,0,0,0,1,1,0,0,0,1,1,0,0,0,0,0,1,0,1,1,0,0,0,0.659234
1,0,1,0,1,0,1,0,1,1,0,0,0,0,1,0,0,0,0,0,0,1,1,0,0,1,1,0,1,0,1,0,0.610720
0,1,1,0,1,0,0,1,1,1,0,1,1,0,1,0,0,0,1,1,1,1,1,0,1,0,1,1,1,1,1,1,0.513400
0,1,1,1,1,1,0,0,1,0,1,1,0,1,1,0,0,1,0,0,0,0,1,1,0,1,1,1,1,0,0,0,0.633285
1,0,0,0,1,0,1,1,0,0,0,1,1,0,0,0,0,1,0,1,0,1,0,0,0,0,0,0,0,1,1,1,0.612186
1,0,1,1,0,1,0,1,0,1,0,1,0,0,1,0,1,1,1,1,1,0,1,1,0,1,0,1,0,1,0,0,0.617967
0,0,1,0,1,0,1,1,0,0,1,1,1,1,1,1,0,0,1,1,0,0,0,1,0,1,1,1,1,0,0,0,0.586637
1,1,1,1,0,1,0,0,1,1,1,1,0,0,1,0,1,1,0,1,0,1,0,0,0,0,1,0,1,0,0,1,0.630195
0,1,1,1,1,1,1,1,0,0,0,0,1,1,1,1,1,1,0,1,1,1,1,1,1,0,1,0,0,0,0,1,0.593777
1,0,1,0,1,1,0,1,1,0,1,0,1,0,0,1,1,1,0,0,0,1,0,0,0,1,0,0,0,0,0,0,0.618446
1,1,1,0,0,0,0,0,1,0,0,0,0,0,1,0,1,0,0,0,1,1,0,0,1,1,1,0,1,0,0,0,0.623748
1,1,1,0,1,0,0,0,1,1,1,1,0,0,0,1,0,0,1,0,0,1,1,0,0,1,0,1,0,0,0,0,0.621723
0,1,1,1,0,0,0,1,1,0,0,1,0,0,1,1,0,1,1,0,0,0,1,1,1,1,0,0,1,1,0,1,0.613624
0,1,1,0,0,1,1,1,1,0,0,0,1,1,1,0,1,0,0,0,0,1,0,0,0,1,1,0,1,0,1,1,0.601103
0,1,0,0,1,1,0,0,1,1,1,1,0,1,1,1,0,0,1,0,1,1,1,1,1,1,1,1,0,1,1,0,0.611440
0,0,0,0,1,1,1,0,1,0,0,0,1,0,1,1,1,0,1,1,0,1,1,0,1,1,1,0,0,0,0,0,0.611040
1,1,0,1,1,1,0,0,1,1,1,1,0,1,0,1,1,1,1,0,0,1,1,0,0,0,1,1,1,0,1,0,0.572251
1,1,1,1,0,0,0,1,0,1,1,0,0,0,1,1,1,0,1,0,0,1,0,1,0,1,1,1,0,1,1,1,0.597160
1,0,1,1,1,1,0,0,1,1,0,0,0,1,0,1,0,0,0,1,1,0,1,0,1,1,1,1,0,0,1,0,0.588662
1,1,1,1,0,0,0,1,0,0,1,1,0,1,1,0,0,1,0,0,0,0,1,1,0,0,0,0,1,1,1,0,0.626545
1,1,0,0,0,0,1,0,1,1,0,1,0,0,0,1,0,0,1,1,1,1,1,0,0,0,0,1,0,1,0,0,0.624494
0,1,1,0,1,0,1,1,0,1,1,1,1,0,1,0,1,0,1,0,0,0,1,1,1,0,0,1,1,1,1,1,0.528959
1,0,0,0,1,1,0,0,0,1,0,1,0,1,1,0,0,1,0,1,0,1,1,1,0,0,0,0,0,0,1,1,0.604406
1,0,0,0,0,1,0,1,0,1,1,1,1,1,0,1,0,0,0,1,1,0,0,0,0,0,1,1,0,0,1,1,0.650362
1,1,1,0,1,1,1,0,1,0,1,1,1,1,0,0,0,1,0,1,1,0,0,0,1,0,0,0,0,1,0,0,0.631714
0,1,1,1,1,1,1,0,1,0,0,0,0,1,0,0,0,0,1,0,1,1,0,0,0,0,0,0,0,0,0,1,0.657769
1,1,1,0,0,1,1,1,1,1,0,0,0,1,1,1,1,0,0,0,0,1,0,1,0,1,1,1,0,0,0,1,0.644848
1,0,0,0,1,0,0,1,0,0,1,1,0,0,0,0,1,0,0,0,1,0,1,0,0,1,0,1,0,0,0,0,0.634937
1,0,1,0,0,1,1,1,0,0,0,1,1,1,0,0,0,1,0,0,0,0,1,1,0,1,1,1,0,1,1,0,0.612692
1,1,0,0,1,0,1,1,1,1,1,0,0,0,1,0,1,0,1,1,1,1,1,0,1,1,1,0,0,1,0,1,0.564338
0,1,0,0,0,0,0,0,1,0,1,1,0,0,1,1,0,1,1,1,1,1,0,0,1,0,1,1,1,1,0,0,0.651668
0,0,1,1,0,1,1,1,0,0,1,0,0,1,1,1,1,1,1,0,1,1,0,0,0,1,0,1,0,0,1,0,0.645993
1,0,0,1,1,1,0,1,1,1,0,0,1,1,1,1,1,0,0,0,1,0,1,1,0,0,1,1,0,1,1,0,0.610507
0,0,1,1,0,1,1,1,1,0,1,1,0,0,0,0,1,0,1,0,0,1,1,1,0,1,1,1,1,0,0,1,0.616581
1,1,1,0,0,0,1,0,1,0,0,0,0,0,1,0,0,0,0,1,0,0,0,0,0,1,1,1,0,0,0,1,0.616022
1,1,1,0,1,1,1,0,0,1,0,0,0,0,1,0,1,0,1,0,1,1,1,0,1,0,0,1,0,1,0,1,0.573050
1,1,1,1,0,1,1,1,0,0,0,0,1,1,1,0,1,1,0,0,0,0,0,0,1,0,1,1,0,1,1,0,0.623961
1,0,1,1,1,1,0,1,1,1,0,1,0,0,0,0,1,1,1,1,0,0,1,1,1,0,1,1,1,0,1,0,0.590979
0,1,0,1,1,1,0,1,0,0,0,0,0,1,1,0,0,1,1,1,1,1,0,0,1,1,1,0,0,0,0,0,0.601343
1,1,0,0,1,1,1,1,1,0,0,1,0,0,1,1,0,0,0,1,1,0,1,0,0,0,1,0,1,0,1,1,0.593670
1,0,0,1,1,1,0,1,0,1,0,0,0,0,1,1,0,0,0,1,0,1,0,1,0,0,1,1,1,0,1,1,0.595455
0,1,0,0,1,1,0,1,1,1,1,0,1,1,0,1,0,1,1,0,1,1,1,1,1,0,1,0,1,0,0,1,0.530611
1,0,1,0,0,1,1,1,1,1,0,1,1,1,0,0,1,0,0,1,0,0,0,1,0,0,1,1,0,0,1,1,0.619965
0,0,0,0,1,0,1,0,1,1,0,0,1,0,0,0,1,1,1,1,0,0,0,1,1,1,1,0,0,1,1,1,0.586024
1,1,0,1,1,1,0,0,0,1,1,0,1,1,0,1,0,0,1,0,0,0,0,1,0,1,0,1,0,1,0,1,0.583014
0,1,0,1,0,0,1,0,0,1,1,1,1,1,1,1,0,0,0,0,0,0,0,0,1,0,0,1,0,1,1,0,0.705456
0,0,0,0,1,0,0,1,1,1,1,0,0,0,0,1,0,1,1,1,0,1,0,0,0,0,0,1,1,1,1,1,0.508685
0,1,0,1,1,0,1,0,1,0,1,1,1,1,1,1,1,0,1,0,0,0,1,1,1,1,1,1,1,1,0,1,0.499387
1,0,0,0,0,1,0,0,1,1,0,0,0,1,0,0,0,1,1,0,1,0,0,0,0,0,0,0,0,0,1,1,0.663496
0,1,1,0,1,1,0,1,1,1,0,0,1,0,0,0,1,0,0,1,1,0,0,0,0,0,0,1,0,1,1,0,0.644368
0,1,0,1,0,0,1,1,1,0,1,0,1,1,0,0,1,1,1,1,0,1,1,0,1,1,1,1,1,1,1,1,0.616848
1,1,1,1,1,0,0,0,0,0,0,1,1,1,1,1,1,0,1,1,0,0,1,0,1,1,1,1,1,0,1,1,0.565324
1,0,1,0,0,1,0,1,0,0,1,1,0,0,0,0,0,0,0,1,0,0,0,0,1,1,1,0,0,1,0,0,0.636269
1,1,1,1,0,0,1,1,0,1,1,1,1,0,1,0,0,0,1,0,0,0,0,0,1,0,1,0,0,0,0,1,0.606724
1,1,0,0,1,1,1,1,0,0,0,1,1,0,1,0,0,0,1,1,1,0,0,0,1,1,0,0,1,1,0,1,0.591725
0,1,0,1,1,1,0,1,0,0,1,0,1,0,1,1,0,0,1,1,1,1,1,1,0,0,0,0,0,1,1,0,0.599904
0,0,1,0,0,1,1,0,0,1,1,0,1,0,0,0,1,0,1,0,1,1,0,0,0,1,0,0,1,1,0,1,0.623322
0,1,1,1,1,1,1,1,1,1,1,1,1,1,0,0,1,1,1,1,0,0,1,1,1,0,0,0,1,1,1,1,0.522219
0,0,0,0,0,1,0,1,0,0,1,1,0,1,1,1,0,1,0,1,1,0,0,0,1,0,0,1,0,1,0,0,0.636296
0,1,1,1,0,1,1,1,1,0,1,0,0,0,1,0,1,1,1,0,1,1,0,1,1,0,1,0,0,1,1,0,0.635177
0,1,0,1,1,0,0,0,1,0,0,0,1,1,0,1,0,1,0,1,0,0,1,1,0,1,1,1,1,0,0,1,0.594576
1,1,1,1,1,1,0,1,1,1,1,1,0,1,1,0,1,0,1,0,0,0,0,1,1,1,1,1,1,0,1,1,0.529305
1,0,1,0,1,0,0,1,1,1,1,1,1,0,1,1,0,0,1,0,1,0,1,1,1,0,0,0,0,1,1,1,0.490436
1,0,0,1,0,1,0,1,0,1,0,0,0,0,1,0,0,1,1,1,0,0,0,0,0,0,0,0,1,1,0,0,0.633205
0,0,0,1,0,1,0,0,0,1,0,1,0,1,1,0,0,1,0,1,0,1,0,1,0,0,0,0,0,1,0,0,0.665388
1,0,1,1,1,0,0,0,0,0,0,1,1,0,1,1,0,1,1,0,1,1,0,1,0,1,1,0,0,0,1,1,0.600517
0,1,1,0,0,1,0,0,1,0,0,0,1,1,1,0,0,1,1,1,0,0,0,0,1,1,0,0,0,0,1,0,0.652467
0,0,0,0,0,0,1,1,0,0,1,1,1,1,0,1,0,0,1,1,0,1,0,1,0,0,0,0,1,1,1,0,0.669198
0,0,1,0,0,0,1,0,1,0,1,0,0,1,0,1,0,1,1,0,1,0,0,0,0,1,1,0,0,0,0,1,0.663177
1,0,1,0,1,1,0,0,0,0,1,0,0,1,0,0,0,0,0,0,0,1,1,0,1,0,1,0,0,0,1,0,0.644954
0,1,0,1,0,1,0,0,0,1,1,0,0,0,0,1,1,0,1,0,0,0,1,0,1,1,1,1,0,1,0,1,0.648524
1,0,1,1,1,0,1,0,0,0,1,1,0,0,1,0,1,0,1,0,1,0,1,0,0,0,0,0,1,0,1,0,0.679854
0,1,1,1,0,0,0,0,1,0,0,0,0,0,0,0,0,1,1,0,0,1,0,0,1,1,1,1,0,1,0,0,0.666134
