1,1,0,1,0,0,1,1,0,0,0,0,1,0,0,1,0,1,0,1,0,1,1,1,0,1,1,1,1,1,1,0,0.731218
1,0,1,1,0,0,0,1,0,1,0,0,0,1,1,0,1,0,0,1,0,1,1,0,1,0,1,1,0,1,0,1,0.619805
0,1,0,1,1,1,1,0,1,0,0,1,1,0,1,1,0,1,1,1,0,1,0,0,0,1,1,0,0,0,1,0,0.609255
0,0,0,0,0,1,1,0,1,0,0,1,1,0,0,1,0,0,1,1,1,0,1,0,0,0,1,0,1,1,1,0,0.598972
0,0,0,1,1,0,0,0,0,1,0,1,0,1,1,0,0,1,0,0,1,1,1,0,0,0,0,0,0,1,1,1,0.605872
1,0,1,1,0,0,1,0,0,0,0,0,0,0,0,0,0,1,0,1,0,0,0,1,1,1,1,1,0,1,0,1,0.615862
1,1,0,1,0,1,1,1,0,0,1,1,0,0,1,1,1,0,1,1,1,1,0,0,1,1,1,1,1,1,1,0,0.700448
1,1,0,1,1,1,1,1,0,0,0,1,0,1,1,0,1,0,0,1,1,0,1,0,0,0,1,1,1,0,0,1,0.612692
0,0,0,1,0,0,0,0,0,0,1,1,1,0,1,1,1,0,1,1,0,1,0,1,0,0,1,0,0,0,0,1,0.604779
0,0,1,1,0,1,1,0,1,1,1,1,0,0,1,1,1,1,1,1,1,1,1,0,0,1,0,1,0,1,1,0,0.609149
1,1,1,0,0,1,1,1,1,1,0,0,0,1,0,1,0,1,1,1,0,0,0,0,1,1,1,1,1,1,0,0,0.677483
0,1,1,0,0,0,1,1,1,1,1,1,0,1,0,0,1,1,0,1,1,1,0,1,1,0,1,1,1,0,0,0,0.643915
0,1,0,0,1,0,0,0,1,0,1,0,1,0,1,1,0,0,1,0,0,0,0,1,1,1,0,1,1,1,0,0,0.608935
0,1,0,1,0,0,1,0,0,1,0,1,1,0,0,0,0,1,1,0,1,1,0,0,0,0,0,1,0,1,0,0,0.647538
0,1,1,0,1,1,1,0,1,0,0,0,0,1,0,0,0,0,0,0,0,1,1,0,1,1,1,1,1,0,1,0,0.627797
1,1,1,1,1,1,0,0,1,1,1,1,0,1,1,1,0,1,1,1,1,1,0,0,1,0,1,1,1,1,0,1,0.556186
1,1,0,1,1,1,0,1,0,0,0,1,1,0,0,1,1,1,0,1,1,0,0,1,0,1,1,0,0,1,0,0,0.846547
1,1,0,0,0,0,0,0,0,0,1,1,0,1,1,1,0,1,1,0,0,1,0,0,1,1,0,1,1,0,1,1,0.603367
1,1,0,0,0,0,0,0,1,1,1,1,1,1,1,1,1,1,1,1,0,0,0,0,1,1,0,1,1,1,1,0,0.618500
0,0,0,0,0,1,1,0,1,1,1,0,1,1,1,0,0,0,1,0,1,1,1,0,1,1,1,1,1,0,1,1,0.765638
1,0,0,1,1,1,1,1,0,1,1,1,1,0,1,1,0,0,1,0,1,1,0,0,0,0,1,1,0,0,0,0,0.749094
1,0,1,1,1,0,1,1,1,0,0,0,1,0,1,0,0,1,0,1,1,0,1,0,1,0,0,0,1,0,0,1,0.609628
1,0,1,1,0,0,1,0,0,1,0,1,1,1,1,0,0,0,0,1,0,0,0,1,0,1,1,1,1,1,1,1,0.559143
1,1,0,0,0,1,1,0,1,0,1,1,1,1,1,1,1,1,0,1,0,1,1,1,1,0,1,1,1,1,1,1,0.513960
1,1,1,0,1,1,0,1,1,1,0,1,0,0,1,1,1,1,0,0,1,1,0,1,0,1,0,1,1,0,1,0,0.640665
0,1,1,1,0,1,0,0,1,0,1,0,1,0,0,0,1,1,1,0,0,1,1,0,1,1,1,0,1,0,1,1,0.664003
0,0,0,1,0,0,1,1,0,0,1,1,0,1,1,1,1,1,0,1,0,1,1,0,0,1,0,1,1,0,0,0,0.614450
0,1,0,1,1,0,1,1,0,1,0,0,1,1,1,1,1,0,1,1,0,1,0,1,1,1,0,1,1,1,1,0,0.635577
0,0,0,0,0,0,0,0,0,1,1,0,1,1,1,0,0,1,1,0,1,0,0,0,0,1,0,0,1,0,1,1,0.643036
1,0,1,0,0,0,0,0,0,1,0,0,1,1,0,0,0,1,1,1,1,1,0,1,1,0,1,0,1,0,0,0,0.621803
0,1,1,0,1,1,0,0,1,0,0,0,0,0,1,1,1,0,0,0,1,0,1,0,1,1,1,0,1,0,1,1,0.670130
0,1,1,0,1,1,0,0,0,1,0,0,0,0,0,1,1,1,1,0,1,1,0,1,0,0,0,0,0,1,1,1,0.625959
1,0,0,1,0,0,0,0,1,0,1,1,1,1,0,1,1,0,1,1,1,1,0,0,0,0,1,0,1,1,1,1,0.561061
1,0,0,0,0,0,1,1,1,1,1,0,1,0,1,0,0,0,1,1,0,1,1,0,0,1,1,1,0,0,1,1,0.615995
1,1,1,0,1,0,0,0,1,1,1,0,0,0,1,0,0,1,1,1,0,1,0,1,0,0,1,0,0,1,0,0,0.859335
0,1,1,1,0,0,0,1,0,0,1,0,0,0,0,0,1,1,0,0,1,1,1,0,1,0,1,1,0,0,1,1,0.628543
1,0,1,1,1,1,1,1,1,0,1,0,0,1,0,0,1,0,1,1,1,0,0,0,1,1,1,0,0,1,1,0,0.679135
0,0,0,1,0,0,1,1,0,0,1,0,1,1,0,1,0,1,1,1,1,1,1,1,1,0,1,0,1,0,1,0,0.609069
0,1,0,0,0,0,1,0,0,1,1,0,1,1,0,1,0,1,1,0,1,0,0,1,1,0,0,0,1,1,0,0,0.602568
0,1,0,0,0,0,0,1,0,0,1,0,0,1,0,1,0,0,0,1,1,1,0,0,1,1,0,1,1,0,1,1,0.611360
0,0,0,1,1,0,1,1,0,0,0,0,1,1,0,0,1,0,0,0,1,0,0,0,1,0,0,1,1,1,0,1,0.638001
0,0,0,0,1,1,1,1,1,1,0,0,1,1,1,0,0,0,1,0,1,0,1,1,1,0,1,1,1,1,0,1,0.620684
0,1,1,0,0,1,1,0,1,1,0,1,0,0,1,1,1,0,0,0,0,0,1,1,1,0,1,1,1,1,1,1,0.700021
1,0,0,0,1,1,1,1,1,0,0,0,1,1,0,1,1,1,0,1,1,1,0,1,1,1,0,0,0,0,0,1,0.556666
1,1,0,1,0,1,0,1,1,1,0,0,0,1,1,1,0,0,1,1,0,1,0,1,1,0,1,1,0,1,1,1,0.527893
1,1,0,0,1,1,0,0,0,1,1,1,1,0,0,1,1,0,0,0,1,0,0,0,0,1,1,0,0,0,1,0,0.668212
1,0,1,0,1,0,1,0,1,1,1,1,0,1,0,0,1,1,1,0,1,0,0,1,1,1,0,1,0,0,0,1,0.625480
0,0,0,0,1,1,1,1,1,1,1,0,0,1,1,0,1,1,1,0,0,0,1,1,1,0,0,1,0,1,1,1,0.633818
0,1,1,0,0,1,1,1,1,1,0,1,0,0,1,1,0,0,0,1,1,0,0,0,0,0,0,0,0,1,1,1,0.618180
0,1,1,0,0,0,1,0,0,1,1,1,1,0,1,0,1,1,0,1,0,0,1,0,1,1,0,1,1,1,0,1,0.664615
1,1,1,0,1,1,1,0,1,0,0,0,0,0,1,0,0,0,1,0,1,1,1,0,1,0,0,0,1,0,0,0,0.699222
0,0,1,0,0,1,1,0,0,0,1,0,0,0,0,1,0,0,0,0,1,1,0,0,0,0,1,1,1,1,1,0,0.585331
1,1,1,1,0,0,0,0,0,0,0,1,1,1,0,0,1,0,1,0,1,0,0,1,1,0,0,0,1,0,0,0,0.671116
0,0,1,0,0,1,0,0,0,1,1,0,1,1,1,1,0,1,1,1,0,0,1,0,1,0,0,1,1,1,0,0,0.648737
1,0,0,1,0,0,1,1,1,1,1,0,0,0,0,1,1,0,1,0,1,0,1,1,1,0,1,1,0,0,0,1,0.610614
1,1,1,0,1,1,0,0,1,1,0,0,0,1,1,1,0,1,0,1,0,0,1,0,1,0,1,1,0,1,1,1,0.561275
1,0,1,1,1,0,1,0,1,1,0,0,0,1,1,0,1,0,1,1,1,0,1,1,1,0,1,0,1,1,0,1,0.604646
1,1,1,0,0,1,1,1,0,0,0,0,0,1,1,1,1,0,1,0,1,0,1,1,1,1,0,0,0,0,0,1,0.581815
1,0,0,0,1,0,1,0,0,0,0,1,1,0,1,1,1,0,1,0,1,1,0,0,1,0,1,0,1,0,0,0,0.629902
0,0,0,0,0,0,1,0,0,0,1,0,1,1,1,1,1,1,1,1,0,0,1,0,0,0,0,0,1,1,1,0,0.568814
0,0,1,0,0,0,1,1,1,1,0,1,1,1,0,0,1,0,0,0,1,0,1,1,0,1,0,1,1,1,0,0,0.614370
1,0,0,1,1,0,0,0,1,1,1,1,0,1,1,0,1,0,1,0,0,0,0,1,0,0,1,1,0,0,0,1,0.634751
0,0,1,1,1,1,0,1,1,0,0,1,0,0,1,0,1,0,0,0,1,1,1,1,1,0,0,1,0,0,0,1,0.610427
0,1,1,0,0,0,0,1,0,1,1,1,1,1,1,1,1,1,0,0,1,1,1,1,0,1,1,1,0,0,1,0,0.606484
0,0,1,0,1,1,1,1,0,1,1,0,1,0,0,1,0,0,1,0,1,0,1,0,1,0,1,1,1,0,1,1,0.577765
1,1,1,0,0,1,0,1,0,0,0,1,0,0,0,0,0,0,1,0,0,0,0,1,1,1,1,1,0,1,0,1,0.620391
1,0,0,0,0,1,1,0,1,0,0,1,0,0,1,1,0,0,0,1,1,0,0,1,0,0,0,0,0,0,0,0,0.726929
0,0,0,0,1,0,1,0,1,0,0,1,0,0,1,1,0,1,1,0,0,0,1,1,1,1,0,0,1,0,1,0,0.679081
1,1,0,0,0,0,0,1,0,1,0,1,1,1,0,0,1,1,1,1,0,0,1,0,1,1,1,1,1,0,1,1,0.619512
0,0,0,1,0,1,0,1,0,0,1,1,0,0,1,0,0,0,1,0,1,0,0,1,1,0,1,0,0,0,0,1,0.619912
1,0,0,1,1,1,1,1,1,1,0,1,0,1,0,1,0,1,1,0,0,0,0,1,1,1,1,1,0,0,1,0,0.644821
1,1,0,1,0,1,1,1,1,1,1,1,1,1,1,1,0,1,0,1,1,1,1,1,1,0,1,0,1,0,0,1,0.603554
0,0,1,0,1,1,0,0,0,0,0,1,1,1,0,1,1,1,0,1,1,1,0,0,0,1,1,1,0,0,0,1,0.641491
1,1,1,0,0,1,1,1,1,1,0,0,0,0,1,1,1,0,0,1,1,0,1,1,1,0,0,1,0,0,0,0,0.710944
0,1,1,0,0,0,0,1,0,0,1,1,1,0,0,1,1,0,1,0,0,1,0,0,1,0,0,1,1,1,0,1,0.620631
1,0,0,1,1,1,1,1,0,1,1,0,1,0,0,0,0,1,0,0,1,1,0,0,1,1,1,1,0,1,0,1,0.598652
1,0,1,1,1,1,0,0,0,1,1,0,1,0,1,0,1,1,0,1,1,1,0,1,1,0,0,0,0,1,1,1,0.612452
1,1,0,0,1,1,0,1,1,0,1,1,0,0,0,1,0,1,0,1,1,1,1,1,1,0,1,1,0,0,0,1,0.609841
1,1,1,1,0,0,1,1,0,0,1,0,0,1,1,0,0,0,0,0,0,0,0,1,1,0,0,1,0,0,0,1,0.647965
1,0,0,1,1,0,1,1,0,0,0,0,0,1,0,0,0,0,1,1,0,1,0,0,0,0,1,0,1,0,0,1,0.632832
0,1,0,0,1,1,0,1,0,1,1,0,1,0,1,0,0,0,0,0,0,0,0,1,1,0,0,1,1,1,0,0,0.598918
1,0,0,0,0,0,1,0,0,0,0,0,0,0,0,0,0,0,1,1,1,0,1,0,0,1,1,1,0,0,0,1,0.648711
0,0,0,1,0,1,0,1,0,1,0,1,1,0,1,1,1,0,0,1,1,1,0,1,1,1,1,1,1,0,0,1,0.607976
0,0,1,1,0,1,0,0,0,1,1,1,1,1,0,1,1,1,1,0,1,0,1,0,0,1,1,1,0,1,0,0,0.633232
0,0,1,0,1,1,1,0,1,1,0,1,1,0,0,1,1,0,1,1,1,0,1,1,0,1,1,1,1,1,1,1,0.714354
0,0,1,1,0,0,0,0,0,1,1,0,0,1,0,0,1,0,0,0,0,0,0,1,1,1,1,1,1,1,1,1,0.700021
0,1,1,1,0,0,0,0,1,0,1,0,1,0,0,1,0,0,0,1,1,0,0,0,0,1,1,0,1,1,0,1,0.619805
1,1,0,0,0,1,0,0,1,0,1,1,1,0,0,0,1,0,1,1,0,0,1,0,0,1,0,1,1,1,1,0,0.645327
0,1,1,1,0,0,0,0,1,0,0,1,0,1,0,1,1,1,0,0,0,0,0,0,0,0,0,1,0,0,1,0,0.606325
0,0,1,0,0,1,1,1,0,0,1,0,1,0,1,1,0,1,0,0,0,0,1,0,1,1,1,1,0,1,0,0,0.580509
1,1,0,0,0,1,0,0,1,0,1,1,1,0,0,1,1,1,0,0,0,0,1,1,1,1,0,1,0,0,0,0,0.689152
0,1,0,0,0,0,0,0,0,1,1,1,1,1,0,1,1,1,1,0,0,1,0,0,0,0,0,0,0,0,0,1,0.604993
0,1,1,1,0,1,0,1,0,0,0,0,0,1,1,1,0,0,0,1,0,1,1,1,0,0,1,1,1,1,1,0,0.631847
0,1,1,1,0,1,1,0,1,1,1,1,0,1,1,1,0,0,0,1,0,1,0,1,0,0,1,0,1,0,1,0,0.631634
0,1,1,1,0,0,0,1,1,0,1,1,1,0,1,1,0,1,1,0,1,1,1,0,0,0,0,1,1,1,0,0,0.615116
1,0,0,1,0,1,1,1,0,0,0,1,0,0,1,0,1,0,1,0,1,1,1,0,0,0,0,1,0,0,1,1,0.608909
1,1,1,1,1,0,1,0,1,1,1,0,0,0,1,1,0,0,1,0,0,1,0,1,0,1,0,1,1,1,1,0,0.671435
1,1,0,0,1,1,0,0,1,1,0,1,0,1,1,0,1,1,0,1,0,0,1,0,0,1,0,1,0,1,1,0,0.678202
0,1,1,1,1,0,1,1,0,1,1,1,0,0,1,1,1,1,0,0,1,0,1,0,0,0,1,1,1,0,0,1,0.579417
1,0,1,1,0,1,1,0,0,1,1,0,1,0,0,1,1,0,1,1,1,0,0,1,1,1,0,1,1,1,1,0,0.618793
0,1,0,1,0,0,1,1,0,0,0,0,0,0,1,0,0,1,0,0,0,1,0,0,0,1,1,0,1,1,1,0,0.628623
1,0,0,1,1,1,1,1,1,0,0,1,0,1,1,0,0,0,1,1,0,1,1,0,1,1,1,1,1,1,0,1,0.562633
1,1,0,0,0,0,0,1,0,0,0,1,1,1,1,0,0,1,0,1,0,0,0,1,1,1,0,0,1,0,1,0,0.658568
1,0,0,1,1,0,1,0,1,1,1,0,1,0,1,1,1,0,0,0,0,0,1,1,1,1,0,1,1,0,0,1,0.591965
0,1,1,1,1,1,0,1,1,1,1,1,0,1,0,1,1,0,0,1,1,1,1,0,0,1,0,1,0,1,0,0,0.674393
1,1,0,1,1,1,1,1,0,0,1,0,0,1,0,1,0,1,1,1,0,0,1,1,0,0,1,0,0,0,1,0,0.742993
0,0,1,1,0,1,1,1,1,1,0,0,1,0,1,0,0,0,0,1,1,0,1,1,1,1,1,1,1,0,1,1,0.607124
1,1,0,0,0,0,1,1,1,0,1,0,1,1,1,1,1,0,0,0,0,1,0,1,0,1,1,1,1,0,0,1,0.575581
1,1,0,0,0,1,1,0,0,1,0,0,1,0,1,1,0,1,1,0,1,0,1,0,0,1,1,1,0,0,0,0,0.703245
1,0,0,0,0,1,0,0,1,0,0,0,1,1,0,0,0,1,1,0,0,0,1,0,1,1,1,0,0,0,0,0,0.651614
1,0,1,0,0,1,0,1,1,1,1,1,1,0,0,1,1,1,0,0,1,1,1,1,1,1,0,1,0,0,0,0,0.665521
1,1,1,1,1,0,0,0,0,0,1,0,0,1,1,1,0,1,0,1,0,1,1,0,0,0,0,1,0,1,1,0,0.715047
0,0,0,0,0,1,1,0,1,0,1,1,0,1,0,0,0,1,1,0,0,1,0,0,0,1,0,0,1,1,1,0,0.607337
0,1,1,1,0,1,0,1,0,1,0,0,0,0,0,0,0,0,1,0,0,0,0,0,1,1,0,1,1,0,1,1,0.640052
0,1,0,0,1,0,1,0,1,1,0,1,1,0,0,0,0,1,1,0,0,1,0,1,0,0,1,1,0,0,0,1,0.623748
0,1,0,0,1,0,0,1,1,1,0,1,0,1,0,1,0,0,0,1,1,1,1,0,1,1,0,1,1,0,0,0,0.609308
0,0,1,0,0,0,1,0,0,0,0,1,0,0,1,0,1,0,0,1,1,0,1,0,0,0,1,0,0,1,1,0,0.592525
0,0,0,1,0,0,1,1,1,1,1,0,1,1,0,1,0,1,0,0,0,1,0,1,0,0,0,0,1,0,0,0,0.605632
0,0,0,0,1,0,1,0,1,0,1,1,0,1,1,0,0,0,0,0,1,0,1,1,1,0,1,0,0,0,1,1,0.736759
1,0,0,1,1,1,1,0,0,1,0,0,0,0,0,0,1,1,0,0,1,0,1,1,1,1,0,1,1,0,1,1,0.642823
1,0,0,0,1,1,1,1,0,0,1,0,1,0,1,1,0,0,0,1,0,0,1,1,1,1,0,1,1,1,0,1,0.534740
1,0,1,0,1,0,1,0,0,1,0,1,0,1,0,0,1,0,1,1,1,1,0,0,1,1,0,0,0,1,1,0,0.616315
0,0,0,1,1,0,0,1,0,0,0,0,1,0,0,1,1,1,0,1,1,1,0,0,0,0,1,0,0,1,0,0,0.603341
0,0,1,1,0,0,1,0,1,1,0,0,1,1,0,0,1,0,0,0,0,0,0,0,0,1,0,1,1,1,0,0,0.615116
1,1,1,1,0,1,1,1,0,1,1,0,0,0,1,1,1,1,0,1,0,0,1,0,0,1,0,1,0,0,1,1,0.618260
0,0,1,0,0,1,1,0,1,0,0,0,0,0,0,0,0,1,1,1,0,1,0,1,1,1,0,1,1,1,1,0,0.635816
0,1,1,0,0,0,1,1,1,1,0,1,0,1,1,1,1,0,1,1,0,1,0,1,1,0,1,1,0,0,1,1,0.592098
1,0,0,1,1,1,0,1,0,0,1,0,1,1,1,1,1,1,0,1,0,1,0,1,0,1,0,1,0,0,0,0,0.701114
