1,0,1,0,1,0,1,0,0,1,0,1,0,1,0,0,1,0,1,1,1,1,0,0,1,1,0,0,0,1,1,0,0.614051
0,0,1,1,0,1,1,1,1,1,0,0,1,0,1,0,0,0,0,1,1,0,1,1,1,1,1,1,1,0,1,1,0.610561
1,1,0,0,0,1,0,0,1,0,1,1,1,0,0,0,1,0,1,1,0,0,1,0,0,1,0,1,1,1,1,0,0.645913
0,0,0,0,1,0,1,0,1,0,0,1,0,0,1,1,0,1,1,0,0,0,1,1,1,1,0,0,1,0,1,0,0.681666
1,0,0,1,0,0,1,1,1,1,1,0,0,0,0,1,1,0,1,0,1,0,1,1,1,0,1,1,0,0,0,1,0.608456
0,0,0,0,1,0,1,0,1,0,1,1,0,1,1,0,0,0,0,0,1,0,1,1,1,0,1,0,0,0,1,1,0.735934
0,0,1,1,0,0,1,0,1,1,0,0,1,1,0,0,1,0,0,0,0,0,0,0,0,1,0,1,1,1,0,0,0.615569
0,0,0,0,0,0,1,0,0,0,1,0,1,1,1,1,1,1,1,1,0,0,1,0,0,0,0,0,1,1,1,0,0.572890
1,1,1,0,0,1,1,1,0,0,0,0,0,1,1,1,1,0,1,0,1,0,1,1,1,1,0,0,0,0,0,1,0.586104
1,0,1,1,0,0,1,0,0,0,0,0,0,0,0,0,0,1,0,1,0,0,0,1,1,1,1,1,0,1,0,1,0.620018
0,1,0,0,0,0,1,0,0,1,1,0,1,1,0,1,0,1,1,0,1,0,0,1,1,0,0,0,1,1,0,0,0.607630
0,0,0,0,0,1,1,0,1,1,1,0,1,1,1,0,0,0,1,0,1,1,1,0,1,1,1,1,1,0,1,1,0.769208
0,1,1,0,1,1,1,0,1,0,0,0,0,1,0,0,0,0,0,0,0,1,1,0,1,1,1,1,1,0,1,0,0.626225
0,0,1,1,0,1,1,0,1,1,1,1,0,0,1,1,1,1,1,1,1,1,1,0,0,1,0,1,0,1,1,0,0.614876
1,0,0,1,1,0,1,0,1,1,1,0,1,0,1,1,1,0,0,0,0,0,1,1,1,1,0,1,1,0,0,1,0.589061
1,1,1,0,0,1,1,1,1,1,0,0,0,0,1,1,1,0,0,1,1,0,1,1,1,0,0,1,0,0,0,0,0.719869
1,1,0,0,0,1,1,0,0,1,0,0,1,0,1,1,0,1,1,0,1,0,1,0,0,1,1,1,0,0,0,0,0.704897
0,0,0,0,1,1,1,1,1,1,0,0,1,1,1,0,0,0,1,0,1,0,1,1,1,0,1,1,1,1,0,1,0.623481
1,1,1,0,1,1,0,1,1,1,0,1,0,0,1,1,1,1,0,0,1,1,0,1,0,1,0,1,1,0,1,0,0.641411
0,1,1,0,1,1,0,0,1,0,0,0,0,0,1,1,1,0,0,0,1,0,1,0,1,1,1,0,1,0,1,1,0.673114
0,0,0,0,1,1,1,1,1,1,1,0,0,1,1,0,1,1,1,0,0,0,1,1,1,0,0,1,0,1,1,1,0.642290
1,0,1,1,1,0,1,0,1,1,0,0,0,1,1,0,1,0,1,1,1,0,1,1,1,0,1,0,1,1,0,1,0.608403
0,1,0,1,1,1,1,0,1,0,0,1,1,0,1,1,0,1,1,1,0,1,0,0,0,1,1,0,0,0,1,0,0.610587
0,0,0,1,0,1,0,1,0,1,0,1,1,0,1,1,1,0,0,1,1,1,0,1,1,1,1,1,1,0,0,1,0.607470
0,1,1,1,0,0,0,0,1,0,0,1,0,1,0,1,1,1,0,0,0,0,0,0,0,0,0,1,0,0,1,0,0.608962
1,0,0,1,1,1,1,1,1,0,0,1,0,1,1,0,0,0,1,1,0,1,1,0,1,1,1,1,1,1,0,1,0.564685
1,1,1,0,1,1,1,0,1,0,0,0,0,0,1,0,0,0,1,0,1,1,1,0,1,0,0,0,1,0,0,0,0.714727
1,0,1,0,1,0,1,0,1,1,1,1,0,1,0,0,1,1,1,0,1,0,0,1,1,1,0,1,0,0,0,1,0.629023
1,1,0,0,1,1,0,0,1,1,0,1,0,1,1,0,1,1,0,1,0,0,1,0,0,1,0,1,0,1,1,0,0.676790
0,0,0,1,1,0,0,1,0,0,0,0,1,0,0,1,1,1,0,1,1,1,0,0,0,0,1,0,0,1,0,0,0.605445
0,0,0,1,1,0,0,0,0,1,0,1,0,1,1,0,0,1,0,0,1,1,1,0,0,0,0,0,0,1,1,1,0.611040
1,1,1,1,1,0,1,0,1,1,1,0,0,0,1,1,0,0,1,0,0,1,0,1,0,1,0,1,1,1,1,0,0.674659
1,0,0,0,0,1,1,0,1,0,0,1,0,0,1,1,0,0,0,1,1,0,0,1,0,0,0,0,0,0,0,0,0.731245
0,1,1,1,0,0,0,1,0,0,1,0,0,0,0,0,1,1,0,0,1,1,1,0,1,0,1,1,0,0,1,1,0.630541
0,1,0,0,1,0,1,0,1,1,0,1,1,0,0,0,0,1,1,0,0,1,0,1,0,0,1,1,0,0,0,1,0.628437
1,1,0,0,0,1,1,0,1,0,1,1,1,1,1,1,1,1,0,1,0,1,1,1,1,0,1,1,1,1,1,1,0.511456
1,0,0,1,1,0,1,1,0,0,0,0,0,1,0,0,0,0,1,1,0,1,0,0,0,0,1,0,1,0,0,1,0.636029
0,0,0,1,1,0,1,1,0,0,0,0,1,1,0,0,1,0,0,0,1,0,0,0,1,0,0,1,1,1,0,1,0.643409
0,1,1,0,0,0,0,1,0,1,1,1,1,1,1,1,1,1,0,0,1,1,1,1,0,1,1,1,0,0,1,0,0.615889
1,0,0,1,0,1,1,1,0,0,0,1,0,0,1,0,1,0,1,0,1,1,1,0,0,0,0,1,0,0,1,1,0.617088
0,0,0,0,0,1,1,0,1,0,1,1,0,1,0,0,0,1,1,0,0,1,0,0,0,1,0,0,1,1,1,0,0.609895
1,1,1,1,0,0,0,0,0,0,0,1,1,1,0,0,1,0,1,0,1,0,0,1,1,0,0,0,1,0,0,0,0.681213
0,0,1,0,0,1,1,0,0,0,1,0,0,0,0,1,0,0,0,0,1,1,0,0,0,0,1,1,1,1,1,0,0.585518
0,1,1,1,0,0,0,1,1,0,1,1,1,0,1,1,0,1,1,0,1,1,1,0,0,0,0,1,1,1,0,0,0.622815
0,1,1,1,0,1,0,1,0,1,0,0,0,0,0,0,0,0,1,0,0,0,0,0,1,1,0,1,1,0,1,1,0.643835
0,1,1,0,0,0,1,1,1,1,1,1,0,1,0,0,1,1,0,1,1,1,0,1,1,0,1,1,1,0,0,0,0.647618
0,0,1,0,1,1,1,1,0,1,1,0,1,0,0,1,0,0,1,0,1,0,1,0,1,0,1,1,1,0,1,1,0.577978
0,1,0,1,1,0,1,1,0,1,0,0,1,1,1,1,1,0,1,1,0,1,0,1,1,1,0,1,1,1,1,0,0.634964
0,0,1,0,0,0,1,0,0,0,0,1,0,0,1,0,1,0,0,1,1,0,1,0,0,0,1,0,0,1,1,0,0.595348
0,0,1,1,0,0,0,0,0,1,1,0,0,1,0,0,1,0,0,0,0,0,0,1,1,1,1,1,1,1,1,1,0.703032
0,0,1,0,1,1,1,0,1,1,0,1,1,0,0,1,1,0,1,1,1,0,1,1,0,1,1,1,1,1,1,1,0.714834
1,1,1,0,0,1,1,1,1,1,0,0,0,1,0,1,0,1,1,1,0,0,0,0,1,1,1,1,1,1,0,0,0.678495
0,1,1,0,0,0,0,1,0,0,1,1,1,0,0,1,1,0,1,0,0,1,0,0,1,0,0,1,1,1,0,1,0.619858
1,1,0,0,0,1,0,0,1,0,1,1,1,0,0,1,1,1,0,0,0,0,1,1,1,1,0,1,0,0,0,0,0.694293
1,1,1,1,1,0,0,0,0,0,1,0,0,1,1,1,0,1,0,1,0,1,1,0,0,0,0,1,0,1,1,0,0.717205
1,0,0,0,1,1,1,1,0,0,1,0,1,0,1,1,0,0,0,1,0,0,1,1,1,1,0,1,1,1,0,1,0.533781
1,1,0,0,0,0,1,1,1,0,1,0,1,1,1,1,1,0,0,0,0,1,0,1,0,1,1,1,1,0,0,1,0.577632
1,0,0,0,0,0,1,1,1,1,1,0,1,0,1,0,0,0,1,1,0,1,1,0,0,1,1,1,0,0,1,1,0.621776
0,0,0,1,0,0,0,0,0,0,1,1,1,0,1,1,1,0,1,1,0,1,0,1,0,0,1,0,0,0,0,1,0.604966
1,0,1,0,0,1,0,1,1,1,1,1,1,0,0,1,1,1,0,0,1,1,1,1,1,1,0,1,0,0,0,0,0.663496
0,1,1,0,0,0,1,1,1,1,0,1,0,1,1,1,1,0,1,1,0,1,0,1,1,0,1,1,0,0,1,1,0.593297
0,1,0,1,0,0,1,0,0,1,0,1,1,0,0,0,0,1,1,0,1,1,0,0,0,0,0,1,0,1,0,0,0.643622
1,1,0,0,0,0,0,0,1,1,1,1,1,1,1,1,1,1,1,1,0,0,0,0,1,1,0,1,1,1,1,0,0.618473
0,0,1,0,0,1,0,0,0,1,1,0,1,1,1,1,0,1,1,1,0,0,1,0,1,0,0,1,1,1,0,0,0.650416
0,1,1,0,0,1,1,0,1,1,0,1,0,0,1,1,1,0,0,0,0,0,1,1,1,0,1,1,1,1,1,1,0.702366
1,0,0,1,1,1,1,1,0,1,1,1,1,0,1,1,0,0,1,0,1,1,0,0,0,0,1,1,0,0,0,0,0.749414
1,0,1,1,0,0,1,0,0,1,0,1,1,1,1,0,0,0,0,1,0,0,0,1,0,1,1,1,1,1,1,1,0.560236
0,1,1,1,0,0,0,0,1,0,1,0,1,0,0,1,0,0,0,1,1,0,0,0,0,1,1,0,1,1,0,1,0.617700
1,0,1,0,0,0,0,0,0,1,0,0,1,1,0,0,0,1,1,1,1,1,0,1,1,0,1,0,1,0,0,0,0.620338
0,0,1,1,0,1,0,0,0,1,1,1,1,1,0,1,1,1,1,0,1,0,1,0,0,1,1,1,0,1,0,0,0.635417
1,0,0,1,1,1,1,0,0,1,0,0,0,0,0,0,1,1,0,0,1,0,1,1,1,1,0,1,1,0,1,1,0.647991
1,1,0,1,1,1,1,1,0,0,0,1,0,1,1,0,1,0,0,1,1,0,1,0,0,0,1,1,1,0,0,1,0.617194
1,1,1,0,0,1,0,1,0,0,0,1,0,0,0,0,0,0,1,0,0,0,0,1,1,1,1,1,0,1,0,1,0.626492
0,1,0,0,1,0,0,1,1,1,0,1,0,1,0,1,0,0,0,1,1,1,1,0,1,1,0,1,1,0,0,0,0.619112
1,0,0,0,1,0,1,0,0,0,0,1,1,0,1,1,1,0,1,0,1,1,0,0,1,0,1,0,1,0,0,0,0.631580
1,1,0,0,0,0,0,1,0,0,0,1,1,1,1,0,0,1,0,1,0,0,0,1,1,1,0,0,1,0,1,0,0.659607
1,0,1,1,1,0,1,1,1,0,0,0,1,0,1,0,0,1,0,1,1,0,1,0,1,0,0,0,1,0,0,1,0.618393
1,0,0,0,0,0,1,0,0,0,0,0,0,0,0,0,0,0,1,1,1,0,1,0,0,1,1,1,0,0,0,1,0.648391
0,0,1,0,0,1,1,1,0,0,1,0,1,0,1,1,0,1,0,0,0,0,1,0,1,1,1,1,0,1,0,0,0.582134
0,0,1,0,0,0,1,1,1,1,0,1,1,1,0,0,1,0,0,0,1,0,1,1,0,1,0,1,1,1,0,0,0.621377
1,1,0,1,0,1,1,1,1,1,1,1,1,1,1,1,0,1,0,1,1,1,1,1,1,0,1,0,1,0,0,1,0.602994
1,0,1,1,0,1,1,0,0,1,1,0,1,0,0,1,1,0,1,1,1,0,0,1,1,1,0,1,1,1,1,0,0.613891
0,1,0,0,0,0,0,0,0,1,1,1,1,1,0,1,1,1,1,0,0,1,0,0,0,0,0,0,0,0,0,1,0.609495
0,1,1,0,0,0,1,0,0,1,1,1,1,0,1,0,1,1,0,1,0,0,1,0,1,1,0,1,1,1,0,1,0.667413
0,0,0,0,0,0,0,0,0,1,1,0,1,1,1,0,0,1,1,0,1,0,0,0,0,1,0,0,1,0,1,1,0.645993
1,0,0,1,1,1,0,1,0,0,1,0,1,1,1,1,1,1,0,1,0,1,0,1,0,1,0,1,0,0,0,0,0.705856
1,0,0,1,0,0,0,0,1,0,1,1,1,1,0,1,1,0,1,1,1,1,0,0,0,0,1,0,1,1,1,1,0.565724
1,1,0,1,0,0,1,1,0,0,0,0,1,0,0,1,0,1,0,1,0,1,1,1,0,1,1,1,1,1,1,0,0.732870
0,0,0,1,0,0,1,1,1,1,1,0,1,1,0,1,0,1,0,0,0,1,0,1,0,0,0,0,1,0,0,0,0.612292
0,0,0,0,0,1,1,0,1,0,0,1,1,0,0,1,0,0,1,1,1,0,1,0,0,0,1,0,1,1,1,0,0.596228
1,0,1,1,1,1,0,0,0,1,1,0,1,0,1,0,1,1,0,1,1,1,0,1,1,0,0,0,0,1,1,1,0.611280
0,1,0,0,1,0,0,0,1,0,1,0,1,0,1,1,0,0,1,0,0,0,0,1,1,1,0,1,1,1,0,0,0.614530
1,1,1,0,1,0,0,0,1,1,1,0,0,0,1,0,0,1,1,1,0,1,0,1,0,0,1,0,0,1,0,0,0.863784
1,0,0,0,1,1,1,1,1,0,0,0,1,1,0,1,1,1,0,1,1,1,0,1,1,1,0,0,0,0,0,1,0.557172
0,1,1,1,0,1,0,1,0,0,0,0,0,1,1,1,0,0,0,1,0,1,1,1,0,0,1,1,1,1,1,0,0.631953
1,1,1,0,1,1,0,0,1,1,0,0,0,1,1,1,0,1,0,1,0,0,1,0,1,0,1,1,0,1,1,1,0.557864
0,0,1,1,1,1,0,1,1,0,0,1,0,0,1,0,1,0,0,0,1,1,1,1,1,0,0,1,0,0,0,1,0.617061
1,0,0,1,1,1,1,1,1,1,0,1,0,1,0,1,0,1,1,0,0,0,0,1,1,1,1,1,0,0,1,0,0.643436
0,1,1,0,0,1,1,1,1,1,0,1,0,0,1,1,0,0,0,1,1,0,0,0,0,0,0,0,0,1,1,1,0.617834
0,1,0,0,1,1,0,1,0,1,1,0,1,0,1,0,0,0,0,0,0,0,0,1,1,0,0,1,1,1,0,0,0.602542
1,1,0,0,1,1,0,1,1,0,1,1,0,0,0,1,0,1,0,1,1,1,1,1,1,0,1,1,0,0,0,1,0.608456
0,1,1,1,0,1,1,0,1,1,1,1,0,1,1,1,0,0,0,1,0,1,0,1,0,0,1,0,1,0,1,0,0.628543
1,1,0,1,1,1,1,1,0,0,1,0,0,1,0,1,0,1,1,1,0,0,1,1,0,0,1,0,0,0,1,0,0.742913
0,0,0,1,0,0,1,1,0,0,1,0,1,1,0,1,0,1,1,1,1,1,1,1,1,0,1,0,1,0,1,0,0.612026
0,0,0,1,0,1,0,1,0,0,1,1,0,0,1,0,0,0,1,0,1,0,0,1,1,0,1,0,0,0,0,1,0.620391
1,1,0,1,0,1,1,1,0,0,1,1,0,0,1,1,1,0,1,1,1,1,0,0,1,1,1,1,1,1,1,0,0.706255
0,1,0,0,0,0,0,1,0,0,1,0,0,1,0,1,0,0,0,1,1,1,0,0,1,1,0,1,1,0,1,1,0.604513
1,1,0,0,0,0,0,0,0,0,1,1,0,1,1,1,0,1,1,0,0,1,0,0,1,1,0,1,1,0,1,1,0.605445
0,1,1,1,1,0,1,1,0,1,1,1,0,0,1,1,1,1,0,0,1,0,1,0,0,0,1,1,1,0,0,1,0.582747
1,0,0,0,0,1,0,0,1,0,0,0,1,1,0,0,0,1,1,0,0,0,1,0,1,1,1,0,0,0,0,0,0.651854
1,1,0,1,1,1,0,1,0,0,0,1,1,0,0,1,1,1,0,1,1,0,0,1,0,1,1,0,0,1,0,0,0.843537
1,1,0,1,0,1,0,1,1,1,0,0,0,1,1,1,0,0,1,1,0,1,0,1,1,0,1,1,0,1,1,1,0.529358
0,1,0,1,0,0,1,1,0,0,0,0,0,0,1,0,0,1,0,0,0,1,0,0,0,1,1,0,1,1,1,0,0.632166
1,0,0,1,1,1,1,1,0,1,1,0,1,0,0,0,0,1,0,0,1,1,0,0,1,1,1,1,0,1,0,1,0.597666
1,1,0,0,1,1,0,0,0,1,1,1,1,0,0,1,1,0,0,0,1,0,0,0,0,1,1,0,0,0,1,0,0.670876
0,0,0,1,0,0,1,1,0,0,1,1,0,1,1,1,1,1,0,1,0,1,1,0,0,1,0,1,1,0,0,0,0.612718
1,0,1,1,1,1,1,1,1,0,1,0,0,1,0,0,1,0,1,1,1,0,0,0,1,1,1,0,0,1,1,0,0.676391
0,0,1,0,1,1,0,0,0,0,0,1,1,1,0,1,1,1,0,1,1,1,0,0,0,1,1,1,0,0,0,1,0.641224
1,0,0,1,1,0,0,0,1,1,1,1,0,1,1,0,1,0,1,0,0,0,0,1,0,0,1,1,0,0,0,1,0.635017
1,1,1,1,1,1,0,0,1,1,1,1,0,1,1,1,0,1,1,1,1,1,0,0,1,0,1,1,1,1,0,1,0.557944
0,1,1,1,0,1,0,0,1,0,1,0,1,0,0,0,1,1,1,0,0,1,1,0,1,1,1,0,1,0,1,1,0.665788
1,1,1,1,0,1,1,1,0,1,1,0,0,0,1,1,1,1,0,1,0,0,1,0,0,1,0,1,0,0,1,1,0.619912
1,0,1,1,0,0,0,1,0,1,0,0,0,1,1,0,1,0,0,1,0,1,1,0,1,0,1,1,0,1,0,1,0.615969
1,1,0,0,0,0,0,1,0,1,0,1,1,1,0,0,1,1,1,1,0,0,1,0,1,1,1,1,1,0,1,1,0.623961
1,1,1,1,0,0,1,1,0,0,1,0,0,1,1,0,0,0,0,0,0,0,0,1,1,0,0,1,0,0,0,1,0.648204
0,1,1,1,1,1,0,1,1,1,1,1,0,1,0,1,1,0,0,1,1,1,1,0,0,1,0,1,0,1,0,0,0.678042
0,1,1,0,1,1,0,0,0,1,0,0,0,0,0,1,1,1,1,0,1,1,0,1,0,0,0,0,0,1,1,1,0.629263
0,0,1,0,0,1,1,0,1,0,0,0,0,0,0,0,0,1,1,1,0,1,0,1,1,1,0,1,1,1,1,0,0.635630
