0,0,0,1,0,1,0,0,1,1,0,0,0,1,0,0,1,1,1,1,1,0,0,0,0,1,0,1,1,0,1,1,0.595109
1,1,1,0,0,0,1,0,0,0,0,1,1,1,1,0,0,0,1,0,1,1,1,0,1,0,0,0,1,0,1,0,0.628996
1,1,1,1,1,1,1,0,0,1,1,1,0,1,1,0,1,1,0,1,0,0,0,0,1,0,0,0,0,0,1,1,0.599371
0,1,1,0,0,0,0,1,0,1,0,1,0,0,0,0,1,1,1,0,1,1,0,0,1,0,0,0,1,0,0,1,0.633871
0,0,0,0,1,1,0,0,0,0,0,1,0,0,1,0,0,1,0,0,1,1,1,0,0,0,1,0,1,1,1,0,0.532555
0,1,1,0,1,1,0,1,0,0,0,0,0,0,1,1,0,0,1,0,1,0,0,0,0,0,0,1,0,0,0,0,0.643942
0,0,0,0,1,1,0,1,1,1,0,1,0,0,0,0,0,1,1,0,0,1,0,1,0,1,1,1,0,0,0,0,0.678842
1,0,1,1,1,1,1,0,1,1,1,1,0,1,0,1,0,0,0,0,0,0,1,0,0,1,1,0,1,0,0,1,0.596947
1,1,1,0,1,1,1,1,1,1,0,1,0,1,0,1,1,1,0,0,0,0,0,0,0,1,0,0,1,1,1,1,0.527360
0,1,0,0,0,1,1,1,1,0,0,1,1,0,1,0,1,1,0,1,0,0,1,1,0,1,1,1,0,0,1,0,0.608429
1,0,0,1,0,1,1,0,1,0,1,1,0,0,0,1,1,1,0,1,0,1,1,1,1,1,1,0,1,1,1,0,0.546888
1,1,0,0,1,0,0,1,1,1,0,1,1,1,0,0,1,1,0,0,0,0,0,0,1,1,1,0,1,0,1,1,0.589914
0,1,0,1,1,0,0,0,1,1,0,0,1,0,1,1,1,1,1,0,0,1,0,0,0,0,0,1,1,0,0,1,0.617514
0,1,1,1,1,0,0,0,1,1,0,0,1,1,1,0,1,0,0,1,0,0,1,0,0,0,1,1,1,0,0,1,0.600277
1,1,1,1,1,0,1,1,1,1,1,1,0,1,1,0,1,0,0,1,0,0,0,1,1,0,1,0,1,0,0,1,0.609628
0,0,0,1,1,0,1,1,1,1,0,0,1,1,0,0,0,1,1,0,1,1,0,0,1,1,1,0,1,1,0,1,0.553469
1,0,1,1,0,1,1,0,1,1,1,0,1,1,1,1,1,1,0,0,1,1,0,1,1,0,1,1,0,1,1,0,0.547847
0,0,1,1,1,1,0,1,0,0,0,1,0,0,0,1,1,1,1,0,0,1,1,1,1,0,1,1,1,0,1,0,0.582960
0,1,1,0,0,0,0,0,1,1,0,1,1,1,0,0,0,0,1,1,0,1,0,0,1,0,0,0,0,1,1,0,0.622256
0,0,0,0,1,0,1,0,0,0,1,0,0,1,0,1,0,1,0,0,0,1,1,1,0,0,1,1,1,1,1,0,0.659127
0,0,1,0,1,1,0,0,1,0,1,0,1,1,0,0,0,0,0,0,0,0,1,1,1,0,1,1,1,1,1,0,0.636083
1,1,1,0,1,0,0,1,1,1,1,1,1,1,0,0,0,0,1,1,1,1,1,0,1,0,1,0,1,0,1,1,0.569187
1,1,0,0,1,0,0,1,1,1,1,0,1,1,1,0,1,0,0,0,1,0,1,0,0,1,0,0,1,1,1,0,0.571505
1,0,0,0,1,0,1,1,0,1,1,0,0,0,1,1,1,0,0,1,0,0,0,1,0,1,1,0,1,1,1,1,0.585944
1,1,1,0,1,1,0,0,0,1,0,0,1,1,0,1,0,1,1,1,1,0,0,1,1,0,0,1,1,0,0,1,0.572677
0,1,0,0,1,1,1,1,1,0,0,0,0,1,1,0,0,0,1,0,0,1,1,0,0,1,1,0,0,1,0,0,0.605072
0,0,1,1,0,0,0,0,1,0,1,1,1,1,1,1,1,0,1,0,0,0,0,1,1,0,1,1,1,0,1,0,0.744592
0,0,1,1,1,1,1,1,1,0,0,1,0,0,1,0,0,0,0,0,1,0,1,0,1,1,1,0,0,1,1,1,0.610347
0,0,1,1,0,1,1,1,0,1,1,0,1,0,1,0,0,1,1,0,0,1,0,1,1,1,1,1,1,0,0,0,0.596974
1,0,1,1,0,1,0,1,1,1,0,0,0,1,0,1,0,0,0,1,0,0,1,0,0,0,1,0,1,1,1,0,0.633339
1,1,1,0,1,1,1,0,1,1,1,0,1,0,0,0,1,0,1,0,1,0,0,1,0,0,0,0,1,0,1,0,0.673567
1,0,1,1,1,1,1,0,1,0,1,0,0,0,0,0,0,1,0,1,0,0,1,0,0,1,0,1,0,0,0,1,0.608483
0,0,1,0,0,1,1,0,0,0,0,1,0,1,1,1,0,1,0,0,0,1,0,0,1,0,1,0,0,1,0,1,0.680147
1,1,1,1,0,1,1,1,1,0,0,0,0,1,0,1,1,0,0,0,0,1,1,1,1,0,1,0,1,0,1,1,0.536978
1,1,1,1,1,0,1,0,1,1,1,0,1,1,1,0,0,1,1,0,0,0,0,0,0,1,1,0,1,0,0,0,0.649457
0,0,0,0,1,1,0,1,0,0,0,0,0,0,0,0,1,1,1,0,1,0,0,1,1,0,0,0,1,0,1,0,0.643782
0,0,0,1,0,0,0,1,0,1,0,0,1,0,1,0,1,0,0,1,1,1,0,1,1,1,1,1,0,1,1,1,0.638427
0,0,1,1,0,0,0,1,0,1,1,0,1,0,0,1,1,0,1,0,0,1,0,0,1,1,1,0,0,0,1,0,0.652627
1,1,1,0,1,1,1,0,0,1,1,1,0,0,1,0,0,1,0,0,0,0,0,1,0,1,1,0,1,1,0,0,0.613651
1,1,1,1,1,0,0,1,1,0,1,1,0,1,1,1,0,0,0,1,1,1,0,1,0,1,1,1,1,0,1,1,0.484468
1,0,0,0,1,0,1,1,0,1,1,0,1,0,0,0,0,0,0,0,0,0,1,0,0,0,0,0,0,0,1,1,0.626705
0,0,0,0,0,0,1,0,1,1,1,0,0,0,0,1,1,0,1,1,1,0,1,1,1,0,0,1,1,0,1,0,0.607071
0,0,1,0,0,1,0,1,0,1,0,0,1,1,0,0,1,1,1,1,0,0,1,0,0,1,1,0,1,0,1,0,0.623775
0,1,0,1,0,0,1,0,0,0,1,1,1,0,1,1,1,1,0,1,1,0,0,0,0,1,1,1,0,0,1,0,0.630834
1,0,1,0,0,1,0,0,1,0,1,0,0,0,1,0,1,0,1,0,0,0,1,1,0,0,0,1,1,1,1,0,0.625400
1,1,1,1,1,1,1,0,1,0,0,0,1,0,1,1,0,1,1,1,0,1,1,1,1,0,0,1,0,0,0,0,0.577153
1,1,1,0,0,1,0,0,1,0,0,1,0,0,1,1,0,1,1,0,1,1,0,0,1,1,0,0,1,0,0,1,0.589541
1,1,0,0,1,0,1,0,1,0,0,0,1,1,0,1,0,0,0,1,0,0,1,0,0,0,0,1,0,1,1,1,0.593883
1,0,1,0,0,1,0,0,0,0,1,1,0,0,1,1,1,0,0,1,1,0,0,1,0,0,0,1,0,0,0,1,0.632753
0,0,0,1,0,0,0,1,0,0,0,1,1,1,0,0,0,0,0,0,0,1,0,0,0,1,0,1,0,1,0,1,0.676524
1,0,1,0,1,1,1,1,1,1,1,1,0,1,1,0,0,1,1,0,0,0,1,0,1,0,1,1,1,1,1,1,0.543318
1,0,0,0,1,0,0,1,1,0,0,1,1,1,1,0,0,0,1,0,1,1,0,1,1,1,1,1,0,1,1,1,0.555067
0,1,0,0,0,0,0,1,1,0,1,0,1,0,0,0,1,1,0,0,0,1,0,1,1,1,1,1,0,1,1,1,0.599265
1,1,0,0,1,0,1,0,1,1,0,0,0,0,1,1,0,0,1,0,0,0,1,1,1,1,0,1,1,1,0,1,0.589914
0,0,0,0,0,0,0,1,0,0,0,0,0,1,1,0,1,1,0,0,1,1,0,1,1,1,1,0,1,0,0,0,0.662138
1,0,0,0,0,1,0,0,1,1,0,1,1,1,0,0,1,0,1,0,1,0,0,0,0,0,1,0,0,0,1,1,0.627291
1,0,0,0,0,0,0,0,0,1,0,1,1,1,1,1,1,1,0,0,0,0,1,0,1,1,1,1,1,0,0,1,0.624707
1,0,1,1,0,1,1,1,0,0,0,0,0,0,1,1,0,0,1,1,0,1,0,1,0,0,0,1,0,0,1,0,0.652280
1,1,0,1,1,0,0,0,0,1,1,1,0,1,1,0,1,0,1,1,1,1,0,0,1,1,0,0,0,0,0,0,0.616661
1,1,0,1,0,0,1,1,1,0,0,0,1,1,0,0,1,0,1,0,0,0,1,0,0,1,0,0,0,0,0,1,0.596654
0,1,0,1,1,0,1,0,1,0,1,1,0,1,0,0,0,1,0,0,0,0,0,0,1,0,0,0,1,1,0,0,0.621244
1,1,0,0,1,1,0,0,0,1,0,1,1,0,0,1,1,1,1,0,0,1,0,1,0,0,0,0,0,0,0,1,0.627158
0,1,0,1,1,0,1,1,0,0,0,0,1,0,1,0,1,1,1,0,1,1,0,1,0,1,0,1,0,1,0,1,0.633499
0,0,1,1,0,0,0,0,1,0,1,1,0,1,1,1,0,0,1,0,1,1,0,1,0,0,0,1,1,0,0,1,0.597107
1,0,0,0,0,1,1,1,0,0,1,0,1,1,0,1,1,0,0,1,1,1,1,1,0,1,0,0,1,1,1,1,0.493526
1,1,1,0,0,1,1,0,1,0,0,0,0,0,1,1,1,0,0,1,0,1,1,1,1,0,1,0,0,1,1,1,0.558824
0,0,0,1,1,0,1,0,1,0,1,0,0,0,1,1,1,1,1,0,0,0,0,1,0,1,1,1,0,1,1,1,0.669038
1,1,1,1,1,0,0,1,0,0,1,1,0,1,0,0,0,0,0,1,1,1,0,1,0,0,1,1,1,0,1,1,0.582081
0,0,0,0,0,0,0,1,0,0,1,1,0,0,0,1,1,0,1,0,0,1,1,0,0,1,1,1,1,1,0,1,0.644262
1,1,0,0,1,0,1,0,0,1,0,1,1,0,0,1,1,0,0,1,0,0,1,0,1,1,1,0,1,0,1,0,0.610614
0,0,1,0,1,0,0,0,1,1,1,1,1,1,0,0,0,0,1,1,1,0,1,1,1,1,1,1,1,1,1,1,0.541054
1,0,1,1,1,0,0,1,1,0,0,0,0,0,0,0,1,0,0,0,0,1,0,1,1,0,1,0,0,0,0,1,0.611227
1,1,0,1,1,0,0,1,0,0,0,1,0,0,1,1,1,1,0,0,0,1,1,1,1,1,0,0,1,0,1,0,0.586317
1,0,1,1,0,1,0,1,1,1,0,0,1,0,0,0,0,0,1,0,1,1,0,1,1,1,1,1,1,1,1,1,0.562926
0,0,0,0,1,1,0,1,0,1,0,0,1,0,0,1,1,1,0,0,1,1,0,0,0,0,1,1,0,1,1,0,0.633658
1,1,1,1,0,0,1,0,1,0,1,0,0,0,0,0,1,1,1,0,0,1,1,0,0,1,0,0,1,1,0,0,0.647112
1,0,1,1,1,0,0,1,0,0,1,1,1,0,1,1,0,1,0,1,1,0,0,0,0,1,1,0,1,1,0,1,0.641784
0,1,1,1,0,1,0,1,1,0,1,1,0,0,1,0,1,1,0,0,0,1,0,0,0,0,0,0,1,1,1,0,0.618313
1,0,1,0,0,1,1,0,1,1,1,1,0,1,0,0,0,1,0,0,0,0,1,0,1,0,1,0,0,0,1,0,0.598652
0,0,1,0,1,1,0,1,1,0,1,1,0,1,1,1,0,0,1,0,1,1,1,1,0,1,0,0,1,0,1,0,0.621563
0,0,0,1,0,1,1,0,1,0,0,1,0,1,0,1,0,1,0,1,1,1,1,0,1,1,1,1,0,1,0,1,0.575527
1,1,0,1,1,0,0,1,1,1,1,1,1,0,1,0,1,0,0,0,0,0,0,1,1,0,1,0,1,0,1,1,0.599664
1,0,1,0,0,1,0,0,0,1,0,1,1,1,0,1,1,1,0,0,0,0,0,1,1,0,0,1,1,0,1,1,0.603767
1,1,0,0,1,0,1,0,1,1,1,1,1,1,0,1,0,0,1,0,1,0,1,1,1,0,1,0,1,0,1,0,0.580856
1,1,0,1,1,1,0,0,0,0,1,1,1,1,1,1,1,1,0,0,1,0,1,0,1,0,0,1,1,0,0,0,0.594603
1,0,1,0,0,0,0,0,0,0,0,1,0,1,1,0,0,1,0,1,0,1,0,1,0,0,1,0,1,1,0,1,0.645487
0,1,0,0,0,0,0,0,0,0,1,1,1,1,1,0,1,0,1,0,0,1,0,1,1,1,1,0,1,1,1,1,0.597666
0,1,0,1,0,0,0,0,1,1,1,0,0,1,1,0,1,1,1,1,0,1,0,1,1,1,1,1,0,1,1,0,0.547528
0,0,0,1,1,0,0,0,1,0,0,1,1,0,0,0,0,0,1,0,1,1,1,0,0,0,0,0,1,0,0,1,0.646952
0,0,0,0,0,0,0,1,0,1,1,0,1,1,1,1,0,0,1,0,0,0,1,1,0,1,0,1,1,0,1,0,0.674366
1,0,1,1,0,1,0,0,0,1,1,1,1,0,0,1,1,1,0,0,1,1,0,1,1,0,1,1,0,0,0,0,0.597000
1,0,1,0,1,1,1,0,0,1,0,0,1,0,0,0,0,0,0,1,0,1,0,1,0,1,0,0,1,1,0,0,0.639066
1,1,1,1,0,0,1,0,0,0,0,0,0,1,0,0,0,0,0,0,1,0,0,0,0,0,0,1,1,1,1,0,0.620551
0,1,0,0,1,0,0,1,1,1,1,1,0,0,1,0,1,1,1,0,1,0,1,1,0,0,1,1,1,1,0,1,0.572490
0,0,0,1,0,1,1,0,1,1,0,0,0,1,0,1,1,1,0,1,0,0,1,1,1,1,1,1,0,1,0,1,0.599451
0,1,0,0,0,1,1,0,1,0,1,0,1,0,1,0,1,1,1,1,0,1,0,1,0,0,1,1,0,0,1,1,0.591086
1,0,1,0,1,0,1,0,1,0,0,1,0,1,0,0,0,1,0,1,0,0,0,1,0,0,0,0,0,1,0,0,0.615542
0,0,1,1,1,1,0,1,0,0,1,0,1,0,1,0,0,0,1,0,0,1,1,0,1,0,1,1,0,0,0,1,0.616581
1,1,1,1,1,1,1,0,1,0,1,0,1,0,1,1,1,1,0,0,0,0,1,1,1,1,1,0,1,0,1,1,0.579604
0,0,0,0,1,0,0,0,0,0,1,1,1,0,0,1,0,0,1,0,1,0,1,1,0,0,1,1,1,0,0,0,0.671595
0,1,1,0,0,1,0,1,0,0,1,1,1,0,1,0,1,1,0,0,1,0,0,1,0,0,1,1,0,0,1,0,0.621590
1,0,0,1,0,1,1,1,0,0,0,0,1,1,1,0,1,1,1,0,0,1,0,1,0,1,1,1,0,1,1,1,0.578591
1,1,0,1,1,0,1,1,0,0,0,1,0,1,0,1,0,0,0,1,0,0,1,1,0,0,0,1,1,1,1,1,0.598865
1,0,0,1,0,0,0,1,1,1,1,1,0,1,0,0,0,1,0,1,1,0,1,1,1,1,1,0,0,0,1,1,0.603234
0,1,1,0,0,0,1,0,0,1,1,0,1,1,0,1,1,0,1,1,0,0,0,0,1,1,0,1,0,0,0,0,0.635417
0,0,0,0,1,1,0,0,1,0,0,0,0,1,0,1,0,0,0,0,0,1,1,1,0,0,0,1,0,0,0,0,0.681559
1,1,1,0,0,1,0,0,0,1,0,1,1,1,0,1,0,0,1,0,1,0,0,1,1,1,0,0,0,1,0,0,0.586584
0,1,1,0,1,1,0,1,1,1,1,1,1,0,1,0,1,1,1,1,0,0,0,1,0,1,1,1,0,1,0,0,0.607497
1,0,0,1,1,0,0,1,0,1,1,1,1,0,1,0,1,0,1,1,0,1,1,0,0,1,0,1,0,1,0,0,0.597879
0,1,0,0,0,1,1,1,0,0,0,1,1,1,0,0,0,1,1,0,1,0,1,0,0,1,1,0,0,0,1,1,0.616288
1,0,1,0,0,0,0,0,1,0,0,1,1,0,0,0,0,0,0,1,0,1,1,1,1,1,1,0,0,0,0,0,0.630142
0,1,1,1,1,0,1,1,1,0,1,0,1,1,1,1,0,1,1,0,0,1,1,0,0,0,1,1,1,1,0,0,0.567082
1,0,0,0,0,0,0,1,1,1,1,0,1,1,0,1,1,1,1,1,1,1,1,1,0,1,0,1,1,0,1,1,0.453804
0,0,0,0,1,1,1,0,0,1,1,1,1,1,0,0,1,1,1,1,1,1,1,0,0,1,1,0,1,0,1,1,0.541933
0,0,0,1,1,1,0,0,0,1,0,0,0,0,0,1,0,1,1,0,0,1,0,1,0,1,0,1,1,1,1,0,0.676471
1,1,0,0,1,0,1,0,0,1,1,0,1,0,0,1,1,1,1,0,1,0,1,1,1,0,0,0,0,0,1,1,0.569480
1,1,1,0,0,0,0,1,0,0,0,1,0,0,1,0,1,0,0,1,1,0,1,0,1,1,1,0,0,0,1,0,0.615942
0,0,0,1,1,0,0,1,1,1,1,0,0,0,1,0,0,0,1,0,0,1,0,0,1,1,1,0,1,1,1,1,0.575101
1,0,1,0,1,1,0,0,0,0,1,0,1,1,0,1,0,1,0,0,1,1,0,0,1,0,0,0,1,1,1,0,0.590340
0,1,0,1,1,1,1,0,1,0,0,1,0,1,0,1,0,1,1,1,0,1,0,1,1,0,1,1,1,1,0,1,0.555813
0,1,0,1,1,1,1,0,1,0,1,0,1,0,0,1,1,1,0,1,0,1,1,1,1,0,1,1,0,1,1,0,0.539269
0,1,0,1,0,1,0,1,1,1,0,1,0,1,0,1,0,1,0,0,0,0,0,1,1,1,0,1,0,1,0,0,0.739370
0,0,1,0,1,0,0,0,0,0,1,0,0,1,0,1,1,1,0,0,1,1,1,0,1,0,1,1,1,0,1,1,0.564205
0,1,1,0,1,1,0,1,0,0,0,0,0,0,1,0,1,1,0,0,0,0,1,0,1,1,1,0,1,0,0,1,0.602675
1,0,0,0,0,1,0,1,0,1,0,1,0,0,0,0,0,0,0,1,1,0,0,1,0,1,1,1,1,1,1,0,0.623828
1,0,0,0,0,0,0,0,1,0,0,0,1,0,0,0,1,1,1,1,0,0,1,0,1,0,0,0,0,1,1,1,0.618739
0,0,1,0,1,1,0,0,0,1,1,1,0,1,0,0,1,1,1,0,1,1,1,1,1,0,0,0,1,0,1,1,0.529492
0,0,1,1,0,1,1,1,1,1,1,0,1,1,0,0,1,1,1,0,1,0,1,0,0,1,0,1,0,1,0,0,0.594789
