1,0,0,0,0,1,0,0,1,1,0,1,1,1,0,0,1,0,1,0,1,0,0,0,0,0,1,0,0,0,1,1,0.624547
1,0,0,1,0,1,1,1,0,0,0,0,1,1,1,0,1,1,1,0,0,1,0,1,0,1,1,1,0,1,1,1,0.579204
1,1,1,0,1,1,1,1,1,1,0,1,0,1,0,1,1,1,0,0,0,0,0,0,0,1,0,0,1,1,1,1,0.531756
0,0,0,0,0,0,1,0,1,1,1,0,0,0,0,1,1,0,1,1,1,0,1,1,1,0,0,1,1,0,1,0,0.608509
1,1,1,0,0,0,1,0,0,0,0,1,1,1,1,0,0,0,1,0,1,1,1,0,1,0,0,0,1,0,1,0,0.628756
1,0,0,1,0,0,0,1,1,1,1,1,0,1,0,0,0,1,0,1,1,0,1,1,1,1,1,0,0,0,1,1,0.600277
1,0,1,0,0,1,0,0,0,1,0,1,1,1,0,1,1,1,0,0,0,0,0,1,1,0,0,1,1,0,1,1,0.603048
0,1,0,0,1,0,0,1,1,1,1,1,0,0,1,0,1,1,1,0,1,0,1,1,0,0,1,1,1,1,0,1,0.588795
0,1,1,0,0,0,1,0,0,1,1,0,1,1,0,1,1,0,1,1,0,0,0,0,1,1,0,1,0,0,0,0,0.638347
0,1,1,1,0,1,0,1,1,0,1,1,0,0,1,0,1,1,0,0,0,1,0,0,0,0,0,0,1,1,1,0,0.612825
0,0,1,1,1,1,0,1,0,0,0,1,0,0,0,1,1,1,1,0,0,1,1,1,1,0,1,1,1,0,1,0,0.586184
1,0,1,0,0,0,0,0,1,0,0,1,1,0,0,0,0,0,0,1,0,1,1,1,1,1,1,0,0,0,0,0,0.628090
1,0,1,0,1,1,0,0,0,0,1,0,1,1,0,1,0,1,0,0,1,1,0,0,1,0,0,0,1,1,1,0,0.588528
0,0,0,0,1,1,1,0,0,1,1,1,1,1,0,0,1,1,1,1,1,1,1,0,0,1,1,0,1,0,1,1,0.539189
0,0,1,1,0,1,1,1,0,1,1,0,1,0,1,0,0,1,1,0,0,1,0,1,1,1,1,1,1,0,0,0,0.596894
0,0,0,0,1,1,0,0,1,0,0,0,0,1,0,1,0,0,0,0,0,1,1,1,0,0,0,1,0,0,0,0,0.676204
0,1,1,0,0,0,0,0,1,1,0,1,1,1,0,0,0,0,1,1,0,1,0,0,1,0,0,0,0,1,1,0,0.620951
1,0,1,1,0,1,1,0,1,1,1,0,1,1,1,1,1,1,0,0,1,1,0,1,1,0,1,1,0,1,1,0,0.552110
0,0,0,0,0,0,0,1,0,0,1,1,0,0,0,1,1,0,1,0,0,1,1,0,0,1,1,1,1,1,0,1,0.637282
1,1,1,1,1,0,0,1,1,0,1,1,0,1,1,1,0,0,0,1,1,1,0,1,0,1,1,1,1,0,1,1,0.488624
1,0,1,0,0,1,0,0,0,0,1,1,0,0,1,1,1,0,0,1,1,0,0,1,0,0,0,1,0,0,0,1,0.631447
0,1,0,1,1,0,1,0,1,0,1,1,0,1,0,0,0,1,0,0,0,0,0,0,1,0,0,0,1,1,0,0,0.625506
0,0,1,0,1,1,0,1,1,0,1,1,0,1,1,1,0,0,1,0,1,1,1,1,0,1,0,0,1,0,1,0,0.620311
0,1,0,0,0,0,0,0,0,0,1,1,1,1,1,0,1,0,1,0,0,1,0,1,1,1,1,0,1,1,1,1,0.597480
1,1,0,0,1,1,0,0,0,1,0,1,1,0,0,1,1,1,1,0,0,1,0,1,0,0,0,0,0,0,0,1,0.636722
1,1,1,1,1,1,1,0,0,1,1,1,0,1,1,0,1,1,0,1,0,0,0,0,1,0,0,0,0,0,1,1,0.598625
0,0,0,0,1,1,0,1,0,0,0,0,0,0,0,0,1,1,1,0,1,0,0,1,1,0,0,0,1,0,1,0,0.636562
1,1,1,1,0,0,1,0,0,0,0,0,0,1,0,0,0,0,0,0,1,0,0,0,0,0,0,1,1,1,1,0,0.619112
1,0,1,1,0,1,0,1,1,1,0,0,1,0,0,0,0,0,1,0,1,1,0,1,1,1,1,1,1,1,1,1,0.571425
0,0,1,0,1,0,0,0,0,0,1,0,0,1,0,1,1,1,0,0,1,1,1,0,1,0,1,1,1,0,1,1,0.562020
0,1,0,1,1,0,0,0,1,1,0,0,1,0,1,1,1,1,1,0,0,1,0,0,0,0,0,1,1,0,0,1,0.616422
1,0,0,0,0,0,0,0,0,1,0,1,1,1,1,1,1,1,0,0,0,0,1,0,1,1,1,1,1,0,0,1,0.622789
0,1,0,0,0,1,1,0,1,0,1,0,1,0,1,0,1,1,1,1,0,1,0,1,0,0,1,1,0,0,1,1,0.590100
1,1,1,0,1,1,1,0,0,1,1,1,0,0,1,0,0,1,0,0,0,0,0,1,0,1,1,0,1,1,0,0,0.614983
0,0,1,1,0,0,0,1,0,1,1,0,1,0,0,1,1,0,1,0,0,1,0,0,1,1,1,0,0,0,1,0,0.655984
1,1,0,0,1,0,0,1,1,1,0,1,1,1,0,0,1,1,0,0,0,0,0,0,1,1,1,0,1,0,1,1,0.587276
1,1,1,0,0,1,0,0,1,0,0,1,0,0,1,1,0,1,1,0,1,1,0,0,1,1,0,0,1,0,0,1,0.589567
0,1,0,1,0,1,0,1,1,1,0,1,0,1,0,1,0,1,0,0,0,0,0,1,1,1,0,1,0,1,0,0,0.732204
1,1,0,1,1,0,0,1,0,0,0,1,0,0,1,1,1,1,0,0,0,1,1,1,1,1,0,0,1,0,1,0,0.588448
1,1,0,0,1,0,0,1,1,1,1,0,1,1,1,0,1,0,0,0,1,0,1,0,0,1,0,0,1,1,1,0,0.572597
1,1,1,0,0,0,0,1,0,0,0,1,0,0,1,0,1,0,0,1,1,0,1,0,1,1,1,0,0,0,1,0,0.613971
0,0,1,1,0,0,0,0,1,0,1,1,0,1,1,1,0,0,1,0,1,1,0,1,0,0,0,1,1,0,0,1,0.601449
1,0,1,1,1,0,0,1,1,0,0,0,0,0,0,0,1,0,0,0,0,1,0,1,1,0,1,0,0,0,0,1,0.610241
1,0,0,0,0,1,1,1,0,0,1,0,1,1,0,1,1,0,0,1,1,1,1,1,0,1,0,0,1,1,1,1,0.489503
0,1,0,1,0,0,1,0,0,0,1,1,1,0,1,1,1,1,0,1,1,0,0,0,0,1,1,1,0,0,1,0,0.630914
1,0,0,0,1,0,1,1,0,1,1,0,0,0,1,1,1,0,0,1,0,0,0,1,0,1,1,0,1,1,1,1,0.588502
0,0,0,1,0,1,1,0,1,0,0,1,0,1,0,1,0,1,0,1,1,1,1,0,1,1,1,1,0,1,0,1,0.571984
1,0,1,1,0,1,0,0,0,1,1,1,1,0,0,1,1,1,0,0,1,1,0,1,1,0,1,1,0,0,0,0,0.599957
1,0,1,0,0,1,1,0,1,1,1,1,0,1,0,0,0,1,0,0,0,0,1,0,1,0,1,0,0,0,1,0,0.611173
1,0,1,1,1,1,1,0,1,0,1,0,0,0,0,0,0,1,0,1,0,0,1,0,0,1,0,1,0,0,0,1,0.613118
0,0,1,1,0,0,0,0,1,0,1,1,1,1,1,1,1,0,1,0,0,0,0,1,1,0,1,1,1,0,1,0,0.753996
0,0,1,0,0,1,1,0,0,0,0,1,0,1,1,1,0,1,0,0,0,1,0,0,1,0,1,0,0,1,0,1,0.679055
1,1,0,0,1,0,1,0,1,1,1,1,1,1,0,1,0,0,1,0,1,0,1,1,1,0,1,0,1,0,1,0,0.588768
1,1,0,1,1,0,0,1,1,1,1,1,1,0,1,0,1,0,0,0,0,0,0,1,1,0,1,0,1,0,1,1,0.600330
0,0,1,0,1,0,0,0,1,1,1,1,1,1,0,0,0,0,1,1,1,0,1,1,1,1,1,1,1,1,1,1,0.553708
1,0,1,1,0,1,1,1,0,0,0,0,0,0,1,1,0,0,1,1,0,1,0,1,0,0,0,1,0,0,1,0,0.647672
1,1,1,0,1,1,1,0,1,1,1,0,1,0,0,0,1,0,1,0,1,0,0,1,0,0,0,0,1,0,1,0,0.667120
1,0,0,0,0,1,0,1,0,1,0,1,0,0,0,0,0,0,0,1,1,0,0,1,0,1,1,1,1,1,1,0,0.619912
1,1,1,1,1,0,0,1,0,0,1,1,0,1,0,0,0,0,0,1,1,1,0,1,0,0,1,1,1,0,1,1,0.578565
0,0,1,1,1,1,0,1,0,0,1,0,1,0,1,0,0,0,1,0,0,1,1,0,1,0,1,1,0,0,0,1,0.614104
1,0,1,1,1,0,0,1,0,0,1,1,1,0,1,1,0,1,0,1,1,0,0,0,0,1,1,0,1,1,0,1,0.638480
1,0,1,0,1,1,1,0,0,1,0,0,1,0,0,0,0,0,0,1,0,1,0,1,0,1,0,0,1,1,0,0,0.643995
1,1,0,0,1,0,1,0,1,1,0,0,0,0,1,1,0,0,1,0,0,0,1,1,1,1,0,1,1,1,0,1,0.591379
1,1,1,0,0,1,0,0,0,1,0,1,1,1,0,1,0,0,1,0,1,0,0,1,1,1,0,0,0,1,0,0,0.584932
1,1,1,0,1,1,0,0,0,1,0,0,1,1,0,1,0,1,1,1,1,0,0,1,1,0,0,1,1,0,0,1,0.575021
0,0,0,1,1,0,1,1,1,1,0,0,1,1,0,0,0,1,1,0,1,1,0,0,1,1,1,0,1,1,0,1,0.558610
1,0,0,0,1,0,1,1,0,1,1,0,1,0,0,0,0,0,0,0,0,0,1,0,0,0,0,0,0,0,1,1,0.630461
1,0,1,0,1,0,1,0,1,0,0,1,0,1,0,0,0,1,0,1,0,0,0,1,0,0,0,0,0,1,0,0,0.610321
0,0,0,1,0,1,0,0,1,1,0,0,0,1,0,0,1,1,1,1,1,0,0,0,0,1,0,1,1,0,1,1,0.597267
0,1,1,1,1,0,0,0,1,1,0,0,1,1,1,0,1,0,0,1,0,0,1,0,0,0,1,1,1,0,0,1,0.600410
0,1,1,0,1,1,0,1,1,1,1,1,1,0,1,0,1,1,1,1,0,0,0,1,0,1,1,1,0,1,0,0,0.606804
1,1,0,0,1,0,1,0,0,1,0,1,1,0,0,1,1,0,0,1,0,0,1,0,1,1,1,0,1,0,1,0,0.609761
1,0,0,0,1,0,0,1,1,0,0,1,1,1,1,0,0,0,1,0,1,1,0,1,1,1,1,1,0,1,1,1,0.558824
0,1,0,0,0,0,0,1,1,0,1,0,1,0,0,0,1,1,0,0,0,1,0,1,1,1,1,1,0,1,1,1,0.601210
0,0,1,0,0,1,0,1,0,1,0,0,1,1,0,0,1,1,1,1,0,0,1,0,0,1,1,0,1,0,1,0,0.621483
0,0,0,1,1,0,1,0,1,0,1,0,0,0,1,1,1,1,1,0,0,0,0,1,0,1,1,1,0,1,1,1,0.690750
1,1,1,1,1,0,1,0,1,1,1,0,1,1,1,0,0,1,1,0,0,0,0,0,0,1,1,0,1,0,0,0,0.649297
1,1,0,1,1,0,1,1,0,0,0,1,0,1,0,1,0,0,0,1,0,0,1,1,0,0,0,1,1,1,1,1,0.595135
1,1,0,0,1,0,1,0,0,1,1,0,1,0,0,1,1,1,1,0,1,0,1,1,1,0,0,0,0,0,1,1,0.576140
0,0,0,1,0,0,0,1,0,1,0,0,1,0,1,0,1,0,0,1,1,1,0,1,1,1,1,1,0,1,1,1,0.632166
0,0,0,1,1,1,0,0,0,1,0,0,0,0,0,1,0,1,1,0,0,1,0,1,0,1,0,1,1,1,1,0,0.684170
0,1,1,0,0,1,0,1,0,0,1,1,1,0,1,0,1,1,0,0,1,0,0,1,0,0,1,1,0,0,1,0,0.622629
0,1,1,0,1,1,0,1,0,0,0,0,0,0,1,1,0,0,1,0,1,0,0,0,0,0,0,1,0,0,0,0,0.639120
1,1,1,1,1,0,1,1,1,1,1,1,0,1,1,0,1,0,0,1,0,0,0,1,1,0,1,0,1,0,0,1,0.611253
0,1,0,1,0,0,0,0,1,1,1,0,0,1,1,0,1,1,1,1,0,1,0,1,1,1,1,1,0,1,1,0,0.547688
0,0,1,0,1,1,0,0,0,1,1,1,0,1,0,0,1,1,1,0,1,1,1,1,1,0,0,0,1,0,1,1,0.528319
0,1,0,1,1,1,1,0,1,0,0,1,0,1,0,1,0,1,1,1,0,1,0,1,1,0,1,1,1,1,0,1,0.557864
1,1,1,0,0,1,1,0,1,0,0,0,0,0,1,1,1,0,0,1,0,1,1,1,1,0,1,0,0,1,1,1,0.566896
0,0,0,1,0,1,1,0,1,1,0,0,0,1,0,1,1,1,0,1,0,0,1,1,1,1,1,1,0,1,0,1,0.602062
0,0,0,1,1,0,0,1,1,1,1,0,0,0,1,0,0,0,1,0,0,1,0,0,1,1,1,0,1,1,1,1,0.576566
1,0,0,0,0,0,0,0,1,0,0,0,1,0,0,0,1,1,1,1,0,0,1,0,1,0,0,0,0,1,1,1,0.614823
1,1,1,1,1,1,1,0,1,0,0,0,1,0,1,1,0,1,1,1,0,1,1,1,1,0,0,1,0,0,0,0,0.579577
0,0,0,0,0,0,0,1,0,1,1,0,1,1,1,1,0,0,1,0,0,0,1,1,0,1,0,1,1,0,1,0,0.674899
1,0,0,1,1,0,0,1,0,1,1,1,1,0,1,0,1,0,1,1,0,1,1,0,0,1,0,1,0,1,0,0,0.597213
0,0,0,0,1,0,0,0,0,0,1,1,1,0,0,1,0,0,1,0,1,0,1,1,0,0,1,1,1,0,0,0,0.673647
1,1,1,1,0,0,1,0,1,0,1,0,0,0,0,0,1,1,1,0,0,1,1,0,0,1,0,0,1,1,0,0,0.644155
1,1,0,1,0,0,1,1,1,0,0,0,1,1,0,0,1,0,1,0,0,0,1,0,0,1,0,0,0,0,0,1,0.597640
1,1,1,1,1,1,1,0,1,0,1,0,1,0,1,1,1,1,0,0,0,0,1,1,1,1,1,0,1,0,1,1,0.601183
1,0,0,1,0,1,1,0,1,0,1,1,0,0,0,1,1,1,0,1,0,1,1,1,1,1,1,0,1,1,1,0,0.548274
1,0,1,1,0,1,0,1,1,1,0,0,0,1,0,1,0,0,0,1,0,0,1,0,0,0,1,0,1,1,1,0,0.629076
0,0,0,1,0,0,0,1,0,0,0,1,1,1,0,0,0,0,0,0,0,1,0,0,0,1,0,1,0,1,0,1,0.670476
1,0,0,0,0,0,0,1,1,1,1,0,1,1,0,1,1,1,1,1,1,1,1,1,0,1,0,1,1,0,1,1,0.456362
0,1,0,0,0,1,1,1,1,0,0,1,1,0,1,0,1,1,0,1,0,0,1,1,0,1,1,1,0,0,1,0,0.613118
0,1,0,0,0,1,1,1,0,0,0,1,1,1,0,0,0,1,1,0,1,0,1,0,0,1,1,0,0,0,1,1,0.614956
0,1,1,0,0,0,0,1,0,1,0,1,0,0,0,0,1,1,1,0,1,1,0,0,1,0,0,0,1,0,0,1,0.629556
1,1,0,1,1,0,0,0,0,1,1,1,0,1,1,0,1,0,1,1,1,1,0,0,1,1,0,0,0,0,0,0,0.611946
1,1,1,0,1,0,0,1,1,1,1,1,1,1,0,0,0,0,1,1,1,1,1,0,1,0,1,0,1,0,1,1,0.571132
0,0,1,1,1,1,1,1,1,0,0,1,0,0,1,0,0,0,0,0,1,0,1,0,1,1,1,0,0,1,1,1,0.613091
0,0,1,0,1,1,0,0,1,0,1,0,1,1,0,0,0,0,0,0,0,0,1,1,1,0,1,1,1,1,1,0,0.636109
0,1,0,1,1,0,1,1,0,0,0,0,1,0,1,0,1,1,1,0,1,1,0,1,0,1,0,1,0,1,0,1,0.629263
1,1,0,1,1,1,0,0,0,0,1,1,1,1,1,1,1,1,0,0,1,0,1,0,1,0,0,1,1,0,0,0,0.591779
0,1,1,0,1,1,0,1,0,0,0,0,0,0,1,0,1,1,0,0,0,0,1,0,1,1,1,0,1,0,0,1,0.607097
0,0,0,0,1,0,1,0,0,0,1,0,0,1,0,1,0,1,0,0,0,1,1,1,0,0,1,1,1,1,1,0,0.655744
0,1,1,1,1,0,1,1,1,0,1,0,1,1,1,1,0,1,1,0,0,1,1,0,0,0,1,1,1,1,0,0,0.572544
0,1,0,0,1,1,1,1,1,0,0,0,0,1,1,0,0,0,1,0,0,1,1,0,0,1,1,0,0,1,0,0,0.607577
0,0,0,0,1,1,0,1,1,1,0,1,0,0,0,0,0,1,1,0,0,1,0,1,0,1,1,1,0,0,0,0,0.678495
0,1,0,1,1,1,1,0,1,0,1,0,1,0,0,1,1,1,0,1,0,1,1,1,1,0,1,1,0,1,1,0,0.539402
0,0,0,1,1,0,0,0,1,0,0,1,1,0,0,0,0,0,1,0,1,1,1,0,0,0,0,0,1,0,0,1,0.642423
1,1,0,0,1,0,1,0,1,0,0,0,1,1,0,1,0,0,0,1,0,0,1,0,0,0,0,1,0,1,1,1,0.589434
1,0,1,1,1,1,1,0,1,1,1,1,0,1,0,1,0,0,0,0,0,0,1,0,0,1,1,0,1,0,0,1,0.594816
0,0,0,0,0,0,0,1,0,0,0,0,0,1,1,0,1,1,0,0,1,1,0,1,1,1,1,0,1,0,0,0,0.656410
1,0,1,0,0,0,0,0,0,0,0,1,0,1,1,0,0,1,0,1,0,1,0,1,0,0,1,0,1,1,0,1,0.643356
0,0,1,1,0,1,1,1,1,1,1,0,1,1,0,0,1,1,1,0,1,0,1,0,0,1,0,1,0,1,0,0,0.593270
0,0,0,0,1,1,0,0,0,0,0,1,0,0,1,0,0,1,0,0,1,1,1,0,0,0,1,0,1,1,1,0,0.525895
1,0,1,0,1,1,1,1,1,1,1,1,0,1,1,0,0,1,1,0,0,0,1,0,1,0,1,1,1,1,1,1,0.551124
1,0,1,0,0,1,0,0,1,0,1,0,0,0,1,0,1,0,1,0,0,0,1,1,0,0,0,1,1,1,1,0,0.623428
1,1,1,1,0,1,1,1,1,0,0,0,0,1,0,1,1,0,0,0,0,1,1,1,1,0,1,0,1,0,1,1,0.543851
0,0,0,0,1,1,0,1,0,1,0,0,1,0,0,1,1,1,0,0,1,1,0,0,0,0,1,1,0,1,1,0,0.642876
