1,1,0,1,1,0,1,0,0,1,1,1,0,0,0,0,0,1,0,1,1,1,0,1,1,1,0,0,1,0,1,0,0.630302
1,1,0,0,0,0,1,1,1,1,0,1,0,0,1,0,0,1,0,0,1,0,1,1,1,1,0,1,1,0,1,1,0.830163
0,0,0,0,0,0,0,0,1,1,0,1,0,1,0,1,1,0,1,1,0,1,1,1,0,1,1,0,1,1,1,1,0.565883
0,1,0,0,1,0,1,1,1,1,1,1,0,1,0,1,1,1,1,0,1,1,1,1,0,0,0,1,0,1,1,1,0.425005
1,1,0,0,0,0,0,1,1,0,1,1,1,0,1,1,0,0,0,0,1,0,1,0,0,0,1,1,0,0,1,0,0.651002
0,0,1,1,1,1,1,0,1,1,1,0,0,1,0,1,0,0,0,0,1,0,0,0,1,1,0,1,1,0,1,1,0.636775
0,0,1,0,0,1,1,0,0,0,1,0,1,0,0,1,0,1,1,1,1,1,1,1,0,1,0,1,0,0,0,0,0.791880
0,1,1,0,1,0,1,1,1,1,1,1,0,1,1,1,0,0,0,1,1,0,1,0,0,1,0,0,0,1,0,0,0.568121
0,1,1,1,1,0,1,1,1,1,1,1,1,0,0,0,0,1,0,0,1,1,1,1,0,0,1,0,1,0,0,1,0.626012
0,1,0,1,0,1,0,0,0,0,0,0,0,1,0,0,1,1,1,1,0,1,1,0,1,1,0,1,0,1,0,0,0.786125
1,1,0,0,1,0,0,1,0,0,0,1,1,1,0,1,1,0,1,1,0,0,1,1,0,0,1,1,1,1,0,1,0.553335
0,1,1,0,0,1,0,1,1,1,1,0,0,0,0,1,1,0,0,0,0,1,0,0,0,0,1,0,1,1,0,0,0.789615
1,0,1,1,1,1,1,0,1,0,1,0,0,0,1,1,1,0,1,0,1,1,1,0,0,0,1,0,1,0,0,1,0.782715
0,0,0,0,1,1,1,0,0,0,1,1,1,0,0,1,1,1,0,0,0,0,0,1,0,0,1,0,1,1,1,0,0.596814
0,0,1,0,0,0,0,0,1,0,0,0,1,0,0,0,1,0,0,1,0,0,1,1,1,0,0,1,1,1,1,0,0.659207
1,1,1,0,1,1,1,0,0,1,1,0,1,1,0,1,1,1,0,1,1,0,0,0,1,1,0,0,0,0,0,1,0.749014
1,1,0,0,1,1,0,0,0,1,0,0,1,1,0,1,0,1,0,1,0,1,0,1,0,1,1,1,0,0,0,1,0.639120
1,0,1,0,1,1,0,0,1,1,1,1,1,0,0,1,0,1,0,0,0,0,1,1,0,1,0,0,0,1,1,1,0.644714
1,0,1,1,1,1,0,1,0,1,0,1,0,0,1,0,0,1,1,0,1,0,0,1,0,0,0,0,1,0,1,0,0.631580
0,1,1,1,0,0,1,0,0,1,0,0,0,0,1,1,1,0,0,0,1,0,1,1,0,1,0,0,1,0,0,0,0.791214
1,0,0,1,0,0,0,1,1,0,1,0,0,1,0,0,1,0,0,0,0,1,1,0,0,1,0,0,1,0,1,0,0.648444
1,1,0,0,0,1,1,1,0,1,1,0,0,1,1,1,1,1,1,1,1,0,0,1,1,1,1,1,1,0,1,0,0.624121
1,1,1,1,0,1,1,0,0,0,1,1,1,0,0,1,1,1,0,0,1,0,0,0,0,0,0,0,0,0,1,0,0.642477
1,0,0,1,1,0,1,1,1,1,0,0,0,1,0,0,0,1,0,1,0,1,0,0,1,1,0,0,0,0,0,0,0.788310
0,1,0,0,1,0,1,0,1,0,1,0,0,1,1,0,1,1,1,0,1,0,1,1,1,1,1,1,1,1,0,0,0.623641
1,1,0,0,0,0,1,0,0,0,0,0,1,0,1,0,1,0,0,1,1,0,1,0,1,0,1,0,1,1,1,0,0.643196
1,1,0,1,1,0,1,0,1,0,0,0,0,0,0,0,0,1,1,0,1,1,0,0,1,0,0,1,0,0,1,0,0.727195
0,1,0,0,0,1,0,0,1,1,0,0,0,0,0,1,0,1,0,0,1,0,0,0,1,1,1,1,0,1,1,0,0.892024
1,1,0,0,0,0,0,1,0,1,1,0,0,0,1,1,1,1,1,0,0,0,1,0,1,0,0,0,1,1,0,1,0.747842
1,0,0,1,0,0,1,0,1,0,0,0,0,0,1,0,1,0,1,1,0,1,0,1,0,0,1,1,1,0,0,0,0.834239
1,0,0,0,0,0,1,0,0,1,0,0,0,1,1,1,1,1,0,1,1,0,0,0,0,0,1,1,1,0,1,1,0.790415
0,1,0,0,1,1,0,1,1,0,1,0,1,1,0,1,0,0,1,0,1,1,1,1,0,0,0,0,0,0,1,0,0.498242
0,0,0,0,1,0,1,1,1,1,1,0,0,1,0,0,0,1,1,1,0,1,0,0,0,0,0,1,0,0,0,1,0.585491
1,0,1,0,1,0,1,1,1,0,0,1,0,1,1,0,0,1,1,0,1,0,1,0,0,1,0,1,1,0,1,0,0.635923
0,1,0,0,1,1,0,0,1,1,0,1,1,1,0,0,1,0,0,1,0,1,1,1,0,0,0,1,0,0,1,1,0.608642
0,1,0,1,1,1,0,1,0,0,1,0,1,0,1,1,0,0,1,1,0,0,0,1,1,1,0,1,1,0,1,0,0.712436
1,0,0,1,0,1,1,1,1,1,0,0,0,1,0,0,0,1,0,1,0,0,0,1,1,0,0,0,1,0,1,1,0.771899
1,1,1,0,0,1,0,1,1,0,0,0,1,0,0,0,0,1,0,1,1,0,0,0,1,0,0,1,1,1,1,0,0.629422
0,0,0,1,0,0,1,0,1,1,1,0,1,0,1,1,1,1,0,0,0,1,1,1,0,1,1,0,0,1,1,0,0.841699
1,0,0,0,0,0,0,0,1,1,1,0,1,1,1,1,1,1,0,0,1,0,1,1,1,1,0,0,0,0,0,0,0.856032
1,1,0,1,0,1,0,1,0,0,0,1,0,1,0,0,0,1,1,1,0,0,0,0,0,1,1,1,0,1,0,0,0.789509
1,0,0,0,1,1,0,1,1,1,0,0,1,1,0,1,0,0,1,0,0,0,1,1,0,0,0,1,0,1,1,1,0.490942
0,1,1,0,1,1,0,0,1,0,1,1,0,1,1,0,0,1,1,0,0,0,0,0,0,0,1,1,1,1,0,1,0.650762
1,1,1,1,0,0,1,0,0,0,0,1,0,1,0,0,0,0,1,0,0,1,1,1,1,0,0,0,0,0,1,0,0.835758
1,0,0,1,1,0,1,1,1,0,1,0,1,0,1,0,0,1,1,0,0,0,1,0,0,0,1,0,0,1,1,0,0.744166
0,0,0,0,1,1,1,1,1,0,0,1,1,0,0,0,0,1,1,0,0,0,0,1,0,1,1,0,1,1,1,0,0.649696
0,1,1,0,1,0,0,0,1,1,0,1,0,0,1,1,1,1,1,0,0,0,1,0,1,1,0,1,1,0,1,1,0.467658
1,0,0,1,0,1,1,1,0,1,0,0,0,1,0,0,1,1,0,0,1,1,1,0,0,1,1,1,1,0,1,1,0.777973
0,1,1,1,0,1,1,1,1,1,1,1,0,0,1,1,0,0,1,0,0,0,0,1,1,0,0,1,0,1,0,0,0.666960
1,1,0,0,1,1,0,1,0,1,1,0,0,1,0,0,0,0,1,0,0,0,0,1,0,0,1,0,0,0,1,0,0.632193
1,1,0,0,1,0,0,0,0,0,1,0,0,0,0,0,0,0,1,1,1,1,0,0,0,0,1,0,0,0,0,1,0.640638
0,1,1,0,1,1,0,1,0,0,1,1,0,0,0,0,1,1,0,0,1,0,0,0,0,1,0,1,0,0,1,1,0.601929
1,1,0,0,0,1,0,1,1,0,1,1,1,1,1,1,1,1,0,0,0,1,1,0,0,1,1,0,1,0,0,0,0.653692
0,1,1,1,0,1,0,1,1,1,1,1,1,1,0,0,0,1,0,0,1,1,1,0,0,0,1,1,0,1,0,1,0.774590
1,1,0,0,1,1,0,0,1,0,0,0,1,0,0,1,0,1,0,0,1,0,0,0,0,1,0,1,1,1,1,0,0.599877
1,0,0,0,0,0,1,0,1,1,1,1,0,1,1,0,0,0,0,0,1,1,1,1,1,1,0,0,1,1,0,1,0.817668
1,1,1,0,0,1,0,1,1,1,0,1,1,0,1,0,0,1,0,0,0,1,1,1,1,1,0,0,0,1,1,0,0.830776
1,1,0,0,0,1,0,0,1,0,0,0,0,0,1,1,0,1,0,0,1,1,0,0,1,1,0,0,0,0,1,1,0.653213
0,1,0,0,1,1,1,0,0,0,0,1,0,1,0,1,0,0,1,0,1,1,1,0,1,1,0,1,1,0,0,0,0.647938
0,0,0,0,1,1,0,0,0,0,1,0,1,0,1,1,0,1,0,0,1,0,0,0,1,0,0,0,0,1,1,1,0.567668
0,1,0,0,1,1,1,0,1,1,0,1,1,1,1,0,0,0,1,1,0,1,1,0,1,1,1,0,0,1,1,1,0.490462
0,1,0,1,1,0,0,0,1,1,0,1,0,0,1,0,0,1,1,1,1,1,0,1,1,0,0,0,0,1,0,1,0.543878
0,0,1,0,1,0,1,0,1,1,1,0,0,1,1,1,0,1,1,1,1,0,0,1,1,1,1,0,0,0,0,0,0.646419
1,1,0,1,1,0,1,0,0,0,1,1,0,0,0,0,0,1,0,0,0,0,1,1,0,1,1,1,0,1,1,0,0.620924
1,1,1,0,1,1,0,0,0,0,0,1,1,0,1,0,0,1,0,0,0,1,0,1,1,0,0,0,0,1,1,0,0.597426
1,1,0,1,1,1,0,0,0,1,1,0,0,1,1,0,0,1,0,1,0,0,0,0,0,0,1,1,0,1,1,0,0.662564
1,0,0,0,0,0,1,0,0,1,0,0,1,0,1,0,0,1,1,0,0,0,1,1,0,1,0,1,1,1,0,0,0.637495
1,0,1,1,1,0,0,1,0,1,0,1,0,0,1,1,1,0,0,1,1,1,1,0,0,1,1,1,0,0,0,1,0.632726
0,1,1,0,0,0,1,0,1,1,1,0,0,0,1,0,1,1,1,1,1,0,1,1,0,1,0,0,1,1,1,1,0.777360
1,1,1,1,1,1,0,0,0,1,0,1,1,0,0,1,0,1,1,1,1,1,0,1,1,0,1,0,1,1,1,0,0.609948
0,1,0,0,1,1,1,1,0,1,0,0,1,1,0,0,1,1,0,0,0,1,1,1,1,0,0,1,1,1,0,0,0.631287
0,0,0,1,1,0,0,0,1,0,0,0,1,1,0,0,1,1,0,0,1,1,0,0,1,0,0,0,1,1,0,0,0.608989
0,1,1,1,0,0,0,1,0,1,0,1,1,0,1,0,0,0,1,1,0,0,1,0,1,0,0,0,1,0,0,1,0.722826
1,1,1,0,0,1,1,1,1,1,1,0,0,1,0,1,0,1,0,1,0,1,0,1,1,0,1,1,0,0,1,1,0.760150
0,1,0,0,1,1,1,1,0,1,1,1,0,1,1,1,0,0,0,0,1,1,0,0,0,1,0,0,0,0,1,1,0.808424
0,1,0,1,1,1,0,1,0,1,1,0,1,0,0,0,0,1,0,1,0,1,1,0,0,0,1,0,1,1,0,1,0.614583
1,0,1,0,1,0,1,1,1,0,0,1,1,0,1,1,1,1,0,0,0,0,1,1,0,1,1,0,0,0,1,1,0.582188
0,0,1,0,1,0,1,0,1,1,0,1,1,0,0,1,0,1,0,1,1,0,0,0,0,1,1,1,1,1,1,0,0.715793
0,0,1,1,1,1,0,1,1,0,1,0,0,0,1,0,0,1,1,1,0,0,0,0,1,1,1,0,0,1,0,0,0.643649
0,0,0,0,0,1,0,1,1,0,1,1,0,0,1,1,1,0,0,0,1,1,1,1,1,0,0,0,1,0,1,1,0.642024
1,0,1,1,0,1,0,0,1,0,1,1,1,0,0,1,1,1,1,1,1,0,1,1,1,1,1,0,1,1,0,1,0.757193
1,0,0,1,1,0,1,0,1,1,0,0,0,1,1,1,1,1,1,1,1,0,0,0,1,0,0,0,1,0,0,1,0.525815
1,1,1,0,1,0,1,1,0,0,0,0,0,1,1,1,1,0,1,1,0,0,0,1,1,0,0,1,0,1,0,0,0.638747
0,1,1,1,0,0,0,1,1,0,1,1,0,1,0,1,0,1,1,1,1,0,1,0,1,1,0,1,1,0,1,0,0.741395
1,1,1,1,0,0,0,1,1,0,1,0,1,0,1,1,1,0,0,0,0,1,1,0,1,0,0,0,1,0,0,0,0.651162
0,1,1,1,0,1,0,0,1,0,0,1,1,0,0,0,1,0,0,1,1,1,1,1,0,0,1,1,1,0,1,1,0.631101
0,1,1,0,1,0,0,1,1,1,0,0,0,0,1,1,1,0,1,1,1,0,0,0,1,0,0,0,0,1,0,0,0.636402
0,0,1,1,1,0,1,0,0,1,0,1,1,0,0,1,0,0,1,0,1,0,1,1,1,0,1,1,0,0,0,0,0.650336
1,0,1,1,0,0,0,1,0,1,1,1,1,1,0,0,0,0,0,0,1,1,1,0,0,1,0,0,1,0,0,0,0.759271
1,0,1,1,0,0,0,0,1,1,1,0,1,0,0,0,1,1,1,1,1,0,0,1,0,1,0,1,1,0,1,1,0.684996
1,0,1,0,1,0,1,1,0,0,0,1,0,1,0,1,1,0,1,0,1,1,0,1,1,0,0,0,1,0,0,1,0.635177
0,0,1,0,1,0,0,0,1,1,1,1,1,1,0,1,0,0,0,0,0,1,1,1,1,0,1,0,1,1,1,0,0.581975
1,0,1,0,1,0,1,1,0,1,1,1,0,0,0,1,0,1,0,0,1,0,0,0,0,0,0,1,0,1,0,0,0.719869
1,0,1,0,1,1,1,1,1,0,1,1,0,1,1,0,1,0,0,1,0,0,1,1,1,0,0,0,1,0,0,0,0.604513
0,1,1,0,0,1,1,1,0,1,1,0,1,1,0,0,1,0,1,0,1,1,1,1,0,0,0,0,1,0,1,1,0.520247
1,1,1,0,0,0,0,0,1,1,1,1,0,0,1,1,0,1,0,0,0,0,0,1,0,1,1,0,0,0,1,0,0.844443
0,1,1,1,1,1,0,1,1,0,1,0,1,1,1,0,0,1,0,1,0,0,0,1,0,0,0,0,0,0,0,1,0.606058
1,0,1,1,0,1,0,0,0,0,0,0,1,0,1,1,0,1,1,1,0,1,0,1,0,0,0,1,0,1,1,1,0.849132
1,1,1,1,1,0,1,1,1,0,1,0,1,1,1,1,0,1,0,1,1,0,0,0,1,0,1,1,1,0,1,1,0.549313
0,1,1,1,1,0,1,0,0,1,1,1,1,1,1,1,0,1,0,0,0,0,1,0,0,1,0,1,0,0,1,1,0.603367
0,1,0,1,0,1,1,0,1,1,0,1,0,1,1,0,0,1,0,1,1,1,0,1,0,1,0,1,1,0,1,0,0.796515
1,1,0,1,0,0,0,0,1,1,0,1,1,0,1,0,0,0,1,1,0,1,1,1,1,0,1,1,0,1,1,1,0.642104
1,1,0,1,0,0,1,1,0,1,0,1,0,0,1,1,1,0,0,1,1,1,0,0,1,0,1,1,1,0,1,1,0.749734
0,1,0,1,1,0,0,1,1,0,0,0,0,0,1,0,0,1,1,1,0,0,0,1,0,0,0,1,0,0,0,1,0.737425
1,0,1,0,1,0,0,0,1,1,0,1,0,1,0,0,1,0,1,1,0,0,1,1,0,1,1,1,1,0,1,1,0.490569
1,1,0,0,1,0,0,0,1,1,0,1,0,1,1,1,0,0,0,1,0,0,1,1,1,0,0,0,0,0,1,1,0.609921
1,0,1,0,1,0,1,1,1,0,1,0,1,1,1,0,0,1,0,1,1,1,0,0,0,0,0,1,1,0,1,1,0.565724
1,1,0,0,1,1,1,0,0,1,0,1,1,0,0,1,1,0,0,0,0,1,0,1,1,0,0,0,0,1,0,0,0.649750
0,0,0,0,1,1,0,1,0,1,0,1,0,0,1,1,1,1,0,1,1,1,0,0,0,0,1,0,0,0,1,0,0.648284
0,0,1,1,1,1,0,0,0,0,1,0,1,1,1,0,1,1,1,0,0,0,0,1,1,0,1,1,1,0,0,1,0.635763
0,1,0,1,1,0,0,1,0,1,1,1,0,0,0,1,1,0,1,1,0,0,0,0,0,0,0,0,1,0,0,1,0.527760
1,0,0,0,1,1,1,1,1,0,1,0,0,1,1,0,1,0,1,0,1,1,0,0,0,1,1,0,1,0,1,0,0.618553
1,0,0,1,0,0,0,0,0,0,0,0,0,0,0,1,0,1,1,0,0,0,1,0,0,1,1,0,0,0,0,1,0.785299
0,1,1,1,1,1,0,0,0,1,1,0,1,1,0,1,0,0,0,1,0,1,1,0,1,1,1,0,0,1,1,1,0.558664
0,0,1,1,1,0,0,0,0,0,0,1,0,0,1,1,1,1,0,0,0,1,1,1,0,0,0,0,0,0,1,1,0.635390
1,0,0,1,0,1,0,0,1,0,0,0,0,0,0,1,0,0,1,0,0,1,0,0,0,1,0,0,0,0,0,1,0.769821
0,0,1,1,0,0,0,0,1,0,1,1,1,0,0,0,0,1,1,0,1,0,1,1,0,0,1,1,0,0,1,1,0.805920
0,0,0,1,1,0,1,0,1,1,0,1,0,0,0,1,1,1,0,1,1,1,0,1,0,0,1,0,0,0,0,0,0.647485
0,0,1,0,1,1,1,1,0,1,0,1,0,1,0,0,1,1,1,1,0,0,0,0,0,0,1,0,1,0,0,1,0.553549
0,1,1,1,1,1,0,0,1,1,0,1,0,1,0,1,0,1,0,1,1,1,0,1,0,0,0,0,0,0,0,1,0.737852
0,1,0,1,1,0,0,1,1,1,0,1,1,0,0,0,1,0,0,1,1,0,0,0,0,1,0,1,0,0,1,0,0.822011
0,1,0,1,1,0,1,0,1,1,1,0,1,1,0,0,0,1,0,0,1,0,0,0,1,0,0,1,1,0,1,1,0.634751
0,1,1,1,0,1,0,0,0,1,0,0,0,1,0,0,0,0,0,1,0,1,1,1,0,1,1,1,0,0,0,0,0.808078
1,0,1,1,1,0,1,1,0,0,1,1,1,1,1,1,0,0,1,0,1,0,1,1,1,1,0,1,0,0,0,1,0.577073
1,0,1,1,1,0,0,1,1,1,0,1,0,0,0,0,0,0,1,0,1,0,0,1,1,1,1,0,0,0,1,0,0.624307
0,1,1,1,1,1,0,0,1,1,0,1,0,1,1,0,1,0,1,0,0,1,0,1,1,0,1,0,0,1,1,1,0.483110
0,0,0,1,0,1,0,1,1,0,1,0,0,0,1,0,1,1,1,1,1,1,0,1,0,1,0,1,1,0,0,0,0.764599
1,1,1,0,0,0,1,1,1,0,0,0,0,0,1,0,0,1,0,0,0,1,0,1,0,0,0,1,1,1,0,0,0.629582
