1,1,0,1,1,0,0,1,0,1,0,0,0,0,0,0,1,0,1,1,1,0,1,1,1,0,0,0,1,1,1,1,0.610694
0,1,1,1,0,1,1,0,1,1,0,0,0,1,0,1,1,0,0,1,0,1,0,1,0,0,1,1,0,1,0,1,0.678602
1,0,0,1,1,1,1,0,1,0,0,1,0,1,1,1,1,0,1,0,1,0,1,0,1,1,1,0,1,1,0,1,0.636136
0,1,1,1,0,0,0,1,1,1,0,1,0,1,0,0,1,1,0,0,1,0,1,1,0,1,1,0,1,1,0,1,0.599957
1,1,0,1,0,1,1,0,1,0,1,0,0,0,0,0,1,1,0,0,1,0,1,1,1,0,1,0,0,1,0,0,0.671968
1,0,0,0,1,0,0,0,1,1,1,1,1,1,1,1,0,0,1,0,0,0,0,1,0,0,1,0,0,1,0,0,0.572011
1,1,0,0,1,1,0,1,1,1,1,0,0,0,1,0,1,1,1,0,0,0,0,1,0,1,1,1,1,0,1,0,0.612532
0,0,0,0,1,1,0,0,1,0,1,1,1,0,1,1,1,1,0,0,0,1,1,0,0,0,1,1,0,0,0,0,0.587729
1,0,0,1,1,1,1,1,1,0,1,0,0,0,0,0,1,0,0,0,0,0,0,1,0,0,1,0,1,0,1,1,0.562766
1,1,0,0,1,0,1,0,0,0,0,1,1,1,1,1,0,0,0,0,0,0,1,0,0,1,0,1,0,0,1,1,0.606831
0,1,0,1,0,0,1,1,1,1,1,0,0,1,1,1,1,0,0,0,1,1,1,0,1,0,1,0,1,0,0,1,0.621217
0,0,0,0,1,1,1,0,0,1,1,1,0,1,0,0,0,1,1,0,0,0,0,0,1,0,0,1,1,0,1,1,0.512148
1,0,0,1,0,1,0,0,0,0,0,1,0,0,1,1,1,0,0,0,0,1,1,0,0,1,1,1,0,1,1,0,0.608616
0,0,0,0,0,1,0,1,0,0,1,1,0,1,1,0,1,0,0,0,1,0,1,0,0,0,0,0,1,0,1,0,0.412218
0,0,1,1,0,0,1,1,1,0,0,1,0,0,1,1,1,0,0,1,0,1,0,0,0,1,1,1,1,1,0,1,0.665335
1,0,0,1,1,0,1,1,0,1,0,1,0,1,0,0,1,0,0,1,0,0,1,1,1,1,0,0,0,0,0,1,0.625586
1,1,1,0,0,1,0,0,1,1,0,0,0,0,1,0,0,1,0,1,1,1,1,0,1,1,1,0,1,0,0,0,0.630648
1,1,0,0,0,0,1,0,0,1,0,1,1,0,0,0,0,1,0,0,0,1,0,0,0,1,0,1,0,1,1,0,0.587063
0,0,0,0,0,0,0,0,0,1,0,0,1,1,1,0,0,1,0,0,1,0,1,0,0,0,0,1,0,0,0,0,0.370951
1,0,1,0,1,1,0,1,1,1,1,0,0,1,1,0,1,1,0,1,1,0,1,1,1,0,1,1,1,0,1,0,0.635790
1,0,1,1,0,1,0,1,0,1,1,0,1,1,1,0,1,0,0,0,1,0,1,1,1,1,1,1,0,0,1,1,0.682065
0,1,1,0,1,0,1,0,1,1,0,1,0,1,0,1,0,1,1,1,1,0,0,0,0,1,0,1,0,1,1,1,0.736440
0,1,0,0,1,0,1,1,1,0,1,0,0,1,0,1,1,0,1,0,0,0,1,0,1,0,0,1,0,0,0,1,0.572357
1,1,0,1,1,0,0,0,0,0,0,0,1,0,1,1,1,0,1,0,0,0,1,0,1,1,0,0,0,1,1,1,0.635417
0,0,0,1,1,0,1,0,1,0,1,0,0,1,1,0,1,0,1,1,0,0,0,0,0,0,1,0,1,1,0,0,0.568388
1,0,0,1,1,1,0,0,1,1,1,1,0,0,0,1,1,1,0,1,0,0,0,0,1,1,0,1,0,1,0,0,0.602275
1,1,0,1,0,1,1,1,0,0,0,1,0,0,0,0,0,0,1,0,1,0,1,0,1,0,1,0,0,1,1,0,0.597746
1,1,0,0,0,0,0,1,0,0,0,0,1,1,0,1,1,0,1,1,0,0,1,0,0,1,0,0,1,1,0,1,0.613624
1,1,0,1,0,0,1,0,1,0,0,1,1,1,0,0,1,1,0,1,1,1,1,0,0,1,0,0,0,0,0,0,0.620151
0,0,1,0,1,0,1,0,1,0,0,1,0,1,1,1,0,1,0,1,0,1,1,0,0,1,0,1,1,1,0,0,0.625853
0,1,0,0,1,1,1,1,0,1,1,0,0,1,0,0,0,0,1,1,0,0,0,0,1,1,1,1,0,1,0,1,0.686195
1,1,1,0,1,0,0,1,1,1,1,1,0,0,0,1,0,1,1,0,0,1,0,1,1,0,0,0,1,1,1,1,0.667652
1,1,0,1,0,0,0,0,0,0,1,0,1,1,1,0,1,0,0,1,0,1,0,1,1,1,0,1,0,0,1,0,0.612079
0,0,1,0,1,1,1,1,1,1,1,0,1,0,1,0,0,0,1,1,1,0,1,0,0,0,1,1,1,0,0,1,0.649750
1,1,0,1,0,1,1,1,0,0,0,1,1,1,0,1,0,1,1,1,1,0,0,1,0,1,1,1,0,0,0,1,0.753277
0,1,0,1,0,1,1,0,1,0,0,1,1,0,0,1,1,0,0,0,1,1,1,1,0,0,0,1,0,1,0,1,0.657049
1,1,0,1,1,0,0,0,0,1,0,0,1,0,1,1,0,0,0,0,0,1,0,0,1,1,1,1,1,0,1,0,0.591725
0,1,1,1,1,1,1,0,1,1,1,0,0,0,0,0,1,0,1,0,0,0,0,0,0,0,1,0,1,1,0,1,0.641917
1,1,0,1,1,1,1,0,0,1,1,0,0,0,0,1,0,0,1,0,1,1,0,0,1,1,1,0,0,0,1,0,0.646979
0,0,1,1,1,1,0,1,0,1,0,1,1,1,0,0,1,1,1,0,1,0,1,0,0,0,0,1,0,0,1,0,0.607577
0,0,1,1,1,1,0,0,1,1,0,1,0,1,0,1,0,1,0,0,0,1,1,0,0,0,0,1,0,0,1,1,0.528160
1,0,1,0,0,1,0,0,1,1,0,0,0,0,1,1,0,1,1,0,0,0,1,1,1,0,0,0,1,0,0,1,0.597053
1,0,1,0,1,0,0,0,0,0,1,0,0,1,0,0,1,0,0,1,0,1,1,1,0,0,0,1,0,1,1,1,0.612932
1,0,1,1,0,1,0,0,1,0,0,0,1,0,1,1,1,1,0,0,1,1,0,0,1,1,1,1,1,0,1,0,0.611520
1,1,1,0,0,1,1,1,1,0,1,1,1,1,0,0,0,0,0,1,0,1,1,1,0,0,0,0,1,0,1,0,0.608536
1,1,1,0,0,1,0,0,0,0,0,1,1,0,1,1,0,1,0,1,1,1,0,1,0,1,0,0,0,0,0,0,0.596654
0,0,0,1,0,0,1,1,1,1,1,0,0,1,1,1,1,1,0,1,1,1,0,1,1,1,0,0,0,1,1,1,0.681586
0,1,1,0,0,1,1,0,1,1,0,0,0,0,1,1,0,1,1,1,1,1,1,1,0,0,0,0,1,1,0,0,0.625639
1,0,1,0,0,1,0,0,1,0,0,0,0,1,1,0,0,0,0,0,1,0,0,0,1,0,0,0,1,0,0,0,0.666480
1,0,1,0,1,0,0,0,0,0,1,1,0,1,0,1,0,1,0,1,1,1,1,0,0,0,1,0,0,1,1,0,0.580616
0,0,1,0,1,1,1,0,1,1,0,0,0,0,0,0,1,1,0,1,0,1,0,1,1,1,1,0,1,0,0,0,0.570332
0,0,0,1,0,0,0,0,1,1,1,0,0,0,1,1,1,1,1,0,0,1,0,0,0,1,1,1,0,1,1,1,0.638640
0,0,0,1,0,1,0,1,1,1,0,1,0,1,1,1,1,0,1,0,1,0,1,1,1,0,0,1,1,0,1,0,0.665255
1,1,0,0,0,1,0,0,1,0,1,1,0,1,0,0,0,1,1,1,1,1,1,0,0,1,1,1,1,0,1,0,0.616688
0,0,0,0,0,1,0,0,1,0,0,1,1,0,1,0,1,0,1,0,0,0,0,0,1,0,1,1,0,0,0,0,0.523577
0,0,1,0,0,0,1,0,0,0,0,0,1,1,0,0,0,0,0,0,1,0,1,0,1,0,1,0,1,1,0,1,0.485774
0,1,0,0,0,1,1,0,1,1,1,0,0,1,1,1,1,0,1,0,1,1,0,0,1,1,0,1,0,0,0,1,0.655584
1,1,0,0,0,1,0,1,0,0,0,1,1,1,0,0,1,1,0,1,0,1,0,1,1,1,0,0,1,1,1,0,0.589621
1,1,0,1,0,0,1,0,1,0,1,0,0,0,1,1,0,1,0,0,1,0,1,1,1,0,0,1,0,1,0,1,0.645780
1,0,1,0,1,0,1,1,1,0,0,0,0,1,1,1,0,0,0,0,1,1,0,0,0,0,1,0,0,1,1,0,0.542572
0,0,0,0,1,1,1,0,0,0,1,0,0,1,1,1,0,1,1,1,0,1,0,1,0,0,1,0,0,0,1,0,0.628863
1,1,0,1,1,1,1,0,1,1,0,1,1,1,1,0,1,0,0,1,1,1,0,1,0,1,1,1,1,1,1,1,0.711077
0,0,1,1,0,0,1,0,1,0,1,0,1,0,1,0,0,0,1,1,0,0,0,1,0,0,0,0,1,0,0,1,0.584879
0,1,1,1,0,0,0,1,1,0,1,1,1,1,0,1,1,1,1,1,0,0,1,0,1,0,0,0,0,0,0,0,0.589381
0,0,1,0,1,1,1,0,1,0,0,1,1,0,0,1,1,1,0,0,1,1,1,1,0,1,0,0,1,0,0,1,0.616581
1,0,0,0,0,1,1,0,0,1,1,1,0,1,1,0,0,0,0,1,0,1,1,0,1,0,1,1,1,1,1,0,0.637548
1,0,1,1,1,0,0,0,1,0,1,0,0,0,1,0,0,0,1,0,0,1,0,1,0,0,0,1,0,0,0,1,0.592977
0,1,0,1,1,1,1,1,1,1,1,0,1,0,1,0,1,1,1,1,1,1,0,1,0,0,0,1,0,0,1,0,0.650362
1,0,0,0,1,1,1,1,0,0,1,0,1,0,1,0,1,1,0,1,0,1,1,0,1,0,1,0,0,1,0,0,0.649057
0,1,1,1,1,0,0,1,1,0,1,1,0,0,1,1,0,0,0,1,1,0,0,0,1,1,1,0,0,0,0,0,0.610134
1,0,1,0,0,0,0,0,1,0,0,1,1,1,1,1,0,1,0,0,1,0,1,0,1,1,0,1,0,1,1,0,0.625799
1,0,1,1,0,0,1,0,0,0,1,1,1,1,1,1,0,0,0,1,0,0,0,0,1,0,0,0,0,1,1,0,0.561568
0,0,0,1,1,1,0,1,0,0,1,0,0,0,0,1,1,0,0,0,1,1,0,1,0,1,0,1,0,1,0,1,0.675751
0,0,1,1,0,0,0,1,1,0,1,1,1,0,0,0,1,1,1,0,1,1,0,1,0,0,0,0,0,0,1,1,0.611093
0,0,0,1,1,0,1,1,0,0,0,1,0,0,0,1,1,0,1,1,0,1,0,1,0,0,1,1,1,1,0,1,0.735561
0,1,1,1,0,1,0,0,0,1,1,1,0,0,1,1,0,0,0,1,1,1,1,1,1,0,0,0,1,0,1,1,0.688086
1,1,1,0,0,1,1,1,1,0,0,0,0,0,0,1,0,1,1,0,0,1,1,0,1,0,1,1,1,0,1,1,0.609175
0,0,0,1,0,0,0,0,0,0,1,1,1,0,0,0,1,1,1,0,0,1,0,0,0,0,1,1,0,1,0,0,0.465580
1,0,1,1,1,1,1,0,0,1,1,0,0,0,1,0,0,0,1,0,0,1,0,1,0,1,1,1,0,0,1,1,0.648391
0,0,0,1,0,0,1,0,0,1,1,1,0,1,0,1,1,1,0,1,1,0,0,0,1,1,1,1,1,1,0,1,0.694533
0,1,0,1,0,0,1,1,0,0,1,0,1,0,1,0,0,0,0,0,0,1,1,0,0,0,0,1,0,0,0,1,0.523284
1,0,1,0,1,1,1,1,0,0,1,1,0,1,0,0,1,0,1,1,1,0,0,0,0,1,0,1,1,0,0,1,0.626971
0,0,1,0,1,1,1,0,0,1,1,0,1,1,1,0,1,1,1,0,1,0,0,1,1,1,0,1,1,1,0,0,0.583546
0,1,0,1,1,1,0,0,0,0,0,1,1,1,0,1,0,1,1,1,0,1,0,0,0,1,1,1,0,1,1,1,0.695599
0,0,0,0,1,1,0,1,0,0,1,0,1,1,1,0,0,0,1,1,1,1,1,0,1,1,0,1,0,0,1,1,0.639519
1,0,1,1,1,0,0,0,1,1,1,0,1,1,1,0,0,1,0,1,0,0,0,0,0,1,0,1,1,0,0,1,0.610188
0,1,1,1,1,0,0,1,1,1,1,1,1,0,1,0,1,1,1,0,0,1,1,0,0,0,1,0,0,1,0,1,0.626652
1,1,0,0,1,0,0,0,0,1,0,1,0,1,1,0,0,0,1,1,0,1,1,0,1,1,1,0,0,0,0,0,0.588875
1,1,0,0,1,0,0,1,1,1,0,0,0,0,0,1,0,1,0,1,1,1,0,0,0,0,1,0,1,0,1,1,0.623854
0,0,1,1,0,1,0,0,1,1,1,0,0,0,1,1,0,0,1,0,1,0,1,1,1,1,0,0,1,1,1,0,0.629875
1,1,1,1,1,1,0,0,0,1,1,1,0,0,0,0,0,1,1,0,0,0,1,1,1,0,1,0,0,1,1,0,0.628890
1,0,1,1,1,1,0,1,1,1,1,1,0,1,1,1,1,0,0,0,1,0,0,1,0,0,0,1,1,1,1,0,0.633951
0,0,1,0,0,1,1,0,1,1,1,0,1,1,1,1,0,0,1,1,1,0,0,1,1,0,0,1,0,0,1,0,0.633978
0,0,0,0,0,1,0,0,0,0,0,0,0,1,0,0,0,1,0,1,1,1,0,1,0,1,1,0,0,0,1,1,0.585598
0,0,1,0,1,0,1,1,1,1,0,0,0,0,1,0,1,1,0,0,0,0,1,1,1,0,1,0,0,0,1,0,0.606751
0,0,1,1,1,1,1,1,1,1,0,1,0,0,1,1,0,0,0,0,0,0,0,1,0,1,1,0,1,0,1,1,0.690510
1,0,0,0,1,1,0,1,0,0,1,0,0,1,1,0,1,0,1,0,0,1,0,1,0,0,0,0,0,0,1,0,0.570626
1,1,0,1,0,0,0,0,0,0,1,0,0,1,0,0,0,1,0,1,1,0,0,1,0,1,1,1,1,0,0,0,0.591805
0,1,0,1,0,1,1,1,1,0,1,0,0,1,0,1,0,0,1,1,0,0,0,0,0,0,1,0,0,0,1,1,0.724371
1,0,0,0,0,0,0,0,0,0,0,0,0,1,1,1,1,1,1,1,1,1,1,0,1,0,0,0,0,0,0,0,0.500480
0,0,0,1,0,1,0,1,1,0,1,0,1,1,1,0,0,1,1,0,0,0,0,0,1,1,0,0,0,0,1,0,0.582374
1,1,1,0,1,1,0,1,1,0,0,1,1,0,0,0,0,1,1,0,1,1,1,1,1,1,0,1,0,0,1,0,0.645753
0,1,1,1,1,1,1,0,1,0,1,0,0,1,0,0,0,0,0,0,0,1,1,0,1,1,1,0,1,0,1,1,0.598519
1,1,0,1,0,1,0,0,1,1,1,0,1,1,0,1,0,0,1,0,0,1,1,0,0,0,0,1,1,1,0,0,0.600064
1,1,1,0,0,0,1,1,1,0,0,0,0,0,1,1,0,0,0,0,1,1,0,0,1,1,1,1,0,0,0,0,0.550139
0,1,0,1,1,0,1,0,1,1,1,0,0,0,1,1,0,0,0,0,1,1,1,0,0,0,1,1,1,0,0,1,0.593910
1,1,1,1,0,0,1,0,0,1,0,1,1,0,1,1,0,1,0,1,0,0,1,0,1,0,1,0,1,1,1,0,0.642423
1,1,1,0,0,1,1,0,0,1,1,1,0,0,1,0,0,0,1,0,1,1,0,1,1,0,1,0,1,0,1,1,0.622789
1,0,0,0,0,1,1,0,1,0,0,0,1,0,1,0,1,0,1,1,1,0,1,1,1,0,1,1,1,0,0,0,0.652760
0,0,0,1,0,0,0,1,1,1,0,0,1,0,0,0,1,1,0,0,1,0,1,0,1,1,1,0,1,0,1,1,0.589780
1,0,0,0,1,0,0,0,1,1,1,1,0,0,0,0,1,0,1,0,1,1,1,0,0,0,1,1,0,1,0,1,0.590447
1,0,0,0,0,1,0,0,1,0,0,1,0,1,0,1,1,0,0,0,0,0,1,0,0,1,1,0,0,0,1,0,0.550032
0,0,1,1,0,0,1,1,0,1,1,1,1,0,1,1,1,0,1,0,1,0,1,1,1,0,0,1,1,1,0,0,0.628410
0,0,1,1,0,1,1,1,0,0,0,0,1,1,1,0,0,0,1,0,0,0,0,1,1,0,0,1,1,1,1,0,0.601902
0,1,1,1,1,1,0,0,1,1,1,0,0,0,0,1,1,0,1,0,1,0,0,0,0,0,1,0,0,1,0,0,0.630435
0,1,0,1,0,0,1,0,1,1,0,0,0,1,0,0,0,1,0,1,0,1,0,0,0,1,0,0,1,0,1,1,0.575687
1,0,0,0,1,1,1,0,1,0,0,1,0,0,0,1,0,1,1,0,0,1,1,0,0,0,1,1,1,1,1,1,0.638027
0,1,1,1,1,1,0,0,0,1,0,0,1,1,1,1,1,0,1,1,1,1,0,1,0,0,1,0,1,0,0,0,0.599371
1,1,1,1,1,0,1,1,0,0,0,1,1,1,0,0,0,1,0,1,1,1,1,1,1,1,1,0,1,0,0,0,0.653133
0,0,0,1,1,0,1,0,1,1,0,1,1,1,0,0,0,1,0,1,0,1,0,1,1,1,1,0,0,0,1,1,0.648577
1,1,0,0,1,1,0,0,0,0,1,0,1,0,0,0,1,1,0,0,0,1,0,1,0,1,0,0,0,0,0,1,0.600837
0,0,1,1,0,0,0,1,0,1,0,1,0,0,0,1,0,0,0,0,0,1,0,1,1,0,0,1,0,0,0,0,0.447357
0,1,0,1,1,0,1,0,1,1,1,0,0,0,1,1,1,0,1,0,0,0,0,1,0,1,1,1,1,1,0,1,0.641384
0,1,0,1,0,1,0,0,0,0,0,1,0,0,0,0,0,1,1,0,0,0,1,0,1,1,0,1,0,0,1,0,0.558131
1,1,1,0,1,1,1,0,0,0,0,1,1,0,0,0,1,1,0,0,0,1,0,1,1,1,1,1,1,1,0,1,0.684170
0,1,1,1,1,0,1,1,0,0,1,1,0,0,0,1,0,0,0,0,0,1,1,1,1,0,1,0,1,1,1,1,0.635470
1,1,1,1,0,1,1,1,1,1,1,1,1,0,0,0,1,1,1,1,0,1,0,1,0,1,1,0,0,1,0,0,0.633552
1,1,1,0,1,1,1,1,1,0,0,0,0,1,0,1,1,0,0,1,1,0,1,1,1,0,1,1,0,1,0,1,0.718004
