0,0,0,0,0,1,0,0,0,1,1,0,1,1,0,0,1,0,1,1,0,0,0,0,0,0,1,1,0,0,0,1,0.669677
0,1,1,1,0,1,0,1,0,1,0,0,1,1,1,0,0,0,0,0,1,1,1,1,0,1,1,1,1,1,1,0,0.584186
1,0,0,1,1,0,0,0,1,0,1,0,0,0,0,0,0,0,0,0,1,0,0,1,1,0,0,0,1,0,1,0,0.608882
1,1,0,1,0,0,1,0,1,1,0,1,0,0,0,1,1,0,1,1,0,1,1,0,1,0,0,0,0,0,1,1,0.653426
1,1,0,1,1,1,1,0,0,0,0,1,0,1,1,1,0,1,1,1,0,0,0,0,1,1,1,0,1,1,0,0,0.603581
0,0,0,0,0,0,1,1,1,0,1,1,1,0,0,0,0,1,0,0,0,0,1,1,1,0,1,1,0,0,0,0,0.626092
1,1,1,0,1,0,0,1,0,1,1,1,1,1,1,0,0,1,0,1,1,1,1,1,0,1,1,0,1,0,1,0,0.622416
0,1,1,0,0,0,1,0,0,0,0,0,1,1,0,0,0,1,0,0,1,0,1,0,1,0,1,0,0,0,0,0,0.631820
0,0,1,1,0,0,1,1,1,0,0,1,0,0,0,1,1,1,1,1,0,0,1,1,0,1,0,0,0,0,0,0,0.622869
0,0,0,0,1,1,1,1,0,1,1,1,1,1,0,0,0,1,0,1,1,0,0,0,0,1,1,1,0,1,1,0,0.624334
0,1,1,1,0,0,0,0,1,1,1,0,1,1,1,0,0,0,0,0,0,1,1,0,0,0,1,1,0,1,0,1,0.580270
1,1,0,0,0,0,1,0,1,1,0,1,1,1,1,1,0,0,0,0,1,1,0,1,0,0,0,0,0,1,1,1,0.659314
1,1,0,0,0,0,0,1,1,1,1,1,1,1,1,0,0,1,1,1,1,1,0,1,1,1,0,0,1,1,1,1,0.543185
1,0,0,1,0,0,1,1,0,0,0,0,0,0,0,0,1,1,0,1,1,0,0,0,0,0,1,1,0,0,1,0,0.722426
1,0,0,0,0,1,1,0,1,0,0,1,0,1,1,0,1,0,0,0,1,1,1,0,1,0,1,0,0,1,0,1,0.659234
0,1,0,0,1,0,0,0,1,1,0,1,0,1,0,1,1,1,1,1,0,1,0,1,0,0,0,0,1,1,1,0,0.626812
1,1,1,0,0,0,1,1,0,0,0,1,1,1,1,1,1,1,1,0,0,0,1,0,1,0,0,1,0,0,1,0,0.666454
0,1,1,1,1,1,1,1,1,0,1,1,1,0,1,1,1,0,0,1,1,1,0,0,0,0,1,1,0,0,0,1,0.606271
0,1,0,0,1,1,0,1,0,1,1,1,1,1,0,0,0,0,1,0,0,1,0,1,1,1,1,1,0,0,0,0,0.627451
1,0,0,1,1,1,1,0,1,1,0,1,0,1,1,0,1,0,0,0,1,1,0,0,0,1,1,0,0,1,0,1,0.606245
0,1,1,0,1,1,1,1,1,1,1,0,1,0,1,0,1,1,1,0,0,1,0,1,0,0,0,1,1,0,1,0,0.621270
1,1,1,1,1,0,0,1,0,1,0,1,0,0,0,1,0,1,1,1,1,1,0,0,0,1,1,1,1,1,0,0,0.607284
0,1,1,1,0,0,0,1,1,1,0,0,1,1,1,0,1,1,1,0,1,0,0,1,1,1,0,0,1,1,0,0,0.578511
0,0,0,1,1,0,1,0,0,1,0,0,1,0,0,1,1,1,0,1,0,1,1,1,0,0,0,1,1,1,0,0,0.641384
1,1,1,0,1,1,0,1,1,1,0,1,0,1,0,1,0,1,0,1,0,0,0,0,0,1,0,1,0,0,1,1,0.592231
0,1,1,1,0,0,1,0,0,0,0,0,0,1,0,0,1,0,0,1,0,1,0,1,1,1,1,0,0,1,0,0,0.631793
0,0,0,0,1,0,1,0,0,1,0,1,1,1,1,1,0,1,0,0,1,1,0,0,1,0,0,1,1,1,1,0,0.648977
1,0,0,1,0,0,0,0,0,1,1,1,0,1,0,1,0,1,1,1,1,1,0,1,1,1,1,1,0,1,0,1,0.612825
1,1,1,1,0,1,0,1,1,1,0,0,0,0,0,0,0,1,0,0,1,1,0,0,1,0,1,1,1,1,0,0,0.703698
1,1,1,1,1,1,0,1,0,0,1,1,0,1,0,0,1,0,1,0,0,0,0,1,0,0,1,0,0,0,0,0,0.685076
0,0,1,1,1,0,1,1,1,0,1,0,1,0,1,1,0,1,1,1,0,1,1,0,0,0,1,0,0,0,0,1,0.665308
0,1,1,0,1,1,0,0,0,1,1,0,1,1,1,0,1,0,1,0,0,1,0,0,0,1,0,0,1,1,0,0,0.638267
1,0,0,0,0,1,0,0,0,0,0,0,1,1,0,0,1,0,0,1,1,1,0,1,0,0,0,0,0,1,1,1,0.680866
1,1,0,0,0,1,1,0,0,1,0,0,0,1,1,1,0,0,0,0,1,1,1,1,1,1,0,0,0,1,1,0,0.585704
1,1,1,0,1,0,1,1,0,0,1,0,0,0,1,1,1,0,1,0,1,1,1,0,0,1,1,1,1,0,1,0,0.610720
1,0,0,1,0,1,0,0,0,0,0,0,1,1,0,1,0,0,0,1,1,1,0,1,1,1,0,0,1,1,1,1,0.497149
0,1,0,1,1,1,0,0,0,1,1,0,1,0,1,0,0,1,0,1,0,1,1,1,1,1,1,0,1,0,0,0,0.593244
0,1,1,1,0,0,0,0,1,0,1,1,0,0,0,0,0,1,1,1,0,1,0,1,1,1,0,0,0,0,1,1,0.620364
0,1,0,0,1,0,0,0,1,1,0,0,0,0,1,1,1,1,1,0,0,0,1,0,0,0,1,0,0,0,0,1,0.624281
0,1,1,0,0,1,1,0,0,0,0,0,1,0,0,0,1,1,0,1,0,0,1,0,0,0,0,1,1,1,0,1,0.647538
1,0,0,1,0,1,1,0,0,0,0,1,0,1,0,1,1,1,0,0,1,1,1,0,1,0,1,1,1,1,1,1,0.521952
0,1,0,0,1,0,0,0,1,0,1,1,0,1,1,0,1,1,1,0,1,1,1,1,1,1,1,0,1,1,0,1,0.576700
0,0,0,0,1,0,0,1,1,1,0,0,1,1,1,0,0,0,1,1,0,0,0,0,0,0,1,0,0,1,1,0,0.711424
1,0,0,0,0,1,0,1,0,1,0,0,1,1,1,0,1,0,1,0,1,0,0,0,1,1,1,1,0,1,0,0,0.669837
0,0,1,1,0,1,0,1,0,1,1,0,1,0,0,1,1,1,1,1,1,0,1,0,1,1,0,1,0,1,1,0,0.572251
1,1,0,0,0,0,1,0,1,0,1,0,0,0,1,0,1,1,1,0,0,0,1,1,0,1,0,1,0,1,1,0,0.746563
1,1,0,1,0,0,0,1,1,1,1,1,0,0,0,1,0,0,1,0,0,1,0,1,1,0,0,0,1,0,0,0,0.637148
0,1,1,0,1,0,1,0,1,1,0,0,0,0,1,1,1,1,1,0,0,0,0,0,0,0,1,0,1,1,0,0,0.623082
0,0,0,1,0,0,1,0,1,0,0,1,1,1,0,1,1,1,1,1,1,0,0,0,1,0,0,0,0,1,1,0,0.626812
0,0,0,1,0,0,0,1,0,1,1,1,0,0,1,0,0,1,1,0,0,1,0,1,1,0,1,0,0,1,0,1,0.635896
1,0,0,0,0,1,1,0,1,0,0,1,1,0,1,0,1,1,0,0,1,0,1,1,0,0,0,0,0,1,1,0,0.722373
1,1,0,0,0,0,1,1,1,1,1,0,1,1,1,1,0,0,0,1,1,1,0,0,1,1,0,0,1,1,1,0,0.598386
1,0,1,1,0,0,0,0,1,1,0,1,1,0,1,1,0,1,1,0,1,1,1,1,1,1,0,1,1,1,0,0,0.569347
0,0,1,0,1,0,0,1,0,0,1,1,1,1,1,1,0,0,0,1,1,0,1,0,1,1,0,1,1,0,1,0,0.682998
1,0,0,0,1,0,1,0,0,0,1,1,1,1,0,0,1,1,0,0,1,0,1,1,1,1,1,1,0,0,0,0,0.700341
0,0,1,0,0,0,1,1,1,1,1,0,1,1,1,0,0,0,0,1,0,0,0,1,0,0,0,0,1,1,1,1,0.661738
1,1,0,1,1,1,0,1,1,0,0,1,0,0,0,0,0,0,0,1,0,1,1,0,1,1,0,1,0,1,0,1,0.584266
1,1,1,0,1,1,1,1,1,0,1,1,1,0,1,0,0,1,0,0,0,1,0,0,0,0,1,1,1,1,0,1,0.580110
0,1,1,0,1,1,0,1,1,0,0,0,1,1,1,1,0,1,1,1,1,0,0,0,1,1,0,1,1,0,1,1,0.565431
1,1,0,0,1,1,0,0,0,1,1,0,0,1,0,0,1,0,1,0,0,0,0,1,1,1,1,1,1,1,1,0,0.686061
1,0,1,0,1,0,1,1,0,1,0,1,1,1,0,0,0,0,0,1,1,1,1,0,0,0,1,0,1,0,1,1,0.638081
0,1,1,1,1,0,1,0,1,1,0,1,0,0,1,1,1,1,1,1,1,0,0,0,0,1,0,1,0,0,1,0,0.608616
1,0,0,0,0,0,1,1,0,0,1,0,1,0,1,1,1,0,0,1,1,1,0,0,0,0,1,1,1,0,0,1,0.657635
0,1,1,1,0,0,0,0,1,0,0,0,1,0,1,0,1,0,1,0,0,0,1,1,0,1,0,0,1,0,0,1,0.631074
0,0,0,0,0,0,0,1,1,0,1,1,1,1,0,0,0,0,0,1,0,0,0,1,1,0,0,1,0,0,1,0,0.644714
0,1,0,1,0,0,1,1,0,1,0,1,0,0,0,0,0,1,0,0,1,0,1,1,0,1,1,0,1,1,1,0,0.619991
0,1,1,1,1,0,1,0,0,0,1,1,0,0,0,0,0,0,0,1,1,1,1,0,1,1,1,1,1,0,0,1,0.569693
1,1,0,1,0,1,1,1,0,1,1,1,0,1,0,1,0,1,0,1,0,1,0,1,1,1,0,0,1,0,1,0,0.603740
1,1,0,1,1,1,1,1,0,1,0,0,0,0,0,1,0,1,0,1,1,1,1,1,1,1,0,0,0,1,1,0,0.558903
0,1,0,0,1,1,1,1,1,1,1,1,0,1,1,1,0,1,1,0,0,0,0,1,1,0,0,0,1,1,1,1,0.566070
1,1,1,1,1,1,0,1,1,0,0,0,0,0,0,0,1,1,1,0,0,0,1,0,1,0,0,0,1,0,0,1,0.656676
0,1,1,1,1,1,1,0,0,0,0,0,0,1,1,1,1,1,0,1,0,1,0,1,1,1,0,0,0,0,0,0,0.632406
0,1,1,0,0,1,1,0,1,1,0,0,0,0,0,0,1,1,0,1,1,0,1,0,1,0,1,1,1,1,0,0,0.631367
0,0,0,1,0,1,1,0,0,0,1,0,1,1,1,0,1,1,1,1,0,1,0,1,0,0,1,1,0,0,0,0,0.641837
0,1,1,0,0,1,1,1,1,1,0,1,0,1,1,1,1,0,1,0,0,1,0,1,1,1,0,0,1,0,0,0,0.579843
0,0,0,0,1,0,0,0,0,1,1,0,1,1,1,0,1,0,0,0,1,0,1,0,0,0,1,0,1,0,0,0,0.731564
1,1,1,1,0,1,1,1,0,0,1,0,0,0,1,1,0,1,0,0,0,1,1,0,1,0,1,0,0,1,1,0,0.619965
0,0,1,0,1,1,0,0,1,1,1,1,0,1,1,0,0,1,1,0,0,1,1,1,0,1,1,0,1,0,0,0,0.641304
0,0,1,0,1,1,0,0,1,1,1,0,1,1,1,0,1,1,1,0,1,1,1,1,1,1,1,0,0,0,1,1,0.557944
1,0,0,1,0,1,1,0,1,1,1,1,0,1,0,1,0,0,0,1,0,0,0,0,1,0,0,0,0,1,1,0,0.618952
0,1,0,0,0,0,1,1,1,1,0,1,1,0,0,0,1,1,1,0,1,1,0,1,1,0,1,1,1,0,1,1,0.574542
1,1,1,1,1,0,1,0,1,1,1,1,0,1,0,1,0,1,1,0,1,0,1,1,0,0,1,1,0,0,0,1,0.601289
1,0,1,1,0,0,0,1,0,0,1,1,1,0,0,1,0,0,0,1,0,1,0,1,1,1,1,0,0,1,0,0,0.641224
0,1,1,1,1,0,1,0,0,0,0,0,1,0,1,0,0,1,1,0,1,1,1,0,1,0,1,0,0,1,0,1,0.584159
0,1,0,1,1,1,1,1,1,0,1,1,1,0,0,0,0,1,1,1,1,1,1,0,1,1,0,1,0,1,1,1,0.552483
0,0,0,1,1,1,1,0,0,1,1,0,0,0,1,1,1,1,1,1,1,1,1,0,0,1,0,0,0,0,1,0,0.622149
0,0,0,1,0,0,0,1,0,1,1,1,0,1,0,0,0,0,0,0,0,1,1,0,1,1,0,1,1,0,1,0,0.645833
0,0,1,1,0,0,0,1,1,1,1,1,0,0,1,0,0,1,0,1,0,0,1,1,0,1,1,1,1,1,0,0,0.594443
1,1,0,0,0,1,0,0,1,0,0,0,1,1,0,0,0,1,1,0,0,1,1,0,1,0,1,0,1,0,0,0,0.692642
0,1,1,1,0,1,1,0,1,0,1,1,1,1,0,0,0,1,1,0,0,1,0,0,1,1,0,1,0,0,0,0,0.612798
0,1,0,1,0,0,1,1,1,0,0,1,1,1,0,1,0,1,1,1,0,0,1,1,0,1,0,0,0,1,1,0,0.592018
0,1,1,1,1,1,0,0,0,1,1,0,1,1,0,0,1,1,1,1,0,1,1,0,1,0,0,0,0,0,0,0,0.643569
0,1,1,0,0,1,0,1,1,1,0,1,0,1,0,1,1,0,0,1,1,1,1,0,0,0,0,1,0,1,0,0,0.606538
1,1,0,1,0,1,0,1,0,1,1,0,1,1,1,0,0,1,1,1,1,1,0,1,0,1,1,1,0,1,0,0,0.708253
0,1,0,0,0,1,1,1,0,0,1,0,0,1,1,0,0,1,1,1,1,1,0,1,1,1,1,1,0,0,0,1,0.579630
1,1,0,0,0,1,1,0,0,1,0,0,1,0,1,1,1,1,0,1,0,1,0,0,0,1,1,0,0,0,0,1,0.721654
0,0,1,0,0,0,1,1,1,1,0,0,1,0,1,1,0,1,0,0,0,1,1,0,1,0,0,1,1,1,0,1,0.629103
0,0,1,0,1,1,1,0,0,0,0,0,1,1,1,1,0,1,1,0,1,0,0,0,0,1,1,0,1,1,0,0,0.601423
0,1,1,1,1,0,0,0,1,0,0,0,0,0,1,0,0,1,1,1,0,1,1,1,1,1,1,1,1,1,0,1,0.558637
0,1,1,0,1,0,0,1,1,1,0,0,0,0,0,1,1,1,0,1,1,1,1,1,1,0,1,0,1,0,0,1,0.585624
1,1,1,0,1,0,0,0,0,0,1,1,0,1,1,0,1,0,0,1,0,1,1,1,0,0,1,0,1,0,0,0,0.747016
1,1,0,0,1,1,1,1,0,0,1,1,0,1,0,0,0,1,1,1,0,0,1,1,1,0,1,0,1,1,0,0,0.634831
0,0,0,1,0,0,0,1,1,1,0,0,1,0,1,1,1,1,1,1,1,1,0,1,1,0,0,0,0,0,0,0,0.610720
1,0,1,1,1,0,0,1,1,0,1,1,0,0,0,1,1,0,1,1,1,1,1,1,1,0,0,1,1,1,1,0,0.554108
1,0,0,1,1,0,0,0,0,0,0,0,1,1,0,1,0,1,1,0,0,1,0,1,0,1,1,1,1,1,1,0,0.600996
0,0,1,0,0,1,0,0,0,1,0,0,1,0,0,1,0,0,0,1,0,1,1,1,1,0,1,1,1,1,1,1,0.653666
0,1,0,1,1,1,1,0,1,1,0,1,1,0,0,1,0,0,1,0,1,1,0,0,1,1,1,0,0,1,1,1,0.603421
0,1,0,0,0,0,0,0,0,1,1,0,1,0,0,0,1,0,0,1,0,0,1,1,1,0,0,1,1,1,1,0,0.627025
1,1,1,1,0,1,0,1,1,1,0,0,1,0,1,1,0,0,0,0,1,1,1,1,1,1,1,0,1,1,1,0,0.536498
1,0,0,0,1,1,1,1,1,0,1,1,0,1,1,1,1,0,1,1,0,1,0,0,1,1,0,0,0,0,1,0,0.600543
0,0,1,1,0,1,0,0,0,0,0,1,1,0,1,1,0,0,0,0,1,1,1,0,1,1,0,0,0,0,0,0,0.601716
1,0,0,0,0,0,1,0,1,0,0,1,1,1,1,1,1,1,0,0,0,1,0,0,1,1,1,1,0,0,1,0,0.634484
0,1,1,0,1,0,0,0,1,0,0,0,1,0,1,1,0,0,0,0,0,1,1,0,0,1,1,1,1,0,1,1,0.665175
0,1,1,1,1,1,1,1,1,1,1,0,0,1,0,0,0,0,0,1,1,1,0,1,1,1,1,0,0,0,1,0,0.607896
0,1,0,1,0,0,0,1,1,1,1,1,0,1,1,1,1,1,0,0,1,1,0,1,1,1,0,1,1,0,0,1,0.562393
0,0,1,0,0,1,0,1,1,1,0,0,0,0,1,0,1,0,1,1,1,1,0,0,1,0,0,1,0,1,1,0,0.600224
1,1,0,1,1,1,0,1,1,0,1,1,1,1,0,1,1,1,0,0,0,0,1,1,0,0,1,0,1,0,0,0,0.652414
0,1,1,1,0,1,0,1,0,0,1,0,0,0,0,0,1,1,1,1,0,0,1,1,0,0,0,1,1,0,0,0,0.640052
0,0,1,0,0,0,0,1,1,1,1,0,1,1,1,0,0,0,1,1,0,1,1,1,1,1,1,0,0,0,0,1,0.597080
0,0,1,0,0,1,1,0,0,1,0,0,1,0,0,1,0,1,1,1,1,1,1,1,0,0,1,0,0,0,1,1,0.648737
1,0,1,0,1,0,0,0,0,1,1,0,1,1,0,1,1,1,0,0,0,0,1,0,0,0,0,0,1,1,0,0,0.670823
1,1,0,0,1,1,0,0,1,1,0,0,0,0,0,0,0,0,1,1,0,0,0,0,0,0,0,0,1,1,0,1,0.635870
1,1,0,1,0,0,0,1,0,0,0,0,1,0,1,1,0,1,0,1,1,1,1,0,0,1,0,1,1,1,0,0,0.647751
1,0,0,1,1,1,1,1,0,0,0,0,0,1,1,1,0,0,0,0,0,0,1,1,1,1,1,0,0,0,1,0,0.614796
1,1,1,0,0,1,0,0,0,0,1,0,0,1,1,1,0,0,0,1,1,0,1,1,0,0,0,0,0,0,1,0,0.680200
1,0,0,0,1,1,1,0,1,1,0,1,1,0,1,0,0,1,1,0,0,1,0,0,0,1,1,1,1,0,0,1,0.600410
1,1,1,1,0,0,1,0,1,0,1,0,1,1,0,1,0,0,0,1,1,1,0,1,0,0,0,1,1,0,0,0,0.625746
1,0,1,1,0,0,0,0,0,0,1,1,1,0,0,0,1,1,1,1,1,0,1,0,0,0,0,0,1,0,0,0,0.702126
