1,0,1,1,1,1,1,1,0,0,0,0,1,0,0,0,0,0,0,1,0,1,1,1,0,1,1,0,0,0,1,1,0.010523
1,0,0,1,0,1,0,0,1,1,0,0,1,0,1,0,1,0,0,1,0,0,1,0,1,1,1,0,0,1,0,0,0.993793
1,1,1,0,1,1,1,1,0,0,1,1,0,0,1,1,0,1,1,1,0,1,1,0,1,0,1,1,1,1,0,0,0.989930
1,1,0,0,1,0,1,0,1,1,0,1,1,0,1,1,1,0,1,1,1,1,0,0,0,0,1,1,0,0,1,1,0.008632
0,0,0,0,0,1,0,1,0,0,1,1,0,1,0,1,0,0,1,1,1,1,0,0,1,0,1,1,0,1,1,1,0.995018
0,1,0,1,1,1,0,0,1,0,0,0,0,0,1,0,1,1,0,0,1,1,0,0,0,1,1,0,0,0,0,0,0.993846
1,0,0,0,1,0,0,0,1,1,0,0,1,1,1,0,0,1,1,1,1,0,0,1,1,0,1,0,1,0,1,1,0.010017
0,0,0,0,0,1,1,1,0,0,0,1,1,1,1,1,1,1,1,1,1,1,0,0,1,0,0,1,1,1,1,1,0.989903
0,0,1,0,0,1,0,0,0,0,0,1,1,0,0,0,0,0,0,0,0,0,0,0,1,1,0,1,1,1,1,1,0.997203
0,1,0,0,0,1,0,0,1,1,1,1,0,1,1,0,0,0,1,1,1,1,0,0,1,1,1,1,1,0,1,0,0.992540
0,0,1,1,1,0,1,1,0,1,1,1,1,0,1,1,1,0,1,0,0,1,1,0,1,0,0,1,1,1,0,0,0.991262
1,0,0,1,0,1,0,0,0,1,0,1,1,0,1,1,1,1,1,1,0,1,0,0,0,0,0,1,1,0,0,1,0.010470
0,0,0,0,0,1,0,1,0,0,0,1,1,0,1,0,0,0,0,1,0,0,1,0,0,1,0,0,0,1,0,1,0.999520
1,1,1,1,1,0,0,0,1,1,1,0,0,0,1,1,1,1,0,0,1,0,0,0,1,1,0,1,1,1,0,0,0.994006
0,1,1,0,0,1,1,1,1,0,1,1,1,0,0,0,1,0,0,0,0,0,1,1,0,1,0,0,0,1,1,0,0.993446
0,0,1,1,0,0,0,1,0,0,0,0,1,1,0,0,0,0,0,1,1,0,1,0,1,0,1,0,0,0,1,0,0.996750
1,1,0,1,0,1,0,0,0,0,1,0,1,1,1,1,1,1,1,0,1,1,0,0,0,1,1,0,1,0,0,0,0.992620
0,1,0,0,1,0,1,1,0,0,1,1,1,1,1,0,1,0,1,1,0,1,0,0,1,0,1,1,0,0,1,0,0.992088
1,1,0,1,1,1,0,0,1,1,0,0,1,0,1,1,1,1,0,0,1,0,1,1,1,0,0,0,1,1,0,1,0.008925
0,0,1,0,1,0,0,1,0,0,1,1,0,0,1,1,0,1,0,0,0,1,0,0,1,1,0,0,1,1,0,1,0.996776
0,0,1,0,1,0,1,0,0,0,1,0,1,0,0,0,0,0,0,0,0,0,1,1,0,0,1,1,0,0,0,0,0.996057
1,0,1,0,0,1,0,0,1,0,1,0,0,0,0,1,1,0,0,1,0,0,0,0,1,0,1,0,0,0,0,1,0.012255
0,1,0,0,0,0,0,0,1,1,1,1,0,1,0,1,0,1,0,1,1,0,1,0,0,1,0,1,0,0,1,0,0.993366
1,1,1,0,0,1,1,0,1,0,0,0,0,0,0,0,0,0,0,1,0,1,1,0,0,0,0,1,1,0,1,0,0.994618
1,0,1,0,0,0,1,0,0,1,1,1,1,1,0,1,1,1,0,1,1,1,0,0,0,1,1,1,0,1,0,0,0.991342
1,1,0,1,1,0,0,1,0,0,0,0,1,1,1,1,0,0,1,0,0,0,0,0,0,0,0,0,0,1,0,0,0.994352
1,0,0,0,1,1,1,1,1,0,0,1,1,1,1,0,0,1,0,1,0,0,0,1,0,1,1,0,1,0,1,1,0.009351
1,0,0,1,1,1,0,1,1,1,1,0,1,0,1,0,0,1,0,1,1,0,1,1,1,1,0,0,1,0,1,0,0.991635
1,1,1,1,1,0,1,0,0,0,0,1,1,1,1,0,1,1,1,0,0,1,1,1,1,0,1,0,0,0,1,0,0.992700
0,1,0,0,0,1,1,0,0,1,1,1,0,0,1,0,1,0,1,0,1,1,1,0,1,0,0,1,1,1,1,0,0.992727
0,0,1,0,1,0,0,0,1,0,1,0,1,1,0,1,0,0,1,0,1,1,1,1,0,1,1,0,1,0,1,1,0.995551
0,0,0,0,1,1,0,0,0,1,1,1,1,0,1,1,0,0,0,0,1,1,1,0,1,1,0,1,1,1,0,0,0.995285
1,0,0,0,1,1,0,1,0,0,0,1,0,0,0,0,0,1,1,0,0,0,1,0,0,0,1,0,1,0,1,0,0.994752
0,0,1,1,1,0,1,1,0,1,0,0,1,1,0,1,0,1,0,1,1,0,0,0,1,1,1,0,0,0,1,0,0.993366
0,0,1,1,0,1,1,1,0,1,1,1,0,1,0,1,1,0,0,1,0,1,0,1,1,0,0,1,1,0,1,0,0.991555
0,0,1,1,1,0,1,0,1,0,0,1,1,1,0,1,0,1,0,1,0,0,0,0,1,1,0,0,0,1,0,1,0.993047
1,1,0,0,1,1,0,0,0,1,1,1,0,0,1,0,1,0,1,1,0,0,1,1,1,0,1,1,1,0,1,0,0.991155
0,0,1,1,0,1,0,0,0,1,0,0,0,1,1,1,0,0,0,0,0,1,1,0,0,0,0,0,0,1,0,0,0.997682
1,0,0,1,0,1,0,0,0,1,1,0,1,0,1,0,0,1,0,1,0,1,0,0,0,0,1,1,1,0,0,1,0.011003
0,0,0,1,1,1,1,0,1,1,0,0,0,0,1,1,1,0,0,1,1,0,0,0,1,1,0,1,1,1,1,0,0.991501
0,1,0,0,0,0,1,1,0,0,0,1,1,1,0,1,0,0,1,0,0,0,1,0,1,1,1,1,0,1,0,0,0.996670
0,0,0,0,0,1,0,0,0,1,0,1,0,1,1,0,1,1,1,1,0,1,0,0,1,1,1,1,1,1,1,0,0.992114
1,0,0,0,0,0,1,1,1,0,1,0,1,0,1,1,1,0,0,1,1,0,1,0,0,0,0,1,1,0,0,1,0.011136
0,1,0,0,1,0,0,0,0,1,1,0,0,1,1,0,1,1,1,1,1,0,0,0,0,1,0,1,1,0,0,0,0.993713
0,1,0,1,1,0,0,1,0,0,0,0,1,0,1,0,1,0,0,0,1,0,1,0,1,1,1,0,1,1,1,1,0.991608
0,0,1,0,0,0,0,0,0,1,1,1,0,1,1,1,1,0,0,1,1,1,1,0,0,0,1,1,1,0,0,1,0.992327
1,0,0,0,1,0,0,1,0,1,0,0,1,1,1,1,1,0,1,1,0,0,1,0,0,0,0,1,0,1,1,0,0.992780
0,1,0,1,1,0,1,1,1,1,1,0,0,0,0,1,0,1,1,0,0,1,0,0,0,1,1,1,1,0,1,1,0.992008
0,1,0,1,1,1,0,0,1,1,1,0,1,0,0,1,0,0,0,0,0,1,0,0,1,0,0,1,1,0,1,1,0.993713
1,1,0,1,0,1,1,0,0,1,1,0,1,1,0,0,0,0,0,0,1,0,1,0,1,1,0,1,1,0,1,0,0.992967
0,0,1,0,1,1,1,1,1,1,1,1,1,0,1,1,1,0,0,0,0,0,1,1,0,1,0,0,1,0,0,1,0.992088
1,1,0,1,0,0,1,0,1,0,0,0,0,0,1,1,0,1,1,1,1,1,1,1,0,0,1,1,0,1,0,0,0.991821
1,1,0,0,0,0,0,1,1,0,1,0,1,0,0,1,1,1,0,1,1,1,1,0,0,1,1,1,1,0,1,1,0.007087
1,0,0,0,1,1,0,1,0,0,1,1,0,1,0,1,1,1,1,1,1,1,0,0,1,1,0,1,0,0,0,0,0.991581
0,0,0,0,0,0,0,1,1,1,1,0,0,1,0,0,1,1,1,0,0,0,1,1,1,1,0,1,0,0,1,1,0.992754
0,0,0,1,1,1,1,0,1,1,0,1,1,1,0,0,1,1,0,0,1,1,0,1,0,1,1,0,1,1,1,1,0.990702
0,1,1,0,0,0,0,0,1,0,1,1,1,1,0,1,1,1,0,0,0,1,1,0,0,0,1,0,1,1,1,1,0.991848
1,1,0,1,1,1,1,0,1,0,0,1,1,0,1,0,1,0,1,1,1,0,1,0,0,0,0,1,1,1,1,0,0.991182
1,1,1,1,1,0,1,1,1,1,1,0,0,1,0,0,0,0,1,0,1,1,0,1,1,0,1,1,0,0,1,0,0.992727
0,0,1,0,1,1,0,1,1,1,0,1,0,0,0,1,0,0,1,0,0,1,0,1,0,1,1,0,1,0,1,1,0.992168
0,0,1,1,0,1,0,1,0,1,0,0,1,0,1,1,0,0,0,1,1,0,0,0,0,0,0,1,0,1,0,1,0.995604
1,1,0,1,1,0,1,1,1,1,1,1,1,0,1,1,0,0,0,1,0,0,1,1,1,1,1,1,1,0,1,0,0.988997
0,1,1,0,0,1,1,1,0,0,0,0,0,0,1,1,1,1,1,0,1,1,0,1,0,1,0,0,0,1,0,1,0.992141
1,1,0,0,1,0,1,1,0,0,1,0,1,1,1,0,1,1,0,1,0,1,1,1,1,0,0,0,1,0,1,0,0.992540
0,0,0,1,1,1,0,1,0,0,0,0,0,1,1,1,1,1,0,0,1,0,1,1,0,1,0,0,0,1,0,1,0.994725
0,1,0,1,0,0,0,0,0,1,1,0,0,0,0,0,0,1,0,0,1,1,0,0,0,1,0,0,1,1,1,0,0.995951
0,0,0,0,1,1,1,1,0,0,1,1,0,0,0,0,0,0,1,0,0,0,0,1,1,0,0,1,0,1,0,1,0.995551
0,0,1,0,0,0,0,1,1,0,1,0,0,0,0,0,1,0,0,0,1,1,0,0,1,0,0,1,1,0,1,1,0.994405
0,0,1,0,1,0,0,1,0,1,1,1,1,1,0,1,0,0,0,0,1,1,0,0,0,0,1,0,0,0,0,1,0.996510
1,0,1,1,1,1,0,1,1,0,1,1,0,1,1,0,1,0,0,0,0,0,1,1,0,1,1,1,1,1,0,1,0.006793
0,1,1,0,0,1,0,0,1,0,1,0,1,1,1,0,1,1,1,0,1,1,1,0,0,0,0,0,1,1,0,1,0.991688
0,1,1,1,0,1,0,0,0,0,0,0,0,0,1,1,1,0,0,1,0,0,0,1,1,1,1,0,0,0,0,1,0.994912
1,1,1,1,0,1,1,1,1,1,1,1,0,0,1,1,0,1,1,1,1,1,1,1,1,0,1,1,1,1,1,0,0.990676
1,0,1,1,1,1,1,0,1,1,1,0,1,1,1,1,1,1,1,0,1,0,1,0,0,0,1,1,1,1,1,1,0.004049
1,1,1,0,0,0,0,0,0,0,0,1,0,1,0,1,1,0,1,0,0,1,1,1,1,0,1,0,1,0,1,1,0.009058
0,0,0,1,1,1,0,0,0,0,1,1,1,0,1,0,0,0,1,1,0,0,0,0,0,0,1,1,0,1,0,0,0.995684
1,1,1,1,1,0,0,1,1,1,1,1,1,1,1,1,1,1,1,0,1,0,0,1,0,1,0,0,1,1,0,0,0.992327
1,0,0,0,0,0,1,0,1,0,0,0,0,0,1,0,1,0,1,1,0,0,1,0,0,0,1,1,0,1,0,1,0.013107
0,1,1,1,1,0,0,0,1,1,0,0,0,0,0,0,0,0,0,0,0,1,0,1,0,0,0,0,1,0,0,1,0.996004
1,0,1,1,1,0,1,0,0,1,1,0,0,1,1,1,0,0,1,1,1,1,0,0,1,1,1,1,0,0,1,1,0.007380
1,1,0,1,1,1,0,1,1,0,0,0,0,1,1,0,1,1,1,0,1,0,1,1,0,1,1,0,0,1,1,1,0.008658
1,1,1,0,1,0,1,1,0,0,0,1,0,0,1,0,1,1,1,0,0,1,1,1,1,1,0,1,0,0,1,0,0.991555
0,0,1,0,0,1,0,1,0,0,0,0,1,0,1,0,1,1,0,1,1,0,0,0,1,1,0,1,1,1,0,1,0.993766
0,1,0,1,1,1,0,0,1,0,0,0,0,1,0,1,1,0,1,0,0,1,1,0,0,1,1,1,0,0,0,1,0.993153
1,1,0,1,1,1,1,0,1,0,0,0,1,1,1,1,1,1,1,1,0,1,1,1,0,0,1,0,0,1,0,1,0.006500
1,0,1,0,0,0,1,0,0,1,1,0,1,0,1,0,0,0,1,0,1,1,1,0,0,1,1,0,1,0,0,1,0.011882
0,0,1,1,1,0,0,0,0,0,1,0,0,0,1,1,1,0,0,1,0,0,0,0,0,1,0,1,0,0,0,1,0.994938
1,1,0,0,1,0,1,0,1,1,1,0,1,1,0,1,1,1,1,1,1,1,0,0,0,1,1,0,1,1,1,1,0.006207
0,0,0,1,1,1,0,0,1,0,0,1,0,0,0,1,0,0,0,0,0,1,1,1,1,0,0,0,1,1,0,0,0.995311
0,0,1,1,0,0,1,0,1,1,1,0,0,1,1,0,0,0,0,1,0,0,1,0,1,0,0,0,0,1,0,1,0.993899
1,1,0,0,1,0,0,1,0,0,0,0,1,0,1,0,1,0,0,0,1,1,0,0,0,1,1,0,1,0,0,1,0.011882
1,1,0,0,0,1,0,0,1,0,0,1,1,1,0,0,0,0,1,1,1,0,1,0,1,0,0,0,1,1,1,0,0.992674
0,1,0,0,0,0,0,1,1,0,1,0,0,1,1,0,0,0,0,1,0,0,1,1,0,1,1,1,0,0,1,1,0.994645
1,1,0,1,0,1,0,1,1,1,1,1,1,0,0,1,1,1,1,0,0,0,1,1,0,1,0,1,0,1,0,1,0.007273
1,1,1,0,1,0,0,1,1,0,0,0,0,0,0,1,1,1,1,1,1,1,1,1,0,0,0,0,0,1,1,0,0.993446
0,0,0,1,0,0,1,1,1,1,1,0,0,0,1,1,0,1,1,0,1,0,0,0,0,0,0,0,1,0,1,1,0.992594
0,1,0,1,0,0,1,1,0,1,1,0,0,1,0,0,0,1,1,0,0,1,1,1,0,1,1,1,1,1,0,0,0.992727
0,1,0,1,0,1,1,1,1,1,1,1,0,0,1,1,0,0,1,1,0,1,0,1,1,1,1,0,1,1,0,1,0.989796
0,0,0,1,0,1,1,0,0,1,0,0,0,1,1,1,0,1,0,1,1,1,1,0,0,1,1,0,1,1,0,0,0.994698
0,0,0,1,0,1,1,0,0,0,0,1,1,1,0,0,0,1,1,1,1,1,0,0,1,0,1,0,0,1,0,1,0.998641
1,0,1,0,0,0,0,0,1,1,1,0,0,1,1,0,1,1,1,1,0,1,1,1,0,0,1,1,0,0,0,0,0.993127
0,1,0,0,1,1,0,0,0,0,1,1,0,0,0,1,1,0,1,1,0,0,1,1,0,0,1,0,1,1,0,0,0.993340
0,1,0,0,0,0,1,1,0,1,0,1,1,0,1,0,1,0,1,0,0,0,1,1,1,1,1,1,0,0,0,0,0.993766
0,0,1,0,1,0,0,0,0,1,1,1,1,0,1,1,1,0,0,1,0,1,1,0,0,1,0,0,0,0,1,0,0.994379
0,1,1,1,0,1,1,0,1,1,0,0,0,1,0,1,1,0,1,1,1,0,1,1,1,1,1,0,1,1,1,1,0.988225
0,1,0,1,0,1,1,0,0,0,1,0,1,0,0,1,0,1,0,1,0,1,1,0,0,0,0,1,1,0,1,1,0.995231
0,1,0,1,0,1,1,1,1,0,1,0,0,1,1,0,0,0,0,1,0,1,0,1,1,0,0,0,1,0,1,0,0.993659
0,0,1,1,0,1,1,1,0,0,1,1,0,1,0,1,0,1,0,1,0,0,0,0,0,0,0,1,1,0,1,0,0.995737
0,1,1,0,1,1,1,1,0,0,0,0,1,1,0,0,0,1,0,1,1,0,1,0,0,0,1,1,1,1,1,0,0.993180
1,1,1,1,0,1,1,1,0,0,0,1,0,1,0,1,1,0,0,0,1,1,0,0,0,1,0,0,0,1,0,1,0.009538
1,1,0,0,1,1,0,0,1,1,0,1,0,0,0,0,0,1,0,1,1,1,0,1,1,1,1,1,1,0,1,1,0.008951
1,0,0,0,0,1,0,0,1,0,0,0,1,1,0,1,0,1,1,0,0,1,0,0,1,1,0,0,0,1,1,1,0.012308
1,0,0,0,0,1,0,0,0,0,0,1,1,0,0,0,0,0,0,0,0,1,0,0,1,1,1,0,0,1,1,0,0.994672
0,1,1,1,0,0,1,1,1,0,0,1,1,0,0,1,0,1,0,0,0,0,1,0,1,1,0,0,1,0,0,0,0.993446
0,0,1,1,1,1,0,0,0,0,0,0,0,1,1,0,0,1,1,0,0,0,1,0,1,0,1,1,0,1,1,1,0.993739
1,1,1,1,0,1,0,0,1,0,1,0,0,0,1,0,1,1,1,0,0,1,1,1,1,0,1,0,0,0,0,0,0.993553
0,1,1,0,1,1,0,0,1,0,1,0,0,1,1,0,1,1,0,1,1,0,1,1,1,0,0,1,0,1,0,1,0.991715
0,0,0,1,0,0,1,0,1,0,1,0,1,1,1,1,1,1,0,0,1,1,1,1,0,0,1,0,1,1,0,0,0.992434
1,1,0,1,1,0,1,0,0,1,0,0,0,0,0,1,1,0,0,1,1,1,0,0,0,0,1,0,0,1,0,0,0.993793
0,0,1,0,1,1,1,1,1,0,1,1,0,1,0,1,0,0,1,1,1,1,1,0,1,0,1,1,0,1,0,1,0.991235
1,0,0,0,0,0,0,1,1,0,1,1,0,1,0,0,0,0,0,0,0,1,1,0,1,1,0,0,0,0,0,0,0.995524
1,1,1,0,0,1,1,0,0,0,1,0,0,1,0,1,0,0,0,0,0,0,1,0,1,0,1,0,1,0,1,1,0.010843
1,0,0,0,1,1,0,0,1,1,0,0,1,0,0,0,1,1,0,1,0,1,1,0,0,0,0,1,0,0,1,0,0.994246
0,1,0,0,1,1,1,1,1,1,0,0,1,1,1,1,0,0,1,0,0,1,0,0,1,0,0,0,0,0,1,0,0.992354
0,0,0,0,1,1,0,0,0,1,1,0,0,0,1,1,1,0,1,0,1,0,0,0,1,0,0,0,1,1,1,0,0.995151
0,0,1,1,0,1,0,0,0,1,0,1,0,0,1,1,1,0,1,0,0,1,1,0,0,0,0,1,1,0,1,1,0.993233
1,1,1,0,1,1,1,0,0,0,0,1,0,1,1,0,0,0,1,0,0,1,1,0,0,0,1,0,0,0,0,0,0.995364
1,1,0,0,1,0,1,0,0,0,0,1,1,1,1,1,0,0,1,0,1,1,1,0,0,0,0,1,0,0,1,1,0.010523
