0,1,0,0,0,1,0,0,1,1,1,1,0,1,1,0,0,0,1,1,1,1,0,0,1,1,1,1,1,0,1,0,0.992274
0,0,1,1,1,0,1,0,1,0,0,1,1,1,0,1,0,1,0,1,0,0,0,0,1,1,0,0,0,1,0,1,0.993207
0,0,1,1,0,1,0,0,0,1,0,1,0,0,1,1,1,0,1,0,0,1,1,0,0,0,0,1,1,0,1,1,0.993286
0,0,1,0,1,0,0,1,0,0,1,1,0,0,1,1,0,1,0,0,0,1,0,0,1,1,0,0,1,1,0,1,0.997203
1,0,0,0,1,1,0,1,0,0,0,1,0,0,0,0,0,1,1,0,0,0,1,0,0,0,1,0,1,0,1,0,0.994592
0,0,0,0,0,1,0,0,0,1,0,1,0,1,1,0,1,1,1,1,0,1,0,0,1,1,1,1,1,1,1,0,0.992301
1,0,0,0,1,0,0,1,0,1,0,0,1,1,1,1,1,0,1,1,0,0,1,0,0,0,0,1,0,1,1,0,0.992594
1,0,1,1,1,1,1,0,1,1,1,0,1,1,1,1,1,1,1,0,1,0,1,0,0,0,1,1,1,1,1,1,0.003970
1,1,0,0,1,0,1,0,1,1,0,1,1,0,1,1,1,0,1,1,1,1,0,0,0,0,1,1,0,0,1,1,0.008658
0,1,1,1,0,1,0,0,0,0,0,0,0,0,1,1,1,0,0,1,0,0,0,1,1,1,1,0,0,0,0,1,0.994858
0,1,0,1,1,1,0,0,1,0,0,0,0,0,1,0,1,1,0,0,1,1,0,0,0,1,1,0,0,0,0,0,0.993739
0,1,0,1,0,1,1,1,1,1,1,1,0,0,1,1,0,0,1,1,0,1,0,1,1,1,1,0,1,1,0,1,0.990169
0,1,0,1,0,0,1,1,0,1,1,0,0,1,0,0,0,1,1,0,0,1,1,1,0,1,1,1,1,1,0,0,0.992620
1,1,1,0,0,0,0,0,0,0,0,1,0,1,0,1,1,0,1,0,0,1,1,1,1,0,1,0,1,0,1,1,0.009085
1,1,0,1,1,1,0,0,1,1,0,0,1,0,1,1,1,1,0,0,1,0,1,1,1,0,0,0,1,1,0,1,0.009138
0,0,0,0,0,1,1,1,0,0,0,1,1,1,1,1,1,1,1,1,1,1,0,0,1,0,0,1,1,1,1,1,0.990276
0,0,1,0,1,1,0,1,1,1,0,1,0,0,0,1,0,0,1,0,0,1,0,1,0,1,1,0,1,0,1,1,0.992487
1,1,1,1,1,0,0,1,1,1,1,1,1,1,1,1,1,1,1,0,1,0,0,1,0,1,0,0,1,1,0,0,0.992487
0,0,0,1,0,1,1,0,0,1,0,0,0,1,1,1,0,1,0,1,1,1,1,0,0,1,1,0,1,1,0,0,0.995045
1,1,1,1,0,1,0,0,1,0,1,0,0,0,1,0,1,1,1,0,0,1,1,1,1,0,1,0,0,0,0,0,0.993473
1,0,0,0,0,1,0,0,1,0,0,0,1,1,0,1,0,1,1,0,0,1,0,0,1,1,0,0,0,1,1,1,0.012361
1,1,0,1,0,1,0,1,1,1,1,1,1,0,0,1,1,1,1,0,0,0,1,1,0,1,0,1,0,1,0,1,0.007406
0,0,1,0,1,0,1,0,0,0,1,0,1,0,0,0,0,0,0,0,0,0,1,1,0,0,1,1,0,0,0,0,0.995684
1,0,0,0,1,1,0,1,0,0,1,1,0,1,0,1,1,1,1,1,1,1,0,0,1,1,0,1,0,0,0,0,0.991422
0,1,1,0,1,1,0,0,1,0,1,0,0,1,1,0,1,1,0,1,1,0,1,1,1,0,0,1,0,1,0,1,0.991501
0,0,1,1,0,0,0,1,0,0,0,0,1,1,0,0,0,0,0,1,1,0,1,0,1,0,1,0,0,0,1,0,0.996936
1,1,0,0,1,1,0,0,1,1,0,1,0,0,0,0,0,1,0,1,1,1,0,1,1,1,1,1,1,0,1,1,0.008898
1,0,0,1,0,1,0,0,0,1,0,1,1,0,1,1,1,1,1,1,0,1,0,0,0,0,0,1,1,0,0,1,0.010656
0,0,1,1,0,0,1,0,1,1,1,0,0,1,1,0,0,0,0,1,0,0,1,0,1,0,0,0,0,1,0,1,0.993739
1,1,1,1,1,0,1,1,1,1,1,0,0,1,0,0,0,0,1,0,1,1,0,1,1,0,1,1,0,0,1,0,0.992514
0,0,1,0,1,1,1,1,1,1,1,1,1,0,1,1,1,0,0,0,0,0,1,1,0,1,0,0,1,0,0,1,0.992221
1,1,0,0,1,0,1,0,0,0,0,1,1,1,1,1,0,0,1,0,1,1,1,0,0,0,0,1,0,0,1,1,0.010710
1,1,0,1,0,1,1,0,0,1,1,0,1,1,0,0,0,0,0,0,1,0,1,0,1,1,0,1,1,0,1,0,0.992594
1,1,1,1,0,1,1,1,1,1,1,1,0,0,1,1,0,1,1,1,1,1,1,1,1,0,1,1,1,1,1,0,0.990542
0,1,0,0,1,1,0,0,0,0,1,1,0,0,0,1,1,0,1,1,0,0,1,1,0,0,1,0,1,1,0,0,0.993446
1,1,1,1,0,1,1,1,0,0,0,1,0,1,0,1,1,0,0,0,1,1,0,0,0,1,0,0,0,1,0,1,0.009591
0,1,1,0,1,1,1,1,0,0,0,0,1,1,0,0,0,1,0,1,1,0,1,0,0,0,1,1,1,1,1,0,0.993260
1,0,1,0,0,0,1,0,0,1,1,1,1,1,0,1,1,1,0,1,1,1,0,0,0,1,1,1,0,1,0,0,0.991555
1,1,1,0,0,1,1,0,1,0,0,0,0,0,0,0,0,0,0,1,0,1,1,0,0,0,0,1,1,0,1,0,0.994512
0,1,0,0,0,0,0,0,1,1,1,1,0,1,0,1,0,1,0,1,1,0,1,0,0,1,0,1,0,0,1,0,0.993473
1,0,1,0,0,0,0,0,1,1,1,0,0,1,1,0,1,1,1,1,0,1,1,1,0,0,1,1,0,0,0,0,0.993313
1,1,1,1,1,0,1,0,0,0,0,1,1,1,1,0,1,1,1,0,0,1,1,1,1,0,1,0,0,0,1,0,0.992887
0,1,0,1,0,1,1,0,0,0,1,0,1,0,0,1,0,1,0,1,0,1,1,0,0,0,0,1,1,0,1,1,0.994965
0,0,0,1,0,0,1,1,1,1,1,0,0,0,1,1,0,1,1,0,1,0,0,0,0,0,0,0,1,0,1,1,0.993153
1,0,0,0,0,0,0,1,1,0,1,1,0,1,0,0,0,0,0,0,0,1,1,0,1,1,0,0,0,0,0,0,0.995498
0,0,1,1,0,1,1,1,0,0,1,1,0,1,0,1,0,1,0,1,0,0,0,0,0,0,0,1,1,0,1,0,0.995578
0,0,1,1,0,1,0,0,0,1,0,0,0,1,1,1,0,0,0,0,0,1,1,0,0,0,0,0,0,1,0,0,0.997656
0,1,0,0,0,0,1,1,0,0,0,1,1,1,0,1,0,0,1,0,0,0,1,0,1,1,1,1,0,1,0,0,0.996697
1,1,1,0,1,1,1,0,0,0,0,1,0,1,1,0,0,0,1,0,0,1,1,0,0,0,1,0,0,0,0,0,0.995498
0,1,0,1,0,0,0,0,0,1,1,0,0,0,0,0,0,1,0,0,1,1,0,0,0,1,0,0,1,1,1,0,0.996084
0,0,0,1,1,1,1,0,1,1,0,1,1,1,0,0,1,1,0,0,1,1,0,1,0,1,1,0,1,1,1,1,0.990542
1,0,1,1,1,1,1,1,0,0,0,0,1,0,0,0,0,0,0,1,0,1,1,1,0,1,1,0,0,0,1,1,0.010470
1,0,0,1,0,1,0,0,1,1,0,0,1,0,1,0,1,0,0,1,0,0,1,0,1,1,1,0,0,1,0,0,0.993686
1,0,0,0,1,1,1,1,1,0,0,1,1,1,1,0,0,1,0,1,0,0,0,1,0,1,1,0,1,0,1,1,0.009324
1,0,1,1,1,1,0,1,1,0,1,1,0,1,1,0,1,0,0,0,0,0,1,1,0,1,1,1,1,1,0,1,0.006714
0,0,1,0,1,0,0,1,0,1,1,1,1,1,0,1,0,0,0,0,1,1,0,0,0,0,1,0,0,0,0,1,0.996270
1,0,0,0,1,1,0,0,1,1,0,0,1,0,0,0,1,1,0,1,0,1,1,0,0,0,0,1,0,0,1,0,0.994086
0,0,1,0,0,0,0,0,0,1,1,1,0,1,1,1,1,0,0,1,1,1,1,0,0,0,1,1,1,0,0,1,0.992327
1,0,0,1,1,1,0,1,1,1,1,0,1,0,1,0,0,1,0,1,1,0,1,1,1,1,0,0,1,0,1,0,0.991635
1,1,0,1,0,0,1,0,1,0,0,0,0,0,1,1,0,1,1,1,1,1,1,1,0,0,1,1,0,1,0,0,0.992141
1,0,1,1,1,0,1,0,0,1,1,0,0,1,1,1,0,0,1,1,1,1,0,0,1,1,1,1,0,0,1,1,0.007353
1,1,1,0,1,0,1,1,0,0,0,1,0,0,1,0,1,1,1,0,0,1,1,1,1,1,0,1,0,0,1,0,0.991182
1,1,0,1,1,0,0,1,0,0,0,0,1,1,1,1,0,0,1,0,0,0,0,0,0,0,0,0,0,1,0,0,0.994485
0,0,0,0,1,1,0,0,0,1,1,1,1,0,1,1,0,0,0,0,1,1,1,0,1,1,0,1,1,1,0,0,0.995311
0,1,0,0,0,0,0,1,1,0,1,0,0,1,1,0,0,0,0,1,0,0,1,1,0,1,1,1,0,0,1,1,0.994698
1,1,1,0,0,1,1,0,0,0,1,0,0,1,0,1,0,0,0,0,0,0,1,0,1,0,1,0,1,0,1,1,0.010816
0,0,1,1,1,1,0,0,0,0,0,0,0,1,1,0,0,1,1,0,0,0,1,0,1,0,1,1,0,1,1,1,0.993659
1,1,0,0,1,0,1,1,0,0,1,0,1,1,1,0,1,1,0,1,0,1,1,1,1,0,0,0,1,0,1,0,0.992514
0,0,1,1,0,1,1,1,0,1,1,1,0,1,0,1,1,0,0,1,0,1,0,1,1,0,0,1,1,0,1,0,0.991608
1,1,0,1,0,1,0,0,0,0,1,0,1,1,1,1,1,1,1,0,1,1,0,0,0,1,1,0,1,0,0,0,0.992700
1,0,1,0,0,1,0,0,1,0,1,0,0,0,0,1,1,0,0,1,0,0,0,0,1,0,1,0,0,0,0,1,0.012255
1,0,0,0,1,0,0,0,1,1,0,0,1,1,1,0,0,1,1,1,1,0,0,1,1,0,1,0,1,0,1,1,0.010124
0,1,0,0,1,0,0,0,0,1,1,0,0,1,1,0,1,1,1,1,1,0,0,0,0,1,0,1,1,0,0,0,0.993526
0,1,0,1,1,0,1,1,1,1,1,0,0,0,0,1,0,1,1,0,0,1,0,0,0,1,1,1,1,0,1,1,0.992168
0,1,0,1,1,0,0,1,0,0,0,0,1,0,1,0,1,0,0,0,1,0,1,0,1,1,1,0,1,1,1,1,0.991901
0,1,0,0,1,1,1,1,1,1,0,0,1,1,1,1,0,0,1,0,0,1,0,0,1,0,0,0,0,0,1,0,0.992354
0,0,0,0,0,0,0,1,1,1,1,0,0,1,0,0,1,1,1,0,0,0,1,1,1,1,0,1,0,0,1,1,0.992780
0,1,1,0,0,1,1,1,0,0,0,0,0,0,1,1,1,1,1,0,1,1,0,1,0,1,0,0,0,1,0,1,0.992327
0,1,0,0,0,0,1,1,0,1,0,1,1,0,1,0,1,0,1,0,0,0,1,1,1,1,1,1,0,0,0,0,0.993979
1,1,0,1,1,1,0,1,1,0,0,0,0,1,1,0,1,1,1,0,1,0,1,1,0,1,1,0,0,1,1,1,0.008578
1,1,0,0,1,1,0,0,0,1,1,1,0,0,1,0,1,0,1,1,0,0,1,1,1,0,1,1,1,0,1,0,0.991022
0,0,0,0,0,1,0,1,0,0,0,1,1,0,1,0,0,0,0,1,0,0,1,0,0,1,0,0,0,1,0,1,0.999387
0,0,0,0,1,1,1,1,0,0,1,1,0,0,0,0,0,0,1,0,0,0,0,1,1,0,0,1,0,1,0,1,0.995578
1,0,0,0,0,0,1,0,1,0,0,0,0,0,1,0,1,0,1,1,0,0,1,0,0,0,1,1,0,1,0,1,0.013027
0,1,0,1,0,1,1,1,1,0,1,0,0,1,1,0,0,0,0,1,0,1,0,1,1,0,0,0,1,0,1,0,0.993952
0,1,0,0,1,0,1,1,0,0,1,1,1,1,1,0,1,0,1,1,0,1,0,0,1,0,1,1,0,0,1,0,0.992008
0,1,0,1,1,1,0,0,1,1,1,0,1,0,0,1,0,0,0,0,0,1,0,0,1,0,0,1,1,0,1,1,0.993606
0,1,1,1,1,0,0,0,1,1,0,0,0,0,0,0,0,0,0,0,0,1,0,1,0,0,0,0,1,0,0,1,0.995791
0,0,1,0,0,1,0,0,0,0,0,1,1,0,0,0,0,0,0,0,0,0,0,0,1,1,0,1,1,1,1,1,0.997442
1,1,1,1,1,0,0,0,1,1,1,0,0,0,1,1,1,1,0,0,1,0,0,0,1,1,0,1,1,1,0,0,0.993873
1,1,0,0,0,0,0,1,1,0,1,0,1,0,0,1,1,1,0,1,1,1,1,0,0,1,1,1,1,0,1,1,0.007193
1,1,0,1,1,0,1,0,0,1,0,0,0,0,0,1,1,0,0,1,1,1,0,0,0,0,1,0,0,1,0,0,0.993766
0,1,1,0,0,1,1,1,1,0,1,1,1,0,0,0,1,0,0,0,0,0,1,1,0,1,0,0,0,1,1,0,0.993366
0,0,0,1,1,1,1,0,1,1,0,0,0,0,1,1,1,0,0,1,1,0,0,0,1,1,0,1,1,1,1,0,0.991608
1,0,0,1,0,1,0,0,0,1,1,0,1,0,1,0,0,1,0,1,0,1,0,0,0,0,1,1,1,0,0,1,0.011003
0,0,0,1,1,1,0,0,0,0,1,1,1,0,1,0,0,0,1,1,0,0,0,0,0,0,1,1,0,1,0,0,0.995631
0,0,0,1,1,1,0,0,1,0,0,1,0,0,0,1,0,0,0,0,0,1,1,1,1,0,0,0,1,1,0,0,0.995231
0,0,0,0,1,1,0,0,0,1,1,0,0,0,1,1,1,0,1,0,1,0,0,0,1,0,0,0,1,1,1,0,0.995018
0,1,1,1,0,1,1,0,1,1,0,0,0,1,0,1,1,0,1,1,1,0,1,1,1,1,1,0,1,1,1,1,0.988358
0,0,1,0,1,0,0,0,0,1,1,1,1,0,1,1,1,0,0,1,0,1,1,0,0,1,0,0,0,0,1,0,0.994086
0,0,0,1,0,0,1,0,1,0,1,0,1,1,1,1,1,1,0,0,1,1,1,1,0,0,1,0,1,1,0,0,0.992381
0,0,1,1,1,0,0,0,0,0,1,0,0,0,1,1,1,0,0,1,0,0,0,0,0,1,0,1,0,0,0,1,0.994912
0,1,1,1,0,0,1,1,1,0,0,1,1,0,0,1,0,1,0,0,0,0,1,0,1,1,0,0,1,0,0,0,0.993366
0,1,1,0,0,0,0,0,1,0,1,1,1,1,0,1,1,1,0,0,0,1,1,0,0,0,1,0,1,1,1,1,0.992114
0,1,0,1,1,1,0,0,1,0,0,0,0,1,0,1,1,0,1,0,0,1,1,0,0,1,1,1,0,0,0,1,0.993073
0,0,0,1,1,1,0,1,0,0,0,0,0,1,1,1,1,1,0,0,1,0,1,1,0,1,0,0,0,1,0,1,0.994672
0,0,1,0,1,0,0,0,1,0,1,0,1,1,0,1,0,0,1,0,1,1,1,1,0,1,1,0,1,0,1,1,0.995498
1,1,0,0,1,0,0,1,0,0,0,0,1,0,1,0,1,0,0,0,1,1,0,0,0,1,1,0,1,0,0,1,0.011829
1,1,0,1,1,0,1,1,1,1,1,1,1,0,1,1,0,0,0,1,0,0,1,1,1,1,1,1,1,0,1,0,0.989051
1,1,0,1,1,1,1,0,1,0,0,0,1,1,1,1,1,1,1,1,0,1,1,1,0,0,1,0,0,1,0,1,0.006234
0,1,1,0,0,1,0,0,1,0,1,0,1,1,1,0,1,1,1,0,1,1,1,0,0,0,0,0,1,1,0,1,0.991608
1,0,0,0,0,0,1,1,1,0,1,0,1,0,1,1,1,0,0,1,1,0,1,0,0,0,0,1,1,0,0,1,0.011056
0,0,0,0,0,1,0,1,0,0,1,1,0,1,0,1,0,0,1,1,1,1,0,0,1,0,1,1,0,1,1,1,0.995924
0,0,1,1,1,0,1,1,0,1,1,1,1,0,1,1,1,0,1,0,0,1,1,0,1,0,0,1,1,1,0,0,0.991368
0,0,1,0,0,0,0,1,1,0,1,0,0,0,0,0,1,0,0,0,1,1,0,0,1,0,0,1,1,0,1,1,0.994485
0,0,1,1,0,1,0,1,0,1,0,0,1,0,1,1,0,0,0,1,1,0,0,0,0,0,0,1,0,1,0,1,0.995791
1,1,0,1,1,1,1,0,1,0,0,1,1,0,1,0,1,0,1,1,1,0,1,0,0,0,0,1,1,1,1,0,0.991235
1,1,0,0,0,1,0,0,1,0,0,1,1,1,0,0,0,0,1,1,1,0,1,0,1,0,0,0,1,1,1,0,0.992700
1,0,1,0,0,0,1,0,0,1,1,0,1,0,1,0,0,0,1,0,1,1,1,0,0,1,1,0,1,0,0,1,0.011962
0,0,0,1,0,1,1,0,0,0,0,1,1,1,0,0,0,1,1,1,1,1,0,0,1,0,1,0,0,1,0,1,0.998748
0,0,1,0,1,1,1,1,1,0,1,1,0,1,0,1,0,0,1,1,1,1,1,0,1,0,1,1,0,1,0,1,0.991208
0,0,1,0,0,1,0,1,0,0,0,0,1,0,1,0,1,1,0,1,1,0,0,0,1,1,0,1,1,1,0,1,0.993819
1,1,1,0,1,0,0,1,1,0,0,0,0,0,0,1,1,1,1,1,1,1,1,1,0,0,0,0,0,1,1,0,0.993446
1,1,0,0,1,0,1,0,1,1,1,0,1,1,0,1,1,1,1,1,1,1,0,0,0,1,1,0,1,1,1,1,0.006314
1,1,1,0,1,1,1,1,0,0,1,1,0,0,1,1,0,1,1,1,0,1,1,0,1,0,1,1,1,1,0,0,0.989823
0,1,0,0,0,1,1,0,0,1,1,1,0,0,1,0,1,0,1,0,1,1,1,0,1,0,0,1,1,1,1,0,0.992754
0,0,1,1,1,0,1,1,0,1,0,0,1,1,0,1,0,1,0,1,1,0,0,0,1,1,1,0,0,0,1,0,0.993153
1,0,0,0,0,1,0,0,0,0,0,1,1,0,0,0,0,0,0,0,0,1,0,0,1,1,1,0,0,1,1,0,0.994618
