1,0,1,0,0,1,1,1,1,1,1,0,1,1,0,0,0,1,1,1,0,1,1,0,0,0,1,0,1,0,1,0,0.670210
0,1,0,1,0,1,0,1,0,1,1,0,0,0,1,0,1,1,0,0,0,0,1,0,1,1,0,1,1,1,1,1,0.814312
1,0,1,0,1,0,1,1,1,1,0,0,0,0,0,1,1,0,1,1,1,0,0,1,0,0,1,0,0,0,0,0,0.882380
0,1,1,0,1,1,0,1,0,0,1,1,0,0,1,1,1,1,0,0,0,1,0,1,1,0,1,0,0,1,1,0,0.710305
1,1,0,0,1,0,0,1,1,0,1,1,1,1,0,0,0,1,1,0,0,0,0,0,1,1,1,1,0,1,0,1,0.524856
1,1,0,1,1,1,1,1,1,1,1,0,0,1,1,1,0,0,0,1,0,1,1,0,1,1,0,0,0,1,0,1,0.492860
1,1,0,1,1,1,0,1,0,0,0,1,1,0,0,0,0,0,1,0,1,0,0,1,0,1,1,0,1,1,0,0,0.721974
0,1,1,1,0,1,1,1,1,0,0,1,1,0,0,1,0,0,0,1,1,1,0,0,0,0,0,0,0,0,1,0,0.656250
0,0,0,1,0,1,0,0,0,0,1,0,0,0,0,0,1,1,1,0,1,0,0,0,0,0,1,0,1,1,0,0,0.838741
0,0,0,1,0,0,0,1,1,0,0,0,1,0,1,1,0,1,1,0,0,1,1,1,1,0,1,1,1,0,0,0,0.858456
0,0,1,0,1,0,1,1,0,1,1,0,1,0,0,0,0,1,1,0,1,1,0,1,1,0,1,0,0,0,0,1,0.873641
1,1,1,0,1,0,1,0,0,1,1,0,0,0,0,1,1,1,0,1,0,0,0,1,1,0,1,0,1,1,0,0,0.761269
1,0,1,0,1,0,0,1,1,1,0,0,0,0,1,1,0,1,0,1,0,0,1,1,1,1,0,1,1,0,0,1,0.376865
0,1,0,0,1,0,1,1,0,0,0,0,0,0,1,1,1,1,1,1,1,1,0,0,0,0,1,1,0,0,1,0,0.793505
0,0,0,1,1,1,1,1,1,1,0,1,0,0,1,1,1,1,1,0,1,1,0,1,1,1,1,0,1,0,1,0,0.779438
1,1,0,0,1,1,1,0,0,0,0,0,1,0,1,1,0,1,0,0,1,1,1,0,0,1,1,1,0,0,0,0,0.809276
0,1,1,1,0,0,1,1,0,0,0,0,1,1,0,0,0,0,1,1,0,0,0,0,1,0,1,1,1,1,1,0,0.687260
0,1,1,0,0,0,1,1,0,0,1,0,1,0,0,1,1,1,0,1,1,1,1,1,1,0,0,1,0,1,1,0,0.609841
0,0,0,1,0,0,0,1,0,0,0,0,1,0,1,1,0,1,0,1,0,0,1,0,0,1,0,0,1,1,1,0,0.887255
0,1,1,0,0,1,0,0,0,0,0,1,0,1,1,1,0,0,1,1,0,1,0,1,1,1,1,0,0,1,1,1,0.879023
0,1,0,1,1,1,1,1,1,0,1,0,1,1,1,1,0,1,0,1,1,0,1,0,0,0,1,1,1,0,1,0,0.801098
0,0,1,0,1,1,0,0,0,1,0,0,1,1,1,0,1,0,0,0,1,0,0,1,0,1,1,1,0,0,0,0,0.794038
1,1,1,1,0,1,1,1,1,0,1,0,0,0,0,0,0,1,1,0,1,1,1,1,1,0,1,1,0,1,0,0,0.691496
1,1,1,1,0,0,0,1,0,0,0,1,1,1,1,1,1,1,1,1,0,0,0,1,0,1,1,0,0,1,0,1,0.331389
0,1,1,1,0,0,0,1,0,0,0,0,1,1,0,0,1,1,0,0,0,0,1,1,0,1,0,1,1,1,0,0,0.686861
0,1,0,0,0,1,1,0,1,0,0,0,1,1,1,1,0,0,1,0,0,0,0,1,1,1,1,1,1,1,1,0,0.793452
0,0,0,1,1,1,1,1,1,0,0,1,1,1,0,0,0,1,1,0,1,1,0,1,1,1,1,0,0,0,0,0,0.884058
0,0,1,0,0,1,0,0,0,0,1,1,0,0,0,0,1,0,1,1,0,1,1,0,0,0,0,1,1,1,0,1,0.793345
1,1,0,1,1,0,0,0,1,1,0,1,0,0,1,0,0,0,0,1,1,0,0,1,1,0,0,1,1,0,0,0,0.658701
0,0,0,0,1,0,1,1,0,1,1,1,1,1,0,1,0,0,1,0,0,1,1,1,0,1,1,0,0,1,1,0,0.983269
0,0,0,0,1,0,1,0,1,0,0,0,1,1,1,0,1,0,1,1,1,1,1,1,0,1,1,0,0,1,0,0,0.795130
0,1,0,1,1,1,0,1,0,1,1,0,0,1,1,1,1,0,0,1,0,1,0,1,0,0,0,0,1,1,0,0,0.794171
1,0,0,0,1,1,1,1,0,0,1,1,0,1,0,1,1,0,0,0,1,0,1,1,0,0,1,1,0,1,0,0,0.861679
1,1,1,1,0,0,1,0,0,0,0,1,1,0,1,1,0,0,1,1,0,0,0,1,0,0,1,0,0,0,1,1,0.555334
0,0,1,0,0,1,0,1,1,1,1,1,1,0,0,0,0,0,1,1,1,1,0,1,0,1,0,0,1,0,1,1,0.689578
1,0,0,0,0,1,0,0,0,1,0,0,1,0,0,1,1,1,0,1,0,0,1,0,1,0,1,0,0,1,0,1,0.655371
0,0,0,0,0,1,0,0,0,1,1,1,0,0,1,1,1,0,1,1,1,1,0,1,0,0,1,0,0,0,0,1,0.839434
1,0,1,1,0,0,0,0,1,1,0,1,1,0,0,1,0,1,1,1,1,0,1,1,0,1,0,1,1,1,0,1,0.453325
0,1,0,1,0,0,1,0,1,1,1,0,1,1,0,1,0,0,0,0,1,0,0,0,0,0,1,1,1,1,0,0,0.787537
1,1,0,1,1,1,0,0,0,1,1,0,0,1,1,1,1,1,0,0,0,1,1,0,0,0,0,0,1,1,0,1,0.598625
1,1,1,0,1,0,0,0,1,1,0,1,1,1,1,1,1,1,0,1,1,1,1,0,1,0,1,0,1,0,1,0,0.884831
0,0,0,0,1,1,1,1,0,0,1,0,1,0,1,1,1,0,1,1,1,1,0,0,0,1,0,0,1,1,1,0,0.888107
1,0,0,0,1,0,1,1,1,0,1,1,1,1,1,0,0,1,1,0,0,1,1,0,0,0,1,1,0,0,1,1,0.549259
0,1,0,0,1,1,1,1,0,0,1,1,1,1,0,0,0,0,1,0,0,1,0,1,1,1,0,0,0,0,1,1,0.887894
0,0,0,0,0,0,1,1,1,0,0,1,1,1,0,0,1,1,1,0,1,0,1,0,1,0,1,1,1,1,0,0,0.694800
1,0,0,1,0,0,1,0,0,1,0,1,1,0,0,0,1,1,0,1,0,1,0,1,0,0,0,0,0,1,0,0,0.739130
0,0,0,0,0,0,0,1,0,0,0,1,1,1,0,0,0,0,0,1,0,0,0,0,1,1,0,0,0,1,0,0,0.887974
0,1,1,1,0,0,1,1,1,0,0,0,1,1,0,1,0,1,1,1,0,1,0,1,0,0,0,1,0,0,1,0,0.645913
0,0,1,0,1,0,1,0,1,1,1,0,1,0,0,1,0,1,1,1,1,0,0,1,1,1,1,0,0,1,1,0,0.810662
0,0,1,0,0,1,0,1,1,0,0,0,1,0,1,0,0,0,1,1,1,1,0,0,1,0,1,1,0,1,0,1,0.804188
0,0,0,0,0,0,1,1,0,0,0,1,1,0,0,0,0,1,1,1,1,0,0,0,0,0,1,0,0,1,0,1,0.889333
0,0,0,1,1,0,0,1,0,1,1,1,0,0,1,1,1,0,0,0,0,0,0,1,0,0,1,1,0,1,1,0,0.887734
1,0,1,1,1,1,0,0,1,1,0,0,0,1,0,0,0,0,1,1,0,0,1,0,1,1,0,1,1,0,1,0,0.627424
1,1,0,1,0,0,0,0,1,0,1,0,1,1,1,1,0,0,0,1,0,1,1,0,1,0,1,1,1,1,0,0,0.672315
0,1,0,0,1,1,1,0,1,1,0,1,1,1,1,0,1,0,1,0,0,0,0,1,1,0,0,1,0,0,0,1,0.697570
1,0,1,1,0,1,1,1,0,0,0,0,0,1,0,1,1,0,0,0,0,1,1,1,1,0,1,1,0,1,1,1,0.230792
0,0,1,1,1,1,0,1,1,0,0,1,0,0,0,0,1,1,1,1,0,1,1,1,1,1,1,0,1,1,0,0,0.695919
1,1,0,1,1,0,1,1,0,1,0,1,0,1,1,0,0,0,1,0,0,1,1,0,0,0,1,1,0,0,0,1,0.608722
1,1,1,0,0,1,1,1,0,1,0,0,0,1,1,0,0,1,1,1,0,1,1,1,1,0,0,1,1,1,1,1,0.537031
0,1,0,1,0,1,1,0,0,0,1,0,0,1,1,0,0,0,0,0,0,1,1,1,1,1,1,1,0,1,1,1,0.833946
1,0,0,0,0,1,1,0,1,1,1,0,1,0,1,0,1,1,0,1,1,1,1,1,0,0,0,0,0,1,0,0,0.781676
1,1,0,1,0,1,0,1,0,0,0,0,1,0,1,1,1,0,1,0,0,0,1,1,1,0,0,1,1,1,0,1,0.267530
1,0,0,0,0,0,0,0,1,0,1,0,1,1,0,0,0,1,1,0,0,0,0,0,1,1,0,1,1,0,1,1,0.605552
1,1,0,1,0,1,0,0,0,1,0,0,1,0,0,0,1,1,0,0,1,1,0,1,1,0,1,1,0,1,0,1,0.628090
0,0,1,0,0,0,0,0,1,1,1,0,1,1,0,0,0,0,0,1,1,0,0,1,1,0,1,0,0,0,1,0,0.833946
1,1,0,0,0,1,0,1,1,0,1,1,0,1,1,1,1,0,0,1,1,0,0,1,0,0,0,1,0,1,0,0,0.768382
0,0,0,0,1,1,0,1,0,1,1,1,1,0,0,0,0,1,0,0,0,1,0,1,0,0,0,1,0,0,0,0,0.981218
1,1,1,0,0,0,1,1,1,1,0,1,1,0,0,0,1,0,1,1,0,1,0,1,0,0,1,0,1,1,0,1,0.535672
1,0,0,1,1,0,1,0,1,1,1,1,1,1,1,1,1,1,1,0,1,1,1,0,0,0,0,0,1,1,0,0,0.699355
0,1,0,0,0,1,1,1,0,0,0,0,0,0,1,1,1,1,1,1,0,1,0,0,0,0,1,1,0,0,0,1,0.825101
1,0,1,1,1,1,0,0,0,1,1,1,0,1,1,0,1,1,1,1,1,1,0,0,1,0,0,1,1,0,0,1,0.521180
1,1,1,1,1,0,0,1,1,1,1,1,0,1,0,1,1,0,0,0,0,1,1,1,0,0,1,0,1,1,1,1,0.127558
0,1,1,0,0,1,1,1,0,1,1,1,0,0,0,1,0,1,0,1,1,0,1,0,0,1,1,1,1,0,0,1,0.699568
0,1,1,0,0,1,1,1,1,1,0,0,1,1,1,0,0,0,0,1,1,1,1,1,0,1,0,1,1,1,1,1,0.594896
1,0,1,0,1,1,0,1,0,1,0,0,0,1,1,1,0,0,1,1,1,0,1,1,1,0,1,0,1,0,0,0,0.621723
1,1,0,0,0,0,1,1,0,1,0,0,0,0,0,0,1,1,0,0,1,0,1,0,1,0,1,0,1,0,1,1,0.602062
0,1,1,0,1,1,1,1,0,1,0,1,1,0,1,1,1,1,0,0,1,1,1,1,1,0,0,0,1,1,1,0,0.697384
1,1,0,1,1,1,1,0,1,1,0,0,0,1,0,1,0,0,1,0,0,1,1,1,0,0,1,1,0,1,0,1,0.308371
1,0,1,1,1,0,0,1,1,0,1,0,1,1,1,0,0,0,0,1,1,0,0,0,0,1,0,0,1,0,1,1,0.641970
0,1,1,0,1,0,1,1,1,0,1,1,0,0,0,0,0,1,0,0,0,0,1,0,0,1,0,0,1,0,0,0,0.710038
1,1,1,1,0,1,1,1,0,0,0,0,1,0,0,1,1,1,1,1,0,0,0,1,0,1,1,0,1,1,0,1,0.389759
1,1,1,0,1,1,0,1,0,1,1,0,0,0,0,0,0,0,0,0,1,0,0,0,0,0,1,0,1,1,1,1,0.653240
1,1,0,0,1,1,0,0,1,1,0,0,1,0,1,1,0,0,0,1,1,1,1,1,0,1,0,1,1,0,1,0,0.568148
0,1,0,0,1,0,1,1,1,0,0,1,1,1,0,1,0,1,0,1,1,1,1,0,0,1,0,1,1,1,1,0,0.801524
0,0,1,0,0,0,0,0,0,1,0,0,1,1,1,1,0,0,1,1,1,1,0,0,1,1,0,0,0,1,0,0,0.835971
1,1,0,1,0,1,0,0,1,0,1,1,0,1,0,1,0,0,1,1,0,1,0,0,0,0,1,1,1,0,1,1,0.581628
1,0,0,1,1,0,1,1,0,0,0,0,0,0,1,0,1,0,1,1,0,1,1,0,0,0,0,1,0,1,0,0,0.786658
1,0,1,0,0,0,0,1,1,0,1,1,0,1,0,1,0,0,1,0,1,1,0,1,1,0,0,1,1,1,1,1,0.243340
1,0,0,1,1,1,0,1,1,1,0,0,1,1,0,1,0,1,1,1,0,0,1,1,1,0,0,0,1,1,1,1,0.404731
0,1,1,0,1,0,0,1,1,0,0,1,1,0,1,1,1,1,1,1,1,0,1,0,0,0,1,0,0,1,0,0,0.627424
1,1,0,0,0,1,0,1,1,1,1,1,1,0,0,0,1,0,1,0,0,0,1,0,0,1,0,1,0,0,1,0,0.669650
1,1,1,0,0,1,0,0,1,1,0,0,0,1,0,1,1,1,0,1,0,1,0,1,1,0,1,1,1,1,0,0,0.718537
1,0,1,0,0,0,1,1,1,0,0,0,1,0,1,0,0,0,1,0,0,0,0,0,1,1,1,0,0,0,1,1,0.695999
0,1,1,1,0,1,0,0,1,1,1,0,0,0,0,0,0,0,0,1,1,0,0,1,0,1,0,0,0,1,1,1,0.813619
1,0,1,0,0,1,0,0,1,0,1,0,1,1,0,0,0,0,1,0,0,0,1,1,0,1,0,1,0,0,1,0,0.783301
1,1,0,0,0,1,0,0,0,0,0,0,0,0,1,0,0,1,1,0,0,0,0,1,0,0,1,1,1,0,1,0,0.767210
0,1,1,1,0,0,0,0,0,1,0,0,0,1,1,1,0,1,1,0,1,0,0,1,0,0,1,0,1,0,1,0,0.754902
1,0,1,1,0,1,0,0,1,1,1,0,0,0,0,0,1,1,1,0,0,0,0,0,1,1,1,0,1,1,0,1,0.601822
1,0,1,1,0,1,0,0,0,0,0,0,0,0,1,0,1,1,0,1,1,0,1,0,0,1,1,0,1,0,0,0,0.667199
1,0,1,0,0,1,1,0,1,1,0,0,0,0,0,1,1,0,0,0,1,1,0,0,0,1,1,1,0,0,1,1,0.621057
1,1,0,1,1,1,1,1,0,1,0,0,0,0,1,0,0,1,1,0,1,1,0,0,0,0,1,1,0,1,0,1,0.582801
1,0,1,0,0,0,1,0,0,1,0,1,1,0,1,1,1,0,0,1,0,0,0,1,1,1,0,0,1,0,0,1,0.606538
1,0,1,1,1,0,0,1,0,0,0,0,1,1,0,0,0,0,0,0,1,1,0,0,1,1,1,0,1,1,1,0,0.697437
1,1,1,1,1,0,1,1,1,0,0,1,0,1,0,1,1,0,0,0,1,1,0,0,1,1,0,1,0,0,0,1,0.264013
0,1,1,1,1,0,0,1,0,0,0,0,1,0,1,0,0,1,1,0,0,1,0,0,1,0,1,0,0,0,0,1,0.797101
0,1,1,1,0,1,1,0,1,0,0,0,1,1,1,0,1,1,0,1,0,1,0,0,1,1,0,0,1,1,0,0,0.619192
1,1,0,0,1,1,1,1,1,1,1,1,0,0,1,1,0,0,0,1,1,0,1,0,1,0,0,0,0,0,0,0,0.894688
0,0,1,1,1,1,1,0,1,0,1,0,1,0,0,1,1,1,1,0,0,0,0,0,0,0,1,1,0,0,0,1,0.785566
1,1,1,0,0,0,0,0,1,0,0,1,0,0,1,0,1,0,0,0,0,1,0,0,0,1,0,0,1,0,1,0,0.773151
1,1,1,1,0,0,1,1,0,1,1,0,0,0,0,0,1,1,1,1,0,1,0,0,0,0,1,0,1,1,1,0,0.598172
1,1,0,0,1,1,0,1,1,1,0,1,0,1,0,1,1,0,1,1,0,0,0,1,1,0,0,0,0,0,1,1,0.311941
0,0,0,1,0,1,0,1,1,1,0,0,1,1,0,0,1,0,0,0,1,0,0,0,1,0,0,1,1,1,1,1,0.745205
0,1,1,1,1,1,1,0,0,0,0,1,1,0,0,0,1,0,1,1,0,0,1,1,0,0,0,0,1,1,1,0,0.756554
0,0,0,0,1,1,0,1,1,0,0,0,0,0,0,1,1,0,0,0,1,1,1,1,1,1,1,1,1,1,1,0,0.803229
0,1,1,0,1,1,1,1,1,0,1,0,1,1,1,0,1,0,1,1,1,1,1,1,0,1,1,1,1,0,1,0,0.618020
1,0,1,1,0,1,1,0,1,0,1,1,1,0,1,1,1,0,1,0,0,1,1,0,0,1,1,1,0,0,0,0,0.686408
0,1,1,1,0,0,1,1,0,0,1,1,1,1,1,0,1,1,0,0,0,1,1,1,1,1,0,1,1,1,1,0,0.625453
0,0,1,0,1,1,0,0,1,1,0,1,1,1,0,0,0,0,0,0,0,1,1,1,0,0,0,0,1,1,0,0,0.805307
0,0,1,0,1,0,0,1,0,1,1,0,1,1,0,0,0,0,1,1,1,1,0,0,0,1,1,0,0,1,0,0,0.956788
1,1,0,0,0,1,0,1,1,0,0,1,0,1,0,0,0,0,0,1,1,0,0,1,0,1,0,1,0,0,1,0,0.660646
1,1,1,1,0,0,0,1,1,0,0,0,1,1,1,0,0,0,0,1,0,1,0,1,1,0,1,1,0,1,1,1,0.353581
0,0,0,0,0,0,0,0,0,1,0,1,1,0,1,1,0,1,1,1,1,1,1,0,1,0,1,0,0,1,0,0,0.887788
0,1,1,0,0,0,1,0,1,1,1,1,0,0,0,1,1,1,1,0,1,1,1,0,1,1,0,1,0,1,0,0,0.615303
1,0,0,0,0,0,0,0,0,0,0,0,0,1,0,1,1,1,1,0,0,1,0,1,0,0,1,0,0,1,0,0,0.787111
0,0,1,1,0,1,1,1,1,1,1,0,1,0,1,0,1,1,1,1,0,1,1,1,1,0,0,0,0,0,0,1,0.603874
0,0,0,1,0,0,0,0,1,1,0,0,0,1,0,0,1,0,1,1,1,1,0,0,0,0,0,0,0,1,0,1,0.881474
1,1,0,1,0,0,1,1,1,1,0,0,1,0,1,0,1,0,0,0,0,1,0,1,0,0,1,1,0,0,0,1,0.627904
1,1,0,0,0,0,1,1,1,0,1,0,0,0,1,1,0,1,1,0,1,1,1,1,0,1,0,0,0,1,0,1,0.516677
