1,1,0,1,0,1,0,0,0,1,1,0,1,0,0,1,1,1,1,1,0,1,1,0,1,0,0,1,1,0,0,1,0.597799
1,1,0,1,0,0,1,0,0,0,1,0,1,1,1,1,1,0,0,1,0,1,0,0,0,1,1,0,1,0,1,0,0.596867
0,0,1,1,0,0,0,1,0,1,1,1,1,0,1,1,1,0,1,1,0,1,0,1,0,0,0,1,0,0,0,0,0.608323
0,0,1,0,0,0,0,1,0,1,0,1,0,0,0,1,0,0,1,0,0,1,0,0,1,0,1,0,0,1,1,0,0.630648
0,0,1,0,0,1,1,0,1,1,1,0,1,0,1,0,1,1,0,1,0,0,1,1,1,1,0,0,0,1,1,0,0.754875
0,0,0,1,1,1,0,1,0,0,1,1,0,1,1,1,0,0,1,1,0,0,0,0,0,0,0,1,0,1,0,1,0.634564
1,1,1,0,0,1,1,1,1,0,0,0,1,0,1,0,0,1,0,1,1,1,1,0,1,1,0,0,1,0,1,1,0.872389
1,1,0,1,1,0,0,0,0,0,0,0,1,0,1,0,1,0,1,0,0,0,1,1,0,0,1,0,0,0,1,1,0.557305
1,0,1,0,0,1,0,0,1,0,1,1,0,1,1,0,1,0,1,1,0,1,0,0,0,1,1,1,1,1,1,0,0.577712
0,0,1,1,1,1,1,0,1,0,1,1,1,1,1,0,1,1,1,0,1,1,1,0,1,1,1,0,0,0,0,1,0.581069
1,1,1,0,1,0,1,1,1,1,0,0,1,1,1,0,0,0,1,1,0,1,1,0,0,0,1,1,1,0,1,0,0.730738
0,1,0,0,1,1,0,1,1,1,1,0,1,0,0,0,1,1,1,0,1,1,0,0,1,1,1,0,1,0,1,1,0.577659
0,1,0,0,0,1,1,1,0,1,0,1,0,1,1,0,0,1,0,1,0,1,1,1,0,1,1,1,1,0,1,0,0.701646
0,0,1,1,0,0,0,0,1,1,1,1,1,1,0,1,1,0,1,1,0,0,1,1,1,1,1,1,0,0,1,1,0.808184
0,0,0,1,1,0,0,0,0,1,0,1,0,0,1,1,0,1,1,0,0,0,1,0,1,1,0,0,0,1,1,0,0.641304
0,1,1,1,0,1,1,1,0,0,0,0,1,1,0,1,1,1,1,0,0,0,1,0,1,1,0,1,1,0,1,1,0.603554
0,1,1,0,1,1,0,0,0,1,0,0,1,0,1,1,1,0,0,1,0,0,0,0,1,0,0,1,0,0,0,0,0.590127
0,1,1,1,0,0,0,0,1,0,1,0,1,0,1,1,0,0,0,0,0,1,1,1,0,1,1,1,1,0,1,1,0.577233
1,1,1,0,1,1,0,0,1,0,0,0,1,0,1,1,0,1,0,0,0,1,1,0,1,1,1,1,0,0,1,0,0.765185
1,1,0,0,1,0,0,0,1,0,0,1,1,1,0,0,0,1,1,1,1,1,1,1,0,1,1,1,1,0,0,0,0.760150
0,0,0,1,0,0,1,0,0,1,0,1,1,1,0,0,0,1,1,1,0,1,1,1,0,0,1,1,0,0,0,0,0.665308
0,1,1,1,1,1,1,1,0,0,0,1,1,0,1,1,1,1,0,0,1,0,0,0,1,0,1,1,0,0,1,1,0.608855
0,1,0,0,1,1,0,0,1,0,0,1,0,1,1,0,0,1,0,0,0,1,1,1,0,0,0,0,1,0,1,0,0.819853
0,0,1,0,1,0,0,1,1,1,1,0,0,1,0,0,0,1,0,0,0,1,1,0,1,1,1,1,0,0,0,0,0.613784
0,0,1,0,1,0,0,0,1,0,0,0,0,0,0,0,0,0,1,0,0,1,1,1,0,0,1,1,0,1,0,1,0.714860
1,0,0,0,0,1,1,0,1,1,1,0,0,0,1,1,0,0,1,0,0,1,0,1,1,0,1,1,0,0,1,0,0.627931
1,0,0,0,1,0,0,1,0,0,1,1,1,1,1,0,0,1,0,1,0,0,1,0,0,0,1,0,1,0,1,0,0.800405
0,1,0,1,0,1,0,0,0,0,0,0,1,0,0,1,0,1,0,0,0,1,0,1,1,1,0,1,1,1,0,1,0.806852
0,1,0,1,0,0,0,1,1,1,1,0,0,0,0,1,1,1,0,1,1,1,0,1,1,0,1,0,0,0,0,1,0.566310
0,0,1,0,0,0,0,0,1,0,0,1,1,0,0,1,0,0,0,0,0,0,1,0,1,0,1,1,1,1,0,1,0.603687
1,0,0,1,0,1,0,1,1,0,0,1,0,1,0,1,0,0,1,0,0,0,0,0,1,0,0,1,0,0,0,0,0.643276
1,0,0,1,1,0,0,1,0,0,1,1,1,0,1,0,0,0,1,1,1,1,0,1,0,1,0,0,0,1,0,1,0.609681
0,0,1,1,1,0,1,1,0,0,0,1,1,1,0,1,0,1,0,0,1,0,0,0,1,1,1,0,1,0,1,1,0.614370
1,0,1,1,1,1,0,0,0,1,1,1,1,1,0,1,1,0,0,1,0,1,0,1,1,1,1,1,1,1,1,0,0.582268
0,1,0,1,1,0,1,1,0,0,0,0,0,0,0,0,0,1,1,1,0,1,0,0,1,1,0,1,0,0,1,0,0.755382
1,1,1,0,0,0,0,1,0,1,0,0,1,1,0,1,1,1,0,0,0,0,1,0,0,0,1,1,0,1,1,0,0.586477
1,0,0,1,1,1,1,0,1,1,0,1,0,0,0,0,1,0,1,1,1,1,1,0,0,0,1,1,1,0,0,1,0.707268
1,0,1,1,1,0,1,1,1,0,1,1,0,0,0,1,0,1,1,1,1,1,1,1,0,1,0,0,0,0,1,0,0.585784
1,1,1,0,1,0,1,1,0,0,1,0,0,1,1,0,1,1,1,1,1,0,0,1,0,0,0,0,0,0,0,0,0.713342
1,1,0,0,0,0,0,1,1,0,1,1,1,0,0,1,0,1,1,1,1,1,0,1,1,0,0,0,0,1,1,0,0.622149
0,1,0,1,1,0,0,0,0,0,0,1,0,0,1,0,0,1,0,0,1,0,0,0,0,0,0,1,0,0,0,1,0.554028
1,1,0,0,0,1,0,1,0,0,0,0,0,0,1,0,0,1,0,1,1,0,1,1,0,1,1,0,0,1,1,1,0.609921
1,1,1,1,1,1,1,1,1,1,0,1,0,1,1,1,1,0,1,0,0,0,1,0,1,1,0,0,0,0,0,1,0.597799
0,1,1,1,0,0,1,0,0,0,1,0,0,1,0,0,1,0,1,0,0,1,1,0,1,1,0,0,0,1,0,0,0.623775
0,1,1,0,0,0,1,1,0,0,0,0,0,0,0,0,0,1,0,1,1,1,1,0,1,0,1,0,1,0,1,0,0.756181
1,1,0,0,1,1,1,0,0,1,1,0,1,1,1,1,1,1,1,0,0,1,0,1,1,0,0,1,0,0,0,0,0.616475
1,1,0,1,1,1,1,0,1,1,0,1,1,0,1,0,1,1,0,0,0,1,0,1,1,0,0,0,0,0,1,1,0.720881
1,0,0,0,0,0,0,0,1,0,1,0,1,0,0,1,0,0,0,1,1,0,0,1,1,0,0,1,1,0,1,0,0.683211
1,1,1,1,1,1,1,0,0,0,0,1,0,1,1,0,0,0,0,1,0,1,1,0,0,1,1,0,0,1,0,0,0.767477
1,1,1,0,0,0,0,0,0,1,0,0,0,1,1,0,1,1,0,1,0,0,0,0,0,1,0,1,1,0,1,0,0.566097
0,1,0,0,1,0,0,1,1,0,1,1,1,1,1,1,0,0,1,0,1,1,1,1,0,1,0,0,1,1,0,1,0.646073
0,0,1,1,1,1,0,1,0,1,0,0,0,0,0,1,1,1,1,1,1,1,1,0,0,1,0,1,1,1,0,0,0.823769
0,0,1,0,0,0,0,0,1,0,1,1,0,1,0,1,1,1,1,0,1,1,1,1,1,1,0,0,0,1,1,0,0.623455
0,1,1,0,1,0,1,0,1,1,0,0,1,1,0,1,0,0,1,1,1,0,1,0,0,1,1,0,1,0,1,1,0.583067
0,0,1,1,0,1,0,0,1,0,0,0,1,0,1,1,0,0,1,1,1,0,0,1,1,1,1,0,0,1,0,1,0.627664
1,1,0,1,1,1,0,0,1,0,1,0,0,0,0,1,0,0,1,0,0,0,0,0,0,0,0,1,0,0,0,1,0.628756
1,0,0,0,1,1,1,1,0,0,0,0,1,0,1,0,0,0,0,1,1,1,1,1,1,0,0,0,1,1,0,1,0.874281
0,1,0,0,0,0,0,0,0,0,0,1,0,1,1,0,1,0,1,0,1,0,1,1,0,0,0,1,0,0,0,0,0.568548
0,0,1,1,1,1,0,1,0,1,0,1,1,0,1,1,0,0,0,0,1,1,1,0,0,0,1,0,1,0,1,1,0.728660
0,0,0,0,0,0,1,0,0,0,0,0,0,0,0,0,1,1,1,0,1,1,1,1,1,0,0,1,0,0,1,1,0.799233
1,0,1,0,1,1,1,1,1,0,0,0,0,1,1,1,0,1,0,0,0,0,1,0,1,1,0,1,0,1,1,1,0.636642
0,0,0,1,0,1,0,0,0,0,1,0,0,1,0,0,0,1,0,1,0,0,0,0,0,1,1,1,1,0,0,0,0.622656
0,1,1,1,1,1,1,0,0,1,1,1,0,0,1,0,1,1,1,0,1,1,1,0,1,1,0,0,1,1,0,0,0.578485
0,0,1,0,0,0,1,1,0,0,0,0,0,1,1,1,0,1,1,0,0,0,1,1,0,1,1,1,1,1,1,1,0.563939
0,0,0,0,0,0,1,0,1,1,0,1,1,0,0,1,1,1,1,1,0,1,1,0,1,1,1,1,0,0,0,1,0.630488
0,1,0,1,0,1,0,1,0,0,1,1,0,1,0,0,1,0,1,1,0,0,1,0,0,0,1,1,0,1,0,1,0.622309
0,1,0,0,1,1,0,1,0,0,0,0,0,0,1,1,1,0,0,1,0,0,0,1,0,0,0,0,0,1,1,0,0.579204
0,1,1,1,0,0,1,0,1,0,0,0,1,0,1,1,0,1,0,0,0,1,0,0,0,0,1,1,1,0,1,0,0.719123
0,0,1,0,1,1,1,0,0,0,0,1,1,1,0,0,1,1,0,1,0,0,0,1,1,0,0,1,0,1,0,0,0.663390
0,0,1,1,0,0,1,0,0,0,0,0,0,0,1,1,1,1,1,0,0,1,1,1,0,0,1,0,0,1,1,1,0.717684
1,0,1,0,0,0,0,1,0,1,0,1,0,1,0,1,1,0,0,0,0,0,1,1,0,0,0,1,0,0,1,1,0.604220
0,1,0,0,1,0,0,0,0,0,0,1,0,0,1,1,0,1,0,0,0,0,1,1,1,1,0,0,0,0,0,1,0.546302
1,1,0,0,0,1,0,1,1,0,0,0,1,0,0,1,1,1,0,0,1,0,1,0,0,0,1,0,1,0,0,1,0.624307
1,1,1,1,1,0,1,1,0,1,0,0,1,0,0,0,0,1,1,0,1,1,1,1,1,0,0,0,1,0,1,0,0.772112
0,1,1,1,1,0,1,1,0,1,1,1,1,0,1,0,0,1,1,1,1,1,0,0,1,0,1,0,1,0,1,0,0.557838
1,0,0,1,1,0,1,1,0,0,0,1,1,1,0,0,1,0,0,1,0,0,0,1,0,0,1,1,0,0,0,0,0.557651
0,1,1,0,0,1,0,0,0,1,0,0,0,0,1,0,0,0,1,0,0,0,0,0,0,1,0,1,1,1,1,1,0.564631
1,0,1,0,0,0,1,1,0,0,1,1,1,1,1,0,1,1,0,1,0,1,0,0,1,1,1,1,1,0,0,0,0.565431
1,1,1,1,0,0,1,0,0,0,0,0,0,1,0,1,0,0,0,0,1,0,1,0,1,1,1,1,1,0,0,0,0.589381
1,0,1,1,0,0,1,1,0,1,0,1,0,0,0,1,0,1,0,0,1,1,1,1,1,0,0,0,0,0,1,1,0.727861
1,0,1,1,1,1,0,1,0,1,0,0,1,0,0,0,1,1,1,0,1,0,1,0,0,0,0,1,1,1,1,0,0.583840
0,1,0,1,1,0,1,1,1,1,0,1,0,1,1,1,1,0,0,1,0,0,1,0,1,1,0,1,0,1,1,1,0.563086
1,1,1,1,1,0,1,0,1,1,0,1,1,0,0,0,0,1,0,0,0,0,1,0,1,0,0,1,0,1,1,1,0.583840
0,1,1,1,0,0,1,1,0,0,1,0,0,0,1,0,0,0,1,1,0,0,0,0,0,1,1,1,1,0,0,0,0.761749
1,0,1,0,0,1,1,0,0,1,1,0,0,0,0,1,1,1,0,0,0,0,1,1,1,0,0,1,1,1,1,0,0.703218
1,0,1,1,1,0,1,1,0,0,1,0,1,1,1,0,0,1,0,0,1,1,1,1,0,1,1,1,0,1,1,0,0.608429
0,1,0,0,1,0,1,1,0,0,0,0,1,1,0,0,1,0,1,0,1,1,1,1,0,0,0,1,0,1,0,0,0.871670
0,1,1,0,0,1,1,0,1,1,0,0,0,1,0,1,0,0,0,0,0,0,0,0,1,0,1,1,0,0,0,1,0.589381
1,0,0,0,1,1,1,1,0,1,1,0,0,1,1,0,0,0,0,1,0,0,0,1,0,0,0,0,1,0,0,1,0.607577
1,0,1,1,0,0,0,0,0,0,0,0,0,1,1,0,1,0,1,1,1,1,1,0,1,0,1,0,1,0,0,1,0.816283
0,0,0,1,1,1,0,0,0,0,1,1,0,0,1,1,0,1,1,0,0,1,1,1,1,0,1,1,1,0,1,1,0.582934
1,0,0,0,0,1,1,1,1,0,1,1,1,1,0,0,0,1,1,0,1,0,0,0,1,1,1,0,1,0,1,1,0.750906
0,0,0,1,1,0,0,0,1,1,1,0,1,1,1,1,1,0,0,1,0,1,1,0,1,0,0,1,1,1,0,0,0.603074
1,0,0,1,0,0,0,0,1,1,0,1,0,0,1,0,1,1,0,1,0,1,1,1,0,1,0,0,1,0,1,1,0.677696
1,1,0,1,1,0,1,0,0,1,1,0,0,0,1,1,1,0,1,1,1,0,0,0,1,1,0,0,1,0,1,0,0.599877
0,1,0,1,0,1,1,1,0,0,0,0,0,0,1,1,1,1,0,0,1,0,0,1,1,1,1,1,1,1,0,1,0.631580
0,0,1,0,1,0,0,1,1,1,1,0,0,1,0,0,0,1,1,0,0,1,1,0,0,1,1,1,0,1,1,0,0.588315
0,0,1,1,1,0,0,1,0,1,0,0,0,1,0,1,1,0,1,1,1,1,0,1,0,1,1,0,0,0,1,1,0.782928
0,1,1,0,0,1,1,0,1,0,0,0,0,1,1,1,0,1,1,0,1,1,0,0,1,0,0,1,1,0,1,0,0.947544
1,0,0,0,1,1,1,1,1,0,0,1,1,1,1,0,1,1,0,0,1,0,1,0,1,1,0,1,0,1,0,1,0.661312
1,0,0,1,0,1,1,1,0,0,1,0,1,1,0,0,1,1,1,0,0,1,0,1,0,1,0,1,1,0,1,0,0.637228
0,0,1,1,0,0,1,1,1,1,0,0,1,0,1,0,1,0,1,0,1,1,1,1,0,1,0,1,1,1,0,1,0.747283
0,0,1,1,0,0,1,1,0,0,1,1,0,0,0,0,1,1,1,1,0,1,0,1,0,1,0,1,0,1,0,0,0.599664
0,1,1,1,1,1,0,1,1,1,1,1,1,0,0,1,1,1,0,1,0,1,0,0,0,1,1,1,0,0,1,0,0.608696
0,1,1,0,0,0,0,0,0,0,0,1,0,1,0,0,1,1,0,0,1,1,1,0,0,0,1,0,0,1,0,0,0.765798
1,0,1,0,0,1,1,0,1,0,1,0,0,0,1,1,0,0,0,0,1,1,1,1,1,0,0,0,1,1,1,1,0.625000
1,1,1,1,1,1,1,0,0,1,0,1,1,0,1,1,1,0,1,1,1,0,0,1,1,0,0,0,0,1,0,0,0.592152
1,1,1,0,0,0,0,1,0,1,0,1,0,0,1,0,0,1,0,0,1,1,1,0,1,1,1,1,0,1,1,1,0.664162
1,0,1,0,0,1,1,1,0,1,1,0,1,0,1,1,0,1,1,0,1,1,1,0,1,0,0,1,0,1,0,0,0.613251
0,1,0,1,0,1,1,1,0,0,1,1,1,1,1,1,1,1,0,0,1,0,0,0,1,0,1,0,1,1,0,0,0.753064
0,1,1,1,1,1,0,1,0,1,1,0,0,0,1,1,1,1,1,0,1,1,0,0,0,0,0,1,0,0,0,1,0.581442
1,0,1,1,1,1,1,0,0,0,1,0,1,0,1,0,0,0,0,0,0,0,1,1,1,0,0,1,0,0,1,1,0.697730
1,0,1,0,1,1,1,1,0,0,0,1,1,0,1,0,1,0,1,1,1,0,1,0,0,1,0,1,1,1,1,0,0.587063
0,1,1,0,1,1,1,1,1,1,0,0,0,1,1,0,0,1,0,1,1,0,1,0,0,1,0,1,1,0,0,1,0.647192
1,0,0,0,0,0,1,1,0,0,0,1,0,0,0,1,1,0,1,1,0,1,0,1,1,0,1,1,0,0,0,0,0.664349
0,0,1,1,1,1,1,1,0,0,0,1,0,1,1,1,0,0,1,1,0,0,0,1,1,0,1,1,1,1,0,1,0.590420
0,1,0,1,1,0,1,0,1,1,0,1,1,1,0,1,1,1,1,0,0,0,0,1,1,1,0,1,0,0,0,1,0.574089
0,0,1,0,1,1,0,0,0,0,0,1,1,1,1,1,0,0,1,1,1,0,1,0,0,0,0,1,1,0,1,0,0.641171
0,1,0,0,0,0,1,0,1,0,0,0,0,0,0,1,0,1,0,1,0,0,0,1,0,0,0,0,1,0,0,1,0.499973
1,1,0,0,1,0,0,1,1,1,0,0,0,1,1,0,0,1,1,0,1,0,0,0,1,0,0,1,0,1,0,0,0.602115
0,1,1,0,1,0,1,1,0,1,1,0,1,0,1,1,1,0,1,1,1,1,1,1,0,0,0,1,0,0,1,1,0.560449
1,0,0,1,1,1,1,0,0,1,1,1,1,0,1,0,0,1,0,1,1,0,0,1,0,1,1,1,1,0,0,1,0.678069
0,0,1,0,0,1,0,1,0,0,0,0,0,1,1,0,1,0,0,1,1,0,1,1,0,0,1,0,1,0,1,1,0.633046
0,0,0,0,1,0,0,0,0,1,1,1,0,0,1,0,1,1,0,0,1,0,1,0,0,0,0,0,0,1,1,1,0.666667
1,1,0,1,0,0,1,0,1,0,1,1,0,1,0,1,1,0,1,0,0,0,1,1,0,1,0,1,1,0,0,0,0.708120
1,1,0,1,0,0,1,1,0,1,0,1,1,1,0,1,1,0,1,1,0,0,1,0,1,0,0,1,1,1,1,1,0.556213
0,1,1,1,0,1,1,1,0,1,0,1,1,1,0,0,1,1,1,1,1,0,0,1,1,1,1,0,0,0,1,0,0.600597
1,1,1,0,0,0,0,1,0,1,1,0,1,0,1,0,1,0,0,1,0,1,0,0,0,1,0,1,0,0,0,0,0.599904
