1,0,0,0,0,1,1,0,1,1,1,0,0,0,1,1,0,0,1,0,0,1,0,1,1,0,1,1,0,0,1,0,0.624600
0,0,0,1,1,1,0,1,0,0,1,1,0,1,1,1,0,0,1,1,0,0,0,0,0,0,0,1,0,1,0,1,0.638987
1,1,0,1,1,1,0,0,1,0,1,0,0,0,0,1,0,0,1,0,0,0,0,0,0,0,0,1,0,0,0,1,0.637521
0,1,1,0,1,0,1,1,0,1,1,0,1,0,1,1,1,0,1,1,1,1,1,1,0,0,0,1,0,0,1,1,0.558291
1,0,1,1,1,1,0,1,0,1,0,0,1,0,0,0,1,1,1,0,1,0,1,0,0,0,0,1,1,1,1,0,0.581575
0,1,0,1,0,1,0,0,0,0,0,0,1,0,0,1,0,1,0,0,0,1,0,1,1,1,0,1,1,1,0,1,0.813832
0,1,1,0,0,1,1,0,1,1,0,0,0,1,0,1,0,0,0,0,0,0,0,0,1,0,1,1,0,0,0,1,0.587969
0,1,1,1,0,0,1,0,0,0,1,0,0,1,0,0,1,0,1,0,0,1,1,0,1,1,0,0,0,1,0,0,0.620817
1,1,0,1,0,0,1,1,0,1,0,1,1,1,0,1,1,0,1,1,0,0,1,0,1,0,0,1,1,1,1,1,0.555493
1,1,1,1,1,1,1,0,0,1,0,1,1,0,1,1,1,0,1,1,1,0,0,1,1,0,0,0,0,1,0,0,0.589114
1,1,0,1,0,0,1,0,1,0,1,1,0,1,0,1,1,0,1,0,0,0,1,1,0,1,0,1,1,0,0,0,0.715207
1,0,1,1,0,0,1,1,0,1,0,1,0,0,0,1,0,1,0,0,1,1,1,1,1,0,0,0,0,0,1,1,0.732630
1,1,1,0,0,0,0,1,0,1,0,1,0,0,1,0,0,1,0,0,1,1,1,0,1,1,1,1,0,1,1,1,0.670050
0,1,0,0,1,1,0,1,1,1,1,0,1,0,0,0,1,1,1,0,1,1,0,0,1,1,1,0,1,0,1,1,0.580350
1,1,0,0,0,1,0,1,0,0,0,0,0,0,1,0,0,1,0,1,1,0,1,1,0,1,1,0,0,1,1,1,0.603501
0,1,1,1,0,1,1,1,0,0,0,0,1,1,0,1,1,1,1,0,0,0,1,0,1,1,0,1,1,0,1,1,0.602755
1,1,0,0,0,0,0,1,1,0,1,1,1,0,0,1,0,1,1,1,1,1,0,1,1,0,0,0,0,1,1,0,0.626838
0,1,1,1,1,1,1,1,0,0,0,1,1,0,1,1,1,1,0,0,1,0,0,0,1,0,1,1,0,0,1,1,0.603927
0,0,1,1,1,0,1,1,0,0,0,1,1,1,0,1,0,1,0,0,1,0,0,0,1,1,1,0,1,0,1,1,0.606751
0,1,0,0,0,0,0,0,0,0,0,1,0,1,1,0,1,0,1,0,1,0,1,1,0,0,0,1,0,0,0,0,0.567588
0,1,1,1,1,0,1,1,0,1,1,1,1,0,1,0,0,1,1,1,1,1,0,0,1,0,1,0,1,0,1,0,0.557465
1,1,1,0,0,0,0,1,0,1,1,0,1,0,1,0,1,0,0,1,0,1,0,0,0,1,0,1,0,0,0,0,0.600357
1,0,0,1,1,1,1,0,0,1,1,1,1,0,1,0,0,1,0,1,1,0,0,1,0,1,1,1,1,0,0,1,0.684436
1,1,1,0,1,1,0,0,1,0,0,0,1,0,1,1,0,1,0,0,0,1,1,0,1,1,1,1,0,0,1,0,0.771553
0,1,1,0,0,1,0,0,0,1,0,0,0,0,1,0,0,0,1,0,0,0,0,0,0,1,0,1,1,1,1,1,0.563779
0,0,1,1,0,0,1,1,0,0,1,1,0,0,0,0,1,1,1,1,0,1,0,1,0,1,0,1,0,1,0,0,0.596494
0,0,1,0,1,0,0,1,1,1,1,0,0,1,0,0,0,1,0,0,0,1,1,0,1,1,1,1,0,0,0,0,0.610081
1,0,0,1,0,1,1,1,0,0,1,0,1,1,0,0,1,1,1,0,0,1,0,1,0,1,0,1,1,0,1,0,0.630888
0,0,1,1,0,0,0,1,0,1,1,1,1,0,1,1,1,0,1,1,0,1,0,1,0,0,0,1,0,0,0,0,0.607497
0,1,1,0,0,0,0,0,0,0,0,1,0,1,0,0,1,1,0,0,1,1,1,0,0,0,1,0,0,1,0,0,0.768942
0,1,1,1,0,0,1,1,0,0,1,0,0,0,1,0,0,0,1,1,0,0,0,0,0,1,1,1,1,0,0,0,0.766438
0,1,1,1,0,1,1,1,0,1,0,1,1,1,0,0,1,1,1,1,1,0,0,1,1,1,1,0,0,0,1,0,0.603394
1,0,0,0,0,0,1,1,0,0,0,1,0,0,0,1,1,0,1,1,0,1,0,1,1,0,1,1,0,0,0,0,0.667812
1,0,0,1,1,1,1,0,1,1,0,1,0,0,0,0,1,0,1,1,1,1,1,0,0,0,1,1,1,0,0,1,0.712010
0,0,1,1,1,0,0,1,0,1,0,0,0,1,0,1,1,0,1,1,1,1,0,1,0,1,1,0,0,0,1,1,0.786711
1,0,1,1,1,0,1,1,1,0,1,1,0,0,0,1,0,1,1,1,1,1,1,1,0,1,0,0,0,0,1,0,0.587223
0,0,1,1,1,1,0,1,0,1,0,1,1,0,1,1,0,0,0,0,1,1,1,0,0,0,1,0,1,0,1,1,0.733776
0,0,0,1,1,0,0,0,1,1,1,0,1,1,1,1,1,0,0,1,0,1,1,0,1,0,0,1,1,1,0,0,0.600330
0,0,0,1,1,1,0,0,0,0,1,1,0,0,1,1,0,1,1,0,0,1,1,1,1,0,1,1,1,0,1,1,0.582214
0,1,0,0,0,1,1,1,0,1,0,1,0,1,1,0,0,1,0,1,0,1,1,1,0,1,1,1,1,0,1,0,0.706975
1,0,1,1,1,0,1,1,0,0,1,0,1,1,1,0,0,1,0,0,1,1,1,1,0,1,1,1,0,1,1,0,0.607017
0,1,1,0,0,1,1,0,1,0,0,0,0,1,1,1,0,1,1,0,1,1,0,0,1,0,0,1,1,0,1,0,0.953298
0,1,0,0,0,0,1,0,1,0,0,0,0,0,0,1,0,1,0,1,0,0,0,1,0,0,0,0,1,0,0,1,0.501332
0,1,1,1,1,1,0,1,1,1,1,1,1,0,0,1,1,1,0,1,0,1,0,0,0,1,1,1,0,0,1,0,0.607337
1,1,1,0,0,1,1,1,1,0,0,0,1,0,1,0,0,1,0,1,1,1,1,0,1,1,0,0,1,0,1,1,0.877131
1,0,1,0,1,1,1,1,1,0,0,0,0,1,1,1,0,1,0,0,0,0,1,0,1,1,0,1,0,1,1,1,0.627877
1,0,1,1,0,0,0,0,0,0,0,0,0,1,1,0,1,0,1,1,1,1,1,0,1,0,1,0,1,0,0,1,0.817961
0,1,0,1,0,1,0,1,0,0,1,1,0,1,0,0,1,0,1,1,0,0,1,0,0,0,1,1,0,1,0,1,0.622736
1,1,1,0,1,0,1,1,0,0,1,0,0,1,1,0,1,1,1,1,1,0,0,1,0,0,0,0,0,0,0,0,0.716219
0,0,1,0,1,1,1,0,0,0,0,1,1,1,0,0,1,1,0,1,0,0,0,1,1,0,0,1,0,1,0,0,0.666001
0,0,0,0,0,0,1,0,0,0,0,0,0,0,0,0,1,1,1,0,1,1,1,1,1,0,0,1,0,0,1,1,0.805360
0,1,1,1,1,1,0,1,0,1,1,0,0,0,1,1,1,1,1,0,1,1,0,0,0,0,0,1,0,0,0,1,0.581095
1,0,1,0,1,1,1,1,0,0,0,1,1,0,1,0,1,0,1,1,1,0,1,0,0,1,0,1,1,1,1,0,0.584559
0,0,0,0,1,0,0,0,0,1,1,1,0,0,1,0,1,1,0,0,1,0,1,0,0,0,0,0,0,1,1,1,0.670743
0,1,0,0,1,1,0,0,1,0,0,1,0,1,1,0,0,1,0,0,0,1,1,1,0,0,0,0,1,0,1,0,0.822410
0,1,0,1,0,1,1,1,0,0,1,1,1,1,1,1,1,1,0,0,1,0,0,0,1,0,1,0,1,1,0,0,0.757539
0,1,0,1,0,0,0,1,1,1,1,0,0,0,0,1,1,1,0,1,1,1,0,1,1,0,1,0,0,0,0,1,0.561275
1,0,0,1,0,0,0,0,1,1,0,1,0,0,1,0,1,1,0,1,0,1,1,1,0,1,0,0,1,0,1,1,0.681426
1,0,1,0,0,1,0,0,1,0,1,1,0,1,1,0,1,0,1,1,0,1,0,0,0,1,1,1,1,1,1,0,0.577712
1,0,0,0,0,0,0,0,1,0,1,0,1,0,0,1,0,0,0,1,1,0,0,1,1,0,0,1,1,0,1,0,0.689844
1,0,1,0,0,0,0,1,0,1,0,1,0,1,0,1,1,0,0,0,0,0,1,1,0,0,0,1,0,0,1,1,0.596681
0,1,1,1,1,1,1,0,0,1,1,1,0,0,1,0,1,1,1,0,1,1,1,0,1,1,0,0,1,1,0,0,0.581442
1,1,0,1,0,1,0,0,0,1,1,0,1,0,0,1,1,1,1,1,0,1,1,0,1,0,0,1,1,0,0,1,0.596760
0,0,1,0,0,0,0,0,1,0,1,1,0,1,0,1,1,1,1,0,1,1,1,1,1,1,0,0,0,1,1,0,0.625000
0,1,0,1,1,0,1,0,1,1,0,1,1,1,0,1,1,1,1,0,0,0,0,1,1,1,0,1,0,0,0,1,0.571318
0,1,0,0,1,0,0,1,1,0,1,1,1,1,1,1,0,0,1,0,1,1,1,1,0,1,0,0,1,1,0,1,0.637601
0,0,0,1,0,0,1,0,0,1,0,1,1,1,0,0,0,1,1,1,0,1,1,1,0,0,1,1,0,0,0,0,0.667572
1,1,1,1,1,1,1,1,1,1,0,1,0,1,1,1,1,0,1,0,0,0,1,0,1,1,0,0,0,0,0,1,0.592977
0,0,1,0,1,0,0,1,1,1,1,0,0,1,0,0,0,1,1,0,0,1,1,0,0,1,1,1,0,1,1,0,0.581975
1,1,1,0,0,0,0,0,0,1,0,0,0,1,1,0,1,1,0,1,0,0,0,0,0,1,0,1,1,0,1,0,0.567642
1,0,0,0,1,0,0,1,0,0,1,1,1,1,1,0,0,1,0,1,0,0,1,0,0,0,1,0,1,0,1,0,0.802456
0,0,1,1,0,0,1,1,1,1,0,0,1,0,1,0,1,0,1,0,1,1,1,1,0,1,0,1,1,1,0,1,0.753730
1,0,1,0,0,0,1,1,0,0,1,1,1,1,1,0,1,1,0,1,0,1,0,0,1,1,1,1,1,0,0,0,0.569320
0,0,0,1,0,1,0,0,0,0,1,0,0,1,0,0,0,1,0,1,0,0,0,0,0,1,1,1,1,0,0,0,0.620471
1,1,0,0,1,1,1,0,0,1,1,0,1,1,1,1,1,1,1,0,0,1,0,1,1,0,0,1,0,0,0,0,0.608962
1,0,1,0,0,1,1,0,0,1,1,0,0,0,0,1,1,1,0,0,0,0,1,1,1,0,0,1,1,1,1,0,0.708600
1,1,0,0,0,1,0,1,1,0,0,0,1,0,0,1,1,1,0,0,1,0,1,0,0,0,1,0,1,0,0,1,0.618366
1,1,1,1,0,0,1,0,0,0,0,0,0,1,0,1,0,0,0,0,1,0,1,0,1,1,1,1,1,0,0,0,0.589461
0,0,1,0,0,1,1,0,1,1,1,0,1,0,1,0,1,1,0,1,0,0,1,1,1,1,0,0,0,1,1,0,0.757912
0,1,0,0,1,1,0,1,0,0,0,0,0,0,1,1,1,0,0,1,0,0,0,1,0,0,0,0,0,1,1,0,0.579204
1,0,0,0,1,1,1,1,0,1,1,0,0,1,1,0,0,0,0,1,0,0,0,1,0,0,0,0,1,0,0,1,0.614743
0,0,1,1,1,1,1,0,1,0,1,1,1,1,1,0,1,1,1,0,1,1,1,0,1,1,1,0,0,0,0,1,0.578911
0,1,0,0,1,0,1,1,0,0,0,0,1,1,0,0,1,0,1,0,1,1,1,1,0,0,0,1,0,1,0,0,0.873854
1,1,0,1,1,0,1,0,0,1,1,0,0,0,1,1,1,0,1,1,1,0,0,0,1,1,0,0,1,0,1,0,0.599078
1,0,0,1,1,0,0,1,0,0,1,1,1,0,1,0,0,0,1,1,1,1,0,1,0,1,0,0,0,1,0,1,0.604673
0,0,1,0,0,0,0,1,0,1,0,1,0,0,0,1,0,0,1,0,0,1,0,0,1,0,1,0,0,1,1,0,0.633445
0,1,0,1,0,1,1,1,0,0,0,0,0,0,1,1,1,1,0,0,1,0,0,1,1,1,1,1,1,1,0,1,0.637415
0,1,1,0,0,0,1,1,0,0,0,0,0,0,0,0,0,1,0,1,1,1,1,0,1,0,1,0,1,0,1,0,0.762548
1,1,0,1,1,0,0,0,0,0,0,0,1,0,1,0,1,0,1,0,0,0,1,1,0,0,1,0,0,0,1,1,0.562074
1,1,0,1,1,1,1,0,1,1,0,1,1,0,1,0,1,1,0,0,0,1,0,1,1,0,0,0,0,0,1,1,0.726609
0,1,1,0,1,0,1,0,1,1,0,0,1,1,0,1,0,0,1,1,1,0,1,0,0,1,1,0,1,0,1,1,0.581548
1,0,0,1,1,0,1,1,0,0,0,1,1,1,0,0,1,0,0,1,0,0,0,1,0,0,1,1,0,0,0,0,0.546675
1,1,0,0,1,0,0,1,1,1,0,0,0,1,1,0,0,1,1,0,1,0,0,0,1,0,0,1,0,1,0,0,0.598332
0,0,1,0,0,1,0,1,0,0,0,0,0,1,1,0,1,0,0,1,1,0,1,1,0,0,1,0,1,0,1,1,0.630408
0,0,0,1,1,0,0,0,0,1,0,1,0,0,1,1,0,1,1,0,0,0,1,0,1,1,0,0,0,1,1,0,0.644475
0,1,0,1,1,0,0,0,0,0,0,1,0,0,1,0,0,1,0,0,1,0,0,0,0,0,0,1,0,0,0,1,0.551444
0,0,1,1,1,1,0,1,0,1,0,0,0,0,0,1,1,1,1,1,1,1,1,0,0,1,0,1,1,1,0,0,0.824568
1,0,1,1,1,1,1,0,0,0,1,0,1,0,1,0,0,0,0,0,0,0,1,1,1,0,0,1,0,0,1,1,0.700554
0,0,1,1,0,0,1,0,0,0,0,0,0,0,1,1,1,1,1,0,0,1,1,1,0,0,1,0,0,1,1,1,0.720029
0,0,1,0,0,0,0,0,1,0,0,1,1,0,0,1,0,0,0,0,0,0,1,0,1,0,1,1,1,1,0,1,0.602888
0,0,1,1,1,1,1,1,0,0,0,1,0,1,1,1,0,0,1,1,0,0,0,1,1,0,1,1,1,1,0,1,0.588289
1,0,0,0,0,1,1,1,1,0,1,1,1,1,0,0,0,1,1,0,1,0,0,0,1,1,1,0,1,0,1,1,0.754902
1,1,1,0,1,0,1,1,1,1,0,0,1,1,1,0,0,0,1,1,0,1,1,0,0,0,1,1,1,0,1,0,0.731298
1,1,1,1,1,0,1,1,0,1,0,0,1,0,0,0,0,1,1,0,1,1,1,1,1,0,0,0,1,0,1,0,0.774829
0,0,1,0,0,0,1,1,0,0,0,0,0,1,1,1,0,1,1,0,0,0,1,1,0,1,1,1,1,1,1,1,0.562234
0,1,1,0,1,1,1,1,1,1,0,0,0,1,1,0,0,1,0,1,1,0,1,0,0,1,0,1,1,0,0,1,0.650282
1,0,0,0,1,1,1,1,1,0,0,1,1,1,1,0,1,1,0,0,1,0,1,0,1,1,0,1,0,1,0,1,0.660220
0,1,0,1,1,0,1,1,1,1,0,1,0,1,1,1,1,0,0,1,0,0,1,0,1,1,0,1,0,1,1,1,0.561354
0,1,0,0,1,0,0,0,0,0,0,1,0,0,1,1,0,1,0,0,0,0,1,1,1,1,0,0,0,0,0,1,0.541667
0,0,1,1,0,0,0,0,1,1,1,1,1,1,0,1,1,0,1,1,0,0,1,1,1,1,1,1,0,0,1,1,0.812287
1,0,1,1,1,1,0,0,0,1,1,1,1,1,0,1,1,0,0,1,0,1,0,1,1,1,1,1,1,1,1,0,0.577526
1,1,1,1,1,1,1,0,0,0,0,1,0,1,1,0,0,0,0,1,0,1,1,0,0,1,1,0,0,1,0,0,0.769928
1,1,0,1,0,0,1,0,0,0,1,0,1,1,1,1,1,0,0,1,0,1,0,0,0,1,1,0,1,0,1,0,0.593084
0,1,1,1,0,0,0,0,1,0,1,0,1,0,1,1,0,0,0,0,0,1,1,1,0,1,1,1,1,0,1,1,0.574835
0,1,1,0,1,1,0,0,0,1,0,0,1,0,1,1,1,0,0,1,0,0,0,0,1,0,0,1,0,0,0,0,0.598545
0,0,1,0,1,1,0,0,0,0,0,1,1,1,1,1,0,0,1,1,1,0,1,0,0,0,0,1,1,0,1,0,0.639040
1,1,1,1,1,0,1,0,1,1,0,1,1,0,0,0,0,1,0,0,0,0,1,0,1,0,0,1,0,1,1,1,0.575554
1,0,0,1,0,1,0,1,1,0,0,1,0,1,0,1,0,0,1,0,0,0,0,0,1,0,0,1,0,0,0,0,0.635896
1,1,1,0,0,0,0,1,0,1,0,0,1,1,0,1,1,1,0,0,0,0,1,0,0,0,1,1,0,1,1,0,0.587516
1,0,0,0,1,1,1,1,0,0,0,0,1,0,1,0,0,0,0,1,1,1,1,1,1,0,0,0,1,1,0,1,0.879662
0,0,1,0,1,0,0,0,1,0,0,0,0,0,0,0,0,0,1,0,0,1,1,1,0,0,1,1,0,1,0,1,0.718857
0,0,0,0,0,0,1,0,1,1,0,1,1,0,0,1,1,1,1,1,0,1,1,0,1,1,1,1,0,0,0,1,0.634724
0,0,1,1,0,1,0,0,1,0,0,0,1,0,1,1,0,0,1,1,1,0,0,1,1,1,1,0,0,1,0,1,0.620871
0,1,1,1,0,0,1,0,1,0,0,0,1,0,1,1,0,1,0,0,0,1,0,0,0,0,1,1,1,0,1,0,0.725437
1,1,0,0,1,0,0,0,1,0,0,1,1,1,0,0,0,1,1,1,1,1,1,1,0,1,1,1,1,0,0,0,0.763454
1,0,1,0,0,1,1,1,0,1,1,0,1,0,1,1,0,1,1,0,1,1,1,0,1,0,0,1,0,1,0,0,0.617647
0,1,0,1,1,0,1,1,0,0,0,0,0,0,0,0,0,1,1,1,0,1,0,0,1,1,0,1,0,0,1,0,0.759244
1,0,1,0,0,1,1,0,1,0,1,0,0,0,1,1,0,0,0,0,1,1,1,1,1,0,0,0,1,1,1,1,0.623295
