0,0,0,1,1,1,1,1,0,1,1,1,0,0,0,0,0,1,1,0,1,0,0,1,0,1,1,1,0,0,0,0,0.995045
0,0,1,0,0,1,1,0,1,1,1,0,1,1,1,0,0,0,0,1,0,0,1,1,0,0,1,0,0,0,0,0,0.993473
1,0,1,0,1,0,0,1,0,1,1,1,0,1,0,0,1,0,0,0,0,0,0,1,1,0,0,0,0,1,0,0,0.992967
1,1,1,0,1,1,0,1,1,1,1,1,1,0,1,1,0,1,0,0,1,1,1,0,0,0,0,1,0,1,1,1,0.006980
0,1,1,1,0,1,1,1,1,1,1,1,0,0,1,1,1,0,0,1,1,1,0,1,1,1,0,1,1,0,1,1,0.986440
0,0,0,1,0,1,1,1,1,0,0,0,1,1,1,1,0,0,0,1,1,1,1,0,1,0,1,1,0,1,0,1,0.992034
0,1,1,0,1,1,1,1,1,1,0,1,0,1,0,1,1,0,1,0,1,1,0,1,0,1,0,0,0,0,1,0,0.990409
0,1,1,0,1,0,1,1,0,1,0,0,0,0,1,0,1,1,0,0,1,0,0,1,0,1,0,0,1,0,1,0,0.993180
0,1,1,0,0,1,1,0,0,1,1,0,0,1,1,1,0,1,1,1,0,0,0,1,0,0,1,0,1,0,0,1,0.992141
0,0,1,0,1,1,1,0,1,0,0,0,1,0,1,0,1,0,1,0,0,1,0,1,1,1,1,1,1,0,0,1,0.991208
0,0,1,1,1,1,0,1,1,1,0,0,1,1,1,0,1,0,1,0,1,1,1,1,0,0,0,0,1,1,1,0,0.989104
0,0,0,0,1,1,1,1,0,0,0,0,1,1,1,0,0,0,0,0,0,0,0,0,0,1,1,0,0,0,0,0,0.995631
1,0,1,1,0,0,0,1,0,1,0,1,1,1,0,1,1,1,0,1,0,1,1,1,0,0,1,0,1,0,1,1,0.008072
1,0,1,1,0,0,1,1,1,0,1,1,1,0,1,0,1,0,0,0,0,1,1,1,1,0,1,1,0,0,0,1,0.011988
0,1,1,1,1,0,0,0,1,0,1,0,0,1,1,0,1,0,0,0,0,0,0,1,1,0,0,1,1,0,1,1,0.991981
1,0,1,0,1,1,1,1,1,0,0,0,0,0,0,1,1,1,0,0,0,0,0,0,0,0,0,1,1,1,0,0,0.992913
0,1,1,1,0,1,0,0,0,1,0,1,1,0,0,1,0,0,0,0,0,1,1,0,0,1,1,1,0,0,0,1,0.992967
0,0,1,0,0,1,1,1,1,0,1,0,0,0,0,1,1,0,1,0,1,1,1,1,1,0,1,1,0,0,1,0,0.991155
1,1,0,1,0,1,0,1,1,1,1,1,1,0,0,0,1,1,1,0,1,1,0,1,0,0,0,1,1,0,0,1,0.012175
0,1,0,1,1,1,0,0,1,0,0,1,0,0,0,1,1,0,1,0,0,0,0,1,1,0,1,0,1,1,0,1,0.992860
0,1,0,0,1,1,0,1,0,0,1,1,0,0,0,0,0,1,0,0,0,0,0,1,0,0,0,0,0,1,0,1,0.994086
1,0,0,0,1,1,0,0,1,1,1,0,0,1,1,1,1,0,1,0,1,1,0,1,1,0,0,0,0,1,1,1,0.012441
0,1,1,1,0,0,0,0,1,1,1,1,1,1,0,1,1,0,1,1,1,1,0,0,0,1,1,0,0,0,0,1,0.990969
0,1,1,0,1,0,0,1,1,1,0,0,1,1,1,0,0,1,0,1,1,1,0,0,1,1,0,0,0,1,1,0,0.991102
0,0,1,0,1,1,0,0,1,0,0,0,0,1,0,1,1,0,1,0,1,1,1,0,0,0,1,0,0,0,0,0,0.995071
1,1,0,1,1,1,1,0,1,0,1,0,0,1,0,0,0,1,1,1,1,0,1,1,0,1,0,1,1,0,0,0,0.991795
1,0,1,1,1,0,0,1,1,0,1,0,1,0,1,0,0,0,1,1,0,1,0,1,0,0,0,0,1,1,0,0,0.991448
0,1,0,0,0,0,1,0,1,0,0,0,1,1,1,0,0,1,1,0,0,1,1,1,0,0,0,1,0,0,1,0,0.993313
0,1,1,1,1,0,1,0,1,0,0,0,1,0,1,0,0,0,0,1,0,1,1,0,0,1,1,1,0,1,0,0,0.993020
0,1,0,1,1,1,0,0,1,1,1,0,0,1,0,0,0,0,0,0,0,1,1,0,0,0,0,1,0,1,1,0,0.993073
0,1,1,1,1,1,0,1,0,1,1,0,0,1,0,1,1,1,0,1,1,1,1,0,0,0,0,0,0,0,1,0,0.990702
0,1,0,0,0,1,0,1,0,1,1,1,1,0,1,1,1,0,0,1,1,1,0,0,0,0,0,0,1,0,1,1,0.992461
1,0,0,0,0,0,1,0,0,1,0,1,0,0,0,0,1,1,0,1,0,0,0,1,0,1,1,0,0,0,1,1,0.017610
0,0,1,1,0,1,0,1,0,1,1,1,1,1,0,1,1,1,1,1,1,0,0,1,0,1,0,0,1,1,1,1,0.988038
1,0,1,0,1,0,1,0,1,0,0,0,0,0,1,0,1,0,0,0,0,0,1,1,0,1,1,0,0,0,0,0,0.994938
1,1,1,0,0,0,1,0,0,0,1,0,1,0,0,0,0,0,1,1,0,0,1,1,0,1,1,1,0,1,1,0,0.994219
0,0,1,1,1,0,1,0,0,0,0,1,0,0,0,0,0,0,1,0,1,1,0,0,0,1,0,1,1,0,0,1,0.993286
1,1,0,0,0,1,0,0,0,1,1,1,0,0,1,0,1,0,1,1,1,0,0,0,1,1,1,0,1,0,1,1,0.009777
0,1,1,1,0,0,0,0,0,0,1,1,1,0,0,0,0,0,1,1,1,0,0,1,0,0,1,0,1,0,0,0,0.992594
1,0,0,1,1,1,0,1,0,0,0,1,1,1,1,0,1,1,1,0,0,0,0,0,0,1,1,0,0,0,0,1,0.014706
1,1,0,1,1,0,1,1,1,1,1,0,0,0,0,0,1,1,1,0,1,1,1,0,1,0,1,0,0,1,1,1,0.011988
1,1,1,0,1,0,0,1,0,1,1,0,0,0,1,1,0,0,1,1,0,0,1,0,0,1,0,1,0,1,0,1,0.012521
0,1,1,0,0,1,0,0,1,1,0,0,0,1,1,1,0,0,1,0,1,0,1,0,1,1,1,1,0,0,0,1,0.991422
0,0,1,0,1,0,1,1,1,0,1,1,0,1,1,1,0,0,1,1,1,0,0,0,0,1,1,0,0,1,0,0,0.993127
1,1,1,0,0,1,1,1,1,1,1,0,0,0,1,1,0,0,0,1,1,0,1,0,0,0,1,1,0,0,0,0,0.992354
0,0,1,0,0,0,0,1,0,0,0,0,1,1,0,0,0,1,1,0,1,0,1,0,0,1,1,1,1,0,0,0,0.995844
0,0,0,0,0,1,1,0,0,1,0,1,0,0,1,1,1,0,1,1,1,1,0,1,0,1,0,1,0,0,1,0,0.993073
1,0,0,1,1,1,1,1,0,0,0,0,1,1,0,1,1,0,1,0,1,1,1,1,0,0,1,0,1,1,0,1,0.009404
0,1,0,1,1,1,1,1,0,1,0,1,0,1,0,0,1,0,0,0,0,1,0,1,0,1,0,1,1,1,1,1,0.989796
0,0,1,0,1,0,0,0,1,0,0,1,0,1,0,1,1,1,1,1,0,1,1,1,0,0,1,1,1,0,0,0,0.992061
1,1,1,1,1,1,0,1,0,0,1,0,1,1,1,1,0,0,1,1,0,1,1,1,1,1,1,0,0,1,0,1,0.006714
0,1,1,0,0,1,0,1,1,1,1,0,0,0,1,1,1,0,1,0,0,0,0,0,0,1,0,1,1,1,0,0,0.992221
1,1,0,0,1,1,1,0,1,0,1,0,0,1,0,0,0,1,0,0,1,0,1,1,0,0,1,1,0,1,0,0,0.992620
0,1,0,0,1,0,0,1,0,0,0,0,0,0,0,1,1,0,0,1,0,0,0,1,1,0,0,0,0,1,1,0,0.996483
0,0,1,0,1,1,0,1,0,1,0,1,0,0,1,1,1,0,1,1,1,1,0,0,1,0,1,1,0,0,1,0,0.991315
1,1,1,0,0,0,0,0,0,1,1,1,1,1,1,0,1,0,1,1,1,1,0,1,1,1,1,0,0,0,0,0,0.992887
0,0,1,0,1,0,1,0,1,1,1,1,1,1,0,0,1,1,0,0,0,1,1,0,0,1,0,0,1,0,0,1,0.992434
0,1,1,0,1,1,1,1,0,1,1,0,1,0,1,1,0,1,1,0,1,1,1,1,0,0,0,1,1,1,1,0,0.990090
0,0,0,0,0,0,1,1,1,1,0,0,0,1,0,0,0,1,1,0,1,1,1,1,0,1,0,1,0,1,1,1,0.994938
1,1,1,1,0,1,1,0,0,1,1,1,0,0,1,1,1,0,0,1,1,0,1,1,0,0,0,0,0,0,1,1,0.010310
1,0,0,0,1,1,1,0,1,0,0,0,0,1,1,1,1,0,1,0,0,1,0,0,0,1,1,0,0,0,1,0,0.992088
0,0,0,0,1,1,1,0,0,0,1,0,1,1,0,0,0,0,1,1,0,1,0,0,1,1,1,0,0,1,1,1,0.996297
1,0,0,1,1,0,1,0,0,1,1,0,1,1,0,1,0,1,0,0,1,0,1,1,0,1,1,1,1,0,0,0,0.990995
1,1,0,1,0,1,0,0,1,0,1,0,0,0,1,0,1,1,0,0,0,0,1,0,0,0,0,0,0,0,1,1,0.015452
1,1,0,0,0,1,1,0,0,0,0,0,0,0,1,1,1,0,1,1,0,1,1,1,0,1,1,1,0,1,0,1,0.011136
1,0,0,0,1,0,0,0,0,0,0,0,1,1,1,1,0,0,0,0,1,0,1,1,0,1,0,0,1,1,0,0,0.993793
0,0,1,0,0,1,1,0,1,1,0,0,0,1,0,0,1,0,1,0,0,0,0,1,0,0,0,1,0,1,1,0,0.993579
0,1,0,0,1,0,1,1,0,1,0,1,1,1,1,0,1,0,0,0,0,0,1,0,0,1,1,1,0,1,0,1,0.991928
1,1,1,0,0,1,0,0,1,0,1,1,0,1,0,0,0,1,1,0,0,1,1,1,1,1,1,1,0,1,0,0,0.991129
1,0,1,0,1,1,0,0,1,1,0,0,1,0,1,1,1,1,0,1,1,0,1,0,0,1,0,0,1,0,1,1,0.011296
0,0,1,0,0,1,1,1,0,1,0,1,1,0,0,0,1,1,0,1,1,0,0,0,0,0,0,0,0,1,1,0,0.993073
1,0,0,1,0,1,1,0,0,0,0,0,0,0,1,1,0,1,0,0,1,1,1,0,0,1,1,0,0,0,1,1,0.013347
0,0,1,1,1,1,1,1,0,1,1,1,0,0,0,0,1,0,1,0,0,1,0,1,0,1,1,1,0,1,1,0,0.991075
1,1,0,1,0,1,0,1,0,1,0,1,0,1,1,0,0,1,0,1,1,0,1,1,1,1,1,0,1,0,0,0,0.990649
1,0,1,0,0,1,0,0,1,0,1,0,1,1,1,0,1,1,1,1,0,0,0,0,0,0,0,1,1,1,0,1,0.013800
0,1,1,0,0,1,0,0,0,1,0,0,1,0,1,0,1,0,0,0,0,0,1,0,1,1,1,0,1,1,0,1,0.991688
0,1,0,1,1,1,1,0,1,1,1,0,1,1,0,1,0,0,0,0,0,1,0,0,1,0,1,0,0,1,1,1,0.991022
0,0,0,0,0,0,1,1,0,1,0,0,0,1,1,0,1,0,0,0,1,0,0,1,1,0,1,0,1,0,0,1,0.995285
1,0,1,1,1,1,1,1,0,1,1,1,0,0,0,1,0,1,1,1,1,1,0,0,1,0,0,0,0,1,0,1,0.009884
0,1,1,1,1,0,0,0,1,0,0,0,1,1,0,1,1,0,0,1,0,0,0,0,0,0,1,0,1,1,1,0,0.993207
1,0,0,1,1,0,1,0,0,0,1,0,1,1,1,0,1,1,1,1,0,1,0,1,0,1,1,0,0,1,1,1,0.010310
1,1,1,0,0,0,0,1,0,1,0,0,1,0,0,0,0,1,1,0,0,0,0,1,0,0,0,1,1,0,1,1,0.014999
0,1,0,1,1,1,0,1,1,0,1,1,0,1,0,0,1,0,0,1,0,0,1,1,1,0,0,1,1,1,0,1,0.990622
1,0,1,1,0,0,0,0,1,1,0,1,0,0,0,0,0,1,0,0,0,0,0,0,0,1,0,1,1,1,1,0,0.993420
0,1,1,0,1,1,1,1,1,1,0,1,1,1,0,1,1,1,1,1,1,1,1,0,0,0,1,1,0,0,1,1,0.988464
1,1,0,1,1,1,0,0,0,1,1,0,1,1,1,1,1,0,1,1,1,0,1,1,0,0,1,0,0,1,0,1,0.010603
0,1,0,1,1,1,0,1,1,0,0,1,1,0,0,0,0,0,1,1,1,0,0,1,0,1,1,1,1,1,0,0,0.990702
0,0,0,0,1,0,1,1,0,0,0,1,1,0,0,0,0,0,0,1,0,1,1,1,0,0,1,1,0,0,0,1,0.997176
0,1,1,0,0,0,0,1,0,1,1,0,1,1,0,1,1,1,1,1,0,1,0,1,0,0,0,1,0,1,1,1,0.989770
0,1,1,1,0,1,0,0,1,0,1,0,1,0,1,0,1,1,1,1,1,1,0,1,0,1,0,0,0,0,1,0,0.991315
1,0,0,1,0,1,1,1,1,0,0,0,1,0,0,0,1,0,1,0,1,1,0,1,0,1,0,0,0,1,0,1,0.014200
1,0,0,1,1,1,1,0,1,0,1,0,0,0,1,1,1,1,1,1,0,0,1,1,0,1,1,1,0,1,1,1,0.007433
1,0,0,0,0,1,1,1,0,1,0,0,0,1,0,1,1,1,1,0,1,0,0,1,0,0,1,0,0,0,0,1,0.014599
0,1,1,1,0,1,1,1,1,0,0,0,0,0,0,0,1,0,1,0,1,1,1,1,1,0,1,1,1,0,0,0,0.990516
0,1,1,0,0,1,0,0,1,1,0,0,1,0,1,1,0,0,1,0,0,1,1,1,0,1,1,1,0,1,0,0,0.991661
0,0,1,0,0,1,0,0,0,1,1,0,1,1,1,1,1,1,0,1,1,0,0,1,0,1,1,1,1,1,0,0,0.990915
0,0,1,0,0,0,0,0,0,0,1,0,1,0,0,1,1,1,1,1,0,1,0,1,1,0,0,0,1,0,0,1,0.992940
0,1,1,1,1,1,0,1,0,0,1,1,1,0,0,0,1,1,1,1,1,1,0,1,0,1,1,1,0,1,0,1,0.988811
1,0,0,0,1,1,0,1,1,1,1,0,0,1,0,1,1,1,0,1,1,0,0,1,1,1,0,1,0,0,0,0,0.990995
0,1,0,1,0,0,0,0,1,1,1,1,0,0,0,1,0,0,1,1,0,1,0,1,0,0,0,1,0,1,1,1,0.993500
0,0,0,1,0,1,1,0,0,0,1,0,0,1,1,0,1,0,1,1,1,1,1,0,1,0,0,1,0,0,1,0,0.993313
0,0,0,0,0,1,1,0,1,0,0,1,1,0,0,1,1,1,0,1,1,0,1,1,1,0,0,0,0,1,0,0,0.992461
1,0,0,0,0,0,1,0,0,1,0,1,0,1,1,0,0,1,0,1,1,0,1,0,0,0,0,1,0,0,0,1,0.018382
0,0,1,1,0,0,1,1,0,0,1,1,0,0,1,1,0,1,1,0,1,0,1,0,0,0,1,0,0,1,1,1,0.991795
1,1,1,0,0,1,1,1,1,0,1,1,1,0,1,0,1,0,1,0,1,0,1,1,1,0,1,0,0,1,0,1,0.012175
0,1,0,1,1,0,1,0,0,0,1,1,1,0,0,0,1,0,1,1,0,1,1,1,0,1,1,1,1,1,1,0,0.990409
0,1,0,0,0,0,1,0,1,0,0,1,1,1,1,1,1,1,1,0,0,1,0,1,0,0,0,0,1,1,0,0,0.991821
1,0,0,0,0,0,0,1,1,1,1,0,0,0,1,1,0,1,0,1,0,1,1,1,0,0,0,0,0,0,1,1,0.013960
1,0,1,1,1,0,1,0,1,0,1,1,0,0,1,1,1,1,0,0,1,0,0,0,0,1,0,1,1,1,0,0,0.991795
1,0,1,1,1,0,1,0,0,1,1,1,1,1,0,0,1,0,1,0,0,0,1,0,1,0,0,1,0,1,1,1,0.013400
0,0,0,1,0,1,1,0,0,1,0,1,0,1,0,0,1,0,0,0,0,0,1,1,1,1,0,0,0,1,1,1,0.994752
1,0,0,1,0,1,1,1,0,0,1,1,0,1,0,1,0,1,0,0,0,1,0,1,1,0,0,0,0,0,0,0,0.992194
0,1,1,1,0,0,0,1,0,0,0,0,0,0,1,1,0,0,0,1,1,1,0,1,0,0,1,0,0,1,1,1,0.991342
1,1,1,0,0,1,1,0,0,1,1,0,0,1,0,1,0,0,0,0,0,1,0,0,1,1,1,0,0,0,0,0,0.993366
1,1,1,0,0,0,1,0,0,1,1,0,1,0,0,0,0,0,0,0,0,0,1,1,0,0,1,1,0,1,0,0,0.994432
0,1,1,0,0,0,0,0,0,1,1,1,1,1,1,1,1,1,0,1,1,1,1,1,0,0,0,0,0,0,0,1,0.991022
1,1,1,0,0,1,1,0,0,0,1,1,0,1,0,0,1,1,1,0,0,1,1,0,1,1,0,1,0,1,0,0,0.993340
1,0,1,1,0,1,0,1,1,0,1,1,1,1,1,1,0,1,0,1,1,0,1,1,0,0,0,0,1,1,0,0,0.988571
0,1,1,0,0,0,0,1,1,0,1,0,1,0,1,1,1,1,1,1,1,0,1,0,1,0,1,1,1,1,1,1,0.987505
1,0,0,1,0,0,1,0,0,0,1,1,1,1,1,0,0,0,0,1,0,0,1,1,1,0,1,1,1,0,0,1,0.016890
1,0,1,0,0,0,0,1,0,1,1,1,0,1,0,0,1,1,0,0,0,1,1,1,1,1,1,0,1,1,0,1,0.010097
1,0,1,1,1,0,1,0,0,0,0,0,1,0,0,0,0,1,0,1,0,1,0,0,0,0,1,1,1,1,0,0,0.992674
0,0,0,1,1,0,1,1,1,0,0,0,0,1,0,0,1,1,1,1,1,1,0,1,0,1,0,0,1,0,1,0,0.992327
1,0,0,1,0,1,0,0,1,1,0,0,0,1,0,1,1,0,0,1,1,0,0,1,0,0,0,1,1,1,1,1,0.010310
0,1,1,0,1,0,1,0,1,0,0,1,0,1,1,0,0,1,1,1,1,1,0,0,1,0,1,1,1,1,0,0,0.990862
0,0,0,1,0,0,1,1,0,0,1,0,0,1,0,0,1,1,0,1,1,1,0,0,1,1,1,0,1,0,1,0,0.993047
1,0,0,0,1,0,1,1,1,1,1,0,1,1,0,0,0,0,1,1,1,1,0,1,0,0,0,0,1,0,0,0,0.992008
1,1,1,1,1,0,1,0,0,0,1,1,1,1,1,1,0,1,1,1,0,1,1,0,1,1,0,0,0,0,1,1,0.010523
