0,0,1,0,0,1,1,1,0,1,0,1,1,0,0,0,1,1,0,1,1,0,0,0,0,0,0,0,0,1,1,0,0.991874
0,1,0,1,1,1,0,1,1,0,1,1,0,1,0,0,1,0,0,1,0,0,1,1,1,0,0,1,1,1,0,1,0.989104
0,1,0,1,1,1,0,0,1,0,0,1,0,0,0,1,1,0,1,0,0,0,0,1,1,0,1,0,1,1,0,1,0.991715
1,0,0,0,1,1,0,0,1,1,1,0,0,1,1,1,1,0,1,0,1,1,0,1,1,0,0,0,0,1,1,1,0.013640
0,1,1,0,0,1,0,0,1,1,0,0,0,1,1,1,0,0,1,0,1,0,1,0,1,1,1,1,0,0,0,1,0.990036
1,1,0,1,1,0,1,1,1,1,1,0,0,0,0,0,1,1,1,0,1,1,1,0,1,0,1,0,0,1,1,1,0.013534
1,0,1,0,1,1,0,0,1,1,0,0,1,0,1,1,1,1,0,1,1,0,1,0,0,1,0,0,1,0,1,1,0.012974
1,0,0,1,1,1,1,1,0,0,0,0,1,1,0,1,1,0,1,0,1,1,1,1,0,0,1,0,1,1,0,1,0.010630
0,1,1,1,0,0,0,1,0,0,0,0,0,0,1,1,0,0,0,1,1,1,0,1,0,0,1,0,0,1,1,1,0.990756
0,0,0,0,1,1,1,1,0,0,0,0,1,1,1,0,0,0,0,0,0,0,0,0,0,1,1,0,0,0,0,0,0.994832
1,0,0,1,1,0,1,0,0,1,1,0,1,1,0,1,0,1,0,0,1,0,1,1,0,1,1,1,1,0,0,0,0.989637
1,0,0,0,0,0,1,0,0,1,0,1,0,0,0,0,1,1,0,1,0,0,0,1,0,1,1,0,0,0,1,1,0.019395
0,0,0,1,0,1,1,0,0,1,0,1,0,1,0,0,1,0,0,0,0,0,1,1,1,1,0,0,0,1,1,1,0.993659
1,0,1,0,0,0,0,1,0,1,1,1,0,1,0,0,1,1,0,0,0,1,1,1,1,1,1,0,1,1,0,1,0.011536
0,1,0,0,1,1,0,1,0,0,1,1,0,0,0,0,0,1,0,0,0,0,0,1,0,0,0,0,0,1,0,1,0.993313
1,0,1,1,1,0,1,0,1,0,1,1,0,0,1,1,1,1,0,0,1,0,0,0,0,1,0,1,1,1,0,0,0.990649
1,1,0,1,0,1,0,0,1,0,1,0,0,0,1,0,1,1,0,0,0,0,1,0,0,0,0,0,0,0,1,1,0.016544
1,0,0,1,0,1,0,0,1,1,0,0,0,1,0,1,1,0,0,1,1,0,0,1,0,0,0,1,1,1,1,1,0.012255
1,1,0,0,0,1,0,0,0,1,1,1,0,0,1,0,1,0,1,1,1,0,0,0,1,1,1,0,1,0,1,1,0.011562
0,1,1,0,0,1,0,1,1,1,1,0,0,0,1,1,1,0,1,0,0,0,0,0,0,1,0,1,1,1,0,0,0.991315
1,0,0,0,0,0,1,0,0,1,0,1,0,1,1,0,0,1,0,1,1,0,1,0,0,0,0,1,0,0,0,1,0.019981
0,0,0,0,0,0,1,1,0,1,0,0,0,1,1,0,1,0,0,0,1,0,0,1,1,0,1,0,1,0,0,1,0.994698
1,1,0,1,0,1,0,1,0,1,0,1,0,1,1,0,0,1,0,1,1,0,1,1,1,1,1,0,1,0,0,0,0.989610
0,0,1,0,0,1,0,0,0,1,1,0,1,1,1,1,1,1,0,1,1,0,0,1,0,1,1,1,1,1,0,0,0.989690
1,1,1,0,0,1,1,0,0,1,1,0,0,1,0,1,0,0,0,0,0,1,0,0,1,1,1,0,0,0,0,0,0.992301
0,1,1,0,0,0,0,1,1,0,1,0,1,0,1,1,1,1,1,1,1,0,1,0,1,0,1,1,1,1,1,1,0.986253
0,1,1,1,0,0,0,0,0,0,1,1,1,0,0,0,0,0,1,1,1,0,0,1,0,0,1,0,1,0,0,0,0.991768
0,0,1,0,0,0,0,1,0,0,0,0,1,1,0,0,0,1,1,0,1,0,1,0,0,1,1,1,1,0,0,0,0.994858
1,0,1,1,0,1,0,1,1,0,1,1,1,1,1,1,0,1,0,1,1,0,1,1,0,0,0,0,1,1,0,0,0.986893
1,1,1,0,0,1,1,1,1,0,1,1,1,0,1,0,1,0,1,0,1,0,1,1,1,0,1,0,0,1,0,1,0.013747
0,0,1,1,1,0,1,0,0,0,0,1,0,0,0,0,0,0,1,0,1,1,0,0,0,1,0,1,1,0,0,1,0.992301
0,1,1,1,0,0,0,0,1,1,1,1,1,1,0,1,1,0,1,1,1,1,0,0,0,1,1,0,0,0,0,1,0.989450
1,0,0,0,1,1,1,0,1,0,0,0,0,1,1,1,1,0,1,0,0,1,0,0,0,1,1,0,0,0,1,0,0.990436
0,1,0,1,1,1,1,0,1,1,1,0,1,1,0,1,0,0,0,0,0,1,0,0,1,0,1,0,0,1,1,1,0.989344
0,0,0,1,1,0,1,1,1,0,0,0,0,1,0,0,1,1,1,1,1,1,0,1,0,1,0,0,1,0,1,0,0.991395
0,0,1,0,1,1,1,0,1,0,0,0,1,0,1,0,1,0,1,0,0,1,0,1,1,1,1,1,1,0,0,1,0.989983
1,1,0,0,1,1,1,0,1,0,1,0,0,1,0,0,0,1,0,0,1,0,1,1,0,0,1,1,0,1,0,0,0.991608
0,1,0,0,1,0,1,1,0,1,0,1,1,1,1,0,1,0,0,0,0,0,1,0,0,1,1,1,0,1,0,1,0.991368
1,1,1,0,0,1,0,0,1,0,1,1,0,1,0,0,0,1,1,0,0,1,1,1,1,1,1,1,0,1,0,0,0.990010
0,0,1,0,0,1,1,0,1,1,1,0,1,1,1,0,0,0,0,1,0,0,1,1,0,0,1,0,0,0,0,0,0.992647
1,1,1,0,0,1,1,0,0,0,1,1,0,1,0,0,1,1,1,0,0,1,1,0,1,1,0,1,0,1,0,0,0.992700
1,1,1,0,1,1,0,1,1,1,1,1,1,0,1,1,0,1,0,0,1,1,1,0,0,0,0,1,0,1,1,1,0.008152
1,0,1,1,0,0,0,0,1,1,0,1,0,0,0,0,0,1,0,0,0,0,0,0,0,1,0,1,1,1,1,0,0.992461
0,0,0,0,0,0,1,1,1,1,0,0,0,1,0,0,0,1,1,0,1,1,1,1,0,1,0,1,0,1,1,1,0.994246
0,1,0,1,1,0,1,0,0,0,1,1,1,0,0,0,1,0,1,1,0,1,1,1,0,1,1,1,1,1,1,0,0.989530
1,0,1,1,1,1,1,1,0,1,1,1,0,0,0,1,0,1,1,1,1,1,0,0,1,0,0,0,0,1,0,1,0.011269
1,0,0,1,0,1,1,0,0,0,0,0,0,0,1,1,0,1,0,0,1,1,1,0,0,1,1,0,0,0,1,1,0.015052
1,0,1,0,1,0,1,0,1,0,0,0,0,0,1,0,1,0,0,0,0,0,1,1,0,1,1,0,0,0,0,0,0.993659
0,0,1,0,0,1,1,1,1,0,1,0,0,0,0,1,1,0,1,0,1,1,1,1,1,0,1,1,0,0,1,0,0.990276
1,1,1,0,1,0,0,1,0,1,1,0,0,0,1,1,0,0,1,1,0,0,1,0,0,1,0,1,0,1,0,1,0.014546
0,0,1,0,0,0,0,0,0,0,1,0,1,0,0,1,1,1,1,1,0,1,0,1,1,0,0,0,1,0,0,1,0.991741
0,1,0,1,1,1,0,1,1,0,0,1,1,0,0,0,0,0,1,1,1,0,0,1,0,1,1,1,1,1,0,0,0.989850
0,1,1,1,1,0,0,0,1,0,0,0,1,1,0,1,1,0,0,1,0,0,0,0,0,0,1,0,1,1,1,0,0.991901
0,1,1,0,1,0,0,1,1,1,0,0,1,1,1,0,0,1,0,1,1,1,0,0,1,1,0,0,0,1,1,0,0.990063
1,1,1,0,0,0,1,0,0,0,1,0,1,0,0,0,0,0,1,1,0,0,1,1,0,1,1,1,0,1,1,0,0.993393
0,0,0,1,1,1,1,1,0,1,1,1,0,0,0,0,0,1,1,0,1,0,0,1,0,1,1,1,0,0,0,0,0.994459
1,1,1,0,0,0,0,0,0,1,1,1,1,1,1,0,1,0,1,1,1,1,0,1,1,1,1,0,0,0,0,0,0.991821
0,0,1,0,1,0,0,0,1,0,0,1,0,1,0,1,1,1,1,1,0,1,1,1,0,0,1,1,1,0,0,0,0.990542
1,1,0,0,0,1,1,0,0,0,0,0,0,0,1,1,1,0,1,1,0,1,1,1,0,1,1,1,0,1,0,1,0.013107
1,0,0,0,1,0,1,1,1,1,1,0,1,1,0,0,0,0,1,1,1,1,0,1,0,0,0,0,1,0,0,0,0.990915
0,0,1,1,0,0,1,1,0,0,1,1,0,0,1,1,0,1,1,0,1,0,1,0,0,0,1,0,0,1,1,1,0.991049
0,1,0,1,1,1,1,1,0,1,0,1,0,1,0,0,1,0,0,0,0,1,0,1,0,1,0,1,1,1,1,1,0.988624
0,0,1,0,1,0,1,0,1,1,1,1,1,1,0,0,1,1,0,0,0,1,1,0,0,1,0,0,1,0,0,1,0.990915
1,0,1,1,1,0,1,0,0,1,1,1,1,1,0,0,1,0,1,0,0,0,1,0,1,0,0,1,0,1,1,1,0.014812
0,1,1,0,0,0,0,1,0,1,1,0,1,1,0,1,1,1,1,1,0,1,0,1,0,0,0,1,0,1,1,1,0.988757
0,1,0,1,0,0,0,0,1,1,1,1,0,0,0,1,0,0,1,1,0,1,0,1,0,0,0,1,0,1,1,1,0.992487
0,1,1,1,1,0,0,0,1,0,1,0,0,1,1,0,1,0,0,0,0,0,0,1,1,0,0,1,1,0,1,1,0.990729
0,0,0,0,0,1,1,0,0,1,0,1,0,0,1,1,1,0,1,1,1,1,0,1,0,1,0,1,0,0,1,0,0.992354
1,0,1,1,0,0,1,1,1,0,1,1,1,0,1,0,1,0,0,0,0,1,1,1,1,0,1,1,0,0,0,1,0.013987
0,1,1,0,0,1,0,0,0,1,0,0,1,0,1,0,1,0,0,0,0,0,1,0,1,1,1,0,1,1,0,1,0.990622
0,1,1,0,1,1,1,1,0,1,1,0,1,0,1,1,0,1,1,0,1,1,1,1,0,0,0,1,1,1,1,0,0.989024
1,0,0,0,0,1,1,1,0,1,0,0,0,1,0,1,1,1,1,0,1,0,0,1,0,0,1,0,0,0,0,1,0.016224
1,0,0,0,1,0,0,0,0,0,0,0,1,1,1,1,0,0,0,0,1,0,1,1,0,1,0,0,1,1,0,0,0.992700
1,0,0,1,0,1,1,1,0,0,1,1,0,1,0,1,0,1,0,0,0,1,0,1,1,0,0,0,0,0,0,0,0.990782
0,0,0,1,0,1,1,1,1,0,0,0,1,1,1,1,0,0,0,1,1,1,1,0,1,0,1,1,0,1,0,1,0.991129
1,1,1,0,0,0,1,0,0,1,1,0,1,0,0,0,0,0,0,0,0,0,1,1,0,0,1,1,0,1,0,0,0.994352
0,1,1,0,1,0,1,0,1,0,0,1,0,1,1,0,0,1,1,1,1,1,0,0,1,0,1,1,1,1,0,0,0.989557
1,0,1,0,1,0,0,1,0,1,1,1,0,1,0,0,1,0,0,0,0,0,0,1,1,0,0,0,0,1,0,0,0.991795
1,0,1,0,1,1,1,1,1,0,0,0,0,0,0,1,1,1,0,0,0,0,0,0,0,0,0,1,1,1,0,0,0.991635
0,0,0,0,1,0,1,1,0,0,0,1,1,0,0,0,0,0,0,1,0,1,1,1,0,0,1,1,0,0,0,1,0.996883
0,1,1,1,0,1,0,0,1,0,1,0,1,0,1,0,1,1,1,1,1,1,0,1,0,1,0,0,0,0,1,0,0.990196
1,1,0,1,1,1,1,0,1,0,1,0,0,1,0,0,0,1,1,1,1,0,1,1,0,1,0,1,1,0,0,0,0.990702
1,0,0,1,1,1,1,0,1,0,1,0,0,0,1,1,1,1,1,1,0,0,1,1,0,1,1,1,0,1,1,1,0.009191
0,0,1,1,1,1,0,1,1,1,0,0,1,1,1,0,1,0,1,0,1,1,1,1,0,0,0,0,1,1,1,0,0.987212
0,0,1,0,1,1,0,0,1,0,0,0,0,1,0,1,1,0,1,0,1,1,1,0,0,0,1,0,0,0,0,0,0.993766
0,1,1,1,1,1,0,1,0,1,1,0,0,1,0,1,1,1,0,1,1,1,1,0,0,0,0,0,0,0,1,0,0.989264
0,0,1,1,1,1,1,1,0,1,1,1,0,0,0,0,1,0,1,0,0,1,0,1,0,1,1,1,0,1,1,0,0.990356
1,0,0,1,1,1,0,1,0,0,0,1,1,1,1,0,1,1,1,0,0,0,0,0,0,1,1,0,0,0,0,1,0.016224
1,1,1,1,0,1,1,0,0,1,1,1,0,0,1,1,1,0,0,1,1,0,1,1,0,0,0,0,0,0,1,1,0.011855
1,0,0,1,0,0,1,0,0,0,1,1,1,1,1,0,0,0,0,1,0,0,1,1,1,0,1,1,1,0,0,1,0.018276
0,0,0,0,1,1,1,0,0,0,1,0,1,1,0,0,0,0,1,1,0,1,0,0,1,1,1,0,0,1,1,1,0.995364
0,1,0,0,1,0,0,1,0,0,0,0,0,0,0,1,1,0,0,1,0,0,0,1,1,0,0,0,0,1,1,0,0.995498
1,0,1,0,0,1,0,0,1,0,1,0,1,1,1,0,1,1,1,1,0,0,0,0,0,0,0,1,1,1,0,1,0.015292
0,0,1,0,1,1,0,1,0,1,0,1,0,0,1,1,1,0,1,1,1,1,0,0,1,0,1,1,0,0,1,0,0.990090
1,0,0,0,0,0,0,1,1,1,1,0,0,0,1,1,0,1,0,1,0,1,1,1,0,0,0,0,0,0,1,1,0.015878
0,1,1,0,1,1,1,1,1,1,0,1,0,1,0,1,1,0,1,0,1,1,0,1,0,1,0,0,0,0,1,0,0.988944
0,1,0,0,0,1,0,1,0,1,1,1,1,0,1,1,1,0,0,1,1,1,0,0,0,0,0,0,1,0,1,1,0.991315
1,1,1,1,1,0,1,0,0,0,1,1,1,1,1,1,0,1,1,1,0,1,1,0,1,1,0,0,0,0,1,1,0.011882
0,1,1,0,1,0,1,1,0,1,0,0,0,0,1,0,1,1,0,0,1,0,0,1,0,1,0,0,1,0,1,0,0.992008
0,1,0,1,1,1,0,0,1,1,1,0,0,1,0,0,0,0,0,0,0,1,1,0,0,0,0,1,0,1,1,0,0.991555
1,0,1,1,1,0,0,1,1,0,1,0,1,0,1,0,0,0,1,1,0,1,0,1,0,0,0,0,1,1,0,0,0.990276
1,0,0,0,1,1,0,1,1,1,1,0,0,1,0,1,1,1,0,1,1,0,0,1,1,1,0,1,0,0,0,0,0.989743
0,1,0,0,0,0,1,0,1,0,0,0,1,1,1,0,0,1,1,0,0,1,1,1,0,0,0,1,0,0,1,0,0.992247
1,0,1,1,1,0,1,0,0,0,0,0,1,0,0,0,0,1,0,1,0,1,0,0,0,0,1,1,1,1,0,0,0.991448
0,1,1,1,1,1,0,1,0,0,1,1,1,0,0,0,1,1,1,1,1,1,0,1,0,1,1,1,0,1,0,1,0.987345
0,1,1,0,0,0,0,0,0,1,1,1,1,1,1,1,1,1,0,1,1,1,1,1,0,0,0,0,0,0,0,1,0.989583
0,0,1,0,0,1,1,0,1,1,0,0,0,1,0,0,1,0,1,0,0,0,0,1,0,0,0,1,0,1,1,0,0.992487
1,0,1,1,0,0,0,1,0,1,0,1,1,1,0,1,1,1,0,1,0,1,1,1,0,0,1,0,1,0,1,1,0.009351
0,0,0,1,0,1,1,0,0,0,1,0,0,1,1,0,1,0,1,1,1,1,1,0,1,0,0,1,0,0,1,0,0.992247
0,1,1,0,0,1,1,0,0,1,1,0,0,1,1,1,0,1,1,1,0,0,0,1,0,0,1,0,1,0,0,1,0.991182
1,1,0,1,1,1,0,0,0,1,1,0,1,1,1,1,1,0,1,1,1,0,1,1,0,0,1,0,0,1,0,1,0.011988
1,0,0,1,0,1,1,1,1,0,0,0,1,0,0,0,1,0,1,0,1,1,0,1,0,1,0,0,0,1,0,1,0.015452
1,0,0,1,1,0,1,0,0,0,1,0,1,1,1,0,1,1,1,1,0,1,0,1,0,1,1,0,0,1,1,1,0.011695
0,0,0,0,0,1,1,0,1,0,0,1,1,0,0,1,1,1,0,1,1,0,1,1,1,0,0,0,0,1,0,0,0.991235
0,1,0,0,0,0,1,0,1,0,0,1,1,1,1,1,1,1,1,0,0,1,0,1,0,0,0,0,1,1,0,0,0.990622
0,1,1,1,0,1,1,1,1,1,1,1,0,0,1,1,1,0,0,1,1,1,0,1,1,1,0,1,1,0,1,1,0.985134
0,1,1,1,0,1,0,0,0,1,0,1,1,0,0,1,0,0,0,0,0,1,1,0,0,1,1,1,0,0,0,1,0.991954
1,1,1,1,1,1,0,1,0,0,1,0,1,1,1,1,0,0,1,1,0,1,1,1,1,1,1,0,0,1,0,1,0.007806
0,0,1,0,1,0,1,1,1,0,1,1,0,1,1,1,0,0,1,1,1,0,0,0,0,1,1,0,0,1,0,0,0.992381
1,1,1,0,0,0,0,1,0,1,0,0,1,0,0,0,0,1,1,0,0,0,0,1,0,0,0,1,1,0,1,1,0.016491
1,1,1,0,0,1,1,1,1,1,1,0,0,0,1,1,0,0,0,1,1,0,1,0,0,0,1,1,0,0,0,0,0.991661
0,1,1,1,1,0,1,0,1,0,0,0,1,0,1,0,0,0,0,1,0,1,1,0,0,1,1,1,0,1,0,0,0.991821
0,1,1,0,0,1,0,0,1,1,0,0,1,0,1,1,0,0,1,0,0,1,1,1,0,1,1,1,0,1,0,0,0.990569
0,1,1,0,1,1,1,1,1,1,0,1,1,1,0,1,1,1,1,1,1,1,1,0,0,0,1,1,0,0,1,1,0.986759
1,1,0,1,0,1,0,1,1,1,1,1,1,0,0,0,1,1,1,0,1,1,0,1,0,0,0,1,1,0,0,1,0.013454
0,0,1,1,0,1,0,1,0,1,1,1,1,1,0,1,1,1,1,1,1,0,0,1,0,1,0,0,1,1,1,1,0.986866
0,1,1,1,0,1,1,1,1,0,0,0,0,0,0,0,1,0,1,0,1,1,1,1,1,0,1,1,1,0,0,0,0.989264
0,0,0,1,0,0,1,1,0,0,1,0,0,1,0,0,1,1,0,1,1,1,0,0,1,1,1,0,1,0,1,0,0.992061
