0,0,1,1,1,1,0,0,1,1,0,0,1,1,0,0,1,0,0,0,1,1,0,0,0,0,1,1,1,1,0,1,0.603154
0,1,0,0,1,1,1,0,0,1,1,1,1,0,0,1,1,0,1,1,1,1,0,1,1,0,0,1,1,0,1,0,0.618553
0,1,1,1,1,1,0,1,0,1,1,1,0,1,0,0,0,0,1,1,1,1,1,1,0,0,1,0,0,0,0,1,0.721467
0,1,0,1,1,0,0,1,1,1,0,0,1,0,0,0,1,1,0,1,1,1,0,0,0,0,0,1,0,1,1,1,0.654145
1,1,0,1,1,1,0,1,1,0,1,0,1,1,1,0,0,1,0,0,1,1,0,0,0,0,1,1,1,1,1,1,0.582774
1,0,0,0,1,1,1,1,0,1,0,0,1,0,1,0,1,0,1,1,1,0,0,0,1,0,1,1,0,0,1,0,0.728447
1,1,1,0,1,0,0,0,0,0,0,0,1,0,0,1,1,0,1,1,1,0,0,1,0,0,1,1,1,0,1,1,0.587756
1,0,0,1,1,1,1,0,1,1,0,1,0,1,1,0,0,1,0,0,1,1,1,1,1,0,0,0,1,0,1,0,0.669517
1,1,1,1,0,0,1,0,0,1,0,0,1,1,0,1,0,1,1,1,1,1,1,0,1,1,1,0,1,1,0,1,0.592018
0,1,1,0,0,0,0,1,1,0,1,0,0,1,1,0,0,0,0,1,0,1,0,1,1,0,1,1,0,0,1,0,0.601423
1,0,1,1,1,1,1,1,1,1,1,0,0,1,0,0,1,1,1,0,0,1,1,0,1,1,0,0,0,0,1,0,0.731724
0,1,1,0,0,0,1,1,1,0,1,0,0,0,1,0,0,1,0,1,0,0,1,1,0,0,1,1,0,0,0,0,0.627824
1,0,1,0,1,1,1,1,1,1,1,1,0,0,1,1,1,1,1,1,1,0,0,1,0,0,0,0,0,1,1,1,0.580776
0,0,0,1,1,1,0,0,0,0,1,1,1,0,0,0,1,0,1,0,1,0,0,1,0,0,0,1,0,1,1,0,0.603394
1,1,0,1,1,1,0,1,0,0,0,1,0,0,0,0,0,0,0,1,0,1,0,0,0,1,1,0,1,0,0,1,0.646473
1,0,1,1,0,0,0,0,1,1,1,1,0,1,1,1,1,1,0,0,1,0,1,1,0,0,1,0,1,1,0,0,0.653692
1,0,0,0,0,1,1,0,1,1,0,0,1,0,0,0,0,1,1,1,1,0,0,1,1,0,0,1,1,0,0,1,0.629023
1,1,0,0,1,1,1,0,1,0,1,1,1,0,0,0,0,0,0,0,0,1,0,1,0,1,0,1,1,1,0,1,0.602861
0,1,1,0,1,1,0,0,0,0,1,1,0,0,1,0,1,0,0,1,0,1,0,1,1,0,0,0,1,1,1,1,0.607976
1,1,0,1,1,0,1,1,1,0,1,1,1,1,1,0,1,0,1,0,1,1,0,0,0,1,1,0,1,1,0,0,0.755941
0,1,0,0,0,0,0,1,1,1,1,0,1,1,1,0,1,1,0,0,1,0,0,1,0,0,0,0,0,1,0,0,0.607603
1,0,1,1,1,1,1,0,0,0,1,1,1,1,1,1,1,0,1,0,1,1,0,1,1,1,0,1,1,0,0,1,0.598306
0,1,0,0,0,0,0,1,0,1,1,1,1,0,1,1,1,0,1,1,0,1,0,1,0,1,1,1,0,1,0,1,0.693867
0,0,1,1,1,0,0,1,1,0,1,1,0,0,1,1,1,1,0,0,0,0,0,0,0,1,0,0,0,1,1,0,0.612639
1,1,0,0,0,0,0,1,1,1,0,0,0,0,1,1,1,0,1,0,0,0,1,1,1,1,0,1,0,0,0,1,0.622336
0,0,1,0,0,1,1,1,1,1,1,1,0,1,1,1,0,0,0,0,1,1,0,0,1,0,0,0,1,1,0,0,0.598332
1,0,1,1,0,1,1,1,1,1,0,1,0,1,0,1,1,1,0,0,1,0,1,1,0,0,0,0,1,1,0,0,0.628543
0,0,1,1,1,1,0,1,1,1,0,0,0,1,0,0,0,0,0,0,0,1,0,0,1,1,0,0,1,0,0,0,0.594443
0,0,0,1,1,1,0,0,0,0,0,1,0,1,1,0,1,0,1,0,1,1,0,0,0,0,0,0,0,0,1,0,0.580190
0,1,1,1,0,1,1,0,0,1,1,0,0,0,1,0,0,1,0,1,1,1,1,0,1,1,1,1,1,0,1,1,0.596441
1,1,0,0,1,0,0,1,1,1,0,0,1,1,0,1,1,1,1,0,0,1,1,1,1,0,0,0,0,0,1,1,0.598092
0,1,0,1,0,1,0,0,1,1,1,0,1,1,1,1,1,1,0,1,0,0,1,0,1,1,1,0,1,0,1,1,0.597853
0,0,0,0,1,0,0,1,1,1,1,1,1,1,1,1,0,1,0,1,1,1,0,1,0,1,1,0,1,0,0,1,0.599984
0,1,1,1,0,0,1,1,1,0,0,0,0,1,1,1,0,0,0,0,0,1,0,1,1,0,0,1,1,1,0,0,0.618233
0,0,1,0,0,1,1,0,1,1,1,1,1,0,0,1,1,1,1,1,0,0,0,0,0,0,0,0,1,1,1,1,0.593830
1,1,1,1,0,0,1,0,1,1,1,0,0,1,0,0,0,1,1,0,0,0,0,1,0,1,0,1,1,1,0,1,0.598386
0,1,1,1,0,0,1,0,1,1,1,1,0,1,0,0,1,1,1,0,1,1,0,0,1,1,1,1,0,1,0,1,0.630595
0,1,1,1,0,0,1,1,1,0,0,0,0,0,1,1,0,0,1,0,0,1,0,1,1,1,0,0,0,0,1,1,0.703165
1,0,1,1,1,0,0,1,0,0,0,1,1,1,1,1,0,1,0,1,0,1,0,0,0,0,1,0,0,0,1,1,0.617993
0,0,0,0,1,0,0,0,1,0,0,0,1,0,0,0,1,0,0,0,1,1,1,1,0,1,0,0,1,1,0,1,0.605499
1,1,1,0,1,1,0,1,0,1,1,0,0,0,1,0,1,0,0,1,1,0,1,0,1,0,1,1,0,1,1,1,0.592578
0,1,1,1,1,1,1,0,0,0,1,0,1,1,1,1,0,1,1,1,0,0,1,0,1,0,1,0,1,0,1,0,0.599371
0,1,0,0,1,0,0,0,1,1,1,1,1,1,0,0,0,1,0,0,1,0,1,0,1,1,1,1,0,0,1,1,0.616022
1,1,0,0,0,0,1,1,0,0,1,0,0,0,1,0,0,0,0,1,1,1,1,0,0,0,1,0,0,0,1,1,0.624147
1,1,0,1,1,1,0,1,1,1,0,0,1,0,1,0,1,0,0,1,0,1,1,0,1,0,0,1,0,0,0,1,0.621990
1,0,0,1,1,1,1,1,1,1,0,1,0,1,0,1,0,0,1,0,0,0,1,1,1,0,1,1,0,0,1,1,0.613651
0,1,0,1,1,0,1,1,0,0,0,1,1,0,0,1,1,1,1,0,1,1,1,0,1,1,1,0,0,0,1,0,0.605472
0,1,0,1,1,0,1,0,0,1,1,0,0,0,0,0,1,1,1,0,0,0,1,0,0,1,1,1,0,0,1,1,0.622442
1,1,0,1,0,0,1,1,1,0,1,1,0,1,1,0,0,0,0,1,0,1,1,0,0,0,0,1,0,1,0,0,0.640505
1,1,0,1,0,1,0,0,1,0,1,0,1,1,1,1,0,0,1,0,0,1,0,0,1,1,1,0,0,1,0,1,0.613997
0,0,0,1,1,0,1,0,0,1,1,0,1,0,1,1,0,1,0,0,1,0,1,1,1,0,0,1,1,1,0,0,0.601263
1,1,0,0,1,1,1,0,1,1,0,0,0,1,0,0,0,1,1,1,0,0,0,0,0,0,1,1,1,0,0,1,0.603820
0,1,1,0,1,1,0,0,0,0,1,0,1,1,0,1,1,1,1,0,1,0,0,1,0,1,0,1,0,0,0,1,0.649670
0,1,1,1,0,0,0,0,0,1,1,1,0,0,1,1,0,0,1,1,1,1,1,0,0,0,0,0,1,0,1,0,0.591832
0,1,1,1,0,1,0,1,0,0,1,1,0,0,1,1,1,1,1,0,1,1,0,0,1,1,1,0,0,1,1,1,0.615702
1,1,0,0,0,1,0,1,1,0,0,0,0,1,0,0,0,0,1,1,1,1,1,1,0,1,1,0,1,1,1,0,0.654891
1,0,0,1,1,0,0,1,0,0,1,1,0,1,1,1,1,0,0,1,1,0,1,1,0,0,0,0,0,0,0,0,0.640638
0,0,1,0,0,1,0,1,1,1,0,0,1,0,0,1,1,0,1,0,1,0,0,0,0,1,1,0,0,0,0,0,0.628863
1,1,1,1,0,1,0,1,0,0,0,0,1,1,0,0,1,1,1,0,0,0,0,1,0,1,1,0,0,0,1,1,0.617301
1,0,0,0,0,1,1,0,0,0,1,1,1,1,1,1,0,1,1,0,0,0,0,0,0,0,1,1,1,0,0,1,0.586450
0,0,0,0,0,1,1,0,1,0,1,0,1,1,0,0,1,0,1,1,0,0,1,1,1,0,1,1,0,1,0,1,0.624014
1,0,0,0,0,1,0,1,0,0,1,1,0,1,1,1,0,1,1,0,1,0,1,1,0,1,1,1,1,1,0,1,0.549659
0,0,1,1,1,1,1,0,1,0,0,1,0,0,1,0,0,0,1,1,1,0,0,1,1,1,0,0,1,0,0,0,0.620125
0,0,1,1,0,0,1,0,1,0,1,1,1,1,0,1,0,0,0,1,0,1,1,1,0,0,0,0,0,0,0,1,0.741928
1,0,0,1,0,0,1,1,1,0,1,1,0,1,1,1,0,0,1,0,0,0,1,1,1,1,0,1,0,0,0,0,0.653453
0,1,1,0,1,0,1,1,0,1,0,0,0,0,1,1,0,1,1,0,0,0,1,0,1,0,1,1,1,0,1,0,0.594256
0,1,0,0,0,1,0,0,1,1,1,0,1,0,1,1,1,0,0,0,1,1,1,0,0,1,0,1,0,1,1,0,0.600677
1,1,0,1,1,0,0,0,0,1,0,1,0,1,1,1,1,0,0,0,0,1,1,0,0,0,1,0,0,0,0,1,0.649430
1,1,0,1,0,0,1,0,0,1,0,0,1,0,1,1,1,1,0,0,0,1,1,1,0,1,0,1,0,0,1,1,0.594736
0,1,1,1,0,1,1,1,0,0,0,0,0,0,0,0,1,1,1,1,1,0,0,0,1,1,0,0,1,0,0,1,0.656730
0,1,0,1,0,1,1,1,1,1,0,1,1,0,0,1,1,1,1,1,1,0,0,1,0,0,0,1,0,1,0,1,0.721361
0,0,0,0,1,1,0,0,1,0,0,1,0,1,1,1,1,1,0,0,1,0,0,0,1,0,0,0,0,1,1,0,0.611733
1,0,1,0,1,1,1,1,0,1,1,0,0,1,0,1,0,0,1,1,0,1,0,1,0,0,1,1,1,1,1,1,0.510630
1,1,0,0,0,0,1,1,1,1,1,1,1,0,1,1,1,1,0,0,0,1,1,1,0,0,1,1,1,1,0,1,0.533248
0,1,1,0,1,1,0,0,0,1,1,1,0,0,0,1,0,1,1,0,0,0,0,0,0,0,1,0,0,0,0,0,0.694214
1,1,1,1,1,0,1,0,1,1,1,0,0,1,0,0,0,0,0,0,0,1,1,1,1,0,0,1,0,0,1,1,0.604193
1,1,1,0,1,1,0,0,1,1,0,0,1,0,0,1,0,1,0,1,1,0,0,0,1,0,0,0,1,0,1,0,0.719682
1,1,1,0,0,1,1,0,1,1,1,0,0,1,1,1,1,1,1,1,1,1,1,1,1,1,1,0,1,1,0,1,0.553842
1,0,1,0,0,1,0,0,1,1,1,1,0,1,1,0,0,1,1,0,1,0,0,0,1,1,1,1,0,0,1,0,0.681905
0,0,1,1,1,1,0,0,0,1,1,0,0,1,1,1,0,1,0,1,0,1,1,1,1,1,1,0,1,0,0,1,0.603980
0,1,0,1,0,1,0,0,0,0,0,1,0,1,0,1,0,1,0,0,1,0,1,1,1,0,1,1,1,1,1,0,0.616208
1,0,1,1,0,0,1,0,1,0,0,1,1,0,0,1,1,1,0,1,0,0,0,0,0,0,0,1,1,1,0,1,0.616928
1,1,1,0,1,1,0,0,0,1,1,0,1,0,0,1,0,0,0,0,0,0,0,1,1,1,1,0,0,0,0,1,0.620498
1,1,1,1,1,0,1,1,1,0,0,1,1,1,0,1,1,0,0,1,1,1,0,1,0,0,0,0,1,1,0,0,0.610134
1,1,1,0,1,0,1,1,0,0,0,0,0,1,1,1,1,0,0,0,0,1,1,1,0,0,1,1,1,1,1,1,0.479993
1,1,0,0,1,0,0,1,1,1,1,0,0,0,1,1,1,0,0,1,1,1,1,1,0,0,1,0,0,1,0,1,0.618100
0,0,0,1,0,1,0,1,1,0,0,1,0,0,1,1,1,1,0,1,1,0,1,0,0,0,0,0,0,0,0,0,0.634165
0,1,1,0,1,1,0,1,1,1,0,1,1,1,0,1,1,1,0,0,1,1,1,0,1,0,0,1,1,1,0,1,0.599291
0,0,1,1,1,0,0,0,1,1,0,0,0,0,0,1,1,1,1,1,0,1,0,1,1,0,0,1,0,1,1,0,0.605978
1,0,1,1,0,0,0,0,0,1,0,1,1,1,0,0,0,1,0,1,1,0,1,1,1,1,1,0,0,0,1,1,0.593404
0,0,1,0,1,1,0,0,0,1,1,1,1,0,0,0,1,1,1,1,0,0,1,0,0,0,0,0,1,1,0,0,0.647858
0,0,0,0,1,0,0,1,1,0,1,0,1,0,0,0,0,0,0,1,1,0,1,0,0,1,0,0,1,1,0,1,0.628970
1,1,1,1,1,1,0,0,0,0,0,1,1,1,1,1,1,1,0,1,0,0,0,0,1,0,1,1,0,0,0,1,0.630408
1,0,1,0,0,1,1,1,0,0,1,0,1,0,0,0,1,1,0,1,0,0,0,0,0,1,1,0,0,0,1,0,0.667226
0,1,1,1,0,1,1,0,0,1,0,0,1,0,0,0,1,1,0,0,1,0,0,0,0,0,1,1,1,1,0,0,0.605419
1,0,0,1,0,0,0,1,1,1,0,1,0,1,1,1,1,1,1,0,1,0,0,1,1,1,1,1,0,0,0,1,0.601822
1,1,0,1,1,0,0,0,0,1,1,0,1,1,1,1,1,0,0,1,0,1,1,1,1,0,0,0,1,1,0,0,0.675059
1,1,1,0,1,1,1,0,1,0,1,1,1,0,0,0,0,1,1,0,0,0,1,0,1,1,0,1,0,0,1,1,0.605366
0,1,1,0,1,1,1,0,0,1,1,1,1,0,0,0,1,1,0,1,1,0,0,1,1,1,0,0,1,1,0,0,0.647245
0,0,1,1,1,1,0,1,0,1,0,0,1,1,0,1,0,0,0,0,0,1,0,1,0,0,1,0,1,1,0,1,0.670503
1,1,0,1,0,1,0,1,1,0,1,1,0,0,1,1,1,0,1,1,1,1,1,1,1,0,0,0,0,0,0,1,0.640212
1,0,1,1,1,0,1,1,0,1,0,0,0,0,0,0,0,0,0,0,0,1,1,0,0,0,1,1,1,1,0,1,0.590766
1,0,0,1,1,0,1,0,0,0,1,1,0,0,1,0,0,1,1,0,0,0,1,1,0,1,1,0,0,0,0,0,0.635577
1,1,0,1,1,0,0,1,0,0,1,1,1,1,0,0,0,1,1,1,0,1,0,0,1,1,0,1,0,0,0,1,0.623508
1,1,1,0,1,1,0,1,1,0,0,1,1,0,1,1,0,0,1,1,0,1,1,1,1,1,0,1,0,1,1,0,0.652387
0,0,0,1,1,0,0,0,1,0,1,1,0,0,0,1,1,1,1,1,0,0,1,1,1,1,1,0,1,1,1,1,0.558584
0,1,0,1,1,0,1,1,0,0,0,1,0,0,0,0,1,0,1,1,1,0,0,1,0,0,0,0,1,0,1,0,0.602328
1,0,0,1,1,1,0,0,0,0,1,0,0,1,1,0,0,1,0,1,1,0,1,1,1,0,1,0,0,1,0,1,0.605898
0,0,0,1,0,1,1,0,0,1,0,0,0,1,0,0,0,0,0,1,0,0,0,0,0,0,1,0,0,1,1,1,0.669491
1,0,1,0,1,1,0,0,0,1,0,1,1,0,0,1,0,0,1,0,1,0,0,1,1,0,0,0,1,0,0,0,0.703511
1,1,0,0,0,0,0,1,1,0,0,1,0,0,1,0,0,0,0,0,1,0,0,1,1,0,0,1,0,0,0,1,0.620578
0,0,0,1,1,1,1,1,0,0,0,1,1,1,0,0,1,0,0,0,0,0,0,0,1,0,1,1,0,0,0,1,0.630168
0,1,1,1,1,0,0,0,1,0,1,1,0,0,1,0,1,0,0,1,0,0,0,1,0,1,1,0,1,1,1,0,0.619885
0,0,1,1,0,1,1,0,1,1,0,0,1,0,1,0,0,1,0,0,0,0,0,0,1,0,0,1,1,0,1,1,0.626678
1,0,0,0,0,0,0,0,1,1,0,0,1,0,1,0,0,0,0,1,1,1,1,1,0,0,1,1,1,0,0,1,0.631181
1,1,0,0,1,1,1,0,1,1,1,1,0,1,1,0,0,1,1,1,0,0,1,1,1,1,0,1,0,0,0,1,0.613145
1,1,0,1,1,0,1,0,1,0,0,1,0,1,1,0,0,1,1,1,0,0,1,1,0,0,1,1,0,1,1,1,0.606085
0,1,0,1,1,0,0,1,0,1,0,0,1,1,0,1,1,0,0,0,0,0,0,0,0,0,0,1,0,1,1,1,0.707214
1,0,1,0,1,0,1,1,1,1,0,0,0,1,0,1,1,1,0,0,0,0,0,1,1,0,1,0,0,1,0,0,0.678975
0,0,1,1,0,1,0,1,0,1,1,1,1,1,1,0,0,0,0,1,0,0,0,1,1,1,1,0,0,1,1,0,0.600037
0,1,1,1,0,1,0,1,1,0,1,1,0,0,0,0,1,0,1,1,0,0,0,0,0,1,0,0,0,1,0,0,0.662750
0,1,1,1,0,1,1,1,0,1,1,1,0,0,1,1,0,0,0,0,0,1,1,0,1,0,0,1,0,1,0,0,0.635790
1,0,1,0,0,0,1,1,0,0,1,1,0,0,0,1,0,0,0,0,1,1,1,0,1,1,0,1,0,0,0,1,0.617807
0,1,0,0,1,1,1,1,1,1,0,1,1,1,0,1,0,0,1,0,0,1,1,1,0,0,1,0,0,0,1,0,0.613065
1,0,0,1,0,0,1,0,1,0,1,0,0,0,0,0,1,1,1,1,0,0,1,1,0,1,1,0,0,0,0,0,0.709692
1,0,0,0,0,0,1,0,0,0,1,0,1,1,0,1,1,1,1,0,1,0,0,0,1,0,0,1,0,0,0,1,0.644874
1,0,0,0,0,0,1,0,1,1,0,0,1,0,0,1,0,0,0,0,0,1,1,1,1,1,0,0,0,1,1,1,0.603900
1,1,1,1,0,0,1,1,1,1,0,0,0,0,1,0,1,0,1,1,0,0,0,0,0,0,0,1,0,0,0,0,0.650895
