1,1,0,0,1,1,0,0,1,1,1,1,0,0,1,1,0,0,0,1,0,0,1,1,1,1,1,0,0,0,0,0,0.655797
0,1,1,0,1,0,1,1,0,1,0,1,0,1,1,1,0,0,1,1,0,1,1,0,1,1,1,0,0,1,0,1,0.790974
1,0,0,0,0,0,1,0,0,1,1,0,1,1,0,0,1,1,1,0,1,1,1,0,1,1,0,1,0,0,0,1,0.610747
0,1,1,0,0,1,1,1,1,1,0,1,0,0,1,0,1,1,0,1,1,0,1,0,0,1,0,1,0,0,1,0,0.603181
0,0,1,0,1,0,1,1,0,0,0,0,1,1,1,1,1,0,0,0,1,1,1,0,0,1,0,1,1,0,0,1,0.609681
0,0,0,1,1,1,1,1,0,0,1,0,1,0,1,1,0,0,1,0,1,0,0,0,1,0,1,1,0,1,0,1,0.625293
1,0,0,1,0,1,1,0,0,0,1,0,1,0,1,1,1,1,0,0,1,1,1,0,1,0,1,0,1,0,0,0,0.611520
0,0,1,0,0,1,1,1,0,1,1,0,1,1,0,0,1,1,1,1,1,1,0,0,0,0,1,1,0,0,1,0,0.685635
0,0,1,0,0,1,1,1,1,1,1,0,0,1,1,0,0,0,0,0,1,0,0,1,0,1,1,0,1,1,1,0,0.523471
0,1,0,0,0,0,0,1,0,0,0,1,1,0,0,1,1,1,1,0,1,1,0,1,0,0,0,0,1,1,1,1,0.967604
0,0,0,0,0,1,1,1,0,0,1,1,1,1,0,0,0,0,1,1,1,0,1,0,1,0,0,1,1,1,1,1,0.792120
1,1,1,1,0,1,1,1,1,0,0,0,1,0,1,1,0,1,0,0,1,0,0,0,0,0,1,0,1,0,1,0,0.702925
1,1,1,1,0,1,1,1,1,1,1,1,1,1,0,0,1,0,0,1,0,1,0,1,0,0,1,0,0,1,1,1,0.860081
0,1,1,1,1,1,0,0,0,1,1,0,0,1,1,1,1,1,1,1,0,0,0,0,1,1,1,1,1,1,1,0,0.745498
1,1,0,1,1,1,0,1,0,0,1,0,1,0,0,1,1,1,1,1,0,0,1,0,1,1,0,0,1,0,1,1,0.868873
1,1,1,0,0,1,0,0,1,1,1,1,1,0,0,1,1,0,1,0,0,0,1,0,0,1,1,1,1,0,0,1,0.716459
0,1,0,1,1,0,0,0,0,1,1,1,0,0,0,0,0,0,1,1,1,1,1,1,1,0,0,0,1,0,1,1,0.753303
0,0,1,1,0,1,1,1,0,1,0,1,1,0,0,1,1,1,1,1,0,1,0,1,0,1,1,0,0,0,1,1,0.828378
0,0,0,1,0,0,0,0,1,1,1,0,0,1,0,0,0,1,1,1,1,0,1,1,1,0,1,0,0,0,1,0,0.554614
1,1,0,1,1,0,1,0,0,0,1,1,0,1,1,1,0,0,0,1,0,1,1,1,0,1,1,0,1,0,0,0,0.586424
0,0,1,1,0,1,0,1,0,1,0,0,1,1,1,1,1,0,1,0,0,0,0,0,0,1,0,0,1,1,1,1,0.863012
0,1,1,0,1,0,0,0,0,0,0,1,1,0,1,1,1,1,0,1,0,1,1,1,0,0,1,1,1,1,0,1,0.828645
0,0,0,1,0,1,0,0,1,1,0,0,1,1,1,1,1,0,0,1,1,0,0,1,1,1,0,0,1,0,1,0,0.622123
0,0,0,1,0,0,1,1,1,0,0,0,0,0,1,1,1,0,1,0,1,0,1,0,0,0,0,0,1,0,0,0,0.484948
0,1,0,0,0,0,1,0,1,0,1,1,1,1,1,0,0,0,1,0,1,0,0,0,0,1,1,1,1,0,1,0,0.548247
1,1,1,1,1,0,0,0,1,1,0,1,0,1,0,0,0,1,1,0,0,0,1,0,1,0,1,0,1,1,1,0,0.627797
0,0,1,1,0,0,1,0,0,1,1,1,0,1,0,1,0,0,0,1,1,1,1,0,0,0,1,0,1,1,1,0,0.485108
0,1,1,1,0,1,0,0,1,1,0,0,0,0,0,0,0,0,0,0,1,1,0,0,0,1,0,1,1,0,0,1,0.580030
0,1,0,1,0,0,1,1,1,1,1,1,1,1,0,0,0,1,1,0,0,0,1,0,1,1,1,1,0,1,0,1,0.709452
1,0,0,0,0,0,1,1,1,0,0,1,0,0,0,1,0,0,0,0,1,1,0,1,0,1,0,1,0,1,1,1,0.868633
0,0,1,1,0,1,1,0,1,1,0,0,0,1,1,0,1,0,0,0,1,1,1,0,1,0,1,1,1,0,1,0,0.711104
1,1,0,1,0,0,1,1,0,1,1,1,1,0,0,0,1,1,1,1,0,0,0,0,1,0,1,0,1,0,0,1,0.758792
1,0,0,1,0,1,0,0,1,0,1,1,1,1,1,1,1,0,0,0,0,1,1,0,0,1,0,0,1,0,0,1,0.697837
0,0,0,0,0,0,0,0,1,0,1,1,0,0,1,1,0,1,0,0,0,1,0,1,1,1,1,1,1,0,0,1,0.742514
1,0,1,1,1,0,0,0,0,1,0,0,1,1,0,0,0,0,0,0,0,1,0,1,1,1,0,0,0,0,1,1,0.752238
1,1,0,0,0,1,0,1,0,1,0,0,1,0,0,0,1,0,0,1,0,0,0,1,1,0,0,0,1,0,0,1,0.644741
1,1,1,0,0,0,1,0,0,0,0,1,1,1,1,0,0,1,0,1,1,1,0,1,0,1,1,1,0,0,0,1,0.655611
1,1,0,0,1,1,0,0,0,0,1,0,0,1,1,1,1,0,0,0,0,0,1,0,1,0,1,1,0,0,0,0,0.583919
1,1,1,1,1,1,0,1,0,0,0,0,0,1,0,1,0,0,0,0,1,0,1,0,0,0,1,0,0,1,0,0,0.683291
1,0,1,1,1,0,1,1,1,0,0,1,0,0,0,1,1,1,1,1,0,1,0,1,0,0,0,0,0,0,0,0,0.669064
1,0,1,1,1,1,0,1,0,1,0,1,1,0,0,1,0,1,1,1,1,0,1,1,1,1,1,1,1,0,1,0,0.773684
0,1,0,0,0,1,0,0,0,0,1,0,1,0,1,0,0,1,0,1,0,1,1,1,1,0,0,1,1,0,0,1,0.622256
0,0,0,0,0,1,1,1,1,0,1,0,1,1,0,0,1,0,1,1,0,1,1,1,0,0,1,1,0,1,1,0,0.596467
1,1,0,1,0,1,1,1,0,0,0,0,0,0,0,0,0,1,1,0,1,1,0,1,0,1,1,0,0,1,1,1,0.836477
0,1,1,1,0,1,1,1,0,1,1,0,0,1,1,1,1,1,1,1,1,0,0,1,0,1,0,0,0,1,0,1,0.870151
1,1,1,1,1,0,0,1,1,0,0,0,1,1,0,1,1,0,0,1,1,0,0,0,1,1,1,1,0,0,1,0,0.620977
1,0,1,1,1,1,1,1,1,1,0,1,1,1,1,0,0,1,1,1,0,1,1,1,0,1,0,0,0,0,0,1,0.692748
0,0,0,1,0,1,1,0,0,0,0,0,0,0,0,0,0,1,1,1,1,1,1,1,1,1,0,0,1,0,1,0,0.368073
1,0,1,1,1,1,1,0,0,1,0,1,1,0,1,1,1,1,0,0,0,0,0,0,0,0,0,0,1,0,1,0,0.627051
0,0,1,1,1,0,1,1,0,1,0,1,0,0,0,0,1,1,0,0,0,1,1,1,0,1,0,0,0,1,0,1,0.762894
0,0,1,0,0,1,0,1,0,1,0,1,1,1,0,1,1,0,0,0,1,0,1,0,1,0,0,0,0,1,1,1,0.873268
1,1,0,0,0,0,0,0,0,1,1,1,1,1,0,0,0,0,1,0,0,0,1,1,1,0,1,1,1,1,0,1,0.829071
1,1,1,1,1,1,0,1,0,0,1,1,1,1,0,1,1,0,0,1,0,1,0,0,1,1,1,1,1,1,1,0,0.816070
1,0,0,0,0,0,1,1,0,0,1,1,0,1,0,1,1,0,1,1,0,1,1,1,0,0,1,1,1,1,0,1,0.824995
0,1,0,1,0,0,1,0,1,1,1,0,0,0,0,1,0,0,0,1,1,1,1,0,1,1,1,1,0,0,1,1,0.799446
0,1,1,0,0,1,1,0,0,0,0,0,1,0,0,0,0,1,1,0,1,0,0,0,1,0,1,1,1,1,0,1,0.555014
0,1,0,0,1,1,0,0,0,0,0,0,0,0,0,0,1,1,1,1,1,1,1,1,0,0,0,0,0,0,1,0,0.548114
0,1,1,1,0,1,1,1,0,1,0,1,1,0,0,0,1,1,1,0,0,0,1,1,0,1,0,0,1,0,0,1,0.668718
1,1,1,0,1,0,1,1,0,0,0,0,1,1,0,0,0,0,1,0,0,1,0,1,1,0,0,1,0,1,0,1,0.762015
1,0,1,1,0,0,0,0,1,0,0,0,0,1,0,1,1,1,0,0,1,1,0,1,1,0,0,0,1,0,0,1,0.753410
0,1,1,1,1,0,1,1,0,0,1,0,0,1,1,0,0,0,0,1,0,0,0,0,1,0,0,0,1,1,1,0,0.659953
0,0,0,0,1,1,1,1,0,1,0,0,0,1,0,1,0,0,0,1,0,0,1,1,0,1,0,0,0,0,0,1,0.776082
0,1,1,1,1,0,0,0,0,0,0,0,0,1,1,0,1,1,1,0,0,1,0,0,0,0,0,0,0,1,0,1,0.674659
0,1,1,1,1,0,0,0,0,1,1,0,1,0,0,0,1,1,0,1,0,0,0,1,0,0,0,1,0,1,0,0,0.546968
0,1,0,0,1,1,0,1,1,0,0,0,1,0,0,0,1,0,0,0,1,1,0,1,1,1,0,0,0,1,1,0,0.691256
1,0,1,0,1,1,1,0,1,0,0,1,0,0,0,0,1,1,1,0,0,0,1,1,0,1,1,0,1,1,0,0,0.732310
0,1,0,0,1,1,0,0,1,0,0,0,0,1,0,0,1,0,0,1,1,1,1,1,1,0,1,1,0,1,1,1,0.819400
1,1,1,0,1,0,0,1,0,1,0,1,1,1,0,1,0,1,1,1,1,1,0,1,1,1,1,1,1,0,1,0,0.719309
1,0,1,1,0,1,0,1,1,0,0,1,0,1,1,0,0,1,0,1,0,0,0,1,0,0,1,0,0,0,0,1,0.667493
0,0,1,1,0,1,1,0,1,1,1,1,1,0,1,1,1,0,0,0,1,1,1,1,0,0,0,1,0,1,0,1,0.826460
1,1,0,1,0,1,0,1,0,0,1,1,1,0,1,1,0,0,1,0,0,1,0,1,0,0,1,0,0,1,1,0,0.574542
0,0,0,0,0,1,0,0,1,0,0,0,0,0,0,1,0,0,1,1,1,0,1,1,1,0,1,1,1,0,0,1,0.728181
0,0,0,0,1,1,1,0,0,0,0,1,1,1,0,0,0,0,0,1,1,1,0,1,0,0,1,1,0,0,0,0,0.166347
0,1,1,1,0,1,0,1,1,1,1,1,1,0,1,1,1,0,0,1,1,1,1,0,1,0,1,1,1,1,1,0,0.729300
1,0,1,0,1,0,0,1,0,0,1,1,1,1,0,0,1,1,1,0,0,0,1,0,0,1,1,0,1,1,0,1,0.690590
0,0,1,0,0,0,1,0,1,0,1,1,1,0,0,0,1,1,1,1,0,0,0,0,1,0,0,1,0,0,1,0,0.555680
0,1,0,0,1,0,1,0,0,0,0,1,0,1,0,1,0,1,1,0,1,0,0,0,1,0,0,0,0,0,0,1,0.645727
1,1,0,1,0,1,0,1,1,1,0,1,1,0,1,1,1,1,0,1,1,0,0,1,0,1,1,0,1,1,0,0,0.731698
1,0,0,0,1,1,0,1,1,1,1,1,0,1,1,0,1,0,0,1,1,0,1,1,1,1,0,0,0,0,0,0,0.851796
0,1,0,0,1,0,0,1,1,0,0,1,1,1,0,1,1,1,0,1,1,0,1,1,1,1,1,1,0,1,1,0,0.675805
0,0,1,1,1,0,1,1,1,1,1,1,0,1,1,0,0,1,0,0,1,0,0,1,0,1,1,1,1,1,1,0,0.563752
1,0,1,1,0,0,1,1,1,0,1,0,0,0,0,1,1,0,1,1,0,1,0,1,0,1,1,1,1,0,0,0,0.618127
0,0,1,1,1,0,0,0,1,1,1,0,1,0,0,0,0,0,1,0,1,0,1,0,1,0,1,1,1,1,0,1,0.609442
1,0,0,0,0,1,1,0,1,1,0,0,0,1,1,1,1,1,1,1,0,0,0,1,0,0,0,1,0,1,0,0,0.558797
0,0,1,1,0,0,0,0,0,1,1,0,0,0,1,0,1,0,1,0,0,1,0,0,1,1,0,0,1,1,0,1,0.645034
1,0,0,0,1,1,1,0,1,0,0,1,1,1,0,1,1,0,1,1,1,1,1,0,0,1,1,1,1,1,1,1,0.818468
1,1,1,0,1,1,0,0,1,1,0,0,0,1,1,1,0,0,0,0,1,0,1,1,0,0,0,1,0,1,0,0,0.624893
1,0,1,0,0,1,1,0,1,1,1,0,1,1,1,0,1,0,0,1,0,1,0,0,1,1,0,1,1,0,1,0,0.802536
1,0,1,0,1,0,0,0,1,1,0,1,1,1,1,0,0,1,1,1,1,1,1,1,0,0,1,1,1,0,0,0,0.625107
1,0,0,0,1,1,1,0,1,1,1,1,1,1,1,1,0,0,1,0,0,1,1,0,0,0,1,0,1,1,1,1,0.884191
0,1,1,0,0,0,0,1,0,1,0,1,1,1,1,0,1,0,0,0,0,0,0,1,0,1,1,1,0,0,0,0,0.532848
1,1,1,0,1,1,0,1,1,0,0,0,1,0,1,1,0,0,0,1,0,1,0,1,0,0,1,1,1,1,1,0,0.667013
1,1,1,1,1,1,0,0,0,1,0,1,1,0,1,1,1,1,1,1,1,1,0,0,0,0,1,1,0,0,0,1,0.630115
1,1,0,1,0,0,1,0,1,0,1,1,0,0,0,0,1,0,1,1,0,0,0,1,0,0,0,0,1,0,0,1,0.634751
0,0,1,1,1,1,1,1,1,0,0,0,1,0,1,0,0,0,1,0,0,1,0,1,0,1,1,0,1,0,1,1,0.742754
1,1,1,0,1,1,0,1,1,0,0,0,1,0,0,1,1,1,0,1,0,0,0,0,1,0,1,1,0,0,1,1,0.702312
0,1,0,1,0,0,1,1,1,0,1,0,1,0,1,0,0,0,1,1,1,1,1,1,0,1,0,1,1,0,0,0,0.580536
0,0,1,1,1,0,0,0,0,1,1,1,0,1,0,0,1,1,0,0,0,0,0,1,1,1,0,1,0,0,0,0,0.551391
1,0,1,0,1,1,0,1,1,1,1,0,1,0,1,1,1,1,0,1,0,0,0,0,1,1,1,1,1,1,0,1,0.697517
1,1,0,1,0,1,1,1,0,0,0,1,1,1,1,1,0,1,0,1,0,0,1,0,0,1,1,0,1,1,1,0,0.720055
0,1,1,1,1,0,1,1,0,0,1,0,0,0,1,0,0,1,1,0,0,0,0,0,0,0,1,0,1,0,0,1,0.594523
1,0,0,0,0,1,0,0,1,0,0,1,1,0,0,1,0,1,0,1,0,0,0,0,1,1,0,0,0,0,1,1,0.719896
0,1,0,0,0,1,1,0,0,1,0,0,0,1,0,1,1,1,1,0,1,0,0,0,0,1,0,1,0,1,0,0,0.460305
1,0,0,0,1,0,0,0,1,1,1,0,0,0,0,1,1,0,1,1,1,1,0,0,1,1,0,1,1,0,0,0,0.765798
1,0,0,1,0,1,1,1,1,1,0,1,1,0,0,0,0,1,0,0,1,1,0,1,0,1,1,0,1,0,1,0,0.608163
0,1,1,0,1,0,0,0,1,1,0,0,1,0,1,0,0,1,1,0,0,0,0,1,0,0,1,1,0,1,1,1,0.768915
1,1,0,0,0,1,0,0,0,1,1,0,1,1,0,0,0,1,0,0,0,0,1,1,0,1,1,1,1,1,1,1,0.820226
1,0,0,0,1,1,0,0,0,0,1,0,0,0,1,1,0,0,0,0,1,1,1,1,0,0,1,0,0,1,1,0,0.578405
1,1,0,1,1,1,1,1,1,0,0,1,1,1,0,0,0,0,0,1,1,1,1,0,1,1,1,0,1,1,0,1,0.686701
1,1,0,1,1,1,0,1,1,1,0,1,1,0,0,0,1,1,1,1,1,0,1,0,0,1,1,1,0,1,1,0,0.765265
1,0,1,1,1,0,0,1,0,1,1,1,0,0,0,1,0,1,0,0,0,1,0,0,0,0,0,1,1,0,1,1,0.630568
1,0,1,1,1,1,0,1,1,1,0,1,0,0,1,1,1,0,0,0,1,0,1,0,1,0,1,1,1,0,0,0,0.658994
1,0,0,1,1,1,1,0,0,1,1,0,1,0,1,0,1,0,1,1,1,1,0,1,1,0,1,1,0,1,0,0,0.671382
0,0,1,0,1,1,0,0,0,0,0,1,1,0,0,1,0,1,1,0,1,0,0,0,0,0,1,0,1,0,0,0,0.342338
0,0,1,0,1,0,1,0,1,1,1,1,1,0,1,1,0,0,0,0,0,1,0,0,0,1,1,1,0,0,0,1,0.655744
0,1,1,1,0,1,0,0,0,1,0,1,0,1,0,1,1,1,0,0,0,1,0,1,1,1,1,1,1,1,0,0,0.698743
0,1,0,0,0,0,0,1,1,1,0,0,0,1,1,0,0,1,1,0,0,1,0,0,1,0,0,0,0,0,1,1,0.663576
0,1,0,1,1,0,1,0,0,0,0,1,1,0,1,1,0,1,0,1,0,1,0,0,0,0,0,1,1,0,1,0,0.377451
1,0,0,0,1,0,1,1,0,0,0,0,1,1,1,1,1,0,1,0,1,0,0,1,1,1,1,0,0,1,0,1,0.873695
0,0,0,1,0,0,0,0,1,0,0,0,0,1,1,0,0,1,1,1,0,0,1,1,1,1,0,0,0,1,1,0,0.512148
1,0,0,0,0,0,0,0,0,0,1,0,0,0,1,1,0,0,1,0,1,0,1,0,1,1,0,0,1,1,0,0,0.496963
0,0,0,1,0,1,1,1,1,0,1,0,1,1,1,1,0,0,1,1,0,1,1,0,0,1,0,0,1,1,0,1,0.789749
0,0,0,0,0,0,0,0,0,1,0,0,1,1,0,0,0,1,1,1,0,1,0,1,0,0,0,0,1,1,0,1,0.761616
0,1,0,0,0,1,0,1,0,0,1,1,0,1,0,1,1,1,1,1,1,1,1,0,0,1,1,1,0,1,0,1,0.793105
1,1,0,0,0,1,0,1,0,0,0,0,0,0,1,1,1,0,1,1,1,1,1,0,0,0,0,1,0,1,1,0,0.596041
0,0,1,0,0,0,0,0,0,0,0,1,0,1,0,1,1,0,1,0,0,0,0,1,1,1,1,1,0,1,0,0,0.442402
1,1,1,1,0,1,0,1,1,1,0,1,1,0,1,0,0,0,0,1,0,0,0,1,1,1,0,0,0,0,0,1,0.668558
1,0,0,1,1,1,1,1,0,1,0,0,0,1,1,0,0,0,1,1,0,1,1,0,0,0,0,1,1,0,1,0,0.614823
