0,1,0,1,0,0,1,1,0,1,1,0,1,0,1,1,0,1,1,1,0,0,0,1,0,1,0,0,0,0,0,0,0.516747
1,0,0,0,1,0,1,1,1,0,1,1,0,1,1,0,0,1,0,0,1,1,0,1,1,0,0,1,0,0,1,1,0.707881
1,0,0,0,0,0,1,1,0,0,0,1,1,0,1,0,1,1,0,0,0,1,0,1,0,0,0,1,0,0,0,1,0.559500
0,1,0,0,1,1,1,1,0,0,0,1,1,0,1,0,0,0,1,0,1,1,1,1,0,0,0,1,0,0,0,1,0.590361
0,1,0,1,0,1,1,0,0,0,0,1,0,0,0,0,1,1,1,0,1,0,0,1,1,0,1,0,1,1,0,1,0.684597
1,1,1,0,1,1,1,0,0,1,1,1,0,0,0,0,0,0,0,0,0,1,0,0,0,1,1,1,0,0,0,1,0.586948
1,0,1,1,1,0,1,1,1,0,1,0,1,1,0,1,0,0,0,1,0,1,0,0,1,1,0,0,0,0,1,1,0.876082
1,0,1,0,1,0,1,1,0,0,1,0,0,1,1,1,0,0,1,0,1,1,1,1,1,1,0,0,0,0,1,1,0.885064
1,1,1,1,1,0,0,1,1,1,0,0,0,1,0,1,0,1,0,0,0,0,0,1,1,1,0,1,1,1,1,0,0.804978
0,0,0,1,0,0,1,0,1,0,0,0,0,1,1,1,0,1,1,1,1,0,0,0,0,0,1,0,0,0,1,0,0.463758
0,1,0,0,0,1,0,0,0,1,1,1,1,1,1,1,0,0,0,0,1,1,1,0,0,0,0,1,0,1,1,1,0.805705
1,0,1,1,1,1,1,0,1,1,1,0,0,0,1,0,1,0,0,0,1,1,1,1,0,0,0,0,0,1,1,1,0.853426
0,0,1,0,0,0,0,1,1,0,0,1,1,0,1,0,0,0,0,0,1,1,1,0,0,1,1,1,0,0,1,0,0.471184
0,1,0,1,1,0,1,1,0,0,1,0,0,0,1,1,0,1,1,0,1,1,0,0,1,0,1,0,0,1,0,0,0.565672
0,1,1,0,1,0,0,0,0,0,1,1,1,1,1,1,0,1,0,1,1,0,1,1,1,0,0,0,0,0,1,1,0.833505
0,0,0,1,1,1,1,1,0,0,0,0,1,1,0,0,1,0,0,0,0,0,0,1,1,0,1,0,1,1,0,1,0.713626
1,1,1,1,0,1,0,1,1,1,1,0,0,0,0,0,0,0,1,1,0,1,0,1,0,0,0,0,1,0,0,0,0.715859
1,0,0,0,1,0,1,1,1,1,1,1,1,1,1,0,0,1,0,0,1,1,0,1,1,1,1,1,0,1,0,1,0.767519
0,0,0,0,0,0,1,0,1,0,1,0,0,1,1,0,1,0,0,0,0,1,0,1,0,0,0,0,1,0,0,0,0.363224
1,1,1,1,0,1,1,0,1,1,1,1,1,1,0,1,1,1,1,0,1,0,0,1,1,1,0,0,1,1,1,1,0.956670
1,0,0,1,1,1,1,0,0,1,0,0,0,0,1,1,0,1,1,1,1,1,1,0,0,0,0,0,0,0,1,0,0.612088
1,1,1,0,1,0,1,0,0,0,1,1,0,0,0,1,1,1,0,1,1,0,0,1,1,1,1,1,1,1,0,0,0.676544
0,0,0,1,0,1,1,1,0,1,1,1,1,0,0,0,0,0,0,1,1,1,1,1,1,0,0,0,1,0,0,1,0.642121
1,0,0,0,1,0,0,0,1,0,0,1,0,0,1,0,0,1,0,0,0,1,1,0,1,1,1,1,1,0,0,1,0.528264
0,1,0,1,0,1,0,0,1,1,0,0,1,1,1,0,1,0,0,0,0,0,0,1,0,1,0,0,0,1,0,0,0.506536
1,0,1,1,1,0,1,1,1,0,1,1,1,0,0,1,0,1,0,0,0,0,1,0,0,0,0,1,1,1,1,1,0.780566
0,1,0,0,0,0,0,1,1,1,1,1,0,0,1,0,1,0,1,0,0,0,0,1,1,0,1,1,1,1,0,0,0.562687
0,1,0,0,1,0,0,0,0,1,0,1,1,0,0,1,1,1,0,1,1,0,0,0,0,1,0,0,0,1,0,0,0.452493
0,0,0,0,0,0,1,1,1,1,0,0,0,1,0,1,1,0,0,1,1,1,0,1,0,1,0,1,1,0,1,0,0.502747
1,1,0,1,1,1,0,1,1,1,1,1,1,1,1,1,1,1,1,0,1,1,0,0,0,1,0,1,1,1,1,0,0.797200
0,1,1,1,0,0,1,1,1,1,0,1,0,0,0,0,0,1,0,1,1,1,1,0,0,1,1,0,0,0,0,0,0.359912
0,0,1,0,1,0,1,0,1,1,1,0,1,1,1,1,0,1,1,0,1,1,0,0,0,0,1,1,0,1,1,0,0.534636
0,1,0,1,0,1,1,1,0,1,1,1,1,0,0,1,0,0,0,1,0,1,1,1,1,0,0,0,1,1,1,1,0.962591
1,0,1,1,0,1,0,0,0,1,0,1,1,0,0,1,1,0,1,0,0,1,1,1,1,0,1,1,1,1,0,1,0.821612
1,0,0,0,1,1,1,1,0,1,1,0,0,1,0,0,0,0,0,0,0,0,1,0,0,0,0,1,0,0,0,0,0.539253
1,1,1,0,1,1,0,1,1,0,1,1,0,1,0,1,0,0,1,1,1,0,0,1,1,1,1,1,1,0,0,0,0.711067
1,0,0,0,0,1,1,1,1,0,1,0,1,0,0,1,0,1,1,1,1,0,1,0,1,0,1,1,0,0,0,1,0.643726
1,1,1,1,0,0,0,0,0,1,1,1,0,1,0,1,0,0,0,1,1,1,1,0,1,0,0,0,1,0,0,0,0.606368
0,0,1,0,0,0,0,0,0,1,0,0,0,0,1,0,0,0,1,1,0,0,0,1,0,0,1,1,1,1,0,0,0.328800
1,0,1,0,1,1,1,0,0,0,1,1,0,1,0,0,0,0,1,0,0,1,0,1,1,1,1,1,1,1,0,1,0.781845
0,0,0,0,1,0,1,1,0,0,0,0,1,1,0,0,1,1,1,1,0,0,1,1,1,0,1,0,0,0,0,0,0.457711
1,0,1,0,0,0,0,0,1,0,0,1,0,0,0,0,0,1,1,0,1,0,1,1,1,0,0,1,0,0,1,0,0.556540
0,0,1,0,0,1,1,0,0,1,0,1,0,1,1,0,0,0,0,0,1,0,1,0,0,0,1,1,0,1,1,1,0.663321
0,0,1,1,0,1,1,0,1,1,0,1,1,1,0,0,1,0,1,0,1,0,0,0,0,0,1,0,1,1,0,1,0.630956
0,1,1,0,0,1,0,1,1,0,1,0,1,0,1,0,0,1,1,1,1,1,1,1,0,0,1,1,1,0,1,0,0.703866
0,1,0,0,0,1,0,0,0,0,1,0,0,1,0,0,1,1,0,1,1,0,1,1,0,0,1,0,1,1,1,0,0.563339
0,0,1,0,1,0,1,1,0,1,0,1,1,1,1,1,1,1,0,0,1,0,0,0,0,0,1,0,0,0,0,1,0.632687
1,1,0,1,1,0,0,0,1,1,0,0,0,0,0,1,0,1,0,1,0,1,0,0,0,0,1,1,0,1,0,0,0.622199
0,0,0,1,1,1,1,1,1,1,0,1,0,0,1,0,0,1,1,0,1,1,0,0,0,0,0,1,0,0,0,1,0.565848
0,0,1,1,1,0,1,1,1,0,0,1,1,1,0,0,0,0,0,0,0,1,0,0,0,1,0,1,0,1,0,1,0.633690
1,1,1,1,0,1,0,0,1,1,1,1,1,1,1,0,0,1,0,1,0,0,1,1,1,0,1,1,0,0,1,1,0.802971
1,1,1,0,0,1,1,0,0,1,0,0,1,1,1,1,0,1,1,0,0,1,1,1,1,1,0,1,1,1,1,1,0.869609
0,0,0,0,1,0,1,1,0,0,1,0,1,1,1,1,0,1,1,1,0,0,1,1,1,1,1,0,0,0,0,1,0.839100
1,1,0,1,0,1,1,0,0,1,1,0,1,0,1,0,1,1,1,0,0,1,0,1,0,0,1,1,0,0,1,0,0.660562
1,1,1,0,0,0,0,0,0,1,0,0,1,1,0,0,1,0,1,1,0,1,1,0,0,0,0,1,0,0,1,0,0.650701
0,1,1,0,1,0,1,0,0,0,1,0,0,1,1,1,1,0,1,1,1,1,0,0,1,1,1,1,0,0,1,1,0.728755
0,0,0,1,1,1,0,1,0,0,0,0,0,0,1,1,1,0,0,1,0,1,0,0,1,0,1,1,0,1,0,1,0.656472
1,0,1,0,0,1,1,0,0,1,0,1,0,1,0,0,1,0,1,0,1,0,0,1,0,0,1,0,1,1,0,1,0.712547
0,1,1,0,1,0,1,1,0,0,0,0,1,1,1,1,1,1,1,0,0,0,1,1,1,1,0,1,1,1,0,0,0.687182
1,1,1,1,1,0,1,0,1,0,1,1,1,1,0,0,1,0,0,1,0,1,1,0,0,0,1,0,1,1,0,1,0.671701
0,0,1,1,1,1,1,0,1,1,0,1,0,0,1,1,1,1,0,0,0,0,0,1,1,0,1,1,0,1,1,1,0.882354
1,0,1,0,0,1,1,0,0,1,1,0,0,0,1,1,0,1,1,0,1,1,1,0,0,0,1,0,0,0,1,1,0.727275
0,0,1,1,0,1,0,1,1,1,0,1,1,1,1,1,1,0,0,1,0,1,0,0,0,1,0,1,1,1,0,1,0.753193
1,1,1,1,0,0,0,0,1,0,0,0,1,1,1,0,1,0,0,1,1,0,1,1,0,0,1,1,0,1,1,0,0.615626
0,1,1,0,1,0,1,0,0,1,1,0,1,0,1,1,0,1,1,1,1,1,0,0,1,1,1,1,0,0,0,1,0.704092
0,1,0,1,0,1,1,1,0,1,0,1,0,0,1,0,1,0,0,0,1,0,1,0,1,0,0,0,1,0,0,1,0.617909
0,0,1,1,1,1,1,0,1,1,1,0,0,1,1,1,0,0,0,1,1,1,0,0,0,0,0,0,1,0,0,1,0.652382
1,1,0,1,0,0,0,1,1,1,1,0,0,1,1,0,1,1,0,0,1,0,1,1,0,0,1,1,1,0,0,0,0.701884
1,1,0,1,0,1,0,1,0,1,0,1,1,0,1,0,0,1,1,1,0,0,1,1,1,1,1,0,0,1,0,1,0.731365
1,1,0,1,0,0,0,0,0,1,0,1,0,0,1,1,1,1,1,0,0,1,0,0,1,1,1,1,0,1,1,1,0.817849
0,1,1,1,0,0,1,0,0,0,0,0,0,0,1,1,1,0,1,1,0,0,0,0,0,0,1,1,1,1,0,0,0.518278
0,1,1,1,0,0,0,0,0,1,0,0,0,0,1,0,0,0,1,1,0,1,1,0,0,1,1,0,1,0,1,0,0.442331
1,1,0,0,0,0,1,0,0,1,1,0,1,0,1,1,1,1,1,0,1,0,0,0,0,0,1,1,1,0,0,0,0.747547
1,0,1,0,0,1,1,1,0,0,1,0,1,1,0,0,0,1,1,0,0,0,0,0,1,0,1,1,1,1,1,0,0.645809
0,1,0,0,1,1,0,0,1,0,1,1,0,0,0,1,0,0,0,0,1,0,1,0,0,0,0,1,1,0,1,0,0.524575
1,0,0,1,0,0,1,1,0,1,1,0,0,0,0,0,0,1,0,1,0,1,0,1,0,1,1,0,0,1,0,1,0.706526
0,0,1,0,1,0,1,0,1,1,0,1,1,1,0,0,0,0,1,0,0,1,1,0,1,1,0,1,1,1,1,0,0.461801
1,0,1,0,0,0,1,0,1,1,1,0,1,0,1,1,1,1,1,0,0,1,0,0,0,0,1,0,1,1,0,1,0.729433
0,1,1,1,1,0,1,1,0,1,1,1,0,1,1,0,1,1,1,0,1,0,0,0,0,1,0,1,1,1,0,1,0.665956
0,1,1,0,0,1,1,0,0,1,0,0,0,0,0,1,0,0,0,0,1,0,1,0,1,0,0,0,0,1,0,1,0.694759
1,0,1,0,0,1,0,1,0,0,1,1,0,0,1,1,0,1,0,0,1,0,0,0,0,0,1,1,1,1,0,0,0.551095
1,0,0,0,1,0,0,1,1,1,1,1,0,0,1,0,1,0,0,1,0,0,0,1,0,1,0,1,0,0,1,0,0.570841
0,1,0,0,1,1,0,1,1,1,1,1,1,1,0,0,1,1,1,1,0,1,1,0,1,1,0,1,0,0,1,0,0.685200
1,1,0,0,1,0,0,0,1,0,0,1,1,0,1,1,1,0,1,0,0,0,1,0,1,1,1,1,0,1,0,0,0.630604
0,1,0,0,1,0,0,0,1,0,1,1,0,1,1,0,0,1,0,0,0,1,0,0,0,1,1,0,1,1,0,1,0.623579
1,1,1,1,1,0,1,1,1,0,1,1,1,1,0,0,0,1,0,1,0,0,1,0,1,1,0,1,0,1,1,0,0.751587
1,1,0,1,0,1,1,1,0,1,1,1,0,1,0,0,0,1,0,1,0,1,0,1,0,0,0,1,1,0,1,0,0.643049
1,1,0,1,1,0,0,0,1,1,1,0,1,0,1,1,1,0,1,1,0,1,0,1,0,0,1,1,0,0,0,0,0.702160
0,1,1,1,1,1,0,0,0,1,0,0,0,0,1,0,1,1,1,0,0,0,0,0,0,1,1,1,1,1,1,0,0.661941
1,1,0,0,0,1,1,0,1,0,1,0,1,0,1,1,0,1,1,0,1,1,1,1,0,0,1,0,1,0,0,1,0.745465
1,1,0,1,1,1,0,1,0,0,1,0,0,1,1,0,1,0,0,1,1,0,0,0,1,1,0,1,1,0,0,0,0.842387
1,1,1,0,1,1,1,0,1,1,0,1,1,1,1,0,1,1,0,0,1,0,1,1,1,1,0,1,1,1,0,0,0.699074
0,1,1,0,0,0,1,1,1,0,0,1,0,1,1,0,0,1,0,1,1,1,1,1,1,0,0,1,1,0,1,0,0.677071
0,0,0,1,1,1,1,1,0,1,0,1,1,0,0,0,1,0,1,0,1,1,1,1,0,0,1,0,1,1,0,1,0.785834
1,1,1,1,1,0,1,1,1,1,0,0,0,1,1,1,0,0,1,0,0,0,1,1,0,0,0,0,1,0,1,0,0.710615
1,1,0,1,1,1,1,1,1,0,0,0,0,1,0,0,1,0,0,0,0,1,0,1,1,0,1,0,1,1,1,1,0.832351
0,0,0,0,0,1,0,1,1,0,1,0,1,1,1,0,0,0,1,0,0,0,1,0,0,1,0,1,1,1,0,0,0.349750
1,1,0,1,0,1,0,1,0,1,1,1,0,0,0,0,0,1,1,1,0,0,1,1,0,0,0,0,0,0,1,0,0.529694
1,0,1,1,1,0,1,0,1,0,1,0,1,1,0,1,0,0,1,1,0,0,1,1,1,1,1,1,0,0,0,1,0.777755
1,1,1,0,1,0,0,0,1,0,0,0,1,0,1,0,1,1,0,1,1,0,0,1,1,0,0,1,1,0,0,1,0.665605
0,0,1,0,1,0,1,0,1,0,0,1,0,1,0,1,1,1,1,0,0,1,0,1,0,1,0,1,1,1,1,0,0.612439
1,1,1,1,0,0,1,1,0,1,0,1,0,0,0,1,0,1,0,1,0,1,0,1,1,1,0,1,0,1,1,1,0.883207
1,0,1,1,1,0,1,0,0,0,0,1,0,1,0,1,0,0,0,1,1,0,0,0,0,1,0,0,0,0,1,1,0.708332
1,1,1,1,0,0,0,1,1,0,0,0,0,0,0,1,1,0,0,0,1,1,1,0,0,0,0,0,1,0,1,1,0.842085
1,1,0,1,1,1,0,0,0,1,1,0,0,0,1,0,1,1,1,0,0,1,1,1,0,0,1,1,1,1,1,1,0.819455
0,0,0,1,0,1,0,1,1,1,0,0,1,0,1,0,0,0,0,0,1,0,0,1,0,1,1,1,0,1,0,1,0.663271
1,1,1,1,1,1,0,0,1,0,0,1,0,0,0,0,1,0,0,0,0,1,0,1,1,0,0,0,0,1,0,0,0.855508
0,0,0,0,1,0,0,0,1,1,1,0,1,1,1,0,1,0,1,1,0,1,1,0,0,1,1,1,0,1,1,0,0.523471
0,1,0,0,1,1,0,1,0,0,1,1,1,1,0,0,1,0,1,1,0,1,0,1,1,0,1,1,0,1,0,1,0.781594
1,0,0,1,1,0,0,1,0,1,1,1,0,1,0,0,0,0,1,0,0,0,0,1,1,1,1,1,0,1,1,0,0.631583
1,0,0,0,0,1,0,0,1,0,1,1,1,0,0,1,1,0,1,1,0,0,1,1,1,0,0,1,1,1,1,0,0.653963
1,0,1,0,0,0,1,1,0,1,1,1,0,1,0,1,1,1,1,1,1,1,0,1,1,1,1,1,1,1,1,0,0.774393
0,0,1,0,1,1,0,1,1,1,1,0,1,1,0,0,0,0,1,1,0,1,0,0,0,0,1,0,0,1,0,1,0.636551
0,0,1,1,0,0,1,0,1,0,0,1,0,1,1,0,1,1,0,0,0,1,0,1,1,1,0,0,0,0,1,1,0.737286
1,1,0,0,0,1,1,0,1,0,0,0,1,0,1,1,0,1,1,1,0,0,0,0,1,0,1,0,0,1,1,0,0.638407
1,0,1,1,0,0,1,0,1,1,0,0,1,1,0,1,0,1,1,1,1,0,0,0,0,1,0,0,1,1,1,1,0.832852
0,0,1,0,1,0,1,1,0,0,1,0,1,0,0,0,0,1,1,0,0,0,0,1,1,0,0,1,1,0,1,1,0.643199
1,1,1,1,0,1,0,1,0,0,0,0,1,0,0,1,0,1,1,0,1,0,1,1,1,1,1,1,1,0,1,0,0.678551
1,0,0,0,0,0,0,0,0,1,0,1,1,1,1,1,1,0,0,0,1,1,0,0,1,0,0,0,1,1,0,1,0.724992
0,0,1,1,0,1,0,1,0,1,0,1,0,0,1,0,0,0,0,0,0,1,0,0,0,0,1,1,0,0,0,0,0.319342
0,0,0,0,0,1,0,1,0,0,1,0,1,1,0,1,0,1,0,1,1,0,0,0,1,0,0,0,0,1,1,0,0.500489
1,1,1,0,0,1,0,0,1,1,0,1,0,0,1,0,0,0,0,1,0,1,0,1,1,1,1,1,1,0,1,1,0.702010
1,1,0,0,1,0,0,1,0,0,1,1,1,1,0,1,1,0,1,1,1,0,0,1,1,1,1,0,0,0,1,0,0.637278
0,0,1,1,0,1,0,0,0,0,1,0,0,0,0,1,1,1,1,0,0,1,0,1,0,1,1,0,1,1,1,0,0.579271
0,0,1,1,1,1,0,1,0,1,1,0,0,1,0,1,1,0,1,0,0,0,0,1,0,1,0,0,1,1,0,1,0.828562
0,0,0,0,1,0,1,0,1,1,0,1,1,0,1,1,1,1,1,1,1,1,0,1,0,1,1,0,1,0,0,1,0.722257
0,0,1,0,1,1,1,0,0,1,0,1,0,1,0,1,0,1,0,0,0,0,1,1,0,1,0,1,0,0,0,1,0.651755
1,0,0,0,0,1,0,0,0,1,0,0,1,1,0,1,1,0,0,1,0,1,0,0,0,0,1,1,0,1,0,0,0.538350
1,0,0,0,0,0,1,0,1,0,1,1,0,0,0,0,1,0,1,1,0,1,1,1,1,1,1,0,0,0,1,0,0.596232
1,1,1,0,0,1,1,1,0,1,1,0,0,0,1,0,1,0,0,1,0,1,0,0,0,0,1,0,0,0,0,0,0.859448
0,1,1,0,1,1,1,0,1,0,1,1,0,0,0,1,0,1,0,1,0,1,1,1,0,0,1,1,1,1,0,1,0.823720
0,0,0,1,1,0,1,1,1,0,1,1,0,0,1,1,1,0,1,1,0,0,1,1,0,1,0,1,0,1,1,1,0.868982
1,1,0,0,0,1,0,0,0,0,0,0,0,1,0,0,1,1,0,1,0,0,1,1,0,0,1,0,1,0,0,1,0.620267
0,0,1,0,0,0,1,0,1,1,0,1,1,1,0,1,1,0,1,0,0,1,1,1,1,0,1,1,1,0,1,0,0.668063
1,0,1,1,1,0,1,1,0,1,1,1,0,0,0,0,0,0,0,1,0,0,0,1,1,0,1,0,0,1,0,0,0.545299
1,1,0,1,0,0,0,0,0,0,1,1,1,0,1,1,1,1,1,0,1,0,1,1,1,1,0,1,0,1,0,0,0.639913
1,0,0,1,0,1,1,0,1,0,1,1,1,1,0,0,0,0,1,0,0,0,0,0,0,0,0,1,0,1,1,0,0.553905
1,1,1,0,0,1,0,1,0,1,0,1,1,0,0,1,1,1,0,1,0,1,0,0,0,1,0,0,0,0,0,0,0.674035
1,1,0,1,1,0,0,0,0,0,1,1,0,1,1,0,0,1,1,0,1,1,0,0,0,1,0,0,1,0,0,1,0.595880
0,0,0,0,0,1,1,0,0,0,1,1,1,0,0,0,0,1,0,1,1,0,1,1,1,0,1,0,1,1,1,1,0.821788
0,0,1,0,1,1,1,1,0,0,0,1,0,0,0,1,0,1,0,1,1,1,0,0,1,1,0,1,1,0,1,0,0.509672
1,1,1,0,0,1,0,0,1,0,0,1,1,0,1,1,0,0,1,0,1,1,0,1,0,0,1,0,1,0,1,0,0.595529
0,0,1,0,1,0,1,0,0,1,0,0,1,1,1,0,1,0,0,1,1,1,1,1,1,1,1,0,0,0,1,1,0.751135
1,0,0,0,0,1,1,0,1,1,1,1,1,1,1,0,0,0,1,0,1,0,0,1,1,0,0,0,1,1,0,1,0.729884
0,1,0,1,1,1,1,0,1,0,0,1,1,0,0,1,1,0,0,0,0,0,1,1,0,0,0,0,1,1,0,1,0.804928
0,0,1,1,1,1,1,0,1,1,1,1,0,1,0,1,0,1,1,0,1,0,0,1,1,1,1,1,0,0,1,1,0.805881
0,1,1,0,0,1,0,1,0,0,0,0,0,0,0,1,1,1,1,0,1,1,0,1,1,1,0,0,1,0,0,1,0.783752
1,0,1,1,1,1,1,1,0,1,0,1,1,1,1,0,1,1,1,0,1,1,0,1,0,0,0,1,0,0,1,1,0.712698
1,1,1,1,0,0,1,0,0,0,0,0,0,0,0,0,1,0,0,1,1,0,0,0,1,1,1,0,1,0,1,1,0.777128
0,1,0,0,0,0,0,1,1,1,0,1,1,0,1,1,0,1,0,0,0,0,1,0,0,1,0,0,1,0,0,1,0.650149
0,1,1,1,0,1,1,0,0,1,1,0,1,0,0,1,0,0,0,1,1,1,0,0,1,1,1,0,0,1,1,1,0.803096
0,0,0,0,0,0,0,0,1,1,0,0,1,0,0,1,1,1,1,1,0,1,1,0,1,1,0,0,1,1,1,1,0.840003
1,0,1,0,1,0,0,1,1,1,1,1,1,0,0,1,1,1,1,1,0,0,0,1,0,0,1,1,0,1,1,0,0.652081
1,1,1,1,1,1,1,0,1,1,0,0,0,1,0,1,1,0,0,1,0,1,1,1,1,0,1,0,0,1,0,1,0.882681
1,1,0,0,0,1,0,1,1,0,1,1,0,0,1,1,0,0,1,1,1,1,0,1,1,0,1,0,0,1,0,1,0.833856
0,0,1,1,1,1,1,0,0,0,1,0,0,0,1,0,0,1,0,0,1,0,0,0,1,0,0,0,1,1,0,1,0.608701
0,1,1,1,1,1,0,0,0,1,0,1,0,0,0,0,1,0,1,0,0,1,1,0,0,1,1,0,1,0,1,0,0.573099
1,1,0,1,0,1,0,0,1,0,1,1,1,0,0,1,0,0,1,0,0,0,1,0,0,0,0,0,1,0,0,1,0.616905
0,1,1,1,1,1,1,1,1,0,0,0,1,1,0,0,0,0,0,1,0,1,0,1,1,1,0,0,0,0,0,0,0.569260
1,1,1,0,1,0,0,0,0,0,0,0,0,0,0,1,1,1,0,0,0,1,0,0,0,1,0,1,0,1,1,1,0.739418
0,1,1,0,1,1,0,0,0,1,1,0,0,0,0,1,0,0,0,1,1,1,0,1,0,0,0,0,0,1,0,1,0.815842
0,1,1,1,0,1,1,0,0,0,0,1,0,1,1,0,0,1,1,0,1,1,1,1,1,1,1,0,1,0,0,1,0.707329
1,0,0,0,1,1,1,1,1,1,1,1,1,1,1,1,1,0,1,0,1,0,1,1,1,1,0,1,1,1,0,1,0.843490
1,1,0,1,1,0,0,0,1,0,0,0,1,0,1,1,1,1,0,1,0,1,0,0,1,1,0,0,0,1,0,0,0.673683
1,1,0,1,0,0,0,1,1,0,0,1,1,1,0,1,0,0,1,0,1,0,0,0,1,1,1,1,1,0,1,0,0.621974
0,1,0,1,1,0,1,0,0,0,1,1,1,0,0,1,1,1,1,0,0,0,1,0,1,1,1,0,1,1,1,1,0.820082
0,0,0,1,0,0,0,0,0,1,0,0,1,1,0,1,0,1,0,0,1,0,0,0,1,0,0,0,1,0,0,1,0.615024
0,0,0,1,0,1,1,0,0,0,0,1,1,0,0,0,1,0,0,1,1,0,1,0,1,0,1,0,1,1,0,1,0.610106
0,1,1,1,0,1,0,0,0,0,0,1,0,0,1,1,0,0,0,0,1,1,1,0,0,1,0,0,0,1,0,0,0.435106
1,0,0,1,0,1,0,1,0,1,1,0,1,0,1,0,1,1,1,0,1,1,1,1,0,0,0,1,0,1,1,1,0.814989
0,1,0,1,0,1,0,0,0,1,1,1,1,0,1,0,0,0,0,0,1,1,1,0,1,1,1,1,0,1,0,0,0.543694
0,0,0,0,1,0,0,1,0,1,1,1,1,0,1,1,1,0,1,0,1,1,0,0,0,1,0,0,0,1,0,0,0.498357
1,0,1,1,1,1,1,1,0,0,1,1,0,0,0,0,1,1,1,0,0,1,1,0,0,0,0,0,1,1,1,0,0.702461
0,1,0,1,1,1,1,1,1,1,0,1,1,1,1,0,1,0,0,0,0,0,0,1,1,0,0,1,0,0,0,1,0.638483
1,0,0,0,1,1,1,0,0,0,1,0,1,1,0,0,1,0,1,1,1,0,1,0,0,1,0,0,1,0,0,0,0.872068
0,0,1,0,0,0,1,0,1,0,0,1,1,0,0,1,0,1,1,1,1,1,1,1,0,0,1,1,0,0,0,1,0.654565
1,0,0,1,0,0,0,1,1,1,1,0,1,1,0,1,1,1,0,0,0,1,1,1,1,0,0,0,1,0,1,0,0.636551
0,1,0,1,1,0,1,1,0,1,0,0,1,0,0,0,1,1,0,1,0,0,0,0,1,1,1,1,1,1,1,1,0.818401
0,1,0,1,0,1,1,0,0,0,1,0,1,1,0,1,0,1,0,0,0,0,0,0,0,0,1,0,0,0,0,1,0.607748
1,0,1,1,1,0,1,1,1,0,0,1,1,0,0,1,1,1,0,0,1,0,0,1,1,1,1,1,1,1,0,1,0.761146
1,0,0,1,1,1,0,1,0,0,0,0,1,1,0,0,1,1,1,0,0,1,1,1,1,0,1,0,1,0,0,0,0.684899
1,0,0,0,0,1,0,0,0,1,1,0,0,0,0,1,1,0,0,0,1,0,0,0,0,0,1,1,1,0,0,1,0.556665
1,1,1,1,1,1,1,1,1,1,0,0,0,1,0,1,0,1,0,1,0,0,0,1,1,1,1,0,0,0,1,1,0.835888
1,1,1,0,1,1,0,0,0,1,0,0,0,1,1,1,0,1,1,1,0,0,1,0,0,0,1,0,0,1,1,0,0.639511
0,1,0,0,0,0,0,0,1,1,1,1,1,1,1,1,1,0,0,1,0,1,1,1,1,0,1,1,0,0,1,0,0.622977
0,0,0,1,0,0,0,1,1,0,0,1,1,0,0,0,1,0,1,0,1,1,0,0,1,1,1,0,0,1,1,1,0.693228
0,1,1,1,1,0,0,0,1,1,0,0,0,0,1,1,1,0,0,0,0,1,1,0,0,1,1,0,1,0,1,1,0.765160
1,0,0,0,1,0,0,1,0,0,0,0,1,1,0,1,0,1,1,0,1,1,0,0,1,0,0,0,1,0,0,1,0.669167
0,1,0,1,0,1,0,1,0,0,1,0,0,0,1,0,1,0,1,1,0,1,1,0,0,1,1,0,0,1,0,1,0.638282
0,0,0,0,1,0,1,0,0,0,1,1,0,1,1,1,1,0,0,1,1,1,0,0,1,1,0,0,1,1,0,1,0.727375
1,1,0,1,1,1,1,1,0,0,1,0,1,0,1,0,0,0,0,0,0,1,0,0,1,0,1,1,0,1,1,0,0.739092
1,0,1,0,0,0,0,0,1,1,1,1,0,1,0,0,0,0,1,0,1,0,1,1,1,0,0,1,1,1,0,0,0.615425
0,0,1,0,1,0,0,1,0,0,1,0,1,0,0,0,0,0,0,0,0,0,1,0,1,1,0,0,1,0,0,0,0.260180
1,1,0,1,0,0,1,1,1,1,0,1,0,1,0,1,0,1,0,1,0,1,1,0,0,0,1,0,1,1,1,1,0.924932
0,0,1,0,1,1,1,1,0,1,0,1,1,1,0,0,0,1,0,0,1,1,1,1,1,1,1,1,0,0,0,0,0.599970
1,0,1,0,1,1,1,0,0,0,1,1,1,0,1,0,1,0,1,0,1,0,1,0,0,0,1,1,1,1,0,0,0.635622
1,1,1,0,0,1,0,1,0,1,0,0,0,1,0,1,0,1,0,1,0,0,1,1,1,1,0,1,0,1,1,0,0.689691
1,0,1,0,0,1,1,0,0,1,0,0,1,0,0,0,0,0,1,1,0,1,0,0,0,0,0,1,0,1,1,0,0.515844
1,0,0,0,0,0,1,1,1,1,0,0,1,0,0,0,1,0,0,1,0,0,1,1,1,0,0,0,0,1,0,0,0.578644
0,1,0,1,1,1,0,1,1,1,0,0,0,1,1,0,1,0,0,0,0,0,0,0,1,1,0,0,1,0,1,1,0.742981
1,0,1,1,0,0,0,1,0,1,0,1,1,0,0,1,0,0,1,1,1,0,0,1,0,0,0,0,0,0,1,1,0.791028
0,1,1,0,0,1,0,1,0,1,1,0,1,1,0,1,0,1,0,1,0,0,1,0,1,1,1,0,0,0,1,0,0.593848
0,0,1,0,1,1,0,0,0,1,0,0,1,0,0,0,1,1,1,0,0,0,0,0,0,1,0,1,1,1,0,0,0.506536
0,0,1,0,1,0,0,1,1,1,0,1,1,1,0,1,1,0,1,1,0,1,1,1,1,1,1,1,0,1,0,1,0.836616
0,1,0,1,1,0,0,1,0,0,0,0,0,1,0,0,0,0,0,0,1,0,0,1,0,1,0,1,1,0,0,0,0.398449
0,1,0,0,1,1,0,1,0,1,0,0,0,1,0,0,0,0,0,0,1,1,1,1,1,1,0,0,1,0,1,0,0.608350
1,1,0,1,1,1,1,1,1,0,1,0,0,1,1,0,0,1,0,1,0,1,0,1,1,1,0,1,1,1,0,1,0.790451
0,0,0,0,1,1,0,1,1,1,0,1,1,1,0,0,0,1,0,1,0,0,1,1,0,0,0,1,1,0,0,0,0.420152
1,1,0,1,0,1,0,1,0,0,0,1,0,1,0,1,1,1,0,1,0,1,1,1,0,1,0,0,0,0,1,1,0.858896
0,0,1,1,1,1,0,1,1,0,0,0,1,1,0,0,1,0,0,0,0,1,1,0,1,0,1,1,1,0,1,1,0.639361
1,0,0,1,1,1,0,1,1,1,0,0,0,0,1,0,0,0,1,1,1,0,0,0,1,1,1,0,1,0,0,1,0.660060
0,0,1,0,0,1,1,0,0,0,1,1,1,0,1,1,0,1,1,1,1,1,1,1,1,0,1,0,1,1,0,0,0.607371
1,1,1,1,1,1,0,0,1,0,0,0,1,1,1,0,0,1,1,1,0,0,1,1,0,0,0,0,0,1,0,1,0.746494
1,1,1,0,0,1,1,0,0,1,1,1,0,1,0,1,1,0,0,0,1,0,0,0,1,1,1,0,0,1,1,1,0.796221
0,0,1,1,1,1,0,1,1,1,0,1,1,0,1,1,1,0,0,0,0,1,1,1,0,1,0,1,0,1,1,1,0.869408
1,0,0,0,1,0,0,0,0,0,1,1,0,1,1,1,0,1,1,0,0,0,1,0,1,0,0,0,0,0,0,1,0.625235
1,1,0,1,0,1,0,1,0,1,0,1,1,1,1,1,1,1,1,1,0,1,1,0,0,0,0,0,1,1,1,1,0.978373
0,0,0,1,1,0,1,0,1,1,1,1,1,0,1,1,1,0,1,0,1,1,1,0,0,1,0,1,0,0,0,0,0.672303
0,1,1,0,1,1,0,0,1,1,0,0,0,1,0,0,0,1,0,0,0,0,1,1,0,0,0,0,1,0,0,0,0.575683
1,0,0,1,1,0,0,0,1,0,0,1,1,1,1,1,0,1,1,1,0,0,1,0,0,0,1,1,1,1,0,0,0.636526
0,1,0,0,1,1,1,0,1,0,0,1,1,0,0,1,1,1,0,1,0,1,1,0,1,0,1,0,1,0,1,0,0.608199
1,1,1,0,1,0,0,0,1,0,0,1,0,1,1,0,0,0,0,0,0,0,0,0,0,1,1,0,0,0,1,1,0.604110
1,0,1,1,0,0,0,1,0,1,1,1,1,0,0,1,1,1,1,1,0,1,1,0,0,1,0,0,0,1,0,1,0.719271
0,1,1,1,0,0,1,0,1,1,1,1,0,0,1,1,1,0,0,0,1,0,1,0,0,0,1,1,1,1,1,1,0.808967
0,1,0,1,0,1,0,0,0,1,1,1,0,1,0,1,0,0,0,0,0,1,1,0,1,1,0,1,1,0,1,0,0.568708
1,1,0,0,0,0,1,0,0,1,0,0,1,0,1,1,1,1,0,1,1,0,0,1,1,1,1,0,1,1,0,0,0.713200
1,1,1,0,1,0,0,0,0,0,0,0,0,0,0,0,1,0,0,0,0,1,1,1,1,1,1,0,0,0,0,0,0.795619
1,0,1,0,0,1,0,0,0,1,1,1,1,1,0,1,0,0,0,0,0,0,1,0,1,0,0,1,0,0,0,0,0.528690
1,1,1,0,0,1,1,1,0,1,0,1,1,0,1,0,0,1,1,1,0,0,0,1,1,1,1,1,0,1,1,1,0.821512
1,1,0,0,1,1,1,0,1,1,1,0,1,1,1,0,0,1,1,0,0,1,1,0,1,0,1,0,0,1,1,1,0.745590
0,1,0,1,0,1,1,1,0,0,0,0,1,1,1,1,0,1,1,0,1,1,1,0,0,0,1,1,1,0,0,1,0.638257
1,1,0,1,0,1,0,1,1,1,0,0,1,1,0,0,0,1,1,1,1,1,0,0,0,1,0,1,1,0,1,0,0.619791
0,0,0,0,1,0,0,0,1,1,1,1,1,1,1,0,1,1,0,0,0,0,1,1,1,1,1,1,1,0,0,1,0.680257
1,1,1,1,1,0,0,0,0,1,1,0,1,0,0,1,1,0,1,0,1,1,0,0,0,0,1,0,0,1,1,0,0.712798
1,0,1,0,1,0,1,0,0,1,0,0,1,0,0,1,0,1,0,0,0,1,0,1,1,1,0,1,1,0,1,0,0.585192
1,1,0,1,1,0,0,0,0,0,1,1,1,1,1,1,0,0,1,0,0,1,1,0,0,1,0,0,0,0,1,1,0.754146
1,1,1,0,0,0,0,1,1,1,1,1,0,0,0,1,0,1,1,1,0,0,0,0,1,0,1,0,0,0,0,1,0.615350
1,1,0,1,0,0,0,0,0,0,0,0,1,1,0,0,0,0,1,0,1,0,0,1,1,1,0,1,0,0,0,1,0.595378
0,1,1,0,1,1,0,1,0,0,1,1,0,1,0,0,0,1,0,1,0,1,0,0,0,1,0,0,0,0,1,1,0.628371
0,1,0,1,1,1,1,1,0,0,0,0,0,0,1,1,0,0,0,1,0,1,0,0,0,1,1,0,0,1,1,1,0.831197
1,1,1,0,1,0,1,1,0,0,1,0,1,1,0,0,1,1,1,1,1,0,1,1,0,1,0,0,0,1,0,0,0.728454
0,0,0,0,0,1,0,1,0,0,0,0,1,1,1,0,0,0,0,0,1,1,1,1,0,1,1,0,1,0,0,0,0.419550
0,1,1,0,0,1,0,1,0,0,0,0,1,1,0,1,1,1,0,0,1,1,1,1,1,1,1,0,0,1,1,1,0.986326
0,0,1,1,1,1,1,1,0,0,1,0,1,1,1,1,1,1,1,1,0,0,0,0,0,1,0,1,0,0,1,0,0.633916
0,0,0,1,0,0,0,0,1,1,0,0,0,0,0,1,1,1,1,1,1,1,0,1,0,1,1,1,0,1,1,1,0.907268
1,0,1,1,0,0,0,0,1,0,0,0,1,0,1,1,1,0,1,1,1,0,1,0,0,1,1,1,1,1,1,0,0.673006
1,0,0,1,0,0,0,0,0,0,0,1,1,0,1,0,1,0,1,0,0,1,0,1,1,1,0,1,0,0,0,0,0.782673
0,0,1,0,1,1,0,0,0,1,1,0,1,1,0,1,0,0,1,1,1,1,1,0,0,0,1,0,0,1,1,1,0.856236
0,0,0,0,1,1,1,1,0,1,1,0,0,0,0,1,0,0,1,0,0,1,1,1,1,1,0,1,0,0,0,0,0.504177
0,1,0,1,0,0,0,1,1,0,1,0,0,0,0,0,1,1,0,0,0,1,1,1,0,0,0,1,1,1,0,1,0.735479
1,1,0,1,1,1,0,0,0,1,0,1,0,0,0,1,0,0,0,1,1,0,1,0,0,0,1,0,1,0,0,1,0.618637
1,1,0,0,1,0,1,1,0,0,1,0,1,0,0,0,1,0,0,0,1,0,0,1,1,0,1,1,0,0,1,1,0.619339
1,0,0,1,1,1,0,0,0,1,0,0,0,0,0,0,1,1,1,0,0,1,0,0,0,1,1,0,1,0,0,0,0.863587
0,1,0,0,0,0,0,1,1,0,1,1,0,0,0,0,0,1,0,0,1,1,1,1,1,1,1,0,1,1,0,1,0.748777
1,1,1,0,0,0,1,0,1,0,0,1,0,1,0,0,0,0,0,0,1,1,1,1,1,1,1,1,1,0,0,0,0.663898
0,0,1,0,1,0,1,1,0,1,1,0,0,0,1,1,0,1,0,0,0,0,0,1,1,0,0,0,0,1,1,1,0.942218
0,0,0,1,1,0,0,0,1,1,1,0,1,1,0,0,1,1,0,1,0,1,0,0,1,0,0,0,0,1,0,0,0.572823
1,1,1,1,1,1,1,0,0,1,0,0,0,1,1,0,1,0,0,0,1,0,0,1,1,1,0,1,1,1,1,0,0.724164
1,0,0,1,0,1,1,0,1,0,1,0,0,1,0,1,0,1,0,0,0,1,1,0,1,0,1,1,1,1,0,0,0.610357
0,0,1,0,0,1,0,1,1,0,0,0,1,0,0,1,0,0,1,1,0,0,0,1,0,1,1,0,0,0,1,1,0.810096
0,1,0,1,1,1,1,1,1,0,1,0,0,1,1,0,1,0,1,1,0,1,1,1,0,0,1,1,1,0,1,0,0.700479
0,0,0,0,0,1,0,1,1,0,1,0,0,1,1,0,1,1,0,1,1,0,0,0,0,0,0,1,0,0,0,1,0.475926
1,1,0,1,1,0,1,0,1,0,0,0,0,0,0,0,0,1,0,0,0,0,1,1,1,1,1,1,1,1,1,0,0.646888
0,1,0,1,1,1,0,1,0,0,1,0,1,1,0,1,1,1,1,1,1,1,1,0,1,0,1,1,1,0,0,0,0.659633
1,1,1,0,0,1,0,0,1,0,1,0,1,0,1,0,1,1,1,1,0,0,1,1,1,0,1,1,1,1,0,1,0.703440
0,0,1,0,0,0,0,0,1,0,0,1,1,0,1,1,1,0,1,1,0,0,1,0,1,0,1,0,0,1,1,0,0.543443
1,0,0,1,1,0,1,0,1,1,0,0,1,1,0,0,1,0,1,1,1,1,0,0,1,1,1,0,0,0,0,0,0.868681
0,1,0,1,0,1,1,0,0,1,0,0,0,0,0,1,1,0,0,0,0,1,1,0,0,0,1,0,1,1,1,1,0.830770
0,0,0,0,1,0,1,0,0,0,1,0,0,1,0,0,0,0,0,0,0,0,1,1,1,1,1,0,0,0,1,0,0.422586
1,0,1,1,0,1,1,1,1,1,1,0,1,0,0,0,0,1,1,0,1,0,0,1,1,0,1,0,0,1,0,1,0.694182
0,1,1,0,1,0,1,1,0,1,0,1,1,0,0,0,1,0,1,1,0,0,1,1,0,1,0,0,1,1,1,0,0.585443
0,0,0,0,0,1,0,0,1,0,0,0,0,0,0,1,1,0,1,0,1,0,0,1,0,0,0,1,1,1,0,1,0.740021
1,1,1,0,1,0,0,0,1,0,0,1,0,0,0,0,0,0,0,1,1,0,1,0,1,1,1,1,1,0,1,0,0.597335
0,0,0,1,0,1,0,0,0,1,1,0,0,1,0,0,1,0,0,0,1,0,1,0,0,0,0,1,0,1,1,1,0.650425
0,1,1,0,1,0,1,1,1,0,1,0,1,1,1,1,1,1,1,1,1,1,0,0,0,0,1,1,1,0,1,1,0.722357
1,0,1,0,0,1,0,0,0,1,1,1,0,1,1,1,0,0,0,1,0,0,1,0,1,0,0,1,0,1,0,0,0.529267
0,0,0,0,1,0,1,1,1,1,1,1,0,1,1,1,1,1,1,1,0,1,0,1,0,1,0,0,0,1,0,0,0.616153
1,1,0,1,1,0,1,0,0,1,0,0,0,1,1,1,1,1,1,1,1,1,0,1,0,1,1,1,0,1,0,1,0.831347
1,1,1,1,0,0,1,1,1,0,1,1,0,0,1,1,1,1,0,0,1,1,1,0,0,0,1,1,0,1,1,0,0.852949
1,1,0,1,1,0,1,1,1,1,1,0,1,0,0,0,0,1,0,0,0,1,0,1,0,1,0,0,1,0,0,0,0.842838
1,1,0,1,0,1,0,1,1,0,1,0,1,1,0,0,1,1,0,1,0,0,1,1,0,0,1,0,0,1,1,0,0.659232
1,0,1,0,0,0,1,0,1,0,0,0,1,1,1,1,0,0,0,1,0,0,1,0,0,1,0,1,1,1,1,0,0.530848
1,0,0,1,0,0,1,0,0,1,0,0,1,0,0,0,0,0,0,0,0,0,0,0,1,1,0,1,1,1,0,1,0.574805
1,1,1,1,1,1,1,0,0,1,0,0,1,0,0,1,1,0,0,0,1,1,0,0,0,1,0,1,1,0,1,1,0.665404
0,0,1,1,1,0,1,1,0,1,1,0,1,1,0,1,0,1,0,0,1,1,1,1,0,0,0,1,0,1,0,0,0.481045
1,1,0,0,0,1,1,1,0,1,1,0,1,0,0,1,1,0,1,1,1,0,0,1,1,1,1,1,1,0,1,0,0.710164
1,0,1,0,1,1,0,1,0,1,0,1,1,1,0,1,1,1,0,0,1,0,0,0,1,0,0,0,1,0,1,0,0.670271
0,0,0,0,1,0,0,1,1,1,1,0,0,0,0,1,0,1,0,1,0,0,1,0,0,0,1,1,1,0,1,1,0.685601
1,0,1,1,0,1,1,0,0,0,1,1,1,1,0,0,0,0,0,0,0,0,1,1,0,1,0,1,1,1,0,1,0.814035
1,1,1,1,1,0,0,1,0,1,0,0,1,1,0,0,0,0,0,0,1,1,0,1,1,1,0,1,1,1,0,0,0.805806
0,0,1,1,1,0,1,1,0,0,1,0,1,0,1,1,0,1,1,1,1,1,1,1,1,1,1,0,0,1,0,0,0.660110
1,1,0,1,0,1,1,0,1,1,1,0,0,0,1,0,1,1,0,0,1,0,1,0,0,0,1,1,1,1,1,1,0.668214
1,1,1,0,1,0,0,0,0,0,0,0,1,1,1,1,1,0,0,0,1,1,1,0,0,1,0,0,0,0,1,0,0.635974
0,1,1,1,0,0,0,1,0,0,0,0,1,0,0,1,1,1,1,1,1,1,1,0,0,1,1,1,1,0,0,0,0.627719
0,1,1,1,1,0,1,0,1,0,1,1,0,0,1,0,1,0,1,1,1,1,1,0,1,0,1,1,1,1,0,1,0.689415
1,1,1,1,1,1,0,0,1,0,1,0,0,1,1,0,1,0,1,0,0,1,1,1,1,0,1,0,0,1,1,1,0.869960
0,1,0,0,1,0,0,1,1,1,1,0,0,0,1,1,0,0,0,0,0,0,0,0,1,0,1,1,1,0,0,0,0.481823
1,0,0,0,0,1,0,0,0,1,1,0,0,0,0,0,0,0,1,1,1,0,1,0,1,0,0,0,0,1,1,0,0.506185
0,0,1,0,1,0,0,1,1,0,1,0,1,1,1,1,1,1,0,0,1,0,0,1,1,1,0,1,0,0,0,0,0.611712
0,0,0,1,1,0,0,1,1,1,0,1,1,0,0,1,0,0,0,0,1,0,1,0,1,1,0,0,0,0,0,0,0.567027
1,0,1,1,1,0,0,1,1,0,0,1,0,0,1,1,1,1,0,0,0,1,1,0,1,1,0,1,0,1,1,1,0.813333
0,0,1,0,1,0,0,1,0,0,1,1,1,0,1,0,1,0,0,1,0,1,1,1,1,1,0,1,0,0,0,1,0.633766
0,1,0,0,1,1,1,1,0,0,1,0,0,0,1,1,0,1,1,1,1,1,0,1,0,1,0,0,1,0,1,0,0.593773
1,1,0,0,0,1,1,0,0,1,1,1,0,1,0,1,1,0,1,0,1,0,0,0,0,0,0,0,0,0,1,1,0.712071
1,0,0,0,0,1,0,1,1,1,1,0,0,0,1,0,1,1,1,0,1,1,1,1,0,1,1,1,0,0,1,0,0.681511
0,0,0,1,0,0,1,0,1,1,0,0,1,1,1,1,1,1,1,0,0,0,0,1,0,1,1,1,1,0,0,0,0.595905
1,0,1,1,0,1,0,0,0,1,0,0,0,0,1,1,0,1,1,1,0,1,1,1,0,0,1,0,1,1,1,0,0.636626
0,1,1,0,1,1,0,0,1,1,1,1,0,1,1,1,1,1,1,1,0,0,1,1,1,0,0,1,1,1,1,1,0.869207
0,1,1,0,1,0,1,1,0,0,0,0,1,0,0,1,1,1,1,0,1,0,0,1,1,0,1,0,1,1,1,1,0.961236
0,1,1,0,1,1,0,1,1,0,0,1,1,0,0,0,1,1,0,0,0,0,1,0,1,1,1,0,1,0,1,1,0.692451
0,0,1,0,1,1,1,0,1,0,0,0,0,1,1,0,0,0,1,1,0,0,1,1,0,0,1,1,1,0,0,1,0.612465
0,1,0,1,0,0,0,1,1,1,1,0,1,0,1,0,1,1,1,0,1,0,0,1,1,1,1,1,0,1,1,0,0.665153
1,0,1,0,1,0,0,1,0,0,1,1,1,1,0,0,1,0,0,0,0,0,0,1,1,0,0,1,0,0,1,0,0.670949
0,1,0,0,1,0,0,0,0,0,1,0,0,1,1,0,0,0,0,0,1,0,1,0,1,1,0,0,0,1,0,1,0.616655
1,0,1,0,1,1,0,1,1,0,1,1,1,0,0,0,1,1,1,1,1,1,0,1,1,1,1,0,0,0,0,0,0.800512
0,1,1,1,0,0,1,0,1,1,1,0,0,0,1,1,1,1,1,1,0,0,1,0,0,1,1,0,1,0,0,0,0.716687
0,0,0,0,1,0,1,0,0,1,1,1,0,0,1,1,1,1,1,0,1,1,0,1,1,0,0,0,1,0,1,0,0.601300
1,1,0,0,0,0,1,1,1,1,1,0,1,1,0,0,0,1,1,1,0,1,0,1,1,0,0,0,1,0,0,0,0.667010
1,1,0,0,0,0,1,1,1,0,0,0,0,0,1,0,1,0,1,1,1,0,1,0,0,1,0,0,1,0,1,0,0.632963
0,1,0,1,1,1,1,0,1,1,1,0,1,1,1,1,0,0,1,0,0,0,0,0,1,0,0,1,0,1,1,0,0.642572
1,1,1,1,0,0,0,1,0,1,0,1,1,0,0,1,1,0,1,0,1,1,0,0,0,1,1,1,1,0,1,0,0.615576
0,1,1,1,0,0,1,1,0,1,1,1,1,1,0,1,1,0,0,1,0,1,1,1,0,1,0,0,0,0,0,1,0.745540
0,0,0,1,0,0,0,0,0,1,1,1,1,0,1,0,0,0,1,0,0,1,1,0,0,0,0,0,0,1,0,1,0.624884
1,1,1,1,0,1,1,1,1,0,1,1,0,1,0,1,0,0,0,1,1,1,0,1,0,1,1,1,0,0,0,1,0.751737
1,1,0,1,1,1,0,1,1,0,0,1,1,0,1,0,1,0,1,0,1,1,0,0,1,0,1,1,1,1,1,0,0.861580
1,1,0,0,1,0,1,1,0,1,0,0,1,1,1,1,1,1,0,0,0,1,0,0,0,1,0,1,0,0,0,0,0.563916
0,1,0,0,0,1,0,1,1,1,1,1,1,1,0,1,0,1,1,0,0,0,1,1,1,1,0,0,0,0,1,1,0.863788
0,0,0,1,1,1,0,0,0,1,0,0,1,0,0,1,0,0,1,1,1,1,0,1,1,1,0,1,0,1,0,0,0.543142
0,1,0,0,1,0,0,1,0,1,0,1,0,0,1,1,0,1,0,0,1,0,0,1,0,0,1,0,1,1,1,1,0.964222
0,1,1,0,0,1,1,1,1,0,1,1,0,0,1,0,1,1,1,0,0,0,1,0,1,0,1,0,0,1,1,0,0.641142
1,0,1,1,1,1,1,1,0,0,0,0,1,1,1,0,1,0,0,0,1,1,1,1,1,1,1,0,1,1,0,1,0.784354
1,1,0,1,1,1,0,1,0,0,0,0,1,0,0,0,1,0,1,1,0,1,1,0,0,1,1,0,1,1,1,0,0.777103
0,0,1,1,0,1,0,0,1,1,1,1,0,1,0,0,0,1,1,0,0,0,1,1,1,1,0,1,1,0,1,0,0.602454
0,1,1,0,0,0,1,0,1,1,0,1,0,0,0,1,0,1,0,1,1,0,1,1,1,0,0,0,1,0,1,1,0.822365
1,0,1,0,1,1,1,0,1,1,0,0,1,1,1,0,1,1,1,0,0,1,0,1,0,1,0,0,1,0,1,0,0.790376
1,1,0,1,0,1,1,1,0,0,1,0,0,0,0,0,1,1,1,0,1,0,1,1,0,0,0,0,1,1,0,0,0.622300
1,0,1,0,0,0,0,0,0,0,1,0,1,1,0,1,1,0,0,0,1,1,0,1,1,0,0,1,0,1,0,0,0.567705
0,0,0,1,1,0,1,0,1,1,0,1,0,0,0,0,0,0,0,0,1,1,1,0,1,1,0,0,1,1,0,1,0.616554
1,1,0,1,0,0,1,0,1,0,0,0,1,1,0,1,1,1,0,0,1,0,0,0,0,1,0,0,1,1,0,1,0.698773
1,1,1,1,0,1,1,0,1,0,1,1,0,0,0,1,1,0,1,0,1,0,1,0,1,1,0,0,0,1,0,0,0.769074
0,1,0,0,0,0,1,1,0,1,1,0,1,1,1,0,0,0,1,1,1,0,1,1,0,1,0,0,0,0,0,1,0.650626
1,0,1,1,0,1,0,1,1,0,1,0,1,1,1,1,1,1,0,0,0,1,0,1,0,1,0,1,0,1,1,1,0.868555
1,1,1,0,0,1,0,0,0,0,1,1,1,0,0,0,0,0,1,0,0,1,1,0,0,0,0,1,1,0,1,1,0.583210
1,0,0,1,1,1,1,1,0,1,1,0,0,0,1,0,0,1,0,0,1,0,1,1,0,1,1,0,0,0,1,1,0.764282
1,1,1,0,0,1,0,0,0,1,1,1,0,1,0,0,0,1,0,1,1,0,0,1,1,0,0,1,1,0,1,1,0.709185
1,0,1,0,0,0,1,1,1,1,1,0,0,1,1,1,1,1,0,1,1,1,1,1,1,1,0,1,0,0,1,1,0.829792
1,1,0,1,0,1,0,1,1,1,0,1,0,1,0,1,0,0,0,1,0,0,1,1,0,0,0,1,0,0,0,0,0.576812
1,1,1,1,0,1,0,1,1,0,0,1,1,0,0,1,1,1,0,0,0,1,0,1,0,1,0,0,0,0,0,1,0.714655
1,1,0,0,0,1,0,0,1,0,1,1,0,1,1,1,0,0,1,1,1,0,1,1,1,0,0,1,0,0,1,1,0.810673
0,1,1,1,1,1,0,1,0,1,0,0,1,0,1,1,0,0,1,0,1,0,0,1,1,0,0,0,1,0,1,0,0.634845
0,1,0,1,1,0,1,0,1,0,0,1,1,0,0,0,1,1,1,1,0,0,0,1,1,0,0,1,1,1,0,1,0.677171
1,1,0,1,1,0,1,1,0,0,0,0,0,1,0,1,0,0,1,0,1,0,1,1,0,0,1,1,1,1,1,1,0.867953
1,0,1,1,0,1,1,0,0,0,1,1,1,0,0,0,0,0,1,0,1,1,0,1,1,0,0,1,0,0,0,1,0.556088
0,0,1,1,1,1,0,0,0,1,1,0,1,0,1,1,1,0,0,1,1,0,0,0,0,1,0,0,0,0,1,0,0.579597
0,0,0,1,0,0,0,1,1,1,1,1,0,1,1,1,1,1,0,1,0,1,1,0,0,1,0,1,1,1,0,0,0.629526
1,1,0,0,0,0,0,0,0,0,0,1,1,1,1,1,1,0,0,0,0,0,0,0,0,0,1,0,0,0,1,1,0.715282
1,0,1,1,0,0,1,1,1,0,0,0,1,0,1,0,1,0,0,0,0,0,0,0,0,0,1,0,0,0,1,1,0.632662
0,1,0,0,1,1,0,0,0,1,0,1,0,1,0,1,0,0,0,1,0,0,0,1,1,1,0,1,1,1,1,0,0.588328
0,0,1,0,0,1,0,1,1,1,1,1,0,1,0,0,0,1,0,0,0,1,0,0,1,1,1,0,1,0,1,1,0.679655
1,0,1,0,0,0,1,1,1,1,0,0,0,0,1,1,1,1,1,0,1,0,0,1,1,1,0,1,0,0,0,0,0.656296
1,1,0,0,1,1,1,0,1,1,0,0,0,1,1,0,0,0,1,1,1,0,0,1,1,1,0,0,0,1,1,1,0.834659
1,0,0,0,0,1,1,1,1,1,1,0,1,0,1,1,1,1,1,0,1,1,1,1,0,0,1,0,1,0,0,0,0.727526
1,1,1,0,1,0,0,1,1,1,0,0,1,1,0,1,1,0,1,0,1,0,1,1,1,1,0,0,0,0,1,0,0.823444
1,0,0,0,1,1,1,1,1,1,0,0,0,0,0,0,1,0,0,1,0,0,1,0,0,0,0,0,0,0,0,1,0.573977
1,0,1,0,1,0,0,0,1,1,0,0,0,0,0,0,1,1,1,1,1,1,1,1,1,0,0,1,0,0,1,1,0.689214
0,1,1,1,1,1,1,0,0,0,1,1,1,1,1,0,1,0,0,1,0,0,0,0,0,1,1,0,0,0,1,1,0.634669
1,1,1,0,1,1,1,0,1,0,1,0,1,1,1,1,0,0,1,0,1,1,1,1,1,1,1,1,1,1,1,1,0.869458
0,1,1,0,1,1,0,0,1,1,1,1,0,1,0,1,1,1,0,0,1,1,0,0,0,1,0,1,0,1,1,0,0.617583
0,1,0,1,1,0,1,1,0,1,0,1,1,0,0,1,0,0,1,1,0,0,1,1,0,1,0,1,0,1,1,1,0.868831
1,1,0,1,0,1,0,1,1,1,0,0,1,0,1,0,0,0,0,1,0,0,1,1,1,1,0,0,0,0,0,1,0.616077
1,0,0,1,0,0,0,1,1,0,0,0,1,0,1,0,1,1,0,0,0,0,1,0,0,1,1,1,0,1,1,1,0.705623
1,1,1,1,0,0,1,0,0,0,0,0,1,0,0,0,1,1,1,0,0,0,1,0,0,1,0,0,1,1,1,1,0.730662
1,0,1,1,0,1,1,0,1,0,0,1,0,0,0,1,0,1,0,1,0,1,1,1,0,0,0,1,1,0,1,1,0.800462
0,0,1,1,0,0,1,1,1,1,1,0,1,0,1,0,1,0,1,0,1,1,0,1,1,1,1,0,1,0,1,1,0.733196
1,1,1,0,0,0,1,1,0,1,0,1,1,0,1,0,1,1,1,0,1,1,1,0,1,0,1,1,1,1,1,1,0.729307
0,0,1,0,1,0,1,0,0,1,1,1,0,1,0,1,0,1,1,1,0,0,0,0,0,0,0,1,1,0,0,1,0.608626
1,1,1,1,0,1,1,1,1,0,1,1,0,1,1,0,1,1,0,1,1,1,1,0,1,0,1,1,0,0,0,0,0.919211
1,0,1,0,1,0,1,1,0,1,0,1,0,1,1,1,1,1,0,0,1,0,0,1,0,1,1,0,0,0,1,1,0.849311
1,1,1,0,0,0,0,1,1,0,1,1,0,1,0,1,0,0,1,1,0,0,1,0,1,1,0,0,0,0,0,0,0.660461
0,0,0,0,0,1,1,0,1,0,1,0,0,1,1,1,0,0,0,1,0,1,0,1,0,1,0,1,1,1,0,0,0.452392
1,1,1,0,0,1,1,1,1,0,1,1,0,1,1,0,0,0,1,1,0,1,1,1,0,1,0,0,0,0,1,1,0.778508
0,1,1,1,1,0,1,0,0,0,0,1,0,0,0,0,0,1,1,0,0,1,0,0,0,0,0,1,0,1,1,0,0.446496
1,0,1,1,0,0,0,0,0,0,0,0,1,0,0,1,0,1,1,1,1,0,0,0,0,1,0,1,1,1,0,1,0.627995
0,1,1,1,1,1,1,0,0,1,1,1,1,0,0,1,0,0,1,1,1,0,1,0,0,1,0,0,0,1,1,0,0.627895
1,0,1,0,0,1,1,0,1,0,0,0,0,1,1,0,0,0,0,1,0,0,1,0,1,1,1,1,0,1,1,0,0.582834
1,1,1,0,0,0,1,0,0,1,0,0,1,0,0,1,1,0,0,0,0,0,0,1,0,0,1,0,1,1,0,1,0.807110
1,0,0,0,0,1,0,1,1,1,0,0,1,1,1,1,0,1,0,0,1,1,0,0,0,1,0,0,0,0,1,0,0.575482
0,1,1,1,1,1,0,1,1,0,0,1,1,1,1,0,0,1,0,0,0,0,0,0,0,1,1,1,0,1,1,0,0.633941
1,1,0,0,0,0,0,0,0,0,0,1,1,0,0,0,1,1,0,0,0,0,0,0,1,0,0,0,1,0,1,0,0.673458
1,1,1,0,0,1,1,1,1,0,1,1,0,1,1,0,1,0,0,1,1,0,1,1,1,1,1,0,1,1,1,1,0.873899
0,1,1,0,0,0,0,0,0,1,0,1,0,0,0,0,1,0,0,1,0,0,1,0,0,0,0,1,0,1,0,1,0.539855
1,1,1,0,1,0,1,0,0,0,0,0,0,0,1,0,0,0,1,0,1,0,0,1,1,0,1,0,0,0,0,1,0.590461
1,0,1,1,0,0,1,1,0,1,0,1,0,0,1,0,1,0,0,1,0,1,1,0,0,1,0,0,0,1,0,0,0.663924
1,0,0,1,1,0,1,1,1,0,0,0,0,1,0,1,1,1,0,0,0,1,0,1,0,0,0,1,1,0,0,0,0.568031
0,1,1,0,0,0,0,1,0,1,0,1,0,1,1,0,0,0,1,0,0,1,0,0,1,1,0,1,0,0,0,1,0.582006
0,0,0,1,1,0,1,1,1,1,1,1,0,1,1,1,1,0,0,0,1,0,1,1,1,1,1,1,1,0,1,0,0.740673
1,1,1,1,0,0,1,1,0,1,1,1,0,0,0,0,0,1,0,1,1,0,1,1,0,0,0,0,1,0,1,1,0.731917
0,1,0,0,0,0,0,0,1,0,0,1,1,1,1,0,0,1,1,0,1,0,1,1,1,1,0,1,1,0,1,0,0.599343
0,0,1,1,1,0,1,1,0,0,1,0,0,0,0,1,1,0,1,1,1,0,0,1,1,1,0,1,1,0,0,0,0.655995
1,0,0,1,0,0,0,1,1,1,0,0,1,0,0,1,1,1,1,0,0,1,0,1,1,0,0,0,1,0,1,0,0.605314
1,1,1,1,1,1,0,0,0,1,0,1,1,1,1,0,0,0,1,1,1,1,0,1,1,0,0,0,0,1,1,0,0.721655
0,0,1,1,0,1,0,1,1,0,1,1,0,0,0,0,0,1,0,1,0,0,0,0,0,0,1,1,1,1,1,1,0.650350
1,1,1,1,1,1,0,0,0,0,1,0,0,1,1,1,0,1,0,1,1,1,0,0,0,1,0,0,1,0,1,0,0.637027
0,1,0,1,1,1,1,0,0,1,0,0,1,0,1,1,1,1,1,0,0,0,0,0,0,0,1,0,1,1,1,0,0.645357
1,0,1,0,1,1,1,1,1,1,0,0,0,1,1,0,0,1,0,0,1,0,1,1,0,0,0,1,1,0,1,0,0.621698
1,1,0,1,1,0,0,1,1,0,0,1,0,0,1,0,0,0,1,0,1,0,0,1,0,0,0,0,1,1,1,0,0.629751
1,0,1,0,0,1,0,1,1,1,1,0,0,1,0,0,0,1,1,0,1,0,0,1,0,1,1,1,1,0,1,1,0.707555
0,1,1,0,0,0,0,0,0,1,0,1,1,1,0,1,0,1,1,1,0,1,0,0,0,0,1,0,1,1,1,0,0.583988
0,1,0,1,1,0,0,1,1,0,1,0,1,1,1,1,1,1,1,1,1,0,0,1,0,1,1,1,0,0,0,0,0.700931
0,1,0,1,1,0,0,0,0,0,1,1,1,0,0,0,1,0,0,1,1,0,0,0,1,1,0,0,1,0,0,1,0.578970
1,1,1,0,0,0,0,0,1,1,0,1,0,1,1,0,1,0,1,0,0,1,1,1,1,1,1,1,1,0,0,1,0.656924
0,1,1,1,0,1,1,0,1,0,1,0,1,1,0,0,1,0,0,0,0,0,0,1,1,0,1,1,0,0,1,0,0.602956
0,1,0,0,1,1,0,1,0,0,0,1,1,0,0,0,0,1,0,1,1,0,1,1,1,0,1,0,0,1,0,1,0.708633
1,0,0,0,0,0,1,1,0,1,1,0,0,0,0,0,1,0,0,0,1,1,1,0,0,0,1,1,0,1,0,0,0.654992
1,0,1,0,0,0,1,0,1,1,1,0,0,1,1,1,1,0,0,0,1,1,0,0,1,0,1,1,1,0,0,1,0.616153
0,0,1,0,1,1,1,1,0,1,0,0,1,1,0,0,0,1,0,0,1,0,1,1,1,0,1,1,1,1,1,1,0.808014
1,1,1,1,1,0,0,0,0,0,1,0,0,0,0,0,0,0,0,1,0,0,0,1,1,1,0,1,0,1,0,0,0.692827
0,1,0,1,1,1,1,1,0,1,1,1,0,1,1,0,1,0,1,0,1,1,1,0,0,1,0,0,1,0,1,1,0.731164
1,1,0,0,1,0,1,0,1,1,1,1,1,1,0,0,1,1,0,0,0,1,0,0,0,1,0,1,1,0,0,0,0.761698
1,1,0,0,1,0,1,1,1,0,1,0,1,1,0,0,1,1,0,0,1,1,0,0,1,0,1,0,1,0,0,1,0.688863
1,0,0,0,0,1,0,1,1,1,1,0,1,1,0,0,0,1,1,0,0,0,0,1,0,1,0,1,0,0,1,1,0.664200
1,1,0,0,0,0,1,1,1,0,0,0,0,0,0,0,0,0,0,1,0,1,1,0,1,1,1,0,0,1,0,1,0.624658
1,1,0,0,0,1,0,0,0,1,1,1,1,0,0,1,1,1,1,1,0,1,1,1,1,0,0,1,1,1,1,1,0.870437
0,0,0,1,1,1,1,0,1,1,0,0,0,1,0,0,1,0,1,0,1,0,1,0,0,0,0,1,0,1,0,1,0.576963
1,0,1,0,0,1,1,1,0,1,0,1,0,0,1,1,0,0,0,0,0,1,1,1,1,1,1,1,1,0,1,0,0.834207
0,1,0,0,1,0,1,1,1,0,0,1,1,0,1,1,1,1,1,0,1,1,1,1,1,0,1,0,0,1,1,1,0.981609
0,0,1,1,1,1,1,1,0,0,1,1,0,0,1,1,0,0,1,0,1,1,1,0,1,1,1,0,1,0,0,0,0.602429
1,1,0,1,0,0,1,0,0,0,0,1,1,0,0,1,1,1,0,1,1,0,1,0,0,0,1,1,1,1,1,0,0.645759
0,1,1,1,0,1,1,1,1,1,0,1,1,0,1,1,0,0,0,1,1,0,1,1,0,1,0,1,1,0,0,1,0.823569
0,0,1,0,0,1,1,1,0,0,0,1,1,1,0,0,0,0,1,1,0,1,0,1,1,1,0,0,0,0,0,1,0.633465
1,1,1,0,0,1,1,1,1,0,1,0,0,1,1,0,0,0,0,1,0,0,1,1,0,0,0,1,0,1,1,0,0.576335
1,1,0,0,0,0,1,0,1,0,0,0,0,0,0,0,0,0,0,1,0,0,0,0,1,0,0,1,1,1,0,0,0.714178
0,1,0,1,0,0,1,0,0,0,0,1,1,1,0,1,1,1,1,0,0,1,0,1,0,1,0,0,0,0,0,1,0.708734
0,0,0,0,0,1,1,1,0,0,0,0,0,0,0,1,0,1,0,1,0,0,0,0,1,1,0,0,1,1,0,1,0.706149
1,0,0,1,0,1,0,0,1,1,1,0,1,1,0,0,0,0,1,1,0,1,1,0,1,1,1,1,0,1,0,1,0.677623
1,1,0,0,1,0,1,0,1,1,1,0,0,0,1,1,1,1,0,1,0,0,0,0,0,0,1,0,0,0,0,1,0.612490
0,1,0,1,0,1,1,1,0,0,0,1,1,0,1,0,1,0,1,1,1,0,0,0,1,1,1,1,1,0,0,0,0.572672
0,0,1,1,0,0,0,1,0,1,1,1,0,0,0,1,1,0,0,1,1,1,1,0,1,0,0,1,1,0,1,1,0.689615
1,0,0,1,0,1,0,1,0,1,1,0,0,1,1,0,1,0,1,1,0,1,1,1,1,0,0,1,1,0,1,1,0.769953
1,1,0,1,0,0,0,0,1,1,0,1,0,0,1,1,0,1,1,1,0,1,1,0,0,1,0,1,1,1,1,0,0.689490
0,0,0,0,0,0,0,0,1,0,1,0,0,0,0,1,1,0,1,0,0,1,0,0,1,1,0,1,1,1,0,1,0.632511
0,1,1,0,1,1,0,1,0,1,0,1,0,1,0,0,0,0,1,1,0,1,0,0,1,1,0,1,0,1,1,0,0.624658
1,0,1,0,1,1,1,0,0,0,0,1,0,1,0,0,1,1,0,1,0,0,1,1,1,1,0,1,1,1,0,0,0.662619
1,0,1,1,0,0,0,1,0,0,1,1,1,1,1,1,1,1,1,0,0,1,0,0,1,0,0,0,0,1,0,0,0.602052
1,1,1,1,1,1,0,1,0,0,0,0,0,0,0,0,0,0,1,0,0,1,1,0,0,1,1,1,0,1,1,1,0.671601
1,0,1,0,0,1,1,0,1,0,0,0,1,1,1,1,0,0,0,0,0,1,1,0,0,0,0,1,1,1,1,0,0.510425
0,0,0,1,1,0,1,0,0,1,0,0,0,1,1,1,0,0,1,1,0,1,1,0,0,1,0,1,0,0,0,0,0.320446
0,0,0,0,1,0,1,1,1,1,0,1,0,0,0,0,0,0,0,0,0,0,0,1,0,0,1,1,1,0,1,1,0.635547
0,1,1,1,0,1,0,1,0,0,0,1,1,0,0,1,1,1,0,1,0,1,1,1,1,1,1,0,1,0,0,1,0.784530
1,1,0,0,1,1,0,1,1,1,1,0,0,1,1,1,1,1,0,1,1,0,0,1,0,1,0,1,0,1,0,1,0.820333
0,0,0,1,0,1,1,0,0,1,1,0,0,0,1,0,1,0,0,1,0,1,1,1,1,0,1,1,0,1,1,0,0.593020
0,0,0,1,1,1,1,0,1,1,1,0,1,1,0,0,0,1,1,0,1,0,0,0,1,0,0,1,1,0,1,0,0.579672
1,0,1,0,1,1,1,1,1,0,0,0,0,0,1,0,1,1,0,1,1,1,0,1,0,0,1,0,1,0,1,1,0.712673
0,0,1,0,1,1,0,1,1,1,0,0,1,1,0,1,0,0,0,0,0,1,1,0,0,0,1,0,1,0,1,1,0.795419
1,0,0,1,1,0,0,1,1,0,0,1,0,0,0,0,0,0,0,1,0,1,1,0,1,0,1,1,1,0,1,1,0.598590
1,0,0,0,1,0,0,1,0,1,1,1,1,0,1,1,1,0,0,1,0,0,1,1,1,1,0,0,0,1,0,1,0.824974
0,0,0,0,1,0,0,1,0,1,1,0,1,0,0,0,0,1,0,0,1,1,1,0,1,1,0,1,1,1,1,1,0.669820
1,1,1,1,0,0,0,0,0,1,0,0,1,0,1,0,0,1,1,0,0,0,1,1,0,0,1,0,0,0,1,0,0.554181
0,1,1,1,1,1,0,0,1,0,0,1,1,1,1,0,0,1,1,0,1,0,0,0,1,1,0,0,0,1,0,0,0.612690
1,0,1,0,1,1,0,0,0,0,0,0,1,1,0,1,1,1,0,1,1,1,1,0,1,1,0,0,1,1,1,1,0.863261
0,1,0,1,1,1,1,0,1,0,0,1,1,1,0,1,1,0,1,1,0,1,1,1,0,0,0,1,1,1,0,0,0.632361
1,1,0,1,0,1,0,1,0,1,1,1,1,0,1,0,0,0,1,0,1,0,1,0,0,1,1,0,1,0,0,0,0.828512
1,0,0,0,1,1,1,1,0,0,0,1,1,1,0,1,1,0,0,1,0,1,0,0,0,1,0,1,1,0,1,0,0.567278
0,1,1,1,0,1,0,0,1,1,1,0,0,1,1,1,0,0,1,1,1,0,0,1,0,0,0,1,0,0,0,1,0.641293
1,0,0,1,0,0,0,0,1,0,1,0,0,0,1,0,1,1,0,0,0,1,0,0,0,1,0,0,0,1,1,1,0.681210
0,0,0,1,0,1,1,1,1,1,0,0,0,1,1,1,1,0,1,0,0,1,0,1,0,1,1,0,0,1,1,1,0.965577
1,0,0,1,0,1,1,0,1,0,0,1,0,0,0,0,0,0,1,1,1,0,1,0,0,0,0,0,1,1,1,1,0.728580
0,1,1,1,0,0,1,1,1,0,1,1,0,1,0,1,1,1,0,0,0,0,0,1,0,1,1,1,1,1,0,0,0.723185
0,0,1,0,1,1,0,0,1,1,1,0,0,1,0,1,1,0,1,0,1,0,0,1,1,0,1,1,0,0,0,0,0.429837
0,0,0,1,0,1,1,1,0,0,1,1,0,1,1,1,0,1,1,1,0,1,1,1,0,0,1,1,0,1,0,0,0.489124
1,1,0,1,1,1,0,1,0,1,0,1,1,0,1,1,0,1,1,0,1,1,0,0,1,0,1,1,1,1,1,0,0.719598
0,1,1,0,0,0,0,0,1,1,0,1,1,1,0,1,0,0,1,1,1,0,0,0,0,0,0,1,0,0,0,0,0.544848
1,0,0,0,0,1,1,1,0,1,0,0,0,0,0,0,0,0,1,0,0,0,1,0,1,1,0,1,0,1,1,0,0.532654
1,1,1,1,0,1,0,0,0,1,1,0,1,1,0,0,0,1,0,1,0,1,1,0,0,1,1,0,1,0,1,1,0.702010
1,1,0,1,1,0,1,0,1,0,0,1,0,1,0,0,0,1,1,1,0,0,0,0,0,0,1,1,1,0,0,0,0.646787
0,0,0,1,1,0,0,0,0,0,0,0,1,0,0,1,1,0,0,0,1,1,0,1,0,1,0,1,0,1,1,0,0.490754
1,0,1,0,1,1,1,0,0,0,1,1,0,0,1,0,1,1,1,0,0,0,0,1,0,1,0,1,0,1,1,1,0.758311
1,0,0,0,1,0,1,1,0,0,1,0,0,1,0,1,1,1,0,0,1,0,0,0,0,0,0,1,0,1,0,0,0.547658
1,1,1,0,0,1,1,0,1,1,1,1,0,0,1,1,1,0,0,0,1,1,1,0,1,0,1,1,0,1,1,1,0.823720
0,1,0,0,0,0,0,0,0,1,0,0,0,0,1,0,0,1,1,1,0,0,1,0,1,1,0,1,0,0,1,1,0.555360
0,1,0,0,1,0,0,1,0,1,0,1,1,0,0,1,1,1,1,1,0,1,1,1,0,0,1,1,0,0,1,0,0.654665
1,1,1,1,1,0,0,0,0,1,1,1,0,1,1,1,1,0,0,0,0,1,0,1,0,0,0,1,1,0,0,1,0.736884
0,1,1,0,1,0,1,0,1,0,0,0,1,1,0,0,0,0,1,1,1,0,0,0,1,0,0,1,1,1,1,1,0.652232
0,1,1,0,0,1,0,1,1,1,0,0,1,1,1,1,0,1,1,0,1,1,0,0,0,0,1,0,1,1,1,0,0.682314
1,1,0,1,0,0,1,0,1,0,0,1,0,1,0,0,0,1,0,1,1,0,0,0,1,0,0,0,0,0,0,0,0.833705
1,1,0,0,0,1,0,0,1,0,0,0,1,1,1,1,0,0,0,0,1,0,0,0,0,1,0,0,0,1,1,1,0.809895
0,1,0,1,0,0,0,0,1,0,0,0,0,1,0,0,1,1,0,0,0,0,0,1,0,1,0,1,1,0,0,1,0.568206
1,0,1,0,1,0,1,0,1,0,1,1,0,1,1,0,0,1,1,1,1,1,0,1,0,1,0,1,1,1,0,0,0.642121
1,0,1,1,0,1,0,1,0,1,0,1,0,1,1,0,1,0,0,0,1,1,1,0,0,0,1,1,1,0,0,0,0.673709
0,1,1,0,0,1,0,1,0,0,0,0,0,1,1,1,1,1,0,0,0,0,0,0,0,0,0,0,1,1,1,1,0.859322
1,0,1,1,0,1,1,1,1,0,1,0,0,0,0,1,0,1,1,0,0,1,0,1,1,0,1,0,1,1,1,0,0.654716
1,1,1,0,1,1,0,1,0,1,1,1,1,0,1,0,0,1,0,0,0,0,1,0,0,1,1,0,0,1,1,1,0.720175
1,1,1,1,0,0,0,1,0,1,1,1,1,1,0,0,1,0,0,1,1,0,1,0,0,0,1,0,1,0,1,1,0.692074
1,1,1,0,1,0,0,0,0,1,1,1,0,0,0,1,0,1,1,1,1,1,0,0,1,1,1,0,1,0,1,0,0.667511
1,0,0,0,1,0,0,0,0,1,1,1,1,1,1,0,0,0,0,0,1,0,1,1,1,0,1,1,0,1,1,0,0.541285
0,0,0,1,0,1,1,0,0,1,0,1,0,1,1,1,1,0,0,0,0,1,1,1,1,1,0,0,1,0,0,1,0.771182
0,0,1,0,1,0,1,1,0,1,0,1,1,1,1,0,0,1,1,0,0,0,0,0,0,0,0,1,1,1,0,1,0.592468
1,0,1,1,0,0,0,1,1,0,1,1,1,1,0,1,0,0,0,1,0,1,1,1,1,0,0,0,0,0,0,1,0.730888
1,0,0,1,0,0,1,1,1,1,1,1,0,1,0,1,1,0,0,1,1,1,0,0,0,1,1,0,1,1,0,0,0.595178
0,1,1,0,1,0,1,0,0,0,1,0,0,0,0,1,0,0,1,0,1,1,1,1,0,1,0,1,1,1,1,0,0.589432
0,1,0,0,1,0,1,0,0,1,1,1,0,0,0,0,0,1,1,0,0,0,0,1,0,1,1,0,0,1,0,0,0.525654
1,1,0,0,1,0,0,0,1,1,1,0,0,1,0,0,1,1,1,1,0,1,0,1,0,1,1,1,0,1,0,0,0.660612
1,0,1,0,0,0,0,0,0,0,1,0,0,0,0,0,1,1,1,1,1,1,0,1,0,1,1,1,0,1,1,0,0.538600
0,0,0,1,1,1,1,1,1,0,1,0,0,0,0,0,1,0,0,0,0,0,0,0,1,1,1,0,1,0,0,0,0.415435
0,1,1,1,1,0,0,1,1,1,0,1,1,0,1,0,1,1,1,1,1,0,0,1,1,0,0,0,0,1,0,1,0.707931
0,1,1,1,0,0,0,0,0,1,1,1,0,0,0,1,0,0,1,0,1,0,1,1,1,0,0,0,1,0,0,1,0.701533
0,1,0,0,1,1,0,0,1,1,0,0,0,1,1,1,1,0,1,1,0,1,0,1,1,0,1,1,0,1,0,0,0.618662
0,0,1,1,1,0,1,1,0,0,0,0,0,0,0,0,0,1,0,1,0,1,1,1,1,0,0,0,1,0,0,1,0.623981
0,1,1,1,0,0,1,0,1,1,0,1,0,1,0,1,0,1,0,1,0,1,0,0,1,0,1,0,1,0,1,1,0.744737
0,1,1,1,0,1,0,1,1,0,1,0,0,0,1,1,1,1,0,0,1,0,0,1,0,1,1,0,0,1,0,0,0.665404
1,0,0,0,1,1,0,0,0,1,1,1,1,1,1,1,1,0,1,0,1,0,0,0,1,0,0,1,1,0,1,0,0.661214
0,0,0,1,0,0,0,0,0,1,1,1,0,1,1,1,1,1,0,1,1,0,1,1,0,1,0,0,0,0,0,1,0.728028
1,0,0,0,1,0,0,0,1,1,0,1,1,0,1,1,0,0,1,1,1,0,0,1,0,0,0,0,1,1,0,1,0.803021
0,0,1,0,0,1,0,1,1,0,1,1,1,0,0,0,1,1,1,1,0,0,0,1,0,0,0,1,1,0,0,0,0.570464
1,0,1,0,1,0,0,1,0,1,1,1,0,1,0,1,1,0,1,0,0,0,1,0,0,0,0,0,0,0,1,1,0.754146
1,1,0,1,1,1,1,0,0,1,1,0,0,0,0,0,1,1,1,0,0,1,1,0,1,1,1,1,1,1,0,1,0.688035
1,1,0,1,0,1,1,0,1,1,1,0,1,0,1,0,0,0,0,0,1,1,0,0,0,0,1,1,0,1,0,1,0.600447
0,0,0,1,0,0,0,0,0,0,0,1,1,0,1,1,0,1,0,1,0,0,1,0,1,1,0,0,1,0,1,1,0.757960
1,0,1,0,0,0,0,0,1,0,1,0,0,1,0,0,1,1,1,1,1,1,0,0,1,1,1,0,0,0,0,1,0.553654
1,1,1,1,1,0,0,0,0,0,1,0,0,0,1,1,0,1,1,0,1,0,0,1,1,1,1,0,1,0,1,0,0.673382
0,0,0,1,0,1,1,0,0,1,0,0,1,1,1,0,1,1,1,0,0,0,0,0,1,0,0,1,1,0,0,0,0.414532
1,0,1,0,1,0,0,1,0,1,0,1,0,0,0,1,0,0,0,1,0,0,1,0,1,1,0,1,1,0,0,0,0.559601
0,0,0,1,0,1,1,1,1,1,1,1,0,0,1,0,1,0,1,1,0,0,0,1,0,0,1,0,1,1,0,0,0.571970
1,1,0,1,0,0,1,1,0,1,0,1,0,1,0,1,0,1,0,1,0,1,0,1,0,0,0,0,0,1,0,0,0.560303
0,0,0,1,0,1,0,0,0,1,0,0,1,0,0,0,0,0,0,1,1,0,1,1,0,1,0,1,0,1,0,0,0.371353
0,1,0,0,0,1,1,0,0,0,0,1,0,1,1,1,1,1,0,0,1,1,1,0,1,0,0,1,0,0,1,0,0.564443
0,1,1,1,0,0,0,1,0,0,1,1,0,1,1,0,0,1,0,1,1,0,1,1,0,1,0,1,0,0,1,1,0.791454
1,1,1,0,1,1,0,0,1,1,0,0,0,1,1,1,0,0,1,0,0,1,1,1,1,0,0,1,1,0,0,0,0.731691
1,1,0,1,1,1,0,1,1,1,1,1,0,0,1,0,1,1,0,1,0,1,1,1,1,0,0,1,1,0,0,0,0.808616
1,0,1,0,0,0,1,0,1,0,0,1,0,0,1,1,1,0,1,1,0,1,1,1,0,0,0,1,0,1,0,0,0.549138
0,0,0,1,1,1,1,0,1,0,1,1,0,0,1,1,0,0,0,0,0,0,1,0,1,1,1,0,1,0,0,0,0.575056
0,0,1,1,1,0,0,1,1,0,0,0,0,1,1,0,1,0,0,1,1,1,0,1,1,1,0,0,0,1,1,1,0.847430
1,1,1,0,0,1,1,0,0,1,0,1,0,0,0,0,0,1,0,1,0,1,0,1,1,1,0,0,1,1,0,0,0.664400
0,1,1,1,1,0,1,1,1,0,1,1,1,1,0,1,1,0,0,0,1,0,1,0,1,1,1,1,0,1,0,1,0.779035
0,1,1,1,1,1,0,1,1,1,1,0,1,1,0,1,1,0,0,1,1,0,1,1,1,1,1,1,1,1,0,0,0.777580
1,1,1,0,1,0,1,0,0,1,1,1,1,0,1,0,0,1,0,0,1,0,0,0,1,1,0,1,0,0,0,0,0.723361
0,1,1,1,0,1,1,1,1,0,1,0,0,0,0,0,1,1,0,0,0,1,0,0,0,1,1,0,1,1,1,1,0.823193
0,1,1,0,1,1,1,0,0,0,0,1,1,0,0,0,1,1,1,0,0,1,0,0,1,0,1,1,1,1,1,0,0.616780
0,1,1,0,1,1,1,1,1,1,0,0,1,0,0,0,0,0,1,1,1,1,1,1,0,1,1,1,0,0,0,1,0.688035
0,1,0,1,0,0,1,1,0,0,0,1,0,1,1,1,1,1,1,1,0,1,0,0,1,0,1,0,1,1,0,1,0.765913
0,1,0,1,1,1,1,1,0,1,0,0,1,0,0,0,0,0,1,1,0,0,1,1,1,1,1,1,0,0,0,1,0.725619
0,1,0,1,0,0,1,1,1,1,0,0,0,0,1,1,1,1,0,0,1,0,1,0,0,0,0,1,1,1,0,1,0.697619
0,1,0,1,1,0,0,1,0,0,1,1,0,1,1,1,1,1,1,1,0,1,0,1,1,1,0,0,0,1,1,0,0.674235
0,0,1,1,1,1,1,1,1,1,0,1,1,0,0,0,1,1,1,1,1,1,1,0,1,0,0,1,1,0,1,0,0.681737
1,0,0,1,1,1,1,0,1,1,0,1,1,0,0,0,1,1,1,0,0,1,0,0,1,0,1,0,0,1,0,1,0.628121
1,0,0,1,0,1,0,0,1,1,0,0,0,0,1,0,1,1,1,0,0,1,1,1,1,0,0,0,0,0,0,0,0.743056
0,0,1,0,0,0,0,1,1,1,0,0,0,0,0,0,0,0,0,1,0,0,0,0,0,0,1,0,0,0,1,1,0.578920
0,0,1,1,1,1,1,0,0,0,0,0,1,0,1,1,0,0,1,1,1,1,1,1,1,0,0,0,0,0,1,1,0.813207
1,0,0,0,1,0,1,0,1,0,1,1,1,1,0,0,0,1,0,0,1,1,1,0,0,1,1,0,0,0,0,1,0.584640
0,0,0,0,1,1,0,1,1,0,1,0,1,1,0,0,0,1,1,0,0,0,0,1,1,0,0,0,0,0,0,1,0.616755
1,0,0,1,0,1,1,1,1,1,1,0,1,0,0,1,1,0,1,1,1,1,1,0,1,0,1,0,1,1,1,1,0.937451
1,1,1,0,1,1,1,1,0,1,1,0,0,1,1,1,0,0,0,1,1,0,0,0,0,0,0,0,1,0,0,0,0.670221
1,1,1,0,1,1,0,0,0,0,0,1,0,1,0,1,0,1,0,1,0,1,0,0,0,0,1,1,0,1,1,0,0.561282
1,1,0,1,0,1,0,1,1,1,1,1,1,0,0,0,1,0,1,1,0,1,1,0,0,0,0,0,0,0,1,1,0.646436
0,0,1,1,0,0,1,1,0,1,0,0,0,1,1,1,0,1,1,1,0,0,1,0,0,1,0,1,1,0,0,0,0.406679
0,1,1,1,1,1,0,0,0,1,1,1,1,0,0,1,0,1,1,0,0,1,0,1,1,1,1,1,0,1,1,1,0.875605
1,0,1,1,1,1,1,1,0,1,0,0,1,0,0,1,0,1,0,1,1,0,1,0,1,0,1,1,1,1,1,1,0.847254
0,0,0,1,1,1,1,0,1,1,0,1,0,1,1,0,0,1,0,1,0,1,1,0,0,1,0,0,1,1,0,0,0.489274
1,1,0,0,1,0,1,1,1,0,0,1,1,0,1,1,1,0,1,1,1,0,0,1,1,1,1,1,1,0,0,1,0.826128
0,0,0,1,1,1,0,1,0,0,0,1,0,0,0,0,1,0,1,0,0,0,0,1,1,0,1,0,1,0,0,1,0.587626
1,0,1,0,0,1,0,1,0,0,0,0,0,0,1,1,1,0,1,0,1,1,0,0,1,1,0,0,0,0,1,0,0.544547
1,0,1,0,1,0,1,1,1,1,1,0,1,1,1,1,0,1,1,1,0,0,1,0,1,1,0,1,0,1,0,1,0.781544
1,0,0,1,1,1,0,0,0,0,0,0,1,0,0,1,1,0,0,0,1,1,1,1,0,1,0,1,1,1,0,1,0.796773
0,1,0,1,0,1,1,1,0,1,0,0,1,0,1,1,0,1,0,0,1,0,1,1,0,1,1,0,0,1,0,0,0.641042
0,0,0,0,0,0,1,0,0,0,0,0,1,1,0,0,1,0,0,1,0,1,0,1,0,0,1,1,1,1,1,0,0.446571
1,0,0,1,0,1,0,0,0,1,1,1,0,0,0,1,1,0,1,1,0,0,1,1,0,0,1,1,0,0,1,1,0.796523
1,0,1,0,0,1,1,1,1,0,1,1,1,0,1,0,1,0,1,0,0,1,0,0,0,0,1,0,1,1,1,0,0.726121
0,1,1,0,0,0,0,1,0,1,1,1,1,1,1,1,1,0,1,0,0,1,0,0,1,1,0,1,1,1,1,0,0.714479
1,1,1,1,1,1,0,1,1,0,1,0,0,1,0,1,1,0,0,1,0,0,0,0,1,1,0,1,1,1,0,0,0.691572
1,0,0,1,0,0,1,1,1,0,0,1,0,0,1,0,1,0,1,0,1,1,0,0,0,0,0,1,1,1,0,1,0.578669
0,0,0,0,1,0,1,1,1,0,0,0,0,1,0,1,0,1,1,1,1,0,0,1,1,1,1,1,1,0,0,1,0.819254
1,0,1,1,0,1,1,1,0,1,0,0,1,1,1,0,0,0,0,1,0,0,0,1,1,0,1,0,1,1,0,1,0.732343
0,1,0,0,0,1,1,0,1,1,0,1,1,1,1,0,0,1,0,0,0,1,1,0,1,1,1,1,1,0,1,1,0.671124
1,0,1,0,0,1,0,0,0,1,0,0,1,0,0,0,1,1,0,1,0,0,1,1,0,0,0,0,1,0,0,0,0.609629
1,1,1,0,1,0,1,1,1,0,0,0,1,0,1,0,0,1,0,1,0,0,0,1,1,1,1,1,1,0,1,1,0.663146
0,0,0,1,0,1,0,0,0,0,0,0,1,1,1,0,0,0,1,1,1,0,0,0,1,0,1,1,0,1,1,0,0.446421
0,1,1,1,0,1,1,1,1,1,1,1,1,1,0,0,1,1,1,0,0,0,1,1,1,1,0,1,1,0,0,0,0.654264
0,1,0,0,0,0,1,0,0,0,1,0,1,0,1,1,0,0,1,1,0,0,0,0,0,1,1,1,1,0,1,1,0.661088
1,1,0,1,1,0,0,0,0,1,1,0,0,0,1,0,1,0,0,1,1,0,1,1,0,0,1,0,1,0,1,0,0.735555
0,1,0,0,1,0,0,0,0,1,1,0,1,1,1,0,1,1,0,1,1,1,1,0,1,0,0,1,0,1,0,0,0.642823
0,1,0,0,1,0,1,1,1,0,1,1,0,1,1,0,1,0,0,1,0,1,0,0,0,0,1,0,0,0,1,1,0.635221
0,0,1,0,0,1,1,1,1,0,0,1,0,1,0,0,0,1,1,0,0,0,1,1,1,0,1,0,1,1,0,0,0.579421
1,1,1,0,1,1,1,0,1,1,1,0,1,1,1,0,1,1,1,1,1,1,0,1,0,1,0,0,0,0,0,0,0.872469
1,0,0,1,1,1,1,0,1,0,1,0,0,1,0,0,0,0,1,0,1,1,1,0,0,1,1,0,0,1,0,1,0.642020
0,0,0,1,1,1,0,0,1,0,0,0,1,1,1,0,1,0,1,1,1,0,1,1,1,0,0,0,0,0,1,0,0.564819
0,1,0,1,1,0,0,0,0,1,0,0,1,0,1,0,1,1,0,0,1,1,0,0,0,0,1,1,0,0,0,0,0.501719
0,0,1,0,1,1,1,1,0,0,1,1,1,0,1,1,0,1,1,1,0,1,0,0,0,0,0,0,0,0,0,1,0.613970
0,1,0,0,1,0,0,0,1,1,1,0,0,1,1,1,1,1,0,0,1,1,1,1,0,1,0,1,1,1,0,1,0.829616
0,0,1,0,1,0,0,0,1,1,1,0,0,0,0,1,0,1,1,0,0,0,1,0,1,0,1,1,0,1,0,1,0.661189
1,1,0,1,1,0,1,0,0,0,1,1,0,0,1,1,1,0,0,1,0,0,1,0,0,0,0,0,0,0,0,1,0.593798
1,0,1,1,1,0,0,0,1,1,1,1,0,1,0,1,0,0,0,0,1,0,0,1,0,1,0,1,1,0,0,0,0.595328
0,0,0,1,1,0,0,1,1,1,0,1,0,1,1,1,1,0,1,1,1,1,1,1,0,1,1,0,0,0,1,1,0.868204
1,0,1,1,0,0,1,0,0,1,0,0,1,0,0,1,1,1,0,1,0,1,1,0,0,0,0,0,1,0,0,0,0.631809
1,0,1,0,0,1,0,0,1,0,1,0,1,0,1,1,1,1,0,1,1,0,0,1,0,0,0,0,0,0,0,1,0.670196
1,1,0,0,0,0,1,1,1,0,0,0,0,1,1,1,1,1,1,1,0,0,0,0,0,1,1,1,0,1,1,1,0.816619
0,0,1,1,0,0,1,1,1,0,0,0,0,0,1,0,0,1,1,1,1,0,1,0,1,0,1,0,0,1,1,0,0.548360
1,1,0,0,1,1,1,0,1,1,0,1,1,0,0,0,0,1,0,0,1,0,0,1,1,1,0,0,0,1,1,0,0.663045
0,1,0,0,0,0,1,1,1,0,1,1,0,1,1,1,1,0,1,1,0,1,0,0,0,1,1,1,1,0,0,1,0.746218
0,1,1,1,0,1,1,1,0,0,0,1,0,0,1,1,0,0,0,0,1,0,0,1,1,0,0,1,0,1,0,0,0.539554
1,1,0,0,0,0,1,0,1,1,0,0,0,0,0,0,0,0,0,0,0,1,1,0,1,1,0,1,1,1,0,0,0.668841
1,0,1,0,0,0,0,1,0,0,0,0,0,1,1,1,1,1,0,1,0,0,0,0,0,1,1,0,0,1,0,1,0.730160
1,1,0,1,0,0,1,0,0,0,1,1,1,1,1,0,0,1,1,1,1,1,0,1,0,1,1,1,0,0,1,0,0.676268
0,0,1,1,1,0,0,0,1,0,1,0,0,0,1,1,0,1,1,1,0,1,0,1,0,0,1,0,1,1,0,1,0.835713
0,1,1,1,0,0,1,0,1,0,1,1,0,1,1,1,0,0,1,1,1,0,0,1,0,1,0,0,0,0,0,1,0.698046
1,0,1,0,1,1,0,1,0,1,0,0,1,1,1,0,0,1,0,0,1,1,1,1,0,1,1,1,0,0,1,0,0.671551
0,0,1,0,0,1,0,1,1,1,1,0,1,1,0,1,0,1,0,0,1,1,0,0,1,1,0,1,0,0,0,0,0.540608
0,1,0,0,1,1,0,0,0,0,1,0,0,1,1,1,1,0,1,0,0,1,1,1,0,1,0,1,0,1,1,0,0.622701
0,1,1,1,0,0,1,0,0,0,0,0,0,0,0,1,0,0,1,1,1,1,0,1,1,1,0,1,0,1,1,0,0.575432
1,0,1,1,0,0,1,0,0,1,1,1,0,1,0,1,1,1,1,0,1,1,1,0,1,0,0,1,0,1,1,1,0.816143
1,0,0,1,1,0,1,0,0,0,1,0,1,0,1,0,0,1,0,1,1,1,1,1,1,1,0,1,1,0,0,1,0.693981
0,1,1,0,0,1,1,0,0,0,0,1,1,0,0,0,1,1,0,1,0,1,1,1,0,0,1,1,1,1,0,0,0.597988
1,0,0,0,0,1,1,1,1,1,1,0,1,1,0,1,0,1,0,0,0,1,0,1,0,1,1,0,1,0,1,1,0.915824
1,0,1,0,0,1,0,1,0,1,0,0,0,0,0,1,1,0,1,0,1,0,0,1,1,1,1,1,1,1,0,1,0.765788
0,0,1,0,0,0,0,1,1,1,1,1,0,0,0,1,1,1,1,0,0,0,1,0,1,0,1,0,1,1,0,0,0.602554
0,1,1,1,1,1,1,1,0,0,0,1,0,1,1,1,1,0,0,0,0,1,0,1,0,0,0,1,1,1,1,0,0.655217
1,1,0,1,1,0,1,0,0,1,0,0,1,1,0,1,0,1,1,0,0,0,0,0,0,0,0,1,1,0,0,1,0.590085
1,1,0,0,0,1,1,0,0,0,1,0,0,0,0,0,1,1,0,1,1,1,0,1,1,0,1,1,0,0,0,1,0.617508
0,0,1,1,0,1,0,1,1,0,0,0,0,0,1,1,0,0,1,1,0,0,1,0,0,1,0,0,1,1,0,0,0.529393
1,0,1,0,1,1,0,0,0,0,0,0,0,1,0,0,1,0,1,1,0,1,1,0,1,0,1,1,1,1,0,1,0.612364
1,0,1,1,1,0,1,0,0,1,1,0,0,0,0,0,0,0,0,0,1,0,1,1,1,0,0,0,0,0,0,1,0.584740
1,0,1,0,0,1,1,0,1,1,1,0,0,0,0,1,0,1,0,0,0,0,1,0,1,0,0,1,0,1,1,1,0.738992
0,0,0,1,0,1,1,1,0,1,0,1,1,1,1,0,0,0,1,1,0,1,1,0,0,0,0,1,1,0,0,0,0.357327
0,1,0,1,0,1,0,1,0,1,0,0,1,1,1,1,0,0,0,0,0,0,0,1,0,0,0,0,0,1,1,1,0.959706
1,0,1,1,0,1,0,1,0,1,1,0,0,0,1,1,1,1,0,1,0,1,1,1,0,0,1,0,0,1,1,0,0.650275
1,0,0,0,1,1,1,0,0,1,0,1,0,1,0,1,1,1,0,0,1,1,0,0,1,1,1,0,0,0,1,0,0.604461
1,0,1,1,0,0,0,0,1,0,0,0,0,0,1,1,1,1,1,0,0,1,1,0,0,0,1,1,0,1,0,1,0.687583
0,0,0,1,1,0,1,1,1,0,0,0,1,0,1,1,0,1,0,0,1,0,1,1,0,0,0,1,1,0,1,1,0.820709
1,0,1,0,1,0,0,0,0,0,0,1,0,0,0,0,1,1,0,0,1,1,1,0,0,1,1,1,0,0,1,0,0.582332
0,0,0,1,0,1,0,1,0,0,1,0,1,0,1,0,0,1,1,1,1,1,0,0,0,1,1,0,1,1,0,0,0.354818
0,1,1,0,0,1,0,1,1,0,1,0,1,0,1,1,1,1,0,1,0,0,1,1,1,1,0,1,0,1,1,0,0.695737
0,0,0,1,1,1,0,0,1,0,1,1,0,1,1,1,1,1,0,1,1,0,1,1,0,1,0,1,1,1,1,1,0.869935
0,1,0,0,0,1,1,1,0,0,0,1,1,0,1,1,1,0,1,1,0,1,1,0,0,1,1,1,0,1,0,0,0.620443
1,0,1,0,0,0,0,1,0,0,0,1,0,1,0,1,0,1,0,1,1,0,1,0,1,1,0,1,1,1,0,0,0.551120
1,0,1,1,0,1,1,1,0,1,1,1,0,1,1,1,1,0,0,0,1,1,0,0,0,0,1,1,1,0,1,0,0.774795
1,1,0,0,0,1,0,1,0,1,0,0,1,1,0,0,1,1,1,0,0,0,0,0,0,1,0,0,0,0,1,1,0.621848
0,0,1,0,1,0,0,1,1,1,0,1,0,0,0,1,1,1,0,1,1,1,1,0,0,1,0,1,0,0,0,0,0.579171
0,1,1,1,1,0,1,1,0,1,1,1,1,1,0,0,0,0,0,1,0,0,0,1,0,0,1,0,0,1,0,0,0.517149
0,1,1,1,1,1,1,0,0,1,0,1,0,0,0,1,0,1,1,1,1,0,1,0,0,1,0,0,1,1,0,0,0.636927
0,0,0,0,0,1,1,1,0,0,1,0,0,1,1,1,1,1,0,0,1,1,0,0,0,1,1,1,0,0,0,1,0.616655
1,1,0,1,1,0,0,0,0,1,0,0,1,0,1,1,0,1,0,1,0,0,0,0,0,0,1,1,1,1,1,1,0.786712
1,0,0,0,1,1,1,1,1,1,1,0,1,1,0,0,1,1,1,1,1,1,0,1,0,1,1,1,1,1,0,0,0.740397
0,0,0,1,1,1,0,0,0,0,0,1,1,0,1,1,0,1,0,0,0,0,1,1,0,1,0,1,1,0,0,1,0.711368
0,1,1,1,1,1,0,1,0,1,1,0,1,1,0,1,1,0,0,0,1,1,1,0,1,0,1,0,1,1,1,1,0.883157
0,0,0,1,1,0,0,1,1,0,0,0,1,0,1,0,1,0,0,0,0,1,0,0,1,0,0,0,0,0,0,1,0.557719
0,1,1,0,0,1,0,0,1,0,1,0,1,0,0,1,1,1,0,0,0,1,0,1,1,1,0,1,1,0,0,1,0.682339
1,0,1,1,1,1,1,0,0,1,0,1,1,0,1,0,0,1,0,1,1,1,1,0,0,1,0,0,1,1,1,0,0.746343
1,0,0,0,1,1,0,1,0,0,1,0,1,1,0,0,0,1,1,0,1,1,1,0,1,1,1,0,1,1,1,1,0.766917
0,1,0,0,0,0,1,0,1,1,1,0,0,1,1,1,1,1,0,0,1,1,0,0,1,1,1,0,1,1,0,1,0.733823
1,0,1,1,0,1,1,0,1,0,0,1,0,0,0,0,1,0,0,0,0,0,0,1,0,0,0,0,1,0,1,1,0.701433
0,1,1,0,1,1,0,0,0,0,0,1,0,1,1,1,1,0,0,1,0,1,0,0,0,0,0,0,0,1,0,1,0.717440
0,0,0,1,1,1,0,1,0,1,0,0,0,0,0,0,0,1,1,1,0,1,0,1,0,1,1,0,0,1,1,0,0.470457
0,0,1,1,0,0,0,0,1,1,1,1,1,1,0,1,1,1,0,1,1,0,0,1,0,1,0,0,0,0,1,1,0.809318
1,0,0,0,1,1,1,1,0,0,0,1,0,0,1,0,0,0,1,1,0,0,0,1,0,0,1,0,0,0,0,0,0.562285
1,0,1,1,0,1,0,1,1,1,0,0,0,1,0,0,1,0,0,1,0,0,0,1,1,1,0,1,1,0,0,1,0.677748
0,1,1,0,1,0,0,0,0,1,1,1,1,1,0,0,0,0,1,1,1,0,1,1,1,1,1,0,1,1,1,0,0.659683
0,1,1,0,1,0,0,1,1,1,0,1,0,1,1,0,0,1,0,1,1,0,0,1,1,1,0,0,0,1,1,0,0.606192
1,0,0,1,1,0,0,1,1,0,1,0,1,1,1,0,1,0,0,1,1,0,1,0,1,1,1,1,1,0,1,0,0.673483
0,0,1,0,0,0,0,0,0,0,1,1,0,1,0,0,0,1,1,1,0,0,0,0,1,0,1,0,0,0,1,0,0.366987
0,1,0,1,1,0,0,0,1,1,1,1,1,1,1,1,1,1,0,1,1,1,1,0,0,1,0,0,0,0,1,1,0.755325
1,1,1,1,1,0,1,1,1,0,1,1,1,1,0,0,1,1,1,0,1,1,1,0,0,1,1,0,1,0,0,0,0.885190
1,0,0,0,0,0,1,0,0,0,0,1,0,0,1,0,1,1,1,0,0,0,0,1,1,0,0,1,0,1,1,1,0.743458
0,0,1,0,0,0,1,1,0,0,0,0,0,0,1,0,0,1,1,0,1,1,0,1,0,0,1,1,0,0,0,1,0.561156
0,0,1,1,1,0,0,0,1,1,0,1,0,0,0,1,1,0,0,1,1,0,1,0,1,1,1,0,1,0,1,1,0.790928
1,1,0,1,1,1,0,0,1,0,0,0,0,1,1,1,0,0,0,0,1,1,0,1,0,1,1,1,1,0,1,0,0.638759
0,0,1,1,0,1,0,1,0,0,1,1,1,0,1,1,0,0,1,0,0,1,0,1,0,0,0,1,1,0,1,1,0.811877
0,1,0,0,1,0,1,0,0,0,1,1,1,0,0,0,1,1,0,0,0,1,0,1,1,0,1,0,1,0,0,0,0.529367
1,0,0,1,1,0,1,0,1,0,1,0,0,1,1,0,0,1,0,0,1,1,0,1,0,0,0,0,1,0,1,1,0.741501
0,1,0,1,0,0,1,0,0,0,0,0,1,1,1,0,1,1,1,1,0,1,1,1,0,0,0,0,0,1,0,0,0.536493
0,1,0,0,1,0,1,0,0,0,0,1,0,0,0,0,0,1,0,1,0,0,0,0,0,1,1,0,1,1,0,0,0.389367
0,1,0,0,0,0,0,0,0,1,1,0,1,1,0,1,0,0,1,1,0,0,1,1,0,1,0,0,0,1,1,0,0.645182
0,0,1,1,0,0,0,1,0,0,0,0,1,1,1,1,0,0,1,0,0,0,1,1,0,1,0,0,1,1,0,0,0.591891
0,0,1,0,0,0,1,0,1,0,0,0,0,1,0,1,0,0,1,0,1,1,1,1,0,1,1,0,0,1,0,1,0.881727
1,0,0,1,0,0,1,1,1,1,1,1,1,1,0,1,0,0,1,1,1,0,0,1,0,1,1,1,0,0,1,1,0.819705
0,0,0,1,1,0,1,0,0,0,0,0,1,0,0,0,1,0,1,1,1,1,0,0,0,0,0,1,1,1,1,1,0.644931
0,1,0,1,1,0,0,1,1,1,0,1,0,0,1,1,1,1,1,1,0,0,1,0,1,1,0,1,0,0,1,1,0.696440
0,1,0,0,1,1,1,0,1,1,0,0,0,1,0,0,0,1,0,1,1,0,0,1,1,0,1,0,0,0,0,1,0.625135
1,1,0,1,1,1,0,1,0,1,1,1,1,1,0,1,0,0,0,1,0,1,0,0,1,0,1,1,1,0,1,1,0.719271
0,0,1,0,0,0,1,0,0,0,0,0,0,1,1,1,0,1,1,0,1,1,0,0,0,0,0,1,1,0,0,0,0.409464
0,0,1,1,1,0,1,1,0,0,0,0,1,1,0,0,1,1,0,1,0,0,0,0,1,0,1,1,1,0,0,0,0.573977
0,1,1,1,1,1,0,0,0,0,0,1,1,1,1,1,0,1,0,1,1,0,0,1,0,1,0,0,0,0,1,1,0.822716
1,1,0,1,0,1,0,0,0,0,1,0,0,0,1,0,0,1,0,1,0,0,1,1,1,0,1,1,1,0,0,1,0.589683
1,0,0,0,0,1,1,0,1,1,0,1,1,0,0,1,1,0,1,1,1,1,0,1,0,1,0,0,1,0,0,0,0.703590
1,0,1,0,0,1,1,1,1,0,0,1,1,1,0,0,1,1,0,1,0,0,0,1,0,1,0,0,0,1,1,0,0.646235
0,0,0,1,1,0,0,1,1,1,0,0,0,0,0,1,1,1,0,1,0,0,1,0,0,0,1,1,0,1,0,0,0.536568
0,1,0,0,1,0,1,1,1,0,1,1,0,0,1,1,0,0,1,0,0,0,1,1,0,1,1,0,0,1,0,0,0.578117
0,1,0,1,0,1,1,0,1,0,0,0,1,1,1,0,0,0,0,1,0,0,0,0,1,0,0,0,1,0,1,1,0.685551
0,1,1,0,0,1,1,1,0,1,1,1,1,1,0,0,1,1,1,1,1,1,1,1,1,1,1,1,1,0,1,1,0.849663
0,1,0,1,1,0,1,0,0,1,1,1,0,1,0,0,1,1,0,1,0,1,1,1,1,1,1,1,0,1,1,1,0.834283
1,0,0,1,0,1,0,0,0,0,0,0,0,0,0,0,1,1,1,0,0,1,1,1,1,1,0,1,0,1,0,0,0.662644
1,1,1,0,0,0,1,0,1,0,0,1,0,0,1,0,0,0,0,0,0,0,0,0,0,1,1,0,0,1,0,1,0.580877
1,1,0,1,0,0,0,0,0,0,0,1,0,1,1,0,0,0,0,0,1,0,0,0,0,1,1,1,0,1,0,0,0.628873
0,1,1,1,1,0,1,0,1,0,1,0,1,1,1,1,0,0,0,1,0,0,1,0,1,1,1,0,1,0,0,1,0.700605
0,1,1,0,0,0,1,1,0,0,1,0,1,0,0,1,1,1,1,1,0,0,0,1,1,0,1,1,0,0,0,0,0.605640
1,1,0,1,0,0,0,0,1,0,0,1,0,1,0,1,0,1,1,1,1,0,0,0,0,1,0,0,0,1,0,0,0.578945
1,1,0,0,1,1,0,0,1,1,0,1,1,1,0,1,1,1,1,0,0,0,0,1,1,0,1,1,0,1,0,0,0.688913
0,1,1,1,1,0,1,0,1,1,1,0,0,0,0,1,0,1,1,1,0,1,0,1,0,1,0,1,1,1,1,1,0.884412
1,1,0,0,1,1,0,1,1,1,1,1,0,0,0,0,1,0,1,0,1,0,0,1,0,1,1,0,1,0,0,1,0.679253
1,0,1,0,1,0,1,1,0,0,1,1,0,0,1,0,1,1,0,0,1,0,1,1,1,1,1,1,1,0,0,0,0.674963
0,0,1,0,1,1,0,1,1,0,1,1,1,0,1,0,1,1,0,1,1,1,0,1,0,0,1,1,1,0,1,1,0.690017
0,0,0,0,1,0,0,0,1,0,0,0,0,1,1,1,0,0,1,1,1,0,1,1,1,1,1,1,1,1,1,1,0.869207
1,0,1,1,1,0,0,1,1,1,1,1,1,0,0,1,1,1,1,0,1,1,0,0,1,0,1,0,0,0,1,1,0.795644
1,0,1,1,1,1,0,0,0,1,1,1,1,1,0,1,1,0,1,0,0,0,0,1,0,1,1,1,0,1,0,0,0.633992
0,1,0,1,1,0,0,1,1,1,0,0,1,0,0,0,0,0,0,1,1,1,0,1,0,1,1,0,1,1,0,0,0.573249
0,0,0,1,1,0,0,1,0,1,0,1,0,0,0,0,0,1,1,1,1,1,1,1,1,0,0,1,1,0,0,0,0.548436
0,1,0,0,0,1,0,1,1,0,1,1,0,1,0,0,1,0,1,0,1,1,0,1,1,1,0,0,0,0,0,1,0.642949
1,0,0,0,0,0,1,0,1,0,1,1,0,0,1,1,0,0,1,1,1,1,1,0,1,1,0,1,0,0,1,1,0.711117
1,0,1,1,1,0,1,1,1,0,0,0,0,0,1,1,1,0,0,1,0,0,0,1,1,1,0,1,0,0,0,0,0.777479
0,1,0,1,1,0,1,1,0,0,0,1,0,1,1,1,0,1,0,1,0,1,1,1,0,1,0,0,1,1,1,1,0.992975
1,0,0,1,1,1,1,0,1,0,0,0,1,0,0,1,1,1,0,1,0,0,0,0,0,0,0,0,0,0,0,0,0.832376
0,1,1,1,0,0,1,1,1,1,0,1,0,0,1,1,1,1,1,0,0,0,0,0,1,1,0,1,0,0,0,0,0.604536
1,0,1,1,1,1,1,1,1,0,0,0,0,0,0,0,0,0,1,1,1,0,1,0,1,0,0,1,1,1,1,1,0.676443
0,1,1,0,1,0,1,1,0,1,0,1,0,1,0,0,0,1,1,0,0,0,0,0,0,1,1,1,0,0,0,0,0.427202
0,0,0,0,1,0,0,0,0,0,0,0,0,1,1,1,0,1,1,0,0,0,0,0,0,0,0,1,1,1,1,0,0.422260
0,1,0,1,1,0,0,0,0,0,1,0,1,0,1,0,1,0,1,1,1,0,0,1,0,1,0,0,0,0,0,0,0.509095
0,0,1,0,0,1,1,1,0,0,0,0,0,0,1,1,1,0,0,1,0,0,1,0,1,0,0,0,0,0,0,0,0.399503
1,0,1,1,1,0,0,1,0,1,0,1,0,0,1,1,0,1,0,1,0,0,0,0,0,0,0,0,0,1,1,0,0.567429
1,0,0,1,0,1,1,0,1,0,1,0,0,0,1,1,0,1,0,1,0,1,1,1,0,1,1,1,1,0,1,1,0.818677
0,0,1,0,1,1,1,1,0,0,1,0,0,1,0,0,1,0,1,1,0,1,1,1,1,0,1,0,0,1,0,1,0.767920
1,1,1,0,0,1,1,0,1,1,1,1,0,0,1,0,0,0,0,1,0,1,0,0,0,1,1,0,1,0,0,1,0.631307
0,0,1,1,1,0,0,0,1,1,0,0,1,0,1,1,0,1,1,1,0,0,0,0,1,0,1,1,1,0,1,1,0.687307
1,0,0,1,0,1,1,1,0,0,0,1,0,1,1,0,1,0,0,1,1,0,0,0,0,0,0,1,1,1,0,0,0.654640
1,0,1,0,1,0,0,1,0,0,1,0,1,1,1,1,0,1,0,1,0,1,1,0,1,0,1,0,0,0,0,0,0.681411
1,1,1,1,1,0,1,0,1,0,0,0,0,1,1,0,1,0,0,0,1,0,0,0,0,0,0,0,0,1,1,0,0.868505
1,0,1,1,1,0,0,0,1,1,1,0,0,1,1,0,1,0,1,1,1,0,0,0,1,1,1,1,0,0,1,0,0.694834
0,1,1,0,0,1,1,0,0,0,0,1,0,1,0,1,0,1,0,0,0,1,0,0,0,1,1,1,0,1,1,1,0.795895
1,1,1,1,1,0,1,0,0,0,0,0,0,1,1,1,0,0,1,1,0,0,1,0,1,0,0,1,1,0,1,0,0.642171
1,0,0,1,1,0,1,1,1,0,0,0,1,1,1,1,0,0,1,0,0,1,1,1,1,0,0,1,1,1,1,1,0.869483
0,1,1,1,1,1,1,0,1,1,0,1,1,0,1,1,1,0,1,1,1,1,0,1,0,1,0,1,1,0,0,1,0.826831
1,0,1,0,0,1,0,1,1,1,0,0,1,1,0,1,1,0,1,1,1,0,1,1,0,0,0,1,1,0,0,0,0.592418
1,1,0,0,1,1,1,1,0,1,1,1,0,0,1,1,0,1,0,1,0,0,0,0,1,0,0,1,0,1,1,1,0.763530
1,0,0,0,1,0,1,0,1,0,0,0,1,1,0,0,0,0,0,0,1,1,0,1,0,0,0,0,1,1,0,1,0.735856
0,1,0,1,1,0,0,0,1,0,0,1,1,1,0,1,1,0,1,0,0,1,0,0,0,0,1,1,1,1,1,1,0.812028
1,0,0,0,1,0,1,0,0,0,1,0,1,0,0,0,1,1,1,0,0,1,0,0,1,1,1,1,1,0,0,1,0.565070
1,1,0,1,1,1,1,1,1,0,1,0,0,1,1,1,1,0,1,1,1,1,0,0,1,1,0,1,1,0,0,0,0.803498
1,0,0,0,1,1,1,0,1,1,1,1,1,1,1,0,0,0,1,1,0,0,1,1,0,1,0,0,0,0,0,0,0.710114
1,0,0,1,1,1,1,1,0,1,0,1,1,0,0,0,0,0,1,0,0,0,0,1,1,1,1,1,0,0,0,1,0.630504
0,0,0,1,0,0,0,0,1,1,1,1,1,0,0,1,0,0,0,0,1,0,1,0,1,1,1,1,1,1,0,1,0.734476
0,1,1,1,0,0,0,1,0,1,1,1,0,0,1,1,1,0,0,0,0,1,0,0,0,1,1,1,1,1,1,0,0.703741
1,0,0,0,0,1,0,0,1,1,1,0,1,0,0,0,1,0,1,1,1,1,0,0,1,1,1,1,1,0,0,1,0.694157
1,0,0,0,0,0,0,1,0,0,1,0,1,0,0,0,0,1,0,0,0,1,1,1,1,1,0,0,0,0,1,1,0.736759
0,1,0,0,1,1,1,0,1,0,0,1,0,1,0,0,0,0,1,1,1,1,0,1,0,0,0,1,1,0,1,0,0.534486
1,1,1,1,0,0,0,1,1,1,0,0,0,1,0,1,0,0,1,0,0,1,0,0,0,0,1,0,1,1,1,0,0.588680
0,0,1,0,0,0,0,1,1,1,0,0,0,1,0,1,0,1,1,1,1,0,1,1,0,1,0,1,0,0,0,1,0.727350
1,1,1,0,0,1,0,0,1,1,1,1,0,1,0,1,1,0,1,1,0,1,1,0,1,1,0,1,1,0,1,0,0.764659
1,1,1,0,1,0,0,1,1,1,0,1,0,0,0,0,0,1,1,0,0,0,1,0,0,0,1,1,0,0,0,1,0.592769
1,1,0,0,0,1,0,1,1,1,1,1,1,1,1,0,1,1,1,1,1,0,1,1,1,1,0,1,0,1,1,0,0.720752
0,0,1,0,0,1,0,0,1,0,0,1,1,0,1,0,0,0,0,0,1,0,0,1,1,1,0,1,1,0,1,0,0.518830
0,0,0,1,0,0,1,0,1,1,0,0,0,1,0,1,1,0,0,0,1,1,0,1,1,1,0,1,0,1,1,0,0.568407
1,0,1,0,1,1,1,1,0,0,0,0,0,1,1,0,1,0,1,1,0,0,1,1,1,0,1,0,1,0,0,0,0.671074
1,0,1,0,0,1,0,1,0,1,0,0,1,1,1,1,1,0,1,0,0,0,1,0,1,1,0,0,0,1,0,0,0.619615
0,1,0,0,1,0,1,0,1,1,1,1,0,1,0,1,0,1,0,0,1,1,0,0,1,1,0,1,1,1,0,0,0.631131
0,1,1,1,1,1,0,1,1,1,0,0,1,1,1,0,0,1,0,1,0,1,0,0,1,1,0,0,0,1,0,1,0.659984
1,1,1,0,0,0,1,0,1,0,0,0,0,0,1,0,1,0,0,1,1,0,0,0,1,1,1,1,1,0,0,0,0.910781
0,0,0,0,0,0,1,0,1,0,1,1,0,0,0,0,0,0,0,0,1,1,1,1,0,1,0,0,0,1,0,1,0.734400
1,0,1,0,1,1,1,0,1,0,0,1,0,0,1,1,0,1,1,1,1,0,0,1,0,0,1,0,0,0,1,0,0.593773
0,1,1,0,0,0,0,0,0,0,1,1,1,0,1,0,1,1,0,1,0,0,1,0,1,0,0,0,1,1,0,1,0.616404
0,1,0,0,1,1,0,1,0,1,0,0,0,0,1,1,1,1,1,0,1,1,1,0,0,1,0,1,1,0,0,0,0.538049
1,0,0,1,1,1,1,0,1,1,0,0,0,0,0,0,1,0,1,0,0,0,0,0,0,0,0,1,0,0,1,1,0.574052
0,1,0,0,1,1,1,1,1,1,0,0,1,1,0,0,1,0,0,0,0,0,0,0,1,0,1,1,0,1,0,1,0.618060
0,0,0,0,0,1,0,1,0,1,0,0,1,1,1,1,1,1,1,1,1,0,0,1,0,1,1,1,0,0,1,1,0.825376
1,1,1,0,1,0,0,0,1,0,1,1,1,1,1,1,0,0,0,0,0,0,0,1,1,0,1,1,0,1,0,1,0.804401
1,0,0,1,0,0,0,1,0,0,1,1,1,1,0,1,1,1,0,0,1,1,0,0,1,1,1,0,1,1,0,1,0.726271
0,0,1,0,0,1,1,1,1,0,1,0,0,1,0,1,0,0,1,1,1,0,0,1,1,0,0,0,0,1,0,1,0.824171
0,0,0,1,0,1,1,1,0,1,1,0,1,1,1,0,0,1,0,0,1,0,1,0,1,1,1,1,0,1,1,1,0.745089
0,0,0,0,0,1,0,0,0,1,0,0,1,1,0,0,0,1,1,0,0,1,1,0,0,0,0,0,0,1,0,1,0.640540
1,1,0,1,0,1,1,0,1,1,1,1,1,0,1,0,0,0,1,0,1,1,1,0,1,1,0,0,1,1,1,1,0.746544
1,0,0,1,0,0,0,1,1,0,0,0,0,1,1,1,1,1,0,1,1,0,1,1,1,1,1,0,0,0,1,1,0.867702
1,0,0,1,1,1,1,0,1,0,0,0,1,1,1,0,1,1,0,0,1,1,0,1,0,0,1,1,0,1,0,1,0.717415
0,0,0,0,0,0,1,1,0,0,0,0,1,1,0,1,1,0,1,1,0,1,1,1,1,1,0,0,1,0,1,1,0.890609
0,0,1,1,0,0,1,1,1,1,0,1,1,0,0,1,0,0,1,1,0,0,1,1,1,1,0,0,1,0,1,1,0.876634
0,0,0,0,1,0,0,1,1,1,0,0,1,0,0,1,0,1,1,1,0,0,0,0,1,0,1,0,0,0,0,1,0.592644
0,1,1,1,1,0,1,1,1,1,0,0,0,1,1,1,1,0,0,0,0,1,0,0,0,0,1,1,1,1,1,0,0.676293
1,0,0,1,1,1,0,1,1,0,1,0,1,1,0,0,1,1,1,0,1,0,0,1,0,0,0,1,0,1,0,1,0.724841
0,1,1,0,1,0,0,1,0,1,0,0,1,0,1,0,0,0,0,1,0,1,0,1,1,0,0,1,1,1,0,0,0.552676
1,1,0,0,1,1,0,1,0,1,1,1,0,1,1,1,0,1,1,0,0,1,1,0,0,0,1,0,1,0,0,1,0.693580
0,1,1,0,0,0,0,0,1,1,0,1,1,0,1,1,0,1,0,0,0,1,0,0,1,0,1,0,1,1,1,0,0.604386
1,0,1,0,0,1,1,1,0,1,0,0,1,0,0,1,0,1,0,1,0,1,1,0,1,0,0,0,0,1,1,0,0.573199
0,1,0,1,0,1,0,0,0,0,1,0,0,1,1,0,0,1,0,1,0,0,1,0,1,1,1,0,0,0,1,1,0.634769
0,0,1,0,0,1,1,0,1,0,0,0,1,1,0,0,1,0,1,0,0,1,1,0,1,1,1,1,1,0,1,0,0.660260
0,0,0,1,1,0,0,1,1,1,0,1,1,0,0,0,0,1,1,1,0,0,1,1,1,0,1,1,1,0,0,0,0.559350
0,1,1,1,1,1,0,1,0,0,0,0,1,0,0,0,1,0,0,0,0,0,0,1,0,0,1,0,0,1,0,0,0.549163
1,1,0,1,1,1,0,1,1,1,0,1,0,1,0,0,0,1,1,0,1,1,0,0,0,0,1,0,1,0,0,0,0.867476
1,1,0,0,0,0,0,1,0,1,1,0,0,1,1,0,1,1,0,1,1,0,1,1,1,1,1,1,1,0,0,0,0.737461
1,0,0,0,0,0,0,1,1,0,1,1,1,0,1,1,0,0,1,0,0,0,0,0,0,0,1,0,1,1,0,0,0.498457
1,0,0,0,1,0,1,1,0,0,1,0,0,1,1,0,0,1,1,1,0,0,1,1,1,1,0,1,0,1,0,0,0.608701
0,0,1,1,0,0,1,0,1,0,1,1,1,1,0,0,1,0,0,0,1,1,0,1,0,1,0,0,0,0,0,0,0.573149
0,1,0,0,0,1,1,1,0,0,1,0,1,0,1,1,0,0,0,1,0,1,0,1,1,0,1,1,0,1,0,1,0.770981
0,1,1,0,0,0,0,1,1,0,0,1,1,1,0,1,0,0,0,1,1,0,1,0,1,1,1,1,0,0,1,0,0.607346
1,1,1,1,0,1,0,0,0,0,1,0,1,1,1,0,0,0,1,0,0,0,0,1,1,1,0,1,1,1,0,1,0.695336
1,0,0,1,1,0,1,0,0,1,1,0,1,0,1,0,1,0,0,1,0,1,0,1,1,0,1,0,0,1,1,0,0.613569
1,0,1,0,0,1,1,0,0,0,0,1,0,0,0,1,0,0,1,1,0,0,0,1,1,1,1,0,0,1,0,0,0.545450
1,1,0,1,1,0,0,1,0,0,0,1,0,1,1,0,1,0,1,1,0,0,0,1,0,1,1,0,0,0,0,1,0.626615
1,0,1,1,0,0,0,0,0,0,0,0,0,0,0,1,1,1,0,1,0,1,0,0,1,1,0,0,1,1,1,1,0.832100
1,0,0,0,0,0,0,1,0,1,1,0,0,1,0,0,0,0,0,1,0,0,0,0,1,0,1,0,0,1,1,1,0.701784
1,0,0,1,1,1,1,1,1,1,1,1,1,0,0,0,1,1,1,1,0,1,0,0,0,1,1,1,1,1,0,0,0.783526
1,1,0,0,1,0,1,1,0,1,0,1,0,0,0,0,0,1,1,1,1,1,0,1,0,1,0,1,1,1,0,0,0.706375
0,1,0,0,0,1,1,0,0,0,1,1,1,0,1,0,1,1,1,1,0,0,0,0,0,1,1,1,1,1,1,1,0.738490
1,0,0,0,0,1,1,0,0,1,1,0,1,0,0,1,1,1,0,1,1,0,1,0,1,1,1,0,1,1,1,1,0.841283
0,1,0,1,0,1,1,1,1,0,0,0,1,0,1,1,1,0,0,1,0,0,0,1,1,0,1,1,0,0,0,0,0.622952
0,1,0,0,1,0,0,1,0,1,0,1,1,1,0,0,0,0,0,0,1,0,0,0,1,0,1,1,0,0,1,1,0.564669
1,0,0,0,0,1,1,0,0,1,0,0,0,0,0,1,0,0,0,0,1,0,0,1,1,0,1,1,0,0,0,1,0.620092
1,1,0,1,1,0,0,0,1,0,1,1,1,0,1,0,0,0,0,0,1,0,0,0,1,1,0,0,0,1,0,1,0.612565
0,0,0,1,1,1,0,0,0,1,1,1,1,0,0,0,1,1,0,1,1,0,0,1,1,0,1,1,1,1,1,1,0.787239
0,1,1,0,1,1,0,1,0,1,1,1,0,0,0,0,1,1,0,1,0,1,1,0,0,1,0,1,1,0,0,0,0.587801
0,0,1,0,1,1,0,0,1,0,1,0,1,1,0,0,1,0,1,0,1,0,1,0,0,0,0,0,1,0,1,1,0.649923
0,0,0,0,1,1,0,1,1,1,0,1,0,0,0,1,1,1,1,0,0,1,0,0,0,1,1,0,1,0,0,1,0.628271
1,1,0,1,0,0,1,1,1,0,1,0,0,0,1,1,0,0,1,0,1,0,1,1,1,0,0,1,1,0,0,1,0.669995
1,1,1,1,0,1,0,0,1,0,1,1,1,0,0,1,0,0,0,0,0,1,0,0,1,0,1,1,0,0,1,1,0.687382
0,0,0,0,1,1,1,0,0,1,1,1,0,1,0,0,0,1,1,1,0,1,0,0,0,1,0,1,1,1,0,0,0.361267
1,0,1,1,1,0,0,1,0,0,0,1,1,0,0,0,1,0,0,1,0,1,0,1,0,1,0,1,1,0,1,0,0.642999
1,0,0,1,0,1,1,0,0,0,0,0,0,0,0,0,1,1,0,1,1,0,0,1,1,0,0,0,0,0,0,0,0.698723
1,1,0,1,1,0,1,1,0,1,0,1,1,1,0,0,0,1,1,1,0,1,0,0,1,0,0,0,0,0,1,0,0.707279
0,1,0,0,0,0,0,1,1,0,1,0,0,0,1,0,0,1,0,0,1,1,1,1,1,1,0,0,0,0,0,0,0.443787
1,1,1,0,1,0,0,0,0,0,1,0,0,1,0,0,1,0,1,1,1,0,1,0,1,1,1,0,0,0,1,1,0.632687
0,1,1,0,0,0,0,1,0,1,1,0,1,0,1,1,1,0,1,0,1,0,0,1,0,1,1,0,1,1,1,1,0.987380
1,0,0,0,1,1,0,0,0,1,0,1,0,1,0,0,1,0,0,0,0,0,0,0,1,1,0,1,0,1,1,0,0.529719
0,1,1,1,0,1,1,1,1,0,0,1,1,0,1,1,1,1,0,0,1,0,0,0,0,0,1,1,1,1,1,0,0.654139
1,0,1,0,0,1,1,1,0,1,0,0,1,1,0,1,0,0,1,1,0,0,0,1,1,0,0,1,1,1,1,1,0.870362
1,1,0,1,0,0,1,1,1,0,0,1,1,0,1,1,1,1,0,1,0,0,1,0,0,1,1,0,1,0,0,1,0.703038
0,0,0,1,1,0,1,0,0,1,0,1,1,0,1,1,1,1,0,1,1,0,0,0,0,0,1,1,0,1,0,1,0.636049
0,1,0,0,1,1,1,0,0,0,0,1,1,1,0,0,1,0,0,1,1,0,0,0,0,0,1,1,1,0,0,1,0.493840
1,0,1,1,0,1,0,0,0,1,1,0,0,0,1,1,1,1,1,0,0,0,1,0,0,0,0,0,0,1,0,0,0.595353
1,0,0,0,1,0,0,0,0,1,0,0,0,1,0,1,0,0,1,0,0,1,1,1,0,1,1,0,1,0,1,1,0.868154
1,1,1,1,1,1,1,0,0,1,1,0,1,1,1,0,0,1,0,0,0,0,0,1,1,1,1,1,0,0,0,1,0.641669
1,0,0,0,0,1,0,0,1,0,0,1,0,0,0,1,1,0,1,0,0,0,0,1,1,1,1,1,0,1,1,1,0.876107
1,0,1,0,0,0,1,0,0,0,0,1,0,1,1,1,1,1,1,1,0,0,0,0,0,0,1,1,0,0,0,0,0.533231
0,0,0,1,0,0,1,0,0,0,1,0,0,0,1,0,1,1,1,1,1,1,1,0,1,0,0,1,0,0,0,1,0.546127
1,0,0,1,1,1,0,1,1,1,1,0,1,1,1,1,0,1,1,0,1,0,0,1,0,1,1,0,1,0,0,0,0.645131
1,1,1,1,0,0,1,0,0,0,1,0,1,0,0,1,0,0,0,1,0,1,0,0,0,1,1,1,1,0,1,0,0.571970
0,1,1,0,0,1,1,0,1,0,1,0,0,0,1,0,0,0,1,0,1,1,1,0,1,1,1,1,1,1,0,1,0.641895
0,1,1,0,0,1,0,0,0,0,0,0,1,1,1,1,0,0,1,0,0,1,1,1,0,0,1,0,0,1,1,0,0.740949
1,0,1,1,0,1,0,0,0,1,0,1,1,1,0,1,1,1,1,0,1,1,1,1,0,1,0,1,0,1,1,0,0.695762
1,0,1,1,0,0,0,1,0,1,0,1,1,1,1,1,1,1,1,1,1,0,0,1,0,1,1,1,0,0,1,0,0.734927
1,1,0,1,1,0,1,0,0,1,1,0,1,1,0,1,1,1,0,0,0,1,0,1,0,0,1,0,0,1,0,0,0.656723
1,1,1,1,0,1,0,1,1,1,0,1,0,1,1,0,1,0,0,1,0,1,1,0,0,0,1,1,1,1,0,0,0.705071
0,0,0,1,1,0,0,0,1,1,0,1,1,0,0,1,1,1,1,0,0,0,1,0,0,0,0,1,0,0,0,0,0.445769
0,0,1,1,0,1,0,0,1,0,0,1,0,1,1,1,1,0,1,1,1,0,1,1,1,1,0,0,0,0,0,0,0.563540
1,1,1,0,0,0,0,1,0,1,0,0,0,1,0,1,0,1,0,1,1,0,0,1,1,1,1,1,0,1,0,1,0.809996
1,0,0,0,0,0,1,1,0,1,0,1,1,0,1,0,0,0,0,0,0,0,1,0,0,1,0,1,0,1,1,0,0.549540
1,1,0,0,1,1,0,0,0,1,0,0,1,0,1,1,0,0,1,1,1,1,1,0,1,1,1,0,0,0,0,1,0.650576
0,1,1,1,1,0,1,0,0,0,1,1,0,0,1,1,1,0,1,1,1,1,0,1,0,1,1,1,0,1,1,1,0.900720
0,1,1,0,1,0,1,1,0,1,0,0,1,1,0,1,0,1,0,1,0,0,0,1,0,0,0,1,1,1,1,0,0.595830
0,0,1,1,1,0,1,0,0,1,1,0,1,1,1,0,0,0,1,1,1,0,1,0,1,0,1,0,0,1,0,0,0.560880
0,0,0,0,0,0,1,0,1,0,1,0,1,1,0,0,0,1,1,1,0,0,0,0,1,0,0,1,0,1,0,0,0.384048
1,0,0,1,0,0,0,1,1,0,0,0,0,0,1,1,1,1,0,0,0,0,1,1,1,0,1,0,1,0,1,1,0.861279
1,0,1,1,1,0,1,1,1,0,1,0,1,1,1,1,1,0,0,1,0,1,0,0,1,1,1,1,0,1,0,1,0.771031
0,0,1,0,0,0,0,0,0,1,1,1,1,1,0,0,0,1,1,1,0,1,0,1,0,1,0,0,0,0,0,0,0.346664
1,1,1,1,1,0,1,1,0,1,1,0,1,0,1,0,1,1,1,1,1,1,0,1,1,1,1,0,1,0,0,0,0.823268
1,0,1,0,0,0,0,0,0,1,1,0,0,1,1,0,1,1,1,1,0,0,0,0,1,1,0,0,0,0,1,0,0.569938
0,0,0,1,1,0,1,0,0,0,1,0,0,1,0,1,0,1,1,0,0,0,1,1,1,1,0,0,1,0,1,1,0.876910
1,1,1,0,1,1,0,1,1,0,0,1,0,0,0,0,0,1,1,1,1,0,1,1,0,0,1,0,0,0,0,0,0.821637
0,1,0,0,1,0,0,0,0,0,1,1,1,0,0,1,0,1,0,0,0,0,0,1,0,1,0,1,1,1,1,1,0.854781
0,1,0,0,1,0,1,1,1,1,1,0,1,0,1,1,1,1,1,1,1,1,0,0,0,0,1,0,1,1,1,0,0.698773
1,0,0,0,0,1,1,1,0,1,1,1,1,1,1,1,0,0,0,0,0,1,0,1,1,1,1,0,0,1,0,0,0.649146
1,0,1,0,1,0,0,1,1,1,0,0,0,0,1,0,1,1,1,1,1,1,1,1,1,1,0,0,0,0,1,1,0.735655
0,0,0,1,1,0,1,1,0,1,0,1,1,0,1,0,1,0,1,0,1,0,1,0,0,0,0,0,1,0,0,1,0.581755
1,1,1,0,0,0,0,0,0,0,1,0,0,0,0,0,0,1,0,0,1,1,1,1,0,1,1,1,0,0,1,1,0.672178
0,0,1,0,0,0,1,0,1,0,0,1,0,0,1,1,0,1,1,0,0,0,1,1,0,0,1,0,0,1,0,1,0.829792
1,0,1,0,0,0,1,1,0,0,0,1,0,0,0,1,0,0,1,1,0,1,0,1,1,1,1,1,1,0,0,0,0.635296
1,0,0,0,1,1,1,1,0,0,1,0,1,0,0,0,1,1,0,1,0,1,0,1,0,0,1,1,1,1,0,0,0.648042
0,1,1,0,0,0,0,1,1,1,1,0,0,1,0,0,0,1,0,0,1,0,1,1,0,0,0,0,0,1,0,0,0.544973
1,0,0,0,1,1,0,0,0,1,1,0,1,0,1,1,0,1,0,0,0,1,1,1,1,0,1,0,0,0,0,1,0.723286
0,1,0,1,0,1,1,0,1,0,0,1,0,0,1,1,0,0,1,1,1,0,0,0,1,1,0,0,0,1,0,0,0.528565
0,1,0,1,0,0,1,1,0,1,1,0,0,0,0,1,1,1,0,0,0,1,0,0,0,0,1,1,1,1,0,1,0.652809
1,1,0,1,1,0,0,0,1,1,1,1,0,1,0,1,0,0,0,1,0,1,0,0,0,1,0,1,0,0,1,0,0.574579
0,0,1,1,1,1,0,0,1,0,0,0,0,0,1,1,0,0,0,0,0,1,0,0,0,0,0,0,1,0,0,0,0.512031
0,1,1,1,1,1,1,0,0,0,0,0,0,1,1,1,0,1,1,1,1,1,1,0,1,1,0,1,0,0,0,0,0.627368
1,1,1,1,0,0,1,0,1,1,1,1,0,1,0,1,0,0,1,0,0,0,0,0,1,0,1,0,0,0,1,1,0.728780
0,1,0,1,0,1,1,0,0,0,1,0,1,0,1,1,1,0,0,1,1,0,1,1,1,1,0,1,1,0,1,0,0.659081
0,0,0,1,1,1,1,1,1,0,0,1,0,1,1,0,1,0,0,1,0,1,0,1,1,1,0,0,0,1,1,1,0.860702
1,1,1,1,0,0,0,0,1,1,1,1,0,0,0,0,0,1,1,0,0,0,0,0,0,1,1,0,0,0,1,0,0.837469
0,0,0,0,1,0,0,1,1,0,0,1,0,1,0,1,0,0,0,1,1,0,1,0,0,0,0,1,1,0,1,1,0.705648
1,0,0,0,0,0,0,1,0,0,0,1,0,0,1,0,0,0,0,1,0,1,0,0,0,1,1,0,0,0,0,0,0.834559
1,0,0,0,0,1,0,0,0,0,1,1,0,1,1,1,0,1,0,0,0,1,1,1,0,0,1,1,1,0,1,0,0.583662
0,0,0,0,1,0,0,0,1,1,0,0,0,1,0,0,1,1,1,0,1,1,0,1,1,1,0,1,0,1,0,0,0.436862
1,1,0,1,1,0,0,1,0,0,0,0,1,0,0,0,1,1,1,0,1,1,0,0,0,1,0,1,1,0,0,1,0.546428
1,1,0,0,1,0,1,0,0,0,1,0,1,0,1,0,1,0,0,0,0,1,0,0,1,1,1,1,0,1,0,0,0.735479
1,0,1,0,1,0,0,1,0,1,0,1,1,0,1,0,0,0,0,0,1,1,1,0,1,1,0,1,0,1,0,1,0.609203
1,1,0,0,0,1,0,0,1,1,0,0,1,0,1,1,1,1,1,0,1,0,0,1,0,0,1,0,0,0,0,0,0.723687
0,1,0,1,0,0,1,0,1,0,0,0,1,0,1,1,0,0,1,1,1,0,0,0,0,0,0,1,0,1,1,1,0.742580
0,0,0,1,0,0,0,0,0,1,1,1,0,1,0,0,1,1,1,1,1,0,1,0,0,0,1,1,0,0,0,0,0.416088
0,0,0,1,0,1,1,0,1,1,1,0,1,0,0,0,1,1,0,0,0,1,1,1,1,1,1,0,0,1,1,1,0.829014
1,0,1,1,0,0,0,0,1,1,0,1,0,1,0,1,0,0,0,0,0,1,1,0,1,0,1,1,0,0,0,1,0.579120
0,1,1,0,0,1,0,1,0,0,1,0,1,1,1,1,0,0,1,0,0,0,1,0,0,1,0,0,0,1,1,1,0.859448
1,1,1,1,1,0,1,1,0,0,1,0,0,1,0,0,0,1,0,1,1,0,0,1,1,0,0,1,1,1,1,1,0.812153
1,0,1,1,1,1,1,1,0,0,0,1,1,0,0,0,1,0,0,0,0,1,1,1,1,0,0,0,0,1,0,1,0.736960
0,0,0,1,0,0,1,0,1,1,1,0,1,1,1,1,0,1,1,0,0,0,0,1,0,0,1,1,0,1,1,0,0.538977
0,0,0,0,0,1,0,1,1,0,1,1,0,0,0,0,0,0,0,0,0,0,0,0,0,1,1,1,0,1,1,0,0.351105
1,0,1,0,0,0,1,0,0,0,0,1,1,0,1,0,1,0,1,1,0,1,0,1,0,1,0,0,0,1,1,1,0.829716
1,0,1,1,1,0,0,1,1,0,0,1,0,0,0,0,0,0,1,1,0,0,1,1,1,0,0,1,1,0,1,0,0.555511
1,0,0,0,1,1,0,1,0,1,0,0,1,1,1,1,1,0,0,0,1,1,1,0,0,1,0,0,1,0,0,0,0.669217
1,1,1,1,1,0,0,0,1,1,1,1,0,0,1,1,1,0,1,0,1,1,0,0,1,0,1,1,1,1,1,0,0.774745
1,0,0,0,1,1,1,1,0,1,0,0,1,1,1,0,1,0,1,0,1,1,1,1,1,1,1,1,0,0,1,1,0.810297
0,1,0,1,1,0,0,1,1,1,1,0,1,1,1,0,0,0,1,0,1,1,0,0,0,1,0,1,1,1,0,1,0.653913
1,1,1,0,0,1,1,1,0,1,0,1,1,1,0,1,1,0,1,0,1,1,1,1,1,1,0,0,1,1,0,0,0.876810
0,0,1,0,1,1,1,1,1,0,0,0,0,0,0,1,0,1,1,0,1,1,1,1,0,1,1,0,1,1,1,1,0.965828
1,1,1,0,0,1,1,1,0,1,1,0,1,1,0,1,0,1,0,1,1,0,0,1,1,1,1,1,1,1,1,1,0.870035
1,0,1,1,0,1,1,1,0,0,0,1,1,0,0,0,0,0,1,1,1,1,1,0,0,1,1,1,0,0,0,0,0.629074
0,1,0,0,1,1,0,0,0,0,0,1,0,0,0,1,0,0,1,0,0,0,1,0,0,1,0,0,1,1,1,0,0.474898
1,1,0,1,1,1,1,0,0,1,1,1,0,0,1,0,1,1,0,0,0,0,0,0,0,0,0,0,0,1,1,0,0.816795
0,1,1,0,1,1,0,0,0,0,1,0,0,1,1,1,0,1,1,0,1,1,1,0,1,1,0,1,0,0,0,0,0.659056
0,0,1,1,0,0,0,1,0,1,0,1,0,0,0,1,0,1,1,1,1,0,1,0,1,0,0,0,1,1,1,1,0.914971
0,0,0,1,1,0,1,1,0,0,1,1,0,0,0,0,1,0,0,1,1,0,1,1,0,1,0,1,0,1,0,0,0.588504
0,1,1,1,1,1,1,0,1,1,1,1,0,0,1,0,0,1,1,0,0,0,0,0,0,1,0,1,0,0,0,0,0.531575
0,1,1,0,0,1,1,1,0,1,1,1,1,1,0,0,1,0,1,1,0,1,1,1,0,0,1,1,0,1,0,1,0.846903
1,0,1,1,0,1,0,1,0,0,0,0,0,1,0,0,1,1,0,0,1,0,1,0,0,1,1,1,1,0,0,1,0.573199
1,0,1,0,0,0,1,1,1,1,1,0,0,0,1,0,0,1,1,1,0,1,0,0,1,1,0,0,1,0,1,0,0.712723
0,1,0,0,1,1,1,1,0,0,0,0,1,0,1,0,1,1,0,0,1,1,0,1,1,0,0,1,1,1,1,1,0.762601
0,0,1,0,1,1,0,0,1,0,1,1,0,1,1,1,0,0,0,1,0,1,1,0,1,0,0,0,1,1,1,0,0.574479
0,0,0,1,0,0,1,0,1,0,0,0,1,1,1,0,0,0,0,0,0,1,0,0,1,0,0,1,1,0,0,1,0.498081
1,1,0,0,0,1,1,1,0,0,1,0,1,1,0,1,1,0,0,0,1,1,1,1,0,1,1,1,0,1,1,0,0.722633
1,0,1,0,0,1,0,0,0,1,1,1,1,1,1,1,0,0,0,0,1,1,1,1,0,0,0,0,0,0,0,0,0.562988
1,1,1,0,0,0,0,1,1,0,1,1,0,0,0,1,0,0,0,0,0,0,0,1,1,1,0,0,0,0,0,0,0.609981
1,0,1,0,1,1,0,0,0,0,0,1,0,0,0,1,0,0,0,1,0,0,0,0,0,0,0,0,0,0,0,1,0.597411
0,0,1,0,1,0,1,0,0,0,1,1,1,0,1,0,1,0,0,0,0,0,0,1,1,0,0,1,0,1,1,1,0.738716
0,0,0,1,0,1,0,1,0,0,0,0,1,0,1,0,0,1,1,0,0,0,0,1,0,0,0,0,1,0,1,1,0.723135
1,1,0,0,1,1,0,1,0,1,0,1,0,1,1,1,0,1,1,0,0,0,1,1,0,1,1,1,0,0,0,0,0.702637
1,0,1,0,0,1,1,0,1,1,1,0,1,0,1,0,1,1,0,0,1,1,0,0,0,1,0,0,0,0,1,1,0.629074
1,1,1,1,0,1,0,0,1,0,0,1,0,0,0,0,0,1,1,1,0,0,0,1,1,0,0,1,0,1,0,0,0.680131
1,1,0,1,0,1,0,1,1,1,0,1,0,0,0,1,0,1,0,1,0,1,0,0,0,0,0,0,1,0,0,1,0.653787
0,1,1,0,1,1,1,1,1,1,1,0,0,0,1,1,1,0,1,0,1,0,0,0,1,0,1,0,0,0,0,0,0.610934
0,1,0,0,0,0,0,1,0,1,1,0,0,0,1,1,0,1,0,0,0,1,0,1,0,1,1,1,1,0,1,0,0.493715
1,1,0,1,1,1,0,0,1,0,0,0,1,0,0,0,0,0,1,1,1,0,1,1,1,0,1,1,0,1,1,1,0.797903
0,0,0,1,1,0,1,0,1,0,0,0,1,0,0,1,0,1,1,0,1,0,1,0,1,0,0,1,0,0,1,1,0.649974
1,0,1,1,0,1,1,0,1,1,0,1,1,1,0,0,1,0,0,0,0,0,1,0,1,1,0,0,0,0,1,1,0.655017
0,0,0,1,1,0,0,0,0,1,0,1,1,0,1,1,0,0,0,0,1,0,0,0,0,1,1,1,1,0,0,1,0.593020
1,0,1,1,0,1,1,1,1,0,0,0,0,1,0,1,1,0,0,1,1,0,0,1,0,1,0,0,1,0,0,0,0.669142
1,1,1,0,0,0,0,1,1,1,0,1,1,1,1,1,0,1,1,1,0,0,1,1,0,1,1,0,1,0,0,1,0.770605
1,0,0,1,0,0,1,0,1,0,0,0,0,0,1,0,0,0,0,1,1,0,0,0,0,0,1,0,1,1,1,1,0.693605
0,1,1,1,1,1,0,1,1,1,0,1,0,1,0,1,1,1,0,0,1,0,1,0,1,0,0,1,1,1,1,1,0.834358
0,0,1,0,1,0,1,0,0,0,1,1,0,1,0,0,0,0,1,0,1,0,1,0,0,0,1,0,1,0,1,1,0.648393
1,1,1,1,0,1,1,0,1,0,1,0,0,1,1,1,1,1,0,1,0,0,1,0,1,0,1,0,0,1,0,1,0.749806
0,0,0,0,1,1,0,1,1,0,1,1,1,0,0,0,0,0,0,0,0,1,0,1,1,1,1,1,1,0,0,1,0.575031
0,0,1,1,0,0,1,0,0,1,1,0,0,1,1,1,1,1,1,0,1,0,1,1,1,1,0,1,1,0,0,1,0.735479
0,0,0,0,0,0,1,1,0,1,0,0,0,0,1,0,0,0,0,0,1,1,0,0,0,0,1,1,1,0,0,1,0.493489
1,0,1,1,1,0,1,1,1,1,0,1,1,0,0,1,0,0,1,1,0,1,1,1,1,1,0,0,0,1,0,0,0.669017
0,0,1,0,1,1,0,0,1,1,1,0,0,1,1,0,0,0,1,0,0,0,1,1,0,0,1,1,1,1,0,1,0.747096
0,0,0,0,0,0,0,1,0,0,0,1,0,1,0,1,0,1,1,0,0,0,1,1,1,1,1,1,1,1,1,1,0.871465
0,1,0,0,0,0,0,1,1,0,1,1,1,0,1,0,1,1,0,1,1,0,1,1,1,0,1,1,1,1,0,0,0.665705
0,1,1,1,1,0,1,1,1,0,1,0,1,0,1,0,0,0,0,1,1,0,1,1,1,0,0,0,1,1,0,1,0.725494
0,0,0,1,0,1,1,1,1,0,0,1,0,0,0,0,1,1,1,0,0,1,1,0,1,0,0,1,0,0,0,1,0.614296
1,0,0,0,0,1,0,0,0,1,1,1,1,1,0,0,0,1,0,1,1,0,1,0,0,0,1,0,1,1,0,1,0.649547
1,0,0,0,0,0,0,1,1,0,1,0,0,1,1,1,0,0,1,0,0,1,0,1,0,0,0,0,0,0,0,0,0.593145
0,0,0,1,1,0,0,1,0,0,1,0,1,1,0,1,1,1,0,0,1,0,0,1,0,0,0,1,1,1,0,1,0.780340
1,0,0,0,0,1,1,1,1,1,1,0,0,0,0,0,0,1,0,0,1,0,0,1,0,1,0,1,1,1,0,1,0.682465
1,0,1,1,1,0,1,1,1,0,1,0,0,0,0,1,0,0,0,0,1,0,0,0,0,0,1,0,0,0,0,0,0.842412
0,1,0,1,1,1,1,1,1,1,0,0,0,1,1,0,0,1,0,1,0,1,1,0,0,0,1,0,0,1,0,1,0.681436
0,0,0,1,0,0,1,1,1,1,1,1,1,1,0,0,0,1,1,1,0,1,0,0,0,0,0,1,0,0,1,1,0.642773
1,1,0,1,1,1,0,1,0,1,1,1,1,0,0,1,1,0,0,1,0,1,0,1,0,0,0,1,0,1,0,0,0.635773
1,0,1,0,0,0,0,1,0,1,0,0,0,0,0,1,0,0,0,0,0,0,0,0,1,0,1,1,1,0,0,0,0.467220
0,0,0,1,0,1,1,0,0,0,0,1,1,1,1,1,1,0,0,1,0,0,1,1,1,0,0,0,1,0,1,0,0.607622
1,0,0,0,1,0,0,0,0,1,0,0,0,0,0,1,0,0,1,0,1,1,0,1,0,1,0,0,0,0,1,0,0.521289
1,1,0,0,1,1,1,0,1,1,1,0,0,0,1,1,0,1,1,1,0,0,1,1,1,1,1,0,1,1,1,1,0.960710
1,0,1,0,1,1,1,1,1,0,0,1,0,1,1,1,0,0,1,0,0,1,1,1,1,1,0,1,0,1,1,0,0.704669
1,0,0,1,1,0,0,1,1,1,0,1,0,0,0,1,1,1,0,0,1,1,1,0,0,0,1,1,0,0,0,0,0.659658
1,0,0,1,1,1,1,1,1,1,1,0,0,1,1,0,1,1,0,1,1,0,0,1,1,0,0,1,0,0,1,0,0.645834
1,0,0,0,1,0,1,1,0,0,0,0,0,1,0,0,0,0,0,0,0,0,0,0,1,1,1,1,0,0,0,0,0.498457
1,1,1,1,1,0,1,0,1,1,0,0,1,0,1,1,1,1,0,0,0,1,1,1,0,0,0,1,0,0,0,1,0.672278
1,0,1,0,1,1,1,1,0,1,0,1,1,0,0,0,1,1,1,1,1,0,0,1,1,0,1,1,0,0,1,0,0.800863
1,1,1,1,1,0,1,0,1,1,0,0,1,0,1,0,0,1,1,0,0,1,0,0,1,1,0,1,1,0,0,1,0.687332
0,1,1,1,0,0,1,1,0,1,0,1,0,1,1,1,0,0,1,1,0,1,1,1,0,1,0,0,1,0,1,1,0.893068
0,0,1,0,0,0,1,1,1,1,0,1,1,0,1,0,0,0,0,1,0,0,1,0,1,1,0,0,0,0,0,1,0.537421
1,1,0,1,1,0,1,1,1,1,0,0,0,0,1,1,0,0,0,1,0,0,1,0,0,1,0,0,0,1,1,1,0.846827
0,0,1,1,1,0,1,1,1,0,0,0,0,0,0,0,1,0,1,0,1,0,1,1,1,0,0,1,1,0,0,0,0.616805
1,1,1,1,1,1,0,0,1,0,0,0,1,0,1,0,1,0,0,0,1,1,0,1,0,1,0,1,0,0,1,0,0.706777
1,1,1,0,0,0,0,0,0,0,0,1,0,0,0,0,0,1,1,1,0,1,1,1,1,1,1,1,0,1,1,0,0.673558
1,0,1,1,1,0,0,1,1,0,0,1,0,1,1,1,1,0,1,0,0,1,0,1,0,1,0,1,1,1,1,1,0.869433
0,1,0,1,1,0,0,0,0,0,0,1,1,1,0,0,1,1,1,1,1,1,0,1,0,0,0,0,0,1,1,1,0.837845
1,0,1,1,1,1,1,0,1,0,1,0,1,1,1,0,1,1,1,1,0,0,1,1,1,0,1,1,0,0,0,0,0.764107
1,0,0,0,1,0,1,1,0,1,1,0,1,1,0,0,0,0,0,0,1,1,1,0,0,0,1,1,1,1,0,1,0.605565
0,1,1,1,0,0,1,1,1,0,1,0,1,1,1,1,0,0,1,0,1,0,1,0,1,1,0,0,0,1,1,0,0.641970
0,0,0,0,0,1,1,1,0,1,1,0,0,0,1,1,0,0,0,0,0,1,1,0,1,0,1,1,1,0,0,1,0.608300
1,1,0,0,1,1,0,1,1,0,0,0,0,0,1,1,1,1,0,1,1,1,0,1,0,1,0,1,0,1,0,1,0.791480
0,1,1,1,1,1,0,0,0,1,1,1,0,0,0,0,0,1,1,0,0,0,1,0,0,0,1,0,0,1,1,0,0.427905
0,0,1,0,1,0,0,1,1,0,1,0,1,1,0,0,1,0,0,1,1,0,0,1,1,0,0,0,1,0,0,1,0.620719
0,0,1,0,1,0,0,0,1,1,1,0,1,1,0,1,1,0,1,0,0,1,0,0,1,1,1,1,0,0,1,0,0.591239
1,0,0,1,0,1,1,0,1,0,1,0,1,1,1,1,0,0,0,1,0,1,0,0,0,0,1,0,1,0,0,1,0.653285
1,0,0,1,1,1,1,0,1,1,0,0,1,1,1,1,0,1,0,1,1,0,0,1,1,0,1,1,1,0,0,0,0.707881
0,0,1,0,0,1,0,1,1,1,1,1,0,1,0,0,0,1,1,0,1,0,1,1,1,0,0,0,0,0,0,1,0.665479
0,1,0,0,1,0,0,0,1,0,0,0,1,0,0,0,1,0,1,1,0,0,0,1,0,1,0,0,1,1,0,0,0.513862
1,0,1,0,0,1,1,0,0,1,0,1,0,0,0,0,0,0,0,0,1,1,0,0,1,1,0,0,0,1,0,0,0.642447
1,0,1,0,0,0,0,0,0,0,0,0,1,1,0,0,0,0,0,1,1,1,0,1,1,0,1,1,1,1,0,1,0.765336
1,0,1,0,0,0,0,1,0,1,0,1,1,0,1,0,1,1,0,0,0,0,0,0,0,1,0,1,0,1,1,0,0.623228
1,1,1,1,1,0,0,1,0,0,1,0,1,0,1,1,1,1,0,0,0,0,1,1,0,0,1,0,0,0,1,1,0.838197
1,0,1,0,0,0,0,0,1,1,0,1,0,0,1,0,1,0,0,1,1,1,0,1,1,1,1,1,0,0,1,0,0.657701
1,1,0,0,0,0,0,0,1,0,1,1,1,0,0,0,1,1,1,1,0,0,0,0,1,0,0,1,1,1,0,1,0.550267
0,1,1,0,0,0,1,0,0,0,0,1,1,0,0,1,0,1,1,0,0,0,0,1,0,0,1,1,0,0,1,1,0.739469
1,1,1,1,1,1,1,0,1,0,1,0,1,1,1,0,0,1,1,1,0,0,0,0,1,1,0,1,1,0,1,0,0.849412
0,1,0,0,0,1,0,1,1,0,1,0,1,1,0,0,1,1,0,0,1,1,1,0,1,1,1,1,1,1,0,1,0.686278
1,1,0,0,0,0,0,0,0,1,0,0,1,0,1,0,1,0,1,1,1,0,0,0,0,1,0,1,0,1,0,1,0.596934
1,1,0,0,0,1,0,1,0,1,0,1,0,0,0,0,0,1,0,0,1,0,0,0,1,0,1,0,1,0,0,1,0.584314
1,0,0,0,0,1,0,1,0,1,0,1,0,1,1,0,1,0,1,0,0,1,0,0,1,0,0,1,1,1,0,1,0.602579
0,0,1,1,0,0,0,1,0,1,0,1,0,0,1,0,0,0,1,0,1,1,0,0,1,1,1,0,1,0,0,1,0.550443
0,1,1,0,0,1,1,0,0,1,0,0,1,1,1,0,1,0,0,0,0,1,1,1,0,0,1,1,1,0,1,0,0.603056
1,0,1,0,0,1,0,0,1,1,0,0,1,0,1,0,1,1,1,0,0,0,1,0,1,0,0,1,0,1,0,1,0.607698
1,1,0,0,0,1,1,0,1,0,0,1,1,0,0,1,1,1,0,0,0,1,1,1,1,1,0,0,0,0,0,1,0.708081
0,0,0,0,1,0,0,1,1,1,1,0,0,0,1,0,1,0,1,1,0,0,0,0,1,1,1,0,1,0,1,0,0.567955
1,1,0,1,1,0,1,0,0,1,1,0,1,0,0,0,0,0,1,0,0,1,1,1,0,0,0,1,0,1,0,0,0.657726
0,0,1,1,1,1,1,1,1,1,0,1,0,0,1,1,0,1,1,0,0,0,1,1,0,0,0,0,0,1,0,1,0.826856
1,1,0,0,0,0,1,0,0,0,1,1,1,0,1,1,1,0,1,1,0,0,0,0,0,1,0,0,1,0,0,1,0.617031
