1,1,0,0,0,1,1,0,0,1,0,1,0,0,0,1,0,0,1,1,0,0,1,0,0,0,1,1,1,0,1,1,0.638720
0,0,1,1,1,1,1,0,1,1,1,0,0,1,0,1,1,1,0,1,0,0,0,0,1,1,0,0,0,1,0,0,0.686727
0,1,0,1,0,0,0,1,1,0,1,1,0,0,1,1,1,0,1,0,0,1,0,0,0,0,1,1,0,0,0,0,0.881234
1,1,0,0,1,1,1,1,0,0,1,1,0,1,0,0,0,0,0,1,1,1,1,0,1,0,1,0,1,1,0,1,0.585704
0,1,0,1,0,1,1,0,0,1,0,0,0,0,1,1,0,0,0,0,0,1,1,1,0,1,0,1,1,0,0,1,0.859308
1,0,1,0,0,1,1,1,1,0,1,0,0,1,1,0,1,1,0,0,1,0,0,0,0,0,1,1,1,1,0,1,0.599904
1,1,0,1,0,0,0,1,1,0,1,0,0,1,0,0,0,1,0,1,1,1,1,0,1,1,1,1,0,1,1,0,0.610774
0,1,0,1,1,0,0,1,0,1,1,0,1,1,1,1,0,0,0,0,1,1,1,0,0,0,0,1,1,0,0,1,0.567748
1,1,0,0,0,0,1,0,1,1,1,0,0,1,1,1,1,1,0,1,0,0,0,0,1,0,0,1,1,0,1,1,0.675911
0,0,1,1,1,1,1,1,1,0,1,0,1,1,0,0,1,0,0,1,1,0,0,0,1,1,0,0,1,1,1,0,0.577206
0,0,1,0,1,1,1,0,1,0,0,1,1,1,1,0,1,1,0,1,1,1,1,1,1,1,1,1,0,0,1,0,0.504849
1,0,0,1,0,0,0,1,1,0,0,1,1,1,1,1,0,1,1,0,0,1,1,0,0,1,0,1,1,0,0,1,0.682385
1,0,0,1,1,0,1,0,1,0,0,0,1,1,0,1,1,0,0,0,0,1,0,0,0,1,1,0,1,1,0,1,0.607550
0,0,1,0,0,1,1,1,0,0,0,0,1,1,0,0,1,1,1,0,0,0,1,0,0,1,1,1,0,1,1,0,0.719842
0,1,0,0,1,1,0,1,0,0,1,0,1,1,1,1,0,1,0,0,0,0,0,1,0,0,1,0,0,1,0,1,0.623135
0,1,1,0,0,1,1,1,1,0,1,1,1,1,1,0,1,0,0,0,0,1,1,1,1,1,1,1,0,0,1,1,0.596947
1,1,0,0,0,0,0,1,0,0,1,0,1,1,0,1,1,1,1,0,0,0,0,1,1,0,0,1,0,1,1,1,0.990409
0,1,0,1,1,0,0,1,1,0,0,0,1,1,0,1,1,1,0,1,1,0,1,0,0,1,0,0,1,0,1,1,0.598066
1,0,0,1,1,1,1,0,1,0,1,1,1,1,1,0,0,0,1,0,1,1,0,0,1,0,0,1,0,1,1,0,0.595615
0,1,1,1,1,1,0,1,1,0,1,1,0,0,0,1,0,0,0,1,1,1,1,0,0,0,1,1,1,1,1,0,0.603501
0,1,0,0,1,0,1,1,1,0,1,0,1,0,0,0,1,0,1,1,0,1,1,1,1,1,1,0,0,1,0,0,0.641757
1,0,1,0,1,1,1,1,1,0,0,0,1,1,1,0,1,1,0,1,0,0,0,1,1,1,1,0,1,1,0,1,0.597613
0,0,1,0,0,0,0,0,0,1,0,0,0,1,1,0,0,0,0,1,0,1,1,1,0,0,1,0,0,1,1,0,0.759058
1,0,1,1,0,0,1,0,1,0,0,0,0,0,0,1,1,0,0,1,0,0,1,0,0,1,1,1,0,1,0,0,0.619139
0,1,0,1,0,0,0,0,1,0,1,1,1,0,1,1,1,1,0,1,1,1,1,0,0,1,1,1,1,0,1,0,0.601982
0,1,1,1,0,0,0,1,0,1,0,0,0,0,1,0,0,1,1,0,1,0,0,0,0,1,0,0,1,1,0,0,0.623961
1,0,1,0,1,0,1,1,0,1,1,0,1,1,0,1,0,0,0,0,0,0,0,1,0,1,0,0,1,1,0,0,0.676844
0,0,1,0,1,0,1,1,1,0,0,0,0,0,0,0,0,1,1,1,0,0,1,1,1,1,1,0,1,1,0,0,0.694560
0,0,1,1,0,0,1,0,1,0,1,0,1,0,0,1,1,1,0,1,1,1,0,1,1,0,1,1,0,0,0,1,0.613491
0,0,1,0,0,1,0,1,0,0,0,1,1,1,1,1,0,0,0,0,0,1,0,0,1,0,0,1,0,0,1,1,0.668372
0,0,0,1,1,1,1,0,0,0,1,0,1,0,1,1,0,0,1,1,0,0,1,0,1,1,1,1,0,0,1,1,0.764626
0,0,1,1,0,1,1,1,0,0,1,1,0,1,1,1,0,0,0,1,0,1,1,1,0,0,0,1,1,1,0,1,0.658754
1,0,1,0,1,0,0,1,1,0,1,0,0,1,0,0,1,1,1,0,0,0,1,0,0,0,1,1,1,0,0,0,0.722720
1,0,0,1,1,0,0,1,0,0,1,0,0,0,1,1,1,0,1,0,1,0,0,1,1,0,0,1,0,1,0,1,0.701087
1,0,0,1,0,0,1,1,1,1,0,0,1,0,0,0,0,0,1,1,0,1,1,0,1,1,1,1,1,1,0,0,0.606511
1,1,1,1,0,0,1,1,0,0,0,1,1,1,0,1,1,1,1,1,0,0,1,0,0,1,0,1,0,0,1,0,0.687633
1,1,1,1,0,1,0,1,1,0,0,0,1,1,0,1,1,0,1,1,1,0,0,1,1,0,1,0,0,1,1,0,0.660326
0,0,1,1,0,1,1,0,1,0,0,1,1,1,1,1,1,1,1,0,0,0,0,0,0,1,0,1,0,1,0,0,0.705243
1,0,1,0,0,1,1,1,0,0,0,1,0,1,1,0,1,1,1,0,0,0,1,0,1,0,1,0,1,1,1,1,0.681426
1,0,1,0,0,1,1,1,0,1,0,1,1,0,1,0,0,0,0,0,1,1,1,0,1,1,0,0,1,1,0,1,0.718377
1,0,1,0,0,0,0,0,1,0,1,0,0,1,1,0,1,0,0,1,0,0,0,1,0,1,0,0,0,1,0,0,0.667439
0,0,0,0,1,0,1,0,1,0,1,1,0,1,0,0,1,1,1,1,0,0,1,0,0,1,1,0,0,0,1,0,0.731298
0,0,1,1,0,0,0,0,1,1,1,0,0,0,0,1,1,1,1,1,1,1,0,1,0,0,1,0,0,0,1,1,0.642024
1,1,0,0,1,1,0,1,0,1,0,1,1,1,1,1,1,0,1,0,1,1,0,1,1,0,0,1,1,1,1,0,0.583493
0,0,0,0,0,1,1,0,0,1,1,1,0,1,0,1,0,1,0,0,1,1,0,1,0,1,1,1,1,0,1,1,0.615063
0,0,0,0,0,1,0,1,1,1,0,1,0,0,1,1,0,1,1,0,1,1,1,1,0,0,1,0,0,0,1,1,0.656836
0,1,1,0,0,0,0,0,0,1,0,1,0,0,1,0,0,1,1,0,0,0,1,1,0,0,0,1,1,0,1,1,0.629582
0,0,1,0,0,1,0,0,1,1,0,0,0,0,0,1,0,0,0,1,1,0,0,1,1,0,1,0,0,1,1,0,0.698982
1,1,0,1,1,1,1,0,1,0,0,1,1,0,1,1,0,1,1,1,0,1,1,0,0,1,0,0,1,0,1,1,0.609895
0,1,0,1,1,1,1,1,1,1,0,1,1,0,1,0,0,0,0,1,0,1,0,1,1,1,0,1,1,1,0,1,0.775975
1,1,0,1,1,1,0,0,0,1,0,1,1,1,1,1,1,0,0,1,1,1,0,0,1,1,0,1,0,1,1,0,0.695999
0,1,1,1,1,1,1,1,0,0,0,0,1,0,0,0,1,0,0,1,0,1,0,0,0,0,0,0,1,0,1,0,0.588342
0,1,0,1,0,0,0,1,1,0,0,0,1,1,0,1,0,0,0,0,0,0,0,0,1,0,0,1,1,0,1,0,0.620791
1,1,0,1,0,0,0,0,1,0,1,0,0,0,1,0,0,1,0,1,1,1,0,0,1,1,0,1,0,0,0,1,0.603367
0,1,0,0,0,1,0,0,1,1,0,1,1,0,0,1,0,0,0,1,0,0,1,0,1,0,1,1,0,1,1,0,0.843883
1,0,1,0,1,1,1,0,0,1,1,1,0,1,0,1,0,1,0,0,0,1,1,0,1,1,1,1,1,0,1,0,0.628277
0,0,1,0,1,1,1,0,0,0,1,1,1,0,0,1,0,1,1,0,0,1,0,0,1,0,0,1,1,1,0,1,0.646180
1,0,1,1,1,0,0,1,0,1,1,0,1,1,0,1,1,1,1,1,1,0,1,0,1,0,1,0,1,0,1,0,0.636136
1,1,0,1,1,1,1,0,1,0,1,0,0,1,0,1,1,1,0,0,1,0,1,1,1,1,1,0,1,1,0,0,0.609175
1,0,1,0,0,1,0,0,0,0,0,1,1,0,1,0,1,0,1,1,1,0,0,0,1,0,1,0,1,0,0,0,0.668505
0,1,0,1,0,1,0,0,1,0,1,1,0,1,1,0,0,1,1,1,0,0,1,0,0,1,1,0,1,1,0,1,0.731405
0,0,1,0,1,0,1,0,0,1,0,1,0,1,1,0,0,1,0,1,0,0,1,1,1,1,0,0,1,1,0,0,0.607497
0,1,1,1,1,0,0,0,1,1,1,0,0,0,1,0,0,1,0,1,0,0,0,0,0,1,1,1,0,0,0,0,0.655025
0,0,1,1,0,0,1,0,0,0,1,1,0,0,0,0,0,1,0,0,1,0,0,0,1,1,1,1,1,0,1,0,0.707774
0,0,1,0,0,0,0,0,0,1,1,1,1,1,0,1,0,1,1,0,0,1,0,1,1,0,0,0,1,0,0,1,0.711424
1,1,1,0,1,1,1,0,0,0,1,1,1,1,0,0,0,0,1,0,1,1,0,1,1,0,1,1,1,0,1,0,0.605259
1,1,0,0,0,0,0,1,1,1,0,0,1,1,1,1,1,1,1,1,0,0,0,0,0,1,1,1,1,0,1,1,0.662271
1,0,0,0,1,0,1,0,1,1,1,1,1,1,1,1,1,0,1,1,0,1,0,1,0,1,1,0,0,1,0,1,0.510523
1,0,0,0,0,0,0,1,1,0,1,0,0,1,0,0,1,1,0,1,1,1,0,1,1,0,1,1,0,1,1,1,0.588768
0,0,0,1,0,0,0,0,0,0,0,0,1,0,1,1,0,1,0,0,1,0,1,1,0,1,1,1,1,1,0,0,0.630568
0,0,1,1,0,0,0,1,0,0,1,1,1,1,0,1,1,1,0,0,1,1,1,0,1,1,1,0,1,1,0,1,0.610827
0,1,1,1,1,0,0,0,1,0,1,1,0,1,0,1,0,0,0,0,0,0,0,0,0,0,0,0,1,1,1,0,0.619459
0,0,1,0,1,1,1,0,0,1,0,0,1,1,1,1,0,0,1,1,0,0,0,0,1,1,1,0,1,1,0,1,0.542226
0,1,1,0,0,1,0,1,1,0,0,1,1,1,0,0,1,1,1,0,0,1,1,1,0,1,1,0,1,1,1,0,0.669944
1,0,1,0,0,1,0,1,0,1,0,1,1,0,0,1,1,1,1,1,1,1,0,0,0,1,1,1,1,1,1,0,0.591512
0,0,1,1,1,1,1,1,1,1,0,0,1,1,0,0,1,1,0,1,1,1,0,0,0,0,0,0,1,1,0,1,0.854406
0,0,0,0,1,0,0,1,0,0,1,1,0,1,0,1,0,1,1,0,0,0,1,0,0,1,1,1,0,0,1,1,0.702446
0,1,0,1,1,1,1,1,0,0,0,0,0,1,0,1,1,1,1,0,0,1,1,1,0,1,0,0,0,0,1,0,0.563086
1,0,1,1,1,1,1,1,1,0,1,1,0,0,1,0,1,1,1,1,1,0,1,0,1,0,1,0,0,1,0,1,0.696425
1,1,1,0,0,1,0,0,1,0,0,1,1,0,0,0,1,0,1,1,1,0,0,1,1,1,0,1,0,1,0,1,0.652014
1,0,0,1,0,1,0,1,1,0,1,0,0,1,0,0,0,0,1,1,0,1,0,0,1,0,1,1,0,0,0,0,0.708520
0,1,0,0,0,0,0,0,1,1,0,1,0,0,1,0,1,0,1,0,1,1,0,0,1,0,0,1,0,1,0,0,0.650762
1,1,1,1,0,0,0,1,0,1,0,0,0,1,0,1,1,1,1,1,1,0,0,1,1,1,0,0,1,1,1,1,0.603048
0,1,0,1,1,1,1,1,0,1,0,1,0,1,0,0,0,1,1,1,1,0,0,1,1,1,1,0,1,1,0,1,0.555733
1,1,0,0,1,0,1,1,0,1,1,0,1,0,1,1,0,1,0,1,0,0,1,0,0,0,0,1,1,0,1,0,0.656889
1,0,0,1,0,1,0,0,1,0,1,0,1,1,0,0,0,1,1,1,1,0,1,0,1,1,1,0,1,0,1,1,0.672208
1,1,0,0,1,0,1,1,0,1,0,1,1,0,0,0,1,0,1,0,0,1,1,0,1,1,0,1,0,0,0,1,0.582507
0,0,0,1,0,1,0,0,0,1,0,0,1,1,1,0,0,0,1,1,1,1,0,0,0,0,0,1,0,0,1,0,0.623402
1,0,1,1,1,1,1,0,1,1,1,0,0,1,1,1,1,0,0,1,0,1,1,1,0,0,0,1,1,0,0,0,0.593723
0,1,0,1,1,0,1,0,0,0,1,1,1,1,0,1,1,1,0,0,0,0,1,0,0,1,1,1,0,1,0,1,0.633152
0,0,0,0,0,0,0,0,0,0,1,0,0,0,1,1,0,1,0,1,0,1,0,0,1,1,0,1,0,0,1,0,0.641145
0,1,0,0,1,1,0,0,1,1,1,1,0,0,0,1,1,0,1,0,1,0,1,1,1,1,0,1,1,1,0,1,0.468324
1,0,0,1,0,0,0,1,1,1,1,1,0,0,0,1,1,0,1,0,1,0,0,1,0,1,1,0,0,1,0,0,0.614184
0,1,0,1,1,0,0,1,0,0,0,1,0,1,0,1,1,0,1,0,0,1,1,1,0,0,1,1,0,0,1,0,0.615090
1,1,0,1,0,0,0,0,0,0,0,0,1,0,1,0,0,1,1,1,1,1,0,0,0,1,1,1,1,0,1,1,0.662404
0,1,1,1,0,1,1,1,1,1,1,0,0,0,1,0,0,1,0,0,0,1,0,1,1,0,1,1,0,0,1,0,0.690004
0,0,0,0,0,0,1,0,1,1,0,0,1,0,1,1,1,0,1,1,1,1,0,0,1,1,1,1,0,0,0,1,0.617754
0,0,0,1,1,0,1,1,1,0,0,0,1,0,1,0,0,0,1,0,1,1,1,0,0,1,0,1,0,1,1,0,0.631447
1,1,1,0,0,1,0,0,1,1,1,0,1,0,0,0,0,1,1,1,1,0,1,1,0,1,1,0,1,1,0,0,0.656996
0,0,1,0,1,0,1,1,0,0,0,0,0,0,1,0,1,0,0,0,0,1,1,1,1,1,0,0,0,0,0,0,0.656330
0,0,1,0,0,1,1,0,1,1,0,1,0,1,0,1,0,0,1,1,0,0,0,0,0,0,1,1,0,0,1,0,0.645993
1,0,1,0,0,1,1,0,1,1,0,0,0,0,0,0,0,1,0,1,0,0,1,0,1,1,1,0,0,1,1,1,0.771366
0,1,0,0,1,0,1,0,1,0,1,0,0,0,1,0,1,0,0,0,1,1,1,0,1,0,0,1,1,0,1,1,0.586903
0,0,0,0,0,0,0,0,1,0,1,0,1,1,1,0,0,0,0,1,1,1,0,0,1,1,0,0,1,1,0,1,0.620764
1,1,0,0,0,0,0,1,0,0,0,1,0,0,1,1,0,0,1,1,0,0,0,1,1,1,0,1,1,1,1,0,0.688033
1,0,0,1,0,1,0,1,1,0,1,1,1,0,0,0,1,1,1,1,1,0,0,0,0,0,0,1,1,0,1,0,0.689125
1,1,0,0,1,1,1,0,0,1,1,0,0,1,0,1,0,1,0,1,0,1,0,0,1,1,1,0,1,1,0,1,0.683584
0,1,0,1,0,1,1,1,1,0,0,1,1,0,1,0,0,0,1,1,1,1,0,1,1,0,0,1,1,0,0,0,0.654838
0,1,1,0,0,0,0,0,0,1,0,0,1,0,1,0,1,0,1,0,0,1,1,1,0,1,1,0,1,1,0,0,0.657396
1,0,0,0,0,0,0,1,1,1,0,1,1,1,0,0,0,0,0,0,0,1,0,1,0,0,0,1,1,1,0,0,0.749361
1,1,1,0,0,1,0,1,1,1,0,0,1,1,1,1,0,1,1,0,0,0,0,1,1,0,0,0,0,0,0,0,0.731964
0,0,1,1,1,1,1,0,0,1,0,1,1,1,1,0,0,1,0,1,0,0,0,0,1,0,0,1,1,1,0,1,0.654652
1,1,1,1,0,1,1,1,1,0,0,0,0,1,1,0,0,0,1,1,0,0,1,1,1,1,0,1,1,0,1,1,0.673540
0,0,1,1,0,0,1,1,1,0,0,0,0,1,1,1,1,0,1,1,1,0,1,1,1,1,1,0,1,1,0,1,0.660699
1,1,1,0,0,1,0,1,0,0,1,0,1,1,1,0,0,0,1,0,1,0,0,1,0,0,1,0,0,0,0,0,0.691496
1,0,0,1,0,0,1,0,0,1,1,1,1,1,1,0,1,0,0,1,1,1,1,1,0,0,0,0,1,1,1,0,0.609921
1,0,1,1,0,0,1,0,1,0,0,0,0,0,1,0,1,1,0,1,1,0,1,0,1,1,0,0,1,1,0,0,0.663843
0,1,0,1,0,0,1,0,1,0,0,0,1,0,1,0,0,0,0,0,1,0,0,0,0,1,1,0,0,0,1,0,0.688219
0,1,1,0,0,0,0,1,0,0,0,0,1,0,1,0,1,1,0,0,0,1,1,1,0,0,0,1,1,1,1,1,0.655104
1,1,0,0,0,0,0,0,1,1,0,1,0,0,1,1,0,1,0,0,1,1,0,0,1,0,0,1,0,1,1,1,0.715793
1,1,0,0,1,0,0,1,1,0,1,0,1,0,1,0,1,0,1,0,1,0,0,0,0,1,0,1,0,0,0,0,0.728288
0,1,0,1,1,1,0,1,0,1,1,0,1,0,0,0,0,1,1,1,0,0,0,1,1,1,1,1,1,1,0,1,0.529705
1,1,0,1,1,0,0,1,0,0,1,0,1,1,0,0,1,1,0,0,1,1,1,1,0,1,0,1,1,1,0,1,0.595002
1,1,1,0,1,0,0,1,1,0,0,0,1,0,0,0,1,0,1,1,1,0,1,1,1,0,1,0,0,0,1,1,0.730818
0,1,0,1,0,0,0,0,1,0,0,0,1,1,0,0,1,0,1,1,0,1,1,0,1,1,1,0,0,0,1,1,0.684010
0,0,0,0,0,1,1,1,0,1,0,1,1,1,0,1,0,1,0,0,1,1,0,0,0,1,0,0,0,0,1,0,0.756181
1,0,0,0,1,0,0,0,1,0,1,0,0,0,1,1,1,0,1,1,0,0,1,1,0,1,0,1,0,0,1,0,0.723226
1,1,1,0,1,1,1,1,1,1,1,0,1,0,1,1,1,1,1,0,0,1,1,0,1,0,0,1,1,0,0,0,0.639733
