1,0,0,1,1,0,0,1,0,0,1,0,0,0,1,1,1,0,1,0,1,0,0,1,1,0,0,1,0,1,0,1,0.699680
0,1,1,1,0,0,0,1,0,1,0,0,0,0,1,0,0,1,1,0,1,0,0,0,0,1,0,0,1,1,0,0,0.619331
1,0,0,1,0,1,0,1,1,0,1,0,0,1,0,0,0,0,1,1,0,1,0,0,1,0,1,1,0,0,0,0,0.699211
0,1,0,1,0,0,0,0,1,0,1,1,1,0,1,1,1,1,0,1,1,1,1,0,0,1,1,1,1,0,1,0,0.604049
1,0,1,0,1,1,1,1,1,0,0,0,1,1,1,0,1,1,0,1,0,0,0,1,1,1,1,0,1,1,0,1,0.599062
1,0,0,1,1,1,1,0,1,0,1,1,1,1,1,0,0,0,1,0,1,1,0,0,1,0,0,1,0,1,1,0,0.596824
1,1,1,0,0,1,0,0,1,0,0,1,1,0,0,0,1,0,1,1,1,0,0,1,1,1,0,1,0,1,0,1,0.643542
0,0,1,0,0,1,0,0,1,1,0,0,0,0,0,1,0,0,0,1,1,0,0,1,1,0,1,0,0,1,1,0,0.689962
1,0,1,0,0,1,0,0,0,0,0,1,1,0,1,0,1,0,1,1,1,0,0,0,1,0,1,0,1,0,0,0,0.667839
0,1,1,1,1,1,0,1,1,0,1,1,0,0,0,1,0,0,0,1,1,1,1,0,0,0,1,1,1,1,1,0,0.609037
0,0,1,1,0,1,1,0,1,0,0,1,1,1,1,1,1,1,1,0,0,0,0,0,0,1,0,1,0,1,0,0,0.693223
1,0,1,1,0,0,1,0,1,0,0,0,0,0,0,1,1,0,0,1,0,0,1,0,0,1,1,1,0,1,0,0,0.614493
0,0,1,1,0,0,1,1,1,0,0,0,0,1,1,1,1,0,1,1,1,0,1,1,1,1,1,0,1,1,0,1,0.657758
1,0,0,1,0,0,0,1,1,1,1,1,0,0,0,1,1,0,1,0,1,0,0,1,0,1,1,0,0,1,0,0,0.615963
0,0,1,0,0,0,0,0,0,1,0,0,0,1,1,0,0,0,0,1,0,1,1,1,0,0,1,0,0,1,1,0,0.752430
1,0,0,0,1,0,1,0,1,1,1,1,1,1,1,1,1,0,1,1,0,1,0,1,0,1,1,0,0,1,0,1,0.522315
1,0,0,1,0,1,0,1,1,0,1,1,1,0,0,0,1,1,1,1,1,0,0,0,0,0,0,1,1,0,1,0,0.682971
1,0,1,1,1,0,0,1,0,1,1,0,1,1,0,1,1,1,1,1,1,0,1,0,1,0,1,0,1,0,1,0,0.634548
1,0,1,0,0,1,0,1,0,1,0,1,1,0,0,1,1,1,1,1,1,1,0,0,0,1,1,1,1,1,1,0,0.588193
1,1,1,0,0,1,0,1,0,0,1,0,1,1,1,0,0,0,1,0,1,0,0,1,0,0,1,0,0,0,0,0,0.680989
1,1,1,0,0,1,0,1,1,1,0,0,1,1,1,1,0,1,1,0,0,0,0,1,1,0,0,0,0,0,0,0,0.716304
0,1,1,1,1,0,0,0,1,1,1,0,0,0,1,0,0,1,0,1,0,0,0,0,0,1,1,1,0,0,0,0,0.651044
1,1,0,0,0,0,0,0,1,1,0,1,0,0,1,1,0,1,0,0,1,1,0,0,1,0,0,1,0,1,1,1,0.706266
0,1,0,0,0,1,0,0,1,1,0,1,1,0,0,1,0,0,0,1,0,0,1,0,1,0,1,1,0,1,1,0,0.826854
0,0,1,0,0,1,1,1,0,0,0,0,1,1,0,0,1,1,1,0,0,0,1,0,0,1,1,1,0,1,1,0,0.710251
0,1,0,1,1,1,0,1,0,1,1,0,1,0,0,0,0,1,1,1,0,0,0,1,1,1,1,1,1,1,0,1,0.539322
0,0,1,1,1,1,1,1,1,0,1,0,1,1,0,0,1,0,0,1,1,0,0,0,1,1,0,0,1,1,1,0,0.578581
1,1,0,0,0,0,0,1,1,1,0,0,1,1,1,1,1,1,1,1,0,0,0,0,0,1,1,1,1,0,1,1,0.654369
1,1,0,1,1,1,0,0,0,1,0,1,1,1,1,1,1,0,0,1,1,1,0,0,1,1,0,1,0,1,1,0,0.697187
0,1,1,0,0,0,0,0,0,1,0,1,0,0,1,0,0,1,1,0,0,0,1,1,0,0,0,1,1,0,1,1,0.634463
1,0,1,0,0,0,0,0,1,0,1,0,0,1,1,0,1,0,0,1,0,0,0,1,0,1,0,0,0,1,0,0,0.674680
0,0,1,0,1,1,1,0,0,1,0,0,1,1,1,1,0,0,1,1,0,0,0,0,1,1,1,0,1,1,0,1,0.548465
0,0,0,0,1,0,1,0,1,0,1,1,0,1,0,0,1,1,1,1,0,0,1,0,0,1,1,0,0,0,1,0,0.750277
0,1,0,1,0,1,1,0,0,1,0,0,0,0,1,1,0,0,0,0,0,1,1,1,0,1,0,1,1,0,0,1,0.848636
0,1,1,0,0,1,0,1,1,0,0,1,1,1,0,0,1,1,1,0,0,1,1,1,0,1,1,0,1,1,1,0,0.654433
1,1,0,0,1,0,1,1,0,1,1,0,1,0,1,1,0,1,0,1,0,0,1,0,0,0,0,1,1,0,1,0,0.654774
0,1,0,0,1,0,1,0,1,0,1,0,0,0,1,0,1,0,0,0,1,1,1,0,1,0,0,1,1,0,1,1,0.588257
0,1,0,1,1,0,0,1,0,0,0,1,0,1,0,1,1,0,1,0,0,1,1,1,0,0,1,1,0,0,1,0,0.615601
0,1,1,0,0,1,1,1,1,0,1,1,1,1,1,0,1,0,0,0,0,1,1,1,1,1,1,1,0,0,1,1,0.595396
1,1,0,0,1,1,1,1,0,0,1,1,0,1,0,0,0,0,0,1,1,1,1,0,1,0,1,0,1,1,0,1,0.582843
0,0,0,1,1,1,1,0,0,0,1,0,1,0,1,1,0,0,1,1,0,0,1,0,1,1,1,1,0,0,1,1,0.782374
0,0,0,0,0,0,1,0,1,1,0,0,1,0,1,1,1,0,1,1,1,1,0,0,1,1,1,1,0,0,0,1,0.612383
1,1,0,1,1,0,0,1,0,0,1,0,1,1,0,0,1,1,0,0,1,1,1,1,0,1,0,1,1,1,0,1,0.594885
0,1,0,1,1,0,1,0,0,0,1,1,1,1,0,1,1,1,0,0,0,0,1,0,0,1,1,1,0,1,0,1,0.635507
1,0,0,0,1,0,0,0,1,0,1,0,0,0,1,1,1,0,1,1,0,0,1,1,0,1,0,1,0,0,1,0,0.727899
0,0,1,1,0,0,0,0,1,1,1,0,0,0,0,1,1,1,1,1,1,1,0,1,0,0,1,0,0,0,1,1,0.637958
1,1,0,0,1,0,1,1,0,1,0,1,1,0,0,0,1,0,1,0,0,1,1,0,1,1,0,1,0,0,0,1,0.586573
0,1,0,1,0,1,1,1,1,0,0,1,1,0,1,0,0,0,1,1,1,1,0,1,1,0,0,1,1,0,0,0,0.644224
1,1,0,1,1,1,1,0,1,0,1,0,0,1,0,1,1,1,0,0,1,0,1,1,1,1,1,0,1,1,0,0,0.609463
0,0,0,0,1,0,0,1,0,0,1,1,0,1,0,1,0,1,1,0,0,0,1,0,0,1,1,1,0,0,1,1,0.712319
0,1,0,1,0,0,1,0,1,0,0,0,1,0,1,0,0,0,0,0,1,0,0,0,0,1,1,0,0,0,1,0,0.690281
0,0,1,0,1,0,1,0,0,1,0,1,0,1,1,0,0,1,0,1,0,0,1,1,1,1,0,0,1,1,0,0,0.613598
0,1,0,1,0,1,0,0,1,0,1,1,0,1,1,0,0,1,1,1,0,0,1,0,0,1,1,0,1,1,0,1,0.724105
1,1,0,0,1,1,1,0,0,1,1,0,0,1,0,1,0,1,0,1,0,1,0,0,1,1,1,0,1,1,0,1,0.670205
1,0,1,0,0,1,1,1,0,0,0,1,0,1,1,0,1,1,1,0,0,0,1,0,1,0,1,0,1,1,1,1,0.669629
0,0,1,1,0,1,1,1,0,0,1,1,0,1,1,1,0,0,0,1,0,1,1,1,0,0,0,1,1,1,0,1,0.664429
0,1,0,1,1,1,1,1,1,1,0,1,1,0,1,0,0,0,0,1,0,1,0,1,1,1,0,1,1,1,0,1,0.763811
0,0,1,1,1,1,1,1,1,1,0,0,1,1,0,0,1,1,0,1,1,1,0,0,0,0,0,0,1,1,0,1,0.842136
0,0,1,0,0,0,0,0,0,1,1,1,1,1,0,1,0,1,1,0,0,1,0,1,1,0,0,0,1,0,0,1,0.704007
1,1,1,1,0,1,0,1,1,0,0,0,1,1,0,1,1,0,1,1,1,0,0,1,1,0,1,0,0,1,1,0,0.650171
1,1,1,1,0,0,0,1,0,1,0,0,0,1,0,1,1,1,1,1,1,0,0,1,1,1,0,0,1,1,1,1,0.590281
0,0,1,1,0,0,1,0,1,0,1,0,1,0,0,1,1,1,0,1,1,1,0,1,1,0,1,1,0,0,0,1,0.612468
1,1,1,0,1,1,1,0,0,0,1,1,1,1,0,0,0,0,1,0,1,1,0,1,1,0,1,1,1,0,1,0,0.608035
1,0,1,0,1,1,1,0,0,1,1,1,0,1,0,1,0,1,0,0,0,1,1,0,1,1,1,1,1,0,1,0,0.623295
0,0,1,0,0,1,0,1,0,0,0,1,1,1,1,1,0,0,0,0,0,1,0,0,1,0,0,1,0,0,1,1,0.664194
1,1,0,0,0,0,1,0,1,1,1,0,0,1,1,1,1,1,0,1,0,0,0,0,1,0,0,1,1,0,1,1,0.667839
1,1,0,0,0,1,1,0,0,1,0,1,0,0,0,1,0,0,1,1,0,0,1,0,0,0,1,1,1,0,1,1,0.633440
0,1,0,1,1,0,0,1,0,1,1,0,1,1,1,1,0,0,0,0,1,1,1,0,0,0,0,1,1,0,0,1,0.570077
1,0,1,0,0,1,1,0,1,1,0,0,0,0,0,0,0,1,0,1,0,0,1,0,1,1,1,0,0,1,1,1,0.751215
1,1,1,1,0,0,1,1,0,0,0,1,1,1,0,1,1,1,1,1,0,0,1,0,0,1,0,1,0,0,1,0,0.675234
1,0,1,0,1,0,0,1,1,0,1,0,0,1,0,0,1,1,1,0,0,0,1,0,0,0,1,1,1,0,0,0,0.733504
0,1,0,1,0,0,0,0,1,0,0,0,1,1,0,0,1,0,1,1,0,1,1,0,1,1,1,0,0,0,1,1,0.673870
1,1,0,1,0,0,0,1,1,0,1,0,0,1,0,0,0,1,0,1,1,1,1,0,1,1,1,1,0,1,1,0,0.608184
0,0,0,1,0,0,0,0,0,0,0,0,1,0,1,1,0,1,0,0,1,0,1,1,0,1,1,1,1,1,0,0,0.626471
1,0,1,1,1,1,1,1,1,0,1,1,0,0,1,0,1,1,1,1,1,0,1,0,1,0,1,0,0,1,0,1,0.686679
1,0,1,0,1,0,1,1,0,1,1,0,1,1,0,1,0,0,0,0,0,0,0,1,0,1,0,0,1,1,0,0,0.670759
0,1,0,0,1,0,1,1,1,0,1,0,1,0,0,0,1,0,1,1,0,1,1,1,1,1,1,0,0,1,0,0,0.635251
0,0,1,1,1,1,1,0,0,1,0,1,1,1,1,0,0,1,0,1,0,0,0,0,1,0,0,1,1,1,0,1,0.648039
0,1,0,0,1,1,0,1,0,0,1,0,1,1,1,1,0,1,0,0,0,0,0,1,0,0,1,0,0,1,0,1,0.627813
1,0,1,1,1,1,1,0,1,1,1,0,0,1,1,1,1,0,0,1,0,1,1,1,0,0,0,1,1,0,0,0,0.592818
0,0,0,0,0,1,1,0,0,1,1,1,0,1,0,1,0,1,0,0,1,1,0,1,0,1,1,1,1,0,1,1,0.599105
1,1,1,0,1,1,1,1,1,1,1,0,1,0,1,1,1,1,1,0,0,1,1,0,1,0,0,1,1,0,0,0,0.638001
0,1,0,1,1,1,1,1,0,1,0,1,0,1,0,0,0,1,1,1,1,0,0,1,1,1,1,0,1,1,0,1,0.557822
0,1,0,1,0,0,0,1,1,0,0,0,1,1,0,1,0,0,0,0,0,0,0,0,1,0,0,1,1,0,1,0,0.615793
1,1,0,0,0,0,0,1,0,0,0,1,0,0,1,1,0,0,1,1,0,0,0,1,1,1,0,1,1,1,1,0,0.673977
0,0,0,1,1,0,1,1,1,0,0,0,1,0,1,0,0,0,1,0,1,1,1,0,0,1,0,1,0,1,1,0,0.635912
0,0,1,1,0,0,0,1,0,0,1,1,1,1,0,1,1,1,0,0,1,1,1,0,1,1,1,0,1,1,0,1,0.607161
1,0,1,1,0,0,1,0,1,0,0,0,0,0,1,0,1,1,0,1,1,0,1,0,1,1,0,0,1,1,0,0,0.666027
0,0,0,1,0,1,0,0,0,1,0,0,1,1,1,0,0,0,1,1,1,1,0,0,0,0,0,1,0,0,1,0,0.626790
1,1,0,0,0,0,0,1,0,0,1,0,1,1,0,1,1,1,1,0,0,0,0,1,1,0,0,1,0,1,1,1,0.990708
1,1,0,1,0,0,0,0,0,0,0,0,1,0,1,0,0,1,1,1,1,1,0,0,0,1,1,1,1,0,1,1,0.657204
0,0,0,0,0,1,1,1,0,1,0,1,1,1,0,1,0,1,0,0,1,1,0,0,0,1,0,0,0,0,1,0,0.758461
1,1,1,0,0,1,0,0,1,1,1,0,1,0,0,0,0,1,1,1,1,0,1,1,0,1,1,0,1,1,0,0,0.650746
0,0,0,0,0,0,0,0,1,0,1,0,1,1,1,0,0,0,0,1,1,1,0,0,1,1,0,0,1,1,0,1,0.617370
1,1,1,1,0,1,1,1,1,0,0,0,0,1,1,0,0,0,1,1,0,0,1,1,1,1,0,1,1,0,1,1,0.657651
1,0,0,1,1,0,1,0,1,0,0,0,1,1,0,1,1,0,0,0,0,1,0,0,0,1,1,0,1,1,0,1,0.607332
1,0,0,1,0,1,0,0,1,0,1,0,1,1,0,0,0,1,1,1,1,0,1,0,1,1,1,0,1,0,1,1,0.665558
0,1,0,1,1,1,1,1,0,0,0,0,0,1,0,1,1,1,1,0,0,1,1,1,0,1,0,0,0,0,1,0,0.566688
0,1,0,0,1,1,0,0,1,1,1,1,0,0,0,1,1,0,1,0,1,0,1,1,1,1,0,1,1,1,0,1,0.480243
0,0,0,0,0,0,0,0,0,0,1,0,0,0,1,1,0,1,0,1,0,1,0,0,1,1,0,1,0,0,1,0,0.638619
1,0,0,1,0,0,1,1,1,1,0,0,1,0,0,0,0,0,1,1,0,1,1,0,1,1,1,1,1,1,0,0,0.605264
1,1,0,1,0,0,0,0,1,0,1,0,0,0,1,0,0,1,0,1,1,1,0,0,1,1,0,1,0,0,0,1,0.605371
1,0,1,0,0,1,1,1,1,0,1,0,0,1,1,0,1,1,0,0,1,0,0,0,0,0,1,1,1,1,0,1,0.598764
1,0,0,1,0,0,0,1,1,0,0,1,1,1,1,1,0,1,1,0,0,1,1,0,0,1,0,1,1,0,0,1,0.669565
1,1,1,0,1,0,0,1,1,0,0,0,1,0,0,0,1,0,1,1,1,0,1,1,1,0,1,0,0,0,1,1,0.717540
1,0,0,0,0,0,0,1,1,0,1,0,0,1,0,0,1,1,0,1,1,1,0,1,1,0,1,1,0,1,1,1,0.587575
0,0,1,0,1,0,1,1,1,0,0,0,0,0,0,0,0,1,1,1,0,0,1,1,1,1,1,0,1,1,0,0,0.685486
0,1,1,1,1,0,0,0,1,0,1,1,0,1,0,1,0,0,0,0,0,0,0,0,0,0,0,0,1,1,1,0,0.621292
1,1,0,1,1,1,1,0,1,0,0,1,1,0,1,1,0,1,1,1,0,1,1,0,0,1,0,0,1,0,1,1,0.606373
0,1,1,0,0,0,0,1,0,0,0,0,1,0,1,0,1,1,0,0,0,1,1,1,0,0,0,1,1,1,1,1,0.653858
0,0,1,0,0,1,1,0,1,1,0,1,0,1,0,1,0,0,1,1,0,0,0,0,0,0,1,1,0,0,1,0,0.641986
0,1,0,1,0,0,0,1,1,0,1,1,0,0,1,1,1,0,1,0,0,1,0,0,0,0,1,1,0,0,0,0,0.863619
0,0,0,0,0,1,0,1,1,1,0,1,0,0,1,1,0,1,1,0,1,1,1,1,0,0,1,0,0,0,1,1,0.649318
0,0,1,0,1,1,1,0,0,0,1,1,1,0,0,1,0,1,1,0,0,1,0,0,1,0,0,1,1,1,0,1,0.642008
1,1,0,0,1,1,0,1,0,1,0,1,1,1,1,1,1,0,1,0,1,1,0,1,1,0,0,1,1,1,1,0,0.581138
0,0,1,1,1,1,1,0,1,1,1,0,0,1,0,1,1,1,0,1,0,0,0,0,1,1,0,0,0,1,0,0,0.678538
0,1,1,0,0,0,0,0,0,1,0,0,1,0,1,0,1,0,1,0,0,1,1,1,0,1,1,0,1,1,0,0,0.649680
1,0,1,0,0,1,1,1,0,1,0,1,1,0,1,0,0,0,0,0,1,1,1,0,1,1,0,0,1,1,0,1,0.704433
0,0,1,0,1,0,1,1,0,0,0,0,0,0,1,0,1,0,0,0,0,1,1,1,1,1,0,0,0,0,0,0,0.658525
0,1,0,0,0,0,0,0,1,1,0,1,0,0,1,0,1,0,1,0,1,1,0,0,1,0,0,1,0,1,0,0,0.646526
1,0,0,0,0,0,0,1,1,1,0,1,1,1,0,0,0,0,0,0,0,1,0,1,0,0,0,1,1,1,0,0,0.740090
0,0,1,1,0,0,1,0,0,0,1,1,0,0,0,0,0,1,0,0,1,0,0,0,1,1,1,1,1,0,1,0,0.712660
0,1,1,1,0,1,1,1,1,1,1,0,0,0,1,0,0,1,0,0,0,1,0,1,1,0,1,1,0,0,1,0,0.680222
0,0,1,0,1,1,1,0,1,0,0,1,1,1,1,0,1,1,0,1,1,1,1,1,1,1,1,1,0,0,1,0,0.502941
0,1,0,1,1,0,0,1,1,0,0,0,1,1,0,1,1,1,0,1,1,0,1,0,0,1,0,0,1,0,1,1,0.601812
1,0,0,1,0,0,1,0,0,1,1,1,1,1,1,0,1,0,0,1,1,1,1,1,0,0,0,0,1,1,1,0,0.597528
0,1,1,1,1,1,1,1,0,0,0,0,1,0,0,0,1,0,0,1,0,1,0,0,0,0,0,0,1,0,1,0,0.588704
1,1,0,0,1,0,0,1,1,0,1,0,1,0,1,0,1,0,1,0,1,0,0,0,0,1,0,1,0,0,0,0,0.728922
