0,0,0,0,0,0,0,1,1,0,1,1,0,0,1,1,0,1,1,0,1,0,0,1,1,0,0,0,1,1,0,0,0.526881
0,0,1,1,1,0,1,0,0,0,1,0,0,0,0,1,1,1,0,0,0,0,0,0,0,1,1,1,0,0,1,0,0.553549
0,1,0,1,1,0,0,0,0,0,0,1,1,0,1,1,0,1,0,0,1,0,1,0,1,1,0,0,1,0,0,0,0.517823
0,1,0,1,1,1,1,0,0,0,0,0,0,0,1,1,0,1,1,0,0,0,1,1,0,0,0,1,0,0,1,0,0.562367
1,1,0,1,0,0,0,0,0,1,0,0,0,0,1,1,0,1,0,1,0,1,0,1,1,0,1,0,1,0,1,1,0.639519
1,0,0,0,0,1,1,1,1,0,0,1,0,1,1,0,0,0,1,0,1,1,1,0,0,0,1,1,1,1,0,1,0.600410
1,1,0,1,0,1,0,0,1,1,0,1,0,0,0,0,0,0,1,0,0,1,1,0,0,1,0,0,0,0,1,1,0.568068
1,0,1,1,1,1,0,0,1,1,1,0,1,0,0,1,1,0,0,0,1,1,0,0,1,0,0,0,0,1,0,1,0.607417
0,1,1,0,0,1,0,0,0,0,1,1,1,0,1,1,1,1,0,0,0,1,0,1,1,1,0,0,1,0,0,1,0.599318
0,1,1,0,0,0,0,0,1,1,1,1,1,1,1,1,0,0,1,1,0,0,1,1,1,1,1,0,0,1,1,1,0.662298
1,1,0,0,1,1,1,0,0,0,1,0,1,1,1,0,0,0,1,0,0,1,1,1,1,0,1,0,1,1,1,1,0.658861
1,1,0,1,1,1,1,1,0,0,0,1,1,1,0,1,1,0,1,1,1,0,0,0,0,1,1,0,0,0,1,1,0.643516
1,0,0,0,0,0,1,1,0,0,0,1,1,1,0,0,0,1,0,1,0,0,0,0,0,1,1,0,1,0,1,0,0.572730
0,0,1,0,1,1,0,1,1,1,0,0,0,0,0,0,0,0,1,0,1,0,1,1,0,0,0,1,1,0,0,1,0.509831
0,0,0,0,1,0,0,1,1,0,1,0,1,1,0,0,0,0,1,1,0,1,0,0,0,0,0,1,1,1,1,0,0.534420
1,1,1,1,0,1,1,1,1,0,1,1,1,1,0,0,1,0,1,0,1,1,0,1,0,0,0,0,0,0,0,0,0.687500
0,0,0,0,1,0,0,1,1,0,0,0,0,0,1,0,1,1,1,0,0,0,0,1,0,1,1,0,0,0,0,1,0.552962
0,1,1,0,1,0,0,1,0,1,1,1,0,1,0,0,0,1,1,0,1,0,1,0,0,0,1,0,0,1,0,1,0.599877
0,1,0,1,1,0,1,1,1,1,0,0,0,0,0,1,0,0,0,1,0,1,0,0,1,1,1,0,0,0,0,1,0.566922
0,0,0,1,0,0,0,0,0,0,0,1,0,0,0,1,1,1,1,0,1,1,1,1,1,0,1,0,0,1,0,0,0.560768
0,1,0,0,0,1,0,0,1,1,0,1,0,1,1,0,0,0,0,1,1,1,1,1,1,1,0,0,0,1,1,1,0.618659
0,1,0,1,1,0,0,1,1,0,1,0,0,0,1,1,1,0,1,0,0,1,0,1,1,0,0,1,1,1,0,0,0.603447
1,1,0,1,0,0,1,0,0,0,1,0,1,0,1,1,0,0,0,1,1,1,0,1,0,0,1,1,0,1,1,1,0.670157
0,1,1,1,1,0,0,1,0,1,1,0,1,1,1,0,1,1,1,0,0,1,0,0,1,0,0,0,0,0,1,0,0.608509
1,1,1,0,0,1,0,1,1,0,0,1,1,0,0,0,1,0,1,0,0,1,1,0,0,1,1,1,1,1,1,1,0.661818
1,0,1,1,1,0,1,1,0,0,1,0,1,1,1,1,0,1,0,1,1,1,0,0,0,0,1,0,0,0,1,1,0.649190
1,1,0,1,1,1,1,0,1,0,1,0,1,0,0,1,0,0,1,0,0,0,0,0,0,1,0,1,0,0,1,0,0.585092
1,0,0,1,0,0,0,0,1,1,0,1,1,0,1,0,0,1,1,0,1,1,0,1,0,0,0,1,0,0,1,1,0.586717
1,0,0,1,1,1,1,0,0,0,1,1,1,1,1,0,1,0,1,0,0,0,0,1,1,1,0,0,0,0,1,0,0.598945
0,1,0,0,0,0,1,0,1,0,0,1,0,1,0,0,1,0,1,1,0,1,1,0,0,0,1,1,0,0,1,0,0.551417
0,0,1,1,0,1,1,1,1,1,1,0,0,1,0,1,0,0,0,0,0,1,0,1,0,1,0,0,0,1,1,1,0.628037
1,0,1,0,1,1,1,0,0,0,0,1,0,0,0,0,0,0,0,0,1,0,0,1,1,1,1,0,1,1,0,1,0.566283
0,1,0,0,1,1,0,0,1,1,0,1,0,1,0,1,0,0,0,1,0,1,1,0,1,1,1,1,1,1,1,0,0.635417
0,1,0,1,0,0,0,1,0,1,0,0,0,0,0,0,1,1,0,1,0,1,1,1,1,0,1,1,0,0,1,0,0.575368
1,1,1,0,0,0,1,1,1,1,0,0,0,1,1,0,1,0,0,0,1,1,1,0,1,0,0,1,0,1,0,0,0.616635
0,0,1,0,0,0,0,0,0,1,0,1,1,0,0,0,1,1,1,0,0,0,0,0,0,0,1,0,0,1,1,0,0.530637
1,1,0,0,0,0,0,0,1,1,0,0,0,0,1,1,0,1,0,1,1,0,1,1,1,0,1,0,0,1,0,0,0.580083
0,1,1,0,0,1,1,1,0,0,0,1,1,0,0,1,1,1,1,1,0,1,1,1,1,1,0,0,0,1,0,1,0.644208
1,1,1,1,0,0,1,1,0,0,1,1,0,0,0,0,0,1,1,1,1,0,1,1,0,1,0,1,0,0,0,1,0.655078
0,1,1,0,1,1,0,1,0,0,1,0,0,0,1,0,0,0,0,1,0,1,0,1,0,1,0,0,0,0,0,0,0.516837
1,0,0,1,1,0,0,1,1,1,1,1,1,0,0,0,0,0,0,0,1,0,0,0,0,0,0,1,1,0,0,1,0.578218
0,0,0,1,0,1,1,0,1,0,0,1,1,0,1,1,1,0,0,1,0,0,0,1,0,0,1,0,1,1,0,1,0.584372
0,0,1,1,0,1,1,0,0,0,0,0,1,1,0,1,1,0,0,1,0,0,1,1,0,0,0,0,0,0,1,0,0.539056
1,0,0,0,1,1,0,1,0,1,1,0,1,0,0,0,1,1,0,0,0,1,1,0,1,1,1,0,0,1,1,1,0.635417
0,1,1,0,0,0,0,1,0,0,1,0,1,1,1,0,1,1,0,1,0,0,1,1,0,0,1,1,0,1,1,0,0.591192
0,1,0,0,0,1,1,1,1,1,1,0,0,1,0,1,0,1,0,1,0,1,1,0,1,0,1,1,0,1,0,0,0.630115
0,1,0,1,0,1,1,1,0,1,1,0,1,0,0,1,1,1,1,0,0,1,1,0,0,0,0,1,1,1,0,0,0.608323
1,0,0,1,1,0,1,0,1,0,0,0,0,0,0,0,0,0,0,0,0,0,1,0,1,0,1,1,1,0,1,0,0.551604
0,0,0,0,1,1,0,0,1,0,0,1,0,1,1,1,0,0,1,1,1,0,0,0,0,0,0,0,1,1,1,1,0.567482
1,1,0,0,1,1,0,1,0,0,1,1,0,0,0,0,1,0,1,1,0,0,1,1,1,1,1,1,0,1,1,0,0.659847
1,0,0,0,1,0,1,1,0,0,1,0,1,1,0,0,0,0,0,0,0,0,1,1,1,0,1,1,0,0,1,1,0.553922
0,1,1,1,1,1,1,1,0,0,1,1,1,1,1,0,0,0,1,0,1,0,1,0,1,1,0,0,0,0,0,1,0.610481
0,0,1,0,0,0,0,1,0,0,0,0,1,1,1,1,1,0,0,0,0,0,0,0,0,1,0,0,0,1,0,1,0.503517
1,0,0,1,1,0,0,0,0,1,0,0,1,0,0,0,1,1,0,1,0,0,1,0,0,1,1,0,0,0,0,0,0.594576
1,0,0,1,0,0,0,0,1,1,1,1,0,0,1,1,0,0,1,0,1,1,0,1,1,0,1,0,1,0,1,0,0.611653
1,1,0,0,0,0,1,1,0,1,0,1,0,1,1,1,1,1,0,1,1,0,0,1,1,1,1,0,0,1,1,1,0.666160
1,1,0,1,0,1,0,1,1,0,0,0,1,0,0,0,0,0,1,0,0,0,0,0,1,1,0,0,0,0,1,0,0.565724
0,0,1,0,0,1,0,0,1,0,0,0,1,1,1,1,1,1,0,1,1,0,0,0,1,0,0,1,1,0,0,0,0.590766
0,0,1,0,1,0,0,0,1,1,1,1,0,0,1,1,1,1,1,0,0,0,1,0,1,0,1,0,1,1,1,1,0.718723
0,1,1,1,0,1,0,0,1,1,1,1,1,1,0,1,0,0,1,1,1,1,0,0,0,1,0,1,1,0,0,0,0.621110
0,1,0,0,0,1,0,1,1,0,0,0,1,1,0,0,1,0,1,1,0,0,1,1,1,0,0,1,1,1,0,0,0.563432
1,0,0,0,1,0,1,0,0,0,1,1,1,0,0,1,0,1,1,0,1,1,0,0,0,1,0,1,0,1,1,1,0.647272
1,1,1,1,0,0,0,0,0,0,0,0,1,0,0,1,0,0,0,0,0,1,0,0,0,0,0,1,1,0,1,1,0.613757
1,1,0,0,1,1,0,0,0,1,0,1,0,1,1,0,1,0,1,0,0,0,0,0,0,0,0,1,1,0,1,1,0.598545
0,1,0,0,0,0,1,0,1,0,1,1,0,1,1,1,1,0,0,1,1,1,1,1,1,0,1,1,0,0,1,1,0.680493
1,0,0,1,1,1,1,1,1,1,0,0,0,1,1,0,0,1,0,1,0,0,0,1,1,0,1,0,0,1,1,1,0.621697
1,1,1,0,0,0,0,1,0,1,0,0,0,1,0,1,1,1,0,0,0,0,1,1,1,0,1,1,0,0,0,1,0.623348
0,1,1,1,1,0,0,1,0,1,0,1,1,1,0,0,0,1,1,1,1,1,1,1,0,0,0,0,1,1,1,1,0.606751
1,0,1,0,0,1,1,0,0,1,1,0,0,1,1,1,0,0,1,0,0,1,1,0,0,1,1,0,0,1,0,0,0.585065
0,0,1,0,0,0,0,0,1,1,1,0,1,1,0,1,0,1,0,1,1,1,1,0,0,1,0,1,0,1,1,1,0.668212
0,1,1,1,1,1,1,1,0,1,0,0,0,0,0,1,1,0,1,0,1,1,1,0,1,1,0,1,0,1,0,0,0.597506
1,1,0,0,1,0,0,0,1,0,1,0,1,1,1,1,0,1,0,1,0,1,1,1,1,0,1,0,1,1,1,1,0.708440
1,0,1,0,0,0,0,0,1,0,1,1,1,1,0,0,0,1,1,0,0,1,0,1,0,1,1,0,1,0,0,1,0.593324
1,0,0,0,1,1,1,1,1,1,1,1,0,1,0,0,1,0,0,1,1,0,0,1,0,1,1,0,0,1,1,1,0.645301
0,0,1,1,0,1,0,1,1,1,1,0,0,0,0,0,0,1,0,1,1,0,0,1,1,0,1,1,1,0,1,0,0.610347
0,1,0,1,0,1,1,1,1,1,0,0,0,1,0,1,0,1,0,1,1,1,0,1,0,1,0,0,1,0,1,1,0.653719
1,1,0,1,1,0,0,1,1,1,0,0,0,1,0,0,1,0,1,1,0,0,1,0,0,1,1,0,1,0,1,0,0.609228
1,0,0,1,1,1,1,0,0,1,0,1,0,0,0,0,0,0,0,0,1,1,1,0,0,0,1,0,1,1,1,0,0.561541
0,1,1,1,0,0,1,0,0,0,1,1,1,0,1,1,0,0,0,1,1,0,0,1,1,1,1,0,0,1,1,0,0.613518
0,1,0,1,0,0,0,0,0,1,1,1,0,0,1,1,0,1,0,1,0,1,1,0,1,0,1,1,1,0,1,0,0.617780
1,0,0,1,0,1,0,0,1,1,0,1,0,0,0,1,0,0,1,1,1,1,1,1,0,0,0,0,0,0,1,0,0.569267
1,0,1,0,0,1,1,0,1,1,0,0,1,1,1,1,1,0,0,0,1,1,0,1,0,0,0,0,1,0,0,1,0.569080
0,0,1,1,0,0,0,0,1,1,0,1,0,1,1,1,1,0,0,1,1,1,0,1,1,1,0,0,1,1,1,0,0.627344
0,1,1,0,0,0,1,0,1,1,0,0,0,1,0,0,0,1,1,1,0,0,1,1,0,0,1,1,1,0,0,0,0.581149
1,1,1,0,0,0,1,1,1,1,0,0,0,1,0,1,1,1,1,0,0,0,1,0,0,0,0,1,0,1,1,0,0.600597
0,1,1,0,0,0,0,0,0,1,1,1,0,1,1,0,1,1,1,1,0,0,0,0,0,0,0,1,1,0,1,1,0.616581
0,1,0,1,1,0,1,0,1,0,0,0,0,1,1,0,1,1,1,0,1,0,1,0,0,0,1,0,1,1,1,0,0.607816
0,0,0,0,0,1,0,1,0,1,1,1,1,0,1,1,0,1,0,1,0,1,0,0,0,1,0,1,0,0,1,1,0.577872
1,0,0,1,0,0,1,0,0,0,0,1,1,1,1,1,1,0,1,1,0,0,1,0,0,0,0,0,0,1,0,0,0.564818
0,1,1,0,1,0,1,1,0,1,1,0,0,1,0,1,1,0,0,1,0,1,1,0,0,1,1,1,1,0,1,1,0.648124
0,0,0,0,0,1,0,1,0,1,1,0,0,0,0,1,1,1,1,0,1,1,1,1,1,1,0,1,1,0,1,1,0.691363
0,0,0,1,0,0,0,1,1,1,1,0,0,0,1,1,0,1,1,1,0,0,0,0,0,0,0,1,1,1,1,1,0.688619
1,0,1,0,1,0,1,1,0,1,0,1,1,0,1,1,1,0,1,1,0,0,0,1,1,0,1,0,0,0,0,0,0.640931
0,0,1,1,1,0,1,1,1,1,0,0,1,1,0,1,1,1,1,1,1,1,0,0,1,0,1,1,1,1,0,0,0.636243
1,0,1,1,1,0,1,1,1,1,0,0,1,0,0,1,0,0,0,1,1,0,0,1,1,0,1,1,0,0,1,0,0.619246
1,1,1,0,1,0,0,1,0,0,0,1,0,0,0,1,0,0,1,0,1,1,0,0,0,1,1,0,1,1,0,1,0.582987
1,0,1,1,0,0,0,0,0,1,1,0,0,1,1,0,1,1,0,0,1,0,1,0,1,0,0,1,0,0,0,1,0.574568
1,1,0,1,0,0,1,1,1,1,0,1,0,0,1,0,0,0,0,1,1,0,0,1,1,1,0,0,1,0,1,1,0.643329
0,1,1,1,0,0,0,0,0,1,1,0,0,1,0,1,0,1,0,0,1,0,1,0,1,1,0,0,1,1,1,1,0.675085
0,0,1,0,1,1,1,0,0,1,0,1,0,1,1,1,1,1,0,1,0,1,1,1,1,1,0,0,0,1,1,1,0.617487
1,1,1,0,0,0,0,1,0,1,0,0,1,1,1,1,1,0,1,1,1,1,1,1,0,1,0,0,0,1,0,1,0.601689
1,0,0,1,1,0,0,0,0,1,1,1,0,1,1,0,1,1,1,0,0,1,0,1,0,1,1,1,1,1,0,1,0.636642
1,1,0,1,0,1,0,1,0,1,1,1,1,0,1,1,0,1,1,1,0,1,1,1,1,1,0,1,0,1,1,1,0.679321
1,0,0,1,0,1,1,0,0,1,1,1,0,1,0,1,0,1,0,1,0,0,0,1,0,1,1,0,0,1,0,0,0.611227
0,0,0,1,0,1,1,0,0,0,1,0,0,0,1,1,1,1,0,1,0,0,0,0,1,0,0,1,0,1,1,0,0.572783
1,1,1,0,1,1,1,0,1,1,0,0,1,0,0,0,0,1,0,1,1,0,1,0,0,0,1,1,1,1,0,0,0.616262
0,0,1,1,1,1,0,0,0,1,1,0,1,1,1,0,0,1,1,0,1,0,1,0,1,1,0,0,1,0,1,0,0.603607
0,1,1,0,0,0,0,1,1,1,1,1,1,1,0,0,0,0,0,0,0,1,1,1,1,0,0,1,1,0,1,0,0.598945
1,1,1,1,1,1,1,1,1,0,1,1,1,1,0,1,1,0,1,0,1,0,1,1,0,0,1,1,1,0,0,1,0.584133
0,1,0,0,0,1,1,0,0,0,0,0,0,1,0,0,1,1,1,1,0,1,0,0,0,1,1,0,0,1,1,0,0.568601
0,0,1,0,0,1,1,1,1,0,0,0,1,1,0,1,0,1,0,0,1,1,1,1,1,1,1,0,0,1,0,0,0.590793
0,1,0,1,1,0,1,1,1,1,1,0,0,1,1,0,0,0,0,0,1,1,1,0,1,1,1,1,0,1,1,1,0.662511
1,1,1,1,1,1,0,1,0,1,1,1,1,1,1,1,1,0,0,1,0,1,1,0,0,0,0,0,1,1,1,1,0.621936
0,1,1,0,1,1,1,1,1,1,1,0,1,1,0,1,1,0,1,0,1,1,1,0,1,0,0,1,0,1,0,1,0.641011
0,0,0,1,0,0,1,0,0,0,0,0,0,0,1,0,0,1,1,1,1,0,0,0,1,0,1,0,0,0,0,1,0.515585
1,0,1,0,1,0,1,1,1,0,1,1,0,0,1,0,1,0,1,1,0,1,0,1,0,1,0,0,0,1,1,1,0.606218
1,1,1,1,0,1,1,1,0,0,0,1,1,0,1,1,1,0,1,0,0,0,0,0,0,0,1,1,0,1,1,0,0.611520
0,0,1,0,0,1,1,0,1,0,1,0,1,0,0,0,1,0,0,1,0,0,0,0,0,1,1,1,0,0,0,0,0.540681
1,0,1,0,0,0,1,1,1,0,0,0,0,0,0,0,0,1,0,0,1,0,1,0,0,0,0,0,0,1,0,1,0.554668
0,1,0,1,1,0,1,0,1,0,0,1,1,1,0,1,0,1,0,0,0,0,1,0,1,1,1,0,0,0,0,0,0.585918
0,1,1,0,0,0,0,1,1,1,0,1,1,1,0,0,0,0,0,1,1,1,0,1,0,1,1,0,0,0,0,0,0.578245
0,1,0,0,0,1,1,1,0,0,1,0,1,1,1,1,0,0,0,0,1,1,1,1,1,0,1,0,0,0,1,1,0.561434
1,1,1,1,1,0,1,0,1,0,1,0,0,0,1,0,1,1,0,0,0,1,0,1,1,1,0,1,0,1,0,0,0.624840
0,0,1,0,0,1,1,0,0,0,0,1,0,1,1,1,1,1,0,0,1,0,0,0,0,1,0,0,1,1,0,1,0.571851
0,1,1,0,1,0,0,1,1,0,1,0,1,0,0,0,1,1,0,0,1,0,1,1,1,1,0,1,0,1,1,1,0.662884
1,1,1,1,1,1,1,0,1,0,0,1,0,1,0,0,0,0,0,1,0,0,0,0,1,1,1,0,0,1,1,0,0.604566
0,1,0,0,0,1,1,0,1,1,0,1,0,0,0,1,0,0,0,0,1,0,1,1,0,0,0,0,0,1,0,0,0.540761
0,0,0,0,1,0,0,0,0,1,0,1,0,1,1,1,0,0,1,1,0,0,1,0,1,1,1,0,0,0,0,0,0.485108
