0,0,1,1,1,1,0,0,0,1,1,0,1,1,1,0,0,1,1,0,1,0,1,0,1,1,0,0,1,0,1,0,0.606591
1,0,0,1,1,1,1,0,0,0,1,1,1,1,1,0,1,0,1,0,0,0,0,1,1,1,0,0,0,0,1,0,0.598279
1,1,0,1,1,0,0,1,1,1,0,0,0,1,0,0,1,0,1,1,0,0,1,0,0,1,1,0,1,0,1,0,0.609788
0,1,0,0,0,1,0,1,1,0,0,0,1,1,0,0,1,0,1,1,0,0,1,1,1,0,0,1,1,1,0,0,0.563779
0,1,0,0,0,1,1,1,0,0,1,0,1,1,1,1,0,0,0,0,1,1,1,1,1,0,1,0,0,0,1,1,0.563805
1,0,1,1,1,0,1,1,1,1,0,0,1,0,0,1,0,0,0,1,1,0,0,1,1,0,1,1,0,0,1,0,0.617194
0,0,1,0,0,1,1,1,1,0,0,0,1,1,0,1,0,1,0,0,1,1,1,1,1,1,1,0,0,1,0,0,0.591565
1,0,0,1,1,0,1,0,1,0,0,0,0,0,0,0,0,0,0,0,0,0,1,0,1,0,1,1,1,0,1,0,0.550139
0,1,1,1,1,0,0,1,0,1,0,1,1,1,0,0,0,1,1,1,1,1,1,1,0,0,0,0,1,1,1,1,0.610694
1,1,1,0,1,0,0,1,0,0,0,1,0,0,0,1,0,0,1,0,1,1,0,0,0,1,1,0,1,1,0,1,0.581095
0,0,1,1,0,0,0,0,1,1,0,1,0,1,1,1,1,0,0,1,1,1,0,1,1,1,0,0,1,1,1,0,0.630195
1,0,0,0,1,1,0,1,0,1,1,0,1,0,0,0,1,1,0,0,0,1,1,0,1,1,1,0,0,1,1,1,0.634831
0,1,1,1,0,1,0,0,1,1,1,1,1,1,0,1,0,0,1,1,1,1,0,0,0,1,0,1,1,0,0,0,0.623029
1,0,1,0,1,0,1,1,1,0,1,1,0,0,1,0,1,0,1,1,0,1,0,1,0,1,0,0,0,1,1,1,0.606165
1,0,0,0,0,1,1,1,1,0,0,1,0,1,1,0,0,0,1,0,1,1,1,0,0,0,1,1,1,1,0,1,0.599664
0,1,0,1,0,1,1,1,1,1,0,0,0,1,0,1,0,1,0,1,1,1,0,1,0,1,0,0,1,0,1,1,0.655184
1,1,1,0,0,0,0,1,0,1,0,0,0,1,0,1,1,1,0,0,0,0,1,1,1,0,1,1,0,0,0,1,0.625480
1,0,1,0,1,0,1,1,0,1,0,1,1,0,1,1,1,0,1,1,0,0,0,1,1,0,1,0,0,0,0,0,0.638374
0,1,1,0,1,1,0,1,0,0,1,0,0,0,1,0,0,0,0,1,0,1,0,1,0,1,0,0,0,0,0,0,0.509857
1,1,1,0,0,0,1,1,1,1,0,0,0,1,1,0,1,0,0,0,1,1,1,0,1,0,0,1,0,1,0,0,0.612692
1,0,1,0,1,1,1,0,0,0,0,1,0,0,0,0,0,0,0,0,1,0,0,1,1,1,1,0,1,1,0,1,0.565111
1,1,1,1,1,1,0,1,0,1,1,1,1,1,1,1,1,0,0,1,0,1,1,0,0,0,0,0,1,1,1,1,0.628250
0,0,0,0,0,0,0,1,1,0,1,1,0,0,1,1,0,1,1,0,1,0,0,1,1,0,0,0,1,1,0,0,0.517956
0,1,1,0,0,0,0,1,1,1,0,1,1,1,0,0,0,0,0,1,1,1,0,1,0,1,1,0,0,0,0,0,0.577419
0,0,0,1,0,0,1,0,0,0,0,0,0,0,1,0,0,1,1,1,1,0,0,0,1,0,1,0,0,0,0,1,0.510949
1,1,0,1,0,0,1,0,0,0,1,0,1,0,1,1,0,0,0,1,1,1,0,1,0,0,1,1,0,1,1,1,0.666374
1,1,1,0,0,0,0,1,0,1,0,0,1,1,1,1,1,0,1,1,1,1,1,1,0,1,0,0,0,1,0,1,0.604167
1,0,0,0,0,0,1,1,0,0,0,1,1,1,0,0,0,1,0,1,0,0,0,0,0,1,1,0,1,0,1,0,0.571398
1,1,0,0,1,1,0,0,0,1,0,1,0,1,1,0,1,0,1,0,0,0,0,0,0,0,0,1,1,0,1,1,0.599824
0,0,1,1,0,1,1,1,1,1,1,0,0,1,0,1,0,0,0,0,0,1,0,1,0,1,0,0,0,1,1,1,0.629902
1,1,0,1,0,0,0,0,0,1,0,0,0,0,1,1,0,1,0,1,0,1,0,1,1,0,1,0,1,0,1,1,0.639360
1,1,1,1,1,1,1,0,1,0,0,1,0,1,0,0,0,0,0,1,0,0,0,0,1,1,1,0,0,1,1,0,0.602435
1,0,1,1,1,0,1,1,0,0,1,0,1,1,1,1,0,1,0,1,1,1,0,0,0,0,1,0,0,0,1,1,0.648604
0,1,0,0,0,1,1,1,1,1,1,0,0,1,0,1,0,1,0,1,0,1,1,0,1,0,1,1,0,1,0,0,0.630861
1,1,1,0,0,0,1,1,1,1,0,0,0,1,0,1,1,1,1,0,0,0,1,0,0,0,0,1,0,1,1,0,0.600197
0,1,0,0,0,0,1,0,1,0,1,1,0,1,1,1,1,0,0,1,1,1,1,1,1,0,1,1,0,0,1,1,0.686941
0,0,1,1,0,1,0,1,1,1,1,0,0,0,0,0,0,1,0,1,1,0,0,1,1,0,1,1,1,0,1,0,0.607470
0,1,0,1,1,0,0,1,1,0,1,0,0,0,1,1,1,0,1,0,0,1,0,1,1,0,0,1,1,1,0,0,0.605872
0,1,1,0,0,0,0,1,0,0,1,0,1,1,1,0,1,1,0,1,0,0,1,1,0,0,1,1,0,1,1,0,0.589434
0,1,0,1,1,0,1,0,1,0,0,1,1,1,0,1,0,1,0,0,0,0,1,0,1,1,1,0,0,0,0,0,0.584879
0,1,1,1,1,1,1,1,0,0,1,1,1,1,1,0,0,0,1,0,1,0,1,0,1,1,0,0,0,0,0,1,0.613464
1,1,1,1,0,0,0,0,0,0,0,0,1,0,0,1,0,0,0,0,0,1,0,0,0,0,0,1,1,0,1,1,0.615969
1,1,1,0,0,1,0,1,1,0,0,1,1,0,0,0,1,0,1,0,0,1,1,0,0,1,1,1,1,1,1,1,0.662111
0,1,0,1,0,1,1,1,0,1,1,0,1,0,0,1,1,1,1,0,0,1,1,0,0,0,0,1,1,1,0,0,0.610267
0,1,1,0,1,1,1,1,1,1,1,0,1,1,0,1,1,0,1,0,1,1,1,0,1,0,0,1,0,1,0,1,0.641944
1,0,0,1,1,1,1,0,0,1,0,1,0,0,0,0,0,0,0,0,1,1,1,0,0,0,1,0,1,1,1,0,0.563193
0,1,1,0,0,0,0,0,0,1,1,1,0,1,1,0,1,1,1,1,0,0,0,0,0,0,0,1,1,0,1,1,0.617807
0,0,0,0,0,1,0,1,0,1,1,0,0,0,0,1,1,1,1,0,1,1,1,1,1,1,0,1,1,0,1,1,0.694054
1,1,1,1,0,1,1,1,1,0,1,1,1,1,0,0,1,0,1,0,1,1,0,1,0,0,0,0,0,0,0,0,0.696531
0,1,0,0,0,1,1,0,0,0,0,0,0,1,0,0,1,1,1,1,0,1,0,0,0,1,1,0,0,1,1,0,0.565564
0,0,1,1,1,0,1,0,0,0,1,0,0,0,0,1,1,1,0,0,0,0,0,0,0,1,1,1,0,0,1,0,0.552137
1,1,1,1,1,0,1,0,1,0,1,0,0,0,1,0,1,1,0,0,0,1,0,1,1,1,0,1,0,1,0,0,0.625906
1,1,1,0,1,1,1,0,1,1,0,0,1,0,0,0,0,1,0,1,1,0,1,0,0,0,1,1,1,1,0,0,0.613811
0,1,1,0,0,0,1,0,1,1,0,0,0,1,0,0,0,1,1,1,0,0,1,1,0,0,1,1,1,0,0,0,0.580882
1,1,1,1,0,0,1,1,0,0,1,1,0,0,0,0,0,1,1,1,1,0,1,1,0,1,0,1,0,0,0,1,0.662537
1,1,0,1,1,1,1,0,1,0,1,0,1,0,0,1,0,0,1,0,0,0,0,0,0,1,0,1,0,0,1,0,0.584639
1,1,0,0,0,0,0,0,1,1,0,0,0,0,1,1,0,1,0,1,1,0,1,1,1,0,1,0,0,1,0,0,0.574622
1,0,0,1,1,0,0,0,0,1,1,1,0,1,1,0,1,1,1,0,0,1,0,1,0,1,1,1,1,1,0,1,0.637814
0,1,0,1,0,0,0,0,0,1,1,1,0,0,1,1,0,1,0,1,0,1,1,0,1,0,1,1,1,0,1,0,0.618926
0,1,1,0,1,0,0,1,1,0,1,0,1,0,0,0,1,1,0,0,1,0,1,1,1,1,0,1,0,1,1,1,0.672608
0,1,1,0,0,1,0,0,0,0,1,1,1,0,1,1,1,1,0,0,0,1,0,1,1,1,0,0,1,0,0,1,0.598892
0,0,0,0,1,0,0,1,1,0,1,0,1,1,0,0,0,0,1,1,0,1,0,0,0,0,0,1,1,1,1,0,0.531596
1,1,1,1,1,1,1,1,1,0,1,1,1,1,0,1,1,0,1,0,1,0,1,1,0,0,1,1,1,0,0,1,0.586184
0,0,0,0,1,0,0,0,0,1,0,1,0,1,1,1,0,0,1,1,0,0,1,0,1,1,1,0,0,0,0,0,0.478128
0,1,0,1,0,0,0,1,0,1,0,0,0,0,0,0,1,1,0,1,0,1,1,1,1,0,1,1,0,0,1,0,0.573290
0,0,0,1,0,0,0,1,1,1,1,0,0,0,1,1,0,1,1,1,0,0,0,0,0,0,0,1,1,1,1,1,0.687127
1,0,1,1,1,1,0,0,1,1,1,0,1,0,0,1,1,0,0,0,1,1,0,0,1,0,0,0,0,1,0,1,0.608589
0,1,1,0,1,0,0,1,0,1,1,1,0,1,0,0,0,1,1,0,1,0,1,0,0,0,1,0,0,1,0,1,0.602435
1,0,0,1,0,0,0,0,1,1,1,1,0,0,1,1,0,0,1,0,1,1,0,1,1,0,1,0,1,0,1,0,0.613012
0,0,0,1,0,1,1,0,1,0,0,1,1,0,1,1,1,0,0,1,0,0,0,1,0,0,1,0,1,1,0,1,0.583600
1,1,1,1,0,1,1,1,0,0,0,1,1,0,1,1,1,0,1,0,0,0,0,0,0,0,1,1,0,1,1,0,0.602328
0,0,1,0,1,1,0,1,1,1,0,0,0,0,0,0,0,0,1,0,1,0,1,1,0,0,0,1,1,0,0,1,0.509777
0,0,0,0,0,1,0,1,0,1,1,1,1,0,1,1,0,1,0,1,0,1,0,0,0,1,0,1,0,0,1,1,0.578298
0,1,0,1,1,0,0,0,0,0,0,1,1,0,1,1,0,1,0,0,1,0,1,0,1,1,0,0,1,0,0,0,0.512974
0,0,0,1,0,1,1,0,0,0,1,0,0,0,1,1,1,1,0,1,0,0,0,0,1,0,0,1,0,1,1,0,0.571238
1,0,1,1,0,0,0,0,0,1,1,0,0,1,1,0,1,1,0,0,1,0,1,0,1,0,0,1,0,0,0,1,0.575980
1,1,0,0,0,0,1,1,0,1,0,1,0,1,1,1,1,1,0,1,1,0,0,1,1,1,1,0,0,1,1,1,0.673673
1,0,1,0,0,1,1,0,1,1,0,0,1,1,1,1,1,0,0,0,1,1,0,1,0,0,0,0,1,0,0,1,0.567961
1,1,0,1,0,1,0,1,0,1,1,1,1,0,1,1,0,1,1,1,0,1,1,1,1,1,0,1,0,1,1,1,0.685688
1,1,0,0,1,1,1,0,0,0,1,0,1,1,1,0,0,0,1,0,0,1,1,1,1,0,1,0,1,1,1,1,0.658301
0,1,1,0,1,0,1,1,0,1,1,0,0,1,0,1,1,0,0,1,0,1,1,0,0,1,1,1,1,0,1,1,0.651721
1,0,0,1,0,0,0,0,1,1,0,1,1,0,1,0,0,1,1,0,1,1,0,1,0,0,0,1,0,0,1,1,0.584852
0,0,1,0,0,1,0,0,1,0,0,0,1,1,1,1,1,1,0,1,1,0,0,0,1,0,0,1,1,0,0,0,0.588502
0,1,0,1,1,0,1,0,1,0,0,0,0,1,1,0,1,1,1,0,1,0,1,0,0,0,1,0,1,1,1,0,0.602568
1,0,0,0,1,1,1,1,1,1,1,1,0,1,0,0,1,0,0,1,1,0,0,1,0,1,1,0,0,1,1,1,0.645034
0,0,0,0,1,0,0,1,1,0,0,0,0,0,1,0,1,1,1,0,0,0,0,1,0,1,1,0,0,0,0,1,0.552190
1,0,1,0,0,0,1,1,1,0,0,0,0,0,0,0,0,1,0,0,1,0,1,0,0,0,0,0,0,1,0,1,0.552749
1,1,0,1,0,0,1,1,1,1,0,1,0,0,1,0,0,0,0,1,1,0,0,1,1,1,0,0,1,0,1,1,0.643036
1,1,0,0,1,0,0,0,1,0,1,0,1,1,1,1,0,1,0,1,0,1,1,1,1,0,1,0,1,1,1,1,0.711237
0,0,1,1,1,0,1,1,1,1,0,0,1,1,0,1,1,1,1,1,1,1,0,0,1,0,1,1,1,1,0,0,0.635577
1,1,0,1,0,1,0,1,1,0,0,0,1,0,0,0,0,0,1,0,0,0,0,0,1,1,0,0,0,0,1,0,0.566336
1,0,0,1,0,1,1,0,0,1,1,1,0,1,0,1,0,1,0,1,0,0,0,1,0,1,1,0,0,1,0,0,0.611866
1,0,1,0,0,1,1,0,0,1,1,0,0,1,1,1,0,0,1,0,0,1,1,0,0,1,1,0,0,1,0,0,0.587623
1,0,0,0,1,0,1,1,0,0,1,0,1,1,0,0,0,0,0,0,0,0,1,1,1,0,1,1,0,0,1,1,0.560928
0,1,0,1,1,1,1,0,0,0,0,0,0,0,1,1,0,1,1,0,0,0,1,1,0,0,0,1,0,0,1,0,0.560076
0,1,1,0,0,0,0,0,1,1,1,1,1,1,1,1,0,0,1,1,0,0,1,1,1,1,1,0,0,1,1,1,0.669277
0,1,0,0,0,1,1,0,1,1,0,1,0,0,0,1,0,0,0,0,1,0,1,1,0,0,0,0,0,1,0,0,0.538603
0,0,1,0,0,1,1,0,1,0,1,0,1,0,0,0,1,0,0,1,0,0,0,0,0,1,1,1,0,0,0,0,0.536365
0,0,1,0,0,0,0,0,0,1,0,1,1,0,0,0,1,1,1,0,0,0,0,0,0,0,1,0,0,1,1,0,0.528453
0,0,1,1,0,1,1,0,0,0,0,0,1,1,0,1,1,0,0,1,0,0,1,1,0,0,0,0,0,0,1,0,0.537750
0,1,1,0,0,1,1,1,0,0,0,1,1,0,0,1,1,1,1,1,0,1,1,1,1,1,0,0,0,1,0,1,0.645940
0,0,1,0,1,0,0,0,1,1,1,1,0,0,1,1,1,1,1,0,0,0,1,0,1,0,1,0,1,1,1,1,0.727781
0,1,0,1,1,0,1,1,1,1,0,0,0,0,0,1,0,0,0,1,0,1,0,0,1,1,1,0,0,0,0,1,0.565191
0,1,1,0,0,0,0,1,1,1,1,1,1,1,0,0,0,0,0,0,0,1,1,1,1,0,0,1,1,0,1,0,0.594629
1,0,1,0,0,0,0,0,1,0,1,1,1,1,0,0,0,1,1,0,0,1,0,1,0,1,1,0,1,0,0,1,0.595535
0,0,1,0,0,0,0,1,0,0,0,0,1,1,1,1,1,0,0,0,0,0,0,0,0,1,0,0,0,1,0,1,0.500000
1,0,0,1,0,1,0,0,1,1,0,1,0,0,0,1,0,0,1,1,1,1,1,1,0,0,0,0,0,0,1,0,0.567775
0,1,1,1,1,0,0,1,0,1,1,0,1,1,1,0,1,1,1,0,0,1,0,0,1,0,0,0,0,0,1,0,0.608269
1,1,0,1,0,1,0,0,1,1,0,1,0,0,0,0,0,0,1,0,0,1,1,0,0,1,0,0,0,0,1,1,0.566976
0,0,0,1,0,0,0,0,0,0,0,1,0,0,0,1,1,1,1,0,1,1,1,1,1,0,1,0,0,1,0,0,0.556746
1,0,0,1,0,0,1,0,0,0,0,1,1,1,1,1,1,0,1,1,0,0,1,0,0,0,0,0,0,1,0,0,0.564685
1,1,0,0,1,1,0,1,0,0,1,1,0,0,0,0,1,0,1,1,0,0,1,1,1,1,1,1,0,1,1,0,0.666294
0,1,1,1,1,1,1,1,0,1,0,0,0,0,0,1,1,0,1,0,1,1,1,0,1,1,0,1,0,1,0,0,0.598252
0,0,0,0,1,1,0,0,1,0,0,1,0,1,1,1,0,0,1,1,1,0,0,0,0,0,0,0,1,1,1,1,0.572517
0,0,1,0,0,1,1,0,0,0,0,1,0,1,1,1,1,1,0,0,1,0,0,0,0,1,0,0,1,1,0,1,0.569080
0,0,1,0,1,1,1,0,0,1,0,1,0,1,1,1,1,1,0,1,0,1,1,1,1,1,0,0,0,1,1,1,0.622469
0,1,0,1,1,0,1,1,1,1,1,0,0,1,1,0,0,0,0,0,1,1,1,0,1,1,1,1,0,1,1,1,0.668105
1,1,0,1,1,1,1,1,0,0,0,1,1,1,0,1,1,0,1,1,1,0,0,0,0,1,1,0,0,0,1,1,0.649297
0,1,1,1,0,0,0,0,0,1,1,0,0,1,0,1,0,1,0,0,1,0,1,0,1,1,0,0,1,1,1,1,0.683957
0,1,0,0,1,1,0,0,1,1,0,1,0,1,0,1,0,0,0,1,0,1,1,0,1,1,1,1,1,1,1,0,0.634644
1,0,0,1,1,0,0,1,1,1,1,1,1,0,0,0,0,0,0,0,1,0,0,0,0,0,0,1,1,0,0,1,0.578645
1,0,0,0,1,0,1,0,0,0,1,1,1,0,0,1,0,1,1,0,1,1,0,0,0,1,0,1,0,1,1,1,0.646499
1,0,0,1,1,0,0,0,0,1,0,0,1,0,0,0,1,1,0,1,0,0,1,0,0,1,1,0,0,0,0,0,0.593057
0,1,0,0,0,0,1,0,1,0,0,1,0,1,0,0,1,0,1,1,0,1,1,0,0,0,1,1,0,0,1,0,0.549419
1,0,0,1,1,1,1,1,1,1,0,0,0,1,1,0,0,1,0,1,0,0,0,1,1,0,1,0,0,1,1,1,0.623721
0,0,1,0,0,0,0,0,1,1,1,0,1,1,0,1,0,1,0,1,1,1,1,0,0,1,0,1,0,1,1,1,0.679241
0,1,0,0,0,1,0,0,1,1,0,1,0,1,1,0,0,0,0,1,1,1,1,1,1,1,0,0,0,1,1,1,0.624467
0,1,1,1,0,0,1,0,0,0,1,1,1,0,1,1,0,0,0,1,1,0,0,1,1,1,1,0,0,1,1,0,0.614051
