1,0,0,0,1,1,0,1,1,0,1,1,0,1,0,0,0,0,1,1,0,0,1,0,0,0,1,0,0,0,1,1,0.650842
1,0,0,1,1,1,0,0,1,1,0,1,0,0,1,0,1,0,0,1,1,0,0,1,1,1,1,1,0,0,0,0,0.652680
1,0,1,0,0,1,0,0,0,0,0,1,1,0,1,0,1,0,1,0,1,0,1,1,1,1,1,1,1,0,1,1,0.622442
1,0,0,0,1,0,0,0,1,1,0,1,1,0,1,0,0,0,0,0,0,1,1,1,1,0,0,0,0,1,1,0,0.690111
0,0,1,1,1,1,0,1,1,1,0,0,1,1,1,0,1,1,0,1,1,0,1,0,1,1,1,1,0,0,1,1,0.652547
0,0,1,1,1,1,0,1,1,1,0,1,1,1,0,1,1,0,0,0,0,1,0,0,1,1,0,1,0,0,0,0,0.780051
0,0,1,0,0,0,1,0,0,1,0,1,0,0,1,1,1,0,0,0,1,0,1,0,0,0,0,0,1,1,0,0,0.715526
1,1,1,1,0,1,1,1,1,1,1,0,0,1,1,0,0,1,0,0,0,1,1,0,1,1,1,1,1,1,1,1,0.559490
0,1,0,1,1,1,0,1,0,1,1,1,1,0,1,0,0,0,0,0,1,1,0,1,1,1,1,1,0,0,1,0,0.633179
0,0,1,0,0,1,1,1,1,1,1,0,0,1,0,0,0,1,1,0,1,0,0,1,0,0,1,1,0,1,1,0,0.624014
0,0,0,1,1,1,0,0,0,1,1,1,0,1,1,0,0,1,1,1,0,0,0,0,1,1,1,0,0,0,0,1,0.818068
0,1,1,0,0,1,1,1,0,0,1,0,0,1,0,0,1,0,0,0,1,0,0,0,1,1,1,1,1,0,0,1,0.645780
0,0,1,1,0,1,0,1,1,0,0,0,0,1,1,0,1,0,1,0,0,0,0,0,0,0,1,0,0,1,0,0,0.603288
1,1,0,1,0,0,0,0,0,1,0,1,0,0,1,0,0,1,1,0,0,1,0,1,1,0,1,0,0,1,1,0,0.616102
0,1,1,1,1,0,0,1,1,1,1,1,1,0,0,0,1,0,0,1,1,0,0,0,1,0,1,1,1,0,1,0,0.816150
1,1,1,0,0,0,0,1,1,0,1,1,0,0,0,1,1,0,0,1,1,1,0,1,0,1,1,0,0,0,1,1,0.561434
0,0,0,1,1,0,1,0,0,1,0,1,1,0,1,0,0,0,0,1,0,1,1,0,0,0,1,0,0,1,0,1,0.689525
0,0,0,1,1,0,0,1,1,1,0,0,0,1,1,0,0,0,0,0,0,1,0,0,1,1,0,1,0,1,1,0,0.702179
1,1,0,1,0,1,1,1,1,1,1,1,1,0,1,1,1,1,0,0,0,1,0,1,0,0,0,1,0,1,0,0,0.567109
0,0,1,0,0,0,1,0,0,0,0,1,1,0,1,1,0,0,1,1,0,1,1,0,0,1,0,1,0,0,1,0,0.747016
0,1,0,1,1,0,1,1,0,1,1,0,1,1,0,1,1,1,1,0,0,0,0,0,0,0,0,0,1,1,0,1,0.687154
1,0,0,0,0,1,0,1,0,0,1,0,1,0,1,1,0,1,0,1,1,0,1,0,1,1,1,1,0,0,0,1,0.623988
0,0,1,0,1,0,1,0,1,1,0,0,0,1,1,0,1,1,0,1,1,1,1,1,1,1,0,1,0,1,0,1,0.794917
1,0,0,0,1,0,0,0,0,0,0,0,0,1,1,0,0,0,0,1,1,0,0,0,0,1,1,1,0,0,0,1,0.683344
1,0,0,1,1,0,0,0,1,0,0,0,1,0,1,0,0,1,1,0,0,0,0,1,1,0,1,1,0,0,1,1,0.641544
0,0,0,1,0,1,1,0,0,0,0,1,0,0,1,0,1,1,1,1,1,0,1,1,1,1,0,0,0,0,0,0,0.628144
1,1,1,0,1,0,0,0,0,0,1,1,1,0,1,1,0,1,1,0,0,1,1,1,1,0,1,1,1,1,1,0,0.551311
0,1,0,1,0,1,0,1,1,0,1,1,1,0,0,0,0,0,1,1,0,1,0,1,0,1,0,0,0,0,1,0,0.640825
1,1,0,0,1,1,0,0,1,0,0,0,1,0,1,1,1,0,0,1,0,1,0,0,0,0,1,0,0,1,1,0,0.902733
1,0,0,0,0,0,0,1,1,1,1,0,1,0,1,1,0,0,0,0,0,1,0,0,0,1,1,0,1,1,0,1,0.613598
1,0,0,0,1,0,1,1,1,0,1,0,0,0,0,1,0,0,0,0,0,1,1,1,0,1,1,0,1,1,1,1,0.542759
1,0,0,1,1,1,1,1,1,1,1,1,0,1,0,0,1,0,0,1,1,0,1,0,0,0,1,0,1,1,1,0,0.694693
0,0,1,1,1,0,0,0,0,0,1,1,1,0,0,1,1,1,0,0,0,0,1,1,0,0,1,1,1,0,1,0,0.742168
0,0,0,1,0,1,1,0,1,0,0,0,1,1,0,1,0,0,1,0,0,0,0,1,0,0,0,0,1,0,0,0,0.651561
0,1,0,1,1,1,1,0,0,0,1,1,1,1,1,0,1,1,0,1,0,1,0,1,0,0,1,1,0,0,0,1,0.605232
0,0,0,0,1,0,0,0,0,1,1,0,0,0,0,1,1,1,0,1,0,0,0,0,1,1,0,0,1,0,1,0,0.780477
1,0,0,0,0,0,0,0,1,0,1,0,1,1,1,0,1,1,1,1,1,1,1,1,0,1,1,1,1,0,1,0,0.652547
0,1,1,1,0,0,0,1,1,0,0,0,1,0,1,1,0,0,1,1,1,0,1,0,0,1,0,0,0,1,0,1,0.601529
1,1,1,0,0,0,0,1,1,1,0,1,0,1,1,0,1,0,1,1,0,0,1,0,1,0,1,1,0,1,0,1,0.613518
1,1,1,0,0,1,0,1,1,0,1,0,0,0,0,0,0,1,1,0,0,1,1,1,1,0,0,0,1,1,1,1,0.541027
0,0,1,1,0,0,0,1,1,0,0,1,0,0,1,0,1,0,0,1,0,0,0,1,1,1,0,1,1,0,0,0,0.563353
1,1,1,0,0,1,0,1,0,1,0,1,1,0,1,0,1,0,0,0,0,0,1,1,1,1,0,0,1,0,0,0,0.588395
1,1,1,1,1,0,0,0,0,1,0,0,0,1,0,1,1,0,0,1,1,0,0,1,0,1,0,1,1,0,1,0,0.608562
0,0,0,1,0,0,1,0,1,0,1,1,0,1,1,1,0,1,0,1,0,1,0,1,0,0,1,0,1,1,1,1,0.662884
0,0,0,0,0,1,0,1,0,1,1,1,0,1,1,0,0,1,0,0,1,1,0,0,0,1,0,1,0,1,0,1,0.687154
1,0,0,1,1,0,0,0,0,1,1,0,1,0,1,1,1,1,0,0,1,0,0,0,0,0,1,1,0,1,1,1,0.727062
1,0,1,0,0,1,0,1,1,0,0,0,0,1,1,0,0,0,0,1,1,0,1,1,0,1,1,1,1,0,0,1,0.743313
1,1,0,0,1,0,0,1,1,1,0,0,0,1,1,1,0,0,1,1,0,1,0,0,1,1,0,1,1,1,1,0,0.616981
0,0,0,0,1,0,1,0,1,0,0,1,1,1,0,0,0,0,0,0,1,1,1,0,0,0,1,0,0,1,1,1,0.901508
1,1,1,1,0,1,1,1,1,0,1,0,1,1,0,0,0,0,1,0,0,0,1,1,0,1,1,1,1,0,1,0,0.678016
0,1,0,1,0,0,0,0,0,1,0,0,1,0,1,1,0,0,1,1,1,1,1,1,0,0,1,0,1,1,0,1,0.630142
0,1,1,0,0,0,0,0,0,0,0,1,1,0,1,1,0,0,0,1,0,1,1,0,0,1,0,1,1,0,1,1,0.780611
0,0,0,1,0,0,0,1,0,0,1,0,1,1,1,0,0,0,0,0,1,0,0,1,1,0,1,0,1,1,1,0,0.736360
1,1,1,1,1,1,0,1,0,1,1,0,1,0,1,1,0,1,1,1,0,1,0,0,0,1,0,1,0,1,0,0,0.581122
0,1,0,1,1,0,0,0,0,0,0,1,0,0,0,0,1,1,1,1,0,1,1,1,0,0,0,1,1,0,0,1,0.690963
0,1,0,1,0,0,0,1,0,0,1,1,0,0,1,0,1,1,0,1,1,1,0,1,0,1,0,1,0,1,1,1,0.562873
1,1,0,0,0,1,0,1,1,1,0,1,1,0,0,0,0,1,0,1,0,0,1,0,0,1,0,0,0,1,0,1,0.633339
1,1,0,0,1,0,1,0,1,0,0,0,1,1,0,1,0,0,0,0,0,0,1,0,1,1,1,0,1,0,1,1,0.592045
0,1,0,1,0,0,0,1,1,0,1,1,1,0,1,1,0,0,0,1,0,0,1,1,0,0,1,0,1,0,1,1,0.780744
0,1,1,1,1,1,0,0,0,1,0,0,1,0,1,1,1,1,1,0,0,0,1,0,1,1,0,0,0,0,0,1,0.620711
1,1,1,0,0,1,1,0,1,1,0,1,0,0,1,1,0,1,0,0,1,1,1,1,0,1,0,1,1,1,1,0,0.840686
0,1,0,0,0,0,0,1,0,1,1,1,1,0,0,1,0,1,1,0,0,1,1,1,1,1,1,1,0,0,0,1,0.650549
1,1,1,0,0,1,0,0,0,0,1,0,0,0,1,1,0,1,0,1,0,1,1,0,1,0,0,0,0,1,0,1,0.614264
1,0,0,0,1,1,0,0,1,0,0,0,1,1,1,1,0,1,0,1,0,0,1,0,0,0,0,1,1,0,0,0,0.684596
1,1,0,1,1,0,0,0,1,0,1,1,0,1,1,0,0,1,1,0,1,1,0,1,1,0,1,1,1,1,1,1,0.502611
1,1,0,1,1,0,1,0,0,1,0,0,0,0,0,0,0,1,1,0,0,0,1,1,0,1,1,0,0,1,0,1,0.633792
1,1,0,0,1,0,0,0,0,0,0,1,0,1,1,0,1,0,0,1,1,1,0,0,1,1,0,1,1,0,0,0,0.902707
1,1,1,1,1,1,0,0,1,1,1,1,1,0,0,1,1,0,1,0,1,1,0,0,1,0,0,0,1,1,0,0,0.562447
0,0,0,1,0,0,1,1,0,0,1,0,1,0,1,1,0,0,1,0,0,0,0,1,1,1,1,1,0,1,0,0,0.751332
0,0,0,0,0,0,0,1,0,0,0,1,1,1,1,0,1,1,1,1,0,0,1,1,0,0,1,0,1,0,0,0,0.601822
1,0,0,0,1,1,0,1,0,0,0,0,1,1,1,0,0,0,1,0,1,1,0,0,1,0,1,1,1,0,0,0,0.871856
1,0,0,1,1,1,1,0,0,0,0,1,1,1,0,1,0,0,0,0,0,1,1,0,1,1,1,0,1,1,1,1,0.901375
0,1,1,0,0,1,1,0,1,0,0,0,0,0,1,0,0,0,0,1,1,0,1,0,1,0,0,0,1,0,0,0,0.755009
0,0,1,0,0,0,0,1,0,1,1,1,1,0,0,0,1,0,1,1,1,1,1,1,0,1,0,1,0,0,0,0,0.577073
1,0,1,1,1,0,1,0,1,0,1,1,1,0,1,1,0,1,1,0,0,0,0,0,0,1,1,1,1,1,1,1,0.751998
1,0,0,0,0,0,0,0,0,1,1,1,0,0,0,0,0,0,0,0,0,1,0,1,0,1,0,0,1,1,1,0,0.659873
0,0,0,0,0,1,1,1,1,1,0,1,0,1,0,0,1,0,0,1,0,1,0,1,0,1,0,0,1,0,1,1,0.750879
0,1,1,0,1,0,0,0,1,0,1,0,0,1,0,1,1,0,0,0,0,1,1,0,0,1,0,0,1,1,1,1,0.537697
0,1,1,1,1,1,0,1,1,0,0,0,0,0,0,0,0,1,1,0,1,0,1,1,0,0,1,0,1,0,0,0,0.674393
0,0,0,0,0,1,0,0,0,1,0,1,1,0,1,0,1,1,1,0,0,0,0,1,0,0,1,1,0,0,1,1,0.601396
0,0,1,0,1,0,0,0,1,0,0,1,0,0,1,0,0,0,0,0,1,1,0,1,0,0,1,0,1,0,1,1,0.901108
0,0,0,1,1,0,0,1,0,1,0,0,0,1,0,1,0,1,0,0,1,0,0,1,1,0,0,1,0,1,1,1,0.572943
1,0,1,1,1,0,1,0,0,0,0,0,0,1,0,0,1,0,1,1,1,0,1,1,0,1,1,1,1,1,1,1,0.586477
1,0,0,0,0,1,0,1,0,1,0,1,0,1,0,1,0,1,0,0,0,1,0,1,1,0,1,1,0,0,1,0,0.750293
1,1,1,1,1,1,0,1,0,0,0,1,1,0,0,1,1,1,0,1,1,0,0,0,1,0,1,1,0,0,1,1,0.773950
0,0,0,1,1,0,0,1,0,0,0,1,0,1,0,0,1,1,1,1,0,1,0,1,0,1,0,0,0,0,0,1,0.691629
0,0,1,0,1,0,0,0,1,0,1,1,0,1,0,0,1,0,1,0,0,0,1,0,1,1,0,1,0,1,0,1,0.820253
0,1,1,1,1,1,1,0,1,1,0,0,1,0,0,1,1,1,0,0,1,0,0,1,1,1,0,1,1,1,1,1,0.660939
0,1,0,0,1,1,1,0,1,0,0,0,0,1,0,1,1,1,1,1,1,1,0,0,0,0,1,0,1,0,1,1,0.902947
0,0,1,1,1,1,0,1,1,0,1,1,0,0,0,1,0,0,1,1,0,0,0,1,0,1,1,1,1,1,1,0,0.625533
0,0,0,0,0,1,0,1,0,0,0,0,1,0,1,1,0,0,0,1,0,0,0,0,0,1,1,1,0,0,0,1,0.652201
0,1,0,1,0,1,0,1,1,1,0,1,0,1,0,1,1,0,1,1,1,0,0,1,0,0,0,0,1,0,0,0,0.660086
0,1,1,0,0,1,0,0,1,0,1,0,0,1,0,0,0,0,1,0,0,1,0,0,0,0,1,0,1,1,1,0,0.647778
0,0,0,1,1,0,0,1,0,0,1,1,0,1,1,1,1,0,1,0,0,0,0,0,0,0,0,0,1,1,1,0,0.834985
1,1,1,0,1,0,1,0,1,1,1,1,0,0,0,1,1,0,1,0,0,0,1,0,0,0,1,0,0,0,1,0,0.850171
1,1,0,0,1,0,0,1,1,0,0,1,1,0,0,1,0,0,0,0,1,1,1,0,0,0,0,0,0,0,0,0,0.902014
1,1,0,1,1,0,1,1,0,1,1,1,1,0,1,1,0,1,1,1,0,1,0,0,0,1,1,0,1,1,0,1,0.567855
1,1,0,0,0,1,0,1,0,0,0,0,0,0,0,1,0,0,0,0,1,1,0,1,0,1,0,0,0,1,0,1,0.963955
0,1,0,0,1,1,1,0,1,1,1,1,1,0,1,1,1,1,1,0,0,1,0,0,1,1,1,0,1,1,1,0,0.576220
1,1,0,0,0,1,0,0,1,0,0,0,1,1,1,0,0,1,1,0,1,0,0,1,0,0,0,1,0,1,0,0,0.709506
0,1,0,1,1,0,0,1,1,0,1,1,1,1,0,1,1,1,0,0,0,0,0,1,1,0,0,1,0,1,1,1,0.673567
0,1,1,1,0,0,1,1,0,0,1,0,0,0,0,0,1,0,0,0,1,0,0,0,1,1,0,1,0,0,1,1,0.644208
0,1,0,0,1,1,0,1,1,1,1,0,0,0,1,0,0,0,1,0,1,1,0,1,0,0,0,0,0,1,1,0,0.563672
1,1,0,1,0,0,1,0,1,1,1,0,1,1,0,1,0,0,1,1,0,0,1,1,1,1,1,1,1,1,1,0,0.659820
1,0,0,0,0,0,0,0,1,0,0,1,0,0,1,1,0,1,1,1,1,0,0,1,0,0,0,1,0,0,0,1,0.641917
1,1,0,0,1,0,0,0,1,0,1,0,1,0,0,0,1,1,0,0,1,1,1,1,0,1,0,1,1,0,1,1,0.596601
1,0,1,0,1,1,0,1,0,1,0,0,0,1,1,0,1,0,0,1,1,0,1,1,0,1,1,0,0,0,1,1,0.713129
0,0,1,1,0,0,0,0,0,0,1,1,1,0,0,1,0,1,1,0,0,0,0,1,0,1,1,0,0,1,1,0,0.750986
1,0,0,1,0,0,1,0,0,0,1,1,1,1,1,1,1,1,0,0,0,1,1,0,0,0,0,1,0,0,1,0,0.638640
1,1,0,1,0,1,0,0,1,0,1,0,1,1,1,1,1,0,0,0,1,1,1,0,0,0,1,1,1,1,0,0,0.652973
1,0,0,1,0,0,1,0,0,1,0,1,1,1,0,0,0,0,1,1,1,1,0,0,1,1,1,0,1,0,1,1,0.629316
0,1,1,0,1,0,1,1,1,0,0,0,1,1,1,1,0,0,1,1,1,0,0,0,1,0,0,1,0,1,0,0,0.606724
1,1,0,1,0,1,1,0,0,1,0,0,1,0,0,0,1,0,0,0,1,0,1,0,0,1,0,1,1,0,1,0,0.640505
0,1,1,1,0,1,1,1,0,1,1,0,0,0,0,1,1,0,0,1,1,1,0,1,0,0,0,1,1,0,1,0,0.568734
0,1,1,0,0,1,1,0,1,0,1,0,0,0,1,1,0,1,0,0,1,1,1,1,0,1,0,0,0,1,1,0,0.652867
0,0,0,1,1,1,0,1,0,1,1,1,0,0,1,0,1,0,0,1,0,1,1,0,0,1,1,1,0,0,0,0,0.584879
0,0,0,1,1,0,0,0,1,0,0,1,1,0,1,0,0,0,1,1,0,1,1,0,0,1,0,0,0,1,0,0,0.689844
0,0,1,0,1,0,0,0,0,0,1,0,0,0,0,1,1,1,0,1,1,1,0,1,1,1,0,0,0,1,0,1,0.597746
1,1,1,0,1,1,0,0,0,1,1,0,1,1,1,1,0,0,1,0,1,0,0,0,1,1,1,0,0,0,0,1,0.597133
0,1,1,1,1,1,1,1,1,0,1,0,0,0,0,0,1,1,0,1,0,1,0,0,0,1,0,0,1,1,1,0,0.716912
0,0,1,0,1,0,1,1,0,1,0,1,1,1,0,0,0,0,1,1,0,1,1,1,0,1,0,0,1,0,1,1,0.595908
0,1,1,0,1,1,0,0,0,0,1,0,0,1,0,0,1,0,0,1,0,0,1,1,1,1,0,1,0,0,1,0,0.653319
1,0,1,1,0,0,0,1,0,1,0,0,0,1,1,1,0,0,0,1,1,1,1,1,1,0,1,1,1,1,0,0,0.750266
1,0,0,1,1,0,0,0,0,0,0,1,1,1,0,0,0,1,0,1,0,0,1,0,0,0,0,1,0,1,0,1,0.594896
0,0,1,1,0,0,0,1,0,0,0,0,0,0,0,0,0,1,0,1,1,0,0,0,0,1,0,1,0,0,0,1,0.653080
0,1,1,0,1,0,1,0,0,0,0,1,1,1,1,1,0,1,1,0,1,0,1,0,0,1,0,1,0,1,0,0,0.638587
0,0,1,0,1,1,0,0,1,0,1,0,0,0,0,1,1,0,1,1,0,1,0,0,0,1,0,0,0,0,1,0,0.697011
1,0,1,1,0,1,1,1,1,0,0,1,0,1,0,1,1,0,0,0,1,0,0,0,1,1,0,1,1,1,1,0,0.743793
