1,0,1,0,0,1,0,0,0,0,0,1,1,0,1,0,1,0,1,0,1,0,1,1,1,1,1,1,1,0,1,1,0.616688
1,0,1,1,0,0,0,1,0,1,0,0,0,1,1,1,0,0,0,1,1,1,1,1,1,0,1,1,1,1,0,0,0.758738
1,1,0,1,0,0,0,0,0,1,0,1,0,0,1,0,0,1,1,0,0,1,0,1,1,0,1,0,0,1,1,0,0.629987
1,0,0,1,1,0,0,0,0,1,1,0,1,0,1,1,1,1,0,0,1,0,0,0,0,0,1,1,0,1,1,1,0.735870
1,0,0,1,1,1,0,0,1,1,0,1,0,0,1,0,1,0,0,1,1,0,0,1,1,1,1,1,0,0,0,0,0.646697
0,0,1,0,0,1,1,1,1,1,1,0,0,1,0,0,0,1,1,0,1,0,0,1,0,0,1,1,0,1,1,0,0.637745
0,0,1,1,0,0,0,0,0,0,1,1,1,0,0,1,0,1,1,0,0,0,0,1,0,1,1,0,0,1,1,0,0.762383
1,1,0,0,0,1,0,1,1,1,0,1,1,0,0,0,0,1,0,1,0,0,1,0,0,1,0,0,0,1,0,1,0.631117
1,1,1,1,1,1,0,0,1,1,1,1,1,0,0,1,1,0,1,0,1,1,0,0,1,0,0,0,1,1,0,0,0.560486
0,1,0,0,1,1,1,0,1,0,0,0,0,1,0,1,1,1,1,1,1,1,0,0,0,0,1,0,1,0,1,1,0.907268
0,0,0,0,0,0,0,1,0,0,0,1,1,1,1,0,1,1,1,1,0,0,1,1,0,0,1,0,1,0,0,0,0.600426
1,0,0,0,0,0,0,0,1,0,0,1,0,0,1,1,0,1,1,1,1,0,0,1,0,0,0,1,0,0,0,1,0.646547
0,0,0,1,1,0,0,1,1,1,0,0,0,1,1,0,0,0,0,0,0,1,0,0,1,1,0,1,0,1,1,0,0.711679
0,1,0,1,0,1,0,1,1,0,1,1,1,0,0,0,0,0,1,1,0,1,0,1,0,1,0,0,0,0,1,0,0.648615
1,0,1,1,1,0,1,0,0,0,0,0,0,1,0,0,1,0,1,1,1,0,1,1,0,1,1,1,1,1,1,1,0.585166
1,1,1,0,1,0,0,0,0,0,1,1,1,0,1,1,0,1,1,0,0,1,1,1,1,0,1,1,1,1,1,0,0.551279
0,0,1,1,1,1,0,1,1,1,0,0,1,1,1,0,1,1,0,1,1,0,1,0,1,1,1,1,0,0,1,1,0.646633
0,1,0,1,0,0,0,1,1,0,1,1,1,0,1,1,0,0,0,1,0,0,1,1,0,0,1,0,1,0,1,1,0.788917
1,0,1,0,1,1,0,1,0,1,0,0,0,1,1,0,1,0,0,1,1,0,1,1,0,1,1,0,0,0,1,1,0.709186
0,0,1,0,1,0,1,0,1,1,0,0,0,1,1,0,1,1,0,1,1,1,1,1,1,1,0,1,0,1,0,1,0.801833
0,0,1,1,0,1,0,1,1,0,0,0,0,1,1,0,1,0,1,0,0,0,0,0,0,0,1,0,0,1,0,0,0.605776
1,1,0,0,1,0,0,1,1,1,0,0,0,1,1,1,0,0,1,1,0,1,0,0,1,1,0,1,1,1,1,0,0.625000
1,0,0,0,0,1,0,1,0,1,0,1,0,1,0,1,0,1,0,0,0,1,0,1,1,0,1,1,0,0,1,0,0.767519
0,0,0,1,1,0,1,0,0,1,0,1,1,0,1,0,0,0,0,1,0,1,1,0,0,0,1,0,0,1,0,1,0.701556
1,1,1,0,0,1,0,1,0,1,0,1,1,0,1,0,1,0,0,0,0,0,1,1,1,1,0,0,1,0,0,0,0.586637
0,0,0,0,0,1,0,1,0,1,1,1,0,1,1,0,0,1,0,0,1,1,0,0,0,1,0,1,0,1,0,1,0.688598
0,1,0,1,1,0,0,1,1,0,1,1,1,1,0,1,1,1,0,0,0,0,0,1,1,0,0,1,0,1,1,1,0.690260
1,1,1,0,0,0,0,1,1,0,1,1,0,0,0,1,1,0,0,1,1,1,0,1,0,1,1,0,0,0,1,1,0.559314
0,0,0,1,0,1,1,0,0,0,0,1,0,0,1,0,1,1,1,1,1,0,1,1,1,1,0,0,0,0,0,0,0.621505
1,0,0,1,0,0,1,0,0,0,1,1,1,1,1,1,1,1,0,0,0,1,1,0,0,0,0,1,0,0,1,0,0.638363
1,1,1,1,0,1,1,1,1,1,1,0,0,1,1,0,0,1,0,0,0,1,1,0,1,1,1,1,1,1,1,1,0.562042
0,0,0,1,1,0,0,0,1,0,0,1,1,0,1,0,0,0,1,1,0,1,1,0,0,1,0,0,0,1,0,0,0.701918
0,1,0,0,1,1,1,0,1,1,1,1,1,0,1,1,1,1,1,0,0,1,0,0,1,1,1,0,1,1,1,0,0.573934
1,0,0,1,1,0,0,0,0,0,0,1,1,1,0,0,0,1,0,1,0,0,1,0,0,0,0,1,0,1,0,1,0.591965
1,0,0,0,1,0,0,0,0,0,0,0,0,1,1,0,0,0,0,1,1,0,0,0,0,1,1,1,0,0,0,1,0.677025
0,0,0,0,0,1,0,1,0,0,0,0,1,0,1,1,0,0,0,1,0,0,0,0,0,1,1,1,0,0,0,1,0.646249
0,0,1,1,1,1,0,1,1,1,0,1,1,1,0,1,1,0,0,0,0,1,0,0,1,1,0,1,0,0,0,0,0.791006
1,1,1,0,0,1,0,0,0,0,1,0,0,0,1,1,0,1,0,1,0,1,1,0,1,0,0,0,0,1,0,1,0.610188
0,1,0,0,1,1,0,1,1,1,1,0,0,0,1,0,0,0,1,0,1,1,0,1,0,0,0,0,0,1,1,0,0.561552
0,0,0,0,1,0,0,0,0,1,1,0,0,0,0,1,1,1,0,1,0,0,0,0,1,1,0,0,1,0,1,0,0.788662
1,1,0,0,1,0,0,0,1,0,1,0,1,0,0,0,1,1,0,0,1,1,1,1,0,1,0,1,1,0,1,1,0.593393
0,0,0,1,0,0,1,0,1,0,1,1,0,1,1,1,0,1,0,1,0,1,0,1,0,0,1,0,1,1,1,1,0.659207
1,0,0,1,1,0,0,0,1,0,0,0,1,0,1,0,0,1,1,0,0,0,0,1,1,0,1,1,0,0,1,1,0.640708
1,0,1,1,1,0,1,0,1,0,1,1,1,0,1,1,0,1,1,0,0,0,0,0,0,1,1,1,1,1,1,1,0.760635
0,1,1,0,1,0,1,0,0,0,0,1,1,1,1,1,0,1,1,0,1,0,1,0,0,1,0,1,0,1,0,0,0.632609
0,0,0,0,0,1,0,0,0,1,0,1,1,0,1,0,1,1,1,0,0,0,0,1,0,0,1,1,0,0,1,1,0.598529
0,1,1,0,1,1,0,0,0,0,1,0,0,1,0,0,1,0,0,1,0,0,1,1,1,1,0,1,0,0,1,0,0.662553
1,0,0,1,1,1,1,1,1,1,1,1,0,1,0,0,1,0,0,1,1,0,1,0,0,0,1,0,1,1,1,0,0.705627
0,0,1,0,1,0,0,0,1,0,0,1,0,0,1,0,0,0,0,0,1,1,0,1,0,0,1,0,1,0,1,1,0.905115
0,0,0,1,0,0,0,1,0,0,1,0,1,1,1,0,0,0,0,0,1,0,0,1,1,0,1,0,1,1,1,0,0.741901
1,1,1,0,0,1,1,0,1,1,0,1,0,0,1,1,0,1,0,0,1,1,1,1,0,1,0,1,1,1,1,0,0.845290
0,0,0,0,1,0,1,0,1,0,0,1,1,1,0,0,0,0,0,0,1,1,1,0,0,0,1,0,0,1,1,1,0.905456
1,0,0,0,1,1,0,0,1,0,0,0,1,1,1,1,0,1,0,1,0,0,1,0,0,0,0,1,1,0,0,0,0.678048
0,1,0,1,1,0,0,0,0,0,0,1,0,0,0,0,1,1,1,1,0,1,1,1,0,0,0,1,1,0,0,1,0.703154
0,0,0,1,0,1,1,0,1,0,0,0,1,1,0,1,0,0,1,0,0,0,0,1,0,0,0,0,1,0,0,0,0.650128
1,1,1,1,0,1,1,1,1,0,1,0,1,1,0,0,0,0,1,0,0,0,1,1,0,1,1,1,1,0,1,0,0.691070
1,0,0,0,1,1,0,1,0,0,0,0,1,1,1,0,0,0,1,0,1,1,0,0,1,0,1,1,1,0,0,0,0.876108
0,0,1,0,1,1,0,0,1,0,1,0,0,0,0,1,1,0,1,1,0,1,0,0,0,1,0,0,0,0,1,0,0.693691
1,0,1,0,0,1,0,1,1,0,0,0,0,1,1,0,0,0,0,1,1,0,1,1,0,1,1,1,1,0,0,1,0.733504
0,0,1,1,1,1,0,1,1,0,1,1,0,0,0,1,0,0,1,1,0,0,0,1,0,1,1,1,1,1,1,0,0.636211
0,0,1,1,0,0,0,1,1,0,0,1,0,0,1,0,1,0,0,1,0,0,0,1,1,1,0,1,1,0,0,0,0.561019
1,1,0,1,0,0,1,0,1,1,1,0,1,1,0,1,0,0,1,1,0,0,1,1,1,1,1,1,1,1,1,0,0.672229
0,1,1,1,1,0,0,1,1,1,1,1,1,0,0,0,1,0,0,1,1,0,0,0,1,0,1,1,1,0,1,0,0.825874
1,0,0,0,0,0,0,0,0,1,1,1,0,0,0,0,0,0,0,0,0,1,0,1,0,1,0,0,1,1,1,0,0.656756
1,1,1,1,1,1,0,1,0,1,1,0,1,0,1,1,0,1,1,1,0,1,0,0,0,1,0,1,0,1,0,0,0.579369
0,1,0,1,0,0,0,0,0,1,0,0,1,0,1,1,0,0,1,1,1,1,1,1,0,0,1,0,1,1,0,1,0.650000
0,1,1,1,1,1,0,1,1,0,0,0,0,0,0,0,0,1,1,0,1,0,1,1,0,0,1,0,1,0,0,0,0.666986
0,0,1,1,0,0,0,1,0,0,0,0,0,0,0,0,0,1,0,1,1,0,0,0,0,1,0,1,0,0,0,1,0.647101
1,0,0,1,0,0,1,0,0,1,0,1,1,1,0,0,0,0,1,1,1,1,0,0,1,1,1,0,1,0,1,1,0.641944
0,1,1,1,1,1,1,1,1,0,1,0,0,0,0,0,1,1,0,1,0,1,0,0,0,1,0,0,1,1,1,0,0.718308
0,1,0,1,0,0,0,1,0,0,1,1,0,0,1,0,1,1,0,1,1,1,0,1,0,1,0,1,0,1,1,1,0.560742
1,1,0,1,1,0,0,0,1,0,1,1,0,1,1,0,0,1,1,0,1,1,0,1,1,0,1,1,1,1,1,1,0.502195
1,0,0,0,0,0,0,0,1,0,1,0,1,1,1,0,1,1,1,1,1,1,1,1,0,1,1,1,1,0,1,0,0.645205
1,1,1,0,0,1,0,1,1,0,1,0,0,0,0,0,0,1,1,0,0,1,1,1,1,0,0,0,1,1,1,1,0.536338
0,0,0,1,1,0,0,1,0,0,0,1,0,1,0,0,1,1,1,1,0,1,0,1,0,1,0,0,0,0,0,1,0.703815
1,1,0,0,0,1,0,1,0,0,0,0,0,0,0,1,0,0,0,0,1,1,0,1,0,1,0,0,0,1,0,1,0.964344
1,1,0,0,1,0,0,1,1,0,0,1,1,0,0,1,0,0,0,0,1,1,1,0,0,0,0,0,0,0,0,0,0.905925
0,0,1,1,1,0,0,0,0,0,1,1,1,0,0,1,1,1,0,0,0,0,1,1,0,0,1,1,1,0,1,0,0.756714
1,1,0,0,1,1,0,0,1,0,0,0,1,0,1,1,1,0,0,1,0,1,0,0,0,0,1,0,0,1,1,0,0.906586
0,0,1,0,0,0,1,0,0,0,0,1,1,0,1,1,0,0,1,1,0,1,1,0,0,1,0,1,0,0,1,0,0.750512
0,1,1,0,0,1,0,0,1,0,1,0,0,1,0,0,0,0,1,0,0,1,0,0,0,0,1,0,1,1,1,0,0.644352
0,1,1,0,0,1,1,0,1,0,0,0,0,0,1,0,0,0,0,1,1,0,1,0,1,0,0,0,1,0,0,0,0.745759
0,1,0,1,1,1,1,0,0,0,1,1,1,1,1,0,1,1,0,1,0,1,0,1,0,0,1,1,0,0,0,1,0.600192
1,0,0,0,0,0,0,1,1,1,1,0,1,0,1,1,0,0,0,0,0,1,0,0,0,1,1,0,1,1,0,1,0.615388
1,1,0,1,1,0,1,1,0,1,1,1,1,0,1,1,0,1,1,1,0,1,0,0,0,1,1,0,1,1,0,1,0.563043
1,1,1,0,1,0,1,0,1,1,1,1,0,0,0,1,1,0,1,0,0,0,1,0,0,0,1,0,0,0,1,0,0.856245
0,1,1,0,0,1,1,1,0,0,1,0,0,1,0,0,1,0,0,0,1,0,0,0,1,1,1,1,1,0,0,1,0.656650
0,0,0,1,0,0,1,1,0,0,1,0,1,0,1,1,0,0,1,0,0,0,0,1,1,1,1,1,0,1,0,0,0.762639
0,0,1,0,1,0,0,0,1,0,1,1,0,1,0,0,1,0,1,0,0,0,1,0,1,1,0,1,0,1,0,1,0.823465
0,0,1,0,1,0,0,0,0,0,1,0,0,0,0,1,1,1,0,1,1,1,0,1,1,1,0,0,0,1,0,1,0.594480
1,0,0,0,1,1,0,1,1,0,1,1,0,1,0,0,0,0,1,1,0,0,1,0,0,0,1,0,0,0,1,1,0.665026
0,0,0,1,1,0,0,1,0,0,1,1,0,1,1,1,1,0,1,0,0,0,0,0,0,0,0,0,1,1,1,0,0.840942
0,1,1,0,0,1,1,0,1,0,1,0,0,0,1,1,0,1,0,0,1,1,1,1,0,1,0,0,0,1,1,0,0.646910
0,0,1,0,0,0,1,0,0,1,0,1,0,0,1,1,1,0,0,0,1,0,1,0,0,0,0,0,1,1,0,0,0.714130
0,0,1,0,0,0,0,1,0,1,1,1,1,0,0,0,1,0,1,1,1,1,1,1,0,1,0,1,0,0,0,0,0.580584
1,1,1,1,1,0,0,0,0,1,0,0,0,1,0,1,1,0,0,1,1,0,0,1,0,1,0,1,1,0,1,0,0.611360
1,0,0,0,1,0,0,0,1,1,0,1,1,0,1,0,0,0,0,0,0,1,1,1,1,0,0,0,0,1,1,0,0.702174
0,1,0,1,1,0,1,1,0,1,1,0,1,1,0,1,1,1,1,0,0,0,0,0,0,0,0,0,1,1,0,1,0.697187
1,0,0,1,1,1,1,0,0,0,0,1,1,1,0,1,0,0,0,0,0,1,1,0,1,1,1,0,1,1,1,1,0.905243
1,1,0,1,1,0,1,0,0,1,0,0,0,0,0,0,0,1,1,0,0,0,1,1,0,1,1,0,0,1,0,1,0.621888
1,0,0,0,1,0,1,1,1,0,1,0,0,0,0,1,0,0,0,0,0,1,1,1,0,1,1,0,1,1,1,1,0.538768
0,1,1,0,1,0,1,1,1,0,0,0,1,1,1,1,0,0,1,1,1,0,0,0,1,0,0,1,0,1,0,0,0.598551
0,1,1,1,0,1,1,1,0,1,1,0,0,0,0,1,1,0,0,1,1,1,0,1,0,0,0,1,1,0,1,0,0.563896
1,1,0,0,1,0,1,0,1,0,0,0,1,1,0,1,0,0,0,0,0,0,1,0,1,1,1,0,1,0,1,1,0.589535
0,1,0,1,1,1,0,1,0,1,1,1,1,0,1,0,0,0,0,0,1,1,0,1,1,1,1,1,0,0,1,0,0.633781
0,1,1,0,0,0,0,0,0,0,0,1,1,0,1,1,0,0,0,1,0,1,1,0,0,1,0,1,1,0,1,1,0.788789
1,1,1,0,1,1,0,0,0,1,1,0,1,1,1,1,0,0,1,0,1,0,0,0,1,1,1,0,0,0,0,1,0.613299
1,1,1,1,1,1,0,1,0,0,0,1,1,0,0,1,1,1,0,1,1,0,0,0,1,0,1,1,0,0,1,1,0.763789
0,1,0,1,0,1,0,1,1,1,0,1,0,1,0,1,1,0,1,1,1,0,0,1,0,0,0,0,1,0,0,0,0.658610
0,0,0,1,1,1,0,0,0,1,1,1,0,1,1,0,0,1,1,1,0,0,0,0,1,1,1,0,0,0,0,1,0.826044
0,0,1,0,1,0,1,1,0,1,0,1,1,1,0,0,0,0,1,1,0,1,1,1,0,1,0,0,1,0,1,1,0.606841
1,1,1,0,0,0,0,1,1,1,0,1,0,1,1,0,1,0,1,1,0,0,1,0,1,0,1,1,0,1,0,1,0.612809
0,0,0,0,0,1,1,1,1,1,0,1,0,1,0,0,1,0,0,1,0,1,0,1,0,1,0,0,1,0,1,1,0.768073
0,0,0,1,1,1,0,1,0,1,1,1,0,0,1,0,1,0,0,1,0,1,1,0,0,1,1,1,0,0,0,0,0.583887
0,1,1,1,0,0,1,1,0,0,1,0,0,0,0,0,1,0,0,0,1,0,0,0,1,1,0,1,0,0,1,1,0.659761
0,0,0,1,1,0,0,1,0,1,0,0,0,1,0,1,0,1,0,0,1,0,0,1,1,0,0,1,0,1,1,1,0.571462
1,1,0,1,0,1,0,0,1,0,1,0,1,1,1,1,1,0,0,0,1,1,1,0,0,0,1,1,1,1,0,0,0.648402
1,1,0,1,0,1,1,1,1,1,1,1,1,0,1,1,1,1,0,0,0,1,0,1,0,0,0,1,0,1,0,0,0.568137
1,1,0,0,1,0,0,0,0,0,0,1,0,1,1,0,1,0,0,1,1,1,0,0,1,1,0,1,1,0,0,0,0.906756
1,0,1,1,0,1,1,1,1,0,0,1,0,1,0,1,1,0,0,0,1,0,0,0,1,1,0,1,1,1,1,0,0.733738
1,1,0,0,0,1,0,0,1,0,0,0,1,1,1,0,0,1,1,0,1,0,0,1,0,0,0,1,0,1,0,0,0.700895
0,1,1,0,1,0,0,0,1,0,1,0,0,1,0,1,1,0,0,0,0,1,1,0,0,1,0,0,1,1,1,1,0.536445
0,1,0,0,0,0,0,1,0,1,1,1,1,0,0,1,0,1,1,0,0,1,1,1,1,1,1,1,0,0,0,1,0.657886
0,1,1,1,1,1,0,0,0,1,0,0,1,0,1,1,1,1,1,0,0,0,1,0,1,1,0,0,0,0,0,1,0.619587
1,0,0,0,0,1,0,1,0,0,1,0,1,0,1,1,0,1,0,1,1,0,1,0,1,1,1,1,0,0,0,1,0.644842
1,1,0,1,0,1,1,0,0,1,0,0,1,0,0,0,1,0,0,0,1,0,1,0,0,1,0,1,1,0,1,0,0.636893
0,1,1,1,1,1,1,0,1,1,0,0,1,0,0,1,1,1,0,0,1,0,0,1,1,1,0,1,1,1,1,1,0.657460
0,1,1,1,0,0,0,1,1,0,0,0,1,0,1,1,0,0,1,1,1,0,1,0,0,1,0,0,0,1,0,1,0.594352
