0,1,1,1,0,1,0,1,0,1,0,1,0,1,0,0,0,0,1,0,1,1,0,0,0,0,1,0,1,1,1,0,0.592498
1,0,1,1,0,0,0,1,0,0,0,0,1,0,0,1,1,0,1,0,1,0,1,1,1,0,1,0,1,0,1,1,0.606202
0,0,0,0,1,1,0,1,0,0,0,0,1,0,1,0,0,1,0,0,0,0,1,1,1,1,0,1,0,1,1,1,0.545290
1,0,0,0,0,1,0,0,0,0,0,1,1,1,0,0,0,0,1,1,0,1,1,1,0,1,0,1,0,1,1,0,0.581777
1,0,1,1,1,0,1,1,1,0,0,0,0,0,0,0,0,1,1,1,0,0,1,1,1,1,0,0,1,1,1,1,0.596419
1,0,0,1,0,1,1,1,0,1,1,0,1,1,1,0,1,0,1,0,1,0,1,1,1,1,0,0,0,1,0,1,0.565899
1,1,0,0,1,1,1,0,0,0,1,1,0,0,0,0,1,0,1,0,0,1,1,0,0,1,1,0,1,0,0,1,0.598423
0,0,0,0,1,0,1,1,0,1,1,1,0,0,0,0,0,0,1,0,1,0,1,0,0,1,0,0,0,1,0,0,0.534676
0,0,0,0,0,1,0,0,0,0,0,1,1,0,0,1,0,1,1,0,1,1,0,0,1,0,0,0,0,1,1,0,0.531287
1,0,0,0,0,1,1,1,0,0,1,1,1,1,1,1,0,1,0,1,1,1,1,1,0,0,1,1,0,0,0,0,0.600767
1,1,0,0,1,0,0,0,1,1,1,1,1,0,0,0,1,1,1,0,1,0,1,0,1,0,1,0,1,1,1,0,0.695951
1,1,1,1,0,1,0,1,1,1,0,0,0,0,0,0,0,0,1,0,0,0,0,1,0,0,0,1,0,0,1,1,0.605712
1,1,0,0,0,0,1,0,1,0,1,1,1,1,0,0,0,1,1,1,1,1,0,0,1,0,1,1,0,1,0,1,0.595823
0,0,1,1,0,0,1,0,0,1,0,1,1,1,1,1,0,0,0,0,0,0,0,1,1,1,1,0,0,0,1,0,0.572847
1,1,1,0,0,1,1,1,1,1,0,0,0,1,0,0,0,1,1,0,1,0,1,0,0,1,0,1,0,1,0,1,0.597613
1,0,0,1,0,0,0,0,1,1,1,1,0,1,0,0,0,0,0,1,1,1,1,1,1,1,1,0,0,1,1,0,0.600639
0,0,1,1,1,1,0,0,1,0,1,0,0,0,1,0,1,0,1,1,1,0,0,1,0,0,0,0,1,1,1,0,0.588981
1,1,1,1,1,1,0,1,1,0,0,0,1,1,0,1,0,1,1,1,1,0,1,1,1,0,0,0,1,1,1,0,0.585209
0,0,0,0,1,0,0,0,1,1,1,1,0,1,1,1,1,1,0,1,1,0,1,1,1,0,1,1,1,1,0,0,0.596206
0,0,1,0,0,1,0,0,1,1,1,1,0,0,0,0,1,1,0,0,0,1,1,1,1,1,1,1,1,1,0,1,0.596270
0,1,1,0,1,1,1,1,0,0,1,0,0,1,1,0,1,1,0,0,1,0,0,1,0,0,0,0,0,1,1,0,0.575384
0,1,1,0,0,0,1,0,1,0,1,1,1,0,1,1,0,1,0,0,1,0,1,0,1,0,0,1,0,1,1,0,0.598103
1,0,0,1,1,0,1,1,1,1,1,0,0,0,1,0,1,1,1,0,0,0,0,1,1,1,0,0,1,0,0,1,0.594416
0,1,1,0,0,1,0,1,0,0,0,1,0,0,1,1,0,1,0,0,1,1,1,1,0,0,0,0,0,1,1,1,0.610763
1,1,0,0,1,0,0,1,0,1,1,1,0,0,0,1,1,0,0,0,0,0,1,1,1,0,1,0,0,1,0,0,0.587148
0,1,0,0,0,1,0,1,0,1,0,0,0,1,0,0,1,0,1,1,1,1,0,1,1,0,0,1,0,1,0,0,0.566795
0,0,0,0,0,1,1,1,0,0,0,0,0,0,0,0,0,1,0,1,1,0,1,1,1,1,1,0,0,0,1,0,0.544054
0,1,1,1,1,1,1,0,1,1,0,1,1,0,1,0,0,0,1,1,0,0,0,1,1,0,0,1,0,0,1,0,0.597038
1,0,0,0,0,0,0,0,0,1,0,0,0,1,1,0,0,0,1,1,0,0,1,0,1,0,1,1,1,1,0,1,0.593691
0,0,0,1,1,0,1,1,0,1,1,1,1,0,0,0,0,1,1,1,1,1,1,1,0,1,1,1,0,1,1,0,0.623934
0,0,1,1,0,1,0,0,0,0,0,1,0,0,0,0,1,1,1,1,1,1,0,0,1,1,1,1,0,1,1,0,0.580669
0,0,1,1,1,1,0,0,1,0,0,0,1,0,1,0,0,0,0,1,0,0,1,1,0,0,0,1,0,0,1,0,0.596121
1,0,1,0,0,1,0,0,1,0,1,0,0,0,1,0,1,1,1,0,0,1,1,0,0,1,1,0,0,0,0,0,0.639514
0,1,0,1,1,0,1,1,1,0,0,1,1,0,1,1,0,0,0,1,0,0,1,1,0,0,1,0,1,1,1,0,0.604199
0,0,0,1,1,1,1,1,1,0,0,0,1,0,0,0,1,1,1,0,1,0,0,1,1,1,1,1,1,1,0,1,0.594714
0,1,1,1,0,1,1,0,1,0,0,0,0,0,1,1,0,1,0,1,1,0,1,0,1,1,0,0,1,0,0,0,0.592370
1,1,0,1,1,0,1,0,1,0,0,0,0,0,1,1,1,1,0,1,0,1,1,0,0,1,1,0,0,1,1,1,0.600213
0,0,0,0,1,1,1,0,0,0,0,1,0,1,0,1,1,0,1,0,0,0,0,1,0,0,1,0,1,0,1,0,0.571547
0,0,1,0,0,0,0,0,1,1,1,0,1,0,0,0,1,0,1,0,0,0,0,1,1,0,0,0,1,1,0,0,0.600256
1,0,0,1,0,1,0,1,1,0,0,0,1,0,0,0,1,0,1,1,0,1,0,1,1,0,0,1,1,1,1,1,0.596270
1,1,1,1,1,0,1,1,1,1,0,0,1,1,1,1,0,1,1,1,0,0,0,0,0,0,0,1,1,1,1,1,0.580840
0,0,1,0,1,0,0,0,1,1,0,0,0,0,0,0,0,0,1,0,0,0,1,1,1,0,0,1,0,0,1,1,0.590111
0,1,0,0,1,1,0,1,0,0,1,0,1,0,0,1,1,0,1,0,0,1,1,0,1,0,1,0,0,1,1,1,0.580882
1,1,0,0,1,0,0,1,1,0,1,1,1,1,0,1,0,0,0,1,1,0,1,0,1,0,1,0,0,1,1,1,0.598913
0,0,1,1,1,1,1,1,1,0,0,1,0,0,0,1,0,0,0,0,0,0,0,1,0,1,1,1,0,0,1,0,0.625426
1,0,1,0,1,1,1,1,0,1,1,1,1,0,1,0,0,1,0,0,1,1,0,1,0,1,1,0,0,0,0,1,0.596974
0,1,0,1,0,0,0,0,1,0,0,0,0,0,1,0,0,1,0,0,0,1,1,1,1,0,1,0,0,1,0,1,0.583824
0,0,1,0,0,0,0,1,0,1,0,1,1,0,0,0,0,0,0,0,1,1,0,1,0,0,0,1,0,0,1,0,0.585678
1,0,1,0,0,0,1,0,1,0,1,1,0,1,1,1,0,1,1,1,1,0,1,0,0,0,0,0,1,0,0,0,0.586232
1,0,1,1,0,1,0,0,1,1,1,1,0,1,1,1,1,1,0,1,1,0,0,1,1,1,1,0,0,0,1,1,0.600533
0,1,0,0,1,1,1,1,0,1,0,1,1,1,0,0,0,0,1,0,0,1,1,0,1,0,1,1,0,0,1,1,0.592306
0,1,1,0,1,0,1,0,1,0,0,0,1,0,1,1,0,1,0,0,0,1,1,1,1,1,1,0,1,0,1,1,0.601790
0,1,1,1,0,1,1,1,0,1,1,0,0,0,1,0,1,1,0,0,0,1,0,1,1,0,0,1,1,0,1,1,0.589024
0,0,1,0,1,1,1,1,1,1,1,1,1,0,1,0,1,1,1,1,0,0,1,1,0,1,0,1,1,0,1,0,0.603623
0,1,1,1,1,0,0,0,0,1,1,1,0,0,0,0,1,0,0,1,0,0,0,1,0,1,0,1,1,0,1,0,0.600959
0,0,0,1,0,0,1,1,1,1,1,1,0,1,1,1,1,0,0,1,1,1,0,1,0,0,0,0,0,0,1,0,0.608397
1,0,0,1,1,1,0,0,0,0,0,0,0,1,1,0,1,1,1,0,1,0,1,1,0,1,1,0,0,1,1,1,0.580136
0,1,1,1,0,0,1,0,1,1,0,0,1,1,0,0,1,0,0,0,0,0,1,1,0,1,0,1,0,0,0,1,0.596419
0,0,1,1,1,0,0,1,1,0,0,1,1,0,0,0,0,0,1,0,0,0,1,1,1,0,1,1,1,1,1,0,0.603261
1,1,0,1,0,1,1,1,1,1,0,0,0,0,1,0,0,0,1,1,0,1,1,0,0,1,1,1,0,0,0,0,0.598465
0,0,1,0,1,1,0,1,1,1,0,0,0,1,0,0,1,1,0,1,0,1,1,1,0,0,0,0,1,1,0,1,0.584783
0,1,0,1,0,1,0,1,1,0,0,0,1,0,0,1,1,1,0,1,1,1,0,1,0,0,0,1,1,0,1,0,0.560209
1,0,1,0,1,1,0,0,0,0,0,0,1,0,1,1,0,0,1,0,1,0,1,0,1,1,0,0,0,1,1,0,0.590772
1,1,1,1,1,1,0,1,0,0,1,1,0,1,1,1,0,0,1,1,1,1,0,1,1,1,1,1,1,0,0,1,0.598785
0,0,1,1,1,0,1,1,1,1,1,0,1,0,0,1,1,0,0,1,0,0,1,0,1,0,1,0,1,0,0,0,0.604731
1,1,0,1,0,0,1,0,1,0,1,0,0,1,1,0,0,0,0,1,0,1,0,0,0,0,1,1,0,0,1,0,0.593265
1,0,1,1,1,0,0,0,0,0,0,0,0,1,0,1,0,1,0,1,1,1,1,0,1,1,1,1,1,1,0,1,0.586147
0,1,1,0,1,0,0,0,0,1,1,0,1,1,0,1,0,0,0,0,0,1,1,1,0,0,1,1,1,1,0,1,0.592072
1,1,1,0,1,0,0,0,0,1,1,1,0,1,1,1,1,1,0,0,1,1,1,0,0,0,0,1,1,1,1,0,0.591709
1,0,0,1,0,0,1,0,0,1,0,0,0,1,1,1,0,1,1,1,1,0,0,1,0,1,1,0,1,1,1,0,0.591219
1,1,0,0,0,0,0,0,1,0,0,0,1,0,1,0,1,0,0,1,1,0,1,1,0,1,0,0,1,0,1,1,0.588363
1,1,1,0,0,1,0,0,1,1,0,1,1,1,1,1,0,1,0,0,0,0,0,0,0,1,0,1,1,1,0,1,0.618798
1,0,1,1,1,0,1,0,1,0,0,0,0,1,0,0,1,1,1,0,1,0,1,1,1,1,0,0,0,1,0,1,0.598444
1,1,1,0,0,0,1,1,1,1,1,0,0,1,0,0,1,1,0,1,1,0,0,0,1,0,0,1,0,1,1,1,0.596313
0,0,0,0,1,1,0,0,1,0,1,1,1,1,0,1,1,1,0,0,0,0,0,1,0,0,0,1,1,1,0,0,0.585273
1,0,0,0,1,0,0,1,0,0,1,1,1,0,0,0,1,1,0,0,1,0,1,1,1,0,1,0,0,1,0,0,0.590068
0,0,1,0,1,1,1,0,1,0,1,0,0,1,0,1,0,1,0,1,1,1,0,0,0,0,1,0,0,1,1,1,0.573806
0,1,0,1,1,1,0,1,0,1,0,1,1,1,0,1,0,0,0,0,0,0,1,1,0,0,1,1,0,1,1,0,0.617349
0,1,1,0,0,0,0,0,1,0,1,1,0,0,1,0,0,1,1,1,1,0,1,1,0,0,1,1,0,1,1,0,0.621249
1,1,1,0,0,1,1,0,0,1,0,1,0,0,1,0,1,1,0,0,1,0,0,1,0,1,0,1,0,1,1,0,0.591837
1,1,0,1,1,0,0,0,1,0,0,1,0,0,0,1,0,0,0,0,0,0,1,0,1,1,0,1,0,0,1,1,0.597847
1,1,0,0,0,1,1,1,0,1,1,1,1,0,1,1,0,1,0,1,0,1,0,0,1,0,1,1,0,0,1,0,0.593393
0,0,1,0,1,0,1,1,0,0,0,0,0,1,0,1,0,1,0,0,0,1,0,1,0,1,0,1,0,1,1,0,0.579966
1,1,1,1,0,0,1,1,0,1,0,1,0,1,0,0,1,1,1,0,0,1,1,0,0,0,1,1,1,0,0,0,0.588683
0,1,0,1,0,0,0,0,1,1,0,1,0,1,0,0,1,1,1,0,0,0,0,1,1,0,1,0,0,1,1,1,0.598785
0,0,0,1,1,0,0,0,0,0,0,0,0,0,1,0,0,0,0,0,1,1,0,1,0,0,1,1,1,0,0,0,0.519309
1,1,1,1,1,1,0,1,1,1,0,1,1,1,1,1,0,0,0,0,0,1,1,0,1,1,0,0,1,0,0,0,0.591581
0,1,0,1,1,1,1,0,0,1,1,0,0,1,0,0,1,0,0,0,0,0,1,1,0,1,0,1,0,1,0,1,0.600980
1,0,1,0,0,1,0,1,1,0,1,1,0,0,1,0,1,0,1,0,1,0,0,1,0,0,0,1,1,1,0,0,0.582353
0,1,1,0,1,0,0,0,1,0,1,0,0,1,0,0,0,0,0,0,0,1,0,1,0,1,0,0,1,1,0,1,0.591262
0,0,0,1,0,0,0,1,0,0,1,0,1,1,0,0,0,1,0,0,1,0,0,1,0,1,1,1,0,1,0,0,0.565622
0,1,0,0,1,0,0,0,1,1,1,0,1,1,1,0,0,1,0,0,1,1,0,1,0,0,1,1,0,1,0,1,0.600128
1,1,0,0,1,0,1,1,0,1,0,0,0,1,0,0,1,0,0,0,0,0,1,1,0,1,1,1,0,0,1,1,0.598679
0,1,0,0,0,0,0,1,1,0,1,1,0,1,0,0,1,0,1,1,1,0,1,1,0,1,0,0,0,0,1,1,0.598679
0,0,0,0,1,1,1,0,0,0,0,1,1,1,0,1,0,1,0,1,1,0,0,0,0,1,0,1,1,0,0,0,0.532737
0,1,0,0,0,1,1,1,0,1,0,0,1,1,0,0,1,1,1,1,0,0,0,0,0,0,0,1,1,1,0,1,0.591709
0,0,0,0,0,1,0,1,1,1,1,0,1,1,1,0,0,1,0,0,1,1,1,0,0,1,0,0,0,0,1,1,0.577984
0,1,0,1,0,0,0,0,1,0,0,1,1,0,0,0,0,1,0,0,1,0,0,0,1,0,1,0,1,1,1,0,0.592690
0,1,0,0,1,0,0,0,1,0,0,0,0,0,1,0,1,1,1,0,1,1,1,1,1,0,1,0,1,1,1,0,0.623870
1,0,1,1,1,0,0,1,0,1,1,1,1,1,0,1,0,0,0,0,0,0,1,0,0,1,0,1,1,0,0,1,0.595460
1,0,0,0,1,1,0,0,0,1,1,0,0,1,0,1,0,1,0,1,0,0,0,1,0,1,1,1,1,1,1,0,0.597123
1,0,1,1,1,0,0,1,1,0,0,0,0,1,1,0,0,1,0,1,1,0,1,0,0,1,1,0,1,0,0,0,0.597549
0,1,0,0,1,1,1,0,0,0,0,0,0,1,1,1,1,0,1,1,1,0,1,0,1,1,1,1,0,1,1,0,0.597400
0,1,1,1,1,0,1,1,0,0,1,1,0,1,0,1,1,1,1,0,0,0,0,0,0,1,0,0,0,0,1,0,0.605072
1,1,0,0,1,0,0,0,0,0,1,1,0,1,1,1,0,1,0,0,1,0,0,1,0,1,0,0,1,1,0,0,0.585720
1,0,1,1,1,1,0,1,0,1,0,1,1,0,0,0,1,1,0,1,1,0,1,0,0,0,0,1,0,1,1,0,0.593436
1,1,0,0,0,1,1,0,0,1,1,0,1,0,0,1,0,0,1,1,0,0,0,0,0,1,1,1,1,0,1,1,0.600426
0,1,0,1,1,0,0,1,0,0,0,1,0,0,1,1,0,0,1,0,0,0,1,0,1,1,0,1,0,1,0,0,0.592306
0,1,1,1,1,1,0,1,1,1,1,1,0,1,1,1,0,0,1,0,0,0,1,1,1,0,0,1,0,0,1,0,0.610166
0,0,0,1,1,0,0,0,1,1,1,0,1,0,0,0,1,0,0,1,0,0,1,1,1,0,0,0,0,0,0,1,0.588640
1,0,0,0,0,1,1,0,0,1,0,0,1,1,0,0,1,0,0,1,1,1,0,0,1,1,1,1,1,1,1,1,0.594523
0,0,1,1,1,0,0,0,1,0,1,0,1,0,0,1,0,0,0,0,1,1,1,1,1,1,1,0,1,0,1,1,0.592413
1,0,0,1,0,0,0,0,0,1,0,1,0,1,1,1,0,0,0,1,0,1,1,1,1,1,0,0,1,0,0,1,0.601982
0,1,1,0,0,0,1,0,0,1,0,0,1,0,1,1,1,1,0,0,0,1,0,1,0,0,1,0,1,1,1,1,0.586637
1,1,1,1,0,0,0,0,0,0,1,0,0,1,0,1,0,0,0,1,1,1,1,0,1,1,1,1,0,0,0,0,0.591134
1,1,0,0,0,1,1,0,1,1,1,1,1,0,0,1,1,0,1,1,0,0,1,0,0,1,1,1,1,1,0,0,0.593691
0,0,1,0,1,1,0,1,0,1,1,0,0,0,1,1,0,1,0,1,0,1,0,1,1,0,0,1,1,1,0,1,0.593095
0,0,0,0,1,1,1,1,1,0,0,0,0,0,0,0,0,0,1,0,1,0,1,1,0,0,1,0,0,1,1,1,0.581159
1,0,0,0,1,1,0,0,0,1,1,0,1,1,1,1,0,1,0,1,1,1,0,1,1,1,1,1,0,1,1,1,0.559442
0,0,0,0,1,0,1,1,0,0,1,1,1,0,0,1,0,0,0,1,1,1,1,0,1,1,1,0,1,1,0,0,0.589834
1,1,0,0,1,1,1,0,1,1,0,1,1,0,1,0,0,1,0,0,1,0,0,0,1,0,1,0,0,0,1,0,0.609740
0,0,0,1,0,0,1,0,1,0,1,1,0,1,0,1,0,1,0,1,0,1,1,1,0,0,1,0,1,1,1,1,0.568691
1,0,1,0,0,0,1,1,0,0,0,0,0,0,1,1,1,1,1,0,0,1,1,0,1,0,0,0,1,0,1,1,0.584868
1,0,1,1,0,0,1,0,0,1,1,0,0,1,1,0,0,1,1,1,1,0,1,0,1,1,1,0,1,1,1,0,0.599829
1,1,0,1,0,1,1,0,1,1,0,0,1,0,1,1,1,0,1,1,1,1,1,1,0,0,1,0,0,1,1,1,0.566006
0,1,0,1,0,0,1,0,0,0,0,0,0,0,1,1,0,1,1,0,0,0,0,0,1,1,0,1,0,1,0,0,0.591219
1,0,1,0,0,0,0,0,1,0,0,1,0,0,1,1,0,1,1,1,1,1,1,0,1,0,1,0,0,0,0,1,0.591517
1,1,1,0,0,0,0,0,0,0,0,1,1,1,0,1,0,1,0,1,0,1,1,1,0,0,1,0,0,0,0,0,0.598124
