0,1,0,1,1,0,1,1,1,0,0,0,1,0,1,1,1,1,1,0,1,0,1,1,1,1,1,0,0,0,1,0,0.598945
0,1,0,1,1,1,0,1,0,1,1,0,1,1,1,0,1,0,1,1,0,1,0,1,0,0,0,0,0,1,1,1,0.526987
1,1,1,1,0,1,0,1,0,0,0,0,0,1,0,0,1,1,0,1,0,0,0,1,0,0,1,0,0,1,0,0,0.653746
1,1,1,0,0,1,0,1,1,0,0,0,0,1,1,0,1,0,1,1,1,0,0,1,0,1,0,0,0,0,1,1,0.637148
1,0,1,0,1,1,1,1,1,0,1,0,0,1,1,1,0,1,0,1,0,1,0,1,0,1,1,0,1,0,1,1,0.600171
0,0,0,1,0,0,0,0,0,1,0,0,1,0,0,0,1,0,0,1,0,1,0,1,0,0,1,1,0,0,1,0,0.667626
1,1,0,0,1,0,0,1,0,1,0,1,0,1,0,1,1,0,1,1,1,1,0,0,1,1,1,0,0,1,0,1,0.663816
0,0,1,1,1,0,0,0,0,0,1,1,0,1,1,0,0,0,0,0,0,1,0,1,0,0,1,1,0,1,1,0,0.711104
0,0,1,0,1,0,0,1,0,1,1,1,1,0,1,0,0,0,0,1,0,0,1,0,0,0,0,1,1,1,0,1,0.781863
1,0,0,0,1,0,0,0,0,0,1,1,0,1,1,0,0,0,0,1,0,1,0,0,1,0,0,1,0,0,1,0,0.715340
1,1,0,1,0,1,0,0,1,1,1,1,0,1,0,1,1,1,0,1,1,0,1,0,0,1,0,0,0,0,0,1,0.705909
1,1,0,0,1,1,0,0,0,0,0,1,1,0,1,0,0,1,1,0,0,1,0,0,1,0,0,0,1,0,0,0,0.833600
1,0,1,1,1,0,0,1,1,0,1,1,0,0,1,0,1,0,0,1,1,0,1,1,0,1,0,0,0,1,1,1,0.780877
1,0,0,0,1,1,1,1,0,0,1,0,1,1,1,1,0,1,1,1,0,0,0,1,0,0,1,0,1,0,0,0,0.676391
1,0,1,0,1,0,0,1,0,1,1,0,0,1,0,0,1,0,0,0,1,1,0,0,1,0,0,1,0,1,0,0,0.541240
0,0,0,1,1,1,0,1,1,0,1,0,0,0,0,0,0,0,0,1,1,0,1,0,1,1,1,0,0,0,0,1,0.557012
1,0,1,1,0,1,0,0,1,1,1,0,1,1,1,1,1,0,0,0,1,0,0,1,0,0,1,1,1,0,0,1,0.575847
0,0,1,0,1,1,1,1,0,1,1,1,1,0,1,0,1,1,1,0,0,0,1,1,1,0,0,0,0,1,1,0,0.689605
1,0,0,0,0,0,0,0,0,0,1,1,1,0,0,1,0,1,0,0,1,1,0,0,1,1,1,1,1,1,1,1,0.563512
1,1,1,1,0,0,0,1,1,1,0,0,1,1,0,1,1,0,0,1,0,1,0,0,0,1,0,1,1,1,1,1,0.697437
0,0,0,1,1,0,0,0,1,1,1,0,0,0,1,1,1,0,1,1,0,0,1,1,1,1,1,1,1,0,0,0,0.756341
1,0,0,1,0,0,0,0,1,0,1,1,1,1,0,0,1,1,1,1,0,1,0,0,0,1,0,1,1,1,0,1,0.629529
1,0,0,0,1,0,1,1,0,1,0,1,0,1,1,1,0,1,1,0,1,1,1,1,0,1,1,0,1,1,0,0,0.662058
1,1,0,0,1,0,0,1,0,1,1,0,1,1,1,0,1,0,1,0,0,0,0,1,0,1,1,1,1,0,1,0,0.756421
1,0,0,1,0,1,0,1,0,0,0,0,0,0,0,0,1,0,1,1,0,1,0,1,0,0,1,0,1,0,1,1,0.752931
1,0,0,1,1,1,1,1,1,0,0,1,1,1,0,0,1,1,1,1,1,1,1,0,1,1,1,0,1,1,1,0,0.871457
0,1,0,0,0,0,0,1,1,0,0,0,1,0,0,0,0,0,0,0,0,1,1,0,0,0,1,1,1,0,1,0,0.781410
0,1,0,0,0,0,1,0,1,1,0,0,0,1,0,0,0,0,0,1,1,1,0,0,0,0,0,0,0,1,0,1,0.760790
0,1,1,1,1,0,0,0,1,0,1,0,1,0,0,0,1,0,0,0,0,1,0,1,1,0,0,0,1,1,0,1,0.599531
0,1,1,1,0,0,1,1,1,0,0,1,0,0,0,0,0,1,1,1,0,1,0,0,0,1,0,1,0,1,0,0,0.660060
1,1,0,1,1,0,1,0,1,0,0,1,0,0,1,1,0,0,0,0,1,1,1,0,0,0,0,1,1,1,1,0,0.901828
1,1,1,1,0,0,0,1,0,1,0,0,1,1,1,1,1,0,0,1,1,1,1,1,0,1,1,1,1,0,1,0,0.750133
1,0,0,0,0,1,1,0,0,1,0,0,0,0,1,1,0,0,0,0,0,0,0,0,0,1,1,1,1,0,1,0,0.603367
0,0,0,0,0,0,1,0,1,1,0,1,0,1,1,1,1,0,1,0,0,0,1,0,1,1,1,1,0,0,1,0,0.609362
1,0,0,1,1,1,1,0,1,1,1,0,1,0,0,0,0,1,1,0,1,0,1,1,0,1,0,0,0,1,1,1,0.588342
1,0,1,0,0,1,0,1,0,1,1,0,1,0,1,0,1,0,0,0,1,0,0,1,1,0,0,0,0,1,0,0,0.594363
0,0,1,0,0,0,0,0,1,1,0,0,0,0,1,1,0,0,0,0,1,1,1,1,1,0,1,1,0,0,0,0,0.751039
1,0,0,1,0,1,0,0,0,1,1,0,1,1,1,0,0,0,0,1,1,0,1,1,0,1,0,1,1,0,0,1,0.604913
1,0,0,0,1,0,1,1,1,1,0,0,1,0,0,1,0,0,1,0,1,1,0,1,1,0,1,1,0,1,1,0,0.682918
0,0,1,1,0,0,0,1,1,0,1,0,1,0,1,1,1,1,1,1,1,1,0,0,0,1,0,0,1,1,1,1,0.559037
0,1,1,0,1,0,1,1,0,0,1,0,0,1,1,1,0,1,1,1,1,1,1,1,1,1,0,1,0,0,0,1,0.545689
1,0,1,0,0,0,0,0,1,0,0,0,1,1,1,1,0,1,0,0,1,1,1,1,1,1,0,1,0,1,1,0,0.871643
1,0,1,1,0,0,0,0,1,0,0,0,0,0,1,1,1,1,0,0,0,1,0,1,1,1,0,1,0,1,1,0,0.781170
0,0,1,1,0,0,1,1,1,1,1,0,0,0,0,0,0,0,1,0,1,1,0,1,1,1,1,1,0,1,0,1,0.592285
1,0,1,0,0,1,1,0,0,0,0,0,1,0,0,0,0,1,0,1,1,1,1,0,0,1,0,0,0,0,0,1,0.963608
0,1,0,1,1,0,0,0,1,0,1,1,1,1,1,1,1,1,1,0,1,1,1,1,0,1,1,1,1,1,0,1,0.511642
0,1,1,1,0,0,0,1,1,1,1,0,0,1,0,1,1,1,1,1,1,1,1,0,0,0,0,1,1,1,1,1,0.531143
0,1,0,0,0,1,1,1,0,0,1,1,0,0,0,1,1,1,0,1,0,0,0,1,0,0,1,1,1,0,0,1,0.756154
0,0,1,0,1,1,0,1,0,0,0,1,0,0,0,0,1,0,1,1,1,0,0,0,1,0,1,1,0,1,1,1,0.656570
1,0,0,1,1,1,0,0,1,1,0,0,1,0,1,0,0,1,1,0,1,0,0,1,1,1,0,1,0,0,1,0,0.605046
1,1,1,0,1,0,1,1,0,1,1,0,0,1,0,1,1,1,0,0,1,1,1,0,1,0,1,0,0,1,1,0,0.620498
0,0,0,1,0,0,0,1,1,1,1,1,0,0,1,1,0,1,0,1,0,1,1,0,1,0,0,1,0,1,0,0,0.611653
0,0,0,1,0,1,0,0,1,0,1,1,1,0,0,1,0,1,1,0,0,1,1,1,1,1,0,0,1,1,0,0,0.613544
1,0,0,1,1,0,0,1,0,1,1,0,1,1,0,0,1,0,0,1,1,1,1,1,0,0,0,1,0,0,0,1,0.514519
0,0,1,0,1,1,0,1,0,1,1,0,0,1,1,1,0,1,1,1,0,1,1,0,1,0,0,0,1,1,1,0,0.563619
1,0,0,1,1,1,1,0,0,1,0,1,0,1,1,1,0,1,1,0,1,0,0,0,1,1,1,0,1,1,0,1,0.600703
0,1,1,0,0,0,0,0,0,0,0,0,1,1,0,1,1,1,1,1,1,0,1,1,1,1,0,1,0,0,0,1,0.608456
0,1,1,0,1,1,1,1,1,0,1,0,0,0,1,1,0,0,1,1,0,1,0,0,0,0,0,1,1,0,0,1,0.592338
1,1,0,0,0,0,0,1,0,0,1,1,0,0,0,0,0,1,0,1,1,0,0,0,0,1,1,0,0,0,1,1,0.697437
1,0,0,0,0,1,1,1,1,0,1,1,0,1,1,1,1,0,1,1,0,1,1,1,0,1,0,0,0,0,0,0,0.627398
1,0,1,1,0,0,1,1,1,1,0,1,0,0,0,0,0,1,1,0,0,1,0,0,1,0,1,0,1,0,1,0,0.599718
0,1,1,0,1,0,0,0,0,1,1,1,1,1,1,0,1,1,1,1,1,0,1,0,1,1,0,1,0,1,0,1,0.679588
1,0,0,1,1,0,1,1,0,1,1,0,1,0,1,1,0,0,1,0,0,1,0,1,1,0,1,1,1,0,1,0,0.694000
0,1,0,0,0,0,0,1,1,1,1,1,0,1,0,0,1,0,1,1,1,0,1,1,1,0,0,1,1,1,1,0,0.679348
0,0,1,0,1,1,0,0,0,1,0,0,1,0,1,0,0,0,0,1,0,0,1,0,1,0,1,0,1,0,0,1,0.565937
0,0,0,0,1,0,0,1,0,0,0,1,0,0,0,0,0,1,0,1,1,1,0,0,1,1,0,1,1,0,1,1,0.902867
0,0,1,1,0,1,1,1,1,1,0,1,0,0,1,1,0,0,1,1,0,0,0,0,0,0,0,1,0,1,1,0,0.589035
0,0,0,0,1,0,0,1,0,1,0,1,1,0,1,0,0,1,1,0,0,1,1,0,0,0,0,1,1,1,1,1,0.594256
1,0,1,0,0,0,1,1,1,0,0,0,0,1,1,1,1,0,1,1,1,0,0,0,0,1,0,1,1,0,1,1,0.569693
0,0,0,0,1,0,0,0,0,0,0,0,1,0,1,1,0,0,0,0,1,1,1,0,1,0,1,0,0,0,0,0,0.902387
0,0,1,0,1,0,1,1,1,0,1,1,1,0,0,0,1,0,0,0,0,1,0,0,1,1,0,1,1,0,1,0,0.572970
1,1,0,0,1,0,1,1,1,0,1,1,1,1,0,0,0,1,1,0,1,1,1,1,1,0,0,0,1,0,0,1,0.618340
1,1,0,0,1,0,0,0,0,1,0,0,1,0,0,0,1,1,1,1,0,1,1,1,0,1,0,0,0,1,0,0,0.617381
1,0,0,0,1,1,1,0,1,1,0,1,1,0,1,0,1,1,0,1,0,1,1,0,1,1,1,1,1,0,0,1,0.780611
1,0,0,0,1,1,0,0,1,0,1,1,1,1,0,1,0,1,0,1,0,1,1,1,1,0,0,0,1,0,0,0,0.619565
0,0,1,1,1,0,0,1,1,1,1,0,0,1,1,1,0,0,1,1,1,0,0,1,1,1,0,1,0,1,1,0,0.577739
0,0,1,0,0,0,1,0,0,0,1,0,0,1,1,0,0,0,0,0,0,0,0,0,0,0,0,1,1,0,0,1,0.872922
0,0,0,1,0,1,1,0,1,1,0,1,1,1,1,0,1,1,0,0,1,1,1,1,0,1,0,0,0,1,0,1,0.841779
1,0,1,0,0,0,1,0,1,0,0,1,1,0,0,0,1,1,1,0,0,0,1,1,0,0,0,0,0,1,0,0,0.657076
1,1,0,0,0,0,0,1,0,0,1,1,0,1,0,1,1,0,0,1,1,0,0,0,0,1,1,0,1,0,1,0,0.726263
1,1,1,1,1,0,0,1,1,0,0,1,1,1,0,0,1,1,0,1,1,1,0,0,1,1,1,1,1,0,0,1,0.901508
1,1,0,0,1,1,0,0,1,0,1,0,0,1,1,1,0,0,1,0,0,0,0,1,1,1,1,1,1,0,1,0,0.847533
1,0,0,1,0,1,1,0,1,0,1,1,0,1,1,1,1,1,1,1,0,1,1,1,1,1,1,1,1,0,1,1,0.530504
1,1,1,1,1,0,1,1,1,0,0,1,1,0,1,1,0,1,1,1,0,1,1,0,1,0,1,0,1,0,1,1,0.688273
1,1,0,1,0,0,0,0,0,0,0,1,1,1,0,0,0,0,0,0,0,1,1,1,1,0,1,0,0,0,1,1,0.780797
0,0,1,1,1,1,1,1,0,1,0,1,1,1,1,1,0,1,1,0,0,0,0,1,0,1,1,0,0,0,0,1,0.627584
0,1,1,0,0,1,1,0,0,0,1,0,1,0,1,0,1,1,0,1,0,0,1,1,1,0,0,1,1,0,1,0,0.684809
1,0,0,0,1,0,0,0,0,0,0,0,1,1,1,1,1,1,0,0,1,0,1,0,1,1,1,0,0,1,0,1,0.698316
0,0,1,0,1,0,1,1,0,0,1,1,0,0,0,0,0,1,1,1,0,1,1,0,0,1,0,1,0,0,1,1,0.603341
1,0,1,0,0,1,1,1,1,1,0,1,1,1,1,1,1,1,1,1,1,0,1,1,0,0,0,1,1,1,1,0,0.570146
1,0,0,1,0,1,0,0,1,1,0,0,1,0,1,0,0,1,0,0,1,1,0,1,1,0,1,1,0,1,0,1,0.841805
1,0,0,0,0,1,0,0,0,0,0,1,1,1,0,1,0,1,1,1,0,1,0,0,1,0,1,0,1,1,1,0,0.770967
1,0,1,1,1,0,0,0,0,1,1,1,0,1,1,1,1,1,1,0,0,1,0,0,1,1,0,0,1,0,0,0,0.565644
0,1,0,0,1,0,0,0,1,1,0,1,1,1,1,0,1,0,0,1,1,0,0,0,1,1,1,0,1,1,1,1,0.604406
1,0,1,1,1,0,0,1,0,1,1,1,0,1,0,1,1,1,0,1,0,1,0,0,1,0,0,1,1,1,0,0,0.601023
1,0,1,1,1,1,0,0,0,1,1,1,1,1,0,0,0,1,1,0,0,0,1,0,1,0,1,0,1,1,0,0,0.764573
0,1,0,0,0,0,1,0,1,0,1,1,1,0,0,1,0,1,0,1,1,0,0,1,1,0,1,1,1,0,1,1,0.671782
0,0,0,0,0,1,1,1,0,0,1,0,1,1,1,0,0,0,1,0,0,1,1,1,0,1,1,0,0,0,0,0,0.580003
1,0,1,1,1,0,1,0,1,1,1,0,1,0,0,1,0,0,1,1,0,1,0,1,1,1,0,0,1,1,1,0,0.588741
1,1,1,1,1,0,0,1,0,0,0,0,1,1,0,0,1,1,0,0,0,1,0,1,0,1,1,0,1,0,1,0,0.811941
1,1,0,0,0,1,1,1,0,1,0,0,1,1,1,1,0,1,0,0,0,1,1,1,0,0,1,1,0,1,1,1,0.750559
1,0,0,0,0,0,0,1,0,1,0,0,1,1,1,0,0,0,0,0,1,0,1,0,1,1,1,0,1,0,0,1,0.563939
1,1,0,0,0,1,0,1,0,0,1,0,0,0,0,1,0,0,1,1,1,0,1,0,0,1,0,0,1,0,0,1,0.593350
0,0,0,0,1,1,1,0,0,0,1,1,1,0,0,1,0,1,1,0,1,0,0,1,1,0,0,0,0,1,1,1,0.589887
1,0,1,1,0,0,0,1,0,0,0,1,0,1,1,1,0,0,0,1,0,0,0,0,1,1,0,0,0,0,1,1,0.562766
1,1,1,0,0,0,0,1,0,1,1,0,1,1,0,0,1,0,1,0,0,0,1,0,1,0,0,1,0,0,1,0,0.861919
1,0,0,1,1,0,0,0,0,0,1,0,1,0,0,0,0,0,0,1,1,1,0,1,1,1,0,0,1,1,1,1,0.717578
1,0,0,1,1,0,0,1,1,1,1,1,1,1,0,0,0,1,0,1,1,0,0,1,1,1,1,1,0,0,1,0,0.720269
1,1,0,1,1,1,1,1,1,1,0,1,0,1,1,1,1,1,1,0,1,0,0,0,0,1,1,0,1,1,0,0,0.632726
0,0,1,1,1,1,0,1,1,0,0,1,1,0,0,1,1,0,1,1,0,1,1,1,0,0,1,0,1,1,1,1,0.779225
0,1,0,1,0,0,0,1,0,0,0,0,1,1,1,0,1,1,1,0,1,0,0,1,1,0,1,1,0,1,1,1,0.574142
1,1,1,1,0,0,1,0,0,1,1,1,1,1,1,0,0,0,1,0,0,0,0,1,0,0,0,0,1,0,1,0,0.751199
1,1,1,1,1,1,0,0,1,0,1,1,1,1,1,1,0,0,1,0,0,0,1,0,1,0,0,1,1,1,1,0,0.704524
0,0,1,1,1,1,1,0,0,0,1,1,0,0,0,0,0,0,1,1,1,1,0,0,0,1,1,1,1,0,0,1,0.620764
1,0,0,0,0,1,1,1,1,0,0,1,1,0,1,1,0,1,1,0,1,0,0,0,1,0,0,1,0,1,0,0,0.623215
1,0,1,1,0,0,1,1,1,0,0,1,0,1,1,1,0,1,0,1,0,0,1,1,0,1,0,0,1,0,1,1,0.560156
1,1,0,1,0,0,1,1,0,0,1,1,0,0,1,1,1,1,0,0,0,1,0,1,0,0,0,0,0,0,1,1,0.471814
1,0,1,1,0,0,0,0,1,1,1,1,1,1,0,1,1,1,1,0,0,0,0,1,1,1,0,1,0,0,0,0,0.781436
0,1,1,1,0,0,0,1,0,1,0,1,0,1,1,1,1,1,1,0,1,1,1,0,0,0,1,0,0,1,1,1,0.630808
1,0,0,0,0,0,1,1,0,1,0,0,0,0,0,1,0,0,0,1,1,0,1,1,0,1,0,0,0,0,0,0,0.599798
0,1,1,0,0,0,1,1,1,0,0,1,1,1,1,1,1,1,1,0,0,1,1,1,0,1,1,0,1,0,1,1,0.658355
1,0,0,1,1,1,0,1,0,1,0,1,1,0,0,0,1,1,0,1,1,0,1,0,1,1,0,1,0,1,0,0,0.652920
1,0,0,0,1,0,1,0,0,1,1,1,1,1,1,1,1,1,0,0,1,1,0,0,1,0,1,1,0,1,1,0,0.645860
1,1,0,0,1,0,1,1,0,1,1,1,0,1,1,0,1,1,1,0,0,1,1,1,0,0,0,1,1,1,1,1,0.495231
1,0,1,1,1,0,0,0,1,0,1,0,0,1,0,0,0,1,1,0,1,0,1,0,1,0,0,0,0,0,0,1,0.781037
0,0,0,1,0,1,1,0,1,1,0,1,0,1,1,0,1,1,0,1,0,1,1,0,1,1,1,0,1,0,1,0,0.750533
0,1,1,0,1,0,1,1,0,0,1,0,1,1,0,1,1,1,0,0,0,0,0,0,0,1,0,0,0,1,0,0,0.677003
1,0,1,1,1,1,1,1,0,1,0,1,0,0,0,1,0,1,1,1,0,1,0,1,1,0,1,1,0,1,0,0,0.659394
