1,1,1,1,1,0,0,0,0,0,1,0,0,0,1,0,0,0,1,0,1,0,0,1,0,1,0,1,0,1,1,0,0.994672
0,1,1,0,1,0,0,0,0,1,1,0,1,0,0,0,0,0,1,0,1,1,0,0,0,0,0,1,1,1,0,0,0.995844
1,1,1,0,0,1,0,1,0,0,1,1,0,1,1,0,0,0,0,1,1,0,1,0,1,1,1,0,0,0,0,1,0.008259
1,0,0,0,0,0,1,1,0,0,0,1,0,0,1,0,1,1,0,0,1,0,1,0,1,1,1,0,0,1,0,0,0.995231
1,1,0,1,1,0,1,0,0,0,0,0,1,1,0,1,0,1,0,0,0,0,0,0,1,1,0,1,0,0,0,0,0.995684
0,0,0,1,0,1,0,0,1,1,0,0,0,0,1,1,1,0,1,1,0,1,0,0,1,1,0,0,0,1,0,1,0.994592
1,0,0,0,1,0,1,0,0,1,0,1,0,1,0,0,0,0,1,1,1,1,0,1,1,0,1,1,0,1,0,1,0.010017
0,0,0,1,1,1,1,1,0,1,1,0,1,0,0,0,0,0,0,1,1,1,1,1,0,0,0,1,0,0,1,0,0.994565
0,0,0,1,1,1,0,0,0,0,0,1,0,0,1,1,1,1,0,0,0,0,0,0,0,0,0,0,0,0,1,1,0.996670
0,1,1,0,0,0,0,0,0,0,0,1,0,1,0,0,1,0,0,1,0,0,1,0,0,1,1,1,1,0,1,0,0.996030
0,1,1,1,1,1,0,1,1,0,0,1,1,0,1,1,0,0,1,1,0,1,1,0,0,0,1,0,0,1,0,0,0.993047
0,1,1,0,1,1,0,0,1,0,0,0,1,0,0,0,0,0,1,0,0,1,0,0,1,1,0,1,0,1,0,0,0.995444
1,1,1,0,0,0,0,1,0,1,0,1,1,1,1,0,1,0,0,0,0,0,0,0,1,0,0,1,0,0,1,1,0.009271
1,1,1,1,1,0,0,0,1,0,1,0,0,1,0,0,1,1,0,0,0,0,0,1,0,1,1,1,0,0,1,1,0.008499
1,1,1,1,1,0,1,0,1,1,0,1,1,0,1,0,1,1,0,0,0,0,0,0,0,1,0,0,0,0,1,1,0.008179
1,1,0,1,1,1,0,0,0,1,1,1,0,0,1,1,0,0,0,0,0,0,0,1,1,0,1,0,1,1,1,1,0.006474
0,0,1,0,0,1,1,0,1,0,1,1,1,0,1,1,0,1,0,1,1,0,0,0,1,0,1,1,1,0,0,1,0.993100
1,0,0,1,0,1,1,1,0,1,1,1,0,0,1,1,1,1,1,0,0,1,0,0,0,0,0,0,1,1,0,1,0.008046
0,1,0,0,1,1,1,0,1,0,1,1,1,1,1,0,0,1,1,0,1,1,0,1,1,1,0,1,1,0,0,1,0.991848
1,0,1,0,1,1,1,0,0,1,1,0,1,0,0,1,0,0,1,0,0,1,0,1,0,0,0,1,0,0,1,0,0.994965
1,1,0,1,1,1,0,1,1,0,1,1,0,1,1,0,0,1,0,0,1,0,0,0,1,0,1,1,1,1,0,1,0.007166
0,1,1,1,0,0,1,0,0,1,1,1,1,0,0,1,0,0,0,1,1,1,1,0,1,0,1,0,1,0,1,1,0.993366
1,0,0,0,0,0,1,0,1,1,1,1,0,0,0,0,0,0,1,1,1,1,1,1,1,1,0,1,1,1,0,0,0.992727
0,1,1,1,0,1,0,0,1,1,1,1,1,0,0,0,0,0,0,0,1,0,0,0,1,1,0,1,1,0,0,0,0.994379
1,1,1,1,0,1,1,1,0,1,0,0,1,0,0,0,0,1,0,1,0,1,0,0,0,0,0,1,0,1,0,1,0.008312
1,1,0,1,0,1,0,1,0,1,1,0,0,1,0,1,1,1,1,0,1,1,1,0,0,0,1,0,1,1,0,1,0.006740
1,0,0,1,1,1,1,0,1,1,1,0,1,1,0,1,0,1,1,0,1,1,1,1,0,1,1,1,1,1,1,1,0.003676
0,0,1,0,1,1,0,0,1,1,0,0,0,0,0,1,0,1,0,0,0,0,0,0,1,1,0,0,1,1,1,0,0.995364
0,0,0,0,1,0,0,1,0,1,0,1,1,1,1,1,0,1,1,1,0,1,1,1,1,0,0,0,0,1,0,1,0.992940
0,0,1,0,0,1,1,1,1,1,1,1,0,1,0,1,0,1,1,0,0,1,1,0,0,1,1,1,0,0,0,1,0.993233
0,1,0,0,0,0,1,1,0,1,1,0,0,1,1,0,0,1,1,0,1,0,1,0,0,1,0,1,1,1,1,0,0.993819
1,0,1,1,1,0,1,0,0,1,1,0,1,1,0,0,1,1,1,0,1,1,0,1,1,0,0,1,0,1,0,0,0.993766
0,0,1,1,0,1,0,0,1,0,1,1,1,0,0,1,1,0,0,0,0,0,1,0,1,1,0,1,0,1,0,1,0.994778
0,0,0,1,1,0,0,0,1,0,0,0,0,0,1,1,0,0,0,0,1,0,1,1,0,1,1,0,1,1,0,0,0.997309
0,1,0,1,0,0,1,0,0,1,1,1,1,0,1,1,0,1,1,1,0,1,0,0,1,0,1,0,1,0,0,1,0.993606
0,1,0,1,0,0,0,1,0,1,0,1,1,0,1,1,0,1,0,0,1,1,0,0,0,0,1,0,1,1,0,1,0.994325
0,0,0,1,1,0,1,1,1,1,1,0,0,0,1,1,1,1,1,1,0,1,1,1,1,0,1,1,0,0,1,0,0.991208
0,1,0,1,1,0,1,0,0,1,1,0,1,1,0,0,0,0,0,0,1,0,0,0,1,0,0,0,1,0,1,1,0.994539
0,1,0,0,0,0,0,1,1,1,0,1,0,0,0,0,1,1,1,1,1,0,0,0,0,1,0,0,0,1,0,0,0.995338
0,0,0,1,0,0,1,1,0,0,1,0,0,0,0,0,1,0,0,0,0,1,1,0,0,1,0,1,1,1,0,0,0.998162
0,0,0,1,0,0,0,0,0,0,0,1,1,0,1,1,0,1,0,1,0,1,0,1,1,1,1,0,0,1,1,0,0.997576
1,0,1,0,0,1,0,0,1,0,0,1,0,0,1,1,1,0,1,0,1,1,0,1,1,0,0,1,0,1,0,0,0.993793
0,1,0,0,1,0,0,0,0,0,1,0,0,0,1,0,0,0,1,0,1,0,0,0,1,0,1,1,1,0,1,0,0.995658
1,0,1,1,0,1,0,0,1,0,0,0,0,1,0,1,1,0,1,0,1,1,1,1,1,0,1,0,0,0,1,1,0.007513
0,0,0,1,0,0,0,1,1,1,1,1,0,0,0,1,1,0,0,1,1,1,1,0,0,0,0,1,0,1,0,1,0.995897
0,1,1,1,0,1,1,0,1,1,1,0,1,1,1,0,0,0,0,0,0,0,0,1,0,1,1,0,1,0,0,1,0.993500
1,0,0,0,0,1,1,0,1,1,0,0,1,1,1,1,0,1,1,1,1,1,0,1,0,0,0,0,1,0,1,0,0.992860
0,1,1,0,1,1,1,0,0,1,0,1,1,0,0,1,1,1,1,1,1,0,0,1,0,1,1,0,0,1,0,1,0.993260
1,1,0,1,0,1,1,1,1,1,1,1,0,0,1,1,1,0,1,0,0,1,0,0,0,0,1,0,1,1,0,0,0.993366
0,0,1,0,0,1,0,0,0,1,0,0,0,1,1,0,1,1,0,1,0,1,1,0,1,1,1,1,0,1,1,1,0.992354
1,1,0,0,1,1,1,1,0,0,0,0,1,1,0,1,0,1,1,1,1,1,1,0,0,0,1,0,1,0,0,0,0.992913
1,0,0,0,0,0,1,0,1,0,1,0,1,0,1,1,0,1,0,1,1,1,0,1,0,0,0,0,1,1,1,0,0.994805
1,1,0,0,1,1,1,0,1,0,1,1,0,1,1,0,0,0,1,1,1,1,1,1,1,0,0,0,1,0,0,0,0.993420
0,0,1,0,1,0,1,0,0,1,1,0,1,0,1,1,1,0,1,0,1,1,1,0,1,0,0,0,0,0,0,0,0.994965
0,1,1,0,0,1,0,0,0,0,1,0,1,1,0,1,0,1,1,0,1,1,0,1,1,0,1,1,0,0,1,0,0.994885
1,1,1,1,1,0,1,1,0,0,0,0,1,1,1,0,1,1,0,1,0,1,1,0,0,0,1,0,0,0,1,1,0.007753
0,1,0,0,0,1,1,1,1,1,0,0,0,0,1,1,1,1,0,0,0,1,0,0,1,1,0,0,0,1,1,0,0.994379
0,0,1,0,0,0,1,0,0,0,0,0,0,0,1,1,0,1,0,0,1,1,0,0,0,1,0,0,1,0,0,1,0.997949
1,1,0,0,1,0,1,0,1,0,1,1,1,1,1,0,1,0,1,1,0,0,1,1,1,1,0,1,1,1,1,1,0.004502
0,0,0,0,1,1,1,0,0,1,1,0,0,1,0,0,1,1,0,0,0,1,0,0,0,1,1,1,1,0,0,1,0.993926
1,1,0,1,1,1,1,1,1,0,0,1,1,1,0,1,0,1,1,0,0,1,0,0,0,1,0,1,0,0,1,0,0.993047
0,1,0,1,1,1,1,0,0,1,1,1,0,1,1,1,1,1,1,1,0,0,1,0,0,1,1,0,1,0,1,0,0.992727
1,0,0,0,1,0,0,1,0,1,1,1,1,0,0,1,0,0,0,1,0,1,0,0,0,0,0,1,0,1,0,0,0.995551
1,1,0,0,0,1,1,0,0,0,1,0,0,1,0,0,0,0,1,1,1,1,1,1,0,1,0,0,0,0,0,1,0.009671
1,0,0,0,0,1,1,1,0,1,1,0,0,1,0,0,0,1,1,0,1,1,1,1,1,1,1,0,0,0,0,0,0.994272
1,1,1,0,0,1,0,0,1,1,0,0,1,0,0,0,0,1,0,0,1,0,1,0,0,1,1,0,0,0,0,1,0.009910
0,0,0,1,1,0,1,0,1,1,1,1,1,0,0,1,0,0,1,1,1,1,1,1,1,0,0,1,0,0,1,1,0.991848
0,0,0,1,1,1,0,0,0,1,0,1,0,0,0,1,1,1,0,0,0,0,1,0,0,1,1,0,0,1,0,0,0.995311
0,1,0,1,0,0,0,1,0,0,1,0,0,1,1,1,0,0,0,1,1,1,1,1,0,1,1,1,1,0,1,1,0.990995
1,0,0,0,0,0,0,0,0,1,0,0,0,1,0,1,0,0,1,0,1,1,1,0,1,0,1,1,1,0,0,0,0.996697
1,0,1,1,0,0,1,1,0,1,1,1,1,1,0,1,0,1,1,1,1,0,0,0,1,0,1,0,0,0,1,1,0.007087
1,1,1,0,1,1,0,0,0,1,1,0,0,0,1,1,0,0,1,0,0,1,0,1,0,0,1,1,1,1,1,1,0.007619
0,0,1,1,1,0,0,0,1,0,0,1,1,0,0,0,0,0,0,0,1,0,0,0,1,1,1,1,0,0,1,1,0.994565
0,1,0,1,1,0,1,1,1,1,1,1,0,1,0,1,1,0,0,0,1,1,0,1,0,0,0,1,1,1,0,1,0.990942
1,0,0,0,1,0,1,0,1,0,0,0,0,0,0,1,0,0,0,0,0,1,0,1,0,0,1,0,1,1,1,1,0.010310
1,0,0,0,1,0,0,0,0,1,1,1,1,1,1,0,0,1,0,0,1,0,1,0,1,1,0,0,1,1,1,1,0.006953
1,0,0,1,1,1,0,0,0,1,1,1,0,0,1,1,0,0,0,1,0,1,0,0,1,1,1,0,1,1,0,1,0.008685
0,1,1,0,1,0,1,0,1,0,0,0,0,1,0,1,1,1,1,1,0,1,1,1,0,0,1,1,0,1,1,0,0.993233
0,1,1,0,1,1,0,1,0,0,1,0,1,1,1,1,1,1,1,1,1,0,0,1,1,0,1,0,0,1,0,1,0.992168
0,1,1,0,0,0,0,0,0,0,0,1,1,0,0,1,1,1,0,0,0,1,0,1,1,1,1,0,1,1,1,0,0.993793
0,0,0,0,0,0,0,1,1,1,0,1,1,1,1,1,0,1,1,0,1,0,1,1,0,0,1,1,1,1,0,0,0.996510
1,1,1,1,0,1,1,0,0,1,1,1,0,1,0,1,1,1,0,0,0,1,1,1,1,1,0,1,1,0,1,0,0.993713
1,0,0,0,1,1,0,0,1,0,0,0,0,1,0,1,1,1,0,1,0,1,0,0,0,1,0,0,1,1,0,1,0.009351
0,1,1,1,0,1,1,0,0,1,0,1,1,0,0,1,0,1,1,1,0,1,1,1,1,1,1,0,0,0,0,0,0.994725
0,0,0,0,0,0,0,1,0,1,0,1,1,0,1,1,1,1,0,0,0,0,1,0,0,1,1,0,1,0,0,0,0.997069
0,0,0,0,1,1,0,1,0,0,0,0,0,0,1,0,0,0,0,0,1,0,1,0,1,1,1,1,1,0,1,0,0.996483
0,1,0,0,1,0,0,1,0,1,1,0,1,1,1,1,1,0,1,0,1,1,0,1,1,1,0,1,0,0,1,1,0.991288
1,0,1,0,1,1,1,0,1,1,1,0,0,1,1,1,1,0,1,0,1,1,0,1,1,0,1,1,0,1,1,1,0.005035
0,1,1,1,0,0,0,0,0,0,0,0,1,1,1,0,0,0,1,1,0,0,0,0,1,0,1,1,0,1,1,0,0.994192
1,1,1,0,0,1,1,0,1,1,0,0,1,1,0,1,0,1,0,1,1,0,0,0,0,0,0,1,1,0,0,1,0.008632
1,0,0,0,1,1,0,1,1,1,0,1,0,1,0,0,0,0,1,1,0,0,1,0,1,1,0,0,1,0,0,1,0.009111
0,1,0,0,0,1,1,1,0,1,1,1,1,1,0,1,1,0,0,1,0,0,0,0,0,0,0,0,0,0,0,1,0.994539
0,1,0,1,0,1,0,1,0,0,1,0,1,0,0,1,0,0,1,1,0,0,0,1,0,1,0,1,1,0,1,1,0.993153
1,1,0,1,0,0,0,1,0,1,1,0,0,0,0,1,1,1,0,1,0,0,1,0,1,1,0,0,1,0,0,0,0.993819
0,1,1,0,1,0,1,0,1,1,1,0,1,1,0,1,1,1,0,1,1,0,1,0,0,1,0,0,1,0,1,1,0.992461
0,1,0,0,0,1,0,0,0,1,1,0,0,0,1,1,0,1,0,1,1,0,1,0,1,0,0,0,0,1,0,0,0.995125
0,1,0,0,1,1,0,0,1,1,1,1,0,0,1,0,0,1,0,0,0,0,1,0,0,0,0,1,1,1,1,1,0.994965
1,0,0,1,1,0,0,1,1,1,1,1,0,1,1,1,1,1,1,0,0,0,1,0,1,0,0,0,0,1,1,1,0.007380
1,1,0,0,0,0,0,1,0,0,0,1,0,1,0,1,0,0,1,0,0,1,1,0,0,1,1,0,0,0,1,0,0.995924
1,0,0,0,0,1,1,1,0,1,0,0,0,1,1,0,1,0,1,0,1,0,1,0,1,0,1,1,1,1,0,1,0.007912
0,1,0,1,0,0,0,0,0,1,0,0,0,1,1,0,1,0,0,0,0,0,1,1,1,0,1,0,1,1,0,1,0.996004
0,0,1,1,1,1,1,0,0,1,0,0,0,0,1,1,1,1,0,1,1,1,0,0,1,1,1,0,1,1,0,0,0.992780
1,1,0,0,1,0,1,1,0,1,1,0,0,1,1,0,1,0,0,0,1,0,1,1,0,1,1,1,0,0,1,0,0.993659
1,0,0,0,0,0,1,1,1,1,0,0,1,1,1,0,0,1,0,0,1,1,1,0,0,1,1,1,0,0,1,0,0.994592
0,1,0,0,0,1,0,0,0,0,1,0,0,0,0,1,1,0,0,1,1,1,0,1,0,1,1,1,1,1,0,1,0.995178
0,0,1,0,0,1,1,0,0,0,0,1,0,1,1,0,1,0,1,0,0,0,1,1,0,0,0,0,0,1,1,1,0.995871
0,1,0,0,0,1,0,1,1,0,1,1,0,1,0,0,1,0,1,0,1,0,1,1,0,1,1,1,1,0,1,0,0.992940
1,0,1,1,1,0,1,1,0,1,0,0,0,0,0,1,0,0,0,1,1,1,1,0,1,1,0,0,0,0,0,0,0.994885
0,1,1,0,1,0,1,1,1,0,1,0,0,0,0,1,1,0,1,1,1,1,1,0,0,0,0,0,1,1,0,0,0.993713
1,1,1,1,1,1,0,0,0,1,1,1,0,0,1,0,0,1,1,0,0,1,0,1,1,0,1,1,1,1,1,1,0.005861
1,1,0,1,1,1,0,1,0,1,0,1,1,0,0,1,0,1,1,0,1,1,0,0,1,1,1,1,0,0,0,0,0.992727
0,1,1,1,1,0,1,1,0,0,1,0,1,0,0,1,1,0,1,0,1,0,0,1,1,1,1,1,1,1,1,0,0.991874
0,1,0,1,1,1,0,1,0,0,1,0,1,1,0,1,0,1,1,1,0,1,1,0,1,1,1,1,1,0,1,0,0.992487
1,1,0,0,0,0,1,1,0,0,1,1,0,0,0,0,0,1,1,0,0,0,0,1,1,0,1,1,0,1,0,1,0.009617
1,0,1,0,1,0,0,1,0,1,1,0,0,1,1,0,1,1,1,0,1,0,1,0,1,1,0,0,0,1,1,1,0.008072
0,1,1,1,1,1,0,0,0,0,0,0,0,1,0,0,0,0,1,0,0,0,0,0,0,1,1,0,0,0,0,1,0.996537
0,0,0,0,0,1,0,1,0,0,0,1,0,0,0,0,1,0,1,0,1,0,0,0,1,1,0,0,1,1,1,1,0.995684
0,1,1,0,1,1,0,0,1,1,1,0,0,1,1,0,0,0,0,1,0,1,1,1,0,1,0,0,1,1,0,0,0.993446
0,1,1,1,1,0,0,1,0,0,1,0,0,0,0,1,1,0,1,0,1,1,1,1,1,1,1,0,1,0,0,1,0.993313
1,1,1,0,1,1,1,1,0,1,1,1,1,0,0,0,1,1,0,1,1,0,1,0,1,1,0,0,1,0,0,0,0.994059
0,0,0,1,0,0,1,0,0,0,0,1,0,0,1,0,0,0,1,1,1,1,1,0,1,1,0,1,0,1,0,0,0.994618
0,1,1,0,1,0,0,0,1,1,1,1,0,0,0,1,0,1,1,1,1,0,1,0,1,0,1,1,0,0,0,1,0.993340
1,1,0,1,0,0,0,0,1,0,0,1,1,1,1,1,0,1,1,0,1,1,1,1,0,0,0,1,1,0,1,1,0.005435
0,1,0,0,0,1,1,1,0,1,1,1,0,1,0,0,0,1,1,0,1,0,0,1,1,0,1,0,0,1,1,1,0.992434
1,1,1,1,0,0,1,0,0,0,0,1,1,1,1,1,1,1,1,0,1,0,0,1,0,0,1,1,0,1,0,1,0.005754
0,0,0,0,0,0,0,1,0,0,0,1,0,1,0,1,1,0,0,0,1,0,0,1,1,1,0,1,1,0,0,0,0.997469
0,1,1,1,1,1,0,0,1,1,1,0,0,0,0,1,1,0,0,0,1,0,1,1,0,1,1,1,1,1,0,0,0.992887
1,1,0,0,1,1,0,1,1,0,0,0,1,0,0,0,0,1,0,0,1,1,1,0,1,1,1,0,1,1,1,0,0.992727
