0,1,0,0,0,1,0,0,0,0,1,0,0,0,0,1,1,0,0,1,1,1,0,1,0,1,1,1,1,1,0,1,0.995311
1,0,0,0,1,0,1,0,1,0,0,0,0,0,0,1,0,0,0,0,0,1,0,1,0,0,1,0,1,1,1,1,0.010443
0,1,0,1,1,0,1,1,1,1,1,1,0,1,0,1,1,0,0,0,1,1,0,1,0,0,0,1,1,1,0,1,0.990889
1,1,1,1,1,0,1,0,1,1,0,1,1,0,1,0,1,1,0,0,0,0,0,0,0,1,0,0,0,0,1,1,0.007992
0,0,1,0,1,0,1,0,0,1,1,0,1,0,1,1,1,0,1,0,1,1,1,0,1,0,0,0,0,0,0,0,0.994885
1,1,1,0,0,0,0,1,0,1,0,1,1,1,1,0,1,0,0,0,0,0,0,0,1,0,0,1,0,0,1,1,0.009138
0,1,1,1,0,0,1,0,0,1,1,1,1,0,0,1,0,0,0,1,1,1,1,0,1,0,1,0,1,0,1,1,0.993500
1,1,1,0,1,1,1,1,0,1,1,1,1,0,0,0,1,1,0,1,1,0,1,0,1,1,0,0,1,0,0,0,0.994166
0,0,1,0,0,1,1,0,1,0,1,1,1,0,1,1,0,1,0,1,1,0,0,0,1,0,1,1,1,0,0,1,0.993047
1,1,0,1,1,1,1,1,1,0,0,1,1,1,0,1,0,1,1,0,0,1,0,0,0,1,0,1,0,0,1,0,0.993100
1,0,0,1,1,0,0,1,1,1,1,1,0,1,1,1,1,1,1,0,0,0,1,0,1,0,0,0,0,1,1,1,0.007220
1,0,0,1,1,1,0,0,0,1,1,1,0,0,1,1,0,0,0,1,0,1,0,0,1,1,1,0,1,1,0,1,0.008499
1,1,1,1,1,0,0,0,0,0,1,0,0,0,1,0,0,0,1,0,1,0,0,1,0,1,0,1,0,1,1,0,0.994592
1,0,1,1,1,0,1,0,0,1,1,0,1,1,0,0,1,1,1,0,1,1,0,1,1,0,0,1,0,1,0,0,0.993633
0,1,0,1,1,1,0,1,0,0,1,0,1,1,0,1,0,1,1,1,0,1,1,0,1,1,1,1,1,0,1,0,0.992514
1,0,1,0,1,1,1,0,1,1,1,0,0,1,1,1,1,0,1,0,1,1,0,1,1,0,1,1,0,1,1,1,0.005142
0,1,1,1,1,0,1,1,0,0,1,0,1,0,0,1,1,0,1,0,1,0,0,1,1,1,1,1,1,1,1,0,0.991981
1,1,0,1,1,1,0,1,0,1,0,1,1,0,0,1,0,1,1,0,1,1,0,0,1,1,1,1,0,0,0,0,0.992754
1,1,1,0,0,1,0,1,0,0,1,1,0,1,1,0,0,0,0,1,1,0,1,0,1,1,1,0,0,0,0,1,0.008419
0,1,1,0,1,0,1,0,1,1,1,0,1,1,0,1,1,1,0,1,1,0,1,0,0,1,0,0,1,0,1,1,0.992461
1,1,0,0,0,0,1,1,0,0,1,1,0,0,0,0,0,1,1,0,0,0,0,1,1,0,1,1,0,1,0,1,0.009511
0,0,0,1,1,1,0,0,0,1,0,1,0,0,0,1,1,1,0,0,0,0,1,0,0,1,1,0,0,1,0,0,0.995364
1,0,0,1,0,1,1,1,0,1,1,1,0,0,1,1,1,1,1,0,0,1,0,0,0,0,0,0,1,1,0,1,0.008232
1,1,0,1,0,1,1,1,1,1,1,1,0,0,1,1,1,0,1,0,0,1,0,0,0,0,1,0,1,1,0,0,0.993260
1,1,0,1,1,1,0,0,0,1,1,1,0,0,1,1,0,0,0,0,0,0,0,1,1,0,1,0,1,1,1,1,0.006554
1,1,0,0,0,0,0,1,0,0,0,1,0,1,0,1,0,0,1,0,0,1,1,0,0,1,1,0,0,0,1,0,0.995817
1,1,1,0,1,1,0,0,0,1,1,0,0,0,1,1,0,0,1,0,0,1,0,1,0,0,1,1,1,1,1,1,0.008259
1,0,0,0,1,1,0,1,1,1,0,1,0,1,0,0,0,0,1,1,0,0,1,0,1,1,0,0,1,0,0,1,0.009085
1,0,0,0,1,0,1,0,0,1,0,1,0,1,0,0,0,0,1,1,1,1,0,1,1,0,1,1,0,1,0,1,0.010044
0,1,0,0,0,1,1,1,0,1,1,1,0,1,0,0,0,1,1,0,1,0,0,1,1,0,1,0,0,1,1,1,0.992434
0,1,0,0,1,1,1,0,1,0,1,1,1,1,1,0,0,1,1,0,1,1,0,1,1,1,0,1,1,0,0,1,0.992008
0,1,0,0,1,0,0,1,0,1,1,0,1,1,1,1,1,0,1,0,1,1,0,1,1,1,0,1,0,0,1,1,0.991555
1,0,0,0,1,0,0,1,0,1,1,1,1,0,0,1,0,0,0,1,0,1,0,0,0,0,0,1,0,1,0,0,0.995711
1,0,0,0,0,1,1,1,0,1,1,0,0,1,0,0,0,1,1,0,1,1,1,1,1,1,1,0,0,0,0,0,0.994432
0,0,0,1,0,0,0,0,0,0,0,1,1,0,1,1,0,1,0,1,0,1,0,1,1,1,1,0,0,1,1,0,0.997176
1,0,0,1,1,1,1,0,1,1,1,0,1,1,0,1,0,1,1,0,1,1,1,1,0,1,1,1,1,1,1,1,0.003597
0,1,0,1,0,0,0,1,0,1,0,1,1,0,1,1,0,1,0,0,1,1,0,0,0,0,1,0,1,1,0,1,0.994246
0,1,1,0,1,0,0,0,0,1,1,0,1,0,0,0,0,0,1,0,1,1,0,0,0,0,0,1,1,1,0,0,0.995951
0,1,0,1,1,0,1,0,0,1,1,0,1,1,0,0,0,0,0,0,1,0,0,0,1,0,0,0,1,0,1,1,0.994539
0,0,0,1,0,1,0,0,1,1,0,0,0,0,1,1,1,0,1,1,0,1,0,0,1,1,0,0,0,1,0,1,0.994565
0,1,0,0,0,0,0,1,1,1,0,1,0,0,0,0,1,1,1,1,1,0,0,0,0,1,0,0,0,1,0,0,0.995285
1,1,1,1,0,0,1,0,0,0,0,1,1,1,1,1,1,1,1,0,1,0,0,1,0,0,1,1,0,1,0,1,0.005568
0,1,0,1,1,1,1,0,0,1,1,1,0,1,1,1,1,1,1,1,0,0,1,0,0,1,1,0,1,0,1,0,0.992940
0,0,1,1,0,1,0,0,1,0,1,1,1,0,0,1,1,0,0,0,0,0,1,0,1,1,0,1,0,1,0,1,0.994938
0,1,1,1,0,0,0,0,0,0,0,0,1,1,1,0,0,0,1,1,0,0,0,0,1,0,1,1,0,1,1,0,0.994485
0,1,0,0,0,1,0,1,1,0,1,1,0,1,0,0,1,0,1,0,1,0,1,1,0,1,1,1,1,0,1,0,0.992993
0,1,1,0,0,1,0,0,0,0,1,0,1,1,0,1,0,1,1,0,1,1,0,1,1,0,1,1,0,0,1,0,0.994965
1,1,1,0,0,1,0,0,1,1,0,0,1,0,0,0,0,1,0,0,1,0,1,0,0,1,1,0,0,0,0,1,0.009857
0,1,1,0,1,1,0,0,1,1,1,0,0,1,1,0,0,0,0,1,0,1,1,1,0,1,0,0,1,1,0,0,0.993686
1,1,0,1,0,1,0,1,0,1,1,0,0,1,0,1,1,1,1,0,1,1,1,0,0,0,1,0,1,1,0,1,0.006607
1,1,1,1,1,0,1,1,0,0,0,0,1,1,1,0,1,1,0,1,0,1,1,0,0,0,1,0,0,0,1,1,0.007779
0,1,1,1,0,1,1,0,0,1,0,1,1,0,0,1,0,1,1,1,0,1,1,1,1,1,1,0,0,0,0,0,0.994672
0,0,0,1,0,0,0,1,1,1,1,1,0,0,0,1,1,0,0,1,1,1,1,0,0,0,0,1,0,1,0,1,0.995844
0,0,0,0,0,0,0,1,0,0,0,1,0,1,0,1,1,0,0,0,1,0,0,1,1,1,0,1,1,0,0,0,0.997389
0,0,0,0,0,0,0,1,0,1,0,1,1,0,1,1,1,1,0,0,0,0,1,0,0,1,1,0,1,0,0,0,0.997043
1,1,0,0,1,1,1,1,0,0,0,0,1,1,0,1,0,1,1,1,1,1,1,0,0,0,1,0,1,0,0,0,0.992647
1,0,1,1,0,0,1,1,0,1,1,1,1,1,0,1,0,1,1,1,1,0,0,0,1,0,1,0,0,0,1,1,0.006980
0,1,1,0,0,0,0,0,0,0,0,1,1,0,0,1,1,1,0,0,0,1,0,1,1,1,1,0,1,1,1,0,0.993819
0,1,0,0,0,1,0,0,0,1,1,0,0,0,1,1,0,1,0,1,1,0,1,0,1,0,0,0,0,1,0,0,0.995391
0,0,0,0,1,0,0,1,0,1,0,1,1,1,1,1,0,1,1,1,0,1,1,1,1,0,0,0,0,1,0,1,0.993100
0,1,0,0,0,0,1,1,0,1,1,0,0,1,1,0,0,1,1,0,1,0,1,0,0,1,0,1,1,1,1,0,0.994006
1,1,0,0,1,0,1,0,1,0,1,1,1,1,1,0,1,0,1,1,0,0,1,1,1,1,0,1,1,1,1,1,0.004795
0,0,1,0,0,0,1,0,0,0,0,0,0,0,1,1,0,1,0,0,1,1,0,0,0,1,0,0,1,0,0,1,0.997949
0,1,0,1,0,1,0,1,0,0,1,0,1,0,0,1,0,0,1,1,0,0,0,1,0,1,0,1,1,0,1,1,0.993526
1,1,0,1,1,1,0,1,1,0,1,1,0,1,1,0,0,1,0,0,1,0,0,0,1,0,1,1,1,1,0,1,0.007246
0,1,0,0,0,1,1,1,1,1,0,0,0,0,1,1,1,1,0,0,0,1,0,0,1,1,0,0,0,1,1,0,0.994246
0,0,0,0,0,1,0,1,0,0,0,1,0,0,0,0,1,0,1,0,1,0,0,0,1,1,0,0,1,1,1,1,0.996030
0,0,0,1,0,0,1,0,0,0,0,1,0,0,1,0,0,0,1,1,1,1,1,0,1,1,0,1,0,1,0,0,0.994752
1,0,1,0,0,1,0,0,1,0,0,1,0,0,1,1,1,0,1,0,1,1,0,1,1,0,0,1,0,1,0,0,0.993793
1,1,0,1,1,0,1,0,0,0,0,0,1,1,0,1,0,1,0,0,0,0,0,0,1,1,0,1,0,0,0,0,0.995604
0,1,1,1,0,1,1,0,1,1,1,0,1,1,1,0,0,0,0,0,0,0,0,1,0,1,1,0,1,0,0,1,0.993579
1,1,0,0,1,0,1,1,0,1,1,0,0,1,1,0,1,0,0,0,1,0,1,1,0,1,1,1,0,0,1,0,0.993819
0,1,0,1,0,0,0,0,0,1,0,0,0,1,1,0,1,0,0,0,0,0,1,1,1,0,1,0,1,1,0,1,0.996030
1,0,1,1,0,1,0,0,1,0,0,0,0,1,0,1,1,0,1,0,1,1,1,1,1,0,1,0,0,0,1,1,0.007513
1,1,0,1,0,0,0,1,0,1,1,0,0,0,0,1,1,1,0,1,0,0,1,0,1,1,0,0,1,0,0,0,0.993793
1,0,0,0,0,1,1,1,0,1,0,0,0,1,1,0,1,0,1,0,1,0,1,0,1,0,1,1,1,1,0,1,0.007912
0,1,0,0,1,0,0,0,0,0,1,0,0,0,1,0,0,0,1,0,1,0,0,0,1,0,1,1,1,0,1,0,0.995631
1,1,1,1,1,1,0,0,0,1,1,1,0,0,1,0,0,1,1,0,0,1,0,1,1,0,1,1,1,1,1,1,0.005968
1,0,0,0,0,0,1,0,1,0,1,0,1,0,1,1,0,1,0,1,1,1,0,1,0,0,0,0,1,1,1,0,0.994672
0,0,0,1,1,0,1,0,1,1,1,1,1,0,0,1,0,0,1,1,1,1,1,1,1,0,0,1,0,0,1,1,0.991874
0,1,1,1,0,1,0,0,1,1,1,1,1,0,0,0,0,0,0,0,1,0,0,0,1,1,0,1,1,0,0,0,0.994405
1,0,1,0,1,0,0,1,0,1,1,0,0,1,1,0,1,1,1,0,1,0,1,0,1,1,0,0,0,1,1,1,0.008019
1,1,0,0,1,1,1,0,1,0,1,1,0,1,1,0,0,0,1,1,1,1,1,1,1,0,0,0,1,0,0,0,0.993313
0,0,0,0,0,0,0,1,1,1,0,1,1,1,1,1,0,1,1,0,1,0,1,1,0,0,1,1,1,1,0,0,0.996643
0,0,1,0,0,1,1,0,0,0,0,1,0,1,1,0,1,0,1,0,0,0,1,1,0,0,0,0,0,1,1,1,0.995871
1,1,0,0,1,1,0,1,1,0,0,0,1,0,0,0,0,1,0,0,1,1,1,0,1,1,1,0,1,1,1,0,0.992727
1,1,1,1,1,0,0,0,1,0,1,0,0,1,0,0,1,1,0,0,0,0,0,1,0,1,1,1,0,0,1,1,0.008392
0,0,0,1,1,1,1,1,0,1,1,0,1,0,0,0,0,0,0,1,1,1,1,1,0,0,0,1,0,0,1,0,0.994459
0,1,0,0,1,1,0,0,1,1,1,1,0,0,1,0,0,1,0,0,0,0,1,0,0,0,0,1,1,1,1,1,0.994965
0,1,1,0,1,0,0,0,1,1,1,1,0,0,0,1,0,1,1,1,1,0,1,0,1,0,1,1,0,0,0,1,0.993340
1,0,0,0,0,1,1,0,1,1,0,0,1,1,1,1,0,1,1,1,1,1,0,1,0,0,0,0,1,0,1,0,0.992834
0,1,1,1,1,1,0,0,0,0,0,0,0,1,0,0,0,0,1,0,0,0,0,0,0,1,1,0,0,0,0,1,0.996350
0,1,1,0,1,1,0,0,1,0,0,0,1,0,0,0,0,0,1,0,0,1,0,0,1,1,0,1,0,1,0,0,0.995737
0,0,1,0,1,1,0,0,1,1,0,0,0,0,0,1,0,1,0,0,0,0,0,0,1,1,0,0,1,1,1,0,0.995604
1,1,0,1,0,0,0,0,1,0,0,1,1,1,1,1,0,1,1,0,1,1,1,1,0,0,0,1,1,0,1,1,0.005382
0,1,1,0,1,1,0,1,0,0,1,0,1,1,1,1,1,1,1,1,1,0,0,1,1,0,1,0,0,1,0,1,0.992088
1,1,0,0,0,1,1,0,0,0,1,0,0,1,0,0,0,0,1,1,1,1,1,1,0,1,0,0,0,0,0,1,0.009671
0,0,0,1,0,0,1,1,0,0,1,0,0,0,0,0,1,0,0,0,0,1,1,0,0,1,0,1,1,1,0,0,0.998162
1,0,0,0,0,0,0,0,0,1,0,0,0,1,0,1,0,0,1,0,1,1,1,0,1,0,1,1,1,0,0,0,0.996776
1,0,0,0,0,0,1,1,0,0,0,1,0,0,1,0,1,1,0,0,1,0,1,0,1,1,1,0,0,1,0,0,0.995311
1,0,0,0,0,0,1,0,1,1,1,1,0,0,0,0,0,0,1,1,1,1,1,1,1,1,0,1,1,1,0,0,0.992860
0,0,0,1,1,0,0,0,1,0,0,0,0,0,1,1,0,0,0,0,1,0,1,1,0,1,1,0,1,1,0,0,0.997336
0,1,1,0,1,0,1,0,1,0,0,0,0,1,0,1,1,1,1,1,0,1,1,1,0,0,1,1,0,1,1,0,0.993153
1,1,1,0,0,1,1,0,1,1,0,0,1,1,0,1,0,1,0,1,1,0,0,0,0,0,0,1,1,0,0,1,0.008658
0,0,0,1,1,1,0,0,0,0,0,1,0,0,1,1,1,1,0,0,0,0,0,0,0,0,0,0,0,0,1,1,0.996750
0,1,1,0,1,1,1,0,0,1,0,1,1,0,0,1,1,1,1,1,1,0,0,1,0,1,1,0,0,1,0,1,0.993100
0,1,1,1,1,1,0,1,1,0,0,1,1,0,1,1,0,0,1,1,0,1,1,0,0,0,1,0,0,1,0,0,0.993286
0,0,0,1,1,0,1,1,1,1,1,0,0,0,1,1,1,1,1,1,0,1,1,1,1,0,1,1,0,0,1,0,0.991129
0,0,1,0,0,1,0,0,0,1,0,0,0,1,1,0,1,1,0,1,0,1,1,0,1,1,1,1,0,1,1,1,0.992407
0,1,0,1,0,0,0,1,0,0,1,0,0,1,1,1,0,0,0,1,1,1,1,1,0,1,1,1,1,0,1,1,0.991129
0,0,0,0,1,1,0,1,0,0,0,0,0,0,1,0,0,0,0,0,1,0,1,0,1,1,1,1,1,0,1,0,0.996537
0,1,1,1,1,0,0,1,0,0,1,0,0,0,0,1,1,0,1,0,1,1,1,1,1,1,1,0,1,0,0,1,0.993366
1,1,1,1,0,1,1,0,0,1,1,1,0,1,0,1,1,1,0,0,0,1,1,1,1,1,0,1,1,0,1,0,0.993606
0,0,1,1,1,0,0,0,1,0,0,1,1,0,0,0,0,0,0,0,1,0,0,0,1,1,1,1,0,0,1,1,0.994618
1,0,1,1,1,0,1,1,0,1,0,0,0,0,0,1,0,0,0,1,1,1,1,0,1,1,0,0,0,0,0,0,0.994565
0,1,1,1,1,1,0,0,1,1,1,0,0,0,0,1,1,0,0,0,1,0,1,1,0,1,1,1,1,1,0,0,0.992913
0,0,1,1,1,1,1,0,0,1,0,0,0,0,1,1,1,1,0,1,1,1,0,0,1,1,1,0,1,1,0,0,0.992780
1,0,0,0,1,0,0,0,0,1,1,1,1,1,1,0,0,1,0,0,1,0,1,0,1,1,0,0,1,1,1,1,0.007033
1,0,0,0,0,0,1,1,1,1,0,0,1,1,1,0,0,1,0,0,1,1,1,0,0,1,1,1,0,0,1,0,0.994512
0,0,0,0,1,1,1,0,0,1,1,0,0,1,0,0,1,1,0,0,0,1,0,0,0,1,1,1,1,0,0,1,0.993926
0,0,1,0,0,1,1,1,1,1,1,1,0,1,0,1,0,1,1,0,0,1,1,0,0,1,1,1,0,0,0,1,0.993153
0,1,1,0,1,0,1,1,1,0,1,0,0,0,0,1,1,0,1,1,1,1,1,0,0,0,0,0,1,1,0,0,0.993739
1,0,0,0,1,1,0,0,1,0,0,0,0,1,0,1,1,1,0,1,0,1,0,0,0,1,0,0,1,1,0,1,0.009244
0,1,1,0,0,0,0,0,0,0,0,1,0,1,0,0,1,0,0,1,0,0,1,0,0,1,1,1,1,0,1,0,0.996057
0,1,0,0,0,1,1,1,0,1,1,1,1,1,0,1,1,0,0,1,0,0,0,0,0,0,0,0,0,0,0,1,0.994618
1,1,1,1,0,1,1,1,0,1,0,0,1,0,0,0,0,1,0,1,0,1,0,0,0,0,0,1,0,1,0,1,0.008259
1,0,1,0,1,1,1,0,0,1,1,0,1,0,0,1,0,0,1,0,0,1,0,1,0,0,0,1,0,0,1,0,0.995098
0,1,0,1,0,0,1,0,0,1,1,1,1,0,1,1,0,1,1,1,0,1,0,0,1,0,1,0,1,0,0,1,0.993633
