0,1,1,0,1,1,1,1,0,0,1,0,1,0,1,0,1,1,1,1,0,0,0,1,1,0,1,0,1,0,0,0,0.594736
0,1,1,1,0,0,0,1,1,1,1,1,1,1,1,0,0,1,1,0,0,1,1,0,1,1,1,1,0,1,1,1,0.585012
0,0,1,0,1,0,1,0,0,1,1,1,0,0,1,1,0,0,0,1,1,1,0,0,1,0,0,0,0,0,0,1,0.580669
0,0,1,0,0,0,0,1,1,1,0,0,0,0,1,1,0,0,1,0,0,0,1,0,0,1,0,1,1,0,0,0,0.577286
1,1,0,1,0,0,0,0,0,0,0,0,0,1,0,0,0,1,1,1,0,0,0,1,0,1,1,0,0,1,1,1,0.603527
1,1,1,0,1,1,1,1,1,0,1,0,0,1,0,1,1,0,0,0,1,1,1,1,0,0,0,1,0,0,1,1,0.581415
1,1,1,1,1,0,0,0,0,0,0,1,1,0,0,0,0,1,1,0,0,0,0,0,0,1,1,0,1,0,0,0,0.586370
1,0,0,0,1,0,1,0,1,0,0,1,1,1,1,0,0,0,1,0,0,1,0,1,0,1,1,1,0,1,1,0,0.595775
1,1,0,0,1,0,0,0,0,0,0,0,0,0,0,1,1,0,0,1,1,1,1,0,0,1,0,1,0,1,0,1,0.595721
0,1,1,1,1,0,0,1,0,0,1,1,1,0,0,1,0,0,1,0,0,0,1,1,0,0,1,0,0,1,0,0,0.592445
1,1,0,0,0,1,1,1,1,0,1,0,1,1,1,1,0,1,1,1,0,1,1,1,0,0,1,1,0,1,0,1,0.579017
1,0,0,1,1,0,1,1,0,1,0,0,0,1,1,1,1,1,1,1,0,1,0,0,1,1,1,1,1,0,0,1,0.595775
0,0,0,0,1,0,1,1,1,1,0,0,0,1,1,1,1,1,0,1,0,1,1,0,1,0,1,1,1,0,1,1,0.590074
1,0,0,0,0,0,1,1,1,0,1,1,1,0,0,1,1,1,0,0,1,1,1,0,1,1,0,0,1,0,1,1,0.598252
1,0,0,0,0,1,0,1,1,0,1,0,1,1,1,1,0,0,0,1,1,1,0,0,1,0,1,0,1,1,1,0,0.589940
1,0,0,1,0,1,0,1,0,0,1,1,0,0,0,1,1,0,0,0,1,1,0,0,1,1,0,1,1,1,1,1,0.606724
1,1,1,1,0,1,0,0,0,1,0,0,0,1,1,1,0,0,1,0,0,1,1,1,1,0,1,0,1,0,0,1,0.595215
1,1,1,1,0,0,0,1,0,0,1,1,0,0,1,0,1,0,0,1,0,0,1,1,1,0,0,1,0,0,1,1,0.601902
1,1,1,0,1,1,1,0,1,0,0,1,1,0,1,0,1,1,1,1,0,1,0,1,1,1,1,0,0,0,1,0,0.594789
1,0,1,0,1,1,0,0,1,1,1,1,1,1,1,0,1,1,0,1,0,0,1,0,1,0,0,0,1,1,1,1,0.591326
0,0,0,1,0,1,0,1,0,1,0,0,0,0,1,0,1,0,0,1,0,1,0,1,0,0,1,0,0,0,0,0,0.562100
1,0,0,1,0,0,0,0,1,1,1,1,1,1,1,0,1,1,0,1,1,1,1,0,0,0,1,1,1,0,0,1,0.598359
0,0,0,1,0,1,0,0,1,1,1,0,1,0,1,0,0,1,1,0,0,1,0,1,0,0,0,1,0,1,0,0,0.580989
1,1,0,0,1,0,1,1,1,1,0,1,1,0,0,0,0,0,0,0,1,0,0,1,1,1,0,0,1,1,1,1,0.598652
0,1,1,1,1,0,0,1,1,0,0,0,0,0,1,0,1,1,0,1,1,0,1,0,1,0,0,1,0,0,0,0,0.593590
1,1,1,1,1,1,1,1,0,0,1,0,0,1,0,0,0,0,0,1,1,1,1,1,0,1,0,0,0,1,1,0,0.564418
0,0,1,0,1,1,1,0,0,0,0,0,0,1,0,0,1,0,0,1,1,0,1,1,1,1,0,0,0,1,1,0,0.584426
0,1,0,1,0,1,0,1,0,1,1,1,1,1,1,0,0,1,1,1,0,1,1,0,0,1,1,0,1,1,0,1,0.593031
1,0,1,1,0,1,0,1,1,1,0,0,0,1,0,0,0,0,1,1,0,1,1,1,0,1,0,0,0,1,1,0,0.563912
1,1,1,1,0,1,1,0,1,1,0,0,0,0,0,1,0,1,1,1,0,1,1,0,0,1,1,0,1,0,1,0,0.599931
1,0,1,1,1,0,0,0,1,0,1,1,1,0,0,1,0,0,1,1,1,0,1,1,1,0,1,1,1,1,0,0,0.597533
1,1,1,1,0,0,1,0,1,0,1,0,1,0,1,1,0,0,1,1,0,1,1,1,1,0,0,1,0,0,0,0,0.597080
0,1,0,1,0,0,1,1,1,1,1,0,0,1,1,0,0,1,1,1,1,1,1,0,0,0,1,0,1,1,1,0,0.591406
1,0,1,1,0,0,1,1,1,0,1,0,1,1,1,0,1,0,1,0,0,1,0,1,1,0,0,1,0,0,0,0,0.593564
1,1,1,0,0,1,0,0,1,0,0,1,0,1,1,1,1,1,1,0,1,0,0,0,1,0,1,1,0,1,1,1,0.641118
0,0,0,1,1,0,0,0,1,1,1,0,1,1,0,1,1,1,0,0,1,0,1,1,0,1,0,0,0,0,1,0,0.595135
0,0,0,0,1,1,1,1,1,1,0,1,1,1,1,0,0,0,1,1,0,1,0,1,0,0,1,1,0,1,0,0,0.551311
0,0,0,1,0,0,0,1,0,0,1,1,0,1,1,1,0,1,0,0,1,1,1,1,0,1,0,0,1,0,0,0,0.570785
0,0,1,0,1,1,1,1,1,1,1,1,0,1,0,1,0,0,1,1,0,1,1,1,0,1,0,1,0,0,1,1,0.559569
0,0,0,0,0,0,1,1,0,1,1,0,0,0,0,1,0,0,0,0,0,0,1,0,1,1,0,0,0,0,0,0,0.529758
1,1,0,1,1,0,1,0,0,0,1,1,1,1,0,0,0,0,1,1,0,0,1,0,0,1,0,1,0,1,1,0,0.594549
0,1,1,1,0,0,0,1,0,0,0,1,1,1,1,1,0,0,0,1,1,1,0,1,0,0,0,1,0,0,0,1,0.592977
0,1,1,0,1,1,1,1,1,0,1,1,0,0,0,0,1,0,0,1,0,0,0,1,0,1,1,0,0,0,0,1,0.594709
0,1,0,1,0,0,1,1,1,0,0,1,1,0,1,1,1,0,1,0,0,1,0,1,1,0,0,0,1,1,0,0,0.592125
1,1,0,0,1,0,0,1,1,0,1,1,1,1,1,0,1,0,1,0,0,0,0,1,0,1,1,0,0,0,0,1,0.600837
0,0,0,1,1,1,0,0,0,0,1,0,0,0,0,1,1,1,1,1,1,0,0,1,0,0,1,1,1,1,0,0,0.592418
0,0,1,1,0,0,0,0,0,0,0,1,1,0,0,1,0,0,1,0,1,0,0,1,0,0,0,1,1,0,1,1,0.595215
0,0,1,1,0,0,1,1,1,0,1,1,1,1,1,0,0,0,1,1,1,0,1,1,1,1,0,0,0,1,1,0,0.574675
0,0,0,0,0,0,0,0,1,1,1,1,0,0,1,1,1,0,1,1,0,0,0,1,0,0,0,0,0,0,1,1,0.583360
0,0,1,1,0,0,0,0,1,1,0,0,1,1,1,1,0,0,0,1,0,0,1,0,1,0,1,1,1,1,1,1,0.624094
1,0,1,1,0,0,1,0,0,0,1,0,0,0,0,1,0,1,1,1,1,0,0,1,0,0,0,0,1,1,1,1,0.607044
0,0,0,1,1,0,0,0,0,1,1,0,0,1,1,1,0,0,1,1,1,0,1,0,1,0,0,0,1,1,0,1,0.592578
0,1,0,0,0,1,0,0,1,0,0,1,0,1,1,1,1,0,0,0,0,0,0,0,0,0,0,0,0,1,1,1,0.596014
0,1,1,1,1,1,1,0,1,1,0,1,1,1,1,0,1,1,0,0,0,1,0,0,1,0,0,1,0,0,1,0,0.596840
0,1,0,0,1,0,1,0,0,0,1,1,0,0,1,1,0,1,0,0,0,0,0,0,1,0,1,1,0,0,0,1,0.600623
1,0,1,1,1,1,0,0,0,1,1,0,1,0,0,0,1,0,0,0,1,1,0,0,1,0,0,0,0,1,1,0,0.594150
1,1,1,1,0,0,0,0,0,0,0,0,1,1,1,1,1,1,0,0,0,0,1,0,1,0,1,0,0,1,0,1,0.606085
1,0,0,1,0,0,1,0,0,1,0,1,0,1,1,1,0,0,0,0,1,1,0,0,0,0,0,1,0,0,1,0,0.592311
1,1,0,1,1,1,0,0,1,1,1,0,0,1,1,0,1,0,1,0,1,1,0,1,0,1,0,0,1,1,0,0,0.583307
0,1,0,1,0,0,1,1,0,0,1,0,1,1,1,0,1,0,0,0,1,1,1,0,1,1,0,1,1,0,0,0,0.593111
1,0,1,0,0,0,1,0,0,1,0,0,0,0,0,1,1,1,0,0,0,1,0,0,0,1,0,0,1,0,0,0,0.587676
1,0,1,1,1,0,0,0,0,1,0,0,1,0,0,1,1,1,1,1,0,1,0,1,1,0,1,1,0,1,1,0,0.605312
0,1,1,0,1,1,0,1,1,1,0,0,1,1,1,1,0,0,1,0,1,1,1,1,1,0,1,0,0,0,1,0,0.569640
1,0,0,0,1,1,0,0,0,0,0,0,1,0,1,1,1,1,1,0,1,1,1,0,0,0,0,0,0,0,1,1,0.591592
0,0,0,1,1,0,0,1,0,1,0,0,0,1,0,1,0,1,0,0,0,1,0,1,1,1,0,0,0,0,0,1,0.554108
1,1,0,1,1,0,0,0,1,0,1,1,1,0,1,1,0,0,0,1,1,0,1,1,0,0,1,0,1,1,1,1,0.584879
1,0,1,0,0,1,0,0,0,0,0,1,1,1,0,0,0,1,0,1,0,0,0,0,0,0,1,1,1,1,1,0,0.606005
1,1,0,1,1,0,1,1,0,0,0,1,0,1,1,0,1,0,0,1,0,1,0,1,0,1,0,0,0,0,1,1,0.596947
0,0,0,0,1,1,1,1,0,1,1,1,1,0,0,0,0,0,0,1,0,0,1,0,1,0,1,1,1,1,1,1,0.595189
0,0,1,1,0,0,1,1,0,1,0,0,1,0,0,0,0,1,1,1,0,1,0,0,1,0,0,0,0,0,1,0,0.580110
0,0,1,1,0,1,1,0,0,1,1,0,0,1,0,1,0,1,1,0,1,1,1,1,0,0,0,0,1,0,0,1,0.583014
0,1,0,1,0,1,1,0,1,1,0,1,1,1,1,0,1,0,1,1,1,0,1,0,0,0,0,1,1,0,0,1,0.593883
0,1,0,0,1,1,0,0,1,1,0,0,1,0,0,0,1,1,0,0,1,1,0,0,0,1,0,1,1,1,1,1,0.588848
0,1,0,0,0,1,1,0,0,1,1,1,0,1,0,1,1,0,0,1,0,0,0,0,1,0,1,0,1,1,1,0,0.599425
1,1,0,1,1,1,1,0,1,0,1,0,1,1,0,0,0,1,0,1,1,1,0,0,1,0,1,1,0,0,0,1,0.589834
1,1,0,0,1,1,0,1,1,1,1,0,0,1,0,0,1,0,0,1,0,1,0,1,0,0,1,1,0,0,1,0,0.596920
0,0,1,0,0,0,0,1,1,0,0,1,0,0,0,0,0,1,1,0,0,1,1,0,1,0,0,0,1,1,1,0,0.589647
0,0,1,0,1,1,1,0,0,1,0,1,1,1,1,0,0,0,1,0,0,0,1,1,0,0,1,1,0,1,0,0,0.534580
1,1,0,1,1,1,1,0,0,1,0,1,1,1,1,1,0,0,1,0,1,0,0,0,1,1,1,0,0,1,0,0,0.598412
0,0,0,1,1,1,1,1,1,1,0,0,1,1,0,0,1,0,1,1,0,0,0,1,1,1,1,0,1,0,1,0,0.592311
1,1,0,1,0,0,1,0,1,0,0,1,1,0,1,1,1,1,1,0,0,1,0,1,0,1,0,0,0,0,1,1,0.598146
1,0,1,0,1,1,1,1,1,0,0,1,0,1,0,1,0,0,0,1,0,0,1,1,1,1,1,1,1,1,1,0,0.592418
1,0,1,0,1,0,1,1,1,0,1,1,1,1,0,1,1,1,0,1,0,1,0,1,1,1,0,0,0,0,0,0,0.594363
0,1,1,0,0,0,0,1,0,0,0,1,1,1,1,1,0,1,1,0,0,0,0,1,0,1,1,1,1,0,1,1,0.603154
1,1,0,1,1,0,0,1,0,1,0,0,0,0,0,1,0,0,1,0,1,0,1,0,0,1,1,0,0,0,1,0,0.596840
1,0,1,1,0,0,1,0,1,0,1,1,1,0,1,0,1,1,1,0,0,0,0,0,0,1,1,0,0,1,0,1,0.598918
1,0,1,0,1,1,0,0,1,0,0,1,1,1,0,0,0,1,1,1,0,1,0,1,1,0,1,1,1,0,0,0,0.592818
0,0,0,1,1,0,0,0,1,0,1,0,1,0,0,0,1,0,0,1,0,1,0,0,1,0,1,0,1,0,0,0,0.583600
0,0,1,1,0,1,1,1,0,0,1,1,0,0,1,0,1,1,0,1,1,0,0,0,1,1,1,1,0,1,0,1,0.594629
1,0,1,1,1,0,1,1,0,1,0,1,1,1,0,1,0,1,0,1,1,1,0,1,1,1,1,0,1,1,1,1,0.543825
1,0,1,1,0,1,0,1,0,1,1,1,0,1,1,1,1,0,0,1,1,1,1,0,1,0,0,1,0,1,0,1,0.585944
1,1,1,1,0,1,0,1,1,0,0,1,0,1,1,0,0,0,1,1,1,1,1,0,1,0,0,1,0,0,0,0,0.597027
1,1,1,0,0,0,1,1,1,1,1,1,1,0,0,1,1,1,1,0,1,1,0,0,0,1,0,0,0,0,1,1,0.595695
1,1,0,1,1,0,1,1,0,0,0,0,0,0,0,0,1,1,1,0,0,0,1,0,0,1,1,1,1,1,1,1,0.609442
0,1,1,1,1,1,0,0,0,1,1,1,1,1,1,1,0,1,0,0,0,0,0,0,0,0,0,1,1,1,1,0,0.612399
1,0,1,0,0,1,1,0,1,0,1,0,1,0,0,1,0,0,0,1,1,0,1,0,1,1,1,0,0,0,1,1,0.592311
0,1,1,0,0,1,1,1,0,1,0,0,1,1,1,0,0,1,0,0,1,1,0,1,1,1,1,0,0,1,1,1,0.583040
0,0,1,0,0,1,1,1,1,1,1,0,0,1,1,0,1,1,0,1,0,1,1,0,1,1,0,0,1,0,0,0,0.588981
0,0,1,1,0,1,1,0,0,1,1,1,0,0,1,1,1,0,1,1,1,0,0,1,0,0,0,0,1,0,1,0,0.592631
0,0,1,1,0,0,1,1,0,1,1,1,1,0,1,0,1,0,1,0,0,0,1,1,1,1,0,1,1,1,1,0,0.593537
0,1,0,1,0,0,0,0,0,0,0,0,1,1,1,1,1,0,0,0,0,0,0,0,0,1,1,0,1,1,1,0,0.607017
0,1,1,1,0,1,0,1,0,1,1,0,0,1,0,0,1,1,1,0,1,0,0,0,1,0,0,1,0,1,0,0,0.591006
1,0,1,1,0,1,0,0,1,1,1,1,1,1,1,1,0,0,0,1,0,0,1,1,1,1,1,0,1,1,0,0,0.578804
1,1,1,0,1,1,1,0,0,1,1,0,0,1,1,1,1,1,0,0,0,0,1,0,0,1,1,1,1,1,1,0,0.610747
1,0,1,0,1,0,0,1,0,0,1,0,1,1,0,1,1,1,1,0,0,0,0,0,0,0,1,0,0,1,1,1,0.603900
1,1,0,1,1,1,0,0,0,0,0,1,0,1,1,1,0,0,1,0,1,0,0,0,1,0,1,0,0,0,0,1,0.592338
0,1,0,0,0,0,1,1,0,0,1,1,0,0,0,1,0,1,1,1,0,1,0,1,1,1,1,0,0,1,0,1,0.595082
0,0,0,1,1,1,0,0,1,1,0,1,1,1,0,0,0,0,1,0,0,1,1,1,0,1,1,1,1,0,0,1,0.594975
0,0,0,0,1,0,1,0,1,1,1,0,0,0,1,0,0,0,0,1,0,1,0,0,1,0,1,1,0,0,1,0,0.588209
0,1,0,1,1,1,0,0,1,1,0,0,1,1,0,0,0,1,0,0,1,1,0,1,1,0,0,0,0,0,1,1,0.583840
0,1,1,0,0,1,0,1,1,1,1,0,1,0,0,1,1,1,1,0,1,1,0,0,1,0,0,1,0,0,1,0,0.593324
0,1,1,1,1,0,1,1,1,0,1,0,1,1,0,0,0,1,0,0,0,1,1,0,0,1,0,0,0,0,1,0,0.589408
0,0,0,1,1,0,0,1,1,0,0,1,1,1,0,0,1,1,0,1,1,1,1,1,1,1,0,0,0,0,0,1,0.593324
1,1,1,1,0,0,1,0,1,0,0,0,1,1,1,0,1,1,1,0,1,1,1,0,0,1,1,1,0,1,1,1,0.599211
1,1,1,1,0,1,1,0,0,1,1,1,0,0,0,0,0,0,0,0,0,0,0,1,0,1,1,1,0,0,1,0,0.595801
0,1,1,1,1,0,0,1,1,0,1,1,0,0,0,1,0,0,1,1,0,1,1,0,1,0,0,1,1,1,1,1,0.603581
1,0,0,1,1,0,0,1,1,1,1,0,0,1,0,1,0,0,0,0,0,1,0,0,0,0,0,1,1,0,0,1,0.590367
1,0,0,0,1,0,0,0,1,0,1,0,0,1,1,0,1,1,1,1,0,1,0,0,0,0,1,1,0,1,0,0,0.596894
0,1,0,1,1,1,1,1,0,1,1,1,0,0,0,1,1,0,1,1,0,0,0,0,1,0,1,0,0,1,0,0,0.596121
1,0,0,0,1,0,1,0,0,1,0,0,0,0,1,1,0,1,1,1,0,1,0,1,1,1,0,1,0,0,0,1,0.596521
1,1,1,1,1,1,0,1,1,1,1,1,0,1,1,1,1,1,1,1,0,0,0,0,0,0,0,0,1,1,0,1,0.598812
0,1,1,1,1,0,0,0,1,0,1,1,1,0,1,0,1,1,0,0,0,1,1,0,0,0,1,1,1,1,1,0,0.604327
0,0,0,0,1,0,1,0,1,1,0,1,1,1,0,1,0,0,0,0,0,0,1,1,1,0,0,1,0,1,1,1,0.597586
1,0,0,1,0,0,0,0,1,0,1,1,1,1,1,1,1,0,0,1,0,1,0,0,0,0,1,0,0,0,0,0,0.604939
1,0,1,1,1,1,0,1,1,1,1,1,1,1,1,1,1,0,0,0,1,1,1,0,1,1,0,1,1,1,0,1,0.587063
1,0,0,0,1,0,1,1,1,1,0,0,1,1,0,0,0,1,1,0,1,0,0,1,1,0,1,0,0,0,0,0,0.591858
0,1,1,1,1,0,1,1,1,1,1,0,0,0,0,1,0,0,0,0,0,0,1,1,1,1,1,1,0,1,1,1,0.601423
1,1,1,1,1,0,1,1,0,1,0,1,0,1,0,1,0,0,0,0,1,0,0,0,1,1,0,1,1,0,0,1,0.595935
