0,1,1,0,0,1,1,1,1,0,1,1,0,1,1,0,0,1,1,1,1,1,1,1,1,1,1,0,1,1,0,1,0.727169
0,0,0,0,1,1,0,1,0,1,1,0,1,0,1,0,1,1,1,1,0,1,1,1,1,0,0,0,0,0,0,0,0.556452
1,0,1,1,0,0,1,1,1,0,1,0,1,1,0,1,1,1,1,1,1,0,1,0,1,0,0,1,0,1,0,1,0.669091
1,1,0,1,1,1,0,1,0,1,1,0,1,0,0,0,0,0,0,1,0,0,0,1,0,1,1,1,0,0,0,1,0.587623
0,0,0,1,1,0,1,1,1,1,1,0,1,0,1,1,0,1,1,0,1,1,1,1,1,1,1,0,0,0,1,0,0.626332
1,0,1,0,1,0,0,1,0,0,1,1,1,1,1,1,0,1,0,1,1,0,0,1,1,0,0,1,1,1,0,1,0.683930
0,1,1,1,1,1,0,0,0,0,1,1,1,0,1,1,0,1,0,0,1,0,1,1,0,1,1,1,1,1,0,0,0.640532
0,0,1,0,1,1,1,0,1,0,1,1,0,0,0,1,1,0,1,0,0,0,0,1,0,0,0,1,1,0,1,1,0.629982
0,1,0,0,0,0,0,0,1,1,1,1,1,1,0,0,1,1,1,0,1,1,0,0,0,0,0,1,1,0,1,0,0.605632
0,0,0,0,1,1,1,0,1,1,0,0,0,0,1,0,0,0,0,0,1,1,0,0,1,1,0,0,1,0,1,0,0.540974
1,1,1,1,1,0,1,0,0,0,1,1,1,0,1,0,1,1,0,0,0,1,0,0,1,0,1,1,1,0,1,0,0.658035
0,0,1,1,1,0,1,1,0,1,1,0,1,1,0,0,1,1,1,1,0,0,0,0,0,1,1,0,0,0,0,1,0.591832
1,1,1,0,1,0,1,0,0,1,0,0,0,0,1,1,0,0,0,0,1,1,0,1,0,0,0,1,1,1,1,1,0.659074
1,1,0,1,1,0,0,0,1,0,1,1,1,0,0,0,0,0,1,1,1,0,0,1,0,1,1,0,1,1,0,0,0.602941
1,1,1,1,0,1,0,1,0,1,0,1,0,0,1,1,1,0,1,1,1,0,1,0,0,1,0,0,1,0,1,1,0.744752
0,0,0,1,1,1,1,1,1,0,0,0,1,0,1,0,1,0,1,1,1,1,0,0,0,1,1,0,0,0,1,1,0.609362
1,1,1,0,1,1,0,0,0,1,0,0,1,0,1,1,0,0,1,1,0,0,0,1,0,0,1,0,1,0,1,0,0.586264
1,1,1,0,0,1,1,0,1,1,1,0,0,1,0,1,1,0,1,0,1,0,0,0,0,1,1,1,1,0,1,0,0.682864
1,1,1,1,1,1,0,1,1,0,1,1,1,1,1,1,0,1,0,0,1,0,0,1,0,0,0,0,1,1,0,0,0.593270
0,0,0,0,0,1,0,0,0,1,1,1,0,1,1,1,1,1,1,1,1,0,1,1,1,0,0,1,0,0,1,1,0.726103
0,1,0,1,1,1,0,0,0,1,1,1,0,1,0,0,1,1,1,0,0,0,1,1,1,0,0,0,1,0,1,1,0.621963
1,1,0,0,0,1,1,1,1,0,1,0,0,0,1,1,1,1,1,0,0,0,0,1,0,1,0,0,1,1,1,0,0.615143
0,1,0,1,0,0,1,0,1,0,0,0,1,1,0,1,0,0,1,0,0,0,0,1,1,0,0,1,0,0,0,0,0.498801
0,0,1,1,0,0,1,0,1,1,1,1,1,0,0,0,1,1,0,0,0,1,1,0,0,1,1,0,1,0,1,1,0.634804
0,1,1,0,1,0,0,0,0,0,1,0,0,1,0,0,1,1,0,0,0,0,1,0,1,0,1,0,0,1,1,1,0.566736
1,0,1,0,1,1,0,0,1,1,0,0,0,0,0,1,0,1,1,1,0,1,0,0,1,1,0,1,1,1,1,0,0.611200
0,0,0,0,0,0,0,0,0,1,1,0,0,0,1,0,0,1,0,1,0,0,1,1,0,0,0,0,1,1,0,0,0.471201
1,0,1,1,1,1,0,1,1,1,0,1,1,0,1,0,1,0,1,0,1,0,0,1,1,1,1,1,0,1,0,1,0.665761
0,0,0,1,1,1,1,0,1,1,1,0,1,1,1,1,1,1,0,0,0,1,0,0,0,0,0,0,0,1,1,0,0.593004
0,1,0,1,0,0,0,1,0,0,1,1,0,1,1,0,0,1,0,1,0,1,1,0,0,0,1,0,0,1,1,1,0.632113
1,1,0,1,0,0,1,1,0,0,0,0,1,1,1,0,1,1,1,0,1,0,0,1,1,0,1,0,0,1,0,0,0.637548
0,0,0,0,0,1,1,0,0,1,1,0,0,1,1,0,1,0,0,1,0,1,0,0,0,0,0,0,0,1,0,0,0.462063
1,0,1,1,0,0,0,0,1,1,1,0,0,0,0,1,1,0,0,1,0,1,0,1,1,0,0,0,1,1,1,1,0.677376
0,0,1,0,0,0,0,0,1,1,0,0,0,0,0,0,1,1,0,1,1,0,1,0,0,1,1,1,1,1,1,0,0.540521
1,1,0,0,1,1,0,0,1,0,1,0,1,1,0,1,1,1,0,0,0,1,0,1,1,1,1,0,1,0,0,1,0.608163
1,0,0,0,0,1,1,0,0,1,0,0,0,0,1,0,0,0,0,0,0,0,1,0,0,0,0,0,1,0,0,0,0.617567
0,0,1,1,0,1,0,1,1,1,0,0,0,0,1,1,1,0,0,0,1,0,1,1,0,1,0,0,1,0,0,0,0.550538
0,1,1,0,1,1,0,0,1,0,0,0,0,0,1,1,0,0,0,0,1,1,0,0,1,0,1,0,0,1,0,0,0.541667
1,1,0,1,1,0,1,1,1,0,0,1,0,1,0,0,0,1,0,0,0,1,0,0,0,1,0,0,0,0,1,1,0.604913
1,1,1,1,0,0,1,1,0,0,0,1,1,1,0,1,0,1,1,0,1,0,1,1,0,1,1,0,1,0,1,1,0.701833
1,0,1,1,0,1,0,0,0,0,0,1,0,1,0,0,1,1,1,1,0,1,0,0,1,1,0,0,0,1,0,1,0.593031
0,1,1,0,1,0,1,0,0,1,0,1,1,0,1,0,0,1,1,1,1,1,0,0,0,0,0,1,1,1,0,1,0.641784
1,0,1,0,0,0,1,0,0,1,1,1,1,1,1,1,1,1,0,1,0,0,0,1,0,0,1,0,0,0,0,0,0.626119
1,0,0,0,1,0,1,1,1,1,0,0,0,1,1,1,1,1,1,1,1,0,1,0,0,1,0,0,0,1,0,1,0.643569
0,0,0,0,1,0,0,0,0,0,0,0,1,1,0,1,1,0,1,1,0,0,0,0,1,1,0,1,0,0,0,1,0.469816
1,1,0,1,0,1,1,0,0,0,1,0,1,0,1,0,0,1,0,1,0,0,1,0,1,0,0,0,0,1,1,1,0.610188
1,1,1,0,1,0,1,1,0,0,1,1,1,0,0,0,0,0,1,1,0,1,0,1,0,0,0,0,1,1,1,1,0.657502
0,0,0,0,0,1,0,0,1,1,0,0,0,1,1,1,0,0,0,0,1,0,1,0,0,1,1,1,1,1,1,1,0.602675
0,1,1,0,1,1,1,0,0,0,1,0,1,0,0,0,0,1,0,0,1,1,0,1,0,1,0,1,0,1,0,0,0.560129
0,1,0,1,0,0,0,1,0,1,0,1,1,1,1,1,1,0,1,0,1,1,1,0,0,1,1,0,0,1,1,1,0.723013
1,1,1,1,1,1,0,1,1,0,1,0,1,0,1,0,0,1,1,0,1,1,1,0,0,1,0,1,1,1,0,1,0.681373
0,0,0,0,1,1,0,0,1,0,1,1,0,1,1,1,0,1,0,1,1,0,0,0,1,0,1,1,0,1,0,1,0.693841
0,1,0,0,0,1,1,1,1,0,0,0,1,0,1,1,0,0,0,1,0,1,0,1,1,1,1,1,1,0,1,1,0.689392
0,1,1,0,0,1,1,1,0,1,0,0,0,0,0,0,0,1,1,1,0,1,0,1,0,0,0,0,0,0,1,1,0.578138
1,1,1,1,1,0,1,1,0,0,0,1,0,0,1,0,1,0,0,1,0,0,0,1,1,1,1,0,1,0,1,1,0.640052
0,0,1,0,0,0,1,1,0,0,0,0,0,1,0,1,0,1,0,0,1,1,0,0,0,0,0,1,0,1,0,1,0.551178
0,1,1,0,1,1,1,0,1,1,1,1,0,1,0,0,0,1,0,0,0,1,1,1,0,1,0,0,1,1,1,1,0.668159
0,0,1,0,1,0,0,0,0,0,1,0,1,1,0,1,0,1,0,0,1,1,0,1,1,0,1,0,1,1,1,1,0.703724
1,0,0,1,0,1,0,0,0,1,1,0,0,1,1,1,0,1,1,1,1,1,1,0,0,0,1,1,0,0,1,0,0.644768
0,1,1,0,0,0,1,1,1,1,0,0,1,0,0,0,0,1,1,1,0,0,0,0,1,0,0,1,0,1,1,0,0.558158
1,0,1,1,1,0,1,0,1,1,1,0,1,0,1,1,0,0,0,1,0,1,0,1,1,1,1,0,1,1,0,0,0.637441
1,0,1,1,1,0,1,1,0,0,0,0,1,1,1,1,0,1,0,0,0,0,1,1,1,0,0,0,1,1,1,1,0.687980
1,1,1,0,1,0,0,0,0,0,1,1,0,1,0,0,0,1,1,1,0,1,1,0,0,1,1,0,1,1,0,0,0.585811
1,1,1,0,1,0,0,1,1,1,0,0,0,0,1,1,0,1,1,1,1,1,0,0,0,0,0,0,0,0,0,1,0.623615
0,0,0,0,0,0,0,1,1,1,1,0,1,0,0,0,1,1,0,1,1,0,0,1,1,1,1,1,0,1,0,0,0.599345
0,1,0,1,0,1,0,0,1,0,0,1,1,1,1,0,1,1,1,0,1,1,1,0,0,0,0,0,0,1,1,1,0.620498
0,1,0,1,1,0,1,0,1,1,1,1,1,0,0,0,0,0,0,1,0,0,1,1,1,0,1,0,1,0,1,1,0.619485
0,1,1,0,1,1,0,0,0,1,1,0,1,1,1,0,1,1,0,1,0,0,0,0,1,1,0,0,1,1,1,0,0.626572
1,1,0,0,1,1,1,1,0,0,1,1,1,1,0,0,1,1,1,1,0,1,0,0,1,1,1,1,0,0,1,0,0.650868
1,0,0,1,0,0,1,1,0,0,0,1,0,0,1,0,1,1,1,0,1,1,1,1,1,1,1,1,1,0,1,0,0.659740
0,0,1,1,0,1,0,1,0,0,0,0,0,0,0,0,0,0,1,1,0,1,1,0,0,1,0,1,0,1,0,0,0.457774
0,0,1,0,0,0,0,0,0,0,1,0,0,1,1,0,0,1,1,1,0,1,1,0,1,0,1,1,0,0,0,1,0.584905
0,1,1,1,1,1,1,0,1,1,0,1,0,0,1,1,0,0,1,1,1,1,1,0,0,1,1,0,0,1,1,0,0.663470
0,1,1,1,1,1,1,0,0,0,1,0,0,1,0,0,0,1,1,1,0,1,0,1,1,1,1,0,0,0,0,1,0.617860
0,1,1,0,1,0,0,0,0,0,1,0,0,1,1,1,0,1,1,0,1,0,0,0,1,1,1,1,1,1,1,1,0.710358
1,1,0,1,0,0,0,0,1,0,1,1,1,0,1,1,0,0,0,1,1,0,1,0,0,1,0,0,0,1,0,0,0.584133
1,1,1,1,0,0,0,1,1,1,0,1,0,0,0,0,0,0,1,0,0,0,1,0,0,1,1,0,1,1,0,1,0.582454
1,1,0,0,1,0,0,1,0,0,1,1,1,1,0,0,0,0,0,0,0,1,1,1,0,1,1,0,0,0,1,0,0.525043
1,1,0,0,0,1,0,1,1,1,1,0,0,0,1,0,1,1,0,1,1,0,0,0,1,1,0,0,0,1,1,1,0.630435
1,0,0,1,0,1,1,0,0,1,1,1,0,1,1,1,1,0,0,1,1,0,1,1,1,0,1,0,0,0,0,1,0.641011
1,0,0,1,1,1,1,1,1,1,0,1,1,1,1,1,1,1,0,1,0,1,1,1,1,0,0,1,0,1,1,1,0.750746
0,1,0,0,1,1,1,0,1,0,0,0,1,0,1,0,1,0,0,1,0,0,1,1,0,1,0,1,0,0,0,0,0.557172
1,1,0,0,1,1,0,0,0,0,1,0,1,1,0,0,1,0,1,1,1,1,1,0,0,1,1,0,0,0,1,0,0.614210
0,1,0,1,0,0,1,1,1,1,1,1,0,1,1,0,0,1,0,1,0,0,1,1,0,1,0,1,0,0,1,1,0.691043
0,0,0,0,0,0,0,0,1,1,1,1,1,1,1,1,0,1,1,0,0,1,0,1,0,1,0,0,1,0,1,1,0.673061
1,1,1,0,1,1,1,0,0,0,0,0,1,0,0,1,1,0,0,0,1,0,0,0,1,1,0,1,1,0,0,0,0.675618
1,1,1,0,1,0,1,1,0,1,1,1,0,0,1,0,1,1,1,1,1,1,0,1,0,0,0,0,0,1,1,0,0.633792
1,1,0,1,0,0,1,1,0,0,1,0,0,1,1,0,1,0,1,0,1,0,0,1,0,1,1,1,0,0,1,1,0.637894
1,1,0,0,1,1,1,0,0,1,0,0,1,0,1,0,1,0,0,1,1,0,1,0,1,0,1,0,0,0,1,0,0.642210
1,0,0,0,0,1,0,0,0,0,1,0,0,1,1,0,0,0,0,0,1,1,0,0,0,0,1,1,1,0,1,1,0.622176
0,0,0,0,1,1,0,1,0,1,1,0,0,1,0,0,1,0,0,1,1,1,1,0,0,0,1,0,0,0,0,1,0.535886
0,1,1,0,1,1,1,1,0,1,1,1,1,1,1,0,0,1,1,0,1,0,0,1,1,0,0,1,0,1,0,1,0.680200
0,0,1,0,0,0,1,1,0,1,0,1,1,0,0,1,1,1,0,1,1,1,0,1,0,0,1,1,0,1,0,0,0.624787
0,1,1,0,0,1,1,0,1,0,0,0,1,0,0,0,0,1,1,1,1,0,1,0,0,0,0,1,0,0,1,1,0.540494
0,0,1,0,1,0,1,0,0,1,1,0,0,0,1,1,0,0,1,1,1,1,0,1,0,1,1,1,1,1,0,1,0.731564
1,1,1,0,0,0,1,1,1,1,1,0,0,1,1,1,0,0,1,1,1,1,0,1,0,1,0,0,0,1,0,0,0.610667
1,1,1,1,0,0,0,0,1,0,1,1,0,0,1,1,1,0,1,0,0,0,0,1,0,0,0,0,0,1,1,1,0.663656
1,0,1,1,0,0,1,0,1,1,1,1,1,1,1,1,0,1,0,0,1,0,0,0,1,0,0,0,1,0,0,1,0.662964
1,1,1,0,1,0,1,0,0,0,1,0,0,1,1,0,1,1,0,0,0,0,1,1,1,1,1,1,1,0,1,0,0.615436
0,0,0,0,1,0,0,0,1,0,1,0,1,1,1,0,0,1,0,1,0,0,1,0,0,1,0,1,0,0,0,0,0.449542
0,0,1,0,1,1,1,0,0,1,1,0,1,1,1,1,1,0,1,0,0,0,0,1,0,1,0,1,0,1,0,0,0.584719
0,1,1,1,1,0,1,1,0,0,0,0,0,0,0,1,1,0,1,0,1,1,0,0,1,1,1,0,0,0,0,0,0.584879
1,0,1,1,0,1,0,1,1,1,1,1,0,0,1,0,0,1,1,1,0,0,1,1,0,1,1,0,0,0,0,0,0.610907
0,1,1,1,0,1,0,0,0,1,1,1,0,1,0,0,1,1,0,1,0,0,0,0,0,1,0,0,1,0,0,0,0.522379
0,0,1,1,0,0,1,1,0,0,0,0,1,1,0,1,0,0,1,1,0,0,1,0,0,1,0,1,1,1,0,0,0.472293
0,0,1,0,1,1,0,1,0,0,0,1,0,1,0,0,1,0,0,1,1,0,0,0,0,1,0,0,0,0,1,1,0.519075
1,0,0,1,1,0,1,0,0,1,1,1,0,0,0,1,1,1,1,0,1,0,1,1,1,0,0,0,0,1,1,1,0.650522
0,0,0,1,0,1,1,0,1,1,0,1,0,0,1,1,1,1,0,0,0,1,1,1,0,1,0,1,0,0,1,1,0.699622
0,1,0,0,1,0,0,0,0,1,1,0,1,0,0,1,1,0,0,0,0,0,1,0,0,1,1,1,0,1,0,1,0.581442
1,1,0,1,1,0,1,0,1,1,0,0,1,1,1,0,1,1,1,0,1,1,1,1,0,1,1,1,0,0,0,0,0.713262
1,0,0,1,0,1,0,0,0,1,1,1,1,0,0,1,0,0,0,1,0,1,1,0,1,1,1,1,1,1,0,0,0.623908
1,1,0,1,0,1,0,0,0,1,1,1,0,1,0,1,1,0,0,0,0,1,0,1,1,1,1,1,0,0,1,1,0.693867
0,1,1,1,0,1,0,1,1,0,0,1,0,1,1,0,1,1,1,0,1,1,1,0,0,1,0,0,0,1,0,1,0.649776
1,0,1,1,1,1,1,0,0,0,1,1,1,0,0,0,1,1,0,0,0,0,1,1,0,0,0,0,1,0,1,0,0.599105
0,1,0,0,0,0,1,0,1,0,1,1,0,1,1,0,0,1,1,0,1,0,1,1,0,1,0,1,1,1,0,1,0.669357
1,0,1,1,1,0,0,1,0,1,1,0,0,1,0,1,1,1,0,1,0,0,1,1,0,1,1,0,0,1,1,1,0.699995
1,0,0,1,0,1,0,0,0,1,1,0,0,0,1,1,0,1,0,0,0,0,1,0,0,0,1,1,0,1,0,1,0.626545
1,1,0,1,1,1,0,0,0,0,1,1,0,0,0,0,0,0,1,0,0,1,1,0,1,1,0,0,1,1,0,1,0.605738
1,0,0,0,0,0,0,0,1,0,1,0,1,0,1,1,1,0,0,1,0,1,0,1,0,1,0,0,0,1,1,1,0.646686
1,1,0,0,0,1,1,0,0,1,0,0,0,0,0,1,0,1,1,1,1,1,0,1,0,0,1,1,1,0,1,0,0.615596
1,1,1,0,0,0,0,0,0,0,0,1,0,1,0,1,0,0,0,1,0,0,0,0,0,1,1,0,1,1,1,1,0.660806
0,1,0,0,0,0,0,1,0,1,1,0,1,0,0,0,0,0,0,1,1,1,0,0,0,0,1,1,0,0,1,1,0.578991
1,1,0,0,1,0,0,1,0,1,1,0,0,1,1,0,1,0,0,1,1,1,0,1,1,0,1,1,0,1,1,1,0.727675
1,1,1,0,1,0,0,0,1,1,1,1,0,1,1,1,1,0,0,0,1,1,1,1,0,1,1,0,0,1,0,0,0.651614
0,1,1,0,0,1,1,1,0,1,1,1,0,1,1,0,0,1,1,1,0,0,1,1,0,1,1,0,1,1,0,1,0.678335
0,1,1,0,0,1,0,1,0,1,1,1,1,1,0,1,0,1,1,0,1,0,0,1,1,1,1,1,1,0,0,0,0.650149
0,1,0,1,0,0,1,0,1,0,1,1,1,0,1,1,1,0,0,0,0,1,1,0,0,0,0,0,0,0,0,1,0.586877
0,0,0,1,0,0,1,0,1,0,1,0,0,0,1,0,1,0,1,1,0,1,0,1,1,1,1,1,0,1,0,1,0.696851
