0,1,0,0,0,1,0,1,0,0,0,1,1,0,1,0,0,0,0,0,0,1,0,0,1,0,1,1,1,0,1,1,0.542013
0,1,1,0,1,0,1,0,0,1,1,1,0,1,0,0,1,0,0,1,1,0,0,1,1,1,1,1,1,1,1,0,0.613731
0,0,1,1,1,1,0,1,1,1,1,0,0,0,1,1,1,1,1,0,0,0,0,1,0,0,1,1,0,0,1,1,0.630168
1,0,0,0,0,1,0,1,1,0,1,1,0,0,0,0,0,1,1,0,1,0,0,0,1,1,1,0,0,1,0,0,0.579550
1,0,1,0,1,0,0,1,1,1,1,1,0,1,1,0,0,1,0,0,1,0,0,1,1,1,1,0,1,0,1,1,0.619938
0,1,0,0,1,0,0,0,0,1,1,0,0,1,1,1,0,0,1,1,0,1,1,1,0,0,1,0,0,0,0,1,0.577286
0,0,1,0,0,0,0,1,1,1,0,1,0,0,1,0,0,0,0,1,1,1,1,0,0,0,1,1,1,0,0,0,0.568894
0,0,1,1,1,1,1,1,0,0,1,1,1,0,0,1,1,1,1,0,1,1,1,0,0,1,1,1,1,1,0,0,0.628170
1,0,1,1,0,1,1,1,1,0,1,1,1,1,0,1,1,0,0,0,1,0,0,1,1,1,1,1,0,1,1,0,0.640558
0,0,0,1,1,0,0,0,0,1,1,1,0,1,1,1,0,1,0,0,0,0,0,0,1,0,0,0,0,1,0,0,0.524030
0,0,1,1,1,1,1,0,0,0,0,0,0,1,0,1,0,0,0,1,1,0,1,1,1,1,1,1,1,0,0,0,0.592711
1,1,0,1,0,1,0,1,0,0,0,0,0,0,0,0,1,0,0,0,1,0,1,0,0,0,0,0,0,1,0,0,0.577899
0,1,1,1,0,1,0,0,1,0,1,1,0,1,0,0,1,1,1,0,1,0,0,1,0,1,0,0,1,0,0,1,0.593564
1,1,0,1,0,1,0,0,1,0,1,0,0,1,1,1,0,0,1,0,0,1,0,1,1,0,1,0,0,0,0,0,0.587569
0,1,1,0,0,0,1,1,1,0,0,1,0,1,0,1,1,0,1,1,0,0,1,1,0,0,1,1,0,1,0,1,0.619219
0,1,1,0,1,0,1,1,0,0,0,0,1,0,1,1,0,1,0,0,1,0,0,0,0,0,1,0,0,1,1,0,0.561328
1,0,1,1,0,0,1,1,0,0,0,0,0,1,0,1,0,0,0,1,1,0,0,1,1,0,1,0,0,0,1,1,0.596228
0,1,0,1,0,1,1,0,1,1,0,0,0,0,1,0,1,1,0,1,1,0,0,0,0,1,0,0,0,0,1,0,0.584772
0,0,0,1,1,1,0,0,0,1,1,1,1,1,0,1,1,1,1,1,0,0,1,0,1,1,1,0,1,1,1,0,0.620391
1,0,0,0,0,1,1,1,0,1,1,1,1,1,0,0,1,1,0,0,0,0,0,1,1,1,1,0,0,1,0,0,0.629236
0,0,1,1,0,0,1,0,0,1,0,0,0,0,0,0,1,1,1,1,0,1,1,0,1,1,1,1,1,0,0,1,0.613971
1,0,1,1,0,0,1,0,1,0,0,0,1,0,1,0,1,0,0,0,0,1,1,0,1,1,1,1,0,1,1,0,0.606538
1,0,0,0,0,1,1,0,0,1,0,1,0,1,1,1,0,1,1,0,0,0,1,0,0,1,0,1,0,0,0,0,0.574222
0,0,1,1,1,0,0,1,1,0,0,0,1,1,1,0,0,0,0,0,1,0,1,0,0,0,1,1,0,0,1,1,0.572011
1,0,1,1,0,1,0,0,0,1,0,1,1,0,1,0,0,1,0,1,1,1,1,0,1,1,0,0,0,0,0,1,0.606032
0,0,1,0,0,0,1,1,1,0,1,0,1,1,1,1,1,1,0,1,1,1,0,0,1,0,0,1,1,1,1,1,0.645167
0,1,1,1,1,0,1,1,1,0,1,0,1,0,1,0,1,0,1,0,0,0,0,0,1,1,0,1,1,0,1,0,0.601076
0,0,1,0,0,0,0,0,1,0,0,1,1,1,0,0,1,1,1,1,0,1,0,0,0,0,0,0,1,1,0,1,0.586184
0,1,1,0,1,0,0,1,1,1,1,0,0,1,0,0,0,1,0,1,0,0,0,0,1,0,1,1,1,0,1,0,0.590553
0,1,1,0,0,0,1,1,0,1,1,0,1,1,0,0,0,1,0,0,1,1,1,1,1,1,1,1,1,0,0,1,0.632193
0,1,1,0,1,1,1,0,1,0,1,1,1,0,1,1,0,1,1,1,1,0,1,0,1,0,1,1,0,1,1,0,0.658728
1,0,1,1,1,1,1,0,0,0,1,1,0,0,0,1,1,0,1,1,0,1,0,0,0,1,1,1,0,1,0,1,0.621377
1,1,1,1,0,0,0,1,1,1,0,1,0,0,0,1,0,0,0,1,1,1,1,0,1,0,0,0,1,1,1,0,0.593004
0,1,0,1,1,1,1,0,1,1,0,1,1,1,1,0,0,0,0,1,0,1,1,1,0,0,0,0,0,0,0,1,0.589141
0,0,1,0,1,1,1,0,0,1,0,1,1,1,0,1,1,1,0,0,1,1,0,1,1,1,0,1,1,1,1,1,0.675485
1,0,1,0,0,0,1,1,0,1,1,1,0,0,1,1,1,0,1,0,1,1,1,1,0,1,1,0,0,1,0,1,0.645354
1,1,0,0,1,0,0,0,0,1,1,1,1,0,1,0,1,0,1,1,0,0,0,0,0,0,1,1,0,0,0,0,0.590926
0,1,1,0,1,1,1,0,1,1,1,1,0,0,0,0,0,0,1,0,1,1,0,0,0,1,0,0,0,1,1,0,0.568175
0,0,0,1,1,0,0,0,0,0,1,0,0,1,0,1,1,1,0,0,1,0,1,0,1,1,0,0,1,0,1,1,0.589221
1,1,1,0,0,1,1,0,0,0,1,1,0,0,0,0,0,0,0,1,1,1,1,0,1,1,0,1,0,1,1,0,0.590926
0,1,0,0,1,1,0,0,1,0,1,0,1,1,1,1,1,1,0,0,0,0,0,0,0,1,1,1,0,1,1,1,0.615090
1,1,1,0,1,0,0,1,1,0,1,1,0,0,1,0,1,1,0,1,0,1,0,1,0,1,0,1,1,1,0,1,0.638321
0,0,0,0,1,1,0,0,1,0,0,0,1,0,0,0,0,1,1,0,1,1,1,1,1,1,1,0,0,1,0,0,0.573902
1,0,1,1,1,0,0,1,1,0,0,0,0,1,1,1,1,0,1,0,1,1,0,1,1,1,1,0,0,1,0,0,0.603181
0,1,0,0,0,0,0,1,1,0,1,1,0,1,1,1,1,1,0,0,0,1,0,1,0,1,0,0,1,1,1,1,0.612745
1,1,1,1,1,1,1,1,1,1,1,1,1,0,0,1,1,1,0,0,0,0,0,0,0,0,1,0,1,1,1,1,0.621697
1,1,1,0,0,0,0,0,0,1,1,0,0,0,0,1,0,1,0,1,0,0,0,0,1,1,0,1,1,1,1,0,0.574036
0,0,1,0,0,0,1,1,1,1,0,0,1,0,0,0,0,0,0,1,0,1,1,1,1,1,1,0,0,0,0,0,0.581389
1,0,1,1,1,1,0,0,0,1,1,1,1,0,1,0,1,0,1,1,0,0,0,0,1,0,0,0,1,1,0,1,0.598998
1,0,0,0,1,0,1,1,0,1,1,0,1,1,1,1,0,0,1,0,1,0,0,0,0,0,0,1,1,0,0,1,0.559197
1,1,1,0,0,0,1,1,0,1,1,1,1,0,0,1,1,0,0,0,1,0,0,1,0,0,1,0,0,0,0,1,0.581255
1,1,0,1,0,1,1,1,0,0,1,0,1,0,0,0,1,0,1,0,0,0,1,1,0,1,0,0,0,1,0,1,0.591166
0,0,0,1,1,0,1,1,0,0,1,1,0,1,1,1,0,1,0,0,1,0,0,0,1,1,0,0,1,0,0,1,0.578192
0,0,1,1,0,0,0,1,1,1,0,0,1,1,0,0,1,1,1,1,1,1,0,0,0,1,1,1,1,1,1,1,0.650123
1,1,0,1,0,0,0,1,1,1,1,1,1,0,1,1,0,1,1,1,1,0,0,0,0,0,0,0,0,0,1,1,0.615409
1,1,0,1,0,1,1,0,0,0,1,0,0,1,0,0,0,1,0,0,0,1,1,0,0,0,1,1,1,0,0,1,0.573796
0,1,1,0,1,1,1,0,0,0,0,0,1,0,1,1,1,1,0,1,1,1,0,0,0,1,1,0,0,0,0,0,0.579524
0,0,1,1,1,1,1,1,1,1,1,0,1,1,0,0,1,0,1,1,0,1,0,1,1,0,0,1,0,0,0,0,0.611360
1,0,0,1,0,0,0,0,0,0,0,0,0,1,1,0,0,0,0,1,1,1,0,1,0,1,1,0,0,0,0,1,0.571585
0,1,0,0,0,0,1,1,0,0,1,0,0,0,0,1,0,0,0,1,0,1,1,0,0,1,1,0,0,0,0,1,0.517077
1,1,0,1,1,0,1,1,1,1,1,1,0,1,1,1,0,0,0,1,1,0,1,0,1,1,1,0,0,0,1,0,0.599211
1,0,1,0,1,1,1,1,0,0,1,1,1,1,0,0,0,0,0,0,1,1,0,1,0,0,1,1,0,0,0,1,0.555760
1,1,1,0,0,1,0,1,1,1,1,1,0,0,1,0,0,0,1,0,0,0,1,0,1,1,1,0,1,0,0,1,0.601876
1,0,0,0,0,1,1,1,0,0,1,0,1,1,1,0,1,1,1,0,1,1,0,1,0,1,1,0,0,0,0,0,0.600677
1,1,0,1,0,0,1,0,1,0,1,1,1,0,1,0,1,0,0,0,0,1,0,0,1,1,1,1,1,0,1,0,0.615835
1,1,1,1,0,0,0,0,1,0,0,0,0,1,0,1,1,0,1,0,0,1,0,1,1,0,0,0,0,0,0,1,0.587996
1,0,1,0,0,1,1,0,0,0,0,1,1,0,0,0,1,1,1,0,1,0,0,1,0,1,1,0,1,1,1,1,0.607044
1,1,1,1,1,1,1,0,1,0,1,0,0,1,0,1,1,1,0,0,1,0,0,1,1,0,1,0,0,1,0,0,0.598545
1,1,1,1,0,1,0,1,1,1,0,1,1,0,0,0,0,0,0,1,0,1,0,1,1,0,0,1,0,0,1,0,0.614370
0,0,0,1,1,0,0,1,0,0,0,0,0,0,1,0,1,0,0,0,0,1,1,0,0,1,1,0,1,0,0,1,0.521526
0,0,0,0,0,1,1,0,0,1,0,0,1,1,1,1,1,0,1,0,0,0,0,0,0,1,1,0,0,1,0,1,0.599584
0,0,0,0,0,1,1,1,1,1,0,1,0,0,0,0,0,0,0,1,1,0,0,0,0,0,0,1,0,0,1,1,0.540415
1,0,0,1,0,0,1,0,0,0,0,1,1,0,0,1,0,0,1,0,1,0,0,0,0,0,1,0,1,0,0,0,0.561754
0,1,1,1,0,0,1,0,1,0,0,0,0,1,1,1,1,1,0,0,0,0,0,1,0,0,1,1,1,0,0,0,0.593457
0,1,1,0,1,0,1,0,1,0,1,0,1,0,0,1,0,0,1,1,0,1,0,1,0,1,0,1,1,0,1,0,0.599904
0,1,0,1,0,1,1,1,0,0,0,1,0,1,1,0,0,0,1,0,0,0,0,0,1,1,0,1,1,1,1,0,0.610667
1,1,0,0,0,0,0,0,1,0,0,1,1,0,1,0,1,1,0,0,1,1,0,1,1,1,1,0,1,1,0,0,0.590500
0,0,1,0,0,1,0,0,1,0,1,0,1,1,1,1,1,0,0,1,0,1,1,1,1,0,0,1,1,0,1,0,0.600837
1,1,1,1,0,1,0,1,1,0,0,0,0,1,1,1,0,0,0,0,0,0,0,1,1,1,1,1,0,1,0,1,0.640718
1,1,0,0,0,1,1,1,0,0,0,1,1,0,0,1,1,0,1,0,0,0,0,0,0,0,1,0,1,0,0,0,0.572304
0,0,1,1,0,0,0,1,0,0,0,0,0,0,0,0,0,1,1,1,1,0,0,1,1,1,1,1,0,0,0,1,0.580483
1,1,1,1,1,1,0,0,1,1,0,0,0,0,0,1,1,1,1,0,1,0,1,1,1,0,1,0,0,0,0,0,0.589780
0,0,1,1,0,1,1,0,1,0,1,1,1,0,0,1,1,1,0,1,0,0,1,1,0,1,0,0,1,1,1,0,0.605685
0,1,1,1,1,1,0,0,1,1,0,1,0,0,0,1,0,1,1,0,0,0,0,1,0,0,1,0,0,1,1,1,0.573583
1,0,1,1,0,1,1,0,1,0,0,1,1,0,1,1,0,0,0,0,0,1,0,0,0,1,0,0,0,1,1,1,0.585305
0,0,1,0,0,0,1,0,1,1,0,1,1,0,1,1,1,0,0,0,1,1,0,0,0,0,1,1,0,1,0,0,0.591858
0,1,0,0,0,1,0,0,1,0,1,1,0,0,1,0,0,1,1,0,0,0,1,1,1,1,1,1,1,1,0,1,0.609362
1,1,1,0,0,1,0,1,0,0,0,1,1,1,1,1,1,0,0,0,1,0,1,0,1,1,0,0,1,0,1,1,0.617834
1,0,1,0,1,1,1,0,0,0,1,1,1,0,0,0,0,1,1,0,1,1,0,0,1,1,0,1,0,1,0,1,0.611440
0,1,1,1,0,0,1,0,1,0,1,1,1,0,0,1,1,0,1,1,1,1,0,1,0,0,0,0,1,0,1,1,0.639013
0,1,0,0,0,0,1,1,1,1,0,1,1,1,0,1,0,1,0,0,0,1,1,1,0,0,1,0,0,0,1,1,0.597107
0,1,0,0,0,1,0,1,1,1,1,0,1,1,0,0,0,1,1,1,0,0,0,1,1,1,0,0,0,0,0,1,0.634111
0,1,1,1,0,1,0,0,1,0,1,0,1,1,0,0,1,1,0,1,0,1,1,1,0,0,1,1,1,0,1,1,0.623295
0,0,1,0,1,0,0,0,1,1,0,1,0,0,0,1,1,1,1,0,1,0,0,1,1,0,1,1,1,0,1,0,0.597933
1,1,1,0,0,1,1,0,1,1,0,0,0,1,0,0,1,0,0,0,0,0,1,1,0,1,1,1,0,1,1,1,0.610934
1,1,1,1,1,0,1,0,0,0,1,1,1,0,0,0,0,1,1,0,0,1,0,1,1,1,0,1,0,1,0,1,0.606671
0,0,0,0,1,1,0,1,1,0,0,0,1,1,1,0,1,0,1,0,1,0,0,0,1,1,0,1,1,1,0,0,0.595322
1,1,1,0,0,1,1,0,1,1,0,0,0,0,1,1,0,0,1,0,0,1,0,1,1,0,0,1,1,0,1,1,0.603740
1,0,1,1,0,0,1,1,1,0,0,1,1,1,1,0,0,1,0,0,0,0,1,0,1,1,1,1,0,1,0,0,0.597666
1,0,0,0,1,1,1,0,1,1,1,1,1,0,1,1,0,1,1,0,0,0,0,0,1,0,1,1,0,0,0,1,0.613971
0,0,1,1,1,0,1,1,0,1,0,1,0,0,0,0,0,1,0,1,0,1,1,1,1,1,1,0,0,0,0,1,0.600783
0,0,0,1,1,1,0,0,0,1,0,0,1,0,0,1,0,0,1,1,1,0,0,0,1,0,1,1,1,1,0,1,0.583760
0,0,1,0,1,0,1,0,0,0,0,0,0,1,1,1,0,1,1,1,1,0,0,1,0,1,1,1,0,1,1,0,0.568654
1,0,0,1,0,0,1,1,1,0,0,1,1,0,1,0,0,0,0,0,0,0,1,0,1,1,1,1,0,1,1,1,0.587063
0,1,1,1,0,1,1,0,0,0,1,1,0,1,1,0,0,1,0,1,0,0,0,1,1,0,1,0,0,1,0,1,0.601876
0,0,0,0,0,0,1,1,0,0,1,0,1,0,1,0,0,0,0,0,1,1,1,1,0,0,0,0,0,0,0,0,0.475037
1,0,1,0,0,1,1,0,1,1,0,0,1,1,0,0,1,1,1,1,0,1,1,1,1,1,0,1,1,1,1,0,0.600117
0,0,1,0,0,0,1,0,0,1,1,1,1,1,1,0,0,1,0,1,1,1,0,0,1,1,1,1,0,0,0,0,0.577712
1,0,0,1,0,0,1,1,0,0,0,0,1,1,0,0,0,0,1,1,0,0,1,1,0,1,0,0,1,1,0,1,0.584719
1,0,1,0,1,1,1,1,1,0,1,1,1,1,0,0,0,1,1,0,1,1,1,0,0,1,0,0,1,1,1,1,0.586450
0,0,0,0,1,1,1,1,1,1,0,0,1,1,1,0,1,0,1,0,1,0,1,0,0,0,1,1,0,1,1,0,0.575634
1,0,0,1,1,1,1,0,1,0,1,0,1,1,0,1,1,1,1,1,0,0,1,0,1,1,1,0,0,1,1,0,0.602302
0,0,0,0,0,0,0,1,1,1,1,1,0,0,0,0,0,1,0,0,1,1,0,0,0,0,1,0,0,0,0,1,0.506234
1,0,0,1,0,0,0,0,1,0,0,1,1,0,0,0,0,1,1,0,0,1,0,0,1,1,1,0,0,1,0,1,0.576327
1,0,1,1,1,0,0,0,1,1,0,1,1,1,0,0,1,0,0,0,1,0,0,0,0,1,0,0,0,0,0,0,0.642663
1,0,1,0,1,0,1,0,1,0,1,0,0,0,0,1,0,1,1,0,0,1,1,0,1,1,0,0,0,0,1,0,0.607550
1,0,0,0,1,1,0,1,1,0,0,1,0,1,0,0,1,0,0,1,1,1,0,1,0,0,1,0,1,1,0,1,0.582614
1,1,0,0,1,0,0,0,1,0,0,1,1,1,1,0,1,0,0,0,1,1,0,1,1,1,0,0,0,1,0,0,0.582960
0,0,0,0,0,1,0,1,1,1,1,0,1,1,1,1,0,0,1,0,1,1,1,0,0,1,0,0,0,0,0,1,0.573956
0,0,0,1,1,1,0,1,1,0,0,0,1,1,0,0,1,1,1,0,0,0,0,1,1,1,1,1,1,0,1,1,0.608882
1,1,1,1,1,1,0,0,0,1,1,1,1,1,0,0,0,1,0,0,0,0,0,0,0,1,1,1,1,0,0,0,0.615436
1,0,0,0,1,0,1,0,1,0,0,1,1,0,0,1,1,0,0,1,0,1,0,1,0,0,0,1,0,1,0,1,0.578245
1,0,0,0,1,1,1,1,1,1,0,1,1,0,1,1,0,0,1,0,1,0,0,1,1,0,0,1,1,0,1,1,0.627664
1,1,1,0,0,1,0,0,0,0,1,1,1,0,0,1,0,0,0,1,0,1,1,0,1,1,1,0,0,1,1,1,0.599052
0,0,0,0,0,0,0,1,1,0,1,0,1,0,0,1,1,1,0,1,1,1,1,1,0,0,1,0,1,0,1,1,0.604273
0,0,0,1,1,1,1,0,1,0,1,1,0,1,0,0,0,0,0,1,0,0,0,1,0,0,0,1,1,1,0,1,0.579044
1,0,0,1,1,0,1,1,0,0,0,1,1,0,1,0,0,0,1,0,0,1,1,1,0,1,1,1,0,1,1,1,0.646473
1,1,1,1,0,1,0,1,1,1,0,0,0,0,0,1,1,1,0,0,1,1,1,1,0,0,0,0,1,1,0,1,0.559649
