0,1,1,1,1,1,0,1,0,1,0,1,0,0,0,1,1,1,1,0,1,1,1,0,0,0,1,0,1,0,0,0,0.618926
1,1,0,0,1,0,0,0,0,1,1,0,0,0,0,1,0,0,1,1,0,0,0,0,1,0,0,1,1,0,1,0,0.625703
0,0,1,0,0,0,1,0,1,0,0,1,0,0,1,1,0,0,1,0,0,0,0,0,0,0,1,0,1,0,0,0,0.551854
1,0,0,0,1,1,1,0,0,0,1,1,0,0,0,1,1,1,1,1,1,0,1,0,0,0,0,1,0,1,0,0,0.667413
0,1,1,0,0,1,0,1,0,0,1,0,0,1,1,0,1,0,0,1,0,0,1,0,0,0,0,0,0,1,1,0,0.579561
1,1,0,0,1,1,1,0,1,1,0,1,1,1,1,1,0,1,1,0,1,1,0,0,1,1,1,1,0,0,0,0,0.669224
1,0,1,0,1,0,1,1,0,0,0,1,1,1,0,1,0,0,0,0,0,1,1,0,0,1,1,0,1,1,0,1,0.581927
0,1,0,0,0,1,1,0,0,1,0,1,1,0,0,1,0,1,1,0,1,0,1,1,0,0,0,1,1,0,0,0,0.585720
0,0,0,1,0,0,1,1,1,1,1,1,1,0,1,0,0,0,0,0,1,0,1,0,0,0,1,1,0,1,1,0,0.569416
1,0,0,0,1,0,0,1,1,0,0,0,1,1,0,1,1,1,1,1,1,1,1,0,0,0,1,0,1,0,1,1,0.593755
1,1,0,1,0,1,1,0,0,1,1,1,0,0,1,0,0,1,0,1,0,1,0,0,1,0,0,0,1,1,0,1,0.617242
1,1,1,0,1,1,1,0,0,1,1,0,1,0,1,1,0,0,0,0,1,1,0,1,0,1,1,1,1,0,1,0,0.639280
1,1,0,0,1,0,1,1,0,0,0,0,0,1,0,1,1,1,0,1,1,0,0,1,1,1,0,1,1,0,0,0,0.730691
1,0,1,0,0,0,1,1,1,0,0,1,1,0,1,1,0,0,1,0,0,1,1,1,1,1,0,1,0,1,0,0,0.661637
0,0,1,1,1,1,0,0,1,0,1,0,0,1,1,1,0,1,0,1,1,0,0,1,0,0,1,0,1,0,0,0,0.587788
0,1,0,0,0,1,1,0,1,0,1,0,0,0,0,1,1,0,0,1,0,0,0,1,0,0,1,1,1,0,1,0,0.581905
1,1,0,0,0,0,0,0,1,1,1,0,1,1,0,1,0,1,1,1,0,0,0,0,1,1,0,0,1,0,0,0,0.654625
1,0,1,1,1,0,0,0,1,0,0,0,1,1,1,1,0,0,1,0,0,0,0,1,0,0,1,1,1,1,1,1,0.630456
0,1,1,0,1,0,0,1,1,0,1,1,1,1,1,1,0,0,0,1,0,1,1,0,1,1,0,1,0,1,0,0,0.605776
0,0,0,1,1,1,0,0,0,1,0,1,1,1,0,1,0,0,1,1,0,1,0,0,0,0,0,0,1,1,1,1,0.601939
1,0,1,1,0,0,1,1,0,1,0,1,1,1,1,1,1,1,0,1,1,1,1,1,1,0,0,1,0,1,0,1,0.622783
0,1,1,1,0,1,0,1,0,1,1,1,0,0,0,1,0,0,0,1,1,1,1,1,0,1,0,0,0,0,0,1,0.625831
0,0,0,0,1,1,0,0,0,1,1,1,0,0,0,0,0,1,1,1,0,0,0,1,1,1,0,1,1,0,1,0,0.587148
0,0,0,1,1,1,0,1,0,0,0,1,1,0,0,0,1,1,0,0,0,0,1,1,1,1,1,0,0,0,1,1,0.628538
1,0,0,1,0,0,1,1,1,0,1,0,0,1,0,0,0,1,1,1,1,0,1,0,0,0,1,0,0,0,0,1,0.616795
1,0,1,1,1,1,0,0,1,1,0,0,0,0,0,1,1,0,0,0,1,1,1,0,0,1,0,0,1,0,1,1,0.593883
0,0,1,1,1,1,0,1,1,1,0,1,1,1,0,0,1,0,0,0,0,1,0,0,1,1,0,1,1,0,0,1,0.625362
0,1,1,1,1,0,1,0,1,1,0,0,1,1,0,1,1,0,1,0,0,0,0,0,1,0,1,0,1,1,1,0,0.604028
0,0,0,1,0,0,1,1,0,1,0,0,0,1,0,1,0,1,0,0,0,0,1,1,1,1,1,1,0,0,1,0,0.580691
1,1,0,1,1,0,0,0,1,0,1,1,1,0,1,1,1,0,1,1,1,1,1,1,0,1,1,0,1,1,1,1,0.538406
0,0,1,0,1,0,0,0,0,0,1,0,1,0,0,1,0,0,0,0,1,1,0,0,1,0,1,0,1,1,0,0,0.573274
0,0,1,0,1,0,1,1,1,0,1,0,1,0,0,0,1,0,0,1,1,0,1,1,1,1,1,1,1,0,1,0,0.618457
1,0,1,1,0,1,1,1,0,1,1,1,1,0,1,0,1,0,0,1,1,1,0,0,1,1,1,1,1,1,0,1,0.605456
1,1,0,1,0,1,0,0,1,1,1,0,1,0,0,0,0,1,1,0,1,0,1,0,1,1,0,0,0,0,0,1,0.613214
0,0,1,0,0,1,1,0,1,1,1,1,1,1,1,0,1,0,0,0,0,1,0,0,0,0,1,0,1,1,1,1,0.688065
0,0,0,1,1,0,0,1,0,1,1,1,0,1,0,1,1,1,1,1,0,0,0,0,0,0,0,1,0,0,1,0,0.619970
0,0,0,1,0,1,1,0,0,0,1,1,1,0,0,1,0,0,0,1,1,0,0,0,0,0,1,0,1,0,1,1,0.575426
0,1,1,1,1,0,1,1,1,0,0,0,0,1,1,1,1,1,1,1,0,0,1,1,1,1,1,1,0,0,1,1,0.606628
0,1,1,1,0,0,0,1,1,0,0,1,0,1,1,1,0,1,0,1,0,1,1,1,0,1,0,1,0,0,1,1,0.623210
1,0,1,0,0,1,0,0,1,1,0,0,1,0,1,1,1,1,1,1,1,1,1,0,1,1,1,0,1,0,1,1,0.703538
1,1,1,0,1,1,1,0,0,0,1,0,0,1,0,1,0,1,0,1,1,0,1,0,0,0,0,0,0,1,0,1,0.603538
1,1,1,0,0,0,1,0,0,1,0,0,1,1,1,0,1,0,0,0,0,1,0,0,1,0,0,1,0,0,1,0,0.660656
1,1,0,0,0,0,0,1,1,1,1,1,0,1,1,0,1,0,0,1,0,0,1,0,0,1,0,1,1,1,1,1,0.605691
0,0,1,0,0,0,0,0,0,0,1,1,1,0,1,0,0,1,0,0,0,1,1,1,1,0,0,0,0,1,0,1,0.596888
1,0,1,1,1,1,1,0,1,1,0,0,1,1,0,0,0,0,0,0,0,1,0,0,1,0,0,1,0,1,0,1,0.590303
1,0,0,1,0,0,1,1,1,0,1,0,0,1,1,1,0,1,1,0,0,0,1,0,0,1,1,1,0,0,1,0,0.680882
0,0,1,0,1,0,1,1,1,1,1,0,0,1,1,1,1,1,1,1,1,0,0,0,0,1,1,1,0,0,0,1,0.631010
0,1,1,1,1,0,1,1,1,1,0,0,0,1,0,1,0,1,1,1,0,1,1,1,1,1,1,0,1,0,0,1,0.630691
0,1,1,0,0,0,1,1,1,1,1,1,0,1,0,0,0,0,0,1,0,0,1,1,1,1,0,1,1,1,0,0,0.586232
1,0,1,0,0,1,0,1,0,1,1,0,0,0,0,1,1,1,1,1,0,0,0,0,0,0,0,1,1,0,1,0,0.635827
1,0,1,0,1,1,1,1,0,1,1,1,1,0,0,1,1,1,0,0,0,0,0,0,1,0,1,0,0,0,1,1,0.593606
0,0,1,1,1,0,1,0,0,1,1,0,1,0,1,0,1,1,1,0,1,1,0,1,1,0,1,1,0,1,1,0,0.626215
0,1,0,1,1,0,1,1,0,1,0,1,0,1,1,0,1,0,0,1,1,1,0,1,0,0,1,0,1,1,1,1,0.621121
1,1,1,0,0,0,1,0,1,1,0,1,0,1,0,1,1,1,1,0,1,0,1,0,0,1,1,0,1,0,0,1,0.603815
1,0,1,0,1,0,0,1,0,1,0,0,1,1,1,0,1,0,1,0,0,0,1,1,1,1,0,1,1,1,0,1,0.615324
0,0,1,1,1,0,0,0,0,0,1,1,1,1,0,0,1,0,0,0,0,0,1,1,0,0,0,0,0,1,0,0,0.575746
1,0,1,1,0,1,1,0,0,0,1,1,1,1,1,0,0,0,0,1,0,0,1,1,1,1,0,0,0,0,0,1,0.622016
0,0,1,1,0,0,0,0,1,1,0,1,1,1,1,1,1,0,0,0,0,1,0,0,1,0,1,1,0,1,1,1,0.651726
0,1,0,1,0,1,0,1,1,1,0,0,0,1,1,0,0,1,0,0,1,1,0,0,1,0,0,0,0,0,0,1,0.597336
1,0,0,0,1,0,1,1,1,0,0,0,1,0,1,1,0,0,0,0,0,1,1,0,1,1,1,0,1,0,0,1,0.606650
0,1,0,0,1,0,0,1,0,1,1,0,1,1,1,1,1,0,1,1,0,1,1,0,0,0,1,0,0,1,0,0,0.610017
1,1,0,1,1,0,0,1,0,0,0,1,0,0,1,0,0,1,1,0,0,1,0,1,1,0,1,0,1,1,1,1,0.592882
1,1,0,1,0,1,0,0,0,1,1,1,0,1,0,1,1,1,0,1,0,0,0,0,0,0,1,1,1,1,1,0,0.657182
0,1,1,1,1,0,0,1,1,1,1,0,0,0,0,0,0,1,0,1,1,1,1,0,1,0,1,0,1,1,0,1,0.624297
0,1,0,1,1,1,1,0,1,0,1,0,1,1,1,0,0,0,0,0,0,1,0,0,1,1,0,0,1,0,1,0,0.589024
0,1,1,0,1,0,0,0,0,1,1,1,0,1,0,1,0,0,1,0,1,0,0,1,0,1,0,1,0,0,0,0,0.645226
0,0,0,0,0,0,0,1,1,0,0,0,1,0,1,0,0,0,0,1,0,0,1,1,0,0,1,0,1,0,0,0,0.525916
0,0,0,1,1,0,1,1,1,1,1,0,0,1,0,1,0,0,1,0,0,1,0,0,1,0,0,1,1,1,1,1,0.611850
1,1,0,1,0,1,0,1,1,0,0,0,1,0,1,1,1,1,0,0,0,1,0,1,0,0,1,0,1,0,1,1,0.551748
1,1,1,0,0,1,0,1,1,1,1,1,0,0,1,0,0,0,0,0,0,0,0,1,1,0,1,0,0,0,1,0,0.683227
0,1,0,1,0,0,1,1,0,0,0,1,0,0,0,1,0,0,0,1,1,0,0,1,1,1,0,0,0,1,0,1,0.634058
0,0,1,0,0,1,1,0,1,1,1,1,0,0,0,0,1,1,1,0,1,1,1,0,0,0,1,1,1,1,1,0,0.644309
1,0,1,1,1,1,0,1,1,1,1,0,1,1,1,1,1,0,1,1,0,0,0,1,1,1,1,0,0,1,1,0,0.668755
0,1,1,1,1,0,0,0,0,0,0,0,0,0,1,0,0,0,1,1,0,1,1,0,1,0,1,0,0,0,1,1,0.610784
0,1,0,0,0,0,1,0,0,1,0,1,1,0,0,1,1,1,0,0,0,0,0,0,1,1,0,0,0,1,1,1,0.625533
0,0,0,1,1,0,1,0,1,1,1,1,1,1,0,1,0,0,1,1,1,1,1,1,1,0,1,0,1,1,0,0,0.601023
0,1,1,0,0,0,0,0,1,1,0,0,0,1,0,0,0,0,0,1,1,1,1,1,1,1,1,0,1,0,0,1,0.654881
0,0,1,1,0,1,1,0,1,1,0,1,0,1,0,0,1,1,0,1,1,1,1,1,0,0,1,0,0,1,1,1,0.638342
0,1,1,0,0,1,0,0,1,0,0,1,0,0,0,0,1,1,1,1,1,0,0,1,1,0,1,1,0,1,0,0,0.646782
1,1,0,1,0,0,0,1,0,0,1,1,1,1,0,0,0,0,0,1,0,1,1,1,1,1,1,1,1,0,1,0,0.664557
1,1,1,1,1,1,1,1,1,1,0,1,1,1,1,0,0,0,1,0,0,1,0,0,0,0,0,0,0,1,0,0,0.838278
1,1,1,1,1,0,0,0,0,1,0,1,1,1,0,1,0,1,0,1,1,1,0,0,0,0,0,1,0,0,0,1,0.608717
0,1,0,1,0,1,0,1,0,0,0,1,0,1,1,1,1,1,1,1,0,1,0,1,1,0,0,0,1,0,0,0,0.638619
0,1,1,1,0,1,1,1,1,0,0,0,1,1,1,1,0,1,0,1,1,1,0,0,0,1,1,1,1,1,1,1,0.605818
1,1,1,0,0,0,0,0,0,1,0,0,0,0,1,0,0,1,1,0,0,1,1,0,0,1,1,1,1,1,0,0,0.659910
1,0,1,1,1,0,0,0,1,0,1,1,0,0,0,0,1,1,1,0,1,0,0,1,1,0,0,0,1,0,0,0,0.674595
1,1,0,1,1,0,0,0,1,1,1,1,1,0,0,0,1,1,0,1,1,1,0,1,1,0,0,0,0,0,0,0,0.693670
1,1,0,0,1,1,1,1,0,0,1,1,1,1,1,1,1,1,0,0,0,0,0,1,0,1,1,0,0,1,0,0,0.731820
1,0,1,0,1,0,1,0,0,1,1,0,1,1,1,1,1,0,1,1,0,1,1,0,1,0,1,0,1,0,1,1,0.726748
1,0,0,0,1,1,0,0,1,0,1,1,1,1,1,0,0,0,1,0,0,0,0,0,1,0,0,1,0,1,0,0,0.661616
0,1,1,1,1,0,0,0,0,0,1,0,1,1,1,1,0,0,0,0,1,1,1,0,1,1,1,0,0,1,0,0,0.595908
0,1,0,0,0,0,0,0,0,1,1,1,0,0,1,1,0,0,1,0,0,0,0,0,0,1,1,0,1,0,0,1,0.595354
1,1,1,1,1,0,1,1,1,1,0,1,1,1,0,1,1,1,1,1,1,1,0,1,0,0,1,0,0,1,1,0,0.815878
1,0,1,1,1,1,1,1,0,0,0,0,1,0,0,0,0,1,1,0,1,1,1,1,0,1,1,1,1,1,1,0,0.638640
1,0,0,0,1,1,1,0,0,1,1,1,0,0,0,1,0,0,1,1,1,1,0,0,0,1,0,1,0,1,1,1,0.611893
0,0,1,1,0,1,0,0,1,0,1,1,1,0,1,1,0,1,0,1,1,1,0,0,0,1,1,1,0,0,1,1,0.635784
0,0,1,0,1,1,0,1,1,0,0,1,0,0,1,1,1,0,0,0,0,1,0,1,0,1,0,0,1,1,0,0,0.593116
1,0,1,1,1,0,0,0,0,0,0,1,0,0,0,0,1,1,1,1,1,0,0,1,0,1,1,1,1,1,1,1,0.623146
0,1,1,1,1,1,0,1,1,0,0,0,1,0,1,0,1,0,0,0,0,1,1,0,0,0,0,1,0,0,0,0,0.633525
0,0,1,0,0,1,0,0,1,1,0,0,1,0,1,1,1,0,0,0,0,1,0,1,0,1,1,1,1,1,0,0,0.558568
0,1,1,0,0,1,1,1,1,1,1,0,0,0,0,0,0,1,0,1,1,1,0,0,1,0,0,1,1,1,0,1,0.642967
1,1,0,1,1,0,0,0,1,1,0,0,1,1,1,0,0,1,0,0,1,0,0,0,1,0,1,1,0,1,1,1,0.605712
0,1,1,1,1,0,1,1,1,1,1,0,0,1,1,1,1,0,0,1,1,1,1,0,0,1,0,0,1,0,0,0,0.640878
0,0,1,1,0,1,1,0,1,1,1,1,1,0,1,1,0,1,0,1,1,1,1,1,1,1,1,0,1,0,1,0,0.635571
1,0,0,1,1,1,1,0,1,1,1,0,0,0,1,1,1,0,0,0,1,0,1,1,0,0,0,1,0,0,0,0,0.712276
1,0,0,1,0,0,1,1,0,1,1,0,0,1,1,1,1,1,0,0,0,1,1,0,1,1,1,0,0,0,0,1,0.608014
0,1,1,0,0,1,1,0,0,1,1,1,1,0,1,1,0,0,1,1,1,1,1,0,1,0,0,1,1,0,1,1,0.668819
0,1,0,0,0,1,1,0,1,0,0,0,0,0,0,1,1,0,1,1,0,1,1,1,0,1,1,0,1,1,0,0,0.575639
1,1,1,1,1,0,1,0,0,1,1,1,1,0,0,0,0,0,0,0,1,1,0,0,0,1,0,1,1,0,0,1,0.598998
1,0,0,0,1,1,0,0,0,1,0,0,0,1,0,1,0,0,1,1,1,1,1,1,0,1,1,1,0,1,1,1,0.624616
1,1,1,1,0,1,0,0,0,0,0,1,0,1,1,1,1,1,0,1,0,0,0,0,1,0,0,0,1,1,0,1,0.605030
1,1,1,1,0,1,0,0,1,0,0,1,1,1,0,0,1,1,1,0,1,1,1,0,0,1,0,0,0,0,0,0,0.907097
0,0,1,1,0,0,1,0,1,1,0,0,0,0,0,0,1,1,1,0,1,0,0,0,1,0,1,0,1,0,0,1,0.670162
0,0,0,0,0,0,1,1,0,0,1,1,0,0,0,0,0,0,1,1,0,0,0,1,1,0,0,1,0,1,1,1,0.571654
1,1,0,0,0,0,0,0,0,0,1,1,0,0,0,0,1,1,0,1,0,1,1,0,1,1,1,0,0,1,0,0,0.682523
1,1,1,1,0,1,0,1,1,1,1,1,1,1,0,0,0,0,0,0,1,0,1,1,1,0,0,0,1,1,1,0,0.664834
0,1,1,1,0,0,1,0,0,0,0,1,1,1,0,0,0,1,0,0,0,1,0,1,1,0,1,1,0,1,0,1,0.634569
0,1,1,1,0,0,1,1,1,1,0,1,0,0,1,1,0,1,1,1,1,1,1,1,1,0,0,0,1,0,1,1,0.617455
0,0,0,0,0,0,1,0,1,0,1,1,0,0,0,1,0,1,1,0,1,1,0,1,1,0,1,0,0,0,0,1,0.618777
0,0,0,1,1,1,1,0,1,0,0,1,1,0,1,0,0,0,1,1,1,0,0,0,1,1,1,0,0,1,0,0,0.610827
1,0,1,0,0,0,0,1,0,0,0,1,0,1,1,0,1,1,1,0,0,1,0,1,0,1,0,0,0,1,1,0,0.632161
0,0,1,1,0,0,1,1,1,0,0,1,1,1,1,0,1,0,1,0,1,0,0,1,1,1,0,1,0,0,1,0,0.612809
0,1,0,1,0,1,1,1,0,1,0,0,0,0,0,1,0,1,1,1,1,0,0,1,1,0,1,0,0,0,0,1,0.626066
1,1,1,0,1,1,0,0,1,1,1,0,1,0,0,0,1,1,0,1,0,0,0,1,1,1,0,0,1,0,1,0,0.663384
0,1,1,1,1,1,0,0,1,1,0,0,0,1,1,1,0,0,0,0,1,1,1,1,0,0,1,0,0,1,1,1,0.605904
0,0,0,1,1,1,0,0,1,0,1,1,1,1,0,0,0,0,0,1,1,0,0,0,0,1,0,1,0,0,0,0,0.577685
0,0,1,1,1,1,0,1,0,0,1,0,1,0,0,1,1,1,0,1,0,1,0,0,1,0,0,0,1,1,1,0,0.610891
1,0,1,1,0,1,0,0,1,0,1,1,0,1,0,0,1,0,0,1,0,0,1,0,0,1,1,1,0,1,1,0,0.639024
