1,0,1,1,1,1,0,0,1,1,0,0,0,0,0,1,1,0,0,0,1,1,1,0,0,1,0,0,1,0,1,1,0.593910
0,0,0,0,1,1,0,0,0,1,1,1,0,0,0,0,0,1,1,1,0,0,0,1,1,1,0,1,1,0,1,0,0.597613
0,1,1,0,0,1,0,1,0,0,1,0,0,1,1,0,1,0,0,1,0,0,1,0,0,0,0,0,0,1,1,0,0.577765
1,1,1,0,1,1,0,0,1,1,1,0,1,0,0,0,1,1,0,1,0,0,0,1,1,1,0,0,1,0,1,0,0.658728
0,0,1,0,1,0,1,1,1,0,1,0,1,0,0,0,1,0,0,1,1,0,1,1,1,1,1,1,1,0,1,0,0.616235
1,0,0,0,1,1,0,0,0,1,0,0,0,1,0,1,0,0,1,1,1,1,1,1,0,1,1,1,0,1,1,1,0.621110
1,1,0,0,1,0,0,0,0,1,1,0,0,0,0,1,0,0,1,1,0,0,0,0,1,0,0,1,1,0,1,0,0.617434
0,0,0,1,1,0,1,0,1,1,1,1,1,1,0,1,0,0,1,1,1,1,1,1,1,0,1,0,1,1,0,0,0.600091
0,0,1,0,0,0,1,0,1,0,0,1,0,0,1,1,0,0,1,0,0,0,0,0,0,0,1,0,1,0,0,0,0.553549
0,0,1,0,1,0,0,0,0,0,1,0,1,0,0,1,0,0,0,0,1,1,0,0,1,0,1,0,1,1,0,0,0.581229
1,1,1,0,0,0,1,0,0,1,0,0,1,1,1,0,1,0,0,0,0,1,0,0,1,0,0,1,0,0,1,0,0.649590
1,1,1,1,0,1,0,0,1,0,0,1,1,1,0,0,1,1,1,0,1,1,1,0,0,1,0,0,0,0,0,0,0.902947
0,1,0,0,0,1,1,0,1,0,0,0,0,0,0,1,1,0,1,1,0,1,1,1,0,1,1,0,1,1,0,0,0.571771
0,1,0,0,0,0,1,0,0,1,0,1,1,0,0,1,1,1,0,0,0,0,0,0,1,1,0,0,0,1,1,1,0.625613
1,0,1,0,1,1,1,1,0,1,1,1,1,0,0,1,1,1,0,0,0,0,0,0,1,0,1,0,0,0,1,1,0.593137
0,1,1,0,1,0,0,0,0,1,1,1,0,1,0,1,0,0,1,0,1,0,0,1,0,1,0,1,0,0,0,0,0.646020
0,1,0,0,0,1,1,0,1,0,1,0,0,0,0,1,1,0,0,1,0,0,0,1,0,0,1,1,1,0,1,0,0.580962
0,1,1,1,1,0,1,1,1,0,0,0,0,1,1,1,1,1,1,1,0,0,1,1,1,1,1,1,0,0,1,1,0.602035
0,0,0,1,1,1,0,1,0,0,0,1,1,0,0,0,1,1,0,0,0,0,1,1,1,1,1,0,0,0,1,1,0.624361
0,1,0,0,0,0,0,0,0,1,1,1,0,0,1,1,0,0,1,0,0,0,0,0,0,1,1,0,1,0,0,1,0.592791
1,1,0,1,1,0,0,1,0,0,0,1,0,0,1,0,0,1,1,0,0,1,0,1,1,0,1,0,1,1,1,1,0.593963
0,1,0,0,0,1,1,0,0,1,0,1,1,0,0,1,0,1,1,0,1,0,1,1,0,0,0,1,1,0,0,0,0.590020
0,1,0,0,1,0,0,1,0,1,1,0,1,1,1,1,1,0,1,1,0,1,1,0,0,0,1,0,0,1,0,0,0.606458
0,0,0,1,1,1,0,0,1,0,1,1,1,1,0,0,0,0,0,1,1,0,0,0,0,1,0,1,0,0,0,0,0.582827
0,1,1,0,0,1,1,1,1,1,1,0,0,0,0,0,0,1,0,1,1,1,0,0,1,0,0,1,1,1,0,1,0.638587
0,0,0,1,1,0,0,1,0,1,1,1,0,1,0,1,1,1,1,1,0,0,0,0,0,0,0,1,0,0,1,0,0.620125
1,0,0,0,1,0,1,1,1,0,0,0,1,0,1,1,0,0,0,0,0,1,1,0,1,1,1,0,1,0,0,1,0.599984
0,0,1,1,0,0,1,0,1,1,0,0,0,0,0,0,1,1,1,0,1,0,0,0,1,0,1,0,1,0,0,1,0.669464
1,0,1,1,1,0,0,0,1,0,1,1,0,0,0,0,1,1,1,0,1,0,0,1,1,0,0,0,1,0,0,0,0.663843
0,1,1,1,1,0,1,1,1,1,0,0,0,1,0,1,0,1,1,1,0,1,1,1,1,1,1,0,1,0,0,1,0.627851
1,1,1,1,1,0,1,1,1,1,0,1,1,1,0,1,1,1,1,1,1,1,0,1,0,0,1,0,0,1,1,0,0.806772
0,0,0,0,0,0,1,1,0,0,1,1,0,0,0,0,0,0,1,1,0,0,0,1,1,0,0,1,0,1,1,1,0.570279
0,0,1,1,1,1,0,1,0,0,1,0,1,0,0,1,1,1,0,1,0,1,0,0,1,0,0,0,1,1,1,0,0.603421
1,1,0,1,1,0,0,0,1,1,1,1,1,0,0,0,1,1,0,1,1,1,0,1,1,0,0,0,0,0,0,0,0.683637
0,1,0,1,1,1,1,0,1,0,1,0,1,1,1,0,0,0,0,0,0,1,0,0,1,1,0,0,1,0,1,0,0.586663
1,1,0,1,1,0,0,0,1,1,0,0,1,1,1,0,0,1,0,0,1,0,0,0,1,0,1,1,0,1,1,1,0.604327
0,1,1,1,1,1,0,0,1,1,0,0,0,1,1,1,0,0,0,0,1,1,1,1,0,0,1,0,0,1,1,1,0.602915
1,1,0,0,0,0,0,0,0,0,1,1,0,0,0,0,1,1,0,1,0,1,1,0,1,1,1,0,0,1,0,0,0.671355
0,0,0,1,0,0,1,1,0,1,0,0,0,1,0,1,0,1,0,0,0,0,1,1,1,1,1,1,0,0,1,0,0.581762
1,0,1,0,1,0,1,1,0,0,0,1,1,1,0,1,0,0,0,0,0,1,1,0,0,1,1,0,1,1,0,1,0.578005
0,1,0,1,0,1,0,1,1,1,0,0,0,1,1,0,0,1,0,0,1,1,0,0,1,0,0,0,0,0,0,1,0.594762
1,1,0,0,0,0,0,0,1,1,1,0,1,1,0,1,0,1,1,1,0,0,0,0,1,1,0,0,1,0,0,0,0.644661
0,1,0,1,0,1,1,1,0,1,0,0,0,0,0,1,0,1,1,1,1,0,0,1,1,0,1,0,0,0,0,1,0.626705
1,1,1,1,0,1,0,1,1,1,1,1,1,1,0,0,0,0,0,0,1,0,1,1,1,0,0,0,1,1,1,0,0.652520
0,0,1,0,1,0,1,1,1,1,1,0,0,1,1,1,1,1,1,1,1,0,0,0,0,1,1,1,0,0,0,1,0.631660
1,0,1,1,1,1,0,1,1,1,1,0,1,1,1,1,1,0,1,1,0,0,0,1,1,1,1,0,0,1,1,0,0.658781
1,1,0,1,0,1,0,0,1,1,1,0,1,0,0,0,0,1,1,0,1,0,1,0,1,1,0,0,0,0,0,1,0.603421
1,1,0,0,0,0,0,1,1,1,1,1,0,1,1,0,1,0,0,1,0,0,1,0,0,1,0,1,1,1,1,1,0.604726
1,1,0,0,1,1,1,0,1,1,0,1,1,1,1,1,0,1,1,0,1,1,0,0,1,1,1,1,0,0,0,0,0.657262
0,0,1,1,0,1,1,0,1,1,0,1,0,1,0,0,1,1,0,1,1,1,1,1,0,0,1,0,0,1,1,1,0.637468
1,1,1,1,1,0,1,0,0,1,1,1,1,0,0,0,0,0,0,0,1,1,0,0,0,1,0,1,1,0,0,1,0.590766
1,0,0,0,1,1,0,0,1,0,1,1,1,1,1,0,0,0,1,0,0,0,0,0,1,0,0,1,0,1,0,0,0.648444
0,0,1,1,0,1,0,0,1,0,1,1,1,0,1,1,0,1,0,1,1,1,0,0,0,1,1,1,0,0,1,1,0.634644
0,0,1,1,1,1,0,0,1,0,1,0,0,1,1,1,0,1,0,1,1,0,0,1,0,0,1,0,1,0,0,0,0.588582
1,0,1,1,1,1,1,1,0,0,0,0,1,0,0,0,0,1,1,0,1,1,1,1,0,1,1,1,1,1,1,0,0.627877
0,0,1,1,1,1,0,1,1,1,0,1,1,1,0,0,1,0,0,0,0,1,0,0,1,1,0,1,1,0,0,1,0.622229
1,1,0,1,0,1,0,1,1,0,0,0,1,0,1,1,1,1,0,0,0,1,0,1,0,0,1,0,1,0,1,1,0.547874
1,0,0,0,1,1,1,0,0,1,1,1,0,0,0,1,0,0,1,1,1,1,0,0,0,1,0,1,0,1,1,1,0.609149
1,0,1,0,0,1,0,1,0,1,1,0,0,0,0,1,1,1,1,1,0,0,0,0,0,0,0,1,1,0,1,0,0.627931
0,1,1,1,1,1,0,1,1,0,0,0,1,0,1,0,1,0,0,0,0,1,1,0,0,0,0,1,0,0,0,0,0.634591
1,1,1,0,1,1,1,0,0,1,1,0,1,0,1,1,0,0,0,0,1,1,0,1,0,1,1,1,1,0,1,0,0.630009
0,1,1,1,1,0,0,0,0,0,1,0,1,1,1,1,0,0,0,0,1,1,1,0,1,1,1,0,0,1,0,0,0.595668
0,1,0,1,0,0,1,1,0,0,0,1,0,0,0,1,0,0,0,1,1,0,0,1,1,1,0,0,0,1,0,1,0.632646
0,0,1,1,0,0,1,1,1,0,0,1,1,1,1,0,1,0,1,0,1,0,0,1,1,1,0,1,0,0,1,0,0.608429
0,1,1,1,1,0,0,0,0,0,0,0,0,0,1,0,0,0,1,1,0,1,1,0,1,0,1,0,0,0,1,1,0.608509
0,1,1,1,0,0,1,0,0,0,0,1,1,1,0,0,0,1,0,0,0,1,0,1,1,0,1,1,0,1,0,1,0.634937
1,1,1,1,1,0,0,0,0,1,0,1,1,1,0,1,0,1,0,1,1,1,0,0,0,0,0,1,0,0,0,1,0.601609
1,0,0,1,1,1,1,0,1,1,1,0,0,0,1,1,1,0,0,0,1,0,1,1,0,0,0,1,0,0,0,0,0.701460
1,1,1,1,0,1,0,0,0,0,0,1,0,1,1,1,1,1,0,1,0,0,0,0,1,0,0,0,1,1,0,1,0.598519
0,0,1,0,0,1,1,0,1,1,1,1,0,0,0,0,1,1,1,0,1,1,1,0,0,0,1,1,1,1,1,0,0.648418
0,1,1,1,1,0,1,1,1,1,1,0,0,1,1,1,1,0,0,1,1,1,1,0,0,1,0,0,1,0,0,0,0.637894
0,1,1,0,0,1,1,0,0,1,1,1,1,0,1,1,0,0,1,1,1,1,1,0,1,0,0,1,1,0,1,1,0.669437
1,0,1,1,0,1,0,0,1,0,1,1,0,1,0,0,1,0,0,1,0,0,1,0,0,1,1,1,0,1,1,0,0.631021
1,1,0,0,1,1,1,1,0,0,1,1,1,1,1,1,1,1,0,0,0,0,0,1,0,1,1,0,0,1,0,0,0.719416
0,0,0,1,1,1,0,0,0,1,0,1,1,1,0,1,0,0,1,1,0,1,0,0,0,0,0,0,1,1,1,1,0.600703
1,1,0,0,1,0,1,1,0,0,0,0,0,1,0,1,1,1,0,1,1,0,0,1,1,1,0,1,1,0,0,0,0.721840
1,0,1,1,1,1,1,0,1,1,0,0,1,1,0,0,0,0,0,0,0,1,0,0,1,0,0,1,0,1,0,1,0.579444
1,1,0,1,1,0,0,0,1,0,1,1,1,0,1,1,1,0,1,1,1,1,1,1,0,1,1,0,1,1,1,1,0.537404
0,0,0,1,0,1,1,0,0,0,1,1,1,0,0,1,0,0,0,1,1,0,0,0,0,0,1,0,1,0,1,1,0.575714
1,0,0,0,1,1,1,0,0,0,1,1,0,0,0,1,1,1,1,1,1,0,1,0,0,0,0,1,0,1,0,0,0.656143
0,1,1,1,1,1,0,1,0,1,0,1,0,0,0,1,1,1,1,0,1,1,1,0,0,0,1,0,1,0,0,0,0.614956
0,1,1,0,0,1,0,0,1,0,0,1,0,0,0,0,1,1,1,1,1,0,0,1,1,0,1,1,0,1,0,0,0.648631
0,0,1,1,1,0,0,0,0,0,1,1,1,1,0,0,1,0,0,0,0,0,1,1,0,0,0,0,0,1,0,0,0.576034
1,0,1,0,0,0,0,1,0,0,0,1,0,1,1,0,1,1,1,0,0,1,0,1,0,1,0,0,0,1,1,0,0.623002
1,0,1,0,0,0,1,1,1,0,0,1,1,0,1,1,0,0,1,0,0,1,1,1,1,1,0,1,0,1,0,0,0.648684
1,0,0,1,0,0,1,1,1,0,1,0,0,1,0,0,0,1,1,1,1,0,1,0,0,0,1,0,0,0,0,1,0.609548
1,1,0,1,0,0,0,1,0,0,1,1,1,1,0,0,0,0,0,1,0,1,1,1,1,1,1,1,1,0,1,0,0.654971
0,0,1,1,0,0,0,0,1,1,0,1,1,1,1,1,1,0,0,0,0,1,0,0,1,0,1,1,0,1,1,1,0.648631
1,0,1,1,1,0,0,0,1,0,0,0,1,1,1,1,0,0,1,0,0,0,0,1,0,0,1,1,1,1,1,1,0.633152
0,0,0,0,0,0,0,1,1,0,0,0,1,0,1,0,0,0,0,1,0,0,1,1,0,0,1,0,1,0,0,0,0.529598
0,1,0,1,1,0,1,1,0,1,0,1,0,1,1,0,1,0,0,1,1,1,0,1,0,0,1,0,1,1,1,1,0.617674
0,0,1,1,1,0,1,0,0,1,1,0,1,0,1,0,1,1,1,0,1,1,0,1,1,0,1,1,0,1,1,0,0.625506
0,0,0,1,0,0,1,1,1,1,1,1,1,0,1,0,0,0,0,0,1,0,1,0,0,0,1,1,0,1,1,0,0.572863
1,0,0,1,0,0,1,1,1,0,1,0,0,1,1,1,0,1,1,0,0,0,1,0,0,1,1,1,0,0,1,0,0.670689
1,0,1,0,0,1,0,0,1,1,0,0,1,0,1,1,1,1,1,1,1,1,1,0,1,1,1,0,1,0,1,1,0.709905
0,0,1,0,0,1,0,0,1,1,0,0,1,0,1,1,1,0,0,0,0,1,0,1,0,1,1,1,1,1,0,0,0.560182
1,0,0,1,0,0,1,1,0,1,1,0,0,1,1,1,1,1,0,0,0,1,1,0,1,1,1,0,0,0,0,1,0.600970
0,1,0,1,0,1,0,1,0,0,0,1,0,1,1,1,1,1,1,1,0,1,0,1,1,0,0,0,1,0,0,0,0.633472
1,0,0,0,1,0,0,1,1,0,0,0,1,1,0,1,1,1,1,1,1,1,1,0,0,0,1,0,1,0,1,1,0.593191
1,1,1,0,0,0,1,0,1,1,0,1,0,1,0,1,1,1,1,0,1,0,1,0,0,1,1,0,1,0,0,1,0.599078
1,0,1,0,1,0,0,1,0,1,0,0,1,1,1,0,1,0,1,0,0,0,1,1,1,1,0,1,1,1,0,1,0.613544
0,1,1,1,1,0,1,0,1,1,0,0,1,1,0,1,1,0,1,0,0,0,0,0,1,0,1,0,1,1,1,0,0.596334
0,1,1,0,1,0,0,1,1,0,1,1,1,1,1,1,0,0,0,1,0,1,1,0,1,1,0,1,0,1,0,0,0.602835
0,0,0,1,1,1,1,0,1,0,0,1,1,0,1,0,0,0,1,1,1,0,0,0,1,1,1,0,0,1,0,0,0.611360
0,1,1,1,0,1,0,1,0,1,1,1,0,0,0,1,0,0,0,1,1,1,1,1,0,1,0,0,0,0,0,1,0.623535
0,0,0,1,1,0,1,1,1,1,1,0,0,1,0,1,0,0,1,0,0,1,0,0,1,0,0,1,1,1,1,1,0.615196
0,1,1,1,1,0,0,1,1,1,1,0,0,0,0,0,0,1,0,1,1,1,1,0,1,0,1,0,1,1,0,1,0.622016
0,0,1,0,0,0,0,0,0,0,1,1,1,0,1,0,0,1,0,0,0,1,1,1,1,0,0,0,0,1,0,1,0.592604
1,1,1,0,1,1,1,0,0,0,1,0,0,1,0,1,0,1,0,1,1,0,1,0,0,0,0,0,0,1,0,1,0.596787
0,1,1,1,0,1,1,1,1,0,0,0,1,1,1,1,0,1,0,1,1,1,0,0,0,1,1,1,1,1,1,1,0.603874
1,0,1,1,0,1,1,1,0,1,1,1,1,0,1,0,1,0,0,1,1,1,0,0,1,1,1,1,1,1,0,1,0.597720
0,1,1,0,0,0,1,1,1,1,1,1,0,1,0,0,0,0,0,1,0,0,1,1,1,1,0,1,1,1,0,0,0.583999
0,1,1,0,0,0,0,0,1,1,0,0,0,1,0,0,0,0,0,1,1,1,1,1,1,1,1,0,1,0,0,1,0.653586
1,1,1,1,1,1,1,1,1,1,0,1,1,1,1,0,0,0,1,0,0,1,0,0,0,0,0,0,0,1,0,0,0.829364
0,0,1,1,0,1,1,0,1,1,1,1,1,0,1,1,0,1,0,1,1,1,1,1,1,1,1,0,1,0,1,0,0.635124
1,0,1,1,0,0,1,1,0,1,0,1,1,1,1,1,1,1,0,1,1,1,1,1,1,0,0,1,0,1,0,1,0.624441
1,1,0,1,0,1,1,0,0,1,1,1,0,0,1,0,0,1,0,1,0,1,0,0,1,0,0,0,1,1,0,1,0.613065
1,1,1,0,0,1,0,1,1,1,1,1,0,0,1,0,0,0,0,0,0,0,0,1,1,0,1,0,0,0,1,0,0.670370
1,0,1,1,0,1,1,0,0,0,1,1,1,1,1,0,0,0,0,1,0,0,1,1,1,1,0,0,0,0,0,1,0.613571
0,0,1,0,1,1,0,1,1,0,0,1,0,0,1,1,1,0,0,0,0,1,0,1,0,1,0,0,1,1,0,0,0.597267
0,1,1,1,0,0,1,1,1,1,0,1,0,0,1,1,0,1,1,1,1,1,1,1,1,0,0,0,1,0,1,1,0.614717
0,0,1,0,0,1,1,0,1,1,1,1,1,1,1,0,1,0,0,0,0,1,0,0,0,0,1,0,1,1,1,1,0.688992
1,1,0,1,0,1,0,0,0,1,1,1,0,1,0,1,1,1,0,1,0,0,0,0,0,0,1,1,1,1,1,0,0.644794
1,0,1,1,1,0,0,0,0,0,0,1,0,0,0,0,1,1,1,1,1,0,0,1,0,1,1,1,1,1,1,1,0.619725
1,1,1,0,0,0,0,0,0,1,0,0,0,0,1,0,0,1,1,0,0,1,1,0,0,1,1,1,1,1,0,0,0.650549
0,0,0,0,0,0,1,0,1,0,1,1,0,0,0,1,0,1,1,0,1,1,0,1,1,0,1,0,0,0,0,1,0.615036
1,0,1,0,1,0,1,0,0,1,1,0,1,1,1,1,1,0,1,1,0,1,1,0,1,0,1,0,1,0,1,1,0.733509
0,1,1,1,0,0,0,1,1,0,0,1,0,1,1,1,0,1,0,1,0,1,1,1,0,1,0,1,0,0,1,1,0.620125
