0,0,1,1,0,1,1,0,0,0,0,0,0,1,1,0,0,0,0,1,0,1,0,1,1,1,0,1,0,1,1,1,0.604327
1,1,1,0,0,0,0,1,1,1,1,0,0,1,1,0,0,1,1,1,0,1,1,0,1,1,1,1,0,1,0,1,0.591379
0,0,0,0,0,1,1,1,1,1,1,1,0,0,1,0,0,1,1,0,0,1,1,0,0,0,0,0,0,0,0,0,0.582667
1,1,1,0,0,1,0,0,1,0,0,1,1,1,0,1,1,1,1,0,1,1,0,1,0,0,0,1,0,0,1,0,0.594256
0,1,1,1,1,1,0,1,0,1,0,1,0,1,0,0,0,1,0,0,0,1,0,1,0,0,1,0,0,1,0,0,0.593270
1,0,0,1,1,1,1,1,1,1,1,0,0,1,1,0,0,0,1,0,1,0,0,0,0,1,1,0,0,1,1,1,0.590926
0,1,0,1,1,1,1,1,0,1,0,1,0,0,1,1,0,1,1,0,1,0,1,1,0,0,1,0,0,1,1,0,0.587729
1,1,0,0,0,0,1,0,0,0,1,0,0,0,1,1,0,1,1,1,1,0,0,1,1,0,0,0,0,1,0,1,0.595748
0,0,0,1,0,1,0,1,0,1,1,0,1,0,1,0,1,1,1,0,0,0,0,1,1,0,1,0,0,0,1,0,0.592285
0,1,0,0,1,0,0,1,0,0,0,1,0,1,1,0,0,1,0,0,0,1,1,0,1,0,0,0,1,0,1,1,0.583387
1,1,1,1,1,0,1,0,0,0,0,1,1,1,0,1,0,0,1,0,0,0,0,0,1,1,1,0,1,1,0,1,0.597453
1,0,1,0,1,1,1,0,1,1,0,0,0,0,0,0,0,1,0,1,1,0,0,0,0,0,0,1,1,1,1,1,0.595615
1,0,0,1,1,0,1,1,1,1,0,0,0,1,0,1,0,0,0,1,0,0,1,0,1,0,1,0,1,1,1,1,0.572011
1,0,0,0,1,0,1,1,1,1,1,0,0,0,0,1,1,1,1,0,1,1,0,1,0,1,1,1,0,0,0,0,0.596414
0,1,1,1,0,1,0,0,1,1,0,0,1,0,0,1,1,1,0,1,1,1,0,1,0,0,0,1,0,1,0,0,0.595375
1,1,0,0,0,0,0,1,0,0,1,0,1,1,0,0,0,0,1,1,1,0,0,0,0,1,0,1,0,0,0,1,0.591086
1,0,0,0,1,0,1,1,1,0,1,1,0,1,1,1,0,0,0,0,0,1,1,1,1,0,1,1,0,1,1,1,0.543159
0,0,0,1,0,1,1,0,1,0,0,1,1,0,1,0,1,1,1,1,1,0,0,0,1,1,0,0,0,0,1,0,0.598359
0,1,1,1,0,1,0,0,1,0,0,0,1,1,1,1,1,1,0,0,0,0,0,0,1,1,1,0,0,1,1,0,0.596148
0,1,1,0,1,1,0,1,0,1,1,1,1,0,1,0,1,0,1,0,0,0,0,1,0,0,1,1,0,0,0,1,0.594070
0,1,1,1,1,0,1,1,1,0,1,1,1,0,1,0,0,1,1,0,1,1,1,0,1,0,0,0,1,1,0,1,0.579231
0,1,1,0,1,1,1,0,0,1,1,0,0,0,1,1,0,1,0,1,0,1,0,1,1,0,1,0,0,0,0,1,0.595881
0,0,0,1,0,0,0,0,0,1,0,1,0,0,1,1,0,1,1,0,0,1,0,1,1,1,0,1,1,0,0,1,0.578138
0,0,1,1,1,1,1,0,1,1,0,1,1,0,0,1,1,1,0,0,1,0,0,1,1,1,1,1,0,0,0,1,0.597506
1,1,1,1,1,1,1,1,0,1,1,1,0,1,0,0,0,1,0,0,1,0,1,0,0,0,1,0,1,0,0,1,0.590713
1,1,1,1,0,1,0,1,1,1,0,1,0,1,1,1,1,0,0,0,1,0,0,1,1,1,1,0,0,1,1,0,0.594922
1,1,0,1,1,1,1,0,1,1,0,0,1,0,1,1,0,1,0,1,0,1,1,1,0,0,0,1,0,1,0,0,0.591965
0,1,1,0,1,1,1,1,1,1,1,0,1,1,1,1,0,0,1,0,1,1,0,0,0,1,1,0,0,0,0,1,0.595482
1,0,1,0,0,1,1,0,0,0,1,1,1,1,1,0,0,0,0,0,1,0,0,1,0,1,1,0,1,1,1,0,0.584665
0,0,0,1,0,1,0,1,0,1,1,1,0,1,1,1,1,1,1,0,0,0,0,1,1,1,1,1,1,1,0,0,0.590047
1,1,0,1,0,0,0,1,0,0,0,1,1,0,0,1,0,1,0,1,1,0,1,0,0,0,0,0,1,1,0,0,0.584825
1,0,0,1,1,1,1,1,0,0,1,0,0,0,0,1,0,1,0,0,1,0,1,0,1,1,0,0,0,0,1,1,0.594682
1,1,1,0,0,0,1,0,1,0,0,0,0,0,0,1,0,1,1,0,1,0,1,1,0,1,1,1,0,1,1,1,0.592844
0,0,0,1,1,1,0,1,0,0,1,0,1,0,1,0,1,1,0,1,0,0,0,1,0,0,0,0,1,0,0,1,0.588662
0,0,1,1,1,0,1,1,0,0,0,1,0,0,0,0,0,0,0,1,1,1,1,0,0,0,0,0,0,0,0,0,0.589061
1,0,1,0,0,0,0,1,1,0,1,0,0,0,1,1,0,1,1,0,0,1,1,0,0,0,0,1,1,0,1,1,0.591432
1,0,0,0,0,0,1,1,0,0,0,1,0,0,1,1,1,1,0,1,0,0,0,1,0,1,0,0,1,1,0,0,0.591752
0,1,0,0,1,1,0,0,0,0,0,0,1,0,1,0,1,0,1,0,0,1,0,0,0,0,1,0,1,1,0,0,0.575341
1,0,1,0,1,1,1,0,1,1,1,1,1,0,0,1,1,1,1,1,1,1,0,1,1,1,1,1,1,0,1,0,0.592391
1,0,1,0,0,0,0,1,1,0,0,0,0,0,0,1,0,0,0,1,0,1,1,0,1,1,0,1,0,1,0,1,0.596547
0,0,1,0,0,0,0,0,0,0,1,0,0,1,1,1,1,1,1,0,1,1,0,0,0,0,0,0,0,0,1,0,0.592311
1,1,1,1,0,0,1,0,1,1,0,0,0,1,0,1,0,0,1,1,0,0,1,0,0,0,0,1,0,0,0,1,0.600943
1,1,0,1,0,1,1,1,0,1,1,0,1,0,0,0,0,1,0,1,0,1,1,0,1,0,1,1,1,1,0,1,0.589008
1,0,1,0,0,1,1,1,1,0,0,1,0,1,1,1,1,1,0,0,1,0,0,0,1,0,0,1,0,1,1,0,0.592658
0,1,1,0,1,1,1,0,1,0,1,0,0,1,0,0,0,0,1,0,0,0,0,0,1,1,0,0,1,1,0,0,0.596414
1,0,1,0,1,1,0,0,0,0,0,0,1,1,1,1,1,1,0,1,1,0,0,1,0,0,0,1,1,0,0,1,0.570412
0,1,1,1,0,0,0,0,0,0,1,1,1,0,1,1,0,1,1,0,1,0,1,1,0,1,0,0,0,0,1,1,0.596467
1,1,1,1,1,1,1,1,1,1,0,0,0,1,1,0,0,1,1,1,0,0,1,0,1,1,0,1,1,1,0,0,0.595242
0,1,0,0,0,1,0,0,0,0,0,1,0,0,0,0,1,0,0,0,0,0,1,0,1,1,1,0,0,0,1,0,0.576007
1,0,1,1,1,0,1,1,0,0,1,1,0,0,1,1,1,0,1,0,0,0,0,1,1,1,0,1,0,0,1,0,0.592578
0,0,1,1,1,0,0,0,0,0,1,1,0,1,1,0,0,0,0,0,1,0,1,0,0,0,1,1,1,0,0,0,0.591725
1,0,0,1,0,0,1,1,1,0,0,0,1,0,1,0,0,1,0,0,0,0,0,0,0,1,1,0,1,1,1,1,0.589754
1,0,0,0,0,1,1,0,1,1,0,1,0,0,1,0,1,0,1,0,0,0,0,1,0,0,0,1,0,0,1,0,0.600224
1,1,0,1,1,1,0,0,0,1,1,0,1,1,1,1,1,0,0,0,1,1,1,0,1,1,1,0,0,0,0,0,0.597533
1,1,1,1,0,0,0,0,1,1,1,1,1,1,0,0,1,0,1,1,0,0,0,1,1,1,1,1,0,0,1,1,0.589035
0,1,0,1,1,1,1,1,1,1,1,1,1,1,1,1,0,0,1,0,1,1,0,0,1,1,1,1,1,0,0,1,0.590819
1,0,1,0,0,0,1,0,1,0,0,0,0,0,1,0,0,0,0,0,1,0,0,1,1,1,0,0,0,0,0,1,0.594096
0,0,0,0,1,1,1,1,1,0,1,1,0,0,0,0,1,1,1,0,1,0,1,0,1,1,0,1,1,0,0,0,0.592285
1,0,1,1,1,0,0,0,1,1,0,1,0,0,1,0,1,0,0,0,0,1,0,0,1,1,1,0,0,1,0,0,0.601423
0,1,1,1,0,0,0,0,1,1,1,0,1,0,1,0,1,0,0,0,1,0,0,1,0,1,0,1,0,0,1,0,0.594150
1,1,0,1,0,0,1,1,0,0,1,1,1,1,1,0,0,1,1,0,1,1,0,0,1,1,0,0,1,0,1,0,0.591912
1,1,0,1,0,0,0,1,1,1,1,0,0,0,1,1,0,1,0,1,0,1,0,0,0,1,1,1,0,1,0,0,0.595162
0,1,1,1,0,0,0,1,1,0,0,0,0,0,1,0,1,0,1,0,1,1,0,1,1,0,0,1,1,1,0,1,0.590393
1,1,1,0,0,1,1,1,1,1,0,0,0,0,1,1,0,0,1,0,0,0,1,0,0,1,1,0,1,1,0,0,0.592072
1,0,1,0,1,0,1,0,0,1,0,0,1,1,0,1,0,0,1,1,0,0,1,0,1,1,0,0,0,0,1,1,0.597107
1,1,0,1,0,0,1,1,1,1,1,0,0,0,0,1,0,0,1,0,1,0,1,0,0,1,1,1,1,1,1,0,0.593484
1,1,1,1,0,1,0,0,1,0,0,0,1,1,1,1,1,1,0,1,0,1,0,0,1,1,0,1,0,1,1,0,0.605099
0,0,0,0,1,1,0,0,0,1,0,1,0,1,1,1,0,0,1,0,1,0,0,1,1,0,0,1,0,0,1,1,0.564658
0,1,0,0,1,0,1,0,1,1,0,0,0,0,0,0,0,1,1,0,1,0,0,0,1,1,1,1,0,0,0,0,0.595695
1,0,0,1,0,0,1,0,1,1,1,1,0,1,1,0,0,0,1,1,0,0,0,1,0,0,0,1,0,0,1,1,0.600091
1,1,0,1,1,0,0,0,1,1,1,0,0,0,1,0,1,0,1,0,1,1,1,0,1,1,1,0,0,1,1,1,0.603527
1,1,0,0,1,0,1,0,0,1,0,1,0,0,1,0,1,1,1,1,1,0,1,1,1,0,1,1,1,1,0,1,0.592684
0,0,0,0,1,1,1,1,0,1,1,0,0,1,1,0,0,0,1,1,0,0,1,0,0,0,1,1,1,0,1,1,0.561941
0,1,1,0,1,0,0,1,0,1,1,1,1,0,0,1,0,0,1,1,1,0,1,0,1,0,1,1,0,1,0,0,0.594762
0,0,1,0,1,0,1,1,0,1,1,0,1,1,0,1,0,1,1,1,0,1,1,0,1,0,0,0,1,1,0,1,0.575794
1,0,0,1,1,1,1,0,0,0,0,1,1,0,1,1,1,1,0,0,0,1,1,0,1,1,1,1,1,1,0,1,0.596121
1,1,0,0,0,1,1,1,0,1,0,1,1,0,0,1,0,1,1,1,0,1,1,0,1,0,1,0,1,1,1,0,0.588635
0,0,1,1,0,1,0,0,0,0,0,0,1,1,1,1,1,0,0,1,1,0,1,0,1,0,0,0,0,1,1,0,0.586690
0,1,0,1,1,1,0,0,1,1,0,1,0,0,1,1,0,1,0,0,0,1,1,1,0,1,1,0,1,0,0,0,0.597586
1,0,1,1,1,0,1,0,1,1,0,0,0,1,1,0,1,1,0,0,0,1,1,1,0,1,1,1,1,1,0,1,0.601076
0,0,0,1,0,0,0,0,1,0,0,0,0,1,0,1,1,0,1,0,0,1,1,1,1,1,1,0,1,0,1,1,0.590287
1,0,1,0,0,1,0,1,0,1,1,1,1,0,1,0,0,0,0,0,1,0,0,0,0,1,0,0,1,0,0,0,0.590153
0,1,0,0,0,1,0,1,0,1,1,1,0,1,0,0,1,0,0,0,0,0,1,0,0,0,0,1,0,0,0,1,0.590313
1,0,1,1,0,0,0,1,0,0,0,0,1,0,0,0,0,0,1,0,0,0,1,0,1,1,1,0,0,0,0,0,0.584932
1,0,0,0,1,0,0,0,0,0,1,0,1,1,1,0,0,0,0,1,0,0,1,1,0,1,1,1,1,1,0,0,0.569613
0,0,1,0,0,1,1,1,0,0,0,1,1,1,1,1,1,1,0,0,1,1,0,0,0,1,0,1,0,0,0,0,0.576380
0,1,0,1,1,1,1,1,0,1,1,0,0,0,0,0,0,0,1,1,1,1,0,1,0,0,1,1,1,0,0,1,0.592125
0,0,0,1,0,0,1,1,1,0,0,1,0,1,0,0,0,0,1,1,0,0,0,1,1,1,1,0,1,1,0,1,0.589061
1,1,1,1,0,0,0,0,0,0,1,1,1,0,1,0,0,0,0,1,1,0,1,0,1,1,0,1,1,0,1,0,0.597133
1,1,1,1,0,1,1,1,1,0,1,0,1,1,0,1,0,1,0,1,1,0,0,0,0,1,1,0,0,0,0,1,0.594709
1,1,1,1,0,0,1,0,0,1,1,0,1,0,0,0,0,0,0,0,1,0,0,1,1,1,1,0,0,1,0,1,0.594256
1,1,1,1,0,0,0,0,0,0,0,0,1,0,0,0,0,1,1,1,0,0,0,0,1,0,1,1,0,1,0,0,0.592525
1,1,0,0,0,1,0,1,0,0,1,0,1,1,1,0,1,1,1,1,0,1,1,1,0,1,0,0,1,0,1,0,0.587409
1,1,0,0,0,0,0,1,0,1,0,1,0,0,0,1,0,1,0,1,0,1,0,0,1,0,1,1,1,0,0,1,0.589168
1,1,0,0,0,0,1,0,0,0,0,0,0,1,1,1,0,0,1,1,0,1,1,1,1,0,1,0,1,1,1,0,0.574941
0,0,0,0,0,0,0,0,0,1,0,0,0,1,1,0,1,1,1,1,1,1,1,0,0,1,0,0,1,1,0,1,0.591406
0,1,1,1,0,1,0,0,0,0,0,1,0,0,0,0,0,0,0,1,1,0,1,0,1,1,0,0,0,1,1,1,0.592205
0,1,1,1,0,0,0,1,1,1,1,1,0,1,0,1,1,1,0,0,1,0,1,1,0,0,0,0,0,1,1,0,0.590979
0,0,0,1,1,0,0,1,1,0,0,1,1,1,0,1,0,1,1,0,1,0,1,0,1,0,0,0,1,0,0,0,0.588289
0,0,1,0,1,0,1,0,1,1,0,0,1,1,0,1,1,1,1,1,1,1,1,1,1,1,0,0,0,0,0,0,0.589567
1,1,0,1,1,0,0,0,1,1,1,1,1,1,1,1,0,0,1,0,0,0,1,0,1,1,0,1,1,0,0,0,0.595082
1,1,0,0,0,1,0,0,0,1,1,0,1,1,0,0,1,0,1,0,1,0,0,1,0,0,0,0,0,0,0,1,0.592658
1,1,1,0,0,1,1,0,0,1,1,1,0,1,0,1,0,1,0,1,1,1,1,1,1,1,1,1,1,1,0,1,0.567082
1,1,0,1,0,1,0,1,0,1,1,1,1,1,0,0,0,1,0,1,0,0,1,0,1,0,0,1,0,1,0,1,0.596334
0,0,0,0,0,1,1,0,1,0,0,0,1,1,1,1,1,1,1,0,1,0,1,0,0,0,0,1,1,0,0,1,0.588528
0,0,0,0,1,1,1,0,0,0,0,0,1,1,1,1,1,1,1,0,1,0,0,0,0,1,0,0,0,1,1,0,0.578911
0,1,1,1,0,0,0,1,0,0,1,1,1,0,1,0,1,0,1,0,1,1,1,1,0,0,0,1,1,0,0,0,0.594469
0,1,0,1,1,0,1,0,1,0,1,0,1,0,0,0,0,1,0,0,1,1,1,1,1,1,0,1,0,0,1,0,0.587942
1,1,0,1,1,1,0,0,1,1,0,0,0,0,1,1,1,1,1,1,1,1,1,1,0,1,1,0,1,1,0,0,0.599611
0,0,1,1,1,1,1,0,0,0,1,1,0,0,0,1,0,1,1,1,1,0,0,1,1,1,1,0,0,1,0,1,0.593031
1,1,0,0,1,1,0,0,0,0,1,0,1,0,0,0,0,0,1,0,1,0,1,1,0,0,1,0,0,1,0,1,0.573636
0,0,0,0,0,1,1,1,0,0,0,1,0,1,0,0,1,0,0,1,1,1,0,1,0,1,0,0,1,1,0,0,0.564418
1,0,1,0,0,0,0,1,0,1,1,0,0,1,1,0,0,0,1,1,1,0,0,0,1,1,0,1,0,0,0,1,0.592152
0,0,0,0,1,1,1,0,1,1,0,0,1,1,1,1,1,1,1,0,0,1,1,1,0,0,1,0,1,0,0,0,0.556506
0,1,1,0,1,1,0,1,0,0,1,1,1,0,0,1,0,1,0,1,0,1,1,0,0,0,0,0,0,1,1,1,0.594656
0,1,0,1,0,1,0,0,0,1,1,1,1,0,1,1,1,1,0,1,1,0,1,1,0,1,1,1,1,1,0,0,0.589994
0,1,1,1,1,0,1,0,1,1,1,0,1,0,0,1,0,1,1,0,0,1,1,0,1,1,1,1,1,0,1,0,0.592231
0,1,1,0,1,0,0,0,1,1,0,1,1,0,1,0,0,0,0,1,0,0,1,0,0,0,1,1,0,1,0,1,0.595348
0,1,1,0,0,1,0,0,1,0,1,0,1,1,1,1,1,1,0,0,0,0,0,0,1,0,1,1,1,1,0,1,0.596334
0,0,0,0,1,1,1,0,0,0,1,1,0,1,0,0,0,0,0,0,0,0,0,0,1,1,0,0,1,1,1,0,0.544304
1,0,0,1,1,0,1,1,1,0,1,1,0,1,0,0,1,0,1,0,1,1,0,0,0,0,0,1,1,1,0,1,0.602462
0,0,0,1,0,0,0,1,0,1,1,1,1,0,1,0,1,1,0,0,0,0,0,0,1,1,0,0,0,1,0,0,0.589754
1,0,0,1,0,0,1,1,0,1,1,0,0,0,1,1,0,0,1,1,1,0,0,0,0,0,1,1,1,0,1,0,0.594975
0,0,1,1,0,0,0,1,0,0,0,0,1,1,1,0,0,0,0,0,0,0,0,1,0,1,0,1,1,0,1,1,0.577899
1,0,1,1,0,0,0,1,0,0,0,1,1,1,0,0,0,1,0,0,0,1,0,1,1,1,0,1,0,0,1,0,0.594736
0,0,1,1,1,0,1,0,0,0,1,1,0,1,0,1,0,0,1,0,1,1,1,0,0,1,1,1,1,1,0,0,0.596707
0,1,1,0,0,1,0,0,0,1,0,0,0,1,0,0,0,1,1,0,1,1,0,0,1,1,1,1,1,0,1,1,0.600650
0,0,1,0,1,0,1,1,1,1,0,1,0,0,0,0,1,1,0,1,1,1,1,1,1,0,1,1,1,1,0,1,0.588928
