0,0,1,0,1,0,1,0,1,1,1,0,1,1,0,1,0,1,1,0,1,1,1,0,1,0,0,0,1,0,1,1,0.646766
1,1,0,0,1,1,0,1,1,1,0,1,0,0,1,0,1,1,1,0,0,1,1,1,0,0,1,1,1,0,0,1,0.610774
1,1,0,0,1,1,1,0,1,0,1,0,1,1,0,0,0,0,1,0,1,1,1,1,1,0,0,1,1,0,1,0,0.623881
0,0,0,0,1,0,0,1,1,0,0,1,0,1,1,1,1,0,1,1,0,0,0,1,0,1,1,0,1,0,0,0,0.659047
1,1,1,0,0,1,1,0,0,0,0,1,0,1,0,1,1,1,0,1,1,0,1,1,1,1,1,1,0,1,0,0,0.625559
1,1,0,1,1,0,0,1,0,0,1,0,0,1,0,0,1,1,0,0,0,0,1,0,0,1,1,1,0,0,0,1,0.706335
1,0,0,1,0,0,0,0,1,1,0,1,0,0,0,1,0,1,1,1,0,0,1,0,1,0,0,1,0,0,0,0,0.618073
1,0,0,1,1,1,1,0,1,0,0,1,0,0,0,1,0,0,1,0,1,1,1,0,1,0,1,0,1,1,0,1,0.619805
1,1,0,0,1,0,1,0,1,0,1,1,0,0,0,1,1,1,0,0,1,1,0,1,0,0,1,1,0,0,0,1,0.659580
0,1,0,0,1,0,1,0,1,0,0,0,0,0,1,0,1,0,1,1,1,1,0,1,1,1,0,0,1,0,0,0,0.709372
1,0,0,0,1,1,1,1,0,0,1,1,1,1,0,0,0,1,1,0,1,1,0,1,1,1,0,1,1,1,0,0,0.562047
0,0,0,1,1,0,0,1,1,1,1,1,1,1,1,1,1,1,1,1,1,1,0,0,0,0,1,0,1,0,0,0,0.644022
1,1,0,1,1,1,0,1,1,1,0,1,0,0,0,1,0,1,0,1,0,1,1,1,1,0,1,1,1,0,0,1,0.661072
1,1,1,1,1,1,1,1,0,1,1,1,0,1,0,1,0,0,1,1,0,1,0,0,0,1,1,1,1,0,0,0,0.687633
1,0,0,1,0,0,0,0,0,0,0,1,0,1,1,1,1,0,1,1,0,1,0,1,1,0,0,0,0,1,1,0,0.650469
1,1,1,0,1,1,0,1,0,1,0,0,0,1,1,1,0,0,0,1,1,1,1,0,1,1,0,1,0,1,1,0,0.518329
0,1,1,0,1,1,1,0,0,0,1,0,1,1,0,1,0,1,1,0,1,0,0,1,0,0,0,0,0,0,1,1,0.729566
1,0,0,1,0,0,1,0,1,1,0,1,1,1,1,0,1,0,1,1,1,0,0,0,1,1,0,1,1,1,1,1,0.627771
1,0,0,0,0,1,1,0,0,1,1,1,1,1,1,1,0,0,1,1,1,1,1,1,0,0,0,1,0,1,1,0,0.660486
0,1,0,0,1,1,1,0,0,0,0,1,1,0,0,0,0,1,1,1,1,0,1,0,1,0,0,1,0,1,0,1,0.630355
0,0,1,0,0,0,0,1,0,0,0,0,0,1,1,0,1,0,0,0,0,1,0,0,1,1,1,0,0,0,0,1,0.620684
1,0,0,0,0,0,1,1,1,1,0,1,0,0,1,1,0,0,1,1,0,1,1,1,0,1,0,0,1,1,1,1,0.549046
0,0,1,1,0,1,1,1,0,1,0,0,1,0,1,1,0,0,1,0,0,0,0,1,1,1,0,0,1,0,0,1,0.661418
1,0,0,1,0,0,0,1,1,1,0,0,0,1,0,0,0,0,0,0,0,0,0,1,1,0,1,1,0,1,0,0,0.639493
1,1,0,0,1,0,1,1,1,1,1,0,1,1,1,1,1,1,0,0,1,0,0,1,0,1,0,0,1,0,1,1,0.625533
1,1,1,0,0,1,0,0,1,1,1,0,0,0,0,0,0,0,0,1,1,1,0,1,1,0,0,0,1,1,0,0,0.665654
1,1,1,0,1,0,1,1,1,1,0,0,0,0,1,0,1,1,0,0,0,0,0,0,1,1,1,1,0,1,1,1,0.670796
0,0,0,0,1,1,1,1,0,1,1,1,0,1,1,0,1,0,1,1,1,1,0,0,0,1,0,0,1,1,0,0,0.681666
0,0,0,0,0,1,0,1,0,0,1,0,0,0,0,0,0,0,1,0,1,0,1,1,1,1,0,1,0,1,1,0,0.675911
1,1,0,0,0,1,0,1,0,0,0,0,0,0,0,0,0,0,0,1,1,0,0,0,1,1,1,1,1,0,0,1,0.687980
1,0,1,1,0,1,1,1,0,0,0,0,1,1,0,0,0,0,0,0,0,0,1,0,1,1,0,1,1,1,0,0,0.621270
1,1,0,0,0,0,1,0,1,1,1,1,1,0,0,1,1,1,0,1,1,0,1,0,1,0,0,0,0,1,1,1,0.653506
1,0,1,1,0,0,0,1,0,0,0,0,1,0,1,1,1,1,0,1,1,0,0,1,1,1,0,0,0,0,1,1,0.615383
1,0,1,1,1,1,0,1,0,0,0,1,0,1,0,0,0,1,0,1,1,0,1,0,1,1,0,1,1,0,1,0,0.635656
0,1,1,0,1,1,1,1,0,1,1,0,0,1,1,0,0,1,1,0,0,1,1,0,1,1,1,0,0,0,1,0,0.702419
1,1,0,0,0,0,0,1,1,0,0,0,1,1,1,1,0,1,0,0,1,1,1,1,0,1,1,0,0,0,1,1,0.603847
0,0,1,0,0,0,1,0,0,1,0,1,1,0,0,1,1,0,1,0,0,0,1,1,0,1,1,0,0,0,0,1,0.664988
0,0,0,1,1,0,1,0,0,0,0,0,0,0,1,1,0,0,0,0,0,1,1,0,1,0,0,0,0,1,1,0,0.597586
0,0,0,0,0,0,1,1,1,0,1,0,1,0,0,0,0,1,1,1,0,0,0,0,1,1,0,0,1,0,0,0,0.771926
1,0,0,1,0,0,0,0,1,1,1,0,1,0,0,0,0,1,1,1,1,1,1,0,0,1,1,0,0,1,1,1,0.670396
0,0,0,1,1,0,1,0,0,1,1,1,0,1,1,1,1,1,1,1,1,1,0,1,0,1,0,1,0,0,0,1,0.628250
0,1,0,1,0,1,1,1,0,1,1,0,0,0,0,1,0,1,0,1,1,1,0,0,0,1,1,1,0,1,1,0,0.866208
0,0,0,0,1,1,0,0,1,0,0,0,1,0,1,0,0,0,1,0,1,1,0,0,0,0,1,1,0,0,1,1,0.622069
0,1,0,0,1,1,1,1,1,1,0,1,1,0,1,0,1,0,1,1,1,0,1,1,0,0,1,1,1,0,0,0,0.633126
0,1,0,1,0,0,1,0,1,0,0,1,0,1,0,0,0,0,0,0,1,1,0,0,0,0,0,0,0,1,0,1,0.716272
1,0,0,1,0,0,0,0,0,0,0,1,0,0,0,0,1,0,0,0,0,0,0,1,1,1,1,0,0,0,1,0,0.667173
1,1,0,1,1,0,0,1,1,1,0,1,0,0,0,1,0,0,1,1,1,0,0,0,1,0,1,0,0,1,1,0,0.681879
0,1,1,0,0,1,0,0,0,0,1,1,0,1,0,0,0,0,1,1,1,1,1,1,0,0,0,0,0,1,0,0,0.750586
1,0,1,1,1,0,1,1,1,1,0,1,1,0,0,0,0,0,1,1,1,0,0,0,0,0,0,1,0,0,0,0,0.648231
0,0,0,1,0,0,0,0,1,0,0,0,0,0,1,0,0,0,0,1,0,0,1,0,1,1,1,0,0,0,0,0,0.667333
1,0,1,0,0,1,0,1,0,0,0,0,1,1,1,0,1,0,1,0,0,1,0,1,1,0,0,1,1,0,0,0,0.855952
1,0,1,0,1,0,1,0,0,0,1,0,1,1,0,0,0,1,0,1,0,1,0,0,1,0,0,0,1,1,1,0,0.660886
1,1,0,1,0,1,0,0,0,0,1,0,1,0,0,1,1,1,0,1,1,0,1,1,1,1,1,1,0,1,0,0,0.624121
0,1,0,1,1,0,0,1,1,0,0,1,1,0,0,0,1,0,0,1,1,1,1,1,1,0,0,0,0,0,1,0,0.689658
0,0,1,1,1,1,0,1,0,1,1,0,1,0,1,1,1,1,0,0,0,1,1,1,0,0,1,0,0,1,1,1,0.607497
1,0,1,0,1,0,1,1,1,0,0,1,1,0,1,1,1,1,1,0,0,0,0,0,0,1,1,1,1,1,1,0,0.629422
1,1,1,1,1,1,1,0,0,1,0,0,1,0,0,1,1,0,1,0,1,0,0,0,1,1,0,0,0,0,0,1,0.632992
1,1,1,1,1,1,0,0,0,1,0,1,1,0,0,0,1,0,0,0,0,1,1,0,1,0,1,0,0,1,1,0,0.701220
1,0,1,0,1,0,0,1,0,1,0,1,0,0,1,0,1,1,1,1,0,1,1,1,0,1,0,1,0,1,1,0,0.616022
1,1,1,0,0,1,1,0,1,1,0,0,1,1,0,1,1,0,0,1,0,1,0,0,0,0,0,0,1,1,1,1,0.643755
0,0,0,0,1,1,1,0,0,0,1,0,0,0,1,0,1,0,0,0,0,0,1,0,1,1,0,0,0,1,1,1,0.610214
1,0,1,0,0,0,1,0,1,0,1,0,1,1,1,1,1,0,0,1,0,0,1,0,1,0,1,0,0,0,1,0,0.706122
0,1,1,0,1,0,1,1,1,1,0,1,1,1,1,1,0,1,1,1,0,0,0,0,0,1,0,1,0,0,1,0,0.674259
1,1,1,0,1,0,0,1,0,0,1,0,0,1,0,0,0,1,0,1,0,1,1,1,1,0,1,0,0,0,1,1,0.608456
0,1,1,0,0,0,0,0,0,1,1,0,0,1,1,1,0,0,0,0,1,1,1,0,0,1,0,0,0,1,0,0,0.703858
1,0,1,1,0,1,0,0,1,0,1,0,0,0,0,0,1,1,0,1,1,1,1,0,0,0,1,0,1,0,0,1,0.690777
0,0,1,0,0,1,1,0,0,0,0,1,0,1,0,1,0,1,1,1,1,0,1,0,0,0,1,0,0,1,1,1,0.641011
0,0,0,1,1,0,1,0,1,0,1,0,0,0,0,0,0,1,0,1,1,0,0,1,0,0,1,0,0,0,1,0,0.751039
0,1,1,1,1,0,1,1,1,0,0,1,1,1,1,0,0,0,1,0,1,0,0,1,1,1,1,0,0,1,1,1,0.587969
0,1,1,1,1,1,1,0,1,0,1,1,1,1,0,0,0,0,1,1,0,1,1,1,1,1,1,0,1,0,0,0,0.666454
1,0,0,1,1,1,1,1,1,1,1,1,1,1,1,1,1,1,0,0,0,0,0,0,1,1,1,0,1,1,0,0,0.637841
1,1,1,1,1,0,1,1,0,0,1,0,1,1,1,0,1,0,1,0,1,1,1,0,1,1,1,0,0,0,0,1,0.650149
1,0,0,0,1,1,0,1,0,1,1,1,0,0,0,0,1,0,1,1,1,0,1,0,0,1,0,1,0,1,0,1,0.648844
0,1,1,1,1,1,1,1,1,1,0,0,1,0,1,1,1,1,0,0,1,0,0,0,0,1,0,1,0,1,1,0,0.651295
1,1,1,0,1,1,1,1,1,1,1,1,1,0,0,0,1,0,0,0,0,0,0,0,0,1,1,0,0,0,0,1,0.658808
1,1,1,0,1,1,1,1,1,0,1,1,0,0,0,0,0,1,1,0,0,0,1,1,0,0,1,0,1,0,0,1,0.668398
1,0,0,1,0,0,0,0,1,1,0,0,0,1,1,1,0,0,0,1,0,1,1,0,0,1,1,0,1,0,1,1,0.659127
0,1,1,1,1,0,1,0,1,0,1,0,0,0,0,0,0,1,0,1,1,0,0,1,1,1,1,0,1,1,1,0,0.649909
1,1,1,1,0,1,1,0,0,0,1,0,0,0,1,0,1,1,1,1,1,0,1,1,1,0,1,0,1,0,0,0,0.684170
0,0,0,0,0,0,1,1,0,0,0,1,1,1,0,1,0,0,0,0,0,0,1,0,0,1,1,0,0,0,1,0,0.610720
0,1,1,1,0,1,0,0,0,0,0,0,0,0,1,1,1,0,1,0,1,1,0,0,0,0,1,1,0,0,0,1,0.712356
0,0,1,1,0,1,1,0,1,1,0,0,0,1,0,0,1,1,1,0,1,0,1,0,0,1,0,0,1,0,0,1,0.645967
1,0,1,0,1,0,0,0,0,0,1,1,0,0,1,0,0,1,1,0,0,1,0,0,1,1,1,1,0,1,1,0,0.605366
0,0,0,1,0,0,0,0,0,0,0,1,0,1,1,1,1,1,0,0,0,0,1,0,1,1,1,1,0,1,0,1,0.655691
0,0,1,0,1,0,0,0,0,1,0,0,1,0,1,0,0,0,1,0,1,0,1,0,0,0,0,1,0,0,1,1,0.537218
1,1,0,0,1,1,1,1,1,1,0,1,0,0,1,1,1,0,1,0,1,1,0,1,0,1,1,1,1,1,1,1,0.511109
1,0,0,1,0,1,0,0,0,1,0,0,1,1,1,1,0,1,0,0,1,0,0,0,0,0,0,1,0,1,0,0,0.654838
1,0,0,0,1,1,1,1,1,1,0,0,0,1,1,1,0,1,1,0,0,1,1,1,1,0,1,0,0,0,0,0,0.636402
0,1,0,1,0,1,1,0,1,0,0,0,0,0,1,1,0,1,1,1,1,1,0,1,1,1,1,0,1,0,0,0,0.655158
1,1,0,1,1,1,1,1,0,0,1,1,0,0,1,1,1,1,0,1,1,1,1,0,1,0,1,0,0,0,1,0,0.680760
1,0,1,0,0,1,0,0,0,1,1,1,1,1,1,0,0,0,1,1,0,1,0,1,1,0,1,1,0,1,1,1,0.500160
1,0,0,1,0,0,1,0,0,1,0,1,0,1,1,1,0,0,0,0,1,0,0,1,1,0,1,1,1,1,1,0,0.689232
1,1,0,1,0,1,0,0,1,0,0,0,1,0,0,1,0,1,0,1,0,0,0,1,0,0,0,1,0,0,0,1,0.683584
1,1,1,0,0,1,0,0,1,0,1,0,0,1,0,1,0,0,0,0,1,0,0,1,0,0,0,1,1,0,0,1,0.649856
0,0,1,1,0,1,1,1,1,0,0,1,0,1,1,1,0,0,0,1,0,1,1,0,0,0,1,0,0,1,1,0,0.653906
1,0,0,0,0,0,1,0,1,0,1,0,1,0,0,1,0,1,0,1,1,0,0,0,0,1,0,0,1,1,1,0,0.695039
1,0,0,0,0,0,1,0,0,1,1,0,1,0,1,1,0,1,0,0,0,0,1,0,1,0,0,0,1,1,0,1,0.707294
0,1,1,1,0,0,0,0,1,0,0,1,1,1,1,0,0,0,0,0,0,0,1,1,0,1,1,0,1,1,0,1,0.612239
1,0,1,0,1,0,1,1,1,1,1,1,1,1,0,1,0,1,0,0,0,0,1,0,0,0,1,1,1,1,1,1,0.626092
0,1,0,0,0,0,0,0,1,0,1,0,1,1,0,1,1,0,1,1,0,1,1,0,0,0,1,0,0,1,0,1,0.698476
1,1,0,0,1,0,1,1,0,1,1,1,0,1,0,1,1,0,1,0,1,1,1,1,0,0,0,0,0,0,1,0,0.602435
0,0,1,0,1,0,0,0,1,1,1,0,1,1,0,0,1,1,1,0,0,0,1,1,1,1,0,0,0,0,1,1,0.644954
1,1,0,0,0,1,1,0,1,0,0,1,1,1,1,1,1,1,0,1,0,0,0,1,0,1,0,0,0,1,1,1,0.625027
0,1,0,0,0,0,1,1,1,1,0,1,1,0,1,1,1,1,1,0,1,0,1,1,1,1,1,0,1,1,0,1,0.594016
0,1,0,0,1,1,1,1,0,0,0,1,1,0,1,0,0,0,0,0,1,0,1,0,0,0,1,0,1,1,0,1,0.589834
1,1,0,1,0,0,0,0,0,0,1,1,1,0,0,0,1,1,1,1,1,0,0,0,1,1,0,0,1,1,0,0,0.673247
0,1,0,1,1,1,1,0,0,1,1,0,1,1,0,0,0,0,0,1,1,1,0,1,0,1,1,0,1,1,0,0,0.717445
0,1,1,0,0,1,1,1,1,1,1,0,1,1,1,1,0,1,0,1,1,0,0,1,1,1,1,1,1,1,1,0,0.616102
0,0,1,0,0,0,1,0,0,0,1,1,0,1,0,1,1,0,1,0,1,0,1,1,1,1,0,0,1,1,0,1,0.652920
1,1,0,0,0,0,0,0,0,0,1,0,0,0,1,1,0,1,0,1,1,0,0,1,0,0,1,0,0,1,1,0,0.620684
0,0,1,1,0,1,0,1,1,1,0,1,0,1,1,1,0,0,1,1,1,1,0,0,0,1,1,0,0,1,0,0,0.812074
1,1,0,1,1,0,1,0,0,0,1,1,0,0,0,0,1,1,1,0,0,1,1,0,1,0,0,1,0,1,1,1,0.672608
0,1,1,1,0,1,1,0,1,0,1,1,1,0,0,0,1,0,1,1,0,1,1,1,0,0,1,0,0,1,1,0,0.695572
0,0,1,0,0,1,1,0,1,0,0,1,0,0,1,0,0,0,1,1,0,1,0,1,1,0,1,1,1,1,0,0,0.640665
0,0,0,0,1,1,1,1,1,0,1,1,0,0,0,1,1,0,1,1,0,1,0,1,0,1,1,0,0,0,0,0,0.674952
1,0,1,0,0,0,0,0,0,1,0,1,1,1,0,0,0,1,1,0,1,1,0,1,0,0,0,0,0,1,0,0,0.666880
0,0,0,1,1,1,1,0,1,0,0,1,0,0,1,1,1,1,1,1,1,0,0,1,1,1,0,0,0,1,1,1,0.656996
1,0,0,1,1,1,0,0,0,1,0,0,1,0,0,0,1,0,0,0,0,1,1,0,0,0,0,0,1,0,1,1,0.611706
1,1,1,0,0,0,1,1,1,1,1,1,1,0,1,1,1,1,0,1,1,0,0,0,1,0,1,0,0,0,0,0,0.631154
0,0,0,1,1,1,0,1,0,1,1,1,1,0,1,0,0,0,1,0,0,0,0,1,1,1,1,0,0,1,0,0,0.641464
1,0,0,0,1,1,1,0,1,1,0,1,0,1,1,0,1,1,1,0,1,1,0,0,1,0,1,0,0,1,0,1,0.673434
0,0,1,1,1,0,1,1,1,0,0,1,0,0,0,1,1,1,0,0,0,1,0,1,0,0,0,0,0,0,1,1,0.651614
1,0,0,0,0,1,0,0,1,0,0,1,0,1,1,1,0,0,0,1,0,0,1,0,1,1,1,1,1,0,0,1,0.641171
1,0,0,0,0,0,0,0,0,0,1,0,0,0,1,0,1,0,1,1,0,1,0,1,0,0,1,1,0,1,1,0,0.712596
0,1,0,0,1,0,1,0,1,1,0,0,1,0,0,1,1,1,1,1,0,1,0,0,1,1,1,1,0,0,0,0,0.641651
0,0,0,0,0,0,0,0,0,0,1,0,0,1,1,0,0,0,1,1,0,1,0,1,0,0,1,0,1,0,0,1,0.643329
1,0,0,0,0,0,1,1,1,0,1,1,1,0,0,1,1,0,1,0,0,0,0,1,1,1,1,1,1,1,1,0,0.652947
1,1,1,0,1,0,1,0,1,0,0,0,0,0,1,0,0,0,0,0,1,1,1,0,1,0,1,0,0,0,0,1,0.667466
