0,0,0,0,1,0,0,1,1,0,0,1,0,1,1,1,1,0,1,1,0,0,0,1,0,1,1,0,1,0,0,0,0.650575
0,1,0,0,0,0,1,1,1,1,0,1,1,0,1,1,1,1,1,0,1,0,1,1,1,1,1,0,1,1,0,1,0.590606
1,0,1,0,0,1,0,0,0,1,1,1,1,1,1,0,0,0,1,1,0,1,0,1,1,0,1,1,0,1,1,1,0.501305
0,1,0,1,0,1,1,1,0,1,1,0,0,0,0,1,0,1,0,1,1,1,0,0,0,1,1,1,0,1,1,0,0.850890
0,1,0,1,0,0,1,0,1,0,0,1,0,1,0,0,0,0,0,0,1,1,0,0,0,0,0,0,0,1,0,1,0.710598
0,0,1,0,1,0,0,0,1,1,1,0,1,1,0,0,1,1,1,0,0,0,1,1,1,1,0,0,0,0,1,1,0.638853
1,1,1,1,1,1,0,0,0,1,0,1,1,0,0,0,1,0,0,0,0,1,1,0,1,0,1,0,0,1,1,0,0.698876
0,0,0,0,0,0,0,0,0,0,1,0,0,1,1,0,0,0,1,1,0,1,0,1,0,0,1,0,1,0,0,1,0.643036
1,1,1,0,0,1,0,0,1,1,1,0,0,0,0,0,0,0,0,1,1,1,0,1,1,0,0,0,1,1,0,0,0.662857
1,1,1,0,1,1,1,1,1,0,1,1,0,0,0,0,0,1,1,0,0,0,1,1,0,0,1,0,1,0,0,1,0.658461
0,0,1,1,0,1,1,1,0,1,0,0,1,0,1,1,0,0,1,0,0,0,0,1,1,1,0,0,1,0,0,1,0.654358
1,0,0,0,0,0,1,1,1,1,0,1,0,0,1,1,0,0,1,1,0,1,1,1,0,1,0,0,1,1,1,1,0.543212
0,1,1,0,0,0,0,0,0,1,1,0,0,1,1,1,0,0,0,0,1,1,1,0,0,1,0,0,0,1,0,0,0.697650
1,1,0,0,1,0,1,1,1,1,1,0,1,1,1,1,1,1,0,0,1,0,0,1,0,1,0,0,1,0,1,1,0.621537
1,0,1,1,0,1,1,1,0,0,0,0,1,1,0,0,0,0,0,0,0,0,1,0,1,1,0,1,1,1,0,0,0.615249
0,0,0,0,1,1,1,1,0,1,1,1,0,1,1,0,1,0,1,1,1,1,0,0,0,1,0,0,1,1,0,0,0.676391
1,1,1,0,1,1,1,1,1,1,1,1,1,0,0,0,1,0,0,0,0,0,0,0,0,1,1,0,0,0,0,1,0.656410
1,1,0,0,1,1,1,0,1,0,1,0,1,1,0,0,0,0,1,0,1,1,1,1,1,0,0,1,1,0,1,0,0.620338
1,0,1,0,0,0,0,0,0,1,0,1,1,1,0,0,0,1,1,0,1,1,0,1,0,0,0,0,0,1,0,0,0.657236
1,0,0,1,0,0,0,0,1,1,0,1,0,0,0,1,0,1,1,1,0,0,1,0,1,0,0,1,0,0,0,0,0.613012
0,0,1,1,0,1,1,0,1,1,0,0,0,1,0,0,1,1,1,0,1,0,1,0,0,1,0,0,1,0,0,1,0.642050
0,1,1,1,0,1,0,0,0,0,0,0,0,0,1,1,1,0,1,0,1,1,0,0,0,0,1,1,0,0,0,1,0.707774
1,0,0,0,1,1,1,1,1,1,0,0,0,1,1,1,0,1,1,0,0,1,1,1,1,0,1,0,0,0,0,0,0.628437
1,1,0,1,1,1,1,1,0,0,1,1,0,0,1,1,1,1,0,1,1,1,1,0,1,0,1,0,0,0,1,0,0.670450
1,1,0,0,0,1,1,0,1,0,0,1,1,1,1,1,1,1,0,1,0,0,0,1,0,1,0,0,0,1,1,1,0.620737
0,1,0,0,1,1,1,0,0,0,0,1,1,0,0,0,0,1,1,1,1,0,1,0,1,0,0,1,0,1,0,1,0.624201
1,1,1,1,1,1,1,1,0,1,1,1,0,1,0,1,0,0,1,1,0,1,0,0,0,1,1,1,1,0,0,0,0.680360
0,1,1,1,0,0,0,0,1,0,0,1,1,1,1,0,0,0,0,0,0,0,1,1,0,1,1,0,1,1,0,1,0.612186
1,0,0,1,0,0,0,0,0,0,0,1,0,1,1,1,1,0,1,1,0,1,0,1,1,0,0,0,0,1,1,0,0.643729
1,0,1,1,1,0,1,1,1,1,0,1,1,0,0,0,0,0,1,1,1,0,0,0,0,0,0,1,0,0,0,0,0.643649
1,0,0,1,0,1,0,0,0,1,0,0,1,1,1,1,0,1,0,0,1,0,0,0,0,0,0,1,0,1,0,0,0.645647
1,0,1,1,0,1,0,0,1,0,1,0,0,0,0,0,1,1,0,1,1,1,1,0,0,0,1,0,1,0,0,1,0.684037
1,0,0,0,0,1,0,0,1,0,0,1,0,1,1,1,0,0,0,1,0,0,1,0,1,1,1,1,1,0,0,1,0.638587
1,0,0,1,1,1,1,1,1,1,1,1,1,1,1,1,1,1,0,0,0,0,0,0,1,1,1,0,1,1,0,0,0.632140
1,0,1,0,0,1,0,1,0,0,0,0,1,1,1,0,1,0,1,0,0,1,0,1,1,0,0,1,1,0,0,0,0.841379
1,0,1,0,1,0,1,0,0,0,1,0,1,1,0,0,0,1,0,1,0,1,0,0,1,0,0,0,1,1,1,0,0.650655
1,0,0,0,1,1,1,0,1,1,0,1,0,1,1,0,1,1,1,0,1,1,0,0,1,0,1,0,0,1,0,1,0.671355
1,0,0,0,0,0,0,0,0,0,1,0,0,0,1,0,1,0,1,1,0,1,0,1,0,0,1,1,0,1,1,0,0.701726
1,1,1,0,0,0,1,1,1,1,1,1,1,0,1,1,1,1,0,1,1,0,0,0,1,0,1,0,0,0,0,0,0.633578
0,1,1,0,1,1,1,1,0,1,1,0,0,1,1,0,0,1,1,0,0,1,1,0,1,1,1,0,0,0,1,0,0.694986
1,0,0,1,0,0,0,0,0,0,0,1,0,0,0,0,1,0,0,0,0,0,0,1,1,1,1,0,0,0,1,0,0.664429
0,1,0,0,0,0,0,0,1,0,1,0,1,1,0,1,1,0,1,1,0,1,1,0,0,0,1,0,0,1,0,1,0.686807
0,0,1,0,1,0,0,0,0,1,0,0,1,0,1,0,0,0,1,0,1,0,1,0,0,0,0,1,0,0,1,1,0.536818
0,0,0,1,1,1,0,1,0,1,1,1,1,0,1,0,0,0,1,0,0,0,0,1,1,1,1,0,0,1,0,0,0.634138
0,0,0,1,0,0,0,0,1,0,0,0,0,0,1,0,0,0,0,1,0,0,1,0,1,1,1,0,0,0,0,0,0.663310
1,1,0,1,1,0,1,0,0,0,1,1,0,0,0,0,1,1,1,0,0,1,1,0,1,0,0,1,0,1,1,1,0.661818
0,1,1,0,1,0,1,1,1,1,0,1,1,1,1,1,0,1,1,1,0,0,0,0,0,1,0,1,0,0,1,0,0.669650
0,0,0,1,1,0,1,0,1,0,1,0,0,0,0,0,0,1,0,1,1,0,0,1,0,0,1,0,0,0,1,0,0.746297
1,0,0,0,1,1,1,1,0,0,1,1,1,1,0,0,0,1,1,0,1,1,0,1,1,1,0,1,1,1,0,0,0.557172
1,0,0,1,0,0,1,0,1,1,0,1,1,1,1,0,1,0,1,1,1,0,0,0,1,1,0,1,1,1,1,1,0.622975
0,1,0,1,1,0,0,1,1,0,0,1,1,0,0,0,1,0,0,1,1,1,1,1,1,0,0,0,0,0,1,0,0.678362
1,1,1,1,1,1,1,0,0,1,0,0,1,0,0,1,1,0,1,0,1,0,0,0,1,1,0,0,0,0,0,1,0.630701
1,1,0,0,1,0,1,1,0,1,1,1,0,1,0,1,1,0,1,0,1,1,1,1,0,0,0,0,0,0,1,0,0.596201
0,0,1,1,0,1,0,1,1,1,0,1,0,1,1,1,0,0,1,1,1,1,0,0,0,1,1,0,0,1,0,0,0.803442
1,0,0,0,0,0,1,1,1,0,1,1,1,0,0,1,1,0,1,0,0,0,0,1,1,1,1,1,1,1,1,0,0.648098
0,1,0,0,1,0,1,0,1,0,0,0,0,0,1,0,1,0,1,1,1,1,0,1,1,1,0,0,1,0,0,0,0.701220
0,1,1,1,1,1,1,1,1,1,0,0,1,0,1,1,1,1,0,0,1,0,0,0,0,1,0,1,0,1,1,0,0.650549
1,1,0,0,0,0,0,0,0,0,1,0,0,0,1,1,0,1,0,1,1,0,0,1,0,0,1,0,0,1,1,0,0.619912
1,0,0,0,0,0,1,0,1,0,1,0,1,0,0,1,0,1,0,1,1,0,0,0,0,1,0,0,1,1,1,0,0.682811
1,1,0,0,0,0,0,1,1,0,0,0,1,1,1,1,0,1,0,0,1,1,1,1,0,1,1,0,0,0,1,1,0.600970
1,1,0,1,1,0,0,1,1,1,0,1,0,0,0,1,0,0,1,1,1,0,0,0,1,0,1,0,0,1,1,0,0.675245
1,1,0,1,0,1,0,0,0,0,1,0,1,0,0,1,1,1,0,1,1,0,1,1,1,1,1,1,0,1,0,0,0.617940
1,1,0,1,0,1,0,0,1,0,0,0,1,0,0,1,0,1,0,1,0,0,0,1,0,0,0,1,0,0,0,1,0.679694
1,0,0,1,0,0,0,1,1,1,0,0,0,1,0,0,0,0,0,0,0,0,0,1,1,0,1,1,0,1,0,0,0.639946
0,0,1,1,1,1,0,1,0,1,1,0,1,0,1,1,1,1,0,0,0,1,1,1,0,0,1,0,0,1,1,1,0.604353
0,0,0,1,1,0,1,0,0,0,0,0,0,0,1,1,0,0,0,0,0,1,1,0,1,0,0,0,0,1,1,0,0.596974
0,0,1,0,1,0,1,0,1,1,1,0,1,1,0,1,0,1,1,0,1,1,1,0,1,0,0,0,1,0,1,1,0.641438
0,0,0,0,1,1,1,0,0,0,1,0,0,0,1,0,1,0,0,0,0,0,1,0,1,1,0,0,0,1,1,1,0.612878
1,0,1,0,1,0,0,0,0,0,1,1,0,0,1,0,0,1,1,0,0,1,0,0,1,1,1,1,0,1,1,0,0.605685
0,0,1,0,0,0,0,1,0,0,0,0,0,1,1,0,1,0,0,0,0,1,0,0,1,1,1,0,0,0,0,1,0.618393
0,1,0,1,1,1,1,0,0,1,1,0,1,1,0,0,0,0,0,1,1,1,0,1,0,1,1,0,1,1,0,0,0.710651
0,0,0,0,0,1,0,1,0,0,1,0,0,0,0,0,0,0,1,0,1,0,1,1,1,1,0,1,0,1,1,0,0.670023
0,0,1,0,0,1,1,0,0,0,0,1,0,1,0,1,0,1,1,1,1,0,1,0,0,0,1,0,0,1,1,1,0.642716
1,0,0,1,0,0,0,0,1,1,1,0,1,0,0,0,0,1,1,1,1,1,1,0,0,1,1,0,0,1,1,1,0.664136
0,1,1,0,0,1,1,1,1,1,1,0,1,1,1,1,0,1,0,1,1,0,0,1,1,1,1,1,1,1,1,0,0.619032
1,1,0,0,1,1,0,1,1,1,0,1,0,0,1,0,1,1,1,0,0,1,1,1,0,0,1,1,1,0,0,1,0.604806
0,0,0,0,0,0,1,1,1,0,1,0,1,0,0,0,0,1,1,1,0,0,0,0,1,1,0,0,1,0,0,0,0.756634
1,1,1,0,1,1,0,1,0,1,0,0,0,1,1,1,0,0,0,1,1,1,1,0,1,1,0,1,0,1,1,0,0.518329
1,1,0,1,1,0,0,1,0,0,1,0,0,1,0,0,1,1,0,0,0,0,1,0,0,1,1,1,0,0,0,1,0.702872
1,0,0,1,1,1,1,0,1,0,0,1,0,0,0,1,0,0,1,0,1,1,1,0,1,0,1,0,1,1,0,1,0.615436
0,1,0,0,1,1,1,1,1,1,0,1,1,0,1,0,1,0,1,1,1,0,1,1,0,0,1,1,1,0,0,0,0.629609
1,0,1,0,1,0,1,1,1,1,1,1,1,1,0,1,0,1,0,0,0,0,1,0,0,0,1,1,1,1,1,1,0.623961
0,0,0,0,1,1,0,0,1,0,0,0,1,0,1,0,0,0,1,0,1,1,0,0,0,0,1,1,0,0,1,1,0.622762
0,0,1,1,1,0,1,1,1,0,0,1,0,0,0,1,1,1,0,0,0,1,0,1,0,0,0,0,0,0,1,1,0.643063
0,0,0,0,0,0,1,1,0,0,0,1,1,1,0,1,0,0,0,0,0,0,1,0,0,1,1,0,0,0,1,0,0.607337
1,1,1,0,1,0,1,0,1,0,0,0,0,0,1,0,0,0,0,0,1,1,1,0,1,0,1,0,0,0,0,1,0.660326
1,1,0,1,0,0,0,0,0,0,1,1,1,0,0,0,1,1,1,1,1,0,0,0,1,1,0,0,1,1,0,0,0.676018
0,0,0,1,0,0,0,0,0,0,0,1,0,1,1,1,1,1,0,0,0,0,1,0,1,1,1,1,0,1,0,1,0.644981
1,0,1,1,0,0,0,1,0,0,0,0,1,0,1,1,1,1,0,1,1,0,0,1,1,1,0,0,0,0,1,1,0.614876
0,1,1,0,0,1,0,0,0,0,1,1,0,1,0,0,0,0,1,1,1,1,1,1,0,0,0,0,0,1,0,0,0.746057
1,1,1,1,0,1,1,0,0,0,1,0,0,0,1,0,1,1,1,1,1,0,1,1,1,0,1,0,1,0,0,0,0.676178
0,1,0,1,0,1,1,0,1,0,0,0,0,0,1,1,0,1,1,1,1,1,0,1,1,1,1,0,1,0,0,0,0.651455
1,0,1,0,1,0,0,1,0,1,0,1,0,0,1,0,1,1,1,1,0,1,1,1,0,1,0,1,0,1,1,0,0.610214
0,1,1,1,1,1,1,0,1,0,1,1,1,1,0,0,0,0,1,1,0,1,1,1,1,1,1,0,1,0,0,0,0.659047
0,0,0,1,1,1,1,0,1,0,0,1,0,0,1,1,1,1,1,1,1,0,0,1,1,1,0,0,0,1,1,1,0.652867
1,0,0,1,0,0,1,0,0,1,0,1,0,1,1,1,0,0,0,0,1,0,0,1,1,0,1,1,1,1,1,0,0.685928
1,0,1,0,0,0,1,0,1,0,1,0,1,1,1,1,1,0,0,1,0,0,1,0,1,0,1,0,0,0,1,0,0.704311
1,1,1,0,1,0,1,1,1,1,0,0,0,0,1,0,1,1,0,0,0,0,0,0,1,1,1,1,0,1,1,1,0.660486
0,1,1,1,1,0,1,1,1,0,0,1,1,1,1,0,0,0,1,0,1,0,0,1,1,1,1,0,0,1,1,1,0.586504
0,1,1,1,0,1,1,0,1,0,1,1,1,0,0,0,1,0,1,1,0,1,1,1,0,0,1,0,0,1,1,0,0.694000
1,1,0,0,1,0,1,0,1,0,1,1,0,0,0,1,1,1,0,0,1,1,0,1,0,0,1,1,0,0,0,1,0.651641
1,0,0,0,1,1,0,1,0,1,1,1,0,0,0,0,1,0,1,1,1,0,1,0,0,1,0,1,0,1,0,1,0.644608
0,0,1,0,0,0,1,0,0,0,1,1,0,1,0,1,1,0,1,0,1,0,1,1,1,1,0,0,1,1,0,1,0.646633
0,1,0,0,1,0,1,0,1,1,0,0,1,0,0,1,1,1,1,1,0,1,0,0,1,1,1,1,0,0,0,0,0.636349
1,1,1,0,0,1,1,0,0,0,0,1,0,1,0,1,1,1,0,1,1,0,1,1,1,1,1,1,0,1,0,0,0.625160
1,0,0,0,0,0,1,0,0,1,1,0,1,0,1,1,0,1,0,0,0,0,1,0,1,0,0,0,1,1,0,1,0.694773
1,1,1,0,0,1,1,0,1,1,0,0,1,1,0,1,1,0,0,1,0,1,0,0,0,0,0,0,1,1,1,1,0.639653
1,1,0,1,1,1,0,1,1,1,0,1,0,0,0,1,0,1,0,1,0,1,1,1,1,0,1,1,1,0,0,1,0.658301
1,0,0,0,0,1,1,0,0,1,1,1,1,1,1,1,0,0,1,1,1,1,1,1,0,0,0,1,0,1,1,0,0.653266
1,1,1,0,1,0,0,1,0,0,1,0,0,1,0,0,0,1,0,1,0,1,1,1,1,0,1,0,0,0,1,1,0.608003
1,1,0,0,0,0,1,0,1,1,1,1,1,0,0,1,1,1,0,1,1,0,1,0,1,0,0,0,0,1,1,1,0.650256
1,0,1,0,1,0,1,1,1,0,0,1,1,0,1,1,1,1,1,0,0,0,0,0,0,1,1,1,1,1,1,0,0.625213
0,0,1,0,0,0,1,0,0,1,0,1,1,0,0,1,1,0,1,0,0,0,1,1,0,1,1,0,0,0,0,1,0.657795
1,1,0,0,1,1,1,1,1,1,0,1,0,0,1,1,1,0,1,0,1,1,0,1,0,1,1,1,1,1,1,1,0.506261
1,0,0,1,0,0,0,0,1,1,0,0,0,1,1,1,0,0,0,1,0,1,1,0,0,1,1,0,1,0,1,1,0.653186
1,0,0,1,1,1,0,0,0,1,0,0,1,0,0,0,1,0,0,0,0,1,1,0,0,0,0,0,1,0,1,1,0.616608
1,1,1,0,0,1,0,0,1,0,1,0,0,1,0,1,0,0,0,0,1,0,0,1,0,0,0,1,1,0,0,1,0.644475
0,0,0,0,1,1,1,1,1,0,1,1,0,0,0,1,1,0,1,1,0,1,0,1,0,1,1,0,0,0,0,0,0.668878
1,1,1,1,1,0,1,1,0,0,1,0,1,1,1,0,1,0,1,0,1,1,1,0,1,1,1,0,0,0,0,1,0.639972
1,0,1,1,1,1,0,1,0,0,0,1,0,1,0,0,0,1,0,1,1,0,1,0,1,1,0,1,1,0,1,0,0.630195
0,1,1,0,1,1,1,0,0,0,1,0,1,1,0,1,0,1,1,0,1,0,0,1,0,0,0,0,0,0,1,1,0.726609
0,0,1,1,0,1,1,1,1,0,0,1,0,1,1,1,0,0,0,1,0,1,1,0,0,0,1,0,0,1,1,0,0.649084
0,1,1,1,1,0,1,0,1,0,1,0,0,0,0,0,0,1,0,1,1,0,0,1,1,1,1,0,1,1,1,0,0.646260
1,1,0,0,0,1,0,1,0,0,0,0,0,0,0,0,0,0,0,1,1,0,0,0,1,1,1,1,1,0,0,1,0.681586
0,1,0,0,1,1,1,1,0,0,0,1,1,0,1,0,0,0,0,0,1,0,1,0,0,0,1,0,1,1,0,1,0.593457
0,0,0,1,1,0,1,0,0,1,1,1,0,1,1,1,1,1,1,1,1,1,0,1,0,1,0,1,0,0,0,1,0.626705
0,0,1,0,0,1,1,0,1,0,0,1,0,0,1,0,0,0,1,1,0,1,0,1,1,0,1,1,1,1,0,0,0.635736
0,0,0,1,1,0,0,1,1,1,1,1,1,1,1,1,1,1,1,1,1,1,0,0,0,0,1,0,1,0,0,0,0.640372
