0,0,0,0,1,0,0,1,0,1,1,0,1,1,0,1,0,0,0,0,1,1,1,0,1,1,0,0,1,0,1,1,0.600757
0,1,0,1,1,1,0,0,0,0,1,0,1,0,1,0,0,1,0,0,0,0,0,1,0,1,1,1,1,0,1,1,0.629822
0,0,0,1,1,1,1,1,0,1,0,1,0,1,0,1,1,0,0,0,0,1,1,0,1,0,0,0,0,1,0,0,0.559863
1,0,0,1,1,1,0,1,0,1,0,1,0,1,0,0,1,0,1,0,0,0,0,1,0,0,1,1,1,0,0,1,0.617221
1,0,0,1,1,1,0,0,1,0,0,0,0,1,1,1,0,1,0,0,0,0,0,1,0,0,0,1,0,0,1,1,0.807198
1,1,1,0,0,0,0,0,1,0,1,0,0,1,1,1,0,1,0,1,1,1,0,0,0,0,0,1,1,1,1,1,0.744512
0,0,0,0,0,0,0,1,0,1,0,1,0,0,0,1,0,1,0,0,0,0,1,0,1,0,0,0,0,1,1,0,0.432039
1,1,0,1,0,1,1,1,0,1,1,0,0,0,1,1,1,1,0,1,0,1,1,0,1,1,0,1,0,1,1,0,0.679081
0,1,1,1,0,1,0,0,1,0,0,0,1,1,1,1,1,0,1,0,1,1,1,0,0,0,1,1,0,0,0,1,0.627931
0,1,1,1,1,0,1,1,1,0,1,1,0,0,1,0,0,1,1,0,0,1,0,0,1,1,0,1,1,1,0,1,0.635949
0,1,0,0,1,0,0,0,0,0,0,0,1,0,1,0,0,1,0,0,1,0,0,0,1,0,1,1,1,1,0,0,0.510736
1,1,0,0,0,1,1,1,1,1,0,1,1,1,0,0,1,1,0,0,0,0,1,1,1,1,1,1,0,0,0,0,0.729087
0,1,0,1,0,1,0,0,0,1,0,1,0,1,1,1,1,0,1,0,1,0,0,0,1,1,1,0,1,0,1,1,0.613757
0,1,0,1,1,0,1,1,0,1,0,1,0,0,1,1,0,1,0,0,0,1,0,1,1,1,0,1,1,0,0,0,0.668505
1,0,0,0,0,1,0,0,0,1,1,1,1,0,0,0,1,0,1,1,0,0,1,1,1,0,0,0,1,0,1,1,0.623242
1,0,1,0,0,1,0,1,0,0,0,0,1,0,0,0,0,0,0,1,0,1,0,0,1,0,0,1,0,0,1,1,0.535006
0,1,1,0,0,1,0,1,0,1,1,0,0,0,1,1,1,0,0,1,1,1,0,0,1,1,0,0,1,0,1,0,0.611813
0,1,0,1,0,0,1,1,0,0,1,0,0,0,0,1,1,0,0,1,1,1,1,1,1,0,1,1,1,1,0,0,0.725171
0,1,1,0,0,0,0,0,1,1,1,1,1,0,1,0,0,1,1,1,1,1,1,1,0,0,0,1,1,1,0,1,0.733269
1,1,1,1,1,0,0,1,1,1,0,0,0,0,1,1,0,1,0,1,1,0,0,1,1,1,1,0,0,1,1,1,0.728607
0,1,1,0,1,0,0,1,1,0,1,0,0,0,0,0,1,1,1,1,1,0,0,1,1,1,0,0,0,0,0,1,0.615303
0,0,1,1,1,0,0,0,1,0,1,1,1,1,0,1,0,1,1,0,0,0,0,1,1,1,0,1,0,0,1,1,0.733696
0,1,0,0,0,1,0,0,0,0,1,0,1,1,1,1,1,0,1,1,0,0,1,0,0,1,1,1,0,0,1,1,0.660992
0,1,0,0,0,1,1,0,0,0,1,0,1,0,1,0,1,0,0,0,0,1,1,1,0,0,1,1,1,0,1,1,0.790095
0,1,1,1,0,1,1,1,1,1,0,1,1,0,1,1,1,0,1,0,0,0,1,0,0,1,0,1,1,0,0,0,0.618207
0,1,0,1,0,0,0,1,1,1,1,1,1,0,1,1,0,0,1,0,0,1,0,1,0,0,1,0,0,1,1,1,0.717498
0,0,1,1,0,1,1,0,0,1,1,1,0,0,1,1,1,0,0,0,1,0,0,0,1,0,0,0,1,1,0,0,0.557838
0,1,0,1,1,0,0,0,1,1,1,0,1,0,1,0,0,1,0,1,0,0,0,1,1,0,0,1,1,0,0,0,0.594682
0,1,1,1,0,1,1,0,1,0,0,0,1,0,0,1,0,1,1,0,1,1,0,1,1,1,1,1,1,1,1,0,0.674659
0,0,1,0,0,0,0,0,0,1,0,1,0,1,1,0,1,1,1,1,0,0,1,1,1,1,1,1,1,1,1,1,0.793025
1,1,0,1,0,1,1,0,1,0,0,1,1,0,1,0,0,0,0,0,0,0,1,0,0,0,0,1,0,1,1,0,0.575368
1,0,0,1,1,1,0,0,0,1,0,1,0,0,1,1,1,0,0,0,1,1,1,0,0,1,0,1,0,0,0,1,0.624760
1,0,0,0,0,0,1,0,0,1,0,1,1,0,1,1,0,0,0,0,0,1,0,1,0,0,1,1,1,1,1,1,0.752984
1,0,0,0,1,0,1,0,1,0,1,1,0,0,0,0,1,1,1,1,1,1,1,1,0,0,1,1,1,0,0,0,0.654465
0,0,0,1,0,0,0,1,1,1,0,1,1,1,0,1,0,1,1,0,1,1,1,0,0,1,0,0,1,0,1,0,0.541720
1,1,1,0,0,1,1,1,1,1,1,0,0,1,1,0,0,1,0,1,1,1,0,1,0,1,0,0,0,0,1,0,0.674286
0,0,1,0,0,0,1,1,1,0,0,0,0,1,1,1,1,0,0,1,0,0,0,1,0,0,0,0,1,1,0,0,0.512894
1,1,1,0,0,0,0,0,1,0,0,0,1,1,0,0,0,1,1,0,1,0,0,1,1,0,1,1,1,0,1,1,0.636562
0,1,0,0,0,0,0,0,0,0,1,1,0,1,0,0,1,0,0,1,0,1,0,1,0,1,1,0,0,0,1,0,0.382486
1,0,1,0,0,0,0,1,0,0,1,1,1,0,0,0,0,0,0,0,1,0,1,1,0,1,1,1,1,0,1,1,0.658514
0,1,0,1,0,1,1,1,1,0,0,1,1,1,0,1,0,0,0,0,1,1,1,0,1,1,1,0,0,0,0,1,0.586157
0,0,1,0,1,1,0,1,1,1,0,0,1,1,0,0,1,1,1,0,1,1,1,0,0,1,1,0,1,0,1,1,0.620471
0,1,0,0,0,0,0,0,0,1,0,1,0,0,0,0,1,1,1,1,0,0,0,0,1,1,1,1,1,1,1,1,0.647245
1,1,1,0,0,0,1,0,0,1,0,0,0,0,0,0,0,1,0,1,0,1,0,1,1,1,0,1,0,1,1,1,0.716832
0,0,0,0,1,0,0,1,1,1,0,0,0,1,1,1,0,0,0,1,1,0,1,0,0,1,1,0,1,1,1,1,0.744246
0,0,0,0,0,1,1,1,1,1,0,0,0,1,0,0,1,1,0,0,1,1,0,0,1,0,1,0,0,0,1,1,0.552696
0,1,1,1,0,1,1,1,1,0,0,0,0,1,1,1,0,1,0,0,1,0,0,1,0,0,0,1,1,1,1,1,0.815697
1,1,0,1,1,0,0,0,1,1,0,1,1,1,1,1,0,0,1,0,1,1,1,1,0,0,0,0,0,0,0,1,0.595375
0,0,1,0,1,1,1,1,1,0,1,0,1,0,0,1,1,1,0,1,0,0,0,0,1,0,1,0,1,1,0,0,0.612932
1,0,1,0,0,1,1,1,0,0,1,0,0,0,1,1,0,0,0,1,1,1,0,0,1,0,1,0,1,0,1,0,0.567509
1,0,0,1,0,0,1,0,0,1,0,0,1,1,1,0,1,1,0,1,0,0,1,1,0,0,1,0,1,0,1,0,0.595455
0,1,1,1,0,0,0,1,0,0,1,0,0,1,0,1,0,1,0,0,1,0,1,0,0,0,0,0,0,0,1,0,0.433824
1,1,0,1,0,1,0,1,0,0,1,0,0,0,1,0,1,0,0,1,0,0,1,1,1,0,0,0,0,0,0,0,0.590447
0,0,0,1,0,1,1,0,0,1,0,1,1,1,1,0,1,1,0,1,0,0,0,0,0,0,0,1,1,1,0,0,0.600570
1,1,1,1,0,1,1,0,0,1,1,1,0,1,0,0,1,0,1,1,1,1,1,0,1,1,0,1,0,0,0,1,0.641011
0,1,1,1,1,1,1,1,0,1,1,0,0,1,1,1,0,0,0,0,1,0,1,1,1,0,1,0,0,0,1,1,0.663150
0,1,1,1,0,0,0,0,0,0,0,1,0,0,0,0,1,0,1,0,1,0,0,0,1,0,1,0,0,1,1,0,0.492061
0,1,0,0,0,0,1,1,1,1,1,0,0,1,0,1,1,0,0,1,0,0,1,1,0,0,1,1,1,0,0,1,0.693228
0,0,1,1,0,0,1,1,1,0,0,0,1,1,1,0,1,0,1,1,1,1,1,1,1,1,0,0,0,0,1,1,0.642343
0,1,1,1,0,0,0,0,0,1,1,0,1,1,1,0,1,1,0,1,0,0,0,0,1,0,1,0,0,1,1,0,0.600490
0,1,0,1,1,1,0,1,1,1,0,0,0,0,0,1,0,0,0,0,0,0,1,1,0,0,0,0,0,1,1,0,0.520647
0,1,1,0,0,0,0,1,1,1,0,0,1,0,0,0,1,1,1,1,1,0,1,1,1,0,0,1,1,1,0,1,0.684197
0,0,0,0,0,1,1,1,1,1,1,1,1,0,1,1,1,1,0,1,1,1,1,0,1,0,0,1,1,0,0,0,0.677270
1,1,1,1,0,0,1,0,0,1,1,1,1,0,1,1,0,0,1,1,1,0,0,0,0,1,1,1,0,1,0,0,0.654119
1,1,1,1,1,0,0,1,1,0,1,0,1,0,1,0,1,0,0,1,1,0,1,1,0,0,0,0,0,1,0,0,0.690670
1,1,1,1,1,1,0,1,0,0,1,1,0,0,0,0,1,0,0,0,1,0,1,0,1,0,1,0,1,1,0,1,0.648071
0,1,0,0,1,0,1,1,0,0,1,0,0,0,1,1,1,0,1,1,0,1,0,1,1,1,1,1,1,1,0,0,0.663097
0,0,1,1,1,1,0,0,0,0,0,1,1,1,1,1,1,1,0,0,0,0,1,0,1,0,0,0,0,1,1,0,0.604939
0,0,1,0,0,0,0,1,1,1,1,0,0,1,1,0,0,1,1,0,0,1,1,0,1,1,0,0,0,0,0,0,0.510150
1,0,1,1,0,0,0,1,1,1,1,1,0,0,0,1,1,0,1,1,0,0,1,0,0,1,1,1,0,0,1,0,0.717897
1,1,1,1,0,0,0,0,0,0,0,1,0,0,0,1,0,0,0,0,1,0,1,1,1,0,0,0,0,1,1,0,0.571398
1,1,0,1,0,0,0,1,1,0,1,1,1,0,0,0,1,0,0,1,0,0,0,1,0,0,1,1,0,0,1,0,0.561941
0,1,1,1,0,0,1,1,0,0,1,1,0,1,1,0,0,0,0,1,0,0,0,0,1,0,1,0,1,0,0,0,0.494991
1,0,1,1,1,1,0,0,0,1,1,1,1,1,1,1,0,0,0,0,1,0,0,1,1,0,1,1,1,0,0,0,0.640905
0,1,0,0,0,1,0,1,0,0,1,0,1,1,0,1,1,1,0,1,1,0,1,1,0,1,1,0,1,1,0,0,0.650442
0,0,0,0,1,1,1,0,1,0,1,1,1,1,0,0,1,0,0,0,1,1,0,1,1,1,0,0,0,1,1,0,0.617594
0,1,0,1,0,1,1,1,0,1,1,1,1,0,1,0,1,0,1,1,1,0,0,0,1,1,0,0,0,1,0,0,0.594762
0,1,1,0,1,0,1,0,1,0,0,1,1,1,1,0,1,1,1,0,1,1,0,0,0,1,0,0,0,0,1,0,0.684543
0,1,1,1,0,1,0,0,0,1,0,1,1,1,1,0,1,1,1,1,0,0,0,0,0,1,1,0,0,1,1,1,0.654678
0,0,0,0,1,0,1,1,0,1,1,0,0,1,0,1,0,1,1,0,1,0,1,1,0,0,1,0,0,0,1,1,0.623428
0,1,0,1,0,0,0,0,1,0,0,0,1,1,1,0,1,0,1,1,0,0,1,0,0,1,0,1,0,0,0,0,0.507353
1,0,1,0,1,1,0,0,1,1,0,1,0,0,1,0,0,1,0,1,1,1,0,0,0,0,1,0,0,0,0,1,0.577179
1,1,0,1,1,0,1,0,1,1,0,0,1,1,0,0,1,0,1,0,0,0,1,0,0,1,0,0,1,1,0,0,0.666107
0,0,0,0,0,1,0,1,0,0,1,0,1,1,0,0,0,0,0,0,1,1,0,0,0,0,0,0,1,1,1,0,0.355792
0,1,0,0,0,1,0,1,1,1,0,0,0,1,1,0,1,1,1,1,0,0,1,0,1,1,1,1,1,1,0,0,0.639413
1,1,1,0,1,0,1,0,1,0,0,0,1,1,1,1,1,1,0,0,1,1,1,0,1,1,0,0,1,1,1,1,0.692775
1,1,0,0,0,1,1,1,1,0,0,0,1,1,0,1,0,0,0,0,0,1,0,0,1,1,1,0,0,0,0,0,0.550964
1,0,0,1,1,1,0,0,1,1,1,1,1,0,0,0,0,1,0,0,0,0,0,1,0,1,0,0,1,0,0,0,0.600250
0,1,1,1,1,0,1,1,1,0,0,1,1,1,1,0,0,0,1,0,1,1,1,1,1,0,1,0,1,0,1,0,0.611466
0,1,1,0,0,0,1,0,1,1,1,1,0,0,0,0,0,1,0,1,0,0,1,1,0,1,0,1,0,1,0,1,0.686115
1,1,1,0,0,0,0,1,0,1,1,1,0,1,0,0,0,1,0,0,0,1,1,0,0,1,1,0,1,0,1,1,0.604300
0,1,1,1,0,0,1,1,1,0,1,1,1,1,0,1,0,1,1,1,1,0,1,0,0,0,0,0,1,1,0,0,0.609442
0,0,0,0,0,0,1,1,1,0,0,1,0,0,0,0,1,0,1,1,1,0,0,1,1,0,1,1,1,1,1,1,0.697490
1,0,1,1,0,0,1,0,1,0,1,0,0,0,1,0,1,0,0,1,0,0,0,1,0,0,0,0,0,1,0,0,0.573663
1,1,1,1,1,0,0,0,0,0,0,0,1,0,1,1,0,1,0,0,0,0,1,1,1,1,1,1,1,0,0,0,0.675512
1,0,1,0,0,0,0,0,1,0,1,1,0,0,1,0,1,0,0,0,0,1,0,0,0,1,1,0,0,1,0,1,0.567109
1,1,0,1,1,1,0,0,1,1,1,1,0,1,0,0,1,1,0,0,0,1,1,0,1,1,1,1,0,0,1,0,0.661845
0,0,1,0,0,1,0,1,1,0,1,0,0,0,1,0,0,0,0,0,0,1,0,0,1,0,1,1,1,0,1,1,0.565803
0,0,0,0,0,0,1,0,1,0,0,1,1,0,1,1,0,0,0,1,0,1,1,1,1,0,1,1,0,0,1,1,0.992754
1,0,1,0,0,1,1,1,0,1,0,1,0,0,0,0,1,1,1,0,1,1,0,0,1,0,0,0,1,1,1,0,0.621750
1,0,1,0,0,0,1,0,0,0,0,1,1,1,0,0,0,0,0,1,0,0,0,0,1,0,0,0,1,0,0,1,0.558504
0,1,0,0,0,1,0,0,1,0,0,1,0,0,0,1,0,0,0,0,0,1,0,1,0,1,1,0,1,1,1,0,0.484628
0,0,1,0,1,0,0,1,0,0,1,1,0,0,1,1,1,1,0,0,1,0,1,0,1,0,1,0,0,0,1,1,0.604247
1,0,0,1,1,1,0,0,1,1,1,0,1,0,0,1,1,1,1,0,1,0,1,1,1,0,1,1,0,1,0,0,0.633179
0,1,0,0,0,0,1,1,0,1,1,0,1,0,0,1,0,0,0,1,0,0,0,1,0,0,0,1,1,1,1,1,0.778319
1,1,0,0,0,0,0,1,1,0,0,1,1,1,0,0,0,0,0,1,0,1,0,1,0,0,1,1,0,0,0,0,0.528559
1,1,1,1,1,0,0,0,0,0,1,0,1,1,0,0,0,1,1,1,0,0,1,1,1,1,0,0,0,1,1,1,0.616901
1,0,1,1,0,0,1,0,1,0,1,1,1,1,1,0,0,1,1,0,1,0,1,0,0,0,1,1,1,1,0,1,0.664802
0,1,0,1,0,1,0,0,0,1,0,1,0,0,1,0,1,1,0,0,0,1,0,1,1,1,0,1,0,1,0,0,0.561807
1,1,1,0,0,0,1,1,1,1,1,0,0,0,0,1,0,0,1,1,1,0,0,1,1,1,1,1,0,0,1,1,0.855685
1,0,1,0,0,0,1,0,0,1,1,1,0,0,1,1,1,1,1,1,1,1,0,0,1,1,1,1,0,0,1,0,0.702845
1,1,1,1,1,0,0,0,0,0,1,1,1,0,0,0,0,1,1,1,0,1,1,0,0,0,0,1,1,1,0,0,0.595748
0,1,0,0,0,1,0,0,1,1,0,0,1,1,0,1,1,0,0,0,0,0,1,1,1,0,0,1,1,1,0,0,0.629422
0,0,0,0,1,0,0,0,1,1,1,1,1,0,1,1,0,0,0,1,0,1,0,0,0,1,0,0,0,0,1,1,0.462702
0,1,1,0,0,1,1,1,1,1,1,0,0,0,0,0,0,0,0,0,0,1,1,1,1,1,0,1,0,1,0,1,0.719176
1,1,0,1,1,0,1,1,0,0,0,1,0,0,0,0,0,0,1,1,1,0,0,1,0,0,1,0,1,0,0,0,0.583280
0,0,1,1,0,1,1,1,1,0,1,1,1,1,0,0,1,0,1,1,1,1,1,0,0,0,0,0,1,0,0,0,0.449169
0,1,1,1,0,1,1,0,1,1,0,1,0,1,0,1,1,0,0,1,1,0,0,1,0,1,0,1,1,1,1,1,0.832507
1,1,1,0,0,0,0,0,0,1,1,1,0,1,1,1,1,1,1,0,0,1,1,1,0,0,0,1,0,1,1,1,0.803708
0,0,1,1,0,0,0,1,0,1,1,1,0,1,1,0,1,0,0,0,1,0,0,0,0,0,1,0,0,0,1,0,0.538070
1,1,0,0,0,0,1,0,1,0,1,0,1,1,0,1,0,0,0,0,1,0,0,1,0,1,0,0,1,0,0,0,0.543398
1,0,1,1,0,0,1,1,1,1,0,1,1,0,1,1,1,0,0,1,0,0,0,1,1,0,0,0,0,1,1,1,0.743579
0,0,1,0,0,0,0,1,0,1,0,1,0,1,1,0,1,0,1,0,0,0,0,0,0,1,0,0,1,1,1,1,0.520514
0,1,0,0,0,0,1,0,0,0,0,0,0,1,0,0,1,1,0,1,1,0,1,1,0,0,1,1,0,0,1,1,0.682891
1,0,1,0,0,0,1,0,0,0,1,0,1,1,0,0,0,0,0,1,1,0,1,0,1,1,1,1,1,1,0,0,0.598945
1,1,1,1,1,1,0,0,0,0,0,1,0,1,0,0,0,1,1,1,1,1,1,1,1,0,1,0,1,0,1,1,0.681932
1,0,0,0,1,1,0,0,0,0,1,0,0,0,1,1,1,0,1,1,1,1,1,1,0,0,0,0,0,0,1,0,0.579817
1,1,0,0,0,0,1,0,1,1,1,1,1,0,1,1,1,1,1,1,1,0,0,1,0,0,0,0,0,1,0,0,0.603634
