0,1,0,1,1,0,1,0,1,0,1,1,0,0,0,0,0,0,1,1,1,0,0,1,0,1,1,1,0,1,1,0,0.893889
0,0,0,1,1,1,1,0,0,0,1,1,1,0,1,0,1,0,1,1,1,0,1,1,0,1,1,0,1,0,0,1,0.941176
1,0,1,0,1,1,0,1,0,0,1,0,0,1,0,0,0,1,0,1,0,0,0,0,0,0,0,0,1,1,1,1,0.569880
0,1,1,0,1,0,1,1,0,1,1,0,0,0,0,0,1,1,0,0,0,1,1,0,1,1,0,1,0,1,1,1,0.861253
1,1,1,1,0,1,1,0,1,1,1,1,0,0,1,1,0,1,1,0,0,0,0,0,1,0,1,0,0,1,0,0,0.846494
1,1,0,0,0,0,0,1,1,0,0,1,0,0,1,0,1,0,1,1,1,1,1,1,0,1,0,0,1,0,0,1,0.507992
0,0,1,1,0,1,0,0,1,0,1,0,1,1,0,0,1,0,1,0,0,1,0,0,0,0,0,0,1,1,1,0,0.796675
0,0,0,1,1,1,0,1,1,0,1,1,1,1,1,0,1,1,1,1,0,1,0,0,1,1,0,1,0,1,0,0,0.891038
0,1,0,0,0,0,0,1,0,0,0,1,0,0,1,1,1,0,0,0,1,1,0,0,0,1,0,1,0,1,1,0,0.924339
0,1,1,0,0,1,0,1,1,1,1,0,1,0,0,0,0,0,0,0,1,0,0,1,0,1,0,1,0,1,0,1,0.823556
0,1,1,1,0,1,1,0,0,1,0,0,1,0,1,0,1,1,1,1,1,0,1,0,1,1,1,1,1,0,0,1,0.786099
1,0,0,0,0,0,0,0,1,0,0,0,0,1,1,0,1,1,1,0,1,0,1,0,1,1,0,1,1,0,0,1,0.538976
0,1,1,1,0,0,1,0,0,1,0,1,1,1,1,1,1,0,1,0,0,1,1,0,1,0,0,0,0,1,1,1,0.787004
1,0,0,1,0,0,1,1,0,0,1,1,1,1,1,0,0,1,1,0,0,1,0,0,1,1,0,0,0,0,1,1,0.474478
1,0,1,1,0,0,0,1,0,1,1,0,1,0,0,1,1,1,0,0,0,1,1,1,0,1,0,0,1,0,0,0,0.904971
1,1,0,1,1,0,0,0,0,0,0,0,1,1,1,0,1,0,1,1,1,1,0,1,1,1,0,0,1,0,1,0,0.901082
1,1,1,1,0,0,1,0,1,1,0,1,0,1,1,1,1,0,0,1,0,1,0,1,1,1,1,0,1,0,0,1,0.303735
0,0,1,0,0,0,1,1,1,1,0,0,0,0,1,0,0,0,1,1,0,0,0,1,0,1,0,1,0,0,0,0,0.896872
0,0,0,1,1,1,1,1,1,0,0,1,1,0,0,1,0,1,1,0,1,0,0,0,1,1,0,0,1,0,0,1,0.937926
0,1,0,1,1,1,1,1,0,0,1,1,1,0,1,1,1,0,1,1,0,0,0,0,0,1,0,0,1,0,1,1,0.893889
0,0,0,0,0,0,1,0,1,1,0,0,0,0,1,0,0,0,0,0,0,0,1,1,0,0,1,1,1,0,1,0,0.919357
1,0,1,0,1,0,1,0,1,0,0,1,0,0,1,1,1,1,1,0,0,0,0,0,0,1,1,0,1,0,1,1,0.386802
0,1,0,0,1,0,1,1,0,1,0,0,1,0,0,1,1,1,1,0,0,0,0,0,0,1,0,0,0,0,0,1,0.911365
1,0,0,0,1,1,0,0,0,0,1,1,0,1,0,1,1,0,1,1,1,0,1,0,1,1,0,0,0,1,1,0,0.774350
1,0,1,0,1,1,1,0,1,1,0,1,1,0,0,0,1,0,1,1,0,0,0,1,0,0,1,1,1,1,0,0,0.795876
1,0,0,0,1,0,0,1,0,1,1,0,1,1,0,1,1,0,1,0,1,1,1,0,0,0,1,1,1,1,1,0,0.774270
0,1,1,0,0,1,1,0,1,1,1,0,1,0,1,1,1,1,0,1,0,1,0,1,1,1,1,0,1,1,0,1,0.749147
1,0,1,1,0,1,1,1,0,0,0,1,1,0,1,0,0,0,0,0,0,0,0,1,0,1,1,0,1,0,0,1,0.596547
0,0,1,0,1,0,0,1,0,0,1,0,0,1,0,1,1,0,1,0,0,0,1,1,0,0,0,0,0,0,0,0,0.951273
0,1,0,1,0,0,1,1,1,1,1,0,1,0,1,0,1,1,1,0,1,1,0,0,0,0,0,0,0,0,0,0,0.791320
0,1,0,1,1,0,1,0,0,1,0,1,1,1,1,0,1,1,1,1,0,1,1,0,1,1,1,1,0,0,1,0,0.888667
0,1,1,1,1,0,1,0,1,0,1,0,0,1,1,1,1,1,1,0,0,0,0,1,1,1,0,0,0,1,0,1,0.800618
1,1,0,0,0,1,0,0,0,0,1,0,0,0,0,1,1,1,0,0,1,1,1,0,0,1,1,1,1,0,1,0,0.857017
1,0,1,1,0,1,0,1,1,0,1,1,0,0,1,1,0,1,1,0,0,1,1,0,1,1,0,0,1,1,1,1,0.193974
1,0,1,0,0,0,1,1,1,1,1,0,1,1,0,1,0,1,0,0,0,0,0,1,0,0,1,0,0,1,0,0,0.817455
1,1,0,0,1,1,0,0,0,0,0,0,0,1,1,0,1,0,1,1,1,0,0,0,1,0,1,1,0,0,0,1,0.575448
0,0,0,1,0,0,0,1,0,0,1,1,1,0,1,0,0,0,1,0,0,1,0,1,0,1,1,1,0,0,1,1,0.944480
0,0,1,0,0,1,1,0,1,0,1,1,0,0,1,0,1,1,1,0,1,0,0,1,1,1,0,0,0,1,0,0,0.801684
1,0,1,0,0,1,0,0,0,1,0,0,0,0,1,1,0,1,0,1,1,1,0,0,0,0,1,0,1,0,1,1,0.459585
0,0,0,1,1,1,1,0,0,1,0,1,1,0,0,1,1,1,1,1,1,1,0,1,0,0,1,0,0,1,1,0,0.934276
0,1,0,1,0,0,1,0,1,0,0,0,0,0,0,1,1,0,1,0,1,1,1,1,1,0,0,0,0,0,1,0,0.841592
1,1,1,0,1,0,1,0,1,0,1,1,0,0,0,1,1,1,1,1,1,0,1,0,0,1,1,1,0,1,1,1,0.065084
0,0,1,0,1,0,0,1,1,1,1,0,1,1,0,0,1,1,0,1,1,0,0,1,0,0,0,0,1,1,0,0,0.844016
0,1,1,0,0,0,1,0,1,1,0,1,1,0,0,0,1,1,0,1,1,1,0,0,0,0,0,1,0,0,0,1,0.816150
0,0,1,1,1,1,1,1,0,1,0,1,0,0,1,0,1,0,1,1,0,1,0,1,1,0,0,0,0,1,1,0,0.888427
1,0,1,1,1,1,0,1,0,0,1,1,0,1,1,1,0,1,1,0,1,0,0,1,1,0,0,1,0,1,1,1,0.205483
1,1,1,1,0,0,1,1,1,0,1,0,0,1,0,1,0,0,1,0,0,0,1,0,0,0,1,0,1,1,0,1,0.392290
0,0,1,1,0,1,1,0,1,0,1,0,0,1,1,0,0,0,1,1,0,1,1,0,1,1,1,1,0,0,0,1,0.839994
1,1,1,1,0,0,0,1,0,1,1,0,1,1,0,1,0,1,0,1,1,0,1,0,0,1,0,1,1,0,0,1,0.291187
0,1,1,1,1,0,0,0,1,1,0,0,0,1,0,1,1,1,0,1,1,1,1,1,0,0,1,1,0,1,1,0,0.796782
0,0,1,1,0,1,0,1,0,1,0,0,1,0,0,0,1,1,1,1,1,1,0,0,0,0,0,1,0,0,1,1,0.833546
1,0,1,0,0,1,1,0,0,0,1,1,1,1,0,0,0,0,0,1,1,1,1,0,1,0,1,0,0,1,0,0,0.815244
1,1,0,1,1,1,0,1,0,1,0,0,0,0,0,1,0,0,0,0,0,0,0,1,1,1,1,1,1,0,0,0,0.771766
1,0,1,1,0,0,1,1,0,1,1,1,0,1,0,0,0,1,1,1,1,0,1,1,0,1,0,1,0,0,1,0,0.732976
1,0,1,0,1,0,1,1,1,1,0,0,0,1,0,1,0,1,1,0,0,1,0,0,0,1,0,1,1,1,1,1,0.194693
1,1,1,0,1,1,0,1,0,1,1,1,0,0,0,1,1,1,1,1,1,1,1,0,1,1,0,1,1,0,1,0,0.850197
0,1,1,0,1,0,0,0,1,1,0,1,0,1,0,1,1,0,0,1,1,0,1,0,1,0,1,1,0,1,1,0,0.799313
0,1,0,1,1,1,1,1,0,1,1,0,1,0,0,1,1,0,0,0,0,0,0,1,1,0,0,0,0,1,0,1,0.896872
0,1,1,1,0,0,1,1,0,0,1,1,1,0,1,0,0,0,1,0,1,0,0,0,0,1,0,0,1,0,1,1,0.840367
0,0,1,1,0,1,1,0,0,1,1,0,0,1,0,0,0,0,1,1,1,1,0,1,0,0,1,1,0,0,0,0,0.911685
0,1,1,0,0,0,0,1,1,0,0,0,1,1,0,1,0,1,0,1,0,0,0,0,0,0,0,0,1,1,1,1,0.828218
0,0,1,1,1,0,0,0,0,1,0,0,0,0,1,0,1,0,1,0,0,1,1,1,1,0,1,0,0,1,0,1,0.889306
1,0,0,1,1,1,1,1,1,1,1,1,0,1,0,0,0,0,0,1,0,1,1,0,0,0,0,1,0,1,0,1,0.582108
0,0,0,1,1,0,1,1,0,0,1,0,1,0,0,1,1,1,1,1,0,1,1,1,0,0,0,1,1,1,0,0,0.939818
0,0,0,0,1,1,0,0,0,1,0,0,0,0,1,0,1,0,1,1,1,0,0,0,1,0,0,1,0,1,1,1,0.938086
1,0,0,0,1,1,0,0,0,0,0,1,0,1,0,0,0,1,1,1,0,0,0,1,1,1,0,0,0,0,1,1,0.534553
0,0,1,0,1,0,1,0,0,0,1,0,1,0,0,1,1,0,0,1,1,1,0,1,0,1,0,1,1,1,1,1,0.898711
1,0,0,0,0,1,1,0,0,1,1,0,0,0,1,1,0,1,0,1,0,1,1,1,1,0,1,1,0,1,0,0,0.884671
0,1,0,0,1,0,1,0,1,1,0,0,1,0,1,1,1,0,1,0,1,0,0,0,1,1,1,0,1,1,0,0,0.841592
0,1,0,1,1,0,0,0,0,0,0,1,0,1,1,1,1,0,0,1,1,0,1,0,1,1,0,1,0,0,1,1,0.902227
0,1,0,1,0,0,1,0,0,1,1,0,1,0,1,0,1,0,0,0,1,1,0,1,0,1,1,1,1,1,0,1,0.856165
1,1,1,0,1,1,0,0,0,1,1,1,0,0,0,1,1,0,0,1,0,0,0,0,1,0,1,0,1,0,0,0,0.894501
1,0,1,0,0,1,1,0,0,0,1,0,0,1,0,1,1,0,0,0,0,0,0,0,0,0,1,1,1,0,0,1,0.569027
1,0,1,1,1,1,1,0,0,1,0,1,1,0,1,1,1,1,1,1,1,0,1,0,1,1,0,0,0,0,0,1,0.435742
1,1,1,1,1,1,0,0,0,1,1,1,1,1,0,0,1,0,0,1,1,0,0,0,0,0,0,1,0,1,0,0,0.936941
0,0,0,1,0,1,1,1,1,0,1,0,0,0,0,0,1,0,1,1,1,0,1,0,0,1,0,0,0,0,0,1,0.884511
0,1,0,0,0,0,1,0,1,1,1,0,0,0,1,1,1,0,0,0,0,1,1,1,1,0,1,1,0,1,1,0,0.793558
0,1,1,0,0,1,0,1,1,1,1,1,1,0,0,1,1,0,0,0,0,1,1,0,1,0,0,0,0,0,1,1,0.787004
0,1,0,0,0,0,1,0,1,1,0,1,0,1,0,1,0,0,0,0,0,0,1,0,1,1,0,0,0,1,0,0,0.883179
1,1,1,0,0,0,0,0,0,0,0,0,0,1,1,1,0,1,1,0,0,1,1,1,1,1,0,1,1,0,0,1,0.495631
0,0,1,1,1,0,1,0,0,0,1,1,1,1,0,1,1,1,1,0,1,1,0,0,0,0,0,0,0,0,0,1,0.891970
1,1,1,0,0,1,0,0,0,0,0,0,0,0,0,0,1,0,1,0,0,1,0,1,1,0,0,1,1,0,0,0,0.900895
0,0,0,0,0,1,0,1,1,0,1,1,0,0,0,0,0,1,0,0,0,0,1,1,1,0,0,0,1,0,1,1,0.919357
1,1,1,1,1,1,1,1,0,0,1,0,0,0,0,0,0,1,1,0,1,1,0,1,1,0,0,1,1,0,1,0,0.884804
0,1,0,0,1,1,0,0,1,0,1,0,0,0,0,1,1,1,1,0,1,1,0,0,0,1,0,1,1,0,0,1,0.846148
1,0,1,1,0,1,1,1,1,1,1,1,0,0,0,0,0,1,0,1,1,1,0,1,1,0,1,0,1,1,0,0,0.743713
1,1,0,1,1,0,1,1,0,1,0,1,1,1,1,1,0,1,0,0,1,0,0,1,0,0,1,0,0,0,1,1,0.290521
0,1,1,1,0,0,1,1,0,0,0,1,1,0,1,0,1,0,0,0,0,1,0,0,1,0,0,1,1,0,0,0,0.800352
0,0,1,1,1,1,0,1,0,1,0,1,0,0,1,1,1,0,1,0,1,1,0,1,0,1,1,0,0,0,0,0,0.888800
0,1,1,0,0,0,1,0,0,1,1,0,0,1,0,1,0,0,0,1,0,0,1,1,0,1,1,0,0,1,1,1,0.847933
0,0,1,0,0,0,1,1,0,0,0,1,1,0,0,1,0,0,1,0,0,0,0,1,1,0,1,0,0,1,0,1,0.919038
0,0,0,1,0,0,1,0,0,1,0,0,0,1,1,0,0,1,0,0,1,0,1,1,0,1,1,1,0,1,0,0,0.945492
1,1,0,1,1,0,0,1,1,1,0,1,1,1,0,0,0,0,0,1,1,1,1,1,1,0,0,0,1,1,0,1,0.405051
0,1,1,0,0,1,1,1,1,0,1,1,1,0,1,0,0,1,1,1,0,0,0,0,0,1,1,1,0,1,0,1,0.841166
0,0,0,0,0,1,0,0,1,0,1,1,0,1,1,1,0,0,1,1,1,1,0,1,1,0,1,1,0,0,0,1,0.920130
0,0,1,1,1,0,1,1,0,1,1,1,0,0,0,0,1,0,0,1,1,1,0,1,0,1,0,0,1,0,1,1,0.893249
0,1,1,0,1,0,1,0,0,0,0,0,1,1,0,0,1,0,1,1,0,0,0,1,1,1,1,0,0,0,0,1,0.848359
0,0,0,0,1,0,0,1,1,1,0,1,1,0,1,0,1,0,1,1,0,1,0,1,1,1,1,0,0,1,0,1,0.892263
0,1,1,1,1,1,1,1,1,1,1,0,0,1,0,1,0,1,0,0,1,0,1,1,0,0,0,0,0,0,0,1,0.842551
0,0,0,0,1,1,1,1,1,0,0,1,0,0,0,0,0,1,0,0,1,0,1,1,1,0,0,0,1,1,0,1,0.946318
1,0,0,0,0,1,1,1,1,0,0,0,1,1,0,1,1,1,1,1,1,1,1,1,1,0,0,0,0,0,1,0,0.708520
1,1,0,1,1,0,1,0,0,0,1,1,1,0,1,0,1,1,0,1,0,1,1,1,1,1,1,0,1,1,1,1,0.165468
1,1,1,0,1,1,1,0,0,0,1,1,1,1,1,1,0,0,1,1,0,1,1,0,1,0,1,1,0,0,0,0,0.844043
1,0,0,0,1,1,0,0,0,0,0,0,0,0,1,0,0,0,1,0,0,0,1,1,1,1,0,0,1,0,0,1,0.601236
1,0,0,1,0,0,1,1,1,1,1,1,1,0,1,1,0,0,1,1,1,1,0,0,1,1,0,0,1,1,1,0,0.727408
0,0,1,1,0,1,1,1,1,1,0,1,0,0,0,1,0,1,1,0,1,1,1,0,0,0,1,1,1,1,1,1,0.837063
0,1,0,1,1,0,0,0,1,0,1,0,1,1,1,0,1,0,1,1,0,1,1,0,0,1,1,1,1,1,1,0,0.846654
0,1,1,1,1,1,0,1,0,1,0,1,1,0,1,0,0,1,0,1,0,1,0,1,1,1,0,1,1,0,1,1,0.890692
1,0,1,1,1,0,0,0,1,1,0,0,0,0,0,0,1,1,0,0,1,1,0,1,1,1,0,0,0,0,0,1,0.537138
0,0,1,0,0,0,1,1,1,1,1,1,0,1,0,0,1,0,1,0,0,1,1,0,0,1,1,0,0,1,0,0,0.837649
1,1,0,1,1,0,1,1,0,1,1,0,1,0,1,0,1,1,1,1,1,1,0,0,1,1,1,1,1,1,0,0,0.927856
0,1,0,0,1,1,1,0,0,1,1,1,0,0,0,0,1,0,0,0,0,1,0,0,1,1,0,0,1,0,0,1,0.896739
1,1,0,1,1,1,1,1,1,0,1,1,1,0,0,1,0,0,1,0,1,1,1,1,0,1,0,1,0,0,0,1,0.226529
1,0,1,1,0,1,0,1,1,0,1,1,1,1,0,1,1,1,1,1,1,0,0,1,0,0,1,0,0,1,1,1,0.109681
0,0,1,0,1,0,1,1,0,1,0,1,1,0,0,0,0,1,1,0,0,1,1,0,1,1,0,1,1,0,0,0,0.935422
0,1,1,0,1,0,1,1,1,1,1,0,1,0,1,0,0,0,0,1,0,1,0,0,0,0,0,0,0,1,1,0,0.894501
1,1,0,0,1,1,1,1,0,0,0,1,1,1,1,0,1,0,0,1,0,1,0,1,1,0,0,0,1,0,1,1,0.362878
0,0,1,1,1,0,1,1,1,0,1,0,1,1,0,1,0,0,1,0,1,1,0,0,0,1,1,1,0,0,0,0,0.893329
0,0,0,0,0,0,0,1,1,0,0,0,1,1,1,0,1,1,1,0,0,0,0,1,0,0,0,1,1,0,1,1,0.871270
1,1,0,0,0,0,1,1,1,0,0,0,0,0,1,1,0,0,1,1,0,0,0,0,0,1,0,0,1,0,1,0,0.823716
0,0,1,0,1,0,1,0,0,1,0,1,0,1,0,0,1,0,0,0,0,1,0,0,0,0,1,1,0,0,0,0,0.896766
1,1,0,1,1,0,0,1,0,0,0,1,1,0,1,0,0,0,0,0,1,1,0,1,1,1,1,1,0,1,1,1,0.348732
1,1,1,0,0,1,0,0,0,1,1,1,0,1,0,0,1,0,1,0,1,0,0,0,1,1,0,1,1,0,1,1,0.270647
0,1,0,1,1,0,1,1,0,0,1,0,1,0,1,1,1,1,1,1,0,1,1,1,1,0,1,0,1,1,0,1,0.890958
1,0,0,0,0,1,0,0,1,0,1,0,0,1,0,0,0,0,0,1,0,0,1,0,0,0,1,0,1,0,1,0,0.816842
0,0,0,0,0,0,0,1,0,1,1,0,0,1,0,1,0,1,0,0,0,1,0,0,0,0,0,0,1,0,0,1,0.945652
1,1,1,1,1,1,0,1,1,0,1,1,1,0,0,1,1,1,1,0,1,0,0,0,1,0,1,0,0,0,0,0,0.945732
0,0,0,0,1,0,0,1,0,1,0,1,1,1,0,1,0,1,0,1,1,0,1,1,0,1,1,1,1,1,1,1,0.984708
