0,0,0,1,0,0,1,0,0,0,1,0,1,0,1,0,1,1,1,1,0,0,0,0,0,1,0,1,0,0,1,1,0.622043
1,0,1,0,1,1,0,1,0,1,0,1,1,0,1,1,0,1,0,1,1,1,0,0,0,0,0,1,0,1,1,1,0.719656
0,0,0,1,1,1,0,1,0,0,1,0,1,1,0,1,1,1,1,0,1,0,0,1,0,0,1,0,0,0,0,0,0.556159
1,0,1,1,0,1,1,0,1,0,1,1,0,1,0,1,0,0,1,1,0,1,1,1,0,1,0,1,1,1,1,0,0.589274
1,0,0,1,1,0,0,1,0,0,0,0,1,1,0,0,1,1,0,0,1,0,0,1,0,1,0,0,1,0,1,1,0.634751
0,1,1,1,0,0,1,1,1,0,0,0,1,0,0,0,1,1,1,0,0,0,1,1,0,0,1,1,0,0,1,0,0.615622
0,1,1,0,0,1,1,0,1,0,1,0,1,0,1,1,0,1,1,1,1,1,1,0,1,0,1,1,0,0,0,0,0.572810
1,0,0,1,0,1,0,1,1,1,1,0,0,0,0,0,0,1,1,0,1,0,0,1,1,1,0,1,1,0,1,1,0.604993
0,0,1,1,1,0,0,1,1,0,1,1,1,1,0,1,1,0,1,0,0,0,0,1,0,1,0,0,0,1,0,1,0.700954
1,1,0,1,1,0,0,0,1,0,0,1,0,1,0,0,1,0,0,0,0,0,1,0,1,1,1,0,0,1,0,0,0.930840
0,0,1,1,0,1,1,1,1,1,0,0,1,0,1,1,0,1,1,1,0,0,0,0,1,0,0,1,1,1,1,0,0.637495
0,1,0,1,1,0,1,0,0,0,1,1,0,1,1,0,0,0,1,0,0,1,1,1,0,0,0,0,0,1,0,0,0.572677
1,0,1,1,0,0,0,1,1,1,0,1,0,0,0,1,1,1,1,1,0,1,0,0,0,1,1,1,0,1,1,0,0.584958
0,0,0,1,1,0,1,1,1,0,0,1,1,0,1,0,1,0,0,0,0,0,1,0,1,1,1,1,1,1,0,0,0.621377
0,0,0,0,0,1,0,1,1,0,1,0,1,0,1,1,0,0,1,0,0,1,1,0,0,1,1,0,0,0,1,0,0.676764
0,1,1,0,0,0,1,0,0,1,1,0,0,1,0,0,1,1,0,1,1,1,1,0,0,0,0,0,0,0,0,0,0.601316
0,1,1,0,1,0,0,1,1,1,1,1,0,1,0,1,1,0,1,1,0,1,1,0,0,1,1,1,1,1,0,0,0.647911
0,0,0,1,1,1,0,0,1,0,1,0,1,1,0,0,1,0,0,0,0,1,0,1,0,0,0,1,0,0,1,0,0.585092
1,0,1,0,0,0,1,0,0,1,0,1,1,0,0,0,1,1,0,0,0,0,1,1,1,0,0,1,1,1,1,1,0.599931
0,1,1,1,0,1,1,0,1,0,0,1,1,0,1,0,0,0,1,0,0,1,1,0,1,0,1,1,1,1,1,0,0.646313
0,1,0,1,1,0,0,0,0,0,1,0,1,0,1,0,1,1,1,1,0,1,0,0,0,0,1,0,1,0,0,1,0.599132
1,0,0,0,1,0,0,0,1,0,1,1,1,1,1,0,0,0,0,1,0,1,0,1,0,0,1,1,1,1,1,1,0.689312
0,0,0,0,0,1,0,0,0,0,1,0,1,1,1,0,1,1,1,0,1,1,1,1,0,1,0,1,1,0,1,0,0.610481
1,0,1,1,1,1,0,1,1,1,1,1,0,0,0,1,0,1,1,1,0,0,1,1,0,0,0,0,1,1,1,0,0.601609
1,1,0,1,0,1,0,1,1,1,0,1,0,1,1,1,1,0,0,1,1,0,1,1,0,0,1,1,1,0,1,0,0.658648
1,0,0,1,0,0,0,0,0,1,1,1,0,0,1,0,0,0,1,0,0,1,0,0,0,0,1,0,1,0,0,1,0.592631
0,1,0,1,0,1,1,0,1,1,0,1,0,1,0,1,1,1,1,0,1,0,0,1,1,1,1,1,1,1,1,0,0.632113
0,0,0,1,0,1,0,0,1,0,0,0,0,0,1,1,0,1,0,1,0,0,1,1,1,0,0,0,0,0,0,0,0.525549
0,1,0,0,1,1,0,1,0,0,1,0,1,1,1,0,0,0,0,0,1,1,0,1,0,1,1,0,1,1,0,1,0.805946
0,0,1,0,1,1,0,0,1,0,0,0,0,0,1,1,0,0,1,0,0,0,0,1,0,0,1,1,1,0,0,1,0.844709
1,0,1,0,0,1,0,0,1,1,1,0,1,0,0,1,1,1,1,0,1,1,1,1,0,0,0,0,0,1,1,1,0.610108
0,0,1,1,0,1,1,1,0,1,0,0,0,0,1,0,0,0,1,0,1,1,0,1,0,0,1,0,0,1,1,0,0.554854
1,1,0,1,0,1,1,0,0,0,1,0,1,1,1,1,1,0,1,1,0,0,1,0,1,0,1,1,1,0,0,1,0.569000
1,1,0,0,1,1,1,1,0,0,0,1,0,0,1,0,1,0,1,0,1,0,0,1,1,0,1,1,1,0,1,0,0.663443
0,1,0,1,1,1,0,0,1,0,1,0,0,1,1,0,1,1,1,0,0,1,1,1,1,0,0,0,1,0,1,0,0.588448
0,1,1,0,0,1,1,1,0,0,1,1,0,1,1,0,1,1,1,0,0,1,0,1,1,0,0,1,0,0,1,1,0.669517
1,0,0,1,1,1,1,1,0,1,0,0,0,0,1,0,1,0,1,0,0,0,0,1,0,1,1,1,0,0,0,1,0.587196
1,0,0,1,1,1,0,0,1,0,0,1,0,1,1,0,0,0,1,1,0,1,0,0,0,1,1,1,0,0,1,0,0.672474
0,1,0,1,1,1,1,0,1,0,1,1,0,0,0,0,0,0,0,0,1,0,0,0,0,1,1,0,0,1,0,1,0.599211
1,0,0,1,1,1,0,1,0,1,0,0,1,1,1,1,0,1,1,1,1,1,0,0,1,1,0,0,0,1,0,1,0.595455
1,0,0,1,1,1,1,1,0,1,0,0,1,1,0,1,0,0,1,0,1,0,1,0,1,0,1,1,0,0,1,1,0.712010
1,1,1,1,0,1,1,1,0,0,0,1,0,1,0,0,0,1,1,0,1,0,0,1,0,0,0,0,0,0,0,1,0.723359
0,0,0,1,0,0,1,0,0,0,0,1,0,1,0,0,0,1,1,0,1,0,0,1,0,0,1,0,1,1,0,0,0.466992
0,1,0,0,1,0,0,0,1,0,0,1,0,1,0,1,1,0,0,0,0,0,0,1,1,0,0,0,1,0,1,0,0.583200
1,0,0,0,0,1,0,0,1,1,1,0,0,1,0,0,1,1,1,0,1,0,1,1,0,0,0,0,1,1,0,0,0.619432
1,0,1,1,1,0,1,1,0,1,1,1,0,0,0,1,1,1,0,0,0,0,0,0,0,1,1,0,1,1,1,0,0.647272
1,1,0,0,1,1,0,1,0,0,1,1,0,0,1,0,0,0,1,1,0,1,1,1,1,1,0,1,1,0,1,1,0.640452
0,0,0,1,1,1,1,1,0,0,0,0,0,0,0,1,1,1,1,1,1,1,0,0,0,0,0,1,0,1,1,1,0.740276
0,1,0,1,1,0,0,1,0,0,1,1,0,1,1,0,0,0,0,1,0,0,1,1,0,0,1,0,0,1,0,1,0.648737
0,0,1,0,1,0,1,0,1,0,1,0,1,0,0,1,0,0,1,0,1,1,1,1,0,1,1,0,1,1,0,0,0.678176
1,0,1,0,0,1,0,1,1,1,0,1,1,0,1,1,0,1,1,0,1,1,0,1,1,1,0,1,0,1,0,1,0.604859
1,1,1,0,1,0,0,0,1,1,0,0,0,0,1,0,1,0,1,1,1,1,1,0,0,1,0,1,0,1,0,1,0.623135
1,1,1,0,0,0,1,0,0,1,1,1,0,0,1,1,1,1,0,1,0,1,0,1,0,0,1,1,0,1,1,0,0.628410
0,0,1,1,0,0,0,0,0,1,0,0,0,0,0,1,0,1,1,0,1,1,1,0,0,1,1,0,0,0,1,1,0.709452
0,0,1,1,0,1,0,1,0,1,1,1,1,1,1,1,0,0,1,1,1,1,0,1,0,1,1,0,0,0,0,1,0.758792
1,0,0,0,1,0,0,1,1,1,0,1,0,1,0,0,0,1,0,1,1,1,1,0,0,0,0,1,1,1,1,1,0.716033
1,0,0,1,1,1,1,1,0,1,0,1,0,0,1,0,0,0,0,0,0,1,0,0,1,0,1,0,0,0,0,0,0.622602
1,1,1,0,0,1,1,1,0,0,1,1,1,0,1,1,1,1,0,1,1,0,0,0,0,1,0,0,1,0,1,1,0.694160
1,1,0,0,0,0,1,1,0,0,0,0,1,0,0,0,0,1,1,0,0,1,1,1,0,1,0,1,1,1,1,1,0.682918
0,1,0,0,0,1,0,1,1,0,1,1,1,1,0,0,0,0,1,0,0,0,0,1,1,0,1,1,1,1,1,0,0.586024
1,1,1,1,0,0,1,1,0,0,0,0,1,1,0,1,0,1,0,0,0,1,0,0,1,1,1,0,0,0,0,1,0.635710
1,0,1,1,0,1,1,0,0,1,1,0,0,1,0,1,0,1,0,1,0,0,1,1,0,1,1,1,1,1,0,1,0.576566
0,1,0,0,1,0,0,1,0,1,1,1,0,0,0,1,1,0,1,1,1,1,1,1,0,1,0,1,1,1,0,1,0.794224
1,0,1,0,1,1,1,1,1,1,1,1,1,0,1,1,1,1,0,1,1,0,1,1,1,0,0,0,1,1,1,0,0.663656
0,1,0,1,1,0,0,0,1,1,0,0,0,0,1,1,1,0,0,1,1,1,1,0,0,1,1,1,0,0,1,0,0.656516
1,0,0,0,1,0,0,1,1,1,0,0,1,1,1,0,0,1,0,1,1,1,1,0,1,1,0,1,1,0,1,1,0.650975
1,0,0,0,0,0,1,0,0,0,1,0,1,1,0,1,1,0,1,1,1,1,0,0,1,1,1,0,0,0,1,1,0.606591
0,1,1,0,0,0,0,0,1,1,1,0,0,1,1,1,1,1,0,1,1,1,1,1,0,1,0,0,0,1,1,1,0.691443
1,1,0,0,0,0,1,1,0,1,1,1,1,1,0,1,1,1,0,1,0,0,0,1,0,0,1,0,1,1,1,0,0.605472
1,1,1,1,0,1,1,0,1,0,0,0,0,0,0,1,1,1,1,1,1,0,0,1,1,1,1,1,0,1,1,0,0.665947
0,0,0,0,0,0,1,1,0,1,1,0,0,1,1,0,1,0,1,0,1,0,0,1,0,1,1,1,1,0,0,1,0.805493
0,1,0,1,1,0,0,0,1,0,1,0,0,1,1,0,1,1,1,1,1,0,1,0,1,0,0,0,1,1,0,0,0.601130
0,1,0,1,0,1,0,0,0,0,0,1,1,1,0,1,0,1,0,0,1,0,1,1,1,0,0,1,0,0,0,0,0.559863
0,0,0,0,1,0,0,1,1,1,0,0,1,0,0,1,0,0,0,0,0,0,1,1,1,0,0,1,1,1,1,1,0.902813
0,0,0,0,0,1,1,0,1,1,0,0,0,1,0,0,1,0,1,1,1,0,0,1,1,0,1,1,0,1,0,1,0.610667
1,1,0,1,1,1,0,1,0,0,1,1,0,0,1,1,0,1,1,1,1,0,1,1,0,1,0,0,1,1,0,1,0.610321
1,0,1,0,0,1,1,1,0,1,0,1,1,1,0,0,1,0,1,0,1,1,0,1,0,0,1,0,1,1,0,0,0.637095
1,1,1,1,0,0,0,0,0,1,0,1,0,1,1,0,1,1,1,0,1,1,1,1,1,0,0,0,1,0,1,0,0.688725
1,1,0,1,1,1,1,0,1,0,0,1,1,1,0,1,0,0,1,1,0,0,0,1,1,0,0,0,0,1,1,0,0.617514
0,1,1,1,1,0,0,0,1,0,0,1,0,1,0,1,1,0,1,1,1,1,0,0,1,0,1,0,0,1,1,0,0.602968
0,0,1,0,1,1,0,0,0,1,1,1,1,0,1,0,0,1,0,1,1,1,0,0,0,1,1,0,1,0,1,0,0.579470
0,1,0,0,0,1,0,1,1,1,1,1,0,1,1,1,0,0,1,0,0,0,1,0,0,0,0,0,0,0,1,0,0.640478
1,1,0,1,0,1,0,1,1,1,0,0,1,0,0,0,0,1,0,1,0,0,0,0,0,0,0,0,0,0,0,0,0.636003
0,0,0,1,1,0,0,1,1,0,0,1,0,1,1,1,0,0,0,1,1,0,1,0,1,0,1,0,1,0,1,1,0.836184
1,0,1,0,1,0,0,0,1,1,1,1,1,1,1,1,1,1,1,1,1,1,0,1,1,0,1,1,0,0,1,0,0.633765
0,0,0,1,0,1,1,1,1,0,0,1,0,0,0,1,1,0,0,0,1,1,0,1,0,0,0,0,1,0,1,1,0.852089
0,1,0,0,1,1,0,1,1,1,1,0,1,0,1,1,0,1,1,0,0,1,1,0,1,0,0,0,1,1,1,0,0.620658
1,1,0,1,0,0,0,0,0,0,0,0,0,1,0,1,1,1,0,0,1,0,0,1,0,0,0,1,1,1,1,1,0.560475
0,1,0,0,0,0,1,0,1,1,0,0,0,1,0,1,0,1,1,0,1,1,1,0,1,0,1,1,1,0,1,0,0.612052
0,0,1,1,0,0,0,1,1,0,1,0,1,1,0,1,1,1,0,1,1,0,1,0,0,1,1,1,0,1,0,1,0.671169
1,0,1,1,1,1,1,1,0,1,0,1,0,1,1,1,0,0,0,1,0,0,1,1,1,0,1,0,1,0,1,1,0.730765
0,0,1,1,0,0,0,0,0,0,0,1,0,1,0,0,1,1,0,0,0,1,0,0,0,1,1,0,0,0,1,1,0.638294
1,1,1,1,1,0,0,1,1,0,1,0,0,0,0,0,1,0,0,0,1,1,1,1,1,1,0,1,0,0,0,1,0.605179
1,0,1,0,1,0,1,0,0,0,1,1,0,0,1,0,1,0,0,0,1,1,1,0,0,1,1,1,0,0,0,1,0.594230
0,0,1,0,0,1,0,0,0,1,0,1,1,1,1,1,0,0,1,0,0,0,1,1,0,0,1,1,1,0,1,0,0.685129
0,0,1,0,1,0,1,0,1,1,0,0,1,1,0,1,0,0,1,0,0,0,0,0,0,0,0,1,0,0,1,0,0.757992
1,0,1,1,1,0,1,0,0,0,1,1,1,0,0,0,1,1,1,1,0,0,0,1,0,1,0,0,1,0,1,0,0.684117
1,0,1,0,0,1,0,0,0,1,1,0,0,0,0,0,1,0,0,0,0,1,1,1,0,1,1,0,1,0,0,0,0.705110
1,1,0,1,0,0,0,1,1,0,1,1,1,0,0,1,0,1,0,0,0,0,0,1,1,0,0,1,1,0,1,0,0.661818
1,1,1,1,0,1,1,1,1,0,1,0,1,1,0,1,0,1,0,1,1,0,1,0,1,1,1,0,0,1,0,0,0.640718
0,0,1,1,0,0,0,0,1,0,1,0,1,1,0,1,1,0,1,0,0,1,0,1,0,0,0,0,1,0,0,0,0.579630
0,0,1,1,1,0,1,1,1,1,1,0,1,0,1,1,1,0,0,0,0,0,1,1,1,1,0,0,0,1,0,1,0.643862
1,1,0,0,0,1,0,1,0,1,1,0,0,0,1,0,1,1,0,1,0,1,0,1,0,0,1,0,1,0,0,0,0.660166
1,1,0,1,0,1,0,1,0,0,0,1,1,0,0,1,1,0,0,0,1,1,1,1,0,1,0,1,1,1,1,1,0.634058
0,1,1,1,0,1,1,1,0,1,1,1,1,0,0,0,1,0,0,1,1,1,1,0,1,1,1,0,1,1,1,0,0.623428
0,0,1,0,1,0,0,0,1,0,0,1,0,0,1,1,0,0,1,1,1,1,0,0,1,1,0,0,1,1,1,1,0.819214
1,1,0,1,1,0,0,0,0,1,1,1,1,1,0,0,1,0,0,1,0,1,1,0,0,0,1,1,0,0,0,1,0.592764
0,0,1,0,0,1,0,0,0,1,0,0,1,1,1,1,1,0,0,1,0,0,1,1,0,1,1,1,1,1,1,1,0.849824
1,1,1,0,1,1,1,1,0,0,1,1,0,0,0,0,1,1,1,0,0,1,1,1,0,0,0,0,1,1,1,0,0.615143
1,0,1,1,1,1,0,1,0,0,0,0,0,0,1,1,1,1,1,1,0,1,1,1,1,1,0,0,0,1,0,1,0.608562
0,0,0,1,0,1,1,1,0,0,1,1,0,1,1,1,1,0,1,1,0,0,0,0,0,0,1,1,0,0,0,0,0.551471
0,1,0,1,1,0,0,1,1,0,1,0,0,1,1,0,0,1,1,1,1,1,1,1,0,0,1,0,1,1,1,1,0.765798
0,0,1,1,1,1,1,1,0,1,0,0,0,1,0,1,1,1,0,1,1,0,0,1,1,1,1,0,0,1,1,1,0.665335
1,0,0,0,1,0,0,1,1,0,1,1,0,1,1,1,1,0,0,1,1,0,0,0,0,0,0,0,1,0,1,1,0.775176
0,0,0,1,0,0,1,1,1,1,1,1,1,1,1,0,1,1,0,1,0,1,1,0,0,0,0,0,0,1,0,0,0.615915
0,1,0,0,1,1,1,0,1,1,0,1,1,1,1,1,1,1,0,0,0,0,1,0,1,1,1,1,0,0,1,1,0.633685
1,1,0,0,1,0,1,1,0,0,0,1,1,1,1,0,1,0,0,1,0,0,1,1,1,1,0,1,0,0,1,1,0.605872
0,0,0,0,1,0,1,1,1,0,0,0,1,0,1,0,1,0,1,1,0,1,0,1,0,1,0,1,1,0,1,0,0.649803
0,1,0,1,0,1,0,0,0,1,1,0,0,1,1,1,0,1,0,1,0,0,0,1,0,1,0,0,0,0,0,0,0.557785
1,0,1,0,0,1,1,1,0,1,0,0,0,0,0,0,1,1,1,1,1,0,0,1,1,0,0,1,0,1,1,0,0.641118
0,1,0,1,1,0,0,0,1,1,0,0,0,1,0,1,0,0,1,0,1,0,0,1,0,1,0,1,0,0,0,1,0.638614
1,0,0,1,1,0,0,0,1,0,1,0,1,1,1,0,0,0,0,1,1,0,0,1,0,0,0,1,1,1,1,0,0.636695
0,1,1,1,0,0,0,1,1,1,1,1,1,1,0,0,0,0,0,1,0,1,0,0,1,0,1,1,1,1,1,0,0.574355
0,1,1,1,0,0,1,0,0,0,1,1,1,0,1,1,0,1,1,0,0,1,0,1,1,0,1,0,0,1,1,0,0.592658
1,1,1,1,0,0,0,0,0,0,0,1,1,0,0,0,0,1,1,0,1,0,1,0,1,0,0,0,1,0,0,0,0.761962
0,1,1,1,0,0,0,1,1,1,0,1,0,0,0,0,0,1,1,1,0,1,1,1,0,1,1,1,1,1,0,0,0.592098
1,0,0,1,1,1,1,1,0,0,1,0,1,0,0,0,1,0,1,0,0,1,1,0,0,1,0,0,0,1,1,1,0.615356
0,0,1,1,1,1,1,1,1,0,1,1,0,0,1,0,0,0,1,0,0,0,1,1,1,0,0,1,0,1,1,0,0.601396
