0,0,0,1,1,0,0,1,1,0,0,1,0,1,1,1,0,0,0,1,1,0,1,0,1,0,1,0,1,0,1,1,0.834239
0,1,0,1,1,1,0,0,1,0,1,0,0,1,1,0,1,1,1,0,0,1,1,1,1,0,0,0,1,0,1,0,0.595562
1,1,1,1,0,0,1,1,0,0,0,0,1,1,0,1,0,1,0,0,0,1,0,0,1,1,1,0,0,0,0,1,0.628410
1,0,0,1,1,1,1,1,0,1,0,0,1,1,0,1,0,0,1,0,1,0,1,0,1,0,1,1,0,0,1,1,0.690590
1,0,0,1,1,1,1,1,0,1,0,0,0,0,1,0,1,0,1,0,0,0,0,1,0,1,1,1,0,0,0,1,0.594336
0,1,0,1,1,0,0,1,0,0,1,1,0,1,1,0,0,0,0,1,0,0,1,1,0,0,1,0,0,1,0,1,0.657529
1,1,1,1,0,0,0,0,0,1,0,1,0,1,1,0,1,1,1,0,1,1,1,1,1,0,0,0,1,0,1,0,0.697730
0,0,0,1,1,1,0,0,1,0,1,0,1,1,0,0,1,0,0,0,0,1,0,1,0,0,0,1,0,0,1,0,0.583387
1,0,0,0,1,0,0,1,1,1,0,0,1,1,1,0,0,1,0,1,1,1,1,0,1,1,0,1,1,0,1,1,0.627744
1,1,0,1,0,1,1,0,0,0,1,0,1,1,1,1,1,0,1,1,0,0,1,0,1,0,1,1,1,0,0,1,0.556612
1,0,1,1,1,0,1,1,0,1,1,1,0,0,0,1,1,1,0,0,0,0,0,0,0,1,1,0,1,1,1,0,0.641970
0,1,0,1,0,1,0,0,0,1,1,0,0,1,1,1,0,1,0,1,0,0,0,1,0,1,0,0,0,0,0,0,0.566922
0,1,0,0,1,1,0,1,0,0,1,0,1,1,1,0,0,0,0,0,1,1,0,1,0,1,1,0,1,1,0,1,0.811115
1,1,0,0,1,0,1,1,0,0,0,1,1,1,1,0,1,0,0,1,0,0,1,1,1,1,0,1,0,0,1,1,0.587809
0,1,1,0,0,1,1,1,0,0,1,1,0,1,1,0,1,1,1,0,0,1,0,1,1,0,0,1,0,0,1,1,0.665841
0,1,1,1,0,0,0,1,1,1,0,1,0,0,0,0,0,1,1,1,0,1,1,1,0,1,1,1,1,1,0,0,0.582987
1,1,0,1,0,1,0,1,1,1,0,1,0,1,1,1,1,0,0,1,1,0,1,1,0,0,1,1,1,0,1,0,0.653133
0,1,1,0,1,0,0,1,1,1,1,1,0,1,0,1,1,0,1,1,0,1,1,0,0,1,1,1,1,1,0,0,0.651481
0,1,1,0,0,0,1,0,0,1,1,0,0,1,0,0,1,1,0,1,1,1,1,0,0,0,0,0,0,0,0,0,0.617540
0,0,1,1,0,1,1,1,0,1,0,0,0,0,1,0,0,0,1,0,1,1,0,1,0,0,1,0,0,1,1,0,0.570999
0,1,0,0,1,1,1,0,1,1,0,1,1,1,1,1,1,1,0,0,0,0,1,0,1,1,1,1,0,0,1,1,0.639013
1,1,1,0,0,1,1,1,0,0,1,1,1,0,1,1,1,1,0,1,1,0,0,0,0,1,0,0,1,0,1,1,0.661738
0,0,1,1,0,0,0,0,0,0,0,1,0,1,0,0,1,1,0,0,0,1,0,0,0,1,1,0,0,0,1,1,0.625932
1,1,1,1,0,0,0,0,0,0,0,1,1,0,0,0,0,1,1,0,1,0,1,0,1,0,0,0,1,0,0,0,0.764999
1,1,0,1,1,0,0,0,0,1,1,1,1,1,0,0,1,0,0,1,0,1,1,0,0,0,1,1,0,0,0,1,0.578778
1,1,0,0,0,1,0,1,0,1,1,0,0,0,1,0,1,1,0,1,0,1,0,1,0,0,1,0,1,0,0,0,0.669304
0,1,0,0,0,1,0,1,1,1,1,1,0,1,1,1,0,0,1,0,0,0,1,0,0,0,0,0,0,0,1,0,0.649670
0,1,0,0,1,0,0,1,0,1,1,1,0,0,0,1,1,0,1,1,1,1,1,1,0,1,0,1,1,1,0,1,0.792120
1,0,0,1,1,1,0,0,1,0,0,1,0,1,1,0,0,0,1,1,0,1,0,0,0,1,1,1,0,0,1,0,0.665255
0,0,1,0,1,0,0,0,1,0,0,1,0,0,1,1,0,0,1,1,1,1,0,0,1,1,0,0,1,1,1,1,0.822544
1,0,0,0,0,1,0,0,1,1,1,0,0,1,0,0,1,1,1,0,1,0,1,1,0,0,0,0,1,1,0,0,0.624547
0,0,1,0,1,0,1,0,1,0,1,0,1,0,0,1,0,0,1,0,1,1,1,1,0,1,1,0,1,1,0,0,0.698023
0,0,1,0,1,1,0,0,1,0,0,0,0,0,1,1,0,0,1,0,0,0,0,1,0,0,1,1,1,0,0,1,0.849957
0,1,0,1,1,0,1,0,0,0,1,1,0,1,1,0,0,0,1,0,0,1,1,1,0,0,0,0,0,1,0,0,0.587303
1,1,1,1,0,1,1,0,1,0,0,0,0,0,0,1,1,1,1,1,1,0,0,1,1,1,1,1,0,1,1,0,0.676577
1,0,1,1,0,1,1,0,0,1,1,0,0,1,0,1,0,1,0,1,0,0,1,1,0,1,1,1,1,1,0,1,0.563965
1,0,1,0,1,0,0,0,1,1,1,1,1,1,1,1,1,1,1,1,1,1,0,1,1,0,1,1,0,0,1,0,0.631793
0,0,0,1,1,1,0,1,0,0,1,0,1,1,0,1,1,1,1,0,1,0,0,1,0,0,1,0,0,0,0,0,0.563299
0,0,0,1,0,1,0,0,1,0,0,0,0,0,1,1,0,1,0,1,0,0,1,1,1,0,0,0,0,0,0,0,0.541906
1,0,1,1,1,0,1,0,0,0,1,1,1,0,0,0,1,1,1,1,0,0,0,1,0,1,0,0,1,0,1,0,0.682278
1,0,1,0,0,1,1,1,0,1,0,1,1,1,0,0,1,0,1,0,1,1,0,1,0,0,1,0,1,1,0,0,0.631900
1,1,0,1,1,1,0,1,0,0,1,1,0,0,1,1,0,1,1,1,1,0,1,1,0,1,0,0,1,1,0,1,0.592285
1,1,0,0,1,1,1,1,0,0,0,1,0,0,1,0,1,0,1,0,1,0,0,1,1,0,1,1,1,0,1,0,0.670476
1,1,0,1,1,1,1,0,1,0,0,1,1,1,0,1,0,0,1,1,0,0,0,1,1,0,0,0,0,1,1,0,0.610081
0,1,0,0,0,0,1,0,1,1,0,0,0,1,0,1,0,1,1,0,1,1,1,0,1,0,1,1,1,0,1,0,0.622762
1,0,1,1,0,1,1,0,1,0,1,1,0,1,0,1,0,0,1,1,0,1,1,1,0,1,0,1,1,1,1,0,0.603527
1,1,1,1,1,0,0,1,1,0,1,0,0,0,0,0,1,0,0,0,1,1,1,1,1,1,0,1,0,0,0,1,0.599691
0,1,1,1,0,1,1,0,1,0,0,1,1,0,1,0,0,0,1,0,0,1,1,0,1,0,1,1,1,1,1,0,0.635497
0,1,1,0,0,1,1,0,1,0,1,0,1,0,1,1,0,1,1,1,1,1,1,0,1,0,1,1,0,0,0,0,0.571132
1,0,1,0,0,0,1,0,0,1,0,1,1,0,0,0,1,1,0,0,0,0,1,1,1,0,0,1,1,1,1,1,0.585678
1,0,1,1,1,1,0,1,1,1,1,1,0,0,0,1,0,1,1,1,0,0,1,1,0,0,0,0,1,1,1,0,0.587356
1,0,1,0,0,1,0,0,1,1,1,0,1,0,0,1,1,1,1,0,1,1,1,1,0,0,0,0,0,1,1,1,0.586610
0,0,0,1,0,0,1,0,0,0,1,0,1,0,1,0,1,1,1,1,0,0,0,0,0,1,0,1,0,0,1,1,0.629263
0,0,1,1,0,0,0,0,0,1,0,0,0,0,0,1,0,1,1,0,1,1,1,0,0,1,1,0,0,0,1,1,0.714780
0,0,0,0,1,0,0,1,1,1,0,0,1,0,0,1,0,0,0,0,0,0,1,1,1,0,0,1,1,1,1,1,0.902574
1,0,1,0,0,1,0,0,0,1,1,0,0,0,0,0,1,0,0,0,0,1,1,1,0,1,1,0,1,0,0,0,0.713928
1,0,0,0,1,0,0,1,1,1,0,1,0,1,0,0,0,1,0,1,1,1,1,0,0,0,0,1,1,1,1,1,0.688699
1,0,1,0,1,1,1,1,1,1,1,1,1,0,1,1,1,1,0,1,1,0,1,1,1,0,0,0,1,1,1,0,0.672741
1,1,1,0,1,0,0,0,1,1,0,0,0,0,1,0,1,0,1,1,1,1,1,0,0,1,0,1,0,1,0,1,0.634005
0,0,1,0,1,1,0,0,0,1,1,1,1,0,1,0,0,1,0,1,1,1,0,0,0,1,1,0,1,0,1,0,0.610028
0,0,0,0,0,1,0,0,0,0,1,0,1,1,1,0,1,1,1,0,1,1,1,1,0,1,0,1,1,0,1,0,0.612665
0,0,1,1,1,0,1,1,1,1,1,0,1,0,1,1,1,0,0,0,0,0,1,1,1,1,0,0,0,1,0,1,0.650735
0,1,1,1,0,0,1,0,0,0,1,1,1,0,1,1,0,1,1,0,0,1,0,1,1,0,1,0,0,1,1,0,0.587143
0,0,1,1,1,0,0,1,1,0,1,1,1,1,0,1,1,0,1,0,0,0,0,1,0,1,0,0,0,1,0,1,0.704151
0,1,1,1,0,1,1,1,0,1,1,1,1,0,0,0,1,0,0,1,1,1,1,0,1,1,1,0,1,1,1,0,0.619672
1,0,1,0,1,0,1,0,0,0,1,1,0,0,1,0,1,0,0,0,1,1,1,0,0,1,1,1,0,0,0,1,0.587036
0,0,0,1,1,1,1,1,0,0,0,0,0,0,0,1,1,1,1,1,1,1,0,0,0,0,0,1,0,1,1,1,0.743526
0,0,0,1,0,0,1,0,0,0,0,1,0,1,0,0,0,1,1,0,1,0,0,1,0,0,1,0,1,1,0,0,0.495951
1,1,0,1,0,0,0,0,0,0,0,0,0,1,0,1,1,1,0,0,1,0,0,1,0,0,0,1,1,1,1,1,0.533355
0,0,0,1,1,0,1,1,1,0,0,1,1,0,1,0,1,0,0,0,0,0,1,0,1,1,1,1,1,1,0,0,0.607177
1,0,1,0,0,1,1,1,0,1,0,0,0,0,0,0,1,1,1,1,1,0,0,1,1,0,0,1,0,1,1,0,0.637282
1,0,1,0,1,1,0,1,0,1,0,1,1,0,1,1,0,1,0,1,1,1,0,0,0,0,0,1,0,1,1,1,0.692562
1,0,0,1,0,0,0,0,0,1,1,1,0,0,1,0,0,0,1,0,0,1,0,0,0,0,1,0,1,0,0,1,0.576566
0,1,0,1,0,1,1,0,1,1,0,1,0,1,0,1,1,1,1,0,1,0,0,1,1,1,1,1,1,1,1,0,0.640718
1,0,0,1,1,1,0,1,0,1,0,0,1,1,1,1,0,1,1,1,1,1,0,0,1,1,0,0,0,1,0,1,0.579257
1,1,1,0,0,0,1,0,0,1,1,1,0,0,1,1,1,1,0,1,0,1,0,1,0,0,1,1,0,1,1,0,0.624680
1,0,0,1,1,1,1,1,0,1,0,1,0,0,1,0,0,0,0,0,0,1,0,0,1,0,1,0,0,0,0,0,0.629689
0,0,1,0,1,0,1,0,1,1,0,0,1,1,0,1,0,0,1,0,0,0,0,0,0,0,0,1,0,0,1,0,0.772672
0,0,0,1,0,0,1,1,1,1,1,1,1,1,1,0,1,1,0,1,0,1,1,0,0,0,0,0,0,1,0,0,0.619512
1,0,0,0,1,0,0,1,1,0,1,1,0,1,1,1,1,0,0,1,1,0,0,0,0,0,0,0,1,0,1,1,0.744672
0,1,0,1,1,0,0,0,0,0,1,0,1,0,1,0,1,1,1,1,0,1,0,0,0,0,1,0,1,0,0,1,0.608030
0,1,0,0,1,1,0,1,1,1,1,0,1,0,1,1,0,1,1,0,0,1,1,0,1,0,0,0,1,1,1,0,0.634884
1,0,0,1,1,1,1,1,0,0,1,0,1,0,0,0,1,0,1,0,0,1,1,0,0,1,0,0,0,1,1,1,0.602648
0,1,0,1,0,1,0,0,0,0,0,1,1,1,0,1,0,1,0,0,1,0,1,1,1,0,0,1,0,0,0,0,0.570839
0,1,1,1,0,0,0,1,1,1,1,1,1,1,0,0,0,0,0,1,0,1,0,0,1,0,1,1,1,1,1,0,0.565404
0,1,0,1,1,0,0,1,1,0,1,0,0,1,1,0,0,1,1,1,1,1,1,1,0,0,1,0,1,1,1,1,0.772538
0,1,1,0,0,0,0,0,1,1,1,0,0,1,1,1,1,1,0,1,1,1,1,1,0,1,0,0,0,1,1,1,0.692855
0,0,1,0,0,1,0,0,0,1,0,0,1,1,1,1,1,0,0,1,0,0,1,1,0,1,1,1,1,1,1,1,0.849957
0,1,0,0,0,1,0,1,1,0,1,1,1,1,0,0,0,0,1,0,0,0,0,1,1,0,1,1,1,1,1,0,0.593457
0,0,0,0,1,0,1,1,1,0,0,0,1,0,1,0,1,0,1,1,0,1,0,1,0,1,0,1,1,0,1,0,0.664216
1,0,0,1,1,0,0,1,0,0,0,0,1,1,0,0,1,1,0,0,1,0,0,1,0,1,0,0,1,0,1,1,0.608003
1,1,0,1,0,0,0,1,1,0,1,1,1,0,0,1,0,1,0,0,0,0,0,1,1,0,0,1,1,0,1,0,0.658381
1,1,0,1,0,1,0,1,1,1,0,0,1,0,0,0,0,1,0,1,0,0,0,0,0,0,0,0,0,0,0,0,0.644874
1,1,0,0,0,0,1,1,0,0,0,0,1,0,0,0,0,1,1,0,0,1,1,1,0,1,0,1,1,1,1,1,0.654092
0,1,1,1,0,0,1,1,1,0,0,0,1,0,0,0,1,1,1,0,0,0,1,1,0,0,1,1,0,0,1,0,0.619352
1,0,0,1,0,1,0,1,1,1,1,0,0,0,0,0,0,1,1,0,1,0,0,1,1,1,0,1,1,0,1,1,0.606671
1,0,1,1,1,1,1,1,0,1,0,1,0,1,1,1,0,0,0,1,0,0,1,1,1,0,1,0,1,0,1,1,0.710731
1,0,1,1,1,1,0,1,0,0,0,0,0,0,1,1,1,1,1,1,0,1,1,1,1,1,0,0,0,1,0,1,0.606618
0,0,1,1,0,0,0,1,1,0,1,0,1,1,0,1,1,1,0,1,1,0,1,0,0,1,1,1,0,1,0,1,0.676231
0,1,0,1,1,0,0,0,1,0,1,0,0,1,1,0,1,1,1,1,1,0,1,0,1,0,0,0,1,1,0,0,0.597613
0,1,0,0,1,0,0,0,1,0,0,1,0,1,0,1,1,0,0,0,0,0,0,1,1,0,0,0,1,0,1,0,0.579817
0,0,1,0,0,1,0,0,0,1,0,1,1,1,1,1,0,0,1,0,0,0,1,1,0,0,1,1,1,0,1,0,0.707134
1,0,0,0,0,0,1,0,0,0,1,0,1,1,0,1,1,0,1,1,1,1,0,0,1,1,1,0,0,0,1,1,0.594016
0,0,0,1,0,1,1,1,0,0,1,1,0,1,1,1,1,0,1,1,0,0,0,0,0,0,1,1,0,0,0,0,0.564125
1,1,0,0,1,1,0,1,0,0,1,1,0,0,1,0,0,0,1,1,0,1,1,1,1,1,0,1,1,0,1,1,0.611653
0,1,0,1,1,1,1,0,1,0,1,1,0,0,0,0,0,0,0,0,1,0,0,0,0,1,1,0,0,1,0,1,0.608163
1,1,0,1,1,0,0,0,1,0,0,1,0,1,0,0,1,0,0,0,0,0,1,0,1,1,1,0,0,1,0,0,0.934090
0,1,0,1,1,0,0,0,1,1,0,0,0,1,0,1,0,0,1,0,1,0,0,1,0,1,0,1,0,0,0,1,0.644102
0,0,1,1,1,1,1,1,1,0,1,1,0,0,1,0,0,0,1,0,0,0,1,1,1,0,0,1,0,1,1,0,0.589035
1,0,1,1,0,0,0,1,1,1,0,1,0,0,0,1,1,1,1,1,0,1,0,0,0,1,1,1,0,1,1,0,0.583227
0,0,1,1,1,1,1,1,0,1,0,0,0,1,0,1,1,1,0,1,1,0,0,1,1,1,1,0,0,1,1,1,0.668745
0,0,1,1,0,1,0,1,0,1,1,1,1,1,1,1,0,0,1,1,1,1,0,1,0,1,1,0,0,0,0,1,0.765851
0,0,1,1,0,0,0,0,1,0,1,0,1,1,0,1,1,0,1,0,0,1,0,1,0,0,0,0,1,0,0,0,0.579684
0,0,1,1,0,1,1,1,1,1,0,0,1,0,1,1,0,1,1,1,0,0,0,0,1,0,0,1,1,1,1,0,0.624893
1,0,1,0,0,1,0,1,1,1,0,1,1,0,1,1,0,1,1,0,1,1,0,1,1,1,0,1,0,1,0,1,0.595855
1,1,1,1,0,1,1,1,1,0,1,0,1,1,0,1,0,1,0,1,1,0,1,0,1,1,1,0,0,1,0,0,0.657076
1,1,0,0,0,0,1,1,0,1,1,1,1,1,0,1,1,1,0,1,0,0,0,1,0,0,1,0,1,1,1,0,0.605366
1,1,0,1,0,1,0,1,0,0,0,1,1,0,0,1,1,0,0,0,1,1,1,1,0,1,0,1,1,1,1,1,0.598066
0,0,0,0,0,1,0,1,1,0,1,0,1,0,1,1,0,0,1,0,0,1,1,0,0,1,1,0,0,0,1,0,0.698316
0,0,0,0,0,0,1,1,0,1,1,0,0,1,1,0,1,0,1,0,1,0,0,1,0,1,1,1,1,0,0,1,0.811115
0,1,1,1,1,0,0,0,1,0,0,1,0,1,0,1,1,0,1,1,1,1,0,0,1,0,1,0,0,1,1,0,0.602755
1,0,0,0,1,0,0,0,1,0,1,1,1,1,1,0,0,0,0,1,0,1,0,1,0,0,1,1,1,1,1,1,0.674473
0,0,0,1,0,1,1,1,1,0,0,1,0,0,0,1,1,0,0,0,1,1,0,1,0,0,0,0,1,0,1,1,0.849744
1,0,0,1,1,0,0,0,1,0,1,0,1,1,1,0,0,0,0,1,1,0,0,1,0,0,0,1,1,1,1,0,0.631500
0,1,0,1,1,0,0,0,1,1,0,0,0,0,1,1,1,0,0,1,1,1,1,0,0,1,1,1,0,0,1,0,0.656330
1,1,1,0,1,1,1,1,0,0,1,1,0,0,0,0,1,1,1,0,0,1,1,1,0,0,0,0,1,1,1,0,0.609761
1,1,1,1,0,1,1,1,0,0,0,1,0,1,0,0,0,1,1,0,1,0,0,1,0,0,0,0,0,0,0,1,0.714114
0,0,0,0,0,1,1,0,1,1,0,0,0,1,0,0,1,0,1,1,1,0,0,1,1,0,1,1,0,1,0,1,0.620977
