0,0,1,0,0,1,0,0,0,1,0,0,1,1,1,1,1,0,0,1,0,0,1,1,0,1,1,1,1,1,1,1,0.850639
0,0,0,1,1,0,0,1,1,0,0,1,0,1,1,1,0,0,0,1,1,0,1,0,1,0,1,0,1,0,1,1,0.835102
1,1,1,1,0,0,0,0,0,1,0,1,0,1,1,0,1,1,1,0,1,1,1,1,1,0,0,0,1,0,1,0,0.698423
0,1,1,1,1,0,0,0,1,0,0,1,0,1,0,1,1,0,1,1,1,1,0,0,1,0,1,0,0,1,1,0,0.599702
1,1,0,1,1,0,0,0,1,0,0,1,0,1,0,0,1,0,0,0,0,0,1,0,1,1,1,0,0,1,0,0,0.930733
0,1,1,0,1,0,0,1,1,1,1,1,0,1,0,1,1,0,1,1,0,1,1,0,0,1,1,1,1,1,0,0,0.645844
0,0,0,0,0,0,1,1,0,1,1,0,0,1,1,0,1,0,1,0,1,0,0,1,0,1,1,1,1,0,0,1,0.810699
0,1,1,0,0,0,0,0,1,1,1,0,0,1,1,1,1,1,0,1,1,1,1,1,0,1,0,0,0,1,1,1,0.693116
0,0,0,1,1,1,1,1,0,0,0,0,0,0,0,1,1,1,1,1,1,1,0,0,0,0,0,1,0,1,1,1,0.740857
1,0,1,1,1,0,1,1,0,1,1,1,0,0,0,1,1,1,0,0,0,0,0,0,0,1,1,0,1,1,1,0,0.640835
0,1,0,1,1,0,0,0,0,0,1,0,1,0,1,0,1,1,1,1,0,1,0,0,0,0,1,0,1,0,0,1,0.602302
1,1,0,1,0,1,1,0,0,0,1,0,1,1,1,1,1,0,1,1,0,0,1,0,1,0,1,1,1,0,0,1,0.565558
0,1,0,0,1,1,0,1,1,1,1,0,1,0,1,1,0,1,1,0,0,1,1,0,1,0,0,0,1,1,1,0,0.619587
0,1,0,0,1,1,0,1,0,0,1,0,1,1,1,0,0,0,0,0,1,1,0,1,0,1,1,0,1,1,0,1,0.810827
0,0,1,1,1,0,1,1,1,1,1,0,1,0,1,1,1,0,0,0,0,0,1,1,1,1,0,0,0,1,0,1,0.649382
1,1,0,1,1,0,0,0,0,1,1,1,1,1,0,0,1,0,0,1,0,1,1,0,0,0,1,1,0,0,0,1,0.586147
0,1,0,1,0,1,0,0,0,1,1,0,0,1,1,1,0,1,0,1,0,0,0,1,0,1,0,0,0,0,0,0,0.557864
0,0,1,1,0,1,0,1,0,1,1,1,1,1,1,1,0,0,1,1,1,1,0,1,0,1,1,0,0,0,0,1,0.763065
1,0,1,1,1,0,1,0,0,0,1,1,1,0,0,0,1,1,1,1,0,0,0,1,0,1,0,0,1,0,1,0,0.681884
1,0,0,1,1,1,1,1,0,1,0,0,0,0,1,0,1,0,1,0,0,0,0,1,0,1,1,1,0,0,0,1,0.595673
0,0,0,1,0,0,1,0,0,0,0,1,0,1,0,0,0,1,1,0,1,0,0,1,0,0,1,0,1,1,0,0,0.475277
1,0,1,0,0,1,1,1,0,1,0,0,0,0,0,0,1,1,1,1,1,0,0,1,1,0,0,1,0,1,1,0,0.640281
0,1,0,0,0,0,1,0,1,1,0,0,0,1,0,1,0,1,1,0,1,1,1,0,1,0,1,1,1,0,1,0,0.615622
1,1,0,1,1,1,0,1,0,0,1,1,0,0,1,1,0,1,1,1,1,0,1,1,0,1,0,0,1,1,0,1,0.608483
0,0,1,1,0,0,0,1,1,0,1,0,1,1,0,1,1,1,0,1,1,0,1,0,0,1,1,1,0,1,0,1,0.674169
0,1,1,0,0,0,1,0,0,1,1,0,0,1,0,0,1,1,0,1,1,1,1,0,0,0,0,0,0,0,0,0,0.605691
0,1,0,1,1,0,0,0,1,1,0,0,0,0,1,1,1,0,0,1,1,1,1,0,0,1,1,1,0,0,1,0,0.652451
0,0,1,1,1,1,1,1,0,1,0,0,0,1,0,1,1,1,0,1,1,0,0,1,1,1,1,0,0,1,1,1,0.665239
0,1,0,1,1,1,0,0,1,0,1,0,0,1,1,0,1,1,1,0,0,1,1,1,1,0,0,0,1,0,1,0,0.593798
1,1,0,0,0,1,0,1,0,1,1,0,0,0,1,0,1,1,0,1,0,1,0,1,0,0,1,0,1,0,0,0,0.667114
0,1,1,0,0,1,1,0,1,0,1,0,1,0,1,1,0,1,1,1,1,1,1,0,1,0,1,1,0,0,0,0,0.571526
1,1,1,1,0,0,0,0,0,0,0,1,1,0,0,0,0,1,1,0,1,0,1,0,1,0,0,0,1,0,0,0,0.762681
0,0,1,1,0,0,0,0,0,1,0,0,0,0,0,1,0,1,1,0,1,1,1,0,0,1,1,0,0,0,1,1,0.710550
0,0,0,0,0,1,1,0,1,1,0,0,0,1,0,0,1,0,1,1,1,0,0,1,1,0,1,1,0,1,0,1,0.611552
0,1,0,1,1,0,0,1,1,0,1,0,0,1,1,0,0,1,1,1,1,1,1,1,0,0,1,0,1,1,1,1,0.768436
1,0,0,1,1,0,0,1,0,0,0,0,1,1,0,0,1,1,0,0,1,0,0,1,0,1,0,0,1,0,1,1,0.623721
1,0,1,1,0,0,0,1,1,1,0,1,0,0,0,1,1,1,1,1,0,1,0,0,0,1,1,1,0,1,1,0,0.589685
1,1,1,1,0,1,1,1,0,0,0,1,0,1,0,0,0,1,1,0,1,0,0,1,0,0,0,0,0,0,0,1,0.714685
1,0,1,0,0,1,1,1,0,1,0,1,1,1,0,0,1,0,1,0,1,1,0,1,0,0,1,0,1,1,0,0,0.634356
1,1,0,0,0,0,1,1,0,0,0,0,1,0,0,0,0,1,1,0,0,1,1,1,0,1,0,1,1,1,1,1,0.675277
0,0,0,0,1,0,1,1,1,0,0,0,1,0,1,0,1,0,1,1,0,1,0,1,0,1,0,1,1,0,1,0,0.650256
1,1,1,1,0,0,1,1,0,0,0,0,1,1,0,1,0,1,0,0,0,1,0,0,1,1,1,0,0,0,0,1,0.628858
1,0,0,1,1,1,1,1,0,0,1,0,1,0,0,0,1,0,1,0,0,1,1,0,0,1,0,0,0,1,1,1,0.609484
0,1,0,0,1,0,0,1,0,1,1,1,0,0,0,1,1,0,1,1,1,1,1,1,0,1,0,1,1,1,0,1,0.794182
1,1,0,1,1,1,1,0,1,0,0,1,1,1,0,1,0,0,1,1,0,0,0,1,1,0,0,0,0,1,1,0,0.614216
1,0,1,0,1,0,1,0,0,0,1,1,0,0,1,0,1,0,0,0,1,1,1,0,0,1,1,1,0,0,0,1,0.587042
1,1,1,0,0,1,1,1,0,0,1,1,1,0,1,1,1,1,0,1,1,0,0,0,0,1,0,0,1,0,1,1,0.686850
1,1,0,0,1,1,1,1,0,0,0,1,0,0,1,0,1,0,1,0,1,0,0,1,1,0,1,1,1,0,1,0,0.670823
0,0,1,1,0,0,0,0,0,0,0,1,0,1,0,0,1,1,0,0,0,1,0,0,0,1,1,0,0,0,1,1,0.633738
0,0,0,1,1,1,0,1,0,0,1,0,1,1,0,1,1,1,1,0,1,0,0,1,0,0,1,0,0,0,0,0,0.556500
1,1,1,1,0,1,1,0,1,0,0,0,0,0,0,1,1,1,1,1,1,0,0,1,1,1,1,1,0,1,1,0,0.677366
1,1,0,0,1,1,0,1,0,0,1,1,0,0,1,0,0,0,1,1,0,1,1,1,1,1,0,1,1,0,1,1,0.631117
0,1,0,1,0,1,0,0,0,0,0,1,1,1,0,1,0,1,0,0,1,0,1,1,1,0,0,1,0,0,0,0,0.563960
0,1,1,0,0,1,1,1,0,0,1,1,0,1,1,0,1,1,1,0,0,1,0,1,1,0,0,1,0,0,1,1,0.670119
0,0,1,0,1,1,0,0,1,0,0,0,0,0,1,1,0,0,1,0,0,0,0,1,0,0,1,1,1,0,0,1,0.847464
0,0,0,0,0,1,0,1,1,0,1,0,1,0,1,1,0,0,1,0,0,1,1,0,0,1,1,0,0,0,1,0,0.677451
0,1,0,1,1,1,1,0,1,0,1,1,0,0,0,0,0,0,0,0,1,0,0,0,0,1,1,0,0,1,0,1,0.601023
1,1,0,0,0,0,1,1,0,1,1,1,1,1,0,1,1,1,0,1,0,0,0,1,0,0,1,0,1,1,1,0,0.603261
1,0,1,0,0,1,0,0,0,1,1,0,0,0,0,0,1,0,0,0,0,1,1,1,0,1,1,0,1,0,0,0,0.712873
0,0,1,1,0,1,1,1,1,1,0,0,1,0,1,1,0,1,1,1,0,0,0,0,1,0,0,1,1,1,1,0,0.631586
1,0,1,0,0,1,0,1,1,1,0,1,1,0,1,1,0,1,1,0,1,1,0,1,1,1,0,1,0,1,0,1,0.607055
1,1,0,1,0,1,0,1,0,0,0,1,1,0,0,1,1,0,0,0,1,1,1,1,0,1,0,1,1,1,1,1,0.624723
0,0,0,1,0,1,0,0,1,0,0,0,0,0,1,1,0,1,0,1,0,0,1,1,1,0,0,0,0,0,0,0,0.527771
0,0,1,0,1,0,0,0,1,0,0,1,0,0,1,1,0,0,1,1,1,1,0,0,1,1,0,0,1,1,1,1,0.819693
0,1,1,1,0,0,1,0,0,0,1,1,1,0,1,1,0,1,1,0,0,1,0,1,1,0,1,0,0,1,1,0,0.585763
1,0,0,1,1,1,0,1,0,1,0,0,1,1,1,1,0,1,1,1,1,1,0,0,1,1,0,0,0,1,0,1,0.589386
0,1,0,0,1,1,1,0,1,1,0,1,1,1,1,1,1,1,0,0,0,0,1,0,1,1,1,1,0,0,1,1,0.637191
0,1,0,1,1,0,0,0,1,1,0,0,0,1,0,1,0,0,1,0,1,0,0,1,0,1,0,1,0,0,0,1,0.638321
0,0,0,0,1,0,0,1,1,1,0,0,1,0,0,1,0,0,0,0,0,0,1,1,1,0,0,1,1,1,1,1,0.901236
0,1,1,1,0,1,1,0,1,0,0,1,1,0,1,0,0,0,1,0,0,1,1,0,1,0,1,1,1,1,1,0,0.645887
0,1,0,0,1,0,0,0,1,0,0,1,0,1,0,1,1,0,0,0,0,0,0,1,1,0,0,0,1,0,1,0,0.576833
0,1,0,1,1,0,0,1,0,0,1,1,0,1,1,0,0,0,0,1,0,0,1,1,0,0,1,0,0,1,0,1,0.655094
0,1,1,1,0,0,0,1,1,1,1,1,1,1,0,0,0,0,0,1,0,1,0,0,1,0,1,1,1,1,1,0,0.569736
1,0,1,1,0,1,1,0,1,0,1,1,0,1,0,1,0,0,1,1,0,1,1,1,0,1,0,1,1,1,1,0,0.597421
0,1,1,1,0,1,1,1,0,1,1,1,1,0,0,0,1,0,0,1,1,1,1,0,1,1,1,0,1,1,1,0,0.614727
1,0,0,1,1,1,1,1,0,1,0,1,0,0,1,0,0,0,0,0,0,1,0,0,1,0,1,0,0,0,0,0,0.625384
0,1,0,0,0,1,0,1,1,0,1,1,1,1,0,0,0,0,1,0,0,0,0,1,1,0,1,1,1,1,1,0,0.583674
0,0,0,1,1,0,1,1,1,0,0,1,1,0,1,0,1,0,0,0,0,0,1,0,1,1,1,1,1,1,0,0,0.613171
0,0,0,1,0,1,1,1,0,0,1,1,0,1,1,1,1,0,1,1,0,0,0,0,0,0,1,1,0,0,0,0,0.554412
1,0,0,1,1,0,0,0,1,0,1,0,1,1,1,0,0,0,0,1,1,0,0,1,0,0,0,1,1,1,1,0,0.635379
1,0,1,1,1,1,0,1,1,1,1,1,0,0,0,1,0,1,1,1,0,0,1,1,0,0,0,0,1,1,1,0,0.597379
1,0,1,0,1,0,0,0,1,1,1,1,1,1,1,1,1,1,1,1,1,1,0,1,1,0,1,1,0,0,1,0,0.634399
0,0,0,1,1,1,0,0,1,0,1,0,1,1,0,0,1,0,0,0,0,1,0,1,0,0,0,1,0,0,1,0,0.579753
1,0,0,1,0,1,0,1,1,1,1,0,0,0,0,0,0,1,1,0,1,0,0,1,1,1,0,1,1,0,1,1,0.611360
0,0,1,1,1,1,1,1,1,0,1,1,0,0,1,0,0,0,1,0,0,0,1,1,1,0,0,1,0,1,1,0,0.594309
0,0,0,1,0,1,1,1,1,0,0,1,0,0,0,1,1,0,0,0,1,1,0,1,0,0,0,0,1,0,1,1,0.850341
0,1,0,0,0,1,0,1,1,1,1,1,0,1,1,1,0,0,1,0,0,0,1,0,0,0,0,0,0,0,1,0,0.638448
0,1,0,1,1,0,1,0,0,0,1,1,0,1,1,0,0,0,1,0,0,1,1,1,0,0,0,0,0,1,0,0,0.574254
1,0,1,0,0,0,1,0,0,1,0,1,1,0,0,0,1,1,0,0,0,0,1,1,1,0,0,1,1,1,1,1,0.596036
1,0,0,0,1,0,0,1,1,1,0,1,0,1,0,0,0,1,0,1,1,1,1,0,0,0,0,1,1,1,1,1,0.708674
0,0,0,0,0,1,0,0,0,0,1,0,1,1,1,0,1,1,1,0,1,1,1,1,0,1,0,1,1,0,1,0,0.603154
0,1,1,1,0,0,0,1,1,1,0,1,0,0,0,0,0,1,1,1,0,1,1,1,0,1,1,1,1,1,0,0,0.588171
1,0,0,1,1,1,0,0,1,0,0,1,0,1,1,0,0,0,1,1,0,1,0,0,0,1,1,1,0,0,1,0,0.666773
0,1,1,1,0,0,1,1,1,0,0,0,1,0,0,0,1,1,1,0,0,0,1,1,0,0,1,1,0,0,1,0,0.617136
1,0,1,1,0,1,1,0,0,1,1,0,0,1,0,1,0,1,0,1,0,0,1,1,0,1,1,1,1,1,0,1,0.580158
1,0,1,1,1,1,0,1,0,0,0,0,0,0,1,1,1,1,1,1,0,1,1,1,1,1,0,0,0,1,0,1,0.609804
1,0,1,0,0,1,0,0,1,1,1,0,1,0,0,1,1,1,1,0,1,1,1,1,0,0,0,0,0,1,1,1,0.602558
1,1,1,1,1,0,0,1,1,0,1,0,0,0,0,0,1,0,0,0,1,1,1,1,1,1,0,1,0,0,0,1,0.595801
1,1,0,1,0,1,0,1,1,1,0,1,0,1,1,1,1,0,0,1,1,0,1,1,0,0,1,1,1,0,1,0,0.651492
1,1,1,0,1,0,0,0,1,1,0,0,0,0,1,0,1,0,1,1,1,1,1,0,0,1,0,1,0,1,0,1,0.640409
1,0,0,1,1,1,1,1,0,1,0,0,1,1,0,1,0,0,1,0,1,0,1,0,1,0,1,1,0,0,1,1,0.709868
0,0,1,1,0,1,1,1,0,1,0,0,0,0,1,0,0,0,1,0,1,1,0,1,0,0,1,0,0,1,1,0,0.556969
0,0,1,0,1,0,1,0,1,1,0,0,1,1,0,1,0,0,1,0,0,0,0,0,0,0,0,1,0,0,1,0,0.755286
1,0,0,0,0,1,0,0,1,1,1,0,0,1,0,0,1,1,1,0,1,0,1,1,0,0,0,0,1,1,0,0,0.625703
0,0,1,1,0,0,0,0,1,0,1,0,1,1,0,1,1,0,1,0,0,1,0,1,0,0,0,0,1,0,0,0,0.581095
1,0,1,1,1,1,1,1,0,1,0,1,0,1,1,1,0,0,0,1,0,0,1,1,1,0,1,0,1,0,1,1,0.727728
0,0,1,0,1,1,0,0,0,1,1,1,1,0,1,0,0,1,0,1,1,1,0,0,0,1,1,0,1,0,1,0,0.585145
1,0,0,0,1,0,0,0,1,0,1,1,1,1,1,0,0,0,0,1,0,1,0,1,0,0,1,1,1,1,1,1,0.693308
1,1,1,0,1,1,1,1,0,0,1,1,0,0,0,0,1,1,1,0,0,1,1,1,0,0,0,0,1,1,1,0,0.610934
1,0,0,0,1,0,0,1,1,0,1,1,0,1,1,1,1,0,0,1,1,0,0,0,0,0,0,0,1,0,1,1,0.767668
1,0,0,0,1,0,0,1,1,1,0,0,1,1,1,0,0,1,0,1,1,1,1,0,1,1,0,1,1,0,1,1,0.646739
1,1,1,0,0,0,1,0,0,1,1,1,0,0,1,1,1,1,0,1,0,1,0,1,0,0,1,1,0,1,1,0,0.624297
1,1,1,1,0,1,1,1,1,0,1,0,1,1,0,1,0,1,0,1,1,0,1,0,1,1,1,0,0,1,0,0,0.651705
0,0,1,0,1,0,1,0,1,0,1,0,1,0,0,1,0,0,1,0,1,1,1,1,0,1,1,0,1,1,0,0,0.677153
1,0,1,0,1,1,0,1,0,1,0,1,1,0,1,1,0,1,0,1,1,1,0,0,0,0,0,1,0,1,1,1,0.713086
1,0,0,1,0,0,0,0,0,1,1,1,0,0,1,0,0,0,1,0,0,1,0,0,0,0,1,0,1,0,0,1,0.588747
0,0,1,0,0,1,0,0,0,1,0,1,1,1,1,1,0,0,1,0,0,0,1,1,0,0,1,1,1,0,1,0,0.686147
0,0,0,1,0,0,1,1,1,1,1,1,1,1,1,0,1,1,0,1,0,1,1,0,0,0,0,0,0,1,0,0,0.617413
0,0,0,1,0,0,1,0,0,0,1,0,1,0,1,0,1,1,1,1,0,0,0,0,0,1,0,1,0,0,1,1,0.626300
1,0,0,0,0,0,1,0,0,0,1,0,1,1,0,1,1,0,1,1,1,1,0,0,1,1,1,0,0,0,1,1,0.601151
1,0,1,0,1,1,1,1,1,1,1,1,1,0,1,1,1,1,0,1,1,0,1,1,1,0,0,0,1,1,1,0,0.667114
1,1,0,1,0,1,0,1,1,1,0,0,1,0,0,0,0,1,0,1,0,0,0,0,0,0,0,0,0,0,0,0,0.640644
1,1,0,1,0,0,0,1,1,0,1,1,1,0,0,1,0,1,0,0,0,0,0,1,1,0,0,1,1,0,1,0,0.661232
0,1,0,1,0,1,1,0,1,1,0,1,0,1,0,1,1,1,1,0,1,0,0,1,1,1,1,1,1,1,1,0,0.642967
1,1,0,1,0,0,0,0,0,0,0,0,0,1,0,1,1,1,0,0,1,0,0,1,0,0,0,1,1,1,1,1,0.558674
1,1,0,0,1,0,1,1,0,0,0,1,1,1,1,0,1,0,0,1,0,0,1,1,1,1,0,1,0,0,1,1,0.609378
0,0,1,1,1,0,0,1,1,0,1,1,1,1,0,1,1,0,1,0,0,0,0,1,0,1,0,0,0,1,0,1,0.703602
0,1,0,1,1,0,0,0,1,0,1,0,0,1,1,0,1,1,1,1,1,0,1,0,1,0,0,0,1,1,0,0,0.598338
