0,0,0,0,1,1,0,0,0,1,0,1,1,0,1,1,1,1,1,0,0,0,1,1,1,0,1,1,1,0,1,1,0.990835
0,0,0,0,1,0,1,1,1,0,0,1,1,1,1,1,0,0,0,1,0,1,1,1,0,0,0,0,0,0,1,1,0.993952
0,0,0,1,0,0,1,0,0,0,1,1,0,0,1,0,0,1,1,1,1,0,0,0,1,0,1,1,1,0,0,0,0.994672
1,0,1,0,0,0,1,1,1,1,1,1,0,1,0,1,1,0,1,0,1,1,1,0,0,0,1,0,0,0,0,1,0.012068
1,0,0,1,0,1,1,1,1,0,0,1,1,0,1,1,1,1,1,1,1,0,1,0,0,0,0,0,1,1,1,1,0.006714
0,0,0,1,0,1,0,0,0,0,1,1,0,0,1,1,1,0,1,0,0,1,1,1,1,0,1,0,1,1,1,1,0.990809
0,1,1,0,0,1,0,1,0,0,0,0,1,1,1,0,0,1,1,1,1,0,0,0,0,1,0,1,0,1,1,1,0.992594
1,1,0,1,0,0,1,0,1,1,0,0,0,1,1,1,1,0,1,1,1,0,1,1,1,1,1,0,0,0,1,1,0.008179
0,0,1,1,1,1,0,0,1,1,0,0,0,0,1,0,1,0,1,0,0,1,0,1,0,1,1,0,0,0,0,1,0.993180
0,1,1,0,1,1,0,0,1,1,0,0,0,0,0,1,1,0,0,0,0,1,1,0,1,0,0,1,1,1,1,0,0.992354
0,0,0,0,1,1,0,1,0,0,1,1,0,0,1,1,0,1,0,1,0,0,1,1,1,0,1,0,1,1,1,0,0.993233
1,1,1,1,0,1,1,0,1,1,1,0,0,1,0,0,1,0,0,0,0,0,0,1,0,1,0,1,0,1,0,0,0.994246
0,0,0,0,0,0,1,1,1,1,1,1,0,0,0,1,0,1,0,0,1,1,0,1,1,1,0,0,1,1,1,0,0.993473
0,0,0,1,0,0,1,0,0,1,1,0,0,1,0,0,0,0,0,0,1,0,1,1,1,0,1,1,1,1,0,0,0.996723
0,0,0,1,1,0,1,0,0,0,1,1,0,0,1,0,0,1,1,1,0,1,0,1,0,0,0,1,0,1,0,0,0.996483
0,1,1,0,0,1,0,1,1,0,0,0,0,0,1,1,0,1,1,0,1,1,1,0,1,1,1,0,1,0,0,1,0.991768
0,0,1,0,1,0,0,0,1,1,0,0,1,1,0,1,1,1,0,0,0,0,1,0,0,0,0,0,0,0,1,1,0.994059
0,1,1,0,0,1,1,0,0,0,0,1,0,0,0,1,1,1,1,0,0,0,1,0,1,0,1,0,0,0,0,0,0.993899
0,0,0,0,1,1,1,0,1,0,0,1,1,1,0,0,0,1,0,0,1,1,1,1,1,0,0,1,1,0,0,1,0.993846
0,0,0,0,0,0,0,1,0,0,0,0,0,1,0,1,1,1,1,0,1,1,1,0,1,1,0,1,1,1,1,1,0.991501
1,1,1,0,1,1,0,0,0,0,1,0,0,0,1,1,1,1,0,0,0,0,0,1,1,0,0,1,0,1,1,1,0.008285
0,1,0,1,1,1,0,1,0,1,1,1,1,1,1,1,0,0,1,0,0,0,1,1,1,1,0,1,1,1,0,0,0.991501
0,1,0,0,0,0,0,0,1,1,0,1,0,0,1,1,1,1,1,1,1,1,1,0,1,0,1,1,0,0,0,0,0.992008
1,0,0,0,1,0,1,1,0,0,1,0,1,1,1,1,0,1,1,0,0,1,0,0,1,0,0,0,1,0,0,0,0.992381
1,0,0,0,1,1,1,1,0,0,0,0,0,1,1,0,0,1,0,1,0,1,1,1,1,0,0,1,0,0,1,1,0.011722
0,1,1,1,0,1,1,1,0,0,0,0,0,1,1,1,0,1,0,1,1,0,1,0,0,1,1,0,1,1,1,1,0.989344
0,0,1,1,0,1,1,0,1,0,1,1,0,1,0,0,0,1,1,1,0,0,1,1,0,0,1,0,1,0,1,0,0.992834
1,0,1,1,0,1,1,1,0,1,0,0,1,0,1,1,0,1,1,0,1,0,1,0,0,1,1,0,1,0,0,0,0.991555
0,0,1,0,1,1,0,0,1,0,1,0,1,0,0,0,1,1,1,0,1,1,0,0,0,1,1,0,0,1,1,0,0.994325
0,1,1,1,1,1,1,0,1,0,1,1,0,0,0,1,1,1,0,0,0,0,1,0,1,0,0,0,1,0,0,0,0.993180
1,0,1,0,0,0,1,0,1,1,1,1,1,1,1,1,1,1,1,0,1,0,0,0,0,1,0,0,0,0,0,0,0.992727
0,0,1,1,0,0,1,0,0,1,0,1,0,1,0,0,0,1,1,0,0,0,1,0,1,1,1,0,1,1,1,0,0.993207
1,0,1,0,0,1,0,0,1,1,0,1,1,0,1,1,1,1,1,1,0,1,0,1,1,1,1,1,0,1,1,0,0.990489
0,1,1,0,0,1,1,1,1,0,1,1,1,1,1,1,0,0,1,0,1,1,1,0,1,0,1,0,1,0,1,0,0.990782
1,1,1,1,1,0,1,1,0,1,0,0,0,1,1,0,1,1,1,0,0,0,0,1,1,1,0,0,1,0,1,1,0.007753
1,1,1,1,0,0,1,0,0,0,0,1,0,1,0,1,0,0,1,0,0,1,1,1,0,0,1,1,0,1,0,1,0.011642
0,1,0,1,0,0,0,0,0,0,0,1,0,1,0,1,1,1,0,0,0,0,1,1,0,1,1,1,0,0,1,0,0.994698
0,0,1,0,1,1,1,1,0,1,1,1,0,0,0,1,1,1,0,0,0,1,0,0,1,1,0,1,0,1,1,0,0.991821
1,0,1,0,0,1,1,1,1,1,0,1,1,1,1,0,0,0,0,0,1,0,1,0,1,0,0,1,0,0,0,1,0.012948
0,0,0,1,1,0,1,1,1,1,0,0,0,0,0,0,1,1,0,0,1,1,0,1,0,1,1,1,0,1,0,1,0.992354
1,1,0,0,1,1,0,1,1,1,1,1,1,1,1,1,1,1,1,0,0,0,1,1,1,1,1,0,0,0,1,0,0.990063
1,0,1,1,0,1,1,1,1,1,1,0,1,0,0,1,0,1,0,1,1,0,1,1,1,0,0,0,1,0,1,1,0.007992
0,0,1,1,0,0,0,1,0,1,0,0,1,0,1,0,1,1,1,1,1,1,1,0,1,1,0,0,0,0,1,0,0.992034
0,1,0,1,1,1,0,0,1,1,0,0,1,1,0,1,0,0,0,1,0,0,0,1,1,0,1,1,0,0,0,0,0.992487
0,0,0,1,0,1,1,1,0,0,0,1,1,0,1,1,0,1,0,1,0,1,0,0,0,1,0,1,1,1,0,0,0.994885
0,0,0,0,0,1,0,0,0,1,0,1,1,0,0,0,1,1,0,1,1,1,1,1,0,0,1,1,1,0,1,0,0.992887
0,1,1,0,0,0,1,1,1,0,1,1,0,0,1,1,0,0,0,1,1,0,0,1,1,1,0,1,1,0,0,1,0.991661
0,0,1,0,1,1,0,0,0,0,1,0,0,1,0,0,1,1,0,0,1,0,0,1,0,1,0,1,0,0,0,1,0.994032
1,0,0,0,1,1,1,1,0,1,0,1,1,1,0,1,0,0,0,0,1,0,1,1,0,0,0,1,1,0,0,1,0.013773
0,0,0,1,0,0,1,1,1,0,0,1,0,1,0,0,1,1,1,0,1,0,0,0,1,1,1,1,1,1,1,0,0.991821
0,0,1,0,0,0,0,1,0,0,0,0,1,1,1,1,0,1,1,0,1,1,0,1,0,1,0,0,0,0,0,0,0.995444
1,0,0,0,1,0,1,1,0,1,1,1,1,1,0,1,0,0,0,0,0,0,0,0,1,0,1,1,1,1,0,1,0.011136
0,1,0,0,1,0,1,0,0,1,0,0,1,1,0,1,1,1,1,1,0,1,1,1,0,0,1,0,0,1,0,1,0.990915
0,1,0,1,1,1,0,1,0,1,1,1,1,1,1,1,1,1,0,0,1,1,0,1,0,1,1,0,1,1,0,0,0.990596
0,0,0,0,1,1,1,0,0,0,0,0,1,0,1,1,0,1,1,0,1,0,0,1,1,0,1,0,1,0,1,1,0.993713
1,0,0,0,1,0,0,0,0,0,1,0,0,0,0,1,0,1,0,0,1,1,0,0,1,0,1,0,0,1,1,0,0.994405
1,0,0,1,0,1,0,0,1,0,1,0,0,0,0,0,1,1,1,1,0,1,1,1,0,1,0,0,0,0,1,0,0.993233
0,1,0,0,1,0,0,0,0,1,1,0,1,0,1,1,0,0,1,0,1,1,0,0,0,0,0,0,1,0,0,1,0.993846
1,1,0,1,0,1,0,1,0,1,0,1,1,0,0,1,0,1,1,1,0,1,1,1,0,0,0,1,0,1,0,0,0.991288
0,1,0,0,1,1,1,0,0,0,1,1,1,1,0,1,0,1,0,1,0,1,1,0,0,1,1,0,0,0,0,1,0.992807
1,0,1,1,1,1,1,1,1,0,1,1,0,1,0,1,0,0,0,1,0,1,1,0,1,0,1,0,1,1,0,1,0.009378
1,0,0,1,0,0,0,0,1,1,0,1,0,0,1,1,1,1,1,0,0,0,0,0,1,1,1,0,1,0,0,0,0.992487
1,1,1,1,0,0,1,1,1,0,1,1,0,1,0,1,1,1,0,1,0,0,0,0,0,0,0,0,1,1,1,0,0.992327
1,1,0,0,0,1,1,0,0,1,0,0,1,0,1,0,0,1,1,1,0,1,0,0,1,0,1,0,1,0,0,0,0.993500
1,0,1,1,1,0,1,1,1,1,1,0,0,0,1,1,0,0,0,1,1,0,0,0,1,0,1,0,1,0,1,1,0.010656
0,0,1,0,0,0,0,1,0,1,0,1,1,0,1,0,1,1,0,1,0,0,1,1,0,1,0,1,0,1,0,1,0.993686
0,0,0,1,1,1,1,1,1,1,1,0,1,0,0,1,1,1,1,0,1,1,1,0,1,0,0,1,0,0,1,1,0.990223
0,1,0,0,0,0,1,0,1,0,1,1,0,0,0,0,1,0,1,1,0,1,1,1,0,0,1,1,1,1,1,0,0.991848
0,1,0,1,1,0,1,0,0,0,1,1,1,1,1,0,1,0,1,1,1,1,1,0,1,1,0,1,0,0,0,1,0.990596
0,1,0,0,1,0,0,0,0,0,1,0,1,1,1,0,0,1,1,1,1,1,1,0,0,0,1,1,0,1,0,0,0.994299
0,1,1,0,1,0,1,1,0,1,0,0,1,1,0,1,1,0,0,0,0,0,0,0,1,1,1,0,0,0,0,1,0.992727
0,0,0,0,1,1,1,1,0,1,0,1,0,0,1,0,1,0,0,1,0,1,0,1,1,0,1,0,1,1,1,0,0.993286
0,0,1,1,0,1,1,1,0,0,0,0,0,1,0,1,1,0,0,1,1,1,1,0,0,0,0,0,1,1,1,1,0.990889
0,0,1,0,1,0,1,0,0,1,0,1,0,1,1,0,0,1,1,1,1,1,1,0,1,1,0,1,1,1,1,0,0.993526
0,0,1,1,1,1,1,1,1,0,1,0,0,1,0,0,0,0,1,1,0,0,0,0,0,1,1,1,1,0,0,0,0.993180
1,0,0,0,1,1,1,1,0,1,0,1,0,1,1,1,0,1,0,0,1,0,0,1,1,1,1,1,1,1,0,1,0.007166
1,0,0,1,1,1,1,0,0,1,1,1,1,0,1,1,1,1,0,1,0,1,0,0,0,1,0,0,0,0,1,0,0.991608
1,0,1,1,0,1,0,0,1,0,0,0,1,1,0,0,0,0,1,0,0,0,0,0,0,1,1,1,0,0,0,0,0.995151
0,0,1,0,1,1,0,1,1,0,0,0,0,0,0,1,1,0,0,1,0,0,1,1,1,1,1,1,0,0,1,0,0.993233
0,1,1,0,1,1,1,0,1,1,1,0,1,1,0,1,1,0,0,1,0,0,0,0,0,1,0,1,0,0,1,0,0.992434
0,0,1,1,0,0,0,0,1,0,1,0,1,0,0,0,0,0,0,0,0,1,0,0,0,0,0,1,0,0,0,1,0.995711
0,1,0,0,0,0,1,1,1,0,0,0,0,1,1,1,0,0,1,1,0,0,0,1,1,0,1,0,1,1,1,1,0.990596
1,1,1,1,1,1,0,1,0,0,0,0,0,0,1,1,1,1,1,1,1,1,1,1,0,0,1,1,1,1,1,1,0.004556
0,1,0,0,0,0,1,0,1,0,1,0,1,1,0,1,0,1,0,1,0,1,1,0,0,1,0,0,0,0,0,0,0.994965
0,1,0,0,0,0,0,0,0,1,1,1,1,1,1,1,0,1,1,0,1,1,0,0,0,0,0,1,1,1,0,1,0.991848
0,1,0,1,1,1,1,0,0,1,1,0,0,0,0,1,1,1,1,0,0,0,0,0,1,0,0,0,1,1,1,0,0.992887
1,1,0,0,1,0,1,0,0,0,1,1,0,0,0,1,1,0,1,1,1,1,0,1,0,1,0,1,0,1,1,1,0.007779
0,1,1,0,1,0,1,0,0,1,1,1,1,0,0,1,0,0,1,0,1,1,0,1,1,1,0,0,1,1,1,1,0.990436
1,0,1,0,1,0,1,1,1,0,0,0,0,1,1,0,1,0,1,1,0,1,1,0,1,0,1,1,1,1,1,0,0.990969
1,1,1,1,1,0,0,1,1,1,1,1,0,1,1,1,0,1,0,0,0,1,1,1,0,1,1,1,0,0,1,0,0.989557
1,1,0,1,0,0,1,1,1,0,0,0,1,1,1,1,1,1,0,0,0,0,0,1,0,0,1,0,0,1,0,0,0.992913
0,0,0,1,0,1,0,0,0,0,0,1,1,1,0,0,1,1,0,1,0,0,0,0,1,1,1,0,1,1,1,0,0.993127
1,1,0,1,1,0,1,1,0,0,1,0,1,0,1,1,1,0,1,1,0,1,0,1,0,1,1,0,0,0,1,0,0.991182
1,0,1,0,1,0,0,1,1,1,1,0,0,0,1,1,1,0,1,1,0,0,0,0,0,1,0,0,0,1,0,1,0.010870
1,1,1,0,0,0,0,1,1,0,1,0,1,0,1,1,1,0,1,1,1,1,1,1,1,0,0,0,1,0,0,1,0.010310
1,0,0,0,1,1,0,1,1,1,0,0,1,1,0,0,0,0,1,0,1,1,1,0,0,1,0,1,0,0,1,0,0.992700
1,0,0,1,1,1,1,1,1,0,0,1,1,1,1,1,0,1,1,1,0,1,0,0,0,0,1,1,1,1,0,0,0.988944
1,0,0,1,1,1,0,1,0,1,1,0,0,0,0,0,0,0,0,1,1,1,1,1,0,1,1,0,1,1,1,0,0.990622
0,0,0,0,0,0,0,1,1,0,1,1,0,0,0,0,1,1,0,0,0,0,0,1,1,1,0,1,1,1,1,1,0.994219
1,1,1,0,1,1,1,0,0,1,0,0,0,0,1,1,0,0,0,1,0,1,0,0,1,1,1,1,1,1,0,1,0.010283
1,0,0,1,1,0,0,0,0,1,0,0,1,0,0,0,1,0,0,1,1,1,0,1,1,0,1,1,0,0,0,1,0.013241
1,0,0,1,0,0,1,0,0,1,1,1,1,1,1,1,0,1,1,0,1,1,1,0,1,0,0,0,1,0,1,0,0.990702
1,0,0,0,0,0,1,0,0,0,0,0,0,0,0,0,0,0,0,0,1,1,1,0,1,1,1,0,0,1,1,0,0.995285
1,0,1,0,1,0,0,1,1,1,1,0,0,1,0,0,0,0,0,0,1,1,1,1,0,0,0,1,1,0,1,0,0.992540
1,1,0,0,0,1,1,1,1,0,1,1,1,1,1,0,1,1,0,0,0,0,0,1,0,1,0,1,1,0,1,0,0.990942
1,1,1,0,0,1,1,0,1,1,1,0,1,1,1,1,0,1,1,1,1,1,0,1,0,1,0,1,1,0,0,0,0.991288
0,1,0,1,1,1,1,1,1,0,0,1,1,1,1,1,0,0,0,0,1,1,1,0,1,1,1,0,0,1,0,1,0.990303
1,0,1,0,0,0,1,0,0,1,0,0,0,0,0,1,1,1,0,0,0,1,0,1,0,1,0,1,1,1,1,1,0.011909
1,0,1,0,0,0,0,0,1,0,0,1,1,1,1,0,0,0,1,1,0,0,1,0,1,1,1,1,0,1,0,0,0.993579
0,1,1,0,1,0,0,1,0,0,0,1,1,0,0,0,1,0,0,0,0,1,0,0,0,0,0,0,1,0,1,1,0.994432
1,0,0,0,0,1,1,0,1,1,0,0,1,0,1,0,0,1,1,1,0,0,1,0,0,1,1,1,1,1,0,0,0.992274
1,0,1,0,1,1,0,1,1,0,1,1,1,0,1,1,1,1,0,0,1,0,1,1,0,0,0,0,1,0,0,1,0.010283
1,1,0,0,0,1,1,1,1,1,0,0,1,1,1,1,1,1,0,1,0,1,0,0,1,1,1,0,0,1,0,0,0.990835
0,0,1,0,0,0,0,0,0,0,1,1,1,0,0,1,1,0,0,1,1,0,0,0,1,1,0,1,1,0,0,1,0.994192
0,0,1,0,1,0,0,1,1,0,1,1,0,1,1,0,1,0,1,1,1,1,0,1,0,0,1,0,1,1,0,1,0.990542
0,0,0,0,0,0,1,0,1,1,0,1,0,1,1,0,0,1,0,1,0,1,1,0,1,0,1,1,0,0,0,0,0.996936
0,1,0,0,1,1,1,0,0,0,1,1,0,0,0,0,0,0,1,1,0,1,0,0,1,0,1,0,1,1,0,0,0.993659
1,0,0,0,1,0,1,0,1,0,0,0,0,1,1,1,1,0,1,1,0,1,1,0,0,0,1,1,1,0,0,0,0.992834
1,0,1,0,1,1,0,1,0,0,1,0,0,0,0,0,0,1,0,0,1,1,0,0,0,0,0,0,0,1,0,1,0.015185
0,0,0,0,1,1,1,0,0,0,0,0,1,1,1,1,0,1,1,1,1,0,1,1,0,1,1,1,1,0,1,0,0.994459
1,1,1,0,0,1,1,0,0,0,1,0,0,0,0,0,0,0,1,0,0,0,0,0,1,1,0,0,1,0,0,1,0.014706
1,0,0,1,1,0,0,1,1,0,0,0,0,0,0,1,0,1,0,1,0,1,0,0,1,1,1,1,0,1,1,1,0.010177
1,0,0,0,1,1,1,0,0,0,1,0,0,1,0,1,1,0,0,0,0,0,1,0,0,0,1,0,0,0,1,0,0.994459
1,0,0,1,0,0,0,0,0,0,0,0,1,1,0,0,0,1,1,0,0,1,0,0,0,0,0,0,1,0,0,0,0.996057
1,1,1,1,0,1,1,0,1,1,0,0,0,0,1,0,0,1,0,0,1,1,1,1,1,1,0,0,0,0,0,0,0.992407
1,1,1,1,1,0,1,1,0,0,0,0,1,0,0,1,1,1,0,1,0,0,0,0,0,1,0,1,1,1,0,0,0.992860
0,0,1,1,1,0,1,1,0,1,1,0,0,0,0,1,0,1,0,1,0,0,0,1,1,0,0,1,0,1,1,0,0.992993
0,0,0,1,0,1,0,1,1,0,1,1,1,0,0,0,0,1,0,1,0,0,0,0,0,0,0,0,1,0,1,1,0.996297
