0,0,1,1,0,1,1,0,1,0,1,1,0,1,0,0,0,1,1,1,0,0,1,1,0,0,1,0,1,0,1,0,0.993020
0,0,0,0,1,1,1,0,1,0,0,1,1,1,0,0,0,1,0,0,1,1,1,1,1,0,0,1,1,0,0,1,0.994059
1,0,1,1,0,1,1,1,1,1,1,0,1,0,0,1,0,1,0,1,1,0,1,1,1,0,0,0,1,0,1,1,0.007566
0,1,0,0,1,1,1,0,0,0,1,1,1,1,0,1,0,1,0,1,0,1,1,0,0,1,1,0,0,0,0,1,0.992887
0,0,0,0,1,0,1,1,1,0,0,1,1,1,1,1,0,0,0,1,0,1,1,1,0,0,0,0,0,0,1,1,0.994352
0,0,1,1,0,0,0,1,0,1,0,0,1,0,1,0,1,1,1,1,1,1,1,0,1,1,0,0,0,0,1,0,0.992461
0,1,0,0,0,0,1,1,1,0,0,0,0,1,1,1,0,0,1,1,0,0,0,1,1,0,1,0,1,1,1,1,0.991102
1,0,1,0,0,0,1,1,1,1,1,1,0,1,0,1,1,0,1,0,1,1,1,0,0,0,1,0,0,0,0,1,0.011296
0,0,0,1,0,1,0,1,1,0,1,1,1,0,0,0,0,1,0,1,0,0,0,0,0,0,0,0,1,0,1,1,0.996563
1,1,0,1,1,0,1,1,0,0,1,0,1,0,1,1,1,0,1,1,0,1,0,1,0,1,1,0,0,0,1,0,0.991795
0,0,1,0,1,0,0,0,1,1,0,0,1,1,0,1,1,1,0,0,0,0,1,0,0,0,0,0,0,0,1,1,0.994672
0,0,0,1,0,0,1,0,0,0,1,1,0,0,1,0,0,1,1,1,1,0,0,0,1,0,1,1,1,0,0,0,0.994485
0,1,0,1,1,1,1,0,0,1,1,0,0,0,0,1,1,1,1,0,0,0,0,0,1,0,0,0,1,1,1,0,0.993366
0,1,0,0,1,0,1,0,0,1,0,0,1,1,0,1,1,1,1,1,0,1,1,1,0,0,1,0,0,1,0,1,0.991315
0,0,1,0,1,1,0,0,1,0,1,0,1,0,0,0,1,1,1,0,1,1,0,0,0,1,1,0,0,1,1,0,0.994858
1,0,1,1,1,0,1,1,1,1,1,0,0,0,1,1,0,0,0,1,1,0,0,0,1,0,1,0,1,0,1,1,0.009777
0,0,0,0,0,0,0,1,0,0,0,0,0,1,0,1,1,1,1,0,1,1,1,0,1,1,0,1,1,1,1,1,0.991848
1,0,0,1,0,1,1,1,1,0,0,1,1,0,1,1,1,1,1,1,1,0,1,0,0,0,0,0,1,1,1,1,0.006660
1,0,0,1,1,0,0,0,0,1,0,0,1,0,0,0,1,0,0,1,1,1,0,1,1,0,1,1,0,0,0,1,0.012548
0,0,1,1,0,0,1,0,0,1,0,1,0,1,0,0,0,1,1,0,0,0,1,0,1,1,1,0,1,1,1,0,0.993340
0,1,0,1,1,1,0,0,1,1,0,0,1,1,0,1,0,0,0,1,0,0,0,1,1,0,1,1,0,0,0,0,0.992727
1,0,1,1,0,1,1,1,0,1,0,0,1,0,1,1,0,1,1,0,1,0,1,0,0,1,1,0,1,0,0,0,0.992008
0,1,1,0,1,1,0,0,1,1,0,0,0,0,0,1,1,0,0,0,0,1,1,0,1,0,0,1,1,1,1,0,0.993047
0,1,0,1,1,1,0,1,0,1,1,1,1,1,1,1,1,1,0,0,1,1,0,1,0,1,1,0,1,1,0,0,0.991129
1,1,0,0,1,0,1,0,0,0,1,1,0,0,0,1,1,0,1,1,1,1,0,1,0,1,0,1,0,1,1,1,0.007726
0,1,0,0,0,0,0,0,0,1,1,1,1,1,1,1,0,1,1,0,1,1,0,0,0,0,0,1,1,1,0,1,0.991981
1,1,0,0,0,1,1,0,0,1,0,0,1,0,1,0,0,1,1,1,0,1,0,0,1,0,1,0,1,0,0,0,0.993819
0,0,0,1,0,0,1,1,1,0,0,1,0,1,0,0,1,1,1,0,1,0,0,0,1,1,1,1,1,1,1,0,0.991928
0,1,1,1,1,1,1,0,1,0,1,1,0,0,0,1,1,1,0,0,0,0,1,0,1,0,0,0,1,0,0,0,0.993926
1,0,0,1,0,0,1,0,0,1,1,1,1,1,1,1,0,1,1,0,1,1,1,0,1,0,0,0,1,0,1,0,0.991501
1,0,0,0,1,0,1,1,0,1,1,1,1,1,0,1,0,0,0,0,0,0,0,0,1,0,1,1,1,1,0,1,0.010550
1,0,1,0,0,0,0,0,1,0,0,1,1,1,1,0,0,0,1,1,0,0,1,0,1,1,1,1,0,1,0,0,0.993926
0,0,1,1,1,1,1,1,1,0,1,0,0,1,0,0,0,0,1,1,0,0,0,0,0,1,1,1,1,0,0,0,0.993393
0,0,0,0,0,0,1,0,1,1,0,1,0,1,1,0,0,1,0,1,0,1,1,0,1,0,1,1,0,0,0,0,0.997096
1,0,0,1,1,1,1,1,1,0,0,1,1,1,1,1,0,1,1,1,0,1,0,0,0,0,1,1,1,1,0,0,0.989610
0,0,0,1,0,1,0,0,0,0,0,1,1,1,0,0,1,1,0,1,0,0,0,0,1,1,1,0,1,1,1,0,0.992967
1,0,0,0,0,1,1,0,1,1,0,0,1,0,1,0,0,1,1,1,0,0,1,0,0,1,1,1,1,1,0,0,0.992754
1,0,0,1,0,1,0,0,1,0,1,0,0,0,0,0,1,1,1,1,0,1,1,1,0,1,0,0,0,0,1,0,0.993766
0,1,0,0,0,0,1,0,1,0,1,1,0,0,0,0,1,0,1,1,0,1,1,1,0,0,1,1,1,1,1,0,0.992088
1,0,0,1,1,1,1,0,0,1,1,1,1,0,1,1,1,1,0,1,0,1,0,0,0,1,0,0,0,0,1,0,0.992247
0,0,0,1,0,1,1,1,0,0,0,1,1,0,1,1,0,1,0,1,0,1,0,0,0,1,0,1,1,1,0,0,0.994858
0,1,0,1,1,0,1,0,0,0,1,1,1,1,1,0,1,0,1,1,1,1,1,0,1,1,0,1,0,0,0,1,0.990809
0,1,1,0,0,1,0,1,1,0,0,0,0,0,1,1,0,1,1,0,1,1,1,0,1,1,1,0,1,0,0,1,0.992194
0,1,1,0,0,0,1,1,1,0,1,1,0,0,1,1,0,0,0,1,1,0,0,1,1,1,0,1,1,0,0,1,0.992088
0,0,1,0,1,0,1,0,0,1,0,1,0,1,1,0,0,1,1,1,1,1,1,0,1,1,0,1,1,1,1,0,0.993686
1,1,0,1,0,0,1,1,1,0,0,0,1,1,1,1,1,1,0,0,0,0,0,1,0,0,1,0,0,1,0,0,0.993180
1,0,0,0,1,1,1,1,0,1,0,1,1,1,0,1,0,0,0,0,1,0,1,1,0,0,0,1,1,0,0,1,0.013081
1,1,0,0,0,1,1,1,1,1,0,0,1,1,1,1,1,1,0,1,0,1,0,0,1,1,1,0,0,1,0,0,0.991395
1,0,0,0,1,1,1,1,0,1,0,1,0,1,1,1,0,1,0,0,1,0,0,1,1,1,1,1,1,1,0,1,0.006580
0,0,0,0,1,1,1,1,0,1,0,1,0,0,1,0,1,0,0,1,0,1,0,1,1,0,1,0,1,1,1,0,0.993553
0,0,1,0,0,0,0,1,0,0,0,0,1,1,1,1,0,1,1,0,1,1,0,1,0,1,0,0,0,0,0,0,0.995498
1,1,1,1,1,0,1,1,0,0,0,0,1,0,0,1,1,1,0,1,0,0,0,0,0,1,0,1,1,1,0,0,0.993100
0,0,1,0,0,0,0,1,0,1,0,1,1,0,1,0,1,1,0,1,0,0,1,1,0,1,0,1,0,1,0,1,0.993819
1,1,1,0,1,1,0,0,0,0,1,0,0,0,1,1,1,1,0,0,0,0,0,1,1,0,0,1,0,1,1,1,0.008179
1,0,0,1,1,1,0,1,0,1,1,0,0,0,0,0,0,0,0,1,1,1,1,1,0,1,1,0,1,1,1,0,0.991208
0,0,0,0,0,0,0,1,1,0,1,1,0,0,0,0,1,1,0,0,0,0,0,1,1,1,0,1,1,1,1,1,0.994539
0,1,0,0,0,0,0,0,1,1,0,1,0,0,1,1,1,1,1,1,1,1,1,0,1,0,1,1,0,0,0,0,0.992247
0,0,1,1,1,0,1,1,0,1,1,0,0,0,0,1,0,1,0,1,0,0,0,1,1,0,0,1,0,1,1,0,0.993020
1,0,0,1,0,0,0,0,1,1,0,1,0,0,1,1,1,1,1,0,0,0,0,0,1,1,1,0,1,0,0,0,0.992967
1,1,0,1,0,0,1,0,1,1,0,0,0,1,1,1,1,0,1,1,1,0,1,1,1,1,1,0,0,0,1,1,0.007433
1,1,1,1,0,0,1,1,1,0,1,1,0,1,0,1,1,1,0,1,0,0,0,0,0,0,0,0,1,1,1,0,0.992620
0,0,0,0,1,1,1,0,0,0,0,0,1,0,1,1,0,1,1,0,1,0,0,1,1,0,1,0,1,0,1,1,0.993873
1,0,0,0,1,1,1,0,0,0,1,0,0,1,0,1,1,0,0,0,0,0,1,0,0,0,1,0,0,0,1,0,0.994752
0,0,0,1,1,1,1,1,1,1,1,0,1,0,0,1,1,1,1,0,1,1,1,0,1,0,0,1,0,0,1,1,0.990676
0,0,0,0,1,1,1,0,0,0,0,0,1,1,1,1,0,1,1,1,1,0,1,1,0,1,1,1,1,0,1,0,0.994618
0,0,1,0,1,0,0,1,1,0,1,1,0,1,1,0,1,0,1,1,1,1,0,1,0,0,1,0,1,1,0,1,0.991155
1,0,0,0,1,1,0,1,1,1,0,0,1,1,0,0,0,0,1,0,1,1,1,0,0,1,0,1,0,0,1,0,0.993260
0,1,0,1,1,1,0,1,0,1,1,1,1,1,1,1,0,0,1,0,0,0,1,1,1,1,0,1,1,1,0,0,0.991954
1,0,0,0,1,0,1,0,1,0,0,0,0,1,1,1,1,0,1,1,0,1,1,0,0,0,1,1,1,0,0,0,0.993127
0,0,1,1,0,0,0,0,1,0,1,0,1,0,0,0,0,0,0,0,0,1,0,0,0,0,0,1,0,0,0,1,0.996004
1,0,0,0,0,0,1,0,0,0,0,0,0,0,0,0,0,0,0,0,1,1,1,0,1,1,1,0,0,1,1,0,0.995498
1,1,1,1,0,0,1,0,0,0,0,1,0,1,0,1,0,0,1,0,0,1,1,1,0,0,1,1,0,1,0,1,0.010603
0,0,0,1,0,1,0,0,0,0,1,1,0,0,1,1,1,0,1,0,0,1,1,1,1,0,1,0,1,1,1,1,0.991022
1,0,1,0,1,0,1,1,1,0,0,0,0,1,1,0,1,0,1,1,0,1,1,0,1,0,1,1,1,1,1,0,0.991102
1,1,1,0,1,1,1,0,0,1,0,0,0,0,1,1,0,0,0,1,0,1,0,0,1,1,1,1,1,1,0,1,0.009671
0,1,0,0,1,0,0,0,0,1,1,0,1,0,1,1,0,0,1,0,1,1,0,0,0,0,0,0,1,0,0,1,0.994219
0,1,1,0,0,1,1,1,1,0,1,1,1,1,1,1,0,0,1,0,1,1,1,0,1,0,1,0,1,0,1,0,0.990995
0,0,1,0,1,1,1,1,0,1,1,1,0,0,0,1,1,1,0,0,0,1,0,0,1,1,0,1,0,1,1,0,0.992061
1,1,1,0,0,0,0,1,1,0,1,0,1,0,1,1,1,0,1,1,1,1,1,1,1,0,0,0,1,0,0,1,0.009671
1,1,1,1,0,1,1,0,1,1,1,0,0,1,0,0,1,0,0,0,0,0,0,1,0,1,0,1,0,1,0,0,0.994272
0,0,1,0,0,0,0,0,0,0,1,1,1,0,0,1,1,0,0,1,1,0,0,0,1,1,0,1,1,0,0,1,0.994352
1,1,1,1,1,0,1,1,0,1,0,0,0,1,1,0,1,1,1,0,0,0,0,1,1,1,0,0,1,0,1,1,0.007087
1,0,0,1,0,0,0,0,0,0,0,0,1,1,0,0,0,1,1,0,0,1,0,0,0,0,0,0,1,0,0,0,0.996270
0,1,0,1,1,1,1,1,1,0,0,1,1,1,1,1,0,0,0,0,1,1,1,0,1,1,1,0,0,1,0,1,0.990489
0,1,1,0,1,0,1,1,0,1,0,0,1,1,0,1,1,0,0,0,0,0,0,0,1,1,1,0,0,0,0,1,0.993153
0,0,1,0,1,1,0,1,1,0,0,0,0,0,0,1,1,0,0,1,0,0,1,1,1,1,1,1,0,0,1,0,0.993766
0,1,0,1,0,0,0,0,0,0,0,1,0,1,0,1,1,1,0,0,0,0,1,1,0,1,1,1,0,0,1,0,0.995045
1,0,0,0,1,1,1,1,0,0,0,0,0,1,1,0,0,1,0,1,0,1,1,1,1,0,0,1,0,0,1,1,0.010923
1,0,1,1,0,1,0,0,1,0,0,0,1,1,0,0,0,0,1,0,0,0,0,0,0,1,1,1,0,0,0,0,0.995125
1,1,0,0,0,1,1,1,1,0,1,1,1,1,1,0,1,1,0,0,0,0,0,1,0,1,0,1,1,0,1,0,0.991448
1,0,1,0,1,1,0,1,0,0,1,0,0,0,0,0,0,1,0,0,1,1,0,0,0,0,0,0,0,1,0,1,0.014706
1,0,1,1,1,1,1,1,1,0,1,1,0,1,0,1,0,0,0,1,0,1,1,0,1,0,1,0,1,1,0,1,0.008712
1,1,1,0,0,1,1,0,0,0,1,0,0,0,0,0,0,0,1,0,0,0,0,0,1,1,0,0,1,0,0,1,0.013773
1,0,0,0,1,0,0,0,0,0,1,0,0,0,0,1,0,1,0,0,1,1,0,0,1,0,1,0,0,1,1,0,0.994832
0,0,0,0,1,1,0,0,0,1,0,1,1,0,1,1,1,1,1,0,0,0,1,1,1,0,1,1,1,0,1,1,0.990809
0,1,0,0,1,1,1,0,0,0,1,1,0,0,0,0,0,0,1,1,0,1,0,0,1,0,1,0,1,1,0,0,0.993659
1,0,1,0,1,1,0,1,1,0,1,1,1,0,1,1,1,1,0,0,1,0,1,1,0,0,0,0,1,0,0,1,0.009831
1,0,1,0,0,1,1,1,1,1,0,1,1,1,1,0,0,0,0,0,1,0,1,0,1,0,0,1,0,0,0,1,0.012148
0,1,0,0,1,0,0,0,0,0,1,0,1,1,1,0,0,1,1,1,1,1,1,0,0,0,1,1,0,1,0,0,0.994725
0,1,1,1,0,1,1,1,0,0,0,0,0,1,1,1,0,1,0,1,1,0,1,0,0,1,1,0,1,1,1,1,0.989903
1,1,1,1,0,1,1,0,1,1,0,0,0,0,1,0,0,1,0,0,1,1,1,1,1,1,0,0,0,0,0,0,0.992727
1,1,0,1,0,1,0,1,0,1,0,1,1,0,0,1,0,1,1,1,0,1,1,1,0,0,0,1,0,1,0,0,0.991635
1,0,1,0,0,0,1,0,1,1,1,1,1,1,1,1,1,1,1,0,1,0,0,0,0,1,0,0,0,0,0,0,0.992887
0,0,0,0,0,1,0,0,0,1,0,1,1,0,0,0,1,1,0,1,1,1,1,1,0,0,1,1,1,0,1,0,0.992754
0,1,1,0,0,1,1,0,0,0,0,1,0,0,0,1,1,1,1,0,0,0,1,0,1,0,1,0,0,0,0,0,0.993979
0,0,0,1,1,0,1,1,1,1,0,0,0,0,0,0,1,1,0,0,1,1,0,1,0,1,1,1,0,1,0,1,0.992807
0,0,1,1,0,1,1,1,0,0,0,0,0,1,0,1,1,0,0,1,1,1,1,0,0,0,0,0,1,1,1,1,0.991342
1,1,0,0,1,1,0,1,1,1,1,1,1,1,1,1,1,1,1,0,0,0,1,1,1,1,1,0,0,0,1,0,0.990409
0,0,1,0,1,1,0,0,0,0,1,0,0,1,0,0,1,1,0,0,1,0,0,1,0,1,0,1,0,0,0,1,0.994246
1,1,1,0,0,1,1,0,1,1,1,0,1,1,1,1,0,1,1,1,1,1,0,1,0,1,0,1,1,0,0,0,0.992008
1,0,1,0,1,0,0,1,1,1,1,0,0,1,0,0,0,0,0,0,1,1,1,1,0,0,0,1,1,0,1,0,0.992780
1,0,1,0,1,0,0,1,1,1,1,0,0,0,1,1,1,0,1,1,0,0,0,0,0,1,0,0,0,1,0,1,0.010816
0,0,0,0,1,1,0,1,0,0,1,1,0,0,1,1,0,1,0,1,0,0,1,1,1,0,1,0,1,1,1,0,0.993286
0,1,0,0,0,0,1,0,1,0,1,0,1,1,0,1,0,1,0,1,0,1,1,0,0,1,0,0,0,0,0,0,0.995311
0,0,0,1,1,0,1,0,0,0,1,1,0,0,1,0,0,1,1,1,0,1,0,1,0,0,0,1,0,1,0,0,0.996590
0,0,0,1,0,0,1,0,0,1,1,0,0,1,0,0,0,0,0,0,1,0,1,1,1,0,1,1,1,1,0,0,0.996697
0,1,1,0,1,1,1,0,1,1,1,0,1,1,0,1,1,0,0,1,0,0,0,0,0,1,0,1,0,0,1,0,0.993100
1,0,0,0,1,0,1,1,0,0,1,0,1,1,1,1,0,1,1,0,0,1,0,0,1,0,0,0,1,0,0,0,0.993073
1,0,0,1,1,0,0,1,1,0,0,0,0,0,0,1,0,1,0,1,0,1,0,0,1,1,1,1,0,1,1,1,0.009538
1,0,1,0,0,1,0,0,1,1,0,1,1,0,1,1,1,1,1,1,0,1,0,1,1,1,1,1,0,1,1,0,0.990729
1,1,1,1,1,0,0,1,1,1,1,1,0,1,1,1,0,1,0,0,0,1,1,1,0,1,1,1,0,0,1,0,0.989663
1,1,1,1,1,1,0,1,0,0,0,0,0,0,1,1,1,1,1,1,1,1,1,1,0,0,1,1,1,1,1,1,0.004715
0,0,1,1,1,1,0,0,1,1,0,0,0,0,1,0,1,0,1,0,0,1,0,1,0,1,1,0,0,0,0,1,0.993260
0,1,1,0,1,0,1,0,0,1,1,1,1,0,0,1,0,0,1,0,1,1,0,1,1,1,0,0,1,1,1,1,0.990969
0,1,1,0,0,1,0,1,0,0,0,0,1,1,1,0,0,1,1,1,1,0,0,0,0,1,0,1,0,1,1,1,0.992887
0,0,0,0,0,0,1,1,1,1,1,1,0,0,0,1,0,1,0,0,1,1,0,1,1,1,0,0,1,1,1,0,0.993526
0,1,1,0,1,0,0,1,0,0,0,1,1,0,0,0,1,0,0,0,0,1,0,0,0,0,0,0,1,0,1,1,0.994805
1,0,1,0,0,0,1,0,0,1,0,0,0,0,0,1,1,1,0,0,0,1,0,1,0,1,0,1,1,1,1,1,0.011163
