0,1,1,0,0,1,1,0,0,0,1,1,0,0,0,0,1,1,1,1,0,0,0,1,1,1,0,1,1,0,0,0,0.608696
0,1,1,0,1,0,0,1,1,0,0,0,0,0,1,0,0,1,0,0,1,0,0,1,0,0,0,1,1,1,0,1,0.616715
0,0,1,0,1,1,1,0,0,1,1,1,0,0,0,1,1,1,0,1,1,1,0,0,0,0,1,0,1,1,1,1,0.643356
1,1,0,0,1,0,1,1,0,0,0,0,1,1,0,0,1,1,0,1,0,1,0,0,1,1,1,0,0,1,0,1,0.625746
0,0,0,0,1,1,1,0,0,0,1,1,0,0,0,0,1,0,0,0,1,1,1,0,0,1,1,1,1,1,0,1,0.607337
0,1,1,1,0,0,1,1,1,1,1,0,0,1,1,1,1,0,1,0,0,0,0,0,1,1,0,0,1,1,0,1,0.589141
1,0,0,0,1,0,1,0,0,1,0,0,1,0,0,1,1,1,0,0,0,0,1,0,0,0,1,1,1,0,0,0,0.576939
1,1,0,1,0,0,1,1,1,0,1,1,1,0,1,1,0,1,1,1,1,0,0,0,0,0,1,0,0,0,1,0,0.675725
0,1,1,0,1,1,0,1,1,0,1,1,1,0,0,0,0,1,0,1,1,0,0,1,1,0,1,0,1,0,0,1,0.608323
1,0,1,1,0,1,1,1,1,0,1,0,1,0,1,0,1,0,1,1,1,1,1,1,0,1,1,1,1,1,0,0,0.714274
1,1,0,0,0,0,1,1,0,1,1,0,1,1,1,1,1,0,0,1,1,0,0,0,1,0,1,1,1,1,1,1,0.610640
0,1,0,0,1,0,1,1,0,0,1,0,0,1,0,0,1,0,0,0,0,0,1,0,1,1,0,0,0,0,0,1,0.584559
1,1,0,0,1,1,0,1,1,1,1,1,1,1,1,0,1,0,1,1,1,0,0,1,0,0,1,0,0,1,1,0,0.645460
0,0,0,0,0,0,1,1,1,1,1,1,0,1,1,1,0,0,1,1,1,0,0,0,1,1,1,1,0,1,1,0,0.644475
1,1,0,0,0,1,1,0,1,1,0,1,1,1,0,1,1,1,1,1,1,0,0,0,0,1,0,1,0,0,0,1,0.626865
1,0,1,0,1,1,1,0,0,1,1,0,1,1,0,0,0,0,1,0,1,1,1,1,0,1,1,1,0,0,1,0,0.631154
1,0,0,0,0,1,0,1,1,0,1,1,0,1,0,0,0,0,0,1,0,0,0,0,0,1,1,1,0,1,0,0,0.589780
0,1,1,0,1,1,1,0,1,1,1,1,0,0,1,0,1,1,1,0,0,0,0,0,0,0,1,0,0,0,0,0,0.644315
1,1,1,0,0,1,1,1,1,0,1,1,1,1,0,0,1,1,1,1,1,0,1,1,1,0,1,1,1,0,1,0,0.730046
0,1,1,0,1,0,0,0,0,1,0,0,1,0,1,0,1,1,1,0,0,0,1,0,0,1,1,1,1,1,1,1,0.611546
0,1,0,1,0,0,1,1,1,0,1,0,1,1,1,1,0,1,1,1,1,0,1,1,0,0,1,0,0,0,0,0,0.616795
0,1,0,0,0,0,1,0,1,0,1,0,1,0,0,0,1,0,1,1,1,0,1,0,0,1,1,1,1,1,1,1,0.598092
0,1,0,1,0,0,1,1,0,0,1,1,1,1,1,1,1,0,1,1,0,0,1,1,1,1,0,0,1,0,1,1,0.641065
0,0,1,1,0,0,0,1,0,0,1,0,0,0,0,0,1,1,1,1,0,1,0,0,1,0,1,0,0,0,0,1,0.577712
1,1,1,0,0,0,1,1,0,0,0,1,0,0,0,0,0,1,1,0,0,1,1,0,0,0,1,0,1,0,1,0,0.610880
1,1,1,1,0,1,1,1,1,0,0,1,0,0,1,1,0,0,1,0,1,0,0,0,1,1,1,0,0,1,1,1,0.618526
1,0,0,0,1,0,1,1,1,0,1,1,1,1,0,0,0,0,1,0,0,0,1,1,0,1,1,0,1,1,0,1,0.608829
1,0,0,1,1,1,1,0,1,1,0,0,0,1,0,0,1,0,0,1,1,1,1,0,0,1,0,1,1,1,0,1,0.686328
1,0,1,1,1,0,0,0,1,1,1,0,1,1,1,0,0,0,1,1,0,1,0,0,0,1,0,1,0,0,0,1,0.599478
0,0,0,1,1,0,0,1,1,1,0,0,0,1,0,0,0,0,0,0,1,1,0,1,0,1,1,1,1,1,0,1,0.628383
0,0,1,0,1,1,0,1,0,0,0,0,1,1,0,0,0,0,1,0,0,1,0,0,1,1,1,1,0,0,1,0,0.572384
0,1,0,0,0,1,1,1,0,1,0,1,0,0,1,0,0,0,1,1,0,1,0,1,0,0,0,1,1,0,1,0,0.592178
0,0,0,0,1,1,1,0,1,0,0,0,1,0,0,1,0,1,0,1,1,0,0,0,0,1,0,0,1,0,1,1,0.637468
0,0,1,0,1,1,0,0,1,1,1,0,1,0,0,0,0,0,0,0,1,0,1,0,1,1,0,0,1,0,1,1,0.580350
1,1,0,0,0,1,1,0,0,0,1,0,0,1,0,1,1,1,0,0,0,1,1,0,1,1,1,1,0,1,1,1,0.621883
0,0,0,1,1,1,0,1,0,0,0,0,0,1,0,1,1,1,1,1,0,0,1,0,1,0,1,1,0,1,1,1,0.632220
0,1,0,1,0,1,1,0,0,0,0,1,1,0,0,1,1,0,0,0,0,1,0,1,0,0,0,1,1,1,1,1,0.620951
1,0,1,1,1,1,1,1,0,1,0,0,0,0,1,0,1,0,0,0,1,1,1,0,0,0,0,1,1,1,0,0,0.758765
1,0,1,0,1,0,1,0,1,1,0,1,1,1,1,0,1,0,1,1,1,1,1,1,0,0,1,0,1,0,1,1,0.626598
1,1,0,0,0,0,1,1,0,1,0,0,0,0,0,1,0,1,1,0,1,1,0,0,1,1,1,1,0,0,1,1,0.610001
1,0,1,0,1,0,1,0,0,0,0,1,0,1,1,0,1,0,0,0,0,0,1,1,0,1,1,1,0,1,0,1,0.595455
1,1,0,0,0,1,1,0,1,1,1,0,1,0,0,0,1,0,1,0,1,1,1,1,1,0,1,0,0,0,0,1,0.624361
1,0,1,1,0,1,0,1,1,0,0,1,0,0,1,1,0,1,1,0,1,1,0,0,1,0,1,0,0,0,0,1,0.626572
1,0,1,0,0,1,1,0,0,1,1,1,0,0,0,1,1,0,0,0,0,1,0,1,1,0,0,0,1,0,1,0,0.601263
0,1,1,0,0,0,0,1,0,1,0,1,1,1,0,1,1,0,1,0,0,1,1,1,1,0,0,1,1,1,0,1,0.630328
1,1,0,1,0,0,1,1,0,0,1,1,0,0,0,1,0,1,1,1,0,1,1,1,0,0,0,1,0,1,0,1,0.599584
0,1,1,1,1,0,0,1,0,1,1,0,0,1,0,1,1,1,0,1,1,1,0,0,1,0,1,0,1,1,0,1,0.628037
1,0,0,0,0,1,0,1,0,0,1,1,1,0,0,0,1,0,1,0,1,0,0,0,1,0,0,0,0,1,0,1,0.596201
1,0,0,1,0,0,1,1,1,0,1,0,0,1,1,1,1,0,0,1,1,0,0,1,0,0,0,0,0,1,0,1,0.624361
0,1,1,1,0,0,1,1,0,0,1,0,1,1,1,1,1,1,0,0,1,1,0,1,1,0,0,0,0,1,0,0,0.650682
0,1,1,0,1,1,1,1,0,0,1,0,1,0,1,0,1,1,1,0,0,0,1,0,0,1,1,0,0,1,0,0,0.616874
0,0,0,0,0,0,0,1,0,0,1,1,1,1,0,1,0,0,0,0,1,1,0,1,1,1,0,1,0,1,1,1,0.558557
0,1,1,1,1,1,0,1,1,1,0,0,0,0,1,1,0,1,0,1,0,1,0,1,1,0,0,0,1,1,1,1,0.689818
0,1,1,1,0,0,0,0,0,1,1,0,1,1,0,1,0,0,1,1,0,1,0,0,1,1,1,1,0,1,0,0,0.636003
1,0,0,1,0,0,1,1,1,0,1,0,1,0,0,1,0,0,0,1,0,1,0,0,0,0,1,0,1,1,1,1,0.620737
0,1,0,0,0,0,1,0,0,1,0,0,0,0,0,1,1,0,1,1,1,1,0,0,1,0,0,1,0,0,1,0,0.570039
1,0,1,1,0,0,1,0,1,0,0,1,1,0,0,1,0,0,0,0,1,1,1,0,1,0,1,0,0,1,0,0,0.619512
0,1,1,0,0,0,1,1,1,1,1,1,1,1,0,0,0,1,0,0,0,0,1,0,0,0,0,0,1,1,1,1,0.630168
0,1,1,1,0,1,0,1,1,1,1,0,0,1,0,0,1,0,0,1,1,1,1,1,0,0,1,0,1,0,0,1,0.619166
0,1,1,1,0,0,0,1,1,1,1,0,1,0,0,0,1,1,1,1,0,0,1,1,0,1,1,1,0,1,0,0,0.640239
1,0,1,0,0,0,0,1,1,0,0,1,0,0,0,0,0,0,0,1,1,1,1,0,1,0,1,1,0,1,0,1,0.603421
1,0,1,0,0,0,0,1,0,0,1,0,0,1,0,0,0,0,1,1,1,1,0,1,1,1,0,0,0,1,0,1,0.624201
0,0,1,0,1,0,1,1,0,0,0,0,0,1,1,1,0,0,1,1,0,1,0,1,1,1,0,1,0,0,0,0,0.574275
1,0,0,1,1,1,1,0,0,1,1,1,0,0,0,0,1,1,1,0,1,1,1,1,1,0,0,0,0,1,1,1,0.635816
1,1,0,0,1,1,0,0,1,1,1,0,1,1,0,0,0,0,0,0,0,1,1,1,1,1,1,0,1,1,0,0,0.670929
0,0,0,1,0,1,1,1,0,1,0,1,0,1,1,1,1,0,1,1,0,1,1,0,0,0,0,0,1,0,0,0,0.614930
1,0,1,0,0,0,0,0,1,0,0,1,1,1,1,1,0,0,0,0,1,1,0,0,0,0,1,0,0,1,1,0,0.599904
0,1,0,1,0,1,0,0,1,1,1,0,0,0,0,1,0,1,0,1,1,0,0,1,0,0,1,1,1,0,1,0,0.575847
1,1,1,1,0,1,0,1,1,0,1,0,0,0,0,1,1,1,0,0,0,0,1,0,0,0,1,1,0,1,1,1,0.612639
0,1,1,0,1,0,0,1,0,0,0,0,1,0,0,1,0,0,1,0,0,1,1,1,0,1,0,0,0,1,1,0,0.629289
1,1,1,0,1,1,1,0,0,0,0,1,1,0,0,1,0,0,1,1,1,0,0,0,0,1,0,1,1,1,1,1,0.631793
1,1,1,1,0,0,0,1,0,1,1,1,0,0,1,1,1,1,0,1,0,0,0,1,0,0,1,1,1,0,0,0,0.660965
0,0,0,1,0,0,0,1,0,1,0,0,0,0,0,0,0,0,1,0,0,1,1,1,1,0,1,0,0,1,1,0,0.576753
1,0,1,1,1,0,1,0,1,1,1,1,1,1,0,0,0,1,1,1,0,1,1,1,1,1,0,0,0,0,1,0,0.637495
1,0,0,0,0,0,0,0,0,0,1,0,0,1,1,1,0,1,0,0,1,1,1,0,0,0,1,0,1,1,1,1,0.649004
0,1,1,1,0,0,1,0,1,0,0,1,0,0,1,0,1,1,1,0,0,1,0,1,1,0,0,1,1,1,1,1,0.602382
1,1,0,0,0,0,1,0,0,0,0,0,0,0,1,1,1,0,1,1,1,0,1,1,1,1,0,0,0,0,0,1,0.598013
0,1,0,0,1,1,1,1,1,1,0,1,0,0,0,1,0,1,0,1,1,0,0,0,0,0,0,0,0,0,1,0,0.572038
1,0,1,1,0,1,1,0,0,0,1,1,0,0,1,1,1,0,1,1,1,0,1,0,0,1,0,1,1,0,1,1,0.611866
0,1,0,0,0,0,0,0,1,1,1,0,1,1,0,1,0,1,1,0,1,1,1,0,1,0,0,1,0,1,0,0,0.609628
0,1,0,1,0,1,1,0,1,1,1,0,1,1,1,0,0,1,0,0,1,0,0,0,1,0,1,1,0,1,0,0,0.603421
0,1,1,0,0,1,0,1,0,1,1,1,1,1,0,1,0,0,1,1,0,0,1,0,1,0,1,1,0,0,0,0,0.635230
1,1,1,1,1,0,0,1,1,0,1,0,1,1,1,1,1,1,0,0,1,1,0,1,0,1,0,0,0,0,0,0,0.694373
1,0,1,1,0,1,1,1,1,0,1,0,1,0,1,0,1,1,0,0,1,1,0,1,0,0,0,0,0,0,0,0,0.729620
0,1,1,1,1,0,1,0,0,0,1,1,1,1,0,1,1,1,0,1,0,1,1,1,1,0,1,0,1,0,0,1,0.601076
1,0,0,1,1,0,1,0,1,1,1,1,1,0,1,0,0,0,1,0,1,0,1,0,0,0,1,0,1,0,1,0,0.650069
1,1,0,1,1,1,1,1,0,1,1,1,1,0,1,1,0,1,0,0,1,0,1,1,0,1,1,0,1,1,0,0,0.642477
0,0,1,0,0,1,1,1,0,1,0,0,1,1,1,1,0,1,1,1,0,0,1,1,0,1,0,1,0,1,1,0,0.604433
1,0,1,1,0,0,1,1,0,0,0,0,0,0,0,0,1,0,0,0,1,1,1,0,1,0,0,1,0,0,0,1,0.621670
1,1,1,0,1,1,0,0,1,0,0,1,0,0,1,1,0,1,0,1,0,0,1,0,0,1,0,0,0,1,0,0,0.619965
1,1,1,0,1,1,0,1,1,0,0,1,1,1,0,1,1,0,0,0,0,1,1,1,0,1,0,1,0,0,0,0,0.656463
1,0,0,0,0,1,0,0,1,1,0,0,0,1,0,1,0,0,0,0,0,1,1,1,0,0,1,1,1,0,1,0,0.599265
1,1,0,0,1,0,1,0,0,0,0,0,1,1,1,1,0,0,0,1,0,1,0,0,0,0,1,0,0,0,1,1,0.617434
0,1,1,0,0,0,0,1,1,0,1,0,1,0,1,0,1,1,0,1,1,0,1,1,1,0,1,1,1,1,1,0,0.621350
0,0,0,1,0,0,1,1,0,0,0,1,1,1,0,0,1,0,0,0,0,1,0,1,1,1,0,0,0,1,1,1,0.636003
1,1,0,0,1,0,1,0,0,1,1,1,1,1,1,0,0,1,1,1,1,1,1,0,0,0,0,0,0,1,1,0,0.648790
1,1,0,1,1,0,0,1,0,1,1,0,1,0,0,0,1,1,1,1,0,1,0,0,1,0,0,1,1,0,0,0,0.673007
1,1,1,1,0,1,0,1,1,1,1,0,0,0,1,1,0,0,0,1,0,0,0,0,1,1,0,0,0,1,0,0,0.634697
0,1,1,1,0,0,1,0,1,1,0,1,1,0,1,1,0,0,1,0,1,0,1,1,0,0,0,1,0,0,0,1,0.613251
0,0,0,0,0,1,1,1,0,0,0,1,0,0,0,0,0,0,1,1,0,1,1,0,1,1,0,1,1,0,0,0,0.570705
1,0,1,0,0,0,1,0,0,0,0,0,0,1,0,0,0,1,1,0,0,0,0,0,1,1,1,0,1,0,1,1,0.600996
0,1,1,0,0,1,1,0,0,1,1,0,0,1,1,1,1,1,0,0,1,0,1,0,0,0,0,1,0,0,1,1,0.599371
0,1,1,0,1,1,0,1,0,1,0,1,1,1,1,0,1,0,0,1,0,0,1,1,0,1,1,1,1,1,0,0,0.641278
0,0,1,0,0,1,0,1,1,1,0,0,1,1,1,0,0,0,0,0,0,0,0,0,0,0,0,0,1,0,0,1,0.584106
1,1,0,1,1,1,1,0,0,0,0,0,0,0,0,0,1,1,0,0,1,1,1,1,1,0,0,1,0,0,1,1,0.715420
0,0,0,0,0,1,1,1,1,0,1,0,1,0,1,1,1,1,0,1,0,1,1,0,1,1,0,1,1,0,1,0,0.624814
1,0,0,1,1,0,0,0,1,0,1,0,0,1,0,0,0,0,0,1,1,1,0,0,1,0,0,0,0,1,0,0,0.638054
1,1,0,0,1,1,1,1,1,0,1,1,1,0,0,1,0,0,1,1,0,0,1,1,0,1,1,1,1,0,1,1,0.659740
0,0,1,0,1,0,0,0,1,0,1,1,1,1,1,0,0,1,0,0,0,0,1,1,0,1,0,0,1,1,1,0,0.622709
1,1,1,1,1,1,1,1,1,1,1,1,1,0,1,1,1,0,0,1,1,1,1,1,1,0,1,1,0,0,1,1,0.608562
1,0,1,0,1,1,1,0,1,1,1,0,1,0,1,1,1,1,0,1,1,0,0,0,0,0,1,0,1,0,0,1,0.634031
1,1,1,1,1,0,1,1,0,0,1,1,1,0,0,1,1,1,1,0,1,1,1,1,1,0,1,0,0,1,1,1,0.563139
0,1,0,1,1,0,0,0,1,0,1,1,1,0,1,0,1,1,1,0,0,1,0,1,1,0,0,1,1,1,0,0,0.643649
0,0,1,1,0,1,1,0,0,1,0,0,0,0,0,0,0,1,0,0,0,1,1,0,1,1,1,0,0,0,0,0,0.567109
0,1,0,1,1,1,1,0,1,0,1,1,1,0,1,1,0,1,0,0,1,0,1,0,0,1,0,0,1,1,0,1,0.606884
1,0,1,1,0,1,0,1,1,0,1,1,0,0,1,1,0,0,0,0,0,1,0,0,0,1,1,1,0,0,1,1,0.636749
1,0,0,0,0,1,0,0,0,1,0,1,0,1,0,0,1,0,0,1,1,0,1,0,1,1,0,0,0,0,0,0,0.679081
0,0,1,0,1,1,0,1,1,1,1,1,0,0,1,1,1,1,0,1,1,0,1,1,0,0,1,0,1,1,0,0,0.629129
0,1,1,0,0,0,1,0,0,0,1,1,1,1,0,0,0,1,0,1,1,1,1,0,0,0,0,0,1,1,0,1,0.606111
0,0,0,1,0,0,1,1,1,0,0,1,0,1,1,1,1,1,0,1,1,0,0,1,0,1,0,0,1,0,0,0,0.618500
0,1,1,1,1,1,1,0,1,0,0,0,1,1,0,1,1,1,0,0,1,1,0,1,1,0,0,0,1,1,0,1,0.733456
0,0,1,1,1,0,1,0,1,0,1,1,1,1,1,0,0,0,1,1,0,1,0,0,0,1,0,0,1,0,0,1,0.594576
1,1,1,0,1,0,0,0,0,0,0,0,0,1,0,1,0,0,0,0,0,1,0,1,1,0,0,0,0,0,1,1,0.647245
0,0,1,1,0,0,1,1,1,0,1,0,1,0,1,1,0,0,1,1,0,0,0,0,0,0,0,1,1,0,0,0,0.673061
0,0,1,1,1,1,0,0,1,1,1,0,0,1,0,0,1,1,0,1,1,1,1,1,1,1,1,1,0,1,0,1,0.638374
1,0,0,0,0,1,1,0,0,0,1,1,1,1,1,1,0,0,1,0,1,0,0,0,0,0,0,1,0,1,0,1,0.599158
1,0,0,1,1,1,1,1,1,1,0,1,0,1,1,0,1,0,1,0,0,0,0,0,0,0,0,0,1,1,0,0,0.659260
1,0,1,0,0,1,0,0,1,0,1,1,1,1,0,1,1,1,1,0,1,1,1,0,0,0,0,0,0,0,1,1,0.630994
