1,1,0,1,1,0,0,1,0,1,1,0,1,0,1,0,0,1,1,0,1,0,1,0,0,0,1,0,1,0,0,1,0.589381
1,1,0,0,1,0,0,1,0,1,1,1,0,0,1,0,1,0,1,1,1,0,0,0,0,1,0,1,0,1,1,0,0.593404
1,0,1,1,0,1,0,0,0,1,1,1,1,1,0,1,1,1,0,0,0,1,1,1,1,1,1,0,0,0,1,0,0.548540
1,1,0,1,0,1,0,1,0,1,1,0,0,0,1,0,0,0,1,0,0,1,0,0,0,1,0,0,1,0,0,0,0.629582
0,1,0,0,0,0,1,1,0,0,0,0,1,0,1,1,1,0,0,1,1,1,1,0,0,0,0,1,0,0,0,0,0.685715
0,1,1,0,1,0,0,1,0,0,0,1,0,0,0,1,1,0,0,0,1,0,0,0,1,0,0,0,1,1,1,0,0.643302
0,1,1,0,0,1,0,1,0,0,0,0,0,1,0,1,0,0,0,1,1,0,1,1,1,1,1,0,0,1,0,0,0.677030
1,0,0,1,0,0,1,0,1,1,1,0,1,0,0,1,0,0,0,0,0,0,1,1,0,0,0,1,1,0,1,1,0.662857
1,1,0,1,1,0,0,1,0,0,1,0,1,0,0,0,1,0,1,0,1,1,1,1,0,0,1,0,1,1,0,1,0.542839
0,0,0,1,1,1,0,1,1,0,1,1,0,0,0,1,1,1,1,0,0,1,0,0,0,1,1,0,1,1,0,0,0.630888
1,0,0,0,1,0,0,1,1,0,0,1,0,0,0,1,1,1,1,0,0,0,1,1,1,0,0,0,1,1,0,1,0.596467
0,0,1,1,1,0,1,0,1,0,1,0,0,0,0,0,1,0,1,0,1,1,0,1,1,0,1,0,0,0,1,0,0.639226
1,1,1,1,1,1,0,0,0,0,1,0,0,1,1,0,0,1,0,1,1,1,0,1,0,0,1,0,1,1,1,1,0.529012
0,0,0,1,0,1,1,1,0,0,1,0,0,0,0,1,0,1,1,0,0,1,0,1,0,0,0,1,0,1,1,0,0.741768
0,0,1,0,1,1,1,0,1,0,0,0,0,0,1,0,1,1,0,1,0,0,0,1,0,1,0,1,0,1,0,0,0.652147
0,0,1,0,0,1,0,1,0,0,0,0,0,1,1,1,1,0,1,0,1,1,0,0,1,0,1,1,0,1,1,0,0.705243
1,0,1,0,1,1,1,0,0,1,0,0,1,1,0,1,0,1,1,1,0,0,0,1,1,0,1,1,1,1,0,1,0.511775
0,1,0,0,1,1,0,1,1,0,0,1,1,0,1,0,0,1,1,1,0,1,0,1,0,0,0,0,1,0,0,0,0.616741
1,0,0,1,0,0,1,0,1,0,1,0,0,1,1,0,1,0,0,0,0,1,1,1,0,1,0,0,1,1,1,0,0.561088
1,0,1,0,0,1,0,0,1,0,1,0,1,1,1,1,0,0,0,0,0,0,1,1,0,1,1,0,1,0,1,1,0.585331
0,0,1,1,0,1,1,1,0,1,1,0,1,1,0,0,1,0,1,0,0,0,1,0,1,0,0,0,0,0,1,0,0.626652
0,0,1,1,0,1,1,1,1,1,0,1,1,0,0,1,1,1,1,1,0,1,0,0,1,1,1,0,1,1,1,1,0.483802
0,1,1,0,1,1,1,1,0,1,1,0,1,1,0,0,1,0,0,1,0,1,1,0,0,0,0,1,1,0,0,1,0.578645
1,1,0,0,0,1,1,1,1,1,1,1,1,1,1,1,0,0,0,0,1,0,1,1,1,1,0,0,1,1,1,1,0.427057
0,1,1,1,0,1,1,0,0,1,1,1,0,1,1,1,0,1,0,1,1,1,0,1,0,1,0,1,1,0,1,0,0.569054
1,0,0,1,1,1,0,0,1,0,0,1,1,0,1,0,1,1,1,1,0,1,1,1,0,0,0,0,0,1,0,1,0.570066
0,0,0,1,0,0,0,0,0,1,0,0,1,1,0,1,0,1,1,0,1,0,0,0,1,1,0,1,1,0,0,0,0.768462
1,0,1,1,0,1,1,0,0,1,1,1,0,0,0,1,1,0,1,1,0,0,0,0,0,1,0,1,0,0,1,1,0.615143
0,1,1,1,0,1,1,1,1,0,0,1,1,0,1,0,0,1,0,1,0,1,0,0,1,0,0,1,1,1,1,1,0.544917
1,1,0,1,1,1,1,1,1,0,1,0,1,0,0,1,0,0,0,1,0,1,1,1,0,1,0,0,0,1,1,1,0.448423
0,0,0,1,0,1,1,0,0,0,0,1,0,0,0,1,1,0,1,1,1,0,0,1,1,1,0,1,1,1,0,0,0.680387
0,1,0,0,0,1,1,0,0,1,0,1,1,0,0,1,0,1,0,0,0,0,0,0,0,1,1,1,0,1,0,1,0.663310
0,1,0,0,0,1,0,1,0,1,1,1,0,1,1,0,1,1,1,1,0,0,0,1,1,1,1,0,1,0,0,0,0.646206
1,0,0,1,1,0,0,1,0,0,0,1,0,0,0,0,1,1,1,1,0,0,0,0,0,1,1,0,0,1,0,0,0.616182
1,1,1,1,1,0,1,0,1,0,0,1,1,1,1,1,1,1,1,1,1,1,0,1,1,1,1,0,0,0,0,0,0.734388
0,0,1,0,1,1,0,1,1,0,0,1,1,0,1,1,1,0,0,1,0,1,1,1,0,1,0,0,0,0,0,0,0.630808
1,0,0,1,0,0,0,0,1,0,0,0,0,0,0,0,0,1,0,1,1,0,1,1,0,0,1,1,0,1,0,0,0.659553
0,0,1,1,1,1,0,0,0,0,1,1,1,0,0,0,1,1,0,1,0,1,0,0,0,0,0,1,0,0,0,1,0.617807
1,0,0,1,1,1,0,1,0,1,1,1,0,0,1,0,1,0,1,0,0,1,1,1,0,1,0,0,1,0,1,0,0.604886
0,0,1,0,0,0,1,1,0,1,0,0,0,1,1,0,0,1,0,1,0,0,0,1,1,0,1,0,1,0,1,0,0.698077
1,0,1,0,1,0,1,1,1,0,0,0,1,1,1,1,1,1,1,1,1,1,1,1,1,0,0,1,0,1,1,0,0.515665
0,1,1,0,1,0,1,0,0,1,1,1,0,1,0,0,0,1,1,1,0,0,0,1,0,1,1,0,0,0,1,0,0.661818
0,0,0,1,1,0,0,1,1,1,1,1,1,0,1,1,0,0,1,1,1,1,0,0,0,0,0,0,0,0,1,1,0.625160
0,0,0,0,0,1,0,1,0,0,0,1,1,0,1,1,0,1,0,0,0,0,0,0,0,1,1,0,0,0,0,0,0.751785
0,1,1,0,0,1,0,1,1,1,0,1,1,0,1,0,0,1,1,0,1,0,0,0,0,1,1,1,1,1,1,0,0.580003
1,0,1,1,1,0,1,1,0,1,1,1,1,1,1,0,1,1,1,0,1,1,0,1,0,1,1,0,1,0,1,1,0.521712
0,0,0,0,0,1,0,1,0,0,1,1,1,0,1,0,0,0,1,1,0,0,1,0,1,1,0,0,0,1,0,0,0.786285
1,0,0,1,1,1,1,1,0,0,1,1,1,1,1,1,0,0,1,0,0,0,0,0,0,0,0,0,0,0,1,1,0.585784
1,0,1,0,1,0,0,0,1,1,0,1,1,0,1,1,1,0,1,1,0,1,0,1,0,1,1,1,0,1,1,0,0.556559
0,0,1,0,0,0,1,1,1,1,0,0,1,1,1,1,0,1,0,1,0,0,0,0,1,0,1,0,0,1,1,0,0.620258
1,0,0,0,1,0,0,0,0,0,0,0,1,0,0,0,0,1,1,0,0,0,1,0,0,0,0,1,1,1,0,1,0.662777
1,1,0,1,0,1,1,0,0,0,1,0,1,0,0,0,0,1,1,0,0,1,1,1,1,1,1,1,0,0,0,0,0.667892
0,0,0,1,0,1,0,0,1,1,1,1,0,1,1,1,0,0,0,1,0,1,0,1,1,0,1,1,1,1,1,1,0.777334
0,0,1,1,1,0,0,1,0,0,1,1,1,0,0,1,0,1,0,1,0,1,0,1,1,0,1,0,0,0,1,1,0.598013
1,0,0,1,0,1,0,1,0,0,1,0,0,0,0,1,1,0,0,1,1,0,1,1,0,0,0,1,1,0,0,1,0.628810
1,0,0,1,0,0,0,0,0,1,0,1,0,0,1,0,1,1,0,0,0,1,1,1,1,0,1,0,1,1,1,1,0.596467
1,1,0,0,1,0,1,1,1,1,1,1,0,0,0,1,1,0,0,1,0,1,1,0,0,0,0,1,0,1,1,0,0.585038
1,1,0,1,0,1,0,0,0,1,0,1,1,0,0,0,0,0,0,0,1,1,1,0,0,1,0,1,0,0,0,0,0.693015
1,0,1,1,0,1,0,0,0,1,1,0,0,0,1,1,0,0,0,1,0,1,1,0,0,1,0,0,1,0,0,0,0.666827
1,1,0,0,1,1,1,0,1,1,0,0,1,0,0,0,0,0,0,0,0,0,0,0,0,0,0,1,0,0,0,0,0.662404
0,0,1,0,1,1,0,0,0,0,0,0,1,1,0,1,1,0,1,0,1,1,1,0,0,1,1,1,1,1,0,0,0.627291
0,0,1,0,1,1,1,1,0,0,0,1,0,0,1,1,0,0,0,1,0,0,1,0,1,0,1,0,0,0,1,1,0.674366
0,0,0,1,1,1,1,1,1,0,0,0,0,0,1,0,1,1,1,0,1,1,0,0,0,1,1,1,0,0,1,0,0.598998
0,1,0,1,1,1,0,0,0,1,1,0,0,0,1,1,1,1,0,1,0,1,1,1,0,1,1,1,0,1,1,1,0.563326
0,1,0,1,0,0,0,1,0,0,0,0,1,1,1,1,0,1,0,0,0,1,0,0,0,1,1,0,1,1,0,1,0.693627
1,0,0,1,0,0,0,0,0,0,0,0,1,1,0,1,0,0,1,0,1,0,1,1,1,0,1,0,0,1,1,1,0.605605
0,0,1,0,1,1,0,1,1,0,1,1,0,1,0,0,1,0,0,1,1,0,0,1,0,0,0,1,1,0,1,1,0.636003
1,1,1,1,1,0,1,0,1,0,0,1,0,0,0,0,1,0,0,0,0,1,0,1,0,0,0,1,1,1,1,0,0.672395
1,0,1,0,1,1,1,0,0,1,1,1,1,0,1,0,0,0,1,1,1,1,0,0,0,1,1,0,0,1,0,0,0.637681
0,1,0,1,0,0,1,1,0,1,1,0,0,0,1,1,1,1,1,1,0,1,0,1,1,1,1,1,0,1,0,0,0.578538
0,1,1,1,1,1,0,1,0,1,0,0,1,0,0,1,1,0,0,0,1,1,0,1,0,1,1,0,0,0,0,1,0.599931
1,0,1,0,1,0,0,1,0,1,1,1,0,1,0,0,1,0,0,1,0,0,0,1,1,1,1,0,0,1,1,1,0.583094
0,1,1,0,1,0,0,0,0,0,1,1,1,0,0,1,1,0,1,0,1,1,0,1,1,0,1,0,1,1,1,0,0.586717
0,0,0,1,0,0,1,1,0,0,1,0,1,1,1,0,1,1,0,0,0,1,1,1,1,0,0,1,1,0,1,1,0.606085
1,1,0,1,0,1,0,1,0,1,0,1,0,0,1,0,1,1,0,1,0,0,1,1,0,1,0,1,1,0,0,1,0.551071
0,0,1,1,1,0,1,0,0,0,1,0,1,0,1,1,1,0,1,0,1,1,0,0,1,1,0,0,0,1,1,1,0.584639
0,0,0,0,1,0,0,1,0,0,1,1,0,1,1,0,0,1,1,0,0,1,0,1,1,0,0,0,1,0,1,0,0.727755
1,0,0,1,1,0,1,0,1,1,0,1,0,0,0,0,1,0,1,1,1,1,0,0,1,0,1,1,1,1,0,0,0.604193
0,1,0,1,1,0,0,0,0,1,1,1,0,0,0,0,1,1,1,1,0,0,1,0,1,1,0,1,0,0,0,1,0.606777
0,1,0,1,1,1,0,0,1,0,0,0,0,0,1,1,0,0,0,1,0,1,1,0,1,0,1,1,0,0,1,1,0.653772
1,0,1,0,1,0,1,0,1,1,0,1,1,1,0,0,1,1,1,0,1,0,1,1,0,1,1,0,0,1,1,0,0.592258
0,0,0,0,0,0,0,1,0,1,0,0,1,1,1,1,1,1,1,1,0,0,0,1,0,0,1,0,0,0,0,0,0.779332
1,0,1,1,0,1,0,1,1,1,0,1,1,0,1,0,0,1,0,0,0,1,0,0,0,0,0,1,1,1,0,0,0.612639
1,0,1,1,1,0,1,0,0,0,1,1,0,0,0,1,1,1,1,1,1,1,1,1,1,1,0,0,1,1,1,1,0.485134
0,1,0,0,1,0,0,0,1,1,0,0,1,1,1,1,0,1,0,0,0,0,1,0,0,0,0,1,0,0,1,0,0.639786
1,1,0,0,0,1,0,0,1,1,1,0,1,1,1,0,1,0,1,0,0,1,1,0,1,1,0,0,0,0,0,1,0.622442
0,0,0,1,1,1,1,1,1,1,1,1,1,0,0,1,1,0,1,0,1,1,1,0,1,0,1,1,1,0,1,1,0.540335
0,1,1,0,1,1,0,0,1,1,1,0,1,1,0,0,1,1,0,0,1,0,1,0,0,1,0,0,0,1,0,1,0.578192
0,0,0,1,0,1,0,0,1,0,0,0,0,1,1,0,0,1,0,0,1,0,1,1,1,0,1,0,1,1,0,0,0.760257
1,0,0,0,1,1,0,0,1,0,0,1,0,0,0,0,1,1,0,1,0,1,0,0,1,0,1,0,0,1,0,0,0.675645
0,1,1,1,1,0,0,0,1,1,1,0,0,1,0,1,0,1,0,1,0,1,0,1,0,1,1,1,0,1,1,1,0.608696
0,0,0,1,1,1,1,1,0,0,0,1,1,0,0,1,0,1,1,1,1,1,1,0,0,0,1,0,1,1,0,0,0.617967
0,1,1,1,1,1,1,1,0,0,0,1,1,1,1,0,1,1,0,1,0,1,1,1,1,0,0,0,1,0,1,0,0.567642
0,1,1,1,0,0,0,1,1,0,0,1,1,0,1,0,0,0,0,0,0,0,1,1,1,0,0,1,1,1,1,0,0.597799
1,0,0,1,1,0,0,1,1,0,0,0,0,0,1,1,1,0,0,0,1,1,0,0,1,1,1,0,1,0,1,0,0.595162
0,0,1,0,0,0,1,0,0,1,0,1,1,1,0,1,1,0,1,1,1,0,1,1,0,1,0,1,0,0,0,1,0.604726
1,1,0,0,1,1,1,0,1,1,1,1,1,0,1,0,0,1,1,1,0,1,0,1,0,0,0,1,1,1,0,0,0.574036
1,1,1,0,0,1,1,0,0,0,1,0,1,1,1,0,1,0,1,0,0,0,1,1,1,1,0,0,0,1,0,1,0.569400
0,0,1,1,0,1,1,0,1,0,0,0,0,0,1,0,0,1,1,0,0,0,0,1,1,0,1,1,1,1,1,1,0.602515
0,0,1,0,0,1,0,1,0,0,1,1,1,1,1,1,0,0,1,0,1,1,1,1,0,1,0,0,0,1,1,0,0.717738
1,1,0,0,0,0,0,0,1,0,0,0,1,0,0,1,0,1,1,1,1,0,1,1,1,1,0,1,1,0,0,0,0.589541
0,0,0,0,1,1,0,1,0,1,1,1,0,1,1,1,1,1,1,1,0,1,0,1,1,1,1,0,0,1,1,0,0.687900
1,1,0,0,0,1,1,0,1,0,0,1,0,0,1,0,0,0,0,0,1,0,0,0,1,0,0,1,0,0,0,1,0.645673
0,1,1,1,0,1,1,1,1,1,0,1,1,0,0,1,1,0,0,1,0,0,0,0,0,0,1,1,0,0,1,1,0.588262
1,1,1,0,1,0,0,1,0,0,0,1,0,0,0,0,1,1,0,1,0,0,1,0,0,0,0,0,0,1,0,0,0.639759
1,0,0,1,0,0,1,1,1,0,0,1,0,1,0,1,0,1,1,1,1,0,0,0,0,1,1,1,1,0,1,0,0.585918
1,0,1,1,0,0,1,1,1,1,0,1,1,1,1,1,0,0,1,0,1,0,1,0,0,0,1,0,1,1,0,0,0.543905
0,1,1,1,0,1,0,0,0,1,0,1,1,1,1,0,1,0,1,1,0,1,0,0,0,0,0,0,0,1,1,0,0.586157
0,1,0,1,0,0,0,1,0,1,0,0,0,1,1,1,0,0,0,0,0,0,0,0,0,0,1,1,0,1,1,1,0.725943
1,1,0,1,0,1,1,0,1,0,1,1,0,0,1,0,1,1,1,0,0,0,0,1,1,0,0,0,0,0,1,0,0.645407
0,0,1,0,1,1,0,1,0,0,1,1,1,1,0,0,1,1,0,1,1,1,0,0,1,1,0,1,0,1,0,0,0.624361
0,0,1,1,1,0,0,1,1,1,1,1,1,0,1,1,0,1,0,0,0,1,0,1,1,1,1,0,0,1,1,0,0.600384
0,0,1,0,0,0,1,1,0,0,0,1,0,0,1,0,1,0,1,1,1,0,0,1,1,0,1,1,1,1,0,1,0.671302
1,1,1,0,1,0,1,1,0,1,0,0,0,1,1,0,0,0,0,0,1,0,1,0,1,1,1,1,1,0,0,0,0.642929
1,0,0,1,0,0,1,0,0,1,0,0,0,0,0,1,0,1,0,1,1,1,1,1,1,1,0,1,0,1,1,0,0.618739
1,0,1,0,1,1,1,1,0,1,0,1,0,1,0,0,0,1,1,0,1,1,1,1,1,0,0,0,0,0,0,1,0.565137
1,0,1,1,0,0,0,0,0,1,0,1,1,0,1,1,1,1,1,1,1,0,0,1,1,0,1,1,1,1,1,0,0.518116
1,0,1,0,1,1,1,1,0,0,1,1,1,1,1,0,0,1,0,1,1,1,0,1,1,0,1,1,1,0,0,0,0.547315
1,0,0,0,1,0,0,1,0,1,0,0,0,1,0,0,0,1,0,0,0,0,1,0,0,1,1,0,0,0,0,1,0.660486
1,1,1,1,1,1,1,1,0,0,0,0,1,0,0,1,0,0,1,1,1,1,0,0,1,0,0,0,1,1,1,1,0.413390
1,1,0,0,0,0,1,0,1,0,0,0,0,0,1,0,1,0,0,0,1,1,0,0,0,0,1,1,1,1,1,0,0.610534
1,0,1,0,1,0,0,0,1,0,1,0,1,1,0,0,1,1,1,0,0,1,0,1,1,0,1,1,1,0,0,0,0.630888
0,0,0,1,0,1,0,1,1,1,0,0,1,1,0,1,1,0,1,0,1,0,0,1,0,1,0,0,1,1,1,1,0.605286
0,1,1,0,1,0,1,1,1,0,0,1,1,0,0,0,1,0,1,1,1,0,0,1,0,1,0,0,0,1,0,0,0.612452
0,0,1,1,0,0,1,0,1,0,0,1,0,0,1,1,1,1,1,0,0,0,0,0,0,1,0,0,1,0,0,0,0.648311
1,1,1,0,1,0,0,1,1,1,0,1,0,0,0,0,0,1,1,0,0,0,1,1,0,0,1,1,0,1,1,0,0.609362
1,1,1,0,0,1,0,0,1,1,1,1,1,1,0,1,0,1,1,0,0,1,0,1,0,0,1,1,1,0,1,0,0.552296
0,1,1,0,0,0,1,1,1,0,0,0,1,1,1,0,1,1,1,0,1,1,0,0,1,1,0,1,0,0,0,1,0.594150
