1,1,0,0,1,0,1,0,1,0,0,1,0,1,1,0,0,1,1,1,0,1,1,1,1,1,0,1,0,1,1,1,0.573849
1,0,0,1,0,0,0,1,0,1,1,1,0,1,0,0,0,0,1,1,1,1,0,1,0,0,0,0,1,1,1,1,0.582001
1,0,0,0,1,1,1,0,1,0,1,1,1,0,0,1,0,1,0,1,1,1,1,0,0,0,1,1,0,1,0,0,0.601076
0,0,0,1,1,1,0,1,1,0,0,0,0,1,0,0,1,0,1,0,1,1,1,1,0,1,0,1,0,0,1,1,0.581095
1,0,0,0,0,1,1,1,1,0,1,0,1,1,0,1,1,0,0,1,0,0,0,1,0,0,0,1,1,0,0,1,0.594070
1,1,1,1,1,0,1,0,1,0,0,0,0,0,0,1,0,0,0,1,0,0,1,1,1,0,0,1,0,0,0,1,0.597879
0,1,1,0,0,0,0,1,0,0,1,1,1,1,1,0,0,1,0,0,0,1,0,0,1,0,0,0,1,0,0,1,0.584612
0,0,0,1,0,0,1,1,0,1,1,1,1,0,1,0,1,0,0,0,0,1,1,1,1,0,1,1,1,0,0,0,0.602888
1,0,0,0,1,0,0,1,1,0,1,1,1,1,1,1,0,1,0,1,1,1,1,0,0,0,0,0,0,1,1,0,0.575900
0,1,0,1,1,0,1,0,0,1,0,1,1,1,0,1,1,1,1,0,0,0,1,1,0,0,1,0,0,0,1,1,0.589914
1,1,0,1,0,1,1,1,0,1,0,1,1,1,1,0,1,1,1,0,1,0,1,1,0,0,1,1,1,0,0,1,0.589434
1,0,1,0,0,1,0,0,1,0,0,0,1,0,1,0,1,0,0,1,1,1,0,1,0,1,0,1,0,0,0,1,0.584559
1,0,1,1,1,1,0,1,0,0,0,1,0,0,1,1,1,0,1,0,1,0,1,1,1,0,0,0,1,1,1,0,0.581895
1,1,0,1,1,0,1,0,1,0,0,1,1,0,1,0,0,1,1,0,1,1,1,1,0,0,1,0,0,0,0,1,0.588635
1,0,1,0,0,1,0,1,1,0,0,0,0,0,1,0,0,0,0,1,1,1,1,1,1,0,0,1,0,1,1,0,0.573236
0,1,0,1,0,1,1,0,0,1,0,1,0,0,0,1,0,0,0,1,1,1,1,1,1,0,0,1,0,0,1,0,0.598812
1,1,1,0,0,0,0,0,1,1,0,0,0,0,1,1,1,1,0,1,0,1,1,1,1,1,1,1,1,0,0,1,0.590819
0,0,0,0,0,0,0,1,0,0,1,1,1,1,0,1,0,0,1,0,1,0,1,1,1,0,1,1,0,0,0,0,0.587356
0,1,1,0,0,0,0,1,1,0,1,0,1,1,1,0,0,0,1,1,1,0,1,1,0,0,0,0,0,0,1,0,0.591752
1,0,0,1,1,0,1,1,0,1,0,1,1,1,1,1,0,1,0,0,0,1,0,0,1,1,1,1,1,0,0,1,0.602249
1,1,1,0,0,0,1,1,0,1,1,1,1,1,1,0,0,0,1,1,1,1,1,0,0,1,1,1,1,1,0,1,0.585491
1,1,1,0,1,0,1,0,1,0,0,1,1,1,1,0,0,0,1,0,1,1,0,0,1,1,0,0,0,1,1,1,0.585758
1,1,0,1,1,0,1,0,0,1,1,1,1,1,1,0,1,1,1,1,1,0,1,0,1,1,1,0,1,1,1,1,0.578858
1,0,1,1,1,1,1,1,1,0,1,1,1,1,1,0,1,1,1,1,0,0,1,1,1,0,1,1,1,0,0,0,0.596920
0,1,1,1,0,0,1,0,0,0,0,1,1,0,1,1,1,1,1,1,1,0,0,1,1,0,1,0,0,0,1,1,0.595402
1,0,1,0,0,1,1,1,0,0,1,0,1,1,1,1,1,1,1,1,1,1,1,0,0,1,0,0,0,0,1,1,0.591326
0,1,0,1,0,0,1,1,1,0,1,1,0,0,1,1,1,1,1,0,0,1,0,1,1,0,0,0,1,0,0,0,0.593164
0,1,0,0,1,1,0,0,0,1,1,0,1,0,1,0,0,1,0,1,1,0,1,1,1,0,1,0,0,0,0,0,0.598332
0,1,1,1,1,0,1,0,1,1,0,0,0,0,1,0,0,0,1,1,1,0,1,1,0,0,0,0,1,0,0,1,0.592844
0,0,0,0,0,1,0,1,1,0,1,0,1,1,1,0,0,1,1,1,1,1,0,0,0,1,1,0,1,1,1,0,0.593883
0,1,0,0,0,0,0,0,0,1,1,0,0,0,0,1,0,1,0,1,1,0,0,0,0,0,1,0,0,1,1,0,0.578218
0,0,0,0,1,1,0,0,1,0,0,1,1,1,1,1,1,1,0,1,1,0,1,0,0,1,1,0,0,0,1,1,0.597213
1,0,0,1,0,0,1,0,0,0,1,0,1,0,1,0,0,0,0,0,1,1,1,0,0,1,1,0,1,1,1,0,0.589807
0,0,0,1,0,1,1,0,1,0,0,1,0,0,1,0,0,0,0,0,0,0,0,1,0,1,1,1,1,1,0,0,0.585678
1,1,1,1,0,1,0,1,0,0,0,1,1,0,1,0,1,1,0,0,0,0,1,0,0,0,0,0,1,1,1,0,0.591459
1,0,1,1,0,0,0,0,1,1,0,1,0,0,0,1,0,1,1,1,1,1,1,0,0,1,0,1,1,1,0,0,0.597693
0,0,0,0,1,1,1,1,0,1,0,0,1,0,0,1,1,1,1,0,1,0,0,1,0,1,0,1,1,1,1,0,0.585758
0,0,0,0,1,0,1,0,0,0,0,0,0,1,0,1,0,1,0,0,0,1,1,1,0,0,1,1,1,1,1,1,0.549819
0,1,0,1,0,1,0,1,0,0,0,0,0,1,1,0,0,1,0,0,0,1,0,1,1,0,0,1,1,0,1,1,0.580962
1,1,1,0,0,0,1,0,0,1,0,1,1,1,0,1,1,0,0,1,1,1,1,1,1,0,1,0,1,0,1,0,0.588741
1,0,0,0,1,1,0,0,1,1,0,0,1,0,1,1,1,0,0,0,1,0,0,1,0,1,1,0,1,1,0,0,0.595348
0,1,0,0,0,1,1,1,1,1,1,0,1,1,0,1,0,1,0,0,0,1,0,0,0,0,1,1,0,0,1,0,0.600916
0,0,0,0,1,0,1,1,0,0,1,1,1,0,0,0,0,0,0,1,1,0,0,0,0,0,1,0,0,1,1,1,0.544864
0,1,1,0,1,1,0,1,1,0,0,1,0,1,0,1,1,0,1,0,0,0,1,1,0,1,0,0,1,0,1,0,0.590393
1,0,1,1,1,1,0,1,1,1,1,1,1,1,0,1,0,1,0,0,0,1,1,1,1,0,1,1,0,0,1,1,0.576700
1,1,0,0,0,0,1,1,1,0,1,0,1,1,1,0,0,0,0,1,1,1,0,1,1,1,1,0,1,0,1,1,0.585545
0,0,0,0,0,1,1,0,0,0,0,0,1,0,0,1,0,0,0,1,0,0,0,0,1,1,1,0,0,0,1,0,0.560981
0,0,0,1,0,0,1,0,0,0,1,1,0,1,0,0,0,1,0,1,1,0,1,0,0,0,0,0,1,1,1,1,0.575927
0,0,0,1,1,0,1,1,1,1,1,0,0,0,0,1,0,1,1,0,1,1,1,1,1,1,0,1,1,0,0,1,0.601503
0,0,1,0,1,0,0,1,1,0,0,1,1,0,0,1,1,1,0,0,1,1,0,1,1,1,1,1,0,0,1,0,0.601423
1,0,0,0,0,1,1,0,0,0,1,1,0,0,0,0,0,1,0,1,1,1,1,1,0,0,0,0,1,0,1,0,0.589940
1,0,0,1,1,0,0,0,0,0,1,0,1,1,1,1,0,1,1,1,1,1,0,1,1,0,0,0,1,0,1,1,0.584079
1,0,0,1,1,0,0,1,1,1,0,0,0,0,0,1,0,0,1,1,0,0,1,0,0,1,1,0,0,0,1,0,0.594842
1,1,1,1,1,1,1,0,1,1,1,0,1,0,1,0,0,0,0,1,0,1,0,1,0,0,1,0,0,1,0,1,0.594416
0,1,0,1,1,1,1,0,1,1,0,1,1,1,0,0,1,0,0,1,0,1,1,0,0,0,0,0,1,1,1,1,0.584212
0,0,1,0,0,1,0,0,0,0,1,1,0,1,0,0,0,0,0,0,0,0,1,0,1,0,1,0,0,0,0,1,0.570652
0,0,1,0,0,1,1,1,0,1,0,0,0,1,0,0,0,1,0,0,0,1,0,1,0,0,1,0,0,1,0,1,0.580083
0,0,1,1,0,0,1,1,0,0,0,0,0,1,1,0,0,1,1,1,0,1,1,0,1,0,1,1,1,1,0,1,0.594150
1,1,1,0,0,0,1,1,1,1,1,0,0,0,1,0,1,1,1,0,1,1,0,0,1,0,0,1,1,1,0,0,0.593350
0,1,0,1,0,1,1,1,1,1,1,0,1,0,1,0,1,0,0,0,0,0,1,1,1,0,1,1,0,0,1,1,0.577952
0,0,1,1,1,1,0,1,0,1,0,0,1,1,0,1,1,1,1,1,0,0,0,1,1,1,1,0,1,0,1,0,0.606777
1,0,0,0,0,0,1,1,0,0,1,0,1,1,0,1,0,1,0,0,1,1,1,0,0,1,0,1,0,0,0,0,0.589274
1,1,1,1,0,0,0,1,1,1,0,0,0,0,0,1,0,1,0,1,0,1,0,1,0,1,1,0,1,0,0,0,0.595615
1,0,1,0,0,0,1,0,0,1,1,0,1,1,1,1,0,0,0,1,0,1,1,0,0,1,1,0,0,1,1,0,0.589860
1,0,0,1,1,1,0,1,0,1,0,0,1,0,0,1,1,0,1,0,0,1,0,0,1,1,0,1,1,0,0,1,0.600330
1,0,0,0,0,0,0,1,0,0,1,1,1,0,1,1,0,0,1,0,1,0,0,0,1,1,1,0,1,0,0,1,0.593084
0,0,0,0,1,0,0,1,0,0,1,0,1,1,1,0,1,1,1,1,0,1,0,1,1,1,1,0,1,1,1,0,0.606138
0,1,0,0,0,1,0,1,1,0,0,0,1,1,0,1,1,1,0,0,0,1,1,0,1,1,1,0,0,1,1,1,0.597000
0,1,0,0,0,1,1,1,0,0,0,1,1,1,0,0,0,1,1,0,1,0,0,1,1,0,1,0,1,1,0,0,0.597720
0,0,1,1,0,0,1,0,1,1,0,1,1,1,0,0,1,1,1,0,1,0,0,0,0,1,0,1,0,0,0,1,0.593697
0,1,0,0,1,1,1,0,0,0,0,0,1,0,1,1,0,1,0,1,0,0,1,0,0,0,0,0,1,0,1,1,0.571025
0,0,1,1,1,0,0,1,1,0,0,0,1,0,1,0,0,0,0,1,0,1,1,0,0,0,0,1,1,0,1,0,0.588875
1,0,1,0,1,1,0,0,0,1,0,0,0,1,1,0,0,1,0,0,1,1,1,1,1,1,0,1,1,0,0,0,0.574435
1,1,0,0,1,0,1,0,1,1,0,1,1,1,0,0,1,1,1,0,1,1,0,1,1,0,1,0,0,1,0,1,0.593723
0,1,1,0,0,0,1,0,1,0,0,1,1,1,0,0,0,1,1,0,1,0,0,1,0,1,0,0,1,1,0,1,0.589780
1,1,0,0,1,0,0,1,0,1,1,1,1,1,0,1,0,1,0,0,1,0,1,1,1,1,0,0,0,1,0,0,0.592338
1,1,0,0,1,1,0,0,1,0,0,1,1,1,1,1,0,1,1,0,1,1,0,1,0,0,1,0,1,0,0,1,0.585918
0,1,0,1,0,1,0,1,0,0,0,1,0,0,0,1,1,1,0,1,0,0,1,1,1,1,0,0,0,0,0,0,0.592471
0,1,0,1,0,0,1,0,1,0,1,1,0,1,1,0,1,0,1,1,1,1,1,0,0,1,1,0,0,1,1,1,0.592418
1,1,1,1,1,0,1,1,1,0,0,1,1,1,1,1,1,0,0,1,1,1,1,1,1,0,1,1,1,1,0,1,0.552962
1,1,0,0,1,0,0,0,1,0,1,1,1,1,1,0,1,1,1,1,1,0,1,1,1,0,0,0,1,0,0,0,0.594816
1,1,0,1,0,0,1,1,1,1,1,0,0,1,0,1,0,0,0,1,0,1,0,1,0,1,1,0,1,0,0,1,0.593936
1,0,0,0,0,0,1,1,1,1,1,0,0,1,0,0,0,0,0,1,1,1,1,0,0,0,0,1,1,1,0,1,0.591752
1,1,0,1,0,1,1,1,0,0,1,0,1,0,1,0,0,1,0,0,1,0,0,0,1,0,1,0,1,0,0,1,0.589487
0,0,0,0,0,0,0,0,1,0,0,0,1,0,1,1,1,0,0,1,1,1,0,1,0,0,1,1,1,0,0,1,0.588848
0,0,0,1,1,1,0,0,0,0,0,1,1,0,1,0,1,0,0,1,0,1,1,0,1,0,0,0,1,1,1,1,0.566549
0,1,0,0,1,0,1,0,1,0,1,1,0,0,1,1,1,0,0,1,0,0,1,0,0,0,1,0,0,0,0,0,0.595242
1,0,1,0,1,1,0,1,0,0,0,0,0,1,0,1,0,1,0,1,0,0,1,1,1,1,1,0,1,1,1,1,0.564951
1,0,0,1,0,1,1,1,0,0,0,0,0,0,0,1,0,0,0,0,0,1,0,1,1,0,0,1,1,0,1,1,0.574302
0,1,0,0,0,1,0,1,1,0,1,1,1,0,0,1,0,1,1,0,1,0,0,1,0,1,1,0,1,1,1,1,0.558504
1,1,1,0,0,0,0,0,1,1,1,0,1,0,0,1,1,1,0,1,1,0,1,1,1,0,0,1,0,0,0,1,0.591486
1,1,1,0,0,1,0,0,1,0,0,1,1,1,0,1,0,1,0,1,0,1,1,1,1,0,1,0,1,1,0,1,0.577952
0,1,1,0,0,0,0,0,1,1,1,0,0,0,1,0,0,1,0,0,0,1,1,1,0,1,0,0,0,0,0,1,0.598013
1,1,1,0,0,0,0,1,1,1,0,0,0,0,0,0,1,0,1,1,1,1,0,0,1,1,0,1,1,1,1,1,0.593111
0,0,0,0,0,0,0,0,0,1,0,0,0,1,1,1,0,0,1,0,1,1,1,0,1,0,1,0,0,1,1,1,0.564525
0,0,0,0,1,1,0,1,1,0,1,0,0,1,1,1,0,0,0,1,1,1,0,1,1,1,1,1,0,1,0,0,0.619112
0,1,0,0,1,0,1,0,0,1,0,0,1,0,1,0,1,1,0,1,0,1,1,1,0,1,1,1,0,0,1,0,0.598652
0,1,0,1,0,1,0,0,0,1,1,1,0,1,1,1,1,1,0,0,1,0,0,0,1,0,1,1,1,1,0,1,0.593111
0,0,0,1,0,0,0,0,0,1,1,0,0,0,1,1,1,1,0,0,0,1,1,1,1,0,1,1,0,1,1,0,0.590500
0,0,1,0,0,0,1,0,0,1,0,1,0,0,0,0,0,1,1,1,1,0,0,1,0,1,0,0,0,1,0,0,0.583973
0,1,0,1,0,0,1,0,1,0,0,0,1,1,0,1,1,1,0,0,0,1,1,0,0,1,0,0,1,0,1,1,0.586690
1,0,0,1,0,0,0,0,0,1,0,0,0,1,1,1,1,0,0,1,0,1,0,1,1,0,0,1,1,1,1,0,0.587489
0,1,0,1,0,1,1,0,0,1,0,1,0,0,0,1,1,0,0,1,1,1,1,1,1,1,0,1,1,1,1,0,0.588741
0,1,1,1,0,0,1,0,0,1,0,0,1,0,0,0,1,1,1,0,0,1,1,0,1,0,0,0,0,1,1,1,0.592178
0,0,0,1,1,0,1,1,1,0,0,0,1,0,1,0,0,0,0,0,0,0,0,1,0,0,0,1,1,0,0,0,0.561568
0,0,0,0,1,0,1,0,1,0,1,1,0,0,0,1,1,0,1,0,1,1,0,0,1,0,1,0,1,1,1,1,0.592098
0,1,1,0,0,1,0,0,1,1,1,0,1,1,0,1,1,1,0,0,1,0,0,1,1,0,0,0,0,0,0,1,0.591406
0,0,0,0,1,0,1,1,1,0,0,0,0,1,1,0,0,0,1,1,0,1,1,1,1,0,1,1,0,1,1,1,0.594736
1,1,0,0,1,1,0,0,0,0,1,1,0,1,0,1,0,0,1,1,0,0,1,1,1,1,0,1,1,0,0,0,0.599371
1,1,0,1,0,1,1,1,0,0,0,0,0,1,1,0,0,0,1,0,0,0,0,1,1,1,1,1,0,0,1,1,0.597560
1,1,1,0,1,0,1,1,0,1,0,0,0,0,0,1,1,1,0,1,1,0,1,1,1,0,1,0,1,1,1,1,0.542866
0,0,1,1,1,0,0,1,1,1,1,1,0,0,0,0,0,1,0,0,1,1,1,0,0,1,0,1,1,1,1,0,0.601716
0,0,0,0,0,1,1,1,0,0,0,0,0,1,0,0,0,1,0,1,1,0,1,1,1,1,0,0,0,1,0,0,0.571824
1,0,0,0,1,1,1,0,0,1,0,1,1,1,0,0,0,1,0,0,0,0,1,1,1,1,1,1,1,1,0,1,0.590740
1,1,0,0,0,1,1,1,0,0,0,0,1,1,1,1,0,0,1,0,0,1,1,1,0,1,1,0,0,1,0,1,0.549046
0,0,1,1,0,0,0,1,0,0,1,1,1,1,1,0,1,0,1,0,0,1,1,0,1,0,1,0,0,0,1,1,0.593191
0,1,1,1,1,0,0,0,0,0,0,1,0,1,0,1,0,0,1,0,1,1,1,0,0,1,1,0,1,0,0,1,0.588448
0,1,0,0,1,1,1,0,0,1,1,1,0,0,1,0,0,1,0,0,0,0,1,0,1,1,0,0,1,1,0,0,0.596787
1,0,0,1,1,0,0,0,1,0,0,1,1,0,0,1,0,1,0,1,1,1,0,0,1,1,0,0,1,0,0,1,0.596574
0,1,1,1,1,1,1,0,1,0,1,1,0,1,1,1,0,1,0,0,1,0,0,1,1,1,1,1,0,0,0,1,0.597906
0,0,0,0,0,1,0,1,0,0,0,0,1,0,0,1,0,0,0,1,1,1,0,0,0,0,1,1,0,1,1,0,0.544064
0,0,1,0,0,0,1,0,0,1,0,1,0,0,1,1,0,1,1,0,1,1,0,0,0,0,0,1,1,0,1,0,0.593031
1,1,0,0,1,0,1,0,0,0,1,1,0,0,1,0,0,1,1,0,1,0,0,0,0,1,0,0,0,0,0,0,0.593324
1,1,1,0,0,1,0,0,1,0,1,1,0,1,1,0,1,1,0,0,1,0,1,1,0,1,1,0,0,0,0,1,0.591832
0,0,0,0,1,0,1,0,0,1,0,0,1,1,1,0,1,1,1,0,1,1,0,0,0,0,1,0,1,1,0,0,0.596387
1,0,0,0,0,1,1,0,0,1,0,0,0,0,1,0,0,0,0,0,0,0,1,0,1,0,1,0,0,0,0,1,0.590686
0,1,1,1,1,1,0,1,1,0,1,0,1,1,1,0,1,0,0,0,0,1,0,0,0,1,1,0,1,0,1,1,0.590633
1,0,0,1,0,1,0,0,0,1,1,0,1,0,0,0,0,1,0,0,1,1,0,1,0,0,0,0,0,1,1,1,0.584186
