0,1,0,1,1,0,1,1,1,1,0,0,0,1,0,1,1,0,1,1,1,0,1,0,0,1,1,1,0,0,1,0,0.629156
1,0,0,1,1,1,0,0,1,1,0,0,1,1,1,0,1,1,0,0,1,1,0,1,0,1,1,1,1,0,0,0,0.628144
0,1,0,0,1,1,0,0,1,0,0,1,0,1,1,0,1,0,1,1,1,1,1,0,0,0,1,1,0,1,1,1,0.621430
0,0,1,0,1,0,0,1,1,0,0,0,0,1,0,0,0,1,0,0,0,0,1,1,1,1,0,0,0,0,0,0,0.608562
1,1,1,0,1,0,1,0,1,1,0,0,0,0,1,0,0,1,1,0,1,0,0,1,1,1,1,0,1,0,0,1,0.599824
1,1,1,0,1,0,1,1,0,0,1,0,1,0,0,0,1,0,0,1,1,0,1,0,1,1,0,0,1,1,1,1,0.625666
1,0,0,0,0,1,0,1,0,1,1,0,1,0,1,0,1,0,1,0,1,0,1,1,0,0,0,0,0,0,1,1,0.593244
0,1,0,1,1,0,1,1,0,0,1,0,0,0,1,1,0,1,1,1,0,0,1,1,1,0,0,1,0,0,1,1,0.652600
0,0,1,1,0,1,1,1,0,0,1,0,0,0,0,0,1,1,1,1,0,0,1,1,1,1,0,1,1,0,1,1,0.690084
1,0,0,0,0,0,1,1,1,1,0,1,0,0,0,0,1,0,1,1,0,0,1,1,0,0,0,0,0,1,0,1,0.671755
0,1,1,0,0,1,0,0,1,0,0,0,1,1,0,1,1,1,0,1,1,1,0,0,1,1,0,0,1,0,1,0,0.628943
1,0,0,0,1,1,0,1,0,0,1,0,1,1,0,1,1,0,0,1,0,0,0,1,0,1,1,1,0,1,1,1,0.577472
1,0,1,1,0,1,0,0,1,0,1,1,1,0,1,1,1,1,0,0,1,0,0,1,1,0,0,1,0,0,1,0,0.632699
0,0,1,0,0,1,1,1,0,1,0,1,1,1,0,0,1,1,0,1,1,1,1,0,1,0,0,1,0,1,0,0,0.622283
0,0,1,1,0,1,0,1,0,1,1,0,1,0,1,0,0,1,0,0,0,0,1,1,0,0,1,1,1,1,1,1,0.610294
1,1,1,1,0,1,1,1,0,0,1,1,0,1,1,1,1,1,1,1,1,1,0,1,0,1,0,1,0,0,1,1,0.623029
1,0,1,0,1,1,1,0,1,1,1,1,1,0,1,1,0,0,1,0,0,0,0,1,0,0,0,0,0,0,0,1,0.530291
0,0,1,1,0,1,1,0,1,0,0,1,1,0,0,1,1,0,0,0,1,0,0,1,0,1,1,0,1,1,1,1,0.601902
0,1,1,0,0,1,0,0,1,0,0,1,1,0,1,1,1,0,1,0,0,1,1,1,0,1,1,0,0,1,1,0,0.647592
0,0,1,0,1,1,1,1,1,1,1,1,1,1,0,1,0,0,0,1,1,0,1,0,0,1,1,0,0,0,0,0,0.542439
1,1,1,0,1,0,0,1,0,0,0,1,0,1,0,1,1,1,1,1,0,0,1,0,0,1,0,1,1,1,0,1,0.618659
0,1,1,0,1,1,0,0,0,0,1,0,1,1,1,0,0,0,1,1,0,0,1,1,1,1,0,1,0,1,0,1,0.605472
1,0,0,1,1,0,1,0,0,1,1,0,1,0,0,1,1,0,0,1,1,1,1,1,1,0,0,0,0,1,0,0,0.602595
0,0,1,1,0,0,0,0,0,1,0,0,0,1,0,1,1,0,1,1,0,0,1,1,0,0,1,0,1,1,0,1,0.613518
0,1,0,1,1,0,1,0,0,0,0,0,0,1,1,0,0,0,0,1,1,1,0,1,1,1,1,1,0,1,0,0,0.600916
1,1,1,1,0,1,1,1,0,0,0,1,1,1,0,0,1,1,0,0,0,1,1,1,1,0,1,0,1,0,1,0,0.578058
1,0,1,1,0,0,1,0,1,0,1,1,0,1,1,0,0,0,1,1,0,1,0,1,1,1,1,0,1,0,1,0,0.599265
1,0,1,1,1,1,1,0,0,0,1,0,1,0,1,1,0,1,0,1,1,0,0,0,0,0,0,1,0,1,0,1,0.610987
1,0,0,0,1,1,1,0,1,1,0,0,0,0,0,1,1,1,0,1,1,0,1,1,0,1,1,0,1,1,0,0,0.609388
0,0,0,0,1,0,0,1,0,1,0,1,0,1,1,0,0,0,0,1,1,1,1,0,0,1,1,1,1,1,1,1,0.601130
1,0,1,1,0,0,0,1,0,1,0,1,1,1,0,1,1,0,0,1,0,1,0,0,0,0,1,1,1,1,0,1,0.580030
1,0,1,1,0,0,0,0,1,1,0,1,0,1,1,0,1,1,0,0,0,0,1,1,1,1,0,1,0,1,0,0,0.613944
0,0,0,0,0,0,0,0,0,0,1,0,1,0,0,0,1,0,1,1,0,1,0,1,1,1,0,0,1,0,0,1,0.653053
0,1,0,1,0,0,0,0,0,0,0,1,1,1,0,0,0,1,0,1,1,1,0,1,0,1,1,0,1,0,0,0,0.612825
0,1,1,1,0,0,0,1,1,1,0,0,0,0,0,1,0,0,1,0,0,0,1,0,0,0,0,0,0,0,1,1,0.596254
1,0,0,1,0,1,0,1,0,0,0,0,1,1,1,1,1,1,0,0,1,0,0,0,1,1,0,0,0,0,1,0,0.632486
0,1,0,1,1,0,0,1,1,0,0,1,0,1,0,0,1,1,0,1,0,0,1,1,1,1,0,1,0,0,1,1,0.657049
0,1,0,0,0,0,0,0,0,1,0,0,0,1,0,0,0,0,1,0,1,0,1,0,1,1,1,0,0,0,0,0,0.583200
1,0,1,0,0,0,1,1,1,1,1,1,1,1,1,1,1,0,0,1,0,0,1,1,1,1,0,1,0,1,0,1,0.590766
1,1,1,1,0,1,1,0,1,1,0,1,0,1,0,1,1,0,1,0,0,1,0,1,0,0,0,1,0,1,0,1,0.603954
1,1,0,1,1,0,0,0,0,0,1,0,1,0,1,1,0,0,1,0,0,0,0,1,0,0,1,0,0,1,1,0,0.602728
0,0,0,0,0,0,1,0,1,0,1,1,1,0,0,0,0,0,1,1,0,1,0,0,1,0,0,1,1,0,1,0,0.636083
0,1,0,1,0,0,0,0,0,1,1,1,0,1,1,0,1,0,0,1,1,0,1,1,0,1,1,1,1,0,0,1,0.637015
1,0,1,1,1,0,0,0,1,0,0,1,1,0,1,1,1,0,0,1,0,0,0,1,1,1,1,1,1,0,0,1,0.604779
1,0,1,1,0,1,0,0,1,0,0,0,1,0,0,1,0,0,1,1,0,1,0,1,1,0,1,0,1,0,0,0,0.576833
0,1,0,1,0,0,0,0,1,0,1,1,1,0,1,1,1,0,1,0,0,0,1,1,1,0,0,0,0,0,1,0,0.608802
0,0,1,1,1,0,0,1,1,0,0,0,0,0,1,1,1,1,0,0,1,0,1,0,1,1,1,1,0,0,1,0,0.601210
1,1,1,1,0,1,1,0,0,0,0,1,1,1,1,1,0,1,0,1,1,0,0,0,1,1,1,0,1,0,0,0,0.589088
1,0,1,0,0,1,1,0,0,1,1,1,0,1,1,0,0,1,1,0,0,1,1,0,0,0,0,0,0,1,1,1,0.621457
0,0,0,1,1,1,0,0,1,0,0,0,0,1,0,0,0,0,0,1,0,0,1,0,1,1,1,1,1,1,0,1,0.634404
0,0,1,0,0,1,1,0,0,1,1,1,1,0,1,1,0,0,1,0,1,1,1,1,0,1,0,1,1,1,1,1,0.599877
1,1,0,1,0,0,1,1,0,1,1,1,0,1,1,0,0,0,0,1,1,1,1,0,1,0,0,1,0,1,0,0,0.694160
1,1,0,1,1,1,0,1,0,1,0,0,0,1,0,1,0,1,0,0,1,0,1,1,0,0,0,0,1,1,0,0,0.595402
0,1,1,1,1,1,0,1,0,0,1,0,1,0,0,1,0,0,0,0,1,0,1,0,1,1,1,1,1,1,0,1,0.662084
0,0,0,0,1,0,0,0,0,1,0,1,1,1,1,0,1,0,1,1,1,0,1,0,1,1,1,0,1,1,1,1,0.684783
1,0,0,1,0,0,0,1,1,1,1,1,0,1,1,0,1,0,1,1,1,1,0,1,0,1,1,0,1,0,0,1,0.621670
0,1,1,1,1,0,0,0,0,0,0,1,0,0,1,0,0,0,0,0,0,0,0,1,1,1,1,0,1,0,0,0,0.622789
1,0,0,0,1,0,1,0,1,0,1,0,1,1,1,1,1,1,0,0,1,0,1,0,0,1,0,0,1,1,1,1,0.623242
1,0,1,1,1,1,0,1,0,0,0,0,1,0,1,1,1,1,1,0,1,0,1,1,1,0,1,0,1,0,0,0,0.608749
0,0,0,1,0,1,1,1,0,1,0,1,0,0,1,1,1,1,1,0,1,0,0,1,0,0,0,1,0,0,0,1,0.628703
1,1,1,0,1,0,0,1,1,0,0,0,1,0,0,0,1,0,0,0,0,0,0,1,1,1,1,0,0,1,0,0,0.640052
0,0,0,1,1,1,0,0,1,1,0,1,1,1,1,1,0,1,0,1,0,0,0,1,1,1,0,0,1,0,1,0,0.668558
1,1,1,1,0,1,1,0,1,0,1,1,0,1,0,0,1,1,1,1,0,0,1,1,0,1,0,0,1,1,0,0,0.629529
0,0,1,1,1,0,1,1,0,0,1,0,0,0,1,0,1,1,1,0,1,0,0,0,1,0,0,0,0,1,1,1,0.623641
1,1,0,0,0,1,0,1,0,1,1,1,1,1,1,1,0,0,0,1,1,0,1,1,1,0,0,0,1,1,0,1,0.582587
1,1,1,1,0,0,0,0,0,0,1,0,1,1,1,1,1,0,1,1,1,1,0,0,1,1,0,0,1,0,0,1,0.623988
1,0,0,0,1,1,1,1,1,0,1,0,1,1,1,1,1,1,1,0,1,0,1,0,0,1,0,1,0,0,0,0,0.589727
0,1,1,1,1,0,0,1,0,0,0,1,0,0,0,1,0,1,0,0,0,1,0,0,0,1,0,1,0,1,0,0,0.616795
1,0,1,1,0,1,0,1,1,0,1,0,1,1,1,0,0,1,0,0,0,1,1,0,1,1,0,1,0,0,0,0,0.618579
0,0,1,1,1,1,1,0,0,0,1,0,0,1,0,1,1,1,1,1,0,0,1,1,1,1,0,1,0,1,0,0,0.620338
0,0,1,1,0,0,1,0,1,0,0,0,0,0,0,0,1,0,0,0,1,0,1,0,1,0,0,1,0,1,0,0,0.593990
0,0,1,1,1,1,1,0,1,0,1,1,0,0,1,0,1,0,1,0,0,0,1,1,1,0,0,0,0,0,1,1,0.609255
1,0,1,1,0,1,0,0,1,1,1,0,1,0,1,0,0,1,1,1,0,1,0,1,1,1,1,0,0,0,1,0,0.617700
1,1,1,0,0,1,1,1,1,0,0,0,1,1,0,0,0,0,0,0,1,0,0,1,1,1,1,0,1,1,1,1,0.616501
0,0,0,1,0,1,0,0,1,0,1,1,1,0,0,1,1,1,1,0,0,1,1,1,0,0,0,0,1,0,1,1,0.625879
1,1,0,1,0,0,1,0,0,0,0,0,0,1,0,0,0,1,0,1,0,0,0,0,1,0,1,0,1,0,1,1,0.627904
0,0,1,0,0,1,1,0,0,1,1,1,0,1,1,0,1,0,1,0,0,0,1,1,0,0,1,0,1,0,1,1,0.601183
1,0,0,0,0,0,0,0,0,0,0,0,0,0,1,1,1,1,0,1,1,1,1,1,0,0,1,0,1,0,0,0,0.635417
0,0,1,0,1,0,0,1,1,1,1,1,0,1,0,1,0,0,1,0,0,1,0,1,1,0,1,0,0,0,0,0,0.586104
1,1,1,1,1,1,1,0,1,1,1,0,0,0,1,1,1,1,0,1,0,0,0,0,1,1,1,0,0,1,1,0,0.653160
0,1,1,0,0,1,0,0,0,0,0,0,1,0,1,1,0,1,1,1,1,1,1,0,1,1,0,1,1,1,1,1,0.668292
1,0,1,1,0,0,0,0,0,0,1,0,1,0,1,1,0,1,1,0,1,0,1,0,0,1,1,1,1,0,0,0,0.664669
1,1,0,0,1,1,1,1,1,1,1,0,1,0,1,0,1,0,0,0,1,0,0,1,0,1,1,1,1,1,0,0,0.593111
1,0,1,0,1,0,0,1,1,0,1,1,0,1,1,0,0,0,1,0,1,1,1,0,1,1,0,1,1,0,1,1,0.604486
1,1,0,0,1,0,0,1,1,1,1,1,1,1,0,0,1,1,1,1,1,1,0,0,0,1,1,1,0,1,1,0,0.620711
1,0,0,0,0,1,0,0,0,0,0,0,0,1,0,0,0,0,1,0,1,1,0,0,0,0,1,0,0,0,1,0,0.585864
0,1,0,0,1,0,1,0,0,0,0,0,1,1,0,0,0,1,1,1,1,0,0,1,1,1,0,1,1,1,0,0,0.600171
1,1,1,0,1,1,0,1,0,1,1,1,1,0,1,0,1,0,0,0,0,1,0,1,0,0,0,1,1,1,0,0,0.598465
1,0,1,0,1,0,1,0,1,0,0,1,0,1,0,1,0,0,1,0,1,1,1,1,0,1,1,1,0,0,0,0,0.597506
1,1,1,1,1,0,0,0,0,0,0,0,1,0,0,0,1,0,1,1,0,0,1,0,0,1,1,1,0,1,0,0,0.627451
1,1,0,1,0,0,0,1,0,1,0,1,1,0,0,0,0,0,1,0,1,0,1,1,1,0,0,0,0,0,1,1,0.604113
0,1,1,1,0,1,1,1,0,0,0,1,0,0,1,1,1,0,0,0,1,0,1,1,0,0,1,1,0,0,0,0,0.679188
1,1,1,0,1,1,1,1,1,1,0,1,0,0,0,1,1,1,0,1,1,1,1,1,0,0,1,1,1,0,1,0,0.683637
1,1,0,0,1,0,0,1,1,1,1,0,0,1,0,1,1,1,1,1,1,1,0,0,1,0,1,0,1,1,1,0,0.635417
1,1,1,1,1,1,0,0,0,1,0,1,1,1,0,1,1,0,0,1,1,1,1,0,0,0,0,0,0,1,0,0,0.573529
0,1,1,1,0,1,1,1,1,0,0,0,1,0,0,0,1,1,0,1,0,1,0,1,0,0,0,0,1,1,1,0,0.613891
0,1,0,1,1,1,1,1,0,1,1,0,1,0,0,1,1,1,0,1,0,0,0,0,0,1,0,1,1,0,0,0,0.588022
0,0,1,1,1,1,0,1,0,0,0,0,0,0,0,1,1,0,1,1,0,0,0,1,1,0,0,1,1,0,1,1,0.609895
1,0,0,0,0,0,0,0,0,1,1,1,1,1,1,0,1,1,1,0,1,0,0,1,0,1,0,1,0,0,0,0,0.632300
1,0,1,1,1,0,0,1,1,1,0,0,1,1,0,0,1,1,0,0,1,0,0,0,0,0,1,0,0,0,1,1,0.595508
1,0,0,1,1,0,1,1,0,1,1,1,0,0,1,0,1,0,0,0,0,1,0,0,1,1,0,0,0,0,0,1,0.600730
0,0,1,1,1,0,1,1,1,0,1,0,1,1,0,1,1,1,1,0,0,0,0,0,1,1,0,1,1,0,0,1,0.606857
1,1,1,0,1,1,0,0,0,0,0,0,1,1,1,1,0,0,0,0,1,1,1,1,1,0,0,1,1,1,0,0,0.589008
0,1,1,0,0,0,1,1,1,0,1,1,0,0,0,1,1,1,0,0,0,0,1,1,1,1,1,0,0,0,0,0,0.570572
1,1,1,0,1,0,1,1,0,0,1,1,0,1,1,0,1,0,1,1,1,0,0,0,0,1,0,1,1,0,0,0,0.606325
1,0,1,0,1,1,0,1,0,1,0,1,1,1,0,0,1,1,1,1,0,1,0,1,0,0,1,1,1,1,0,0,0.605445
1,0,0,0,0,1,1,0,1,1,0,1,0,0,1,1,1,1,1,1,1,1,0,0,1,1,1,0,0,0,0,1,0.629582
0,0,0,1,1,1,1,1,1,1,1,1,0,0,0,0,1,0,1,0,0,1,0,1,0,1,0,0,1,1,1,0,0.601796
1,1,0,1,0,0,0,1,0,0,1,0,1,0,0,1,0,0,1,1,1,0,1,0,0,1,0,0,1,1,1,1,0.587489
1,0,0,0,0,1,1,1,0,1,1,0,0,0,1,0,0,1,0,0,0,1,1,1,0,0,0,1,1,0,0,0,0.610374
0,0,1,1,0,0,0,1,0,0,1,1,0,1,1,0,0,1,0,1,0,1,0,0,1,1,0,1,0,1,0,1,0.631793
0,0,0,1,1,0,0,0,0,1,0,0,0,0,1,1,0,0,0,0,1,0,0,0,1,1,0,1,1,1,1,0,0.614983
0,0,0,0,1,0,1,0,0,0,0,1,1,1,1,0,1,0,1,0,1,1,1,1,1,1,0,1,1,0,1,0,0.647006
0,1,0,0,1,1,0,1,1,0,1,1,0,1,1,0,1,1,0,0,1,1,1,0,0,0,1,1,0,1,0,1,0.604353
1,1,0,1,0,0,0,1,1,0,0,1,1,1,1,0,0,0,0,1,1,0,1,0,1,0,0,1,1,1,0,1,0.592977
0,1,1,1,1,1,0,1,0,1,0,1,0,1,0,1,0,1,0,1,0,0,0,0,1,0,0,1,1,0,1,0,0.610401
1,0,1,0,1,0,0,0,0,0,0,0,0,0,1,0,1,1,1,0,0,0,1,0,1,0,0,0,1,0,1,1,0.634857
0,1,1,0,1,0,1,0,1,0,0,0,0,0,1,1,0,0,1,1,1,1,0,1,1,0,0,1,1,1,1,1,0.627025
1,0,1,0,1,0,1,1,0,1,0,0,1,0,0,1,0,1,1,0,1,1,1,0,1,1,1,0,1,1,0,0,0.600517
0,1,1,1,0,1,0,1,1,0,1,1,0,0,0,0,0,0,0,0,1,1,0,0,1,0,0,0,1,0,1,1,0.592178
1,1,1,0,1,0,0,1,0,0,0,1,0,0,1,0,0,1,0,1,0,1,0,1,1,0,0,1,1,1,0,0,0.620817
0,0,1,0,0,1,0,1,0,1,1,0,0,1,0,0,1,1,0,1,1,0,0,0,1,0,0,1,1,1,0,0,0.654492
0,1,0,1,1,0,1,1,0,1,0,1,1,1,0,0,1,1,1,0,0,1,0,1,1,0,1,0,1,1,0,0,0.598972
0,1,1,1,0,0,0,1,0,0,1,1,1,1,1,0,0,1,1,0,1,1,1,1,0,1,1,0,0,0,1,1,0.605072
0,1,0,1,1,0,0,0,0,1,0,0,0,1,1,0,0,1,0,0,0,1,1,0,1,1,0,0,0,0,1,0,0.595668
1,1,1,0,0,1,1,1,0,1,0,1,0,1,0,1,1,0,0,1,0,1,1,0,0,0,1,0,0,0,1,0,0.676204
0,0,0,1,0,0,0,1,0,1,0,0,0,0,1,0,1,0,1,1,1,1,1,1,0,0,1,1,0,0,0,0,0.607603
1,0,1,1,0,1,0,1,1,0,0,1,0,1,0,0,1,0,1,0,0,1,0,1,0,1,0,0,1,0,0,1,0.587143
