1,1,0,0,1,0,0,1,1,0,0,0,0,0,1,0,0,1,0,0,0,1,0,0,1,1,0,0,1,1,1,1,0.624254
1,1,0,0,0,0,1,0,0,0,1,1,0,0,1,1,0,1,1,0,1,0,1,1,1,1,1,0,1,1,1,1,0.491342
0,1,0,0,1,1,1,1,1,0,1,1,0,1,0,0,1,1,1,0,0,1,1,1,0,1,1,1,0,1,1,1,0.554135
1,1,1,1,1,0,1,0,0,0,1,1,0,0,1,0,0,1,0,1,1,1,0,1,1,0,1,0,1,0,0,1,0.580270
1,0,0,0,0,0,1,0,1,1,0,0,0,1,0,0,0,0,0,1,1,1,1,0,0,1,0,1,1,0,1,0,0.708760
1,0,1,0,1,1,1,0,0,0,0,1,1,1,0,1,1,1,0,0,1,1,1,0,1,0,0,0,1,0,1,0,0.623481
1,1,1,0,0,0,1,0,1,0,1,0,0,1,0,0,1,1,1,1,1,0,0,0,0,1,1,1,1,1,0,1,0.572437
0,0,0,1,1,0,0,1,0,0,1,0,1,0,1,0,1,1,0,0,1,1,0,0,0,1,0,0,0,0,0,1,0.648418
0,0,1,1,0,1,0,1,0,1,1,0,1,1,1,0,1,0,1,0,0,1,0,1,0,1,0,0,0,0,0,1,0.648924
1,0,1,1,0,0,0,1,0,1,1,0,1,0,1,1,1,0,1,1,1,1,0,1,0,0,1,0,1,0,0,0,0.593963
0,0,1,1,1,1,1,1,0,1,1,1,1,0,0,0,0,1,1,1,0,0,0,1,1,0,0,1,0,0,0,0,0.689711
1,1,0,1,0,0,1,0,1,1,0,1,1,1,0,0,0,0,0,1,1,0,1,1,0,0,1,1,1,0,0,0,0.654945
0,0,0,1,0,1,0,0,0,0,0,1,0,0,1,0,1,0,0,1,0,0,1,0,1,1,1,0,0,0,1,0,0.758232
0,1,1,0,0,1,1,0,0,1,0,0,1,1,1,0,0,1,0,0,1,0,0,1,1,1,1,1,1,0,0,0,0.613384
0,0,0,0,1,0,1,0,1,1,1,0,1,0,0,1,0,0,1,1,1,1,0,0,1,1,0,0,0,1,0,0,0.733243
1,0,1,0,1,1,1,0,1,1,0,0,0,0,0,0,1,0,0,0,0,0,1,0,0,1,0,0,0,0,0,0,0.753463
1,1,0,1,0,1,0,1,1,1,0,1,1,1,0,1,1,0,1,1,1,0,0,1,0,1,0,0,0,1,0,1,0.464967
1,1,0,0,0,0,1,0,0,1,1,0,0,1,0,1,1,1,0,1,0,1,1,1,1,0,0,1,0,0,1,1,0.520620
1,0,1,0,1,0,0,1,1,0,1,1,1,0,1,1,0,1,1,0,0,0,1,1,1,1,0,0,1,1,1,0,0.545316
1,1,1,1,1,1,0,1,1,1,0,0,1,0,1,1,0,1,1,1,0,1,1,0,1,1,0,1,1,0,0,0,0.597506
0,0,0,0,1,1,1,1,1,0,1,1,0,1,1,0,1,1,1,0,1,1,0,1,1,0,0,1,1,0,1,0,0.587623
1,1,1,0,1,0,0,1,1,0,1,0,1,0,0,0,0,1,0,1,0,1,1,0,0,1,0,0,1,0,1,1,0.567802
1,1,1,1,1,0,1,1,1,0,1,1,1,1,1,1,0,0,0,0,1,1,1,0,0,0,0,1,0,0,0,0,0.651774
1,0,0,0,0,0,1,1,1,0,1,0,1,0,0,0,1,1,0,1,0,0,0,0,0,0,1,1,1,0,0,1,0.646926
0,1,1,1,1,1,0,0,1,1,0,1,1,0,0,0,1,0,0,1,0,1,0,1,1,0,1,0,1,0,0,1,0.605206
1,1,0,1,1,1,0,1,1,1,0,1,1,0,1,1,1,0,0,0,0,1,1,1,1,0,0,1,0,0,1,0,0.557332
1,1,0,1,1,0,1,0,1,0,1,1,1,1,0,0,1,1,1,0,0,0,0,0,0,0,1,0,1,1,1,0,0.687473
0,0,1,0,0,0,1,1,1,0,0,0,0,0,1,0,1,1,0,0,1,1,0,0,0,0,1,0,1,1,1,0,0.692961
1,0,1,0,0,0,0,0,0,1,1,0,0,1,0,1,0,0,1,0,1,0,1,0,1,0,0,1,1,1,1,0,0.645194
1,0,0,0,1,1,1,0,1,1,0,1,1,0,0,1,0,1,1,0,1,1,1,0,1,0,0,0,0,1,1,1,0.605019
0,0,1,1,0,1,0,1,1,0,1,1,0,0,1,0,1,0,1,1,1,0,1,0,0,0,1,1,0,1,1,0,0.646499
1,0,1,0,1,1,0,0,0,0,0,1,0,0,1,0,0,1,1,0,1,0,1,0,0,1,0,0,1,0,0,1,0.634218
1,0,0,1,0,0,0,0,0,0,0,1,1,0,0,0,1,1,1,1,1,0,1,1,1,0,0,1,0,1,1,1,0.591858
0,0,0,1,1,1,0,0,0,0,0,0,1,1,0,1,0,0,1,1,0,1,0,1,0,0,0,0,0,0,1,0,0.748375
0,0,0,0,0,0,1,1,1,0,1,0,1,0,1,0,1,1,1,1,0,1,1,1,0,0,0,0,1,0,1,0,0.640159
0,0,0,0,0,1,0,1,0,0,1,0,1,0,1,0,1,0,0,1,0,1,0,0,1,0,0,0,0,1,1,1,0.714301
0,1,0,1,0,0,1,1,0,0,0,0,1,0,0,1,0,0,1,0,1,0,0,0,1,0,1,1,1,0,0,1,0.714701
0,0,1,1,1,0,1,1,1,0,0,0,0,0,1,1,0,1,1,1,1,0,0,1,1,1,1,0,1,1,0,1,0.564498
0,1,1,1,1,1,0,0,0,0,0,1,1,1,1,1,1,0,0,1,1,0,0,0,1,0,0,0,0,0,1,0,0.634085
0,0,0,1,0,0,0,1,1,1,1,1,1,1,0,0,1,1,1,1,0,0,0,1,1,0,1,1,1,1,1,1,0.591192
0,0,0,1,0,1,0,0,1,1,0,1,0,0,1,1,1,0,1,0,1,0,1,0,0,1,1,0,1,1,1,1,0.675405
0,0,0,0,1,1,1,1,1,1,1,0,1,0,0,1,1,1,1,1,0,0,1,1,0,0,0,0,1,1,1,0,0.601023
0,0,1,0,0,0,0,0,1,1,0,1,0,1,0,1,0,0,0,0,1,0,1,1,0,0,0,0,1,0,1,1,0.791400
1,0,1,0,1,1,0,1,1,1,1,0,1,1,1,1,0,0,0,0,0,0,1,1,0,1,1,0,1,0,0,1,0.555467
1,0,0,0,0,1,0,1,1,0,0,0,0,1,0,1,1,0,0,1,0,0,0,0,0,1,1,1,0,0,0,0,0.688299
1,1,0,1,1,1,1,0,0,0,1,1,1,1,0,1,0,1,1,0,0,0,1,1,0,1,0,0,0,0,1,1,0.552296
0,0,1,1,0,1,1,0,0,1,1,0,1,1,0,0,0,1,1,0,0,0,0,1,0,0,1,1,0,0,0,0,0.804135
1,0,0,1,0,0,0,1,1,1,1,1,0,1,0,1,0,1,1,1,1,1,1,1,0,0,0,0,1,0,0,0,0.596148
1,0,1,0,0,0,1,0,0,0,0,1,0,1,0,0,0,1,1,0,1,1,0,1,0,0,1,1,1,1,1,0,0.653986
1,1,0,0,1,1,1,1,0,1,1,1,1,0,0,0,0,1,0,0,1,0,1,1,1,1,1,0,1,1,1,0,0.537058
1,0,1,1,0,1,0,0,0,0,0,1,1,0,1,1,0,1,0,0,1,1,0,1,1,1,0,0,0,0,1,1,0.576593
0,1,1,1,1,0,0,0,0,1,1,1,1,1,0,0,1,1,0,1,0,1,1,0,0,1,1,1,1,0,1,1,0.588289
1,1,1,1,1,1,1,0,0,1,0,0,1,0,1,1,0,0,1,1,0,0,1,0,1,1,1,0,0,1,1,0,0.611067
1,1,1,1,1,1,0,0,0,0,1,0,1,0,1,1,0,1,1,0,1,1,0,0,1,0,0,1,0,1,1,0,0.624574
0,1,0,1,1,1,1,0,0,1,0,0,1,0,1,0,1,0,1,0,0,1,0,1,0,0,1,1,1,1,1,1,0.602169
0,1,1,1,0,1,0,1,1,1,1,0,0,1,0,0,1,0,0,0,1,0,1,0,1,0,0,1,0,1,1,0,0.623934
1,1,1,1,0,1,1,0,0,1,1,1,1,1,0,1,0,0,1,1,0,0,0,0,1,1,0,1,0,0,1,1,0.606991
1,1,0,0,0,0,1,1,0,1,1,0,1,0,1,1,0,1,0,0,0,1,1,0,0,0,1,0,0,0,1,1,0.589168
0,0,1,0,1,0,1,0,0,1,1,0,0,1,0,1,1,1,1,1,1,1,0,0,0,1,1,0,0,0,0,0,0.645540
0,1,0,0,1,0,0,1,1,1,1,1,0,0,0,0,0,0,1,1,1,1,0,0,0,0,0,0,1,0,1,1,0.711983
0,1,0,0,0,0,0,0,0,0,0,0,1,0,0,0,0,1,0,1,0,1,0,1,0,1,0,0,1,1,1,0,0.849318
1,1,1,1,0,1,0,0,1,0,0,1,1,1,1,0,1,0,1,0,1,1,1,1,0,0,1,0,0,1,1,1,0.388560
1,0,1,0,0,0,0,1,0,0,0,0,0,0,0,0,0,1,0,1,1,1,1,0,1,1,1,1,1,0,0,0,0.650469
0,1,0,1,1,1,1,0,0,0,1,0,0,0,1,1,1,1,0,1,0,0,1,0,0,1,0,1,0,0,0,0,0.630035
0,0,1,0,1,1,0,1,0,0,0,0,0,0,1,1,0,0,0,0,0,0,0,1,1,1,1,1,0,1,0,1,0.763267
0,0,0,1,1,0,0,1,1,1,1,1,1,1,0,1,0,1,0,0,1,0,1,1,1,1,1,1,0,0,0,1,0.612479
1,1,1,1,0,0,1,0,0,1,1,0,0,0,0,1,1,0,0,1,0,1,1,0,0,1,0,0,0,0,1,0,0.653080
1,0,1,1,0,1,0,0,1,1,1,0,0,0,1,1,0,1,0,1,0,1,0,0,0,0,0,0,0,0,0,1,0.632939
0,1,1,0,0,1,1,1,1,0,0,1,0,1,1,1,1,0,1,0,0,0,0,0,0,0,1,0,1,1,0,1,0.620737
1,0,0,1,1,1,1,0,1,1,1,0,1,0,0,1,0,0,1,1,1,1,1,1,1,0,1,0,0,1,1,0,0.538070
1,0,1,0,0,1,0,0,1,1,0,0,0,0,1,0,1,1,0,0,1,1,0,0,0,1,1,0,0,1,1,0,0.651108
0,1,0,0,1,0,1,0,0,0,1,0,0,1,1,1,0,0,0,1,0,0,1,0,1,0,1,0,1,0,0,1,0.707188
0,1,1,0,1,0,0,1,1,1,1,0,0,0,0,0,1,1,0,0,0,1,0,1,0,0,1,1,0,1,1,0,0.641677
0,0,0,0,0,1,1,0,1,1,1,1,0,1,0,1,1,0,1,1,0,1,1,1,0,0,1,0,1,0,1,0,0.657529
1,0,0,1,1,1,0,0,1,1,1,0,0,0,1,1,0,1,0,0,0,1,0,0,1,0,1,0,1,0,0,1,0.615915
0,1,1,1,0,0,1,1,1,1,0,1,0,1,1,1,1,1,0,0,0,1,1,1,0,0,0,0,1,1,1,0,0.549739
0,1,1,1,0,0,1,0,1,1,1,1,1,0,1,0,0,1,0,0,0,0,1,0,1,1,1,0,1,1,1,0,0.600490
1,0,1,0,1,0,1,1,1,0,1,1,0,1,0,0,1,0,0,1,0,0,1,1,1,0,0,1,1,1,1,1,0.412377
0,0,0,1,0,1,1,0,0,0,0,1,1,0,1,1,0,1,1,1,0,1,0,1,0,0,0,1,1,0,1,1,0.705056
1,0,0,0,0,1,1,1,0,0,0,1,0,0,0,1,0,1,1,1,0,1,0,1,0,0,1,1,1,1,1,1,0.554694
1,0,1,0,1,1,1,1,0,0,1,1,0,0,0,1,0,1,0,1,0,1,1,0,0,1,1,1,0,1,0,1,0.525256
1,0,1,0,0,1,1,0,0,0,1,0,1,1,1,0,1,1,0,1,0,1,1,0,0,0,0,1,0,0,1,1,0.626146
0,0,0,0,1,0,1,0,0,0,1,0,0,1,1,0,1,1,0,1,0,0,0,1,0,1,1,1,1,0,0,1,0.671569
1,1,1,1,0,0,0,0,1,1,1,0,1,0,1,1,0,0,0,0,1,0,0,1,0,0,1,1,1,0,0,1,0.592977
1,1,0,0,0,1,0,0,0,0,1,1,0,0,1,0,1,1,1,0,0,0,0,0,1,0,1,0,1,1,1,1,0.511456
0,0,0,0,1,1,0,0,1,0,0,0,1,0,1,0,1,0,0,1,1,0,1,0,0,1,0,0,1,1,0,0,0.651401
1,0,0,1,1,0,1,1,1,1,1,1,0,0,1,1,1,1,0,1,1,1,0,1,0,1,1,1,0,1,0,1,0.401002
1,0,0,0,1,0,1,0,0,1,1,1,0,1,1,0,0,1,0,1,1,1,1,0,0,1,1,0,0,0,1,0,0.602169
1,1,0,0,1,1,0,1,1,1,1,0,1,0,0,0,0,1,1,1,1,1,1,1,0,0,1,1,0,1,1,1,0.448210
0,0,1,1,0,1,1,0,1,1,1,1,0,1,0,1,1,0,1,0,0,0,0,0,1,1,0,1,0,1,1,0,0.583946
1,1,1,0,0,0,1,0,1,1,1,1,0,0,1,1,1,1,1,1,1,1,1,1,0,1,0,1,1,0,0,0,0.545983
0,1,1,0,1,1,1,0,1,0,0,1,0,1,1,0,1,1,1,0,0,0,0,0,1,1,0,1,0,1,0,1,0.593111
1,0,0,1,0,1,0,1,1,1,0,1,0,0,1,0,0,1,0,1,0,0,1,1,0,0,1,0,0,0,0,1,0.647991
0,1,1,0,0,0,0,0,0,0,1,0,1,1,1,1,0,1,0,1,0,0,0,0,1,0,0,1,1,0,0,0,0.686008
0,1,1,1,0,0,1,1,1,0,1,1,0,0,0,0,0,0,0,0,1,1,1,1,0,0,0,0,1,1,1,1,0.631607
1,1,0,0,1,1,0,0,0,1,1,1,1,0,1,1,1,0,0,0,0,1,1,0,0,0,1,1,0,1,0,1,0.544837
0,1,1,0,1,1,1,0,0,1,1,1,1,0,0,0,1,1,0,1,0,0,1,0,0,1,0,1,1,0,1,0,0.644022
0,1,0,0,1,1,1,1,0,1,1,0,0,1,1,0,1,1,0,1,0,0,1,1,0,0,1,1,0,0,1,1,0.607577
1,0,1,0,1,1,0,1,1,0,1,1,0,1,1,0,1,1,0,0,1,0,1,1,0,0,0,0,1,1,1,1,0.503890
1,1,0,1,1,1,1,1,1,0,1,0,0,0,0,1,0,1,1,1,1,1,0,1,0,0,1,0,1,0,1,1,0.474904
1,1,1,0,0,1,0,0,1,1,0,1,1,0,0,1,0,0,0,1,1,1,1,1,0,1,0,1,1,1,1,1,0.413869
1,0,1,0,0,0,0,0,1,0,0,1,1,1,1,0,1,1,0,1,1,1,1,1,0,0,1,0,1,1,0,1,0.487718
1,0,0,0,0,1,1,1,1,0,1,1,0,1,1,1,0,0,1,1,0,1,1,0,0,0,0,1,1,0,1,1,0.547927
1,1,0,1,0,1,0,0,1,0,1,0,0,1,1,1,1,1,1,0,0,1,1,1,0,1,0,0,0,1,0,0,0.632539
1,0,1,1,1,1,1,1,0,0,1,0,1,1,0,1,0,0,0,1,1,0,0,1,0,1,0,0,0,0,0,1,0.552776
0,0,1,1,1,0,1,1,0,0,0,1,1,0,1,0,1,0,0,0,1,1,0,1,0,1,0,1,0,1,0,0,0.626199
1,1,1,0,1,1,1,1,0,0,1,0,0,0,0,1,1,1,0,0,1,0,1,1,1,1,0,0,0,0,1,1,0.546089
1,1,0,0,1,0,1,0,0,1,0,1,0,0,0,1,1,0,0,1,1,1,1,1,1,0,0,0,0,0,1,0,0.619778
0,0,0,1,0,0,1,1,1,0,0,0,0,0,0,1,0,0,0,0,1,1,0,0,1,0,1,1,1,1,1,1,0.732310
1,0,1,0,0,1,0,0,0,1,0,0,1,0,0,1,1,0,0,0,0,1,1,1,0,0,1,1,1,1,0,1,0.611600
0,0,1,1,1,0,1,0,1,1,1,0,0,0,1,0,0,1,0,0,1,0,1,1,1,1,1,1,1,0,0,0,0.620871
0,1,0,0,1,0,0,1,1,0,1,0,1,0,1,1,0,0,1,0,0,1,0,1,0,1,1,1,0,0,1,1,0.645327
1,0,1,0,0,0,1,1,0,0,1,0,0,1,0,1,0,0,0,1,1,0,1,0,1,1,0,1,1,0,0,1,0.629769
0,1,1,1,0,0,0,1,1,0,1,1,0,1,1,1,1,0,1,0,0,0,0,1,0,1,0,1,1,1,1,0,0.615489
1,1,1,1,0,0,1,0,1,0,0,1,1,0,1,1,1,0,1,0,1,0,0,0,0,0,1,0,1,1,0,1,0.565297
0,1,1,1,0,1,0,0,0,0,1,0,0,1,0,0,1,0,0,1,1,1,0,1,1,1,1,0,0,1,0,0,0.659633
1,0,1,1,0,1,0,0,1,0,1,1,1,0,1,1,1,0,0,0,0,1,1,1,1,0,1,1,0,1,1,0,0.552376
1,1,0,1,1,0,0,1,1,1,0,0,0,0,0,0,0,1,0,1,0,1,0,0,0,1,1,1,1,1,1,0,0.618366
0,0,0,0,0,0,1,0,1,0,0,1,0,0,0,1,1,1,0,0,1,0,1,0,1,0,0,1,1,0,1,0,0.637974
0,1,0,1,1,1,0,0,0,0,1,0,0,0,0,0,1,1,1,0,1,1,0,0,1,1,0,0,0,1,0,1,0.622229
1,0,1,1,0,1,0,1,0,0,0,0,1,1,1,0,1,0,0,0,1,1,0,0,0,1,1,0,1,1,0,1,0.582348
0,1,1,0,1,1,1,0,1,0,0,1,0,0,0,0,1,1,1,1,0,1,1,0,1,1,1,1,1,1,1,1,0.503437
1,1,1,1,1,1,1,0,1,1,1,0,0,1,1,0,1,1,1,1,1,1,1,1,1,0,0,1,1,1,0,0,0.719043
0,0,0,0,0,0,1,1,1,0,1,1,0,1,0,0,0,1,0,0,1,0,1,1,0,0,1,1,1,0,0,1,0.767690
1,1,0,1,0,1,0,1,1,0,1,0,0,1,1,0,1,0,1,0,1,0,1,0,1,0,1,0,1,1,0,1,0.542652
0,0,0,1,1,0,1,1,0,1,0,0,1,0,1,0,1,1,0,1,1,1,1,1,1,0,0,1,1,0,1,0,0.599531
0,0,1,1,1,1,0,1,1,1,1,1,1,0,0,1,0,0,1,1,1,1,0,1,1,1,1,0,1,1,0,1,0.592391
1,1,0,0,0,1,0,0,0,0,0,1,1,1,0,1,0,0,0,0,0,0,1,1,0,0,0,0,1,0,0,1,0.658195
