1,0,0,0,0,0,1,0,1,0,1,0,0,1,0,0,0,0,0,1,1,0,0,0,0,0,1,0,0,1,0,0,0.642636
0,0,0,1,1,1,0,0,0,1,0,1,0,0,0,0,1,0,0,0,1,0,0,0,0,0,1,1,1,0,1,1,0.658781
1,1,0,0,1,1,1,1,0,0,1,0,1,0,1,0,1,1,0,0,1,0,0,0,1,0,0,1,0,0,1,1,0.587756
0,0,0,0,1,1,1,0,0,0,1,1,0,1,0,1,1,0,0,0,0,1,0,1,0,1,1,1,1,0,1,1,0.615036
0,1,0,0,1,0,1,0,1,0,1,0,1,0,1,1,1,1,0,0,0,0,1,0,1,0,1,0,1,1,1,0,0.619778
1,1,1,0,1,0,0,0,1,0,1,0,1,0,1,1,0,1,1,0,1,0,0,0,1,0,0,1,1,1,1,1,0.626865
0,1,1,0,0,1,0,0,0,1,1,1,0,1,1,0,1,1,1,0,0,0,0,0,0,0,1,0,1,1,1,0,0.683504
1,0,1,0,1,1,1,0,1,1,1,0,1,1,1,1,0,1,1,1,1,1,0,1,0,0,1,1,1,0,0,1,0.539908
0,0,1,1,0,1,0,1,1,0,0,1,0,1,1,1,0,0,0,1,0,0,1,0,0,0,1,1,1,0,1,1,0.707827
1,0,1,0,1,1,1,0,0,1,0,0,1,0,1,0,0,1,0,1,0,1,1,1,1,0,1,1,0,0,1,1,0.555627
1,0,0,0,1,0,1,1,1,0,0,0,0,1,0,1,1,1,0,0,1,1,1,0,0,1,0,0,0,0,1,0,0.590100
0,1,1,0,1,0,1,0,0,0,1,1,1,1,1,0,1,1,0,1,0,1,1,0,0,1,1,0,0,1,0,1,0.583333
1,1,0,0,1,1,0,1,0,0,1,1,1,0,1,0,1,1,1,0,1,1,0,0,1,1,0,0,0,0,1,1,0.593564
0,0,0,0,0,0,1,0,0,0,0,1,0,0,1,0,0,0,0,0,1,1,1,1,0,1,0,1,0,1,1,1,0.683184
0,1,1,0,1,0,0,0,0,1,1,0,0,1,1,1,1,1,1,0,1,0,0,0,1,1,0,0,1,1,0,0,0.626652
1,0,0,0,0,1,1,0,0,1,1,1,0,1,1,1,0,0,0,1,1,0,0,1,1,0,0,0,0,1,0,1,0.596494
1,0,0,0,1,0,1,0,0,1,1,1,1,0,1,1,0,0,1,0,0,0,1,1,1,0,1,0,1,0,1,1,0.605712
1,1,1,0,1,0,1,0,0,0,1,0,0,1,1,0,0,0,1,1,1,0,0,1,1,1,1,0,1,0,0,0,0.618793
1,0,1,1,1,0,0,0,0,0,1,1,0,1,1,1,1,1,1,0,0,0,1,1,0,0,0,0,0,1,0,1,0.608589
0,0,1,0,0,0,0,1,0,0,0,1,1,1,1,0,1,0,1,0,1,0,1,0,1,1,0,1,0,1,1,1,0.604673
1,1,1,1,1,0,0,1,0,1,0,0,0,1,1,0,1,1,1,0,0,0,1,0,1,1,0,0,0,1,1,0,0.624814
1,1,0,1,0,1,1,0,0,1,1,0,0,1,0,1,0,0,0,1,0,1,0,0,1,1,0,1,1,0,1,1,0.604167
0,0,0,0,1,1,1,1,0,0,0,1,1,1,0,1,0,1,1,0,0,0,0,0,0,1,1,0,1,1,1,1,0.585172
1,0,1,1,1,1,1,0,1,1,1,1,1,1,0,1,1,1,0,0,0,1,0,0,1,0,0,0,0,1,1,0,0.656303
1,1,1,1,0,0,0,1,0,0,0,0,1,1,0,0,1,0,1,0,0,1,1,0,1,1,0,1,1,0,1,1,0.589514
1,0,1,1,1,0,1,1,0,1,0,1,1,1,1,0,0,0,1,0,0,0,0,1,1,1,0,0,0,1,1,1,0.592684
0,1,1,1,1,1,1,1,0,1,0,1,0,0,0,1,1,0,1,1,0,0,1,1,1,0,0,0,0,0,1,1,0.646633
1,1,1,0,1,1,1,1,1,1,1,1,0,0,1,1,1,0,0,1,0,1,0,0,0,0,1,0,0,1,1,0,0.605019
1,0,1,0,0,0,0,1,1,1,0,0,1,1,0,1,0,0,0,1,1,1,0,0,1,0,0,0,0,0,1,1,0.628064
0,0,0,1,1,1,0,0,0,0,1,0,0,0,1,0,0,1,0,1,0,0,1,0,0,1,1,0,0,0,0,0,0.684649
1,0,1,1,0,0,0,0,0,0,1,0,0,0,0,1,1,0,1,0,0,1,1,1,0,1,1,0,0,1,0,0,0.646579
0,1,0,0,0,0,0,1,1,0,1,0,0,0,1,1,1,0,0,0,1,0,1,1,1,0,0,0,1,0,1,0,0.628650
1,1,1,1,0,1,0,0,0,1,1,0,1,1,0,1,1,1,1,0,0,0,0,0,0,0,0,0,1,1,0,1,0.650948
1,0,1,0,1,1,1,1,1,0,1,0,0,1,0,0,0,1,0,0,0,1,1,0,1,1,0,1,1,1,0,1,0.574888
1,1,0,1,1,1,0,0,0,1,1,1,0,0,0,0,1,0,0,1,0,0,0,1,0,0,1,1,0,1,0,0,0.640265
0,1,1,1,1,0,0,0,0,0,1,0,1,1,0,1,1,1,0,0,0,1,1,1,1,0,0,0,0,0,1,0,0.603234
0,0,0,1,0,1,0,1,1,1,0,0,0,1,0,0,1,1,1,0,0,1,1,0,1,1,1,0,0,0,0,0,0.620364
1,1,1,0,1,0,1,1,1,0,0,0,0,0,1,1,0,0,1,0,1,1,0,1,0,1,0,0,0,0,1,1,0.615622
1,0,1,1,0,0,0,0,1,0,0,0,0,0,0,1,1,0,1,0,1,0,1,1,0,1,0,0,0,1,1,1,0.613038
0,1,0,0,0,1,0,1,0,0,0,0,1,0,1,0,0,0,0,0,1,0,0,1,0,0,1,0,1,0,1,1,0.687207
0,1,0,1,0,1,0,0,0,0,1,0,0,1,0,0,1,1,0,0,0,0,1,0,0,1,1,1,0,1,0,1,0.692562
0,1,0,0,0,0,0,0,0,0,1,1,0,0,1,0,0,0,0,0,0,1,1,0,0,0,0,0,1,0,0,0,0.688486
0,1,0,0,0,0,1,0,1,0,0,1,0,0,0,1,1,0,1,1,1,0,0,0,0,1,0,1,1,0,1,0,0.637015
1,1,0,0,0,1,1,1,0,1,0,0,0,1,0,1,1,1,1,0,1,1,0,0,1,0,0,0,0,0,1,0,0.618047
0,0,1,1,1,0,1,0,1,0,1,1,0,1,1,0,0,1,0,1,0,0,1,0,1,1,0,1,1,1,0,0,0.623641
0,0,0,1,0,0,1,1,0,1,1,0,0,1,1,1,0,0,1,0,1,1,1,0,1,1,1,0,0,1,0,1,0.589674
0,0,1,1,1,1,1,1,1,1,1,1,1,0,0,1,1,1,1,1,0,1,0,1,1,0,1,0,1,0,0,1,0.561035
1,1,1,1,0,1,0,1,0,0,1,1,0,0,1,1,0,1,0,1,0,0,1,1,1,0,0,0,1,1,1,0,0.578938
0,0,0,0,0,1,0,1,1,1,1,1,0,0,1,1,1,0,0,1,0,0,0,1,0,0,0,0,1,1,1,1,0.680760
0,1,1,1,0,1,1,0,0,0,1,1,1,0,0,1,0,1,1,1,1,0,1,1,0,0,0,0,0,0,1,0,0.635603
1,0,1,0,0,1,1,1,1,1,1,1,0,0,1,1,0,1,1,0,1,1,1,0,1,1,0,1,1,0,0,1,0.555920
0,1,0,1,0,0,0,0,0,0,0,1,1,0,1,0,0,0,1,1,0,0,1,1,0,0,1,0,1,1,1,1,0.681719
0,0,0,0,1,1,0,1,1,0,1,1,0,0,0,1,1,1,1,0,1,1,1,1,1,1,1,0,1,1,1,0,0.638267
0,0,0,0,0,0,1,0,1,0,0,0,1,1,0,0,1,0,1,0,0,0,0,0,1,0,0,0,0,1,0,1,0.663976
0,0,0,0,0,0,0,0,0,1,1,1,1,0,1,0,1,1,1,1,0,1,0,1,1,0,1,0,1,0,0,0,0.648364
1,0,1,0,1,0,1,0,1,1,0,1,1,1,1,0,0,1,0,1,0,1,0,0,1,0,0,0,1,1,0,1,0.587063
0,1,0,1,0,0,0,1,0,1,1,1,1,0,1,0,1,1,1,1,0,0,0,1,0,0,0,1,0,0,0,1,0.625266
0,0,1,0,0,0,1,0,1,1,1,1,1,1,0,0,1,1,0,1,1,0,1,0,1,1,1,1,1,1,0,1,0.608429
1,1,1,0,0,1,1,1,1,1,1,0,1,0,1,0,0,1,0,0,0,0,0,0,1,0,1,0,0,0,0,1,0.614530
0,0,1,1,1,0,0,0,0,1,1,0,1,1,0,1,1,1,1,1,0,1,0,0,0,1,1,0,0,0,1,0,0.610401
1,0,0,1,1,1,1,1,1,1,0,0,0,1,0,0,1,1,0,0,1,1,1,1,0,1,0,1,1,0,0,0,0.571078
1,0,1,1,1,1,1,0,1,1,0,0,0,0,1,1,1,1,1,1,0,1,1,0,0,0,1,1,0,1,0,0,0.632673
0,1,0,0,1,1,0,1,1,1,0,1,1,1,0,0,0,0,1,0,0,1,0,1,0,0,0,1,0,1,1,0,0.618979
1,0,0,0,1,1,0,1,1,1,0,0,0,0,0,0,0,0,0,1,1,0,0,1,0,0,1,1,1,0,1,0,0.644714
0,1,0,1,1,0,1,1,1,0,0,1,1,0,1,1,1,1,1,1,0,0,0,1,1,1,0,0,0,0,0,1,0.522458
0,1,1,1,0,0,0,1,0,1,0,1,0,1,0,0,0,1,0,0,1,1,0,1,0,0,1,0,1,1,0,0,0.759724
0,0,1,1,0,0,1,0,1,1,1,0,1,0,0,0,0,0,1,1,0,0,1,0,1,1,0,1,0,0,0,1,0.658355
1,0,0,0,1,0,0,1,0,0,0,1,0,1,0,1,0,0,1,1,1,0,0,0,0,0,1,0,1,1,1,1,0.615223
0,0,1,0,1,1,1,0,0,1,1,1,1,1,1,0,1,1,0,0,0,0,0,1,1,1,0,1,1,1,0,0,0.644714
1,0,0,1,0,0,1,0,1,1,1,0,1,0,0,1,1,0,1,0,0,1,0,0,1,0,0,1,0,1,1,1,0.573503
0,1,1,0,1,0,0,0,1,0,1,1,1,0,0,1,1,1,1,1,0,0,0,1,0,0,0,0,1,0,0,0,0.599211
1,1,0,0,0,0,1,1,0,0,1,1,0,0,0,0,0,0,0,1,1,1,1,0,0,0,1,0,0,0,1,0,0.667013
1,1,0,0,0,0,1,1,1,0,1,0,0,0,0,1,0,1,1,0,0,0,0,1,0,0,1,0,0,1,1,1,0.617461
0,1,1,0,0,1,0,1,0,0,1,0,0,1,1,1,0,1,0,1,0,0,1,1,0,1,1,1,1,1,0,1,0.695812
1,1,1,1,0,0,0,0,1,1,0,0,1,0,1,0,1,1,1,1,0,0,1,1,1,1,0,0,1,1,1,1,0.577339
1,0,1,1,0,0,0,1,1,1,0,1,0,0,1,0,0,1,0,1,1,0,1,0,0,0,1,1,1,0,1,1,0.636109
0,0,0,1,0,1,0,0,1,1,1,1,1,0,0,0,1,1,0,0,0,1,0,1,1,1,0,0,1,0,1,1,0.613837
1,1,0,1,1,1,1,0,1,0,1,1,1,0,1,1,1,0,1,1,0,0,1,1,0,0,0,0,0,0,1,0,0.623322
0,1,1,0,1,1,1,1,0,0,0,1,1,1,1,1,0,0,1,0,0,0,0,1,1,1,1,1,1,0,0,1,0.547261
0,0,1,1,0,1,0,1,1,1,1,0,1,1,1,0,1,1,0,1,1,1,1,1,1,0,1,0,0,0,0,0,0.594496
0,0,1,0,0,0,0,1,0,0,0,1,1,0,1,1,1,1,1,1,1,1,1,0,0,1,0,0,0,0,0,1,0.599611
1,1,1,0,1,0,1,1,0,1,1,1,0,0,1,0,1,0,1,0,0,1,1,0,1,1,0,1,0,1,0,0,0.595428
0,1,0,0,0,1,1,0,1,0,1,1,0,0,0,0,1,0,0,0,1,1,0,0,0,0,0,0,0,0,0,1,0.652201
0,1,0,1,0,0,0,1,1,0,1,0,1,0,1,1,1,1,0,1,0,1,0,0,1,1,0,1,1,0,0,1,0.598439
1,0,1,0,0,0,1,1,1,0,1,1,0,1,0,1,0,0,1,0,0,1,1,1,0,1,1,1,0,1,1,0,0.608989
1,0,0,0,1,0,1,0,1,1,0,0,0,0,0,1,1,1,0,0,0,0,1,1,0,1,1,0,0,1,0,0,0.613837
1,0,1,1,1,1,0,0,1,1,0,1,1,1,0,0,0,0,1,1,0,1,1,1,0,0,1,0,1,0,1,1,0.578804
0,0,0,0,1,1,1,1,0,1,0,0,1,1,1,1,1,1,0,1,1,0,0,0,0,0,1,1,0,1,1,0,0.590553
1,0,0,1,0,1,0,0,1,1,1,1,0,0,1,0,1,1,1,0,0,1,1,1,0,0,1,0,0,0,1,0,0.630541
0,0,0,0,1,0,1,0,1,0,0,1,1,1,0,1,1,1,0,0,0,0,1,0,1,1,0,1,1,0,1,1,0.552057
1,0,1,1,0,0,0,1,1,0,0,0,1,0,0,0,1,1,0,0,0,1,0,0,0,1,1,1,1,1,1,1,0.607870
1,1,1,0,1,0,1,0,0,0,1,1,1,0,0,0,0,1,1,0,0,0,1,1,0,0,0,1,1,1,1,1,0.610987
1,1,0,0,1,1,0,1,0,1,1,1,1,0,1,0,1,1,1,0,0,0,0,0,1,0,0,1,1,0,1,1,0.599798
1,0,0,0,1,0,1,1,0,1,1,1,1,0,0,0,0,0,0,0,0,0,0,1,0,0,1,0,0,0,0,0,0.591459
0,1,1,0,0,0,0,0,0,0,0,0,0,1,1,1,1,0,1,1,0,0,0,0,0,0,0,1,0,0,0,0,0.664908
0,0,0,1,0,1,0,0,0,0,0,0,0,0,0,1,1,1,1,0,0,0,1,1,1,0,0,0,1,0,1,1,0.667146
1,0,0,1,1,1,1,0,1,0,1,0,1,0,0,0,0,1,0,1,0,0,1,0,0,1,1,1,0,1,0,0,0.629263
0,1,1,1,1,1,0,0,0,0,1,1,0,0,1,1,0,1,1,0,1,1,1,0,1,0,0,0,0,1,1,1,0.627451
1,1,0,1,0,0,0,0,0,0,0,0,1,1,0,0,0,1,0,0,1,0,1,0,1,1,1,1,0,1,1,0,0.621723
0,1,0,1,1,1,0,1,1,0,1,1,0,0,0,0,0,1,0,0,1,1,1,0,1,0,0,0,0,1,1,0,0.626785
0,1,1,0,0,1,0,1,0,1,0,1,1,0,0,1,0,1,0,0,1,1,0,0,1,1,0,0,1,1,0,1,0.656783
0,0,0,1,0,1,1,0,1,0,0,0,0,1,1,0,1,1,0,1,0,1,0,0,0,1,1,0,0,1,1,0,0.630142
1,1,0,1,1,1,1,0,0,1,1,1,0,0,0,0,0,0,0,1,0,0,1,1,0,0,1,0,0,0,0,0,0.649084
1,0,1,1,1,1,0,0,1,1,1,1,1,0,1,0,1,0,1,0,1,0,0,0,1,1,0,1,0,1,1,1,0.586930
0,0,1,1,0,1,0,0,0,0,0,1,1,1,1,1,0,1,0,1,0,1,0,1,1,1,1,0,1,1,0,1,0.584692
0,0,1,1,1,0,0,0,1,0,0,1,0,1,0,1,1,1,1,1,0,1,0,1,0,0,0,1,0,1,0,1,0.628890
1,0,0,1,1,1,0,0,1,0,0,1,1,0,0,0,0,1,0,1,0,1,1,0,1,1,1,1,1,0,1,0,0.593590
0,1,0,1,1,1,1,1,0,1,0,1,0,0,0,1,1,1,1,0,0,0,1,0,1,1,1,0,0,1,0,0,0.608562
0,1,1,1,0,0,1,0,0,1,0,0,1,0,1,0,0,0,0,1,0,0,1,0,0,1,1,0,1,1,0,1,0.627318
1,0,0,0,0,1,1,0,1,1,1,0,1,0,1,1,1,1,0,1,1,1,0,1,0,0,1,1,0,1,1,1,0.544677
0,0,0,0,0,1,1,0,1,1,0,0,0,1,0,0,0,0,1,0,1,1,0,1,1,1,1,0,0,0,0,0,0.672288
1,0,1,1,0,0,1,1,1,1,1,0,0,1,1,0,0,0,0,1,1,0,0,1,0,1,0,1,1,0,1,1,0.614956
1,1,1,1,1,0,0,0,1,0,0,1,0,0,0,0,1,1,0,0,0,1,1,1,0,0,0,0,1,1,1,1,0.611866
1,0,1,1,1,1,1,1,1,0,0,0,1,0,1,1,1,0,0,0,1,0,1,0,1,1,0,1,1,0,1,0,0.609122
0,1,0,1,0,0,0,0,0,1,1,1,0,0,1,1,0,1,0,0,0,1,1,1,0,1,0,0,0,0,0,1,0.757220
0,1,1,1,0,1,0,1,1,0,1,1,0,1,0,1,1,1,1,0,1,0,1,0,1,0,1,1,0,0,1,0,0.630195
0,1,1,1,1,0,1,1,1,0,0,0,1,0,0,0,1,1,0,1,0,0,0,0,0,1,0,1,0,1,1,1,0.607497
1,1,1,0,1,0,0,0,1,1,1,0,1,0,1,0,0,1,1,0,0,0,0,0,1,1,0,0,1,1,0,1,0.721281
0,1,0,1,1,0,1,1,1,1,1,0,1,0,1,0,1,0,0,0,1,1,1,1,1,0,1,1,1,1,1,0,0.588688
1,1,1,1,0,1,1,0,0,0,0,0,0,1,1,0,0,0,1,0,1,1,1,0,1,0,1,1,1,0,0,0,0.621350
1,1,1,1,0,1,0,1,1,0,0,1,0,1,1,0,0,1,0,1,0,0,1,0,1,0,1,1,0,1,0,0,0.616288
0,1,0,0,0,0,1,1,1,1,0,0,0,1,0,1,0,1,0,1,1,0,1,0,0,1,1,1,1,1,0,0,0.642903
1,1,0,0,0,1,1,0,0,1,1,0,0,1,0,1,0,1,0,1,1,0,0,0,1,0,1,1,1,0,1,1,0.593670
0,0,1,1,0,0,0,1,1,0,1,0,1,0,1,0,0,1,1,0,1,0,1,0,1,1,1,1,1,1,1,0,0.607976
1,1,0,1,0,0,0,0,1,1,0,0,0,1,1,1,0,0,1,0,1,0,1,0,0,1,0,1,0,0,0,0,0.630222
1,0,1,0,1,1,0,1,1,1,0,0,0,1,1,0,1,1,0,0,1,0,0,0,1,1,0,0,1,1,1,0,0.634404
0,0,1,0,1,1,1,0,0,1,1,1,1,0,0,1,1,0,0,1,1,1,1,0,0,1,1,1,0,1,1,1,0.566097
0,0,1,0,0,1,1,1,1,1,1,0,1,1,0,0,0,0,1,0,1,0,1,0,1,0,1,0,0,0,1,0,0.626545
