1,0,1,1,1,1,1,1,1,0,0,0,1,0,1,1,1,0,0,0,1,0,1,0,1,1,0,1,1,0,1,0,0.608483
0,1,0,0,1,1,0,1,1,1,0,1,1,1,0,0,0,0,1,0,0,1,0,1,0,0,0,1,0,1,1,0,0.615329
1,0,0,0,1,0,0,1,0,0,0,1,0,1,0,1,0,0,1,1,1,0,0,0,0,0,1,0,1,1,1,1,0.616715
0,1,1,0,0,1,0,1,0,1,0,1,1,0,0,1,0,1,0,0,1,1,0,0,1,1,0,0,1,1,0,1,0.659340
1,0,1,1,0,0,0,1,1,1,0,1,0,0,1,0,0,1,0,1,1,0,1,0,0,0,1,1,1,0,1,1,0.638347
1,1,0,0,1,1,0,1,0,0,1,1,1,0,1,0,1,1,1,0,1,1,0,0,1,1,0,0,0,0,1,1,0.597453
0,0,1,0,1,1,1,0,0,1,1,1,1,1,1,0,1,1,0,0,0,0,0,1,1,1,0,1,1,1,0,0,0.641544
1,0,0,0,1,1,0,1,1,1,0,0,0,0,0,0,0,0,0,1,1,0,0,1,0,0,1,1,1,0,1,0,0.646446
0,1,0,1,0,0,0,0,0,0,0,1,1,0,1,0,0,0,1,1,0,0,1,1,0,0,1,0,1,1,1,1,0.671702
1,0,0,1,1,1,1,0,1,0,1,0,1,0,0,0,0,1,0,1,0,0,1,0,0,1,1,1,0,1,0,0,0.630994
1,1,1,0,1,0,0,0,1,0,1,0,1,0,1,1,0,1,1,0,1,0,0,0,1,0,0,1,1,1,1,1,0.627185
0,0,1,1,0,1,0,1,1,1,1,0,1,1,1,0,1,1,0,1,1,1,1,1,1,0,1,0,0,0,0,0,0.594309
1,1,0,0,0,0,1,1,0,0,1,1,0,0,0,0,0,0,0,1,1,1,1,0,0,0,1,0,0,0,1,0,0.665574
1,1,1,1,0,1,1,0,0,0,0,0,0,1,1,0,0,0,1,0,1,1,1,0,1,0,1,1,1,0,0,0,0.625666
0,1,1,0,1,0,1,0,0,0,1,1,1,1,1,0,1,1,0,1,0,1,1,0,0,1,1,0,0,1,0,1,0.586157
0,0,0,0,1,0,1,0,1,0,0,1,1,1,0,1,1,1,0,0,0,0,1,0,1,1,0,1,1,0,1,1,0.558557
0,0,0,0,0,0,1,0,1,0,0,0,1,1,0,0,1,0,1,0,0,0,0,0,1,0,0,0,0,1,0,1,0.664509
0,0,0,0,0,1,1,0,1,1,0,0,0,1,0,0,0,0,1,0,1,1,0,1,1,1,1,0,0,0,0,0,0.660299
0,1,0,1,0,1,0,0,0,0,1,0,0,1,0,0,1,1,0,0,0,0,1,0,0,1,1,1,0,1,0,1,0.692082
1,0,0,1,0,0,1,0,1,1,1,0,1,0,0,1,1,0,1,0,0,1,0,0,1,0,0,1,0,1,1,1,0.573503
1,1,0,0,0,1,1,1,0,1,0,0,0,1,0,1,1,1,1,0,1,1,0,0,1,0,0,0,0,0,1,0,0.617514
1,0,0,0,0,1,1,0,1,1,1,0,1,0,1,1,1,1,0,1,1,1,0,1,0,0,1,1,0,1,1,1,0.547181
1,1,0,1,0,0,0,0,1,1,0,0,0,1,1,1,0,0,1,0,1,0,1,0,0,1,0,1,0,0,0,0,0.633925
1,1,0,1,1,1,1,0,0,1,1,1,0,0,0,0,0,0,0,1,0,0,1,1,0,0,1,0,0,0,0,0,0.650655
1,0,1,1,1,0,1,1,0,1,0,1,1,1,1,0,0,0,1,0,0,0,0,1,1,1,0,0,0,1,1,1,0.589860
0,0,1,0,0,0,0,1,0,0,0,1,1,1,1,0,1,0,1,0,1,0,1,0,1,1,0,1,0,1,1,1,0.606857
1,1,1,1,1,0,0,0,1,0,0,1,0,0,0,0,1,1,0,0,0,1,1,1,0,0,0,0,1,1,1,1,0.611679
0,0,1,0,0,1,1,1,1,1,1,0,1,1,0,0,0,0,1,0,1,0,1,0,1,0,1,0,0,0,1,0,0.623428
1,0,1,1,1,1,1,0,1,1,0,0,0,0,1,1,1,1,1,1,0,1,1,0,0,0,1,1,0,1,0,0,0.636109
1,0,1,0,1,0,1,0,1,1,0,1,1,1,1,0,0,1,0,1,0,1,0,0,1,0,0,0,1,1,0,1,0.587116
1,0,1,0,0,0,0,1,1,1,0,0,1,1,0,1,0,0,0,1,1,1,0,0,1,0,0,0,0,0,1,1,0.633445
1,0,0,0,0,0,1,0,1,0,1,0,0,1,0,0,0,0,0,1,1,0,0,0,0,0,1,0,0,1,0,0,0.640185
0,1,0,0,1,0,1,0,1,0,1,0,1,0,1,1,1,1,0,0,0,0,1,0,1,0,1,0,1,1,1,0,0.626945
0,1,0,1,1,1,1,1,0,1,0,1,0,0,0,1,1,1,1,0,0,0,1,0,1,1,1,0,0,1,0,0,0.606777
0,1,0,0,0,0,1,1,1,1,0,0,0,1,0,1,0,1,0,1,1,0,1,0,0,1,1,1,1,1,0,0,0.638640
0,0,1,1,0,1,0,0,0,0,0,1,1,1,1,1,0,1,0,1,0,1,0,1,1,1,1,0,1,1,0,1,0.587116
1,0,1,1,0,0,0,0,0,0,1,0,0,0,0,1,1,0,1,0,0,1,1,1,0,1,1,0,0,1,0,0,0.643675
0,0,0,1,0,1,0,1,1,1,0,0,0,1,0,0,1,1,1,0,0,1,1,0,1,1,1,0,0,0,0,0,0.621057
0,1,1,0,0,1,0,0,0,1,1,1,0,1,1,0,1,1,1,0,0,0,0,0,0,0,1,0,1,1,1,0,0.682571
0,1,1,0,1,0,0,0,0,1,1,0,0,1,1,1,1,1,1,0,1,0,0,0,1,1,0,0,1,1,0,0,0.626199
1,1,0,1,1,1,0,0,0,1,1,1,0,0,0,0,1,0,0,1,0,0,0,1,0,0,1,1,0,1,0,0,0.641464
1,0,1,1,1,0,0,0,0,0,1,1,0,1,1,1,1,1,1,0,0,0,1,1,0,0,0,0,0,1,0,1,0.615303
0,0,0,0,0,0,1,0,0,0,0,1,0,0,1,0,0,0,0,0,1,1,1,1,0,1,0,1,0,1,1,1,0.676071
1,0,1,1,0,0,0,1,1,0,0,0,1,0,0,0,1,1,0,0,0,1,0,0,0,1,1,1,1,1,1,1,0.606831
1,0,0,1,0,1,0,0,1,1,1,1,0,0,1,0,1,1,1,0,0,1,1,1,0,0,1,0,0,0,1,0,0.627984
1,0,1,1,1,1,0,0,1,1,0,1,1,1,0,0,0,0,1,1,0,1,1,1,0,0,1,0,1,0,1,1,0.578325
1,1,1,0,1,0,0,0,1,1,1,0,1,0,1,0,0,1,1,0,0,0,0,0,1,1,0,0,1,1,0,1,0.725490
0,1,0,0,0,0,0,1,1,0,1,0,0,0,1,1,1,0,0,0,1,0,1,1,1,0,0,0,1,0,1,0,0.628543
1,0,1,0,0,0,1,1,1,0,1,1,0,1,0,1,0,0,1,0,0,1,1,1,0,1,1,1,0,1,1,0,0.608909
1,0,1,0,1,1,0,1,1,1,0,0,0,1,1,0,1,1,0,0,1,0,0,0,1,1,0,0,1,1,1,0,0.635443
0,0,0,1,0,1,0,0,1,1,1,1,1,0,0,0,1,1,0,0,0,1,0,1,1,1,0,0,1,0,1,1,0.614370
1,0,0,0,1,0,1,0,0,1,1,1,1,0,1,1,0,0,1,0,0,0,1,1,1,0,1,0,1,0,1,1,0.607870
0,0,1,1,1,0,0,0,0,1,1,0,1,1,0,1,1,1,1,1,0,1,0,0,0,1,1,0,0,0,1,0,0.608003
0,1,0,0,0,0,0,0,0,0,1,1,0,0,1,0,0,0,0,0,0,1,1,0,0,0,0,0,1,0,0,0,0.684783
0,0,1,1,1,0,1,0,1,0,1,1,0,1,1,0,0,1,0,1,0,0,1,0,1,1,0,1,1,1,0,0,0.623801
0,1,1,1,1,0,1,1,1,0,0,0,1,0,0,0,1,1,0,1,0,0,0,0,0,1,0,1,0,1,1,1,0.603820
1,0,1,1,0,0,0,0,1,0,0,0,0,0,0,1,1,0,1,0,1,0,1,1,0,1,0,0,0,1,1,1,0.610800
1,1,1,0,1,0,1,1,0,1,1,1,0,0,1,0,1,0,1,0,0,1,1,0,1,1,0,1,0,1,0,0,0.596281
0,0,0,1,0,1,1,0,1,0,0,0,0,1,1,0,1,1,0,1,0,1,0,0,0,1,1,0,0,1,1,0,0.627744
1,1,1,1,1,0,0,1,0,1,0,0,0,1,1,0,1,1,1,0,0,0,1,0,1,1,0,0,0,1,1,0,0.626012
0,1,1,0,0,0,0,0,0,0,0,0,0,1,1,1,1,0,1,1,0,0,0,0,0,0,0,1,0,0,0,0,0.666400
1,0,0,0,0,1,1,0,0,1,1,1,0,1,1,1,0,0,0,1,1,0,0,1,1,0,0,0,0,1,0,1,0.595029
1,1,0,1,0,1,1,0,0,1,1,0,0,1,0,1,0,0,0,1,0,1,0,0,1,1,0,1,1,0,1,1,0.607577
0,0,0,0,1,1,0,1,1,0,1,1,0,0,0,1,1,1,1,0,1,1,1,1,1,1,1,0,1,1,1,0,0.640399
0,0,1,1,1,0,0,0,1,0,0,1,0,1,0,1,1,1,1,1,0,1,0,1,0,0,0,1,0,1,0,1,0.628756
0,1,1,1,1,1,0,0,0,0,1,1,0,0,1,1,0,1,1,0,1,1,1,0,1,0,0,0,0,1,1,1,0.625773
0,1,0,1,0,0,0,1,0,1,1,1,1,0,1,0,1,1,1,1,0,0,0,1,0,0,0,1,0,0,0,1,0.628517
1,1,1,0,1,0,1,0,0,0,1,1,1,0,0,0,0,1,1,0,0,0,1,1,0,0,0,1,1,1,1,1,0.612905
0,1,1,0,1,0,0,0,1,0,1,1,1,0,0,1,1,1,1,1,0,0,0,1,0,0,0,0,1,0,0,0,0.597746
1,1,1,1,0,0,0,0,1,1,0,0,1,0,1,0,1,1,1,1,0,0,1,1,1,1,0,0,1,1,1,1,0.585997
0,1,1,0,0,1,0,1,0,0,1,0,0,1,1,1,0,1,0,1,0,0,1,1,0,1,1,1,1,1,0,1,0.699195
0,0,0,0,1,1,1,1,0,1,0,0,1,1,1,1,1,1,0,1,1,0,0,0,0,0,1,1,0,1,1,0,0.589621
1,0,0,0,1,0,1,1,1,0,0,0,0,1,0,1,1,1,0,0,1,1,1,0,0,1,0,0,0,0,1,0,0.589328
0,1,0,0,0,1,1,0,1,0,1,1,0,0,0,0,1,0,0,0,1,1,0,0,0,0,0,0,0,0,0,1,0.650442
0,1,1,1,0,0,1,0,0,1,0,0,1,0,1,0,0,0,0,1,0,0,1,0,0,1,1,0,1,1,0,1,0.621963
1,0,1,1,0,0,1,1,1,1,1,0,0,1,1,0,0,0,0,1,1,0,0,1,0,1,0,1,1,0,1,1,0.620311
0,0,0,0,1,1,1,0,0,0,1,1,0,1,0,1,1,0,0,0,0,1,0,1,0,1,1,1,1,0,1,1,0.610827
0,0,1,1,0,1,0,1,1,0,0,1,0,1,1,1,0,0,0,1,0,0,1,0,0,0,1,1,1,0,1,1,0.702526
1,1,0,0,0,0,1,1,1,0,1,0,0,0,0,1,0,1,1,0,0,0,0,1,0,0,1,0,0,1,1,1,0.616848
0,0,1,0,0,0,1,0,1,1,1,1,1,1,0,0,1,1,0,1,1,0,1,0,1,1,1,1,1,1,0,1,0.611866
0,0,1,0,0,0,0,1,0,0,0,1,1,0,1,1,1,1,1,1,1,1,1,0,0,1,0,0,0,0,0,1,0.601369
0,0,0,0,1,1,1,1,0,0,0,1,1,1,0,1,0,1,1,0,0,0,0,0,0,1,1,0,1,1,1,1,0.586051
1,1,1,0,0,1,1,1,1,1,1,0,1,0,1,0,0,1,0,0,0,0,0,0,1,0,1,0,0,0,0,1,0.611600
0,0,0,0,0,0,0,0,0,1,1,1,1,0,1,0,1,1,1,1,0,1,0,1,1,0,1,0,1,0,0,0,0.648284
1,0,1,1,1,1,1,0,1,1,1,1,1,1,0,1,1,1,0,0,0,1,0,0,1,0,0,0,0,1,1,0,0.650842
0,1,1,1,0,1,0,1,1,0,1,1,0,1,0,1,1,1,1,0,1,0,1,0,1,0,1,1,0,0,1,0,0.634804
1,0,0,1,1,1,0,0,1,0,0,1,1,0,0,0,0,1,0,1,0,1,1,0,1,1,1,1,1,0,1,0,0.598812
1,0,1,0,1,1,1,0,0,1,0,0,1,0,1,0,0,1,0,1,0,1,1,1,1,0,1,1,0,0,1,1,0.561727
1,1,1,0,1,0,1,0,0,0,1,0,0,1,1,0,0,0,1,1,1,0,0,1,1,1,1,0,1,0,0,0,0.618180
0,0,1,1,0,0,1,0,1,1,1,0,1,0,0,0,0,0,1,1,0,0,1,0,1,1,0,1,0,0,0,1,0.657715
0,1,0,1,0,0,0,0,0,1,1,1,0,0,1,1,0,1,0,0,0,1,1,1,0,1,0,0,0,0,0,1,0.752105
0,0,0,0,0,1,0,1,1,1,1,1,0,0,1,1,1,0,0,1,0,0,0,1,0,0,0,0,1,1,1,1,0.672128
0,1,1,0,1,1,1,1,0,0,0,1,1,1,1,1,0,0,1,0,0,0,0,1,1,1,1,1,1,0,0,1,0.551444
0,0,1,0,1,1,1,0,0,1,1,1,1,0,0,1,1,0,0,1,1,1,1,0,0,1,1,1,0,1,1,1,0.567802
1,0,0,0,1,0,1,0,1,1,0,0,0,0,0,1,1,1,0,0,0,0,1,1,0,1,1,0,0,1,0,0,0.614157
1,1,0,0,0,1,1,0,0,1,1,0,0,1,0,1,0,1,0,1,1,0,0,0,1,0,1,1,1,0,1,1,0.598492
0,0,0,1,1,1,0,0,0,1,0,1,0,0,0,0,1,0,0,0,1,0,0,0,0,0,1,1,1,0,1,1,0.654065
0,1,1,1,0,1,1,0,0,0,1,1,1,0,0,1,0,1,1,1,1,0,1,1,0,0,0,0,0,0,1,0,0.633419
0,1,0,1,0,0,0,1,1,0,1,0,1,0,1,1,1,1,0,1,0,1,0,0,1,1,0,1,1,0,0,1,0.599211
0,0,0,1,1,1,0,0,0,0,1,0,0,0,1,0,0,1,0,1,0,0,1,0,0,1,1,0,0,0,0,0,0.679801
1,1,0,1,0,0,0,0,0,0,0,0,1,1,0,0,0,1,0,0,1,0,1,0,1,1,1,1,0,1,1,0,0.621750
0,1,1,1,1,0,0,0,0,0,1,0,1,1,0,1,1,1,0,0,0,1,1,1,1,0,0,0,0,0,1,0,0.599798
1,1,1,1,0,0,0,1,0,0,0,0,1,1,0,0,1,0,1,0,0,1,1,0,1,1,0,1,1,0,1,1,0.592445
1,0,0,1,1,1,1,1,1,1,0,0,0,1,0,0,1,1,0,0,1,1,1,1,0,1,0,1,1,0,0,0,0.572544
0,0,0,1,0,0,1,1,0,1,1,0,0,1,1,1,0,0,1,0,1,1,1,0,1,1,1,0,0,1,0,1,0.588955
0,1,0,1,1,0,1,1,1,0,0,1,1,0,1,1,1,1,1,1,0,0,0,1,1,1,0,0,0,0,0,1,0.524057
1,1,0,0,1,1,1,1,0,0,1,0,1,0,1,0,1,1,0,0,1,0,0,0,1,0,0,1,0,0,1,1,0.583227
1,0,1,0,0,1,1,1,1,1,1,1,0,0,1,1,0,1,1,0,1,1,1,0,1,1,0,1,1,0,0,1,0.559010
1,1,0,1,1,1,1,0,1,0,1,1,1,0,1,1,1,0,1,1,0,0,1,1,0,0,0,0,0,0,1,0,0.629316
0,1,0,0,0,1,0,1,0,0,0,0,1,0,1,0,0,0,0,0,1,0,0,1,0,0,1,0,1,0,1,1,0.683211
0,1,0,1,1,0,1,1,1,1,1,0,1,0,1,0,1,0,0,0,1,1,1,1,1,0,1,1,1,1,1,0,0.586184
1,1,1,0,1,1,1,1,1,1,1,1,0,0,1,1,1,0,0,1,0,1,0,0,0,0,1,0,0,1,1,0,0.601876
0,1,1,1,0,0,0,1,0,1,0,1,0,1,0,0,0,1,0,0,1,1,0,1,0,0,1,0,1,1,0,0,0.756421
1,1,1,1,0,1,0,0,0,1,1,0,1,1,0,1,1,1,1,0,0,0,0,0,0,0,0,0,1,1,0,1,0.652973
0,0,1,1,1,1,1,1,1,1,1,1,1,0,0,1,1,1,1,1,0,1,0,1,1,0,1,0,1,0,0,1,0.562100
1,1,1,1,0,1,0,1,0,0,1,1,0,0,1,1,0,1,0,1,0,0,1,1,1,0,0,0,1,1,1,0,0.582321
0,0,0,1,0,1,0,0,0,0,0,0,0,0,0,1,1,1,1,0,0,0,1,1,1,0,0,0,1,0,1,1,0.660246
0,0,1,1,0,0,0,1,1,0,1,0,1,0,1,0,0,1,1,0,1,0,1,0,1,1,1,1,1,1,1,0,0.609761
1,1,0,0,1,1,0,1,0,1,1,1,1,0,1,0,1,1,1,0,0,0,0,0,1,0,0,1,1,0,1,1,0.599558
1,0,1,0,1,1,1,0,1,1,1,0,1,1,1,1,0,1,1,1,1,1,0,1,0,0,1,1,1,0,0,1,0.544571
1,0,1,0,1,1,1,1,1,0,1,0,0,1,0,0,0,1,0,0,0,1,1,0,1,1,0,1,1,1,0,1,0.574329
1,0,0,0,1,0,1,1,0,1,1,1,1,0,0,0,0,0,0,0,0,0,0,1,0,0,1,0,0,0,0,0,0.584985
1,1,1,1,0,1,0,1,1,0,0,1,0,1,1,0,0,1,0,1,0,0,1,0,1,0,1,1,0,1,0,0,0.619832
0,1,0,1,1,1,0,1,1,0,1,1,0,0,0,0,0,1,0,0,1,1,1,0,1,0,0,0,0,1,1,0,0.624947
1,1,1,0,1,0,1,1,1,0,0,0,0,0,1,1,0,0,1,0,1,1,0,1,0,1,0,0,0,0,1,1,0.613012
1,0,1,1,1,1,0,0,1,1,1,1,1,0,1,0,1,0,1,0,1,0,0,0,1,1,0,1,0,1,1,1,0.593057
0,1,0,0,0,0,1,0,1,0,0,1,0,0,0,1,1,0,1,1,1,0,0,0,0,1,0,1,1,0,1,0,0.632113
0,1,1,1,1,1,1,1,0,1,0,1,0,0,0,1,1,0,1,1,0,0,1,1,1,0,0,0,0,0,1,1,0.662644
