1,0,0,1,1,1,1,0,1,1,0,0,1,0,1,1,0,1,0,0,0,0,0,0,0,1,0,0,1,1,0,0,0.622389
1,0,0,1,1,0,1,0,0,1,1,1,0,1,1,1,0,1,1,0,0,1,0,1,0,1,0,0,0,1,0,1,0.878357
0,0,0,1,0,1,0,0,1,0,1,1,1,1,0,1,0,0,1,1,0,1,1,0,0,1,0,1,1,1,1,0,0.500293
0,1,0,1,1,1,0,0,0,1,0,1,1,0,0,0,1,0,1,1,1,0,1,0,1,0,0,1,1,1,1,1,0.709559
1,1,1,1,0,1,1,0,0,0,1,1,0,0,1,1,0,0,1,1,1,1,0,1,1,1,0,1,1,0,0,0,0.826939
1,0,0,0,1,0,0,1,1,1,0,0,1,1,1,0,1,0,0,1,1,0,1,1,1,1,0,0,0,0,0,1,0.735667
0,0,0,0,1,0,1,0,0,1,1,0,1,0,1,0,1,0,1,1,0,0,0,1,1,1,0,0,0,1,1,0,0.446185
0,1,0,0,1,1,0,0,0,0,1,0,0,1,1,0,1,0,0,1,1,0,1,0,0,0,0,0,1,1,1,0,0.537884
1,0,1,0,1,1,0,1,0,0,0,1,1,1,1,1,1,1,1,1,0,0,1,1,0,0,0,1,0,0,1,1,0.826380
1,1,0,1,1,1,0,0,1,1,1,1,0,0,1,0,1,0,0,1,1,1,1,1,0,1,1,1,1,1,1,0,0.720695
0,0,0,1,0,0,0,1,1,0,1,0,1,1,1,0,1,1,0,1,1,0,0,0,0,0,0,1,1,1,1,1,0.737345
0,0,1,1,0,0,0,0,0,0,1,1,0,1,0,1,1,1,0,0,0,0,1,0,1,0,1,1,1,1,0,0,0.462489
1,0,0,1,0,1,0,1,0,0,0,0,1,0,1,0,1,1,0,0,0,0,1,1,0,1,0,1,1,0,0,1,0.665654
0,0,1,1,0,1,0,0,0,0,1,1,1,0,0,1,0,0,1,0,0,0,1,1,1,1,1,1,0,1,0,1,0.836211
0,0,1,0,0,1,0,1,1,1,0,1,1,0,0,0,0,1,1,0,0,1,0,1,0,0,0,0,1,1,0,1,0.789482
0,1,1,1,0,1,1,1,0,1,0,0,1,0,0,0,1,0,0,1,0,1,0,0,0,1,0,1,0,1,0,0,0.540335
0,1,1,1,0,0,0,0,0,1,0,1,0,0,1,0,0,1,0,0,1,1,0,1,0,0,1,1,1,0,1,1,0.711797
0,0,0,0,1,0,1,0,1,1,1,0,0,1,1,1,0,1,1,1,0,1,1,1,0,0,0,1,0,0,0,1,0.752078
1,0,0,1,1,1,0,1,1,1,1,0,0,1,1,1,0,1,1,1,1,0,1,0,1,1,0,1,1,0,0,1,0.752957
0,1,0,0,1,1,1,1,1,0,0,1,0,0,1,0,1,1,0,0,1,0,0,1,0,0,0,1,0,1,0,1,0.701060
0,1,1,0,0,1,0,1,1,1,1,0,0,1,0,0,0,1,0,0,1,1,1,0,1,0,1,0,0,1,1,0,0.598199
1,0,1,1,1,1,0,0,1,0,1,0,1,1,1,1,0,1,1,0,0,1,1,0,1,0,1,1,0,1,0,1,0.790841
0,0,1,0,1,1,1,1,0,0,0,1,0,1,1,0,1,0,0,1,1,1,0,1,0,1,1,0,0,1,0,0,0.551337
1,0,0,1,0,1,1,0,0,1,0,1,0,1,1,0,0,0,1,1,1,0,1,0,1,0,1,1,0,0,0,1,0.620951
0,0,0,0,0,0,0,1,0,0,0,0,0,1,1,1,0,1,1,0,0,0,1,1,0,0,1,0,1,1,1,1,0.946665
0,0,0,0,1,0,1,0,1,0,0,1,1,1,0,1,0,1,0,1,0,0,0,1,0,1,0,1,0,0,1,0,0.278986
1,0,1,1,0,1,1,1,1,0,1,0,0,1,0,1,1,1,1,0,0,1,0,1,1,1,0,0,1,1,1,0,0.763827
0,0,1,0,0,0,0,0,0,1,1,0,1,1,0,0,1,1,1,0,0,0,0,1,1,0,1,0,0,0,0,1,0.680573
1,1,0,0,0,1,1,1,1,0,0,1,0,1,1,1,1,0,1,1,0,1,1,1,1,1,0,0,1,0,0,0,0.863091
1,0,1,0,0,0,0,1,1,0,0,1,1,1,0,0,0,1,0,1,1,0,0,1,1,0,0,0,1,0,1,0,0.647512
1,1,0,0,1,0,0,1,0,1,1,1,0,0,1,1,0,0,0,1,1,1,0,1,1,1,1,1,0,1,1,0,0.752717
1,0,0,1,0,1,0,1,0,1,1,1,0,0,0,0,1,0,0,1,1,0,1,0,1,0,0,0,0,0,1,1,0.676018
0,0,0,0,0,0,1,0,1,1,1,0,1,1,0,1,0,1,1,1,1,1,0,0,1,0,0,0,0,1,1,1,0.874334
0,0,1,0,0,0,1,1,0,0,0,1,0,0,1,1,0,0,1,0,0,0,1,0,1,1,0,0,0,1,1,1,0.848013
1,0,0,1,0,0,1,1,1,0,1,0,1,1,0,1,1,1,1,1,1,0,0,1,0,1,0,1,0,0,1,0,0.621377
1,1,0,0,0,0,0,1,1,1,1,0,0,0,1,0,0,1,0,0,0,1,1,1,0,1,1,1,0,1,0,1,0.797741
1,1,1,0,0,1,1,1,0,0,0,0,0,1,1,1,1,1,0,1,1,1,1,0,1,1,0,1,0,1,1,0,0.715740
0,1,1,1,1,0,1,1,0,0,1,0,0,1,0,0,0,1,1,1,1,1,0,0,0,1,1,0,1,1,1,0,0.596228
1,0,1,0,1,1,1,0,1,0,1,0,0,0,1,1,0,0,1,1,0,1,1,1,1,1,1,1,1,0,0,1,0.822517
1,0,1,0,0,1,0,1,1,0,1,1,1,1,0,0,1,0,0,0,0,1,0,0,0,1,1,1,0,0,1,1,0.670849
0,1,0,1,0,1,1,1,0,0,1,0,1,1,1,1,1,0,0,0,1,0,0,0,0,1,0,1,0,0,1,0,0.576380
1,1,1,1,0,0,1,0,1,0,0,0,1,0,0,1,1,1,0,0,0,1,0,1,1,0,0,1,1,1,1,0,0.798913
0,1,1,0,0,0,0,1,0,0,0,0,1,1,0,0,1,1,0,1,1,1,1,0,0,1,1,1,0,0,1,0,0.547714
0,0,0,1,0,1,1,0,1,1,0,0,1,0,0,1,1,0,1,1,0,0,1,1,1,0,1,1,1,0,0,0,0.569160
0,0,1,0,1,1,0,1,0,1,0,0,1,0,1,1,0,0,0,1,0,0,0,0,1,0,1,1,0,0,0,0,0.288043
1,1,1,1,1,0,1,0,0,1,1,0,0,1,1,1,1,1,1,1,0,0,0,1,1,0,1,1,0,1,0,0,0.710971
0,0,1,0,1,0,0,0,1,0,1,0,0,1,1,0,0,0,0,0,0,0,0,0,0,0,0,1,1,0,0,1,0.542972
1,0,1,0,1,1,0,0,1,1,1,0,1,1,0,0,1,1,1,1,0,1,0,1,1,0,1,1,0,1,1,1,0.816736
1,1,1,1,1,0,0,0,0,0,1,1,0,1,0,1,1,1,0,1,1,1,0,1,0,1,0,0,0,1,0,0,0.664056
0,1,1,1,0,1,1,1,0,0,1,1,1,1,0,0,1,1,1,0,1,1,0,0,1,0,1,0,0,1,0,1,0.799606
1,1,1,1,1,0,0,0,0,0,1,0,1,1,1,1,1,0,1,0,0,1,1,0,0,1,0,0,0,1,0,0,0.799526
0,1,0,1,1,1,0,1,0,1,1,0,0,0,1,1,1,0,1,1,0,0,0,1,1,0,1,0,0,0,1,0,0.603341
0,1,0,1,0,1,1,1,1,0,0,0,0,1,0,0,1,1,1,1,1,1,0,1,0,0,0,0,1,0,0,1,0.759564
0,1,1,1,1,1,0,0,1,1,1,1,1,1,1,1,0,1,0,0,1,0,1,1,1,0,0,0,0,0,0,0,0.583893
0,0,0,0,0,0,0,1,0,0,1,0,0,0,1,0,1,1,0,1,1,1,1,0,0,0,1,0,1,1,1,0,0.315457
0,1,1,1,1,1,1,1,1,1,0,0,1,1,0,1,1,1,1,1,1,0,0,1,0,1,0,1,1,0,0,0,0.629156
0,0,0,1,0,0,1,1,0,0,1,0,0,1,1,1,1,1,1,1,0,1,1,0,1,1,1,0,1,1,0,0,0.477142
1,0,1,1,1,1,0,0,0,0,0,0,0,1,1,0,0,1,1,0,1,1,1,0,0,1,0,1,0,1,0,1,0.746670
0,0,1,0,0,1,1,0,1,0,1,1,1,1,1,0,0,1,0,1,0,0,0,0,1,0,0,0,1,1,1,0,0.409953
1,0,1,1,1,0,1,0,0,0,0,0,0,1,0,1,1,0,0,0,0,0,0,0,0,1,0,0,1,1,0,0,0.745444
0,0,0,1,1,1,0,0,0,1,0,1,1,0,0,1,1,0,0,1,0,1,0,1,1,1,1,0,1,0,1,1,0.851742
0,1,1,0,1,0,1,0,0,0,0,1,1,0,0,1,1,0,1,0,0,0,1,0,1,1,1,1,0,0,1,0,0.595668
1,1,1,0,1,0,0,1,0,0,0,1,0,1,0,0,1,1,1,0,1,0,1,0,1,1,1,1,1,0,0,0,0.785273
0,1,0,1,0,0,0,1,0,1,1,1,0,1,1,1,1,0,1,1,0,1,0,1,1,1,0,1,0,0,0,0,0.647112
0,1,0,0,1,0,0,1,0,1,0,1,1,1,0,1,1,0,0,0,0,0,0,0,0,1,0,1,1,1,1,1,0.795663
1,1,0,1,1,0,1,0,1,0,0,0,1,0,0,1,1,0,0,1,1,0,0,0,1,0,0,1,0,1,1,1,0.837569
0,0,0,1,0,0,0,1,0,0,1,1,1,1,1,1,0,1,0,1,1,0,1,1,1,1,1,0,1,0,1,0,0.592152
1,0,0,1,0,0,0,0,0,1,0,1,1,0,0,1,1,1,0,0,1,0,0,0,1,1,1,1,1,1,0,1,0.699036
0,1,1,1,0,0,0,0,1,0,0,0,1,0,1,0,1,1,1,1,0,1,1,1,0,0,0,1,1,0,0,0,0.538283
1,0,0,0,0,1,1,0,1,1,0,1,0,1,1,1,1,0,1,1,0,1,1,0,1,0,1,0,0,1,0,0,0.649803
1,0,0,1,0,0,1,0,0,0,0,0,1,0,1,1,0,0,0,1,1,1,1,1,1,0,1,0,0,0,1,0,0.588342
1,1,0,0,1,1,0,1,1,0,0,1,1,1,1,0,1,0,1,1,1,0,1,1,0,0,1,0,1,1,0,1,0.784660
0,1,0,0,0,1,1,0,0,0,1,1,0,1,0,0,1,0,0,1,0,1,1,0,1,1,0,0,1,1,0,1,0.724025
1,0,0,0,1,0,0,0,0,1,1,0,0,0,0,1,1,0,0,1,1,1,0,0,0,0,1,0,0,0,0,0,0.768462
1,0,0,0,0,1,0,1,1,0,1,0,0,1,0,0,0,1,0,0,1,1,0,0,0,0,0,1,1,0,1,0,0.632619
0,1,1,0,1,0,1,0,1,1,0,1,0,1,0,0,0,0,1,0,0,1,1,1,1,0,0,0,1,1,1,0,0.655477
1,0,0,1,1,1,0,1,0,0,0,1,0,0,1,1,0,0,1,1,0,1,1,1,0,1,1,1,1,1,0,0,0.696718
0,1,0,0,1,0,0,0,1,1,0,1,1,0,0,1,0,0,1,0,0,0,1,1,1,0,1,1,1,0,0,1,0.711264
1,0,1,1,1,0,1,0,1,0,0,0,0,1,1,0,0,1,1,0,1,1,1,1,1,1,1,0,0,1,0,0,0.745018
0,1,1,1,0,1,1,0,1,0,1,1,1,1,0,1,0,1,1,1,0,0,1,0,1,1,0,0,0,1,0,1,0.771952
0,1,1,0,0,1,1,1,0,1,1,0,1,0,0,0,1,0,0,1,0,1,0,0,0,1,1,1,1,0,1,0,0.567695
1,1,1,0,1,1,1,0,1,0,0,0,1,1,1,1,0,1,1,0,1,0,1,0,1,1,0,0,0,0,1,0,0.861333
1,0,1,0,0,0,1,0,0,1,0,1,0,1,1,1,1,1,0,1,1,1,1,1,1,1,0,1,0,0,0,0,0.739850
0,0,1,1,0,1,0,0,0,0,1,1,1,1,0,1,0,0,1,1,1,0,1,1,0,0,0,1,1,0,1,1,0.831655
1,0,1,0,0,1,0,0,1,1,0,1,0,0,1,0,0,0,0,1,0,0,0,1,1,0,0,1,0,0,0,0,0.704444
0,1,1,0,0,0,1,0,0,1,1,0,1,0,1,1,0,1,0,1,0,0,0,0,1,1,0,1,0,1,1,0,0.506021
1,1,0,0,0,1,0,1,0,0,0,0,0,0,1,0,1,1,1,0,0,1,1,0,1,1,0,0,0,1,0,1,0.749387
1,1,0,1,1,0,0,0,0,1,1,1,1,0,1,0,0,1,0,1,1,0,0,1,0,1,1,0,1,1,0,0,0.721387
0,1,0,1,1,0,1,0,0,1,0,1,1,0,1,0,1,0,1,1,1,1,1,0,0,1,1,1,0,1,0,0,0.617940
1,1,1,0,1,1,0,0,1,1,1,1,1,0,1,1,1,1,0,1,1,0,1,1,0,0,0,1,0,1,0,0,0.710758
1,0,1,1,0,1,0,0,1,0,0,0,1,1,0,1,0,1,1,0,0,0,0,0,0,0,0,0,0,0,0,0,0.788443
0,1,0,0,0,1,1,1,0,1,1,0,1,0,0,0,1,0,1,0,1,1,1,0,0,1,1,0,1,1,1,0,0.549686
1,0,0,1,1,1,0,0,1,1,1,1,0,1,1,1,1,1,1,1,0,0,1,1,0,0,0,0,1,1,1,1,0.980952
0,1,0,1,1,0,0,0,0,0,0,0,0,0,0,1,0,0,0,1,1,1,1,1,1,0,0,1,0,1,0,1,0.841086
1,0,1,1,0,0,1,1,0,1,1,1,1,1,0,1,0,1,1,0,1,0,1,0,0,1,0,1,1,1,0,1,0.786738
1,1,0,1,0,1,0,0,0,1,1,0,0,0,1,0,1,0,1,0,1,0,0,0,0,1,0,1,0,1,1,1,0.720721
1,0,0,1,0,0,1,0,1,1,1,1,1,1,0,0,0,0,1,1,1,0,1,0,0,1,1,1,0,0,0,1,0.720935
0,0,0,0,1,1,1,0,1,1,0,0,0,0,1,1,0,1,0,1,0,1,1,1,1,0,0,0,1,1,0,0,0.494325
1,1,1,0,1,0,0,0,1,0,0,1,1,0,1,0,1,0,0,0,0,0,1,1,0,1,0,1,1,0,0,0,0.766171
1,0,0,0,0,1,1,0,1,0,0,0,0,0,0,1,1,1,1,0,1,1,0,1,0,0,1,1,1,0,1,1,0.799339
0,0,1,0,1,0,1,1,0,0,1,1,1,0,1,1,0,0,1,0,1,0,0,0,0,1,1,0,1,0,1,1,0.811754
0,0,0,1,1,0,1,1,1,1,1,0,0,1,0,0,0,0,0,0,0,1,1,0,1,0,0,0,0,1,1,1,0.815191
0,0,0,0,1,1,1,1,1,0,1,0,0,0,1,0,1,1,1,1,1,0,0,1,1,1,1,0,0,1,0,0,0.549473
0,0,1,0,1,1,1,1,0,1,1,0,0,1,1,1,0,0,0,0,1,0,1,0,1,1,0,0,0,0,1,1,0.792386
0,0,0,0,1,0,0,0,1,1,0,1,1,1,1,0,0,1,1,0,1,1,1,1,0,1,1,1,1,1,1,0,0.328511
1,0,1,0,0,1,1,0,1,0,0,1,1,1,0,0,1,0,0,0,0,0,1,0,1,1,0,1,0,1,0,0,0.718564
0,1,0,1,0,0,0,1,0,0,1,0,0,1,0,1,0,1,1,0,0,0,0,0,0,0,1,1,0,1,0,1,0.703431
0,1,0,0,0,1,0,0,1,1,0,0,0,0,0,0,1,0,0,1,1,0,0,0,0,0,0,0,1,0,1,1,0.683664
0,1,1,0,0,1,0,1,0,0,1,1,1,1,1,0,0,1,1,1,0,0,1,0,0,1,0,0,0,1,1,1,0.791400
0,0,0,0,1,0,1,0,0,1,1,1,1,1,0,0,1,1,0,0,1,0,1,0,1,0,0,0,1,1,0,0,0.488598
1,1,1,1,0,0,1,1,1,0,1,1,1,1,0,0,1,1,0,0,0,1,1,0,0,0,1,0,0,0,1,0,0.812500
1,1,0,0,1,1,1,0,0,0,0,1,1,0,0,1,0,0,0,1,1,1,1,0,0,1,1,1,1,1,1,1,0.845428
1,1,1,0,0,1,1,1,0,1,0,0,1,0,1,1,0,0,1,0,0,0,0,0,1,0,1,1,0,1,1,1,0.818228
0,0,1,1,0,1,1,0,0,0,0,0,1,0,0,1,1,1,1,0,0,1,1,0,1,1,0,0,1,0,0,0,0.531197
0,0,1,1,1,0,0,0,1,1,1,0,0,0,0,0,1,0,1,1,0,0,1,0,0,1,0,1,1,1,1,0,0.597826
1,0,0,1,1,0,0,1,1,0,0,0,0,1,1,0,1,1,1,0,1,0,0,0,0,1,1,0,0,0,1,0,0.670796
1,1,0,0,0,1,1,0,0,0,0,1,1,1,1,1,0,1,0,0,0,0,0,1,1,0,1,0,0,1,1,1,0.921728
1,1,1,0,1,0,1,1,0,0,1,0,1,1,1,1,0,0,0,1,0,0,1,0,1,1,1,1,0,1,0,0,0.682598
0,0,0,1,1,0,1,1,0,1,0,1,1,0,1,1,0,1,1,1,1,1,0,1,1,1,1,1,1,0,1,1,0.835278
1,1,1,1,1,0,0,1,0,1,1,0,1,1,1,1,0,1,0,0,1,1,1,0,0,1,0,1,1,0,1,0,0.711584
0,1,0,1,0,0,1,0,0,0,1,1,0,1,0,0,0,0,1,1,0,1,0,0,0,1,0,0,0,0,1,0,0.235614
1,0,1,0,0,1,1,1,0,1,1,1,1,1,0,0,1,1,0,1,0,0,1,0,1,0,0,0,0,1,0,0,0.769155
1,0,0,1,1,0,1,1,0,0,0,1,1,1,0,1,1,0,1,1,0,1,1,0,1,1,0,1,0,0,0,0,0.651641
1,1,0,0,1,1,0,1,1,0,1,0,0,0,0,0,0,0,0,1,1,0,0,0,0,1,1,0,0,1,1,0,0.665068
1,0,0,1,1,1,1,1,1,1,1,1,0,1,1,0,0,0,1,0,0,1,0,0,1,1,0,0,1,0,0,0,0.844203
0,1,1,1,0,1,0,0,1,1,1,1,1,1,1,0,1,1,0,1,1,1,1,0,1,0,0,1,1,0,1,0,0.646739
0,0,1,0,0,1,0,0,1,0,0,1,0,0,1,0,0,1,1,0,0,0,0,1,1,0,1,0,0,0,0,0,0.328778
1,0,0,0,1,1,1,0,0,1,1,1,0,1,0,1,1,1,1,0,0,0,1,1,0,1,1,1,0,1,0,0,0.684090
