0,0,0,1,1,1,1,0,0,1,0,0,0,1,0,0,1,1,1,0,0,0,1,0,0,1,0,0,0,1,1,0,0.604655
0,1,0,1,1,0,1,1,0,1,0,1,1,0,1,1,0,0,0,1,0,0,1,1,0,0,0,0,1,0,1,1,0.674901
1,1,0,0,1,0,1,1,0,1,1,1,1,0,0,1,0,1,0,0,0,1,1,0,0,1,0,1,1,0,1,1,0.621909
0,1,0,1,1,0,1,1,1,1,1,1,1,0,0,1,1,0,1,1,0,1,1,0,1,0,1,1,1,0,0,1,0.626373
1,0,1,0,1,0,0,0,0,1,1,1,0,0,1,0,0,0,0,1,0,0,0,1,0,1,0,0,0,1,1,1,0.595651
1,1,1,1,0,1,0,0,1,0,0,1,0,0,0,1,0,1,0,0,0,1,0,0,0,0,1,0,0,0,1,1,0.626423
0,0,1,0,1,1,0,0,0,1,0,1,1,1,1,0,0,0,1,0,0,1,1,0,0,0,1,1,1,0,0,0,0.536866
0,0,0,0,1,0,0,0,0,0,0,1,1,1,1,0,0,1,0,0,0,1,0,0,0,1,0,1,1,0,0,0,0.493179
0,1,0,1,0,1,0,1,1,1,1,0,0,0,0,0,1,0,0,0,1,0,1,1,1,1,1,1,1,1,0,0,0.633370
0,1,1,0,0,0,1,0,1,1,1,0,1,1,0,1,1,0,1,0,0,0,0,1,1,0,0,1,0,0,0,1,0.607263
0,1,1,0,0,0,1,1,1,1,1,0,0,0,1,1,1,0,1,1,0,0,1,0,0,0,0,0,1,1,1,1,0.622411
1,1,1,1,1,0,1,1,0,1,0,0,1,1,1,1,1,0,0,1,0,1,0,0,0,0,0,0,1,1,1,1,0.606786
0,0,0,1,1,0,0,0,1,1,0,0,0,1,1,0,0,1,1,0,1,1,0,0,0,0,1,0,0,1,1,0,0.547876
0,1,0,0,0,1,0,0,1,1,0,1,1,0,1,0,0,1,0,1,1,1,1,0,0,0,0,0,1,1,0,0,0.621708
0,0,1,1,0,0,0,1,0,1,0,0,0,0,1,0,0,1,0,0,0,1,1,0,1,0,1,0,1,0,0,1,0.565356
0,0,1,1,1,0,1,1,1,1,0,1,0,1,1,1,1,0,0,0,0,0,1,0,1,1,1,1,1,1,1,1,0.875483
0,0,0,0,0,1,0,0,1,1,0,0,1,0,1,0,1,1,1,0,0,1,1,0,1,0,0,1,1,1,0,1,0.644279
0,0,1,0,1,0,0,1,0,0,0,1,1,0,0,0,0,1,0,0,0,1,1,0,1,1,1,1,0,1,0,0,0.582535
1,1,1,1,0,0,0,1,0,1,0,0,1,0,0,0,1,0,1,1,1,1,0,1,0,0,0,1,1,1,0,0,0.613533
0,1,0,1,0,0,0,0,0,0,0,0,1,1,0,0,0,0,1,1,0,0,1,0,0,0,1,0,0,1,0,1,0.535412
0,0,0,1,1,1,0,0,0,0,1,1,0,0,0,0,0,0,0,0,1,0,1,1,0,1,0,1,0,1,0,1,0.544866
1,0,1,1,0,0,1,0,1,0,0,0,0,1,1,0,1,1,1,0,0,1,1,1,1,1,1,1,1,1,1,1,0.813212
1,0,0,1,1,0,1,1,0,0,1,1,1,1,0,1,1,0,0,0,1,0,0,1,0,1,0,1,1,1,0,1,0.635402
1,1,1,0,0,1,1,0,0,1,0,1,1,1,1,0,0,0,1,0,0,0,1,1,0,0,0,0,0,1,1,1,0.588579
0,0,1,1,1,1,0,0,0,0,0,0,1,0,0,1,0,0,1,1,1,0,0,1,0,0,1,0,0,0,1,1,0.604956
0,1,1,1,1,0,0,0,0,1,0,0,1,1,1,1,1,0,1,1,1,1,1,1,1,0,0,0,1,0,0,0,0.594498
1,1,0,0,1,1,0,0,1,1,0,0,1,0,1,1,1,1,0,0,1,0,0,1,0,0,0,0,1,0,1,1,0.641897
0,0,1,1,0,1,0,1,1,0,1,1,1,1,1,0,1,0,0,1,0,1,0,0,0,1,0,0,0,1,1,1,0.599890
0,1,1,0,1,0,1,1,0,1,1,0,0,1,0,0,1,1,0,1,0,1,0,1,0,1,0,1,0,1,1,1,0.642022
0,1,1,1,1,1,1,1,0,0,0,1,1,0,0,0,0,1,1,0,1,0,1,0,0,1,0,1,0,1,1,1,0.623790
0,1,0,0,0,1,1,1,0,0,1,1,0,1,1,1,1,1,1,1,1,0,0,1,0,0,1,1,0,1,1,0,0.644104
0,1,0,0,1,0,0,0,0,1,1,1,0,1,0,0,1,1,0,1,1,1,0,1,1,0,0,0,1,0,1,1,0.679566
0,0,0,0,1,0,0,1,0,1,0,0,0,0,0,0,1,1,1,0,0,1,0,1,0,0,1,0,1,0,0,0,0.633069
0,1,0,1,0,1,1,1,1,0,0,0,0,1,1,1,1,0,0,1,0,1,1,1,0,0,0,0,1,1,1,0,0.623514
0,1,0,1,1,1,1,0,0,0,1,1,1,1,0,1,0,1,0,0,1,1,1,0,1,1,0,1,0,1,1,1,0.638210
0,0,1,1,1,0,1,1,1,0,1,0,1,0,1,0,1,0,1,0,1,1,1,1,1,0,0,1,0,0,1,0,0.611225
0,0,1,0,1,1,0,1,0,0,1,1,1,1,1,0,0,0,0,0,1,0,0,1,0,1,0,1,1,1,0,1,0.591664
1,1,1,1,1,1,1,1,0,0,1,0,1,1,1,0,1,0,0,1,1,0,1,0,1,1,1,1,1,1,0,0,0.620254
1,0,0,1,0,1,1,0,1,0,0,0,1,1,1,1,0,0,1,0,1,1,0,1,0,1,0,0,1,1,0,1,0.620755
1,1,1,0,0,1,0,0,1,1,1,0,0,1,0,0,0,1,1,0,1,0,0,1,0,0,1,1,0,0,1,0,0.623589
1,0,1,1,1,0,0,0,1,1,1,0,1,1,0,0,1,1,0,1,0,1,1,0,0,1,1,0,1,1,1,1,0.648919
1,0,0,1,1,1,0,1,1,0,1,0,1,0,0,1,1,1,0,0,0,1,0,0,0,1,1,0,0,0,1,0,0.597883
0,1,0,1,1,1,0,0,0,0,0,0,0,0,1,0,1,1,0,0,0,0,1,0,0,0,0,1,0,0,0,0,0.594999
0,1,0,1,0,0,1,0,1,1,1,0,0,1,0,1,1,0,0,0,1,1,0,1,1,0,0,1,0,0,1,0,0.608467
0,0,0,1,0,1,0,0,0,1,0,0,0,0,0,1,0,0,1,0,1,1,0,1,0,1,0,1,0,0,1,1,0.563901
1,1,1,1,1,0,1,1,0,1,1,1,1,0,0,1,0,1,1,1,0,0,1,1,1,1,1,0,1,1,0,1,0.620480
0,1,1,0,1,1,0,0,1,0,1,1,1,0,0,1,0,1,0,0,0,1,0,0,0,0,0,1,0,1,0,1,0.608291
1,1,0,0,0,1,0,0,1,0,0,0,0,1,0,1,0,1,1,1,1,1,1,1,0,0,1,0,0,0,1,1,0.656493
1,1,0,1,1,0,0,0,0,1,1,1,1,0,1,1,1,1,0,1,1,0,1,0,0,0,0,0,0,0,1,1,0.609420
1,1,1,0,0,0,0,0,1,1,1,1,1,0,0,1,0,0,1,1,1,0,0,0,0,0,1,0,1,1,1,1,0.670437
0,1,1,1,1,0,1,1,1,0,0,1,0,1,1,1,0,1,1,1,1,1,1,1,0,1,0,0,0,1,0,1,0.650399
1,0,1,1,0,1,0,1,1,0,0,1,0,0,1,0,1,1,0,0,0,1,0,1,0,1,1,1,0,0,0,0,0.665923
1,1,1,0,0,1,0,0,0,0,1,0,0,0,1,0,0,0,1,1,1,1,0,0,1,0,0,0,0,0,1,0,0.707303
0,1,0,1,1,0,1,0,1,1,1,0,0,1,0,0,0,0,1,1,1,1,1,1,1,1,0,0,1,1,1,0,0.649496
1,0,1,0,1,0,1,1,0,1,1,0,1,1,1,0,1,1,0,0,0,1,0,0,1,0,0,1,0,0,0,0,0.614686
1,1,0,0,1,1,0,1,0,0,0,1,1,0,0,1,1,0,1,1,0,0,1,1,0,1,0,0,0,0,1,0,0.626975
1,0,1,1,0,0,1,1,0,1,1,0,0,0,1,1,1,0,1,0,1,1,1,0,0,0,1,0,1,0,0,0,0.640518
1,0,1,1,1,0,1,1,0,1,0,1,1,1,1,1,0,0,1,0,1,0,0,1,1,0,1,1,0,0,1,0,0.649170
1,0,1,1,1,0,1,1,0,1,0,0,0,0,1,0,0,1,0,0,1,0,1,1,0,0,0,1,1,0,1,1,0.616994
0,1,1,1,1,0,1,1,1,0,0,1,0,0,1,1,1,0,0,1,1,0,1,0,1,0,0,1,0,0,0,1,0.609294
1,1,1,1,1,1,1,1,1,0,0,0,0,1,0,0,1,1,1,1,0,0,0,1,0,1,1,1,1,0,1,1,0.639214
0,0,1,1,1,0,0,0,1,1,1,0,0,0,1,0,0,1,0,0,0,1,1,0,1,0,1,1,0,1,1,0,0.617320
0,0,0,1,1,0,0,0,1,1,0,0,0,0,0,1,0,0,0,0,1,0,0,0,0,1,0,0,1,0,1,0,0.508025
1,0,1,1,0,0,0,0,1,0,1,0,1,0,0,1,0,0,0,1,0,1,0,1,1,1,0,0,0,0,1,1,0.611075
1,0,1,1,1,0,0,0,0,0,1,0,1,1,0,0,1,1,0,0,0,1,1,1,1,1,1,1,1,1,1,0,0.649797
0,0,0,1,1,1,1,1,0,0,1,1,0,1,0,1,0,1,1,0,1,1,1,1,1,0,1,1,0,0,1,0,0.634223
1,1,1,0,1,1,0,1,0,0,0,0,0,0,0,1,1,1,1,0,1,1,1,0,0,0,1,1,0,0,0,1,0.636355
1,0,1,0,1,0,0,1,0,0,1,1,0,0,0,0,1,1,0,0,0,1,0,1,1,1,0,0,0,0,0,0,0.611125
0,1,0,0,0,1,0,0,1,1,1,1,0,0,1,0,1,0,0,1,1,0,0,0,1,0,0,1,0,1,0,0,0.574986
1,0,1,1,0,0,0,1,0,1,0,0,0,1,1,0,1,0,1,1,0,1,1,0,0,1,1,1,0,1,1,1,0.606611
0,0,0,0,1,1,1,0,1,1,0,0,0,0,1,1,0,1,0,0,1,1,1,1,0,0,1,0,1,0,1,1,0.608492
1,0,1,1,0,0,1,0,0,1,0,1,1,0,0,0,0,0,1,1,0,1,0,1,1,0,1,1,0,0,0,0,0.593319
1,0,0,1,0,1,0,1,0,1,0,0,0,1,1,1,1,1,1,0,0,1,0,0,0,1,0,1,1,0,1,1,0.624743
1,0,0,0,0,0,0,0,1,1,0,1,0,1,0,1,1,1,0,1,0,1,1,0,0,0,0,0,1,0,0,1,0.586372
0,0,0,1,0,0,0,1,1,0,0,0,1,0,1,1,0,1,1,0,0,0,0,1,0,1,0,1,0,0,0,1,0.595250
1,1,1,0,1,0,1,1,1,1,1,0,1,1,1,1,1,0,0,0,1,0,1,0,1,1,0,0,0,1,0,1,0.600341
0,0,1,1,1,1,1,0,1,0,0,0,0,1,0,0,1,0,0,0,1,1,0,0,1,1,1,1,0,0,0,1,0.612630
1,1,0,1,1,0,0,1,0,1,0,1,1,1,0,1,1,1,1,0,0,0,0,1,0,1,1,0,1,0,1,1,0.656919
1,0,1,0,1,0,1,1,0,0,1,0,1,0,0,1,0,1,1,0,0,0,0,0,0,1,1,0,1,1,0,1,0.594523
1,0,1,1,0,0,1,0,0,0,0,1,0,0,0,0,0,0,0,1,0,1,0,1,1,1,1,0,0,1,1,0,0.579149
0,0,1,0,0,0,1,0,1,0,1,0,0,1,0,0,1,0,1,1,1,1,0,0,1,0,0,1,0,1,0,1,0.619853
1,0,1,0,0,1,0,0,0,0,1,1,1,1,0,1,1,1,0,0,0,0,0,1,1,0,1,0,0,0,0,1,0.627777
1,1,1,0,1,0,1,1,1,0,0,0,1,1,0,0,0,0,1,1,0,1,1,0,0,0,1,1,0,0,0,1,0.604379
0,0,0,1,0,1,0,0,0,1,1,1,0,0,1,0,0,1,0,0,1,1,1,0,0,1,1,1,0,1,0,0,0.554171
0,0,0,0,1,0,0,1,0,1,1,1,0,0,0,1,1,1,0,0,1,1,1,1,0,1,0,1,1,1,0,0,0.631615
1,1,0,0,0,0,0,0,0,0,0,1,1,1,1,1,1,0,1,1,1,0,0,1,1,1,1,0,0,1,0,0,0.620003
1,0,1,0,0,1,0,0,0,1,1,1,1,1,0,0,0,1,0,0,0,0,0,0,0,0,1,0,1,0,0,1,0.609194
1,1,1,1,1,1,0,0,0,0,1,0,0,0,1,1,1,0,0,0,0,0,1,1,1,0,1,1,1,0,1,1,0.635351
0,1,0,0,0,0,1,1,0,0,1,0,0,0,0,1,1,0,0,0,1,1,0,1,0,0,1,1,0,1,0,0,0.572629
0,0,0,1,0,1,1,1,0,0,1,0,1,0,1,1,1,0,1,0,1,1,1,0,0,0,0,1,1,1,0,0,0.599263
1,1,1,1,0,0,1,0,1,1,1,1,0,0,1,0,1,1,1,1,1,0,1,1,1,0,0,1,0,0,1,1,0.641772
0,0,0,1,1,1,0,0,0,0,1,0,1,0,1,0,1,0,0,1,1,0,1,1,0,1,1,0,1,0,1,1,0.632342
0,1,1,0,1,1,0,0,1,0,1,1,1,1,0,1,0,0,1,1,0,1,1,0,0,1,0,1,0,0,1,1,0.610824
1,1,1,0,1,0,0,0,0,1,0,1,1,0,1,1,0,0,1,0,0,0,1,0,0,1,1,0,0,0,1,0,0.606410
1,1,1,1,0,1,1,1,1,1,0,0,1,1,1,0,1,0,1,0,1,0,0,0,0,1,0,0,0,0,1,1,0.615890
1,1,0,0,1,0,0,0,0,1,0,1,1,1,1,0,0,1,0,0,1,1,0,1,1,1,1,1,1,0,0,0,0.617821
0,1,1,0,1,0,1,0,1,1,0,1,0,0,0,1,1,1,0,0,1,0,0,0,1,0,0,0,0,1,1,0,0.604730
1,0,1,0,0,1,0,0,0,0,0,1,1,0,0,1,0,0,1,0,0,1,1,0,0,1,0,1,0,0,1,0,0.579174
1,1,0,1,0,0,1,1,0,1,0,0,1,0,1,1,0,1,0,1,0,1,0,0,1,0,0,0,0,1,1,0,0.602398
0,0,0,1,0,1,0,0,0,1,1,0,0,1,1,1,0,1,1,1,0,0,0,0,0,1,1,0,1,1,1,1,0.638662
1,1,1,0,0,0,1,1,1,1,0,1,1,1,0,0,1,1,1,1,1,0,1,0,0,1,1,0,0,1,0,0,0.648969
0,0,0,0,1,1,0,1,1,1,1,1,0,0,1,1,1,0,1,1,1,0,1,0,1,1,0,0,1,0,1,0,0.702839
0,1,0,1,1,0,0,1,1,0,1,0,1,1,1,1,1,1,1,0,0,0,0,1,1,0,0,1,1,1,1,0,0.648568
1,0,1,1,1,0,1,0,0,1,1,1,1,1,0,1,0,0,0,1,1,0,0,0,1,1,1,1,1,0,0,0,0.646963
0,1,1,0,1,0,0,0,1,1,1,0,0,1,0,1,0,0,1,0,1,0,0,0,1,0,1,0,1,0,1,0,0.615363
1,1,0,0,0,0,1,0,0,0,1,1,1,1,1,0,1,0,0,1,0,1,1,1,0,1,0,0,1,0,1,1,0.643602
0,0,0,0,0,1,1,1,1,0,1,0,1,0,0,1,1,0,1,0,1,0,0,1,1,1,1,0,1,0,1,0,0.624467
0,0,0,1,1,1,1,1,0,1,1,0,1,1,1,1,0,1,0,1,0,0,0,0,1,1,0,1,1,0,0,0,0.617144
0,1,0,0,1,1,1,0,0,1,1,1,0,1,0,1,1,1,1,1,1,0,1,1,1,1,0,1,1,0,1,0,0.628404
1,1,0,0,1,0,1,1,0,0,1,0,1,0,0,1,1,1,1,1,1,0,1,1,0,0,1,0,0,0,0,1,0.623690
0,0,0,0,0,1,1,0,1,1,0,1,0,1,1,1,1,1,0,1,0,1,0,1,0,0,0,1,1,1,1,1,0.640994
0,0,1,0,0,1,1,1,0,0,1,0,0,0,0,0,1,1,1,1,0,0,1,1,1,1,1,1,0,1,1,0,0.641997
1,1,1,0,0,1,0,0,0,0,0,1,0,0,0,1,0,1,0,0,0,0,1,0,1,0,1,0,1,0,0,0,0.604605
0,1,0,1,1,1,0,0,0,0,1,1,1,1,1,0,1,1,1,1,1,0,0,0,0,0,1,0,0,0,1,1,0.614059
1,0,1,0,0,0,1,1,0,1,0,1,1,1,0,0,0,0,1,0,1,1,1,1,0,0,1,0,1,1,0,1,0.677584
0,0,0,1,1,0,1,0,1,1,1,0,0,1,0,1,0,0,0,1,1,0,0,1,0,0,0,0,0,1,0,0,0.566384
0,0,0,0,1,1,1,0,0,0,0,1,0,1,0,1,0,1,1,1,0,0,1,0,0,0,1,1,1,1,0,0,0.573557
0,0,0,1,1,0,0,1,0,0,0,1,0,1,1,0,1,1,0,1,1,1,1,0,1,0,1,0,1,1,1,1,0.663565
1,1,0,1,0,1,0,1,1,0,0,1,0,0,1,0,0,0,1,1,1,0,1,1,1,1,0,1,1,0,1,1,0.649872
1,1,0,1,0,1,1,1,1,1,0,1,0,1,1,0,1,1,0,1,1,1,1,1,0,1,0,1,0,1,1,0,0.648769
0,1,0,1,1,0,1,0,1,0,1,1,0,1,1,0,1,0,0,0,1,1,1,0,1,0,0,0,1,0,1,0,0.589005
1,1,1,1,0,1,0,0,1,0,0,1,1,1,1,1,0,1,1,0,0,1,0,1,1,0,1,1,0,0,0,1,0.676280
0,0,0,0,0,0,1,0,0,1,1,1,1,1,1,0,1,0,1,1,1,1,1,0,1,0,1,1,0,0,1,0,0.657747
1,1,1,0,1,1,1,0,1,1,0,1,0,0,0,1,1,0,0,1,0,1,1,0,0,1,1,1,1,0,0,0,0.662713
1,1,1,1,0,0,0,0,0,1,0,1,1,1,0,0,0,0,1,0,1,1,1,0,1,1,0,0,1,0,1,0,0.608040
0,1,0,1,1,1,1,0,1,1,1,1,0,0,0,0,1,1,0,0,0,0,0,0,0,0,0,1,1,1,0,1,0.678512
1,1,1,1,0,1,1,1,0,0,1,1,0,1,1,0,1,1,1,1,1,1,1,1,1,0,1,1,0,0,0,0,0.791920
1,0,0,1,1,1,0,1,1,1,0,0,0,0,0,1,1,0,1,1,0,0,1,1,0,0,0,0,1,1,1,1,0.609696
1,1,1,1,1,0,1,1,1,1,1,1,0,1,0,1,0,0,0,0,1,1,0,1,1,0,0,0,1,0,0,0,0.633094
0,1,1,0,0,0,0,0,1,0,1,1,0,0,0,0,0,1,0,0,1,0,1,0,0,0,0,0,1,0,0,1,0.582535
1,0,1,0,1,0,1,0,0,1,1,1,0,1,1,1,1,0,1,0,0,0,1,0,0,1,1,0,0,1,1,1,0.673170
1,1,1,1,0,1,0,1,0,0,1,0,0,0,0,0,1,1,0,1,1,0,0,1,0,1,1,0,1,0,0,1,0.638160
0,1,0,0,0,0,0,1,1,0,1,0,1,0,0,0,0,0,0,1,1,1,0,0,0,1,1,1,0,0,1,1,0.564403
1,0,0,1,1,0,0,0,1,1,1,0,0,1,0,0,1,0,1,0,0,0,0,0,0,1,1,1,0,0,1,0,0.645960
1,1,0,0,1,0,1,1,1,0,1,0,0,0,1,0,1,1,1,1,0,1,0,1,0,0,0,1,0,1,0,0,0.639966
1,1,1,0,1,0,0,1,0,0,0,1,1,0,0,0,1,1,0,0,1,1,0,0,0,1,0,1,1,0,0,0,0.714275
0,1,1,0,0,1,0,0,1,1,0,0,1,1,1,0,1,1,0,1,1,1,1,0,0,1,1,1,1,0,1,1,0.640944
1,0,1,0,1,1,1,0,0,1,0,1,0,0,1,1,0,1,1,0,1,0,1,1,0,1,1,0,0,1,1,1,0.652731
0,0,1,1,0,1,1,0,1,0,1,0,1,0,1,0,1,0,0,1,1,1,0,1,1,1,0,1,1,1,1,1,0.673697
0,1,0,1,1,0,1,1,0,0,1,1,1,1,0,0,0,0,1,0,1,0,0,1,0,1,0,1,0,1,1,1,0.609620
1,0,1,1,0,0,1,0,1,0,0,1,0,0,0,0,0,1,1,0,0,0,1,1,1,1,0,0,1,0,0,0,0.620730
1,1,0,0,1,0,0,0,0,0,0,1,1,1,1,1,1,1,0,1,1,1,1,1,0,0,1,0,1,0,1,0,0.636304
0,1,1,1,1,1,0,0,0,0,0,0,0,1,1,0,1,0,0,1,1,0,1,0,0,1,1,1,1,1,0,1,0.614435
0,1,1,1,0,0,0,0,0,0,0,0,1,1,0,0,0,1,0,1,0,1,0,1,0,1,1,0,0,0,0,1,0.612780
1,1,0,0,1,1,0,1,0,1,1,1,1,1,1,1,0,0,0,1,0,1,1,1,1,1,1,1,1,1,1,1,0.612730
0,0,1,1,0,1,1,1,1,1,1,1,0,1,1,0,0,0,1,1,0,0,0,0,1,1,1,1,1,1,0,0,0.648994
0,1,1,0,1,0,1,0,1,0,1,1,1,1,0,1,0,1,0,1,1,1,0,1,0,0,0,1,1,0,1,0,0.613307
0,1,0,1,1,1,1,0,0,0,0,0,0,1,0,0,0,0,0,0,1,1,0,1,1,1,0,1,0,0,1,0,0.507348
1,1,0,1,1,1,1,0,1,1,0,0,1,0,0,0,0,1,1,0,0,1,1,1,0,1,1,0,0,0,0,0,0.653433
0,0,1,1,0,0,0,1,1,1,1,1,1,0,1,1,0,1,1,0,1,0,1,1,1,0,0,0,0,1,1,1,0.587626
1,0,0,0,0,0,1,0,1,1,0,0,1,1,1,1,1,1,1,1,0,1,1,0,0,1,1,0,1,1,0,1,0.645258
1,0,0,1,1,1,1,0,0,1,1,1,1,1,1,0,0,0,1,0,0,1,0,1,1,0,1,1,0,1,1,1,0.629884
0,1,0,0,1,0,1,0,0,0,1,1,0,1,1,1,0,1,0,1,0,0,1,1,0,0,0,0,0,1,0,0,0.602749
0,0,1,0,1,0,0,1,0,0,1,1,0,1,1,0,1,0,1,0,0,0,0,0,0,1,1,0,0,0,0,0,0.586497
0,1,1,0,0,0,0,1,1,1,0,0,0,0,1,1,1,1,0,1,0,0,1,0,1,0,0,0,1,0,0,1,0.620454
0,0,0,1,0,0,0,1,0,0,0,1,0,1,1,1,0,1,0,0,1,0,1,1,0,0,0,0,0,1,1,0,0.598912
0,1,0,0,0,1,0,1,0,1,0,1,0,1,0,0,1,1,0,1,1,1,1,0,0,0,1,1,1,1,0,0,0.660129
0,1,1,1,1,1,1,0,0,0,0,1,1,1,0,0,1,1,0,1,1,0,1,0,1,1,1,1,0,1,0,0,0.641546
0,0,1,0,0,0,1,0,0,1,0,1,1,0,0,1,1,0,1,1,0,1,1,1,0,0,1,0,1,0,1,0,0.618724
0,1,1,0,1,0,0,1,0,0,0,1,1,1,0,1,0,0,0,1,1,1,0,1,0,1,1,0,1,1,1,0,0.600868
1,1,1,0,1,0,1,0,0,0,0,1,0,0,0,0,1,0,1,0,1,1,1,1,0,0,1,1,1,1,0,1,0.651753
1,0,1,0,1,0,1,0,0,1,1,1,1,0,1,0,0,0,1,0,0,1,1,1,0,0,1,1,1,1,0,1,0.631790
1,1,0,0,0,1,0,0,1,0,1,1,0,0,0,0,0,0,1,1,0,1,0,1,1,1,0,0,0,0,0,0,0.612028
0,1,0,0,0,1,0,1,1,0,0,1,0,1,1,1,0,0,0,1,1,1,1,0,0,0,0,0,0,1,0,1,0.624868
1,1,0,0,0,1,1,0,0,1,0,1,1,1,0,0,1,0,0,1,0,0,0,1,0,0,1,0,1,0,1,0,0.624969
0,1,1,1,1,1,0,1,1,0,0,1,1,0,1,0,0,1,0,1,1,0,1,1,1,0,1,0,0,1,0,1,0.619677
1,1,1,1,0,1,1,1,1,1,0,0,0,0,0,1,0,1,1,1,1,1,0,0,0,0,0,0,0,1,1,0,0.639790
1,1,0,0,1,1,0,0,0,0,0,0,1,0,1,1,0,1,1,1,0,0,1,0,0,1,1,0,1,1,0,1,0.609219
1,1,0,1,1,0,1,0,0,0,0,0,1,1,0,0,0,0,1,1,0,0,0,0,0,0,0,0,1,1,1,0,0.622461
1,1,0,1,0,0,0,1,1,0,1,1,0,1,1,0,0,1,1,1,0,0,0,1,1,1,0,0,0,1,0,0,0.614109
1,1,1,0,0,1,1,1,0,0,0,0,0,1,0,1,0,0,1,1,1,0,1,1,1,0,0,0,1,0,1,1,0.639239
1,1,0,0,0,1,0,1,1,1,1,0,1,0,1,0,1,0,0,1,0,1,0,1,1,1,1,0,1,1,0,0,0.625270
1,0,0,0,1,1,0,1,0,0,1,1,1,1,1,0,1,1,1,0,1,1,1,1,1,1,0,1,1,0,1,0,0.643076
1,1,0,1,0,0,0,0,1,1,1,1,1,0,1,1,0,1,1,1,1,0,0,1,1,0,0,0,0,1,0,1,0.661785
0,1,0,1,1,1,0,0,1,0,0,0,1,1,0,0,0,0,1,0,0,0,0,1,0,1,1,0,1,0,1,1,0.625019
1,0,0,0,1,0,0,1,1,0,0,0,0,0,1,0,1,1,1,1,0,1,1,1,0,0,0,1,0,1,0,0,0.626273
1,1,0,0,0,0,0,1,0,0,0,0,1,1,0,0,0,0,0,0,0,1,0,0,0,1,1,1,1,1,0,1,0.610373
1,0,1,1,0,1,1,0,1,0,0,0,1,1,0,0,0,1,1,0,1,1,1,0,0,0,1,1,0,0,1,0,0.613808
0,1,0,1,0,0,1,0,1,0,1,0,0,1,0,1,1,0,1,0,0,1,0,0,1,1,1,1,1,1,1,0,0.629984
1,1,0,0,1,0,1,0,0,1,1,1,1,1,0,0,1,1,0,0,1,0,1,0,0,1,0,0,1,1,0,1,0.615363
1,1,1,0,0,0,0,1,0,1,1,0,1,0,0,1,0,0,1,1,0,1,0,1,1,0,0,0,0,1,1,1,0.634248
1,1,0,0,0,0,1,0,0,0,0,1,1,0,0,0,1,1,1,1,0,0,0,1,1,1,1,0,1,0,1,1,0.768671
1,0,0,1,0,0,0,1,0,1,1,1,1,1,0,0,0,1,0,0,1,0,0,0,0,1,1,0,1,1,1,1,0.633721
0,1,1,0,1,0,0,0,1,0,1,1,0,1,0,0,0,0,1,1,0,0,0,1,1,1,1,1,1,0,0,0,0.603978
0,0,0,0,1,1,0,1,1,0,0,0,0,0,0,0,0,0,0,1,1,0,1,0,1,0,1,1,0,1,1,1,0.582460
0,1,0,0,1,0,1,0,1,0,0,0,1,0,0,0,1,1,0,1,1,0,0,0,0,0,1,0,1,0,1,1,0.639916
0,1,0,0,1,0,0,0,1,1,0,1,0,1,1,1,1,0,1,1,0,1,1,0,1,0,0,0,0,0,0,0,0.605558
1,0,0,1,1,0,1,1,1,0,1,1,1,1,1,1,0,1,1,1,0,0,0,0,0,1,1,1,0,0,1,0,0.644831
0,1,0,1,0,0,1,0,0,0,0,1,0,0,0,0,0,1,1,0,0,0,1,0,1,1,1,0,1,1,1,0,0.590636
0,0,0,1,1,1,1,1,0,1,1,0,0,0,1,0,1,1,1,0,1,1,0,0,1,0,0,0,0,0,0,0,0.590886
1,1,0,1,1,1,1,1,0,0,0,1,1,0,1,1,1,0,1,1,1,0,1,1,0,0,0,1,0,1,0,1,0.740708
1,1,0,1,0,0,0,1,0,0,0,1,1,0,1,0,1,1,0,0,1,0,1,0,0,1,0,1,1,0,1,0,0.621357
1,1,1,1,0,0,0,1,0,1,0,1,1,1,1,1,1,0,0,0,1,0,1,1,0,1,0,1,0,1,0,0,0.656869
1,0,1,0,1,0,1,0,0,1,0,1,1,1,0,0,0,0,1,0,1,0,1,0,0,0,1,0,1,1,1,1,0.595375
0,0,0,0,1,1,1,1,0,1,1,0,0,0,1,1,0,1,1,1,0,0,1,0,1,1,0,0,0,0,1,0,0.572980
0,1,0,0,0,1,0,1,1,0,1,0,1,0,0,0,0,1,1,0,0,1,1,1,1,0,0,0,0,1,1,1,0.643903
0,0,1,0,0,0,1,0,1,0,0,1,1,0,1,0,1,1,0,0,0,0,1,1,0,1,1,1,0,0,0,0,0.643653
1,0,0,1,0,0,0,0,1,0,0,1,1,1,1,1,1,1,0,0,0,0,1,0,1,1,1,1,1,1,0,1,0.671616
1,1,0,0,1,1,0,1,0,0,0,1,0,0,1,1,0,1,1,1,1,1,0,1,1,0,1,0,1,0,1,0,0.613783
0,0,0,1,1,1,0,0,0,1,0,1,1,0,0,1,1,1,0,0,1,0,1,1,1,1,1,1,0,0,1,0,0.626498
0,0,1,0,1,1,0,0,0,1,1,0,0,0,0,1,0,1,1,1,1,1,1,0,0,0,0,0,1,0,0,1,0.592516
1,1,0,1,0,0,1,1,1,0,0,1,1,1,0,0,1,0,0,1,0,0,0,0,1,0,1,0,0,0,1,0,0.608241
1,0,0,1,0,0,1,0,0,1,1,1,0,0,0,1,0,0,1,1,0,0,1,1,1,0,0,0,1,0,1,0,0.594372
0,0,0,0,0,0,0,1,1,1,1,0,1,1,1,1,1,1,0,0,0,1,1,0,1,1,1,0,1,0,0,1,0.644530
1,0,0,1,0,0,0,0,1,0,0,0,0,1,0,1,1,0,0,0,0,0,0,0,1,0,0,1,1,1,0,1,0.617771
0,1,1,1,1,0,0,1,1,1,0,1,1,0,1,1,0,0,1,0,1,0,1,0,1,1,0,0,1,1,0,1,0.616943
1,0,0,1,1,0,0,1,0,0,0,1,1,1,1,0,0,0,0,0,0,1,1,1,0,0,0,0,0,0,1,0,0.554622
0,1,0,0,0,0,0,1,1,0,1,0,1,1,1,0,1,0,1,1,1,0,1,0,0,0,1,1,1,0,0,1,0.613282
0,1,0,0,1,1,1,0,0,1,0,0,1,1,1,1,0,1,0,0,0,1,1,1,1,0,0,1,1,0,1,0,0.586397
0,1,0,1,1,0,1,1,0,1,1,1,0,1,0,0,0,0,0,1,0,0,0,1,1,1,0,1,0,0,1,1,0.625094
1,0,0,0,1,0,0,0,0,1,0,1,0,0,1,0,0,0,1,0,1,1,1,1,0,1,1,1,0,0,0,0,0.603601
0,1,0,1,1,0,0,0,1,0,1,0,0,1,0,1,1,0,1,1,0,1,0,0,0,0,0,0,1,1,0,1,0.605056
1,0,0,0,0,1,0,1,0,1,1,0,1,1,0,1,1,1,1,0,0,0,1,1,0,0,1,1,0,0,1,1,0.626122
1,1,1,0,0,1,1,1,1,1,1,0,0,1,0,0,1,1,1,1,1,0,1,1,1,0,0,0,0,1,0,1,0.627151
0,0,0,0,1,0,1,1,1,1,0,0,0,1,1,0,1,0,1,1,0,1,1,1,0,1,1,1,0,0,0,0,0.625520
0,0,1,0,1,0,1,0,1,0,0,1,0,0,1,0,0,0,0,1,1,0,0,0,0,0,0,1,1,0,0,1,0.560716
0,1,0,1,0,0,0,1,1,0,1,0,1,0,1,1,0,1,1,1,1,0,0,0,1,0,0,0,1,0,1,0,0.622787
1,1,1,0,1,1,1,1,1,0,1,1,1,0,0,1,1,1,0,1,1,1,1,1,1,0,1,1,1,1,0,0,0.657245
1,0,1,1,0,0,0,0,1,1,0,0,1,1,1,0,0,1,0,1,1,1,1,0,0,0,0,0,0,0,1,1,0.588328
0,0,1,1,1,1,1,0,0,0,1,0,0,1,1,1,0,0,1,1,1,0,1,0,0,0,1,1,0,0,1,0,0.606862
0,1,1,1,1,0,0,0,0,0,1,1,0,1,0,1,0,1,0,1,1,1,0,1,0,1,0,1,0,0,0,1,0.669860
0,0,0,0,1,1,1,0,0,0,0,1,1,0,1,1,0,1,0,0,0,0,0,0,0,0,1,1,1,0,1,0,0.529618
1,1,0,1,0,1,1,0,1,1,1,0,1,1,0,1,0,1,1,1,1,1,0,1,0,1,1,1,0,0,1,1,0.654411
1,0,1,0,1,0,1,0,0,1,1,0,0,1,0,1,1,1,0,0,0,1,0,0,1,1,0,0,1,1,1,0,0.640167
0,1,0,1,0,1,1,0,0,0,0,0,0,1,1,0,0,1,1,1,0,0,0,0,0,0,1,0,0,1,0,1,0.591262
1,1,1,0,0,1,0,1,0,0,0,1,0,1,0,1,0,0,0,1,1,1,1,0,0,1,0,1,0,0,1,1,0.616492
1,0,0,1,1,0,1,0,0,0,0,0,0,0,0,0,0,1,0,1,0,1,0,1,0,0,0,1,1,1,1,0,0.605282
0,1,1,1,0,1,0,0,0,0,1,0,0,1,0,0,1,0,0,1,0,1,1,1,1,1,0,0,0,0,1,0,0.602724
0,0,1,0,1,1,1,0,1,1,1,1,1,1,1,1,0,1,0,0,1,1,1,1,1,0,0,1,0,0,0,0,0.610423
0,1,0,0,0,0,1,0,1,1,0,1,1,0,0,0,1,0,1,0,1,1,0,0,0,0,1,1,1,1,0,1,0.605532
1,1,0,1,1,0,1,1,1,0,1,1,1,0,0,0,1,1,1,1,1,1,0,1,1,1,0,1,0,1,0,0,0.654110
1,0,1,0,0,0,1,0,0,1,0,0,0,1,1,1,0,1,0,1,1,1,0,0,1,0,1,1,0,0,0,1,0.608291
0,1,1,0,1,1,1,1,1,0,1,0,0,1,1,0,0,1,0,0,0,1,0,0,1,0,0,1,0,1,1,1,0.621533
1,1,1,1,0,1,0,0,0,0,0,0,1,0,0,1,1,0,0,0,0,1,0,1,0,1,1,0,0,1,0,1,0.619351
0,1,0,0,1,0,1,0,0,1,0,1,1,1,1,1,1,1,1,1,0,0,1,1,0,1,1,1,0,0,0,1,0.684556
1,1,1,1,1,0,0,0,0,1,0,0,1,0,1,0,0,0,0,0,1,0,1,0,0,1,0,1,0,0,0,1,0.596930
1,0,0,0,0,0,0,1,0,1,0,0,1,0,1,1,1,0,1,1,1,0,0,0,1,0,0,0,0,0,0,1,0.609018
0,1,0,1,0,1,1,1,1,1,0,1,1,1,1,1,1,1,0,0,0,0,0,1,1,0,0,1,0,0,0,1,0.711441
1,0,0,0,0,0,1,1,1,1,1,1,1,0,1,1,1,0,1,0,0,1,1,1,0,1,1,0,1,1,1,0,0.614210
1,1,1,0,1,0,0,1,0,0,0,1,1,0,1,1,1,1,1,1,1,0,1,1,1,0,1,1,1,0,0,1,0.621307
1,0,1,1,0,0,1,0,1,1,1,1,0,1,1,0,1,1,0,0,0,0,0,0,1,1,0,1,0,0,1,0,0.678036
0,0,1,1,1,0,0,0,1,0,0,1,0,1,1,1,0,1,0,0,0,1,1,0,0,0,1,0,1,0,1,1,0.596654
1,1,0,0,1,0,1,1,0,1,0,0,0,0,0,1,1,0,0,0,1,1,1,1,0,1,0,0,1,1,1,1,0.624442
0,0,1,1,1,1,1,0,1,0,0,1,1,1,1,1,1,0,1,1,1,0,1,0,1,0,0,0,1,1,0,1,0.581432
0,0,0,1,0,1,1,1,0,0,0,0,0,0,0,0,1,1,0,1,1,1,1,0,1,0,0,0,1,0,0,0,0.653233
0,0,0,1,0,1,1,0,1,1,1,1,0,0,1,0,1,0,1,0,0,1,1,1,0,1,1,1,1,0,1,0,0.624818
1,1,1,0,0,1,0,0,0,1,1,0,0,1,0,0,0,0,1,0,1,1,1,0,1,0,1,1,0,0,1,0,0.717234
1,0,1,0,0,1,1,1,1,0,1,0,0,0,1,1,1,1,1,0,0,1,0,1,1,1,1,0,1,1,0,0,0.649070
0,0,1,0,0,0,1,1,1,0,0,0,0,0,1,1,0,1,1,0,1,0,1,1,0,1,1,1,0,0,0,1,0.598134
0,0,0,0,1,1,1,1,0,0,1,1,1,0,0,0,1,1,0,1,1,1,1,0,0,1,0,0,0,0,1,1,0.623940
1,1,0,0,1,1,0,1,1,1,1,1,0,1,1,0,1,1,1,1,1,1,0,1,1,1,0,1,1,0,1,1,0.644254
1,0,1,1,1,1,0,1,1,0,0,0,1,0,0,0,0,1,0,0,1,1,1,0,0,1,0,1,1,1,0,0,0.619025
0,1,1,0,0,0,1,1,1,0,1,1,0,0,1,1,1,0,0,0,1,1,0,1,0,1,0,1,0,1,1,1,0.724432
1,0,1,0,0,1,1,1,1,0,0,0,1,0,1,1,1,1,1,1,0,0,1,1,0,0,1,0,1,0,0,1,0.619627
1,1,0,1,0,0,0,0,1,0,0,1,0,1,0,1,0,1,0,1,1,1,1,0,1,1,0,0,0,1,0,1,0.592341
0,1,0,0,1,0,0,0,1,0,1,0,0,0,1,0,0,0,1,1,1,1,1,1,0,1,1,1,1,0,1,0,0.625245
0,0,1,1,0,0,0,1,1,0,1,1,1,1,0,0,1,1,0,1,1,1,0,0,1,0,1,0,0,0,1,1,0.610899
0,1,1,0,1,0,0,0,1,1,1,1,0,1,1,1,1,0,0,1,0,0,0,0,0,0,1,1,1,0,0,0,0.663540
1,1,0,1,0,0,1,1,1,1,1,1,0,1,0,1,0,0,1,0,0,1,1,0,1,0,0,0,0,0,1,1,0.616968
1,0,0,1,0,0,1,1,0,1,0,0,0,0,0,1,0,0,0,1,0,0,0,0,0,0,1,0,0,1,0,1,0.629157
1,0,0,1,1,1,0,1,0,1,0,1,1,0,1,0,0,1,0,1,0,0,0,1,1,1,0,0,0,0,1,0,0.616015
1,1,0,1,1,0,0,0,0,1,1,0,0,0,1,1,0,0,0,1,1,0,1,0,1,0,0,0,1,0,1,0,0.588429
1,1,1,1,0,1,0,0,1,0,1,0,0,0,1,1,1,0,0,0,1,1,0,0,0,0,1,1,1,1,1,1,0.651853
0,0,0,1,0,1,1,1,0,1,0,1,1,0,1,1,1,0,0,1,1,0,1,1,1,1,0,1,1,0,1,0,0.644405
1,0,0,0,1,0,0,0,1,1,1,1,0,1,1,0,0,0,0,1,1,0,1,1,0,0,0,0,1,1,1,0,0.600115
0,0,0,0,0,0,0,1,1,0,0,0,0,0,1,1,0,0,1,1,0,0,1,0,1,1,1,1,0,1,0,1,0.570246
1,1,0,0,1,1,1,1,1,0,0,0,0,1,0,0,0,1,0,0,0,1,0,1,1,0,1,0,0,0,0,1,0.607915
1,0,1,1,1,1,1,0,1,0,1,0,0,1,0,0,1,0,1,1,1,0,1,0,1,1,0,1,0,0,0,0,0.626047
1,1,0,1,0,0,0,1,1,1,0,1,1,1,1,1,1,0,1,0,0,0,0,0,0,1,1,0,1,1,0,1,0.630160
0,1,1,1,0,0,0,0,0,0,0,0,0,0,0,1,1,1,0,0,1,1,0,0,0,1,1,1,0,0,0,0,0.579250
0,0,1,1,0,1,1,0,1,1,0,1,0,1,1,0,1,1,0,1,0,0,0,0,1,0,1,0,1,0,0,0,0.626298
0,0,1,0,0,1,1,0,0,1,0,1,1,0,1,0,1,1,1,1,0,1,1,1,1,0,1,0,0,1,1,1,0.631389
1,0,1,1,1,0,0,0,1,0,1,1,0,1,0,0,0,0,1,1,0,0,1,1,0,1,0,0,1,1,0,1,0.617094
0,0,0,0,1,0,1,1,1,1,1,0,0,1,1,0,1,0,1,1,1,0,0,0,1,1,0,1,0,1,1,1,0.644229
1,0,0,0,1,1,1,1,0,0,1,1,0,0,0,1,1,0,1,0,1,0,0,1,1,0,1,1,1,0,1,1,0.604053
0,0,0,1,0,0,0,1,0,1,0,0,1,0,1,0,0,1,0,1,1,0,1,0,1,1,1,1,0,1,0,1,0.580428
1,0,1,1,1,0,0,0,1,1,0,1,0,0,0,1,0,0,1,0,0,0,1,0,0,0,1,0,1,0,1,0,0.608818
0,1,0,0,0,1,0,1,0,0,0,0,0,0,1,0,1,0,0,1,0,0,1,1,0,1,0,1,0,0,0,0,0.568616
0,0,0,0,0,0,1,1,0,0,1,1,1,0,1,1,0,0,1,0,0,0,1,1,0,1,1,1,1,0,1,0,0.563375
0,0,0,1,0,1,0,1,1,1,0,0,1,1,0,0,0,1,0,1,0,0,1,1,1,1,1,0,0,0,1,1,0.616166
0,1,1,1,1,0,1,0,0,1,0,1,1,1,1,1,0,1,1,1,0,1,0,1,0,1,0,1,0,1,0,1,0.731354
0,0,0,0,0,1,0,0,1,0,1,0,1,1,0,1,0,0,1,0,1,1,0,1,1,1,0,0,0,1,0,1,0.598861
1,0,1,0,1,1,0,0,1,1,1,0,0,1,1,1,1,1,1,1,1,1,1,1,0,1,1,0,0,0,1,0,0.635753
1,1,0,0,1,0,1,0,1,0,1,1,0,1,0,0,0,0,1,0,0,0,1,0,1,0,1,0,0,0,1,1,0.595576
1,0,0,1,1,1,0,0,1,0,1,0,0,1,0,1,1,1,0,0,0,0,0,0,1,1,1,1,0,0,1,0,0.594197
0,0,0,0,1,1,0,1,1,0,1,0,1,0,1,1,1,1,1,0,0,1,0,1,1,0,0,1,1,0,1,0,0.623364
0,1,0,0,1,0,1,1,1,0,1,1,1,1,1,0,1,1,0,1,0,0,1,0,1,0,1,1,0,0,0,0,0.624116
1,0,1,1,1,0,1,0,0,1,1,0,1,0,1,1,1,1,0,1,0,0,1,1,1,1,1,0,0,1,0,1,0.608768
0,0,0,1,0,1,0,1,1,0,0,0,0,1,1,1,1,0,1,1,0,0,0,1,1,0,1,1,0,0,1,1,0.661709
1,1,0,1,1,0,1,1,1,1,1,1,1,0,0,1,1,0,0,1,0,0,1,1,0,1,1,0,1,0,0,1,0.680719
0,1,1,0,1,1,1,0,1,0,0,0,1,1,1,0,1,0,0,1,1,0,0,1,1,0,0,1,0,0,0,1,0.599940
0,1,0,1,0,1,0,1,0,1,1,0,0,0,1,1,1,1,0,0,1,0,1,0,0,1,0,0,0,0,0,1,0.619953
1,0,0,0,1,1,1,1,1,0,0,1,0,1,0,0,1,0,0,0,0,1,1,1,0,0,0,1,0,0,0,0,0.617545
1,1,0,1,1,0,0,1,1,1,1,0,1,1,0,0,0,0,0,0,0,1,1,0,1,1,1,1,1,0,0,0,0.651051
1,0,1,1,0,0,0,1,1,1,1,1,1,0,0,0,1,1,0,1,1,1,1,0,1,0,0,1,1,1,0,0,0.641997
1,1,0,1,1,1,0,1,1,0,1,1,1,0,1,1,0,0,1,0,1,1,0,1,1,0,0,0,0,1,1,1,0.578046
0,0,0,0,1,0,0,0,0,0,0,0,0,1,0,0,0,0,1,0,1,1,0,0,0,0,1,1,0,1,0,0,0.451272
0,1,1,0,0,0,1,0,0,0,0,0,0,0,0,1,1,0,0,1,1,0,0,1,0,0,0,1,0,1,0,0,0.571651
1,1,1,0,0,1,1,0,1,1,0,1,0,0,1,1,1,0,0,0,0,1,1,1,0,1,0,1,0,1,0,1,0.635702
1,0,1,1,0,1,1,0,1,1,1,0,0,0,0,0,0,1,1,1,1,1,1,0,1,1,0,0,0,1,0,0,0.631414
1,0,0,0,0,1,0,0,1,0,0,0,0,0,1,1,1,0,0,1,0,0,0,1,1,1,1,1,1,1,0,0,0.601846
0,1,1,1,0,1,0,0,1,0,0,1,1,0,1,1,1,1,1,1,1,0,1,0,0,0,0,1,1,1,1,0,0.626574
1,0,1,1,0,0,0,0,0,0,0,0,1,0,1,1,1,1,0,0,1,0,1,0,1,0,0,1,1,0,1,1,0.750514
1,1,0,0,0,1,0,1,1,0,0,0,0,1,1,1,1,0,0,0,0,1,0,0,1,1,1,0,0,1,0,0,0.619200
1,1,1,0,0,1,0,0,0,1,0,1,1,0,0,0,0,1,0,0,0,1,0,1,1,0,1,0,1,0,1,1,0.632693
1,0,1,1,1,1,0,0,0,1,1,1,0,0,0,1,0,0,1,0,1,0,0,0,1,0,0,0,1,0,0,1,0.609018
1,1,1,1,1,1,1,1,1,1,1,1,0,1,1,1,0,1,1,1,1,0,1,0,1,0,0,0,0,0,0,1,0.656568
1,0,0,1,0,0,0,0,0,0,1,1,1,1,0,1,0,0,1,0,1,1,0,0,1,1,0,0,1,0,0,1,0.602974
0,1,1,1,1,0,0,1,0,0,1,0,1,0,1,0,0,1,1,1,1,1,1,1,0,0,1,0,1,1,1,1,0.654838
0,0,0,1,0,0,1,0,1,0,1,1,0,0,0,0,1,1,0,1,1,0,1,1,1,1,0,0,1,0,0,0,0.627000
0,1,1,1,1,0,1,1,0,1,1,0,0,0,0,1,0,0,1,0,1,0,0,1,0,0,1,1,0,0,1,1,0.633220
0,1,1,1,1,0,0,1,0,0,1,1,1,0,0,1,0,0,0,0,1,1,1,0,0,0,1,0,0,0,0,0,0.584040
0,1,1,0,0,0,1,0,0,0,1,0,1,0,0,0,1,1,0,0,0,0,1,0,0,1,1,1,0,1,0,1,0.608090
0,0,0,0,0,1,0,1,1,0,1,1,1,0,0,0,0,0,1,0,1,1,0,1,0,0,1,0,1,1,1,0,0.575413
1,1,1,1,1,1,1,1,1,1,1,1,1,1,1,1,0,1,0,0,1,0,0,1,1,1,1,1,1,0,0,1,0.666800
0,0,1,0,1,0,0,0,0,0,1,1,1,1,1,0,0,1,0,1,1,0,1,1,1,0,1,0,0,1,1,0,0.616341
0,1,0,0,1,0,1,0,0,0,0,1,0,0,1,1,0,1,1,1,1,1,0,0,0,1,0,1,0,1,1,0,0.603150
0,0,1,1,0,1,1,1,1,1,1,0,0,0,0,0,0,1,1,1,0,1,1,0,0,0,0,1,0,1,1,0,0.601645
0,0,1,0,1,1,1,1,0,0,0,0,0,1,1,1,1,1,0,0,1,1,1,1,1,1,0,1,0,0,0,0,0.605307
1,0,0,0,0,0,0,0,1,1,0,0,0,0,1,0,1,0,1,0,1,1,0,1,1,1,0,1,1,1,1,0,0.642624
1,0,0,0,0,0,1,1,0,1,0,1,0,0,1,1,0,1,0,1,0,1,1,1,0,1,0,0,1,0,1,0,0.629608
1,0,0,1,1,1,1,0,1,1,1,0,0,0,1,0,1,0,1,1,1,0,0,1,0,0,0,0,0,1,0,0,0.634599
1,1,0,1,1,1,0,1,0,0,1,1,1,0,1,1,1,1,0,1,1,1,1,0,1,1,1,0,0,0,1,0,0.637458
1,1,1,1,1,0,1,0,0,1,1,0,1,0,0,0,1,0,1,0,1,0,1,0,1,0,0,0,0,1,0,1,0.636229
1,1,0,1,0,0,1,0,0,0,1,1,1,0,1,0,1,1,1,0,0,1,1,0,1,0,0,1,0,1,1,1,0.629483
1,1,1,1,1,0,1,1,0,0,1,1,0,1,0,0,0,0,1,0,0,1,0,0,0,0,1,0,0,1,0,1,0.611953
0,1,0,0,1,1,1,1,1,1,1,0,1,1,0,1,0,0,0,0,1,1,0,1,0,0,1,0,1,1,1,1,0.580855
0,0,0,1,1,1,0,1,1,0,0,0,0,1,1,1,0,1,0,0,0,1,1,1,0,0,0,1,1,0,0,1,0.635025
1,0,1,1,0,1,1,0,0,0,0,0,0,1,1,1,1,1,0,1,0,0,0,0,0,1,0,0,0,1,0,0,0.622636
0,1,1,1,0,1,0,1,1,1,0,1,1,0,0,1,1,0,1,0,0,0,1,1,1,1,0,0,1,0,0,0,0.622386
1,1,0,1,0,0,0,1,1,1,1,1,0,1,1,1,0,0,0,1,0,1,1,1,0,1,0,0,1,1,1,0,0.631414
1,0,1,1,0,1,0,1,0,1,0,1,0,0,1,0,1,0,0,1,0,1,0,1,0,1,0,0,0,1,0,0,0.671264
0,1,1,1,1,1,1,1,0,0,1,1,0,1,1,1,0,0,1,1,1,0,1,1,0,0,1,1,1,0,0,0,0.649170
0,0,0,0,0,0,0,0,1,0,0,0,1,0,0,0,0,0,1,0,0,0,1,1,0,0,1,1,0,1,1,0,0.537543
1,0,0,0,0,1,1,1,1,1,0,0,1,1,1,0,0,0,0,0,0,0,0,0,0,0,0,1,0,1,0,0,0.631389
1,1,1,0,0,0,0,0,0,0,1,1,1,0,1,0,0,0,0,0,1,0,0,0,0,1,0,0,1,0,0,1,0.583839
0,1,0,0,1,1,1,0,0,0,1,1,0,0,0,0,1,0,1,1,1,1,1,1,0,0,0,1,1,1,0,0,0.695641
1,0,0,0,0,1,1,0,0,0,0,1,1,0,1,1,1,1,1,0,1,1,0,0,1,0,0,0,0,0,0,1,0.608391
1,1,1,1,1,0,0,0,1,1,0,0,0,1,1,0,1,0,1,0,0,0,0,1,0,1,0,0,0,0,1,1,0.625871
0,1,0,1,0,0,1,1,0,0,1,0,0,1,0,0,1,0,1,0,0,1,0,0,0,0,0,1,1,0,0,0,0.559212
1,0,1,0,0,0,0,1,0,1,0,0,0,1,1,1,1,1,1,0,1,1,1,1,0,0,0,0,0,0,0,1,0.618900
0,1,0,0,1,0,1,0,0,0,1,0,1,0,0,0,1,1,0,0,0,0,1,1,0,0,0,1,1,0,0,0,0.589557
0,0,1,0,0,1,1,1,1,1,1,0,0,0,0,0,1,1,1,0,1,1,1,0,0,1,0,1,1,1,1,1,0.693058
0,1,1,1,1,1,0,1,1,1,1,1,0,0,0,1,0,1,1,1,1,0,1,1,1,1,1,0,1,0,1,0,0.644856
1,0,0,1,0,0,0,0,0,1,1,0,1,1,0,0,0,1,1,1,1,1,1,1,1,1,1,1,0,1,1,1,0.734639
1,0,0,0,0,0,1,1,0,1,1,0,1,1,1,0,1,0,0,0,0,0,0,0,0,1,0,1,1,0,0,0,0.604981
1,1,0,1,0,1,1,0,0,1,1,0,1,1,0,1,0,0,1,1,1,0,1,0,0,1,0,0,1,0,1,0,0.620705
0,0,1,1,0,0,0,0,1,1,0,0,0,0,0,0,1,0,1,0,1,0,1,1,1,1,0,0,1,1,1,1,0.667327
1,1,0,1,0,1,1,1,1,0,1,0,0,1,1,1,0,0,0,1,0,0,0,0,1,1,0,1,0,0,0,1,0.624818
1,1,0,1,0,0,0,1,1,0,0,0,0,0,0,0,0,1,1,0,1,1,0,0,0,1,0,1,0,0,1,1,0.584943
1,1,0,1,1,1,1,0,0,0,1,1,1,0,0,0,1,1,1,0,1,1,0,0,0,1,0,1,1,0,1,1,0.641446
0,0,0,0,0,0,0,0,0,1,1,1,1,0,1,0,1,0,1,1,1,0,0,0,0,1,0,1,1,1,1,1,0.602623
0,1,0,0,0,0,1,1,0,0,0,1,0,1,0,0,0,1,0,0,0,0,0,0,0,1,1,0,1,1,1,1,0.552791
1,0,0,1,1,0,0,1,0,0,0,1,1,0,1,1,1,0,0,1,1,0,1,1,1,0,1,1,0,1,0,1,0.662136
1,0,1,0,0,0,0,0,0,0,1,0,1,1,0,0,0,0,1,1,0,1,1,0,0,1,0,0,1,0,0,1,0.578347
1,0,0,0,1,0,1,1,1,1,0,1,0,0,1,1,0,1,0,1,0,1,1,0,1,0,0,1,0,1,1,1,0.637784
0,1,0,0,0,0,0,0,1,1,0,1,1,1,1,0,0,0,0,1,0,0,0,1,0,0,1,1,0,0,0,1,0.594698
1,0,1,1,0,0,0,1,1,0,0,0,0,1,1,1,0,1,1,0,0,1,1,1,1,0,1,0,0,1,1,1,0.613909
1,0,1,0,0,0,1,1,1,1,1,1,1,1,1,1,0,0,0,0,1,0,0,1,0,1,0,1,1,1,1,0,0.625320
0,1,1,1,1,0,1,1,0,0,0,0,1,0,1,0,1,1,0,1,1,0,0,1,0,1,1,1,0,1,1,1,0.654060
1,1,0,1,0,0,0,0,1,0,1,0,0,0,0,1,0,0,1,1,1,0,0,0,0,1,1,1,0,1,0,1,0.596629
0,1,0,1,1,1,0,1,0,0,1,0,0,0,0,1,0,0,1,1,0,0,1,0,1,0,0,1,0,0,1,0,0.587726
1,1,1,1,0,0,1,1,1,0,1,0,1,1,1,0,1,1,1,1,0,1,1,0,0,0,1,0,1,0,1,1,0.631238
0,0,1,0,0,0,0,0,1,0,1,1,0,1,0,1,0,1,1,1,0,0,0,0,0,0,1,0,0,1,1,1,0.595526
1,1,0,0,0,1,0,1,1,1,0,1,0,0,0,1,1,1,0,0,1,0,1,0,1,1,0,1,0,1,1,0,0.614987
1,1,1,1,0,0,0,1,0,0,0,0,1,0,0,0,0,0,0,1,1,0,1,1,1,1,1,1,0,1,1,0,0.620780
0,1,0,0,1,0,1,1,0,1,0,0,0,0,0,1,1,1,0,1,1,1,1,1,1,1,1,1,1,1,0,1,0.688770
0,1,1,0,1,0,1,0,0,0,0,1,0,0,0,1,1,1,0,1,1,0,1,0,1,0,1,0,1,1,1,1,0.742288
0,0,0,0,1,0,0,0,0,0,1,1,0,1,1,1,1,1,0,1,1,0,0,1,1,1,1,0,1,1,0,0,0.620730
1,0,1,1,0,0,1,1,1,1,1,1,0,1,1,0,0,0,1,0,1,1,0,1,0,1,0,1,1,0,0,0,0.642373
0,0,1,1,0,1,1,0,1,1,1,0,0,0,0,1,0,1,0,0,1,0,0,0,0,1,0,1,1,0,1,1,0.603125
0,0,1,1,1,0,1,1,0,1,0,1,1,0,0,1,0,1,1,0,0,0,1,1,0,1,0,0,0,0,0,1,0.626223
1,1,0,0,1,0,1,0,1,0,1,0,0,0,1,1,0,1,0,1,0,0,1,0,1,1,0,0,0,1,0,0,0.589833
0,1,1,0,1,1,1,1,1,0,1,0,1,1,0,0,1,0,0,0,0,1,1,0,0,1,0,1,0,1,1,0,0.614611
0,0,0,0,1,0,1,0,0,0,0,1,1,0,1,0,1,0,0,1,0,0,1,1,1,0,1,1,1,0,1,0,0.617896
1,1,1,1,1,0,1,1,0,0,0,0,0,0,1,1,1,0,1,1,0,0,0,0,0,0,0,1,0,0,1,1,0.644906
1,1,1,0,0,1,0,1,1,0,1,0,0,0,1,1,1,1,1,1,1,0,1,1,1,1,1,0,1,0,1,0,0.627050
1,0,1,1,0,0,0,1,0,0,1,0,0,0,1,0,0,0,1,0,0,0,1,1,1,1,0,1,1,0,1,0,0.586823
1,1,1,0,0,0,0,1,1,1,0,1,0,0,0,1,0,0,0,1,1,0,0,0,0,1,0,0,1,1,1,1,0.675528
1,0,1,1,0,0,0,0,1,0,0,0,1,0,0,1,1,1,1,1,1,0,0,1,1,1,1,1,1,1,0,1,0.644305
1,1,1,1,1,1,0,0,1,1,0,0,1,0,0,1,1,0,1,0,0,0,1,1,0,0,1,1,0,1,1,1,0.657622
1,0,0,1,1,1,0,1,1,1,0,0,1,1,1,0,1,0,1,0,1,0,0,1,0,1,0,0,0,1,1,0,0.627803
1,1,1,0,0,0,0,0,0,0,0,1,1,0,1,0,1,1,0,0,1,0,1,0,1,1,1,0,0,1,0,0,0.619376
1,0,1,1,0,0,0,1,1,0,1,1,0,1,1,1,0,0,0,0,0,0,0,1,1,1,0,0,1,1,0,1,0.623890
0,0,0,0,1,0,1,0,0,1,1,0,0,1,1,0,1,1,1,0,0,0,0,1,0,1,0,1,0,0,0,1,0.608517
1,0,1,1,1,1,1,0,0,0,1,0,1,1,0,1,0,1,0,1,0,0,0,0,1,0,1,1,0,1,1,1,0.632969
1,1,1,0,1,1,1,0,1,1,0,0,1,1,1,0,1,1,0,0,1,1,1,0,0,1,1,1,1,0,1,1,0.637082
0,1,0,1,1,1,1,0,0,1,1,0,0,0,0,0,0,1,1,1,0,1,1,0,0,0,1,1,0,0,0,1,0.610899
1,0,1,0,1,1,1,0,0,0,1,1,1,1,1,1,1,1,0,1,1,1,1,0,0,0,1,0,1,0,0,1,0.628179
1,0,1,0,1,0,0,1,1,1,1,1,1,1,1,0,1,0,0,1,1,0,0,1,1,1,0,0,0,1,0,1,0.622411
1,1,1,0,0,0,0,1,0,0,0,0,0,1,1,1,1,0,1,1,0,1,0,1,0,0,0,1,1,1,0,1,0.690274
1,0,0,0,1,0,1,0,0,1,1,1,0,0,1,0,1,0,1,0,1,1,0,0,1,1,1,1,1,0,0,0,0.609946
0,1,0,0,1,0,1,1,0,0,1,0,1,0,0,1,1,0,1,0,1,1,1,0,0,0,1,1,0,1,1,1,0.597457
1,0,1,0,0,0,0,1,1,0,1,0,0,1,0,0,1,1,1,0,0,0,1,0,1,0,1,0,1,1,0,0,0.621207
1,1,0,0,1,0,0,1,1,0,1,1,0,0,0,1,0,0,1,0,1,0,0,0,1,0,0,1,0,1,1,0,0.602849
1,0,0,0,1,1,1,1,0,0,1,1,0,1,1,0,1,0,0,1,0,0,0,0,0,1,1,0,1,1,0,1,0.602046
0,0,0,0,1,0,0,0,1,0,0,1,0,1,0,1,1,0,1,0,0,1,1,1,0,0,0,0,1,1,1,1,0.634749
0,0,1,0,1,1,1,0,1,0,0,0,0,0,0,0,0,0,1,0,0,1,0,1,1,0,1,1,0,1,1,1,0.596203
1,0,1,0,0,0,0,0,0,1,0,0,0,1,0,0,1,0,1,1,0,1,1,1,0,1,1,0,1,0,0,1,0.623715
1,0,1,0,1,1,1,1,0,1,1,1,1,1,1,1,1,0,0,0,1,0,0,1,0,0,1,0,1,1,1,1,0.561569
0,0,0,0,0,0,1,0,0,1,0,1,0,0,0,1,0,0,1,1,0,1,0,1,1,0,1,1,0,0,1,0,0.513141
0,0,1,1,1,0,0,0,0,0,1,0,1,0,0,0,1,0,0,0,1,0,0,1,1,0,0,1,1,1,0,1,0.585695
0,1,1,0,1,1,0,1,1,1,1,1,0,1,1,0,0,0,0,1,1,0,0,1,1,0,1,0,1,1,1,0,0.629884
0,0,1,0,1,1,0,0,1,1,1,0,1,1,1,0,1,0,0,0,1,1,1,1,0,1,1,0,1,0,1,0,0.618925
1,1,1,0,1,1,1,0,1,0,0,1,1,1,1,1,1,1,0,0,0,1,0,0,0,0,1,0,0,0,0,1,0.629984
1,1,1,0,1,1,0,0,1,0,0,1,0,1,1,1,1,0,0,0,0,1,1,1,0,1,1,0,1,1,1,1,0.675578
0,0,0,0,1,1,0,0,0,1,1,1,1,1,0,1,0,1,0,0,1,1,1,1,0,1,0,0,1,0,1,0,0.608065
1,0,0,1,0,1,0,1,0,0,0,1,0,0,1,0,1,0,0,1,1,0,1,0,0,0,0,0,1,0,1,0,0.585369
0,1,0,1,0,1,1,0,0,0,1,0,0,0,0,0,1,1,1,1,1,0,0,1,1,0,0,0,0,0,0,0,0.617144
1,0,0,1,1,0,1,1,1,1,1,1,0,0,0,1,1,1,1,0,1,1,0,1,1,0,1,1,1,1,1,0,0.634524
1,0,0,0,1,0,1,1,0,0,0,0,0,1,1,1,0,1,0,1,0,1,1,0,1,0,0,0,0,0,0,1,0.580955
0,0,1,1,1,1,0,1,0,1,1,0,1,0,1,1,1,0,0,0,1,1,1,1,0,0,1,0,1,1,0,1,0.630687
0,1,1,1,0,1,0,0,0,1,1,0,1,1,0,1,0,1,0,1,1,0,1,0,1,1,1,1,1,0,0,1,0.628430
0,1,0,0,1,1,1,1,1,1,0,0,1,1,0,1,0,0,0,1,0,1,0,1,0,0,0,0,0,0,1,1,0.627627
0,1,0,1,0,1,1,1,1,0,1,0,0,0,1,0,1,0,0,0,0,0,1,0,1,0,0,1,1,1,0,1,0.611928
1,0,0,0,1,1,1,1,1,1,0,1,1,0,0,0,1,1,1,0,0,1,0,0,0,1,0,0,0,1,1,0,0.607965
1,1,0,1,0,1,0,0,0,1,1,0,0,1,0,1,0,1,1,1,0,0,1,0,0,0,0,0,1,1,0,0,0.609420
0,0,1,0,1,1,1,1,0,0,1,1,1,0,1,1,1,0,1,0,1,1,0,1,1,0,0,0,0,1,0,1,0.616066
0,0,0,0,1,1,1,1,1,0,1,0,0,0,1,1,1,1,0,1,1,1,0,0,0,1,1,1,0,0,0,0,0.612178
1,0,1,0,0,1,1,0,0,0,0,1,1,1,1,1,1,1,0,0,0,1,0,1,0,0,0,1,0,0,1,1,0.636480
0,0,1,1,0,0,0,0,1,1,0,1,0,0,1,1,0,1,0,1,0,1,1,1,0,0,0,0,0,1,1,0,0.599363
1,1,1,1,0,0,0,0,0,0,0,0,0,1,0,0,0,1,1,0,1,0,1,0,0,1,1,0,0,1,0,0,0.769047
1,0,1,1,1,1,0,1,0,0,0,0,1,0,1,0,1,0,1,0,1,1,0,1,1,1,0,1,1,1,0,1,0.633420
0,0,0,1,0,1,0,0,0,1,0,1,0,0,0,1,1,1,0,1,0,0,0,0,0,1,0,0,1,0,0,0,0.554848
1,0,1,1,0,1,1,1,0,1,0,0,1,0,0,0,0,0,0,0,0,0,1,0,1,0,0,0,0,0,1,1,0.600993
1,0,0,0,1,1,0,1,1,1,1,0,1,0,1,1,1,0,1,1,0,0,1,1,0,0,1,1,0,0,0,1,0.630010
1,1,1,1,0,1,1,0,0,0,1,1,0,0,1,0,0,1,0,0,1,0,1,0,0,0,1,1,0,0,1,0,0.613182
0,1,0,1,1,1,1,1,0,0,0,1,0,1,1,0,0,1,1,1,1,1,1,0,0,1,1,1,0,1,0,1,0.638160
1,1,1,1,0,0,0,0,0,1,0,0,1,0,1,0,1,1,1,0,1,1,0,1,1,0,0,1,1,1,0,1,0.637282
0,0,0,1,0,1,1,1,0,0,0,0,1,1,1,1,1,0,0,0,1,0,1,0,0,1,1,1,1,0,0,0,0.569268
1,1,0,1,1,0,1,0,1,1,1,0,0,1,1,1,0,1,1,0,0,0,1,1,0,0,0,0,1,1,0,1,0.616818
1,1,0,1,0,0,1,1,1,1,0,0,0,1,0,0,1,0,0,0,1,1,0,1,1,1,0,0,0,1,0,1,0.608567
1,1,0,0,1,1,0,0,1,1,1,1,1,1,1,0,1,1,0,0,0,0,1,1,0,0,0,1,0,1,1,1,0.636731
1,0,0,1,0,1,0,0,1,1,1,1,1,0,0,1,1,0,0,1,0,1,1,0,1,0,1,1,0,0,1,1,0.623639
0,0,1,0,0,1,1,0,1,1,1,1,0,1,1,0,0,0,1,0,0,1,0,1,1,0,0,0,1,1,1,1,0.628731
1,1,0,0,1,1,0,0,0,1,1,0,0,0,1,0,1,1,0,1,0,0,1,1,0,0,1,0,1,0,0,1,0.610222
0,0,1,0,1,0,0,1,0,1,1,0,0,1,0,0,1,0,0,1,1,0,1,1,1,0,1,0,0,1,0,1,0.605608
0,1,0,0,1,0,1,0,0,0,0,1,1,1,0,1,1,1,1,1,0,1,1,1,1,0,0,1,1,0,0,0,0.613031
1,0,1,0,0,0,0,1,1,1,1,0,0,1,1,0,0,1,1,1,0,1,1,1,1,1,1,0,0,1,0,1,0.630185
0,1,0,0,0,0,0,0,0,1,0,0,0,0,1,1,1,1,1,0,0,1,1,0,0,1,0,1,1,0,0,1,0.579902
0,1,1,0,1,1,0,0,1,0,0,1,0,1,0,0,0,1,1,0,0,1,0,0,0,1,0,0,1,0,0,1,0.611376
1,1,1,0,0,0,1,0,0,0,0,0,1,0,0,0,0,1,0,0,1,0,0,0,1,0,0,1,0,0,1,0,0.642248
1,1,1,1,0,1,0,0,1,1,0,0,1,1,1,0,1,1,0,0,1,1,1,0,1,1,1,1,0,0,1,0,0.726714
1,0,0,1,1,1,1,0,0,1,0,0,1,0,1,1,1,0,0,0,0,1,1,0,0,1,0,0,1,1,0,0,0.588077
0,1,0,1,0,1,1,0,1,1,1,1,1,1,1,1,0,1,1,1,0,0,1,1,1,1,1,0,1,1,0,1,0.623113
1,1,1,0,1,1,0,0,0,1,1,1,0,1,0,1,0,0,0,1,1,1,0,1,0,0,1,0,1,0,1,0,0.630611
1,1,0,0,0,1,1,0,1,0,1,1,0,0,0,1,0,1,1,1,1,1,0,0,0,0,1,0,1,1,0,0,0.634975
0,0,1,0,0,0,0,0,0,1,0,0,0,1,0,0,1,1,1,1,0,1,1,0,0,1,0,1,1,0,1,1,0.614711
1,0,1,0,1,1,0,1,0,0,1,1,0,0,1,0,0,0,0,1,1,0,1,0,1,1,0,0,1,1,1,0,0.605733
1,1,0,1,0,1,1,1,0,1,1,0,0,1,0,0,0,0,1,0,1,0,0,0,1,0,1,0,1,1,0,0,0.616994
1,1,0,1,1,0,0,0,0,1,0,0,1,0,0,0,0,1,0,1,0,1,1,0,1,0,0,0,1,0,0,0,0.662060
1,1,0,1,0,1,1,0,0,0,0,0,1,1,1,0,0,1,1,1,1,1,0,0,0,1,1,0,1,0,1,0,0.631640
1,1,1,1,0,0,1,1,1,0,0,1,0,0,0,1,1,1,0,0,0,1,0,1,0,0,1,1,1,0,1,0,0.634398
0,1,0,1,0,0,1,0,1,1,0,1,1,1,1,1,1,1,0,1,1,0,1,0,1,1,1,1,1,1,1,0,0.662863
0,0,0,1,1,1,0,1,0,0,0,0,1,1,1,0,0,0,0,1,1,1,0,1,1,1,0,0,1,0,1,0,0.609921
1,1,0,0,1,1,0,1,1,1,1,1,1,0,0,0,1,0,1,1,0,1,0,0,1,0,0,1,0,1,0,1,0.613683
1,0,1,1,0,1,1,1,1,0,1,0,0,0,0,0,1,1,0,1,1,0,0,0,1,1,0,0,1,0,0,1,0.735818
0,1,0,0,1,0,0,1,0,1,0,1,1,0,1,1,0,0,0,1,1,1,0,1,0,1,0,1,1,1,1,1,0.615865
0,1,0,1,0,1,1,1,0,0,0,0,0,1,0,1,0,1,1,1,0,1,0,0,1,1,0,1,0,1,1,0,0.618950
1,1,1,1,0,0,0,0,1,1,0,1,0,1,1,1,0,0,0,1,1,1,1,1,1,0,1,0,1,1,1,0,0.625897
1,1,1,0,1,0,0,0,0,1,0,1,1,0,0,0,0,0,0,0,1,0,1,0,1,1,1,0,1,0,1,0,0.621809
0,0,1,0,1,0,0,1,0,1,0,0,0,0,1,0,1,0,0,0,1,1,1,0,1,0,0,0,1,0,0,1,0.600943
1,1,0,0,1,0,1,0,0,0,0,0,0,1,1,0,0,1,1,1,1,1,1,1,0,0,0,0,0,1,1,1,0.637082
1,0,1,1,0,1,1,1,0,1,0,0,1,1,1,1,0,1,1,0,0,0,1,1,1,0,0,0,1,0,0,1,0.616492
0,0,0,1,0,0,1,1,1,1,0,1,1,1,0,1,1,0,1,1,1,0,0,1,0,0,0,1,1,0,0,0,0.615113
1,1,1,0,1,0,1,1,1,1,0,0,0,1,1,1,0,0,1,0,1,0,0,1,1,0,0,0,0,1,1,0,0.607514
1,1,0,1,0,1,0,1,0,0,1,0,1,0,0,0,1,1,1,0,0,1,0,0,1,0,1,1,0,1,1,1,0.611050
0,0,0,1,1,1,1,1,1,1,0,0,1,0,0,0,0,1,0,0,0,0,0,1,0,1,1,1,0,1,0,1,0.604855
1,1,1,1,0,0,1,0,1,0,1,0,0,1,0,0,1,1,0,1,1,0,1,1,1,0,0,0,0,0,1,0,0.639489
1,1,0,0,1,0,0,0,1,0,0,0,0,1,1,1,0,0,1,0,0,1,1,1,1,1,1,0,0,0,0,1,0.597307
0,0,0,0,0,0,0,0,1,0,0,1,0,0,1,1,1,1,0,1,1,0,0,0,0,1,1,1,0,1,1,0,0.559512
0,0,1,0,1,0,1,1,0,1,0,0,1,0,1,1,0,0,1,0,0,0,0,1,1,0,0,0,0,1,0,1,0.580002
0,1,1,1,1,1,1,1,0,0,1,1,1,0,1,1,0,1,1,0,0,0,1,0,0,1,0,1,0,1,1,1,0.643151
0,0,1,1,1,0,1,1,0,0,1,1,1,0,0,0,1,1,1,0,0,0,0,0,0,0,0,1,0,1,0,0,0.602222
1,1,1,0,1,1,1,0,0,0,1,0,1,1,1,1,1,1,1,1,1,0,0,0,0,0,1,1,1,0,1,1,0.620179
0,1,1,1,1,1,1,1,0,0,1,0,0,1,0,0,0,1,1,0,0,1,0,1,1,1,0,0,0,1,0,0,0.622787
1,0,1,0,1,1,1,1,0,1,0,1,1,1,1,1,1,0,1,1,0,0,1,0,0,1,1,0,0,0,1,1,0.645258
0,0,0,1,1,0,0,1,0,0,1,1,1,1,1,1,1,0,0,1,1,1,1,1,0,0,0,0,0,0,0,1,0.669710
0,1,0,1,0,1,0,0,0,0,1,0,0,1,0,1,0,1,1,1,0,1,1,0,0,0,0,1,0,1,1,0,0.582510
0,1,0,1,0,1,0,1,0,0,1,1,0,1,1,1,1,0,1,0,0,0,0,0,1,1,0,0,1,1,1,1,0.673196
1,0,0,1,1,1,0,0,0,0,1,1,0,1,0,0,1,1,0,1,1,0,1,0,1,1,0,0,0,0,1,0,0.606285
1,1,1,0,1,1,0,0,0,1,0,0,1,0,1,0,1,1,0,0,0,0,1,0,1,0,0,1,0,1,0,1,0.673321
1,1,1,1,1,0,1,0,0,1,0,1,0,0,0,0,0,1,0,0,1,1,1,0,1,0,1,1,1,0,1,1,0.640317
0,1,0,1,0,1,0,1,0,0,1,0,0,1,0,0,1,1,1,1,1,0,0,1,1,0,1,1,0,0,0,0,0.609495
0,1,1,0,1,0,0,0,0,0,1,0,1,0,0,0,1,1,1,0,0,0,1,1,0,1,1,1,1,0,1,0,0.622486
1,1,0,1,1,0,0,1,0,1,0,0,0,0,0,0,1,1,1,1,1,1,0,1,1,0,1,0,1,1,0,1,0.764508
1,1,0,0,0,1,0,1,1,1,1,0,0,1,0,0,1,0,1,0,0,1,1,0,0,1,1,0,1,0,1,1,0.616116
0,0,0,0,1,1,1,1,0,0,1,0,1,1,0,0,0,1,0,0,1,1,1,0,0,1,1,0,0,1,1,0,0.528389
1,1,1,0,1,1,1,1,1,1,0,1,1,1,1,0,0,0,0,0,0,0,0,0,0,0,1,0,0,0,0,1,0.613834
1,1,0,0,1,0,0,1,0,0,0,1,1,0,0,0,0,1,1,0,0,0,1,1,0,0,0,1,0,0,0,0,0.649095
1,0,1,0,0,0,0,0,0,1,0,1,1,0,0,1,0,0,1,0,1,0,1,0,0,1,1,1,0,0,1,1,0.596880
1,0,1,0,0,1,1,1,1,1,1,0,0,1,0,0,0,0,0,0,0,1,1,1,1,0,1,0,1,0,0,0,0.624969
1,0,1,1,1,1,1,1,1,1,1,1,0,1,0,1,0,1,0,0,1,0,1,0,1,0,1,1,0,0,0,1,0.641471
0,1,0,1,0,1,0,0,1,1,0,1,1,1,1,1,1,0,1,1,1,1,1,0,0,0,0,1,1,1,0,1,0.640367
0,1,1,0,0,0,0,1,0,0,0,0,0,0,0,0,1,0,0,0,0,0,0,0,0,1,1,1,0,1,1,0,0.564303
0,0,0,0,0,0,0,1,0,0,0,1,1,0,0,1,1,0,0,1,0,1,1,0,0,0,1,1,1,1,0,0,0.524276
1,0,1,0,1,1,1,0,1,1,0,1,1,0,0,0,0,0,1,1,0,0,1,1,0,0,1,1,1,0,0,1,0.631941
1,0,0,0,0,1,1,0,1,0,0,1,0,1,1,0,0,1,0,1,0,0,0,1,1,0,0,0,1,1,1,0,0.625169
0,1,0,0,1,1,0,1,1,0,0,0,1,0,1,0,1,0,0,0,0,0,1,0,1,1,0,0,0,1,1,1,0.612780
0,0,0,1,1,1,0,1,1,1,1,1,1,1,0,1,0,0,1,0,1,1,0,0,0,1,1,0,0,1,0,0,0.612555
0,1,1,0,1,0,0,1,1,0,0,0,1,0,0,1,0,0,1,1,1,1,0,1,1,1,0,1,0,0,0,0,0.601043
1,0,1,1,0,1,0,1,1,1,0,0,0,1,1,1,1,1,0,1,0,0,0,1,0,0,1,1,0,1,1,0,0.639038
0,1,0,0,1,1,0,1,0,0,0,1,0,1,1,0,0,1,0,1,0,1,0,1,1,0,1,1,0,1,1,0,0.634072
1,1,0,1,1,0,1,0,0,1,0,0,1,1,0,1,1,1,0,1,0,1,0,1,1,0,0,1,0,0,0,0,0.632818
1,1,1,0,0,1,1,0,1,0,1,0,0,1,1,1,1,0,0,0,0,0,1,0,1,0,1,0,1,0,0,1,0.605808
1,0,0,1,1,1,1,0,1,1,1,0,0,0,0,0,0,0,0,1,0,0,0,1,1,1,0,1,1,1,1,1,0.653358
1,1,0,1,0,0,1,1,1,1,1,0,1,1,1,0,0,1,0,1,0,1,1,0,0,0,0,1,1,1,1,1,0.654562
0,1,0,0,0,1,0,1,0,1,0,1,0,1,1,0,0,0,1,0,0,1,0,0,0,0,0,0,1,1,1,0,0.548177
0,1,0,1,0,0,0,1,0,1,0,1,0,1,1,0,0,0,0,0,1,1,0,1,0,1,1,1,0,0,1,0,0.569695
1,1,1,0,0,1,1,0,1,1,0,1,0,0,1,0,1,1,1,1,1,1,1,0,0,0,0,0,1,1,1,1,0.625897
0,1,1,0,1,1,0,0,1,0,0,1,0,1,0,1,0,0,0,1,1,0,1,0,1,1,0,0,0,0,1,0,0.591889
1,0,1,0,1,1,1,0,0,0,0,1,0,0,0,0,1,0,1,1,1,0,0,0,0,0,0,0,0,0,0,0,0.645985
0,1,0,0,0,0,0,1,1,1,1,0,0,0,0,0,0,1,1,1,0,0,1,0,0,0,0,0,1,1,1,1,0.624116
0,1,1,1,1,0,0,1,0,0,1,1,0,0,0,0,1,1,0,1,0,1,1,0,0,1,1,1,1,0,0,0,0.617570
1,1,1,1,0,0,1,0,1,1,1,1,1,0,0,1,0,1,0,1,1,1,0,1,1,0,0,1,1,1,0,0,0.629408
0,1,0,0,0,1,1,1,0,0,1,1,1,1,1,1,1,1,1,1,1,1,1,0,1,0,0,0,1,0,0,0,0.607213
0,1,1,1,1,0,0,0,1,1,0,1,0,0,0,0,0,0,1,0,0,0,0,0,1,0,0,0,0,1,0,1,0.631464
1,0,1,0,1,0,0,0,1,0,0,1,0,0,0,0,1,1,0,0,0,0,0,1,1,1,0,0,0,0,0,1,0.611902
1,0,1,0,1,1,1,1,1,0,1,1,1,0,0,0,1,1,1,1,1,0,1,1,1,0,1,0,0,0,1,1,0.625746
1,0,1,0,1,1,1,1,0,0,0,1,0,0,1,0,1,1,0,0,1,1,0,1,0,1,1,0,1,0,0,0,0.755881
1,1,0,0,0,0,1,1,1,1,1,0,1,1,1,0,0,1,0,1,0,0,1,1,0,1,0,0,1,1,0,0,0.625495
1,0,1,0,0,0,1,1,1,0,0,0,1,1,1,1,1,0,1,0,1,0,1,0,1,0,0,1,1,1,0,1,0.583363
0,0,0,1,0,1,0,1,1,1,0,1,1,1,1,1,0,1,0,0,1,0,0,0,1,1,0,0,0,1,0,1,0.600617
0,1,1,1,0,1,1,0,0,1,0,0,1,0,0,1,0,1,0,1,1,1,1,0,1,0,1,0,1,0,1,1,0.653107
0,1,1,0,0,0,1,1,1,0,1,1,1,0,1,0,1,0,1,1,0,0,1,0,0,0,1,1,1,0,0,0,0.637659
0,1,0,0,1,0,1,0,0,1,0,1,0,0,1,0,1,1,1,0,1,1,0,0,0,0,0,0,0,1,0,0,0.597959
0,1,0,1,0,1,0,0,1,0,0,1,1,1,1,1,1,0,0,1,1,0,1,0,1,1,0,0,1,1,1,0,0.614109
1,0,0,0,1,1,0,1,1,1,1,1,1,0,0,1,0,1,1,1,1,0,1,1,1,1,0,0,0,1,1,0,0.627602
1,1,0,0,0,0,0,0,1,0,1,1,0,0,1,0,0,0,0,0,0,1,0,0,1,0,1,0,1,0,0,0,0.640493
0,0,0,1,0,1,1,0,1,1,0,1,0,0,1,0,0,1,0,0,0,1,1,1,0,1,1,1,0,0,1,1,0.627025
1,1,0,1,1,1,0,0,0,1,1,1,0,0,0,0,0,0,0,0,0,0,0,1,0,0,0,0,1,0,1,1,0.626298
0,1,1,1,1,1,1,1,1,0,0,0,1,1,0,0,1,1,0,0,0,1,1,0,0,1,1,1,1,1,0,1,0.664819
0,1,0,1,1,1,1,1,0,0,0,1,0,0,0,1,1,0,1,0,1,0,1,0,0,0,0,0,1,1,1,1,0.613282
1,1,0,0,0,0,0,1,1,0,1,1,1,1,1,1,0,0,0,1,0,1,0,1,0,0,1,1,1,1,1,1,0.593194
0,1,0,0,1,0,1,1,1,1,1,1,0,0,1,1,0,1,0,0,1,1,0,1,1,0,1,1,1,1,0,1,0.642449
0,0,0,0,0,1,1,1,1,1,1,1,0,0,0,0,1,1,0,1,1,0,0,1,1,0,1,1,1,1,1,0,0.624417
0,0,1,0,0,1,1,1,1,1,1,1,0,0,0,1,1,0,0,1,0,0,0,0,1,0,0,1,1,0,0,0,0.605532
0,1,0,0,0,0,1,1,1,0,1,1,1,0,0,1,1,1,0,0,1,0,0,0,0,1,0,1,0,1,1,1,0.607012
1,0,0,1,1,0,0,1,0,0,0,1,1,1,1,0,1,1,0,1,0,0,1,0,0,1,1,1,1,1,0,0,0.628379
1,1,1,0,1,1,1,0,1,1,1,0,1,0,1,1,1,0,1,0,0,1,1,1,1,1,0,1,1,0,0,1,0.627477
0,0,0,0,1,1,0,1,0,1,1,0,0,1,0,0,0,1,0,0,0,0,0,0,1,1,1,0,1,1,0,0,0.561143
1,0,1,0,1,1,0,0,0,1,0,1,0,1,0,0,0,1,1,0,0,0,1,1,0,1,1,0,1,1,0,1,0.619577
1,0,1,1,1,0,0,0,0,1,0,1,0,1,1,1,0,0,0,0,0,1,0,0,1,0,1,0,1,0,0,1,0.590084
0,0,1,0,1,0,0,0,1,0,1,0,1,1,0,1,0,1,0,0,1,0,0,1,0,0,0,1,1,0,0,1,0.596654
1,0,0,0,0,1,1,0,0,0,1,1,1,1,0,0,1,1,1,1,1,1,0,1,1,1,1,0,1,0,0,0,0.665923
0,0,0,1,0,0,0,1,0,0,1,1,0,0,1,0,1,0,0,1,0,1,0,1,0,0,1,1,0,0,1,0,0.537092
1,0,0,1,0,0,1,0,1,1,0,0,1,1,0,0,0,1,0,1,0,1,0,1,1,0,1,1,0,1,0,0,0.604605
1,1,0,0,1,1,1,1,1,0,1,1,0,0,1,0,0,1,1,0,1,0,1,0,0,0,1,1,1,1,1,0,0.630260
0,1,0,0,0,1,1,0,1,0,0,0,0,1,1,1,0,0,1,0,0,1,1,1,1,1,1,0,1,1,0,0,0.649872
1,0,1,0,1,0,0,1,1,0,1,1,1,1,1,1,1,1,1,1,0,1,1,0,1,1,1,0,0,0,0,0,0.623665
1,0,0,0,1,1,0,0,1,1,0,1,1,1,1,0,0,1,0,1,1,0,0,1,0,0,1,0,1,0,0,1,0.618548
1,1,1,0,0,0,0,1,1,1,1,0,1,1,1,1,1,1,0,0,0,1,0,0,0,1,1,1,1,1,1,1,0.667553
0,1,1,1,0,0,0,0,0,0,0,0,0,1,1,1,1,1,0,1,0,0,1,1,1,0,0,0,1,0,1,1,0.669233
0,0,1,0,1,1,0,0,0,1,0,1,1,0,0,1,0,1,0,1,1,1,0,1,1,0,1,1,1,0,1,0,0.614787
1,1,1,1,1,0,1,0,0,0,1,1,0,1,1,0,1,1,0,0,0,0,1,0,1,1,1,0,1,0,0,1,0.618774
0,0,1,0,0,0,1,0,1,1,1,0,1,1,1,0,0,1,1,1,1,1,1,0,0,0,1,0,0,0,1,0,0.609570
0,0,1,0,0,1,0,0,0,0,0,0,0,0,1,1,0,0,1,1,0,1,0,1,1,0,1,1,1,0,0,0,0.563074
0,0,0,1,0,0,1,0,0,1,1,0,0,0,0,0,1,0,1,0,0,1,1,1,0,0,0,0,0,1,1,0,0.586673
0,0,1,1,1,1,0,0,0,1,1,1,1,1,0,1,0,1,1,0,1,1,0,0,0,0,1,1,0,1,0,0,0.619953
1,0,0,1,1,1,1,1,1,0,0,1,1,1,0,0,0,0,0,0,0,0,0,1,0,1,1,0,0,1,1,1,0.604153
1,0,1,1,0,1,1,0,0,0,1,0,1,0,0,0,1,1,0,1,0,1,1,1,0,0,1,1,0,0,1,0,0.620329
0,1,1,1,0,1,0,1,1,1,1,1,0,1,0,1,1,0,1,0,1,0,0,0,1,0,1,0,0,1,1,1,0.652781
1,1,1,0,1,1,0,1,0,0,0,0,1,0,1,1,0,0,0,1,1,1,1,1,1,1,0,0,0,1,1,1,0.543086
0,0,1,1,0,0,1,1,1,0,0,1,1,1,0,0,1,0,0,0,1,1,1,0,0,0,1,0,0,0,1,0,0.607037
1,1,0,1,0,1,0,0,1,0,0,1,1,0,1,1,0,0,1,0,1,1,0,0,0,1,1,0,1,1,1,1,0.685710
0,1,0,0,1,0,1,1,0,0,1,1,0,0,0,0,1,1,1,1,1,0,0,0,1,0,1,1,1,0,1,0,0.604805
0,0,1,0,0,0,0,1,1,0,0,0,1,1,0,0,0,0,0,0,1,1,0,1,1,1,0,0,1,1,1,1,0.638110
1,0,1,0,0,1,0,1,0,0,0,0,1,1,1,1,1,0,0,0,0,0,0,0,1,1,0,0,0,0,1,1,0.626047
1,1,1,1,1,1,1,1,1,1,1,1,1,1,1,1,1,0,0,1,0,1,0,1,0,0,1,0,1,1,0,0,0.729648
1,0,0,0,1,1,0,1,1,1,0,0,0,0,1,0,0,0,1,1,1,0,0,0,0,1,1,1,0,0,0,0,0.609645
0,1,1,1,0,0,0,0,1,0,1,0,0,1,0,1,0,1,0,1,1,0,1,1,1,1,0,0,0,0,0,1,0.592090
1,1,0,1,1,0,1,1,1,0,1,0,1,0,1,0,1,1,1,0,0,0,0,0,0,0,0,1,0,1,0,1,0.626373
0,0,1,0,0,0,0,0,1,0,0,0,0,0,0,1,0,1,1,0,1,1,0,0,1,0,0,1,0,1,1,0,0.568666
0,0,0,0,0,0,0,1,0,1,0,0,0,0,0,1,1,0,0,0,0,1,0,0,1,0,1,0,1,1,1,0,0.647339
0,0,1,1,1,1,1,1,0,0,1,1,1,1,1,0,0,0,1,1,1,0,0,1,1,0,1,0,1,0,1,0,0.619401
1,0,0,0,0,0,1,0,1,1,0,1,0,0,1,1,1,0,1,1,0,1,0,1,1,0,0,1,0,0,0,1,0.602949
1,0,0,1,0,1,0,1,1,0,1,0,1,0,1,0,0,1,0,0,0,0,1,1,1,0,0,1,0,1,1,1,0.627577
1,0,0,1,1,0,0,1,0,0,1,1,0,1,0,0,1,0,1,0,0,1,1,0,1,1,0,1,0,0,0,1,0.605783
0,0,0,1,0,0,0,1,1,1,0,0,0,0,1,0,0,1,1,0,0,1,1,1,1,1,1,0,1,0,0,1,0.757160
0,1,0,1,1,0,1,1,1,0,1,0,0,1,1,1,1,0,1,1,0,1,0,1,0,0,1,1,1,0,1,0,0.663089
1,1,0,0,1,1,0,0,0,1,1,1,1,0,1,0,0,0,0,0,0,1,0,0,1,1,0,1,1,0,1,0,0.632191
0,0,0,0,0,0,0,1,1,0,1,1,1,1,0,0,0,0,1,0,0,0,0,1,0,1,0,1,0,0,1,1,0.584291
1,0,0,0,0,0,0,0,1,1,0,1,1,1,0,0,1,0,0,0,0,1,1,0,1,0,1,1,0,0,1,1,0.606636
1,0,1,1,1,0,1,0,1,0,0,1,1,0,1,0,0,1,0,1,1,0,0,0,1,1,1,0,0,1,0,1,0.614761
0,0,1,0,1,0,0,1,1,1,0,1,1,1,1,1,0,0,0,1,1,1,0,1,1,0,1,0,0,1,0,1,0.625746
0,0,0,1,0,1,0,1,1,0,1,1,0,1,1,0,1,0,0,0,0,0,0,1,0,1,0,1,1,1,1,1,0.631364
0,0,0,0,1,1,0,1,1,1,1,0,1,0,1,0,0,1,1,0,1,1,1,1,0,1,0,0,0,0,1,1,0.628831
1,1,1,1,1,0,1,0,0,0,1,0,1,1,1,1,0,1,0,0,1,1,1,0,1,1,1,0,1,0,1,1,0.651277
0,0,1,0,1,0,0,0,0,1,1,0,1,0,1,0,0,0,0,1,1,1,0,0,1,1,1,0,0,1,1,1,0.595902
0,0,1,1,1,0,0,0,0,1,1,1,1,0,1,0,1,0,0,1,1,1,0,1,1,1,0,0,1,1,1,0,0.624969
1,0,1,1,1,0,0,0,0,0,0,0,0,0,0,1,0,0,1,1,0,1,0,1,1,0,1,0,0,1,0,0,0.575688
1,1,0,0,0,0,1,1,1,0,0,0,1,0,1,1,0,0,0,1,0,1,1,1,1,1,0,1,1,0,1,1,0.653032
0,1,0,0,1,0,0,1,0,1,0,0,1,0,1,0,1,1,0,1,1,0,1,0,0,1,1,0,1,0,0,1,0.618448
0,0,1,1,0,0,1,1,1,1,1,1,1,0,1,0,1,1,0,1,0,0,0,1,1,0,0,0,0,1,1,0,0.620856
0,0,1,1,0,1,1,0,0,1,0,0,0,1,0,0,0,1,1,1,1,0,0,0,0,1,0,1,0,0,0,0,0.542860
1,0,1,1,1,1,1,0,0,1,1,1,1,1,1,1,1,0,0,1,1,1,0,0,0,0,1,0,0,0,0,0,0.624793
1,1,0,0,1,1,1,1,0,1,0,0,0,1,0,1,0,1,1,1,1,0,0,1,1,1,0,0,0,1,0,0,0.633395
0,0,1,0,0,0,0,0,0,0,0,0,1,1,0,0,0,1,0,1,0,1,1,1,0,0,0,0,1,1,1,0,0.586723
0,0,1,0,1,0,1,0,0,1,1,1,0,1,0,1,0,0,1,0,1,1,1,1,1,1,0,0,1,1,1,0,0.602372
0,1,1,1,1,0,0,1,1,1,0,0,1,0,1,1,0,0,0,0,1,0,1,1,0,0,0,1,0,1,1,1,0.721723
0,0,0,1,1,0,1,0,0,0,1,0,0,1,1,1,1,1,0,1,1,1,1,0,0,1,1,1,0,0,0,0,0.612203
0,0,1,0,0,0,0,1,1,1,1,1,0,1,0,1,1,0,0,1,0,1,1,1,0,1,0,1,1,0,0,0,0.605282
1,0,0,1,0,0,0,1,0,0,1,1,0,1,0,0,1,1,0,1,0,1,0,0,0,1,1,0,1,1,1,0,0.602999
1,0,0,0,1,1,1,0,0,1,1,0,1,0,0,0,0,1,0,1,1,1,1,1,1,1,0,0,0,0,1,1,0.624367
1,1,0,0,1,0,1,1,0,1,0,0,1,1,1,0,0,1,1,1,1,0,1,1,0,0,1,0,1,0,0,0,0.634122
0,1,0,1,0,0,1,1,1,1,1,0,0,1,1,1,0,1,0,1,0,1,1,0,0,0,0,1,0,1,1,1,0.635552
1,1,0,0,1,1,1,0,1,1,0,0,1,0,1,1,1,1,1,1,1,1,0,0,1,1,1,0,1,1,0,0,0.665471
1,1,1,0,0,0,0,0,1,1,0,1,1,0,0,1,0,1,1,1,1,0,0,1,0,0,1,0,0,1,1,1,0.615589
0,1,0,1,0,0,1,1,0,0,0,0,0,1,0,1,1,0,1,1,1,1,1,1,0,1,1,1,1,0,0,1,0.681773
1,0,1,0,0,1,1,1,0,1,0,1,0,0,1,0,1,1,1,0,0,0,0,1,1,1,0,1,1,1,1,1,0.656117
0,0,1,0,1,1,0,0,0,0,1,0,0,0,1,0,0,0,0,1,1,0,0,1,1,0,0,0,0,1,0,1,0.551011
0,0,1,0,0,0,0,0,0,1,0,0,0,1,1,1,0,0,1,1,1,1,0,0,0,0,0,0,0,0,0,0,0.556428
1,0,1,0,0,1,1,1,0,0,1,1,0,0,1,0,1,0,1,0,1,0,0,1,0,0,1,1,0,1,1,0,0.611928
1,1,0,1,1,0,1,0,0,1,1,1,1,1,0,1,0,1,1,1,1,1,1,0,1,1,0,0,1,1,0,1,0.638862
1,0,0,1,0,0,0,0,0,0,1,1,1,1,1,0,0,0,0,1,0,1,1,0,1,0,1,1,0,1,0,0,0.596955
1,1,0,1,0,1,1,0,0,0,1,1,0,0,1,1,0,1,0,0,0,0,1,0,1,0,1,0,0,1,0,1,0.615138
0,1,1,0,0,1,0,1,0,0,0,1,1,1,1,1,0,1,0,1,0,1,1,1,1,1,1,0,0,0,1,0,0.667026
1,1,0,0,1,0,1,1,1,0,0,0,0,1,1,0,1,1,1,1,1,1,0,0,0,1,0,1,0,1,1,1,0.662060
0,1,1,1,1,1,1,0,0,1,1,0,0,1,1,0,0,0,0,0,0,0,0,1,1,1,0,0,0,0,0,0,0.605708
0,0,0,0,0,1,1,1,0,0,1,0,1,0,0,1,0,1,1,0,0,0,1,0,0,0,0,0,1,1,0,1,0.553970
1,1,1,1,1,1,1,1,0,0,0,1,0,0,1,1,1,1,0,0,0,1,1,0,1,0,1,0,1,1,1,0,0.630586
0,1,1,0,1,0,0,0,0,0,1,0,1,0,1,1,1,1,0,1,1,1,1,0,0,1,0,1,1,0,1,1,0.608893
1,1,1,0,0,0,0,0,0,1,0,1,1,1,1,0,0,1,0,1,0,0,1,1,0,0,0,1,0,1,1,0,0.608442
1,1,1,1,0,0,1,0,1,0,0,0,0,0,1,0,0,1,1,1,0,1,1,1,0,1,0,1,1,1,1,0,0.639514
0,1,1,0,1,0,0,1,1,1,0,1,0,0,0,0,0,0,0,1,1,0,0,0,0,0,0,1,0,1,0,1,0.594071
0,1,1,0,1,1,1,0,0,1,0,0,1,1,1,0,1,0,1,0,1,1,0,0,0,0,1,1,0,1,0,1,0.605056
0,1,1,0,0,1,1,1,1,0,0,0,1,1,0,0,0,1,1,0,0,1,1,1,0,0,1,0,0,0,1,1,0.618599
0,0,0,1,1,0,1,0,0,0,1,0,1,0,0,0,0,1,0,1,1,0,0,0,1,1,0,1,0,1,0,1,0.563425
0,1,1,0,1,1,0,1,0,0,0,1,1,1,1,0,1,1,1,0,1,1,1,0,1,0,1,0,1,1,1,1,0.662487
1,1,1,0,0,1,1,0,1,1,0,1,1,1,1,0,0,1,0,0,1,1,1,0,0,0,1,1,1,1,1,0,0.620454
1,1,1,1,1,0,0,1,0,0,1,0,1,1,0,0,0,0,1,0,0,0,0,0,0,0,1,0,0,0,1,1,0.591940
0,1,1,1,0,1,1,1,1,0,0,1,1,1,0,0,0,1,0,1,1,0,1,1,0,1,0,1,0,1,0,0,0.649546
1,1,1,1,0,0,1,1,1,0,0,0,0,1,0,0,0,1,1,0,1,1,1,0,1,1,1,1,0,1,1,1,0.646436
0,0,1,0,0,1,0,1,1,0,0,1,1,0,0,0,1,1,0,1,0,0,0,0,1,0,1,0,0,1,1,0,0.604028
1,1,1,1,1,0,1,1,1,1,1,0,0,0,0,1,1,1,0,1,1,1,0,0,1,0,1,1,1,1,1,0,0.647540
1,1,1,1,0,0,1,1,0,1,0,0,1,0,0,1,0,1,1,1,1,1,0,1,0,0,0,1,0,1,0,0,0.614661
1,1,1,1,0,0,0,0,1,0,1,1,0,1,0,1,0,0,1,1,0,0,0,1,1,1,1,0,1,0,1,0,0.591639
0,0,1,0,1,1,0,1,1,0,1,0,1,1,0,1,1,1,1,0,1,1,0,0,1,0,0,0,0,0,1,1,0.609520
1,0,0,1,1,1,1,1,1,0,0,1,0,0,0,1,1,1,1,1,1,1,0,0,1,1,0,0,0,1,1,1,0.634474
1,0,0,1,0,1,1,0,1,1,1,0,1,1,1,0,0,1,1,1,0,0,0,0,0,1,1,0,0,1,1,1,0.618398
1,0,0,0,0,1,1,0,0,0,1,1,1,1,1,1,0,1,0,1,1,0,1,1,1,0,1,1,0,1,1,1,0.627652
0,0,1,0,1,0,1,0,0,0,1,1,0,1,0,0,0,1,1,1,0,1,1,1,0,1,1,1,1,0,1,0,0.609971
1,1,0,1,0,1,1,1,1,1,1,0,0,0,0,1,0,0,0,0,0,1,1,0,0,0,0,0,0,1,0,0,0.623564
1,0,0,0,1,1,1,1,1,1,0,0,1,0,1,1,1,1,0,0,0,1,1,0,0,1,0,0,1,1,1,1,0.654261
1,1,1,1,1,1,0,1,0,1,1,1,1,0,0,0,1,1,0,0,0,1,0,0,1,0,1,1,0,0,1,0,0.641320
0,0,0,1,1,0,1,1,1,1,0,1,0,1,1,1,0,1,1,0,0,0,1,1,1,1,1,1,0,0,0,1,0.659076
1,1,0,0,0,1,0,1,1,1,0,1,1,1,0,0,1,1,1,0,0,1,1,1,1,0,0,0,1,0,0,1,0.651577
0,0,1,1,0,1,0,1,1,0,0,1,0,0,1,0,1,0,0,0,1,1,1,1,0,1,0,0,1,0,1,0,0.608341
0,1,1,1,0,1,1,1,0,0,1,1,0,0,1,1,0,0,1,1,1,0,1,0,0,0,0,0,1,1,0,0,0.612580
0,1,0,1,1,0,1,0,0,1,1,0,1,1,0,0,1,1,0,0,1,0,0,1,0,1,0,1,1,1,0,1,0.638536
0,0,1,0,0,1,0,0,0,0,1,1,0,1,1,0,1,1,0,1,0,1,1,0,0,0,1,0,1,1,0,1,0.601695
1,0,0,1,1,0,0,0,0,0,0,0,1,0,0,0,1,1,0,1,1,1,1,1,1,0,1,1,0,0,1,0,0.623439
1,1,0,1,0,1,0,0,0,0,1,1,0,0,1,1,1,1,1,1,0,1,1,1,0,1,1,0,0,1,0,1,0.727893
1,1,0,1,0,0,0,0,1,1,0,0,1,1,1,1,0,0,1,1,0,1,1,1,1,0,1,0,1,1,1,1,0.596980
0,1,1,0,1,0,0,1,1,1,1,0,0,1,1,1,1,0,1,1,1,0,0,1,0,0,0,0,1,1,0,0,0.623589
0,1,1,1,1,1,0,1,0,1,0,0,1,1,0,1,0,1,0,0,0,0,1,1,1,0,0,0,0,0,0,1,0.618749
1,0,0,0,1,1,1,0,0,1,0,0,1,1,0,1,1,1,0,1,0,1,0,0,1,1,1,0,1,1,1,0,0.634900
1,1,0,1,1,0,0,0,1,0,1,1,1,1,0,0,1,0,0,1,1,0,1,0,0,0,1,1,1,0,1,1,0.600592
1,0,1,1,0,0,1,0,0,0,0,0,1,0,0,0,1,0,0,0,0,1,1,0,0,1,0,0,1,1,0,1,0.595024
0,1,1,0,0,1,0,0,1,1,1,1,0,0,1,1,0,0,0,0,1,0,0,1,0,1,0,1,0,0,1,0,0.615990
0,1,1,0,0,0,0,0,1,1,1,0,1,1,1,0,1,0,1,1,1,1,1,0,0,1,1,1,1,1,0,1,0.628104
0,1,1,0,1,1,1,0,0,1,1,1,1,1,1,0,0,1,1,1,1,1,0,0,0,1,0,0,0,0,1,1,0.637057
1,0,0,0,1,1,1,0,1,0,0,0,1,1,0,0,1,1,1,0,0,1,0,0,1,1,0,0,0,1,1,0,0.631263
1,0,0,0,0,0,0,1,0,0,0,1,0,0,1,1,1,0,0,0,0,1,1,0,1,1,0,1,0,1,1,0,0.606536
1,0,1,1,1,0,1,0,0,0,1,0,1,0,0,0,1,1,1,1,1,0,0,1,0,0,0,0,0,0,1,0,0.622335
1,1,0,0,0,1,1,1,0,1,0,0,1,1,0,1,1,1,1,1,0,1,0,0,0,1,1,1,1,0,0,1,0.633621
0,0,0,1,0,0,1,0,0,1,1,0,0,0,0,0,0,0,0,1,0,0,0,1,1,0,1,0,0,0,1,0,0.504840
0,0,1,0,1,1,1,1,0,1,1,1,0,1,0,0,1,0,1,1,1,0,0,1,1,1,0,1,1,0,1,1,0.638436
1,1,0,0,0,0,0,1,1,0,1,0,1,1,0,0,1,1,1,1,1,0,1,0,1,0,1,1,1,0,1,0,0.663089
1,0,1,0,0,0,1,1,1,1,0,0,0,0,0,1,0,1,0,1,1,1,0,0,0,1,0,0,0,1,0,1,0.589106
0,1,1,1,0,1,1,0,1,0,0,1,1,0,1,0,1,1,0,1,0,1,1,0,0,0,0,1,0,0,1,1,0.600767
0,0,0,0,0,0,1,1,1,0,0,1,0,1,1,1,1,1,0,1,0,0,0,1,0,1,1,0,0,0,0,1,0.646236
0,1,0,0,0,0,0,1,1,1,1,1,1,1,0,1,0,1,1,0,1,1,0,1,1,1,0,1,1,1,0,0,0.614636
1,0,1,1,0,1,0,0,0,1,1,0,0,1,1,0,0,0,0,0,1,1,0,1,1,0,1,1,1,1,0,0,0.612906
1,0,1,0,0,1,0,0,0,1,0,0,1,1,0,1,0,0,1,1,0,1,0,1,0,0,0,0,0,0,0,1,0.602147
0,1,1,0,0,1,1,1,0,1,1,0,0,0,0,0,0,0,1,1,1,0,1,1,0,0,0,1,0,0,1,0,0.590435
0,1,0,1,1,1,0,0,0,1,0,1,1,0,1,0,0,0,0,1,0,0,0,0,1,0,1,0,0,1,0,0,0.581682
0,0,1,0,0,1,1,0,0,0,1,1,0,0,0,0,1,0,0,1,0,1,0,0,0,0,0,0,0,0,1,0,0.543010
1,0,0,1,1,1,0,1,0,1,1,1,1,1,0,1,0,0,1,0,1,1,0,0,1,1,0,0,0,0,0,0,0.628430
0,1,1,0,1,1,0,1,0,0,1,0,1,0,1,0,0,0,0,0,0,0,1,1,1,0,0,0,1,1,1,0,0.585369
0,0,0,1,1,0,1,0,1,0,1,1,1,0,1,0,0,0,1,1,1,0,1,1,0,1,0,1,0,0,1,1,0.627226
1,1,1,1,0,0,1,1,0,1,1,0,0,1,0,1,1,0,1,1,0,0,1,1,1,0,0,0,0,1,0,0,0.630561
1,1,1,0,1,0,0,1,1,0,0,0,0,0,0,0,1,0,0,0,0,1,1,0,1,1,0,0,1,1,1,1,0.660079
0,1,0,0,0,0,1,0,0,1,0,1,1,0,0,1,1,0,0,0,1,0,1,1,1,1,1,0,1,1,0,1,0.629082
0,0,0,0,0,1,1,0,0,1,0,1,1,1,1,1,0,1,0,0,1,0,1,1,0,1,1,1,1,1,0,0,0.593369
1,1,0,1,0,0,0,0,0,0,1,1,0,0,1,1,0,1,0,0,1,0,1,0,0,1,0,0,0,0,1,0,0.589005
0,0,1,0,1,1,0,0,0,1,1,0,0,1,0,0,1,1,1,0,1,0,1,1,0,1,1,0,1,0,0,1,0.638511
1,1,1,0,0,0,1,1,1,0,1,0,0,0,1,1,0,0,1,0,1,0,1,0,0,1,1,1,0,0,0,1,0.599087
1,1,0,0,0,0,1,1,0,1,1,1,0,0,1,1,1,0,1,0,1,0,1,0,0,1,0,1,0,1,0,1,0.617595
0,0,0,0,0,0,1,1,1,0,0,1,0,1,0,0,0,0,1,0,0,0,1,1,0,1,0,1,0,0,1,1,0.562622
1,1,1,0,0,1,1,1,0,0,0,1,0,1,0,1,1,0,1,1,1,0,0,1,1,1,1,0,1,1,0,0,0.639690
0,1,1,0,1,0,1,1,0,0,0,1,0,1,1,1,0,1,1,0,1,0,1,1,0,0,1,0,1,1,1,0,0.575362
1,1,1,0,0,1,0,1,0,1,1,1,1,1,0,1,1,1,1,0,0,1,0,0,1,1,1,1,1,1,1,0,0.639514
0,1,1,1,1,1,0,1,0,1,1,1,1,0,1,0,1,0,1,1,1,0,0,0,1,1,1,0,0,1,0,1,0.643026
0,1,1,0,0,0,1,0,0,0,0,1,1,1,1,1,0,1,0,1,0,1,1,0,1,1,0,1,1,1,1,0,0.622059
0,1,0,0,0,0,0,1,0,1,1,0,1,0,0,1,0,0,0,0,1,1,1,1,1,1,0,0,1,0,1,1,0.632643
1,0,1,0,0,1,0,0,0,0,0,1,1,1,0,0,0,0,0,0,1,0,1,0,1,0,1,1,0,1,0,0,0.634875
0,0,1,0,0,1,0,0,1,0,1,1,1,1,1,0,1,0,0,0,1,1,1,0,0,1,0,1,1,0,0,1,0.617470
0,1,0,1,0,0,1,1,0,0,0,0,1,0,1,1,0,1,0,1,1,0,0,1,1,1,1,0,1,0,1,0,0.654537
1,1,0,0,1,1,0,0,1,0,0,1,1,0,1,0,0,0,0,1,1,0,0,1,1,0,1,0,1,1,0,1,0.602824
1,0,0,0,0,1,0,1,1,1,1,1,0,1,0,0,1,0,0,1,0,1,0,1,1,1,0,1,0,1,0,1,0.619677
0,1,1,0,1,1,1,1,1,0,0,1,1,1,0,1,1,1,0,1,0,1,1,0,1,1,0,1,1,0,1,0,0.627451
0,1,1,0,1,1,0,0,0,1,0,0,0,0,0,0,1,0,0,1,1,0,1,1,1,1,0,1,0,0,0,1,0.598811
1,1,0,0,0,0,1,0,0,1,0,1,0,0,1,0,1,0,1,1,1,0,0,0,1,1,1,1,1,1,1,0,0.644004
1,1,1,1,0,1,0,0,0,0,1,1,1,0,1,1,0,0,1,0,0,0,1,1,1,1,0,1,0,1,1,1,0.665421
0,0,0,1,0,0,1,0,0,1,1,1,0,1,0,1,1,0,0,1,1,0,0,1,1,1,1,1,1,1,0,0,0.627401
0,1,0,0,1,1,0,1,0,1,1,0,1,0,0,0,1,1,1,1,1,0,0,1,0,0,0,0,0,0,1,0,0.620981
0,0,1,0,0,0,0,1,1,0,1,1,1,0,1,1,0,0,1,1,0,0,0,1,1,1,0,0,0,1,1,1,0.662387
0,0,1,0,1,0,1,1,0,1,1,1,1,0,1,0,1,1,1,0,0,1,0,0,0,1,0,0,0,1,1,1,0.629232
1,0,0,1,0,0,1,0,1,1,0,0,1,0,1,1,0,1,0,0,0,0,0,0,0,1,1,0,1,1,0,1,0.596153
0,1,1,0,0,1,0,1,1,0,1,1,1,0,0,0,1,1,1,0,1,1,1,1,0,1,0,0,1,0,1,1,0.659628
1,1,1,1,0,0,0,1,0,0,1,1,0,0,0,1,0,1,0,0,0,1,1,0,1,1,1,1,0,1,0,1,0.611175
1,1,1,0,0,1,0,1,0,0,1,0,1,1,1,0,1,1,0,1,0,1,0,1,0,1,0,1,1,1,0,0,0.672744
1,0,0,0,0,1,1,1,1,1,1,0,0,1,1,1,1,0,0,1,0,0,1,0,1,0,0,1,1,0,0,1,0.617771
1,1,0,0,1,0,1,0,0,0,0,0,1,0,0,0,1,1,1,1,1,1,0,0,0,0,0,0,0,0,1,1,0.625771
1,0,1,1,0,1,1,0,1,0,0,1,1,1,1,1,1,0,1,0,1,1,0,0,1,0,0,0,0,0,1,1,0.594774
0,0,1,1,0,0,0,1,1,0,1,1,1,1,1,0,0,0,1,1,1,0,1,1,1,1,1,0,0,1,0,0,0.657471
0,0,1,1,0,1,1,1,1,0,1,1,1,0,1,0,0,0,0,1,0,1,1,0,0,1,0,0,1,0,0,0,0.613106
1,0,0,0,1,1,1,1,0,1,1,1,1,0,0,0,0,0,1,0,0,1,1,0,0,1,0,0,1,0,0,0,0.565055
1,1,1,1,1,1,1,0,0,1,0,0,0,0,1,1,1,0,0,0,1,0,1,1,1,0,0,1,1,1,1,1,0.614636
0,0,0,1,1,1,0,0,0,1,0,1,1,0,1,0,0,0,0,0,1,1,1,0,1,0,1,0,0,1,1,1,0.569895
0,1,1,0,1,0,0,1,0,0,1,1,0,0,0,1,1,0,0,0,1,0,0,1,1,0,0,0,1,0,1,1,0.592617
0,0,0,1,0,1,1,0,1,0,1,1,1,1,1,0,0,0,1,1,0,0,1,0,0,0,0,0,0,0,1,1,0.583764
1,1,0,0,0,0,1,0,0,0,1,0,1,0,1,1,1,0,0,1,1,1,1,0,1,1,0,0,0,0,0,0,0.612229
0,1,1,0,1,1,1,1,1,0,1,0,0,1,1,1,0,1,0,0,0,0,1,1,0,0,0,0,0,1,0,1,0.630812
1,0,0,0,0,0,1,0,1,0,0,0,0,1,0,0,0,1,0,1,0,0,1,0,1,1,1,1,1,0,1,1,0.658424
0,0,1,1,1,1,1,1,0,1,0,1,0,1,1,0,0,0,1,0,1,1,0,1,0,1,1,0,1,1,0,0,0.623940
1,1,0,1,0,0,1,1,1,0,1,1,1,1,0,1,0,1,1,1,0,0,0,0,1,1,1,0,1,0,1,1,0.657245
0,0,1,1,0,0,0,1,1,0,0,1,1,0,0,1,1,0,1,1,0,1,0,0,1,1,0,1,1,1,1,1,0.650675
0,0,1,0,0,1,1,0,0,1,0,1,0,1,1,0,1,1,1,0,0,1,0,1,1,1,1,1,1,0,1,1,0.658274
1,0,1,0,0,0,0,0,1,0,0,1,0,0,1,1,1,0,1,1,1,1,0,0,0,1,1,1,0,0,0,0,0.611877
1,0,0,0,1,0,1,1,1,1,0,0,0,1,0,0,1,0,1,1,1,1,1,0,1,1,0,1,1,0,0,1,0.659502
0,1,1,1,1,0,0,0,1,0,0,0,1,0,1,1,0,1,0,1,0,1,1,1,1,0,0,0,0,0,1,0,0.597307
0,0,0,1,1,1,1,0,1,1,1,1,0,1,1,0,1,1,1,1,1,1,0,1,0,0,1,1,1,1,0,0,0.689271
0,1,1,1,0,1,1,0,1,1,0,0,0,0,1,1,0,0,0,0,0,0,1,1,0,1,0,1,0,0,0,1,0.605156
1,0,0,0,1,0,1,1,0,1,1,0,1,0,1,1,0,1,0,1,0,1,1,1,1,1,1,1,0,0,0,0,0.618147
0,1,1,0,1,1,0,1,1,0,1,0,1,1,1,0,0,0,1,1,0,1,0,0,1,0,1,1,0,1,0,0,0.608642
1,0,1,0,1,1,0,0,0,0,0,1,0,0,1,1,0,1,1,0,0,1,1,0,1,1,0,0,1,1,1,0,0.609971
1,1,0,0,0,0,1,0,1,0,1,1,0,1,1,0,1,1,0,1,1,1,0,1,1,0,0,1,0,1,1,0,0.627351
0,0,0,0,0,0,0,1,1,1,0,0,1,0,0,0,0,0,0,1,0,0,0,1,0,1,1,1,0,1,0,1,0.539048
0,0,1,1,0,0,1,1,0,1,1,1,0,1,1,1,0,0,0,1,0,0,1,1,1,0,1,0,1,1,1,1,0.601946
0,1,1,0,0,0,1,0,1,1,1,1,1,1,1,1,0,1,1,1,1,0,1,1,1,0,0,0,1,1,0,1,0.603978
0,0,0,1,1,0,1,1,1,1,0,1,1,0,0,1,0,0,0,0,1,0,0,0,1,0,0,1,0,0,0,1,0.603802
1,0,1,0,1,1,0,1,0,1,1,0,0,0,0,0,0,1,0,0,0,1,0,0,1,0,1,0,1,0,1,1,0.641345
1,1,1,0,0,1,1,1,1,1,0,0,1,0,0,1,0,1,0,0,1,1,1,0,0,0,1,0,1,1,1,0,0.607564
1,1,1,1,1,0,0,0,0,1,1,0,1,1,0,1,0,0,1,0,1,1,1,0,1,0,1,0,1,1,0,1,0.627777
0,1,0,0,1,1,1,1,1,0,0,0,0,0,1,1,1,0,0,0,0,0,1,1,0,0,0,1,0,1,0,1,0.629006
1,0,1,1,0,1,1,0,1,1,1,0,1,0,0,0,0,1,0,0,1,1,0,1,1,0,1,0,1,1,1,1,0.701134
1,1,1,1,0,1,1,0,0,0,0,0,1,1,0,1,0,0,1,1,1,1,1,1,0,1,0,0,1,0,1,0,0.631464
1,1,0,1,1,0,1,1,1,1,0,1,1,1,1,0,1,0,1,1,0,0,1,1,0,1,1,1,0,0,0,1,0.641094
0,0,1,0,1,1,1,0,0,0,1,0,0,0,1,0,0,1,1,0,0,0,0,1,0,0,1,0,1,1,0,0,0.585896
0,1,1,0,0,1,0,0,0,0,1,1,0,0,0,0,1,0,1,0,1,0,1,0,0,0,0,1,1,0,0,1,0.639339
1,0,0,1,0,1,0,1,0,0,1,0,0,0,1,0,0,1,1,1,1,1,1,0,0,0,0,1,0,1,0,0,0.602673
1,1,0,1,0,0,0,0,0,0,0,1,1,1,1,0,1,1,1,1,1,0,1,0,1,1,1,1,0,1,1,1,0.664970
0,0,1,1,1,0,0,0,1,1,0,0,1,0,1,1,1,1,0,0,0,1,1,0,0,0,1,1,1,0,1,1,0.626574
1,1,1,0,1,0,1,0,0,1,1,0,1,0,1,1,0,0,0,0,0,0,0,0,1,1,0,1,0,1,1,0,0.598310
0,0,1,0,0,0,0,1,0,1,0,1,0,0,1,0,0,0,0,1,1,1,1,1,0,0,1,0,1,0,0,1,0.582385
0,0,1,1,0,1,0,0,0,1,1,0,0,1,0,1,0,1,0,0,1,0,1,1,1,1,0,0,0,0,1,0,0.593670
0,1,1,1,0,0,1,1,0,0,0,1,1,0,0,0,1,1,1,1,1,1,1,1,1,1,0,0,1,1,0,1,0.646537
0,0,0,0,0,0,0,0,1,0,1,1,0,1,0,0,1,0,0,1,1,0,1,0,1,0,1,0,1,0,0,0,0.575814
0,0,0,0,0,0,1,0,1,1,1,1,0,1,0,1,1,1,1,0,0,1,1,0,1,0,1,0,1,0,1,0,0.633771
1,0,1,1,0,1,1,0,0,1,1,1,0,0,0,1,1,0,0,0,0,1,1,0,0,0,1,1,1,0,0,0,0.617069
1,0,0,1,0,1,0,1,1,0,1,1,0,0,1,0,0,1,1,0,1,0,0,1,1,0,0,1,1,0,0,1,0.616818
1,1,0,0,1,1,0,1,0,0,1,1,1,1,0,1,1,1,0,1,1,1,1,1,0,0,0,0,1,0,1,1,0.685886
1,0,0,0,1,0,0,0,1,1,0,1,1,1,0,1,1,0,1,1,0,1,1,1,1,0,1,0,0,0,0,0,0.613683
1,0,0,0,0,1,1,1,1,1,1,0,0,1,1,0,0,1,1,0,1,1,1,0,1,1,0,0,1,1,1,0,0.604880
1,0,1,1,0,0,1,0,1,0,0,1,0,0,0,0,1,0,0,1,1,1,0,1,1,0,1,0,1,1,0,0,0.616266
0,0,0,1,1,1,0,1,1,0,1,1,1,1,0,0,1,1,1,0,1,1,0,1,0,1,1,1,1,1,1,1,0.718263
0,0,1,0,1,1,0,0,0,1,1,1,1,0,0,1,1,1,1,1,0,0,1,1,1,1,0,0,1,0,1,0,0.631188
1,0,1,0,0,0,0,1,0,0,1,1,1,0,0,1,0,1,1,1,0,0,1,1,0,1,0,1,0,1,1,1,0.623865
0,0,1,1,1,1,1,1,1,1,1,1,1,0,0,1,0,0,0,0,0,0,1,1,0,1,0,0,1,0,1,0,0.610122
0,1,1,1,0,0,0,0,1,1,0,1,1,1,1,1,1,1,1,1,1,1,0,1,1,0,0,0,0,1,1,0,0.611702
1,1,0,0,1,1,1,1,1,1,0,0,0,1,0,0,0,1,0,1,0,0,0,1,0,1,1,1,0,0,0,0,0.634649
1,1,0,1,0,0,0,1,0,1,1,0,0,0,1,0,0,1,1,1,1,1,1,1,0,1,0,1,1,1,0,1,0.682500
0,0,0,0,1,0,1,1,0,1,1,0,0,1,1,1,1,1,0,1,0,0,1,0,0,0,1,0,0,0,1,0,0.613332
1,1,1,0,0,0,0,0,1,0,0,1,1,0,0,1,1,0,0,0,1,1,1,1,0,0,0,0,1,1,0,1,0.622812
1,1,0,0,1,1,1,0,0,0,0,1,0,1,1,0,1,1,1,0,1,0,1,0,0,1,0,1,0,1,1,0,0.608667
1,1,0,0,1,1,0,1,1,0,1,1,0,0,0,1,0,0,1,1,1,0,0,1,1,1,1,1,1,0,0,1,0.633320
1,0,1,1,0,0,0,1,1,0,1,0,1,1,1,0,0,1,0,1,0,1,1,1,0,0,1,1,0,1,1,1,0.626047
1,0,0,0,0,1,0,0,0,0,0,1,1,1,0,1,0,1,0,1,1,0,1,0,0,1,0,1,0,1,1,0,0.583338
1,0,0,1,0,1,0,0,1,1,0,1,1,1,1,1,1,0,0,0,1,0,1,0,0,1,1,0,0,1,1,0,0.607965
1,0,1,1,1,0,1,0,0,0,1,1,0,0,0,0,1,0,0,1,1,0,0,1,1,1,1,0,0,1,0,0,0.611100
0,0,0,1,1,0,0,1,1,0,1,1,0,0,0,0,0,0,1,0,1,0,0,0,0,0,0,0,0,1,0,0,0.538170
0,1,1,1,1,1,1,1,1,0,1,0,0,1,0,0,1,1,1,0,0,1,1,1,1,1,0,1,1,0,1,0,0.644004
0,0,1,0,0,1,0,1,1,1,1,0,0,0,0,0,0,1,0,0,1,0,1,0,0,1,1,0,1,1,1,0,0.581331
1,0,0,0,0,1,0,1,0,1,0,1,0,0,0,0,0,1,1,1,1,0,0,0,0,0,0,1,0,1,0,1,0.599137
0,0,0,1,1,0,0,0,0,1,1,1,1,1,0,1,0,1,1,1,1,1,1,1,1,0,0,1,1,1,0,1,0.667277
1,0,1,1,1,0,0,1,1,1,1,1,0,0,1,1,1,1,0,1,0,0,0,0,1,1,1,1,0,1,0,0,0.645559
0,0,1,1,0,0,0,0,1,1,0,1,1,0,1,0,0,1,1,0,0,0,1,0,1,1,1,0,1,0,0,1,0.621031
0,0,0,1,1,0,0,0,1,0,1,0,0,0,0,0,0,0,1,1,0,0,0,1,0,0,0,0,0,1,0,1,0.545067
1,0,0,0,1,1,1,0,0,0,1,1,0,0,1,0,0,0,0,1,1,0,0,1,0,0,0,0,1,1,0,1,0.576315
1,0,0,0,0,1,0,0,1,0,1,1,0,0,1,0,0,0,1,1,0,0,1,0,0,0,0,0,0,0,1,0,0.572779
1,1,0,0,0,0,1,0,0,1,0,1,0,1,0,0,1,1,1,1,1,1,1,1,0,1,0,1,0,0,1,1,0.653458
1,1,1,1,0,1,0,0,1,0,1,0,0,1,1,1,0,1,1,1,0,0,1,1,1,1,1,1,1,1,1,0,0.638862
1,0,1,0,0,0,0,0,1,1,1,0,0,0,0,0,0,0,1,1,1,1,0,0,0,1,1,0,1,1,0,1,0.638060
1,0,0,0,0,1,0,1,0,1,1,1,0,0,0,0,0,1,0,1,1,1,0,1,1,0,1,0,1,1,0,0,0.646386
1,1,1,1,1,0,1,1,1,0,1,1,0,0,0,1,0,0,1,0,1,0,1,0,0,1,0,0,1,0,0,0,0.617545
0,0,0,0,1,0,0,1,1,1,1,1,1,1,1,1,0,0,1,1,1,1,1,0,1,0,0,1,0,0,1,1,0.646311
1,1,0,1,1,1,0,1,1,1,1,1,1,0,1,1,1,1,0,0,1,1,1,0,1,0,0,0,1,1,1,0,0.636781
1,0,0,0,1,0,1,0,1,1,0,1,0,1,1,1,0,0,0,1,0,0,1,0,0,0,0,1,0,1,1,1,0.594322
0,0,0,1,0,1,1,1,1,0,0,1,1,1,0,0,1,1,1,0,0,1,1,1,0,1,1,0,0,1,1,0,0.626198
1,0,0,1,0,0,0,0,0,1,0,1,0,1,1,0,1,1,1,0,1,0,1,0,0,1,0,0,0,0,1,1,0.594071
0,1,0,0,1,1,1,1,0,0,1,0,0,1,0,0,0,1,0,1,1,0,1,1,0,1,0,0,1,0,1,0,0.601821
1,0,0,0,1,0,1,0,0,1,1,0,0,0,0,0,1,1,1,0,0,0,1,1,1,1,1,1,1,0,1,0,0.638637
1,1,1,0,1,1,1,0,0,0,1,0,1,0,0,0,0,1,0,1,0,1,0,1,0,1,1,0,1,0,0,0,0.656117
1,1,1,0,0,0,1,1,0,1,0,1,0,1,0,0,0,0,1,1,1,1,1,1,0,1,1,0,0,1,1,1,0.662838
0,1,0,0,0,0,0,0,0,1,1,0,1,1,1,0,1,0,1,0,1,1,1,0,0,0,0,1,1,1,0,1,0.612780
1,1,0,1,1,0,0,1,0,0,0,0,0,0,1,0,0,1,0,1,1,0,0,0,0,1,0,0,0,0,0,1,0.621357
0,0,1,0,0,0,0,1,0,1,0,1,1,1,1,1,0,0,1,0,0,1,1,1,0,0,0,0,0,0,1,0,0.665572
1,1,1,1,0,1,0,0,0,0,0,1,0,1,0,0,0,0,1,1,1,0,1,0,0,1,1,0,1,0,1,1,0.613733
0,1,1,1,0,1,1,1,0,0,0,1,0,1,0,1,1,0,1,1,1,1,1,0,1,1,1,0,1,0,1,1,0.628154
0,0,1,1,0,0,0,0,1,1,1,0,0,0,1,1,0,1,1,1,1,1,1,1,1,0,0,1,0,0,1,0,0.614285
1,1,1,0,1,1,1,1,0,0,0,0,0,0,0,0,0,1,0,0,1,1,1,0,0,1,0,0,1,0,0,1,0.622436
0,1,1,1,0,1,0,0,0,1,1,1,1,1,0,1,0,1,1,1,1,0,0,1,0,0,1,0,1,1,1,0,0.628179
0,0,1,0,0,1,1,0,1,0,0,0,1,0,0,0,1,1,1,1,1,0,0,0,0,1,1,0,0,1,1,0,0.601520
0,1,1,1,1,1,1,0,1,0,0,0,0,0,1,1,0,0,1,0,0,1,0,0,0,1,1,0,0,1,1,0,0.607714
1,1,0,1,0,1,1,1,0,1,0,0,0,1,1,1,1,1,1,0,0,1,0,1,1,1,0,0,0,1,1,0,0.606811
1,1,1,0,1,1,0,0,0,1,0,0,0,0,1,1,0,0,0,0,1,0,0,0,1,0,1,0,1,1,0,1,0.613808
0,1,1,0,1,0,0,0,0,1,1,1,1,0,1,0,0,0,0,1,1,0,1,1,0,0,1,1,1,1,0,0,0.613056
0,1,0,1,1,0,1,1,0,0,0,0,1,0,0,0,1,1,0,1,0,1,0,0,0,1,0,1,1,0,1,0,0.605658
0,1,1,1,0,0,1,0,0,0,1,0,1,0,1,0,0,0,1,0,1,0,0,1,1,1,1,1,0,1,1,0,0.612580
1,0,1,1,1,1,0,1,1,0,1,1,1,0,0,0,1,1,0,1,1,1,0,0,1,0,0,1,0,0,0,1,0.636329
1,1,0,0,0,0,1,0,1,0,0,0,1,0,1,1,0,0,1,1,1,1,0,0,0,0,1,0,1,0,1,1,0.605432
1,0,0,1,0,1,0,1,1,1,1,0,1,0,1,1,0,1,1,0,1,0,1,0,1,1,0,1,0,0,0,0,0.615890
0,0,0,1,1,0,0,1,1,0,0,1,0,1,0,1,0,1,1,1,0,1,0,1,0,1,0,1,0,0,1,1,0.687616
0,0,0,0,1,1,1,1,0,1,0,0,1,1,1,0,1,0,0,1,1,0,1,1,1,1,1,1,1,1,0,0,0.671064
1,0,1,0,1,1,0,0,0,0,1,0,0,1,0,0,0,0,1,0,1,1,1,0,0,1,0,1,1,0,0,1,0.605532
1,1,0,1,0,0,1,1,1,1,1,0,1,0,0,1,0,1,1,0,0,1,0,1,1,1,1,1,0,1,1,0,0.624392
1,1,0,0,0,0,0,1,1,1,0,0,0,0,0,1,0,0,0,1,0,1,0,0,1,1,1,0,1,0,1,1,0.623815
1,1,1,1,1,1,0,1,1,1,1,1,1,1,1,1,1,0,0,0,1,1,0,1,0,0,0,0,1,0,1,1,0.562547
0,0,1,1,0,1,1,1,1,0,1,0,0,0,1,1,1,0,0,0,0,1,0,0,0,0,1,0,1,0,0,0,0.597457
1,1,1,0,0,1,1,1,0,0,0,1,1,0,1,0,0,1,0,0,1,1,1,0,0,1,1,0,0,0,1,1,0.620354
1,1,1,0,0,0,1,1,1,0,0,1,1,0,0,1,0,0,1,1,0,0,0,1,0,1,0,0,1,0,1,1,0.619426
1,1,1,0,1,1,1,1,1,1,0,0,0,1,1,1,1,0,0,0,1,1,0,1,1,1,0,0,0,0,1,1,0.610849
1,1,1,0,1,0,1,0,1,1,1,1,1,0,1,1,0,0,0,1,1,0,0,1,1,1,0,1,0,1,1,0,0.639339
0,0,0,1,1,1,1,0,1,0,1,1,1,1,0,1,0,0,0,1,0,0,1,0,1,1,0,0,0,1,1,1,0.611175
1,1,1,0,0,0,0,0,1,0,1,1,0,1,1,0,0,1,0,0,1,1,1,1,1,1,1,1,1,1,0,1,0.649320
0,1,0,0,1,0,1,0,0,0,0,1,1,0,1,1,1,0,0,1,0,1,0,1,0,0,1,0,0,1,0,1,0.600592
1,0,0,0,1,0,1,1,1,1,1,1,0,1,0,0,0,1,0,0,0,1,0,0,0,0,1,0,1,0,0,1,0.597758
1,1,0,0,1,0,0,0,0,1,1,0,0,1,0,1,0,0,1,0,1,1,0,1,0,0,1,0,1,0,0,0,0.595777
0,1,1,0,0,1,1,0,0,0,1,0,0,0,1,0,0,0,0,1,1,0,1,1,1,1,1,0,1,1,1,1,0.659678
1,0,0,0,1,1,1,0,0,0,1,1,0,1,1,0,1,1,0,0,1,0,0,1,1,1,1,0,0,0,1,0,0.605181
0,1,1,0,1,0,1,1,0,0,0,0,1,1,1,0,0,1,0,1,1,1,1,0,0,0,1,1,0,0,0,1,0.609395
0,0,1,1,0,0,1,0,0,0,0,0,0,1,0,0,0,0,1,1,0,1,1,0,1,1,1,0,1,0,0,0,0.613959
1,1,0,1,0,1,0,1,0,0,0,1,1,1,1,1,0,1,1,1,0,1,1,0,1,0,0,1,1,0,0,1,0.631088
1,1,1,0,0,1,0,0,0,1,0,0,0,0,0,0,1,0,0,1,0,1,1,1,1,0,0,1,1,0,0,1,0.632668
1,1,1,0,0,0,0,0,0,1,1,1,0,0,0,0,0,1,0,1,0,0,1,0,0,0,1,1,0,1,0,1,0.587074
1,0,0,1,1,1,1,0,1,0,1,1,0,1,0,0,1,0,1,0,0,1,0,0,0,1,1,0,1,1,1,1,0.622210
0,0,1,1,1,0,0,1,1,1,1,1,1,1,1,1,1,1,0,0,0,1,1,1,0,0,1,1,1,0,0,1,0.678989
1,0,0,0,0,0,0,1,0,0,0,1,1,0,1,1,1,0,1,1,1,1,1,1,0,0,0,0,0,1,0,1,0.624392
1,1,1,1,1,1,1,1,1,0,1,1,1,1,1,0,0,0,0,1,0,0,0,1,0,1,1,1,0,0,0,1,0.634047
0,0,1,0,1,1,1,1,0,0,0,0,1,1,1,0,1,1,0,0,1,0,1,1,1,0,1,1,1,1,1,1,0.687817
1,1,1,1,0,1,0,0,1,0,1,1,0,0,0,0,0,0,1,0,1,1,1,0,1,1,0,0,1,0,0,1,0.636655
1,1,1,0,1,0,0,1,1,1,0,1,1,1,0,0,0,0,1,0,1,1,0,1,0,1,1,1,1,0,1,0,0.627125
0,1,0,1,1,1,0,1,1,0,0,1,1,1,1,0,1,1,1,0,1,0,1,1,0,1,1,1,1,1,1,1,0.648117
0,1,1,1,0,1,0,1,1,1,0,0,0,1,1,1,0,0,0,1,0,1,0,1,1,0,0,0,1,1,0,1,0.616718
1,1,0,0,0,1,1,0,0,1,0,0,0,0,1,1,1,0,0,1,0,1,1,0,0,0,1,0,1,1,1,0,0.603852
1,0,1,1,0,0,1,0,0,0,1,0,1,1,1,1,0,0,0,1,0,0,1,0,1,1,1,1,1,0,0,0,0.622561
0,1,0,0,0,0,0,0,0,0,1,0,0,1,1,1,1,0,1,1,1,0,0,0,0,1,1,0,1,0,0,1,0.576792
1,0,1,0,0,1,1,0,1,1,1,0,1,1,1,1,1,1,0,0,0,1,1,1,1,1,0,1,0,0,1,1,0.627176
1,0,0,0,1,1,1,1,1,0,1,1,1,0,0,0,0,0,0,0,0,1,1,0,1,1,1,1,0,1,0,1,0.596705
1,1,1,1,1,1,1,1,0,0,1,0,0,1,1,1,1,0,1,1,1,1,1,1,0,1,0,0,1,1,0,0,0.650399
1,0,0,0,0,0,0,1,0,1,0,0,0,0,0,1,1,1,0,1,0,0,0,1,0,0,0,1,0,1,0,0,0.571275
0,1,1,1,1,1,1,0,0,0,1,0,0,0,1,1,1,1,0,0,0,1,0,1,1,1,1,0,1,1,1,0,0.631238
0,1,0,0,1,0,1,0,1,0,0,1,0,1,0,0,0,0,1,0,1,0,1,1,1,1,0,1,1,1,0,1,0.613081
0,0,1,1,0,1,1,0,1,0,1,1,1,1,0,0,1,0,0,0,0,0,0,0,0,0,0,0,0,0,0,1,0.594849
0,1,1,0,0,0,1,1,1,1,0,0,0,1,0,0,0,1,1,0,0,0,1,1,0,1,0,0,1,1,1,1,0.634323
0,0,1,0,0,0,1,0,0,0,1,0,0,1,1,0,0,1,1,1,1,1,0,1,0,0,0,0,1,1,1,0,0.588755
1,0,1,0,1,0,0,1,1,0,0,0,1,1,0,0,0,0,0,0,1,1,0,1,1,0,1,1,1,1,0,1,0.607263
1,0,0,0,0,1,1,0,1,1,0,1,0,0,0,1,1,0,1,1,1,0,0,0,1,0,0,1,1,1,0,1,0.598159
0,1,0,0,0,1,0,0,0,1,1,1,0,0,1,1,0,1,1,0,0,0,0,1,0,1,1,1,0,0,1,0,0.643627
0,0,1,0,1,1,1,0,1,0,1,1,0,1,0,0,1,1,0,1,1,1,1,1,0,0,1,1,1,0,1,1,0.645032
1,0,0,0,0,1,0,0,1,0,1,0,0,1,1,0,0,0,0,1,0,0,1,1,1,1,0,1,1,0,0,0,0.589005
1,1,0,1,0,0,1,0,0,1,1,1,0,0,0,0,1,0,1,0,0,1,0,0,1,1,0,1,1,0,0,1,0.608291
1,1,1,0,1,0,1,0,0,0,0,0,0,1,0,0,1,1,0,1,1,1,0,0,0,0,1,1,1,1,1,1,0.630787
1,1,1,0,0,0,0,0,0,1,1,0,1,1,0,1,0,0,0,0,1,0,1,1,0,1,1,0,1,1,1,0,0.593143
0,1,0,1,0,0,0,0,0,0,0,0,0,1,0,0,1,1,0,1,1,1,1,0,1,1,1,0,0,0,0,0,0.610573
1,0,1,1,1,1,0,1,0,0,1,0,1,0,0,0,1,0,0,0,0,1,1,0,0,0,1,1,1,1,1,1,0.618599
0,0,0,0,0,0,0,1,0,0,0,0,0,0,1,1,1,0,0,0,0,1,1,0,0,0,1,1,1,0,0,0,0.521041
0,0,0,0,0,1,1,1,1,1,0,0,1,0,1,1,0,0,0,1,0,0,0,0,0,0,1,0,0,1,0,0,0.560165
0,1,1,0,0,0,0,1,1,0,0,1,1,1,0,0,1,0,1,0,0,0,1,1,0,1,1,0,1,0,0,0,0.615388
0,0,0,1,0,0,0,0,0,0,1,0,1,0,0,0,1,0,0,0,1,1,1,0,0,0,1,1,0,0,0,1,0.543763
1,0,0,1,0,1,0,1,1,1,0,0,0,0,0,1,0,1,1,1,1,1,0,0,1,1,0,0,1,0,1,1,0.626674
1,0,1,1,1,0,1,1,1,0,1,1,0,1,0,1,1,1,0,1,1,0,0,1,1,0,1,0,0,1,0,1,0.648744
0,0,0,0,0,0,0,0,0,0,0,1,1,1,1,0,1,1,1,0,1,1,1,1,0,1,0,0,1,1,0,1,0.678713
1,0,0,1,1,1,0,0,1,0,1,0,1,0,1,0,0,1,0,1,0,0,0,0,1,1,0,1,0,0,0,0,0.596153
0,0,0,0,1,0,1,1,1,1,0,1,1,1,0,0,0,1,0,0,1,1,0,1,1,1,0,0,1,1,1,1,0.649421
1,1,0,1,0,0,1,0,0,0,0,1,0,0,1,0,0,1,0,1,1,1,1,1,0,0,1,1,1,0,1,0,0.637132
0,1,0,1,0,1,0,1,1,1,0,0,1,0,0,0,1,1,1,0,0,1,0,1,0,1,0,0,1,1,0,0,0.633069
0,1,1,0,1,0,0,0,0,1,1,1,1,1,0,0,1,1,0,1,0,0,1,0,1,1,0,0,0,1,0,0,0.607313
1,1,1,0,0,0,0,1,0,0,1,1,0,1,1,0,1,1,0,0,0,0,1,0,0,0,0,1,0,0,1,1,0.611376
1,1,0,1,0,0,0,0,0,0,1,1,0,0,0,1,1,0,0,1,1,0,0,0,0,1,0,1,1,1,0,0,0.600241
1,1,1,1,1,1,0,0,1,1,1,1,1,0,0,1,0,0,0,0,0,0,1,1,1,0,1,1,1,1,0,1,0.636781
1,1,0,1,1,1,1,0,1,0,1,1,0,0,0,0,1,0,1,0,1,1,1,1,1,1,1,1,0,1,1,0,0.667452
0,1,1,1,0,0,0,1,1,1,0,1,1,1,1,0,1,1,0,0,1,0,0,0,0,1,0,1,0,1,0,1,0.616216
0,0,1,0,1,1,0,1,0,1,0,1,1,0,1,0,0,0,0,1,0,0,0,1,0,0,0,0,1,0,1,1,0.578372
1,1,0,0,1,0,1,1,0,1,0,1,0,0,0,0,0,1,0,1,1,1,1,0,1,0,1,0,1,1,0,1,0.611627
0,0,1,1,1,0,0,1,0,1,1,0,1,0,1,1,1,0,0,1,1,1,1,0,1,1,1,0,0,1,1,1,0.651502
1,0,0,0,1,1,1,1,1,1,1,0,1,1,1,0,1,1,0,0,0,1,0,1,0,1,0,1,0,0,0,0,0.624768
0,1,1,1,1,0,1,0,1,1,1,0,0,1,0,1,1,1,0,1,1,0,0,1,0,0,0,0,1,1,1,0,0.609595
0,1,1,1,0,0,1,0,0,0,0,0,1,1,0,0,0,0,0,0,1,1,1,1,0,1,1,1,0,1,0,1,0.597532
1,0,0,0,0,1,0,0,0,1,1,0,1,1,0,1,1,0,0,1,0,0,1,1,1,0,1,1,0,0,0,0,0.612981
0,0,1,0,1,1,0,0,1,0,0,1,1,0,0,1,1,0,0,0,1,1,1,1,0,0,1,1,1,1,1,1,0.717410
1,1,1,0,0,1,0,1,0,0,1,0,1,1,1,1,1,1,1,0,1,0,1,0,1,0,0,0,0,0,1,0,0.601369
0,1,0,0,0,0,1,0,0,0,1,0,1,1,1,1,0,1,1,1,1,0,1,1,0,0,0,1,0,1,0,0,0.590460
1,1,1,1,0,0,1,1,0,1,1,0,0,0,1,0,0,1,1,1,1,1,0,1,0,0,1,1,0,1,1,1,0.640618
0,1,0,0,1,0,0,0,1,0,1,1,0,0,0,1,0,0,0,1,0,0,0,1,0,0,1,1,1,1,0,0,0.572880
0,0,1,0,1,0,1,1,0,1,0,1,1,1,0,1,1,1,1,0,0,1,0,0,0,1,0,1,1,0,1,0,0.592065
0,1,0,1,0,1,1,1,0,0,0,1,1,0,0,0,0,0,0,0,0,0,1,1,0,0,1,0,0,1,0,1,0.609696
0,1,1,1,0,0,1,0,0,1,1,1,0,0,1,0,1,0,0,1,0,0,1,1,0,0,1,1,1,1,1,0,0.619276
0,1,1,1,0,1,1,1,0,0,0,0,1,1,1,0,1,1,0,1,1,1,1,0,1,1,1,1,0,0,0,0,0.637333
0,1,0,0,0,1,1,0,0,1,1,1,0,0,1,1,0,1,1,0,1,0,1,0,0,1,0,0,1,1,1,1,0.642499
1,0,1,0,0,0,0,0,1,1,1,1,0,1,1,1,0,1,1,1,0,0,0,1,1,0,0,1,0,1,1,1,0.651753
1,0,1,1,0,0,1,1,0,1,1,0,1,0,0,0,0,0,0,1,1,1,1,0,0,0,0,0,1,1,1,1,0.595125
0,1,0,0,0,1,0,0,1,0,1,1,1,0,1,0,1,1,1,1,0,0,1,0,0,0,0,1,0,0,1,1,0.615815
1,0,0,0,1,1,0,1,1,0,1,0,1,1,0,1,0,0,1,1,1,0,1,0,1,0,1,1,1,0,0,0,0.608065
1,1,1,1,1,1,1,0,1,1,0,1,0,1,0,0,1,1,1,0,0,0,0,0,1,1,0,1,0,0,1,0,0.631339
0,1,1,1,0,0,1,1,0,1,1,1,1,0,1,1,0,1,0,1,1,0,0,1,1,1,1,0,0,1,1,0,0.622285
1,0,1,1,0,0,0,0,1,0,1,1,1,1,0,1,1,1,1,0,1,1,0,1,0,1,0,0,0,0,0,0,0.661107
1,0,0,1,0,1,1,1,1,1,1,1,0,0,1,1,0,1,1,1,1,0,0,1,1,0,0,1,0,1,1,0,0.639690
0,0,0,1,0,1,0,0,0,0,0,0,0,0,1,0,0,1,1,1,1,0,0,0,0,0,0,1,1,1,1,0,0.546346
1,1,0,0,0,1,0,1,1,0,1,0,1,0,1,1,1,1,1,1,1,0,0,0,0,0,0,0,0,0,0,1,0.624768
0,0,1,0,1,0,0,0,1,1,0,0,0,1,1,0,0,0,1,0,0,0,0,0,1,0,1,0,0,1,0,1,0.617144
0,0,1,1,1,0,1,1,1,1,0,1,0,1,0,0,0,1,0,0,0,0,1,0,0,1,1,1,0,0,0,0,0.599338
1,1,0,0,1,0,0,1,1,1,1,0,0,0,0,1,1,0,1,1,0,1,0,0,1,1,1,1,0,1,1,0,0.621232
1,1,1,1,1,1,0,1,0,1,0,0,0,0,1,1,1,0,1,1,0,1,1,0,0,1,0,0,0,1,1,0,0.633771
1,0,0,0,1,1,0,1,0,0,1,1,0,0,1,1,0,1,0,1,1,1,1,0,0,0,1,0,0,0,1,0,0.604529
1,1,0,1,0,1,0,1,1,1,1,0,0,0,1,0,1,1,0,1,0,0,0,1,1,0,1,0,1,1,0,0,0.651051
0,0,1,1,0,0,1,0,1,0,0,0,1,1,0,1,0,1,0,1,1,1,1,0,0,0,1,1,1,0,0,0,0.591012
0,0,1,1,0,0,0,0,1,1,0,0,1,0,0,1,0,1,0,1,1,1,0,1,0,1,1,0,1,0,1,1,0.616668
0,1,0,0,0,1,1,0,1,0,0,1,0,0,0,1,1,1,0,0,1,1,0,0,0,1,1,0,1,0,1,0,0.591764
1,0,0,1,1,0,0,1,1,0,0,1,0,1,1,1,1,0,1,0,1,0,0,1,1,0,1,0,0,0,1,0,0.613984
1,0,1,1,1,1,1,1,1,1,1,0,0,1,1,0,1,1,1,1,1,1,0,0,0,0,0,1,0,0,0,1,0.651728
0,0,0,0,1,0,0,1,1,1,0,0,1,1,0,1,0,0,1,0,1,1,0,1,0,1,1,0,0,0,1,0,0.550033
0,0,1,0,0,1,0,1,1,0,0,1,0,0,0,0,1,1,0,0,0,0,0,0,0,1,1,1,0,0,0,0,0.595501
1,0,1,1,0,0,1,1,0,1,1,0,0,1,0,1,1,1,0,0,0,1,0,1,0,1,1,0,1,1,1,0,0.616316
1,0,0,1,1,1,1,0,1,1,1,0,1,0,0,0,0,1,0,1,1,1,1,0,0,0,0,1,0,1,0,0,0.613658
0,0,0,0,1,0,1,1,0,1,1,0,0,0,1,1,0,1,1,0,0,1,1,1,0,0,1,0,1,0,0,1,0.607840
0,0,0,0,0,0,1,1,1,1,1,1,0,0,1,1,0,0,1,1,1,0,0,1,0,1,0,1,0,0,1,0,0.557632
1,1,0,1,0,0,0,0,1,0,1,1,1,1,1,1,0,0,0,1,1,1,0,1,0,0,1,0,1,1,1,0,0.629132
1,0,0,0,1,1,0,0,1,0,0,0,0,0,1,0,1,1,0,0,0,1,0,1,0,0,1,1,1,0,1,0,0.608266
0,1,1,0,0,0,0,0,1,0,1,1,0,0,0,1,1,0,0,1,0,1,1,1,1,1,1,0,1,1,0,1,0.666424
0,1,0,1,0,0,1,0,0,1,1,1,0,1,1,0,0,1,0,0,0,0,1,1,0,0,1,0,0,0,1,0,0.583664
0,1,0,1,0,1,0,0,1,1,0,1,1,0,0,1,1,0,0,0,0,1,0,0,1,1,1,1,1,1,0,0,0.610924
1,0,0,0,0,1,0,0,0,1,1,0,1,1,1,0,1,1,0,1,0,1,0,0,1,0,1,0,1,0,1,0,0.606887
0,1,1,1,1,1,0,1,1,1,1,0,0,1,0,0,1,1,0,1,1,0,1,1,0,1,1,0,0,1,1,0,0.621959
0,1,0,1,0,0,1,1,1,1,0,0,1,1,1,0,1,1,1,0,1,1,0,1,1,0,0,0,1,0,0,0,0.630837
0,1,1,0,0,1,0,0,0,0,1,0,0,0,0,0,1,0,0,1,1,0,0,0,0,0,0,1,1,1,1,0,0.583413
1,0,1,1,1,1,0,0,1,0,1,1,1,0,0,0,1,1,1,0,1,1,0,1,1,1,0,1,1,0,1,0,0.658374
1,1,1,0,1,0,0,1,0,1,0,0,1,0,0,0,0,1,1,1,0,0,1,0,1,1,1,1,0,1,0,1,0.627276
0,1,1,0,1,0,1,0,0,0,1,1,0,1,0,0,1,0,0,1,1,0,1,0,0,1,1,0,0,0,1,1,0.612454
0,0,0,1,0,1,1,0,0,1,0,0,0,1,1,1,1,0,1,1,0,0,1,0,1,1,1,0,0,1,1,0,0.614084
0,0,1,1,1,1,0,1,1,0,0,0,1,0,0,0,1,0,1,1,0,1,0,0,1,0,1,1,1,0,0,1,0.707378
0,0,0,0,0,0,0,1,0,1,0,1,0,0,0,0,0,0,0,0,1,1,1,0,0,1,0,0,0,0,0,1,0.481166
0,0,1,1,1,0,1,0,1,0,1,1,1,0,0,1,1,1,1,0,1,0,0,1,0,1,0,0,1,1,1,1,0.627627
0,1,0,0,1,1,1,1,1,0,0,1,0,1,1,1,0,1,0,1,0,1,1,1,1,1,0,1,1,1,0,1,0.663189
1,0,0,0,0,1,1,1,0,0,1,0,0,0,0,0,0,1,0,0,1,0,0,1,1,0,0,0,0,1,0,1,0.592542
1,0,0,0,0,1,1,1,1,1,0,0,1,0,1,1,0,1,1,0,0,0,1,0,1,1,0,0,1,1,0,0,0.613783
1,0,1,1,1,1,0,0,0,0,0,1,0,1,1,0,0,0,0,0,0,0,1,0,0,1,1,1,0,0,0,1,0.601144
1,1,0,1,0,0,0,0,1,0,1,0,1,0,1,1,0,0,0,1,0,1,0,0,1,0,0,0,0,1,0,1,0.665772
0,1,1,1,0,0,1,1,1,0,1,0,1,0,1,1,1,0,0,0,0,1,0,0,1,0,0,0,0,1,1,1,0.632718
1,0,1,0,0,1,0,1,1,1,1,0,0,1,0,0,0,1,1,1,1,1,1,0,1,1,1,1,1,0,1,0,0.639690
0,0,0,1,0,0,1,1,1,0,0,0,0,1,0,1,0,0,0,1,0,1,0,0,1,0,0,0,1,0,1,1,0.614461
0,0,0,1,1,0,1,1,1,0,1,0,0,0,0,0,0,1,1,0,0,0,0,0,0,0,0,0,1,1,1,0,0.565632
0,1,0,1,0,1,1,0,1,1,0,1,0,1,1,1,1,1,1,0,1,1,1,0,0,1,0,0,0,1,1,0,0.602172
0,0,1,1,1,0,0,1,1,1,0,1,0,1,0,0,0,0,0,1,0,1,1,1,0,1,1,1,0,0,0,0,0.613934
1,0,1,0,1,0,0,0,1,1,1,0,1,1,1,0,0,0,0,1,0,0,1,1,1,0,0,0,0,1,1,1,0.605206
1,0,1,0,1,1,0,1,0,1,1,0,0,1,1,0,0,0,0,0,0,0,1,0,0,1,1,1,1,0,1,0,0.596354
0,0,1,0,0,0,1,1,1,1,1,1,1,1,1,0,0,1,1,0,0,1,1,1,1,1,1,1,1,1,0,0,0.641772
0,1,1,0,1,1,1,1,1,0,1,0,0,1,0,0,0,0,1,1,0,1,1,0,1,0,1,0,0,1,0,0,0.612254
0,1,1,0,0,0,1,0,0,0,1,0,0,1,1,0,1,1,0,0,1,0,1,0,1,1,1,0,0,0,0,1,0.645709
0,1,1,1,0,0,0,1,1,0,0,0,0,1,1,0,0,0,1,1,1,1,0,0,1,0,1,0,1,0,0,0,0.597808
0,0,1,1,1,1,1,0,0,0,0,0,0,1,0,1,1,0,0,0,1,1,1,0,0,1,1,0,1,0,1,0,0.562497
0,1,0,0,1,1,1,1,1,0,1,0,1,0,1,0,0,1,1,1,0,0,1,1,0,1,1,0,0,0,1,1,0.637608
1,1,1,1,0,1,1,0,1,0,0,0,0,0,1,0,0,1,0,0,0,1,0,1,1,1,1,1,1,0,0,0,0.631414
0,1,1,0,1,1,1,0,1,1,1,0,0,0,0,1,1,0,0,0,0,1,1,1,1,0,0,0,1,0,1,1,0.629433
0,1,1,1,1,0,1,1,1,1,0,0,1,1,1,1,1,1,0,0,0,1,1,1,1,1,0,1,0,0,1,1,0.659327
1,1,1,0,1,0,0,1,1,1,1,0,1,0,0,1,0,0,1,1,1,0,0,0,0,0,0,0,1,1,1,1,0.608692
1,0,0,1,1,0,0,0,0,1,0,0,0,1,1,0,0,0,1,0,1,1,0,1,0,0,0,0,0,1,1,1,0.603376
1,1,1,1,0,1,1,1,0,0,1,0,0,0,1,0,0,1,0,0,1,1,1,1,0,1,1,0,1,1,0,1,0.689045
1,1,1,0,1,1,1,1,0,1,1,1,0,0,1,0,1,0,0,1,0,1,1,1,0,0,1,0,0,0,1,1,0.633822
1,0,1,1,0,1,1,1,1,0,0,1,0,0,1,0,1,1,0,1,0,1,1,0,0,0,0,0,1,1,1,1,0.616743
1,1,1,0,1,0,1,0,0,1,0,0,0,1,0,1,0,0,0,0,1,1,1,1,1,0,0,0,0,1,0,1,0.571500
1,0,0,1,0,1,0,0,1,1,1,0,0,1,0,0,1,1,1,0,1,1,1,0,0,1,1,1,1,1,1,1,0.717510
1,0,0,1,1,0,0,1,0,1,1,0,1,0,1,1,0,0,1,0,0,1,0,0,0,1,0,0,0,1,1,0,0.600341
0,0,0,0,0,1,1,1,0,0,1,1,0,1,1,1,0,0,0,0,0,1,1,0,0,1,0,1,0,0,0,0,0.518358
1,1,0,1,0,1,1,1,1,1,1,0,0,0,0,0,1,1,1,0,0,1,0,1,1,0,0,1,0,1,1,0,0.622386
1,1,0,1,1,1,1,0,0,1,0,0,0,1,0,1,1,0,0,0,0,1,1,1,0,1,1,1,1,0,1,1,0.624843
0,1,1,1,1,1,0,0,0,0,0,1,0,1,0,1,1,0,0,0,0,1,0,1,0,1,0,1,0,0,1,1,0.721372
0,0,1,0,0,0,0,0,1,0,1,1,1,1,1,0,0,1,0,1,0,0,0,0,1,0,1,0,0,1,0,0,0.637182
1,0,1,1,0,1,0,0,1,0,1,0,0,0,1,0,0,0,0,0,1,0,1,0,0,1,1,0,1,0,0,0,0.610774
0,1,1,1,0,0,0,1,0,0,0,1,1,0,0,0,0,0,0,1,0,1,0,1,0,0,1,0,0,0,0,1,0.588654
1,1,1,0,1,0,0,1,1,1,1,0,0,0,0,0,1,1,0,0,1,0,1,0,0,0,1,1,0,0,0,1,0.629834
1,0,1,1,0,1,1,0,1,1,1,0,1,0,0,1,0,0,0,0,1,1,1,1,1,0,1,0,0,1,0,1,0.617495
0,0,1,1,0,1,1,0,0,0,0,0,1,0,0,0,0,0,0,1,0,1,1,0,1,1,0,1,1,1,0,0,0.614034
0,1,1,0,0,1,0,1,0,1,0,1,1,0,1,1,0,1,1,0,0,0,1,1,0,0,0,0,0,0,0,0,0.675453
1,1,0,1,0,0,1,1,0,0,0,0,1,0,0,0,0,0,0,0,0,0,0,0,0,0,0,0,0,1,0,0,0.649496
0,0,1,1,0,0,1,0,0,0,0,1,1,1,1,0,0,0,0,0,1,0,0,1,0,1,1,1,1,0,0,0,0.555976
0,0,1,0,0,1,0,0,1,1,0,1,0,0,1,0,0,1,0,1,1,1,0,0,0,1,0,1,0,0,0,0,0.533506
1,1,0,0,1,1,1,0,1,0,1,1,1,1,1,0,1,0,1,0,1,1,1,1,1,0,1,0,0,0,1,0,0.623163
