1,1,1,0,0,1,1,0,0,1,0,1,1,0,0,0,1,0,1,1,1,0,0,0,0,0,1,1,1,0,0,0,0.714834
0,1,1,0,0,0,0,0,1,0,1,0,1,1,1,0,1,0,0,0,1,0,0,1,0,1,1,0,1,0,1,0,0.645167
0,1,1,0,1,1,0,1,1,1,1,0,0,1,0,1,0,1,0,1,0,0,0,0,0,0,1,1,0,0,1,0,0.645567
1,0,1,1,1,0,0,1,1,0,0,0,1,0,0,0,1,1,0,1,1,1,0,1,0,1,0,1,1,1,0,0,0.668159
1,1,0,0,0,1,1,0,0,1,1,0,1,1,0,0,1,1,1,0,0,1,1,1,1,1,0,0,1,1,1,0,0.642770
0,0,1,0,1,1,0,1,0,1,1,1,0,0,0,1,1,0,0,1,0,0,0,0,0,0,1,1,0,0,0,0,0.616155
1,1,0,1,1,1,0,1,1,1,0,0,0,0,1,1,0,1,1,1,0,0,0,0,1,1,1,1,0,0,0,1,0.645540
0,1,0,0,1,0,1,0,1,1,1,0,0,1,1,1,1,1,1,0,1,0,0,0,0,1,1,0,1,0,0,0,0.658488
1,1,0,0,1,0,1,0,0,1,0,1,0,1,1,1,0,1,0,0,0,1,1,0,1,0,1,1,1,0,1,0,0.659713
1,1,1,1,1,0,1,1,1,1,0,0,0,0,0,1,1,0,1,1,0,1,1,0,1,0,1,0,0,1,0,1,0.653160
0,1,0,0,0,1,1,0,1,0,0,0,1,1,1,1,0,0,1,1,1,0,1,0,0,1,0,0,0,1,1,0,0.629236
0,0,1,0,0,0,0,1,1,1,1,0,0,1,0,0,1,0,1,1,0,1,1,0,0,0,0,1,0,0,0,0,0.634884
0,0,1,0,1,0,0,1,0,0,0,1,1,1,0,1,0,1,1,0,1,1,1,0,1,1,1,0,1,1,1,0,0.647778
0,0,0,0,1,0,0,0,1,1,1,0,0,1,1,0,1,1,0,1,1,1,0,0,1,0,1,1,1,1,0,0,0.720908
0,1,1,1,1,1,1,0,1,0,0,1,0,0,1,0,0,0,1,1,0,1,1,0,0,0,1,0,1,1,0,1,0.670663
1,0,1,1,0,0,0,0,1,1,0,0,0,1,0,1,0,1,1,0,0,1,0,0,0,1,1,0,0,1,1,1,0.617381
0,0,1,1,1,0,1,1,1,1,0,0,0,0,0,1,0,1,1,0,1,0,1,1,1,1,0,1,1,1,0,1,0.633365
1,0,0,1,1,1,0,1,0,1,1,0,1,1,1,0,1,1,0,0,1,0,0,0,0,1,0,1,1,0,1,1,0.663150
0,1,0,0,0,1,1,1,1,0,1,1,0,1,1,1,1,1,1,1,0,0,1,0,1,1,1,1,1,0,1,1,0.613731
1,1,1,1,1,0,0,0,1,0,0,1,0,1,0,0,0,1,1,1,1,1,0,1,0,1,0,1,1,0,0,0,0.673913
0,0,0,1,0,0,0,1,0,1,0,1,1,0,0,1,0,1,0,0,1,1,1,0,0,0,1,0,0,1,1,1,0.539562
0,1,1,0,0,0,0,0,1,1,1,1,0,0,0,1,0,0,0,1,1,0,1,0,0,1,0,0,0,0,1,1,0.616448
0,0,1,0,1,1,0,1,1,0,0,0,1,0,1,1,1,1,0,1,1,0,1,0,0,0,1,0,1,1,1,1,0.622629
0,1,1,0,1,1,1,0,1,0,0,1,1,0,0,0,0,1,0,0,0,1,0,1,0,0,0,0,0,1,0,1,0.666454
0,1,0,0,1,1,0,1,1,0,0,1,0,0,0,1,0,1,0,1,1,0,0,1,1,0,1,1,0,1,1,1,0.711157
0,1,1,1,0,0,0,1,1,0,0,0,1,0,1,0,1,0,1,0,1,0,1,1,1,0,1,0,1,1,0,1,0.691150
1,1,1,0,0,0,0,1,1,0,0,0,0,0,0,1,1,1,0,1,1,1,0,1,1,1,0,1,0,0,0,0,0.619059
1,0,1,0,1,0,1,0,0,0,1,1,1,0,0,1,0,1,0,0,1,0,1,1,1,0,1,1,1,1,1,1,0.626572
1,1,0,1,1,1,0,0,0,1,1,0,0,0,1,1,1,0,0,0,0,1,1,0,1,1,1,1,1,1,0,1,0.673540
0,0,0,1,1,0,1,0,0,1,1,1,1,0,0,0,1,0,0,0,1,1,1,1,0,0,0,0,0,0,0,0,0.645807
0,1,0,1,0,0,0,1,0,0,0,1,1,0,1,1,1,0,0,1,0,1,1,1,1,0,1,0,0,1,0,1,0.645807
1,0,0,0,1,0,1,0,0,0,0,1,1,1,0,0,1,1,0,0,1,0,0,0,1,0,0,1,1,0,0,1,0.622549
1,0,0,0,0,1,0,0,1,0,0,1,1,1,1,0,0,1,1,1,0,1,1,1,1,1,1,1,0,0,0,1,0.682172
0,0,1,0,1,0,1,0,1,1,0,1,1,1,1,1,0,0,0,1,0,1,1,1,0,1,0,1,0,0,0,1,0.679428
0,0,0,0,0,1,0,1,0,0,0,1,0,0,1,1,0,1,1,1,1,0,1,1,1,1,1,1,1,0,1,1,0.658328
0,0,1,0,1,1,0,1,1,1,1,0,1,0,1,1,1,1,0,1,1,0,0,1,1,1,1,1,0,1,1,0,0.687713
0,1,0,0,1,0,0,1,0,1,0,1,1,1,0,1,0,0,1,1,1,1,1,0,1,1,1,1,0,0,0,1,0.667120
1,1,1,1,1,1,1,0,0,0,1,1,0,0,1,0,1,1,0,1,0,1,0,0,1,1,1,1,1,0,1,0,0.738571
1,0,0,0,1,1,0,1,0,1,1,0,0,1,0,1,1,0,1,1,0,1,0,0,0,1,1,1,0,0,0,0,0.646712
1,0,0,1,0,0,0,0,1,0,1,0,1,1,1,0,1,1,1,0,0,1,0,1,0,0,1,1,0,1,0,1,0.650069
1,1,1,1,0,1,1,0,0,1,1,0,0,0,0,1,1,1,0,0,0,0,0,0,1,0,1,0,1,0,0,1,0.656650
1,1,0,0,0,1,1,0,1,1,1,1,0,0,1,1,1,0,0,0,0,0,0,0,0,1,0,0,0,1,1,0,0.665734
1,1,1,1,0,1,0,1,0,0,0,1,1,0,0,1,0,0,0,1,0,1,1,0,1,1,0,0,0,1,0,1,0.612559
0,0,0,0,1,1,1,1,1,1,0,0,0,0,1,1,1,0,0,1,1,1,1,0,0,1,1,0,0,1,0,0,0.611653
0,1,1,1,0,1,1,0,0,0,0,0,1,1,0,1,1,1,0,0,0,0,0,1,1,1,0,1,1,0,1,0,0.635230
0,1,0,0,1,0,0,1,0,0,1,0,0,0,0,1,0,0,1,0,0,1,0,0,1,0,1,1,0,0,0,0,0.566256
0,0,1,0,0,1,0,0,1,1,0,1,1,0,1,0,1,0,0,1,1,1,1,1,1,1,1,1,1,1,1,0,0.649004
1,1,0,0,0,1,0,0,1,1,1,1,1,0,0,0,0,0,1,0,1,0,1,1,1,0,0,0,1,1,0,0,0.646926
1,1,1,0,1,0,0,0,1,0,0,1,0,0,0,0,1,1,1,0,0,0,1,0,0,0,0,0,0,1,1,1,0.633472
1,1,0,1,1,0,0,0,0,0,1,0,1,0,0,0,1,0,0,0,0,0,1,0,0,0,1,1,0,0,0,1,0.655238
0,0,1,1,1,1,0,1,1,1,1,1,1,0,1,0,1,1,0,1,0,1,0,1,0,0,1,0,1,1,0,0,0.793265
0,0,1,0,0,0,1,0,1,1,1,1,0,0,0,0,1,0,1,0,1,0,0,1,0,0,1,0,1,0,1,1,0.675272
0,0,1,0,0,1,1,0,1,1,0,1,0,0,1,0,0,1,0,1,1,0,1,1,1,0,1,1,1,1,1,1,0.676604
1,1,0,1,1,1,1,0,0,1,1,0,0,0,1,1,0,1,1,0,1,1,1,1,1,1,0,0,1,1,0,1,0.645274
1,1,1,0,1,1,0,0,1,0,0,1,1,1,1,1,0,0,1,0,0,1,0,1,1,0,1,1,1,1,1,0,0.679348
0,1,0,1,0,0,0,1,0,1,1,1,1,1,0,1,1,0,1,0,1,0,1,0,1,0,1,0,1,0,0,0,0.637388
0,1,0,0,0,0,0,1,1,1,1,0,0,0,0,1,0,0,1,0,0,1,1,0,0,1,0,1,1,0,1,0,0.597506
0,1,0,0,1,0,1,1,1,1,0,1,1,0,0,0,0,0,0,1,1,1,1,0,1,1,0,1,1,0,1,0,0.685688
1,0,0,1,0,1,0,0,1,0,0,1,0,1,0,1,0,1,1,1,0,1,0,1,0,0,1,0,1,1,0,0,0.675272
0,1,0,1,0,1,0,1,0,0,1,0,0,1,0,1,1,0,1,1,1,1,0,0,1,1,0,0,1,0,1,0,0.641304
1,0,1,1,0,1,0,0,0,0,1,0,0,1,0,0,0,0,1,0,0,1,1,0,0,1,0,1,0,1,1,1,0.583094
0,0,0,0,0,0,1,1,1,0,1,0,1,1,1,1,1,0,1,1,0,1,1,0,0,0,1,0,1,0,0,0,0.626598
0,1,0,1,0,1,0,0,0,1,0,0,1,1,1,0,1,1,0,0,0,0,0,0,0,1,1,1,0,0,1,1,0.662750
0,1,0,1,1,0,0,0,0,1,1,0,1,0,1,1,1,0,0,1,0,0,1,1,1,0,0,1,1,0,1,1,0.691283
1,0,0,1,0,0,0,1,1,0,0,1,1,1,0,0,0,1,0,0,0,0,1,1,0,0,1,0,1,1,0,0,0.649190
0,0,1,1,1,0,1,1,1,1,1,1,0,1,0,1,0,1,1,1,1,1,0,1,0,0,1,0,0,1,1,0,0.659926
0,1,1,0,0,0,0,0,0,0,1,1,1,0,1,0,0,1,1,1,1,0,0,0,1,0,0,0,0,0,0,1,0.603234
0,1,1,0,1,1,1,1,0,1,0,0,0,0,0,1,0,1,1,1,0,0,0,1,0,0,1,1,0,1,1,1,0.719389
1,0,1,0,0,0,1,0,1,0,0,0,1,0,1,0,0,1,1,0,1,1,0,1,0,1,1,0,0,0,0,1,0.629609
0,0,1,1,1,0,1,1,1,0,0,1,0,0,1,0,0,1,0,0,0,1,0,1,1,0,0,0,0,0,1,0,0.625027
1,1,1,0,1,1,1,0,0,1,0,0,0,0,1,0,0,0,0,1,0,1,1,0,1,0,1,1,1,0,0,0,0.638614
0,0,0,1,1,1,0,0,1,0,0,1,1,1,0,1,0,1,0,1,1,1,1,0,0,0,1,0,0,1,1,1,0.649723
1,0,1,1,0,0,0,0,1,0,1,0,1,0,0,1,0,1,1,0,0,1,0,0,1,1,1,1,1,0,1,0,0.740116
0,1,1,0,1,0,0,1,0,1,1,0,1,1,1,1,1,0,0,1,0,1,0,1,1,0,1,0,0,1,0,0,0.641624
0,1,1,1,0,1,0,0,0,1,0,0,1,0,0,1,1,1,0,1,0,1,0,0,1,0,0,1,1,0,0,1,0.617247
0,1,0,0,1,0,1,0,0,1,0,1,0,0,1,0,1,1,1,0,0,0,1,0,1,1,0,0,1,0,1,0,0.613464
0,1,1,0,1,1,0,0,1,1,0,1,1,0,0,0,0,0,1,0,0,0,1,1,0,0,0,0,0,1,1,1,0.622283
0,1,0,1,0,0,0,1,1,1,1,1,0,1,0,1,0,0,0,1,0,1,0,1,1,0,1,0,1,1,1,0,0.645727
1,0,1,1,0,1,1,1,0,0,1,0,0,1,0,0,1,1,1,0,0,1,0,1,0,0,0,0,0,0,0,0,0.717365
1,1,0,1,1,0,0,0,1,1,1,1,0,0,0,0,1,0,1,1,0,1,1,0,1,1,0,1,1,1,1,1,0.639653
0,1,0,0,0,0,1,1,0,0,1,0,0,0,1,1,1,1,0,1,1,0,1,0,0,1,1,0,1,0,1,0,0.565111
0,1,1,0,0,1,1,1,1,0,0,0,1,1,0,0,0,1,0,1,1,1,1,1,1,0,0,1,0,0,0,1,0.701087
0,0,1,1,1,0,0,0,0,1,0,1,1,0,1,0,1,1,1,0,1,0,0,0,1,0,1,0,0,0,0,0,0.669251
0,0,0,1,1,0,0,0,0,1,0,1,1,1,1,0,0,1,0,0,1,1,1,0,0,1,1,1,0,1,0,1,0.634564
1,0,1,0,1,1,0,1,0,0,0,0,0,1,0,0,1,0,0,1,1,1,0,1,0,0,1,0,1,0,0,0,0.701034
0,0,1,0,1,1,1,1,0,1,0,0,1,1,0,0,1,0,0,1,0,1,0,0,0,1,1,0,1,1,1,0,0.646020
1,0,0,1,0,1,1,0,0,1,1,0,0,0,1,0,0,1,1,1,0,1,0,1,1,0,1,1,0,0,0,0,0.646872
0,0,0,1,0,0,0,1,0,0,1,0,1,1,1,1,1,1,1,1,1,0,0,0,1,0,0,0,1,0,0,1,0.647379
1,1,0,1,0,1,1,0,1,1,1,0,0,0,0,0,1,0,0,0,0,1,1,1,0,1,0,0,0,1,1,0,0.628437
1,1,0,1,1,0,0,0,1,0,0,0,1,1,0,1,1,1,0,0,1,0,1,1,0,0,1,0,0,1,0,1,0.676151
0,1,1,0,1,1,1,0,1,1,1,1,0,0,1,1,0,1,0,1,0,0,1,0,1,1,0,1,0,1,1,1,0.690617
1,0,1,0,1,1,0,1,1,0,1,0,1,0,0,0,0,1,0,0,1,1,0,0,0,0,1,0,1,1,0,0,0.620231
0,1,0,0,1,1,0,0,0,0,0,0,1,0,1,0,1,0,1,1,1,0,0,0,0,1,0,1,1,1,1,0,0.602994
0,0,1,1,0,1,1,1,0,0,1,0,0,1,0,1,1,0,0,1,0,1,1,1,0,1,0,0,0,0,1,1,0.645194
1,1,1,1,0,0,1,0,1,1,0,0,1,1,1,0,1,1,0,1,0,1,0,1,1,1,1,0,0,1,1,1,0.648631
0,1,1,1,0,1,1,0,1,1,1,0,1,0,1,1,0,0,1,0,1,0,0,1,1,1,0,1,1,0,0,1,0.645061
0,1,0,0,1,0,0,1,1,0,1,0,1,1,1,1,1,0,0,0,0,0,0,1,0,1,1,0,0,1,0,1,0.617647
0,1,0,1,0,1,0,0,1,1,0,1,0,0,1,0,0,0,1,0,1,1,0,1,1,0,1,1,1,0,0,1,0.649377
0,1,0,0,1,0,0,0,1,0,0,1,0,0,1,1,0,0,0,0,1,0,0,1,1,0,1,1,0,1,1,1,0.771712
0,1,0,1,0,0,1,1,0,1,0,1,1,1,1,1,1,0,1,0,0,0,1,0,0,0,0,1,0,1,1,0,0.559996
1,0,0,0,1,0,0,1,0,1,1,0,1,1,1,0,0,0,1,1,1,1,1,1,1,1,1,1,0,0,0,1,0.623695
0,0,1,1,1,0,1,1,1,1,0,0,0,0,0,0,1,1,1,1,1,1,1,1,0,1,1,0,1,0,1,0,0.700155
1,1,1,1,1,1,1,1,0,1,0,0,1,1,0,0,0,0,0,1,1,0,0,1,0,1,1,1,1,1,1,1,0.753303
1,1,0,1,0,0,0,0,0,0,0,1,1,1,1,1,1,1,1,0,1,0,0,0,1,1,0,0,0,1,1,0,0.677030
0,0,1,1,0,1,0,0,0,1,1,1,1,1,1,1,1,0,0,0,1,0,1,1,0,0,0,1,1,1,1,0,0.635870
1,0,1,1,1,0,1,1,1,1,0,1,0,0,0,0,1,1,0,1,1,1,1,0,0,1,0,1,0,1,1,1,0.653559
1,0,0,0,1,0,0,1,0,0,0,0,0,0,0,1,1,0,1,0,1,0,0,1,1,1,1,1,0,1,1,1,0.605605
1,0,0,1,0,1,1,0,0,0,0,0,0,1,1,0,0,0,0,0,0,1,1,1,0,1,0,0,0,0,1,1,0.621244
0,1,0,1,0,0,0,1,1,1,1,0,1,1,0,0,0,1,1,1,1,1,0,0,1,0,0,0,0,0,1,0,0.621483
0,1,1,1,0,1,0,0,1,0,1,1,0,0,1,1,1,0,1,1,0,0,1,0,0,0,0,1,1,0,0,1,0.655584
1,0,0,0,0,0,0,0,0,1,0,0,0,0,1,0,1,1,1,1,0,0,1,0,0,0,1,0,0,0,1,1,0.599371
1,1,1,0,0,1,1,0,0,1,0,1,0,1,0,0,0,1,1,0,0,1,1,1,0,0,1,0,0,0,1,1,0.645540
0,1,1,0,0,0,1,0,1,1,1,1,1,1,0,0,0,0,0,0,0,1,0,1,0,0,0,0,1,1,1,0,0.637282
1,1,0,1,0,0,0,1,0,0,0,0,1,1,0,0,1,0,1,0,1,1,1,1,1,0,1,1,0,0,0,1,0.645673
1,1,0,1,1,1,1,0,0,0,0,0,1,0,0,0,1,0,0,0,0,0,1,0,0,0,0,0,0,1,1,1,0.623508
1,1,1,0,0,1,0,1,1,1,1,0,1,0,0,0,0,1,0,1,0,1,1,1,0,0,0,0,0,0,1,0,0.633046
0,0,0,0,0,1,1,0,0,0,0,0,1,0,1,0,0,0,0,0,0,1,1,1,1,0,0,0,1,0,1,0,0.652147
1,1,0,0,0,0,1,1,0,1,1,0,1,0,1,0,1,1,0,0,1,0,0,1,1,0,1,1,0,0,0,0,0.637708
1,0,0,1,0,1,1,1,0,0,0,1,0,0,0,0,0,0,1,1,1,1,1,1,1,0,0,1,1,1,0,0,0.673860
0,1,1,0,1,0,0,0,1,1,0,0,1,0,0,1,0,1,0,0,0,0,1,0,1,0,0,1,0,0,1,0,0.618846
1,1,0,1,0,0,1,0,1,1,0,1,0,1,1,0,0,1,0,0,1,1,0,0,1,1,1,0,0,1,0,0,0.626492
1,1,0,1,0,0,1,1,0,1,1,1,1,1,1,1,0,0,0,1,1,0,0,0,0,0,0,0,1,1,1,0,0.616635
1,0,0,1,0,1,0,1,1,1,0,0,1,1,1,0,1,0,1,1,1,0,1,0,0,1,0,0,0,0,0,0,0.634404
1,0,0,1,1,0,1,0,1,0,1,0,0,0,1,0,0,1,0,1,0,0,0,0,1,1,0,0,0,1,0,1,0.627398
1,0,0,1,1,0,1,0,1,1,1,0,1,1,0,0,1,1,0,1,1,0,1,1,1,0,0,0,1,0,0,0,0.652014
0,0,0,1,0,0,0,1,0,1,1,1,0,0,0,0,0,1,0,1,1,1,0,1,0,1,1,1,0,0,0,0,0.549899
0,1,0,0,0,0,1,1,1,1,0,0,1,0,0,1,1,1,1,0,0,0,0,1,0,1,1,1,1,0,0,0,0.631447
1,0,1,1,0,0,0,0,0,0,1,1,0,1,0,0,1,0,0,0,1,1,0,0,0,1,1,1,1,1,0,1,0.599345
