1,0,1,0,0,0,0,1,0,1,1,1,1,1,1,1,0,0,1,1,0,1,1,1,0,0,1,1,1,0,0,0,0.595748
0,1,1,1,0,1,1,0,1,1,0,1,0,1,0,1,0,0,0,0,1,0,0,1,1,0,0,1,1,0,1,1,0.712516
1,0,0,1,0,0,1,0,0,1,0,1,1,1,0,1,0,0,1,1,0,0,0,1,1,0,0,1,1,1,1,0,0.628037
0,1,0,0,1,1,1,1,0,0,1,0,0,1,1,1,1,1,1,0,1,0,1,0,0,1,0,1,0,1,0,0,0.625053
0,1,0,0,1,1,1,1,0,1,0,1,1,1,1,0,0,1,0,1,0,1,0,1,1,0,1,1,1,0,0,1,0.657635
0,1,1,1,1,1,0,1,1,0,1,1,1,1,1,1,0,1,1,1,0,1,0,1,0,1,1,1,0,1,1,1,0.771553
0,1,1,1,1,1,0,0,0,1,0,0,0,0,0,0,0,0,0,1,0,0,1,1,1,0,0,1,1,1,1,1,0.676417
0,0,0,0,1,0,1,0,0,0,0,0,0,1,1,0,0,0,1,1,0,1,0,0,1,0,0,1,1,0,0,0,0.304081
0,1,1,0,1,0,1,0,1,1,1,1,0,1,0,1,1,0,0,1,0,1,1,1,0,0,0,1,1,1,1,1,0.783728
0,0,0,0,1,1,0,0,1,0,1,0,0,0,0,1,1,1,0,0,0,0,1,0,1,0,1,1,1,1,0,0,0.530877
1,0,0,1,1,1,0,0,1,1,0,0,1,1,1,1,1,1,1,0,0,0,1,0,1,0,0,0,0,0,0,1,0.678202
0,1,0,0,0,1,0,0,0,1,0,0,0,1,0,1,1,1,1,1,0,0,0,0,1,0,1,1,0,1,0,1,0.601982
1,0,1,1,0,1,1,0,1,0,1,1,1,1,1,1,1,0,1,1,0,1,0,0,0,0,1,0,0,1,1,1,0.733935
1,1,0,0,0,0,0,0,1,0,1,0,1,0,1,0,1,0,1,1,0,1,0,0,1,0,0,1,0,0,1,1,0.557785
0,0,0,1,0,1,0,0,0,0,0,0,0,1,1,0,1,0,0,0,1,1,0,0,1,1,0,1,1,1,1,0,0.579071
1,1,1,0,1,1,1,1,0,0,0,1,1,0,1,0,1,0,0,0,0,0,1,0,0,1,1,1,1,1,1,0,0.648471
0,1,1,0,0,0,1,0,0,0,0,0,0,0,0,1,1,1,1,0,1,0,0,0,0,0,1,1,0,1,1,1,0.651481
1,1,0,0,0,0,0,1,1,1,1,0,0,0,1,1,1,1,1,1,1,0,0,0,1,1,1,0,0,0,0,0,0.644501
0,1,0,0,1,1,0,0,1,0,0,0,0,1,0,1,1,0,0,0,0,0,0,1,0,0,0,0,0,1,0,1,0.766677
0,1,1,0,1,1,0,1,1,1,1,1,1,1,1,1,1,1,1,0,0,0,1,0,1,1,0,1,0,1,1,0,0.675751
1,0,0,1,0,1,0,0,0,1,1,1,0,1,1,0,1,1,0,0,0,1,0,1,1,1,1,1,0,0,1,0,0.639733
1,0,0,0,1,0,0,1,1,1,1,0,1,1,1,0,1,1,1,0,0,1,0,0,0,1,1,1,1,1,0,0,0.623242
1,0,1,1,0,1,0,0,0,1,1,0,0,0,0,0,0,1,1,1,0,0,1,1,0,0,1,1,0,0,1,0,0.612052
1,0,0,1,0,1,1,1,0,0,1,1,0,1,1,0,0,1,0,1,0,1,0,1,0,1,0,1,0,1,1,0,0.594416
0,0,0,0,0,1,1,0,1,0,0,0,1,0,0,1,1,0,1,0,1,1,1,0,0,0,0,1,0,0,0,0,0.520993
0,1,0,1,1,1,1,0,1,0,1,0,1,1,1,0,0,1,1,1,1,1,0,0,1,1,0,0,1,1,0,1,0.700208
0,1,0,1,0,0,1,0,1,0,1,0,0,0,0,0,1,1,1,1,0,0,0,0,1,1,1,1,1,0,1,0,0.639013
1,0,0,0,1,0,1,1,1,1,1,0,0,1,1,1,0,1,1,1,0,1,1,1,1,0,1,1,1,0,0,0,0.634324
0,1,0,1,1,0,1,0,0,0,0,1,0,0,1,1,1,0,0,1,1,1,0,1,1,1,1,0,1,1,0,0,0.627051
0,0,0,1,0,1,0,0,0,1,0,0,1,1,0,1,0,1,1,0,1,1,1,0,0,0,0,0,0,0,0,1,0.644048
1,1,1,0,1,1,0,1,1,1,0,1,0,1,1,0,0,1,1,1,1,0,0,1,1,0,0,1,1,1,0,1,0.667146
1,0,0,1,1,1,0,1,1,1,0,0,0,0,1,1,0,1,0,1,1,1,0,1,0,1,0,0,0,1,1,0,0.720109
1,1,1,1,1,0,1,0,1,0,0,1,0,0,1,1,0,1,1,0,1,1,0,0,0,0,0,1,1,1,0,0,0.622629
1,1,0,0,0,1,0,1,0,1,0,0,1,0,0,1,0,0,0,0,1,0,0,0,1,0,0,1,1,1,1,1,0.668372
1,1,0,1,1,0,0,1,0,0,1,0,1,0,0,1,1,1,0,1,0,1,1,1,1,0,0,0,0,1,0,0,0.669704
0,0,0,1,1,1,0,1,0,0,1,0,1,1,1,1,0,0,1,1,1,1,1,1,0,1,0,1,1,0,0,0,0.610694
0,0,0,1,0,1,1,0,1,1,0,1,1,0,1,1,1,0,1,1,0,0,0,1,0,1,1,1,1,0,0,0,0.694507
1,1,0,0,1,0,1,1,0,0,1,0,1,0,0,1,0,1,1,1,0,1,1,0,0,1,0,0,0,1,1,0,0.624547
0,0,0,0,0,0,1,1,1,1,0,1,0,0,0,0,1,1,1,1,1,0,1,1,0,0,0,0,1,1,0,0,0.535113
1,0,1,0,1,1,1,0,1,0,1,1,0,1,0,0,1,0,0,0,1,1,1,1,1,1,0,1,1,0,0,0,0.581788
1,1,1,1,1,0,0,0,1,1,1,0,1,0,1,1,0,1,0,0,1,0,1,0,0,0,0,0,1,0,1,1,0.695919
0,1,1,0,1,1,0,0,0,0,1,1,1,1,0,0,1,1,0,1,0,0,1,1,0,0,0,0,1,1,1,0,0.656543
0,1,1,0,0,1,0,0,0,0,1,1,0,1,0,0,1,1,1,1,1,1,1,1,1,1,1,1,1,1,0,1,0.870684
0,0,1,1,1,0,1,1,1,1,1,0,0,0,1,1,0,1,1,1,1,1,0,0,1,0,0,0,0,1,0,1,0.714834
0,0,1,0,1,1,1,0,0,0,0,1,1,0,1,1,1,1,1,0,1,1,1,1,0,0,1,0,0,1,0,0,0.647831
0,1,0,1,1,1,0,1,1,0,1,1,0,0,0,0,0,1,1,1,0,0,1,1,1,0,0,1,1,1,0,0,0.703538
0,1,0,0,1,0,0,0,0,0,1,1,0,0,1,1,0,1,1,1,1,0,1,0,0,0,0,1,1,1,0,0,0.579577
1,1,1,0,1,1,0,0,1,1,1,1,0,0,1,1,1,1,0,0,0,1,1,0,1,0,1,1,0,1,1,1,0.763054
0,1,1,1,1,0,0,1,0,1,0,1,1,0,1,1,1,1,1,0,0,1,1,1,1,0,0,1,1,1,1,0,0.679241
0,0,0,0,1,1,0,0,1,0,0,0,1,0,1,1,0,0,1,1,1,1,0,0,0,1,0,0,0,0,0,1,0.556985
0,1,1,0,1,1,0,1,0,1,1,0,0,1,1,1,1,0,1,1,0,0,1,1,1,0,0,1,0,0,1,0,0.651774
0,1,1,1,1,0,1,0,1,0,1,1,0,0,0,0,1,1,0,1,0,0,1,1,1,1,0,1,1,0,0,1,0.726689
0,1,0,0,1,0,0,1,1,1,0,0,1,1,0,1,0,1,1,0,1,0,0,1,0,1,1,0,0,0,0,1,0.628144
0,0,0,0,1,1,0,0,0,0,0,1,0,1,1,0,0,1,0,0,1,0,0,0,0,1,1,0,1,1,0,1,0.551710
1,1,1,0,1,1,0,0,0,0,1,0,1,1,1,0,1,1,1,0,0,0,0,1,1,1,0,0,1,0,1,1,0.691816
0,0,1,1,1,0,1,0,0,1,0,0,1,1,1,0,0,1,0,0,1,1,1,1,0,1,1,0,1,0,1,1,0.766224
0,0,0,0,0,0,0,0,0,0,1,0,0,0,1,0,0,0,0,1,0,1,0,0,0,1,1,1,1,0,1,1,0.508951
1,0,0,0,1,0,0,0,0,1,1,1,0,0,0,0,0,1,1,0,0,1,1,0,1,1,0,0,1,0,1,0,0.652174
0,0,0,0,1,1,1,1,1,1,1,1,0,0,1,0,0,0,1,0,1,1,1,1,0,1,0,0,1,0,0,0,0.548087
1,0,1,1,0,1,1,0,0,0,1,1,1,0,1,0,1,0,0,1,1,1,1,1,0,0,1,1,0,0,0,1,0.727222
1,0,0,0,0,0,0,1,1,0,1,0,1,1,0,0,1,1,0,1,1,1,0,1,0,1,1,0,1,0,1,0,0.617514
0,0,1,0,1,1,0,1,1,0,1,1,0,1,1,1,1,1,1,0,0,1,1,0,0,1,1,0,1,1,1,1,0.795636
1,1,0,0,0,1,1,0,1,1,1,0,0,1,1,0,1,1,0,0,1,0,1,0,1,0,0,0,0,0,1,1,0.634910
0,0,1,0,1,1,1,1,1,1,1,1,1,0,0,1,0,0,1,1,0,1,0,0,0,1,0,1,1,0,1,1,0.685049
0,0,1,1,0,1,1,0,1,1,1,1,1,1,0,0,1,1,1,1,1,0,1,0,1,1,1,1,0,0,1,0,0.760417
1,0,1,1,1,0,1,0,1,1,1,0,1,1,0,0,0,0,0,1,0,0,1,1,1,1,1,0,1,0,0,1,0.619059
0,0,1,0,1,0,0,0,1,0,1,1,0,1,1,0,1,0,1,0,1,1,1,0,0,1,0,1,0,1,0,1,0.584825
0,0,0,1,0,0,1,0,1,1,1,1,0,0,0,0,1,0,0,0,1,0,0,1,0,1,1,0,0,1,1,0,0.544544
1,0,1,1,0,0,0,1,1,1,0,0,0,1,1,0,0,1,0,0,0,1,0,1,0,1,0,0,0,0,0,0,0.555840
0,1,1,1,0,1,0,1,0,1,1,0,1,0,1,1,1,0,1,1,1,1,1,0,0,1,1,1,1,0,1,0,0.643223
0,0,0,0,1,1,0,1,0,1,0,1,0,1,1,0,1,1,1,0,1,1,0,1,1,0,1,1,1,1,1,1,0.773258
0,0,0,1,0,1,0,0,1,0,1,1,0,1,0,0,0,1,1,0,0,1,1,0,1,0,0,0,1,0,0,1,0.531357
0,1,0,1,0,0,0,0,0,1,1,1,1,1,1,1,1,1,0,0,0,0,1,0,1,1,0,0,0,0,0,1,0.602542
0,0,1,1,1,0,0,0,1,0,1,1,1,1,0,0,1,1,0,1,0,1,0,1,0,1,1,1,1,1,1,1,0.764892
0,1,0,1,0,1,0,0,0,1,1,1,0,1,1,1,1,0,1,0,1,1,1,0,0,0,0,0,0,1,0,1,0.747762
0,1,0,0,0,0,0,0,0,1,0,1,0,1,1,1,1,1,0,1,1,1,1,1,1,1,1,0,0,0,1,0,0.675725
0,1,1,0,0,0,0,1,1,1,0,0,0,0,0,1,0,1,0,1,1,1,0,0,0,1,0,1,0,1,0,1,0.590020
1,0,0,0,1,0,0,0,1,0,1,1,0,1,0,1,0,0,0,1,1,0,0,1,1,1,0,1,1,1,0,0,0.588102
0,0,1,1,0,1,1,0,0,1,0,1,1,0,1,0,1,0,1,1,1,1,1,0,1,0,0,1,1,0,0,1,0.642716
1,1,0,1,1,0,1,0,1,1,1,1,0,1,1,1,1,1,0,0,0,1,1,0,1,1,1,0,1,1,1,0,0.686354
1,0,0,1,1,0,0,0,1,1,1,1,0,1,1,1,1,0,1,1,0,0,1,0,0,0,0,1,1,0,1,1,0.764386
0,0,1,1,0,1,1,0,1,1,0,1,0,1,1,0,0,1,1,1,1,0,1,1,0,1,1,1,1,0,0,1,0.686328
0,0,0,1,1,0,0,0,1,1,1,0,1,1,0,1,1,1,1,0,0,0,1,0,1,1,0,1,1,0,1,0,0.610294
0,1,1,0,0,0,0,1,0,1,0,0,0,1,0,0,1,1,1,1,0,0,1,1,1,0,0,1,0,1,1,1,0.710198
1,1,1,1,1,0,0,1,1,1,1,0,1,1,1,1,1,1,0,1,0,1,1,1,1,1,1,1,1,0,0,1,0.740516
1,0,1,1,0,0,1,1,0,1,1,1,0,0,0,1,0,0,0,1,1,0,0,0,0,0,1,0,1,0,1,0,0.598865
1,0,0,1,1,1,0,0,0,1,0,0,0,1,0,1,1,1,0,1,0,1,0,1,0,1,1,0,1,0,0,1,0.663470
1,0,1,0,1,0,1,0,1,1,1,0,0,1,0,1,1,0,0,0,0,0,1,0,1,1,0,1,0,1,0,1,0.602888
1,1,0,1,0,0,1,1,0,1,0,1,0,0,1,0,0,1,1,0,0,0,0,0,1,1,0,0,0,1,1,1,0.613837
1,1,0,0,1,0,1,1,0,1,1,0,1,1,1,1,1,0,1,1,1,0,0,0,1,1,1,0,0,1,0,1,0.751412
0,1,0,1,0,0,0,0,1,1,0,1,1,1,0,1,0,1,1,1,0,1,1,1,1,0,1,1,1,0,0,1,0.711397
1,0,0,1,0,0,0,0,1,0,0,1,1,0,0,1,0,0,0,0,0,1,1,0,0,1,1,1,1,1,1,1,0.656756
0,0,0,1,0,1,0,0,0,0,1,0,0,0,1,1,0,0,0,1,0,0,0,1,1,0,0,0,1,1,1,1,0.807971
0,0,1,0,1,0,1,1,0,1,0,1,0,0,0,0,0,0,1,1,1,1,1,1,0,1,0,1,1,0,1,1,0.757859
0,1,1,0,1,1,0,0,1,1,1,0,0,1,0,0,0,0,1,1,0,1,1,1,0,0,0,1,1,1,1,0,0.606484
0,0,1,0,0,1,1,1,0,1,1,0,0,1,0,1,0,0,0,1,0,1,0,0,1,1,0,0,1,0,0,0,0.418105
0,1,0,1,0,1,1,0,0,0,0,1,1,0,1,1,0,1,0,1,1,0,0,0,1,1,1,0,1,0,0,1,0.544251
1,1,0,0,1,0,1,1,0,0,0,0,0,1,1,0,1,1,0,0,1,1,0,0,0,0,1,1,1,1,1,1,0.697197
0,0,0,0,0,0,1,0,0,0,1,1,0,0,0,1,0,0,0,0,1,0,0,1,1,1,0,0,1,1,0,1,0.655424
0,0,1,1,0,0,0,1,0,0,0,1,0,1,1,1,1,1,1,0,0,1,0,0,1,1,0,0,1,1,1,0,0.624734
0,0,0,1,1,1,0,1,1,1,1,0,0,1,0,1,0,0,0,0,0,0,0,0,1,1,0,1,1,1,1,0,0.595535
0,0,1,1,0,1,0,1,0,1,1,1,1,0,1,0,1,0,0,1,0,0,0,1,1,1,1,1,1,1,0,0,0.637628
1,1,1,0,1,0,0,0,0,1,0,1,1,0,1,0,0,0,0,1,0,0,1,1,1,0,1,1,1,0,0,1,0.601343
1,0,1,1,1,1,1,0,1,1,0,0,1,0,1,1,0,0,1,0,0,0,0,1,1,0,1,1,0,0,1,0,0.578245
1,0,1,0,0,0,0,1,0,0,1,1,0,1,0,1,0,1,0,0,0,1,0,1,1,0,1,1,0,1,1,1,0.773924
1,0,1,0,1,0,1,0,0,1,1,1,0,1,1,0,0,0,1,1,1,1,1,1,0,0,0,0,1,0,1,1,0.748348
1,1,1,0,1,1,0,1,1,0,0,1,1,1,1,0,1,1,0,1,0,0,1,0,0,1,1,0,1,1,0,0,0.791214
0,1,1,0,0,0,0,0,0,1,1,0,0,0,0,0,1,0,0,1,0,1,1,1,1,1,0,1,1,1,1,1,0.697410
1,1,1,0,1,1,0,1,0,1,1,0,1,0,1,1,0,0,0,1,0,1,1,1,0,1,1,0,1,1,1,0,0.745018
1,0,0,1,0,0,0,0,1,1,1,1,1,1,1,0,1,0,0,0,1,1,1,0,0,1,1,1,1,1,0,1,0.630382
1,0,1,0,1,1,0,1,0,1,0,1,1,0,1,1,1,1,1,0,1,1,1,1,0,0,1,1,1,1,1,1,0.771633
1,0,0,1,0,1,0,1,1,0,1,1,1,1,0,1,1,1,1,0,1,0,0,1,1,0,0,0,0,0,1,0,0.596094
0,0,0,1,0,0,1,1,0,0,0,1,0,0,1,1,0,0,1,0,0,1,0,1,1,0,1,1,0,0,1,0,0.583919
0,1,1,0,0,0,1,1,0,0,0,0,0,0,0,0,0,1,1,1,0,1,1,1,1,1,0,1,1,1,1,0,0.628437
1,0,1,1,1,1,0,0,0,1,1,1,1,1,1,1,1,1,1,1,1,0,1,1,1,1,0,1,0,1,1,1,0.771553
0,0,0,1,1,0,1,1,1,0,1,0,0,0,0,0,0,1,0,0,0,1,1,0,1,0,0,0,1,0,1,0,0.532848
0,0,1,0,0,1,0,0,1,0,0,1,1,1,0,0,1,0,0,1,1,0,0,0,1,1,0,1,1,1,0,1,0.687260
1,1,0,1,0,1,0,0,1,1,0,0,0,0,1,1,0,1,1,0,0,0,0,1,1,0,0,1,1,0,1,1,0.688353
1,0,0,0,1,1,1,1,1,0,1,0,0,1,1,0,0,1,1,0,1,0,1,0,1,0,0,1,0,0,1,0,0.612345
1,0,0,0,1,0,0,1,1,1,1,0,1,0,1,1,1,1,0,1,0,1,0,1,1,0,1,0,0,1,1,1,0.823769
0,0,1,0,0,1,1,1,0,0,0,0,0,0,1,1,1,1,0,1,1,1,1,0,0,0,1,0,1,1,1,0,0.628863
0,0,1,0,1,1,0,1,1,0,1,1,0,1,1,1,0,0,1,0,0,0,0,1,1,1,1,1,1,0,0,0,0.604753
1,0,1,1,1,1,0,1,1,1,0,1,0,1,0,0,0,1,0,1,1,1,0,0,0,0,0,1,1,1,1,1,0.630062
0,1,0,1,0,1,1,0,0,1,0,0,0,1,1,1,0,0,0,1,0,0,1,1,0,0,0,1,0,1,0,1,0.727275
0,0,1,1,0,1,0,0,0,0,0,0,1,1,1,1,0,1,0,1,0,1,1,0,1,0,1,0,1,0,0,0,0.543585
1,1,0,1,0,0,0,0,0,1,0,1,1,0,1,0,0,0,1,1,0,1,1,0,1,1,1,0,0,1,0,1,0.617487
1,1,1,0,1,0,1,0,1,0,1,0,0,0,0,0,0,0,1,0,0,0,0,0,0,0,1,1,0,0,1,0,0.698476
1,0,1,0,1,1,1,1,0,1,0,0,1,1,0,0,1,1,1,0,0,0,0,1,0,1,1,0,1,0,0,1,0.601822
