1,0,1,1,1,0,0,1,0,1,0,1,0,0,1,1,1,1,0,0,0,1,0,1,0,0,1,1,1,0,0,0,0.818548
1,1,0,0,1,0,0,1,1,1,0,1,1,1,0,1,1,1,0,1,1,1,1,1,1,0,1,1,1,1,0,0,0.809996
0,0,1,0,0,1,0,0,1,1,1,0,1,0,1,0,1,0,0,1,0,1,1,1,1,0,0,0,1,1,1,0,0.283887
0,0,0,0,0,0,0,1,1,1,1,0,1,1,0,0,0,0,1,1,1,0,1,1,1,0,1,1,1,1,1,0,0.266331
1,1,0,1,1,0,0,1,1,1,1,0,1,1,1,1,0,0,1,1,1,0,0,1,0,1,0,0,0,0,0,1,0.859815
1,0,0,0,0,1,1,1,1,1,0,1,1,1,0,1,0,0,0,0,1,0,1,0,1,1,1,1,1,1,1,0,0.788070
1,1,1,0,0,1,1,0,1,0,1,1,1,0,0,1,0,0,0,1,0,0,0,0,0,0,1,1,1,0,0,0,0.855126
0,1,0,1,1,0,1,0,1,1,1,1,1,1,1,0,1,0,1,0,1,0,0,0,0,0,0,0,1,0,0,1,0.875400
1,1,1,0,1,0,1,0,1,1,1,0,0,1,0,0,1,1,1,1,0,0,0,1,0,0,0,0,1,0,0,0,0.907582
0,0,0,0,1,0,1,0,0,0,0,1,1,0,1,1,0,1,1,1,1,1,0,0,1,0,0,1,1,1,1,1,0.905264
1,1,0,1,0,1,1,0,0,0,0,1,0,1,1,0,0,1,1,1,1,0,1,1,0,0,1,1,1,0,0,1,0.829817
0,1,1,0,0,0,0,1,1,0,0,0,0,0,0,1,0,0,1,1,1,1,1,1,1,0,0,1,0,1,0,1,0.858189
0,0,1,0,0,0,0,1,1,0,1,0,0,0,0,0,0,1,0,0,1,0,1,0,0,0,1,0,0,0,0,1,0.863384
0,1,0,1,1,1,0,1,0,1,0,1,1,0,0,0,1,1,0,1,0,0,0,1,1,0,0,1,0,1,1,1,0.861360
1,0,0,0,0,1,0,0,1,0,0,0,1,0,0,1,0,0,0,1,0,0,1,0,0,0,1,1,0,1,1,1,0.854859
0,1,0,1,0,0,0,0,1,0,0,0,0,0,1,0,1,0,1,1,1,0,0,1,1,0,1,1,1,0,0,1,0.826220
1,1,0,0,1,0,0,1,1,1,1,0,0,1,1,0,1,1,1,1,1,0,0,0,0,1,1,1,1,0,0,0,0.904225
1,0,1,0,0,0,1,1,1,0,1,1,1,1,1,1,0,0,0,1,0,1,0,1,0,1,1,1,1,0,1,1,0.907582
0,1,1,1,1,0,0,0,1,0,0,1,1,0,1,1,1,1,1,1,0,1,0,1,0,0,0,0,0,0,0,1,0.845189
0,1,0,1,0,1,0,1,1,1,1,1,1,1,0,1,1,1,0,0,0,0,0,1,0,1,0,0,0,0,0,1,0.860667
1,0,1,0,0,1,1,0,1,1,0,0,0,1,1,0,0,1,1,1,1,0,1,0,1,0,0,0,0,0,0,1,0.805893
1,1,0,0,0,1,1,1,0,0,0,0,0,0,0,1,1,0,0,0,0,1,1,1,1,0,1,1,0,1,0,0,0.898897
1,1,0,0,1,1,0,1,1,0,0,0,0,1,0,1,0,0,0,0,1,0,0,1,0,0,1,1,0,1,1,0,0.813699
1,1,1,0,0,0,1,1,0,1,0,0,1,1,1,1,1,0,1,1,0,0,1,1,1,1,1,1,1,1,1,0,0.929135
0,1,0,0,1,1,0,0,0,0,0,0,0,1,1,1,0,0,1,0,1,0,1,0,0,0,0,0,0,1,1,0,0.253756
1,1,1,0,1,1,0,0,1,1,0,0,1,1,0,1,0,0,1,1,0,1,1,0,1,1,0,0,0,0,1,1,0.854540
1,1,0,1,0,1,1,1,1,1,1,1,0,0,1,1,1,0,0,0,1,0,1,0,0,0,0,0,0,1,1,0,0.800884
1,1,1,1,1,1,0,0,1,1,0,0,1,0,0,0,0,1,0,1,1,0,0,1,0,0,0,1,1,0,0,1,0.823556
0,1,1,1,0,1,0,1,1,0,1,0,1,0,0,1,0,0,1,0,0,1,1,0,0,0,1,1,1,1,1,0,0.466486
0,1,0,0,0,0,1,0,0,1,0,0,1,0,0,1,0,1,0,1,0,1,0,1,0,1,0,1,1,0,1,0,0.277760
1,0,0,0,1,1,1,0,0,0,1,1,1,1,0,0,1,0,0,0,0,0,0,0,1,0,0,1,0,1,0,0,0.909101
0,1,0,1,1,0,0,0,0,1,0,0,0,1,1,0,0,0,0,0,0,0,1,1,1,0,0,1,1,1,1,0,0.225623
0,0,0,0,1,0,1,1,1,0,0,1,1,1,1,1,0,0,0,0,1,1,0,0,1,1,1,1,0,1,0,0,0.221094
0,0,0,1,1,0,1,0,0,1,0,0,1,0,1,1,1,1,0,1,0,0,0,1,1,0,0,0,1,0,1,1,0.912884
0,1,0,0,0,0,1,0,1,0,1,0,1,1,1,0,1,0,1,1,1,0,1,1,1,0,0,0,0,1,0,1,0.795956
1,1,1,1,1,0,1,1,1,0,0,0,1,1,0,1,0,0,0,1,0,1,1,0,0,0,1,1,0,1,0,0,0.801231
0,0,1,0,0,0,1,1,1,1,1,0,1,1,0,1,0,1,0,0,0,1,0,1,0,0,0,0,0,1,0,0,0.190644
0,0,0,0,1,1,1,1,0,0,1,0,1,0,1,0,1,0,1,1,1,0,0,1,1,1,1,0,0,0,0,0,0.290734
0,0,0,0,0,1,1,0,0,0,1,0,1,1,1,0,0,1,0,0,0,1,1,1,1,1,1,0,1,0,0,1,0.830270
0,0,1,1,0,0,1,1,1,0,1,0,0,1,1,1,1,0,0,0,0,0,1,1,0,1,0,1,1,1,0,0,0.456682
0,0,1,0,1,0,0,0,1,0,0,1,0,1,0,1,1,0,1,0,1,0,0,1,1,0,0,1,0,1,0,0,0.247309
1,0,1,1,0,0,0,0,1,1,1,1,1,1,0,1,0,0,0,0,1,0,1,1,0,0,0,1,0,1,0,0,0.865809
0,1,1,0,0,1,0,1,0,1,0,1,0,1,1,0,0,1,1,0,1,0,0,1,1,1,1,1,1,1,0,1,0.871670
0,1,1,0,0,0,1,0,1,0,1,1,0,0,1,0,0,1,1,1,1,0,1,0,1,0,1,1,1,1,1,0,0.436301
1,1,0,0,0,0,0,0,1,1,0,1,0,1,1,0,1,1,0,1,1,0,0,0,1,1,0,0,1,0,1,1,0.856351
1,0,1,1,0,1,1,1,0,1,0,1,0,0,1,0,1,1,0,1,1,0,0,0,1,1,0,0,0,1,1,0,0.872389
1,0,1,0,1,0,0,1,1,0,1,1,0,0,0,0,1,0,1,0,0,0,0,0,1,1,0,1,1,0,1,0,0.831202
0,1,1,1,1,1,1,1,0,0,0,1,0,0,1,0,1,0,0,0,1,1,0,0,0,1,1,0,1,1,1,1,0.910539
1,1,0,0,1,1,0,1,0,1,0,0,0,0,1,0,1,0,0,1,1,1,1,0,0,0,0,1,0,1,1,0,0.821478
0,1,0,0,1,1,0,1,0,0,1,1,0,1,1,1,0,0,1,1,1,1,0,1,0,1,0,0,1,0,0,0,0.344603
0,0,0,1,0,0,1,1,0,1,0,1,0,0,0,0,1,1,0,0,0,0,0,0,1,1,0,0,1,1,0,1,0.863864
0,1,0,1,0,1,0,0,0,0,1,1,0,1,0,1,1,1,0,1,1,0,1,1,0,1,1,1,1,0,0,0,0.520594
1,0,0,0,1,1,1,0,1,1,1,1,1,1,1,0,0,1,0,0,1,1,0,0,1,1,1,1,1,1,1,1,0.870151
0,0,1,0,0,1,0,0,1,1,0,1,1,1,1,1,0,0,1,0,0,0,0,1,1,0,1,1,0,0,1,0,0.284953
1,0,1,0,1,0,0,1,0,0,0,0,1,1,1,1,0,1,1,0,0,1,0,1,1,1,0,1,0,1,0,1,0.903799
0,0,0,0,0,0,1,0,0,1,0,0,0,0,1,1,1,0,1,1,0,0,0,1,1,1,1,1,0,1,0,1,0.868952
0,0,1,0,1,1,0,1,0,0,0,0,0,1,0,0,0,1,0,0,1,0,0,0,1,1,0,0,0,0,1,0,0.195626
0,1,1,1,1,0,1,1,0,0,1,0,1,1,1,0,1,0,0,0,1,0,1,1,1,1,1,0,0,1,0,1,0.832108
0,1,1,0,0,0,0,0,1,1,1,0,0,0,0,1,0,0,1,1,0,0,0,0,0,1,1,1,1,1,0,1,0.831735
1,1,0,0,0,1,0,1,0,1,1,0,1,0,1,1,0,0,0,0,1,1,1,0,1,1,1,0,0,1,0,0,0.867727
1,0,0,1,1,0,1,0,0,1,1,0,1,1,1,0,1,1,1,0,1,0,0,1,0,1,1,0,1,0,0,0,0.897352
1,1,0,0,1,0,0,1,1,1,1,1,0,0,1,0,0,1,0,0,1,1,1,0,1,0,0,1,1,1,1,0,0.851050
1,0,1,1,1,1,1,0,1,0,0,0,1,0,1,0,0,1,0,1,0,1,0,1,0,0,1,1,0,0,0,0,0.819853
1,1,0,0,0,0,0,0,1,0,1,0,0,1,0,0,1,1,1,0,1,0,0,0,0,1,1,1,0,1,1,0,0.849451
1,0,1,1,1,0,1,0,0,0,1,0,1,0,0,1,0,0,0,0,0,1,1,0,1,1,0,1,1,0,0,0,0.798034
1,1,0,1,0,1,0,0,1,0,1,1,1,0,1,0,1,1,1,1,0,0,1,1,1,1,0,0,0,0,1,0,0.867487
0,1,0,1,1,0,0,0,0,1,0,1,1,1,1,1,0,1,0,0,1,1,0,1,0,1,0,1,1,1,1,0,0.440111
1,0,0,1,0,0,0,0,1,0,0,0,0,1,0,1,0,0,0,1,0,1,0,1,0,0,1,0,1,1,1,1,0.901481
0,0,0,0,1,0,0,1,1,1,1,0,1,1,1,0,1,0,0,0,1,1,1,0,1,0,0,1,1,0,1,0,0.373188
0,0,0,1,0,0,1,0,1,0,1,1,1,0,1,0,1,1,0,0,0,1,1,1,0,0,0,0,0,0,0,0,0.140345
0,0,1,1,1,0,1,0,0,1,1,0,0,0,0,1,1,1,1,0,0,1,0,1,1,1,1,0,1,1,0,1,0.861546
0,1,1,0,1,1,0,1,0,1,0,1,1,0,1,0,0,1,1,1,0,1,1,0,0,0,1,0,0,0,1,0,0.439738
1,1,1,1,1,1,0,1,1,1,0,1,1,1,0,1,0,0,0,1,0,1,0,1,0,0,1,0,0,1,1,1,0.902174
0,0,0,1,0,0,1,0,0,0,0,1,0,0,0,1,1,0,0,0,0,0,0,1,1,0,1,0,0,1,0,1,0.867807
1,0,0,1,0,1,0,1,0,0,1,1,1,0,0,0,0,0,1,1,1,0,1,0,0,1,0,0,0,0,1,1,0.815724
1,0,1,0,0,0,1,0,1,0,0,0,0,0,0,1,1,0,0,1,0,1,1,1,1,0,1,1,1,1,0,0,0.792999
1,1,1,0,1,0,1,1,0,1,0,1,1,1,0,1,0,0,1,0,0,1,0,0,1,0,1,1,0,0,0,1,0.908008
1,1,0,0,0,0,1,1,0,1,1,0,1,1,1,0,0,1,0,0,1,0,0,1,1,1,1,1,1,0,1,0,0.842338
0,0,0,1,0,0,0,0,0,1,0,1,0,0,1,1,0,1,1,0,0,0,0,0,1,1,0,1,0,1,0,0,0.120205
1,1,0,1,0,0,0,0,1,1,0,0,0,0,1,0,0,0,1,0,0,0,0,0,1,1,1,1,0,1,1,1,0.822490
0,1,1,0,1,0,1,0,0,0,0,0,0,1,1,0,1,1,0,1,1,0,1,1,0,0,1,1,1,0,0,1,0.829204
1,1,1,0,0,0,0,1,1,0,1,0,1,0,0,0,0,0,0,1,0,1,0,1,1,1,0,0,0,0,0,0,0.839567
1,1,0,0,1,0,0,0,1,1,0,0,0,0,1,1,1,1,0,1,0,0,0,0,1,0,1,1,0,1,1,1,0.872975
1,1,1,1,1,1,1,0,0,0,0,1,1,1,0,1,1,1,0,0,1,1,0,1,0,1,1,1,0,1,1,0,0.847453
1,1,1,0,1,1,1,1,1,0,1,1,0,1,1,0,1,1,0,1,1,1,0,1,0,0,1,0,1,0,1,0,0.906143
1,0,1,1,0,1,0,1,1,0,0,0,0,1,0,0,0,0,0,0,1,1,1,1,0,0,0,1,1,0,0,1,0.909847
0,1,0,1,1,1,1,1,0,0,1,1,1,1,1,0,1,1,0,0,0,0,0,1,1,1,0,0,1,1,1,0,0.556532
1,0,1,1,0,1,1,1,1,1,0,0,0,0,0,1,0,1,0,0,0,0,0,0,0,0,0,1,1,0,0,0,0.803309
1,0,1,0,0,0,1,0,0,1,0,0,1,0,0,1,0,1,1,1,0,0,0,0,1,0,0,1,0,0,0,0,0.763640
1,0,1,0,1,0,0,0,1,1,1,0,1,1,1,1,1,1,0,1,0,0,1,0,1,0,1,0,0,1,1,0,0.911259
0,1,1,1,0,0,0,1,1,0,1,0,1,0,0,0,1,0,1,1,0,1,1,1,0,0,0,1,1,1,0,0,0.440830
0,1,0,0,0,0,1,0,0,1,0,1,0,1,0,0,1,0,1,0,1,0,1,0,1,1,0,1,1,0,1,1,0.860934
1,1,1,0,1,0,1,0,0,0,0,1,1,1,1,0,1,1,1,1,1,1,1,0,1,1,0,0,1,1,1,1,0.860960
0,0,1,0,1,1,0,0,1,1,1,1,1,0,0,0,0,0,1,1,1,0,0,0,0,1,1,1,1,0,1,1,0.858642
0,0,1,0,1,0,0,0,1,0,1,1,1,0,0,1,1,0,0,0,1,0,0,1,0,1,1,0,1,1,1,1,0.900496
0,1,0,0,0,1,0,0,0,0,1,0,1,0,1,1,0,1,0,0,0,1,0,0,1,1,0,1,0,1,1,0,0.335518
1,1,0,0,0,0,0,1,1,0,0,1,0,1,0,1,1,1,1,1,1,1,1,1,1,1,0,1,1,0,0,0,0.875186
0,0,1,0,0,0,1,0,0,0,0,1,1,0,0,0,0,0,1,0,0,0,1,1,0,0,1,1,1,0,1,1,0.905477
1,0,1,0,1,1,0,1,1,0,1,0,1,0,0,0,1,1,1,1,0,0,1,1,0,1,0,0,1,0,1,0,0.804881
0,0,1,1,0,0,0,1,0,1,0,0,1,0,0,0,1,1,0,0,1,0,0,0,0,0,0,0,1,0,0,1,0.908195
0,1,0,0,1,0,1,1,1,0,0,0,1,0,0,1,0,0,1,0,1,0,1,1,1,0,0,0,1,1,0,1,0.949542
1,1,1,0,0,0,1,1,0,1,1,1,1,0,1,1,0,0,1,1,0,0,0,1,0,1,1,0,0,1,0,1,0.855392
1,1,1,1,1,0,1,1,1,1,1,1,1,1,0,1,0,0,1,1,0,0,0,0,1,0,1,1,1,1,0,0,0.833893
1,1,0,1,1,0,1,0,1,1,0,1,0,1,0,1,1,1,1,0,1,1,0,0,0,0,0,1,0,1,1,0,0.829630
0,1,1,0,1,0,0,0,0,0,0,1,1,0,1,1,1,0,1,0,0,1,1,0,0,1,1,0,0,1,0,1,0.823370
0,1,0,0,0,0,0,1,1,0,1,1,1,0,1,0,0,0,1,0,1,1,0,0,0,0,0,1,1,1,1,1,0.954311
0,1,1,0,0,0,1,1,1,0,0,0,1,1,0,1,1,1,1,1,1,0,0,1,1,1,0,1,0,1,0,0,0.524057
0,0,1,1,1,1,0,1,1,1,0,1,0,1,0,0,1,0,1,1,0,0,0,1,0,0,1,1,1,1,1,1,0.907023
0,1,1,0,1,1,1,0,1,0,1,0,1,0,1,0,0,0,0,0,1,1,1,1,1,1,0,1,1,1,1,0,0.413257
1,1,1,1,1,0,1,1,1,1,0,1,0,1,0,1,0,0,0,0,1,0,0,0,0,1,0,0,1,1,0,0,0.791587
1,0,0,1,0,1,1,0,1,1,0,0,1,0,0,1,1,1,1,1,1,0,1,0,0,0,1,0,1,0,0,1,0.862932
1,0,1,0,1,0,1,0,0,1,0,1,0,0,1,0,0,0,1,1,1,1,1,0,0,1,0,0,0,1,1,0,0.810715
0,1,1,1,0,1,0,0,1,0,1,0,1,0,1,0,0,1,1,1,0,1,0,0,0,1,1,0,0,0,1,1,0.811275
0,1,1,0,1,1,0,1,0,0,0,0,0,1,1,0,1,0,0,1,1,0,1,1,0,1,1,1,1,0,0,1,0.851156
0,1,1,0,0,0,1,1,0,0,1,0,0,0,0,1,0,0,1,1,1,0,1,1,0,0,1,1,0,0,0,1,0.860001
0,1,0,0,0,1,1,0,1,1,1,1,1,1,0,0,0,1,1,0,1,1,1,0,0,1,0,0,1,1,1,0,0.404945
0,0,1,1,0,1,0,1,1,0,1,1,0,0,0,0,0,1,1,0,1,0,0,0,0,0,0,1,0,1,1,0,0.276055
1,0,0,1,0,0,0,1,1,1,1,0,0,0,0,0,0,0,0,0,1,0,0,0,1,1,0,1,0,0,1,0,0.802296
0,0,1,1,1,0,0,1,1,0,0,1,1,0,1,0,0,0,1,0,1,0,1,1,0,0,0,1,1,0,1,1,0.954044
1,0,1,0,0,0,1,1,0,1,1,0,1,0,1,1,1,0,1,0,0,0,0,0,1,1,0,0,1,1,1,0,0.830110
1,1,0,1,1,1,1,0,1,1,0,0,0,0,1,0,0,0,1,0,0,0,1,1,0,1,1,1,0,1,1,1,0.834932
0,0,0,0,1,0,0,0,0,1,0,1,1,1,1,0,1,0,0,0,0,1,1,1,1,0,1,1,0,1,0,1,0.830296
0,1,0,1,0,1,0,0,1,0,0,1,1,1,0,1,1,0,1,1,0,1,0,0,1,0,1,0,0,0,1,0,0.434889
0,0,0,0,1,0,1,1,0,1,0,1,1,1,0,0,1,0,0,1,0,1,1,0,0,0,0,0,0,1,1,1,0.861227
0,1,1,1,0,1,1,0,1,0,0,1,0,0,1,0,1,1,1,0,1,1,0,1,0,1,0,0,0,1,0,1,0.813592
0,0,1,1,0,0,1,0,1,1,0,1,1,1,1,0,1,0,0,1,0,1,1,1,0,0,1,0,0,1,0,1,0.788976
1,1,1,0,0,1,1,1,0,1,1,1,0,0,1,1,1,1,0,1,1,0,0,0,0,1,1,1,1,1,1,0,0.896712
0,0,1,1,1,0,0,1,0,0,1,1,0,1,0,0,0,1,0,1,1,0,1,1,1,1,0,0,0,0,0,0,0.287511
