1,0,1,1,1,1,0,1,1,1,0,0,1,0,0,1,1,1,0,1,0,1,0,1,1,0,1,0,1,1,0,0,0.571931
1,1,1,1,0,0,0,1,0,0,0,1,0,1,0,1,0,0,0,1,0,1,1,0,0,1,0,1,1,0,0,0,0.713875
0,1,0,1,1,0,1,1,1,0,1,0,1,0,0,1,1,1,0,0,0,0,1,0,1,0,0,0,0,0,0,0,0.543398
0,1,1,1,0,0,0,0,1,1,0,0,0,0,1,1,1,1,1,0,1,1,0,0,1,0,1,1,1,1,1,1,0.591406
0,0,0,1,0,1,1,1,0,1,0,1,0,1,0,1,0,0,0,1,1,0,1,0,0,0,0,1,0,0,1,0,0.906650
1,1,0,1,0,1,1,0,0,0,0,1,0,1,0,1,0,1,0,0,1,1,0,0,0,0,1,1,0,1,0,0,0.699142
0,1,0,0,0,0,0,1,1,0,0,0,1,1,1,0,1,1,0,1,0,1,1,1,0,1,1,1,0,1,0,0,0.631607
1,0,1,1,0,1,0,1,0,0,0,1,1,0,1,1,0,1,1,1,0,0,0,1,0,1,1,1,1,1,0,1,0.630648
0,0,0,0,0,1,0,0,1,1,0,1,0,0,1,1,1,0,0,1,1,0,0,1,0,1,1,1,1,1,0,0,0.702419
1,1,1,1,0,0,0,1,1,0,0,1,0,1,0,1,1,1,0,0,1,1,1,0,1,1,1,0,0,1,1,0,0.704177
0,1,1,0,0,0,1,0,1,0,1,1,0,1,1,1,1,1,0,1,0,0,0,1,0,1,0,0,0,1,0,0,0.600837
0,1,0,0,1,0,0,1,0,0,1,1,1,1,0,1,1,1,0,0,1,0,1,0,0,1,1,1,1,1,1,1,0.877185
1,0,1,0,1,1,0,0,1,0,0,1,1,1,0,1,0,0,0,1,0,1,1,1,1,1,0,1,0,1,1,0,0.698130
0,0,1,1,1,1,1,0,0,0,1,1,0,1,1,1,0,1,0,1,1,0,0,0,1,1,0,0,1,1,1,1,0.826673
1,0,0,1,0,1,1,1,0,1,1,0,0,0,1,1,0,1,0,1,1,1,1,0,1,0,1,0,0,1,1,1,0.966752
0,1,1,0,0,1,0,0,0,1,0,1,1,1,1,1,1,1,0,0,0,0,1,0,0,1,1,1,1,1,1,1,0.881740
1,0,0,0,1,0,0,1,0,0,1,1,1,1,1,1,0,0,1,1,0,0,0,1,0,1,1,0,1,1,0,0,0.548753
1,0,0,0,1,1,1,0,1,0,1,1,0,1,0,1,1,0,0,0,1,0,1,1,1,0,0,1,1,1,0,1,0.628117
0,0,1,1,0,0,0,1,0,1,0,0,0,1,1,1,0,0,0,1,0,0,1,0,0,1,1,1,0,1,1,1,0.715979
1,0,0,1,1,0,0,1,0,1,1,1,1,0,1,1,1,1,1,0,1,0,1,1,1,1,1,0,0,1,1,0,0.844416
1,1,1,1,1,1,0,0,1,0,0,0,1,1,1,1,1,1,0,1,1,1,0,1,0,1,1,1,1,1,1,0,0.615249
1,0,1,0,1,0,0,0,1,1,0,0,1,1,0,1,0,1,1,0,1,0,1,1,1,0,0,1,1,1,1,1,0.606698
1,1,0,1,0,0,1,1,0,0,0,1,0,1,0,1,0,0,1,1,0,0,1,0,0,0,1,1,1,1,0,1,0.882513
1,0,1,0,1,0,1,1,1,0,1,1,1,1,1,0,1,1,1,1,1,0,0,0,0,1,0,0,1,0,1,1,0.547181
1,1,0,1,0,0,0,0,0,0,0,0,1,1,1,0,1,1,1,1,1,0,1,0,0,1,1,0,1,0,0,0,0.698236
0,1,0,0,0,1,0,1,1,0,1,0,0,1,0,1,0,0,1,1,1,1,1,1,0,1,0,1,1,1,0,0,0.720295
0,0,0,0,1,1,1,0,0,0,0,0,1,0,1,1,0,0,1,1,1,0,0,1,1,1,1,1,0,1,1,1,0.546302
1,1,1,1,1,1,1,0,0,1,1,0,1,1,0,1,0,1,1,1,0,1,0,0,1,0,1,1,0,0,1,1,0.717178
1,1,0,1,0,1,0,0,0,0,0,0,0,1,1,0,0,0,0,0,0,1,0,0,1,0,1,0,1,0,1,0,0.549073
1,0,0,1,1,0,0,1,0,1,1,0,0,0,0,0,1,1,1,1,1,0,1,1,0,1,1,1,1,1,0,1,0.726369
0,1,0,0,0,0,0,0,1,0,0,1,1,0,1,0,1,1,0,0,0,1,1,0,0,0,0,1,1,1,0,0,0.762655
1,0,0,0,0,0,1,1,1,0,0,1,0,0,1,0,1,1,1,0,0,1,0,1,1,0,0,0,0,0,1,0,0.842338
1,0,0,1,0,0,0,0,0,0,1,1,1,1,1,1,0,0,1,0,0,1,1,1,1,0,0,1,0,0,0,1,0.586477
0,1,0,0,1,0,1,1,1,1,1,1,1,1,1,0,0,0,0,0,1,1,0,1,1,1,1,0,1,1,1,1,0.533115
0,1,0,0,1,1,0,0,0,0,1,1,1,1,1,0,1,0,0,0,1,0,1,0,1,0,0,1,1,0,1,0,0.519581
1,0,0,0,0,1,0,0,1,0,0,0,1,1,1,1,1,0,1,0,1,1,1,0,1,1,0,0,0,0,0,0,0.849318
1,0,0,0,0,0,0,0,1,1,0,0,0,1,1,1,0,1,0,0,0,1,1,1,1,0,1,1,0,1,0,0,0.553202
1,0,1,1,0,1,1,0,1,0,0,1,1,0,1,1,0,1,1,1,0,0,0,1,1,0,0,1,1,0,0,0,0.701247
0,0,1,0,1,0,1,0,1,0,1,0,1,0,1,1,0,0,0,1,0,1,0,1,0,1,1,0,0,0,1,1,0.540734
0,0,0,1,0,1,0,0,0,0,0,1,1,1,1,1,1,0,0,1,0,1,1,0,1,0,1,0,0,1,1,0,0.534926
0,1,1,1,0,0,0,1,0,0,0,1,1,1,1,1,0,0,0,0,0,0,0,0,1,0,0,1,0,0,1,0,0.686221
0,1,1,0,0,1,1,1,0,0,1,0,1,0,0,1,0,1,1,0,0,0,1,0,1,0,0,0,0,1,1,1,0.544357
0,1,0,1,0,0,0,1,1,0,0,0,0,1,1,0,0,1,0,0,1,0,0,1,0,0,1,1,0,0,1,1,0.525922
0,0,0,1,0,0,1,0,0,0,1,1,1,0,1,1,1,0,0,0,1,1,0,1,0,0,1,1,0,1,1,1,0.560236
0,0,1,0,0,1,0,1,1,0,0,0,0,0,0,1,1,1,0,0,0,0,1,0,1,1,0,0,1,1,1,1,0.702153
0,0,1,1,1,1,1,1,1,1,0,1,1,0,1,0,1,0,0,1,1,1,1,1,0,1,0,0,0,0,0,1,0.574355
1,1,0,1,1,0,0,0,0,1,0,0,0,1,0,1,1,1,0,0,1,0,1,0,1,0,0,1,0,1,0,0,0.540228
1,0,1,0,1,0,1,0,0,0,1,1,0,0,1,1,0,0,0,1,1,0,0,0,0,1,0,0,1,1,1,1,0.828964
0,0,0,1,0,1,1,0,1,1,1,0,1,1,1,1,1,1,0,1,0,1,1,0,0,0,1,0,1,1,1,0,0.635550
0,0,1,0,1,0,0,1,1,1,0,0,0,1,0,0,0,1,1,0,1,0,1,0,1,0,0,1,1,0,1,0,0.547794
1,1,1,0,0,0,1,1,0,0,0,0,1,1,0,0,0,1,0,1,0,1,0,1,1,1,0,0,1,0,0,0,0.547048
0,0,1,0,1,0,0,0,0,0,0,0,0,1,1,1,0,0,0,1,0,0,0,0,0,1,1,1,0,0,0,0,0.688086
1,0,1,0,1,0,0,0,1,0,0,1,0,1,0,1,0,0,1,1,0,1,1,0,0,0,0,1,0,1,0,1,0.707667
1,1,0,0,0,1,0,1,1,0,1,0,1,1,0,0,0,1,1,1,1,0,0,0,0,0,0,1,1,1,0,1,0.549259
0,1,0,1,1,1,0,1,0,0,1,0,0,0,1,1,1,0,1,1,1,0,1,0,0,1,0,1,0,0,1,0,0.709852
1,0,1,0,1,1,0,1,1,0,1,1,0,1,0,1,1,0,1,0,1,1,0,1,1,1,0,1,0,0,1,0,0.692269
1,1,0,0,0,1,1,0,1,1,0,1,1,1,0,0,0,0,1,1,1,0,0,0,0,1,1,1,0,0,0,0,0.544064
1,1,0,1,1,0,0,1,1,1,0,0,1,1,1,1,0,1,1,0,1,1,0,1,1,0,1,0,1,0,1,0,0.800938
1,0,0,0,0,1,1,1,1,1,1,1,0,1,0,1,0,1,1,0,1,1,1,0,1,0,1,1,1,1,0,0,0.803495
0,0,0,0,0,0,1,0,0,1,1,1,1,0,1,0,0,0,1,0,0,0,0,0,0,1,1,0,1,0,0,1,0.579071
0,0,0,0,0,0,1,0,0,1,1,0,0,1,0,1,0,1,0,0,0,1,1,1,1,1,0,0,1,1,1,0,0.539988
1,0,1,0,0,0,0,1,0,1,0,0,1,0,1,0,0,0,0,1,0,0,0,0,0,0,1,0,1,0,1,0,0.540681
0,0,0,0,1,0,0,1,0,1,0,0,0,0,1,1,1,0,1,0,1,0,1,0,1,0,0,1,0,1,1,1,0.531170
1,1,1,1,1,1,1,1,0,0,0,0,0,1,0,1,1,0,1,1,1,1,1,0,1,1,1,0,1,1,0,1,0.791001
1,1,0,0,0,0,0,0,1,1,1,0,1,0,0,0,1,0,1,0,1,1,0,0,0,1,1,0,0,0,0,1,0.842045
0,0,1,0,1,0,0,1,0,0,0,1,0,1,0,1,0,0,1,0,1,1,1,0,0,0,0,0,0,1,1,0,0.502291
0,1,0,0,1,1,1,0,1,1,0,0,1,0,0,1,0,0,0,1,1,1,0,0,0,1,0,0,0,0,0,1,0.561621
1,0,1,1,0,1,0,0,1,0,1,0,1,0,1,1,0,0,1,0,0,1,1,0,1,1,1,1,1,0,0,1,0.864051
1,0,1,1,1,1,1,1,0,1,1,1,1,1,1,0,1,1,1,1,1,1,1,1,0,1,1,0,1,1,1,0,0.545290
0,1,0,1,0,1,1,1,1,1,1,1,0,1,0,1,1,1,1,1,1,1,0,0,0,0,1,0,0,0,1,1,0.936674
0,0,0,0,0,1,0,0,0,0,0,1,1,1,0,1,1,1,1,0,1,0,1,0,0,0,0,1,1,0,0,1,0.672528
0,0,0,0,1,1,0,1,0,1,0,1,0,0,1,0,1,1,1,1,1,0,0,0,1,1,0,0,1,1,0,0,0.698743
1,0,1,1,0,1,1,0,1,1,0,0,0,0,0,0,1,0,0,1,0,1,1,1,1,1,1,0,1,0,1,1,0.652227
1,0,1,1,0,1,0,1,0,0,1,0,0,1,0,1,1,0,1,1,1,0,1,1,1,1,0,1,0,0,0,0,0.753410
1,1,1,0,0,0,1,1,0,1,1,1,1,0,1,1,1,1,0,0,1,1,0,1,1,1,0,1,0,1,0,1,0.609308
1,0,1,0,1,0,1,1,0,1,0,0,1,1,1,0,1,0,1,1,1,0,0,0,0,0,0,1,0,1,0,1,0.707934
1,0,0,0,0,0,0,1,0,1,0,0,1,1,0,1,0,0,0,1,1,1,1,0,0,0,0,0,1,0,0,1,0.529971
0,1,0,0,0,0,1,1,1,1,0,0,1,1,1,1,0,1,0,1,1,0,1,0,1,0,1,1,0,1,1,1,0.720428
0,0,0,1,1,1,1,1,0,0,0,1,0,1,0,0,0,1,1,0,1,0,1,0,0,0,1,1,0,0,0,1,0.592445
1,0,0,1,0,0,1,1,1,0,0,0,1,0,1,0,0,1,1,1,1,0,1,1,1,0,1,0,1,1,1,0,0.591699
0,1,1,1,0,0,1,1,0,1,0,0,0,0,0,0,1,0,1,0,1,0,1,1,0,1,0,0,0,1,0,0,0.562713
1,0,1,1,1,1,1,1,0,0,0,0,1,0,1,0,0,1,0,1,0,0,0,0,0,1,1,1,0,0,1,1,0.556586
0,0,0,0,0,1,1,1,1,1,1,1,0,0,0,1,1,0,1,1,0,0,0,0,0,1,1,1,0,0,1,1,0.713981
0,0,0,0,0,0,1,0,0,0,1,1,1,1,1,0,1,1,1,0,1,1,1,0,1,0,0,0,0,0,0,0,0.528692
0,1,0,0,1,1,0,1,0,0,0,0,0,0,1,0,1,1,1,1,0,1,1,1,1,0,0,0,0,0,1,0,0.633499
1,0,1,0,1,0,1,1,0,1,1,0,0,0,1,0,0,0,1,1,0,1,0,1,0,0,1,1,1,1,0,0,0.835545
1,0,1,1,1,0,1,0,0,0,0,1,0,1,1,1,0,0,1,0,1,0,1,0,1,0,1,0,1,0,1,1,0.851982
1,0,1,1,1,1,1,1,1,0,1,0,1,1,1,0,1,0,0,1,0,0,0,0,1,1,0,1,0,1,0,0,0.548513
1,0,1,0,1,1,1,1,1,1,1,0,0,0,1,1,0,1,0,0,0,1,0,1,0,1,1,0,1,1,0,1,0.549259
1,1,1,1,0,0,0,0,0,0,1,1,1,1,0,0,1,0,1,0,0,0,1,1,1,0,1,0,1,0,0,1,0.724318
0,0,0,1,0,0,1,1,0,1,1,0,0,0,0,0,0,1,1,1,1,0,1,0,0,1,0,1,1,1,1,1,0.697544
0,0,0,0,0,1,0,1,1,0,0,0,0,0,1,1,0,0,1,0,1,0,1,0,0,0,1,0,1,1,0,0,0.496030
1,0,0,1,0,1,0,1,1,0,0,0,1,0,0,0,1,0,0,1,0,1,0,1,0,0,0,1,0,1,1,1,0.550352
0,1,0,0,0,0,0,0,0,1,1,1,1,1,0,0,0,0,0,0,0,1,0,1,1,0,0,0,0,0,0,0,0.557305
1,1,1,1,1,0,0,1,0,0,1,0,0,0,0,1,1,1,0,0,0,0,0,0,1,1,0,1,0,0,0,1,0.696318
0,1,0,1,0,0,1,1,1,0,1,1,0,1,1,1,1,1,0,0,0,1,1,1,1,1,0,0,0,0,0,0,0.565191
1,0,0,1,1,0,1,1,1,0,0,0,1,0,1,1,1,0,1,0,0,1,0,0,0,0,0,0,1,1,1,1,0.489317
0,0,0,0,1,1,1,0,1,1,1,0,0,0,0,1,0,1,0,1,0,0,1,1,0,1,0,0,0,1,1,1,0.633605
1,0,1,1,0,1,0,1,0,1,0,1,1,1,1,0,0,1,0,0,0,0,1,1,1,1,1,1,0,1,0,1,0.857310
1,1,1,1,0,1,0,1,0,1,0,1,0,0,1,0,0,1,0,1,0,1,1,1,1,0,1,0,1,0,1,0,0.816336
0,1,1,0,1,0,0,1,1,0,0,0,0,1,1,1,1,1,0,1,0,1,1,1,0,0,0,0,0,1,1,0,0.644155
0,0,1,0,1,1,1,0,1,0,1,1,1,1,0,0,0,1,0,1,0,0,0,1,1,1,0,1,1,1,0,0,0.543745
1,1,0,1,0,0,0,1,1,1,1,0,1,1,0,0,0,0,1,1,0,0,0,0,1,1,0,0,1,1,0,0,0.714354
1,1,1,1,1,1,0,0,0,1,1,1,0,0,1,0,1,0,0,0,1,0,1,0,1,1,0,1,0,0,0,1,0.850091
1,1,0,1,0,0,0,1,0,0,1,0,1,0,0,1,0,0,0,1,0,0,0,0,1,1,1,1,0,0,0,0,0.697117
1,0,1,0,1,1,1,1,1,1,0,1,1,1,0,1,1,1,0,0,1,1,0,0,0,0,0,0,0,0,1,0,0.521659
1,1,1,1,0,1,1,0,0,1,0,0,1,1,0,0,1,0,0,1,1,1,0,0,0,0,1,1,1,1,1,1,0.813033
1,0,1,1,1,1,0,0,1,0,1,1,0,1,1,1,1,0,1,1,1,1,0,0,0,0,0,1,0,0,0,0,0.659660
0,1,1,0,1,0,1,1,1,1,0,0,0,0,0,0,0,0,0,0,1,0,1,1,1,1,0,1,0,1,1,1,0.535140
0,0,1,0,0,0,1,0,0,1,0,0,1,0,1,1,0,1,1,0,0,1,1,0,1,0,1,1,0,1,1,1,0.546888
1,1,1,1,1,1,1,1,1,0,0,1,0,0,1,1,1,0,1,0,0,0,0,1,1,1,0,1,0,0,0,0,0.544837
1,0,1,0,1,1,0,0,1,1,1,0,1,0,0,0,1,0,1,1,0,0,1,1,0,0,0,1,1,1,0,0,0.556053
0,1,0,0,1,1,0,1,1,1,1,0,0,1,0,1,1,0,0,0,0,1,1,1,1,0,1,1,1,0,0,0,0.558051
0,0,1,0,0,1,0,0,0,0,0,0,1,1,1,1,0,1,0,1,1,1,1,1,0,0,1,1,1,0,0,0,0.531889
1,0,1,1,0,0,1,0,1,1,1,1,1,0,1,1,1,0,1,1,0,1,1,1,0,1,1,0,0,1,0,0,0.558637
1,0,1,0,1,0,0,1,0,1,0,0,0,0,1,0,1,0,0,0,1,1,1,0,1,1,0,1,0,1,1,1,0.797421
0,0,1,0,1,1,0,1,0,0,1,1,0,1,0,0,1,0,1,1,1,1,0,1,1,0,1,0,1,1,1,0,0.752531
0,1,0,0,0,0,0,0,0,1,0,0,0,0,0,0,0,1,1,0,1,1,1,1,0,1,1,1,0,0,1,1,0.684569
1,0,1,0,1,1,1,1,0,1,0,1,1,1,1,0,1,1,1,0,1,0,0,1,1,1,1,1,0,0,1,1,0.710758
0,0,1,1,1,1,1,1,1,0,0,0,1,0,1,1,1,1,1,1,0,1,0,0,0,0,0,1,0,1,0,0,0.708733
1,0,1,1,0,1,0,1,0,0,0,0,1,0,1,0,1,0,1,1,0,0,1,1,1,1,1,1,1,0,1,1,0.712916
1,1,0,1,1,0,1,1,1,1,1,0,0,1,1,0,1,1,0,0,1,0,0,0,0,1,0,1,0,0,1,1,0.562873
0,1,0,1,1,1,0,1,1,1,1,0,0,1,0,0,1,0,0,1,0,0,0,0,1,1,0,1,0,1,0,1,0.751998
1,1,0,1,1,1,0,1,1,0,1,1,0,0,1,1,1,1,0,1,0,0,0,1,0,0,0,1,1,1,1,1,0.679881
0,1,0,0,0,1,1,1,0,0,1,1,0,0,1,1,0,1,1,1,1,1,1,1,0,1,0,0,1,1,0,1,0.599504
0,0,0,0,0,1,0,1,0,1,1,1,1,1,0,0,1,0,0,1,1,0,1,1,1,0,0,0,1,1,0,1,0.565564
0,0,1,1,0,0,0,1,0,0,0,1,0,1,0,0,0,1,1,1,0,1,0,0,1,0,0,0,0,0,0,0,0.844096
1,0,1,0,0,1,0,1,1,1,0,0,0,0,1,0,0,0,0,0,0,1,0,0,0,1,0,0,0,1,1,1,0.599025
