0,0,1,1,1,0,0,1,0,1,0,1,0,0,0,0,0,0,0,0,0,1,1,0,1,0,0,1,0,0,0,0,0.993420
1,0,0,1,1,1,1,1,1,1,0,1,0,0,1,0,1,0,1,0,1,1,1,1,1,0,1,0,1,1,1,1,0.010390
1,1,0,0,1,0,0,0,0,0,1,0,1,0,0,0,0,1,1,1,1,1,0,1,1,1,1,0,0,0,1,0,0.988784
1,1,0,1,0,1,1,0,0,0,0,1,0,1,0,1,1,0,0,0,0,1,0,0,0,1,0,1,1,1,1,1,0.011642
0,1,1,0,0,1,0,0,0,1,1,1,0,0,0,0,1,0,1,0,1,0,1,0,1,1,1,1,1,1,0,0,0.990196
1,1,0,0,0,0,1,0,0,1,1,1,1,1,1,1,1,0,1,0,1,1,1,1,0,0,1,0,0,0,1,1,0.014946
0,1,1,0,0,1,0,1,0,1,0,1,1,0,1,0,0,0,0,0,0,1,1,0,1,1,1,1,1,0,1,1,0.990249
1,0,1,0,0,0,1,1,1,1,0,0,0,1,1,1,1,0,0,1,0,0,1,0,0,1,1,1,0,1,1,1,0.011322
0,1,0,0,1,1,0,0,1,0,0,1,0,0,0,1,0,0,0,0,0,1,1,0,1,0,1,0,0,0,0,1,0.991528
1,0,0,0,1,0,0,0,0,1,1,0,1,0,0,0,0,1,0,0,0,1,1,0,1,0,0,1,1,1,1,0,0.990303
1,1,1,1,0,1,1,1,0,1,0,0,1,0,1,1,1,1,0,0,1,1,0,0,1,1,0,1,0,1,0,1,0.016384
0,0,0,1,1,1,1,0,1,1,0,1,0,1,0,1,0,1,0,1,1,0,1,1,1,0,0,0,0,0,0,1,0.989450
0,1,1,0,0,1,0,1,0,1,1,1,1,1,1,0,1,0,0,1,1,1,1,0,1,0,0,1,1,1,0,0,0.988784
0,1,0,0,1,0,0,0,0,0,0,1,0,1,0,1,0,0,0,0,0,0,0,1,0,0,0,0,0,1,1,0,0.995045
0,0,1,0,1,0,1,0,0,0,0,0,1,1,1,0,0,1,1,1,1,1,0,0,0,1,0,0,0,0,0,1,0.992913
1,1,0,0,0,1,1,1,0,1,1,0,1,1,1,0,1,0,1,0,1,0,0,0,0,0,0,0,1,0,1,0,0.990809
1,0,0,1,0,0,1,0,1,0,1,0,1,0,1,1,0,0,1,1,1,0,0,0,0,1,1,1,1,1,0,1,0.019102
1,1,0,0,1,0,1,0,1,0,1,0,0,0,1,1,1,0,1,1,0,0,1,1,1,0,1,1,0,1,0,1,0.016011
1,0,1,0,0,0,0,1,1,1,1,0,1,1,0,0,1,0,1,0,0,0,0,1,0,0,0,0,0,0,0,0,0.991608
1,1,0,1,1,0,1,0,0,1,1,1,1,0,1,1,1,1,0,0,0,1,0,1,0,1,1,0,1,0,1,1,0.011189
1,0,1,0,0,1,1,1,0,1,0,0,0,1,1,1,1,1,1,0,0,0,1,1,1,0,0,0,1,1,1,0,0.986866
1,0,1,0,0,0,1,1,1,0,1,1,1,0,0,0,1,0,1,1,0,0,1,0,1,0,1,1,0,0,1,1,0.017636
0,1,0,1,1,1,0,0,0,0,1,1,1,1,0,1,0,0,1,0,1,1,1,1,0,0,0,0,1,1,0,0,0.989503
1,0,0,0,0,0,1,0,0,1,1,0,1,1,0,1,0,0,1,1,0,0,0,1,0,1,0,1,1,0,0,1,0.019768
0,1,0,0,0,1,1,1,0,0,1,0,0,0,1,1,0,1,0,1,0,0,1,0,0,1,0,0,0,0,1,1,0.992434
1,1,0,0,1,0,0,1,1,0,0,0,0,1,0,1,0,1,1,0,1,1,1,1,1,1,0,0,0,0,0,0,0.989157
1,1,0,0,0,1,1,0,0,1,1,1,1,0,1,1,0,0,0,0,0,1,0,1,0,1,0,1,0,0,1,1,0.017956
1,0,0,1,1,0,1,1,0,1,1,1,0,0,0,0,0,1,1,1,0,0,1,0,1,0,1,0,1,0,0,1,0.019768
1,0,1,1,1,0,0,1,0,0,0,1,1,1,1,1,0,1,1,1,0,1,0,0,0,0,0,1,1,1,1,1,0.012228
1,1,1,1,1,0,0,0,1,0,1,0,1,0,1,1,0,1,0,0,1,0,0,0,1,0,1,0,1,1,1,1,0.011882
1,0,1,0,0,1,1,0,0,0,0,1,1,1,0,0,1,1,0,0,1,1,0,1,0,1,0,1,0,1,0,0,0.989397
1,0,1,1,1,1,1,0,1,0,1,1,1,1,1,1,1,1,0,0,1,0,0,0,1,0,0,1,0,1,0,0,0.989423
0,1,0,0,1,0,0,0,1,0,0,1,0,0,1,0,0,1,0,1,0,0,1,0,1,0,1,0,0,1,1,0,0.992034
1,0,0,0,1,0,0,0,0,1,0,1,1,1,1,0,1,1,0,0,0,0,0,1,0,0,1,0,1,1,0,0,0.990942
1,0,1,1,1,0,0,0,0,0,0,1,0,1,1,1,0,1,0,1,1,0,0,0,0,1,1,1,0,0,0,0,0.990063
1,1,1,0,1,0,1,0,1,0,1,0,1,0,1,0,0,0,1,0,0,0,1,0,1,1,0,0,0,1,0,0,0.991102
0,1,0,1,1,0,0,1,1,1,1,0,0,0,0,0,0,1,1,1,0,0,0,1,0,1,1,1,1,0,1,0,0.990249
0,0,1,1,1,1,1,1,1,1,0,1,0,1,0,0,0,1,0,0,0,1,0,1,0,1,1,1,0,0,1,1,0.989717
1,1,1,1,0,1,1,0,1,1,0,1,0,0,0,1,1,0,0,0,0,0,1,1,0,1,0,0,0,1,1,0,0.989983
1,1,1,1,0,0,0,0,1,0,0,1,1,1,0,1,1,0,0,0,1,1,0,0,0,0,1,1,1,1,1,0,0.989264
0,1,0,1,0,0,1,0,0,0,0,0,1,0,1,0,1,1,1,0,0,0,1,0,1,1,0,1,0,1,1,1,0.989610
0,0,1,1,1,0,1,0,0,1,0,1,0,0,1,1,0,1,0,0,0,1,1,0,0,1,1,0,1,1,0,1,0.991315
1,0,1,1,0,1,1,1,1,0,1,1,1,1,1,0,0,0,1,1,0,1,0,1,1,1,1,0,0,0,0,0,0.988491
1,0,0,1,0,0,1,0,1,0,1,0,0,1,1,1,0,0,0,1,1,0,0,1,1,0,0,1,1,1,1,1,0.012361
1,0,0,1,1,1,1,0,1,1,0,1,0,0,0,1,0,0,1,0,0,1,0,0,1,1,0,1,1,1,1,0,0.986733
0,1,1,1,1,1,1,1,1,0,1,0,0,1,0,1,0,0,1,0,1,1,1,0,1,0,1,1,0,0,0,1,0.988305
1,0,1,1,1,1,0,1,1,1,0,1,0,0,0,1,1,1,0,0,1,1,1,1,1,1,1,1,0,0,0,1,0.013107
1,1,1,0,1,0,0,1,0,1,0,0,1,0,0,0,0,1,0,0,0,1,1,0,0,0,0,1,1,1,1,0,0.989850
0,1,0,1,0,0,1,1,1,0,1,1,0,0,0,1,0,0,1,1,1,0,1,1,0,1,1,0,1,1,1,0,0.989344
1,1,0,0,1,0,0,0,0,0,0,1,1,1,1,1,0,0,1,0,1,1,1,1,0,0,1,0,0,1,0,0,0.990649
1,0,1,0,0,0,0,1,1,1,1,0,1,1,0,1,1,1,0,1,1,0,0,1,1,1,0,1,0,1,0,0,0.988038
1,1,0,0,0,0,1,0,0,1,0,1,0,0,1,1,0,1,0,0,1,0,0,0,0,1,0,1,1,1,1,0,0.990143
1,1,0,0,1,0,1,1,1,0,0,0,1,1,1,1,0,1,1,0,0,1,1,1,1,1,0,1,1,0,1,0,0.985374
1,0,1,0,1,0,0,0,0,1,0,1,1,0,0,0,0,1,1,1,0,0,1,0,0,1,0,1,0,0,0,0,0.992327
0,0,0,1,1,0,0,1,0,0,1,1,0,0,0,0,1,1,1,0,0,1,1,0,1,1,0,0,1,1,1,0,0.990835
0,0,0,1,1,0,1,0,0,0,1,0,0,1,0,1,1,0,1,0,1,1,0,0,1,1,0,0,1,1,0,1,0.990249
1,0,1,0,0,0,0,0,1,0,0,1,0,0,1,0,0,0,1,1,0,1,0,1,0,1,0,1,1,1,1,0,0.990889
0,0,1,0,1,1,0,1,0,1,1,1,1,0,1,1,0,1,1,1,0,1,1,1,1,1,1,0,1,1,1,0,0.990915
1,1,1,0,0,1,0,0,0,0,1,1,1,1,0,0,1,0,0,1,0,1,0,1,0,0,0,0,0,1,1,0,0.991555
1,1,1,1,1,0,1,1,1,0,0,0,1,1,1,1,1,0,1,1,1,1,1,0,1,1,0,1,1,0,0,0,0.992754
1,0,1,0,1,0,0,0,1,0,0,0,0,1,0,0,0,0,1,1,0,0,1,1,0,1,1,1,1,1,0,0,0.990622
0,1,0,0,0,1,1,0,0,0,0,1,0,0,1,1,1,0,1,1,1,1,1,1,1,0,1,1,1,0,0,1,0.988065
1,1,0,0,0,0,1,1,1,1,1,1,1,1,1,1,0,0,0,0,0,1,0,0,0,1,0,0,0,1,1,1,0.017104
0,0,1,0,1,0,0,1,1,0,1,1,0,1,0,1,0,1,0,1,1,1,0,0,1,1,0,0,1,0,1,0,0.990622
1,1,0,0,1,1,1,0,1,0,1,1,1,0,1,0,0,1,0,1,1,0,0,0,0,0,0,1,1,1,0,0,0.989237
1,1,1,0,0,1,0,1,1,1,1,0,0,1,0,0,1,1,0,1,0,0,1,0,1,1,1,1,1,0,0,0,0.991315
0,1,0,0,0,1,1,0,1,1,0,0,0,1,0,0,0,1,0,1,0,1,1,0,1,1,0,0,1,0,1,0,0.990276
1,1,0,0,0,0,1,1,1,0,0,1,0,1,0,0,1,0,1,1,1,0,0,1,0,0,1,0,0,0,1,1,0.019075
1,0,0,1,1,1,1,1,0,1,0,1,0,1,1,1,0,0,0,1,1,0,1,0,1,0,0,1,0,1,1,0,0.985747
0,1,0,0,1,0,0,1,0,1,1,0,1,0,1,0,1,1,0,0,1,0,1,0,1,1,0,0,0,0,1,0,0.990010
1,0,0,0,0,0,1,1,1,0,0,0,0,1,0,1,1,0,0,0,1,1,1,1,0,0,0,0,0,0,0,0,0.991661
1,1,0,1,0,0,0,0,1,1,0,0,1,1,1,0,0,1,1,1,1,1,0,1,1,0,0,0,0,1,0,1,0.018169
0,0,1,1,0,1,1,1,1,0,0,0,0,1,0,0,0,0,0,1,1,0,0,1,0,0,0,0,1,1,1,1,0.991475
1,0,1,1,0,0,0,0,0,1,0,0,0,0,0,0,0,1,1,0,1,0,1,0,0,0,1,0,1,0,0,1,0.022458
1,0,0,0,1,1,1,1,0,1,1,0,0,0,1,1,1,0,1,1,0,0,1,1,1,1,1,1,1,1,0,1,0.010124
0,0,1,0,0,0,1,1,1,1,0,0,0,1,0,0,0,1,1,1,0,1,1,0,0,1,0,0,1,1,1,1,0.990915
1,1,0,0,1,1,1,1,1,0,1,1,1,1,0,1,0,1,0,0,1,0,1,1,0,0,1,0,0,1,0,0,0.987106
0,1,0,0,1,0,1,0,0,0,1,1,1,1,1,0,0,0,0,0,0,1,0,0,1,0,1,0,1,1,1,0,0.991208
1,0,0,1,1,1,1,1,1,1,1,1,0,0,0,1,0,0,1,0,0,1,0,0,0,1,0,0,0,1,1,0,0.989397
0,1,0,1,0,1,0,0,0,1,0,1,1,0,0,1,1,1,0,1,0,0,1,0,1,0,1,1,1,1,1,0,0.989370
0,1,1,1,1,1,0,0,0,1,0,1,0,1,0,1,1,0,1,0,1,0,0,0,1,0,1,0,0,0,0,1,0.989663
0,0,0,0,1,1,0,0,0,1,0,1,1,0,1,1,0,0,0,1,0,1,1,0,1,0,0,0,0,1,1,0,0.995578
0,0,1,1,0,1,1,0,1,0,0,1,0,1,1,1,1,1,0,1,1,0,1,0,0,1,0,1,1,1,0,1,0.987852
1,1,1,1,0,0,1,0,1,0,0,0,1,1,1,0,0,1,1,1,1,0,0,1,0,1,0,1,1,1,1,0,0.988171
1,1,0,0,0,0,0,0,1,1,0,0,1,0,0,1,1,1,1,1,0,1,1,1,1,0,0,1,0,0,0,1,0.018462
1,1,0,0,0,1,1,1,1,0,0,0,0,1,0,0,0,1,0,0,1,0,0,1,0,0,1,0,1,0,0,1,0.021579
0,1,1,0,1,1,1,0,0,1,0,1,1,1,0,0,0,1,0,0,0,0,1,1,0,1,1,1,1,1,0,1,0.989663
0,0,1,1,0,0,0,0,0,0,0,1,0,1,0,1,0,1,1,1,1,1,1,1,0,1,0,0,1,0,0,0,0.991901
1,1,0,0,1,1,1,0,0,1,1,0,0,0,1,1,1,0,0,0,1,1,1,0,1,0,0,0,1,1,0,1,0.018729
0,0,1,1,0,1,1,0,1,0,0,0,0,1,0,0,1,1,1,0,0,1,1,0,1,1,1,1,0,0,0,0,0.990010
0,0,0,1,0,1,0,0,0,0,0,0,1,0,0,0,1,0,0,1,0,0,0,1,0,1,1,1,0,0,0,1,0.995018
1,1,0,0,0,1,0,0,0,1,1,0,0,0,0,1,0,1,0,0,0,1,1,1,0,0,0,0,0,1,1,0,0.991208
1,0,0,1,0,1,1,1,0,1,1,1,1,1,0,0,0,1,0,0,1,0,1,1,1,0,1,1,1,0,0,0,0.988811
0,1,0,1,1,1,0,0,1,1,1,1,0,0,1,1,0,1,0,0,0,0,0,1,0,0,0,1,0,1,1,1,0.991342
0,1,1,0,0,1,1,1,1,0,0,0,1,0,1,0,1,0,1,1,0,1,0,0,1,1,0,1,1,0,0,0,0.989210
1,1,0,0,1,1,1,0,1,1,0,1,0,0,0,0,1,1,1,1,0,0,1,0,0,1,0,1,1,0,1,0,0.990036
1,0,0,1,0,1,1,0,1,0,1,1,1,1,1,1,1,1,0,0,0,0,1,1,1,1,1,0,1,1,0,0,0.987159
1,0,0,0,1,1,1,1,0,1,1,0,1,1,0,1,1,0,0,0,0,0,0,1,1,1,0,0,0,1,1,1,0.014653
0,0,1,1,1,0,1,0,0,0,1,1,0,0,1,1,1,1,0,1,1,0,0,1,1,0,1,1,0,1,0,0,0.988784
0,1,1,0,0,0,0,1,1,0,0,1,0,0,1,1,0,0,1,0,0,1,1,1,1,0,1,1,1,0,1,1,0.989530
0,0,0,0,1,1,0,0,0,0,0,1,1,1,0,0,0,1,0,1,0,0,0,1,1,0,1,0,0,1,0,1,0.993553
1,0,0,1,1,1,1,0,0,1,0,0,1,0,0,0,0,1,1,0,0,1,1,0,1,1,1,0,1,1,1,1,0.013800
0,1,0,0,1,1,1,1,0,1,0,1,1,0,0,0,0,0,1,0,0,1,1,1,0,1,1,0,0,0,1,0,0.991448
0,1,1,0,0,0,0,1,0,1,1,1,1,1,1,0,0,0,1,0,0,1,1,0,1,1,1,1,1,0,0,1,0.989530
0,0,1,0,1,1,1,1,0,1,0,0,1,0,1,1,1,0,1,1,1,0,1,1,1,1,1,1,0,1,1,0,0.988331
1,0,1,0,0,1,0,0,1,0,0,1,1,1,1,1,0,0,0,1,1,1,0,0,1,1,1,1,1,0,0,1,0.015239
0,0,1,0,0,0,0,0,0,0,1,1,0,0,0,1,1,1,0,1,1,1,1,1,1,0,0,0,1,0,0,0,0.991848
1,0,0,0,1,0,0,0,0,1,0,1,0,1,0,0,1,1,1,1,0,1,1,1,0,1,1,1,1,1,0,1,0.015745
1,1,1,1,0,1,1,1,0,1,1,1,0,1,1,1,0,0,1,1,0,0,1,0,0,1,1,1,1,0,1,0,0.987452
1,0,1,1,1,0,0,1,1,0,1,0,0,0,1,0,0,0,1,0,1,1,0,0,1,0,1,0,1,0,0,1,0.022379
1,0,0,0,1,0,1,0,1,1,0,0,0,0,0,0,1,0,1,0,1,0,0,1,0,1,0,0,1,1,1,0,0.989956
0,0,0,0,0,1,1,0,1,0,0,0,0,0,1,1,0,1,0,1,0,1,1,0,0,0,1,0,0,1,1,0,0.994166
0,1,0,1,1,1,1,0,1,0,0,1,1,1,0,0,1,1,1,0,1,0,0,0,0,0,1,0,0,0,0,0,0.991022
1,0,1,0,0,0,1,0,0,1,0,0,0,0,0,0,1,1,1,0,1,1,1,0,0,1,1,1,1,1,0,1,0.018942
1,0,0,0,0,0,0,1,0,1,0,1,1,0,0,0,0,1,1,1,0,0,0,0,0,0,0,0,1,1,1,0,0.990995
1,0,0,0,1,1,0,0,0,1,0,0,0,0,1,0,1,1,1,1,0,1,0,0,1,0,1,1,0,0,0,0,0.990756
0,0,1,1,0,0,0,0,1,1,0,1,1,1,1,1,1,1,1,0,1,0,1,1,1,0,1,0,0,1,0,0,0.987932
0,1,1,0,0,0,1,0,1,0,1,0,0,0,0,0,1,0,1,0,0,1,0,0,0,0,1,1,1,0,1,0,0.990676
0,1,1,1,0,1,0,1,0,0,1,1,1,0,1,0,1,0,0,1,1,1,0,0,0,0,0,0,0,0,0,1,0.989610
0,0,1,0,0,0,1,0,0,1,1,1,1,0,1,1,0,0,1,0,0,1,1,1,1,1,1,1,1,0,0,1,0.990276
0,1,1,0,0,0,0,0,0,0,1,1,1,0,0,0,0,0,0,0,1,0,0,1,0,1,1,1,1,0,0,0,0.993233
1,1,1,0,1,0,1,1,1,1,0,1,0,1,0,0,1,1,0,1,1,1,0,0,0,1,1,1,0,1,0,0,0.989930
0,0,1,0,1,1,0,0,1,0,0,1,1,0,1,1,1,0,1,1,0,0,0,0,0,0,1,1,0,1,1,1,0.990303
0,0,1,1,0,1,0,1,1,1,1,1,1,1,0,0,1,0,0,1,1,1,1,0,1,0,1,0,1,0,0,0,0.989823
1,0,0,0,0,1,1,1,1,1,0,1,0,0,1,1,0,1,0,0,0,0,0,0,1,1,0,0,1,0,1,1,0.015452
0,1,1,1,0,0,0,0,1,0,0,0,1,1,0,1,1,1,0,0,0,1,0,0,0,0,1,1,1,0,0,1,0.989663
0,1,0,0,0,0,1,0,1,1,1,0,1,0,0,1,0,0,0,1,1,0,0,1,1,0,1,1,1,0,1,0,0.990542
0,0,1,1,1,0,1,0,0,0,0,0,0,0,0,0,0,1,1,1,1,0,1,0,1,1,0,1,0,0,0,0,0.991555
