0,1,0,1,1,1,0,0,1,1,1,1,0,0,1,1,0,1,0,0,0,0,0,1,0,0,0,1,0,1,1,1,0.991049
1,0,0,0,0,1,1,1,1,1,0,1,0,0,1,1,0,1,0,0,0,0,0,0,1,1,0,0,1,0,1,1,0.015505
1,0,0,1,1,1,1,1,1,1,1,1,0,0,0,1,0,0,1,0,0,1,0,0,0,1,0,0,0,1,1,0,0.989077
1,1,1,1,0,0,0,0,1,0,0,1,1,1,0,1,1,0,0,0,1,1,0,0,0,0,1,1,1,1,1,0,0.989184
1,1,1,1,1,0,0,0,1,0,1,0,1,0,1,1,0,1,0,0,1,0,0,0,1,0,1,0,1,1,1,1,0.011962
0,0,0,1,1,0,0,1,0,0,1,1,0,0,0,0,1,1,1,0,0,1,1,0,1,1,0,0,1,1,1,0,0.990542
0,0,1,0,1,1,0,0,1,0,0,1,1,0,1,1,1,0,1,1,0,0,0,0,0,0,1,1,0,1,1,1,0.990249
0,1,1,0,0,0,1,0,1,0,1,0,0,0,0,0,1,0,1,0,0,1,0,0,0,0,1,1,1,0,1,0,0.990569
1,1,0,1,0,0,0,0,1,1,0,0,1,1,1,0,0,1,1,1,1,1,0,1,1,0,0,0,0,1,0,1,0.018249
1,1,1,0,0,1,0,1,1,1,1,0,0,1,0,0,1,1,0,1,0,0,1,0,1,1,1,1,1,0,0,0,0.991102
0,0,1,1,1,0,1,0,0,1,0,1,0,0,1,1,0,1,0,0,0,1,1,0,0,1,1,0,1,1,0,1,0.991075
1,0,0,0,1,1,1,1,0,1,1,0,1,1,0,1,1,0,0,0,0,0,0,1,1,1,0,0,0,1,1,1,0.014812
1,0,1,1,1,0,0,1,0,0,0,1,1,1,1,1,0,1,1,1,0,1,0,0,0,0,0,1,1,1,1,1,0.012095
0,0,1,0,0,0,1,1,1,1,0,0,0,1,0,0,0,1,1,1,0,1,1,0,0,1,0,0,1,1,1,1,0.990622
1,0,1,0,0,0,0,1,1,1,1,0,1,1,0,1,1,1,0,1,1,0,0,1,1,1,0,1,0,1,0,0,0.988012
1,0,0,1,0,1,1,0,1,0,1,1,1,1,1,1,1,1,0,0,0,0,1,1,1,1,1,0,1,1,0,0,0.986999
1,0,0,0,1,1,1,1,0,1,1,0,0,0,1,1,1,0,1,1,0,0,1,1,1,1,1,1,1,1,0,1,0.010443
0,1,0,0,0,1,1,1,0,0,1,0,0,0,1,1,0,1,0,1,0,0,1,0,0,1,0,0,0,0,1,1,0.992247
0,1,1,0,1,1,1,0,0,1,0,1,1,1,0,0,0,1,0,0,0,0,1,1,0,1,1,1,1,1,0,1,0.989583
1,0,0,0,0,0,0,1,0,1,0,1,1,0,0,0,0,1,1,1,0,0,0,0,0,0,0,0,1,1,1,0,0.990889
1,0,0,1,1,1,1,1,1,1,0,1,0,0,1,0,1,0,1,0,1,1,1,1,1,0,1,0,1,1,1,1,0.010577
0,0,1,0,0,0,1,0,0,1,1,1,1,0,1,1,0,0,1,0,0,1,1,1,1,1,1,1,1,0,0,1,0.990329
0,0,1,0,0,0,0,0,0,0,1,1,0,0,0,1,1,1,0,1,1,1,1,1,1,0,0,0,1,0,0,0,0.991581
0,1,0,0,1,1,0,0,1,0,0,1,0,0,0,1,0,0,0,0,0,1,1,0,1,0,1,0,0,0,0,1,0.991395
0,0,1,1,0,1,1,1,1,0,0,0,0,1,0,0,0,0,0,1,1,0,0,1,0,0,0,0,1,1,1,1,0.991315
0,1,1,0,0,1,0,1,0,1,1,1,1,1,1,0,1,0,0,1,1,1,1,0,1,0,0,1,1,1,0,0,0.988704
1,1,0,0,0,0,1,0,0,1,1,1,1,1,1,1,1,0,1,0,1,1,1,1,0,0,1,0,0,0,1,1,0.015265
1,1,0,0,0,0,1,1,1,0,0,1,0,1,0,0,1,0,1,1,1,0,0,1,0,0,1,0,0,0,1,1,0.019075
1,0,0,1,1,1,1,1,0,1,0,1,0,1,1,1,0,0,0,1,1,0,1,0,1,0,0,1,0,1,1,0,0.985694
1,0,1,1,1,0,0,1,1,0,1,0,0,0,1,0,0,0,1,0,1,1,0,0,1,0,1,0,1,0,0,1,0.022592
1,1,0,0,0,1,0,0,0,1,1,0,0,0,0,1,0,1,0,0,0,1,1,1,0,0,0,0,0,1,1,0,0.991102
1,0,1,0,0,1,1,1,0,1,0,0,0,1,1,1,1,1,1,0,0,0,1,1,1,0,0,0,1,1,1,0,0.986733
0,1,0,1,0,1,0,0,0,1,0,1,1,0,0,1,1,1,0,1,0,0,1,0,1,0,1,1,1,1,1,0,0.989024
0,0,1,1,0,0,0,0,0,0,0,1,0,1,0,1,0,1,1,1,1,1,1,1,0,1,0,0,1,0,0,0,0.991661
1,0,0,1,1,1,1,0,1,1,0,1,0,0,0,1,0,0,1,0,0,1,0,0,1,1,0,1,1,1,1,0,0.986493
0,1,1,0,0,1,0,0,0,1,1,1,0,0,0,0,1,0,1,0,1,0,1,0,1,1,1,1,1,1,0,0,0.990036
0,1,0,1,1,1,0,0,0,0,1,1,1,1,0,1,0,0,1,0,1,1,1,1,0,0,0,0,1,1,0,0,0.989317
0,0,1,1,0,1,0,1,1,1,1,1,1,1,0,0,1,0,0,1,1,1,1,0,1,0,1,0,1,0,0,0,0.989637
0,1,1,1,1,1,1,1,1,0,1,0,0,1,0,1,0,0,1,0,1,1,1,0,1,0,1,1,0,0,0,1,0.988251
1,1,0,0,0,0,1,1,1,1,1,1,1,1,1,1,0,0,0,0,0,1,0,0,0,1,0,0,0,1,1,1,0.017397
0,1,1,0,0,1,1,1,1,0,0,0,1,0,1,0,1,0,1,1,0,1,0,0,1,1,0,1,1,0,0,0,0.989104
1,0,1,0,0,0,0,0,1,0,0,1,0,0,1,0,0,0,1,1,0,1,0,1,0,1,0,1,1,1,1,0,0.990676
0,0,1,0,1,1,1,1,0,1,0,0,1,0,1,1,1,0,1,1,1,0,1,1,1,1,1,1,0,1,1,0,0.988305
0,1,1,0,0,1,0,1,0,1,0,1,1,0,1,0,0,0,0,0,0,1,1,0,1,1,1,1,1,0,1,1,0.990090
1,1,1,1,0,1,1,1,0,1,0,0,1,0,1,1,1,1,0,0,1,1,0,0,1,1,0,1,0,1,0,1,0.016731
0,1,0,1,1,1,1,0,1,0,0,1,1,1,0,0,1,1,1,0,1,0,0,0,0,0,1,0,0,0,0,0,0.990969
1,1,0,0,0,0,1,0,0,1,0,1,0,0,1,1,0,1,0,0,1,0,0,0,0,1,0,1,1,1,1,0,0.990010
0,1,0,0,0,1,1,0,1,1,0,0,0,1,0,0,0,1,0,1,0,1,1,0,1,1,0,0,1,0,1,0,0.990276
0,0,1,1,1,1,1,1,1,1,0,1,0,1,0,0,0,1,0,0,0,1,0,1,0,1,1,1,0,0,1,1,0.989583
0,0,0,0,0,1,1,0,1,0,0,0,0,0,1,1,0,1,0,1,0,1,1,0,0,0,1,0,0,1,1,0,0.993979
1,0,1,1,1,1,1,0,1,0,1,1,1,1,1,1,1,1,0,0,1,0,0,0,1,0,0,1,0,1,0,0,0.989477
1,0,0,0,0,0,1,0,0,1,1,0,1,1,0,1,0,0,1,1,0,0,0,1,0,1,0,1,1,0,0,1,0.020194
1,0,0,1,0,0,1,0,1,0,1,0,1,0,1,1,0,0,1,1,1,0,0,0,0,1,1,1,1,1,0,1,0.019022
1,0,0,0,1,0,0,0,0,1,0,1,0,1,0,0,1,1,1,1,0,1,1,1,0,1,1,1,1,1,0,1,0.015825
1,0,1,0,0,0,1,0,0,1,0,0,0,0,0,0,1,1,1,0,1,1,1,0,0,1,1,1,1,1,0,1,0.019048
1,1,1,1,0,1,1,1,0,1,1,1,0,1,1,1,0,0,1,1,0,0,1,0,0,1,1,1,1,0,1,0,0.987372
1,0,1,0,0,1,1,0,0,0,0,1,1,1,0,0,1,1,0,0,1,1,0,1,0,1,0,1,0,1,0,0,0.989210
1,1,0,0,1,1,1,0,1,1,0,1,0,0,0,0,1,1,1,1,0,0,1,0,0,1,0,1,1,0,1,0,0.989796
1,1,1,0,1,0,1,0,1,0,1,0,1,0,1,0,0,0,1,0,0,0,1,0,1,1,0,0,0,1,0,0,0.991129
1,1,0,0,1,1,1,1,1,0,1,1,1,1,0,1,0,1,0,0,1,0,1,1,0,0,1,0,0,1,0,0,0.986919
1,0,0,0,1,1,0,0,0,1,0,0,0,0,1,0,1,1,1,1,0,1,0,0,1,0,1,1,0,0,0,0,0.990622
1,1,0,0,1,1,1,0,0,1,1,0,0,0,1,1,1,0,0,0,1,1,1,0,1,0,0,0,1,1,0,1,0.018835
0,1,0,1,0,0,1,0,0,0,0,0,1,0,1,0,1,1,1,0,0,0,1,0,1,1,0,1,0,1,1,1,0.989317
1,1,0,0,0,1,1,0,0,1,1,1,1,0,1,1,0,0,0,0,0,1,0,1,0,1,0,1,0,0,1,1,0.018436
1,0,1,0,0,0,0,1,1,1,1,0,1,1,0,0,1,0,1,0,0,0,0,1,0,0,0,0,0,0,0,0,0.991315
1,1,0,0,1,0,0,0,0,0,0,1,1,1,1,1,0,0,1,0,1,1,1,1,0,0,1,0,0,1,0,0,0.990702
1,0,1,0,1,0,0,0,0,1,0,1,1,0,0,0,0,1,1,1,0,0,1,0,0,1,0,1,0,0,0,0,0.992194
0,1,1,1,1,1,0,0,0,1,0,1,0,1,0,1,1,0,1,0,1,0,0,0,1,0,1,0,0,0,0,1,0.989530
1,0,1,1,1,0,0,0,0,0,0,1,0,1,1,1,0,1,0,1,1,0,0,0,0,1,1,1,0,0,0,0,0.989956
0,0,1,1,1,0,0,1,0,1,0,1,0,0,0,0,0,0,0,0,0,1,1,0,1,0,0,1,0,0,0,0,0.993153
1,0,1,0,0,0,1,1,1,0,1,1,1,0,0,0,1,0,1,1,0,0,1,0,1,0,1,1,0,0,1,1,0.017823
1,0,0,0,1,0,0,0,0,1,0,1,1,1,1,0,1,1,0,0,0,0,0,1,0,0,1,0,1,1,0,0,0.990729
0,0,1,0,1,0,0,1,1,0,1,1,0,1,0,1,0,1,0,1,1,1,0,0,1,1,0,0,1,0,1,0,0.990596
1,0,0,0,1,0,1,0,1,1,0,0,0,0,0,0,1,0,1,0,1,0,0,1,0,1,0,0,1,1,1,0,0.989743
1,1,1,1,0,1,1,0,1,1,0,1,0,0,0,1,1,0,0,0,0,0,1,1,0,1,0,0,0,1,1,0,0.989796
1,1,1,1,1,0,1,1,1,0,0,0,1,1,1,1,1,0,1,1,1,1,1,0,1,1,0,1,1,0,0,0,0.992487
1,0,1,1,0,1,1,1,1,0,1,1,1,1,1,0,0,0,1,1,0,1,0,1,1,1,1,0,0,0,0,0,0.988331
0,0,0,1,1,1,1,0,1,1,0,1,0,1,0,1,0,1,0,1,1,0,1,1,1,0,0,0,0,0,0,1,0.989264
0,1,1,0,0,0,0,1,0,1,1,1,1,1,1,0,0,0,1,0,0,1,1,0,1,1,1,1,1,0,0,1,0.989477
1,1,1,0,0,1,0,0,0,0,1,1,1,1,0,0,1,0,0,1,0,1,0,1,0,0,0,0,0,1,1,0,0.991208
1,0,0,0,1,0,0,0,0,1,1,0,1,0,0,0,0,1,0,0,0,1,1,0,1,0,0,1,1,1,1,0,0.990223
1,0,0,1,1,1,1,0,0,1,0,0,1,0,0,0,0,1,1,0,0,1,1,0,1,1,1,0,1,1,1,1,0.013827
1,1,0,0,1,0,1,0,1,0,1,0,0,0,1,1,1,0,1,1,0,0,1,1,1,0,1,1,0,1,0,1,0.016118
0,1,0,0,0,1,1,0,0,0,0,1,0,0,1,1,1,0,1,1,1,1,1,1,1,0,1,1,1,0,0,1,0.988198
1,0,0,1,0,1,1,1,0,1,1,1,1,1,0,0,0,1,0,0,1,0,1,1,1,0,1,1,1,0,0,0,0.988651
1,1,0,0,1,0,1,1,1,0,0,0,1,1,1,1,0,1,1,0,0,1,1,1,1,1,0,1,1,0,1,0,0.985294
1,1,0,0,0,1,1,1,0,1,1,0,1,1,1,0,1,0,1,0,1,0,0,0,0,0,0,0,1,0,1,0,0.990676
0,1,1,1,0,0,0,0,1,0,0,0,1,1,0,1,1,1,0,0,0,1,0,0,0,0,1,1,1,0,0,1,0.989610
0,1,1,0,0,0,0,1,1,0,0,1,0,0,1,1,0,0,1,0,0,1,1,1,1,0,1,1,1,0,1,1,0.989184
1,0,1,1,1,1,0,1,1,1,0,1,0,0,0,1,1,1,0,0,1,1,1,1,1,1,1,1,0,0,0,1,0.013107
0,1,0,0,1,0,0,0,0,0,0,1,0,1,0,1,0,0,0,0,0,0,0,1,0,0,0,0,0,1,1,0,0.994778
0,1,0,1,0,0,1,1,1,0,1,1,0,0,0,1,0,0,1,1,1,0,1,1,0,1,1,0,1,1,1,0,0.989210
0,0,1,1,1,0,1,0,0,0,0,0,0,0,0,0,0,1,1,1,1,0,1,0,1,1,0,1,0,0,0,0,0.991395
1,0,0,0,0,0,1,1,1,0,0,0,0,1,0,1,1,0,0,0,1,1,1,1,0,0,0,0,0,0,0,0,0.991448
1,0,1,0,1,0,0,0,1,0,0,0,0,1,0,0,0,0,1,1,0,0,1,1,0,1,1,1,1,1,0,0,0.990702
0,0,0,1,1,0,1,0,0,0,1,0,0,1,0,1,1,0,1,0,1,1,0,0,1,1,0,0,1,1,0,1,0.990196
1,0,1,0,0,1,0,0,1,0,0,1,1,1,1,1,0,0,0,1,1,1,0,0,1,1,1,1,1,0,0,1,0.015425
1,1,0,0,0,1,1,1,1,0,0,0,0,1,0,0,0,1,0,0,1,0,0,1,0,0,1,0,1,0,0,1,0.021686
1,0,1,0,0,0,1,1,1,1,0,0,0,1,1,1,1,0,0,1,0,0,1,0,0,1,1,1,0,1,1,1,0.011402
0,1,0,0,1,0,0,0,1,0,0,1,0,0,1,0,0,1,0,1,0,0,1,0,1,0,1,0,0,1,1,0,0.991795
1,1,0,1,1,0,1,0,0,1,1,1,1,0,1,1,1,1,0,0,0,1,0,1,0,1,1,0,1,0,1,1,0.011482
1,1,0,0,1,1,1,0,1,0,1,1,1,0,1,0,0,1,0,1,1,0,0,0,0,0,0,1,1,1,0,0,0.989184
1,1,1,1,0,0,1,0,1,0,0,0,1,1,1,0,0,1,1,1,1,0,0,1,0,1,0,1,1,1,1,0,0.988251
1,1,1,0,1,0,0,1,0,1,0,0,1,0,0,0,0,1,0,0,0,1,1,0,0,0,0,1,1,1,1,0,0.989663
1,0,0,1,1,0,1,1,0,1,1,1,0,0,0,0,0,1,1,1,0,0,1,0,1,0,1,0,1,0,0,1,0.019794
1,0,0,1,0,0,1,0,1,0,1,0,0,1,1,1,0,0,0,1,1,0,0,1,1,0,0,1,1,1,1,1,0.012495
0,0,1,1,0,1,1,0,1,0,0,0,0,1,0,0,1,1,1,0,0,1,1,0,1,1,1,1,0,0,0,0,0.990010
1,1,0,0,1,0,0,0,0,0,1,0,1,0,0,0,0,1,1,1,1,1,0,1,1,1,1,0,0,0,1,0,0.988704
1,1,0,0,0,0,0,0,1,1,0,0,1,0,0,1,1,1,1,1,0,1,1,1,1,0,0,1,0,0,0,1,0.018675
1,1,0,1,0,1,1,0,0,0,0,1,0,1,0,1,1,0,0,0,0,1,0,0,0,1,0,1,1,1,1,1,0.011695
0,0,1,0,1,0,1,0,0,0,0,0,1,1,1,0,0,1,1,1,1,1,0,0,0,1,0,0,0,0,0,1,0.993020
0,0,1,1,0,0,0,0,1,1,0,1,1,1,1,1,1,1,1,0,1,0,1,1,1,0,1,0,0,1,0,0,0.987905
0,1,1,1,0,1,0,1,0,0,1,1,1,0,1,0,1,0,0,1,1,1,0,0,0,0,0,0,0,0,0,1,0.989450
0,1,0,0,1,1,1,1,0,1,0,1,1,0,0,0,0,0,1,0,0,1,1,1,0,1,1,0,0,0,1,0,0.991422
0,0,1,0,1,1,0,1,0,1,1,1,1,0,1,1,0,1,1,1,0,1,1,1,1,1,1,0,1,1,1,0,0.990729
0,1,0,0,0,0,1,0,1,1,1,0,1,0,0,1,0,0,0,1,1,0,0,1,1,0,1,1,1,0,1,0,0.990409
1,1,1,0,1,0,1,1,1,1,0,1,0,1,0,0,1,1,0,1,1,1,0,0,0,1,1,1,0,1,0,0,0.989796
0,0,0,0,1,1,0,0,0,0,0,1,1,1,0,0,0,1,0,1,0,0,0,1,1,0,1,0,0,1,0,1,0.993473
0,1,0,1,1,0,0,1,1,1,1,0,0,0,0,0,0,1,1,1,0,0,0,1,0,1,1,1,1,0,1,0,0.989983
1,0,1,1,0,0,0,0,0,1,0,0,0,0,0,0,0,1,1,0,1,0,1,0,0,0,1,0,1,0,0,1,0.022618
0,1,1,0,0,0,0,0,0,0,1,1,1,0,0,0,0,0,0,0,1,0,0,1,0,1,1,1,1,0,0,0,0.993047
0,1,0,0,1,0,1,0,0,0,1,1,1,1,1,0,0,0,0,0,0,1,0,0,1,0,1,0,1,1,1,0,0.991075
0,0,1,1,1,0,1,0,0,0,1,1,0,0,1,1,1,1,0,1,1,0,0,1,1,0,1,1,0,1,0,0,0.988384
0,0,0,1,0,1,0,0,0,0,0,0,1,0,0,0,1,0,0,1,0,0,0,1,0,1,1,1,0,0,0,1,0.994912
1,1,0,0,1,0,0,1,1,0,0,0,0,1,0,1,0,1,1,0,1,1,1,1,1,1,0,0,0,0,0,0,0.989051
0,0,1,1,0,1,1,0,1,0,0,1,0,1,1,1,1,1,0,1,1,0,1,0,0,1,0,1,1,1,0,1,0.987745
0,1,0,0,1,0,0,1,0,1,1,0,1,0,1,0,1,1,0,0,1,0,1,0,1,1,0,0,0,0,1,0,0.989690
0,0,0,0,1,1,0,0,0,1,0,1,1,0,1,1,0,0,0,1,0,1,1,0,1,0,0,0,0,1,1,0,0.995418
