0,1,0,1,0,1,0,1,1,1,1,1,0,0,1,0,0,1,0,1,0,1,0,1,0,1,1,0,0,0,1,1,0.595269
0,0,1,0,1,0,1,1,0,0,1,0,1,0,1,0,0,1,0,0,1,0,0,0,0,0,1,0,1,1,0,1,0.567242
0,1,1,1,0,0,0,1,1,1,1,1,1,0,0,0,1,0,0,1,0,0,1,1,1,1,1,0,0,1,0,1,0.597959
0,0,0,1,0,1,0,0,1,1,0,1,0,1,1,0,1,0,0,1,0,1,1,1,1,0,1,0,1,1,0,0,0.590500
0,1,0,0,1,0,0,0,0,0,0,1,0,1,1,0,1,0,1,0,0,0,1,1,1,0,0,1,0,0,1,0,0.585997
1,0,1,1,0,0,1,0,0,0,1,0,1,0,1,0,0,0,1,1,1,1,0,0,0,1,1,1,0,0,1,1,0.600250
1,1,1,0,0,1,1,1,1,0,1,1,0,0,1,1,1,0,1,0,1,1,0,1,1,0,1,1,0,1,0,0,0.595162
1,1,1,1,1,1,0,1,1,0,1,0,0,0,0,0,0,0,1,1,1,0,1,0,0,0,0,0,1,0,1,1,0.605312
0,0,1,0,0,0,1,0,1,1,1,1,0,0,1,0,1,1,1,1,0,0,0,1,1,0,1,1,1,1,1,0,0.591459
0,1,1,1,0,0,0,0,0,0,0,1,1,0,0,1,1,0,0,0,0,0,0,1,0,0,0,1,0,1,1,1,0.601689
1,0,0,1,0,1,1,1,0,1,1,1,0,1,0,1,0,1,0,0,1,1,0,0,1,1,1,0,0,0,1,1,0.591885
1,1,1,0,0,0,1,0,0,0,1,0,1,0,1,0,0,0,1,1,1,0,1,1,0,0,0,1,1,0,1,1,0.601556
0,1,0,1,0,1,0,1,0,0,1,0,0,0,0,1,0,1,0,0,1,0,0,0,1,1,0,0,1,0,1,1,0.584932
1,0,1,0,0,0,0,1,1,0,1,1,0,0,0,0,1,1,0,1,1,1,0,1,0,1,1,0,1,1,0,1,0.600064
0,1,1,0,0,0,0,0,0,0,0,1,1,1,1,1,0,0,0,1,0,0,0,0,0,0,0,0,0,1,0,1,0.589381
1,0,1,0,0,0,1,0,0,1,1,1,0,0,1,0,0,1,0,0,1,1,1,0,1,0,0,1,1,0,0,1,0.599691
0,1,0,0,0,0,1,1,1,1,1,1,1,0,0,0,0,0,0,0,1,1,0,0,1,0,1,0,0,0,0,0,0.592684
0,1,0,1,1,0,0,0,0,1,0,0,0,1,0,1,0,0,1,1,0,0,0,1,0,1,1,0,1,0,0,0,0.585118
1,0,1,1,1,1,0,0,0,1,1,1,0,0,0,1,1,1,1,1,1,1,0,1,1,1,0,0,0,0,0,1,0.590553
1,0,0,1,0,0,0,1,1,1,1,0,0,0,0,0,1,1,0,0,0,0,1,1,0,1,0,0,1,1,0,0,0.600224
1,1,1,0,1,0,1,0,0,0,1,0,1,0,1,0,1,1,0,1,1,1,0,1,1,1,0,0,0,1,1,1,0.595855
1,1,0,0,0,0,0,0,0,0,1,1,1,1,0,1,0,1,0,0,0,0,0,1,1,0,1,0,1,0,0,0,0.593430
1,0,1,1,0,1,1,0,0,0,0,0,1,1,0,0,0,1,1,1,0,1,1,0,1,1,0,1,1,1,1,1,0.596281
0,1,0,1,1,0,1,1,1,1,1,0,0,1,0,1,1,1,1,0,1,0,0,1,1,0,1,1,1,0,0,1,0.591006
1,0,1,0,1,0,1,1,0,1,0,1,1,0,0,0,0,1,0,1,0,0,1,1,1,0,1,0,1,1,1,1,0.594150
1,0,1,0,0,1,0,0,1,1,0,0,1,0,1,0,1,0,1,1,0,1,0,1,0,0,1,1,0,0,0,0,0.591672
1,0,1,0,0,0,0,0,0,1,0,0,1,1,1,1,0,1,0,0,0,0,0,1,1,1,1,1,1,0,1,0,0.599584
0,1,0,1,1,1,0,1,0,0,1,0,1,1,0,0,0,1,1,0,1,0,1,0,0,0,1,0,0,1,0,0,0.587489
1,0,1,0,1,0,1,0,0,1,0,1,1,0,0,0,1,0,0,1,0,1,0,0,0,1,1,0,0,1,0,0,0.590713
0,0,0,1,1,0,0,0,0,0,0,0,0,1,0,1,1,1,1,1,1,1,1,1,1,1,1,0,1,1,0,1,0.578511
0,1,0,1,1,0,0,0,1,1,1,1,0,1,0,1,1,0,0,0,1,0,1,0,0,1,0,0,1,0,0,0,0.598492
1,1,1,1,1,1,0,1,1,0,0,1,0,0,1,0,0,1,0,0,0,1,0,0,1,0,0,1,1,1,1,0,0.596974
0,0,0,0,0,1,0,0,1,0,0,0,0,1,1,0,0,0,1,0,0,1,1,1,1,0,1,0,0,1,0,1,0.584905
0,1,0,0,1,0,1,0,0,1,0,1,0,0,1,1,1,1,0,1,1,1,1,0,1,1,0,1,0,1,0,1,0.591219
1,1,0,0,1,1,0,1,0,0,1,1,1,0,1,0,1,0,1,0,0,1,1,0,1,0,0,0,1,0,1,0,0.590420
0,1,1,0,0,0,0,1,0,1,0,0,0,1,0,1,0,0,1,1,0,1,0,1,1,1,1,0,1,1,0,0,0.587942
0,0,0,1,0,0,0,1,0,0,1,1,1,1,1,1,0,1,0,0,0,0,0,1,0,0,1,1,0,1,1,0,0.571132
1,0,0,0,1,1,0,1,1,1,1,0,1,1,1,0,0,0,0,0,0,0,0,0,1,0,1,0,0,0,0,1,0.596281
0,1,1,0,0,0,1,1,0,1,0,1,0,0,0,0,0,1,1,1,1,1,0,0,1,0,1,1,1,1,0,1,0.594842
0,0,1,0,0,0,0,0,0,1,1,1,0,1,1,1,1,0,0,1,0,1,0,0,0,0,1,1,0,1,1,0,0.591459
0,0,0,0,1,1,1,0,1,1,1,1,1,1,0,1,1,1,0,0,1,0,1,1,1,0,0,1,1,1,0,1,0.588209
0,0,0,0,0,0,1,0,0,1,1,1,0,0,1,0,1,0,1,0,0,1,0,1,1,0,0,0,0,1,1,1,0.593590
0,0,1,0,0,1,0,0,1,1,0,0,0,1,1,0,0,0,1,0,1,0,0,0,0,1,0,0,1,0,0,1,0.566629
1,1,1,0,0,0,0,0,0,1,1,0,0,0,0,1,1,0,0,0,1,1,0,1,0,1,0,1,0,0,1,0,0.599105
0,0,1,1,1,0,1,0,0,0,0,0,0,1,1,1,1,1,0,1,1,1,0,1,1,1,1,1,0,1,1,0,0.588875
0,1,1,1,0,0,0,1,0,0,0,0,0,1,0,0,1,1,0,0,1,1,0,0,1,1,1,0,1,0,0,1,0.592578
0,1,1,1,0,0,1,0,1,0,1,1,1,1,0,1,1,1,0,1,1,0,0,0,0,0,0,1,1,0,0,1,0.604886
0,1,1,1,1,1,1,1,1,1,1,0,0,1,0,1,0,0,1,0,0,0,0,0,1,0,0,1,0,1,1,0,0.590766
1,0,1,1,0,1,0,1,1,0,1,0,0,1,1,0,0,0,0,1,0,0,1,1,0,1,1,1,1,1,1,1,0.585065
1,1,0,1,0,1,0,0,0,1,0,1,0,0,0,0,1,1,1,0,0,0,1,1,0,0,1,1,0,0,0,0,0.599105
1,0,0,1,1,1,1,1,1,1,0,1,1,0,0,0,0,1,1,0,1,1,0,0,1,0,0,0,1,1,0,1,0.588768
0,1,0,0,0,1,1,0,1,0,1,0,1,0,1,0,1,1,1,1,0,1,1,1,1,1,0,0,1,1,1,1,0.593697
1,1,0,1,0,1,0,1,0,1,0,1,1,0,1,1,1,0,0,0,1,1,1,0,1,1,0,1,0,1,0,0,0.591219
1,0,0,1,0,0,0,0,0,1,1,0,0,0,0,1,1,1,0,1,0,1,0,1,0,1,1,1,1,0,0,1,0.596814
1,1,0,0,0,0,1,1,1,0,0,0,0,0,0,1,1,0,1,0,0,1,0,0,1,1,1,1,0,1,1,1,0.599158
1,0,0,1,0,0,1,1,0,1,0,0,1,1,0,0,0,1,1,0,1,1,0,0,1,1,1,0,0,1,1,1,0.594549
1,0,1,0,0,1,0,1,1,1,0,0,0,1,1,1,1,0,1,0,0,1,1,1,1,1,1,1,1,1,1,1,0.544890
1,1,0,0,1,0,1,0,1,0,0,1,0,1,1,1,0,1,0,1,0,0,0,1,0,1,0,0,1,0,1,0,0.595029
0,0,1,0,1,0,1,1,1,1,1,0,1,1,1,1,1,1,1,1,0,0,0,1,0,0,0,1,1,0,0,1,0.595988
0,0,0,0,0,0,1,0,0,1,1,1,0,0,0,0,0,1,0,0,1,1,0,0,1,1,0,1,0,0,0,0,0.550778
0,1,0,0,1,1,0,0,0,1,1,1,0,0,1,0,1,1,0,0,1,0,0,1,1,1,0,0,0,1,1,1,0.595242
0,1,0,0,0,0,1,0,0,0,0,0,1,1,0,0,1,1,1,1,1,1,1,0,1,1,1,1,0,1,0,1,0.592551
1,1,0,1,1,1,0,0,0,0,1,0,0,0,0,0,0,0,0,1,1,1,0,1,0,0,1,1,0,1,1,1,0.602355
1,1,1,1,1,1,1,0,0,1,0,1,0,1,0,0,0,0,1,1,0,1,1,1,0,0,0,0,1,0,0,1,0.603261
0,1,0,1,1,1,1,1,1,1,0,0,0,0,1,0,1,0,1,0,1,0,1,0,0,0,1,1,1,1,0,1,0.590953
1,1,0,1,0,0,0,1,1,1,1,1,1,0,1,1,0,1,0,0,0,1,0,1,1,0,0,1,1,1,0,1,0.599211
0,0,1,0,1,1,1,1,1,0,1,1,1,0,0,1,1,0,1,0,1,0,1,1,1,1,1,1,0,0,0,0,0.594842
1,0,0,1,0,1,1,1,1,1,1,1,0,1,1,1,1,1,0,1,1,0,0,0,0,0,0,1,0,1,1,1,0.583919
1,1,0,1,1,0,0,0,0,1,0,1,0,1,1,0,0,1,0,1,1,1,1,0,0,1,0,0,0,1,1,0,0.594230
1,0,1,0,0,0,1,0,1,0,1,1,0,0,0,0,0,0,0,1,1,1,0,0,0,1,1,1,1,0,1,0,0.595721
0,1,1,1,0,1,1,0,0,1,1,1,1,0,0,0,0,0,1,1,1,0,1,1,0,0,0,1,1,0,1,0,0.605339
1,1,1,1,0,1,1,1,1,1,0,1,0,1,0,1,0,1,0,0,0,1,1,0,1,1,1,1,1,0,0,1,0.590153
0,0,1,1,1,0,1,1,0,0,1,0,0,1,0,0,1,1,0,0,1,1,1,1,0,1,0,0,0,1,1,1,0.572650
1,1,1,1,0,0,1,1,0,1,1,0,0,1,0,0,1,0,1,1,0,0,1,0,1,1,0,1,1,1,1,1,0.589248
0,0,0,0,1,0,1,0,0,0,1,0,1,0,0,0,0,1,1,1,0,1,1,0,1,0,1,0,1,1,0,0,0.579071
0,1,0,0,1,0,0,1,1,0,1,0,0,0,1,1,0,0,1,1,1,0,1,0,0,1,0,1,0,0,0,1,0.586051
0,1,1,1,0,1,1,0,0,1,0,0,0,0,1,1,1,1,1,0,0,0,1,1,1,1,0,0,1,0,1,1,0.600304
0,1,1,0,1,1,1,1,0,1,0,0,0,1,0,0,0,1,0,1,0,1,0,0,0,0,1,0,0,0,0,0,0.584772
1,0,1,1,0,0,0,0,1,0,1,1,0,0,0,1,1,1,1,1,0,1,0,1,0,1,1,1,0,0,1,0,0.594496
0,0,0,1,0,1,1,1,0,1,1,0,1,1,1,1,0,1,0,1,1,0,1,1,1,1,1,0,1,1,0,1,0.578058
0,1,0,1,1,1,1,1,0,1,0,1,1,1,0,1,1,1,1,0,1,0,0,1,0,1,1,0,0,0,1,0,0.593297
0,1,0,1,0,1,0,1,1,1,1,0,1,1,1,0,1,1,0,0,1,0,1,1,1,0,1,1,1,1,0,1,0.588688
0,1,1,1,0,1,1,0,1,1,1,1,1,1,0,1,1,1,0,0,1,1,1,1,1,0,0,1,0,0,0,1,0.595482
1,1,1,0,0,0,0,0,1,0,0,1,0,1,0,1,1,1,0,0,0,0,0,1,1,1,0,1,0,1,0,1,0.598652
0,0,0,0,0,1,1,0,1,1,1,1,1,0,0,0,1,0,1,0,1,1,0,1,1,0,0,0,1,0,1,1,0.602408
1,1,0,1,1,0,0,0,0,1,0,1,1,1,0,1,1,1,0,1,1,1,1,1,0,0,0,0,1,1,1,0,0.601636
1,1,0,0,1,0,0,1,0,1,0,1,0,1,0,1,1,1,1,0,0,0,0,1,0,0,0,0,1,0,1,1,0.593857
0,0,0,0,1,1,0,0,1,0,0,1,1,0,1,0,1,0,1,1,0,0,1,0,0,0,0,1,0,0,1,0,0.589408
1,0,0,1,1,1,1,1,0,1,0,1,0,1,0,1,0,0,1,0,0,1,0,0,1,1,1,1,0,0,1,0,0.593564
1,1,0,1,0,1,0,1,1,0,0,1,1,1,0,0,1,1,1,1,0,1,0,1,1,1,1,1,1,1,1,1,0.581868
1,1,1,0,1,0,1,0,0,0,0,1,0,0,1,1,0,0,0,0,1,1,0,0,1,1,1,1,0,1,0,0,0.575048
0,1,1,1,1,1,1,0,0,0,0,0,0,0,0,1,0,0,1,0,1,1,0,1,0,0,0,1,1,0,0,1,0.591965
1,0,0,0,1,1,0,1,0,1,0,0,1,1,0,0,0,0,1,1,1,1,1,0,0,0,1,0,1,1,0,0,0.547688
0,1,1,0,1,0,1,0,0,0,1,1,1,1,1,0,1,1,1,0,0,0,1,1,0,0,1,1,0,0,0,1,0.597480
0,1,1,0,0,1,1,1,0,1,1,1,0,1,0,1,1,0,0,0,0,0,0,0,0,1,1,0,1,1,0,0,0.598972
0,1,0,1,0,0,0,0,0,0,1,0,0,1,1,0,1,0,0,1,1,1,1,0,1,0,1,1,0,0,0,1,0.591432
0,0,1,1,1,1,0,1,0,0,1,1,1,1,0,0,0,1,0,0,0,1,0,0,1,1,1,0,0,0,0,1,0.592844
0,1,0,1,0,1,0,0,0,1,1,1,0,0,0,0,0,1,0,1,1,0,0,0,0,1,1,0,1,1,0,0,0.590473
0,1,1,1,1,0,1,0,1,0,0,1,0,1,0,0,0,0,1,0,0,1,0,1,0,1,1,0,0,1,1,1,0.596654
0,0,0,0,0,0,1,0,1,0,1,0,1,0,1,1,0,1,1,0,1,1,1,1,0,0,0,1,0,0,0,1,0.566017
0,0,0,1,1,1,1,1,1,0,1,0,1,0,1,0,1,1,1,1,1,1,0,1,0,1,1,0,0,1,1,1,0.589061
1,1,0,0,0,1,0,0,0,0,1,1,0,1,1,1,1,1,1,1,0,1,0,0,1,1,0,1,0,0,0,0,0.594070
1,0,1,1,1,1,1,0,0,0,0,0,1,1,0,0,0,1,0,0,0,1,1,0,1,1,1,1,1,1,1,0,0.594283
0,1,1,1,1,1,1,0,1,0,1,0,0,0,1,0,1,1,1,0,0,0,1,0,0,0,1,1,1,1,1,0,0.595695
1,0,1,1,0,1,1,1,0,0,1,0,1,0,1,1,1,0,0,0,0,0,1,0,0,0,0,0,1,0,0,0,0.588502
1,0,0,0,0,0,0,0,1,0,0,1,1,0,0,1,0,1,0,1,1,1,1,1,1,0,0,0,1,1,0,1,0.602435
1,1,0,1,1,1,1,0,1,1,0,0,0,1,1,0,0,0,1,1,0,1,1,1,1,1,0,0,0,0,0,1,0.582694
0,1,0,0,1,0,1,1,0,1,1,0,0,0,1,1,1,1,0,0,1,1,0,0,0,0,0,0,1,0,1,0,0.586424
0,0,0,1,0,1,1,0,0,0,1,0,1,1,1,0,0,0,0,1,0,0,0,1,1,0,0,1,1,1,0,1,0.583999
1,0,0,0,0,0,1,0,0,1,0,0,1,1,1,1,1,0,0,0,1,0,0,0,1,1,0,1,0,0,1,0,0.594949
1,1,0,0,0,1,1,1,0,0,1,0,0,0,1,1,0,0,1,1,0,0,0,0,1,1,1,1,1,0,1,1,0.593484
1,0,0,1,0,0,0,1,0,0,1,1,1,1,1,1,0,0,1,1,0,0,0,1,0,0,1,1,1,1,0,0,0.600277
1,1,0,1,1,1,0,1,0,0,1,1,0,0,0,0,0,0,1,0,0,0,1,0,1,1,1,0,0,0,1,1,0.595109
0,0,0,1,1,0,0,0,1,1,0,1,0,1,1,0,1,0,1,1,1,1,0,1,1,1,1,0,0,1,0,0,0.595135
1,1,1,0,0,0,1,0,0,1,1,1,1,0,0,0,0,0,0,0,0,1,1,0,0,1,1,0,1,0,1,0,0.606458
1,1,0,1,0,1,0,1,1,1,0,0,1,1,1,1,1,1,1,0,1,0,1,1,0,0,0,0,1,0,1,0,0.593404
0,0,0,0,0,0,0,1,1,1,0,1,1,0,0,1,1,1,0,1,1,0,0,0,1,1,0,1,1,1,1,1,0.595402
0,1,0,1,1,0,1,1,0,1,0,1,0,0,0,0,1,0,1,0,0,0,1,0,0,1,0,0,1,0,0,1,0.591938
1,0,1,1,1,1,1,1,0,0,0,0,0,1,1,0,0,0,0,1,0,1,0,1,1,1,0,1,0,0,0,1,0.592178
1,1,1,1,1,1,0,1,0,0,0,0,0,1,0,0,0,0,1,1,1,1,0,1,1,1,0,1,0,0,1,0,0.577925
1,1,0,1,0,1,1,1,0,0,1,1,1,1,0,0,1,0,1,1,0,1,1,1,0,1,0,0,0,1,0,1,0.590287
1,0,1,0,0,0,0,0,1,0,0,1,0,1,1,1,0,0,0,0,0,1,1,1,1,0,1,0,0,0,0,1,0.591885
0,1,1,0,0,1,0,0,0,1,1,1,1,1,0,0,1,0,0,0,0,1,1,0,0,1,1,1,1,0,1,0,0.597027
1,1,1,1,0,1,1,0,0,0,0,0,0,1,0,0,1,0,1,1,0,1,0,1,1,1,1,0,1,0,1,1,0.600037
1,0,1,1,0,0,1,0,1,0,0,0,0,0,1,0,1,1,0,0,0,1,1,1,0,1,1,0,1,0,0,1,0.598066
1,0,0,0,0,0,0,1,0,1,0,1,0,1,1,0,0,1,0,1,1,0,1,0,0,1,1,1,1,1,0,1,0.588368
1,1,0,1,0,1,0,1,1,0,1,1,1,0,0,1,0,0,0,1,1,1,1,1,1,0,1,0,0,1,1,0,0.597107
1,1,1,0,0,1,0,0,0,1,0,0,1,0,0,0,0,0,1,0,1,1,0,1,0,0,0,1,0,0,0,0,0.597640
