0,1,0,0,1,0,1,0,0,1,0,1,0,0,1,1,1,1,0,1,1,1,1,0,1,1,0,1,0,1,0,1,0.590367
1,0,1,0,0,0,1,0,0,1,1,1,0,0,1,0,0,1,0,0,1,1,1,0,1,0,0,1,1,0,0,1,0.598785
1,0,1,0,0,1,0,0,1,1,0,0,1,0,1,0,1,0,1,1,0,1,0,1,0,0,1,1,0,0,0,0,0.592551
1,1,1,0,0,0,0,0,0,1,1,0,0,0,0,1,1,0,0,0,1,1,0,1,0,1,0,1,0,0,1,0,0.598892
0,1,0,1,1,1,1,1,0,1,0,1,1,1,0,1,1,1,1,0,1,0,0,1,0,1,1,0,0,0,1,0,0.594203
0,0,0,0,1,0,1,0,0,0,1,0,1,0,0,0,0,1,1,1,0,1,1,0,1,0,1,0,1,1,0,0,0.579364
0,0,0,0,1,1,1,0,1,1,1,1,1,1,0,1,1,1,0,0,1,0,1,1,1,0,0,1,1,1,0,1,0.588555
0,1,1,0,0,0,0,1,0,1,0,0,0,1,0,1,0,0,1,1,0,1,0,1,1,1,1,0,1,1,0,0,0.588289
0,1,0,0,1,1,0,0,0,1,1,1,0,0,1,0,1,1,0,0,1,0,0,1,1,1,0,0,0,1,1,1,0.594975
0,0,0,1,0,1,0,0,1,1,0,1,0,1,1,0,1,0,0,1,0,1,1,1,1,0,1,0,1,1,0,0,0.591192
0,1,1,0,0,0,0,0,0,0,0,1,1,1,1,1,0,0,0,1,0,0,0,0,0,0,0,0,0,1,0,1,0.588129
0,0,1,0,1,1,1,1,1,0,1,1,1,0,0,1,1,0,1,0,1,0,1,1,1,1,1,1,0,0,0,0,0.595535
0,1,1,0,0,1,1,1,0,1,1,1,0,1,0,1,1,0,0,0,0,0,0,0,0,1,1,0,1,1,0,0,0.597613
0,1,0,1,0,0,0,0,0,0,1,0,0,1,1,0,1,0,0,1,1,1,1,0,1,0,1,1,0,0,0,1,0.591912
1,0,0,1,0,0,0,1,1,1,1,0,0,0,0,0,1,1,0,0,0,0,1,1,0,1,0,0,1,1,0,0,0.598492
1,1,1,1,1,1,0,1,1,0,1,0,0,0,0,0,0,0,1,1,1,0,1,0,0,0,0,0,1,0,1,1,0.606351
1,1,0,1,1,0,0,0,0,1,0,1,0,1,1,0,0,1,0,1,1,1,1,0,0,1,0,0,0,1,1,0,0.593750
0,1,1,0,1,0,1,0,0,0,1,1,1,1,1,0,1,1,1,0,0,0,1,1,0,0,1,1,0,0,0,1,0.597986
1,0,0,1,0,1,1,1,1,1,1,1,0,1,1,1,1,1,0,1,1,0,0,0,0,0,0,1,0,1,1,1,0.583866
1,0,0,1,1,1,1,1,1,1,0,1,1,0,0,0,0,1,1,0,1,1,0,0,1,0,0,0,1,1,0,1,0.588795
0,0,0,0,0,0,1,0,1,0,1,0,1,0,1,1,0,1,1,0,1,1,1,1,0,0,0,1,0,0,0,1,0.566123
1,0,1,0,0,0,0,0,0,1,0,0,1,1,1,1,0,1,0,0,0,0,0,1,1,1,1,1,1,0,1,0,0.599052
0,1,1,1,1,1,1,0,0,0,0,0,0,0,0,1,0,0,1,0,1,1,0,1,0,0,0,1,1,0,0,1,0.591539
0,1,1,0,1,1,1,1,0,1,0,0,0,1,0,0,0,1,0,1,0,1,0,0,0,0,1,0,0,0,0,0,0.583413
1,0,0,1,0,1,1,1,0,1,1,1,0,1,0,1,0,1,0,0,1,1,0,0,1,1,1,0,0,0,1,1,0.592338
0,0,1,1,1,0,1,1,0,0,1,0,0,1,0,0,1,1,0,0,1,1,1,1,0,1,0,0,0,1,1,1,0.569800
0,1,1,0,0,0,1,1,0,1,0,1,0,0,0,0,0,1,1,1,1,1,0,0,1,0,1,1,1,1,0,1,0.595189
0,1,0,1,0,1,0,1,1,1,1,0,1,1,1,0,1,1,0,0,1,0,1,1,1,0,1,1,1,1,0,1,0.589647
1,1,0,0,1,0,0,1,0,1,0,1,0,1,0,1,1,1,1,0,0,0,0,1,0,0,0,0,1,0,1,1,0.592285
1,0,1,0,0,0,0,0,1,0,0,1,0,1,1,1,0,0,0,0,0,1,1,1,1,0,1,0,0,0,0,1,0.592072
0,1,1,1,0,1,1,0,1,1,1,1,1,1,0,1,1,1,0,0,1,1,1,1,1,0,0,1,0,0,0,1,0.594256
0,1,1,1,1,1,1,1,1,1,1,0,0,1,0,1,0,0,1,0,0,0,0,0,1,0,0,1,0,1,1,0,0.591699
1,0,1,1,0,0,0,0,1,0,1,1,0,0,0,1,1,1,1,1,0,1,0,1,0,1,1,1,0,0,1,0,0.594523
1,1,1,1,0,0,1,1,0,1,1,0,0,1,0,0,1,0,1,1,0,0,1,0,1,1,0,1,1,1,1,1,0.589301
0,0,1,0,1,0,1,1,1,1,1,0,1,1,1,1,1,1,1,1,0,0,0,1,0,0,0,1,1,0,0,1,0.597133
0,1,0,1,1,0,0,0,1,1,1,1,0,1,0,1,1,0,0,0,1,0,1,0,0,1,0,0,1,0,0,0,0.597400
0,0,1,0,1,0,1,1,0,0,1,0,1,0,1,0,0,1,0,0,1,0,0,0,0,0,1,0,1,1,0,1,0.566629
1,0,1,0,0,1,0,1,1,1,0,0,0,1,1,1,1,0,1,0,0,1,1,1,1,1,1,1,1,1,1,1,0.545290
1,1,0,1,0,0,0,1,1,1,1,1,1,0,1,1,0,1,0,0,0,1,0,1,1,0,0,1,1,1,0,1,0.598332
1,0,1,1,0,1,0,1,1,0,1,0,0,1,1,0,0,0,0,1,0,0,1,1,0,1,1,1,1,1,1,1,0.585118
0,1,1,1,0,0,0,1,1,1,1,1,1,0,0,0,1,0,0,1,0,0,1,1,1,1,1,0,0,1,0,1,0.597080
0,1,0,0,0,1,1,0,1,0,1,0,1,0,1,0,1,1,1,1,0,1,1,1,1,1,0,0,1,1,1,1,0.593670
1,1,1,1,1,1,1,0,0,1,0,1,0,1,0,0,0,0,1,1,0,1,1,1,0,0,0,0,1,0,0,1,0.601582
1,1,0,1,1,1,0,0,0,0,1,0,0,0,0,0,0,0,0,1,1,1,0,1,0,0,1,1,0,1,1,1,0.601636
1,1,1,0,0,0,1,0,0,0,1,0,1,0,1,0,0,0,1,1,1,0,1,1,0,0,0,1,1,0,1,1,0.601449
0,0,0,1,1,0,0,0,0,0,0,0,0,1,0,1,1,1,1,1,1,1,1,1,1,1,1,0,1,1,0,1,0.578058
1,1,0,0,0,0,1,1,1,0,0,0,0,0,0,1,1,0,1,0,0,1,0,0,1,1,1,1,0,1,1,1,0.597613
0,0,0,1,1,0,0,0,1,1,0,1,0,1,1,0,1,0,1,1,1,1,0,1,1,1,1,0,0,1,0,0,0.595961
1,0,1,1,1,1,1,0,0,0,0,0,1,1,0,0,0,1,0,0,0,1,1,0,1,1,1,1,1,1,1,0,0.594523
0,0,1,1,1,0,1,0,0,0,0,0,0,1,1,1,1,1,0,1,1,1,0,1,1,1,1,1,0,1,1,0,0.589780
1,0,0,0,0,0,0,0,1,0,0,1,1,0,0,1,0,1,0,1,1,1,1,1,1,0,0,0,1,1,0,1,0.601076
0,0,0,1,0,1,1,0,0,0,1,0,1,1,1,0,0,0,0,1,0,0,0,1,1,0,0,1,1,1,0,1,0.584825
1,1,0,1,0,1,0,1,0,1,0,1,1,0,1,1,1,0,0,0,1,1,1,0,1,1,0,1,0,1,0,0,0.592231
0,1,0,1,1,1,1,1,1,1,0,0,0,0,1,0,1,0,1,0,1,0,1,0,0,0,1,1,1,1,0,1,0.592311
0,0,0,0,0,0,0,1,1,1,0,1,1,0,0,1,1,1,0,1,1,0,0,0,1,1,0,1,1,1,1,1,0.594576
1,0,0,0,0,0,1,0,0,1,0,0,1,1,1,1,1,0,0,0,1,0,0,0,1,1,0,1,0,0,1,0,0.595455
1,1,1,0,1,0,1,0,0,0,1,0,1,0,1,0,1,1,0,1,1,1,0,1,1,1,0,0,0,1,1,1,0.595695
1,1,0,1,0,1,1,1,0,0,1,1,1,1,0,0,1,0,1,1,0,1,1,1,0,1,0,0,0,1,0,1,0.590740
0,0,0,0,0,0,1,0,0,1,1,1,0,0,0,0,0,1,0,0,1,1,0,0,1,1,0,1,0,0,0,0,0.551497
0,0,1,0,0,0,0,0,0,1,1,1,0,1,1,1,1,0,0,1,0,1,0,0,0,0,1,1,0,1,1,0,0.591486
1,0,1,1,0,0,1,0,0,0,1,0,1,0,1,0,0,0,1,1,1,1,0,0,0,1,1,1,0,0,1,1,0.598838
0,1,1,1,0,0,0,1,0,0,0,0,0,1,0,0,1,1,0,0,1,1,0,0,1,1,1,0,1,0,0,1,0.592152
0,1,0,1,1,1,0,1,0,0,1,0,1,1,0,0,0,1,1,0,1,0,1,0,0,0,1,0,0,1,0,0,0.587756
1,1,0,1,1,1,0,1,0,0,1,1,0,0,0,0,0,0,1,0,0,0,1,0,1,1,1,0,0,0,1,1,0.594523
0,1,0,0,0,0,1,1,1,1,1,1,1,0,0,0,0,0,0,0,1,1,0,0,1,0,1,0,0,0,0,0,0.591166
0,0,0,0,0,0,1,0,0,1,1,1,0,0,1,0,1,0,1,0,0,1,0,1,1,0,0,0,0,1,1,1,0.592631
0,0,0,1,1,1,1,1,1,0,1,0,1,0,1,0,1,1,1,1,1,1,0,1,0,1,1,0,0,1,1,1,0.588795
0,1,1,1,0,0,1,0,1,0,1,1,1,1,0,1,1,1,0,1,1,0,0,0,0,0,0,1,1,0,0,1,0.604699
1,0,0,1,0,0,0,1,0,0,1,1,1,1,1,1,0,0,1,1,0,0,0,1,0,0,1,1,1,1,0,0,0.600197
1,1,0,1,1,1,1,0,1,1,0,0,0,1,1,0,0,0,1,1,0,1,1,1,1,1,0,0,0,0,0,1,0.583333
1,0,1,1,1,1,0,0,0,1,1,1,0,0,0,1,1,1,1,1,1,1,0,1,1,1,0,0,0,0,0,1,0.590500
1,1,0,1,0,1,0,0,0,1,0,1,0,0,0,0,1,1,1,0,0,0,1,1,0,0,1,1,0,0,0,0,0.598386
0,1,0,0,1,0,0,0,0,0,0,1,0,1,1,0,1,0,1,0,0,0,1,1,1,0,0,1,0,0,1,0,0.585891
1,0,1,0,1,0,1,0,0,1,0,1,1,0,0,0,1,0,0,1,0,1,0,0,0,1,1,0,0,1,0,0,0.590420
1,1,1,1,1,1,0,1,0,0,0,0,0,1,0,0,0,0,1,1,1,1,0,1,1,1,0,1,0,0,1,0,0.577446
0,1,1,1,0,1,1,0,0,1,0,0,0,0,1,1,1,1,1,0,0,0,1,1,1,1,0,0,1,0,1,1,0.600091
0,1,1,1,1,1,1,0,1,0,1,0,0,0,1,0,1,1,1,0,0,0,1,0,0,0,1,1,1,1,1,0,0.594230
1,1,1,1,1,1,0,1,1,0,0,1,0,0,1,0,0,1,0,0,0,1,0,0,1,0,0,1,1,1,1,0,0.598146
1,1,0,0,0,1,1,1,0,0,1,0,0,0,1,1,0,0,1,1,0,0,0,0,1,1,1,1,1,0,1,1,0.593217
0,0,0,1,0,0,0,1,0,0,1,1,1,1,1,1,0,1,0,0,0,0,0,1,0,0,1,1,0,1,1,0,0.570865
0,0,0,1,0,1,1,1,0,1,1,0,1,1,1,1,0,1,0,1,1,0,1,1,1,1,1,0,1,1,0,1,0.578884
0,1,1,0,0,1,0,0,0,1,1,1,1,1,0,0,1,0,0,0,0,1,1,0,0,1,1,1,1,0,1,0,0.598252
1,1,1,0,0,0,0,0,1,0,0,1,0,1,0,1,1,1,0,0,0,0,0,1,1,1,0,1,0,1,0,1,0.598892
1,1,0,1,0,1,0,1,1,0,0,1,1,1,0,0,1,1,1,1,0,1,0,1,1,1,1,1,1,1,1,1,0.581788
0,0,1,0,0,0,1,0,1,1,1,1,0,0,1,0,1,1,1,1,0,0,0,1,1,0,1,1,1,1,1,0,0.591352
0,1,0,0,0,0,1,0,0,0,0,0,1,1,0,0,1,1,1,1,1,1,1,0,1,1,1,1,0,1,0,1,0.592977
1,0,1,1,0,1,1,0,0,0,0,0,1,1,0,0,0,1,1,1,0,1,1,0,1,1,0,1,1,1,1,1,0.596387
1,0,1,0,1,0,1,1,0,1,0,1,1,0,0,0,0,1,0,1,0,0,1,1,1,0,1,0,1,1,1,1,0.595055
1,1,1,0,1,0,1,0,0,0,0,1,0,0,1,1,0,0,0,0,1,1,0,0,1,1,1,1,0,1,0,0,0.575661
0,1,1,1,0,1,1,0,0,1,1,1,1,0,0,0,0,0,1,1,1,0,1,1,0,0,0,1,1,0,1,0,0.604300
1,1,1,1,0,1,1,0,0,0,0,0,0,1,0,0,1,0,1,1,0,1,0,1,1,1,1,0,1,0,1,1,0.600037
0,1,0,1,1,0,1,1,0,1,0,1,0,0,0,0,1,0,1,0,0,0,1,0,0,1,0,0,1,0,0,1,0.591752
1,1,1,0,0,1,1,1,1,0,1,1,0,0,1,1,1,0,1,0,1,1,0,1,1,0,1,1,0,1,0,0,0.594682
1,1,0,0,1,1,0,1,0,0,1,1,1,0,1,0,1,0,1,0,0,1,1,0,1,0,0,0,1,0,1,0,0.591832
1,0,0,1,0,0,1,1,0,1,0,0,1,1,0,0,0,1,1,0,1,1,0,0,1,1,1,0,0,1,1,1,0.594336
1,0,0,1,1,1,1,1,0,1,0,1,0,1,0,1,0,0,1,0,0,1,0,0,1,1,1,1,0,0,1,0,0.595242
1,0,1,0,0,0,0,1,1,0,1,1,0,0,0,0,1,1,0,1,1,1,0,1,0,1,1,0,1,1,0,1,0.599105
0,0,1,1,1,1,0,1,0,0,1,1,1,1,0,0,0,1,0,0,0,1,0,0,1,1,1,0,0,0,0,1,0.591965
0,1,0,1,0,1,0,0,0,1,1,1,0,0,0,0,0,1,0,1,1,0,0,0,0,1,1,0,1,1,0,0,0.589860
1,1,0,0,0,1,0,0,0,0,1,1,0,1,1,1,1,1,1,1,0,1,0,0,1,1,0,1,0,0,0,0,0.593803
1,1,1,0,0,1,0,0,0,1,0,0,1,0,0,0,0,0,1,0,1,1,0,1,0,0,0,1,0,0,0,0,0.596201
1,1,0,0,1,0,1,0,1,0,0,1,0,1,1,1,0,1,0,1,0,0,0,1,0,1,0,0,1,0,1,0,0.593963
1,0,0,0,1,1,0,1,1,1,1,0,1,1,1,0,0,0,0,0,0,0,0,0,1,0,1,0,0,0,0,1,0.595135
0,0,0,0,0,1,0,0,1,0,0,0,0,1,1,0,0,0,1,0,0,1,1,1,1,0,1,0,0,1,0,1,0.584133
1,0,0,0,0,0,0,1,0,1,0,1,0,1,1,0,0,1,0,1,1,0,1,0,0,1,1,1,1,1,0,1,0.588608
1,1,0,1,0,1,0,1,1,1,0,0,1,1,1,1,1,1,1,0,1,0,1,1,0,0,0,0,1,0,1,0,0.593910
1,0,1,1,0,1,1,1,0,0,1,0,1,0,1,1,1,0,0,0,0,0,1,0,0,0,0,0,1,0,0,0,0.588848
1,1,0,0,0,0,0,0,0,0,1,1,1,1,0,1,0,1,0,0,0,0,0,1,1,0,1,0,1,0,0,0,0.593084
1,0,0,0,1,1,0,1,0,1,0,0,1,1,0,0,0,0,1,1,1,1,1,0,0,0,1,0,1,1,0,0,0.546409
1,0,1,1,0,0,1,0,1,0,0,0,0,0,1,0,1,1,0,0,0,1,1,1,0,1,1,0,1,0,0,1,0.597586
1,1,0,1,0,1,0,1,1,0,1,1,1,0,0,1,0,0,0,1,1,1,1,1,1,0,1,0,0,1,1,0,0.596387
0,1,0,0,1,0,1,1,0,1,1,0,0,0,1,1,1,1,0,0,1,1,0,0,0,0,0,0,1,0,1,0,0.586743
0,1,1,1,1,0,1,0,1,0,0,1,0,1,0,0,0,0,1,0,0,1,0,1,0,1,1,0,0,1,1,1,0.596707
0,0,1,0,0,1,0,0,1,1,0,0,0,1,1,0,0,0,1,0,1,0,0,0,0,1,0,0,1,0,0,1,0.567189
1,0,1,1,1,1,1,1,0,0,0,0,0,1,1,0,0,0,0,1,0,1,0,1,1,1,0,1,0,0,0,1,0.592258
0,1,0,1,0,1,0,1,1,1,1,1,0,0,1,0,0,1,0,1,0,1,0,1,0,1,1,0,0,0,1,1,0.596281
0,0,0,0,0,1,1,0,1,1,1,1,1,0,0,0,1,0,1,0,1,1,0,1,1,0,0,0,1,0,1,1,0.601183
0,0,0,0,1,1,0,0,1,0,0,1,1,0,1,0,1,0,1,1,0,0,1,0,0,0,0,1,0,0,1,0,0.589274
1,0,0,1,0,0,0,0,0,1,1,0,0,0,0,1,1,1,0,1,0,1,0,1,0,1,1,1,1,0,0,1,0.596840
1,1,1,1,0,1,1,1,1,1,0,1,0,1,0,1,0,1,0,0,0,1,1,0,1,1,1,1,1,0,0,1,0.588821
0,1,0,1,1,0,0,0,0,1,0,0,0,1,0,1,0,0,1,1,0,0,0,1,0,1,1,0,1,0,0,0,0.585225
0,1,0,1,0,1,0,1,0,0,1,0,0,0,0,1,0,1,0,0,1,0,0,0,1,1,0,0,1,0,1,1,0.583067
0,1,0,1,1,0,1,1,1,1,1,0,0,1,0,1,1,1,1,0,1,0,0,1,1,0,1,1,1,0,0,1,0.591486
0,1,1,1,0,0,0,0,0,0,0,1,1,0,0,1,1,0,0,0,0,0,0,1,0,0,0,1,0,1,1,1,0.600011
1,1,0,1,1,0,0,0,0,1,0,1,1,1,0,1,1,1,0,1,1,1,1,1,0,0,0,0,1,1,1,0,0.600011
1,0,1,0,0,0,1,0,1,0,1,1,0,0,0,0,0,0,0,1,1,1,0,0,0,1,1,1,1,0,1,0,0.593883
1,1,1,0,0,0,1,0,0,1,1,1,1,0,0,0,0,0,0,0,0,1,1,0,0,1,1,0,1,0,1,0,0.604167
0,1,0,0,1,0,0,1,1,0,1,0,0,0,1,1,0,0,1,1,1,0,1,0,0,1,0,1,0,0,0,1,0.586104
