1,1,1,0,0,0,0,0,0,0,1,1,0,1,0,1,1,0,1,1,0,0,0,1,0,1,0,0,0,1,0,0,0.668365
0,1,0,0,1,0,1,0,1,1,1,1,0,0,1,1,0,1,1,0,0,1,1,1,1,1,0,1,0,1,1,1,0.481184
1,0,0,1,1,1,0,0,0,1,1,1,0,0,0,1,1,1,0,1,0,0,1,0,1,0,0,0,1,1,1,1,0.599729
0,1,1,1,0,1,0,1,0,1,0,1,0,0,0,1,1,1,0,1,0,0,1,0,0,0,0,1,0,1,1,1,0.615118
1,1,1,0,0,1,0,1,0,0,1,1,1,0,0,0,0,0,1,1,1,1,1,0,0,1,1,1,1,0,0,0,0.625311
0,0,0,1,0,0,1,1,0,0,1,1,1,0,1,1,1,0,1,1,0,1,1,0,0,1,1,1,0,0,0,1,0.708106
1,0,0,0,1,1,0,1,1,0,1,1,0,1,1,0,1,0,0,1,0,1,1,1,0,0,0,0,0,1,0,1,0.631738
1,1,0,1,1,1,1,1,0,1,1,0,1,1,0,1,0,1,0,0,1,0,0,0,1,0,0,1,0,1,0,0,0.581001
0,0,1,0,1,1,0,1,1,0,0,1,1,0,1,1,1,1,1,1,1,0,1,0,1,1,1,1,0,0,0,0,0.588281
0,0,1,0,1,0,0,1,0,0,1,1,0,1,1,1,1,0,0,0,0,0,0,0,1,0,1,1,0,0,0,0,0.700374
1,1,0,1,0,1,0,0,0,0,0,1,1,0,0,0,0,0,1,1,0,0,0,0,1,0,1,0,1,0,1,1,0.646700
0,0,0,1,0,0,0,0,1,0,0,1,1,0,0,0,0,1,1,1,0,1,0,1,0,1,1,0,1,0,0,0,0.717872
0,0,1,0,0,0,1,0,0,1,0,1,1,1,1,0,0,0,1,0,0,1,1,1,1,1,1,0,1,1,0,1,0.683253
0,0,0,0,0,0,1,1,1,1,0,0,0,1,1,0,1,1,0,1,0,1,0,0,0,1,1,0,1,1,1,1,0.612231
1,0,0,0,1,1,0,1,1,1,1,1,1,1,0,1,1,1,0,0,1,0,1,1,0,0,0,0,0,1,1,1,0.512590
0,0,0,1,0,0,0,1,1,1,1,1,1,0,0,0,0,0,1,0,0,1,0,1,0,1,1,1,1,0,0,1,0.664098
1,0,0,1,0,0,0,1,1,1,0,0,0,1,0,0,1,1,0,0,0,1,1,0,1,0,1,0,1,1,0,1,0.611905
0,0,1,1,0,1,0,0,0,1,1,1,0,1,1,1,0,0,0,0,1,0,0,0,1,0,0,1,1,1,0,1,0.691587
1,1,0,1,0,1,0,0,1,0,1,1,0,0,0,0,1,0,0,1,0,1,0,0,1,1,0,0,1,1,1,1,0.546406
1,1,1,1,0,1,1,1,1,0,0,0,1,0,1,1,1,0,0,0,0,0,0,1,1,1,1,0,1,1,1,0,0.540155
1,0,0,1,0,0,1,0,1,0,0,1,1,1,1,1,1,1,1,1,1,1,0,0,0,0,1,1,1,1,1,1,0.495845
0,0,0,1,0,0,0,0,1,0,0,1,1,1,0,1,1,1,1,0,0,1,0,0,1,0,0,1,1,1,0,0,0.659529
1,1,1,1,0,0,1,0,0,0,0,1,0,1,1,1,0,1,1,1,0,0,0,1,1,0,1,0,0,1,0,1,0.615896
0,1,1,1,1,1,0,1,0,1,1,1,0,0,0,1,1,1,1,0,1,1,1,0,1,1,1,1,1,0,0,0,0.586197
1,1,1,1,1,1,0,0,1,0,1,1,0,1,1,0,0,0,1,0,0,1,0,1,0,1,1,1,1,1,0,1,0.533000
1,1,1,0,1,0,1,0,0,1,0,0,1,0,1,1,0,1,0,1,0,1,0,1,1,0,0,0,0,0,0,0,0.624482
0,0,1,0,0,1,0,0,0,1,1,0,1,0,0,1,1,1,0,0,1,0,1,0,1,0,0,1,0,1,1,0,0.641202
0,0,1,0,0,0,1,1,1,1,1,1,1,1,0,0,0,1,0,1,1,0,0,0,1,1,0,0,0,1,0,1,0.612482
0,0,1,0,1,0,1,1,0,1,0,0,1,0,1,0,1,0,0,0,0,1,1,0,1,1,0,0,1,1,1,0,0.600884
1,0,1,0,1,1,0,0,0,1,0,0,0,0,0,1,0,1,0,1,0,1,1,1,0,0,0,0,0,1,0,1,0.650667
1,0,0,0,1,1,1,0,1,1,0,1,1,0,0,0,0,0,1,1,0,1,0,1,1,0,0,0,1,1,0,1,0.575628
1,0,1,1,1,1,1,0,1,0,0,0,0,1,1,1,0,0,0,0,1,1,0,1,1,1,0,0,0,1,1,0,0.554841
1,1,0,1,0,0,1,0,1,1,0,1,1,0,1,1,0,0,0,1,0,0,0,1,1,1,0,0,0,0,1,1,0.643185
0,1,0,0,1,0,0,1,1,0,0,0,1,0,1,1,1,1,1,0,1,0,0,0,1,1,0,1,0,0,1,1,0.625235
1,1,0,0,1,0,0,1,1,1,0,0,0,1,1,0,1,1,0,0,0,0,1,0,0,0,0,0,1,0,1,0,0.643863
0,1,0,0,1,0,0,1,1,1,1,0,0,1,0,0,1,0,0,0,1,1,1,1,1,1,1,1,0,1,0,0,0.586423
0,1,1,0,1,1,0,1,0,1,0,0,1,1,1,1,1,0,1,1,1,0,1,1,0,1,1,0,1,1,1,1,0.440941
1,1,0,0,0,0,1,0,0,1,0,1,0,1,1,1,0,0,0,0,1,1,0,0,1,0,1,1,1,1,1,0,0.633445
0,1,0,0,1,0,0,1,1,0,1,1,1,0,0,1,0,1,0,1,0,0,1,1,0,1,1,0,0,0,0,0,0.614516
0,0,0,1,0,1,1,1,1,1,0,1,0,0,1,1,0,1,1,1,1,1,1,1,0,0,1,0,0,0,1,1,0.624332
1,0,1,0,1,1,1,1,1,1,1,0,0,0,1,0,0,1,0,1,1,1,1,1,0,0,0,1,1,1,1,1,0.436698
0,0,0,1,0,0,1,1,1,0,1,1,1,0,1,0,0,1,1,1,1,0,0,1,1,0,1,0,0,0,0,1,0.627896
0,1,1,1,0,1,1,1,0,0,0,0,1,0,1,0,1,0,0,0,1,1,1,1,0,0,0,1,1,1,0,1,0.578515
1,0,1,0,0,0,1,0,1,0,0,0,1,1,0,1,0,1,1,0,1,0,0,1,0,1,1,1,1,1,0,1,0.577637
1,1,0,1,0,0,0,1,1,1,1,0,1,1,0,1,1,0,0,1,0,0,0,1,0,0,0,1,1,1,1,1,0.526147
1,0,1,1,1,0,0,0,0,1,0,0,0,1,1,0,1,0,0,1,1,0,0,0,1,1,0,0,1,0,0,1,0.627846
1,1,1,1,1,0,0,0,0,1,1,1,1,1,0,1,0,0,1,0,1,1,1,1,1,1,1,1,1,0,1,0,0.531544
1,0,0,1,0,1,0,0,0,0,0,1,1,0,0,1,0,1,0,0,0,0,0,1,0,0,1,0,0,1,1,1,0.649160
0,1,0,0,0,0,1,1,1,0,0,0,1,1,0,0,0,0,0,1,0,0,0,1,0,1,0,0,0,1,1,1,0.748450
1,0,0,1,0,1,1,1,1,0,1,1,1,0,1,0,1,1,0,1,0,0,1,1,0,1,0,0,1,0,0,0,0.575854
0,0,0,1,0,1,1,1,1,1,0,1,0,0,1,0,1,0,1,0,0,1,0,0,1,0,1,1,0,1,1,1,0.605654
1,1,0,0,0,1,0,1,0,0,0,0,1,1,1,0,1,1,0,1,0,1,0,1,1,1,0,1,0,1,1,0,0.606005
1,1,0,0,1,1,0,1,0,1,0,0,1,0,1,0,0,1,1,0,0,1,0,1,1,0,0,0,0,0,0,0,0.657821
1,0,1,1,0,0,1,1,1,1,0,1,0,0,0,0,0,0,0,0,0,1,0,0,0,0,0,0,0,1,1,1,0.683328
0,1,0,0,0,0,0,1,0,0,1,0,0,1,0,1,0,0,1,1,0,0,1,0,0,1,1,1,1,1,0,0,0.783722
1,0,1,0,0,1,0,0,0,0,1,1,1,0,1,0,0,1,0,0,0,1,1,1,0,1,1,0,1,0,1,0,0.653152
0,1,1,0,0,1,0,0,1,1,1,0,1,0,1,1,1,0,0,0,1,1,1,1,0,1,0,1,1,1,1,0,0.554339
0,1,0,0,0,0,0,0,1,1,1,1,0,0,0,1,0,0,0,0,0,1,0,1,0,0,1,0,1,1,1,1,0.688022
1,0,0,1,0,1,0,1,1,0,0,1,1,0,1,0,1,1,1,1,0,1,1,1,0,1,1,0,0,0,0,1,0.578867
1,0,1,1,1,1,0,0,0,0,1,1,1,0,0,1,0,0,0,1,1,0,0,1,1,1,1,0,0,0,0,0,0.608867
1,1,0,1,0,0,0,0,0,0,0,1,0,1,1,1,1,0,0,0,0,1,0,0,1,1,1,1,0,0,0,0,0.654784
1,1,0,0,0,1,1,1,0,0,0,1,1,0,1,1,0,0,1,1,0,1,1,0,0,1,0,1,1,0,0,0,0.617679
1,0,0,0,1,1,1,1,0,1,0,1,1,1,0,0,1,0,0,1,0,1,1,1,0,1,1,0,1,1,1,0,0.558431
0,1,1,1,0,0,0,0,0,1,0,1,1,1,1,0,0,0,1,1,1,1,1,1,0,0,0,1,0,1,1,1,0.585871
1,1,0,0,0,0,0,0,0,0,1,0,1,1,0,1,0,0,1,0,0,0,0,0,0,1,0,1,1,0,0,0,0.692014
1,0,0,1,1,0,1,0,1,0,0,0,0,1,0,0,1,1,1,1,0,1,1,1,0,0,1,0,0,0,0,1,0.627344
0,1,0,0,0,0,1,0,1,1,0,1,1,0,0,1,1,1,0,1,0,1,1,1,1,1,1,0,1,0,1,0,0.572842
1,1,0,1,1,0,0,1,0,1,0,0,1,1,1,0,0,0,0,0,0,0,1,0,1,0,1,0,1,0,1,1,0.602315
0,1,0,1,1,0,0,1,0,0,1,0,0,1,0,0,1,0,1,1,1,1,1,1,0,1,0,0,0,0,0,1,0.591193
1,0,1,1,0,1,0,0,1,0,1,1,0,0,1,1,0,1,1,0,1,0,1,1,1,1,0,1,0,0,1,0,0.545427
0,1,0,0,1,1,0,1,1,0,0,1,0,0,0,0,1,0,0,0,1,1,1,1,0,1,0,0,1,1,1,0,0.540883
1,1,0,1,0,0,1,0,0,0,1,0,1,0,0,1,0,1,0,1,0,1,0,0,1,1,0,0,0,1,0,1,0.623604
0,0,0,0,0,0,0,1,1,0,1,1,1,0,1,0,1,1,1,0,0,1,0,1,0,1,0,1,0,1,1,1,0.607737
0,0,1,0,1,0,1,1,0,0,1,0,0,0,1,1,1,0,1,0,1,1,0,0,1,0,0,1,1,0,1,1,0.670625
1,1,0,0,1,0,1,0,0,1,1,1,1,1,1,1,1,0,0,1,0,0,0,0,0,0,1,0,1,1,1,0,0.586273
1,0,1,1,1,0,0,1,0,1,0,0,0,1,0,0,1,1,0,0,0,1,1,0,0,1,1,1,1,1,0,1,0.578817
0,0,0,1,0,0,1,1,1,1,0,0,0,0,0,1,0,0,1,1,0,1,1,1,1,0,0,0,1,1,1,0,0.713027
1,0,0,0,0,1,0,0,0,1,1,1,0,0,1,0,0,1,1,0,1,0,1,1,1,0,1,0,1,0,0,0,0.646926
0,1,1,1,1,0,1,0,1,0,0,0,1,1,1,0,0,0,0,0,0,0,1,0,1,1,0,1,1,0,1,0,0.617101
0,0,1,1,0,0,1,1,1,0,1,0,0,0,0,0,1,1,1,0,1,1,0,1,1,1,1,0,1,1,0,0,0.635453
0,0,1,1,0,1,1,1,0,1,1,1,0,0,1,1,0,0,0,0,0,1,1,0,0,1,1,0,0,0,0,1,0.802425
0,1,0,0,0,1,0,1,1,1,0,0,1,0,0,1,1,0,1,0,1,1,0,1,1,0,0,0,1,0,1,1,0.590591
1,0,0,1,0,1,1,1,1,0,0,1,0,1,1,1,0,1,1,1,1,0,1,0,1,0,0,0,0,1,0,1,0.562448
1,1,0,1,0,0,0,0,1,1,1,1,1,1,0,0,1,1,1,1,0,1,1,1,0,0,1,0,0,0,0,1,0.577737
1,0,0,0,0,1,1,0,1,1,0,0,0,1,1,0,0,1,0,0,1,0,0,0,0,1,1,0,1,0,0,1,0.636708
1,1,0,1,0,0,1,1,1,1,1,1,0,1,0,1,0,1,1,1,1,0,0,1,0,1,0,1,0,1,0,0,0.545101
0,1,1,0,0,0,0,1,0,0,0,1,1,0,1,0,1,1,0,1,0,1,1,1,1,0,0,1,0,0,1,1,0.600256
0,0,0,1,1,0,1,0,1,1,1,0,1,0,1,0,0,1,0,0,1,0,1,1,1,1,1,1,1,0,0,1,0.559235
1,0,1,1,1,0,1,1,1,0,0,0,1,0,1,1,1,0,1,1,0,0,0,0,1,0,1,1,1,0,0,0,0.697110
1,0,1,0,0,0,0,0,0,0,1,0,1,0,0,0,1,0,0,1,0,1,1,1,0,1,1,1,1,0,1,0,0.691838
1,0,1,1,1,0,1,1,0,1,0,1,0,1,1,1,1,0,0,1,1,1,0,0,0,0,0,1,0,1,1,0,0.550724
0,0,1,0,0,1,1,1,0,0,1,1,1,1,1,0,0,1,1,1,1,1,0,1,1,0,1,0,1,0,0,1,0.650240
1,1,0,1,1,0,0,1,1,0,0,0,1,0,1,1,0,0,1,0,1,0,1,1,0,0,1,0,0,0,0,1,0.625662
1,0,1,1,0,0,0,0,0,1,0,1,1,1,0,1,0,1,1,1,1,0,1,1,0,1,0,1,0,1,1,1,0.527377
1,1,1,1,0,0,0,0,0,0,0,0,1,1,0,1,0,1,1,1,1,1,0,1,0,0,1,0,1,0,1,0,0.624156
1,0,1,1,0,0,0,0,1,0,0,1,1,1,1,1,1,0,1,0,0,0,1,1,0,0,0,1,1,0,0,0,0.625461
0,0,1,1,1,0,0,1,0,0,1,0,0,1,0,1,1,1,1,0,0,0,0,0,0,1,0,1,1,0,0,0,0.651093
1,1,0,0,0,0,0,1,0,0,1,0,1,1,0,1,0,1,1,0,1,1,0,1,0,0,0,0,1,1,0,1,0.602666
0,0,0,1,0,0,1,0,0,0,1,1,0,1,0,1,1,1,0,1,1,0,0,1,1,0,1,0,1,0,0,1,0.671127
1,1,1,1,0,1,0,1,1,1,0,0,1,1,1,1,0,1,0,1,1,1,1,0,0,0,0,0,0,0,0,1,0.556775
0,0,0,0,1,0,1,0,0,0,0,0,0,0,1,0,0,1,1,1,0,0,1,0,0,1,1,1,0,1,1,0,0.734291
0,0,1,1,1,0,1,1,1,1,0,1,1,0,1,1,0,1,1,0,0,0,0,0,0,0,1,0,1,0,0,1,0.586147
1,1,0,1,0,0,1,1,1,1,0,0,1,1,1,0,1,1,1,0,1,1,0,1,1,1,1,0,0,0,1,0,0.581202
1,0,0,0,1,1,0,0,0,1,1,0,0,0,1,0,1,0,0,0,0,0,0,0,0,1,0,0,0,0,1,1,0.662817
1,1,1,1,0,1,1,0,1,0,0,1,1,0,0,1,1,1,0,1,1,0,0,1,0,1,0,0,1,1,0,0,0.579043
0,1,0,0,1,0,1,1,1,0,0,1,1,1,1,1,0,1,1,1,1,0,1,1,0,0,1,0,1,0,1,0,0.532699
1,1,1,1,1,1,1,0,1,0,0,1,1,0,0,0,0,1,1,0,1,0,0,1,1,0,1,1,1,0,1,0,0.599779
1,0,0,0,0,0,1,1,0,1,1,0,0,1,1,1,1,0,0,0,0,1,0,0,1,1,1,0,0,1,0,1,0.635629
1,1,1,0,1,0,1,1,0,0,1,1,1,0,1,0,1,0,1,0,1,0,0,1,0,0,0,0,0,1,0,0,0.686491
0,1,0,0,1,0,0,1,0,0,0,0,1,0,1,0,1,0,0,0,0,1,1,1,0,1,0,1,1,1,1,1,0.695102
0,1,0,0,0,1,0,1,1,0,1,0,1,1,0,0,1,0,0,1,1,0,0,0,1,1,0,0,1,0,1,0,0.630081
0,0,1,1,0,1,0,0,0,1,0,0,1,1,0,0,1,0,0,1,0,0,0,1,1,1,1,1,0,1,1,0,0.628173
0,0,1,1,0,0,0,1,0,0,1,0,1,1,0,1,0,1,0,1,1,1,1,1,1,1,0,0,0,1,0,0,0.700826
1,0,0,0,1,0,1,0,1,0,0,1,0,0,1,0,1,1,1,0,1,1,0,1,0,1,1,0,1,0,0,0,0.622624
0,0,0,0,0,0,1,0,1,0,1,1,1,0,1,0,1,0,1,1,0,1,1,0,1,1,1,0,0,0,0,0,0.671353
1,0,1,0,0,1,1,0,0,1,0,1,1,1,0,0,1,1,1,0,1,0,0,1,0,1,0,1,1,1,1,1,0.525343
0,1,0,0,1,0,1,1,1,0,1,0,1,0,0,1,1,0,1,1,1,1,1,0,1,0,1,1,1,0,1,1,0.538724
0,1,1,0,1,1,1,1,0,1,1,1,1,0,1,1,1,0,1,1,0,0,1,0,0,1,0,0,1,1,1,0,0.569377
1,0,1,1,0,0,1,0,1,1,1,1,0,0,1,0,1,0,1,0,1,0,0,0,0,0,0,0,1,0,0,1,0.635403
1,1,0,0,1,1,1,1,0,0,0,0,0,0,1,0,0,1,0,0,1,1,1,0,1,0,0,0,0,0,1,0,0.557076
0,0,1,1,1,0,0,1,0,0,1,1,0,0,1,0,1,1,1,1,0,0,1,0,0,1,0,1,0,1,0,0,0.638189
1,0,1,0,0,1,0,0,1,1,1,1,1,0,1,0,1,1,1,1,0,0,1,1,1,1,1,1,1,1,0,0,0.582582
0,1,1,0,0,1,0,0,0,0,1,1,1,0,1,1,1,1,0,0,1,1,1,1,0,0,1,0,1,0,1,0,0.618859
1,1,1,1,0,1,1,1,1,0,1,0,1,1,0,0,1,1,0,0,1,1,0,1,1,0,0,0,1,1,0,0,0.628198
1,0,0,1,0,1,0,0,0,0,0,1,0,1,1,0,0,0,1,1,0,1,1,0,0,1,0,0,1,0,0,0,0.683780
0,1,1,1,1,0,1,0,1,1,1,1,1,0,1,0,0,1,0,0,0,0,1,0,1,1,1,1,1,1,1,1,0.514523
1,1,1,1,1,0,1,1,0,1,0,0,1,0,1,1,0,0,1,0,1,1,0,0,1,0,0,0,1,0,1,0,0.559511
0,0,0,1,0,0,1,1,1,0,0,0,1,1,0,1,1,0,0,1,0,0,1,1,0,0,0,0,1,1,1,1,0.652800
0,1,1,0,1,0,1,1,0,1,1,1,0,0,1,1,0,0,0,1,0,1,1,1,0,1,1,1,0,1,0,1,0.581202
1,1,0,0,1,1,0,0,0,1,1,0,0,0,0,1,1,0,0,1,1,1,1,0,1,1,1,0,1,0,0,0,0.623152
0,1,0,0,0,0,1,0,1,1,0,0,0,0,1,0,1,1,0,1,0,0,1,0,0,0,1,0,0,1,0,1,0.640976
0,1,1,1,0,1,1,1,1,1,0,1,0,1,0,1,0,0,0,1,0,1,0,1,1,1,0,1,1,1,0,1,0.617930
1,1,0,1,0,0,1,0,1,0,0,1,0,1,0,1,0,0,0,0,1,1,1,0,0,1,1,0,0,0,1,1,0.624658
1,0,1,0,1,1,1,1,0,1,1,1,1,0,0,0,0,1,1,0,1,1,0,1,1,1,0,1,1,1,1,0,0.536138
1,1,1,1,1,1,0,0,0,0,0,1,0,1,1,0,1,0,1,1,0,0,1,1,0,1,0,0,1,0,0,0,0.638315
1,0,1,0,0,1,0,0,0,1,1,1,1,0,0,1,0,1,0,1,0,1,1,0,0,1,1,0,0,1,0,0,0.628122
1,1,0,0,0,0,0,1,0,1,0,0,0,0,0,1,1,0,1,0,0,1,0,1,0,0,0,0,0,1,1,1,0.589084
1,0,1,1,0,0,1,0,1,0,0,0,1,1,0,0,0,1,0,0,1,1,0,0,0,1,0,0,0,1,1,0,0.633143
0,1,1,0,1,0,0,0,1,1,0,0,0,0,0,1,0,1,1,1,1,1,0,1,1,0,0,1,0,0,0,0,0.653177
1,0,0,0,0,1,1,0,1,1,1,1,1,0,1,1,0,1,1,0,1,0,1,1,0,1,1,0,1,0,1,1,0.489694
0,1,1,1,1,1,0,0,0,0,0,0,0,0,1,1,1,1,1,0,1,1,1,0,1,1,1,1,1,1,0,1,0.530967
1,1,0,1,1,1,0,1,0,0,0,0,1,0,0,0,0,1,1,0,1,0,0,0,1,1,0,1,1,1,0,1,0.619763
1,1,1,0,1,0,1,0,0,0,1,0,0,1,0,1,0,0,0,1,1,1,0,0,1,0,1,1,0,1,1,0,0.612984
1,1,0,1,0,0,0,1,1,0,0,1,1,0,1,0,0,1,1,0,0,1,1,0,0,0,1,1,1,1,0,0,0.612633
0,0,0,1,1,0,1,1,0,0,0,0,1,0,0,0,0,0,0,1,0,0,1,0,1,0,1,0,1,0,1,1,0.690483
1,1,0,1,1,0,1,1,1,0,0,0,0,0,1,1,0,1,0,0,1,1,0,1,0,0,1,1,0,0,1,1,0.529410
1,0,0,0,1,0,0,0,0,1,1,0,0,0,0,0,1,1,0,1,1,0,0,1,0,0,1,0,1,1,0,0,0.651018
1,1,1,1,1,1,1,0,0,0,1,0,0,0,0,1,0,1,0,1,1,1,0,1,1,1,0,0,1,0,0,1,0.572867
1,1,1,0,0,0,0,0,0,0,1,1,0,0,0,1,1,1,0,1,1,0,1,1,0,1,1,1,0,0,1,0,0.609419
0,1,1,0,1,0,1,1,1,0,0,0,1,1,0,0,1,1,0,1,0,1,1,0,0,1,1,1,0,1,0,1,0.556448
0,1,1,0,1,0,0,0,0,0,0,0,1,1,1,1,1,1,0,1,0,0,0,1,1,0,1,0,1,0,1,1,0.616323
0,1,0,1,1,1,0,0,0,1,0,0,1,0,1,1,1,0,0,1,1,1,1,0,1,0,0,1,1,1,0,1,0.561620
0,1,0,1,0,0,1,1,1,0,1,0,1,1,1,0,0,0,1,1,0,1,1,1,0,1,0,0,1,1,0,0,0.625085
0,1,1,0,1,1,0,1,0,1,0,0,0,1,1,0,1,0,1,0,1,0,0,0,0,1,1,1,1,1,1,1,0.573369
0,0,0,1,0,1,1,1,1,0,0,0,0,0,1,1,1,0,0,1,1,1,0,0,0,0,0,1,0,1,1,0,0.668918
1,0,0,1,0,0,1,0,1,1,1,0,1,1,0,1,0,0,1,0,1,1,0,0,1,1,0,0,1,1,1,1,0.585268
0,1,0,1,1,0,1,0,1,1,0,1,0,1,0,1,1,1,0,1,1,1,1,0,0,0,0,0,1,0,1,1,0.595662
1,1,1,1,1,0,0,1,0,1,0,0,0,0,1,1,0,1,0,1,1,1,1,1,0,1,0,0,0,0,1,0,0.568900
0,1,0,1,1,0,1,0,1,1,1,1,1,1,0,1,1,1,1,0,0,0,1,0,0,1,0,1,1,1,0,1,0.518967
0,0,0,1,0,1,1,0,0,1,1,1,0,1,1,1,0,0,1,0,0,0,1,0,0,1,0,1,1,1,1,1,0.714734
1,1,1,1,1,0,0,1,0,0,1,1,1,0,1,0,1,0,0,0,1,0,0,1,0,1,0,1,1,1,0,1,0.600557
0,0,0,1,1,1,1,1,1,0,1,0,0,0,1,1,0,0,1,0,1,1,1,0,1,1,1,0,1,0,1,0,0.563804
0,0,0,1,0,0,1,0,1,0,0,0,0,1,0,0,1,0,1,0,0,1,0,1,0,0,0,1,0,1,1,0,0.706550
1,0,0,1,1,0,0,1,0,0,0,0,1,0,1,0,0,0,1,0,0,0,1,1,1,0,1,0,1,0,1,0,0.646148
0,0,0,0,0,0,1,1,1,1,0,1,0,1,0,1,1,0,1,0,0,0,1,0,1,1,0,1,0,0,0,1,0.625637
0,0,1,1,0,0,0,1,0,0,1,0,0,0,0,1,0,1,1,1,1,1,1,0,0,0,0,1,1,1,0,1,0.806191
0,0,1,1,1,0,0,0,0,1,0,1,1,0,0,1,1,0,1,1,1,0,1,0,1,1,1,0,1,0,1,0,0.588858
0,0,0,0,0,0,1,0,1,0,0,0,0,1,0,1,1,1,0,1,1,1,0,0,0,1,0,0,0,1,0,1,0.712299
1,1,1,0,1,1,0,0,0,0,0,1,0,1,0,0,1,1,1,1,0,1,1,0,1,0,1,0,0,1,1,0,0.628750
0,0,0,1,1,0,1,1,1,0,1,1,0,0,1,0,0,1,1,0,1,1,1,0,1,1,1,1,0,0,1,1,0.550197
1,0,0,0,1,1,0,0,0,0,1,0,0,1,1,0,1,0,0,1,0,1,0,0,1,0,1,0,1,0,0,1,0.661311
0,0,1,0,1,1,0,0,1,1,0,1,1,1,0,0,1,0,1,0,1,0,1,0,0,0,1,0,0,1,1,0,0.687822
1,0,0,1,1,0,1,1,0,0,1,1,1,1,1,0,1,0,0,0,1,1,1,1,1,0,0,1,0,0,1,0,0.585570
1,1,1,1,1,0,0,0,1,1,1,0,1,0,0,1,1,1,1,1,0,0,1,0,0,1,0,1,1,1,1,0,0.737705
1,1,0,1,0,0,1,0,0,0,0,1,1,1,1,0,1,1,0,0,0,1,1,0,0,0,1,0,0,0,1,0,0.634424
0,0,1,0,1,1,1,1,1,0,1,0,1,1,1,0,1,1,1,1,0,0,1,0,1,0,0,0,1,0,0,0,0.604951
1,1,1,0,1,0,1,1,0,1,1,1,0,1,0,0,0,0,0,0,1,0,1,1,0,0,0,0,0,1,1,0,0.621419
1,0,0,0,0,1,1,0,0,1,1,1,1,1,0,0,1,0,0,0,0,0,0,1,0,1,1,0,0,1,1,0,0.642030
0,0,0,0,0,1,0,0,0,0,1,1,0,1,0,0,0,0,0,0,0,0,1,1,0,0,1,1,1,1,0,1,0.766751
1,0,1,0,1,1,1,0,1,1,1,1,1,1,1,0,0,0,1,1,0,1,0,1,1,1,1,0,1,0,1,0,0.594658
1,1,1,0,1,0,0,0,0,0,0,0,0,0,1,0,1,1,1,1,0,1,0,1,1,0,1,0,0,1,1,1,0.596515
1,1,1,1,1,1,1,0,0,0,0,1,0,1,0,1,1,0,1,0,1,1,1,1,0,1,0,0,0,1,0,1,0.510054
1,1,0,1,1,0,1,0,1,1,1,0,0,0,0,1,1,0,0,1,0,1,0,1,1,0,0,1,1,1,1,1,0.457460
1,0,0,1,0,1,0,1,1,0,0,1,0,0,1,0,1,1,0,0,0,0,1,0,0,0,1,1,1,1,1,0,0.588783
1,1,1,1,1,0,0,1,1,1,0,0,1,1,1,1,0,1,1,0,0,0,1,0,1,0,0,1,1,0,0,1,0.546733
0,0,1,0,0,0,0,1,1,0,0,1,0,1,1,0,0,1,0,1,1,0,1,1,0,0,1,1,1,1,0,0,0.692566
1,0,0,1,1,1,0,0,0,1,1,1,1,0,1,1,1,1,1,0,1,0,1,1,0,1,1,1,0,1,0,0,0.553787
0,0,0,1,0,0,0,1,1,0,0,1,1,0,0,0,0,0,0,1,1,0,0,1,1,1,0,1,0,0,1,0,0.735922
0,1,0,0,1,0,0,0,1,1,0,1,1,0,0,1,1,1,1,1,0,0,1,1,1,0,0,1,0,1,1,0,0.585268
0,0,1,0,0,1,1,1,1,1,0,0,1,1,1,1,0,0,1,1,1,0,0,1,1,1,1,1,1,1,1,0,0.582884
1,1,1,0,0,1,1,1,1,0,1,1,1,0,1,0,0,1,0,0,0,0,0,0,0,1,0,1,1,0,1,0,0.608089
0,1,0,1,1,1,1,1,1,1,1,0,1,0,1,0,1,1,0,1,1,0,0,1,1,0,0,1,1,0,1,0,0.565787
1,0,1,1,0,1,0,0,1,1,1,1,1,1,0,1,1,0,1,1,0,0,1,0,0,0,0,1,1,0,0,0,0.598072
1,0,1,0,1,0,1,1,1,1,0,0,1,0,0,0,1,1,1,1,0,0,0,1,1,0,1,1,0,0,0,0,0.696031
1,1,0,0,0,0,0,0,0,0,0,0,1,0,1,1,1,1,0,0,0,1,0,0,1,1,0,1,0,1,0,1,0.630181
0,0,0,0,1,0,0,1,0,1,1,0,1,1,1,0,1,0,0,0,0,1,1,0,1,0,1,0,0,0,1,0,0.653528
1,0,0,0,1,0,0,1,0,0,0,1,1,1,0,0,1,0,1,1,0,1,0,0,1,1,0,0,1,0,1,0,0.622574
0,1,0,1,0,1,0,1,1,0,0,1,1,1,0,1,1,1,0,0,0,0,1,0,1,1,0,1,0,1,0,0,0.626591
0,1,1,0,1,1,0,1,0,0,0,1,0,0,1,0,0,0,0,1,0,0,1,0,1,1,0,1,0,0,1,0,0.660332
0,1,1,1,0,0,0,1,1,1,0,0,0,0,1,0,0,0,0,1,0,0,0,1,1,0,0,1,0,1,0,1,0.695403
0,0,0,0,0,1,0,1,0,0,0,1,1,1,1,0,0,1,1,1,0,1,1,1,1,0,0,0,0,0,0,1,0.773052
1,0,0,1,1,1,1,0,0,1,0,0,1,0,1,0,1,0,0,1,0,1,1,1,0,1,0,0,1,0,0,1,0.593654
0,1,0,0,1,0,0,0,1,0,0,0,1,0,0,0,1,0,0,0,0,1,1,1,1,0,1,1,1,1,1,1,0.594030
1,0,0,0,1,1,0,0,0,1,0,0,0,1,1,1,0,1,0,1,0,1,0,1,0,0,1,1,1,1,1,0,0.612532
0,1,0,1,1,1,1,0,1,1,1,0,0,1,1,0,1,1,0,1,0,0,1,0,1,1,0,1,0,1,0,0,0.576206
0,1,1,1,1,0,0,1,0,1,1,0,1,0,1,1,0,0,0,1,1,1,1,1,0,0,1,0,0,1,0,1,0.544699
1,1,1,0,0,1,0,0,1,0,0,1,0,1,1,0,1,1,1,1,1,1,1,0,1,1,1,1,1,0,0,0,0.642030
0,1,0,0,0,1,1,0,1,0,0,0,1,0,1,1,1,0,0,1,1,0,0,0,0,0,1,0,0,0,0,1,0.662667
0,1,0,1,0,0,1,0,1,1,1,0,0,1,1,1,0,0,0,1,0,0,1,1,0,1,1,1,0,1,0,0,0.672884
1,1,0,0,0,0,0,0,1,0,0,0,0,0,0,1,0,1,1,1,1,1,0,1,1,0,0,1,1,0,1,0,0.623277
1,1,0,1,1,0,1,0,0,0,0,0,1,1,1,0,0,0,1,0,0,0,1,1,0,1,0,0,0,0,0,1,0.622976
0,0,0,1,1,1,1,1,0,1,0,0,1,0,1,0,1,0,1,1,1,1,1,1,0,1,1,0,0,0,1,0,0.591344
0,1,0,1,0,0,0,1,0,1,1,1,0,0,1,1,1,1,0,0,1,0,1,0,0,1,0,0,1,0,0,0,0.673135
0,0,1,1,1,0,1,0,0,1,1,0,0,1,0,1,1,0,0,1,1,1,1,0,1,0,1,0,0,0,1,1,0.587905
1,0,1,1,1,0,1,1,0,1,1,0,1,1,1,1,1,0,1,1,0,0,0,1,1,1,0,1,1,0,1,1,0.455979
1,0,0,1,0,1,0,1,0,1,0,0,0,0,0,1,1,0,0,0,1,1,1,0,0,0,0,0,1,0,0,1,0.607059
0,0,0,0,1,0,1,1,0,1,0,1,1,0,0,1,0,0,1,0,0,1,1,0,1,0,1,0,0,1,0,0,0.694123
1,1,0,1,1,1,0,1,1,0,1,1,0,0,1,1,0,0,1,0,1,0,1,0,1,1,0,1,1,1,1,1,0.478598
1,1,0,1,1,0,1,1,0,1,1,0,0,0,1,1,0,1,1,1,1,1,0,0,0,0,1,1,0,0,1,1,0.510054
0,0,1,1,1,1,0,1,1,0,1,0,1,1,0,0,1,0,1,1,1,1,1,1,0,0,0,1,1,1,1,1,0.452238
1,1,1,1,1,1,0,0,1,0,0,0,0,0,1,0,0,1,0,1,0,0,0,1,1,1,1,1,0,0,1,0,0.618231
1,0,0,1,0,0,0,0,0,1,0,0,1,0,0,0,1,0,0,1,1,0,0,0,0,0,1,1,0,0,1,1,0.660106
1,1,1,0,0,1,0,0,1,1,1,1,0,1,1,0,1,1,1,1,0,0,0,1,1,0,1,1,1,0,1,0,0.574524
0,0,1,1,0,1,0,0,1,0,0,0,0,1,1,0,0,1,0,0,1,0,1,1,0,1,0,1,0,1,1,0,0.633771
1,1,0,0,1,1,1,1,0,0,1,1,0,0,0,1,1,0,1,1,1,0,0,1,0,0,0,1,1,1,0,1,0.605880
0,1,0,1,0,1,0,0,0,1,0,1,0,1,1,0,0,1,1,1,0,0,0,1,0,0,1,0,1,0,1,1,0.760124
1,0,0,1,0,1,0,0,1,0,1,1,0,0,0,0,0,1,0,0,1,1,0,1,0,0,1,0,1,1,0,0,0.646650
0,1,1,0,1,1,0,1,1,0,0,0,1,1,0,0,1,0,0,1,0,0,0,1,1,1,1,1,0,1,1,1,0.537218
1,1,1,1,0,0,0,1,0,0,0,1,0,0,1,0,1,1,0,0,1,0,1,1,0,1,1,1,1,1,1,0,0.539502
0,0,0,1,0,0,1,0,1,0,1,0,0,1,0,0,1,0,1,1,0,1,1,1,0,1,1,0,0,0,0,0,0.653051
0,0,0,1,0,0,0,1,1,1,0,0,1,0,1,0,1,1,1,0,1,1,0,1,0,0,1,1,0,1,1,0,0.605277
0,1,0,1,0,1,0,0,1,0,0,0,1,1,1,0,0,1,0,1,1,0,1,0,1,0,0,1,0,1,0,0,0.653754
0,0,1,1,1,0,0,0,0,1,0,1,0,0,1,0,1,0,1,0,0,1,1,1,0,0,1,1,0,1,1,0,0.634148
1,0,1,0,1,0,1,1,0,1,1,1,1,0,1,0,0,0,0,0,0,1,1,1,1,0,0,1,0,1,1,0,0.589386
1,0,0,0,1,1,1,0,0,1,0,1,1,1,1,1,1,1,1,1,1,1,1,0,0,0,1,0,0,1,0,1,0.498833
0,1,1,1,1,0,0,1,0,0,0,0,0,0,1,0,0,0,1,0,0,1,1,0,1,1,1,1,0,0,0,0,0.632717
1,1,1,0,1,0,1,0,0,0,1,1,0,1,1,1,1,0,0,0,1,0,0,1,0,0,0,0,1,0,1,0,0.619763
0,1,1,1,1,0,0,0,0,1,0,0,1,0,1,1,1,0,0,1,0,0,0,1,0,1,0,0,1,0,1,0,0.649336
0,0,0,0,0,1,1,0,1,0,1,1,0,0,1,0,0,1,1,1,1,0,1,1,1,0,1,0,1,1,1,1,0.632340
0,0,1,1,0,0,0,1,0,1,1,0,0,1,0,1,1,0,0,1,1,0,0,1,0,1,1,0,0,0,0,0,0.656541
1,1,0,1,0,1,1,1,1,1,1,0,0,1,1,1,1,0,1,1,0,0,1,0,0,1,1,1,1,1,0,0,0.547837
0,0,1,1,1,1,1,1,0,0,0,1,0,0,0,1,1,0,0,0,0,0,1,0,1,1,1,0,1,1,1,1,0.617378
1,1,1,0,1,0,1,1,0,0,1,0,0,1,1,0,1,1,0,1,1,1,0,0,0,1,0,1,0,0,1,0,0.611729
0,0,0,1,0,1,0,0,0,0,1,0,0,1,0,0,1,1,1,1,0,1,1,1,0,0,1,1,1,1,1,0,0.692792
1,1,1,0,1,1,1,0,0,0,0,0,0,0,0,0,1,0,1,1,1,0,1,1,0,0,0,0,1,1,0,1,0.608716
0,1,0,1,0,1,1,1,0,0,1,0,1,0,0,0,1,0,1,0,0,1,0,1,1,1,0,0,1,1,0,0,0.629855
1,0,0,1,0,0,0,0,1,0,0,1,0,0,0,0,0,1,1,1,1,1,0,1,1,0,1,1,0,1,0,1,0.659202
0,0,1,0,0,0,1,0,1,1,1,1,1,0,1,0,1,0,1,0,1,0,0,0,0,0,1,1,1,0,0,0,0.651771
1,0,0,0,1,1,0,0,0,1,0,0,1,1,1,0,1,1,0,1,1,0,0,0,1,1,1,0,0,0,0,0,0.646374
1,1,1,0,0,0,0,0,0,0,1,1,0,1,1,1,0,0,1,1,1,0,0,1,1,0,1,1,0,1,1,1,0.619436
0,0,0,1,0,1,0,1,0,1,1,0,1,1,1,1,0,0,1,0,0,0,0,0,0,0,1,1,0,0,1,0,0.767831
1,0,1,0,0,0,1,1,0,0,1,1,1,0,1,0,1,1,1,0,0,0,1,0,1,0,0,1,1,0,1,0,0.678834
1,1,1,1,0,1,1,0,1,1,1,0,1,1,0,0,1,0,1,0,0,0,1,0,1,1,1,1,1,1,0,0,0.700951
0,1,0,0,1,0,0,1,0,1,1,1,0,1,1,0,1,1,0,1,0,0,0,0,1,0,1,0,1,1,1,0,0.622298
0,1,1,1,0,0,1,1,1,0,0,0,1,1,1,0,1,0,1,0,0,1,1,1,0,0,0,0,1,0,1,1,0.582356
0,0,1,0,1,0,1,1,0,1,0,1,0,0,1,1,0,0,0,1,0,0,0,0,0,0,1,1,1,0,0,0,0.750985
0,0,0,0,1,0,1,1,0,0,0,1,0,1,0,0,0,1,1,0,1,1,0,0,1,0,0,1,0,1,0,0,0.709713
0,0,1,1,1,0,1,1,1,1,0,0,1,1,0,0,0,0,0,0,1,1,1,0,1,1,0,0,1,1,0,0,0.567469
0,0,0,1,0,0,1,1,0,1,0,1,1,0,1,0,1,0,0,0,0,0,1,0,0,0,0,0,0,0,1,1,0.763663
0,1,0,0,0,1,1,1,0,1,0,1,1,1,1,0,1,1,0,0,0,1,0,1,0,0,1,0,0,0,1,0,0.676098
1,1,0,0,1,0,1,0,1,1,0,1,1,0,0,1,1,1,1,0,0,1,0,1,0,1,1,1,0,0,1,0,0.570005
0,0,0,0,1,0,1,1,0,0,0,1,1,0,1,1,1,0,0,0,0,1,1,0,1,0,0,0,0,1,1,0,0.722968
1,1,1,1,0,1,1,1,0,1,0,0,0,0,1,1,1,1,1,1,1,1,0,0,0,1,0,0,1,1,1,1,0.433761
0,1,0,1,0,1,0,0,0,1,0,1,1,0,1,0,1,1,1,1,0,1,0,0,1,0,0,1,1,1,0,1,0.607562
0,0,1,0,0,0,0,0,0,1,0,0,0,1,0,1,0,0,1,0,1,0,1,1,1,0,1,1,1,0,1,1,0.747169
1,1,0,0,1,0,0,0,0,1,0,1,1,0,1,0,1,0,1,1,1,1,1,1,1,1,0,0,1,1,0,0,0.582557
0,1,0,1,1,0,0,1,1,0,0,0,1,0,1,1,1,1,0,0,0,0,1,1,0,0,1,1,0,1,0,1,0.564883
0,0,0,1,1,0,1,1,1,1,0,1,1,1,0,0,0,1,0,0,0,0,1,1,0,1,1,0,1,0,0,0,0.621746
1,1,0,0,0,0,0,0,0,1,0,1,1,1,1,0,1,0,1,1,1,0,0,0,1,1,0,1,1,0,1,0,0.594256
0,1,1,1,0,0,0,0,1,1,0,1,0,0,0,1,1,0,1,0,0,0,1,0,0,0,1,1,1,1,0,1,0.628273
1,0,0,1,1,0,1,1,0,1,0,0,0,0,0,1,0,1,1,0,0,0,0,0,1,1,1,1,1,1,1,0,0.601511
0,1,1,1,0,1,1,0,0,0,1,1,0,0,0,0,1,1,1,0,1,1,0,0,0,0,0,0,0,0,0,0,0.683579
0,1,1,1,1,1,0,0,1,1,0,1,0,1,0,1,1,0,0,0,0,0,1,0,1,1,1,0,1,1,1,1,0.531368
0,0,0,1,0,0,0,1,1,0,1,0,0,1,0,0,0,0,1,0,1,0,1,1,1,0,0,0,0,1,0,1,0.711621
1,1,1,1,1,0,0,1,0,0,1,1,0,0,1,1,1,1,0,0,0,0,0,0,0,0,0,1,0,0,1,0,0.606457
1,0,0,0,1,1,1,0,0,1,0,0,1,1,1,1,0,0,1,1,0,1,0,1,0,1,0,0,1,1,0,0,0.637838
1,1,0,0,0,0,0,0,0,1,0,0,0,0,0,1,0,1,1,1,1,1,1,1,0,1,1,0,1,1,1,0,0.638164
1,1,1,0,0,0,0,1,1,1,0,0,0,0,1,1,0,0,1,1,0,1,0,0,1,0,1,1,1,1,0,0,0.624156
0,1,0,1,1,1,1,1,1,0,1,0,1,0,0,1,1,0,0,1,0,1,0,0,0,0,1,1,1,0,0,1,0.611302
0,0,1,1,1,1,1,0,1,0,0,1,0,0,0,0,0,1,0,0,1,0,0,1,1,1,1,0,1,1,1,0,0.610775
0,0,0,1,1,1,1,1,1,0,1,1,1,1,1,0,0,0,0,1,0,1,0,1,0,1,0,0,0,1,1,1,0.591043
1,0,1,1,0,0,0,1,0,1,0,1,0,0,1,1,1,0,0,1,0,0,1,1,0,1,0,1,0,1,0,1,0.612156
1,1,1,1,1,0,1,1,0,0,0,0,0,1,0,1,1,1,1,1,1,0,0,1,0,0,1,1,1,1,0,1,0.487661
0,1,0,1,0,0,0,0,1,1,1,0,1,0,0,0,1,1,0,1,0,0,0,0,1,1,0,1,1,1,0,1,0.600206
1,1,1,0,1,0,0,1,0,1,1,1,0,1,0,1,1,0,1,1,1,1,0,0,0,0,0,0,1,0,0,1,0.586875
1,1,0,0,1,1,0,0,1,1,1,1,0,0,0,1,0,0,0,1,0,1,1,0,0,1,0,1,1,0,1,1,0.607210
0,0,0,0,0,0,1,0,1,1,0,1,1,0,0,0,1,0,1,0,0,1,1,1,0,0,1,1,0,0,0,0,0.651545
1,0,1,0,1,1,1,1,0,1,0,0,0,1,1,1,1,0,0,0,0,1,1,0,0,0,0,0,0,0,0,1,0.616348
1,0,1,1,1,0,1,1,0,1,1,0,0,0,0,0,0,1,0,1,1,0,1,1,0,0,0,0,0,0,1,1,0.609972
1,1,0,0,0,0,0,0,1,0,0,1,1,0,1,1,0,0,1,1,0,1,0,0,1,0,0,0,1,1,0,0,0.663244
0,0,1,0,0,1,1,0,0,1,0,1,1,1,0,1,0,1,0,0,0,0,1,0,1,0,0,1,0,1,0,1,0.764818
1,0,1,1,0,0,1,0,1,1,1,0,0,0,0,0,0,1,1,1,1,1,1,0,0,0,1,1,1,1,1,0,0.578942
0,0,1,1,1,1,0,1,1,1,1,0,0,1,0,1,0,0,0,1,1,1,0,1,1,1,0,1,0,0,1,0,0.568072
0,0,1,1,0,1,0,0,0,1,1,1,0,1,1,1,1,0,1,1,1,1,1,1,0,1,1,1,0,1,1,1,0.525067
0,1,0,1,0,1,1,1,0,0,0,1,0,0,1,1,0,1,0,1,0,0,1,0,1,0,1,1,1,0,0,1,0.809881
1,0,0,0,1,1,1,0,0,1,1,0,0,1,0,1,0,1,0,1,1,0,0,0,0,1,0,0,0,0,1,1,0.625537
0,0,1,0,1,1,1,1,0,1,1,1,1,1,1,1,0,0,0,0,0,0,0,0,0,0,0,0,0,1,1,0,0.636633
0,0,1,0,1,1,0,0,1,0,0,0,0,1,0,1,1,1,0,0,0,0,0,1,1,1,0,0,0,1,0,1,0.632541
1,1,0,0,1,0,0,0,1,1,1,1,1,0,0,0,0,0,0,1,0,0,0,0,1,0,1,1,1,1,1,0,0.636005
1,0,1,1,0,1,1,0,1,0,0,0,1,1,0,0,0,0,1,1,1,0,0,1,0,0,0,1,1,0,1,0,0.635704
1,0,1,0,0,1,1,0,1,0,0,1,0,1,1,1,0,0,0,1,0,0,1,1,1,1,1,1,0,1,1,1,0.558883
0,0,0,0,1,0,1,0,0,1,1,0,0,0,0,0,1,0,0,0,0,1,0,0,0,0,1,0,0,1,0,1,0.694248
1,1,0,1,0,1,1,0,1,0,1,0,1,1,0,0,1,0,1,1,1,1,1,0,0,1,0,0,1,0,1,1,0.535009
1,0,1,0,1,0,1,1,1,0,0,0,0,1,0,1,1,0,1,1,1,0,0,1,1,0,0,1,0,1,0,1,0.542641
0,1,0,1,1,1,1,0,0,1,1,0,0,0,0,1,1,1,1,1,0,0,0,0,0,0,1,1,1,0,0,0,0.613888
0,0,0,0,0,0,1,0,0,1,1,0,1,1,0,0,0,1,0,0,0,1,0,0,0,1,0,0,0,1,0,1,0.779806
1,0,1,1,0,0,0,1,1,0,0,0,1,1,0,0,1,0,0,0,1,0,0,0,1,1,0,1,1,1,0,1,0.628449
1,0,1,0,0,0,1,1,1,0,0,1,0,0,1,1,0,1,1,1,1,1,0,1,0,0,0,0,1,1,1,0,0.589386
0,1,1,0,1,1,0,0,1,0,0,1,1,1,1,1,1,1,1,0,1,0,0,0,1,1,1,0,1,0,0,0,0.607562
1,0,0,1,1,0,0,0,0,0,0,0,0,0,1,0,0,0,0,1,0,0,1,1,1,1,0,0,1,1,1,1,0.640424
0,1,1,1,0,1,1,0,1,1,1,0,0,0,1,1,1,1,1,0,1,1,0,0,1,0,1,0,0,0,0,0,0.658173
1,0,0,1,0,0,1,0,1,1,1,0,0,0,1,0,0,0,1,1,0,0,0,1,1,1,0,1,1,1,0,0,0.674943
0,1,1,0,0,0,1,0,0,0,0,0,1,1,1,0,1,0,0,0,1,0,1,1,0,1,1,1,1,1,0,1,0.608290
1,1,1,0,0,0,1,1,0,0,0,0,1,1,0,0,1,1,0,1,0,0,0,1,0,1,1,0,1,0,0,1,0.621419
0,1,1,0,1,0,1,1,1,0,1,0,0,1,0,0,0,1,0,0,1,1,1,0,1,1,1,1,1,0,1,0,0.581352
0,0,0,0,0,0,1,0,1,1,0,1,1,1,0,0,0,1,0,0,0,0,0,1,0,0,1,0,1,0,0,0,0.737780
0,1,1,0,1,1,0,0,0,0,1,1,1,1,1,0,1,0,0,0,0,1,1,1,1,1,0,1,1,0,1,0,0.581402
0,1,1,0,1,0,0,0,1,0,0,1,1,0,0,1,1,0,0,1,0,1,1,1,1,1,0,1,1,0,0,0,0.593553
0,1,1,1,1,0,1,1,1,1,1,1,0,0,1,0,0,0,0,0,1,1,1,1,0,0,0,1,1,1,1,1,0.525042
0,0,1,1,1,0,0,1,0,0,1,0,1,0,0,1,0,1,1,0,0,0,1,0,1,1,1,1,1,1,1,0,0.626691
1,0,0,1,0,1,0,1,0,1,1,0,0,0,0,1,0,0,1,0,1,0,1,1,0,1,1,0,1,1,0,0,0.623101
1,1,0,1,0,0,1,1,0,1,1,1,0,0,1,0,1,0,0,0,0,1,0,0,0,1,0,0,0,1,0,1,0.625035
1,0,1,0,1,0,0,0,1,0,0,1,1,0,0,1,1,0,1,0,1,1,0,1,1,1,0,1,0,1,0,1,0.579168
1,1,0,0,1,0,0,0,0,0,1,0,1,0,1,0,1,0,1,1,0,0,0,0,0,1,0,0,0,0,0,0,0.731429
0,0,0,0,1,0,1,1,1,0,0,1,0,0,0,0,1,0,0,1,0,0,0,0,1,1,1,0,0,0,0,0,0.663621
0,0,1,0,0,0,1,1,0,1,1,1,1,1,0,0,1,1,0,0,1,1,0,1,0,1,1,0,1,1,1,1,0.552331
1,0,1,1,0,1,0,0,0,0,0,0,0,0,1,1,1,0,1,0,0,1,1,0,0,1,0,0,1,1,0,1,0.670976
1,0,1,1,1,0,1,0,0,0,1,1,0,1,0,1,1,0,0,0,0,0,1,1,1,0,1,0,1,0,1,1,0.584566
1,1,1,1,1,0,0,0,1,1,1,1,0,1,0,1,1,1,1,1,0,1,0,1,1,1,1,1,0,1,1,1,0.343685
1,0,1,0,0,1,1,0,0,1,1,1,1,1,1,0,1,0,0,0,1,1,0,1,1,1,1,1,0,1,0,1,0.548867
0,1,1,1,0,1,1,0,1,0,0,1,1,1,1,1,0,0,1,0,1,0,0,1,0,0,0,1,0,1,1,0,0.581980
0,1,1,0,1,1,1,0,0,1,1,0,1,0,1,1,1,0,0,0,1,0,0,0,0,1,0,1,0,0,1,0,0.611930
0,1,0,1,1,1,1,1,1,0,1,1,1,1,0,1,1,0,1,0,1,1,0,1,0,1,0,1,0,1,0,0,0.549143
1,1,1,1,0,1,0,0,1,0,0,0,1,1,1,0,1,1,0,1,1,0,0,0,0,1,1,0,0,0,1,0,0.667888
0,0,1,0,0,0,0,1,1,0,0,0,0,0,0,0,1,1,1,0,0,1,0,0,1,0,0,0,1,1,1,0,0.682926
1,0,0,0,0,1,1,0,1,1,1,1,1,0,1,0,0,1,0,1,1,1,1,0,1,0,1,1,0,0,1,1,0.548440
1,1,0,1,1,0,1,1,0,1,1,1,1,0,0,1,1,1,0,0,1,1,0,0,0,0,0,1,0,1,1,1,0.547109
0,0,0,1,0,1,0,1,0,0,1,1,0,0,0,1,1,0,0,1,1,1,0,1,0,1,0,1,1,1,1,0,0.696558
1,0,0,0,1,1,1,0,1,1,0,0,1,1,1,0,0,0,0,1,1,1,0,1,0,1,0,0,0,1,0,1,0.606683
1,1,0,0,1,1,0,0,1,0,1,0,1,1,0,0,0,1,1,1,1,1,0,1,1,0,1,0,1,0,1,1,0.560691
0,1,0,1,1,0,0,1,1,0,1,1,1,1,0,1,1,0,1,0,1,0,0,1,0,0,0,1,0,1,1,1,0.558406
1,0,0,1,0,1,1,1,1,1,1,0,1,1,0,0,1,0,1,0,1,1,0,1,1,1,1,0,0,0,1,1,0.528682
0,1,0,0,1,0,0,0,0,1,0,0,1,1,0,1,0,1,0,0,0,0,0,0,1,0,0,0,0,0,1,0,0.764316
0,0,0,0,0,1,0,1,0,0,1,0,0,1,0,0,1,1,0,1,1,1,0,0,0,0,0,1,0,0,0,1,0.720734
0,0,0,0,0,0,0,0,1,1,1,1,1,1,0,0,1,1,1,0,0,1,1,0,0,1,0,1,0,0,0,0,0.690734
1,1,0,1,1,0,0,1,0,1,0,1,1,1,0,0,0,0,1,0,1,0,0,0,0,1,0,0,0,0,1,0,0.618834
0,1,0,1,0,0,1,0,1,1,1,0,0,1,1,0,1,0,1,0,0,1,1,1,0,0,0,1,0,1,0,0,0.641152
1,1,0,1,1,0,0,1,0,0,0,1,1,1,1,1,0,1,0,1,1,0,0,0,1,0,1,1,1,0,1,0,0.614767
1,1,1,1,1,1,0,1,0,0,1,1,1,1,1,1,0,1,1,0,0,1,1,1,0,0,1,1,1,1,1,1,0.413652
0,0,1,0,1,1,1,0,0,0,0,1,1,0,1,1,1,0,0,1,0,1,1,0,0,0,0,0,0,1,0,0,0.628850
0,0,0,1,0,0,1,1,0,0,1,1,0,1,0,0,0,0,1,0,0,0,0,1,1,0,1,1,1,1,0,0,0.781186
0,1,1,0,1,0,0,1,1,0,0,0,0,0,1,1,0,0,1,1,0,1,1,0,1,1,1,1,1,1,0,1,0.548214
0,0,1,1,1,1,0,1,1,1,0,0,1,1,1,0,1,0,1,1,1,1,1,0,0,0,0,1,1,0,1,0,0.578641
0,0,0,1,0,1,0,0,1,1,0,1,1,0,1,1,1,1,0,1,1,0,0,1,1,1,0,0,1,1,0,0,0.579996
0,0,0,0,1,0,1,1,0,0,1,1,0,0,1,0,0,1,0,1,1,1,1,0,1,1,0,0,1,1,1,0,0.661888
1,1,1,0,0,1,1,0,0,0,0,0,0,1,1,1,1,0,1,1,1,0,0,0,0,0,1,1,1,0,0,0,0.622097
0,0,1,0,1,0,1,0,0,0,0,0,1,1,0,1,1,1,1,1,0,0,0,1,1,0,0,0,1,0,0,1,0.635754
1,0,0,1,0,1,1,1,1,1,0,0,0,1,0,1,0,1,1,0,1,1,0,1,0,1,1,0,0,1,1,1,0.509000
1,0,0,1,0,0,0,1,0,1,0,0,0,0,0,1,0,0,0,0,0,1,1,0,0,1,0,0,0,1,0,1,0.660809
1,1,0,1,0,1,0,0,1,1,1,1,1,0,1,0,0,0,0,0,0,1,0,1,0,1,1,1,1,0,0,1,0.596817
1,0,1,1,0,1,0,0,0,0,1,0,0,0,1,1,1,1,1,0,0,1,1,1,0,1,0,1,1,0,1,0,0.609043
0,1,1,1,1,1,0,0,0,1,1,1,0,0,1,0,1,1,0,1,0,1,1,0,1,1,1,0,0,0,0,1,0.576507
1,1,0,1,1,1,0,0,1,0,0,0,0,0,0,0,1,1,0,0,0,0,1,1,0,0,0,1,0,1,1,1,0.580373
1,0,1,0,1,1,0,0,0,0,0,1,1,1,0,1,1,1,1,1,1,1,0,1,1,1,1,0,0,0,0,0,0.587905
1,0,0,0,0,1,1,1,0,0,1,1,1,0,0,0,0,1,1,1,1,0,0,0,1,0,1,1,1,1,1,0,0.592398
0,1,1,0,1,0,0,1,1,1,0,0,0,1,0,0,0,0,0,1,0,0,1,0,0,0,0,1,0,0,0,1,0.681320
0,0,1,1,1,0,1,1,0,0,1,1,0,0,0,1,0,0,0,1,0,0,0,0,0,1,0,0,0,0,0,0,0.771521
1,1,1,1,1,1,1,1,0,1,0,0,0,0,1,0,0,0,0,0,0,1,1,1,0,0,0,1,1,0,1,1,0.579871
0,0,0,0,1,1,0,1,1,0,1,0,1,1,1,0,0,1,1,0,0,1,1,1,0,1,0,1,1,0,0,1,0.624558
0,1,0,0,1,1,0,1,0,1,0,1,1,1,1,0,0,0,0,0,1,0,0,0,1,1,0,0,0,0,1,1,0.692818
0,1,0,1,0,1,1,0,0,0,0,1,0,1,1,0,0,1,0,0,0,0,1,0,0,1,0,0,1,1,1,0,0.816785
0,0,1,0,1,0,1,0,1,0,0,1,1,1,0,1,0,1,1,1,0,1,0,0,0,1,0,1,1,0,0,1,0.637010
0,0,1,0,0,1,0,1,1,0,1,0,1,1,0,0,1,0,0,1,0,1,1,0,0,1,0,1,0,0,0,1,0.627244
0,0,1,1,1,1,1,1,0,0,1,1,0,1,0,0,0,1,1,0,1,0,1,0,1,1,0,1,0,0,0,0,0.614390
0,1,1,0,1,1,1,0,0,1,0,0,1,1,0,0,0,0,0,0,0,0,1,1,0,0,1,0,0,0,1,1,0.681746
1,0,1,1,1,0,0,1,0,0,0,0,0,0,0,0,1,1,1,0,1,0,0,0,0,1,1,1,1,1,0,1,0.634499
1,0,0,1,1,0,1,0,1,1,0,0,0,0,0,1,0,1,1,0,0,1,0,0,0,1,1,1,0,1,1,1,0.571210
1,0,0,1,0,0,0,1,0,1,0,0,1,0,1,0,1,1,0,1,0,0,0,0,0,1,1,1,1,1,1,0,0.627269
1,0,1,1,0,1,0,1,0,0,0,1,0,1,0,0,0,0,0,0,1,0,1,1,0,0,1,1,1,0,1,0,0.630884
0,1,1,1,0,0,1,0,1,1,1,1,1,1,0,1,1,0,0,1,0,1,0,1,1,1,1,1,1,1,1,0,0.536389
1,0,1,1,1,1,1,1,1,1,1,0,1,1,0,0,1,0,0,0,0,0,1,0,1,1,1,1,1,0,1,1,0.594507
0,0,0,0,0,1,1,0,1,0,1,1,0,1,0,1,0,0,1,1,1,0,0,1,0,1,0,0,1,1,1,0,0.742349
1,0,1,1,1,1,1,0,1,0,1,0,1,0,0,1,0,1,1,1,0,0,1,0,0,1,1,0,1,0,1,1,0.580022
0,1,0,1,0,0,1,0,1,1,1,0,0,1,1,0,1,1,0,0,1,0,1,0,1,0,1,1,0,1,1,1,0.621143
1,1,0,1,0,1,0,0,1,0,0,1,0,1,0,0,0,0,1,1,0,1,1,1,1,1,1,1,1,1,0,1,0.550473
1,1,1,0,1,1,0,0,1,1,1,0,0,1,0,1,0,1,1,0,1,0,1,1,0,1,0,0,1,0,0,0,0.665830
1,1,0,0,1,1,1,0,0,0,1,1,0,0,1,1,0,1,1,0,0,0,1,1,0,1,0,0,0,0,1,1,0.589587
1,1,0,0,1,1,0,1,0,0,1,1,0,0,1,0,1,0,1,1,1,0,0,0,1,0,0,1,0,0,1,1,0.619963
1,1,1,0,1,0,1,1,1,0,0,0,0,0,1,1,0,1,0,0,1,1,1,0,1,1,1,0,0,1,0,1,0.589411
0,0,1,1,0,1,0,1,0,0,0,1,1,1,1,0,1,0,0,0,1,0,1,0,0,0,1,0,0,1,1,0,0.690910
1,0,1,1,0,1,0,1,0,0,0,1,0,1,0,1,0,0,0,1,0,0,0,0,0,0,0,0,1,1,0,0,0.690734
1,1,1,0,0,1,0,0,0,0,1,0,1,1,0,1,1,1,1,0,1,1,1,0,1,1,0,1,1,0,1,0,0.567821
1,1,1,0,0,1,1,1,0,0,0,0,0,1,1,1,1,0,0,0,1,1,0,1,1,1,1,0,0,0,1,1,0.568222
1,0,0,1,0,1,0,1,1,0,0,1,1,0,0,1,0,0,1,0,1,0,1,1,1,0,1,0,0,1,0,1,0.614541
1,0,1,1,1,1,0,0,0,1,0,0,0,1,1,1,0,1,1,0,0,1,1,0,0,0,1,0,1,1,0,1,0.603695
0,0,1,1,1,0,0,1,0,1,1,0,1,0,0,0,0,1,1,0,0,1,1,0,0,1,1,0,1,0,0,1,0.671830
1,0,1,1,0,1,1,1,1,0,0,1,0,0,1,0,0,1,1,0,0,1,1,1,1,0,0,1,0,1,1,0,0.557176
1,1,1,1,0,1,1,0,0,1,0,1,1,1,1,1,1,1,0,0,0,0,0,1,1,1,1,1,1,0,1,1,0.470314
0,1,0,1,1,1,0,1,1,1,1,1,1,1,0,0,0,0,1,1,1,1,0,0,1,0,0,0,0,0,1,1,0.553687
0,1,0,1,0,0,1,0,1,1,1,1,1,0,1,0,1,0,1,1,1,1,1,0,1,1,0,1,0,0,0,0,0.600206
1,1,0,1,1,1,1,1,0,0,0,1,0,0,1,0,1,0,1,1,1,1,1,1,1,1,0,0,0,1,1,0,0.521753
0,0,0,1,0,1,1,1,0,1,0,1,0,1,0,1,0,1,1,1,1,1,1,1,1,1,0,0,0,0,1,0,0.671981
0,1,0,0,1,1,0,0,0,0,1,0,0,1,0,0,0,0,1,0,0,1,1,0,1,0,1,1,0,0,1,1,0.644164
0,0,0,1,1,0,1,0,0,1,1,1,0,1,0,0,0,0,0,0,0,1,0,0,0,0,0,0,0,0,0,1,0.717194
0,1,0,1,1,0,0,0,0,0,0,0,1,1,0,1,0,1,0,1,1,1,1,1,1,0,0,1,0,1,0,0,0.620415
0,1,0,0,1,1,0,1,0,0,0,0,0,1,1,0,1,1,1,0,1,0,1,0,0,1,1,1,1,1,0,0,0.620214
0,1,0,0,1,0,1,0,1,0,1,1,1,0,0,1,1,0,0,1,0,0,1,1,0,0,1,1,1,0,0,1,0.616147
1,0,0,0,1,0,1,1,0,0,0,0,0,1,0,0,0,1,1,1,1,1,0,1,1,1,1,0,0,0,1,1,0.612808
0,1,0,1,1,1,1,0,1,1,1,0,0,1,1,0,0,0,0,1,0,0,1,0,1,1,1,1,1,0,0,0,0.607461
0,1,1,0,1,1,1,0,0,1,1,0,0,0,1,0,1,1,0,1,1,1,0,0,1,0,1,1,1,0,0,0,0.612055
1,1,0,0,1,1,0,1,1,1,0,0,0,0,0,0,0,0,1,1,1,0,1,1,1,0,1,0,0,0,0,0,0.672357
1,0,0,0,0,1,1,1,1,0,1,0,1,1,0,0,0,1,1,0,0,1,0,1,0,1,1,0,1,1,1,0,0.565235
1,1,1,0,0,0,0,1,1,1,1,0,0,1,0,0,1,1,0,1,0,1,0,1,1,1,1,1,0,1,0,1,0.523661
1,0,0,0,0,1,1,1,0,1,0,1,0,0,1,0,0,0,0,1,0,0,0,1,0,1,1,1,0,1,0,0,0.696081
1,1,0,0,1,1,1,0,1,0,0,1,0,1,0,1,0,1,1,1,1,1,0,1,0,0,1,1,0,0,1,1,0.507469
1,0,1,1,0,1,1,0,1,1,0,1,0,1,0,1,1,0,0,0,0,1,1,1,0,1,1,1,1,1,0,1,0.496849
0,1,0,1,0,0,0,1,1,0,0,0,0,0,1,1,1,1,1,1,0,0,0,0,1,1,0,0,0,1,0,0,0.606507
1,0,0,1,0,0,1,1,0,1,1,0,0,1,1,0,1,0,1,0,1,0,1,0,0,1,1,1,0,1,0,0,0.595888
1,0,1,0,0,0,1,1,0,1,0,0,1,0,1,1,0,0,0,0,1,0,0,1,0,0,0,0,1,1,1,0,0.658625
1,0,0,1,0,0,1,0,0,0,0,1,1,1,1,0,0,0,0,1,0,0,0,0,1,0,1,0,0,1,1,1,0.652826
0,0,1,0,1,1,1,1,1,1,1,1,1,0,0,0,1,0,1,0,1,0,1,0,0,0,1,0,1,0,1,1,0.581955
1,0,1,1,0,0,0,0,1,1,0,1,0,1,0,1,0,0,0,0,0,0,0,0,1,1,0,1,0,0,0,0,0.692516
0,1,0,1,1,0,1,1,1,0,0,0,1,0,0,1,0,0,0,1,1,0,1,1,1,0,0,1,1,1,0,1,0.565385
1,0,0,0,1,1,0,1,1,0,0,0,1,1,0,0,1,0,0,0,1,1,1,0,0,0,0,0,1,1,1,1,0.596641
1,0,1,1,1,1,1,1,1,1,1,1,0,0,0,0,0,0,0,1,0,0,1,0,0,0,1,0,1,0,0,1,0.629327
1,1,0,1,1,1,0,0,0,0,1,0,0,1,0,1,0,0,1,0,0,0,1,0,0,0,1,0,0,1,1,1,0.637235
0,0,0,1,0,0,1,0,0,0,0,0,0,1,0,0,1,1,0,0,1,1,1,1,1,0,0,1,1,0,1,1,0.733136
0,1,0,0,1,1,1,0,0,1,0,1,0,1,0,1,0,0,1,0,1,1,1,0,1,1,0,1,1,0,1,0,0.588658
0,0,1,0,0,0,0,0,1,1,1,1,1,1,1,1,0,1,0,1,1,1,0,1,0,0,0,0,0,1,1,1,0.600959
1,0,0,0,0,1,1,0,1,0,0,0,1,0,1,1,1,0,1,0,0,0,0,0,0,1,0,0,1,1,0,0,0.639495
1,1,1,0,0,1,0,1,0,1,1,0,1,1,1,1,0,0,1,1,0,0,0,1,1,1,0,1,1,0,1,1,0.500339
1,1,0,1,0,1,0,1,1,1,0,1,0,0,1,1,1,0,1,0,1,1,0,1,1,1,0,0,0,0,0,0,0.593528
1,0,0,1,1,0,1,1,0,0,1,1,1,0,0,0,1,0,1,1,0,1,0,1,0,1,0,0,0,0,0,1,0.620516
0,0,1,1,0,1,1,0,1,1,0,0,1,1,1,1,0,1,1,0,0,0,1,1,1,1,1,0,1,0,1,0,0.560139
0,1,0,0,0,0,0,0,1,1,0,0,1,1,1,0,1,0,0,0,0,1,1,0,1,1,1,1,1,1,1,0,0.625612
1,0,1,1,0,0,1,0,0,0,1,0,0,0,1,1,0,0,1,0,0,1,0,0,0,0,1,0,1,0,0,1,0.862702
1,0,1,1,0,1,1,0,0,0,1,0,0,0,1,0,1,1,0,0,0,0,0,0,0,1,0,1,1,1,1,0,0.621721
1,0,0,1,0,0,0,0,1,0,1,1,0,1,1,0,0,1,0,1,0,1,1,0,0,0,0,0,0,0,1,1,0.673487
1,0,1,1,0,1,1,0,1,0,0,1,0,1,1,0,1,1,0,0,1,0,0,1,1,1,0,0,1,1,1,1,0.535209
0,0,1,1,1,0,1,0,1,1,1,1,0,1,0,1,0,0,0,1,1,0,0,0,0,1,1,0,0,0,0,1,0.778977
1,0,1,1,0,1,1,0,1,1,1,1,1,1,0,0,1,0,1,1,0,1,0,0,0,0,0,1,1,1,1,0,0.545929
1,1,0,0,0,1,0,1,0,1,1,1,0,0,1,0,1,0,1,0,1,0,1,0,0,0,1,0,1,1,0,1,0.597520
1,0,1,1,1,0,1,1,0,0,1,0,0,0,0,0,0,1,1,0,1,1,0,0,0,1,0,0,0,0,0,0,0.684131
1,1,1,1,0,0,1,0,0,1,1,1,1,1,1,1,1,0,1,0,1,0,0,1,1,0,0,0,1,1,1,0,0.555946
1,0,1,1,1,1,1,0,1,1,0,1,0,0,0,1,0,0,0,1,0,0,0,1,1,1,1,0,1,1,0,0,0.599603
1,0,1,0,0,0,0,0,1,1,1,1,0,1,0,1,1,0,0,1,0,0,0,0,0,0,1,0,0,0,1,1,0.599654
0,0,0,0,0,1,0,1,0,0,0,0,1,0,1,0,1,0,0,1,0,0,0,0,0,1,0,0,1,0,1,0,0.766977
1,1,0,0,0,0,1,0,1,0,0,0,1,1,0,1,1,0,1,0,1,0,1,0,1,0,0,1,1,0,0,1,0.598197
1,1,1,0,1,0,0,1,1,0,1,0,1,0,0,0,0,1,1,1,0,1,1,1,1,1,0,0,1,1,1,1,0.520423
0,1,0,0,1,0,0,1,0,0,1,0,0,1,1,1,0,1,0,0,0,0,0,0,1,1,1,0,0,0,1,0,0.690332
0,1,1,1,0,1,1,1,1,1,0,1,1,1,0,1,0,0,1,1,0,1,0,0,1,1,0,0,1,0,0,0,0.586900
0,0,1,0,1,1,0,1,1,1,1,0,0,0,1,1,1,1,1,0,0,1,0,1,1,1,1,1,1,0,0,1,0.495669
1,0,0,1,1,1,0,1,1,1,0,0,1,0,1,0,1,0,0,1,0,0,0,0,0,1,1,1,0,0,1,0,0.627219
1,0,1,0,1,1,1,0,0,1,1,1,0,1,0,0,0,1,1,1,1,0,0,0,1,1,0,0,0,1,1,0,0.586951
1,1,0,1,0,0,0,1,1,1,0,0,1,1,0,0,1,1,1,1,0,0,0,0,0,1,1,0,1,1,0,0,0.643913
0,0,0,0,0,1,1,1,0,0,1,1,1,1,1,1,1,1,0,0,0,0,1,1,0,1,0,1,1,0,0,0,0.704090
1,1,0,1,0,0,0,1,1,0,0,1,0,0,1,1,1,1,1,0,0,0,0,1,1,0,1,1,1,0,1,1,0.489996
1,1,0,1,1,0,0,0,0,0,1,1,1,0,0,0,1,0,1,0,0,1,0,1,0,0,1,1,1,1,1,0,0.593980
0,1,1,1,1,1,1,0,0,1,0,0,0,0,0,0,0,1,0,1,1,0,1,0,1,1,0,1,1,0,1,0,0.622825
1,1,0,1,1,1,1,0,0,1,0,0,1,0,1,0,0,0,1,0,0,0,1,1,1,1,1,0,1,1,1,1,0.536239
1,0,1,1,0,0,0,0,1,1,0,0,1,0,1,1,1,0,0,0,0,0,0,0,0,1,1,1,1,0,0,1,0.651520
1,1,0,1,1,0,1,1,0,0,1,1,1,1,0,1,1,1,0,1,0,0,1,0,0,1,1,0,1,0,1,0,0.592172
1,0,1,1,0,1,1,0,1,1,0,0,0,0,0,0,0,0,0,1,1,0,1,0,0,0,1,1,0,1,1,0,0.623679
1,1,1,0,0,1,0,1,1,1,0,0,1,0,1,0,1,1,0,1,0,0,1,0,1,0,1,1,1,1,1,1,0.495569
0,1,1,1,1,0,0,1,0,0,0,0,0,1,0,1,0,0,1,0,0,0,1,1,0,1,1,1,1,0,0,0,0.643763
0,1,1,1,0,1,1,1,1,1,0,1,1,0,1,1,0,0,1,0,0,0,1,0,0,0,0,0,1,0,1,1,0.572013
1,0,1,0,1,1,1,0,1,1,1,0,1,0,1,0,0,1,1,1,0,1,0,0,0,0,1,0,1,1,0,1,0.576055
1,0,1,1,1,0,1,1,1,0,0,1,0,0,1,1,0,0,0,1,1,1,0,1,0,1,1,1,0,1,0,0,0.581779
0,0,0,0,1,0,1,1,1,1,0,1,0,1,0,1,1,1,1,1,1,1,1,0,0,0,0,1,1,0,0,0,0.595662
0,1,1,1,1,1,0,0,0,0,0,0,0,1,0,0,0,1,0,0,1,1,0,1,1,0,1,1,0,1,1,0,0.651846
0,0,0,1,1,1,1,1,0,1,1,0,1,1,1,0,0,0,0,1,0,1,0,1,0,1,0,1,0,1,1,0,0.687495
0,0,1,0,1,1,1,1,0,1,0,1,1,1,1,0,1,1,1,1,0,1,1,0,1,0,1,0,1,0,0,1,0.558708
1,1,1,1,1,1,1,1,0,0,1,1,0,1,1,0,1,1,0,1,0,1,1,1,0,1,1,1,1,1,0,1,0.419928
1,0,0,1,1,0,0,1,1,1,1,0,1,0,0,1,1,0,0,1,0,1,1,1,0,0,1,1,0,1,1,1,0.507519
1,1,1,0,0,0,1,1,0,1,1,0,0,1,1,0,0,1,0,0,0,0,0,1,0,0,0,0,0,0,1,1,0.648181
1,0,0,1,0,0,0,1,1,1,1,1,1,1,0,0,1,0,1,1,0,0,0,1,0,0,1,1,1,1,1,0,0.580122
0,1,1,0,1,1,1,1,1,0,0,0,0,0,1,0,1,0,0,1,1,1,0,1,1,1,1,1,0,1,0,1,0.556348
1,1,0,1,1,1,1,1,0,0,1,0,1,1,0,0,0,1,1,1,1,0,0,0,1,1,1,1,1,1,1,1,0.464364
0,1,1,0,1,1,0,0,0,1,1,1,0,0,0,0,1,0,0,1,0,1,1,0,0,0,0,0,0,1,0,1,0.650164
1,0,1,0,1,1,1,0,0,1,1,1,0,0,0,0,0,1,0,0,0,1,0,0,1,0,1,1,0,1,0,0,0.629277
0,0,0,1,0,0,1,1,0,1,0,0,1,0,0,1,1,0,0,1,1,0,0,0,0,1,0,0,0,1,0,1,0.747621
1,0,1,1,0,1,1,0,0,0,0,1,0,0,1,0,0,1,0,1,1,0,1,1,0,0,0,1,1,0,0,1,0.613662
0,1,1,0,1,1,0,1,1,1,1,1,0,1,1,0,0,1,0,0,1,1,0,0,0,1,1,1,1,0,0,0,0.670324
1,0,1,0,1,1,0,0,0,1,1,0,0,0,0,1,1,0,1,0,0,1,0,0,0,1,1,0,1,1,1,1,0.591520
1,0,1,0,1,0,0,1,0,0,1,0,0,1,1,1,1,0,1,1,0,1,0,0,1,1,1,1,0,0,1,0,0.583863
0,1,0,1,1,0,0,0,0,0,0,0,0,1,1,1,1,0,0,0,0,1,0,1,0,0,0,0,1,1,1,1,0.700751
1,1,1,1,0,0,1,0,1,0,0,1,1,0,0,1,0,0,1,0,0,0,0,1,1,1,1,0,0,0,0,0,0.614767
1,0,1,1,1,1,1,0,1,1,1,1,1,0,0,0,0,0,1,1,1,1,1,0,0,1,1,1,0,0,1,0,0.638591
1,0,0,0,1,0,0,1,0,1,1,1,1,0,0,1,1,0,0,1,0,1,1,0,0,0,0,0,1,0,1,0,0.636081
0,1,1,1,1,0,0,0,0,1,1,1,1,0,0,0,1,1,1,0,1,1,1,0,1,1,0,0,0,0,0,1,0.634700
0,1,0,1,1,1,1,0,1,1,1,0,0,1,1,1,0,0,0,1,1,0,0,1,0,1,1,0,1,1,0,0,0.598197
0,0,1,1,0,0,0,1,1,0,1,1,1,1,0,0,1,0,0,1,0,1,1,0,0,0,1,1,0,0,1,1,0.600281
1,0,0,0,0,0,1,0,0,1,1,0,0,1,0,1,1,0,0,0,1,1,0,1,0,1,0,1,0,1,1,1,0.629729
1,0,1,1,1,0,1,1,1,0,1,1,1,1,1,1,1,0,0,1,1,0,0,1,1,0,0,0,1,0,1,1,0.478799
0,0,1,0,0,1,0,0,0,1,1,0,0,0,1,1,0,1,0,1,0,0,1,0,0,1,1,1,0,0,1,0,0.780986
1,0,0,0,1,1,1,0,1,0,0,1,1,0,1,0,1,0,0,1,0,0,0,0,0,1,0,0,1,1,1,0,0.599980
1,0,1,0,1,0,1,0,1,1,0,1,0,1,1,1,0,1,0,0,1,1,0,0,0,1,1,1,1,0,0,0,0.568323
1,0,0,1,0,1,0,1,0,0,1,0,0,1,0,1,0,1,1,0,1,1,1,1,1,0,0,1,1,0,1,1,0.561544
1,1,1,1,1,0,1,0,0,1,0,1,1,1,0,1,1,1,0,0,1,0,0,0,0,0,0,1,1,1,0,1,0.596114
1,1,1,1,0,1,0,1,0,0,1,0,0,0,0,1,0,1,0,1,0,0,1,1,1,0,0,0,1,1,0,1,0.589712
1,1,0,0,0,0,0,1,0,1,1,1,0,1,0,1,1,1,1,1,1,0,0,1,0,0,0,0,0,1,1,0,0.605880
0,1,0,0,0,0,1,1,0,1,1,1,1,0,1,0,0,1,0,1,0,0,1,0,1,1,1,0,0,0,1,1,0.770115
1,0,1,1,1,1,1,1,0,0,0,0,0,1,1,0,0,1,1,1,1,1,1,0,1,0,1,0,1,0,1,1,0.556850
1,0,1,1,0,1,0,1,0,0,1,0,1,1,0,1,0,0,0,1,0,1,1,1,0,1,1,1,0,1,0,0,0.608315
0,0,0,1,1,0,1,0,0,0,0,0,0,0,1,1,0,1,1,1,1,1,1,0,0,1,1,1,1,0,0,1,0.725604
0,0,1,0,0,1,0,0,0,0,1,1,1,0,0,0,1,0,1,0,0,1,1,0,0,1,0,1,1,0,0,1,0.703587
1,0,1,0,0,0,1,1,0,1,1,1,1,0,1,0,0,0,0,0,0,0,0,1,0,1,1,0,0,1,1,1,0.705772
0,0,1,1,0,1,1,0,0,0,0,1,1,0,0,0,0,0,1,1,1,0,0,1,1,0,1,0,1,0,0,0,0.787764
1,1,0,1,1,0,0,1,0,0,0,1,0,0,1,0,1,1,0,0,0,1,0,0,1,1,1,0,1,0,1,0,0.596465
1,1,0,1,1,0,0,1,0,1,0,1,1,0,1,1,1,0,1,1,1,1,0,1,1,0,0,0,0,1,0,1,0.517862
1,0,0,1,0,1,0,1,0,0,1,1,0,0,1,1,0,0,0,0,0,1,0,1,0,1,1,0,1,0,0,0,0.659026
1,1,1,1,0,1,0,1,0,1,0,1,0,0,0,0,0,1,0,0,0,1,1,1,0,0,1,1,0,0,1,0,0.638064
1,1,0,1,1,1,0,1,1,0,0,1,1,0,1,1,0,1,0,0,0,0,0,0,0,0,0,1,0,0,0,1,0.638365
1,0,1,1,1,1,0,1,0,1,0,1,1,1,1,0,1,0,0,0,0,0,1,0,1,0,1,1,0,0,0,0,0.601135
1,1,0,1,1,1,1,1,1,1,0,0,0,1,0,1,0,0,1,0,0,1,1,0,1,1,0,0,0,1,1,1,0.562498
1,1,0,0,0,0,1,1,1,1,0,1,0,0,1,0,1,0,0,0,1,1,1,0,0,0,0,1,0,0,0,1,0.641302
1,0,1,1,1,0,1,1,1,0,0,1,0,0,1,1,0,0,1,0,0,0,1,1,1,1,1,0,1,0,1,0,0.609218
1,1,0,0,0,0,0,1,1,0,1,1,1,0,1,1,1,1,1,1,1,1,0,1,0,0,1,1,0,1,0,1,0.545051
0,0,0,0,0,1,0,0,1,0,1,1,1,1,1,0,1,0,1,0,0,1,0,0,1,1,1,1,0,1,0,1,0.614465
0,0,0,0,1,1,1,0,1,0,1,1,1,0,0,1,0,0,1,0,1,0,0,0,1,0,0,0,0,0,1,1,0.705295
0,0,1,0,0,1,1,1,0,1,1,1,1,1,1,0,0,1,0,1,1,0,1,0,1,0,0,1,0,0,0,1,0.666909
1,1,0,0,0,1,0,0,0,0,0,0,0,1,0,0,0,0,0,1,0,1,0,1,1,0,0,1,0,1,1,0,0.712826
0,1,1,1,0,0,0,0,1,1,0,0,1,0,0,0,1,1,0,1,0,1,1,1,0,0,0,1,0,1,1,0,0.604875
1,1,0,0,1,0,0,0,1,1,0,0,1,1,1,0,0,1,1,0,0,1,0,0,1,0,0,0,0,0,1,0,0.671252
0,0,1,0,0,1,1,0,0,1,0,0,0,0,1,1,1,1,1,1,1,0,0,1,0,0,1,1,0,1,0,1,0.593252
0,0,1,1,1,0,0,1,0,0,1,0,0,0,0,1,0,1,0,0,1,0,1,0,0,1,0,1,0,0,0,1,0.734868
0,1,1,1,0,0,1,0,0,1,1,0,1,1,1,1,1,1,1,1,1,1,1,1,0,1,0,1,1,1,0,0,0.582407
0,0,1,0,0,0,0,0,0,0,1,1,0,1,0,0,1,1,0,1,1,1,1,0,0,0,0,1,0,0,0,0,0.718249
0,0,1,1,0,1,0,0,1,1,0,0,1,0,1,1,0,1,1,0,1,0,1,0,0,1,0,0,0,1,0,0,0.620566
1,0,0,0,0,1,1,0,0,1,0,1,1,0,0,1,1,1,1,1,1,1,0,1,1,0,0,0,1,1,1,1,0.507519
0,1,0,1,0,1,1,1,0,1,0,1,0,1,0,1,1,1,0,1,1,0,1,0,0,1,0,0,1,1,1,1,0.641453
0,1,0,1,0,0,0,0,0,0,0,0,0,1,0,0,0,0,0,1,1,0,0,1,1,0,1,0,1,0,1,1,0.793061
1,0,1,1,0,0,1,1,1,1,1,0,0,0,1,1,0,0,1,0,0,1,0,0,0,0,1,0,0,0,0,0,0.646349
0,1,1,1,0,1,1,1,1,1,1,1,1,1,1,0,0,1,0,0,0,1,1,0,1,1,1,1,1,1,0,1,0.506540
1,0,0,1,1,1,0,0,0,1,1,1,0,1,1,1,1,1,1,0,0,0,0,1,0,0,1,0,1,0,0,1,0.558005
0,0,1,0,0,0,1,0,0,1,0,0,0,1,0,0,1,1,0,0,1,1,1,1,1,0,1,0,0,0,0,1,0.656390
0,0,0,0,1,0,1,1,0,1,1,0,1,0,1,1,1,1,0,0,0,0,1,1,1,0,1,1,1,1,0,1,0.607687
0,1,0,0,0,1,1,0,1,0,1,0,1,1,0,1,1,1,0,1,1,1,0,0,1,1,1,1,1,0,1,0,0.560013
1,1,1,0,1,0,0,1,1,1,1,1,0,1,0,0,0,0,0,0,0,0,1,0,0,0,1,0,0,0,0,1,0.617679
1,1,1,0,0,0,1,0,0,1,0,1,0,0,0,1,1,1,1,1,1,0,0,1,1,0,0,0,1,1,0,1,0.600105
0,0,0,1,0,0,1,1,0,0,0,0,0,0,1,0,1,0,0,0,0,1,1,1,1,1,0,1,0,0,1,1,0.761881
0,1,1,0,1,1,0,0,0,0,0,0,0,1,1,1,1,0,0,1,1,0,1,0,1,1,1,0,1,0,0,1,0.611378
1,0,1,0,0,0,1,1,1,1,1,0,1,1,0,1,0,0,0,1,1,0,0,1,0,0,0,1,1,0,1,1,0.574097
1,1,1,1,0,1,1,1,0,1,1,1,0,1,1,0,1,1,1,0,1,0,1,1,0,0,1,0,0,1,0,1,0.546431
0,1,1,0,0,0,0,1,1,0,1,0,1,1,1,0,0,1,0,1,0,0,1,0,0,1,1,0,1,1,0,1,0.610298
0,1,0,0,0,0,1,0,0,0,0,0,1,0,0,1,0,0,1,1,0,0,1,1,1,1,0,0,1,0,1,1,0.778325
1,0,0,1,1,1,0,1,1,1,1,0,1,0,1,1,0,1,1,0,1,0,0,0,0,0,0,1,0,0,0,1,0.576055
0,1,0,0,1,1,0,1,0,0,0,1,1,1,0,0,1,0,1,0,0,1,0,1,1,0,0,0,1,0,0,1,0.642733
0,1,1,0,0,0,0,0,1,1,0,0,0,1,1,0,0,0,0,0,0,1,0,1,1,0,1,0,1,1,0,1,0.663771
1,0,0,1,0,0,0,0,1,0,1,1,0,0,0,0,1,1,1,1,0,0,0,0,0,0,0,0,0,0,0,1,0.636959
0,0,0,1,1,0,0,0,0,1,1,1,1,0,0,0,1,0,0,0,0,0,0,0,1,1,1,0,1,1,0,0,0.658700
1,1,0,1,0,1,0,0,1,1,0,0,0,0,1,1,1,1,0,1,0,1,1,0,1,1,1,1,0,1,1,1,0.561319
1,0,0,1,0,1,1,0,1,1,0,0,0,1,0,1,0,1,0,1,0,1,0,0,0,1,1,1,1,1,1,0,0.594105
1,0,0,1,0,1,1,0,0,1,0,1,0,1,1,0,1,0,1,1,1,0,0,1,0,0,1,0,1,1,1,0,0.581578
1,1,0,1,0,1,1,0,1,0,0,1,0,0,1,0,1,1,1,0,0,0,0,1,0,1,1,1,1,1,1,0,0.558833
1,0,0,1,0,1,1,0,0,0,1,0,1,0,1,0,1,1,1,1,0,0,0,0,0,0,1,0,1,0,1,1,0.637587
0,0,1,0,0,1,1,1,0,0,1,0,0,0,1,1,1,1,0,0,1,0,0,1,1,1,0,0,0,1,1,0,0.651872
1,1,0,1,0,0,1,1,1,0,0,1,0,0,0,1,0,1,1,1,0,1,0,0,0,0,1,0,0,1,1,0,0.621645
1,1,0,1,0,0,1,0,0,1,1,1,1,1,1,0,1,1,1,1,1,1,1,0,1,1,0,1,0,1,0,1,0.497100
0,0,0,0,0,0,0,1,1,1,1,1,1,1,0,1,1,1,0,0,0,0,0,0,0,1,1,1,1,1,1,0,0.647805
1,1,0,1,1,1,0,0,0,0,1,0,1,0,1,0,1,0,1,0,1,1,0,0,0,0,1,0,0,0,0,0,0.654784
0,0,0,0,1,0,1,0,1,1,1,0,1,0,0,1,1,0,0,1,0,1,0,0,1,0,0,0,1,1,1,1,0.590515
0,0,1,1,1,1,0,1,1,1,0,0,0,1,1,0,0,0,1,1,0,1,0,0,1,0,1,1,1,0,1,0,0.586649
0,1,0,1,1,1,1,0,1,1,0,1,1,0,1,0,0,1,0,1,0,1,1,0,1,0,1,0,0,0,0,1,0.595084
1,1,0,1,0,1,1,0,1,0,1,1,1,0,1,1,0,0,0,0,1,0,0,1,1,1,0,1,1,0,1,0,0.550247
0,1,0,1,0,0,1,0,0,0,1,1,0,1,0,0,0,1,0,0,0,1,1,1,1,0,0,0,1,1,0,0,0.781212
1,1,0,0,1,1,1,0,0,1,1,1,0,0,1,1,1,1,1,1,0,1,0,1,0,1,0,0,0,1,1,0,0.565862
0,0,0,0,0,1,0,1,0,1,0,1,0,1,1,0,0,1,1,1,1,1,0,0,0,1,0,1,0,0,1,0,0.750207
1,1,1,0,0,1,1,1,0,1,1,0,1,1,1,0,0,0,1,0,1,1,0,0,0,1,0,0,1,1,0,0,0.620491
0,1,0,1,1,1,0,0,0,0,1,0,0,1,1,1,0,0,1,0,1,1,0,1,0,0,1,1,0,1,1,0,0.634775
1,0,0,1,0,1,0,1,1,1,1,0,1,1,0,1,1,0,0,0,0,1,1,1,1,0,0,1,0,0,0,1,0.619763
0,1,0,1,1,1,0,1,0,1,0,0,0,1,0,0,1,1,1,1,1,1,0,1,0,0,1,0,0,0,0,0,0.571837
1,1,1,0,0,1,0,0,1,1,1,1,1,1,1,1,0,0,0,0,1,0,0,1,1,1,0,0,0,1,0,0,0.587603
1,0,1,0,0,1,1,0,0,1,0,0,0,1,0,0,0,1,1,0,1,0,0,0,0,1,0,0,1,0,1,0,0.649763
1,0,1,0,0,0,1,0,0,0,0,1,0,0,0,0,1,1,0,0,1,1,0,0,0,0,1,1,0,1,0,1,0.661888
0,0,1,0,1,1,0,0,1,1,1,0,0,1,0,1,0,1,1,0,0,1,1,0,0,1,0,1,0,0,0,1,0.763462
0,1,1,0,0,1,0,0,1,0,1,0,0,1,0,1,0,1,1,0,1,0,0,1,0,0,1,1,1,0,1,1,0.620641
0,0,0,0,1,1,0,0,1,1,0,0,0,0,1,0,0,0,0,1,0,1,1,1,1,0,1,1,0,1,0,0,0.688776
1,1,1,1,1,0,1,0,1,1,1,0,0,0,0,1,1,0,0,1,1,1,0,1,0,1,0,1,1,1,0,1,0.477569
1,1,1,1,0,0,0,0,0,1,1,1,1,0,0,1,0,0,1,0,1,1,0,1,0,1,0,0,0,0,0,1,0.641152
1,0,1,0,1,0,1,0,0,0,1,0,1,0,1,0,0,1,1,1,1,1,1,1,1,0,1,0,0,1,0,0,0.608767
1,1,0,1,0,0,1,0,1,0,0,1,0,1,1,0,0,1,1,0,1,1,0,1,0,0,1,0,1,0,0,1,0.599729
0,1,1,1,1,0,0,1,1,1,1,1,0,0,0,0,1,0,0,1,0,1,1,0,0,1,0,0,0,1,1,0,0.603545
1,0,1,1,0,1,1,1,0,1,0,1,1,0,1,1,0,1,0,0,0,0,1,1,0,1,0,1,0,0,1,0,0.575101
1,0,0,1,1,1,1,1,0,1,0,0,0,0,0,0,1,0,1,0,0,1,0,1,1,1,0,1,1,0,1,1,0.588959
0,1,0,0,0,1,0,0,1,0,1,0,0,0,0,1,1,1,1,1,1,1,0,0,1,1,1,0,0,0,1,0,0.626516
0,1,1,1,0,1,0,0,1,1,1,0,0,0,0,0,0,1,0,0,0,1,0,0,1,1,1,0,0,0,0,0,0.651043
1,0,0,0,1,0,1,1,0,1,0,1,1,0,0,0,1,0,1,1,1,0,0,0,0,0,1,0,1,0,1,0,0.637562
1,1,1,1,0,1,1,1,1,0,0,0,0,0,1,1,1,0,0,1,0,0,1,0,1,1,0,0,0,0,1,0,0.615043
1,0,0,0,0,0,0,1,0,0,1,0,0,1,1,1,1,1,1,0,1,0,0,0,1,1,0,1,1,1,1,1,0.574097
1,1,0,1,1,0,1,1,1,0,0,1,1,1,0,0,0,0,0,0,0,0,1,0,1,1,0,0,1,1,0,1,0.600633
1,1,0,0,1,1,1,1,0,1,1,0,0,1,0,0,1,1,0,1,0,0,0,0,0,0,0,0,0,1,0,0,0.705044
0,1,0,0,1,0,0,1,1,0,0,0,1,0,0,1,0,0,1,0,1,0,1,1,0,1,1,1,0,0,0,0,0.628876
1,0,1,1,0,1,0,1,1,1,0,0,1,1,0,1,1,1,0,0,0,0,0,1,0,0,1,1,1,1,1,1,0.517511
1,0,1,0,1,1,0,0,1,0,1,1,0,0,0,0,1,0,0,1,1,0,0,1,1,0,0,0,0,1,1,1,0.608340
0,0,0,0,0,0,0,0,0,0,0,0,0,1,0,1,0,1,1,1,1,0,1,0,1,1,0,1,1,0,0,0,0.772601
1,1,0,1,1,1,0,0,1,1,1,0,1,0,0,1,0,0,1,1,1,1,0,0,1,0,0,0,0,0,0,1,0.624231
0,1,1,1,0,0,1,1,1,0,1,0,1,0,1,0,0,1,0,1,0,0,0,1,1,0,1,0,1,0,0,1,0.612507
1,1,1,1,1,1,1,0,1,1,0,1,0,0,1,0,1,0,1,1,1,1,0,1,0,1,1,1,1,0,1,0,0.690784
0,0,0,0,0,0,0,0,0,1,1,0,1,0,1,1,0,1,1,0,1,1,0,0,1,1,1,1,1,1,1,1,0.695303
1,0,1,0,1,0,1,1,1,0,1,1,0,0,0,0,0,0,1,0,1,0,0,0,1,1,0,1,0,1,0,0,0.636231
0,0,0,1,1,0,1,1,1,0,0,0,0,0,1,0,1,0,1,1,0,1,0,0,0,1,0,1,1,0,0,1,0.639846
0,1,0,0,0,0,0,0,0,1,1,0,0,0,1,0,1,0,1,1,1,0,0,1,0,1,0,1,0,1,1,1,0.692416
0,0,1,1,0,1,0,0,1,1,0,0,1,0,0,0,1,1,0,0,1,1,0,0,1,0,1,1,0,1,0,1,0.628675
1,0,1,0,1,1,0,1,0,0,0,0,0,1,0,1,1,0,1,0,0,0,0,1,1,0,0,1,0,0,1,0,0.630457
1,1,0,0,0,1,0,1,1,0,1,0,0,1,0,0,1,0,0,1,1,1,0,1,1,1,1,0,0,1,1,0,0.580900
1,1,0,1,1,1,1,1,1,1,1,0,0,0,0,0,0,1,1,0,1,1,0,0,1,0,0,0,1,1,1,1,0.568624
1,1,0,1,1,0,1,1,1,1,0,0,0,1,0,0,1,0,0,0,1,0,0,1,0,1,1,0,1,1,0,0,0.621796
1,0,1,1,0,1,0,1,1,0,0,0,0,1,0,0,0,1,1,0,1,1,0,0,0,0,0,1,1,0,0,1,0.612030
0,1,0,0,1,1,0,1,0,0,0,0,1,0,0,1,0,1,0,1,1,0,1,1,1,0,1,1,0,0,0,0,0.631587
1,0,1,0,0,0,1,0,1,1,0,0,0,0,1,0,1,0,0,0,0,1,1,1,0,0,0,0,0,0,1,1,0.707177
1,0,1,1,1,1,0,0,0,0,0,0,1,0,1,1,1,0,0,1,1,0,0,0,0,1,0,0,0,1,0,0,0.662165
1,0,1,0,0,1,0,1,0,0,0,1,1,0,0,0,1,1,0,0,1,1,0,0,0,1,0,1,1,1,0,1,0.604323
0,1,1,1,1,0,1,0,0,1,1,0,1,0,1,1,0,0,1,1,0,1,0,0,1,0,0,1,1,0,1,0,0.598172
1,0,1,0,0,1,0,0,0,0,1,0,0,1,0,1,0,1,0,0,1,1,1,0,0,1,1,1,0,1,0,1,0.659579
1,1,1,1,1,0,1,1,0,0,1,1,1,0,0,1,0,1,0,1,0,1,1,0,1,1,1,1,1,0,0,1,0.539678
1,1,0,1,0,1,1,0,1,0,1,1,1,0,0,1,0,1,1,1,1,0,1,1,1,0,0,1,1,1,1,0,0.506213
1,0,1,0,0,1,1,1,1,1,1,1,0,0,1,1,1,0,0,0,0,1,1,0,1,1,0,0,0,0,0,1,0.583135
1,1,1,0,0,1,0,0,1,0,1,1,1,0,1,1,1,0,1,0,0,1,1,1,0,1,1,1,1,0,1,1,0.429091
1,1,1,1,1,1,1,0,1,0,0,0,1,1,1,0,0,0,1,1,1,0,1,0,1,1,1,0,0,1,1,1,0.540959
0,0,0,1,0,0,1,1,0,0,1,0,1,0,0,0,1,1,1,0,1,0,1,1,1,0,1,1,1,1,0,1,0.669018
0,1,1,1,1,0,1,1,0,0,0,0,0,0,1,1,0,1,1,1,1,1,0,0,0,0,1,0,1,1,1,1,0.544197
1,1,0,0,0,0,1,1,0,1,1,1,0,0,0,1,1,0,1,1,1,1,0,0,0,1,1,1,1,1,1,0,0.538574
1,0,0,0,0,1,0,0,0,0,1,1,1,0,1,1,1,1,0,0,0,1,0,1,0,0,1,1,0,1,0,1,0.686767
1,0,1,0,0,1,1,0,0,0,0,0,0,0,0,1,0,0,0,1,0,0,1,1,0,1,0,1,0,1,1,1,0.696784
0,0,1,0,1,1,1,0,1,1,0,0,0,0,0,1,0,1,0,0,1,1,0,0,0,1,1,0,1,1,1,0,0.687420
1,1,0,0,0,1,1,1,1,0,0,0,0,1,0,0,0,1,0,1,1,0,0,1,1,1,0,0,1,0,0,0,0.634248
1,1,0,1,1,0,1,1,0,0,1,1,0,1,1,0,1,1,1,1,0,1,1,0,1,1,0,1,1,0,0,0,0.560239
0,1,0,0,1,0,1,1,0,0,0,0,0,1,0,0,1,1,1,0,0,1,0,1,1,0,1,1,0,0,0,1,0.621269
0,1,0,0,1,0,1,1,1,1,1,0,1,1,1,0,1,0,1,1,1,1,1,0,0,1,1,1,1,1,1,1,0.473000
1,0,0,1,1,0,0,0,1,0,0,0,0,1,0,1,0,1,1,1,0,1,1,1,1,0,0,1,1,0,1,1,0.565687
1,1,1,1,0,0,0,1,1,0,0,1,0,1,1,0,0,0,0,1,1,0,0,0,1,1,0,0,0,1,1,1,0.626867
1,0,1,0,0,0,0,0,0,1,0,1,0,0,1,0,0,1,1,0,1,1,0,1,0,1,0,1,1,0,0,0,0.661462
1,0,1,0,0,0,0,0,0,1,0,1,1,1,0,1,0,1,1,0,0,1,1,0,1,1,0,0,1,0,0,0,0.626014
1,0,0,0,0,1,1,0,0,0,1,0,0,1,0,1,0,0,1,1,0,0,1,0,1,1,0,1,1,1,0,1,0.637010
1,0,0,0,1,0,0,1,0,1,0,1,0,1,1,1,0,1,1,1,0,1,0,1,0,1,1,0,1,1,0,0,0.599202
0,1,1,0,1,0,1,1,0,0,0,1,0,1,1,1,1,0,0,0,1,1,0,0,1,0,0,0,0,1,1,1,0.618557
0,0,1,0,0,0,1,1,1,0,0,1,1,1,1,0,1,1,1,1,1,0,0,0,0,0,0,1,1,0,1,1,0.648759
0,1,0,0,1,0,0,0,1,0,0,0,1,1,0,1,0,0,1,1,0,0,0,0,0,1,1,1,0,1,1,0,0.675847
1,0,0,0,0,1,0,1,1,1,0,1,1,0,1,0,0,1,0,1,0,1,1,1,1,0,1,0,0,1,1,0,0.602516
0,0,1,0,1,0,0,0,1,1,0,0,0,1,0,1,1,0,0,1,0,0,0,0,0,0,1,0,1,0,0,0,0.678382
1,0,1,0,0,0,0,0,0,1,0,0,1,1,1,0,0,0,0,0,1,1,1,0,0,1,1,1,0,1,0,1,0.682851
1,0,1,1,1,1,1,0,1,1,0,1,1,1,0,1,0,1,0,1,0,1,1,1,0,1,0,1,1,1,1,1,0.413275
1,1,0,0,1,0,1,0,0,0,0,0,1,0,1,1,0,1,0,1,1,1,1,0,1,0,0,0,0,0,0,1,0.618482
1,1,1,1,0,1,1,0,1,0,1,1,1,1,0,1,1,1,0,0,0,0,0,1,0,0,1,1,0,1,0,1,0.470690
1,0,0,1,1,0,1,0,1,0,0,0,0,0,0,0,0,0,1,1,1,1,1,0,1,1,1,1,0,0,1,1,0.587478
0,1,0,0,0,0,0,1,1,1,1,1,1,1,0,0,0,1,0,0,1,1,0,0,0,0,1,1,0,0,1,0,0.684759
0,0,0,0,0,1,0,0,1,1,1,0,1,1,1,1,1,1,0,0,1,0,0,0,1,0,1,1,0,1,1,0,0.635277
0,1,1,0,0,1,0,0,1,1,1,1,0,1,1,1,0,0,1,1,0,0,1,0,0,0,0,0,1,1,0,1,0.584942
0,0,0,1,1,1,0,0,0,0,1,0,1,1,0,0,1,1,1,0,0,1,0,1,0,0,1,1,0,0,1,1,0.614214
0,0,0,1,1,0,1,0,0,0,1,0,0,1,0,0,0,1,1,1,0,0,1,1,1,0,0,0,0,1,1,1,0.725479
0,0,0,0,1,0,1,1,0,1,0,1,1,0,1,1,0,0,0,1,0,0,1,1,1,1,0,1,1,0,1,1,0.676022
1,0,1,1,0,0,0,1,1,0,0,0,1,0,0,1,1,0,1,1,0,1,0,1,0,0,0,0,1,0,1,1,0.613537
0,0,1,1,1,0,0,1,0,1,0,0,1,0,1,0,1,1,1,1,0,1,1,1,1,0,0,0,0,1,1,0,0.594105
1,1,1,1,1,1,0,1,1,1,1,0,0,1,0,0,0,1,1,1,0,0,1,1,0,0,1,1,0,1,0,0,0.623478
0,0,1,0,0,1,1,1,1,0,0,0,0,1,0,1,0,1,1,1,0,0,1,1,1,0,0,0,1,1,1,0,0.622273
0,0,0,0,1,0,0,1,0,0,1,0,0,1,0,0,1,1,1,0,0,1,1,1,0,1,1,0,1,1,1,1,0.588984
0,1,1,0,1,1,1,1,1,0,1,0,1,1,0,0,0,1,1,1,0,0,0,0,1,1,1,1,1,0,0,0,0.608189
0,1,0,0,1,1,0,0,0,1,0,1,0,1,1,0,0,0,1,1,1,1,0,0,1,0,1,1,1,1,0,0,0.617378
0,0,1,0,1,1,0,0,1,0,0,1,1,0,0,1,1,0,0,1,0,1,0,0,0,1,1,1,1,1,0,0,0.602591
0,1,0,0,1,0,1,0,0,0,0,1,1,1,0,1,0,1,1,1,1,0,0,1,0,0,0,0,1,1,1,0,0.682575
0,0,1,1,0,0,1,0,0,0,1,1,1,1,0,1,0,0,1,0,1,0,1,1,1,1,1,1,0,1,1,0,0.736851
0,1,0,0,0,0,0,1,1,1,1,0,1,1,1,0,0,0,0,1,1,1,0,1,1,0,0,0,0,1,1,0,0.648683
0,1,1,0,1,1,0,1,0,1,1,1,0,0,0,0,0,1,1,1,0,1,0,0,0,0,1,0,0,1,0,0,0.719328
0,0,0,1,0,1,0,1,0,0,0,1,1,0,0,0,1,0,0,1,0,1,1,1,0,1,1,0,1,1,0,1,0.762659
1,1,0,0,0,0,1,1,0,1,0,1,1,0,0,1,1,0,0,0,1,1,0,0,1,0,0,0,1,1,1,0,0.613963
0,0,0,1,1,1,1,0,1,0,1,0,1,0,1,0,1,0,1,1,0,1,1,1,1,1,0,0,0,0,1,0,0.585720
0,1,1,0,0,0,0,1,0,1,0,0,0,1,1,0,0,0,1,1,1,0,1,0,1,0,1,0,0,1,0,1,0.659378
1,0,1,1,0,0,1,1,0,0,0,0,1,1,1,1,0,0,1,1,0,0,1,1,0,1,0,0,0,0,0,1,0.677629
0,0,0,0,0,0,0,1,1,1,0,0,1,1,1,1,1,0,1,0,0,0,0,1,0,1,1,1,1,0,0,0,0.701403
1,0,1,0,0,1,1,0,1,1,1,1,1,1,0,0,0,0,1,0,1,1,0,1,0,1,0,0,1,1,0,0,0.588482
1,1,0,1,1,1,1,0,1,1,1,0,1,0,1,1,0,1,0,0,1,1,1,0,1,0,0,0,1,1,0,0,0.626415
1,0,1,1,0,0,1,0,1,1,0,1,1,0,0,0,1,0,1,0,1,1,0,1,0,1,0,1,1,0,0,1,0.593854
1,1,1,0,1,0,1,1,0,1,0,1,1,1,0,1,1,0,1,1,1,1,1,0,0,1,0,1,0,0,0,0,0.597545
0,0,0,0,1,0,1,0,1,1,0,1,0,1,1,1,1,0,1,1,1,1,0,0,0,0,0,1,1,0,1,0,0.603118
1,1,1,0,1,0,0,1,1,0,1,0,1,0,1,0,0,1,0,0,1,1,1,0,1,0,0,0,1,0,1,1,0.588984
0,1,0,1,1,1,1,1,0,0,0,0,1,0,1,0,1,0,0,0,1,0,0,0,1,0,0,1,0,0,1,1,0.623076
1,1,1,0,0,0,0,1,1,0,0,1,0,0,0,0,1,0,1,1,1,1,0,1,0,0,0,1,1,0,1,0,0.635654
0,1,0,0,0,0,1,0,1,1,0,0,1,0,0,0,0,0,1,0,0,1,1,0,0,0,1,1,0,0,0,1,0.640750
1,1,0,0,0,1,1,0,1,1,1,0,0,1,0,1,1,0,1,0,0,1,1,1,1,0,1,0,0,1,0,0,0.575628
1,0,1,1,1,0,0,0,0,1,0,0,1,1,1,1,0,1,0,1,1,1,1,1,0,1,0,1,1,0,1,0,0.530640
0,0,1,1,1,1,1,0,1,0,0,0,1,0,0,0,0,1,0,0,0,1,1,1,0,1,1,0,0,1,1,0,0.641252
0,1,0,0,0,1,1,1,0,0,1,0,0,0,0,0,0,1,1,1,0,1,0,1,0,0,1,1,1,0,1,0,0.719102
1,1,0,0,0,0,0,1,0,1,0,1,0,1,1,0,1,1,1,1,1,0,1,0,1,1,0,1,1,1,0,0,0.572063
1,0,1,1,1,1,0,1,0,1,0,0,1,1,0,1,1,0,1,1,0,1,1,1,0,1,0,1,1,1,1,1,0.431727
1,0,0,1,1,0,1,0,0,1,0,0,1,1,1,1,1,0,0,1,0,1,0,0,1,1,1,0,0,0,0,0,0.624005
0,0,0,0,0,0,1,1,1,0,0,1,0,1,0,1,1,0,1,0,0,1,1,1,1,1,1,1,0,0,0,1,0.631587
0,1,0,1,0,0,1,1,0,1,1,0,0,1,0,1,1,0,0,1,0,1,0,1,0,1,1,0,1,0,1,1,0.668742
1,1,1,1,0,1,0,0,1,0,0,0,1,0,1,1,0,1,0,1,0,0,0,1,1,0,1,1,1,1,0,1,0.546356
0,1,0,0,1,0,0,1,1,0,1,1,1,0,0,1,0,1,1,1,0,0,1,1,1,1,1,0,1,1,0,0,0.574499
0,0,1,0,0,1,0,0,1,0,0,0,1,0,1,1,1,1,1,1,1,1,1,1,1,1,1,0,0,1,0,0,0.563754
0,0,0,1,0,1,0,1,0,0,0,1,0,1,0,1,1,0,0,0,0,0,1,1,0,0,1,1,1,0,0,1,0.765295
1,1,0,0,1,1,0,1,1,0,0,1,1,1,1,1,1,1,1,1,0,0,1,0,1,0,1,1,0,1,0,0,0.547461
0,0,1,1,0,1,1,1,0,0,0,0,1,1,0,0,1,0,1,1,0,0,1,1,1,0,1,1,1,1,1,0,0.638014
1,0,1,0,1,0,1,1,0,0,0,0,0,1,1,0,0,1,0,1,1,0,1,0,0,1,0,0,0,1,1,0,0.637637
0,1,0,0,0,0,1,0,1,1,1,0,0,1,1,0,0,1,1,0,1,0,0,0,1,0,1,1,0,1,1,0,0.614792
0,0,0,1,1,1,1,1,0,1,0,0,1,0,1,1,1,0,1,0,0,0,1,0,1,0,1,0,0,0,1,0,0.610976
1,0,0,1,0,1,0,1,0,1,1,0,0,1,1,1,1,1,0,0,0,1,1,0,1,0,1,0,1,1,1,0,0.588808
1,1,1,1,0,1,0,0,0,1,0,0,0,1,1,1,1,0,0,0,1,0,1,1,1,1,0,0,1,1,1,0,0.581628
1,1,0,0,0,1,0,1,0,0,0,1,0,0,0,0,0,1,0,1,1,1,0,1,1,1,1,1,1,0,1,1,0.610122
0,1,1,1,0,0,1,1,0,1,0,0,1,0,0,0,1,1,1,0,0,1,1,1,1,1,0,1,1,1,1,0,0.558105
0,0,0,0,0,0,0,0,0,0,1,0,0,0,1,1,0,0,0,1,0,1,0,1,0,1,0,0,0,0,0,1,0.770467
1,1,1,0,0,1,0,1,1,1,0,0,0,0,0,1,0,0,1,0,0,1,1,1,1,1,1,1,0,0,1,1,0.590691
1,1,1,1,1,1,1,1,0,0,0,1,1,1,1,0,0,1,0,1,0,0,0,0,1,0,0,0,0,0,0,0,0.679487
0,0,1,1,1,0,0,0,0,0,1,0,1,1,1,0,1,0,0,0,0,1,0,1,0,0,1,0,1,1,0,1,0.641579
0,0,1,0,1,0,1,0,0,0,1,1,0,0,1,0,1,1,0,1,0,0,1,0,1,1,1,0,1,1,0,0,0.628022
1,0,1,0,0,0,1,1,1,0,1,0,1,0,1,0,1,0,1,0,0,1,0,1,0,1,0,1,0,0,1,1,0.609319
1,1,0,0,1,0,1,1,1,1,0,0,1,0,0,1,1,0,1,1,1,1,0,1,0,0,1,1,0,1,0,0,0.593151
1,0,0,1,1,1,1,0,0,0,1,1,1,1,1,0,1,1,1,1,1,1,0,0,1,1,0,0,0,0,1,1,0.546080
1,0,0,1,0,1,1,0,1,1,0,0,1,1,1,0,1,0,0,1,1,0,1,0,1,1,0,1,0,0,0,1,0.619813
0,1,0,0,0,1,1,1,0,1,1,0,0,1,0,0,0,0,1,1,0,0,1,1,0,1,0,0,1,1,1,0,0.713228
0,1,1,1,1,0,0,0,1,1,0,1,0,0,0,0,1,1,0,0,1,0,1,0,0,0,0,1,0,1,1,1,0.647227
0,1,0,0,1,0,0,0,1,0,1,1,0,1,1,1,1,0,0,1,1,0,0,1,1,1,0,0,1,1,0,0,0.614691
1,1,1,0,1,0,0,0,1,1,0,0,0,0,1,0,1,0,1,0,1,0,0,0,0,0,1,1,0,0,0,0,0.750408
0,1,1,1,0,0,1,1,0,0,0,1,0,1,1,0,0,1,1,1,1,1,1,0,0,1,0,1,1,0,1,0,0.604549
1,1,0,1,1,1,1,1,1,1,0,0,0,0,1,1,1,0,0,0,1,1,1,0,0,1,1,0,0,1,1,1,0.460272
0,0,1,0,0,0,0,1,1,0,0,0,1,1,0,0,1,1,0,0,1,0,1,0,0,0,1,0,0,0,0,1,0.651495
0,0,1,1,1,0,0,0,1,1,0,1,0,1,0,1,0,0,0,1,1,0,0,1,1,0,0,1,0,1,1,1,0.613712
0,0,1,1,1,0,1,0,1,0,0,1,1,1,0,1,1,1,1,1,1,0,0,1,0,0,0,1,0,1,0,1,0.555469
1,1,0,0,0,0,1,1,0,1,1,0,0,0,0,0,1,0,1,0,1,1,0,0,0,1,1,1,0,1,1,1,0.574674
0,0,1,1,0,0,1,1,0,0,0,0,1,0,0,1,0,1,0,1,1,1,1,1,1,1,0,1,1,1,0,0,0.684658
0,1,0,0,1,1,0,1,0,0,0,1,1,0,1,0,0,1,0,0,1,0,1,1,0,1,1,0,0,1,0,1,0.635177
1,1,0,0,0,0,0,0,1,1,1,1,1,1,1,0,0,0,1,0,1,1,1,1,1,1,1,1,0,0,1,0,0.565988
0,1,1,1,0,1,0,1,1,0,1,0,1,0,0,1,1,1,1,0,0,0,0,1,1,1,0,0,1,1,1,0,0.570181
0,0,1,0,0,0,1,0,0,0,1,0,1,0,0,1,0,0,1,1,0,1,1,1,0,0,0,1,0,1,0,1,0.971632
1,0,1,1,1,1,0,1,1,1,1,0,1,1,1,1,0,0,0,0,1,1,1,1,0,0,1,0,0,0,1,0,0.553913
1,1,1,0,1,1,1,1,0,0,0,0,0,1,0,0,0,1,1,1,0,1,1,1,1,0,0,0,0,1,1,0,0.551251
1,0,1,1,0,0,1,1,1,0,1,1,1,1,1,0,1,1,1,0,0,1,1,1,1,0,1,1,1,1,1,0,0.557327
0,1,1,1,1,1,1,0,0,1,1,0,1,0,0,1,0,0,0,0,1,0,1,1,0,1,1,0,1,1,0,0,0.578917
0,1,1,0,0,1,0,0,0,0,0,0,0,1,0,1,1,0,1,0,1,0,0,0,0,0,1,0,1,1,1,1,0.671102
1,1,0,0,1,0,0,0,0,0,0,0,0,1,0,0,0,1,1,0,1,1,1,0,0,0,1,1,0,0,0,0,0.660206
0,0,1,1,0,0,1,0,1,0,0,0,0,1,0,1,0,1,1,0,0,0,1,0,0,0,0,1,0,0,0,0,0.795973
1,0,1,0,0,1,0,1,1,0,1,1,1,0,0,0,1,0,0,0,1,1,0,0,0,0,1,0,1,0,0,1,0.609595
1,0,1,1,0,0,0,1,1,1,0,0,0,1,1,0,0,1,0,1,1,1,1,0,1,1,1,1,0,1,1,0,0.559963
0,1,1,0,1,1,0,1,1,0,1,1,0,1,0,0,1,1,0,0,1,1,0,1,1,0,1,0,0,0,0,1,0.575201
0,0,0,1,1,0,1,0,1,1,1,0,0,0,0,0,0,1,1,0,1,1,0,0,0,0,1,1,1,0,0,0,0.703964
1,1,0,1,0,0,0,0,0,1,1,1,1,1,1,1,1,1,1,0,1,0,0,1,0,0,0,1,0,1,1,0,0.582256
1,0,1,1,0,1,0,0,0,1,1,0,0,1,1,0,1,0,1,1,1,1,1,0,0,1,1,1,0,0,0,0,0.600080
0,1,1,1,1,1,0,1,0,1,0,1,1,1,0,1,1,1,1,0,0,0,0,1,1,0,0,0,1,0,1,1,0.484623
0,0,0,0,0,0,1,0,1,1,0,0,0,1,1,1,1,1,0,1,1,0,0,0,0,1,0,0,0,0,0,0,0.645169
1,1,0,1,0,0,1,0,1,0,1,1,1,0,1,0,0,0,1,1,1,1,0,0,0,1,0,1,0,1,0,1,0.581679
1,1,0,0,1,0,0,0,0,0,1,0,0,1,1,1,0,1,0,1,1,1,1,1,0,1,1,1,0,1,1,0,0.566565
0,0,1,1,1,1,0,0,1,0,0,0,0,0,1,1,1,1,0,1,0,0,0,0,0,0,0,0,0,1,0,0,0.648683
1,1,0,1,1,0,1,0,0,0,1,0,0,1,1,0,1,0,0,0,0,0,0,0,0,0,0,1,0,1,1,1,0.655738
1,1,1,1,0,1,1,0,1,1,0,0,0,0,1,1,1,0,1,0,0,0,0,0,1,1,1,0,0,0,1,1,0.594156
1,0,0,0,1,1,1,0,0,0,1,1,0,1,1,0,1,1,1,0,0,1,1,0,0,1,1,0,1,0,0,0,0.633319
0,0,1,0,0,1,1,0,1,0,1,0,0,0,0,0,0,0,1,1,0,0,1,0,1,0,1,0,0,0,0,1,0.753119
1,1,1,0,1,0,1,0,0,1,1,0,1,1,0,0,0,0,1,1,1,1,0,0,1,0,0,0,1,0,1,1,0.593101
1,1,1,1,1,0,1,0,0,0,0,0,1,0,1,0,0,1,0,0,0,0,0,0,0,1,1,0,0,0,1,0,0.640800
0,1,1,0,1,1,0,1,0,0,0,0,0,1,1,0,1,1,0,1,0,1,1,1,1,1,1,1,0,0,0,1,0.557703
0,0,1,1,1,0,1,1,0,0,1,1,0,1,0,1,1,0,0,1,1,0,1,0,1,1,0,0,1,1,0,0,0.592674
0,0,0,1,1,1,1,0,0,0,1,0,1,0,0,1,1,1,0,1,1,0,0,1,1,1,1,1,1,0,0,0,0.599177
0,0,0,1,0,1,0,0,1,1,0,1,1,0,1,0,1,0,1,1,0,0,0,0,1,0,1,1,0,1,0,1,0.615972
0,1,1,1,1,0,0,0,0,1,1,1,0,1,1,1,0,1,0,0,0,1,0,0,1,1,1,1,1,0,1,0,0.574348
1,1,1,0,1,0,0,0,0,1,0,1,1,0,0,0,1,1,0,0,1,1,1,1,0,1,1,1,1,0,1,1,0.555971
1,0,0,1,0,0,0,0,1,0,1,1,1,1,0,0,1,0,1,0,1,0,0,0,1,1,1,0,1,1,0,0,0.617603
1,1,1,0,1,0,0,1,0,1,0,1,0,0,1,0,0,1,1,0,0,1,0,1,1,0,1,0,0,0,1,1,0.603419
1,0,1,1,0,1,1,1,1,0,1,1,1,0,0,1,0,1,1,1,0,0,0,1,1,0,1,1,0,0,0,0,0.603846
1,0,1,1,0,0,1,0,0,1,0,1,0,1,1,0,0,0,1,0,0,1,0,0,1,1,1,0,1,0,1,0,0.648081
0,0,1,0,1,0,1,0,0,1,1,0,1,0,1,0,1,1,1,1,1,0,1,1,1,1,1,1,1,1,1,1,0.486883
0,1,1,0,0,1,1,1,0,0,0,0,0,1,1,1,1,0,1,0,0,0,1,1,0,1,1,1,0,1,1,1,0.630156
1,1,1,0,1,0,0,1,0,1,0,1,1,0,0,0,0,1,1,0,0,0,1,0,0,1,0,1,0,1,1,1,0.598574
0,1,0,1,0,0,0,0,1,1,0,1,0,0,0,1,0,0,0,1,0,0,0,1,0,1,1,1,1,1,1,1,0.718851
0,1,1,0,0,0,0,1,0,1,1,0,1,0,0,1,1,0,0,0,0,1,0,1,1,1,0,0,0,1,0,1,0.654834
1,1,1,1,1,0,0,0,0,0,0,1,0,0,0,1,0,1,0,0,1,1,1,1,0,0,0,0,0,0,0,0,0.692868
0,0,1,1,1,1,1,1,0,0,0,0,0,1,0,0,0,1,1,1,0,1,1,1,0,1,0,0,0,0,1,0,0.742400
1,1,0,0,1,1,1,0,1,0,1,0,0,1,1,1,0,0,1,0,1,0,1,1,1,1,0,1,1,1,0,0,0.569980
0,1,1,0,0,0,0,1,0,1,1,1,0,1,1,0,0,1,1,0,0,1,1,1,1,1,0,0,1,0,1,1,0.618884
0,0,0,1,0,0,0,1,1,1,1,0,0,0,1,0,0,1,1,1,0,1,0,1,1,1,1,0,1,0,1,0,0.659177
0,0,0,1,1,0,1,1,1,1,0,0,0,0,1,0,1,0,0,1,0,1,1,1,1,0,0,1,1,0,1,0,0.600608
0,0,1,0,1,1,0,0,0,0,1,0,1,0,0,0,0,1,0,0,1,1,0,0,0,1,0,1,0,0,1,0,0.722968
1,1,1,0,0,1,1,0,1,0,0,0,0,1,1,1,1,1,0,1,0,1,1,1,0,1,1,0,1,0,1,0,0.545402
0,1,0,0,1,0,0,0,1,0,1,0,1,0,1,1,1,0,1,0,1,1,0,1,0,0,0,1,0,0,1,1,0.615921
0,1,1,0,0,0,1,1,1,0,1,0,0,1,1,1,1,1,1,1,1,0,0,0,0,0,0,1,0,1,0,0,0.601185
1,0,1,1,1,1,0,0,0,0,1,1,0,1,1,1,0,1,1,1,1,0,0,0,1,1,1,0,1,1,0,0,0.555469
1,0,1,0,0,0,0,1,0,0,0,1,1,1,0,1,0,0,1,0,0,0,0,1,1,0,0,1,1,1,0,0,0.738759
0,1,0,1,1,0,0,0,0,1,1,0,0,0,0,0,0,0,1,0,0,0,1,1,0,0,0,1,0,1,0,0,0.696483
0,0,1,1,1,0,0,1,0,1,0,0,1,0,1,1,0,0,0,0,0,1,1,1,1,0,1,1,0,1,0,1,0.615168
1,0,0,0,0,1,0,1,0,0,0,1,1,0,0,0,0,0,1,1,0,1,1,0,1,0,1,0,0,0,1,1,0.666457
1,0,0,1,1,1,0,1,0,1,0,0,1,0,1,0,0,0,1,0,0,0,1,1,0,1,0,1,1,1,1,0,0.594130
0,1,1,0,1,1,0,1,1,1,1,1,0,1,1,0,0,0,1,0,1,1,1,0,0,0,1,1,0,1,0,0,0.694826
1,0,0,1,0,0,1,1,1,1,1,0,0,1,1,1,1,1,0,1,1,1,1,1,0,0,1,1,1,1,0,1,0.470916
0,0,1,0,0,0,0,1,0,0,1,1,0,1,1,1,0,0,0,0,0,1,0,1,0,1,0,0,1,0,1,0,0.893556
1,1,0,1,1,0,0,0,1,0,0,1,0,0,0,0,1,1,1,0,0,1,0,1,0,0,1,1,0,1,1,0,0.613938
0,0,1,1,1,1,1,1,0,0,1,1,1,0,0,0,1,1,1,0,1,1,0,0,1,0,1,0,0,0,0,0,0.647704
1,0,0,0,0,0,0,1,0,0,0,0,1,1,1,0,1,0,1,0,0,1,1,0,1,0,1,1,1,0,1,1,0.628198
1,1,1,0,0,1,0,1,0,1,1,1,0,0,0,0,1,0,0,0,1,1,0,0,0,0,0,0,0,0,0,1,0.619863
0,0,1,1,0,0,0,1,1,0,1,0,1,0,0,0,0,1,0,1,0,1,1,1,0,1,1,1,0,1,0,1,0.666483
1,1,1,1,0,0,0,1,0,1,1,1,1,0,1,0,0,1,0,0,0,1,1,1,0,0,1,0,0,0,0,1,0.617478
0,1,0,1,0,0,0,0,1,0,0,0,0,0,1,0,1,1,0,0,1,1,0,1,1,1,1,0,0,1,1,0,0.632591
0,0,0,0,0,0,0,0,0,1,0,1,0,0,1,0,1,0,0,0,1,1,1,0,1,1,1,1,0,1,0,0,0.751262
0,1,1,1,1,1,0,0,0,1,1,1,0,0,1,1,1,1,0,1,1,1,0,0,0,0,0,1,0,1,1,0,0.571486
1,1,1,1,0,0,1,0,0,1,0,0,1,1,1,0,0,1,1,1,0,0,1,1,1,0,1,0,1,0,1,0,0.573519
0,1,0,1,1,0,1,1,0,0,0,0,1,1,0,0,1,1,0,0,0,1,1,1,1,0,0,1,1,0,0,1,0.632390
0,1,1,1,0,0,0,1,1,0,1,1,1,1,0,0,0,0,0,1,0,1,0,0,0,0,1,1,1,0,0,0,0.636332
0,1,0,1,0,0,1,0,0,0,0,1,0,1,1,0,1,1,0,0,0,0,1,1,1,0,1,1,0,1,1,1,0.648558
1,0,0,1,1,1,1,0,0,1,1,0,1,1,0,1,1,0,1,1,1,0,0,0,0,1,1,1,1,1,0,0,0.574674
1,0,1,1,0,0,1,1,0,0,0,1,1,1,0,0,1,1,1,0,1,1,0,0,0,0,1,1,0,1,1,1,0.588005
0,1,0,0,0,0,0,0,0,0,0,0,1,1,0,0,0,0,1,0,1,0,0,0,1,1,1,1,0,1,0,1,0.774082
0,1,1,1,1,1,0,0,1,1,1,0,0,1,1,1,0,1,1,1,0,1,1,1,1,1,1,1,0,0,0,0,0.571134
1,1,0,1,1,1,0,1,0,1,1,1,0,0,1,0,0,0,1,1,1,0,0,0,0,1,0,0,0,0,1,1,0.592223
0,0,1,0,1,0,1,0,1,0,0,0,0,1,0,0,1,0,1,0,1,1,1,1,0,1,1,1,1,0,0,1,0.614164
0,1,0,1,1,0,1,0,0,0,0,1,1,1,1,1,1,0,1,0,0,0,1,0,0,1,1,1,0,0,1,0,0.639570
0,0,1,0,1,1,1,1,0,1,1,1,0,1,0,0,0,1,1,0,1,0,1,0,0,1,1,1,0,1,0,0,0.765822
1,1,0,1,0,0,1,1,0,0,1,1,0,1,0,0,1,1,0,0,0,1,0,0,1,1,0,1,0,0,1,0,0.631060
1,0,1,1,0,0,1,0,1,1,0,1,0,1,1,1,0,1,1,1,0,0,1,0,1,1,0,0,1,1,1,0,0.547059
1,0,1,1,1,1,0,0,1,1,0,1,1,0,0,0,1,0,0,1,1,1,0,1,0,0,0,0,1,1,0,0,0.617779
0,1,1,1,1,1,0,1,1,1,0,1,0,0,1,1,1,0,1,1,1,0,0,1,1,0,1,1,1,0,1,0,0.504431
1,0,0,1,0,0,0,1,1,0,0,0,1,0,0,0,1,1,0,1,1,0,0,1,0,0,0,1,0,1,0,1,0.622675
1,1,0,0,1,1,1,0,0,1,1,1,0,1,1,1,1,0,1,1,1,1,0,0,0,0,1,1,0,1,0,0,0.560565
1,0,0,0,0,1,0,0,0,1,0,1,0,1,1,1,0,1,0,1,1,0,0,1,1,1,0,0,1,0,0,0,0.649788
0,1,1,0,1,1,1,1,0,1,1,0,1,1,1,1,0,1,0,0,0,1,0,0,0,0,0,1,0,0,1,1,0.601461
1,1,0,1,0,0,0,0,0,1,0,1,0,0,0,0,1,1,1,1,0,0,0,1,1,0,0,0,0,1,1,0,0.637487
1,0,1,1,1,0,1,1,1,1,1,1,1,0,0,1,1,1,1,1,0,1,0,0,0,1,1,1,1,1,1,1,0.384681
0,1,1,1,1,1,1,0,0,1,1,1,1,1,0,1,1,0,0,1,1,1,1,1,1,1,1,0,0,0,0,0,0.582733
1,1,0,1,1,1,1,0,0,0,1,1,0,0,1,1,1,0,0,1,0,0,0,1,0,0,0,0,1,1,0,0,0.617327
0,1,0,0,1,1,0,1,0,0,1,0,1,0,0,0,0,0,1,1,1,1,0,0,1,0,0,0,1,1,1,0,0.611227
0,0,0,0,1,0,1,1,0,1,0,1,1,0,1,0,0,1,1,0,1,1,1,1,1,1,1,0,0,0,0,0,0.695981
0,0,0,1,1,1,0,0,0,1,1,0,1,1,1,0,0,1,0,1,1,1,0,1,0,0,0,0,0,1,0,1,0.664173
1,1,1,1,1,1,0,1,1,1,1,0,1,1,0,1,0,0,1,1,1,0,0,1,1,0,1,1,1,0,1,1,0.410765
0,1,1,1,1,1,1,1,0,0,1,1,0,1,1,0,1,0,0,0,1,0,1,0,1,0,0,1,0,0,0,1,0.605001
1,0,0,1,1,1,0,1,1,1,0,1,1,0,1,1,1,0,1,0,0,1,1,0,1,1,0,1,1,0,1,1,0.494766
1,0,1,1,1,0,1,1,0,1,1,0,1,0,0,1,1,0,0,1,1,1,0,0,0,0,0,1,1,1,1,0,0.586022
1,0,1,1,1,0,1,1,0,1,1,0,0,0,1,1,0,0,0,1,1,0,0,1,0,0,0,1,0,1,0,0,0.603620
0,0,0,1,0,0,1,0,0,1,0,0,1,1,1,1,0,1,0,1,1,0,0,0,0,1,0,0,1,0,1,0,0.775061
0,0,1,1,1,1,1,0,0,1,0,0,0,1,0,1,1,1,0,0,1,1,0,0,0,1,1,0,1,1,0,1,0.577185
1,0,1,1,0,0,1,0,0,1,0,1,0,1,1,1,1,1,1,0,1,1,1,1,1,1,1,1,0,1,0,0,0.549419
1,0,0,1,1,0,0,1,0,0,1,0,0,0,0,0,1,1,1,0,0,0,0,0,0,1,0,1,1,1,0,1,0.652022
1,1,0,1,1,0,0,1,0,1,0,1,0,1,1,1,1,0,1,1,0,1,1,0,0,1,1,0,0,0,0,0,0.586649
0,1,1,1,0,1,0,0,1,1,1,0,1,0,1,1,1,1,0,1,1,0,0,0,1,0,0,0,1,1,0,0,0.606658
1,1,1,1,1,1,0,1,0,0,0,0,0,1,0,0,1,0,1,0,0,1,0,0,1,1,1,1,1,0,1,1,0.589059
1,0,0,1,1,1,1,1,1,0,0,1,1,0,1,0,1,0,1,1,0,0,1,0,1,1,0,1,1,0,0,1,0.547109
1,1,0,0,1,1,0,0,0,1,1,1,1,1,0,0,0,1,1,0,1,0,0,1,1,1,0,1,1,1,0,0,0.564808
1,0,1,0,1,1,0,1,1,0,1,1,0,1,1,0,0,0,0,0,1,0,1,0,0,0,0,0,1,1,0,0,0.596741
1,1,0,0,1,0,1,0,0,1,1,1,0,1,0,1,1,1,1,0,0,1,1,1,1,1,0,1,0,0,0,0,0.583109
0,1,1,1,0,0,0,0,0,0,1,1,1,0,0,0,1,0,1,0,0,0,0,0,0,0,1,0,1,1,1,1,0.745839
0,0,0,1,1,1,0,0,0,1,0,1,1,0,0,0,1,1,0,1,1,0,0,1,1,0,0,1,0,0,1,0,0.660231
1,1,1,1,1,1,1,1,1,0,0,0,1,0,1,1,0,1,0,0,1,0,0,1,0,0,0,0,1,1,0,0,0.561118
0,0,0,1,1,0,1,1,1,1,0,1,1,0,0,0,1,0,1,1,1,0,0,0,0,1,0,0,0,0,1,0,0.618557
1,1,0,0,0,0,1,0,1,1,0,1,1,1,0,0,0,1,1,1,1,1,0,1,0,0,1,0,0,1,1,0,0.579344
1,1,0,1,0,1,0,1,0,0,1,1,0,1,1,1,1,1,1,1,1,0,1,1,1,0,0,0,0,0,0,1,0.546582
1,0,0,1,1,1,1,0,0,1,1,1,1,1,0,1,1,0,0,1,1,1,0,1,1,1,0,1,0,0,0,0,0.576356
0,0,0,1,0,1,1,1,0,0,1,1,0,1,0,0,1,1,0,0,1,0,1,1,1,1,1,1,0,0,1,1,0.640499
1,1,0,1,1,0,0,0,0,0,1,0,0,0,1,0,1,1,0,0,0,1,0,0,1,1,0,1,1,0,0,1,0.612131
1,0,1,1,0,0,1,1,1,0,1,0,1,0,1,1,0,0,1,0,0,0,1,0,0,1,0,1,1,1,1,0,0.724249
1,0,1,1,0,1,0,0,0,1,0,0,0,0,1,0,0,1,0,1,1,1,1,0,1,0,1,1,0,1,0,1,0.595963
0,0,0,0,0,0,0,1,1,1,1,1,1,0,0,1,0,1,0,1,1,0,1,1,1,1,0,0,1,1,0,0,0.663219
1,0,1,1,1,0,1,0,1,0,1,0,0,1,1,0,1,0,0,0,1,0,1,0,1,1,1,0,0,1,0,1,0.598398
0,1,1,0,1,0,1,1,1,1,1,0,1,0,0,0,0,1,1,1,0,1,1,0,0,1,0,1,1,1,1,1,0.485602
1,0,0,1,0,0,0,0,1,1,1,1,0,1,1,1,0,1,1,0,0,0,0,0,1,0,0,1,1,1,1,1,0.616248
1,0,0,0,1,1,0,0,0,0,1,0,1,0,1,1,0,0,1,0,0,1,1,0,0,0,0,0,0,0,0,0,0.648533
0,0,1,0,1,1,0,1,0,0,1,1,0,1,1,0,0,0,0,0,1,1,0,0,1,1,0,1,0,0,1,1,0.649964
0,0,1,1,1,0,1,1,0,1,0,0,0,1,0,0,0,1,0,0,0,0,0,0,0,0,1,1,0,0,0,1,0.730274
0,0,1,0,0,1,1,0,1,1,0,0,0,0,0,1,0,1,0,0,0,0,0,0,1,1,1,1,1,1,1,1,0.646700
1,0,1,0,1,0,0,0,0,1,1,1,1,0,1,0,1,0,0,0,0,0,1,1,0,1,1,0,1,0,0,0,0.605930
1,0,0,1,0,0,1,0,0,0,0,0,1,0,0,1,0,0,0,1,0,1,0,0,0,0,1,1,1,0,0,1,0.673010
1,0,0,1,0,0,0,1,0,0,1,0,1,0,1,0,0,1,0,0,0,0,1,0,1,1,1,1,1,1,1,1,0.616825
0,0,0,0,1,1,1,1,1,1,0,1,0,0,0,1,0,0,1,0,0,1,1,1,1,0,1,1,0,1,0,0,0.613235
0,0,0,1,0,1,1,1,0,0,1,0,0,1,1,1,1,1,0,0,0,0,0,1,0,0,0,0,0,1,1,0,0.740692
0,0,0,0,0,0,1,0,0,0,1,0,0,0,1,1,1,0,1,0,1,1,0,0,1,0,1,0,1,0,1,1,0.718475
1,1,1,1,0,0,1,1,0,1,1,0,0,1,0,1,0,1,1,1,1,1,1,0,1,0,1,0,0,0,0,1,0.555344
0,1,1,0,0,0,1,1,0,0,0,0,1,0,0,1,0,0,0,1,0,1,1,1,0,1,1,1,0,0,0,1,0.667487
0,1,1,0,1,0,1,1,1,0,0,1,0,0,0,1,0,0,0,0,0,1,0,0,1,1,0,1,0,0,0,0,0.662516
0,0,0,0,1,1,0,0,0,1,0,0,0,0,1,0,0,0,0,1,0,1,0,0,0,0,0,1,1,1,1,1,0.723044
1,1,0,0,0,1,0,0,1,0,0,0,0,0,0,0,1,0,1,1,0,1,0,1,1,1,0,1,0,0,1,1,0.643386
0,1,0,0,0,0,0,1,1,0,1,1,0,1,0,1,0,1,1,0,0,1,0,0,1,0,0,0,1,0,1,1,0.650692
1,1,0,0,1,0,0,0,1,0,1,0,1,1,0,1,1,0,0,1,0,1,1,0,0,0,0,0,1,1,1,0,0.613185
1,0,0,0,0,0,1,1,0,1,1,0,1,1,0,0,1,0,0,0,1,1,1,1,1,1,1,1,0,0,0,0,0.658324
0,0,0,0,1,1,1,0,0,0,0,0,1,1,0,0,0,0,0,0,1,1,1,0,0,0,1,1,1,0,1,1,0.636281
0,0,0,1,0,1,0,0,0,0,1,1,0,0,0,0,0,0,0,0,1,1,1,0,1,1,1,0,0,0,0,0,0.767504
0,1,0,0,0,1,1,0,0,1,0,1,0,1,1,1,1,0,0,0,0,1,1,1,1,1,0,1,0,0,1,0,0.733839
1,1,0,1,0,0,0,0,0,1,1,1,0,0,0,0,0,0,1,1,1,0,1,1,1,0,0,1,1,1,0,0,0.623779
0,1,1,1,1,0,1,0,0,0,0,1,0,1,1,1,1,1,1,1,0,1,0,1,1,0,1,1,1,1,1,0,0.545427
1,1,0,1,1,1,1,1,1,1,0,0,1,1,0,1,0,1,0,1,1,1,1,1,0,0,0,0,1,1,1,0,0.440690
1,1,0,0,1,1,1,1,1,1,0,1,0,0,1,1,0,1,0,1,0,1,1,0,0,0,1,1,0,0,0,1,0.550649
0,0,1,1,0,1,0,0,0,0,0,1,1,1,1,0,1,1,1,1,1,1,1,1,1,0,1,0,1,0,0,0,0.609821
0,1,0,0,1,1,0,1,1,0,0,0,0,1,0,0,1,0,1,0,1,1,0,1,1,1,1,0,0,0,1,1,0.594783
0,0,1,1,0,0,1,0,0,0,0,1,1,0,0,0,1,1,0,1,0,1,0,0,1,0,1,1,1,0,1,1,0.697336
1,1,0,1,0,1,0,0,0,1,1,0,0,1,0,1,0,0,1,0,1,0,0,0,0,1,0,0,0,1,1,0,0.646700
0,0,0,1,0,0,1,0,1,1,1,0,0,1,0,0,1,1,0,0,1,1,1,0,1,1,1,1,0,1,0,1,0.599252
0,1,1,0,1,1,1,0,1,0,1,1,0,1,1,1,0,0,0,0,0,1,0,1,0,1,0,0,1,0,1,0,0.600909
0,1,1,0,1,1,1,1,1,1,1,0,1,1,1,0,1,1,0,0,1,0,0,1,1,1,1,0,1,0,1,0,0.585394
1,0,0,1,0,1,1,1,0,0,0,0,0,1,0,1,0,1,1,1,0,1,1,0,1,0,0,1,1,1,0,0,0.618432
1,1,1,1,0,1,1,0,1,0,1,0,1,0,0,0,0,1,0,1,0,0,0,0,1,0,1,1,0,0,1,0,0.598649
1,1,1,1,1,1,1,1,0,1,1,0,1,0,1,0,0,1,0,0,1,1,0,0,1,1,1,0,0,1,1,1,0.500188
1,0,1,0,1,0,1,0,1,0,1,0,1,0,1,0,0,0,0,0,0,0,0,0,0,1,1,0,0,0,0,1,0.622951
1,1,1,0,0,0,1,0,1,1,1,0,1,1,0,1,0,0,1,1,1,1,0,0,1,1,1,0,0,1,1,1,0.555946
0,0,0,0,1,1,0,1,0,1,0,1,1,0,1,1,1,0,1,0,0,1,0,0,1,0,1,1,1,1,0,0,0.609495
1,0,1,1,1,1,0,1,1,0,1,0,1,1,1,1,0,0,0,0,0,1,1,0,1,1,0,0,0,0,0,0,0.594231
0,0,1,1,1,0,1,0,0,1,1,1,1,1,0,0,1,0,0,0,1,1,1,1,1,0,0,1,1,1,1,1,0.504557
1,0,1,1,0,1,1,0,0,0,0,0,1,0,1,0,0,0,1,1,1,1,0,1,0,0,1,0,0,1,0,1,0.630005
0,0,0,0,1,1,0,1,1,1,1,1,1,1,0,1,1,0,0,1,0,0,0,0,1,1,0,1,1,0,0,0,0.577084
1,1,1,0,1,0,1,1,0,0,0,0,1,0,0,0,1,0,1,1,1,0,0,1,0,0,1,1,1,0,1,1,0.599754
1,0,1,0,0,0,0,0,0,0,1,0,0,0,0,1,1,0,0,0,0,1,0,0,1,0,1,1,1,0,0,0,0.746291
1,0,1,0,1,0,0,1,0,1,1,0,1,1,1,1,1,1,0,1,0,0,1,0,1,0,0,0,1,1,1,0,0.567268
0,0,1,0,1,1,0,1,0,1,0,1,0,1,1,1,1,1,1,0,0,1,0,0,0,1,0,1,1,1,0,0,0.576231
0,0,0,0,0,0,0,0,1,1,0,0,1,1,1,0,0,0,1,1,1,1,1,0,0,0,0,0,1,1,1,1,0.750659
0,0,0,1,1,1,1,1,0,1,0,0,0,0,0,0,0,1,0,1,1,0,0,0,1,0,0,1,1,0,0,0,0.688424
1,0,0,1,0,1,0,0,1,0,0,1,1,1,0,0,0,0,0,0,1,0,0,1,0,1,1,0,0,0,1,0,0.651771
1,0,0,1,1,0,1,0,1,1,1,1,0,0,1,0,0,1,0,1,0,0,1,1,1,1,1,1,0,1,1,1,0.495820
1,1,0,1,1,1,1,0,0,1,1,1,0,1,0,1,0,1,1,0,1,0,0,1,1,0,1,0,1,1,0,0,0.567494
0,0,0,1,1,1,1,0,1,0,1,0,0,0,1,0,0,1,0,1,1,0,1,0,0,0,1,1,0,1,0,1,0.682525
0,1,0,1,1,1,0,1,0,1,1,0,1,1,1,1,1,1,1,1,1,0,1,0,1,1,1,0,0,1,1,1,0.463083
1,1,0,1,0,1,0,0,0,0,0,1,0,0,0,0,1,1,1,0,1,1,1,0,1,1,0,0,1,0,0,1,0.585896
0,1,1,0,1,0,0,1,0,1,0,0,1,0,0,1,0,0,0,1,1,0,0,1,0,0,0,0,1,1,0,1,0.644491
1,0,1,0,0,0,0,0,0,0,1,1,0,0,1,1,1,1,0,0,0,0,0,0,1,0,1,1,1,1,0,0,0.682299
0,0,1,0,0,1,1,0,1,0,0,1,0,0,0,0,1,0,0,1,0,1,0,1,1,0,1,1,1,1,0,0,0.636482
0,1,1,1,0,0,0,0,1,0,0,0,0,0,0,0,1,0,0,1,0,1,1,0,0,1,1,0,1,0,1,1,0.664248
1,1,0,1,0,1,0,1,0,1,0,1,0,0,0,0,0,0,0,0,1,0,0,1,1,0,0,0,1,1,0,1,0.654457
0,1,0,1,1,0,0,1,1,0,0,0,0,0,0,0,0,1,0,0,0,1,0,0,1,1,0,1,0,1,1,0,0.674014
0,0,0,1,1,1,0,0,0,1,1,0,1,1,1,0,1,1,0,0,0,0,1,1,0,1,0,0,1,0,1,0,0.598750
1,1,1,0,1,1,0,0,1,0,1,0,0,1,0,1,0,0,0,1,1,1,1,0,0,0,0,0,0,0,0,1,0.622323
0,1,0,0,0,0,1,1,0,0,0,0,1,0,1,1,0,0,1,1,0,0,1,0,1,0,1,1,1,0,1,0,0.785730
0,1,1,1,0,0,0,0,1,0,0,0,0,0,0,1,0,1,0,0,1,0,0,0,0,0,1,0,0,1,0,0,0.723019
1,0,0,0,1,1,1,0,1,1,0,1,0,1,1,0,0,1,1,0,0,1,0,1,0,1,0,0,1,1,0,1,0.577511
1,0,0,1,1,0,0,1,0,0,1,1,1,0,0,1,0,1,1,1,1,0,1,0,1,0,0,1,1,0,1,0,0.593829
1,1,1,0,1,1,0,0,0,1,0,0,1,0,1,1,0,0,0,0,0,0,0,0,1,0,1,1,0,1,1,0,0.632064
1,0,0,1,1,1,0,1,0,0,1,1,0,1,1,1,0,0,0,1,0,0,1,1,1,1,0,1,1,0,1,0,0.611654
0,0,0,0,1,0,1,1,1,1,0,0,0,1,0,0,0,0,1,1,1,1,1,1,0,1,1,0,1,0,0,1,0.696960
1,1,1,0,1,0,0,0,1,0,1,1,0,1,0,0,0,0,0,1,0,1,0,0,1,0,0,1,0,1,1,1,0.616499
0,0,1,1,0,0,0,1,0,1,1,1,0,0,0,0,1,0,1,1,1,1,0,0,1,0,1,1,1,1,0,0,0.627344
0,0,1,0,1,0,0,0,0,0,1,1,1,1,0,0,0,0,1,0,0,0,0,0,0,1,1,1,0,1,0,0,0.751061
0,0,1,0,0,1,1,0,0,1,0,0,1,1,0,0,0,1,0,0,0,0,0,0,1,1,0,0,0,1,0,1,0.762985
0,0,0,1,1,0,1,0,0,1,1,1,1,0,1,1,1,0,0,0,0,0,1,1,1,0,0,0,1,0,0,1,0.626892
0,1,1,1,1,1,1,0,1,0,1,1,0,0,0,0,0,0,0,1,1,1,1,0,0,1,0,1,0,1,0,1,0.626942
1,1,0,0,1,1,1,0,1,1,1,0,0,0,0,0,1,1,0,1,0,1,1,1,1,1,0,1,0,0,1,1,0.548415
0,0,0,0,1,0,0,0,1,1,0,0,1,0,1,0,1,1,1,1,1,1,1,1,1,0,0,0,0,0,0,1,0.622047
1,1,1,1,0,1,1,0,0,1,0,1,0,1,1,0,0,1,0,0,0,1,1,0,0,1,0,0,0,1,0,1,0.638315
0,0,0,1,1,1,0,1,1,1,0,0,1,1,0,1,0,1,1,1,1,1,0,0,1,1,0,0,0,0,1,1,0.551578
1,1,1,1,1,0,0,1,0,1,1,0,1,1,0,0,1,0,1,1,1,0,0,0,1,0,1,0,0,1,1,1,0.592599
0,0,1,1,0,0,0,1,1,1,0,1,1,1,0,0,1,1,0,0,0,0,0,1,1,0,1,0,0,1,0,1,0.624909
1,0,1,1,1,1,1,1,0,1,0,0,0,1,1,1,1,1,1,0,0,1,0,1,0,0,1,0,0,0,1,0,0.588482
1,0,1,0,1,1,0,0,1,1,1,0,0,0,1,1,1,1,0,1,1,1,1,1,0,1,1,1,0,0,0,0,0.575653
1,0,0,0,1,1,1,0,0,1,1,1,0,1,1,0,0,1,1,1,0,1,0,1,0,0,0,0,0,1,0,1,0.603771
0,0,1,1,1,0,1,0,1,1,1,0,1,1,1,0,1,0,0,0,0,0,0,1,1,0,0,0,1,1,1,1,0.575277
0,1,1,0,1,0,1,1,1,0,0,1,1,0,1,0,0,1,0,1,1,0,1,1,1,1,1,1,1,0,1,1,0.518490
1,0,1,0,1,1,1,0,0,1,1,1,1,0,1,1,1,0,0,0,1,0,1,0,1,0,1,0,0,0,1,1,0.570507
1,1,1,0,1,0,0,1,0,1,1,1,1,0,1,0,0,1,1,0,1,0,1,0,0,1,1,1,1,0,1,1,0.568875
1,1,1,0,0,0,0,1,0,0,1,0,0,0,0,1,1,0,0,0,0,0,0,0,0,1,0,0,0,0,0,0,0.638993
1,1,0,1,0,0,0,1,1,0,0,1,1,0,0,0,0,0,1,1,1,0,1,1,1,0,1,0,1,0,1,1,0.602867
1,0,1,0,1,1,1,0,0,0,1,0,1,1,0,1,0,0,1,1,0,1,0,1,1,1,0,1,1,1,1,1,0.475560
1,1,1,0,0,0,1,0,1,0,1,0,0,0,1,0,1,0,0,1,1,1,1,0,0,0,0,1,1,0,0,1,0.623403
0,0,0,0,1,1,0,0,0,1,0,1,0,1,1,1,0,0,0,1,1,0,1,1,1,0,0,1,0,1,1,1,0.668692
0,0,1,1,1,0,1,0,1,1,1,1,1,0,1,0,1,1,1,0,1,1,0,1,0,0,0,0,0,1,0,0,0.662114
1,0,1,0,0,1,0,1,1,0,1,0,0,1,1,0,0,1,1,0,0,0,0,1,1,0,1,1,0,0,0,1,0.632867
1,0,0,1,0,0,0,0,1,1,1,0,0,0,0,1,1,0,0,0,0,1,0,0,0,0,0,1,0,1,1,0,0.670022
0,1,1,1,1,0,0,0,1,1,0,1,0,1,1,1,1,0,0,0,1,0,1,0,0,1,0,0,1,1,0,0,0.595059
1,1,1,1,1,1,1,0,0,1,1,0,0,0,1,1,1,0,1,0,0,1,0,1,1,0,1,1,0,0,0,1,0.560063
1,0,1,1,0,0,1,0,1,1,0,1,0,1,1,1,0,0,0,1,0,1,1,1,0,0,1,0,0,0,1,0,0.636382
0,0,0,1,0,0,0,0,1,0,1,0,0,0,1,1,1,0,1,0,1,0,0,0,0,1,1,1,0,0,0,1,0.688499
1,1,1,0,1,0,1,0,1,0,0,0,0,0,1,1,0,0,1,0,0,0,0,1,0,1,0,1,1,0,1,1,0.514121
0,0,1,1,0,1,0,1,1,0,1,1,1,0,0,1,1,1,0,0,1,0,0,0,0,0,1,1,1,0,0,1,0.591896
1,1,0,1,1,1,1,0,0,0,0,0,1,1,0,0,1,1,0,0,0,0,0,1,1,0,1,1,1,1,1,1,0.560967
0,1,0,0,1,1,0,0,1,1,0,1,0,1,1,1,1,1,1,0,0,0,1,0,1,0,0,0,1,0,1,1,0.549846
1,0,1,0,0,0,0,0,1,1,1,0,0,1,1,1,1,0,1,1,1,1,0,0,1,0,1,1,1,1,0,1,0.538825
1,1,0,1,1,0,0,1,1,0,1,1,1,0,1,1,1,0,1,0,1,1,0,0,0,0,0,0,1,0,1,1,0.485000
1,1,1,0,0,0,1,1,1,1,1,1,0,1,0,0,0,0,0,0,1,1,1,0,0,1,1,0,0,0,1,0,0.617528
0,0,0,1,1,0,0,1,1,1,1,1,1,0,0,1,1,0,0,1,1,1,0,1,0,1,1,0,0,1,0,0,0.600181
1,1,0,1,1,1,0,1,1,0,0,1,1,1,0,1,0,0,1,1,1,1,0,1,1,0,0,1,0,0,1,0,0.551528
0,0,1,1,1,1,1,1,1,1,1,0,0,0,1,1,1,0,1,1,1,1,0,0,0,0,0,0,0,1,1,1,0.500314
1,0,0,1,1,0,0,0,0,0,0,1,1,1,1,1,1,0,1,0,1,1,0,1,1,0,1,0,1,0,1,0,0.578063
0,0,0,1,0,0,0,0,1,1,1,1,0,1,0,1,1,1,1,1,0,1,0,0,1,0,0,1,0,0,0,0,0.621369
1,1,1,0,0,0,0,1,0,1,1,1,1,0,1,0,1,0,0,0,1,0,0,0,1,0,1,1,1,1,0,1,0.590465
0,1,1,1,1,1,0,0,1,0,0,0,1,0,0,0,0,0,0,0,1,0,0,1,0,0,0,0,1,1,1,0,0.642457
0,0,0,0,0,0,1,0,0,0,0,0,0,1,0,1,0,1,1,0,0,0,1,1,0,0,0,0,0,1,0,1,0.770868
1,1,0,1,0,0,1,0,1,0,1,0,1,0,0,1,1,0,0,1,1,0,0,1,0,1,1,0,0,1,0,1,0.595536
0,0,0,1,1,0,0,0,1,0,1,0,0,0,0,1,0,0,1,1,0,0,0,1,0,1,0,0,0,0,1,0,0.746090
0,0,1,0,1,1,0,0,1,0,0,1,0,1,0,0,0,0,1,0,0,0,0,0,1,1,1,0,1,1,0,0,0.679437
0,1,0,0,1,0,1,1,0,1,0,0,0,0,1,0,0,0,0,0,1,0,0,0,0,0,1,1,0,0,1,0,0.689177
0,1,0,1,0,1,0,0,0,0,1,1,1,1,1,0,0,1,1,1,1,1,0,0,1,0,0,1,1,1,1,0,0.637135
0,1,0,0,1,0,1,1,0,1,1,0,1,1,1,0,1,1,0,1,0,1,1,0,1,0,0,1,1,1,0,0,0.597796
1,0,1,0,1,0,1,0,1,1,1,0,0,1,1,1,0,0,1,0,1,1,0,1,1,0,1,0,0,0,1,1,0.590465
0,0,1,1,0,1,0,1,1,1,0,1,1,0,1,1,0,1,0,1,1,0,1,0,1,1,1,1,1,0,1,0,0.581804
0,1,0,1,0,0,1,0,0,1,1,0,1,1,1,1,1,1,1,1,1,1,0,1,1,1,1,0,0,0,1,0,0.573921
1,1,0,1,0,0,0,1,1,1,0,0,0,1,0,1,1,1,1,0,1,0,0,1,0,1,0,0,1,0,0,0,0.617478
1,0,1,1,0,1,0,1,0,1,0,1,1,0,0,1,0,0,1,0,0,1,1,1,1,0,1,1,1,0,1,0,0.589185
1,0,0,1,1,1,0,1,0,0,1,1,1,1,1,1,1,0,0,0,1,0,0,1,1,0,1,1,1,0,0,1,0.558934
1,0,1,0,1,1,1,1,0,0,0,0,0,0,1,1,1,0,1,1,0,1,1,1,0,1,1,0,0,1,1,0,0.581679
1,1,1,0,0,0,1,1,0,1,1,1,0,1,1,0,1,1,0,0,1,0,1,0,0,0,0,1,1,0,0,1,0.582909
1,0,0,0,1,1,0,1,0,0,1,1,0,1,0,0,0,1,0,0,1,0,1,1,1,0,0,0,0,0,1,1,0.642934
1,1,0,0,1,0,0,0,0,0,1,0,0,0,1,0,1,0,1,1,1,0,1,0,1,0,1,0,1,1,0,0,0.663847
1,0,0,1,1,1,0,1,1,0,0,0,0,1,0,0,0,0,0,1,1,1,1,0,0,1,1,0,1,0,1,0,0.587026
0,0,0,0,0,0,1,1,1,0,1,1,1,1,1,1,1,0,0,0,1,0,1,1,1,1,0,0,1,1,1,0,0.583185
1,0,0,1,0,0,0,0,1,1,0,1,0,1,0,0,1,0,0,0,0,1,0,0,1,0,1,1,1,0,0,1,0.677127
1,1,1,1,1,1,0,0,1,1,0,0,0,0,0,1,0,0,1,1,0,0,1,1,1,1,0,0,0,0,0,1,0.596666
0,0,1,1,1,0,0,0,1,0,1,1,1,0,0,0,1,1,0,1,1,0,0,0,1,1,0,1,0,0,0,1,0.613712
0,0,1,1,0,0,0,0,0,1,0,1,1,0,0,0,1,0,0,1,0,1,1,0,1,0,1,1,0,0,0,1,0.707906
1,0,0,1,0,0,0,1,1,0,1,1,1,0,0,0,0,0,0,0,0,0,0,1,0,1,0,0,1,1,0,1,0.703362
1,0,1,0,1,0,1,1,1,1,1,1,1,1,1,1,0,0,1,1,1,0,1,0,1,1,0,0,1,1,0,0,0.602440
0,1,1,0,0,1,0,1,0,1,1,0,0,0,1,0,1,0,1,1,1,0,0,0,0,0,0,0,0,0,1,1,0.655738
1,1,0,0,1,1,1,1,0,0,1,0,0,1,0,0,1,1,0,1,1,0,1,1,1,1,1,0,1,1,0,1,0.549344
1,1,0,0,1,1,1,1,0,1,1,1,0,1,0,0,1,0,0,0,0,0,1,1,1,1,0,0,0,1,1,1,0.558482
0,0,1,1,0,1,1,0,0,1,1,0,1,1,1,0,1,0,1,1,0,1,0,1,1,0,1,1,1,1,0,1,0.549821
1,1,1,0,1,0,1,0,0,1,1,1,0,1,1,0,0,0,1,0,0,1,0,1,0,1,0,0,1,0,1,1,0.593026
1,0,1,0,0,0,0,0,0,1,1,0,0,0,0,1,0,0,0,0,0,1,0,0,1,0,0,1,1,1,1,1,0.656039
0,0,1,1,0,1,0,0,1,0,1,1,1,0,0,1,0,1,1,1,0,1,0,0,1,0,1,1,0,0,1,0,0.710391
1,0,0,0,0,0,1,0,0,0,1,0,0,1,1,0,1,0,0,1,1,0,1,0,0,0,0,0,1,0,1,1,0.650114
1,0,0,0,1,1,1,0,1,0,1,1,1,1,0,1,0,0,1,0,0,0,1,0,1,1,0,1,0,1,1,1,0.578766
1,0,1,1,0,0,1,1,0,0,0,1,0,1,1,0,0,0,0,0,0,1,0,1,0,1,1,1,1,1,1,1,0.611654
1,1,1,0,0,1,0,0,1,0,0,1,0,1,1,0,0,0,0,1,1,0,0,1,0,1,0,0,1,0,1,1,0.603319
