1,1,1,1,0,0,0,1,0,1,0,1,1,0,0,1,0,1,0,1,0,0,0,0,1,0,0,0,0,0,0,1,0.553229
0,1,1,0,1,1,1,0,1,1,0,1,1,0,1,0,0,0,0,1,0,1,1,1,1,1,0,0,1,0,0,0,0.564418
0,0,0,1,0,0,0,0,1,1,0,1,1,1,0,0,0,0,1,0,1,1,0,0,1,1,0,1,1,0,0,0,0.820652
1,0,1,1,1,0,1,1,1,1,0,1,0,0,1,0,1,0,0,0,1,1,1,1,1,0,0,0,0,1,1,1,0.531543
1,0,1,1,0,0,0,0,0,0,1,0,1,1,1,0,0,1,0,0,1,0,1,0,1,0,1,1,0,1,0,1,0.796755
1,0,1,0,1,0,1,1,1,0,0,1,1,0,1,1,0,0,0,1,1,1,1,0,1,1,1,1,0,1,1,1,0.506181
1,0,1,0,1,0,1,1,0,0,1,1,0,0,1,0,0,1,0,1,0,1,1,0,1,0,1,1,0,1,1,0,0.836770
1,0,1,1,0,0,0,1,0,1,0,0,0,1,0,1,0,0,0,1,0,1,1,1,0,0,0,0,1,1,0,0,0.714088
1,1,0,0,0,0,1,0,1,1,0,0,1,0,0,0,1,0,1,1,1,0,0,0,1,1,1,1,1,1,0,1,0.577046
1,1,0,0,1,1,1,1,0,0,1,0,0,0,0,1,0,0,1,1,1,1,0,1,0,0,1,1,0,1,0,0,0.829284
0,1,1,1,1,0,1,1,0,1,1,1,0,0,1,1,0,1,0,1,1,0,1,1,0,0,0,0,1,1,0,1,0.824169
1,1,0,1,1,0,0,0,0,0,1,1,0,1,1,0,1,1,0,0,1,0,1,0,0,0,1,1,1,1,0,1,0.581628
0,0,1,1,1,0,1,0,1,0,1,1,1,0,0,1,0,0,1,1,1,1,0,0,1,0,1,0,1,1,1,0,0.697224
1,1,0,1,1,1,1,1,0,1,0,1,0,0,1,1,1,0,0,0,1,0,1,1,0,0,0,0,1,0,0,1,0.563832
1,1,1,0,1,1,0,1,0,0,0,0,0,0,0,0,1,0,1,1,0,1,0,1,1,1,1,1,1,1,1,0,0.694613
1,1,1,0,1,0,0,0,0,1,0,1,1,0,0,0,0,0,1,0,0,1,0,0,1,1,1,0,0,1,0,1,0.842844
0,1,1,1,0,0,1,0,0,1,0,0,0,1,0,1,1,0,0,0,0,1,0,1,0,1,1,0,0,1,0,0,0.586584
0,1,1,0,1,0,1,0,1,0,1,1,0,1,0,0,0,0,0,0,0,1,1,0,1,1,0,0,1,0,1,0,0.571824
0,1,1,1,1,0,1,1,1,0,1,0,0,1,0,1,0,1,1,0,0,0,1,1,1,1,1,0,1,1,1,1,0.545476
1,0,0,0,1,1,1,0,1,1,1,0,0,1,1,1,0,0,0,1,1,0,0,1,0,0,0,0,0,0,0,1,0.823689
1,0,1,1,1,1,1,1,0,1,0,1,1,0,1,1,1,1,0,1,0,0,0,1,0,1,0,1,1,1,1,1,0.489637
0,1,1,1,1,1,0,1,1,1,0,0,0,1,0,0,1,1,0,0,0,1,1,1,1,0,0,1,0,0,1,1,0.597906
0,1,0,1,0,1,0,0,0,1,0,1,1,1,0,1,1,0,0,0,1,0,0,1,0,0,1,0,1,0,0,1,0.606618
1,0,0,1,1,0,0,0,1,1,0,1,1,1,0,0,0,0,1,1,0,0,0,0,1,1,0,1,0,1,1,0,0.782555
1,0,1,1,1,1,1,1,1,0,0,0,1,0,0,0,0,0,1,1,1,1,0,0,0,0,1,1,1,1,1,1,0.827552
1,0,1,1,0,0,1,0,1,0,1,0,0,0,0,0,1,1,1,1,0,0,1,1,1,0,0,0,0,0,1,1,0.874947
1,0,1,0,0,1,1,1,0,1,1,0,0,0,1,0,0,1,0,1,1,0,0,1,0,1,0,0,1,0,1,1,0.744832
1,0,0,1,1,0,0,0,1,0,0,0,0,0,1,1,0,1,0,1,0,1,1,0,0,1,0,0,0,1,0,1,0.728607
0,0,1,0,1,0,1,1,1,1,1,0,1,1,1,1,0,0,1,1,0,0,0,0,1,1,1,0,0,0,0,0,0.558424
1,1,0,0,0,1,0,1,0,1,1,1,1,1,1,0,0,0,1,0,1,0,1,1,0,0,1,0,0,1,0,1,0.610161
1,1,0,0,1,1,1,1,0,0,0,1,0,1,1,1,1,0,1,1,0,1,1,1,0,1,0,1,1,0,1,1,0.655424
1,0,1,0,1,1,0,1,0,0,0,1,0,0,1,0,0,0,0,0,0,1,0,0,1,0,1,0,1,0,1,0,0.577419
0,0,1,1,1,1,1,1,1,0,0,0,1,1,0,0,1,0,0,1,1,0,1,0,1,1,0,0,1,0,1,0,0.567775
0,1,1,0,0,0,0,1,0,1,0,0,1,1,0,1,1,1,1,1,1,1,1,0,0,1,1,1,1,1,1,0,0.780451
0,0,1,0,1,0,1,0,0,0,0,1,1,0,0,1,1,1,0,0,1,0,0,1,0,1,1,1,0,0,0,1,0.794118
0,1,1,0,0,1,1,0,0,0,1,1,1,1,1,0,0,0,1,0,0,0,1,0,0,0,1,0,0,0,0,0,0.519634
0,0,1,1,0,1,0,1,0,1,0,0,1,1,1,0,0,1,0,1,0,0,1,1,1,0,1,1,0,1,1,0,0.562553
1,0,0,0,0,1,0,0,0,1,1,0,1,0,1,1,0,0,1,0,0,1,1,1,0,0,0,0,1,1,0,0,0.614583
1,0,0,0,0,0,1,0,0,0,0,0,0,1,1,0,0,0,0,0,0,0,1,1,1,0,1,0,0,1,1,1,0.612266
1,0,1,1,1,1,1,1,1,0,1,1,1,0,1,0,1,1,1,1,1,0,0,1,1,0,0,1,1,1,1,0,0.612798
0,1,0,1,1,1,0,0,0,1,1,0,0,0,0,0,1,0,0,1,1,1,1,0,0,1,0,1,0,0,0,0,0.723812
1,0,0,1,1,0,0,0,0,0,0,1,0,0,1,0,0,0,0,1,0,1,1,0,1,0,1,0,1,1,1,1,0.584585
1,1,0,0,0,0,1,0,1,1,1,1,1,0,1,0,0,1,0,0,1,1,0,0,0,0,0,1,1,1,1,1,0.563139
0,1,1,0,1,1,0,0,1,0,1,0,0,1,1,1,1,0,0,1,1,0,1,1,0,1,0,1,0,0,0,1,0.697810
0,1,0,1,1,1,1,1,0,1,0,0,1,1,0,1,0,1,1,1,0,0,1,0,1,1,1,0,0,1,1,1,0.509671
1,1,1,1,1,1,0,0,1,0,1,1,1,1,0,1,1,0,0,0,1,0,1,0,0,0,1,0,0,0,0,0,0.594549
0,0,1,0,1,1,0,1,0,0,1,1,1,0,1,0,0,1,0,0,0,1,0,1,1,0,1,0,1,1,1,1,0.605525
0,1,0,0,0,0,0,0,1,0,1,0,1,1,0,1,1,1,0,0,0,1,0,0,0,0,1,0,0,0,0,1,0.766544
0,0,0,0,1,1,0,0,0,0,0,1,1,1,1,1,1,0,0,0,0,1,0,1,1,0,1,0,0,0,1,1,0.521046
0,0,0,0,1,0,1,0,1,1,1,1,1,0,0,1,1,1,1,1,0,1,1,1,0,0,1,0,0,0,0,1,0.634271
1,0,1,1,1,1,1,1,0,0,1,1,1,1,1,0,0,1,0,0,0,0,1,1,1,0,1,1,0,1,0,0,0.535459
1,0,0,1,1,0,1,0,1,1,0,0,0,1,0,1,0,0,1,0,0,0,0,1,0,1,0,1,0,0,0,0,0.576646
0,0,1,0,0,0,1,0,1,1,0,0,0,0,1,0,0,0,1,0,1,1,1,0,1,1,1,0,0,1,1,1,0.547474
0,0,1,0,1,0,1,0,0,0,0,1,1,0,0,1,0,1,1,1,1,0,1,1,1,1,1,0,0,1,1,0,0.565164
0,1,1,1,0,1,0,1,0,1,1,0,0,0,1,0,1,1,1,0,1,0,1,0,0,1,1,1,0,1,0,0,0.693388
0,1,1,1,0,0,0,0,0,0,1,1,1,1,1,0,1,1,0,1,1,0,1,1,1,1,0,1,1,1,0,0,0.631127
1,0,0,1,0,1,0,1,1,1,1,0,1,1,0,1,1,1,1,1,1,0,0,0,1,0,1,0,1,1,0,0,0.565484
1,1,1,0,0,1,1,1,0,1,1,0,0,0,0,0,0,0,1,1,1,1,1,0,1,0,1,1,0,0,0,1,0.795743
0,1,0,1,0,1,1,0,1,1,1,1,0,0,0,1,0,0,1,0,0,0,0,0,0,1,1,0,0,1,1,1,0.553415
0,1,1,0,1,1,0,0,1,1,0,1,1,0,1,1,1,1,1,1,1,1,0,1,0,1,1,0,0,0,1,0,0.781969
0,0,0,0,1,1,0,1,0,1,0,1,0,0,0,1,0,0,0,1,0,1,1,0,1,0,1,1,0,0,1,0,0.574009
1,0,0,1,1,0,1,0,1,1,1,1,1,0,1,1,1,0,0,1,0,0,1,0,0,1,1,1,1,0,0,0,0.552003
1,1,1,1,0,0,1,0,1,1,0,1,0,0,1,1,1,0,1,1,0,0,1,1,0,0,0,0,0,0,0,1,0.860854
1,0,1,1,1,0,0,1,0,1,0,0,1,1,1,0,1,1,0,0,0,1,0,0,1,1,1,1,0,0,1,0,0.849824
1,1,1,0,0,1,1,1,0,0,1,0,0,1,0,0,1,0,1,1,0,0,0,0,1,1,0,1,0,0,1,0,0.694134
1,1,0,1,1,1,1,0,1,0,1,1,0,1,0,1,0,1,1,0,1,1,0,0,1,0,1,1,1,0,1,0,0.663816
1,1,1,1,1,0,1,1,1,1,0,1,1,0,0,0,1,0,0,1,0,0,0,1,1,1,1,0,0,1,0,0,0.554268
0,0,0,1,0,1,1,1,1,0,0,0,1,1,1,1,0,1,1,1,1,0,0,0,1,0,1,0,0,0,1,0,0.761829
0,0,1,1,1,1,1,1,1,1,0,1,0,1,0,0,1,1,0,0,0,1,1,0,0,1,0,0,0,1,0,0,0.554668
0,1,0,1,1,0,0,0,1,0,0,1,1,1,1,0,0,0,0,1,1,0,1,0,1,0,0,1,1,0,1,1,0.559809
1,0,1,1,1,1,0,1,1,1,0,0,1,1,0,1,0,1,0,1,0,1,1,1,0,0,1,1,0,0,1,0,0.555653
1,0,1,1,1,1,0,0,1,1,1,0,0,1,0,1,0,1,1,1,1,0,0,1,0,1,0,0,1,1,1,0,0.713422
1,1,1,0,0,0,1,0,0,1,0,1,0,1,0,1,1,1,1,1,1,0,0,0,0,0,0,1,0,0,0,1,0.804801
0,1,0,0,1,0,0,1,1,1,1,0,1,0,0,1,1,1,0,1,1,0,0,1,1,0,0,0,0,0,0,0,0.572917
1,1,0,0,0,0,1,1,0,0,0,1,0,1,0,1,1,0,0,1,1,0,1,1,0,1,1,0,1,0,0,0,0.655930
0,1,1,1,1,0,1,0,1,0,0,0,1,1,1,0,1,0,0,1,1,0,1,0,0,1,0,0,1,1,1,0,0.556905
1,0,0,1,0,0,1,0,0,1,0,0,1,1,0,0,1,0,1,1,0,1,1,1,0,1,0,1,1,0,0,1,0.580962
1,1,1,1,0,0,0,0,0,1,1,0,1,0,1,0,1,0,1,1,1,0,1,1,1,0,0,0,0,1,1,0,0.564791
1,0,0,0,1,1,0,0,0,1,1,1,1,0,0,1,0,1,1,1,0,1,1,0,0,0,0,0,0,1,0,1,0.568281
1,0,0,1,1,1,1,1,1,0,0,1,1,1,1,1,1,1,0,1,1,0,1,0,0,1,0,0,1,0,1,0,0.547608
1,1,0,0,0,0,1,1,0,1,0,1,0,0,0,0,1,0,1,0,0,1,0,0,1,0,1,0,0,0,0,0,0.624627
1,0,1,0,0,1,0,0,0,1,0,1,1,1,0,1,1,1,0,0,1,1,1,1,1,0,1,1,1,0,0,0,0.802776
0,0,0,0,0,1,0,0,0,0,0,1,1,0,0,1,0,0,1,1,1,1,1,0,0,1,1,1,1,1,1,0,0.811248
0,0,0,0,1,0,0,1,1,1,1,1,0,0,0,0,1,1,0,1,0,1,1,0,1,1,0,1,0,0,0,0,0.714408
0,0,1,0,1,0,0,0,0,0,0,0,0,0,0,1,0,1,1,1,0,1,0,1,0,1,1,1,1,1,0,0,0.719389
0,0,0,0,1,1,0,1,0,1,0,0,0,1,1,1,1,1,1,0,1,1,1,0,1,0,0,0,0,1,0,1,0.572810
1,1,1,1,0,1,1,1,0,1,0,1,0,1,1,0,1,1,0,0,0,1,1,0,1,0,0,0,0,1,0,0,0.745205
1,1,0,0,0,0,1,0,1,0,0,1,0,0,1,0,0,1,1,0,1,0,1,1,1,0,0,0,1,1,0,0,0.811061
0,1,1,0,0,1,0,1,1,1,1,0,1,0,0,1,0,0,0,0,0,0,1,0,1,0,1,1,0,1,0,1,0.605659
1,1,1,0,1,1,1,0,0,0,1,0,0,1,1,0,0,0,0,1,1,0,0,0,0,0,0,1,1,1,1,0,0.824515
0,1,0,0,1,0,1,0,1,1,0,0,0,1,1,0,0,1,0,0,0,1,1,0,1,1,0,1,0,0,0,1,0.555786
0,1,1,0,1,0,1,1,0,0,1,1,0,0,1,0,1,1,1,0,1,1,1,1,0,1,0,1,0,0,0,1,0.572650
0,0,0,1,0,0,0,1,0,1,1,0,1,0,0,0,0,1,1,1,0,1,0,1,1,0,1,1,0,1,1,1,0.559010
0,1,1,1,1,0,1,1,1,0,0,1,1,0,0,0,0,0,1,1,1,0,0,0,1,0,1,0,1,1,0,0,0.711317
0,0,0,1,1,1,1,0,0,1,0,1,0,1,0,0,0,1,1,1,0,1,1,0,1,1,1,0,1,1,1,1,0.654438
1,1,0,0,0,0,1,1,1,1,1,0,0,1,1,1,1,1,0,1,0,0,0,1,0,1,0,1,0,0,0,1,0.675085
1,1,0,0,0,0,0,0,0,0,1,0,0,0,0,0,1,0,1,1,1,0,0,1,1,0,0,0,0,0,1,0,0.634831
1,1,1,0,1,1,0,0,1,0,1,1,0,1,0,1,1,0,0,1,0,0,0,1,0,0,0,1,1,0,1,0,0.738518
1,0,0,0,1,1,0,1,1,0,1,1,0,0,1,0,0,0,1,1,1,0,0,1,0,1,1,0,1,1,1,1,0.680786
1,1,1,0,1,1,0,1,0,1,0,1,1,1,1,0,0,0,1,1,1,1,0,1,1,1,0,0,0,0,1,0,0.805094
1,1,0,0,1,1,0,1,0,1,1,0,0,0,1,1,0,0,1,1,1,1,0,1,1,0,1,1,0,1,1,1,0.573423
1,1,0,0,1,1,0,1,0,1,1,0,1,1,0,0,1,0,0,0,1,1,0,0,0,0,1,0,0,0,1,1,0.538230
0,0,0,0,0,0,1,0,1,1,1,0,0,0,0,0,0,1,0,1,1,0,0,1,0,0,1,1,1,1,1,1,0.825288
1,0,1,0,0,0,0,0,0,1,1,0,0,0,0,1,0,1,1,0,1,0,1,1,1,0,1,1,1,0,1,0,0.560662
1,0,0,1,1,1,1,0,0,1,1,0,1,1,0,0,1,1,0,0,0,1,1,1,1,0,1,0,1,1,0,1,0.534553
0,0,1,0,1,1,1,0,0,0,1,1,0,1,1,1,0,0,0,0,1,0,0,0,1,0,0,1,0,0,1,1,0.796622
1,0,1,1,0,1,0,0,1,1,0,0,0,0,0,0,0,0,0,1,0,0,0,1,0,0,0,1,0,1,0,0,0.642743
1,1,0,1,1,1,1,1,0,0,1,0,1,1,1,1,0,0,0,0,0,1,1,0,0,1,0,0,1,1,0,0,0.736466
1,1,1,1,0,0,0,1,1,1,1,0,0,1,1,0,1,0,1,1,0,0,0,1,1,0,0,0,1,1,0,1,0.621776
1,1,0,0,1,1,1,1,0,0,1,0,1,0,1,1,0,1,1,0,1,0,0,0,1,1,1,1,0,0,1,1,0.602035
1,1,1,1,1,0,1,1,0,0,0,1,1,1,0,1,1,1,0,0,1,1,1,0,1,1,1,0,1,1,0,1,0.608509
1,1,0,1,1,1,1,1,0,1,0,0,0,1,1,0,1,0,0,1,1,1,0,1,0,1,0,0,1,0,0,1,0.735774
0,1,0,1,1,0,0,0,0,1,1,0,1,0,1,0,1,0,1,0,0,0,1,1,1,1,1,1,0,1,1,1,0.807145
0,0,1,1,1,0,1,0,1,0,1,1,0,1,0,0,0,1,0,0,1,1,0,0,0,0,1,1,1,1,1,0,0.639999
0,0,0,0,1,0,1,1,1,1,1,1,0,1,0,1,1,1,1,0,1,0,1,1,0,1,0,1,1,1,1,1,0.524030
1,1,1,1,0,0,0,1,0,0,1,0,1,0,1,0,1,1,0,0,0,0,0,1,1,1,0,0,1,1,0,0,0.814312
1,0,0,1,0,0,0,1,0,0,1,0,1,0,1,1,1,1,1,1,0,1,1,1,0,1,1,0,1,0,0,0,0.788683
1,0,0,0,1,0,0,1,0,0,1,0,1,0,1,1,1,1,0,0,0,1,1,0,1,1,0,1,0,1,1,1,0.820546
0,0,1,0,1,0,0,0,1,1,0,0,0,1,0,1,1,0,0,0,1,0,0,0,0,1,0,1,1,1,1,1,0.761003
0,0,0,0,1,0,0,0,0,1,1,0,1,1,1,1,0,0,0,1,1,1,0,1,0,1,0,0,0,0,0,1,0.797981
0,0,0,0,1,1,0,0,0,1,0,0,1,1,1,1,0,1,1,1,1,0,1,0,0,0,0,0,0,1,0,1,0.543878
0,0,1,1,0,0,1,1,0,0,1,1,0,1,1,1,1,1,1,1,1,1,0,0,0,1,1,0,1,0,0,1,0.744698
1,1,0,1,0,1,0,1,0,0,0,1,0,0,1,0,0,0,0,0,0,0,0,1,1,0,1,0,0,0,1,1,0.564818
1,1,1,0,0,0,1,1,1,1,0,1,1,1,1,0,0,1,1,1,0,1,0,0,0,0,1,0,0,1,0,1,0.613917
0,0,0,0,1,0,1,1,1,1,1,0,0,1,0,0,1,1,0,1,0,0,0,1,0,0,1,0,1,0,0,1,0.805653
1,1,0,0,1,1,0,1,1,0,0,1,0,1,1,1,1,0,0,0,1,1,0,0,0,0,1,0,0,1,0,1,0.555094
1,0,0,1,0,1,0,1,1,1,1,1,1,0,0,1,1,1,0,0,0,0,1,1,1,0,1,0,1,1,0,1,0.720721
0,0,1,1,0,0,0,0,1,1,0,1,1,1,0,1,0,1,0,1,0,1,0,0,0,0,1,0,0,0,1,0,0.569880
