0,0,1,1,1,1,1,0,0,1,1,1,1,0,0,0,1,0,1,1,1,1,0,0,0,0,1,1,1,0,1,0,0.670993
1,1,0,1,1,0,1,0,1,0,0,0,1,0,0,1,0,1,0,0,0,1,1,0,0,1,0,0,1,0,0,1,0.652089
1,0,0,1,0,0,0,0,1,0,0,0,1,1,0,1,0,1,0,0,1,1,0,1,0,1,1,0,1,0,1,0,0.642924
0,1,1,0,1,1,1,0,0,0,1,0,1,1,0,1,1,1,0,0,0,0,0,0,1,0,0,0,0,1,1,0,0.621441
1,0,0,0,0,1,0,0,1,0,1,1,1,1,0,1,1,0,1,0,0,1,0,0,0,1,1,1,0,0,0,0,0.667498
1,1,0,1,0,0,0,1,0,1,0,0,0,0,1,0,0,1,0,1,1,0,1,1,0,0,1,0,0,1,0,1,0.638619
1,0,1,0,0,1,1,0,1,1,0,0,1,0,0,1,0,0,0,0,1,1,1,1,0,0,1,1,1,1,0,1,0.647229
0,0,0,0,0,1,1,0,0,1,0,1,0,0,0,0,0,0,1,1,0,0,1,1,0,1,0,0,1,0,1,0,0.566496
1,1,1,1,0,1,0,0,0,0,0,1,1,0,1,0,0,1,0,1,0,1,0,1,1,1,1,0,1,1,0,0,0.682587
1,1,0,0,0,1,0,1,1,1,1,0,1,0,0,1,1,0,0,0,1,0,1,0,1,0,1,0,0,1,0,1,0.662468
0,0,1,0,1,0,1,0,0,1,1,1,0,0,0,0,0,1,0,1,1,1,0,0,1,1,0,1,0,0,1,0,0.648274
1,0,1,0,0,1,0,1,1,1,1,0,1,0,1,0,0,0,0,0,0,1,1,1,1,1,1,1,1,0,0,1,0.706586
0,0,1,1,1,1,1,0,1,0,0,0,0,0,0,1,1,1,0,0,0,1,1,0,0,1,0,1,1,1,1,1,0.637532
0,0,0,0,0,1,0,1,0,1,0,1,1,0,1,0,1,1,1,0,1,1,1,1,0,0,0,0,1,0,1,0,0.645290
1,0,0,1,1,1,0,0,0,0,1,0,0,0,1,0,1,1,0,1,1,0,1,0,1,0,0,1,0,0,1,1,0.657566
1,1,1,0,0,0,0,0,0,1,1,1,0,0,0,1,0,1,1,0,0,0,1,0,1,1,0,0,0,0,0,1,0.675021
1,1,0,1,1,1,1,1,1,1,1,1,1,1,0,0,1,0,0,0,0,0,1,0,1,0,0,0,0,0,1,1,0.670759
0,1,0,0,1,0,0,0,0,1,1,1,0,0,0,1,1,1,0,1,0,0,0,1,1,1,0,0,1,0,0,1,0.666027
1,0,1,0,1,0,1,0,1,0,0,0,0,0,0,0,0,0,1,1,1,0,0,1,1,1,1,1,0,0,0,1,0.690132
1,1,1,1,0,0,1,0,1,0,0,1,1,0,0,1,1,1,1,0,0,0,0,0,0,0,0,0,0,0,0,0,0.802664
1,0,0,0,1,1,0,1,1,1,1,0,0,1,1,0,1,0,1,1,1,0,1,0,1,0,0,1,0,1,0,0,0.677387
1,0,1,1,1,0,1,1,0,1,1,0,0,0,0,1,1,1,0,1,1,1,0,1,0,1,0,1,0,1,0,1,0.645716
1,1,1,1,0,0,1,1,0,1,1,1,0,1,0,1,0,0,0,0,0,0,1,0,0,0,1,1,1,1,1,0,0.688321
0,0,0,1,1,1,1,1,1,1,0,1,0,1,1,0,1,0,0,1,0,0,1,0,1,0,1,0,1,0,1,0,0.619459
1,1,1,1,1,1,0,1,0,1,0,0,0,1,0,1,0,0,1,0,0,1,0,1,0,1,0,1,1,0,1,0,0.699339
0,0,1,1,0,1,1,0,1,1,0,1,1,0,1,0,0,1,1,1,0,1,0,1,1,0,1,0,0,0,1,1,0.643500
1,1,1,1,0,0,1,1,1,0,1,0,1,1,1,0,1,1,0,1,0,1,0,1,1,0,0,1,0,1,0,0,0.646441
1,1,0,0,1,1,0,1,0,0,1,0,1,1,1,1,0,0,1,0,1,1,0,1,0,1,1,0,0,0,1,1,0.625682
0,1,1,0,1,1,1,1,0,1,0,1,0,1,1,1,0,1,1,0,0,1,0,1,0,1,0,1,0,1,1,1,0.623785
1,0,0,0,0,0,1,0,0,1,0,0,1,0,0,1,0,1,1,0,1,1,1,0,1,1,1,0,0,0,1,1,0.654710
1,0,1,1,0,1,0,1,0,0,0,1,1,1,1,0,0,0,1,0,0,1,1,0,0,0,1,1,1,1,0,1,0.678858
1,0,1,0,1,0,1,0,1,1,0,0,1,0,1,1,0,0,1,1,1,0,1,0,1,0,0,0,0,1,0,1,0.639940
1,1,1,1,0,0,1,0,0,1,0,1,1,1,1,0,1,1,0,0,0,1,0,1,1,0,0,0,1,0,0,1,0.680413
0,0,0,1,1,0,0,1,1,1,1,0,1,0,0,1,1,1,0,0,0,1,0,0,0,0,0,1,0,1,1,1,0.637809
0,0,1,0,0,1,1,1,0,0,0,1,0,0,0,0,0,1,0,0,0,0,0,1,0,0,0,0,0,1,0,0,0.657864
0,1,1,1,0,0,0,1,0,1,0,0,1,1,0,1,0,1,1,1,1,0,0,1,0,0,0,0,0,0,0,1,0.654582
1,0,0,0,0,0,1,0,0,1,0,1,0,1,0,1,0,1,1,1,1,0,0,0,0,0,0,1,0,1,1,0,0.670205
1,1,0,1,1,1,0,1,1,1,1,1,1,1,0,0,1,1,0,0,1,0,0,0,1,0,0,0,1,0,0,0,0.658824
1,0,1,0,1,1,1,1,1,0,1,1,0,1,0,0,1,1,1,0,0,0,1,1,1,1,0,0,1,1,0,1,0.642242
1,0,0,1,1,1,1,0,0,0,0,0,0,1,0,0,0,1,0,1,1,0,1,0,0,1,1,0,0,0,0,1,0.635848
0,0,0,1,0,0,1,0,1,0,0,0,0,1,1,0,0,0,1,1,1,0,0,1,1,1,1,0,0,0,1,1,0.686275
0,0,1,1,1,0,0,1,1,0,0,0,0,0,1,1,0,0,0,1,0,1,1,1,1,0,1,0,1,1,1,1,0.528026
0,0,1,0,0,0,0,1,0,0,0,0,1,1,0,0,1,1,0,0,0,0,0,1,0,0,1,0,0,1,1,0,0.653410
1,1,1,1,0,1,0,0,1,1,0,0,0,0,0,0,1,0,0,0,1,0,1,1,0,0,1,1,1,0,0,1,0.659101
1,0,0,0,0,0,0,1,0,0,1,1,0,1,1,1,0,1,1,1,1,0,1,1,1,0,1,1,1,0,0,1,0.652217
0,1,0,1,0,1,1,1,0,0,1,1,1,1,0,0,1,1,0,0,0,1,1,0,0,1,1,1,0,0,1,1,0.645396
1,0,1,0,1,0,1,1,1,0,1,0,0,0,0,0,0,1,0,1,0,1,1,0,1,1,1,0,0,1,0,1,0.646462
1,1,1,1,1,1,1,0,1,0,0,0,0,0,1,0,1,0,1,1,0,0,1,0,1,1,0,0,0,0,1,1,0.678090
1,0,0,1,0,1,0,0,1,1,0,0,0,0,0,0,0,1,0,0,1,1,1,1,1,1,1,0,1,1,1,0,0.651236
1,1,0,1,1,0,1,0,0,1,0,0,0,1,1,1,1,1,1,1,0,0,0,1,0,1,0,0,1,1,1,0,0.695055
1,1,0,0,1,1,1,0,0,1,0,1,1,1,1,0,1,1,0,0,0,0,0,0,0,0,1,1,1,1,0,1,0.632843
0,1,0,0,0,0,0,0,0,1,0,1,1,1,1,0,0,0,1,0,1,1,0,0,0,1,0,1,1,1,1,0,0.615580
0,1,1,0,1,0,1,1,0,0,0,1,0,0,0,1,1,0,0,0,0,0,1,0,0,1,0,0,1,0,0,0,0.684165
1,1,0,0,1,0,0,0,1,0,1,1,0,0,1,0,1,0,1,0,1,0,0,0,1,1,1,1,0,0,1,0,0.667072
1,0,0,0,1,0,1,1,0,0,0,0,1,1,1,0,0,1,1,0,1,1,0,1,0,0,0,1,1,1,1,1,0.508951
0,1,0,0,1,1,0,0,1,0,0,1,0,0,1,1,0,1,0,1,0,1,1,0,1,1,0,0,1,1,1,1,0.653751
0,1,0,0,1,0,1,0,0,1,0,0,0,0,0,1,0,1,1,1,1,1,0,0,1,0,0,0,1,0,1,1,0.662937
0,1,0,1,0,0,1,0,0,1,1,0,1,0,1,0,0,1,1,1,0,0,0,1,0,1,0,1,0,0,0,1,0.723316
1,1,1,0,1,0,0,0,0,0,0,0,1,1,0,1,0,0,1,0,1,0,0,1,1,0,1,1,1,0,1,0,0.667327
0,1,1,0,1,1,1,1,1,1,0,0,0,1,0,0,1,0,1,0,1,0,1,0,1,1,0,1,0,0,0,1,0.675533
0,1,0,1,0,0,1,0,1,0,0,1,1,0,1,0,1,1,1,1,0,1,1,1,0,0,1,1,1,1,1,1,0.581991
0,0,0,1,0,1,0,1,0,0,0,0,0,1,0,1,0,0,1,0,1,1,1,0,0,0,1,1,1,1,1,1,0.638598
0,0,1,0,0,0,0,1,0,0,0,0,1,1,0,1,0,0,0,1,0,1,0,1,1,0,0,1,1,0,1,1,0.638363
0,1,1,0,1,0,0,1,0,1,0,1,1,0,1,0,0,0,1,0,1,0,1,0,1,1,0,1,0,1,0,1,0.651556
1,0,1,1,0,1,0,0,1,1,0,1,1,1,1,1,1,1,0,0,1,1,0,0,0,1,1,0,1,1,1,1,0.635166
1,1,1,0,0,1,0,1,1,1,0,1,0,0,0,1,1,1,1,0,0,0,0,1,1,0,1,0,0,0,1,1,0.664450
1,1,0,0,0,0,1,1,1,1,0,1,0,1,0,0,0,1,0,0,0,0,1,0,0,1,0,0,0,0,1,0,0.699851
1,1,1,0,1,0,0,1,1,1,0,1,0,1,1,1,1,1,0,1,1,1,0,1,0,0,0,0,1,1,1,1,0.492860
1,1,0,0,0,0,1,0,1,0,1,0,1,0,0,1,0,0,1,0,0,1,0,1,0,0,0,0,1,1,1,1,0.671462
0,1,1,1,1,0,0,0,0,0,0,1,1,1,0,0,0,0,1,1,0,0,1,0,0,1,0,1,0,0,1,1,0.727664
0,1,0,1,0,0,0,1,1,0,0,1,0,1,0,0,1,1,0,1,1,1,1,1,1,0,0,1,0,0,1,1,0.654859
0,1,0,1,1,1,1,0,0,0,0,1,0,0,1,1,1,1,0,1,0,1,1,1,1,0,1,0,0,0,1,1,0.648380
0,0,1,1,1,1,0,1,1,0,0,1,0,1,0,0,0,1,0,1,1,1,1,0,1,0,1,0,1,0,1,0,0.643414
0,1,1,0,1,0,0,1,1,0,1,0,1,1,0,0,1,0,1,0,0,1,0,1,0,0,0,1,0,0,1,1,0.744991
1,0,0,0,0,0,0,0,0,1,0,0,1,1,1,0,1,0,1,0,0,1,1,1,0,0,1,1,1,1,1,0,0.690367
1,0,1,1,0,1,1,0,0,0,1,0,1,1,0,1,1,0,0,0,0,1,1,0,1,0,0,1,0,0,0,0,0.669757
0,0,1,1,1,0,1,1,0,1,1,0,0,0,0,1,1,0,0,1,0,1,0,0,1,1,1,0,1,0,0,0,0.675874
1,1,0,0,1,0,0,1,0,0,0,0,1,1,1,1,0,0,1,1,1,0,1,0,1,1,0,0,1,0,0,0,0.633056
1,0,1,1,0,0,0,0,0,1,0,1,0,1,1,1,0,0,1,1,1,1,1,1,0,0,0,0,0,0,0,1,0.667072
0,1,1,0,1,1,0,1,0,1,1,0,0,1,1,1,1,1,1,1,1,1,0,0,1,1,1,1,0,1,0,0,0.624467
0,1,1,1,1,0,0,0,1,0,1,1,1,1,1,1,1,1,0,0,0,1,0,1,0,1,0,0,0,0,1,0,0.678176
1,0,0,0,0,1,1,1,1,0,1,1,1,1,1,0,1,0,1,0,0,1,1,1,1,0,0,0,1,1,0,1,0.546355
1,0,0,1,0,0,0,1,1,1,1,0,1,0,1,0,0,0,0,1,1,1,1,0,1,0,1,1,0,0,1,0,0.655030
0,0,1,1,1,0,0,0,1,1,1,0,1,1,0,1,0,1,0,1,1,0,1,0,0,1,0,0,1,0,1,0,0.657012
0,0,1,0,1,1,1,1,0,1,1,0,1,1,1,1,0,0,1,1,1,1,1,1,1,1,1,1,1,1,0,1,0.588001
1,1,1,1,0,0,0,0,0,0,1,1,0,0,0,0,1,1,0,0,1,0,0,0,1,1,1,1,0,0,1,0,0.655648
1,1,1,1,0,0,0,1,1,1,1,0,1,1,1,0,0,1,1,0,1,0,1,1,0,1,0,0,0,0,0,0,0.665026
0,1,1,0,1,1,1,0,1,1,1,1,1,1,0,1,1,1,0,1,1,1,1,1,0,0,1,1,1,1,1,0,0.652707
1,1,1,0,1,1,1,0,0,1,1,0,1,1,0,1,1,0,0,0,0,1,1,0,0,0,0,1,1,0,1,0,0.631586
0,1,1,1,0,1,0,0,1,0,1,1,0,0,0,0,0,1,0,0,1,0,0,0,0,0,1,1,0,0,0,1,0.686488
1,0,0,0,1,1,0,1,1,1,0,1,1,1,0,0,0,1,0,0,0,1,0,0,1,0,1,1,0,1,0,0,0.596377
1,0,0,1,1,0,1,1,1,1,0,0,1,1,0,0,0,1,1,1,1,1,0,0,0,1,1,1,1,1,0,0,0.650874
0,0,0,0,1,0,1,0,1,1,0,1,1,0,1,1,1,1,1,1,1,0,1,0,0,1,0,1,0,0,0,1,0.713811
1,1,1,1,1,1,1,1,0,1,1,1,1,0,1,1,1,0,1,0,1,1,0,1,0,0,1,1,1,0,0,0,0.660550
0,1,0,1,0,0,1,0,0,0,1,1,0,0,1,1,1,1,0,1,0,1,0,0,1,0,1,1,1,1,1,1,0.656777
0,0,0,0,1,0,1,1,0,0,0,0,0,1,1,0,1,0,0,0,0,0,0,0,1,1,0,0,0,0,0,1,0.678453
1,1,0,0,0,0,0,1,1,1,1,1,0,1,1,1,0,0,1,1,0,0,1,0,0,1,0,0,1,0,1,0,0.670396
1,1,1,1,0,1,0,0,1,1,1,1,1,1,1,0,1,0,1,0,1,1,1,1,0,0,0,1,1,0,0,0,0.698828
0,0,0,0,1,0,1,0,0,1,0,1,1,0,0,0,1,1,0,0,1,1,0,1,1,0,1,0,1,1,0,0,0.801705
1,1,1,1,0,0,1,0,1,1,0,1,1,1,0,0,1,0,1,0,1,0,1,0,1,1,0,1,1,1,1,0,0.685784
0,1,0,0,0,1,0,1,1,0,1,0,0,1,1,0,1,0,1,0,1,1,1,1,1,1,0,0,0,0,0,1,0.654177
1,0,1,1,1,0,1,0,0,0,1,0,1,0,1,0,0,0,0,1,0,1,0,1,0,0,1,0,0,1,1,1,0.655818
0,0,1,0,1,1,1,1,0,0,0,0,0,1,1,0,1,0,0,0,1,0,1,0,0,1,0,1,0,0,1,1,0.655413
0,0,1,1,1,1,1,0,1,1,1,0,1,0,1,1,0,1,1,1,0,1,0,1,1,1,1,0,0,0,0,0,0.662468
0,1,0,0,1,1,0,1,1,1,0,1,1,1,0,1,0,0,1,0,0,1,0,1,0,0,1,0,1,0,0,0,0.650426
1,1,1,1,0,1,1,1,1,1,1,0,1,1,1,0,1,1,0,0,1,1,1,1,0,0,1,1,1,0,1,1,0.588619
1,0,1,0,0,1,1,0,1,1,1,1,0,0,1,0,1,0,1,1,0,1,1,1,1,1,1,0,0,1,0,1,0.634143
0,1,0,1,0,0,1,0,1,1,1,1,0,1,0,0,1,0,0,1,1,0,0,0,1,1,1,1,0,0,0,1,0.663065
0,0,0,0,0,0,0,0,1,1,0,1,1,1,1,1,0,0,0,0,1,0,0,0,0,0,1,1,1,1,1,1,0.703879
1,0,0,0,1,0,0,0,0,0,1,1,1,1,1,0,1,0,0,0,0,1,1,1,0,0,1,1,1,1,1,1,0.665644
0,1,1,1,1,1,0,1,0,0,0,1,1,0,0,0,1,0,1,1,1,1,0,0,1,0,1,1,0,1,0,0,0.637788
0,1,1,1,1,1,1,0,1,1,0,1,1,1,0,0,1,1,0,0,1,0,0,0,1,1,1,1,1,1,1,0,0.677174
0,0,0,1,0,0,1,1,1,0,1,0,1,0,0,0,0,0,0,0,0,1,0,1,1,0,1,0,0,0,0,1,0.661317
1,0,1,1,1,1,0,1,0,1,1,0,0,1,0,1,1,0,1,0,0,1,0,0,1,0,0,1,1,1,1,1,0.639791
0,0,0,0,1,1,0,0,0,1,1,1,0,0,1,1,1,0,0,1,1,1,1,0,0,1,1,0,1,1,1,1,0.714344
0,1,0,0,1,1,0,1,1,1,1,0,0,0,1,0,0,0,0,0,1,0,0,1,1,1,1,0,0,0,0,1,0.672698
0,0,1,1,0,1,0,0,1,0,0,0,1,0,1,0,1,1,0,1,1,0,0,0,1,0,0,1,1,0,1,1,0.673998
1,0,1,1,1,1,1,1,1,1,0,0,0,0,1,0,0,0,0,0,1,1,0,0,0,1,1,0,0,0,0,0,0.657715
0,1,1,1,0,0,1,0,0,0,1,0,0,1,0,1,1,1,0,0,0,1,1,0,1,1,1,0,0,0,0,0,0.665345
1,0,0,1,1,1,0,1,1,0,1,1,0,0,0,0,1,0,0,0,0,1,1,1,0,1,1,0,1,1,1,0,0.573252
1,1,1,0,0,0,0,0,0,0,1,1,1,1,1,1,0,0,1,0,1,0,0,0,0,0,0,1,1,1,1,0,0.646142
1,0,0,1,1,1,1,1,0,1,1,0,1,1,0,1,1,1,1,1,0,1,0,0,0,0,1,0,0,0,1,1,0.653581
1,0,1,0,1,0,0,0,1,1,0,1,1,0,0,1,1,1,0,0,1,1,1,0,0,0,1,0,1,1,1,0,0.645801
1,1,1,1,1,0,0,0,0,1,1,0,1,0,1,1,0,0,0,1,1,1,0,1,1,0,1,1,1,0,0,0,0.624446
1,0,1,0,1,1,1,1,0,0,1,0,1,1,1,1,1,1,0,0,1,1,0,1,1,0,1,0,0,1,1,0,0.603410
0,1,1,1,0,1,1,0,1,0,0,1,0,0,1,0,1,0,1,0,0,1,1,1,0,0,0,1,0,1,0,0,0.660955
0,0,0,0,1,1,0,0,0,0,1,1,0,1,0,0,0,1,1,1,1,1,0,0,0,0,0,0,1,1,1,1,0.584015
1,1,0,0,1,0,1,1,0,0,0,0,1,0,0,0,0,1,0,1,0,0,0,0,1,0,0,1,0,0,1,1,0.688981
