0,1,0,0,1,1,0,1,1,1,1,0,0,0,1,0,0,0,0,0,1,0,0,1,1,1,1,0,0,0,0,1,0.673140
1,1,1,1,0,0,1,1,1,0,1,0,1,1,1,0,1,1,0,1,0,1,0,1,1,0,0,1,0,1,0,0,0.648497
1,1,0,1,1,0,1,0,1,0,0,0,1,0,0,1,0,1,0,0,0,1,1,0,0,1,0,0,1,0,0,1,0.650309
1,1,0,0,1,0,1,1,0,0,0,0,1,0,0,0,0,1,0,1,0,0,0,0,1,0,0,1,0,0,1,1,0.687660
0,0,1,1,1,1,1,0,1,1,1,0,1,0,1,1,0,1,1,1,0,1,0,1,1,1,1,0,0,0,0,0,0.662591
1,1,0,0,1,0,0,0,1,0,1,1,0,0,1,0,1,0,1,0,1,0,0,0,1,1,1,1,0,0,1,0,0.665761
0,1,1,0,1,0,1,1,0,0,0,1,0,0,0,1,1,0,0,0,0,0,1,0,0,1,0,0,1,0,0,0,0.685422
0,1,0,0,1,1,0,0,1,0,0,1,0,0,1,1,0,1,0,1,0,1,1,0,1,1,0,0,1,1,1,1,0.653559
0,1,1,0,1,1,1,0,1,1,1,1,1,1,0,1,1,1,0,1,1,1,1,1,0,0,1,1,1,1,1,0,0.654119
1,1,0,1,1,0,1,0,0,1,0,0,0,1,1,1,1,1,1,1,0,0,0,1,0,1,0,0,1,1,1,0,0.695652
0,0,0,0,1,0,1,1,0,0,0,0,0,1,1,0,1,0,0,0,0,0,0,0,1,1,0,0,0,0,0,1,0.678868
1,1,1,0,1,1,1,0,0,1,1,0,1,1,0,1,1,0,0,0,0,1,1,0,0,0,0,1,1,0,1,0,0.629982
0,1,0,1,0,0,1,0,0,1,1,0,1,0,1,0,0,1,1,1,0,0,0,1,0,1,0,1,0,0,0,1,0.719975
1,0,1,1,1,1,1,1,1,1,0,0,0,0,1,0,0,0,0,0,1,1,0,0,0,1,1,0,0,0,0,0,0.660033
0,1,1,0,1,1,0,1,0,1,1,0,0,1,1,1,1,1,1,1,1,1,0,0,1,1,1,1,0,1,0,0,0.624547
0,1,0,1,0,0,1,0,1,1,1,1,0,1,0,0,1,0,0,1,1,0,0,0,1,1,1,1,0,0,0,1,0.662777
1,1,1,1,1,1,1,0,1,0,0,0,0,0,1,0,1,0,1,1,0,0,1,0,1,1,0,0,0,0,1,1,0.678042
0,1,0,1,0,0,1,0,0,0,1,1,0,0,1,1,1,1,0,1,0,1,0,0,1,0,1,1,1,1,1,1,0.654119
0,1,1,1,1,0,0,0,1,0,1,1,1,1,1,1,1,1,0,0,0,1,0,1,0,1,0,0,0,0,1,0,0.678096
1,1,1,1,0,1,0,0,1,1,0,0,0,0,0,0,1,0,0,0,1,0,1,1,0,0,1,1,1,0,0,1,0.661605
1,0,1,0,0,1,1,0,1,1,0,0,1,0,0,1,0,0,0,0,1,1,1,1,0,0,1,1,1,1,0,1,0.650709
1,1,0,1,1,1,1,1,1,1,1,1,1,1,0,0,1,0,0,0,0,0,1,0,1,0,0,0,0,0,1,1,0.671755
1,0,0,1,1,0,1,1,1,1,0,0,1,1,0,0,0,1,1,1,1,1,0,0,0,1,1,1,1,1,0,0,0.652520
1,0,1,0,1,0,1,0,1,0,0,0,0,0,0,0,0,0,1,1,1,0,0,1,1,1,1,1,0,0,0,1,0.687180
0,1,0,1,0,1,1,1,0,0,1,1,1,1,0,0,1,1,0,0,0,1,1,0,0,1,1,1,0,0,1,1,0.644661
0,0,0,1,0,0,1,0,1,0,0,0,0,1,1,0,0,0,1,1,1,0,0,1,1,1,1,0,0,0,1,1,0.686061
1,0,0,0,1,1,0,1,1,1,1,0,0,1,1,0,1,0,1,1,1,0,1,0,1,0,0,1,0,1,0,0,0.675805
1,1,0,1,1,1,0,1,1,1,1,1,1,1,0,0,1,1,0,0,1,0,0,0,1,0,0,0,1,0,0,0,0.660779
1,0,1,1,1,0,1,0,0,0,1,0,1,0,1,0,0,0,0,1,0,1,0,1,0,0,1,0,0,1,1,1,0.654518
0,1,1,0,1,0,0,1,0,1,0,1,1,0,1,0,0,0,1,0,1,0,1,0,1,1,0,1,0,1,0,1,0.654385
0,1,1,1,0,0,1,0,0,0,1,0,0,1,0,1,1,1,0,0,0,1,1,0,1,1,1,0,0,0,0,0,0.664029
0,1,0,0,0,1,0,1,1,0,1,0,0,1,1,0,1,0,1,0,1,1,1,1,1,1,0,0,0,0,0,1,0.655104
1,0,1,0,1,1,1,1,1,0,1,1,0,1,0,0,1,1,1,0,0,0,1,1,1,1,0,0,1,1,0,1,0.642477
1,1,0,0,1,0,0,1,0,0,0,0,1,1,1,1,0,0,1,1,1,0,1,0,1,1,0,0,1,0,0,0,0.635150
1,0,0,1,1,1,0,0,0,0,1,0,0,0,1,0,1,1,0,1,1,0,1,0,1,0,0,1,0,0,1,1,0.655824
1,0,0,1,1,1,1,1,0,1,1,0,1,1,0,1,1,1,1,1,0,1,0,0,0,0,1,0,0,0,1,1,0.652360
1,1,1,1,0,0,0,0,0,0,1,1,0,0,0,0,1,1,0,0,1,0,0,0,1,1,1,1,0,0,1,0,0.656330
0,0,0,0,1,1,0,0,0,0,1,1,0,1,0,0,0,1,1,1,1,1,0,0,0,0,0,0,1,1,1,1,0.585065
1,1,0,0,0,0,1,0,1,0,1,0,1,0,0,1,0,0,1,0,0,1,0,1,0,0,0,0,1,1,1,1,0.671462
0,0,1,0,0,0,0,1,0,0,0,0,1,1,0,0,1,1,0,0,0,0,0,1,0,0,1,0,0,1,1,0,0.652467
0,0,0,1,0,1,0,1,0,0,0,0,0,1,0,1,0,0,1,0,1,1,1,0,0,0,1,1,1,1,1,1,0.639839
1,0,1,1,1,1,0,1,0,1,1,0,0,1,0,1,1,0,1,0,0,1,0,0,1,0,0,1,1,1,1,1,0.639253
0,0,1,1,0,1,1,0,1,1,0,1,1,0,1,0,0,1,1,1,0,1,0,1,1,0,1,0,0,0,1,1,0.644475
0,1,1,1,0,1,1,0,1,0,0,1,0,0,1,0,1,0,1,0,0,1,1,1,0,0,0,1,0,1,0,0,0.662724
1,1,1,0,1,0,0,0,0,0,0,0,1,1,0,1,0,0,1,0,1,0,0,1,1,0,1,1,1,0,1,0,0.666960
0,1,0,0,1,0,1,0,0,1,0,0,0,0,0,1,0,1,1,1,1,1,0,0,1,0,0,0,1,0,1,1,0.662324
1,0,1,0,0,1,1,0,1,1,1,1,0,0,1,0,1,0,1,1,0,1,1,1,1,1,1,0,0,1,0,1,0.635470
1,1,0,0,1,1,1,0,0,1,0,1,1,1,1,0,1,1,0,0,0,0,0,0,0,0,1,1,1,1,0,1,0.634697
0,0,1,1,1,0,0,0,1,1,1,0,1,1,0,1,0,1,0,1,1,0,1,0,0,1,0,0,1,0,1,0,0.658328
1,1,1,1,0,1,0,0,1,1,1,1,1,1,1,0,1,0,1,0,1,1,1,1,0,0,0,1,1,0,0,0,0.701007
0,0,1,0,1,0,1,0,0,1,1,1,0,0,0,0,0,1,0,1,1,1,0,0,1,1,0,1,0,0,1,0,0.646286
0,0,0,1,0,0,1,1,1,0,1,0,1,0,0,0,0,0,0,0,0,1,0,1,1,0,1,0,0,0,0,1,0.663017
1,0,0,0,0,1,1,1,1,0,1,1,1,1,1,0,1,0,1,0,0,1,1,1,1,0,0,0,1,1,0,1,0.547101
0,0,0,0,0,1,1,0,0,1,0,1,0,0,0,0,0,0,1,1,0,0,1,1,0,1,0,0,1,0,1,0,0.565324
0,0,1,1,1,1,1,0,1,0,0,0,0,0,0,1,1,1,0,0,0,1,1,0,0,1,0,1,1,1,1,1,0.635896
1,0,0,1,0,0,0,1,1,1,1,0,1,0,1,0,0,0,0,1,1,1,1,0,1,0,1,1,0,0,1,0,0.655904
1,0,0,1,1,1,0,1,1,0,1,1,0,0,0,0,1,0,0,0,0,1,1,1,0,1,1,0,1,1,1,0,0.574302
1,1,1,1,1,0,0,0,0,1,1,0,1,0,1,1,0,0,0,1,1,1,0,1,1,0,1,1,1,0,0,0,0.622576
1,0,1,1,0,1,0,1,0,0,0,1,1,1,1,0,0,0,1,0,0,1,1,0,0,0,1,1,1,1,0,1,0.678575
1,0,0,0,0,0,0,0,0,1,0,0,1,1,1,0,1,0,1,0,0,1,1,1,0,0,1,1,1,1,1,0,0.690510
0,0,0,0,0,1,0,1,0,1,0,1,1,0,1,0,1,1,1,0,1,1,1,1,0,0,0,0,1,0,1,0,0.645594
0,0,0,0,0,0,0,0,1,1,0,1,1,1,1,1,0,0,0,0,1,0,0,0,0,0,1,1,1,1,1,1,0.703538
0,0,1,1,1,0,0,1,1,0,0,0,0,0,1,1,0,0,0,1,0,1,1,1,1,0,1,0,1,1,1,1,0.530131
1,0,0,0,0,0,0,1,0,0,1,1,0,1,1,1,0,1,1,1,1,0,1,1,1,0,1,1,1,0,0,1,0.651588
0,1,1,1,0,1,0,0,1,0,1,1,0,0,0,0,0,1,0,0,1,0,0,0,0,0,1,1,0,0,0,1,0.686328
1,1,0,1,0,0,0,1,0,1,0,0,0,0,1,0,0,1,0,1,1,0,1,1,0,0,1,0,0,1,0,1,0.639892
1,1,1,0,0,0,0,0,0,1,1,1,0,0,0,1,0,1,1,0,0,0,1,0,1,1,0,0,0,0,0,1,0.672954
0,1,1,0,1,1,1,1,1,1,0,0,0,1,0,0,1,0,1,0,1,0,1,0,1,1,0,1,0,0,0,1,0.674979
1,1,1,1,1,1,1,1,0,1,1,1,1,0,1,1,1,0,1,0,1,1,0,1,0,0,1,1,1,0,0,0,0.659873
1,0,0,1,0,1,0,0,1,1,0,0,0,0,0,0,0,1,0,0,1,1,1,1,1,1,1,0,1,1,1,0,0.651854
0,1,1,1,1,0,0,0,0,0,0,1,1,1,0,0,0,0,1,1,0,0,1,0,0,1,0,1,0,0,1,1,0.726822
0,0,0,0,1,1,0,0,0,1,1,1,0,0,1,1,1,0,0,1,1,1,1,0,0,1,1,0,1,1,1,1,0.715793
0,0,1,1,1,1,0,1,1,0,0,1,0,1,0,0,0,1,0,1,1,1,1,0,1,0,1,0,1,0,1,0,0.644661
0,1,1,1,0,0,0,1,0,1,0,0,1,1,0,1,0,1,1,1,1,0,0,1,0,0,0,0,0,0,0,1,0.653986
0,0,1,1,1,0,1,1,0,1,1,0,0,0,0,1,1,0,0,1,0,1,0,0,1,1,1,0,1,0,0,0,0.675698
1,0,1,0,0,1,0,1,1,1,1,0,1,0,1,0,0,0,0,0,0,1,1,1,1,1,1,1,1,0,0,1,0.706202
1,1,0,0,0,1,0,1,1,1,1,0,1,0,0,1,1,0,0,0,1,0,1,0,1,0,1,0,0,1,0,1,0.659953
0,0,1,0,0,1,1,1,0,0,0,1,0,0,0,0,0,1,0,0,0,0,0,1,0,0,0,0,0,1,0,0,0.659074
1,1,1,1,0,0,1,0,0,1,0,1,1,1,1,0,1,1,0,0,0,1,0,1,1,0,0,0,1,0,0,1,0.680147
1,1,1,1,0,0,0,1,1,1,1,0,1,1,1,0,0,1,1,0,1,0,1,1,0,1,0,0,0,0,0,0,0.670663
1,0,1,1,0,1,0,0,1,1,0,1,1,1,1,1,1,1,0,0,1,1,0,0,0,1,1,0,1,1,1,1,0.635896
0,1,0,1,1,1,1,0,0,0,0,1,0,0,1,1,1,1,0,1,0,1,1,1,1,0,1,0,0,0,1,1,0.647299
0,1,0,0,1,1,0,1,1,1,0,1,1,1,0,1,0,0,1,0,0,1,0,1,0,0,1,0,1,0,0,0,0.651428
1,0,1,0,1,0,1,1,1,0,1,0,0,0,0,0,0,1,0,1,0,1,1,0,1,1,1,0,0,1,0,1,0.647698
0,1,0,1,0,0,0,1,1,0,0,1,0,1,0,0,1,1,0,1,1,1,1,1,1,0,0,1,0,0,1,1,0.654332
1,1,1,0,0,0,0,0,0,0,1,1,1,1,1,1,0,0,1,0,1,0,0,0,0,0,0,1,1,1,1,0,0.645594
0,0,0,1,1,1,1,1,1,1,0,1,0,1,1,0,1,0,0,1,0,0,1,0,1,0,1,0,1,0,1,0,0.619832
1,0,1,1,1,0,1,1,0,1,1,0,0,0,0,1,1,1,0,1,1,1,0,1,0,1,0,1,0,1,0,1,0.645807
0,1,0,0,0,0,0,0,0,1,0,1,1,1,1,0,0,0,1,0,1,1,0,0,0,1,0,1,1,1,1,0,0.618579
0,0,1,0,1,1,1,1,0,1,1,0,1,1,1,1,0,0,1,1,1,1,1,1,1,1,1,1,1,1,0,1,0.592178
1,1,1,1,1,1,0,1,0,1,0,0,0,1,0,1,0,0,1,0,0,1,0,1,0,1,0,1,1,0,1,0,0.698529
0,1,1,0,1,0,0,1,1,0,1,0,1,1,0,0,1,0,1,0,0,1,0,1,0,0,0,1,0,0,1,1,0.746164
1,1,1,1,0,0,1,1,0,1,1,1,0,1,0,1,0,0,0,0,0,0,1,0,0,0,1,1,1,1,1,0,0.687926
0,1,1,0,1,1,1,1,0,1,0,1,0,1,1,1,0,1,1,0,0,1,0,1,0,1,0,1,0,1,1,1,0.623641
1,0,0,0,0,1,0,0,1,0,1,1,1,1,0,1,1,0,1,0,0,1,0,0,0,1,1,1,0,0,0,0,0.666560
1,1,1,1,0,1,0,0,0,0,0,1,1,0,1,0,0,1,0,1,0,1,0,1,1,1,1,0,1,1,0,0,0.684303
1,0,0,1,0,0,0,0,1,0,0,0,1,1,0,1,0,1,0,0,1,1,0,1,0,1,1,0,1,0,1,0,0.642716
0,0,0,0,1,0,1,0,1,1,0,1,1,0,1,1,1,1,1,1,1,0,1,0,0,1,0,1,0,0,0,1,0.710651
1,0,1,1,0,0,0,0,0,1,0,1,0,1,1,1,0,0,1,1,1,1,1,1,0,0,0,0,0,0,0,1,0.666773
0,0,1,1,1,1,1,0,0,1,1,1,1,0,0,0,1,0,1,1,1,1,0,0,0,0,1,1,1,0,1,0,0.672208
1,1,0,0,1,1,0,1,0,0,1,0,1,1,1,1,0,0,1,0,1,1,0,1,0,1,1,0,0,0,1,1,0.625799
1,0,0,0,1,1,0,1,1,1,0,1,1,1,0,0,0,1,0,0,0,1,0,0,1,0,1,1,0,1,0,0,0.594682
0,0,1,0,0,0,0,1,0,0,0,0,1,1,0,1,0,0,0,1,0,1,0,1,1,0,0,1,1,0,1,1,0.636349
0,0,1,1,0,1,0,0,1,0,0,0,1,0,1,0,1,1,0,1,1,0,0,0,1,0,0,1,1,0,1,1,0.674393
1,0,1,0,1,1,1,1,0,0,1,0,1,1,1,1,1,1,0,0,1,1,0,1,1,0,1,0,0,1,1,0,0.604273
1,1,1,1,0,0,1,0,1,1,0,1,1,1,0,0,1,0,1,0,1,0,1,0,1,1,0,1,1,1,1,0,0.689685
1,0,1,1,0,1,1,0,0,0,1,0,1,1,0,1,1,0,0,0,0,1,1,0,1,0,0,1,0,0,0,0,0.667413
1,1,0,0,0,0,1,1,1,1,0,1,0,1,0,0,0,1,0,0,0,0,1,0,0,1,0,0,0,0,1,0,0.701060
1,1,1,0,0,1,0,1,1,1,0,1,0,0,0,1,1,1,1,0,0,0,0,1,1,0,1,0,0,0,1,1,0.665281
1,0,0,0,1,0,0,0,0,0,1,1,1,1,1,0,1,0,0,0,0,1,1,1,0,0,1,1,1,1,1,1,0.667626
1,0,1,0,1,0,0,0,1,1,0,1,1,0,0,1,1,1,0,0,1,1,1,0,0,0,1,0,1,1,1,0,0.646579
0,1,0,0,1,0,0,0,0,1,1,1,0,0,0,1,1,1,0,1,0,0,0,1,1,1,0,0,1,0,0,1,0.665974
1,1,1,0,1,0,0,1,1,1,0,1,0,1,1,1,1,1,0,1,1,1,0,1,0,0,0,0,1,1,1,1,0.493633
1,1,1,1,0,1,1,1,1,1,1,0,1,1,1,0,1,1,0,0,1,1,1,1,0,0,1,1,1,0,1,1,0.591033
0,0,0,1,1,0,0,1,1,1,1,0,1,0,0,1,1,1,0,0,0,1,0,0,0,0,0,1,0,1,1,1,0.638081
0,0,1,0,1,1,1,1,0,0,0,0,0,1,1,0,1,0,0,0,1,0,1,0,0,1,0,1,0,0,1,1,0.655104
0,1,0,1,0,0,1,0,1,0,0,1,1,0,1,0,1,1,1,1,0,1,1,1,0,0,1,1,1,1,1,1,0.583733
0,0,0,0,1,0,1,0,0,1,0,1,1,0,0,0,1,1,0,0,1,1,0,1,1,0,1,0,1,1,0,0,0.801977
1,0,0,0,0,0,1,0,0,1,0,1,0,1,0,1,0,1,1,1,1,0,0,0,0,0,0,1,0,1,1,0,0.667120
1,0,0,1,1,1,1,0,0,0,0,0,0,1,0,0,0,1,0,1,1,0,1,0,0,1,1,0,0,0,0,1,0.635470
1,0,1,0,1,0,1,0,1,1,0,0,1,0,1,1,0,0,1,1,1,0,1,0,1,0,0,0,0,1,0,1,0.641251
1,1,1,1,0,0,1,0,1,0,0,1,1,0,0,1,1,1,1,0,0,0,0,0,0,0,0,0,0,0,0,0,0.807305
1,0,0,0,1,0,1,1,0,0,0,0,1,1,1,0,0,1,1,0,1,1,0,1,0,0,0,1,1,1,1,1,0.513001
1,0,0,0,0,0,1,0,0,1,0,0,1,0,0,1,0,1,1,0,1,1,1,0,1,1,1,0,0,0,1,1,0.654145
0,1,1,1,1,1,1,0,1,1,0,1,1,1,0,0,1,1,0,0,1,0,0,0,1,1,1,1,1,1,1,0,0.677936
0,1,1,1,1,1,0,1,0,0,0,1,1,0,0,0,1,0,1,1,1,1,0,0,1,0,1,1,0,1,0,0,0.639946
0,1,1,0,1,1,1,0,0,0,1,0,1,1,0,1,1,1,0,0,0,0,0,0,1,0,0,0,0,1,1,0,0.623188
1,1,0,0,0,0,0,1,1,1,1,1,0,1,1,1,0,0,1,1,0,0,1,0,0,1,0,0,1,0,1,0,0.668558
