0,1,0,1,0,0,1,0,0,0,1,1,0,0,0,1,1,0,1,1,0,0,1,0,0,1,1,0,0,1,0,1,0.615649
0,1,0,0,1,1,1,0,0,1,1,0,1,1,0,0,1,1,1,1,0,0,0,0,1,1,1,0,0,0,0,0,0.633792
0,0,0,1,0,1,0,0,0,1,0,1,0,1,0,0,0,1,0,1,1,0,1,0,0,1,1,1,1,1,0,0,0.575607
1,1,0,1,0,1,1,0,1,0,0,0,1,1,1,0,0,0,1,1,1,1,0,1,1,1,0,0,1,0,1,1,0.592498
0,1,0,1,1,0,1,1,1,1,0,0,1,1,0,0,0,1,1,0,1,1,0,1,0,1,1,1,1,1,1,1,0.587996
1,1,1,0,0,0,0,0,1,1,0,1,1,0,0,0,1,1,1,1,0,1,1,1,0,0,1,1,1,1,1,0,0.622016
0,0,1,1,0,0,0,0,0,0,1,0,0,1,1,0,1,1,0,0,0,0,0,0,1,0,0,1,0,0,1,1,0.592897
1,0,0,1,0,0,0,0,1,0,1,1,1,1,1,1,0,0,1,1,1,1,0,1,0,1,1,0,1,0,0,0,0.601396
0,0,0,0,1,1,0,0,0,0,0,0,1,0,0,1,0,1,0,0,0,1,1,1,0,0,1,0,0,0,0,1,0.557545
1,0,0,1,1,1,1,1,1,0,0,1,0,1,0,0,0,0,0,1,1,1,0,0,0,1,1,0,1,1,1,0,0.587649
1,1,0,1,1,0,0,0,1,1,0,1,0,1,0,0,1,0,1,1,1,0,1,1,1,0,0,0,0,0,0,0,0.702659
0,1,1,1,0,0,0,0,1,1,1,1,0,0,0,0,1,1,0,0,0,0,0,0,0,1,0,1,1,1,0,1,0.666693
0,0,1,0,0,0,0,0,0,0,0,1,0,0,1,0,0,1,0,1,0,0,0,0,1,1,1,1,1,1,1,0,0.603900
1,0,0,1,1,0,1,1,0,1,1,1,0,1,1,1,1,1,0,1,0,1,0,1,1,1,0,0,1,1,1,1,0.529838
0,0,0,1,1,0,1,0,0,1,0,1,0,1,1,1,1,0,1,0,0,1,1,1,1,1,0,0,0,1,0,0,0.591619
0,1,1,1,0,1,0,1,1,0,1,0,1,1,1,0,0,0,0,0,0,1,0,0,1,0,0,0,1,0,1,1,0.590766
1,1,0,0,1,1,0,0,1,0,0,0,0,0,1,1,0,1,0,1,1,0,1,1,0,1,0,0,0,1,1,1,0.614184
0,1,1,1,1,0,1,0,1,1,1,1,1,1,1,0,1,1,1,0,1,0,1,0,0,0,1,1,1,1,0,1,0.587889
1,0,0,1,0,0,1,0,0,1,0,0,1,0,0,1,0,0,0,1,0,1,0,0,1,0,0,0,1,0,1,1,0.609761
0,1,1,0,1,1,1,1,1,0,0,1,0,0,0,1,0,1,1,0,0,1,0,1,1,0,0,0,0,0,0,1,0.593324
0,1,0,0,0,1,0,0,1,1,0,0,1,0,0,0,1,0,0,0,0,0,1,1,1,0,0,0,0,1,0,0,0.600517
0,1,0,0,0,0,0,0,1,1,0,0,0,0,1,1,1,0,1,1,1,0,1,0,0,0,1,0,1,1,1,0,0.596547
1,1,1,0,1,1,1,1,0,0,1,0,0,0,1,1,1,0,1,1,0,0,1,0,0,1,0,1,0,1,1,1,0.586930
0,0,1,1,1,1,1,1,1,0,1,0,1,1,1,0,0,0,0,0,0,1,0,1,1,0,0,1,0,1,1,1,0.615276
1,0,1,0,1,1,1,1,1,0,0,1,1,1,0,1,1,0,0,0,0,0,0,1,1,0,1,0,0,1,0,1,0.566523
1,0,1,0,0,1,1,1,1,1,0,1,0,0,0,1,1,1,0,1,1,0,1,1,0,0,1,1,0,1,1,0,0.590207
1,1,0,0,0,1,1,0,1,1,1,1,0,1,0,1,1,1,0,1,0,1,0,1,1,1,1,1,1,0,1,1,0.584053
0,0,1,0,1,0,1,1,1,0,0,1,1,1,0,0,0,0,1,1,1,0,0,0,0,0,1,0,0,0,1,1,0.590526
0,1,0,1,1,1,0,1,0,0,0,1,0,1,0,0,0,0,0,1,0,0,0,1,1,0,1,1,0,0,0,0,0.591192
0,1,0,1,0,1,1,1,0,1,0,1,1,0,0,1,0,1,1,0,1,0,1,1,0,0,0,1,1,0,0,1,0.614717
0,1,0,1,0,0,0,1,0,0,0,0,0,0,1,1,0,0,0,0,1,0,0,1,0,1,0,1,1,1,1,1,0.578751
0,1,0,0,1,1,0,0,1,1,0,0,0,0,1,1,1,0,1,1,1,1,0,0,1,0,0,0,1,0,1,1,0.608403
1,0,0,1,0,1,0,1,1,0,0,1,0,0,0,0,0,1,1,1,1,1,0,1,1,0,0,0,1,1,1,0,0.583733
0,1,0,1,1,0,0,1,1,1,0,0,0,0,0,1,1,0,1,0,0,0,0,0,0,1,1,1,1,0,1,1,0.602542
1,1,0,0,1,0,1,0,1,0,1,0,1,1,0,1,1,1,0,0,1,0,0,1,0,1,0,1,1,0,1,1,0.594842
1,0,0,0,0,1,0,1,1,0,0,1,0,0,0,0,0,0,1,0,0,1,0,0,0,0,0,0,1,1,1,0,0.598759
1,0,0,1,0,1,1,1,0,1,0,0,1,0,0,1,1,0,1,0,1,1,0,1,1,0,1,1,0,1,0,0,0.578804
0,0,1,0,0,1,0,1,1,0,1,0,0,0,0,0,1,0,1,0,0,0,1,0,0,0,0,1,0,1,0,1,0.590447
1,1,1,0,0,0,1,1,1,1,0,1,1,1,0,0,1,1,0,1,0,0,0,0,0,1,1,1,0,0,1,1,0.644475
0,1,0,1,1,1,0,0,0,0,0,0,0,0,0,0,1,0,0,0,0,0,1,1,1,1,0,0,1,1,0,0,0.593191
1,0,1,0,1,1,0,1,0,1,0,0,1,0,1,0,0,0,1,0,1,1,1,0,1,1,0,1,1,1,1,0,0.605525
1,1,1,0,0,1,0,0,1,1,1,0,1,1,0,1,1,1,1,0,1,1,1,0,1,0,1,1,0,1,1,0,0.619592
0,1,1,1,1,1,0,1,0,1,1,0,0,1,1,1,0,0,0,1,0,0,0,1,1,0,1,0,1,0,1,0,0.594762
1,0,1,0,0,1,0,0,1,0,0,0,0,1,0,1,1,0,1,0,0,0,0,1,1,1,1,1,0,0,0,0,0.619938
1,0,0,0,1,1,0,0,1,0,0,1,0,0,1,0,1,1,1,0,1,1,1,0,0,1,0,0,0,1,0,0,0.619672
0,0,0,1,0,1,1,1,0,0,1,0,1,1,1,0,0,1,1,0,1,1,1,1,0,0,0,1,0,1,0,1,0.632673
0,1,0,0,1,0,1,0,1,0,1,1,1,0,0,1,0,1,1,1,0,0,0,1,1,1,0,0,0,1,1,0,0.594203
1,1,0,1,1,1,0,1,1,1,1,1,0,0,0,0,1,1,1,1,1,1,0,0,0,1,0,0,0,1,0,1,0.640079
0,1,0,0,1,1,0,1,1,1,0,1,0,0,1,1,0,1,0,1,0,1,0,0,1,1,0,1,1,1,1,0,0.608562
0,0,1,1,0,0,0,0,1,1,1,0,0,1,0,1,1,1,1,0,1,0,1,0,0,0,0,1,0,0,0,1,0.606378
1,1,1,0,0,0,0,1,0,1,0,1,1,0,1,1,0,1,1,1,1,1,1,0,1,0,0,1,0,1,1,1,0.576540
1,0,1,0,0,1,1,1,0,0,1,1,0,0,0,0,1,1,0,0,0,0,1,1,1,0,1,0,0,1,0,0,0.609149
0,0,1,0,0,1,0,0,1,0,0,1,0,0,0,1,1,1,0,1,0,0,1,1,0,0,1,1,0,0,1,1,0.600650
1,1,0,1,1,0,1,0,0,0,1,1,0,1,1,1,1,0,0,0,1,1,0,1,0,1,0,1,1,0,1,1,0.572890
0,0,0,1,0,1,1,0,0,0,1,0,1,1,0,0,0,0,1,0,1,1,1,0,1,0,0,0,1,1,0,1,0.627584
1,0,0,0,1,1,1,1,0,0,1,0,1,0,0,0,0,0,1,1,0,1,0,1,0,1,1,0,1,1,0,1,0.585145
0,1,0,1,0,0,1,1,0,0,0,0,1,0,0,0,1,0,1,0,1,0,1,1,0,1,0,0,0,1,1,0,0.596361
0,1,0,0,1,0,1,1,1,0,1,1,0,0,0,0,1,1,1,1,0,1,1,0,0,0,1,0,1,0,0,1,0.613012
0,0,0,0,0,1,0,1,0,0,0,0,0,1,0,1,1,0,1,1,0,1,0,1,0,1,0,0,1,0,0,0,0.594709
1,0,1,1,0,1,0,1,0,1,0,0,0,0,1,1,1,1,0,0,0,1,1,0,1,0,0,1,1,0,0,1,0.590953
1,1,0,0,0,1,1,1,0,0,1,1,1,1,0,0,0,1,0,1,0,1,0,1,0,1,0,1,0,1,1,1,0.587463
0,1,1,0,1,0,1,0,1,0,0,0,0,0,1,0,0,1,0,0,0,0,0,1,1,0,1,0,0,1,1,0,0.593936
1,1,0,1,0,1,1,0,0,0,0,1,0,1,1,0,0,1,1,0,1,0,0,1,1,0,0,1,1,0,0,0,0.598785
1,0,0,0,1,0,0,1,0,0,1,0,0,1,0,1,1,0,1,1,0,0,0,0,0,1,1,0,1,1,0,0,0.586211
0,1,1,1,1,1,0,0,1,1,0,0,1,0,1,0,1,1,1,0,1,1,1,0,0,1,0,0,0,1,1,0,0.597693
1,0,1,1,1,0,0,1,0,1,1,0,1,0,1,0,0,0,1,0,1,1,0,0,1,0,0,1,1,0,0,0,0.605765
1,0,0,0,0,1,0,1,0,1,0,0,0,0,1,0,1,1,1,1,1,0,0,0,0,1,1,0,1,1,1,1,0.592578
1,1,1,1,1,0,0,0,0,1,0,1,0,1,1,0,0,0,1,0,1,0,0,1,0,1,1,1,0,0,0,0,0.626652
1,1,1,0,0,0,1,1,1,1,0,1,0,0,1,0,0,0,0,1,0,1,0,1,1,0,0,1,1,0,0,0,0.607390
1,1,1,0,1,0,0,1,1,1,1,0,1,1,1,1,1,1,0,0,0,0,1,0,0,0,1,0,1,1,0,0,0.607816
1,0,1,1,0,1,1,1,1,1,0,1,0,0,0,0,1,0,0,1,0,0,1,1,1,1,0,0,0,1,0,1,0.611227
0,1,1,0,0,0,0,1,0,1,0,1,0,1,0,0,1,1,1,0,1,1,0,0,0,0,1,0,0,1,1,0,0.613678
1,1,0,0,0,0,0,0,1,0,0,0,1,1,1,0,1,1,0,0,1,0,0,0,1,0,1,1,1,1,0,0,0.606831
0,1,1,0,1,1,1,0,0,0,0,1,0,0,0,1,1,1,1,0,1,1,0,1,1,1,0,1,0,1,0,1,0.596387
1,1,0,0,0,1,1,1,1,0,1,1,1,0,0,0,0,1,1,1,1,0,0,0,0,0,0,1,0,0,1,0,0.609442
0,0,1,0,1,1,1,1,1,1,1,1,0,1,0,1,1,0,1,0,1,1,0,0,0,1,1,0,0,1,0,1,0.599105
0,1,0,0,1,1,1,0,0,0,0,1,0,0,0,0,0,0,0,1,1,0,0,0,0,1,0,1,0,0,0,1,0.545210
0,0,1,0,1,0,0,0,1,1,1,0,1,1,1,1,1,0,1,1,0,0,0,1,1,0,1,0,1,1,1,1,0.602835
1,0,1,1,0,1,1,1,0,1,1,0,1,0,1,0,0,0,0,1,0,0,1,1,1,0,1,0,1,1,1,1,0.595535
0,0,1,1,1,0,1,1,0,0,1,0,0,1,1,1,1,1,0,1,1,1,1,0,0,0,1,0,1,1,1,1,0.579550
1,0,1,1,1,1,1,0,0,0,1,1,0,1,0,1,1,1,0,0,1,0,0,0,0,1,1,1,1,1,0,0,0.601929
0,0,1,0,0,0,1,0,1,0,1,1,0,1,1,1,1,0,0,0,0,1,1,1,0,1,0,1,1,0,0,0,0.599691
1,0,0,0,1,1,1,0,0,1,1,1,0,0,0,1,0,0,0,0,0,1,0,0,1,0,1,1,1,0,0,0,0.600091
1,1,0,1,0,1,0,0,0,1,1,1,1,1,1,0,0,0,1,0,0,1,0,1,0,1,0,1,1,1,0,0,0.597373
1,1,0,0,0,1,1,1,0,1,0,0,0,1,1,1,0,0,0,0,0,1,1,1,0,0,0,0,1,0,0,0,0.621217
1,0,1,1,1,0,0,1,1,1,0,0,1,1,0,0,0,0,0,0,0,1,1,0,0,0,1,1,1,1,0,1,0.593244
1,0,0,0,0,1,1,0,1,0,0,0,0,0,1,0,1,1,1,0,0,0,1,1,1,0,1,1,1,0,0,1,0.623775
1,1,1,1,0,1,1,1,0,0,0,0,0,0,0,0,1,0,0,1,0,0,1,0,1,0,1,0,1,1,0,0,0.620018
0,0,1,0,1,1,0,0,0,1,0,1,1,1,0,1,1,1,0,0,0,1,1,0,1,1,1,1,1,0,1,0,0.602861
0,0,0,0,0,1,1,0,0,1,1,1,1,0,0,0,0,1,0,0,1,1,0,1,1,0,1,0,0,1,1,0,0.560262
1,0,1,1,0,1,1,0,0,1,1,0,0,1,0,0,1,1,0,0,0,1,0,0,0,1,0,0,0,0,0,0,0.633552
0,1,0,1,1,1,1,1,1,1,0,0,1,1,0,0,0,1,0,0,0,1,1,0,1,1,0,0,1,0,0,0,0.600570
1,0,0,1,1,0,1,1,0,1,0,1,0,1,0,1,1,1,0,0,0,1,0,1,0,1,1,1,1,1,0,0,0.577978
0,0,0,0,1,0,0,1,1,0,0,0,1,1,1,0,1,1,1,0,1,1,0,1,1,1,1,0,1,1,1,0,0.632300
0,0,0,0,0,1,1,1,1,1,1,0,0,0,1,0,0,1,0,1,0,1,1,1,0,1,1,0,0,0,0,1,0.589301
1,1,0,0,1,1,0,1,1,1,1,1,1,1,0,1,1,1,0,0,1,1,1,0,0,1,1,0,1,1,0,1,0.602994
1,1,1,0,1,1,0,0,0,1,0,1,1,0,1,0,1,0,0,0,0,0,0,1,1,0,1,0,0,1,1,1,0.580030
0,0,1,0,1,0,0,1,1,1,0,1,1,0,1,0,1,0,0,0,1,0,1,1,1,1,1,0,0,0,0,1,0.594549
1,1,1,1,0,0,0,1,0,1,0,0,0,1,1,0,0,0,0,0,1,0,1,0,0,0,0,0,1,1,1,1,0.607976
1,0,0,0,0,0,1,0,1,0,0,1,1,1,0,1,1,1,1,1,1,1,0,1,1,1,0,1,1,0,1,1,0.567056
1,0,1,0,1,1,1,0,1,1,1,1,1,0,1,1,0,0,0,0,1,1,1,0,1,0,1,1,1,0,1,0,0.628037
1,0,0,0,1,1,0,1,1,1,1,0,1,0,1,0,1,0,1,0,1,1,0,0,0,0,0,1,0,0,0,0,0.643942
0,1,0,1,1,0,0,1,1,0,1,0,1,1,0,0,0,1,1,1,1,1,1,0,1,0,0,0,0,1,0,0,0.602328
1,0,0,0,0,1,0,1,0,0,1,1,1,1,0,0,1,0,1,0,1,0,1,1,1,0,0,0,1,1,0,1,0.608083
1,0,1,0,0,1,1,0,0,1,0,0,1,0,0,1,0,1,0,1,0,0,0,1,0,0,1,0,0,1,0,0,0.590340
1,0,0,1,1,1,0,0,1,1,1,0,0,1,1,0,1,0,0,0,0,1,1,0,1,1,0,0,1,1,1,1,0.605659
1,0,1,0,1,0,1,0,1,1,1,0,0,0,0,0,1,1,0,1,1,1,0,1,0,1,0,0,0,1,0,1,0.595961
0,1,1,0,0,0,1,1,1,0,1,0,1,0,0,0,1,1,0,0,1,1,1,1,1,1,0,0,1,0,0,1,0.599931
1,1,0,0,1,1,1,0,0,0,1,0,1,1,1,0,1,1,1,1,0,0,1,1,1,0,0,1,1,0,0,1,0.595988
1,0,0,1,0,1,0,1,1,0,1,0,0,0,1,0,0,1,1,0,0,1,0,0,1,1,0,0,1,0,1,0,0.589834
0,0,1,0,1,1,0,1,0,0,1,1,1,1,1,1,0,0,1,1,0,0,0,0,1,1,0,0,1,0,1,1,0.607177
1,1,0,0,1,1,0,0,0,0,1,0,0,1,1,1,1,0,1,1,1,1,1,1,1,0,0,0,0,0,0,1,0.587303
1,1,1,1,0,1,0,1,1,0,0,1,1,0,0,1,0,1,1,0,0,1,0,0,0,1,0,1,1,0,0,0,0.628037
1,1,0,1,0,1,1,0,1,1,0,1,1,0,1,0,1,0,1,0,0,0,0,1,1,1,1,0,0,1,1,0,0.632380
1,0,0,1,0,0,0,1,0,0,1,0,0,1,0,1,0,1,1,1,1,1,0,0,0,1,1,1,1,0,0,1,0.591272
1,1,1,1,0,0,1,1,1,0,1,0,0,0,0,1,1,1,0,1,0,1,0,1,1,1,1,1,0,1,1,0,0.638907
0,0,1,1,1,1,0,1,1,1,1,0,0,0,0,0,0,1,1,1,0,1,0,1,0,0,1,1,1,1,0,1,0.598039
1,0,0,0,0,1,0,0,0,1,0,0,1,1,0,0,0,1,1,1,1,0,1,1,0,1,0,0,0,0,0,1,0.606058
1,1,1,0,1,0,1,0,1,0,1,1,0,1,1,0,0,0,0,1,1,0,1,0,1,0,0,1,0,0,0,1,0.614850
0,1,0,1,0,0,1,1,1,1,0,1,0,1,1,0,0,0,0,1,0,1,0,1,0,0,0,0,0,1,0,0,0.623588
1,1,1,1,1,1,1,0,0,1,0,1,0,1,1,1,0,0,0,0,1,0,0,1,1,1,1,1,1,0,0,0,0.599691
0,1,1,0,0,0,0,1,1,0,1,1,1,0,0,1,0,1,0,0,0,1,1,0,0,1,0,1,0,1,0,1,0.594682
1,1,0,0,0,1,0,0,0,0,1,0,0,0,1,0,0,0,1,1,1,1,0,1,0,0,0,1,0,1,1,1,0.608296
0,0,1,0,0,0,0,1,1,1,1,1,1,1,0,1,0,0,1,0,1,1,0,1,1,0,0,1,1,1,1,1,0.571238
1,0,1,1,1,1,0,1,0,1,1,0,1,0,1,0,0,1,1,1,1,1,1,1,1,1,0,1,0,1,1,0,0.578778
1,0,1,0,1,1,1,0,0,1,1,0,1,1,0,0,0,0,1,0,0,0,0,1,1,1,1,1,0,0,1,0,0.610188
0,0,1,1,0,0,0,0,0,1,1,1,1,0,0,1,0,0,0,1,0,1,1,0,0,1,1,1,0,0,1,0,0.626918
1,1,0,1,1,1,0,1,0,1,0,1,0,0,1,1,1,1,1,0,0,0,0,0,1,1,1,0,1,0,0,0,0.635417
