0,1,1,0,0,0,1,1,1,0,1,0,1,0,0,0,1,1,0,0,1,1,1,1,1,1,0,0,1,0,0,1,0.597107
1,1,0,1,0,1,1,0,1,1,0,1,1,0,1,0,1,0,1,0,0,0,0,1,1,1,1,0,0,1,1,0,0.623162
1,0,0,0,1,1,0,1,1,1,1,0,1,0,1,0,1,0,1,0,1,1,0,0,0,0,0,1,0,0,0,0,0.638800
1,1,1,0,1,1,0,0,0,1,0,1,1,0,1,0,1,0,0,0,0,0,0,1,1,0,1,0,0,1,1,1,0.581708
0,1,0,0,1,1,0,1,1,1,0,1,0,0,1,1,0,1,0,1,0,1,0,0,1,1,0,1,1,1,1,0,0.607763
0,0,1,0,1,1,0,0,0,1,0,1,1,1,0,1,1,1,0,0,0,1,1,0,1,1,1,1,1,0,1,0,0.608376
0,1,1,0,1,0,1,0,1,0,0,0,0,0,1,0,0,1,0,0,0,0,0,1,1,0,1,0,0,1,1,0,0.600410
0,0,0,0,1,1,0,0,0,0,0,0,1,0,0,1,0,1,0,0,0,1,1,1,0,0,1,0,0,0,0,1,0.552696
1,1,0,1,0,1,1,0,0,0,0,1,0,1,1,0,0,1,1,0,1,0,0,1,1,0,0,1,1,0,0,0,0.593164
1,1,1,1,0,0,1,1,1,0,1,0,0,0,0,1,1,1,0,1,0,1,0,1,1,1,1,1,0,1,1,0,0.644981
1,1,0,1,1,1,0,1,1,1,1,1,0,0,0,0,1,1,1,1,1,1,0,0,0,1,0,0,0,1,0,1,0.640718
0,0,1,1,1,1,0,1,1,1,1,0,0,0,0,0,0,1,1,1,0,1,0,1,0,0,1,1,1,1,0,1,0.602275
1,1,1,1,1,0,0,0,0,1,0,1,0,1,1,0,0,0,1,0,1,0,0,1,0,1,1,1,0,0,0,0,0.622762
1,1,1,0,1,0,1,0,1,0,1,1,0,1,1,0,0,0,0,1,1,0,1,0,1,0,0,1,0,0,0,1,0.604327
0,0,1,0,0,0,0,0,0,0,0,1,0,0,1,0,0,1,0,1,0,0,0,0,1,1,1,1,1,1,1,0,0.600171
1,1,0,0,1,1,0,1,1,1,1,1,1,1,0,1,1,1,0,0,1,1,1,0,0,1,1,0,1,1,0,1,0.608829
1,1,1,0,0,1,0,0,1,1,1,0,1,1,0,1,1,1,1,0,1,1,1,0,1,0,1,1,0,1,1,0,0.615143
1,0,0,0,1,1,1,0,0,1,1,1,0,0,0,1,0,0,0,0,0,1,0,0,1,0,1,1,1,0,0,0,0.598759
0,0,0,1,0,1,1,0,0,0,1,0,1,1,0,0,0,0,1,0,1,1,1,0,1,0,0,0,1,1,0,1,0.618739
0,0,1,0,0,0,1,0,1,0,1,1,0,1,1,1,1,0,0,0,0,1,1,1,0,1,0,1,1,0,0,0,0.606032
1,1,0,0,1,1,0,0,1,0,0,0,0,0,1,1,0,1,0,1,1,0,1,1,0,1,0,0,0,1,1,1,0.625932
0,1,1,0,1,1,1,0,0,0,0,1,0,0,0,1,1,1,1,0,1,1,0,1,1,1,0,1,0,1,0,1,0.591326
1,0,1,0,0,1,1,0,0,1,0,0,1,0,0,1,0,1,0,1,0,0,0,1,0,0,1,0,0,1,0,0,0.586157
0,0,0,0,0,1,0,1,0,0,0,0,0,1,0,1,1,0,1,1,0,1,0,1,0,1,0,0,1,0,0,0,0.592098
1,0,0,1,0,1,0,1,1,0,1,0,0,0,1,0,0,1,1,0,0,1,0,0,1,1,0,0,1,0,1,0,0.587782
0,1,0,1,0,0,0,1,0,0,0,0,0,0,1,1,0,0,0,0,1,0,0,1,0,1,0,1,1,1,1,1,0.580909
0,1,0,0,1,0,1,0,1,0,1,1,1,0,0,1,0,1,1,1,0,0,0,1,1,1,0,0,0,1,1,0,0.593031
1,0,1,1,1,1,1,0,0,0,1,1,0,1,0,1,1,1,0,0,1,0,0,0,0,1,1,1,1,1,0,0,0.590979
1,0,0,1,1,0,1,1,0,1,1,1,0,1,1,1,1,1,0,1,0,1,0,1,1,1,0,0,1,1,1,1,0.534420
1,1,0,1,0,1,1,0,1,0,0,0,1,1,1,0,0,0,1,1,1,1,0,1,1,1,0,0,1,0,1,1,0.600437
1,0,0,1,0,0,1,0,0,1,0,0,1,0,0,1,0,0,0,1,0,1,0,0,1,0,0,0,1,0,1,1,0.600517
0,1,0,0,1,0,1,1,1,0,1,1,0,0,0,0,1,1,1,1,0,1,1,0,0,0,1,0,1,0,0,1,0.607497
1,0,0,1,0,0,0,0,1,0,1,1,1,1,1,1,0,0,1,1,1,1,0,1,0,1,1,0,1,0,0,0,0.593111
1,0,0,0,1,1,1,1,0,0,1,0,1,0,0,0,0,0,1,1,0,1,0,1,0,1,1,0,1,1,0,1,0.579604
1,1,0,0,0,1,1,1,0,0,1,1,1,1,0,0,0,1,0,1,0,1,0,1,0,1,0,1,0,1,1,1,0.592818
0,0,1,0,1,1,0,1,0,0,1,1,1,1,1,1,0,0,1,1,0,0,0,0,1,1,0,0,1,0,1,1,0.596840
0,0,1,0,1,1,1,1,1,1,1,1,0,1,0,1,1,0,1,0,1,1,0,0,0,1,1,0,0,1,0,1,0.590873
1,0,1,1,1,0,0,1,1,1,0,0,1,1,0,0,0,0,0,0,0,1,1,0,0,0,1,1,1,1,0,1,0.592578
1,0,0,0,0,0,1,0,1,0,0,1,1,1,0,1,1,1,1,1,1,1,0,1,1,1,0,1,1,0,1,1,0.573210
1,0,0,0,0,1,0,1,0,1,0,0,0,0,1,0,1,1,1,1,1,0,0,0,0,1,1,0,1,1,1,1,0.593057
0,1,1,1,1,1,0,1,0,1,1,0,0,1,1,1,0,0,0,1,0,0,0,1,1,0,1,0,1,0,1,0,0.594176
0,0,0,0,0,1,1,0,0,1,1,1,1,0,0,0,0,1,0,0,1,1,0,1,1,0,1,0,0,1,1,0,0.561594
1,0,0,1,0,1,0,1,1,0,0,1,0,0,0,0,0,1,1,1,1,1,0,1,1,0,0,0,1,1,1,0,0.583546
1,1,1,0,0,0,0,0,1,1,0,1,1,0,0,0,1,1,1,1,0,1,1,1,0,0,1,1,1,1,1,0,0.630461
1,1,0,1,0,1,0,0,0,1,1,1,1,1,1,0,0,0,1,0,0,1,0,1,0,1,0,1,1,1,0,0,0.611440
0,1,1,1,1,0,1,0,1,1,1,1,1,1,1,0,1,1,1,0,1,0,1,0,0,0,1,1,1,1,0,1,0.596814
1,0,0,0,0,1,0,1,0,0,1,1,1,1,0,0,1,0,1,0,1,0,1,1,1,0,0,0,1,1,0,1,0.621617
0,0,1,1,0,0,0,0,0,1,1,1,1,0,0,1,0,0,0,1,0,1,1,0,0,1,1,1,0,0,1,0,0.622016
0,1,0,0,0,0,0,0,1,1,0,0,0,0,1,1,1,0,1,1,1,0,1,0,0,0,1,0,1,1,1,0,0.607843
1,0,1,0,0,1,0,0,1,0,0,0,0,1,0,1,1,0,1,0,0,0,0,1,1,1,1,1,0,0,0,0,0.617434
1,0,0,1,0,0,0,1,0,0,1,0,0,1,0,1,0,1,1,1,1,1,0,0,0,1,1,1,1,0,0,1,0.596441
1,0,1,0,0,1,1,1,1,1,0,1,0,0,0,1,1,1,0,1,1,0,1,1,0,0,1,1,0,1,1,0,0.595855
1,1,1,0,1,1,1,1,0,0,1,0,0,0,1,1,1,0,1,1,0,0,1,0,0,1,0,1,0,1,1,1,0.593883
0,0,0,0,1,0,0,1,1,0,0,0,1,1,1,0,1,1,1,0,1,1,0,1,1,1,1,0,1,1,1,0,0.628197
0,1,0,1,0,0,1,1,0,0,0,0,1,0,0,0,1,0,1,0,1,0,1,1,0,1,0,0,0,1,1,0,0.595961
1,0,1,1,1,0,0,1,0,1,1,0,1,0,1,0,0,0,1,0,1,1,0,0,1,0,0,1,1,0,0,0,0.591725
1,1,0,0,0,1,1,0,1,1,1,1,0,1,0,1,1,1,0,1,0,1,0,1,1,1,1,1,1,0,1,1,0.591406
1,0,1,0,1,1,0,1,0,1,0,0,1,0,1,0,0,0,1,0,1,1,1,0,1,1,0,1,1,1,1,0,0.610267
1,0,1,0,0,1,1,1,0,0,1,1,0,0,0,0,1,1,0,0,0,0,1,1,1,0,1,0,0,1,0,0,0.601716
1,0,1,1,0,1,1,0,0,1,1,0,0,1,0,0,1,1,0,0,0,1,0,0,0,1,0,0,0,0,0,0,0.625320
1,1,1,1,0,1,1,1,0,0,0,0,0,0,0,0,1,0,0,1,0,0,1,0,1,0,1,0,1,1,0,0,0.611466
1,1,0,0,0,0,0,0,1,0,0,0,1,1,1,0,1,1,0,0,1,0,0,0,1,0,1,1,1,1,0,0,0.597240
1,1,0,0,0,1,1,1,0,1,0,0,0,1,1,1,0,0,0,0,0,1,1,1,0,0,0,0,1,0,0,0,0.625932
0,0,1,0,0,0,0,1,1,1,1,1,1,1,0,1,0,0,1,0,1,1,0,1,1,0,0,1,1,1,1,1,0.560076
0,1,1,0,0,0,0,1,0,1,0,1,0,1,0,0,1,1,1,0,1,1,0,0,0,0,1,0,0,1,1,0,0.607577
0,1,0,0,1,1,1,0,0,0,0,1,0,0,0,0,0,0,0,1,1,0,0,0,0,1,0,1,0,0,0,1,0.535166
1,0,1,0,1,1,1,1,1,0,0,1,1,1,0,1,1,0,0,0,0,0,0,1,1,0,1,0,0,1,0,1,0.566709
1,0,1,1,0,1,0,1,0,1,0,0,0,0,1,1,1,1,0,0,0,1,1,0,1,0,0,1,1,0,0,1,0.587196
0,1,1,0,0,0,0,1,1,0,1,1,1,0,0,1,0,1,0,0,0,1,1,0,0,1,0,1,0,1,0,1,0.596201
0,1,1,0,1,1,1,1,1,0,0,1,0,0,0,1,0,1,1,0,0,1,0,1,1,0,0,0,0,0,0,1,0.588688
1,0,1,1,0,1,1,1,1,1,0,1,0,0,0,0,1,0,0,1,0,0,1,1,1,1,0,0,0,1,0,1,0.615409
1,1,0,0,1,0,1,0,1,0,1,0,1,1,0,1,1,1,0,0,1,0,0,1,0,1,0,1,1,0,1,1,0.592498
1,0,0,1,1,1,1,1,1,0,0,1,0,1,0,0,0,0,0,1,1,1,0,0,0,1,1,0,1,1,1,0,0.589567
0,1,0,0,1,1,0,0,1,1,0,0,0,0,1,1,1,0,1,1,1,1,0,0,1,0,0,0,1,0,1,1,0.605525
0,1,0,1,0,0,1,1,1,1,0,1,0,1,1,0,0,0,0,1,0,1,0,1,0,0,0,0,0,1,0,0,0.623188
0,0,0,1,1,0,1,0,0,1,0,1,0,1,1,1,1,0,1,0,0,1,1,1,1,1,0,0,0,1,0,0,0.588821
1,1,1,0,1,0,0,1,1,1,1,0,1,1,1,1,1,1,0,0,0,0,1,0,0,0,1,0,1,1,0,0,0.599345
1,0,1,1,0,1,1,1,0,1,1,0,1,0,1,0,0,0,0,1,0,0,1,1,1,0,1,0,1,1,1,1,0.599078
0,1,1,1,0,0,0,0,1,1,1,1,0,0,0,0,1,1,0,0,0,0,0,0,0,1,0,1,1,1,0,1,0.676764
0,1,0,1,0,0,1,0,0,0,1,1,0,0,0,1,1,0,1,1,0,0,1,0,0,1,1,0,0,1,0,1,0.616075
0,1,0,1,1,1,0,0,0,0,0,0,0,0,0,0,1,0,0,0,0,0,1,1,1,1,0,0,1,1,0,0,0.592551
0,0,0,1,0,1,0,0,0,1,0,1,0,1,0,0,0,1,0,1,1,0,1,0,0,1,1,1,1,1,0,0,0.571744
1,0,1,0,1,1,1,0,1,1,1,1,1,0,1,1,0,0,0,0,1,1,1,0,1,0,1,1,1,0,1,0,0.629449
1,0,1,0,1,0,1,0,1,1,1,0,0,0,0,0,1,1,0,1,1,1,0,1,0,1,0,0,0,1,0,1,0.599211
1,0,0,0,0,1,0,1,1,0,0,1,0,0,0,0,0,0,1,0,0,1,0,0,0,0,0,0,1,1,1,0,0.594150
1,0,0,0,1,0,0,1,0,0,1,0,0,1,0,1,1,0,1,1,0,0,0,0,0,1,1,0,1,1,0,0,0.585225
0,1,0,1,0,1,1,1,0,1,0,1,1,0,0,1,0,1,1,0,1,0,1,1,0,0,0,1,1,0,0,1,0.610481
0,0,1,1,1,0,1,1,0,0,1,0,0,1,1,1,1,1,0,1,1,1,1,0,0,0,1,0,1,1,1,1,0.575767
0,1,1,1,0,1,0,1,1,0,1,0,1,1,1,0,0,0,0,0,0,1,0,0,1,0,0,0,1,0,1,1,0.588875
0,1,0,0,0,1,0,0,1,1,0,0,1,0,0,0,1,0,0,0,0,0,1,1,1,0,0,0,0,1,0,0,0.595482
0,1,0,0,1,1,1,0,0,1,1,0,1,1,0,0,1,1,1,1,0,0,0,0,1,1,1,0,0,0,0,0,0.629129
0,0,0,0,0,1,1,1,1,1,1,0,0,0,1,0,0,1,0,1,0,1,1,1,0,1,1,0,0,0,0,1,0.593803
0,1,1,1,1,1,0,0,1,1,0,0,1,0,1,0,1,1,1,0,1,1,1,0,0,1,0,0,0,1,1,0,0.603261
1,1,0,1,1,1,0,1,0,1,0,1,0,0,1,1,1,1,1,0,0,0,0,0,1,1,1,0,1,0,0,0,0.627264
1,0,1,0,1,1,1,0,0,1,1,0,1,1,0,0,0,0,1,0,0,0,0,1,1,1,1,1,0,0,1,0,0.599451
1,1,0,0,1,1,0,0,0,0,1,0,0,1,1,1,1,0,1,1,1,1,1,1,1,0,0,0,0,0,0,1,0.588715
0,0,1,1,1,1,1,1,1,0,1,0,1,1,1,0,0,0,0,0,0,1,0,1,1,0,0,1,0,1,1,1,0.615063
1,1,0,1,1,0,0,0,1,1,0,1,0,1,0,0,1,0,1,1,1,0,1,1,1,0,0,0,0,0,0,0,0.689551
1,1,1,0,0,0,1,1,1,1,0,1,0,0,1,0,0,0,0,1,0,1,0,1,1,0,0,1,1,0,0,0,0.603687
1,0,0,0,0,1,1,0,1,0,0,0,0,0,1,0,1,1,1,0,0,0,1,1,1,0,1,1,1,0,0,1,0.616475
0,0,1,1,0,0,0,0,0,0,1,0,0,1,1,0,1,1,0,0,0,0,0,0,1,0,0,1,0,0,1,1,0.591192
0,0,1,0,1,0,0,1,1,1,0,1,1,0,1,0,1,0,0,0,1,0,1,1,1,1,1,0,0,0,0,1,0.596201
0,1,0,1,1,1,1,1,1,1,0,0,1,1,0,0,0,1,0,0,0,1,1,0,1,1,0,0,1,0,0,0,0.599265
1,0,0,1,0,1,1,1,0,1,0,0,1,0,0,1,1,0,1,0,1,1,0,1,1,0,1,1,0,1,0,0,0.584106
0,1,0,1,1,0,0,1,1,0,1,0,1,1,0,0,0,1,1,1,1,1,1,0,1,0,0,0,0,1,0,0,0.595428
1,1,1,0,0,0,1,1,1,1,0,1,1,1,0,0,1,1,0,1,0,0,0,0,0,1,1,1,0,0,1,1,0.651508
0,1,0,1,1,1,0,1,0,0,0,1,0,1,0,0,0,0,0,1,0,0,0,1,1,0,1,1,0,0,0,0,0.587329
1,1,0,0,1,1,1,0,0,0,1,0,1,1,1,0,1,1,1,1,0,0,1,1,1,0,0,1,1,0,0,1,0.600064
0,0,1,0,0,1,0,1,1,0,1,0,0,0,0,0,1,0,1,0,0,0,1,0,0,0,0,1,0,1,0,1,0.590233
1,1,1,1,0,1,0,1,1,0,0,1,1,0,0,1,0,1,1,0,0,1,0,0,0,1,0,1,1,0,0,0,0.627451
1,0,0,1,1,1,0,0,1,1,1,0,0,1,1,0,1,0,0,0,0,1,1,0,1,1,0,0,1,1,1,1,0.612132
1,0,0,1,1,0,1,1,0,1,0,1,0,1,0,1,1,1,0,0,0,1,0,1,0,1,1,1,1,1,0,0,0.582481
1,0,1,1,1,1,0,1,0,1,1,0,1,0,1,0,0,1,1,1,1,1,1,1,1,1,0,1,0,1,1,0,0.579311
0,0,0,1,0,1,1,1,0,0,1,0,1,1,1,0,0,1,1,0,1,1,1,1,0,0,0,1,0,1,0,1,0.631447
1,1,1,0,0,0,0,1,0,1,0,1,1,0,1,1,0,1,1,1,1,1,1,0,1,0,0,1,0,1,1,1,0.577419
0,0,1,0,0,1,0,0,1,0,0,1,0,0,0,1,1,1,0,1,0,0,1,1,0,0,1,1,0,0,1,1,0.601902
1,1,0,0,0,1,0,0,0,0,1,0,0,0,1,0,0,0,1,1,1,1,0,1,0,0,0,1,0,1,1,1,0.600037
1,1,1,1,1,1,1,0,0,1,0,1,0,1,1,1,0,0,0,0,1,0,0,1,1,1,1,1,1,0,0,0,0.589594
1,0,0,0,0,1,0,0,0,1,0,0,1,1,0,0,0,1,1,1,1,0,1,1,0,1,0,0,0,0,0,1,0.597799
0,1,0,1,1,0,1,1,1,1,0,0,1,1,0,0,0,1,1,0,1,1,0,1,0,1,1,1,1,1,1,1,0.580563
0,0,1,1,0,0,0,0,1,1,1,0,0,1,0,1,1,1,1,0,1,0,1,0,0,0,0,1,0,0,0,1,0.611040
1,0,0,0,1,1,0,0,1,0,0,1,0,0,1,0,1,1,1,0,1,1,1,0,0,1,0,0,0,1,0,0,0.617647
0,0,1,0,1,0,0,0,1,1,1,0,1,1,1,1,1,0,1,1,0,0,0,1,1,0,1,0,1,1,1,1,0.597160
1,1,0,0,0,1,1,1,1,0,1,1,1,0,0,0,0,1,1,1,1,0,0,0,0,0,0,1,0,0,1,0,0.605605
0,0,1,0,1,0,1,1,1,0,0,1,1,1,0,0,0,0,1,1,1,0,0,0,0,0,1,0,0,0,1,1,0.580669
1,1,0,1,1,0,1,0,0,0,1,1,0,1,1,1,1,0,0,0,1,1,0,1,0,1,0,1,1,0,1,1,0.581841
1,1,1,1,0,0,0,1,0,1,0,0,0,1,1,0,0,0,0,0,1,0,1,0,0,0,0,0,1,1,1,1,0.611600
0,1,0,1,1,0,0,1,1,1,0,0,0,0,0,1,1,0,1,0,0,0,0,0,0,1,1,1,1,0,1,1,0.604993
