1,1,0,0,0,0,1,1,0,0,0,1,0,1,0,1,0,1,1,0,1,1,0,1,0,0,0,0,0,0,1,0,0.662164
0,1,1,1,0,0,0,1,0,1,0,0,0,0,1,0,1,0,1,1,0,1,0,1,1,0,0,1,0,1,0,1,0.637681
1,1,0,0,1,1,1,0,0,1,1,1,0,1,0,0,1,1,1,1,1,1,1,1,1,0,1,0,0,0,1,0,0.617221
1,0,1,1,1,0,1,1,0,0,0,0,1,0,0,1,0,1,0,0,0,1,1,0,0,0,1,1,1,1,1,0,0.606245
1,0,1,1,0,0,0,0,0,0,0,0,0,1,0,0,1,1,0,1,0,1,0,0,1,1,0,0,1,0,1,1,0.606458
0,1,1,0,0,1,0,0,1,0,1,0,0,1,0,1,0,1,0,0,1,1,0,1,1,1,1,1,0,1,1,1,0.571158
0,0,1,0,1,0,0,1,1,1,0,1,1,0,1,0,1,0,1,1,0,0,0,0,1,0,0,1,0,1,1,0,0.625506
0,0,0,0,0,1,1,1,0,1,1,1,1,1,0,0,0,1,0,0,0,1,0,0,1,1,1,0,1,0,1,0,0.620311
1,1,1,0,0,1,0,0,0,0,1,0,0,0,1,0,1,0,0,0,0,0,1,0,1,0,0,1,0,0,0,0,0.593004
1,1,0,1,1,0,1,0,1,0,0,0,0,1,1,1,1,0,0,0,1,1,0,1,0,0,1,1,0,1,0,0,0.593350
0,0,0,0,0,0,0,0,1,1,0,1,1,0,0,1,0,1,1,1,0,1,0,0,0,1,1,1,1,0,0,1,0.624361
1,1,1,0,1,0,0,0,0,1,0,0,0,0,1,1,0,0,0,0,1,1,0,1,1,0,1,0,1,0,0,0,0.606591
0,1,0,1,0,1,0,1,1,0,1,0,0,0,0,0,1,0,0,1,1,1,1,1,1,1,0,1,1,1,0,0,0.590740
1,1,1,0,0,0,0,1,0,1,0,0,1,1,1,0,0,1,0,0,1,0,0,0,1,0,1,0,1,0,0,1,0.595535
0,0,0,1,1,1,0,0,0,0,1,1,0,1,0,1,1,1,1,0,0,1,0,1,0,0,0,0,0,1,1,1,0.578405
1,0,0,0,0,0,1,0,1,1,0,0,0,1,1,1,1,0,0,1,0,0,0,1,1,1,0,1,1,1,1,1,0.604406
1,1,1,1,1,1,1,1,0,1,1,0,0,0,0,0,1,0,1,0,0,1,1,0,0,1,0,1,0,0,1,0,0.611280
0,1,1,0,1,0,0,0,0,0,1,0,0,1,0,1,0,0,0,1,0,1,1,0,1,1,0,0,0,0,1,0,0.639306
1,1,0,0,1,0,0,1,0,0,1,0,0,0,0,0,1,1,0,0,0,1,0,1,1,1,1,0,1,0,1,0,0.607364
0,0,1,1,0,1,0,1,0,0,0,1,0,0,0,1,0,0,0,0,1,1,0,0,0,1,1,1,1,1,1,0,0.615702
0,0,1,1,0,0,1,1,1,1,0,1,1,1,1,1,1,0,0,1,0,0,1,0,0,0,0,0,0,0,0,0,0.655318
0,1,0,1,0,1,0,1,0,1,1,1,1,1,1,1,1,0,1,0,1,0,0,1,0,0,0,0,0,0,1,0,0.604087
0,1,0,1,1,1,1,1,1,0,0,0,1,1,1,1,1,1,1,0,0,0,1,1,0,1,0,0,0,1,0,1,0.702392
1,0,0,1,0,1,0,0,0,1,0,0,0,1,1,0,0,1,1,0,0,0,0,0,0,0,0,0,1,0,0,0,0.625320
1,0,0,0,1,1,1,0,0,1,0,1,0,1,1,1,0,0,1,0,0,1,0,1,0,1,1,0,0,1,1,1,0.604993
0,0,0,1,1,0,1,1,0,1,0,1,1,1,0,1,1,1,1,1,1,1,1,0,1,1,0,1,1,1,0,1,0.626119
0,0,0,0,0,1,0,0,0,0,0,0,1,0,1,0,1,0,0,0,1,1,0,0,0,0,0,0,0,0,1,0,0.657555
0,1,1,1,0,0,0,0,0,1,0,1,1,0,0,1,1,0,1,0,0,1,0,1,1,1,1,1,1,0,1,1,0.662111
0,1,1,0,0,0,0,0,0,0,1,0,1,1,0,0,1,0,1,1,1,1,1,0,0,0,0,1,0,0,0,0,0.673300
0,0,1,1,0,1,0,0,1,1,1,0,0,0,1,0,1,1,1,0,0,0,1,0,1,0,1,1,1,1,0,1,0.586610
1,1,1,1,1,1,0,0,1,1,0,1,1,1,1,1,1,1,0,1,0,1,1,1,0,0,1,1,0,1,1,0,0.580243
0,0,1,0,0,1,1,0,0,0,0,0,0,0,0,1,0,0,0,1,1,0,1,1,0,0,1,1,0,0,0,1,0.615622
1,0,0,0,1,1,0,1,1,0,1,0,1,0,0,0,1,1,1,0,1,1,0,0,0,1,1,0,0,1,1,0,0.606724
1,0,1,0,1,0,0,0,0,0,1,1,1,1,0,1,0,1,0,1,0,1,0,1,0,0,1,0,1,1,0,1,0.591779
1,0,1,0,1,1,1,0,1,0,1,0,0,1,0,1,1,1,1,0,0,1,0,0,1,1,1,1,1,1,0,0,0.596547
1,0,1,0,0,1,0,1,0,1,1,0,0,0,1,0,0,1,1,0,1,1,1,0,1,1,0,1,0,0,1,1,0.586637
0,0,0,0,0,1,1,0,1,1,0,1,0,1,1,0,0,1,0,0,0,1,0,1,0,0,1,1,1,0,0,0,0.615596
0,0,1,0,0,0,1,0,1,0,0,1,0,0,0,1,0,1,1,1,1,0,0,0,0,0,1,0,1,1,0,1,0.597879
0,0,1,1,1,0,1,1,1,0,0,1,0,1,1,0,0,1,0,0,0,0,0,1,1,1,1,0,0,1,1,0,0.596014
0,0,0,0,0,0,0,1,1,0,0,1,0,0,1,1,1,1,0,0,0,1,0,0,0,0,0,1,0,0,0,1,0.654625
1,0,0,0,1,0,1,0,1,0,0,0,0,1,0,1,1,0,0,1,0,1,1,1,0,1,1,1,0,0,0,0,0.631447
0,1,0,1,0,1,0,1,0,1,1,0,1,1,0,1,1,1,0,0,0,0,1,0,1,1,1,1,0,1,1,0,0.611813
1,0,1,1,0,1,0,1,1,0,0,1,0,0,1,1,0,0,1,1,0,1,0,1,1,1,0,0,1,1,0,0,0.602115
1,1,0,0,0,1,1,0,0,1,1,0,0,0,1,0,1,0,1,1,1,1,0,1,1,1,1,0,0,1,1,1,0.575874
0,1,0,1,1,0,0,1,0,0,0,0,1,0,0,0,0,0,0,1,1,0,1,0,1,0,0,1,0,1,0,0,0.606325
0,1,0,0,0,1,0,1,1,1,0,0,0,0,0,0,0,0,1,0,1,0,1,0,0,1,0,0,1,1,0,0,0.646526
1,1,0,1,0,1,1,0,1,0,0,1,0,0,0,1,0,1,0,1,1,0,1,0,1,0,1,0,0,1,1,1,0.590606
1,0,1,0,0,0,1,0,0,0,0,1,0,0,0,1,1,0,0,1,1,1,0,1,1,1,0,0,1,0,0,1,0.609228
1,0,1,0,1,0,1,0,0,1,1,1,1,1,0,1,1,1,0,0,1,0,0,1,0,0,1,0,1,0,1,0,0.611733
1,1,1,1,0,1,1,1,0,0,0,0,0,1,0,0,0,0,0,0,1,0,1,0,0,0,1,1,0,0,1,1,0.605392
1,1,1,1,0,0,0,0,0,1,0,1,1,0,0,0,1,1,1,0,0,1,1,1,1,1,0,1,0,0,1,1,0.613704
0,1,1,0,1,0,0,1,0,1,1,1,0,1,1,0,1,0,0,1,0,1,0,0,1,1,1,1,0,0,1,1,0.594656
1,1,0,0,1,1,1,0,1,0,1,1,0,0,1,1,1,1,1,0,1,1,1,1,0,0,1,0,1,0,0,1,0.587116
0,0,0,0,0,0,0,1,0,0,1,1,1,1,0,0,0,1,1,0,0,1,1,0,1,0,0,0,1,1,0,1,0.666294
1,1,1,0,1,0,0,0,0,0,1,0,1,0,0,0,1,1,0,0,1,1,0,1,0,1,1,0,0,0,1,1,0.611306
0,1,0,0,0,0,1,0,0,1,1,0,0,1,1,1,0,0,1,1,1,0,0,1,0,1,0,1,0,1,1,0,0.633792
1,1,0,1,1,0,1,1,1,0,1,1,0,0,0,1,1,0,0,0,0,1,0,0,0,1,0,1,0,1,0,0,0.594416
1,1,0,1,0,1,0,1,1,1,1,1,0,0,1,0,1,1,0,0,0,1,0,0,0,0,0,0,0,0,0,1,0.597027
0,1,0,1,1,0,0,1,0,1,1,0,1,1,0,0,1,1,1,0,0,1,0,0,0,1,1,0,1,0,1,0,0.611520
1,0,0,1,0,1,1,1,0,0,1,0,0,1,1,0,1,0,1,1,0,0,0,1,1,0,0,0,0,1,1,1,0.601316
1,0,0,0,0,0,0,1,1,1,0,1,0,0,0,0,1,1,0,0,0,1,1,1,1,0,1,1,0,0,0,0,0.611306
1,0,0,1,0,0,1,1,0,1,1,1,0,1,1,0,0,1,0,0,0,1,0,1,1,1,0,0,0,0,1,1,0.609601
0,1,0,1,1,0,0,0,0,0,1,1,0,0,0,0,1,1,1,0,1,0,1,0,0,0,1,1,1,1,1,1,0.605952
1,0,0,0,0,1,1,1,1,1,1,1,1,1,1,1,0,1,1,0,1,1,0,1,1,1,1,0,1,1,0,1,0.565803
1,1,0,0,0,0,1,1,1,0,1,1,0,0,0,0,0,0,1,0,1,1,0,1,1,1,1,0,0,1,1,1,0.596654
0,0,0,1,1,1,1,0,1,1,0,0,0,1,1,1,1,0,1,1,1,0,1,0,0,1,1,0,1,0,1,0,0.617594
1,0,1,0,1,1,1,1,0,1,1,1,1,1,0,0,1,0,1,1,0,1,1,0,0,0,0,0,1,1,1,0,0.723439
0,0,0,1,1,1,1,0,1,0,1,0,0,1,0,1,1,1,1,0,0,0,0,1,0,0,0,0,0,1,0,1,0.614717
1,1,0,1,1,1,0,1,0,1,0,1,0,1,1,0,0,0,0,0,1,0,0,0,1,0,0,1,1,0,0,1,0.594443
0,0,1,1,0,1,1,0,0,1,1,0,1,0,1,0,1,1,1,1,1,1,1,0,0,1,1,1,0,0,0,0,0.611679
1,1,0,1,1,1,1,1,1,1,1,0,1,0,0,1,0,1,0,1,1,0,0,0,0,1,0,0,1,1,0,0,0.604699
0,0,1,1,0,1,0,1,0,0,0,0,1,1,1,0,0,1,0,1,0,1,1,1,0,1,1,1,1,1,0,1,0.601556
0,0,1,1,0,0,0,0,0,1,1,0,0,0,0,0,1,0,1,0,1,0,1,1,0,1,1,0,1,0,0,1,0.608349
1,1,1,0,1,1,1,0,1,0,0,1,1,0,1,0,0,1,1,1,0,1,1,1,0,1,0,1,1,0,0,0,0.600304
1,1,1,0,0,0,0,1,1,1,1,0,1,1,0,0,1,0,1,1,0,0,1,0,1,1,1,0,0,0,1,0,0.621563
0,0,0,0,1,0,0,1,0,1,0,1,1,0,1,0,0,1,0,0,1,1,1,0,1,0,0,0,1,1,0,0,0.632380
1,1,0,0,0,1,0,0,1,1,1,1,1,1,0,1,0,1,0,0,1,0,0,1,1,0,1,1,0,0,1,1,0.591965
0,0,0,1,0,1,0,1,1,0,0,0,0,0,1,0,0,0,0,0,1,0,1,0,0,0,0,1,0,0,1,0,0.600623
1,0,0,1,0,1,1,0,1,0,1,0,0,1,1,0,0,1,1,1,1,0,0,0,1,0,0,0,0,0,0,1,0.607177
1,1,1,0,1,1,0,0,0,0,0,0,1,0,1,1,1,0,0,0,0,1,0,0,1,1,0,1,1,1,1,0,0.601582
1,1,0,1,0,1,0,1,1,0,0,1,1,0,1,0,1,1,0,1,1,0,1,0,0,1,1,0,0,0,1,0,0.593324
1,0,1,1,1,1,0,1,0,0,0,0,1,1,1,1,1,1,0,0,1,0,1,0,0,0,0,1,0,0,1,1,0.618207
0,0,1,1,1,1,0,0,0,0,0,0,1,1,1,0,0,1,1,0,0,1,1,0,1,1,0,1,0,1,1,0,0.627877
0,0,1,0,0,0,1,0,1,1,0,1,1,1,0,0,1,1,0,0,0,1,0,1,0,1,1,1,1,1,1,0,0.589621
1,0,0,1,0,0,0,1,1,0,0,1,0,0,1,1,1,0,0,1,0,1,0,0,1,0,0,1,1,1,1,1,0.619539
0,1,0,0,0,0,0,1,1,0,0,1,1,0,0,0,0,1,0,1,0,0,1,1,0,0,1,0,1,0,1,1,0.627478
1,1,1,1,0,0,0,1,1,0,0,0,1,1,1,1,0,0,1,1,1,1,1,1,0,0,0,0,1,1,1,0,0.633685
0,1,1,1,1,1,0,0,1,0,0,0,0,1,1,1,1,1,0,0,0,0,0,1,0,1,0,1,1,1,0,0,0.588209
1,1,1,1,0,1,0,1,0,0,1,1,0,1,0,1,1,0,1,1,1,0,1,0,0,1,0,0,1,1,0,1,0.606218
0,1,1,1,1,1,0,1,1,0,1,0,1,0,0,1,1,1,0,1,0,0,1,1,1,1,0,1,1,0,0,1,0.554854
1,0,0,1,1,0,0,1,1,0,0,0,0,0,1,0,1,1,1,0,1,0,1,1,0,0,0,0,0,1,0,1,0.621537
1,0,0,0,0,1,0,1,0,1,1,1,1,1,0,1,1,0,0,1,0,1,1,1,1,0,0,1,0,1,1,0,0.611360
0,1,1,1,0,1,0,1,0,1,1,1,1,1,0,1,1,0,1,0,0,0,0,1,0,0,1,0,1,1,1,0,0.608669
0,0,1,0,0,0,1,1,0,1,1,1,1,1,1,0,0,1,0,1,0,1,1,1,1,0,1,0,1,1,1,0,0.629822
1,1,1,0,0,0,1,0,0,0,0,1,0,1,1,1,0,1,1,1,0,0,0,1,0,1,0,1,0,1,1,1,0.592498
0,0,0,1,1,0,0,1,0,1,0,1,1,1,1,0,1,1,1,1,0,1,1,1,0,0,0,0,0,0,0,1,0.662111
0,0,0,1,1,1,1,1,0,0,0,0,1,0,1,1,0,0,1,0,1,0,1,1,1,0,0,0,0,1,1,0,0.642050
1,1,0,1,1,1,1,1,1,0,0,1,0,0,1,0,0,1,0,1,1,1,0,0,0,0,0,1,0,1,1,1,0.611200
0,0,1,1,1,0,1,1,0,1,1,0,0,1,0,1,1,0,1,1,0,0,0,0,0,1,0,0,0,0,1,0,0.619672
1,0,1,1,0,1,0,1,1,0,0,0,1,1,1,0,0,0,1,0,0,0,1,0,0,1,1,1,1,1,0,1,0.589301
1,1,1,0,1,1,1,1,1,1,1,0,0,0,0,1,1,1,0,0,1,0,0,1,0,0,1,0,0,0,0,1,0.582561
0,0,1,1,0,1,0,1,0,0,1,1,1,1,1,0,0,1,1,0,0,0,0,1,0,0,0,1,1,0,0,0,0.602968
1,1,0,0,1,1,0,1,0,0,1,0,0,0,0,0,1,1,1,1,1,1,1,1,0,1,0,1,1,0,1,1,0.626732
0,0,1,0,1,1,0,1,1,1,1,1,0,1,1,1,0,1,0,0,0,0,0,0,0,1,0,1,0,0,1,1,0.591539
0,0,1,0,1,0,1,1,1,0,1,1,1,0,1,0,0,1,1,0,0,1,0,0,0,1,0,0,0,1,1,1,0.591539
1,1,0,0,1,0,1,0,1,0,0,0,1,1,1,0,0,1,0,1,0,1,0,1,1,1,0,0,0,0,0,1,0.633925
1,1,1,1,1,0,1,0,1,1,1,1,1,0,0,1,0,1,1,1,1,0,1,1,1,0,1,0,1,1,0,0,0.592338
1,0,1,0,0,0,0,0,0,0,0,1,1,1,1,1,1,0,1,0,1,0,0,1,1,1,1,1,0,1,0,0,0.617407
1,1,1,1,0,1,1,0,1,1,0,1,1,1,0,1,0,0,1,1,0,0,0,1,1,1,1,1,1,0,0,1,0.567455
1,1,0,1,1,1,1,0,1,1,1,1,0,0,0,0,1,1,1,1,0,1,0,0,1,1,0,0,0,0,1,1,0.600570
0,0,1,0,1,1,0,0,1,1,0,0,0,1,0,1,0,0,0,0,1,0,0,0,1,1,1,0,0,1,1,0,0.612772
0,0,0,0,1,1,1,1,0,0,0,0,1,1,1,0,0,0,0,0,1,1,0,0,1,0,0,1,0,1,0,0,0.669437
0,0,1,1,0,0,1,1,1,1,0,0,1,0,1,1,0,1,0,1,1,1,1,0,1,1,1,1,1,1,1,0,0.579524
1,0,0,0,0,0,0,1,1,0,1,0,1,0,1,1,1,0,1,0,0,1,1,0,1,0,1,1,1,0,1,0,0.597320
0,1,1,1,0,1,1,1,0,0,1,0,1,1,0,0,0,1,0,1,1,0,0,1,1,1,1,1,0,1,1,0,0.582960
0,1,0,1,1,1,0,0,0,0,1,0,1,0,1,1,0,0,1,0,0,1,1,1,0,1,1,1,0,1,0,0,0.605525
0,1,1,1,1,0,1,1,1,1,0,0,0,0,0,0,1,1,0,0,1,1,1,0,1,1,1,0,1,1,0,1,0.583893
0,0,1,1,0,0,0,0,1,1,0,0,1,0,0,1,0,0,1,1,0,1,0,0,0,1,1,1,0,1,0,0,0.616368
0,0,0,0,1,1,0,1,0,1,1,1,1,0,0,1,0,1,0,0,0,0,0,0,0,1,1,1,1,0,0,1,0.638081
0,0,0,0,1,1,1,0,0,0,0,1,0,1,0,1,1,0,1,1,1,0,1,0,1,0,1,0,0,0,0,0,0.616688
1,1,0,0,1,0,1,1,0,1,1,1,0,1,1,0,0,1,1,0,1,0,1,0,1,0,0,1,1,0,0,0,0.617034
0,1,1,1,1,0,0,0,0,0,1,1,0,0,0,1,0,0,0,1,1,0,1,1,0,0,0,1,1,0,0,1,0.629609
1,1,0,1,1,0,1,1,0,0,1,0,1,0,1,1,1,0,1,0,1,1,0,1,1,1,0,1,0,1,0,1,0.577819
0,0,0,1,1,0,0,1,0,0,1,0,0,1,0,0,1,1,0,1,1,1,0,1,1,1,1,1,1,0,0,0,0.615995
1,1,0,1,1,0,1,0,0,1,1,0,0,0,0,1,0,1,0,0,1,0,1,0,1,0,1,1,0,1,1,0,0.603874
1,0,0,0,1,0,1,1,1,1,0,0,1,1,0,1,1,0,0,0,1,1,1,0,1,0,1,0,0,1,1,0,0.657422
0,1,1,1,1,1,0,1,0,1,0,0,1,0,0,0,0,1,1,0,1,1,1,1,1,1,1,1,1,0,1,1,0.581495
1,0,0,1,1,0,0,1,1,1,0,1,0,0,0,1,0,0,0,0,1,0,1,0,1,0,1,0,1,0,0,0,0.594203
