0,0,0,0,0,1,1,0,1,0,1,1,0,1,0,1,1,0,0,0,1,0,1,1,0,1,0,1,0,1,0,0,0.603474
0,0,1,1,0,1,0,1,1,0,1,0,0,0,1,0,0,1,1,0,1,0,1,1,1,1,0,1,1,1,0,1,0.597400
0,0,1,0,1,1,0,0,1,1,1,1,0,1,0,1,0,1,0,0,1,0,1,0,1,1,0,1,1,0,1,0,0.612106
0,1,0,0,0,0,1,0,1,0,1,0,0,1,0,1,1,1,0,1,0,0,1,1,1,0,0,1,1,0,1,1,0.576220
1,0,0,1,1,0,0,1,0,1,1,0,1,1,1,1,0,1,1,1,0,1,1,0,0,1,0,0,0,0,0,1,0.605818
0,1,0,0,1,0,1,1,0,1,0,1,1,0,0,0,1,0,1,1,1,0,1,1,1,0,1,1,0,1,1,0,0.589967
0,1,1,1,0,1,0,0,0,1,1,1,0,1,0,0,1,0,0,0,1,0,0,0,0,1,1,1,0,0,1,0,0.608296
0,0,0,1,1,1,1,0,1,1,0,1,1,0,0,1,1,1,0,1,1,1,0,1,1,0,0,1,0,1,1,1,0.558584
0,0,1,0,0,1,1,1,0,0,0,0,1,0,0,1,0,1,1,1,1,0,0,0,0,1,1,0,0,0,1,0,0.613331
1,1,0,1,1,0,0,0,0,0,1,1,0,1,1,1,1,1,0,1,1,0,0,1,0,0,0,1,1,1,0,0,0.585678
0,0,1,1,1,1,0,0,0,1,0,1,1,0,1,1,1,0,0,1,0,1,0,1,0,1,0,0,0,0,1,1,0.612639
0,1,0,0,0,1,1,1,1,1,1,1,0,1,1,1,0,0,1,0,1,0,1,1,1,1,0,1,1,1,0,0,0.587889
0,0,1,0,0,0,0,0,0,1,1,1,1,1,0,0,0,0,0,0,1,0,0,1,1,0,0,0,0,1,0,0,0.612132
0,0,1,1,0,0,1,1,1,0,0,1,1,1,0,1,0,1,1,0,1,0,0,0,0,0,0,0,0,1,0,0,0.631341
1,1,0,1,1,0,0,0,0,1,1,0,0,1,0,0,0,1,1,0,1,1,0,0,0,1,1,0,0,0,0,1,0.635603
0,1,1,1,1,0,0,1,0,0,0,1,1,1,0,1,0,1,1,1,1,1,1,1,0,0,1,1,1,1,1,0,0.601289
1,1,1,1,0,1,0,1,0,1,0,0,0,1,0,1,1,1,0,1,1,1,0,0,1,1,1,1,0,0,0,0,0.618766
0,1,0,0,1,0,0,0,1,0,0,1,1,1,0,0,1,0,0,1,0,0,1,0,1,0,1,0,0,0,0,1,0.618073
0,1,0,1,1,1,1,0,1,0,1,1,1,1,1,1,1,1,0,1,1,1,1,1,0,1,0,1,1,0,0,0,0.590020
0,0,0,1,1,0,0,1,1,0,0,1,1,0,0,0,1,1,1,1,0,1,0,0,1,0,0,1,0,0,0,0,0.610907
1,1,1,0,1,0,1,1,1,0,1,1,0,1,0,1,1,1,0,1,1,1,1,0,0,0,0,0,1,0,0,1,0.594123
1,1,1,1,0,0,1,0,0,0,0,1,1,0,1,0,1,0,0,1,1,1,1,1,1,1,1,1,1,0,1,0,0.635763
1,0,1,0,0,1,1,0,0,0,1,0,1,0,0,1,0,0,1,1,0,1,0,0,1,0,1,0,0,0,1,1,0.613837
1,1,1,1,1,1,1,0,1,1,0,0,1,1,1,0,0,1,1,0,1,0,1,1,0,1,1,0,1,1,1,1,0.543878
1,1,0,1,0,0,0,1,0,0,1,1,1,0,1,1,0,0,1,0,0,1,1,1,0,0,0,0,0,0,0,0,0.612186
1,0,0,0,0,0,0,1,1,0,0,1,0,1,0,1,0,0,0,0,0,1,1,0,1,0,0,0,1,0,1,0,0.603607
1,0,0,1,1,1,1,0,1,0,1,0,1,1,1,0,1,0,0,0,0,0,1,0,1,1,1,0,1,0,1,0,0.634671
0,1,0,0,0,0,0,1,1,1,0,0,0,0,0,0,1,0,0,0,0,0,1,0,1,1,1,1,0,1,0,1,0.601636
0,0,0,1,1,0,1,1,0,0,1,1,0,0,0,0,1,0,1,0,0,1,1,1,1,0,0,1,0,0,1,1,0.606804
1,0,0,0,0,1,1,1,0,0,1,1,1,1,0,0,0,1,1,0,1,1,1,0,0,1,1,0,0,0,0,1,0.604140
1,0,1,0,0,1,0,1,1,0,0,0,0,0,1,0,1,1,0,1,0,1,1,1,0,1,1,1,1,1,1,1,0.575208
1,0,0,0,1,1,1,1,1,1,1,0,1,0,1,1,1,1,0,0,1,0,1,0,0,1,0,1,0,0,0,1,0.588022
1,0,1,1,1,0,0,0,1,1,1,1,0,0,0,0,1,1,1,1,0,1,0,1,1,0,0,1,1,1,0,0,0.632140
0,0,0,0,1,1,1,0,0,1,1,1,0,0,0,0,0,0,1,1,1,0,0,0,1,0,1,0,1,1,0,0,0.602888
1,0,1,1,1,0,0,0,1,1,0,1,0,1,0,0,1,0,1,1,1,1,0,1,0,1,1,1,0,0,0,1,0.615090
1,0,0,1,0,0,1,0,1,1,1,0,0,0,0,1,1,1,0,1,0,1,0,0,1,0,0,1,0,0,0,1,0.626732
0,0,1,0,1,1,0,1,1,1,0,1,1,0,0,0,0,0,1,1,1,0,1,1,1,0,0,0,1,1,0,0,0.615889
1,1,1,0,0,0,1,0,1,0,0,1,0,1,0,0,1,1,0,0,1,0,0,1,1,1,1,0,0,1,1,0,0.631554
0,0,1,0,0,0,1,0,0,0,1,1,1,0,0,0,0,1,0,1,1,0,0,1,1,1,1,0,0,0,1,0,0.603687
0,1,0,1,1,0,0,0,1,1,1,0,0,1,1,0,0,0,0,0,1,1,0,0,0,1,1,1,0,1,1,0,0.615249
1,1,1,1,1,1,0,1,0,1,0,0,0,0,0,1,1,0,1,0,0,1,1,1,0,0,0,1,1,0,1,1,0.569613
1,1,0,1,1,1,0,1,0,1,1,0,1,1,0,0,1,1,1,1,1,0,1,0,1,0,1,1,1,0,0,1,0.597640
1,1,1,1,0,1,1,0,1,1,0,1,1,1,1,1,1,0,0,1,1,0,0,1,1,0,0,1,1,1,0,0,0.603847
1,1,1,1,0,1,0,0,0,0,0,1,0,1,1,0,1,1,1,1,1,0,1,0,0,0,0,1,0,0,0,0,0.599105
0,0,1,0,0,1,1,0,1,0,1,0,1,0,0,0,0,1,1,1,0,1,0,1,1,0,0,1,0,1,1,1,0.599931
1,0,0,0,0,1,1,1,1,1,0,0,0,0,1,1,0,1,1,0,1,1,0,0,0,0,0,0,1,1,0,0,0.591139
1,0,0,1,1,1,0,1,1,1,1,1,1,0,0,0,0,0,0,0,0,0,0,1,1,0,0,0,1,0,1,0,0.606591
1,1,1,1,0,0,0,0,1,0,1,1,1,0,1,0,1,1,1,1,1,0,1,0,1,0,0,0,0,1,0,1,0.593164
1,1,1,0,1,0,0,1,0,0,0,0,1,0,1,0,0,1,1,1,0,0,1,0,0,1,1,1,0,0,0,1,0.597986
0,1,0,0,1,1,1,0,0,0,0,0,0,1,0,1,0,1,0,0,0,0,1,1,1,1,0,0,1,1,0,0,0.589328
1,1,0,1,0,1,0,0,1,0,0,1,0,1,1,1,1,1,0,0,0,1,0,0,0,0,0,0,0,1,1,0,0.621270
1,1,1,0,1,0,0,1,1,1,1,1,1,1,0,1,0,0,0,1,0,0,0,1,0,0,0,0,0,1,1,0,0.589061
0,0,0,1,1,1,1,0,0,0,1,1,0,1,0,1,0,0,1,1,1,0,1,0,0,1,0,0,1,1,0,0,0.590020
1,1,0,1,1,0,1,1,1,0,1,0,1,0,0,0,1,1,0,0,0,0,0,1,0,0,1,1,1,1,0,1,0.593457
0,1,1,0,0,1,1,0,1,0,0,1,1,1,0,0,1,0,1,1,1,1,1,1,0,1,1,0,0,0,1,1,0.582134
0,1,0,1,0,1,1,0,0,1,1,0,1,0,0,1,1,1,0,1,1,1,1,0,0,0,0,1,0,0,1,0,0.598918
1,0,0,1,0,1,1,0,1,0,0,0,1,0,1,1,1,0,1,0,0,1,1,0,1,0,0,1,1,1,1,0,0.610374
0,1,0,0,1,0,0,0,1,0,1,1,1,1,1,0,1,0,0,1,0,1,1,0,0,1,0,0,0,1,1,1,0.588289
0,0,0,0,1,1,0,1,1,1,0,1,1,1,0,1,0,0,1,0,0,0,1,1,0,1,1,1,0,0,0,1,0.605472
1,0,0,1,0,0,1,0,0,1,1,0,0,1,1,0,0,0,1,0,0,1,0,1,1,0,0,1,0,1,1,0,0.596148
1,0,0,1,0,0,1,0,1,1,1,1,0,0,0,0,1,0,1,0,0,0,1,1,1,1,1,0,0,1,0,1,0.597773
0,0,0,1,0,1,1,0,0,1,1,1,1,0,0,1,0,0,1,0,0,1,1,1,0,0,1,0,0,1,0,1,0.619139
1,0,0,1,1,1,0,0,0,0,1,0,0,1,0,1,1,1,0,1,1,1,1,1,1,0,0,0,0,1,0,1,0.564445
0,0,1,0,1,1,0,1,1,0,1,0,1,1,1,1,0,0,0,0,0,1,0,1,0,0,1,0,0,0,1,0,0.564125
0,1,0,1,1,0,0,1,0,1,1,0,1,0,1,0,1,0,1,0,0,1,0,1,1,0,0,0,0,1,1,1,0.588555
1,1,1,1,0,1,0,0,0,0,0,0,1,0,1,1,0,1,0,1,1,1,0,0,0,0,1,1,1,1,0,0,0.572810
1,1,1,0,0,1,1,0,0,0,0,0,0,0,0,1,1,1,1,1,1,0,1,1,0,1,0,0,1,0,0,1,0.602275
1,0,1,1,1,0,1,1,0,0,1,0,1,0,0,0,1,0,0,0,1,1,1,1,1,1,1,1,1,0,0,0,0.648657
0,1,0,1,0,0,0,0,0,1,1,0,1,1,0,0,0,1,0,1,1,1,1,1,1,1,0,0,0,1,0,1,0.592205
1,1,1,0,0,1,1,0,1,1,1,0,1,1,1,1,0,0,1,1,1,0,0,1,1,1,0,0,1,0,0,1,0.594230
1,0,1,1,1,1,0,1,0,0,0,0,1,1,0,0,0,1,0,0,0,1,0,0,1,1,0,0,1,0,0,0,0.607310
1,0,0,0,0,1,1,1,1,0,1,0,1,0,1,1,0,1,0,1,0,0,1,0,0,0,1,1,1,0,1,0,0.579817
1,1,1,0,1,0,1,0,0,1,1,0,0,0,0,0,1,0,1,1,0,0,0,1,1,0,0,1,0,1,0,1,0.614237
0,1,0,1,0,1,0,0,0,0,1,1,1,1,0,0,0,0,0,1,1,0,0,0,1,0,1,0,1,0,0,1,0.591512
0,1,0,1,0,0,0,0,1,1,0,0,1,0,1,0,1,1,0,1,1,0,0,0,0,1,1,1,1,0,1,1,0.597640
1,1,1,0,1,0,0,1,0,0,0,0,0,0,0,1,1,0,1,0,1,0,0,0,1,0,1,1,0,1,1,0,0.610640
0,1,0,1,0,1,0,0,0,1,0,1,1,0,1,0,0,0,0,1,1,0,0,0,0,1,0,1,1,0,0,0,0.609308
0,0,0,0,1,0,0,1,0,0,0,1,1,1,1,0,0,1,1,0,0,0,0,0,1,1,1,1,1,1,1,0,0.593564
0,0,1,1,1,1,1,1,1,1,0,1,0,1,0,0,1,1,0,1,0,1,0,0,0,1,0,0,0,1,0,1,0.615196
0,1,0,1,1,1,1,1,1,1,1,0,1,0,1,0,0,0,1,0,1,1,1,0,0,0,0,1,0,1,1,0,0.594043
0,0,0,1,1,0,0,0,0,0,0,0,0,0,1,0,0,0,1,0,0,0,1,1,0,0,0,0,1,0,1,0,0.571984
1,0,0,1,0,1,1,0,0,0,1,0,0,1,1,0,1,0,0,0,1,1,0,1,1,0,0,1,1,0,1,1,0.599851
0,0,1,1,1,1,0,0,0,0,0,0,0,0,1,0,0,0,1,1,1,1,0,0,0,0,0,0,0,1,1,0,0.646766
0,1,0,0,1,1,1,1,0,1,1,0,1,1,0,1,1,1,1,0,0,1,1,0,1,0,0,0,1,0,1,1,0.550805
0,1,0,0,0,0,1,0,0,1,0,1,0,1,1,1,1,1,0,1,1,1,1,1,1,1,0,0,1,1,0,1,0.561807
0,1,1,1,0,0,1,0,1,1,1,0,1,1,1,0,1,1,0,0,1,1,0,1,1,1,1,0,0,0,1,0,0.597693
1,0,0,0,0,1,0,0,1,0,0,0,1,0,0,1,1,0,1,1,0,1,0,0,0,0,1,0,0,0,0,0,0.623615
0,0,0,1,0,0,1,0,0,1,1,1,0,0,0,0,1,1,0,1,0,1,1,0,0,1,0,1,1,0,1,1,0.602755
1,1,0,0,0,0,1,0,1,1,1,1,0,0,0,0,1,1,0,0,1,1,0,0,0,0,1,0,1,0,0,1,0.619991
0,0,1,0,0,1,1,1,0,1,0,1,0,0,1,1,1,1,0,1,0,0,0,0,0,0,0,1,0,1,1,1,0.634538
0,0,1,0,0,1,0,0,0,1,1,1,0,0,1,1,1,0,1,1,0,0,1,0,0,1,0,1,0,1,1,0,0.599771
1,0,1,0,0,1,1,1,1,0,1,0,1,1,1,1,1,1,0,0,1,0,0,1,0,0,1,0,1,1,0,1,0.547794
1,1,0,1,0,0,0,0,1,1,1,1,1,0,0,1,1,1,1,1,1,0,0,0,0,1,1,1,1,1,1,0,0.590793
1,1,0,1,0,1,1,1,1,1,1,0,0,1,0,1,1,0,0,0,1,1,1,1,0,0,1,0,0,0,0,0,0.600304
1,1,0,0,1,0,1,0,0,0,0,1,0,0,0,0,1,0,1,0,1,1,0,1,1,1,0,0,1,0,0,1,0.623135
0,0,0,0,0,0,0,0,0,1,0,0,1,1,0,0,1,0,0,0,1,1,1,0,1,1,0,0,1,1,0,1,0.626732
1,1,1,0,1,1,0,0,0,1,0,1,0,0,1,1,0,1,1,0,0,1,1,1,1,1,1,0,0,0,0,0,0.601236
1,1,1,1,1,1,0,1,0,1,1,1,1,0,1,1,0,1,0,1,0,0,1,1,1,1,0,1,0,1,0,1,0.585251
1,1,0,1,1,0,1,0,1,0,0,1,0,1,0,0,0,1,0,0,1,0,0,0,1,1,1,1,1,0,1,1,0.612585
1,0,1,1,0,1,1,1,0,1,0,1,1,0,1,0,0,0,0,1,0,0,0,0,1,0,1,1,0,1,0,0,0.597133
0,0,0,0,0,0,0,0,0,0,1,0,0,0,1,0,0,1,0,1,0,0,1,1,1,1,0,0,1,1,0,0,0.579311
0,1,1,1,1,1,1,1,1,1,1,0,0,1,0,1,1,1,0,1,0,1,0,0,1,1,1,1,1,0,1,1,0.563006
1,1,1,1,0,0,1,1,0,0,0,1,1,1,0,0,0,0,0,1,1,1,1,1,1,0,0,0,1,1,0,0,0.575261
1,0,1,0,0,0,0,1,1,0,1,0,0,0,1,0,1,0,1,0,0,1,0,0,1,1,1,0,0,0,0,1,0.617301
0,0,1,1,0,1,0,0,0,0,1,1,0,0,1,0,0,1,0,1,0,1,1,0,1,0,0,0,1,0,0,1,0.603128
1,1,0,1,0,1,0,1,1,1,1,1,0,1,1,0,0,0,1,1,0,1,0,0,1,1,0,1,0,0,0,0,0.612452
0,0,0,0,0,0,1,0,0,0,1,0,1,0,1,1,0,0,0,0,0,1,0,0,0,0,1,0,0,1,1,1,0.543132
0,1,1,0,1,0,0,1,0,0,1,0,0,0,1,0,1,0,0,0,0,1,1,1,0,1,0,0,0,0,0,1,0.601476
0,1,0,0,1,0,1,1,1,1,1,0,0,1,1,1,1,1,0,0,1,0,0,0,0,0,0,0,0,0,0,0,0.610267
0,0,1,1,1,0,1,1,0,1,1,1,0,1,1,0,0,1,0,0,1,0,1,1,0,1,0,1,1,0,1,1,0.614530
0,0,1,1,0,1,1,0,1,1,0,1,0,0,1,0,1,1,0,0,0,0,0,1,1,0,1,1,0,1,0,1,0.597879
1,0,1,1,1,0,0,0,1,1,0,1,0,1,0,1,0,1,1,1,0,1,1,1,0,0,1,0,1,1,1,0,0.582641
0,1,0,1,1,0,1,1,0,1,1,1,0,0,0,0,1,0,1,1,0,0,0,1,0,0,0,1,1,0,0,0,0.619112
0,0,1,0,0,1,1,1,1,1,0,1,1,0,1,0,0,1,1,0,0,0,1,1,1,0,1,1,1,1,1,0,0.600810
0,0,1,1,1,1,0,1,1,1,1,1,1,0,1,0,0,0,1,0,0,0,0,0,1,1,0,0,0,1,1,1,0.595775
0,1,0,1,1,0,0,1,0,1,0,1,1,0,0,0,0,0,1,1,0,0,1,1,0,1,1,0,0,1,1,1,0.619618
1,1,0,1,1,0,0,0,0,0,0,0,0,1,0,1,0,1,1,1,1,1,0,1,1,1,0,1,0,0,0,0,0.603527
1,0,0,0,0,0,0,0,0,0,1,0,0,0,1,0,1,0,0,1,1,0,1,1,1,1,0,1,0,0,0,1,0.616768
0,0,1,0,1,0,1,0,1,0,1,1,1,0,1,1,0,0,1,1,1,1,1,0,1,1,0,1,1,0,1,1,0.607550
1,1,0,1,1,0,0,1,0,1,0,1,0,0,0,0,0,1,0,0,1,0,1,0,0,1,0,1,0,0,1,1,0.628756
0,0,1,1,0,0,1,0,1,0,0,0,1,1,1,0,1,0,0,1,0,1,1,1,0,0,0,0,0,1,0,1,0.563912
1,0,1,0,0,0,1,0,0,1,0,1,0,0,1,0,0,1,1,1,1,0,1,1,1,0,0,0,1,0,1,0,0.620471
0,0,1,0,0,0,0,0,1,1,1,0,1,1,1,1,1,0,1,0,0,0,0,1,1,1,1,0,1,0,1,1,0.605232
1,0,0,0,1,1,0,1,1,1,1,0,0,1,1,0,0,0,0,0,0,0,0,1,0,1,1,0,1,1,1,0,0.601076
0,0,0,0,0,1,1,1,0,1,0,0,1,0,0,1,0,0,0,0,1,1,1,0,0,1,1,1,1,0,0,0,0.542306
0,1,1,1,1,0,0,0,1,1,1,0,0,1,1,0,0,1,0,0,0,1,0,0,0,1,0,0,0,1,1,1,0.613971
0,0,0,1,1,1,0,1,1,0,0,1,0,1,1,0,0,0,0,1,0,0,0,1,1,0,1,1,0,1,1,0,0.592551
0,1,0,1,1,1,1,0,0,1,1,1,1,0,0,0,0,0,1,0,1,1,1,0,0,1,0,0,1,1,0,0,0.603660
