1,0,0,1,1,0,1,1,1,1,0,1,0,0,1,0,0,1,1,1,0,0,0,0,0,0,0,0,0,0,1,1,0.631660
0,1,0,0,0,0,0,0,0,0,0,1,0,0,0,1,0,0,1,1,0,0,1,1,1,0,0,0,1,0,0,0,0.820226
0,1,0,1,0,0,0,1,1,0,1,1,0,1,1,1,1,1,0,1,1,0,1,0,1,1,0,1,1,1,0,1,0.656064
1,1,1,0,0,1,1,1,1,1,0,1,1,0,1,1,1,1,1,0,0,0,0,1,1,1,1,1,0,0,1,0,0.627904
0,0,0,0,0,1,0,1,0,0,0,0,0,1,1,0,0,0,1,1,0,0,0,1,1,0,0,0,0,0,0,0,0.845295
0,1,1,0,0,0,1,0,0,1,0,1,1,1,0,0,0,0,1,0,1,1,1,1,1,1,1,1,0,0,0,0,0.685795
0,0,1,0,0,0,1,1,1,1,0,0,0,0,0,1,0,1,0,1,0,1,0,1,1,0,1,1,0,0,1,1,0.685822
1,0,0,1,0,0,1,1,1,0,0,1,0,1,0,0,1,0,0,0,0,1,0,1,1,1,0,0,1,1,0,0,0.653346
1,1,0,0,0,0,1,1,0,1,1,0,1,1,0,1,1,0,0,0,1,1,1,0,0,0,0,0,1,0,1,1,0.353794
0,0,0,0,0,0,0,1,0,1,0,0,0,1,1,1,0,0,1,0,1,0,0,0,1,0,1,1,1,0,1,0,0.863171
1,1,1,1,0,1,0,0,0,0,0,0,0,0,1,0,0,1,1,1,0,0,1,0,0,1,1,1,0,1,1,0,0.636988
1,1,1,0,1,1,0,1,1,1,1,1,1,0,1,0,0,0,0,1,0,1,0,1,0,0,1,0,1,1,0,1,0.430920
1,1,1,0,0,0,0,1,0,0,0,0,0,0,0,1,0,1,0,1,1,1,1,0,0,1,0,0,0,0,0,0,0.661312
0,1,1,1,0,1,0,1,0,0,1,0,1,1,0,1,1,1,1,1,0,1,0,1,0,1,0,1,1,0,1,1,0.519634
0,0,1,0,1,1,1,0,1,0,0,0,1,0,0,1,0,0,1,1,0,0,1,0,1,1,0,1,0,1,0,1,0.733509
1,1,1,1,0,1,1,0,0,1,0,0,0,0,1,1,1,1,1,1,1,1,0,0,1,1,0,1,0,1,0,1,0.541800
0,1,0,0,1,1,1,0,1,1,0,1,0,1,1,1,0,0,0,0,1,1,0,0,1,1,0,1,0,0,0,1,0.775575
1,1,0,0,1,1,0,1,0,0,1,1,0,1,1,0,0,1,0,0,0,1,0,0,0,1,0,1,0,1,1,1,0.555520
0,0,1,1,1,0,1,1,0,0,1,0,0,1,1,0,0,0,1,1,0,0,1,0,1,0,1,0,1,1,1,0,0.790468
1,1,0,0,1,0,0,0,0,0,0,0,0,0,1,0,0,1,0,1,0,0,0,1,1,1,0,1,0,0,1,0,0.741475
0,0,1,1,1,0,1,0,0,0,1,1,0,1,1,1,0,1,0,1,1,1,1,1,0,1,1,1,0,0,0,1,0.830909
0,1,1,1,1,1,0,0,0,1,0,1,1,0,1,0,0,0,1,1,0,1,0,0,1,1,1,0,0,0,0,1,0.721121
0,0,0,0,0,1,1,0,0,1,1,0,0,1,0,1,1,0,1,1,0,1,0,0,1,0,0,1,1,1,1,0,0.748135
0,1,1,1,0,1,1,1,0,0,1,1,0,1,1,1,0,0,1,1,0,0,1,1,1,0,1,1,1,0,0,0,0.610267
0,1,1,1,0,1,1,0,1,1,1,0,0,0,0,0,0,0,0,0,1,0,1,0,0,1,1,0,0,0,0,0,0.732870
0,0,0,0,0,0,0,0,1,1,1,1,1,1,0,0,1,1,1,0,1,1,1,0,0,1,0,1,1,0,1,0,0.653346
0,0,0,0,0,1,0,1,0,1,0,1,0,1,1,0,0,1,1,0,0,1,1,0,1,0,1,1,0,1,0,1,0.853900
1,1,0,0,1,0,1,1,0,1,0,0,0,0,0,1,0,0,1,1,1,1,1,0,0,0,0,0,0,1,0,0,0.653639
1,0,1,1,0,0,1,0,1,0,0,0,1,1,0,0,1,1,1,1,1,1,0,1,1,0,0,0,0,0,0,0,0.803362
1,1,1,1,0,0,0,1,1,0,1,1,0,1,0,0,0,0,0,0,1,1,0,1,1,0,1,1,0,0,1,1,0.527760
1,0,1,0,1,1,1,1,1,0,0,0,1,0,1,1,0,0,1,0,0,0,1,0,1,1,1,0,1,1,1,0,0.604993
0,0,1,1,0,0,1,0,0,0,1,1,1,1,0,1,1,0,1,1,0,0,0,0,0,0,1,1,0,1,1,0,0.760097
0,0,1,1,1,1,1,0,1,0,1,0,0,1,1,0,1,1,0,0,0,0,0,1,1,0,0,1,1,0,0,1,0.654465
1,0,1,0,1,1,0,0,0,1,1,1,0,1,0,1,0,1,1,0,0,0,1,0,0,1,1,0,0,1,0,1,0.546329
0,0,0,0,1,0,0,0,1,1,1,0,0,0,0,1,1,0,1,0,0,1,1,1,0,0,1,0,1,1,0,1,0.686914
0,0,1,1,1,0,1,1,1,0,0,1,1,1,0,0,1,1,1,1,0,1,0,0,0,0,1,0,0,1,0,0,0.652867
0,0,1,0,0,1,0,0,1,1,0,1,0,1,1,1,1,0,1,0,0,1,0,0,0,0,1,0,1,0,1,1,0.671862
0,0,0,1,0,0,0,1,1,1,1,1,1,1,0,1,1,1,0,1,1,0,1,0,0,1,0,1,0,1,0,1,0.712356
0,1,0,1,0,0,1,0,1,1,1,1,1,1,1,0,0,0,0,0,0,1,0,0,1,1,1,1,1,1,1,0,0.761882
0,1,1,0,0,1,1,1,0,0,0,0,1,0,0,1,0,1,1,1,0,1,1,1,1,0,1,0,1,1,0,1,0.619592
0,0,0,1,1,0,1,1,1,0,1,0,1,1,1,0,0,1,1,0,0,0,1,0,0,0,0,0,0,1,1,1,0.790255
0,0,1,0,1,0,1,0,1,0,1,1,0,1,1,0,0,0,1,0,0,0,0,1,0,1,0,1,0,1,0,1,0.847107
1,0,1,0,1,0,0,1,1,0,0,0,0,1,0,0,1,0,1,0,0,1,0,1,0,0,1,1,1,0,0,0,0.660193
1,0,0,0,1,1,0,0,1,1,0,0,1,0,0,0,1,1,0,0,0,1,1,0,1,0,1,0,1,0,1,0,0.667173
1,0,0,1,1,0,0,0,0,1,0,1,1,0,1,1,1,0,1,1,1,0,1,0,0,1,1,0,1,0,1,1,0.554561
1,0,1,0,0,0,0,1,1,1,1,0,1,1,1,1,1,0,0,1,0,0,1,0,0,1,0,1,0,1,1,0,0.638640
1,0,1,1,1,0,0,1,1,1,0,1,1,0,1,1,0,0,1,1,0,0,0,1,1,1,1,0,0,0,0,1,0.593750
1,1,0,1,0,1,0,1,0,0,1,1,0,1,0,1,1,0,1,0,1,0,0,0,0,1,1,0,1,1,1,0,0.583360
0,0,1,1,0,0,0,0,1,1,0,1,0,1,1,0,0,1,1,1,1,1,1,0,0,0,1,0,1,1,0,0,0.689232
1,1,1,0,0,1,1,1,1,0,1,0,0,0,0,0,1,0,1,1,1,1,1,0,0,1,1,0,1,0,1,0,0.718537
0,1,0,1,0,0,1,1,1,1,0,0,0,0,0,1,1,0,0,0,0,1,1,1,0,0,1,1,1,0,0,0,0.687766
0,0,1,0,1,0,0,1,1,0,1,0,0,1,1,1,0,1,0,1,1,0,0,1,0,1,0,1,0,1,0,1,0.839647
0,0,1,1,0,1,0,1,1,1,1,0,1,0,1,0,1,0,0,0,1,1,1,1,1,1,1,1,1,1,1,0,0.533142
1,1,1,1,0,0,0,1,1,0,1,1,1,1,0,1,1,1,1,0,0,1,1,1,0,0,0,1,1,0,1,0,0.605126
0,1,1,1,0,0,0,0,0,1,1,0,0,0,0,1,0,0,1,0,0,0,0,0,1,1,1,1,0,0,0,1,0.823583
1,0,0,0,0,1,0,0,0,0,0,0,1,0,1,1,0,0,1,0,0,1,0,1,1,0,0,0,1,0,0,0,0.715420
0,0,0,0,1,0,1,1,0,1,0,1,1,1,1,0,1,1,1,1,1,1,1,0,1,0,1,1,0,0,0,0,0.805040
0,0,0,0,1,1,0,0,1,1,1,1,0,0,0,1,1,1,1,1,0,0,0,1,0,0,1,1,1,1,1,1,0.675165
1,1,0,1,0,1,1,0,0,1,0,1,0,1,1,1,0,0,1,0,1,0,1,1,1,1,0,1,0,0,0,1,0.486227
1,1,0,1,0,1,1,0,0,1,0,1,1,1,0,1,1,1,1,1,1,1,0,1,0,1,1,0,0,0,0,0,0.707694
1,1,1,1,1,1,1,1,1,0,0,0,1,1,1,0,1,0,1,1,1,1,1,0,1,0,1,1,0,1,1,1,0.410832
0,1,1,1,1,0,0,1,1,0,1,1,1,0,0,0,1,1,1,0,0,0,1,0,0,0,1,0,1,1,0,0,0.623268
0,1,0,1,1,1,1,0,1,0,1,0,1,0,1,1,0,0,1,1,0,0,1,0,0,0,0,0,0,1,0,0,0.733323
0,0,0,0,1,0,0,1,0,1,0,0,1,0,1,1,1,1,0,0,1,0,1,0,1,1,0,0,1,1,0,0,0.835331
0,0,0,1,0,0,1,1,1,1,1,1,1,0,1,0,0,1,1,1,1,0,1,1,0,0,1,1,0,1,0,1,0.759111
0,1,0,1,1,1,0,0,0,1,0,0,0,1,1,0,1,1,1,1,0,1,0,1,1,0,1,0,0,0,1,1,0.720322
1,0,0,0,0,0,1,1,0,0,0,0,0,1,1,1,1,0,1,0,1,0,0,0,1,1,1,0,0,1,1,1,0.517636
1,0,1,0,1,0,0,1,1,0,1,1,1,1,1,1,0,0,0,0,0,0,1,0,0,1,1,1,0,1,1,0,0.572783
0,0,1,0,0,1,0,0,1,0,1,0,1,1,1,0,0,0,1,0,0,1,0,1,1,1,0,0,0,1,1,0,0.718137
1,1,1,1,1,0,1,1,1,1,1,1,1,0,0,0,1,0,0,0,0,0,1,0,1,1,0,1,0,0,1,0,0.849478
1,1,1,0,1,1,0,1,1,1,1,0,1,1,0,0,1,0,0,0,1,0,1,1,1,0,0,1,1,0,1,0,0.834559
1,0,1,0,1,1,0,1,0,1,0,0,0,0,1,1,1,0,0,1,0,1,0,0,1,1,0,0,1,1,0,0,0.653240
0,0,0,1,1,0,1,1,0,0,0,0,0,1,0,1,0,0,0,1,1,1,0,1,0,1,1,0,1,1,1,0,0.974398
1,0,0,1,0,0,1,0,1,1,1,0,0,0,1,1,1,1,1,0,0,1,1,1,0,0,1,0,0,1,0,0,0.668372
1,0,1,0,0,0,1,1,0,0,1,1,0,0,0,1,1,0,0,0,1,0,1,0,0,0,1,1,1,1,1,0,0.597746
0,0,0,1,1,1,1,0,0,0,1,0,0,1,1,0,0,1,0,0,0,0,0,0,1,1,0,1,0,1,1,0,0.935635
1,1,1,1,1,1,1,0,0,0,0,1,0,0,1,0,1,1,0,1,1,0,1,1,1,1,1,0,0,0,1,1,0.502371
0,0,0,1,0,1,1,1,0,1,1,1,0,0,0,1,0,1,0,0,1,0,1,0,0,1,1,0,0,0,0,0,0.842205
0,1,0,1,1,0,1,0,0,1,0,0,1,0,1,1,0,1,1,1,0,1,1,1,0,1,0,1,1,1,0,1,0.786445
1,0,1,0,0,1,1,0,1,0,0,1,1,0,0,0,0,1,0,1,0,1,1,0,0,0,0,1,1,1,0,1,0.616501
1,1,0,1,1,0,1,1,1,0,1,1,1,1,0,0,1,0,1,0,1,0,0,0,1,0,0,0,1,0,1,0,0.746297
1,0,0,1,1,1,0,1,1,0,0,0,1,1,0,1,1,0,0,1,1,1,1,1,1,1,0,1,1,0,1,0,0.583866
1,1,0,1,0,0,0,1,1,1,0,0,1,0,0,0,0,0,1,1,0,0,0,1,1,0,1,0,0,0,0,1,0.713049
1,0,0,0,1,1,0,1,0,0,0,1,1,1,1,1,1,0,0,0,1,0,0,0,1,0,1,0,1,0,1,1,0.568041
1,0,1,0,1,0,0,0,0,1,1,0,0,0,0,1,1,1,1,1,0,0,0,1,1,0,0,1,1,1,1,0,0.592178
0,0,1,1,1,0,0,0,1,0,1,0,0,1,1,1,0,1,1,0,1,1,1,1,1,1,0,0,0,0,1,0,0.741688
1,0,1,1,1,0,1,1,1,1,1,0,1,1,1,1,1,0,0,1,1,0,0,1,1,0,0,1,1,0,1,0,0.633205
0,1,1,1,1,0,1,1,0,0,1,1,0,1,1,0,0,0,0,0,0,1,1,1,1,0,1,1,1,0,0,1,0.744565
1,0,1,0,0,1,0,1,0,1,1,0,0,0,0,1,1,1,1,0,1,1,0,1,1,0,0,1,0,1,0,0,0.672901
1,0,1,0,0,0,0,1,0,1,1,1,0,1,1,1,0,0,1,1,0,1,1,1,1,1,1,0,1,0,0,1,0.519421
0,1,0,1,1,0,1,1,0,0,0,1,0,1,1,1,0,0,1,1,0,0,1,1,1,1,1,1,0,1,0,1,0.830616
0,1,0,0,1,1,1,1,1,1,0,1,1,0,1,1,0,0,0,0,1,1,1,1,0,0,0,0,1,1,0,0,0.774110
0,0,0,0,0,0,1,0,0,1,1,0,0,1,0,1,0,0,0,0,0,1,1,0,0,1,0,1,0,1,0,1,0.842045
0,1,0,0,1,0,1,1,0,0,1,1,0,1,1,1,0,0,0,0,1,1,1,1,0,1,1,0,0,1,0,0,0.867674
0,0,1,1,0,0,1,1,1,0,1,1,1,0,0,1,1,0,1,0,1,1,0,0,0,1,1,0,1,1,0,0,0.645354
0,0,0,0,0,0,0,0,1,1,1,0,1,0,0,1,0,0,0,0,0,0,0,0,1,0,1,1,0,0,0,0,0.778133
0,1,1,0,1,1,0,1,1,1,0,0,0,0,1,1,1,1,1,1,0,1,0,1,0,0,1,1,0,1,1,0,0.589914
1,1,1,1,1,0,1,0,1,0,0,0,1,0,0,0,0,1,0,0,1,1,1,0,1,0,1,1,0,0,0,0,0.797714
0,1,0,1,1,0,0,0,1,1,0,0,0,0,1,1,1,0,0,1,0,1,1,0,0,0,0,1,0,1,1,1,0.670157
0,1,0,1,0,1,0,0,1,1,1,1,0,1,0,1,1,0,0,1,0,1,0,0,1,1,0,1,1,0,0,0,0.606138
1,1,1,0,1,1,1,0,0,1,1,1,1,0,1,0,1,1,0,1,0,1,1,0,1,1,1,1,1,0,1,1,0.426364
1,0,1,1,1,1,0,1,0,1,1,1,1,1,1,1,1,1,0,1,0,1,0,1,0,1,0,1,1,1,0,1,0.364796
1,0,0,1,0,0,1,0,1,1,0,1,0,0,1,1,0,0,0,1,1,0,0,1,1,1,0,1,0,1,1,0,0.623535
1,0,0,0,1,1,0,1,1,1,1,1,1,0,1,0,0,0,0,1,1,0,0,0,1,0,0,1,1,0,1,0,0.628170
0,1,1,0,0,1,0,0,1,1,1,0,1,1,1,1,1,0,1,0,0,0,1,1,1,0,0,1,0,1,1,1,0.512655
1,1,0,1,1,0,1,1,0,1,0,0,1,0,0,1,1,0,0,0,1,0,0,1,0,0,1,0,0,0,1,0,0.651694
0,1,0,1,1,0,0,1,0,1,1,0,1,0,1,1,1,0,0,0,1,1,1,0,0,1,1,1,0,1,0,1,0.748588
1,0,1,1,1,0,0,0,1,1,1,0,0,1,0,1,0,1,1,0,1,0,1,1,0,1,1,0,0,1,0,0,0.590473
0,0,1,0,1,0,0,0,1,1,1,0,1,1,0,1,1,1,1,0,1,0,1,0,0,0,1,0,1,0,0,1,0.731032
0,1,1,0,0,0,0,0,0,1,1,1,1,1,0,0,1,0,0,0,1,0,0,1,1,0,0,1,0,1,1,1,0.665548
0,1,0,1,1,0,1,1,0,1,1,1,0,0,0,1,0,1,0,0,0,1,1,1,1,0,1,1,0,0,1,1,0.793185
0,1,0,1,1,1,0,0,1,1,1,1,0,1,1,1,1,0,0,1,1,1,0,1,0,1,1,0,0,0,0,0,0.667066
1,1,0,1,1,0,1,1,1,0,0,1,0,0,0,1,0,1,1,1,0,1,0,0,1,0,0,1,1,1,0,0,0.572464
1,0,0,0,0,1,0,1,1,0,0,1,1,1,0,1,0,0,0,1,1,1,1,0,1,1,0,0,1,0,1,0,0.569373
0,0,0,1,1,0,0,1,0,1,0,0,0,0,1,0,1,0,0,1,0,0,0,1,1,0,0,0,1,1,0,0,0.834292
0,0,1,0,1,0,1,1,1,1,1,0,1,0,0,1,0,0,1,0,1,0,1,0,1,0,1,0,1,1,0,0,0.689818
0,1,0,0,0,1,1,0,0,1,0,0,0,0,0,1,1,0,0,1,1,1,0,0,1,0,1,0,0,1,1,0,0.723412
0,1,1,1,0,0,1,0,1,1,0,0,0,0,0,1,1,1,0,1,0,0,1,0,0,0,0,1,0,0,1,1,0.633712
0,0,1,1,0,0,1,1,1,0,0,1,0,1,0,0,0,0,0,0,0,1,1,1,0,0,0,1,0,0,1,0,0.790201
1,1,0,1,0,1,1,1,1,1,0,0,1,1,1,1,0,0,0,0,0,0,1,0,0,0,0,0,1,1,0,1,0.672901
1,0,0,1,1,0,1,0,1,0,0,0,0,0,1,1,0,0,1,1,0,1,1,0,1,0,0,0,1,1,1,0,0.642690
0,0,1,1,1,0,1,0,0,0,0,0,0,0,0,1,0,1,1,0,1,0,0,1,0,0,1,0,0,0,1,0,0.819134
1,1,1,1,0,0,0,1,1,0,0,1,0,1,1,1,0,0,0,0,1,1,0,1,0,1,1,0,0,0,1,1,0.417146
1,0,0,1,1,1,1,1,0,1,1,0,1,0,1,0,0,0,0,1,0,1,0,0,0,0,1,1,0,0,0,1,0.650069
0,1,0,0,0,0,0,0,0,1,1,1,0,1,1,1,1,1,1,1,0,0,1,0,0,0,1,1,0,0,1,0,0.757593
1,1,0,1,0,1,0,0,1,1,0,0,1,0,1,0,0,0,0,0,0,0,1,1,1,1,1,1,0,0,0,1,0.661312
1,1,1,1,0,1,1,0,1,0,0,1,0,1,0,1,0,1,1,0,1,1,1,1,0,0,1,1,0,1,0,0,0.572384
0,0,1,0,0,1,0,1,1,1,0,1,1,0,1,1,1,1,0,0,0,1,1,1,1,1,0,1,0,1,1,0,0.602035
