0,0,1,1,1,0,1,1,1,1,1,1,0,1,1,0,1,0,0,0,1,1,1,0,0,1,0,0,0,1,1,1,0.578325
1,1,1,1,1,0,0,1,1,1,0,0,0,1,1,0,0,1,0,1,0,0,1,1,0,1,0,1,0,1,0,1,0.593883
1,1,1,0,0,0,0,1,0,0,0,0,0,0,1,0,0,0,1,1,1,1,0,0,0,0,1,0,1,1,0,1,0.592738
1,1,1,0,1,0,0,0,1,0,0,1,1,0,0,0,1,1,1,1,0,1,1,1,0,1,1,1,0,1,1,0,0.595935
0,0,1,0,0,1,0,1,0,1,0,1,0,1,0,1,0,1,0,1,0,0,1,1,0,0,1,0,1,1,1,1,0.544650
1,0,1,0,1,0,0,0,0,0,0,0,1,1,1,0,1,0,1,0,0,0,0,1,1,1,0,0,1,1,0,0,0.592338
1,0,0,0,1,1,1,1,0,0,1,0,1,0,1,0,1,0,1,1,0,1,1,0,0,0,1,1,1,1,0,0,0.593777
1,1,0,0,0,1,1,1,1,0,0,1,1,0,1,1,1,1,1,1,0,1,1,0,1,0,0,0,1,1,1,1,0.561061
0,1,1,0,1,1,0,0,0,1,1,1,1,0,1,1,1,1,0,0,0,0,1,0,1,1,1,0,1,1,1,1,0.595269
0,1,0,0,1,1,0,1,0,0,1,0,0,1,1,0,1,0,0,1,1,1,0,0,0,1,0,0,0,0,1,1,0.594789
0,1,1,1,1,0,0,1,0,0,1,1,0,1,0,0,1,0,1,0,0,1,0,1,1,0,1,1,1,1,1,0,0.595908
1,0,0,1,0,0,0,0,0,1,0,0,1,1,0,0,1,0,1,0,0,1,0,0,0,0,1,1,1,1,0,1,0.597373
0,1,1,0,0,0,0,0,1,1,0,1,1,1,1,1,1,1,1,0,0,1,0,0,0,1,0,0,1,0,1,0,0.600677
0,0,0,1,0,1,0,1,1,1,1,0,0,1,1,0,0,0,1,0,1,0,1,1,0,1,0,0,0,1,1,1,0.571478
0,0,1,0,0,1,0,0,0,1,0,1,1,0,1,0,0,0,1,1,1,1,1,1,1,0,0,1,1,0,1,0,0.583280
1,1,0,0,1,1,1,1,0,1,1,0,0,1,0,0,0,0,1,1,0,0,1,0,0,1,1,0,1,0,1,1,0.600623
0,1,0,1,1,1,1,0,1,0,1,0,1,1,0,0,1,1,1,0,0,0,0,1,0,1,0,0,0,0,1,0,0.601449
1,1,1,0,0,0,0,0,0,0,1,1,1,0,1,0,1,0,1,0,1,1,0,0,1,0,0,1,0,1,1,1,0.593990
1,0,0,1,1,0,1,0,0,1,1,0,0,0,0,0,1,1,1,1,1,0,1,0,0,0,1,1,0,1,1,0,0.600277
0,1,0,0,0,1,1,0,0,1,0,1,1,1,1,0,1,1,0,1,0,1,0,1,1,1,1,0,0,1,0,0,0.594150
1,1,1,1,1,1,0,0,0,0,1,1,0,0,1,0,0,1,0,0,0,1,1,1,1,1,1,1,1,0,1,1,0.597613
0,1,1,0,1,0,1,1,1,1,0,1,0,1,0,1,0,0,1,1,0,1,0,1,0,0,1,0,0,0,0,1,0.593510
0,1,0,0,1,1,0,1,1,0,0,0,0,0,1,1,0,0,1,1,0,0,1,0,1,0,0,1,0,0,0,0,0.591486
1,0,1,0,0,0,1,0,1,0,1,1,1,1,0,1,1,0,1,0,0,0,0,0,0,1,1,1,0,0,1,0,0.591272
0,1,0,1,0,0,1,0,0,0,1,0,1,0,0,1,1,1,0,0,0,1,1,0,0,1,1,1,0,0,1,1,0.594203
1,0,0,0,1,1,0,1,0,1,1,1,1,0,0,1,1,1,1,0,0,0,0,1,0,1,1,0,1,0,1,0,0.594016
1,1,1,1,1,0,1,0,1,0,0,1,1,1,0,1,1,0,1,1,1,0,1,1,0,1,1,0,1,0,1,1,0.579843
0,0,0,1,0,0,0,0,0,1,1,0,1,1,0,1,1,1,1,1,1,1,1,0,1,1,1,1,1,1,1,1,0.572783
1,1,1,1,1,0,1,0,0,1,1,1,1,0,0,0,1,0,0,1,0,1,1,0,1,0,0,0,0,0,1,1,0.591938
0,0,0,0,0,1,1,1,0,0,0,1,0,1,1,1,0,0,1,0,0,0,0,1,1,1,0,1,1,1,0,0,0.561834
1,1,1,1,0,1,1,0,1,1,1,1,1,0,1,1,1,0,1,1,1,1,0,0,0,1,1,1,0,1,0,1,0.590660
1,1,0,1,1,0,0,1,0,0,1,1,1,0,1,0,1,0,0,1,1,0,0,0,0,0,1,0,0,1,1,1,0.592738
1,1,0,1,0,1,1,0,1,0,0,0,0,0,0,1,0,1,1,1,0,1,0,0,0,0,1,0,0,0,0,1,0.600757
1,0,0,0,0,0,0,0,0,0,0,1,0,0,0,0,1,1,1,1,1,1,0,0,0,0,1,1,0,0,0,0,0.598892
0,1,1,0,0,1,0,0,0,0,0,0,0,0,0,0,0,1,1,1,1,1,0,0,1,0,1,0,0,1,0,0,0.597986
0,1,1,1,1,0,1,0,1,1,1,0,0,1,0,0,0,1,1,1,0,0,0,0,1,0,0,0,1,1,0,0,0.591539
1,0,0,0,1,0,1,0,1,1,1,1,1,1,0,0,1,1,1,0,1,0,0,0,1,0,1,1,1,1,1,1,0.598439
0,0,0,1,1,0,0,1,0,1,0,0,0,1,0,1,0,1,1,0,1,0,0,1,1,0,1,0,1,0,1,0,0.579684
0,1,1,1,1,0,0,0,0,0,0,0,1,1,0,0,0,0,1,1,0,1,1,1,0,1,0,0,0,1,1,1,0.584346
0,1,0,0,1,0,0,1,0,1,0,1,1,1,1,0,1,1,0,0,1,1,1,0,0,0,0,1,1,0,0,0,0.591938
1,1,0,1,0,1,0,1,0,0,0,1,1,1,0,1,0,0,1,1,1,0,0,1,1,0,0,0,1,1,1,1,0.566656
0,1,1,1,1,1,0,0,0,1,0,0,0,0,0,0,0,0,1,0,0,1,0,1,0,1,0,1,0,0,0,0,0.587196
1,1,0,0,1,1,1,1,1,0,1,1,1,1,1,0,1,0,0,0,0,0,1,0,0,0,1,0,0,0,1,1,0.572624
1,1,0,1,0,0,0,1,1,1,0,0,1,1,0,1,0,0,0,1,0,0,1,0,0,1,1,0,1,1,0,0,0.592951
0,0,0,1,1,0,1,0,1,1,1,0,0,1,1,0,0,0,0,0,1,1,1,0,1,1,1,1,1,1,1,0,0.596840
0,0,1,0,1,0,1,0,1,0,0,1,1,0,0,0,1,1,0,0,1,1,1,0,1,0,1,0,1,0,1,0,0.597213
1,0,0,1,1,1,1,1,0,1,0,1,0,0,0,0,1,0,0,1,0,0,0,0,0,1,0,1,0,1,0,1,0.601982
1,1,0,0,1,0,0,1,0,1,1,1,0,0,1,1,0,0,0,0,0,0,1,0,0,1,0,1,1,1,0,0,0.593590
0,0,1,1,0,1,1,0,0,0,1,0,0,0,1,0,1,1,1,1,0,0,1,0,1,0,0,0,0,0,1,1,0.597000
1,1,1,0,1,1,0,1,1,0,1,0,0,0,1,0,0,1,1,0,0,1,0,1,0,0,0,1,1,0,1,1,0.597959
0,0,0,0,1,0,1,1,0,1,0,1,1,0,0,0,0,0,1,1,0,1,0,0,1,0,0,1,0,0,1,1,0.570812
0,1,1,1,1,0,1,0,1,0,1,0,0,1,0,0,1,1,1,1,1,0,1,0,0,0,0,1,0,1,0,1,0.599451
1,1,1,1,0,0,0,1,1,0,0,0,0,1,1,1,1,1,1,1,0,1,0,1,1,0,0,1,0,1,1,0,0.592711
1,1,0,0,0,1,0,0,0,0,1,0,1,0,0,0,0,0,0,0,1,1,0,0,0,0,1,1,1,1,0,1,0.593004
0,0,1,0,0,0,0,0,1,0,1,1,0,1,0,1,0,0,1,0,0,1,1,1,1,1,0,1,1,0,0,1,0.595215
0,0,0,0,0,1,0,0,0,0,0,1,1,0,1,0,1,1,1,0,0,1,0,0,1,1,1,0,1,1,0,1,0.595162
0,1,0,1,1,0,0,0,1,1,1,1,1,0,0,1,0,1,1,0,1,0,0,1,1,1,1,1,1,1,0,1,0.588768
0,0,0,0,0,1,1,0,0,0,0,1,1,0,0,1,0,1,1,1,0,0,0,0,1,0,0,1,0,0,1,0,0.556586
1,1,0,0,0,0,0,0,1,0,1,1,0,1,1,0,1,1,1,1,0,0,1,0,0,1,1,1,0,1,1,1,0.592551
0,1,1,1,0,0,1,1,1,0,1,0,1,0,0,0,0,1,0,1,1,0,1,1,1,1,0,1,1,1,1,0,0.586637
1,0,0,1,0,0,0,1,1,1,1,1,1,0,0,0,1,1,1,0,1,1,0,1,0,0,1,0,1,1,1,1,0.585838
0,1,0,1,0,1,0,1,1,1,0,0,1,0,1,1,1,0,1,1,0,1,0,1,1,0,1,1,1,1,0,0,0.589807
0,0,1,1,1,0,1,1,0,1,1,1,1,0,0,1,1,0,1,1,0,0,0,0,0,0,1,1,1,1,1,0,0.577925
0,0,1,1,0,0,1,0,1,0,0,0,1,0,1,1,1,1,1,1,0,1,0,1,0,1,0,0,1,0,0,0,0.594922
0,0,0,1,1,0,0,1,0,0,0,0,0,0,0,0,1,0,0,0,0,0,0,0,0,1,1,1,0,0,0,0,0.586557
0,0,0,1,0,1,0,0,1,0,0,0,0,1,1,1,1,1,1,0,1,1,1,1,1,0,1,0,0,0,0,0,0.588528
0,0,1,0,1,0,1,0,0,1,0,1,1,1,0,1,0,0,0,1,0,1,0,1,1,0,1,1,1,0,0,0,0.591805
1,0,0,1,1,1,0,1,0,0,0,1,0,1,1,0,0,1,1,0,1,0,1,1,1,0,1,1,0,0,0,1,0.602488
1,0,0,1,1,0,0,1,1,1,1,1,0,0,1,1,1,1,0,1,0,0,0,0,0,1,1,0,1,1,1,0,0.596174
0,1,0,0,1,0,1,0,1,0,0,0,1,1,0,1,1,1,0,0,0,0,1,0,0,1,0,0,0,0,1,0,0.586024
1,0,0,0,1,1,0,0,0,0,0,1,1,0,0,1,0,1,0,1,1,0,1,1,1,1,1,0,0,0,1,1,0.584665
0,1,0,0,0,0,0,1,0,1,1,1,1,0,0,0,1,1,1,0,1,0,0,0,0,1,0,0,0,0,0,1,0.597213
0,0,0,1,1,0,0,1,0,1,1,1,0,0,1,0,0,1,0,0,1,0,1,1,0,0,0,1,0,1,0,0,0.573556
1,0,0,1,0,0,0,1,0,0,0,1,0,1,0,0,1,1,0,0,1,1,0,1,1,0,0,0,1,0,1,1,0.593244
1,1,1,1,1,0,1,0,1,1,0,0,1,1,1,1,1,0,1,0,1,1,1,0,1,1,0,0,0,1,1,1,0.575501
0,1,0,0,0,0,0,1,0,0,1,1,0,1,1,1,0,1,0,0,0,1,0,1,0,0,0,0,1,0,0,1,0.573636
1,0,1,0,0,0,0,0,0,1,1,0,1,0,1,1,1,0,0,0,0,1,0,1,0,0,0,1,0,1,0,1,0.592072
0,1,0,1,0,0,0,0,0,1,1,0,0,1,0,1,0,0,0,0,1,1,1,0,1,1,1,0,1,1,0,1,0.595508
1,1,1,0,0,0,0,1,0,1,0,0,1,0,1,0,1,0,0,0,1,1,0,1,1,0,0,0,0,0,1,0,0.591006
0,0,1,1,1,1,0,0,0,0,1,0,0,0,0,0,0,1,0,0,1,1,0,1,0,0,0,1,1,1,0,0,0.590926
0,1,0,0,1,1,0,1,1,1,1,0,0,0,0,1,1,0,1,1,1,0,1,0,1,1,1,0,1,0,0,1,0.591219
0,0,1,1,1,0,1,1,0,0,1,0,1,1,0,0,0,1,0,1,0,0,1,0,1,1,0,0,0,0,0,0,0.593377
1,0,0,0,1,1,1,1,0,0,0,0,0,0,0,1,0,0,0,1,1,1,0,1,1,1,0,1,1,1,1,1,0.524696
1,0,0,0,1,1,0,1,0,1,1,0,0,0,0,0,0,0,1,1,0,1,0,1,1,1,0,1,1,0,1,0,0.593244
1,1,1,1,1,0,1,0,1,0,0,1,0,1,1,1,1,0,1,1,0,0,0,1,0,0,0,0,0,0,1,0,0.597986
0,0,0,1,1,0,1,1,0,0,0,0,0,0,1,1,1,1,0,1,0,0,0,0,0,1,1,1,0,0,0,1,0.594842
0,1,0,0,1,1,0,0,1,0,1,1,1,1,1,1,0,1,0,1,1,1,1,1,0,0,0,1,0,1,1,0,0.590473
0,1,1,1,1,1,1,1,1,0,0,0,1,1,0,0,1,1,0,1,0,1,0,1,0,1,1,1,1,1,0,0,0.608962
0,0,0,0,0,0,1,1,0,0,1,1,1,1,1,0,0,0,1,0,0,0,1,1,1,0,0,1,1,1,1,1,0.567082
1,1,1,1,0,0,1,0,0,0,0,0,0,1,1,0,1,1,0,1,1,1,1,0,1,0,1,0,1,1,1,0,0.591965
0,1,1,0,0,1,1,0,0,0,0,1,1,1,0,0,1,0,0,1,0,0,0,0,0,0,0,0,0,0,1,0,0.586690
1,1,1,0,0,1,0,1,0,1,1,1,1,0,0,0,1,1,1,0,0,0,0,0,0,0,1,1,1,0,0,1,0.599398
1,0,0,0,0,1,0,0,1,0,1,0,1,1,0,0,1,0,1,0,1,1,0,0,1,1,0,0,1,1,0,1,0.594443
1,0,1,1,1,0,0,0,1,0,1,1,1,1,0,0,1,0,1,1,1,0,0,1,0,1,1,1,1,1,0,1,0.591699
0,0,0,0,0,0,0,0,1,1,1,0,1,0,1,0,0,1,0,0,1,0,1,0,1,0,0,1,0,1,0,0,0.582827
0,0,1,0,0,0,1,0,1,0,0,0,0,0,1,0,1,1,1,0,0,1,0,1,0,1,1,1,1,0,1,1,0.610134
1,1,1,1,1,0,0,1,1,1,0,1,0,1,1,0,1,1,0,0,0,0,0,1,0,1,0,0,1,0,1,1,0.604726
0,0,0,0,0,0,0,1,0,1,1,0,0,1,0,1,1,1,1,1,0,0,1,0,0,1,0,1,1,0,1,0,0.591539
1,1,0,0,1,0,0,1,0,1,1,1,0,0,1,1,0,0,0,1,1,0,0,1,0,0,0,0,1,0,1,0,0.583626
0,1,1,0,1,0,1,0,1,1,0,0,1,1,0,0,0,0,1,1,0,1,0,0,1,1,0,0,1,1,0,0,0.594283
1,0,1,0,1,0,0,0,1,0,0,0,0,0,0,1,0,1,0,0,1,0,0,1,0,0,1,0,0,1,1,0,0.592231
1,1,1,1,0,0,1,0,1,0,1,1,0,0,1,1,0,0,1,1,1,0,0,0,0,0,0,0,1,1,1,0,0.599265
0,0,0,0,1,0,1,0,0,0,1,0,1,1,1,1,0,1,1,1,1,0,0,0,1,0,1,0,1,1,0,0,0.595908
1,1,1,0,0,1,1,1,0,0,0,1,1,0,0,0,1,1,0,0,0,1,1,0,0,0,0,1,1,1,0,1,0.601529
0,1,1,0,0,0,1,0,1,1,0,0,0,1,1,1,0,1,1,1,1,0,1,0,1,0,0,1,0,0,0,0,0.596174
1,0,1,0,0,0,0,1,0,0,0,1,0,0,1,1,0,0,0,1,1,0,0,0,0,1,0,0,0,1,1,1,0.582774
1,1,0,1,1,1,1,0,1,1,1,0,0,0,0,1,1,1,0,0,0,0,0,0,1,0,0,1,1,1,1,0,0.596920
1,1,0,1,1,1,0,0,1,0,0,0,0,0,1,1,0,0,0,1,1,0,0,1,0,1,0,1,1,0,1,0,0.592977
0,1,1,0,1,1,0,0,0,0,0,0,0,0,0,1,1,1,0,1,0,0,0,0,0,1,1,0,0,0,0,0,0.599851
1,0,0,1,1,1,1,1,0,0,0,0,1,1,1,0,0,0,0,0,1,0,1,1,0,0,1,0,1,0,0,1,0.541374
1,1,1,0,1,0,0,0,1,1,1,0,1,1,0,1,1,0,0,0,0,1,1,1,1,0,0,1,1,1,1,0,0.591885
0,1,0,0,0,0,1,1,1,1,0,0,0,1,1,0,0,1,1,0,1,0,0,1,0,1,0,1,0,0,1,1,0.594096
0,1,0,0,1,1,1,0,1,0,1,1,0,1,0,1,0,0,1,1,0,1,1,0,0,0,0,1,1,1,0,1,0.591033
0,1,0,1,1,0,0,0,0,0,0,1,0,1,0,1,0,0,0,1,0,1,1,1,0,0,1,0,1,0,0,0,0.578884
1,0,1,1,1,0,1,0,0,1,0,1,0,1,1,1,1,1,1,1,1,0,0,1,1,1,1,1,0,0,0,0,0.596654
0,0,1,0,1,0,0,0,1,1,1,0,0,0,1,0,0,0,1,1,1,1,0,1,0,1,0,1,1,1,0,1,0.568761
0,1,0,0,0,1,1,1,1,1,0,0,0,0,0,0,1,0,0,1,1,0,1,1,1,1,1,1,1,0,0,1,0.597986
0,0,1,0,0,1,1,0,1,1,1,1,1,0,0,1,1,1,0,0,0,1,1,1,0,1,1,0,1,0,0,0,0.601183
0,1,0,1,0,1,1,1,0,1,1,0,0,0,1,1,0,0,0,1,0,0,0,0,1,1,0,0,1,1,1,1,0.562553
0,1,0,0,1,1,0,1,1,0,1,0,1,1,1,1,0,0,0,1,0,0,1,1,1,0,1,1,1,0,1,0,0.571824
0,0,1,1,0,1,0,1,0,0,0,1,1,0,1,1,0,1,1,1,0,1,0,1,1,1,1,0,1,0,0,0,0.595402
1,1,0,1,1,1,1,0,1,0,0,0,0,0,0,1,1,0,1,0,1,1,1,0,1,0,1,1,0,1,1,0,0.595988
0,0,1,0,0,1,0,1,0,1,1,0,0,1,0,0,0,1,0,1,1,1,0,1,0,1,0,0,1,0,0,1,0.578112
1,1,1,0,1,1,1,0,0,0,1,1,1,0,0,0,0,0,0,0,0,0,0,1,0,0,1,0,1,1,0,1,0.575927
1,0,0,0,1,0,1,1,0,0,1,1,0,1,0,0,1,0,0,0,1,1,0,0,0,1,1,0,0,0,0,1,0.608829
1,1,0,1,1,1,1,1,1,0,1,1,1,1,0,1,1,1,1,0,0,0,0,1,0,0,0,0,1,1,0,1,0.595881
0,0,1,1,1,0,1,0,0,1,0,1,1,0,0,0,1,0,0,0,1,0,0,0,0,1,0,0,0,0,0,1,0.591885
1,0,1,0,0,1,1,0,1,0,0,1,1,0,1,0,0,1,0,1,0,0,0,0,1,0,1,1,1,1,1,0,0.595269
