1,1,0,0,0,1,1,1,1,0,0,1,1,0,1,1,1,1,1,1,0,1,1,0,1,0,0,0,1,1,1,1,0.560475
1,1,0,1,1,1,1,0,1,0,0,0,0,0,0,1,1,0,1,0,1,1,1,0,1,0,1,1,0,1,1,0,0.597400
0,0,0,0,0,0,0,1,0,1,1,0,0,1,0,1,1,1,1,1,0,0,1,0,0,1,0,1,1,0,1,0,0.592631
1,0,1,0,0,0,0,1,0,0,0,1,0,0,1,1,0,0,0,1,1,0,0,0,0,1,0,0,0,1,1,1,0.582321
0,0,1,1,1,1,0,0,0,0,1,0,0,0,0,0,0,1,0,0,1,1,0,1,0,0,0,1,1,1,0,0,0.590793
1,1,0,1,1,1,0,0,1,0,0,0,0,0,1,1,0,0,0,1,1,0,0,1,0,1,0,1,1,0,1,0,0.591938
0,0,0,0,0,0,0,0,1,1,1,0,1,0,1,0,0,1,0,0,1,0,1,0,1,0,0,1,0,1,0,0,0.582907
0,0,0,1,1,0,0,1,0,1,1,1,0,0,1,0,0,1,0,0,1,0,1,1,0,0,0,1,0,1,0,0,0.576513
1,1,1,1,1,0,0,1,1,1,0,1,0,1,1,0,1,1,0,0,0,0,0,1,0,1,0,0,1,0,1,1,0.601449
1,0,0,0,1,1,1,1,0,0,1,0,1,0,1,0,1,0,1,1,0,1,1,0,0,0,1,1,1,1,0,0,0.592551
0,0,0,1,0,0,0,0,0,1,1,0,1,1,0,1,1,1,1,1,1,1,1,0,1,1,1,1,1,1,1,1,0.573743
1,1,0,0,0,0,0,0,1,0,1,1,0,1,1,0,1,1,1,1,0,0,1,0,0,1,1,1,0,1,1,1,0.591672
1,0,0,1,0,0,0,0,0,1,0,0,1,1,0,0,1,0,1,0,0,1,0,0,0,0,1,1,1,1,0,1,0.597879
0,1,0,1,0,1,0,1,1,1,0,0,1,0,1,1,1,0,1,1,0,1,0,1,1,0,1,1,1,1,0,0,0.591033
1,1,1,0,0,0,0,1,0,0,0,0,0,0,1,0,0,0,1,1,1,1,0,0,0,0,1,0,1,1,0,1,0.594336
0,0,1,1,1,0,1,1,1,1,1,1,0,1,1,0,1,0,0,0,1,1,1,0,0,1,0,0,0,1,1,1,0.573663
0,1,1,0,0,0,0,0,1,1,0,1,1,1,1,1,1,1,1,0,0,1,0,0,0,1,0,0,1,0,1,0,0.599798
1,1,1,1,0,0,0,1,1,0,0,0,0,1,1,1,1,1,1,1,0,1,0,1,1,0,0,1,0,1,1,0,0.592072
1,1,0,0,1,0,0,1,0,1,1,1,0,0,1,1,0,0,0,1,1,0,0,1,0,0,0,0,1,0,1,0,0.584852
0,0,0,1,1,0,0,1,0,0,0,0,0,0,0,0,1,0,0,0,0,0,0,0,0,1,1,1,0,0,0,0,0.585678
1,0,0,0,1,1,1,1,0,0,0,0,0,0,0,1,0,0,0,1,1,1,0,1,1,1,0,1,1,1,1,1,0.525469
1,1,0,1,0,1,1,0,1,0,0,0,0,0,0,1,0,1,1,1,0,1,0,0,0,0,1,0,0,0,0,1,0.599744
1,0,0,0,0,0,0,0,0,0,0,1,0,0,0,0,1,1,1,1,1,1,0,0,0,0,1,1,0,0,0,0,0.600091
1,0,1,0,0,1,1,0,1,0,0,1,1,0,1,0,0,1,0,1,0,0,0,0,1,0,1,1,1,1,1,0,0.596467
1,0,1,0,1,0,0,0,0,0,0,0,1,1,1,0,1,0,1,0,0,0,0,1,1,1,0,0,1,1,0,0,0.592338
0,0,0,0,1,0,1,0,0,0,1,0,1,1,1,1,0,1,1,1,1,0,0,0,1,0,1,0,1,1,0,0,0.595295
1,1,1,1,1,0,0,1,1,1,0,0,0,1,1,0,0,1,0,1,0,0,1,1,0,1,0,1,0,1,0,1,0.593830
0,1,0,1,1,0,0,0,0,0,0,1,0,1,0,1,0,0,0,1,0,1,1,1,0,0,1,0,1,0,0,0,0.578458
0,1,0,0,0,0,1,1,1,1,0,0,0,1,1,0,0,1,1,0,1,0,0,1,0,1,0,1,0,0,1,1,0.594443
1,0,1,0,0,0,0,0,0,1,1,0,1,0,1,1,1,0,0,0,0,1,0,1,0,0,0,1,0,1,0,1,0.592072
0,1,0,1,0,0,1,0,0,0,1,0,1,0,0,1,1,1,0,0,0,1,1,0,0,1,1,1,0,0,1,1,0.594789
0,1,0,1,0,1,1,1,0,1,1,0,0,0,1,1,0,0,0,1,0,0,0,0,1,1,0,0,1,1,1,1,0.562260
0,1,0,0,1,1,0,1,0,0,1,0,0,1,1,0,1,0,0,1,1,1,0,0,0,1,0,0,0,0,1,1,0.594496
1,0,0,0,1,1,0,0,0,0,0,1,1,0,0,1,0,1,0,1,1,0,1,1,1,1,1,0,0,0,1,1,0.583706
1,0,0,0,0,1,0,0,1,0,1,0,1,1,0,0,1,0,1,0,1,1,0,0,1,1,0,0,1,1,0,1,0.596894
0,1,0,0,1,1,1,0,1,0,1,1,0,1,0,1,0,0,1,1,0,1,1,0,0,0,0,1,1,1,0,1,0.589807
0,0,1,1,1,0,1,1,0,0,1,0,1,1,0,0,0,1,0,1,0,0,1,0,1,1,0,0,0,0,0,0,0.594043
1,1,1,0,0,1,1,1,0,0,0,1,1,0,0,0,1,1,0,0,0,1,1,0,0,0,0,1,1,1,0,1,0.602675
0,1,0,0,1,0,1,0,1,0,0,0,1,1,0,1,1,1,0,0,0,0,1,0,0,1,0,0,0,0,1,0,0.582880
1,1,1,1,1,1,0,0,0,0,1,1,0,0,1,0,0,1,0,0,0,1,1,1,1,1,1,1,1,0,1,1,0.597666
1,0,0,1,1,1,1,1,0,0,0,0,1,1,1,0,0,0,0,0,1,0,1,1,0,0,1,0,1,0,0,1,0.541720
1,1,1,1,1,0,1,0,1,0,0,1,1,1,0,1,1,0,1,1,1,0,1,1,0,1,1,0,1,0,1,1,0.577739
1,1,0,1,0,0,0,1,1,1,0,0,1,1,0,1,0,0,0,1,0,0,1,0,0,1,1,0,1,1,0,0,0.592818
0,0,1,1,0,1,1,0,0,0,1,0,0,0,1,0,1,1,1,1,0,0,1,0,1,0,0,0,0,0,1,1,0.596547
1,1,0,0,1,0,0,1,0,1,1,1,0,0,1,1,0,0,0,0,0,0,1,0,0,1,0,1,1,1,0,0,0.594549
1,0,0,1,1,0,0,1,1,1,1,1,0,0,1,1,1,1,0,1,0,0,0,0,0,1,1,0,1,1,1,0,0.594096
1,1,1,0,1,1,0,1,1,0,1,0,0,0,1,0,0,1,1,0,0,1,0,1,0,0,0,1,1,0,1,1,0.598465
1,0,1,1,1,0,1,0,0,1,0,1,0,1,1,1,1,1,1,1,1,0,0,1,1,1,1,1,0,0,0,0,0.594949
1,0,0,1,1,1,1,1,0,1,0,1,0,0,0,0,1,0,0,1,0,0,0,0,0,1,0,1,0,1,0,1,0.600970
1,1,1,1,1,0,1,0,0,1,1,1,1,0,0,0,1,0,0,1,0,1,1,0,1,0,0,0,0,0,1,1,0.592924
0,0,0,1,1,0,1,1,0,0,0,0,0,0,1,1,1,1,0,1,0,0,0,0,0,1,1,1,0,0,0,1,0.592018
0,1,0,0,1,0,0,1,0,1,0,1,1,1,1,0,1,1,0,0,1,1,1,0,0,0,0,1,1,0,0,0,0.594576
0,0,0,0,0,1,0,0,0,0,0,1,1,0,1,0,1,1,1,0,0,1,0,0,1,1,1,0,1,1,0,1,0.594629
1,0,0,0,1,1,0,1,0,1,1,1,1,0,0,1,1,1,1,0,0,0,0,1,0,1,1,0,1,0,1,0,0.594576
0,0,1,0,1,0,1,0,0,1,0,1,1,1,0,1,0,0,0,1,0,1,0,1,1,0,1,1,1,0,0,0,0.589780
1,0,0,1,0,0,0,1,1,1,1,1,1,0,0,0,1,1,1,0,1,1,0,1,0,0,1,0,1,1,1,1,0.583733
1,1,0,1,1,1,1,0,1,1,1,0,0,0,0,1,1,1,0,0,0,0,0,0,1,0,0,1,1,1,1,0,0.597187
1,0,0,1,1,0,1,0,0,1,1,0,0,0,0,0,1,1,1,1,1,0,1,0,0,0,1,1,0,1,1,0,0.601316
1,1,1,1,1,0,1,0,1,0,0,1,0,1,1,1,1,0,1,1,0,0,0,1,0,0,0,0,0,0,1,0,0.599238
0,1,1,1,1,0,1,0,1,0,1,0,0,1,0,0,1,1,1,1,1,0,1,0,0,0,0,1,0,1,0,1,0.597213
1,1,0,0,1,1,1,1,0,1,1,0,0,1,0,0,0,0,1,1,0,0,1,0,0,1,1,0,1,0,1,1,0.598892
0,1,0,1,1,0,0,0,1,1,1,1,1,0,0,1,0,1,1,0,1,0,0,1,1,1,1,1,1,1,0,1,0.587809
0,0,0,1,1,0,1,0,1,1,1,0,0,1,1,0,0,0,0,0,1,1,1,0,1,1,1,1,1,1,1,0,0.594416
1,0,1,1,1,0,0,0,1,0,1,1,1,1,0,0,1,0,1,1,1,0,0,1,0,1,1,1,1,1,0,1,0.590500
0,0,0,0,1,0,1,1,0,1,0,1,1,0,0,0,0,0,1,1,0,1,0,0,1,0,0,1,0,0,1,1,0.568814
0,1,0,0,1,1,0,1,1,1,1,0,0,0,0,1,1,0,1,1,1,0,1,0,1,1,1,0,1,0,0,1,0.591139
0,1,1,0,1,1,0,0,0,1,1,1,1,0,1,1,1,1,0,0,0,0,1,0,1,1,1,0,1,1,1,1,0.594549
0,0,1,0,1,0,1,0,1,0,0,1,1,0,0,0,1,1,0,0,1,1,1,0,1,0,1,0,1,0,1,0,0.596947
1,1,1,1,1,0,1,0,1,1,0,0,1,1,1,1,1,0,1,0,1,1,1,0,1,1,0,0,0,1,1,1,0.576966
0,0,1,1,0,0,1,0,1,0,0,0,1,0,1,1,1,1,1,1,0,1,0,1,0,1,0,0,1,0,0,0,0.596281
0,0,0,1,1,0,0,1,0,1,0,0,0,1,0,1,0,1,1,0,1,0,0,1,1,0,1,0,1,0,1,0,0.579550
0,0,1,1,0,1,0,1,0,0,0,1,1,0,1,1,0,1,1,1,0,1,0,1,1,1,1,0,1,0,0,0,0.595721
0,1,1,0,0,0,1,0,1,1,0,0,0,1,1,1,0,1,1,1,1,0,1,0,1,0,0,1,0,0,0,0,0.595668
0,0,0,0,0,1,1,1,0,0,0,1,0,1,1,1,0,0,1,0,0,0,0,1,1,1,0,1,1,1,0,0,0.562740
1,1,1,0,0,0,0,1,0,1,0,0,1,0,1,0,1,0,0,0,1,1,0,1,1,0,0,0,0,0,1,0,0.591539
0,1,0,1,1,1,1,0,1,0,1,0,1,1,0,0,1,1,1,0,0,0,0,1,0,1,0,0,0,0,1,0,0.601076
0,1,1,0,1,1,0,0,0,0,0,0,0,0,0,1,1,1,0,1,0,0,0,0,0,1,1,0,0,0,0,0,0.600224
0,1,1,0,0,1,1,0,0,0,0,1,1,1,0,0,1,0,0,1,0,0,0,0,0,0,0,0,0,0,1,0,0.587756
0,0,1,0,0,1,0,0,0,1,0,1,1,0,1,0,0,0,1,1,1,1,1,1,1,0,0,1,1,0,1,0,0.584452
1,1,0,0,1,1,1,1,1,0,1,1,1,1,1,0,1,0,0,0,0,0,1,0,0,0,1,0,0,0,1,1,0.571345
1,1,0,1,1,1,1,1,1,0,1,1,1,1,0,1,1,1,1,0,0,0,0,1,0,0,0,0,1,1,0,1,0.595215
1,1,0,1,1,0,0,1,0,0,1,1,1,0,1,0,1,0,0,1,1,0,0,0,0,0,1,0,0,1,1,1,0.595535
1,1,1,0,0,1,0,1,0,1,1,1,1,0,0,0,1,1,1,0,0,0,0,0,0,0,1,1,1,0,0,1,0.599744
0,1,0,0,0,0,0,1,0,0,1,1,0,1,1,1,0,1,0,0,0,1,0,1,0,0,0,0,1,0,0,1,0.574195
1,0,0,0,1,1,0,1,0,1,1,0,0,0,0,0,0,0,1,1,0,1,0,1,1,1,0,1,1,0,1,0,0.591033
1,1,0,1,0,1,0,1,0,0,0,1,1,1,0,1,0,0,1,1,1,0,0,1,1,0,0,0,1,1,1,1,0.567668
1,0,0,0,1,0,1,1,0,0,1,1,0,1,0,0,1,0,0,0,1,1,0,0,0,1,1,0,0,0,0,1,0.610294
0,1,0,0,1,1,0,0,1,0,1,1,1,1,1,1,0,1,0,1,1,1,1,1,0,0,0,1,0,1,1,0,0.591246
0,1,0,1,0,0,0,0,0,1,1,0,0,1,0,1,0,0,0,0,1,1,1,0,1,1,1,0,1,1,0,1,0.594389
0,0,1,0,0,0,0,0,1,0,1,1,0,1,0,1,0,0,1,0,0,1,1,1,1,1,0,1,1,0,0,1,0.597000
0,1,1,1,0,0,1,1,1,0,1,0,1,0,0,0,0,1,0,1,1,0,1,1,1,1,0,1,1,1,1,0,0.586877
1,1,1,1,0,0,1,0,1,0,1,1,0,0,1,1,0,0,1,1,1,0,0,0,0,0,0,0,1,1,1,0,0.599158
1,0,0,1,1,1,0,1,0,0,0,1,0,1,1,0,0,1,1,0,1,0,1,1,1,0,1,1,0,0,0,1,0.603101
1,1,1,0,0,0,0,0,0,0,1,1,1,0,1,0,1,0,1,0,1,1,0,0,1,0,0,1,0,1,1,1,0.594096
0,1,1,1,1,1,1,1,1,0,0,0,1,1,0,0,1,1,0,1,0,1,0,1,0,1,1,1,1,1,0,0,0.608296
0,1,0,0,0,1,1,0,0,1,0,1,1,1,1,0,1,1,0,1,0,1,0,1,1,1,1,0,0,1,0,0,0.594682
0,1,0,0,1,1,0,1,1,0,1,0,1,1,1,1,0,0,0,1,0,0,1,1,1,0,1,1,1,0,1,0,0.572464
0,0,0,0,0,1,1,0,0,0,0,1,1,0,0,1,0,1,1,1,0,0,0,0,1,0,0,1,0,0,1,0,0.557918
1,1,1,0,1,1,1,0,0,0,1,1,1,0,0,0,0,0,0,0,0,0,0,1,0,0,1,0,1,1,0,1,0.576726
0,1,0,0,0,0,0,1,0,1,1,1,1,0,0,0,1,1,1,0,1,0,0,0,0,1,0,0,0,0,0,1,0.596148
0,0,0,1,0,1,0,0,1,0,0,0,0,1,1,1,1,1,1,0,1,1,1,1,1,0,1,0,0,0,0,0,0.588795
0,1,1,0,0,1,0,0,0,0,0,0,0,0,0,0,0,1,1,1,1,1,0,0,1,0,1,0,0,1,0,0,0.599478
0,1,0,0,1,1,0,1,1,0,0,0,0,0,1,1,0,0,1,1,0,0,1,0,1,0,0,1,0,0,0,0,0.590633
1,1,1,0,1,0,0,0,1,0,0,1,1,0,0,0,1,1,1,1,0,1,1,1,0,1,1,1,0,1,1,0,0.597080
0,0,1,1,1,0,1,1,0,1,1,1,1,0,0,1,1,0,1,1,0,0,0,0,0,0,1,1,1,1,1,0,0.577765
0,1,1,1,1,1,0,0,0,1,0,0,0,0,0,0,0,0,1,0,0,1,0,1,0,1,0,1,0,0,0,0,0.586690
0,0,0,1,0,1,0,1,1,1,1,0,0,1,1,0,0,0,1,0,1,0,1,1,0,1,0,0,0,1,1,1,0.569773
1,1,1,1,0,0,1,0,0,0,0,0,0,1,1,0,1,1,0,1,1,1,1,0,1,0,1,0,1,1,1,0,0.590606
1,0,0,1,0,0,0,1,0,0,0,1,0,1,0,0,1,1,0,0,1,1,0,1,1,0,0,0,1,0,1,1,0.593830
1,1,1,1,0,1,1,0,1,1,1,1,1,0,1,1,1,0,1,1,1,1,0,0,0,1,1,1,0,1,0,1,0.590580
0,1,1,0,1,0,1,1,1,1,0,1,0,1,0,1,0,0,1,1,0,1,0,1,0,0,1,0,0,0,0,1,0.593164
0,1,1,1,1,0,0,1,0,0,1,1,0,1,0,0,1,0,1,0,0,1,0,1,1,0,1,1,1,1,1,0,0.595055
1,0,1,0,0,0,1,0,1,0,1,1,1,1,0,1,1,0,1,0,0,0,0,0,0,1,1,1,0,0,1,0,0.592658
1,0,0,0,1,0,1,0,1,1,1,1,1,1,0,0,1,1,1,0,1,0,0,0,1,0,1,1,1,1,1,1,0.598599
1,1,1,0,1,0,0,0,1,1,1,0,1,1,0,1,1,0,0,0,0,1,1,1,1,0,0,1,1,1,1,0,0.590153
0,1,1,1,1,0,0,0,0,0,0,0,1,1,0,0,0,0,1,1,0,1,1,1,0,1,0,0,0,1,1,1,0.584346
0,0,1,1,1,0,1,0,0,1,0,1,1,0,0,0,1,0,0,0,1,0,0,0,0,1,0,0,0,0,0,1,0.591059
0,1,1,1,1,0,1,0,1,1,1,0,0,1,0,0,0,1,1,1,0,0,0,0,1,0,0,0,1,1,0,0,0.592258
0,1,0,0,0,1,1,1,1,1,0,0,0,0,0,0,1,0,0,1,1,0,1,1,1,1,1,1,1,0,0,1,0.596760
0,0,1,0,1,0,0,0,1,1,1,0,0,0,1,0,0,0,1,1,1,1,0,1,0,1,0,1,1,1,0,1,0.569000
1,0,1,0,1,0,0,0,1,0,0,0,0,0,0,1,0,1,0,0,1,0,0,1,0,0,1,0,0,1,1,0,0.593057
0,0,0,0,0,0,1,1,0,0,1,1,1,1,1,0,0,0,1,0,0,0,1,1,1,0,0,1,1,1,1,1,0.567349
0,0,1,0,0,0,1,0,1,0,0,0,0,0,1,0,1,1,1,0,0,1,0,1,0,1,1,1,1,0,1,1,0.609255
0,0,1,0,0,1,1,0,1,1,1,1,1,0,0,1,1,1,0,0,0,1,1,1,0,1,1,0,1,0,0,0,0.598785
0,1,1,0,1,0,1,0,1,1,0,0,1,1,0,0,0,0,1,1,0,1,0,0,1,1,0,0,1,1,0,0,0.594629
0,0,1,0,0,1,0,1,0,1,1,0,0,1,0,0,0,1,0,1,1,1,0,1,0,1,0,0,1,0,0,1,0.578085
1,1,0,0,0,1,0,0,0,0,1,0,1,0,0,0,0,0,0,0,1,1,0,0,0,0,1,1,1,1,0,1,0.595055
0,0,1,0,0,1,0,1,0,1,0,1,0,1,0,1,0,1,0,1,0,0,1,1,0,0,1,0,1,1,1,1,0.543532
