1,1,1,0,0,1,1,0,1,1,1,1,0,0,1,0,1,1,0,0,0,0,1,0,0,0,0,0,0,1,1,1,0.629236
1,1,0,1,1,1,1,0,1,1,1,0,0,1,0,0,1,1,0,1,1,1,0,0,0,1,1,1,1,0,1,0,0.618260
0,1,1,1,0,1,0,0,0,1,1,0,0,1,0,0,1,1,0,0,0,0,1,0,0,0,1,1,1,0,1,1,0.661392
1,1,0,1,0,1,1,0,1,1,1,0,0,0,0,0,0,1,1,1,0,0,1,1,1,1,0,1,1,1,1,1,0.600064
0,1,0,0,1,1,0,1,1,0,0,0,0,1,0,0,1,0,0,0,1,0,1,1,0,0,1,0,1,1,1,0,0.596521
1,1,0,0,1,1,1,0,0,0,1,1,0,1,0,0,1,1,0,0,1,0,0,1,0,1,1,1,1,1,0,0,0.544198
0,1,0,1,0,1,1,0,1,1,1,1,1,1,1,0,0,0,0,0,0,1,0,0,0,1,1,0,1,0,0,0,0.649803
1,1,1,1,1,0,1,0,0,0,1,0,1,0,1,0,1,0,0,1,0,0,1,1,1,1,1,0,0,1,1,0,0.616288
0,0,0,0,0,0,0,1,1,0,0,1,1,0,1,1,0,0,1,0,0,0,1,1,0,0,1,1,1,0,1,1,0.702845
0,0,1,1,1,1,0,1,0,1,1,0,1,1,0,1,0,0,1,0,1,0,1,1,1,0,1,0,0,1,0,0,0.587676
1,0,1,0,1,1,1,1,1,1,0,0,1,0,0,1,1,1,0,1,1,0,0,1,0,0,1,1,1,0,1,1,0.512095
0,0,1,1,0,1,1,1,0,0,1,1,1,0,0,1,0,1,0,0,1,1,0,1,0,1,1,0,1,1,1,1,0.473386
0,1,0,0,0,1,1,0,1,1,1,0,0,1,1,0,0,0,0,0,1,1,1,1,0,0,0,1,0,0,0,0,0.664162
1,0,1,1,0,1,1,1,1,1,1,0,0,1,0,1,0,0,1,0,1,0,1,0,1,1,1,1,1,1,1,1,0.536232
1,1,1,0,1,1,1,0,0,1,0,1,0,0,0,0,1,1,1,0,0,1,0,1,1,0,0,1,0,0,0,0,0.641038
1,1,0,1,1,0,0,1,1,1,0,0,1,1,0,0,0,0,1,0,0,1,0,1,1,0,1,1,1,0,0,0,0.593404
0,0,1,1,0,0,0,0,0,1,0,1,0,0,1,0,0,0,0,0,1,0,0,1,0,1,1,0,0,0,0,0,0.675591
0,1,0,1,1,0,1,0,0,0,0,0,1,1,0,1,1,1,0,0,0,1,1,1,1,0,0,1,1,0,0,0,0.610427
1,0,1,1,1,0,1,0,0,1,1,1,1,1,1,1,1,1,0,0,0,1,0,0,1,1,0,1,1,0,0,0,0.596574
1,1,0,1,1,1,1,0,0,0,1,1,1,1,1,1,0,1,0,0,1,1,1,1,1,0,1,0,0,1,1,0,0.545583
1,0,0,1,1,0,0,0,0,0,1,0,1,0,0,0,1,0,0,0,1,0,1,0,1,0,1,0,1,1,0,0,0.615542
0,1,0,1,1,1,1,0,1,0,1,1,1,1,0,0,1,0,0,0,1,0,1,0,0,1,0,1,1,1,1,0,0.567988
1,0,1,0,0,1,0,1,1,1,1,1,1,0,1,1,1,1,1,1,1,1,0,1,1,1,0,0,1,1,0,1,0.449409
1,0,0,0,1,1,1,0,1,0,0,1,0,1,0,1,1,1,0,1,1,1,0,0,1,1,1,1,1,1,1,0,0.556692
0,0,0,0,0,1,1,1,0,1,0,0,1,1,1,0,1,1,1,1,1,0,1,0,1,0,1,1,0,1,0,0,0.627318
1,0,1,1,0,0,0,0,1,1,0,0,1,0,1,1,0,0,1,0,0,1,0,1,0,1,0,0,1,1,0,1,0.605792
1,1,0,1,1,0,0,0,0,0,0,0,0,0,1,0,1,0,1,0,0,0,0,0,1,0,1,0,0,0,1,1,0.610907
1,0,0,0,1,0,0,1,1,0,0,0,1,0,1,1,1,1,0,1,0,0,0,0,0,1,0,1,0,1,0,1,0.597746
1,0,1,0,1,0,0,0,1,1,0,0,0,1,1,1,1,1,1,1,1,1,1,0,1,1,1,1,1,1,0,0,0.575794
0,0,0,1,0,0,0,1,0,1,0,1,1,0,0,0,1,1,0,0,1,1,0,0,0,1,1,1,1,1,0,1,0.670183
1,0,1,0,0,0,1,1,0,0,1,1,0,0,1,0,0,0,1,1,0,0,0,0,1,1,0,0,0,0,0,1,0.663150
0,0,1,1,0,0,0,0,0,0,0,0,1,0,0,0,0,1,1,0,1,0,0,1,0,0,0,1,0,1,1,1,0.666960
1,0,1,0,0,1,1,1,1,1,0,0,0,1,0,1,0,0,0,0,0,0,0,1,1,0,0,0,1,0,1,0,0.669917
1,1,1,1,1,0,1,1,0,1,1,1,1,0,1,0,0,0,1,0,0,0,0,1,1,1,0,1,0,1,1,0,0.624734
0,0,0,1,0,0,1,1,0,1,0,0,0,1,0,1,0,0,0,1,0,1,1,0,0,0,1,0,1,0,1,1,0.669544
1,0,0,1,1,0,0,0,1,1,0,0,0,1,0,0,1,1,1,0,1,1,0,1,0,0,0,0,1,1,1,0,0.672847
0,1,0,0,1,0,0,1,0,1,1,1,0,1,0,1,0,1,1,0,0,1,0,0,0,1,0,1,1,1,0,0,0.594549
0,1,0,0,0,1,1,0,1,1,1,1,1,0,1,0,0,1,0,1,1,0,0,0,1,1,0,0,0,1,1,1,0.638720
1,0,1,0,0,0,0,1,0,1,0,1,0,1,1,1,0,1,0,0,1,0,1,0,0,0,0,0,0,1,1,1,0.616235
0,0,0,0,0,0,0,0,1,1,1,1,1,0,0,0,1,1,0,1,1,0,1,1,1,0,0,1,0,0,0,0,0.642104
1,0,0,1,1,1,1,1,1,1,1,0,0,1,0,1,1,1,1,1,1,1,0,0,1,0,0,0,1,1,1,0,0.576993
1,0,0,1,1,0,1,0,0,0,0,1,1,0,1,1,0,0,1,0,0,0,0,1,1,0,1,1,0,1,1,0,0.622629
1,0,0,1,1,0,1,1,0,1,0,1,1,1,1,0,0,1,0,1,1,0,0,1,1,0,0,1,1,1,1,0,0.570466
1,0,0,1,0,1,1,0,0,1,1,1,1,0,1,1,0,0,1,1,0,0,1,0,1,0,1,1,1,0,1,1,0.606458
0,1,1,0,1,1,1,1,1,0,1,0,1,1,1,0,1,1,1,1,0,0,1,0,1,1,1,1,1,1,1,0,0.556346
0,1,0,0,0,1,1,1,0,0,0,0,0,0,0,1,0,1,1,1,0,1,0,1,0,0,0,0,0,1,0,0,0.641704
1,1,1,0,1,0,0,1,0,0,1,1,1,1,1,0,0,1,1,1,0,1,1,0,1,0,1,0,0,0,0,0,0.617301
1,0,0,1,0,0,0,1,0,0,1,1,0,0,1,0,1,1,1,1,1,0,1,1,0,0,1,1,0,0,1,0,0.597720
0,0,1,1,1,0,0,1,0,1,0,0,0,1,1,1,1,0,1,0,0,0,0,0,0,0,1,0,1,1,0,1,0.614637
1,0,1,0,0,1,1,1,1,1,0,1,0,1,0,1,0,0,0,1,1,1,0,0,0,0,0,0,0,0,1,1,0.598279
0,1,1,0,0,0,0,0,1,1,1,1,1,1,0,0,1,0,0,1,0,1,1,0,1,1,1,1,0,0,1,0,0.610561
0,0,1,0,1,0,0,0,1,0,1,0,1,0,0,0,1,0,1,0,1,0,1,0,0,1,1,1,0,1,0,0,0.631687
1,1,1,1,1,1,0,1,0,0,1,0,1,0,0,0,1,0,0,1,1,1,0,0,1,0,0,1,0,0,0,1,0.582055
1,0,0,0,0,1,0,1,0,0,1,1,1,1,0,0,1,0,0,1,0,0,0,0,1,1,0,1,1,0,1,0,0.603421
0,0,1,1,0,0,1,1,0,1,1,1,0,1,1,0,1,1,1,0,1,0,1,0,1,1,1,1,1,1,1,0,0.577712
1,1,0,1,0,1,0,1,1,0,1,1,0,0,0,1,0,0,1,0,1,1,1,0,0,1,0,0,1,0,1,1,0.499174
1,1,1,1,0,0,1,1,0,1,1,1,0,0,1,1,0,0,0,0,0,1,0,0,0,0,1,1,0,0,0,1,0.610214
0,1,0,1,0,1,1,0,1,0,0,1,1,1,0,1,0,0,0,1,1,0,0,1,1,1,0,0,0,0,1,1,0.616422
1,1,0,1,1,1,1,0,0,1,1,0,1,0,0,0,0,1,0,1,1,0,1,0,0,1,0,0,0,0,1,0,0.613358
1,1,1,1,1,0,0,1,0,1,1,1,1,1,1,1,1,1,1,0,0,1,0,1,0,1,1,0,1,1,0,1,0.497709
1,1,0,0,1,0,0,0,1,1,0,1,0,0,0,1,1,1,0,0,0,1,1,1,0,0,1,0,1,1,0,1,0.593324
0,0,0,0,0,0,0,0,1,1,1,0,0,1,0,1,1,1,1,1,0,0,1,0,1,0,1,1,0,1,1,0,0.624680
1,1,0,1,0,1,1,1,0,0,1,0,1,0,1,1,0,1,1,0,0,0,1,0,1,1,1,0,1,1,1,1,0.541853
0,0,0,1,0,0,1,1,0,0,1,0,0,1,0,1,1,1,1,0,0,0,0,1,0,0,1,0,1,1,0,1,0.655930
1,1,0,0,1,1,0,1,1,0,1,1,1,0,0,1,1,1,0,1,1,1,0,0,1,1,1,0,0,0,0,1,0.545849
1,0,1,0,1,0,1,1,0,0,0,0,1,0,0,1,0,0,1,1,1,1,1,1,1,0,1,1,0,1,0,0,0.630115
0,0,0,0,1,1,0,1,0,1,0,1,1,0,0,0,0,0,0,0,0,1,1,0,1,1,1,0,0,0,1,1,0.646659
1,1,0,0,0,1,1,0,1,0,1,0,0,0,1,1,0,1,0,1,1,0,0,1,0,1,1,1,0,0,1,0,0.592365
0,1,0,0,0,1,1,0,0,0,1,0,1,1,0,0,0,0,1,0,0,1,1,0,1,0,1,1,0,0,1,0,0.658168
0,1,0,0,0,1,1,0,0,1,0,1,1,0,0,0,0,1,1,0,1,1,0,1,1,0,0,0,0,1,0,0,0.603794
1,1,0,0,0,0,0,1,0,1,1,0,0,0,0,0,1,1,1,0,1,0,1,1,0,1,0,1,0,0,0,0,0.606484
0,0,1,0,0,1,0,1,1,1,0,0,0,1,1,1,0,1,1,1,0,1,0,1,1,0,0,0,0,0,0,0,0.619459
0,0,1,1,1,0,0,1,0,1,0,1,1,1,1,0,1,1,0,1,0,1,1,1,1,0,1,0,0,0,0,0,0.599904
1,1,0,0,1,0,0,0,0,0,1,1,0,1,0,0,0,0,1,1,1,1,0,1,0,0,0,1,0,0,1,0,0.615729
1,0,1,1,0,1,0,1,1,0,1,1,0,1,0,0,0,0,1,0,0,0,0,1,1,0,1,1,0,0,0,1,0.703272
1,0,0,0,1,1,1,1,0,0,0,1,1,0,1,0,0,0,0,0,1,1,0,0,0,0,0,1,1,0,0,1,0.514066
1,1,0,0,0,0,0,0,1,1,0,0,0,1,1,1,0,0,1,1,0,0,1,1,0,0,0,1,1,0,0,0,0.634298
1,0,1,1,0,1,1,0,1,1,0,1,0,0,0,0,1,1,1,0,1,0,0,1,1,1,1,1,0,0,1,0,0.597959
1,1,1,0,1,0,1,1,0,1,1,0,1,1,0,1,0,0,0,0,1,1,0,1,0,0,1,0,1,1,0,1,0.576939
0,0,0,0,1,0,0,1,0,0,1,1,0,0,0,1,1,0,1,1,1,0,0,1,1,1,0,1,0,0,1,0,0.650016
0,0,1,1,1,1,0,1,0,1,0,0,0,1,0,1,0,0,1,0,1,0,0,0,0,0,0,1,1,0,1,1,0.561621
0,0,1,0,0,1,0,0,1,1,1,0,0,1,1,1,1,0,0,1,1,1,0,0,0,0,0,1,0,0,0,0,0.628836
0,0,1,0,1,0,0,0,0,0,1,0,0,1,1,1,0,0,0,1,0,0,0,1,0,1,0,0,0,1,0,0,0.679401
0,0,0,1,0,0,1,1,0,0,1,0,0,1,0,0,1,1,0,1,0,0,0,0,1,0,0,1,1,1,0,1,0.690244
0,0,0,0,0,0,0,1,0,0,0,0,1,0,1,0,0,0,1,0,0,0,0,0,1,1,0,0,0,1,1,1,0.673220
1,1,0,0,1,1,1,1,0,1,1,0,1,0,0,1,0,0,0,1,1,0,1,1,0,0,0,1,0,0,1,0,0.583840
1,1,0,1,0,1,1,1,0,0,1,1,1,1,1,1,1,1,0,0,1,0,1,1,0,0,0,1,1,0,0,0,0.567136
0,1,0,0,1,0,1,1,0,1,1,0,1,0,0,1,0,1,0,0,1,1,1,1,0,1,1,1,1,0,0,0,0.572490
1,0,1,1,0,1,1,1,0,1,0,0,1,0,1,1,0,1,1,0,1,0,1,1,0,1,0,1,1,1,1,0,0.542333
1,1,1,0,0,1,1,0,1,0,0,1,0,0,0,0,1,1,0,1,0,0,0,1,1,0,0,0,0,1,1,1,0.590553
1,0,0,0,1,0,0,0,0,1,1,0,0,1,1,1,1,1,1,0,0,1,1,1,0,1,0,0,0,0,1,0,0.593857
0,0,0,1,1,1,0,1,0,1,0,1,1,1,0,0,0,1,0,1,0,1,0,1,0,0,1,0,0,1,0,0,0.630808
1,0,1,1,0,1,0,0,0,1,1,0,1,1,0,0,0,0,1,1,1,1,1,0,1,0,0,1,1,1,1,0,0.588448
1,0,0,0,1,0,1,0,0,0,0,1,1,0,1,1,1,0,1,0,0,0,1,0,0,1,0,0,0,0,1,1,0.620604
1,0,0,0,0,0,1,1,1,1,0,1,1,0,1,0,1,1,1,0,1,1,0,1,0,1,1,0,0,0,0,0,0.613278
1,1,0,0,0,1,0,0,1,0,1,0,0,0,1,1,0,1,0,1,1,1,1,1,1,1,1,0,1,1,0,0,0.574355
0,0,0,1,0,1,0,1,1,0,0,1,1,0,1,1,0,0,0,1,0,1,1,1,1,1,0,1,1,0,0,0,0.681159
1,1,0,0,1,0,1,1,0,0,1,1,1,0,0,0,0,1,1,1,0,0,0,1,1,1,0,0,1,1,0,1,0.633978
0,1,0,0,1,0,0,0,1,1,0,1,0,0,0,1,1,1,1,0,1,1,1,0,1,1,0,0,0,1,0,1,0.614903
1,0,1,1,1,1,0,0,1,1,0,1,0,0,1,1,1,1,0,1,0,0,0,1,0,0,0,1,1,0,1,0,0.606538
0,0,1,0,1,1,0,0,1,1,0,0,0,0,1,1,1,0,0,1,1,1,1,1,0,1,1,1,0,0,0,0,0.599931
0,1,1,1,0,1,1,1,1,1,1,1,0,0,1,1,0,0,1,0,1,1,1,1,1,1,1,0,0,0,0,1,0.476689
1,0,1,0,1,0,0,0,0,1,0,1,1,0,0,0,1,1,1,1,1,0,1,0,1,0,0,0,1,0,1,1,0.594176
0,1,1,0,1,1,1,1,1,0,0,0,1,0,0,1,1,1,0,0,1,0,0,0,1,0,1,0,0,0,0,1,0.573609
0,0,0,1,1,0,1,1,1,0,0,1,1,1,1,0,0,0,0,0,1,1,0,1,1,0,0,0,0,1,1,0,0.619246
0,1,1,1,0,1,1,0,1,1,1,1,1,1,0,1,1,0,1,0,1,0,0,0,1,0,0,0,0,1,0,0,0.637228
0,1,0,1,0,0,1,1,1,0,1,0,1,0,1,1,0,1,1,1,1,0,1,0,1,1,1,1,1,0,0,1,0.590953
0,0,0,0,0,0,1,0,1,1,0,1,0,0,0,0,1,1,1,1,1,0,1,1,0,1,0,1,1,0,1,0,0.673034
1,0,1,1,0,1,1,0,1,0,1,0,0,0,1,1,1,1,1,1,1,1,1,1,1,0,0,0,0,0,0,1,0.564951
1,0,0,0,0,1,1,1,0,1,0,0,0,1,1,0,1,1,1,0,1,1,1,1,0,0,1,0,1,1,0,1,0.532582
1,0,0,1,0,1,1,0,0,1,1,0,1,0,0,0,1,1,0,0,1,1,1,0,0,0,1,1,1,0,0,0,0.618286
1,1,1,0,1,0,1,1,1,1,1,0,1,0,1,1,1,1,1,1,0,1,0,1,1,0,1,1,1,0,1,0,0.569666
1,0,0,0,1,1,1,0,0,0,1,0,1,1,0,0,1,1,0,1,0,0,1,1,1,0,0,0,0,1,1,1,0.601689
1,1,1,0,0,0,0,0,0,0,0,1,0,1,0,1,0,0,0,0,0,1,1,1,1,1,1,1,0,0,0,1,0.621164
0,0,1,0,0,0,1,1,1,1,1,1,0,0,0,0,1,1,1,0,1,0,0,0,1,1,1,0,1,1,1,0,0.629263
0,0,0,0,0,1,1,0,1,0,1,1,0,0,1,1,1,1,1,0,1,0,1,1,1,0,0,1,0,0,1,0,0.572997
0,0,0,0,1,1,1,0,0,1,0,1,0,1,0,1,0,0,0,0,0,0,0,1,0,1,1,0,1,1,0,0,0.632673
0,0,0,1,0,0,1,1,1,0,0,0,1,1,0,1,1,1,1,1,1,0,0,1,0,1,1,1,1,1,0,1,0.625826
0,0,1,0,0,1,1,0,0,0,1,0,0,0,0,0,0,1,1,1,1,1,0,0,0,1,0,1,0,1,0,1,0.642157
1,1,1,0,0,1,0,1,0,1,0,1,1,0,1,0,0,0,1,0,1,1,1,1,1,1,0,0,0,1,1,0,0.563672
0,0,0,0,0,0,1,1,0,1,1,0,1,0,0,1,1,1,0,0,1,0,0,0,0,1,1,1,1,0,1,1,0.657822
0,0,1,0,1,0,1,1,0,0,0,0,0,0,1,0,1,1,1,1,1,1,1,0,1,0,0,1,0,1,1,0,0.723199
1,0,1,0,1,0,0,0,0,1,1,0,1,0,0,1,0,0,0,0,0,1,0,1,0,0,0,1,1,1,0,1,0.624814
1,0,0,0,0,0,0,0,0,1,0,1,1,0,1,1,0,0,0,1,0,0,1,0,1,1,1,1,0,0,1,0,0.660220
0,1,0,0,0,1,0,0,1,0,0,1,0,1,0,0,0,0,0,0,1,1,0,0,0,0,1,1,0,0,0,1,0.625773
1,1,1,0,0,1,1,0,0,0,0,1,0,0,1,0,1,0,0,0,1,1,0,1,1,0,1,0,0,0,0,0,0.618366
0,0,0,0,0,0,1,1,1,0,0,0,1,0,0,1,1,1,1,1,0,1,1,1,1,0,0,0,0,1,0,0,0.645727
1,1,0,0,0,1,0,0,1,0,1,0,0,0,1,1,0,1,1,0,0,1,1,0,1,1,0,1,1,1,0,0,0.601849
