0,0,0,0,1,0,1,1,0,0,1,1,0,0,1,1,1,0,0,0,1,0,1,1,1,0,1,0,0,0,1,1,0.673274
1,0,0,1,1,0,0,0,0,1,1,1,0,1,1,1,1,0,1,1,1,1,0,1,0,0,0,1,0,1,1,1,0.590447
1,1,1,1,0,1,1,1,0,0,1,1,0,0,1,0,1,0,1,0,1,0,0,1,0,1,1,1,1,1,0,1,0.642104
0,0,1,1,1,0,1,0,1,1,0,0,0,0,0,1,1,1,1,0,0,0,0,0,0,0,1,0,1,1,0,1,0.589221
1,0,0,1,1,0,1,1,0,1,1,0,0,0,0,1,1,0,0,0,1,1,0,0,1,0,1,0,0,1,1,0,0.615756
1,1,0,0,0,0,1,1,0,1,1,1,1,1,1,1,0,0,0,0,0,0,0,1,0,1,0,0,0,1,0,0,0.645807
1,1,0,0,0,0,0,1,1,0,0,0,0,0,0,1,1,0,1,0,1,1,0,0,1,0,1,1,1,0,0,0,0.599931
1,0,1,1,0,0,1,0,1,1,0,0,1,1,1,0,1,0,0,0,1,1,1,0,1,1,1,0,0,1,0,1,0.594016
1,0,0,0,0,1,1,1,0,1,0,1,1,0,1,1,1,0,1,1,0,0,1,1,0,0,1,0,1,0,1,1,0.616741
0,0,0,1,0,1,1,0,0,0,1,1,1,1,0,1,1,1,1,0,1,1,0,1,1,0,0,1,0,1,0,1,0.637202
1,1,0,1,0,0,0,1,1,1,1,1,1,0,0,1,1,0,0,0,1,0,0,0,0,0,1,1,0,1,0,0,0.608056
0,0,1,0,0,1,1,0,0,1,0,1,1,0,0,0,0,1,1,0,1,0,0,1,1,1,1,0,0,0,1,0,0.570572
1,0,1,0,1,1,1,1,0,1,1,1,0,0,0,1,1,1,1,1,0,1,0,1,0,1,0,1,1,1,1,0,0.615489
0,0,1,1,1,1,0,1,1,1,1,1,1,0,1,1,1,0,0,0,1,1,1,0,0,1,0,0,0,0,0,1,0.612345
0,1,0,1,1,1,1,1,1,1,1,0,1,0,0,0,1,1,0,0,1,0,1,1,0,1,1,1,1,1,0,0,0.711477
1,1,0,0,1,0,0,0,0,1,1,0,1,1,0,1,1,0,0,1,0,0,0,1,0,1,0,1,0,0,0,1,0.592098
1,1,1,1,0,0,0,0,0,0,1,1,0,0,1,1,0,1,1,1,1,1,1,0,1,1,0,0,0,0,0,0,0.601876
0,1,0,1,1,0,1,1,0,0,0,1,0,0,0,0,1,0,1,1,1,0,0,0,1,1,0,1,0,0,0,1,0.596707
1,1,1,0,1,0,0,1,1,1,1,0,1,0,0,0,1,1,0,1,0,1,0,1,1,1,1,0,0,1,0,0,0.589514
0,1,1,1,1,1,1,0,0,0,0,1,0,1,0,1,1,1,0,0,0,1,0,0,1,1,0,0,1,1,0,0,0.653186
0,0,0,0,0,0,1,0,0,1,0,1,1,1,0,0,0,0,0,0,1,1,0,1,1,0,0,0,0,0,0,1,0.518702
0,0,0,0,1,0,1,0,1,0,0,0,1,1,1,0,0,0,1,0,0,0,1,1,0,1,0,1,0,1,1,1,0.526881
0,0,0,1,0,1,1,1,0,0,0,0,1,1,0,1,1,1,1,1,0,1,0,0,1,1,1,0,1,1,0,0,0.596894
1,1,0,1,0,0,0,0,1,0,0,1,0,1,1,1,0,0,1,1,0,1,0,0,0,0,1,0,0,0,0,0,0.587090
1,0,1,1,0,1,1,0,1,0,1,0,0,1,1,0,0,1,1,0,0,1,1,1,0,1,1,1,1,0,0,0,0.612186
1,0,1,0,1,1,0,0,0,0,1,1,1,1,0,1,1,0,1,0,1,0,0,0,1,1,1,1,1,0,0,1,0.634271
0,1,0,0,1,0,1,1,1,0,1,1,0,1,1,0,1,0,1,0,1,1,1,0,1,1,1,1,1,1,0,1,0.622975
0,0,1,0,0,1,1,1,0,0,0,0,1,1,0,0,0,1,1,0,0,0,0,0,0,0,0,0,0,0,0,0,0.536125
0,0,1,0,1,0,1,0,1,1,1,1,1,0,0,0,1,1,0,0,0,0,0,1,1,1,1,1,1,1,1,0,0.632886
1,1,1,1,0,0,0,1,0,0,0,1,0,0,1,1,0,1,1,1,1,1,0,0,1,0,0,0,0,0,0,0,0.589434
0,1,0,1,0,1,0,0,1,0,0,0,1,1,0,0,1,0,0,0,0,1,1,0,1,0,0,1,1,1,0,1,0.640372
1,0,0,1,0,1,0,0,0,0,1,1,0,1,0,1,0,0,1,0,1,1,1,1,1,1,0,0,1,1,0,1,0.632753
0,1,1,0,0,1,1,1,0,1,0,0,1,1,1,0,1,1,1,1,1,1,0,1,1,1,1,1,0,0,1,1,0.611893
1,1,0,1,1,0,0,0,1,1,1,0,0,0,0,0,1,0,1,0,0,0,1,1,0,0,0,1,1,1,1,0,0.594629
1,0,1,1,0,1,0,1,1,1,0,0,0,0,1,1,0,0,1,0,0,1,1,0,1,0,1,1,1,1,0,1,0.603527
0,1,0,1,1,1,1,0,0,0,1,0,0,1,1,1,0,1,1,1,1,1,1,1,0,0,1,0,1,0,1,0,0.616075
0,1,1,1,1,0,1,0,0,1,0,1,0,0,1,0,1,0,1,1,0,0,0,1,1,1,1,1,1,1,1,0,0.604327
0,1,0,0,0,0,1,0,1,1,0,1,1,0,1,1,1,0,0,0,1,0,1,0,1,0,0,0,0,0,0,1,0.576460
0,0,0,0,0,0,1,1,0,0,0,1,0,0,0,0,0,1,1,0,1,0,0,1,1,0,1,0,0,1,0,0,0.581202
0,0,1,0,0,1,1,0,0,0,0,0,1,1,0,0,0,1,0,0,0,0,0,0,1,1,0,1,1,1,0,0,0.607870
0,1,0,0,1,1,1,0,1,1,1,0,0,1,0,0,0,1,0,0,0,1,0,1,1,0,1,0,0,0,1,0,0.600464
1,0,1,0,1,0,1,1,1,0,0,0,0,1,0,1,0,0,1,1,0,0,0,1,1,1,0,0,0,1,1,1,0.585731
1,0,1,1,1,1,1,1,1,1,0,0,1,0,1,1,0,1,1,1,1,0,1,0,1,1,0,1,1,1,1,0,0.623508
0,0,0,0,0,0,0,1,1,1,1,0,0,0,0,0,1,1,0,0,1,0,0,0,0,1,1,1,1,1,1,0,0.616768
0,0,0,1,1,0,0,1,0,1,0,1,1,0,0,1,1,1,0,0,1,1,0,1,1,1,0,0,1,1,0,1,0.646553
0,1,1,0,1,0,1,1,1,1,0,0,0,0,1,1,1,1,0,1,0,1,1,1,0,1,1,1,1,1,0,1,0.600410
0,1,0,0,0,1,0,1,1,0,1,1,1,1,1,0,1,0,1,0,0,1,0,0,0,0,1,0,0,0,1,0,0.601902
0,1,0,0,1,1,1,0,0,0,1,1,1,0,0,1,0,1,1,0,0,0,1,1,1,1,1,1,1,0,1,1,0.613225
0,0,0,1,0,1,1,1,0,0,1,0,0,1,0,1,1,0,1,0,0,0,1,0,1,0,0,0,0,1,1,1,0.582614
0,1,0,0,0,0,0,0,0,0,1,1,0,0,0,0,1,0,0,0,1,0,1,1,1,0,0,0,1,1,1,1,0.651108
1,1,0,0,1,1,0,0,0,0,0,1,0,1,0,1,0,0,0,0,0,0,1,0,0,0,1,1,0,0,1,1,0.604726
1,1,1,0,0,1,1,1,0,1,0,1,0,0,1,0,1,0,0,0,0,0,0,0,0,0,0,1,0,1,0,0,0.597826
0,1,0,1,0,1,0,0,1,1,0,0,0,1,1,1,0,1,1,1,1,1,1,0,0,0,0,0,0,0,1,1,0.599158
1,0,1,0,1,0,0,1,1,1,0,0,0,1,1,0,0,1,1,0,0,1,1,1,0,0,1,0,1,1,0,0,0.640239
1,0,1,1,1,1,0,1,0,0,1,0,0,0,1,0,1,1,0,0,1,1,0,1,0,0,1,1,0,0,1,0,0.691523
1,0,1,0,1,0,0,1,1,1,1,0,0,0,1,1,0,0,1,1,1,0,0,1,0,1,1,1,1,1,0,0,0.601183
0,0,1,1,0,1,1,1,0,0,0,1,0,0,1,0,0,1,0,0,1,1,0,0,0,1,1,0,1,0,1,1,0.654199
0,0,0,0,0,1,0,1,0,0,1,0,1,1,0,1,0,1,0,0,1,0,1,1,0,0,0,0,1,0,1,1,0.718777
1,0,1,1,0,1,1,0,1,1,0,1,1,1,0,1,1,0,0,1,0,1,1,1,1,0,1,1,0,1,1,0,0.593777
1,0,0,1,1,1,0,0,1,1,0,1,0,1,1,1,1,1,1,1,1,0,0,0,0,1,1,0,1,1,0,0,0.621084
0,0,0,1,1,1,1,1,0,0,1,1,0,0,0,0,0,1,1,0,0,0,0,0,1,1,0,0,0,1,1,1,0.583680
0,1,1,1,0,1,1,0,0,1,1,0,0,0,0,0,0,1,1,0,0,1,1,0,1,1,0,1,0,1,0,0,0.632460
0,0,1,0,0,1,1,0,0,0,1,0,0,1,0,1,0,0,1,1,0,0,0,1,0,0,0,0,0,1,0,0,0.582747
1,0,1,0,1,0,0,1,0,1,0,0,0,1,0,1,0,1,0,0,1,0,0,0,0,0,0,1,0,0,0,0,0.586264
1,1,0,0,0,1,1,0,0,1,1,1,1,1,0,0,0,0,1,0,1,1,0,0,0,1,0,0,0,1,1,0,0.593750
1,0,1,0,1,0,0,0,0,1,1,0,0,1,1,0,1,0,1,0,1,0,1,1,0,0,0,0,1,0,1,1,0.597133
1,1,1,1,0,1,1,0,1,1,0,0,1,0,0,1,0,1,0,1,0,1,0,0,1,1,1,1,0,0,0,1,0.606325
0,1,0,0,0,0,1,0,1,0,1,0,0,1,1,0,0,0,1,1,1,0,0,1,0,0,0,0,0,1,1,0,0.579071
0,1,0,1,0,0,0,1,0,0,1,1,1,0,0,0,1,1,0,1,0,1,1,1,1,0,1,1,0,0,0,1,0.620285
1,1,1,0,1,1,0,0,0,1,1,1,0,0,1,1,0,1,1,1,0,1,0,0,1,1,0,0,1,0,1,0,0.594629
1,1,0,1,1,1,0,0,1,1,0,1,1,0,1,0,1,0,1,1,0,0,0,1,1,1,1,0,0,0,1,1,0.630142
0,0,1,0,1,1,0,0,0,1,0,0,0,1,0,1,0,0,0,0,1,0,1,1,1,0,0,0,0,0,1,1,0.584479
0,1,0,0,1,0,0,1,0,1,0,1,0,1,1,1,1,0,0,1,0,0,1,1,0,0,0,0,0,0,0,0,0.563566
0,1,0,0,1,1,0,0,0,1,0,0,1,0,1,1,0,0,0,1,1,0,0,0,1,0,1,0,0,0,0,0,0.577792
1,1,1,0,1,1,1,0,0,0,1,0,1,1,0,1,1,1,0,1,0,1,0,1,1,1,1,0,0,0,0,0,0.595668
1,0,0,0,0,0,0,1,0,0,1,0,1,0,0,0,0,0,1,1,1,0,1,1,1,0,0,0,0,0,1,1,0.583653
1,0,1,1,0,0,0,0,0,1,1,1,0,0,1,0,0,0,0,1,1,0,1,1,1,0,1,0,0,1,0,1,0.637894
0,1,1,0,0,0,0,0,1,1,0,1,1,0,0,1,1,0,0,1,0,1,0,0,0,1,1,0,1,0,0,1,0.586184
0,0,0,1,0,1,1,0,1,1,0,0,0,1,1,0,1,1,0,1,1,0,1,0,1,0,1,1,0,0,1,0,0.586957
1,1,1,1,1,0,1,1,0,0,1,0,0,0,1,1,0,1,1,0,0,0,0,0,0,1,1,1,0,1,0,1,0.602062
1,1,1,1,0,0,1,1,1,1,0,0,0,1,0,0,1,1,0,0,0,1,0,0,1,1,0,1,0,1,1,0,0.598439
1,1,1,1,1,0,1,0,0,1,1,0,1,1,1,0,1,1,1,1,0,1,1,1,0,1,0,1,0,1,0,0,0.583946
1,1,0,0,0,1,0,0,0,0,0,0,0,1,0,1,1,1,1,1,1,0,0,1,0,0,1,1,0,0,0,0,0.594816
0,1,0,0,0,1,1,1,0,0,0,1,0,0,0,1,1,0,0,1,0,1,1,1,1,1,1,1,1,0,1,0,0.623295
0,0,0,1,0,0,1,1,1,1,0,0,1,1,0,0,0,0,1,1,0,0,1,0,1,1,0,1,1,1,0,1,0.626652
0,0,0,0,0,1,1,0,1,1,1,0,1,0,1,1,0,1,1,0,1,1,0,0,1,1,0,0,0,1,0,1,0.608269
1,1,0,0,1,1,1,0,0,1,0,1,1,0,0,1,1,0,0,0,0,1,0,1,1,0,0,0,1,1,1,1,0.645460
0,1,1,0,1,0,1,1,0,1,0,0,0,0,0,0,0,0,1,0,1,0,1,1,0,0,1,0,0,1,0,1,0.619432
0,1,1,1,0,0,1,1,0,1,0,0,0,1,0,1,0,0,0,0,0,1,0,1,1,0,1,1,1,1,0,1,0.636456
1,1,0,0,0,0,1,0,1,0,0,1,1,1,0,1,1,0,1,0,0,0,1,1,1,1,0,1,0,0,1,0,0.623295
1,1,1,0,0,1,0,1,1,0,0,1,1,0,1,1,1,1,0,0,0,0,0,0,0,1,1,1,1,1,1,1,0.626225
0,0,0,1,1,0,1,1,1,0,1,0,0,1,0,1,1,1,1,1,0,0,1,0,0,1,0,0,1,1,0,0,0.602302
1,1,0,1,1,0,1,0,0,1,1,1,1,0,1,0,0,1,1,1,1,0,0,0,0,1,1,0,1,1,1,1,0.588315
0,1,0,0,0,0,0,1,1,1,1,0,0,0,1,0,1,0,1,0,0,0,1,1,1,0,0,1,1,1,0,0,0.635550
0,1,1,1,0,1,1,0,0,1,1,1,0,0,1,0,0,1,0,1,0,1,0,0,0,1,0,0,0,0,1,1,0.590447
0,1,1,1,0,0,0,1,0,0,1,0,0,1,0,1,1,1,0,0,1,0,0,1,0,0,1,0,1,0,0,1,0.669491
1,0,1,0,0,1,0,1,1,1,1,0,1,1,0,0,0,1,0,1,1,0,0,0,1,0,1,0,1,1,0,1,0.629156
1,1,1,0,0,1,1,0,0,1,1,1,1,0,1,0,1,1,0,0,0,1,0,1,0,1,1,0,1,0,0,1,0.602222
0,0,0,0,1,0,1,1,0,1,1,1,1,1,0,0,0,1,1,0,0,0,0,0,0,0,1,1,1,1,1,0,0.610374
1,0,1,1,1,1,0,0,0,0,0,1,1,0,0,0,1,1,1,0,0,1,1,1,1,1,1,0,1,1,0,0,0.623854
1,0,0,0,0,1,0,0,0,0,0,0,1,0,0,1,1,0,1,1,0,1,1,0,0,0,1,0,0,0,0,1,0.589754
1,0,1,1,0,0,1,1,0,0,1,1,0,0,0,0,0,1,1,1,0,1,1,1,1,1,1,1,1,0,1,0,0.618873
0,0,1,0,1,1,1,1,0,0,0,0,1,1,1,1,0,0,1,1,0,1,1,0,1,0,0,0,0,1,0,1,0.593803
1,0,1,1,0,1,0,1,0,0,1,0,1,0,1,0,0,1,0,0,1,1,1,0,0,0,0,1,1,0,1,0,0.696398
1,0,1,0,0,0,1,0,0,1,1,0,1,0,0,0,0,0,1,1,0,0,1,1,0,0,0,0,1,0,1,1,0.594603
0,1,1,0,0,1,1,1,0,1,1,1,1,0,0,1,0,1,1,1,1,0,0,1,1,0,1,1,1,1,0,0,0.622656
0,0,1,1,1,1,1,1,0,1,0,1,1,0,1,0,1,1,0,1,0,1,0,0,1,1,1,0,0,0,0,1,0.599185
0,1,1,1,1,1,1,0,0,0,0,0,1,1,1,1,0,0,1,1,1,1,0,0,0,0,1,1,0,1,0,1,0.613491
0,0,1,1,0,0,1,0,1,1,1,0,1,1,1,1,1,1,1,0,1,0,0,0,1,0,0,0,1,0,0,0,0.607204
0,0,1,1,0,1,0,0,0,1,1,0,1,0,0,1,1,0,0,0,1,0,0,1,0,1,0,0,0,0,1,1,0.606777
1,1,0,1,0,0,0,0,1,1,0,0,1,0,1,1,0,0,0,0,0,0,0,0,0,1,0,0,1,1,0,1,0.617274
1,0,1,0,0,0,0,0,1,1,1,1,1,0,0,1,1,0,0,1,0,1,1,1,1,1,1,1,0,0,1,0,0.635283
0,0,1,1,0,0,0,1,1,1,0,1,0,0,0,0,1,1,1,0,0,0,1,0,0,0,1,1,1,0,0,0,0.618873
1,1,1,1,1,0,0,1,1,1,1,1,0,0,0,1,0,1,1,0,0,0,0,1,1,0,0,0,1,0,0,1,0.624281
0,1,0,0,1,0,0,1,1,1,1,1,1,1,0,1,1,1,0,0,0,0,1,0,0,0,1,1,0,0,0,1,0.630248
0,0,1,1,0,1,0,0,0,1,1,1,1,1,0,1,0,1,1,1,0,1,1,1,1,0,1,1,1,1,1,1,0.559356
0,0,1,1,0,1,1,1,0,0,0,1,0,0,0,1,0,0,0,1,1,1,1,1,1,1,0,1,1,0,1,0,0.646046
0,1,1,0,1,0,1,1,1,0,0,1,1,0,1,0,1,1,1,0,1,0,0,1,0,1,0,0,1,0,0,1,0.648124
1,0,1,1,0,1,0,0,1,1,0,0,0,1,1,0,0,1,0,1,0,1,0,1,1,1,1,0,0,0,0,1,0.608909
1,1,0,1,0,0,1,0,1,1,1,1,1,1,0,0,0,0,0,1,1,0,1,1,1,1,0,1,0,0,0,0,0.601716
1,0,0,1,0,1,0,0,0,1,0,1,1,1,0,1,1,0,1,0,0,1,0,1,0,1,0,0,0,0,0,0,0.591539
1,1,0,0,1,0,1,0,1,1,1,0,1,1,0,1,1,0,0,0,0,0,0,0,1,1,0,0,0,1,1,0,0.594256
0,0,0,0,1,0,1,0,1,1,0,1,0,1,1,0,0,1,0,0,1,1,0,1,1,1,0,0,0,0,0,0,0.586184
0,0,0,1,0,1,0,1,1,1,0,1,0,0,1,1,1,0,0,1,0,1,0,1,0,0,1,0,1,1,1,0,0.604859
1,0,0,0,1,1,0,0,0,1,0,0,1,1,1,0,0,0,1,0,0,0,0,1,0,1,0,1,1,0,1,1,0.573476
0,0,1,1,1,0,1,0,0,0,1,0,1,1,1,0,1,0,0,0,0,1,0,1,1,0,1,1,0,1,1,0,0.610561
0,1,0,0,1,1,0,0,0,1,1,1,0,0,1,0,0,1,1,0,1,1,0,0,0,0,1,0,1,0,1,0,0.588795
0,1,0,0,1,0,0,1,1,0,0,1,1,1,1,1,1,0,0,1,0,0,1,0,1,1,1,0,0,0,0,0,0.590846
