1,0,1,0,1,0,1,1,1,0,0,0,0,1,0,1,0,0,1,1,0,0,0,1,1,1,0,0,0,1,1,1,0.581122
1,1,1,0,1,0,0,1,1,1,1,0,1,0,0,0,1,1,0,1,0,1,0,1,1,1,1,0,0,1,0,0,0.590420
1,1,0,1,0,0,0,1,1,1,1,1,1,0,0,1,1,0,0,0,1,0,0,0,0,0,1,1,0,1,0,0,0.605552
0,0,1,1,0,1,0,0,0,1,1,1,1,1,0,1,0,1,1,1,0,1,1,1,1,0,1,1,1,1,1,1,0.564764
0,0,0,0,1,0,1,1,0,1,1,1,1,1,0,0,0,1,1,0,0,0,0,0,0,0,1,1,1,1,1,0,0.609149
0,1,0,0,0,0,1,0,1,1,0,1,1,0,1,1,1,0,0,0,1,0,1,0,1,0,0,0,0,0,0,1,0.574568
1,0,0,0,0,1,1,1,0,1,0,1,1,0,1,1,1,0,1,1,0,0,1,1,0,0,1,0,1,0,1,1,0.615889
0,1,0,1,1,1,1,0,0,0,1,0,0,1,1,1,0,1,1,1,1,1,1,1,0,0,1,0,1,0,1,0,0.614690
1,1,0,0,0,1,0,0,0,0,0,0,0,1,0,1,1,1,1,1,1,0,0,1,0,0,1,1,0,0,0,0,0.593990
0,1,0,0,1,1,0,0,0,1,0,0,1,0,1,1,0,0,0,1,1,0,0,0,1,0,1,0,0,0,0,0,0.577366
1,1,1,1,0,1,1,0,1,1,0,0,1,0,0,1,0,1,0,1,0,1,0,0,1,1,1,1,0,0,0,1,0.605978
0,0,1,0,1,0,1,0,1,1,1,1,1,0,0,0,1,1,0,0,0,0,0,1,1,1,1,1,1,1,1,0,0.632726
1,0,1,0,1,0,0,1,1,1,1,0,0,0,1,1,0,0,1,1,1,0,0,1,0,1,1,1,1,1,0,0,0.600330
1,1,1,1,0,1,1,1,0,0,1,1,0,0,1,0,1,0,1,0,1,0,0,1,0,1,1,1,1,1,0,1,0.645434
1,0,0,0,0,1,0,0,0,0,0,0,1,0,0,1,1,0,1,1,0,1,1,0,0,0,1,0,0,0,0,1,0.592924
0,1,0,1,1,1,1,1,1,1,1,0,1,0,0,0,1,1,0,0,1,0,1,1,0,1,1,1,1,1,0,0,0.712702
0,0,0,1,1,0,0,1,0,1,0,1,1,0,0,1,1,1,0,0,1,1,0,1,1,1,0,0,1,1,0,1,0.649670
1,0,1,1,0,0,1,1,0,0,1,1,0,0,0,0,0,1,1,1,0,1,1,1,1,1,1,1,1,0,1,0,0.620817
0,1,0,0,0,0,0,1,1,1,1,0,0,0,1,0,1,0,1,0,0,0,1,1,1,0,0,1,1,1,0,0,0.635550
1,0,1,0,0,1,0,1,1,1,1,0,1,1,0,0,0,1,0,1,1,0,0,0,1,0,1,0,1,1,0,1,0.628890
0,0,0,1,1,1,1,1,0,0,1,1,0,0,0,0,0,1,1,0,0,0,0,0,1,1,0,0,0,1,1,1,0.585305
0,0,0,1,0,0,1,1,1,1,0,0,1,1,0,0,0,0,1,1,0,0,1,0,1,1,0,1,1,1,0,1,0.628730
1,1,1,0,0,1,0,1,1,0,0,1,1,0,1,1,1,1,0,0,0,0,0,0,0,1,1,1,1,1,1,1,0.628650
0,0,0,0,1,0,1,0,1,1,0,1,0,1,1,0,0,1,0,0,1,1,0,1,1,1,0,0,0,0,0,0,0.585838
1,0,1,1,0,1,0,1,1,1,0,0,0,0,1,1,0,0,1,0,0,1,1,0,1,0,1,1,1,1,0,1,0.605605
0,1,0,0,1,1,1,0,1,1,1,0,0,1,0,0,0,1,0,0,0,1,0,1,1,0,1,0,0,0,1,0,0.597906
1,1,0,1,0,0,0,0,1,1,0,0,1,0,1,1,0,0,0,0,0,0,0,0,0,1,0,0,1,1,0,1,0.616954
1,1,1,1,0,0,1,1,1,1,0,0,0,1,0,0,1,1,0,0,0,1,0,0,1,1,0,1,0,1,1,0,0.595082
0,0,1,1,1,0,1,0,0,0,1,0,1,1,1,0,1,0,0,0,0,1,0,1,1,0,1,1,0,1,1,0,0.609468
1,0,1,1,1,1,1,1,1,1,0,0,1,0,1,1,0,1,1,1,1,0,1,0,1,1,0,1,1,1,1,0,0.624254
0,0,1,0,1,1,1,1,0,0,0,0,1,1,1,1,0,0,1,1,0,1,1,0,1,0,0,0,0,1,0,1,0.590367
1,0,0,1,0,1,0,0,0,1,0,1,1,1,0,1,1,0,1,0,0,1,0,1,0,1,0,0,0,0,0,0,0.591725
1,1,1,1,1,0,1,1,0,0,1,0,0,0,1,1,0,1,1,0,0,0,0,0,0,1,1,1,0,1,0,1,0.601662
1,1,0,0,0,0,1,1,0,1,1,1,1,1,1,1,0,0,0,0,0,0,0,1,0,1,0,0,0,1,0,0,0.642184
0,0,1,0,1,1,0,0,0,1,0,0,0,1,0,1,0,0,0,0,1,0,1,1,1,0,0,0,0,0,1,1,0.581548
1,1,0,0,0,1,1,0,0,1,1,1,1,1,0,0,0,0,1,0,1,1,0,0,0,1,0,0,0,1,1,0,0.591539
0,1,0,1,0,1,0,0,1,0,0,0,1,1,0,0,1,0,0,0,0,1,1,0,1,0,0,1,1,1,0,1,0.640239
1,0,0,1,1,0,1,1,0,1,1,0,0,0,0,1,1,0,0,0,1,1,0,0,1,0,1,0,0,1,1,0,0.615489
1,0,0,1,1,1,0,0,1,1,0,1,0,1,1,1,1,1,1,1,1,0,0,0,0,1,1,0,1,1,0,0,0.621963
0,0,1,1,0,1,1,1,0,0,0,1,0,0,0,1,0,0,0,1,1,1,1,1,1,1,0,1,1,0,1,0,0.647219
0,0,1,1,1,1,1,1,0,1,0,1,1,0,1,0,1,1,0,1,0,1,0,0,1,1,1,0,0,0,0,1,0.598386
0,1,0,0,1,1,0,0,0,1,1,1,0,0,1,0,0,1,1,0,1,1,0,0,0,0,1,0,1,0,1,0,0.585571
0,0,1,0,0,1,1,0,0,0,1,0,0,1,0,1,0,0,1,1,0,0,0,1,0,0,0,0,0,1,0,0,0.578565
1,0,1,1,0,1,0,0,1,1,0,0,0,1,1,0,0,1,0,1,0,1,0,1,1,1,1,0,0,0,0,1,0.606538
1,0,1,0,1,1,0,0,0,0,1,1,1,1,0,1,1,0,1,0,1,0,0,0,1,1,1,1,1,0,0,1,0.633978
1,1,0,0,0,0,1,0,1,0,0,1,1,1,0,1,1,0,1,0,0,0,1,1,1,1,0,1,0,0,1,0,0.623029
0,1,0,0,0,1,1,1,0,0,0,1,0,0,0,1,1,0,0,1,0,1,1,1,1,1,1,1,1,0,1,0,0.626598
0,1,1,1,1,1,1,0,0,0,0,1,0,1,0,1,1,1,0,0,0,1,0,0,1,1,0,0,1,1,0,0,0.655504
0,1,1,0,1,0,1,1,1,1,0,0,0,0,1,1,1,1,0,1,0,1,1,1,0,1,1,1,1,1,0,1,0.605232
1,1,0,1,0,0,0,0,1,0,0,1,0,1,1,1,0,0,1,1,0,1,0,0,0,0,1,0,0,0,0,0,0.579763
0,0,0,1,0,1,1,0,1,1,0,0,0,1,1,0,1,1,0,1,1,0,1,0,1,0,1,1,0,0,1,0,0.590793
0,1,1,0,0,1,1,1,0,1,0,0,1,1,1,0,1,1,1,1,1,1,0,1,1,1,1,1,0,0,1,1,0.614370
0,1,1,0,1,0,1,1,0,1,0,0,0,0,0,0,0,0,1,0,1,0,1,1,0,0,1,0,0,1,0,1,0.618473
0,0,1,1,0,1,1,1,0,0,0,1,0,0,1,0,0,1,0,0,1,1,0,0,0,1,1,0,1,0,1,1,0.653399
0,1,0,0,0,0,1,0,1,0,1,0,0,1,1,0,0,0,1,1,1,0,0,1,0,0,0,0,0,1,1,0,0.578511
0,0,1,0,0,1,1,0,0,1,0,1,1,0,0,0,0,1,1,0,1,0,0,1,1,1,1,0,0,0,1,0,0.567455
1,1,1,1,0,0,0,0,0,0,1,1,0,0,1,1,0,1,1,1,1,1,1,0,1,1,0,0,0,0,0,0,0.598492
1,1,1,0,1,1,0,0,0,1,1,1,0,0,1,1,0,1,1,1,0,1,0,0,1,1,0,0,1,0,1,0,0.595455
0,1,1,0,0,1,1,1,0,1,1,1,1,0,0,1,0,1,1,1,1,0,0,1,1,0,1,1,1,1,0,0,0.624707
1,0,1,0,1,0,0,0,0,1,1,0,0,1,1,0,1,0,1,0,1,0,1,1,0,0,0,0,1,0,1,1,0.598226
1,0,1,1,0,0,1,0,1,1,0,0,1,1,1,0,1,0,0,0,1,1,1,0,1,1,1,0,0,1,0,1,0.593324
0,1,0,0,1,0,0,1,1,0,0,1,1,1,1,1,1,0,0,1,0,0,1,0,1,1,1,0,0,0,0,0,0.587996
1,1,0,1,1,0,1,0,0,1,1,1,1,0,1,0,0,1,1,1,1,0,0,0,0,1,1,0,1,1,1,1,0.589248
1,1,0,0,1,0,0,0,0,1,1,0,1,1,0,1,1,0,0,1,0,0,0,1,0,1,0,1,0,0,0,1,0.591565
0,0,1,1,1,0,1,0,1,1,0,0,0,0,0,1,1,1,1,0,0,0,0,0,0,0,1,0,1,1,0,1,0.590127
0,1,0,0,1,0,1,1,1,0,1,1,0,1,1,0,1,0,1,0,1,1,1,0,1,1,1,1,1,1,0,1,0.622176
0,1,1,1,0,1,1,0,0,1,1,0,0,0,0,0,0,1,1,0,0,1,1,0,1,1,0,1,0,1,0,0,0.633179
0,0,0,1,0,1,1,1,0,0,0,0,1,1,0,1,1,1,1,1,0,1,0,0,1,1,1,0,1,1,0,0,0.597187
0,0,0,1,0,1,0,1,1,1,0,1,0,0,1,1,1,0,0,1,0,1,0,1,0,0,1,0,1,1,1,0,0.607630
0,0,1,1,0,1,0,0,0,1,1,0,1,0,0,1,1,0,0,0,1,0,0,1,0,1,0,0,0,0,1,1,0.602062
0,0,1,0,0,1,1,0,0,0,0,0,1,1,0,0,0,1,0,0,0,0,0,0,1,1,0,1,1,1,0,0,0.606964
1,0,1,1,0,1,1,0,1,1,0,1,1,1,0,1,1,0,0,1,0,1,1,1,1,0,1,1,0,1,1,0,0.596814
0,1,1,1,1,0,1,0,0,1,0,1,0,0,1,0,1,0,1,1,0,0,0,1,1,1,1,1,1,1,1,0,0.605339
1,0,1,1,0,1,0,1,0,0,1,0,1,0,1,0,0,1,0,0,1,1,1,0,0,0,0,1,1,0,1,0,0.695039
0,1,1,1,1,1,1,0,0,0,0,0,1,1,1,1,0,0,1,1,1,1,0,0,0,0,1,1,0,1,0,1,0.612159
1,0,1,1,1,1,0,1,0,0,1,0,0,0,1,0,1,1,0,0,1,1,0,1,0,0,1,1,0,0,1,0,0.690137
1,0,1,1,0,1,1,0,1,0,1,0,0,1,1,0,0,1,1,0,0,1,1,1,0,1,1,1,1,0,0,0,0.612878
0,1,1,1,0,1,1,0,0,1,1,1,0,0,1,0,0,1,0,1,0,1,0,0,0,1,0,0,0,0,1,1,0.585571
0,0,0,0,0,0,0,1,1,1,1,0,0,0,0,0,1,1,0,0,1,0,0,0,0,1,1,1,1,1,1,0,0.615249
1,1,0,0,1,1,1,0,0,1,0,1,1,0,0,1,1,0,0,0,0,1,0,1,1,0,0,0,1,1,1,1,0.646206
0,0,0,0,0,1,0,1,0,0,1,0,1,1,0,1,0,1,0,0,1,0,1,1,0,0,0,0,1,0,1,1,0.719629
1,0,1,0,0,0,1,0,0,1,1,0,1,0,0,0,0,0,1,1,0,0,1,1,0,0,0,0,1,0,1,1,0.593617
1,1,0,0,1,0,1,0,1,1,1,0,1,1,0,1,1,0,0,0,0,0,0,0,1,1,0,0,0,1,1,0,0.593830
1,0,1,1,1,1,0,0,0,0,0,1,1,0,0,0,1,1,1,0,0,1,1,1,1,1,1,0,1,1,0,0,0.625240
0,0,0,0,1,0,1,1,0,0,1,1,0,0,1,1,1,0,0,0,1,0,1,1,1,0,1,0,0,0,1,1,0.670876
1,0,1,0,0,0,0,0,1,1,1,1,1,0,0,1,1,0,0,1,0,1,1,1,1,1,1,1,0,0,1,0,0.635683
0,1,0,0,1,0,0,1,0,1,0,1,0,1,1,1,1,0,0,1,0,0,1,1,0,0,0,0,0,0,0,0,0.558078
0,1,1,1,0,0,1,1,0,1,0,0,0,1,0,1,0,0,0,0,0,1,0,1,1,0,1,1,1,1,0,1,0.641597
0,1,0,1,0,0,0,1,0,0,1,1,1,0,0,0,1,1,0,1,0,1,1,1,1,0,1,1,0,0,0,1,0.616288
1,1,0,1,0,0,1,0,1,1,1,1,1,1,0,0,0,0,0,1,1,0,1,1,1,1,0,1,0,0,0,0,0.599638
0,0,0,1,0,1,1,0,0,0,1,1,1,1,0,1,1,1,1,0,1,1,0,1,1,0,0,1,0,1,0,1,0.639786
1,0,1,0,1,0,0,1,1,1,0,0,0,1,1,0,0,1,1,0,0,1,1,1,0,0,1,0,1,1,0,0,0.646260
0,1,1,1,0,0,0,1,0,0,1,0,0,1,0,1,1,1,0,0,1,0,0,1,0,0,1,0,1,0,0,1,0.671409
0,0,1,0,0,1,1,1,0,0,0,0,1,1,0,0,0,1,1,0,0,0,0,0,0,0,0,0,0,0,0,0,0.526908
0,0,0,0,0,0,1,0,0,1,0,1,1,1,0,0,0,0,0,0,1,1,0,1,1,0,0,0,0,0,0,1,0.514493
0,0,1,1,1,1,0,1,1,1,1,1,1,0,1,1,1,0,0,0,1,1,1,0,0,1,0,0,0,0,0,1,0.612212
1,0,1,0,1,1,1,1,0,1,1,1,0,0,0,1,1,1,1,1,0,1,0,1,0,1,0,1,1,1,1,0,0.615462
1,1,1,0,0,1,1,1,0,1,0,1,0,0,1,0,1,0,0,0,0,0,0,0,0,0,0,1,0,1,0,0,0.597959
0,1,1,0,1,0,1,1,1,0,0,1,1,0,1,0,1,1,1,0,1,0,0,1,0,1,0,0,1,0,0,1,0.644528
0,1,1,0,0,0,0,0,1,1,0,1,1,0,0,1,1,0,0,1,0,1,0,0,0,1,1,0,1,0,0,1,0.585198
0,1,0,0,1,1,1,0,0,0,1,1,1,0,0,1,0,1,1,0,0,0,1,1,1,1,1,1,1,0,1,1,0.612878
0,0,0,1,1,0,1,1,1,0,1,0,0,1,0,1,1,1,1,1,0,0,1,0,0,1,0,0,1,1,0,0,0.603367
1,0,1,0,1,0,0,1,0,1,0,0,0,1,0,1,0,1,0,0,1,0,0,0,0,0,0,1,0,0,0,0,0.584559
1,1,0,0,0,0,0,1,1,0,0,0,0,0,0,1,1,0,1,0,1,1,0,0,1,0,1,1,1,0,0,0,0.602062
0,1,0,1,0,1,0,0,1,1,0,0,0,1,1,1,0,1,1,1,1,1,1,0,0,0,0,0,0,0,1,1,0.597240
0,1,0,1,1,0,1,1,0,0,0,1,0,0,0,0,1,0,1,1,1,0,0,0,1,1,0,1,0,0,0,1,0.596760
1,0,0,0,1,1,0,0,0,1,0,0,1,1,1,0,0,0,1,0,0,0,0,1,0,1,0,1,1,0,1,1,0.576407
1,1,0,1,1,0,0,0,1,1,1,0,0,0,0,0,1,0,1,0,0,0,1,1,0,0,0,1,1,1,1,0,0.596627
0,0,0,0,0,0,1,1,0,0,0,1,0,0,0,0,0,1,1,0,1,0,0,1,1,0,1,0,0,1,0,0,0.581255
0,1,0,0,1,0,0,1,1,1,1,1,1,1,0,1,1,1,0,0,0,0,1,0,0,0,1,1,0,0,0,1,0.630408
1,1,0,1,1,1,0,0,1,1,0,1,1,0,1,0,1,0,1,1,0,0,0,1,1,1,1,0,0,0,1,1,0.634351
0,0,1,1,0,0,1,0,1,1,1,0,1,1,1,1,1,1,1,0,1,0,0,0,1,0,0,0,1,0,0,0,0.609761
1,1,1,1,1,0,0,1,1,1,1,1,0,0,0,1,0,1,1,0,0,0,0,1,1,0,0,0,1,0,0,1,0.624414
0,0,1,1,0,0,0,1,1,1,0,1,0,0,0,0,1,1,1,0,0,0,1,0,0,0,1,1,1,0,0,0,0.620311
0,1,0,0,0,0,0,0,0,0,1,1,0,0,0,0,1,0,0,0,1,0,1,1,1,0,0,0,1,1,1,1,0.654358
1,1,1,0,0,1,1,0,0,1,1,1,1,0,1,0,1,1,0,0,0,1,0,1,0,1,1,0,1,0,0,1,0.602621
1,1,1,1,1,0,1,0,0,1,1,0,1,1,1,0,1,1,1,1,0,1,1,1,0,1,0,1,0,1,0,0,0.581442
1,0,0,1,0,1,0,0,0,0,1,1,0,1,0,1,0,0,1,0,1,1,1,1,1,1,0,0,1,1,0,1,0.636163
0,1,0,0,0,1,0,1,1,0,1,1,1,1,1,0,1,0,1,0,0,1,0,0,0,0,1,0,0,0,1,0,0.600783
0,0,0,0,1,0,1,0,1,0,0,0,1,1,1,0,0,0,1,0,0,0,1,1,0,1,0,1,0,1,1,1,0.524163
1,0,0,0,0,0,0,1,0,0,1,0,1,0,0,0,0,0,1,1,1,0,1,1,1,0,0,0,0,0,1,1,0.584026
1,0,0,1,1,0,0,0,0,1,1,1,0,1,1,1,1,0,1,1,1,1,0,1,0,0,0,1,0,1,1,1,0.592844
0,0,0,1,0,1,1,1,0,0,1,0,0,1,0,1,1,0,1,0,0,0,1,0,1,0,0,0,0,1,1,1,0.579390
1,1,0,0,1,1,0,0,0,0,0,1,0,1,0,1,0,0,0,0,0,0,1,0,0,0,1,1,0,0,1,1,0.596547
0,0,0,0,0,1,1,0,1,1,1,0,1,0,1,1,0,1,1,0,1,1,0,0,1,1,0,0,0,1,0,1,0.605898
1,1,1,0,1,1,1,0,0,0,1,0,1,1,0,1,1,1,0,1,0,1,0,1,1,1,1,0,0,0,0,0,0.592818
1,0,1,1,0,0,0,0,0,1,1,1,0,0,1,0,0,0,0,1,1,0,1,1,1,0,1,0,0,1,0,1,0.638987
1,1,1,1,0,0,0,1,0,0,0,1,0,0,1,1,0,1,1,1,1,1,0,0,1,0,0,0,0,0,0,0,0.590686
