1,0,0,1,1,0,1,0,0,1,0,1,0,0,1,0,1,1,0,0,0,0,0,0,0,0,0,1,0,0,0,0,0.609202
1,0,0,0,0,1,1,0,0,0,1,1,1,0,0,0,0,1,0,1,1,0,1,0,1,1,0,1,0,0,1,0,0.700421
0,0,0,0,0,0,1,0,0,0,1,0,1,1,0,1,1,1,1,0,0,1,1,1,0,1,0,0,0,0,1,0,0.519901
0,1,1,0,1,0,0,0,0,1,1,0,1,0,1,0,1,0,0,0,0,1,1,0,1,0,0,1,0,0,0,0,0.655957
1,0,0,1,0,0,1,1,1,1,0,1,0,0,1,1,1,1,1,1,0,0,0,0,0,0,0,0,1,0,0,1,0.614317
1,1,1,0,1,0,1,0,1,0,1,1,0,0,0,1,0,1,1,0,0,1,0,1,0,1,0,1,1,1,1,1,0.642823
0,1,0,1,1,0,0,1,0,0,0,0,1,1,0,0,0,1,0,1,1,1,0,0,1,1,0,1,1,0,1,1,0.618633
1,0,0,0,1,1,0,0,0,0,1,1,1,1,1,0,0,0,1,0,0,1,0,0,1,0,0,0,0,1,0,0,0.616741
0,0,0,0,0,0,0,1,1,1,0,1,1,0,0,1,1,1,0,0,0,0,1,0,1,0,0,0,0,1,0,1,0.612292
0,0,0,1,0,0,0,0,1,0,1,1,1,1,1,0,1,1,0,1,0,1,0,0,0,1,1,1,1,0,0,1,0.713209
1,1,0,0,0,0,1,0,0,0,0,0,1,1,0,0,0,0,1,0,1,0,1,0,1,0,1,0,0,0,0,0,0.575741
0,0,1,1,0,1,0,0,0,0,1,0,1,0,1,1,0,0,0,0,0,1,0,0,1,0,0,0,1,1,0,1,0.495311
0,0,0,0,1,0,1,0,0,0,1,0,0,1,0,0,0,1,1,1,1,0,1,1,1,1,0,0,0,0,1,0,0.626332
1,0,0,1,1,1,1,1,0,1,0,1,1,1,0,1,0,1,0,0,0,1,1,0,0,0,0,1,1,0,0,1,0.636935
1,0,1,1,0,1,0,1,1,1,0,0,0,0,0,1,1,0,1,1,0,0,1,0,0,1,0,1,1,0,0,0,0.698210
0,1,1,1,1,0,1,0,0,1,1,0,1,0,0,0,1,0,0,0,1,0,1,1,1,0,0,1,1,0,0,1,0.662004
1,1,0,0,1,1,0,1,1,1,1,0,0,0,0,1,0,0,0,0,0,1,1,0,0,1,1,0,0,1,0,1,0.647831
1,0,1,0,1,0,1,0,0,0,0,1,1,0,0,1,1,0,1,0,0,0,0,0,0,1,0,1,1,1,1,1,0.678469
0,0,1,1,1,0,1,0,0,1,0,0,1,1,0,1,1,0,0,1,1,0,0,0,1,1,0,1,1,1,1,0,0.657582
0,1,1,1,1,0,1,1,1,1,1,1,1,1,1,1,0,1,1,0,1,0,0,0,1,0,1,1,0,1,0,1,0.993713
1,1,0,0,1,0,1,1,1,1,1,1,1,0,1,1,0,0,0,1,0,0,0,1,0,0,0,0,1,1,1,1,0.664535
1,1,0,0,1,0,1,1,0,0,0,1,1,1,0,0,0,1,1,0,1,0,0,1,0,1,0,1,0,0,1,0,0.667866
1,1,0,1,1,0,0,1,1,1,0,1,0,0,1,1,1,1,1,0,0,0,0,0,0,1,0,0,0,0,1,1,0.647059
1,0,0,0,0,0,1,1,1,1,0,1,1,0,1,0,0,0,1,1,0,1,0,0,1,1,1,0,0,1,0,0,0.611466
1,0,0,1,0,1,0,0,1,1,1,1,0,1,1,1,0,1,1,0,1,1,0,0,0,1,1,0,1,0,0,1,0.672474
0,0,0,1,1,1,1,0,1,0,0,0,1,1,1,1,1,1,1,0,0,0,1,0,1,1,1,1,0,0,1,1,0.648950
0,1,1,0,0,1,0,0,0,1,1,1,1,1,0,0,1,0,0,1,0,1,0,1,0,1,1,0,1,0,0,1,0.635923
0,0,0,0,0,1,1,1,0,0,0,1,0,1,1,1,1,1,1,1,0,0,0,0,0,1,1,1,1,0,0,0,0.751998
1,1,1,1,0,1,1,1,1,1,1,1,0,1,1,1,1,0,1,0,1,1,0,0,0,0,1,1,0,0,0,1,0.754742
1,0,1,0,0,1,1,1,0,1,1,1,0,0,0,1,0,0,0,1,1,1,0,1,0,1,0,1,1,1,1,0,0.600117
1,1,0,1,1,0,0,1,0,1,1,0,0,0,1,0,1,0,0,1,1,1,1,0,0,0,1,0,1,0,0,1,0.608802
1,1,1,0,0,1,1,1,1,1,1,1,0,0,1,1,0,0,1,1,0,1,1,0,0,0,0,1,1,1,0,0,0.695306
1,1,0,1,0,0,1,0,0,1,1,1,1,1,1,0,1,0,1,0,0,1,0,1,0,0,1,1,0,0,0,0,0.691470
0,1,0,1,0,1,1,1,0,0,1,0,1,1,1,0,0,0,0,0,0,0,0,1,0,0,1,0,1,0,1,0,0.573156
0,0,1,0,1,0,1,0,0,0,0,1,1,1,0,1,0,0,0,1,1,1,1,1,0,1,1,0,0,0,1,1,0.611973
0,1,0,0,1,1,0,1,0,1,1,1,0,1,1,1,1,1,1,0,0,1,0,0,1,1,0,0,0,1,0,1,0.686301
1,1,1,1,1,0,1,1,0,1,0,0,1,0,0,0,0,1,1,0,1,1,0,1,0,1,1,1,1,0,0,0,0.645407
1,0,1,0,0,0,0,1,1,1,1,0,1,0,1,1,1,1,1,0,0,1,1,1,0,1,1,0,0,0,0,0,0.701140
0,1,1,1,0,1,1,1,1,0,1,1,0,1,0,1,1,1,0,1,1,1,0,1,0,1,1,1,0,1,1,0,0.701806
1,0,0,0,0,0,1,1,0,0,0,1,0,1,0,0,0,0,0,1,1,0,0,0,1,1,1,1,1,0,0,1,0.770194
0,1,1,1,0,1,1,0,1,0,0,0,0,1,0,0,0,1,1,0,0,1,0,0,1,0,1,1,0,1,1,0,0.647592
0,1,0,0,0,0,1,1,0,1,1,1,1,1,1,1,1,1,1,0,1,1,0,0,1,0,1,0,0,1,0,1,0.665921
0,0,1,0,0,0,0,0,0,0,0,1,1,0,0,0,1,1,1,0,0,0,1,0,1,1,0,1,0,1,1,0,0.685262
1,1,1,0,0,0,0,1,0,1,0,0,0,1,0,1,0,0,0,0,0,0,1,0,1,1,0,1,0,0,0,1,0.623215
0,0,1,0,1,0,1,0,0,1,1,1,1,1,1,1,1,0,1,1,0,0,0,1,0,1,1,0,1,1,0,1,0.756554
0,1,0,0,1,0,0,0,1,1,1,0,1,0,1,0,0,0,0,0,1,0,1,1,1,0,0,1,1,0,0,0,0.633925
0,1,0,1,0,1,0,0,1,1,1,0,1,0,1,0,0,1,1,0,1,1,0,0,0,1,1,0,1,1,1,0,0.572038
1,1,1,0,1,1,1,1,0,1,0,0,0,1,0,1,1,1,0,1,1,1,1,0,1,0,1,0,1,0,0,0,0.599132
0,1,0,0,1,0,1,0,1,0,0,0,1,1,0,0,0,1,1,0,0,1,1,1,1,1,1,1,0,1,0,1,0.643995
1,1,1,0,1,0,0,0,0,0,1,1,0,0,1,0,0,0,1,1,0,0,0,0,0,1,0,0,0,0,1,0,0.622442
1,0,1,0,1,0,0,1,0,1,0,0,1,0,0,1,1,0,1,0,1,1,0,1,1,1,0,1,0,0,1,1,0.648497
0,0,0,0,1,0,1,0,0,1,0,0,0,0,1,1,0,1,0,0,0,1,0,0,0,0,1,0,0,1,1,0,0.467977
1,0,1,1,0,1,1,1,0,0,1,1,0,0,1,0,0,1,0,1,0,0,1,0,0,0,0,1,0,0,1,0,0.667866
1,0,1,0,0,0,1,1,1,0,0,1,0,1,1,0,0,0,0,1,1,1,1,1,1,0,1,1,0,1,0,0,0.643302
1,0,0,0,0,1,0,1,0,0,0,1,1,1,0,1,1,0,0,0,1,0,1,1,0,1,1,0,0,0,1,0,0.578671
1,1,1,1,1,0,0,0,1,0,1,1,1,1,1,1,0,1,0,0,0,0,0,0,1,1,0,0,0,1,0,0,0.664482
1,0,1,1,1,1,0,0,1,1,1,0,0,0,0,0,1,1,1,0,0,1,0,0,0,0,1,1,1,1,0,1,0.617434
1,1,0,0,0,0,0,1,1,0,0,0,0,0,1,0,0,0,1,0,0,0,1,0,0,1,1,0,0,1,0,1,0.594975
0,0,1,1,0,1,0,0,0,1,0,1,0,1,1,1,1,0,0,0,0,1,1,1,0,1,1,0,0,0,1,0,0.624920
1,1,1,0,0,1,1,0,1,0,1,1,1,0,1,1,1,1,0,0,0,1,0,0,0,1,0,1,0,0,1,1,0.606458
1,0,1,0,1,1,0,0,1,0,0,1,0,1,0,0,0,1,1,0,1,1,0,0,0,0,1,0,1,0,1,1,0.591379
0,0,0,1,0,1,1,0,1,1,0,0,0,0,1,0,0,0,1,1,0,1,1,0,0,1,1,1,0,1,1,0,0.860241
0,0,0,1,0,0,1,1,0,0,0,0,0,1,1,0,0,1,1,1,1,1,1,0,1,0,1,1,1,1,0,1,0.658115
0,1,1,0,1,0,1,0,0,0,1,1,0,1,0,1,0,1,1,1,0,1,1,1,0,0,0,1,0,0,1,0,0.616928
0,1,1,0,1,1,1,0,0,0,0,0,1,1,1,1,0,0,1,0,1,1,1,1,0,1,1,1,1,1,0,0,0.614610
1,1,0,0,1,0,1,1,1,1,1,1,0,0,1,1,0,1,0,1,1,1,1,0,1,0,0,0,0,0,1,0,0.625693
0,1,0,1,0,1,0,1,0,1,0,0,1,0,1,1,0,0,0,1,1,1,1,1,1,1,0,1,0,0,1,0,0.626359
1,1,1,0,1,0,0,1,0,1,0,0,0,1,0,1,0,0,1,0,1,1,0,0,0,0,1,0,0,1,0,0,0.580882
0,1,1,1,1,1,1,1,0,1,1,0,1,0,1,1,0,1,1,1,1,0,0,0,1,1,0,0,1,1,0,1,0.542173
0,0,0,0,0,0,1,0,1,0,1,0,0,0,1,1,1,1,0,1,1,1,1,0,1,0,1,0,0,0,1,0,0.599931
1,0,1,1,0,1,1,1,0,1,1,1,0,0,0,1,1,1,0,1,0,1,0,1,1,0,1,1,1,1,1,0,0.625240
1,0,1,0,0,1,1,0,0,0,0,0,0,0,0,1,0,1,0,1,1,1,0,0,1,1,0,0,1,1,1,0,0.600863
1,1,0,0,0,0,0,0,1,1,0,0,1,0,1,0,0,0,1,1,1,0,0,1,1,1,0,0,0,0,0,1,0.619032
1,0,0,1,0,1,1,1,0,1,0,1,0,0,1,1,1,0,0,0,1,0,1,0,1,0,0,0,1,0,1,0,0.592231
1,0,1,1,1,0,1,0,0,0,0,1,0,0,0,1,0,1,1,0,1,1,1,1,0,1,0,1,1,1,0,0,0.763374
0,0,0,1,0,0,1,0,1,1,1,1,1,0,0,0,0,1,0,1,1,1,0,1,0,1,1,0,1,1,0,0,0.502185
0,1,0,1,0,0,1,1,1,1,0,1,0,1,1,0,0,0,1,0,1,0,1,0,1,1,1,1,1,1,0,1,0.663283
0,1,0,1,1,1,0,0,0,0,1,0,0,0,1,1,0,0,0,1,1,0,0,0,1,0,0,1,0,1,1,0,0.570972
1,0,1,0,1,0,0,0,1,1,0,0,1,1,1,0,1,1,0,0,1,0,0,0,0,0,0,0,1,1,0,1,0.670743
0,1,0,1,1,1,1,1,0,1,0,0,0,0,1,0,1,0,0,0,1,1,1,0,0,0,0,0,0,1,1,0,0.531010
0,0,0,1,1,0,0,1,0,1,1,0,1,1,1,1,1,1,0,0,0,0,1,1,1,0,0,1,1,1,1,0,0.601343
0,1,0,0,1,0,0,0,1,1,0,0,1,1,1,1,0,0,0,1,1,0,0,1,0,0,0,1,0,1,0,1,0.638081
0,0,1,1,1,1,0,1,1,0,0,1,1,1,0,0,1,0,0,1,0,1,0,0,1,1,1,0,1,0,0,0,0.611653
1,1,0,1,0,0,0,1,1,1,1,1,0,0,1,1,1,0,0,0,0,1,1,1,1,1,1,0,1,1,0,0,0.647512
1,0,1,1,0,0,1,0,1,0,1,0,0,0,0,0,1,0,0,1,1,1,0,0,0,0,0,0,0,1,1,0,0.612612
0,1,0,0,0,0,0,1,0,0,0,0,0,0,0,0,0,1,1,1,1,0,0,1,1,1,1,0,1,0,0,0,0.448743
0,1,1,1,1,0,0,1,0,0,0,1,1,1,1,1,1,1,0,0,1,0,1,1,0,0,1,0,0,0,0,1,0.613251
1,0,0,0,0,1,0,1,1,1,1,0,0,0,0,1,0,1,1,1,0,1,0,0,0,1,1,0,0,0,0,1,0.588848
1,1,1,0,0,1,1,1,0,0,0,0,1,1,0,1,0,1,1,1,0,1,1,1,0,1,0,1,0,1,0,0,0.562926
0,0,1,0,0,1,1,1,1,0,0,0,1,0,0,1,0,0,1,0,0,1,0,1,1,0,1,1,0,1,0,0,0.625213
1,0,0,1,1,1,0,1,1,1,1,0,1,1,1,1,0,1,0,1,1,0,0,1,1,0,0,0,1,1,0,1,0.734761
0,1,0,1,1,1,0,0,0,1,1,0,0,0,0,0,1,0,0,1,1,1,0,1,0,1,0,0,0,1,0,0,0.560848
0,0,1,0,1,1,1,1,0,1,0,0,1,1,1,1,1,1,1,1,1,1,0,0,0,0,0,0,1,1,0,1,0.620311
0,0,0,1,1,1,0,1,1,1,1,0,1,0,0,0,1,0,1,1,1,0,1,0,1,1,1,0,1,0,0,1,0.627025
1,1,1,0,0,1,0,1,0,1,0,0,1,0,1,1,1,1,1,0,0,1,1,0,1,0,0,1,0,1,1,0,0.666160
0,0,1,1,0,0,1,0,1,0,1,1,1,1,0,1,0,1,0,0,0,0,1,0,1,0,1,1,1,0,0,1,0.670503
1,1,1,0,1,1,0,1,0,0,1,0,1,0,0,1,0,0,1,0,0,0,1,1,0,1,1,0,0,1,0,0,0.680760
1,0,0,1,0,1,1,1,0,1,1,0,0,0,0,1,1,1,0,0,0,0,1,1,0,0,0,1,1,1,0,0,0.685582
1,1,1,1,0,0,1,0,0,0,1,1,0,1,1,0,0,1,0,0,1,0,1,1,1,0,1,0,1,0,1,0,0.604380
0,0,0,1,1,0,0,0,1,1,1,1,1,1,0,1,0,0,0,0,1,0,1,1,0,1,0,1,0,1,0,0,0.603447
0,1,0,0,0,0,1,1,0,0,0,0,0,1,0,1,0,0,0,0,0,0,1,0,1,1,0,1,0,0,1,1,0.601263
0,0,0,0,0,0,1,0,1,1,0,0,1,1,1,0,1,1,1,1,0,1,0,1,1,1,0,0,1,1,0,0,0.728660
0,1,1,0,0,1,1,0,1,1,1,0,0,1,1,0,0,1,1,0,0,1,0,1,0,1,0,0,0,1,0,1,0.662004
1,1,1,0,0,0,0,0,1,1,1,0,1,1,1,0,1,0,1,1,1,1,1,1,0,0,1,0,1,1,1,1,0.630275
1,1,1,0,1,0,1,0,1,0,0,1,1,0,1,1,0,1,0,1,1,0,0,1,1,0,1,0,0,1,0,0,0.647645
0,0,1,0,0,1,1,0,0,0,0,1,1,0,0,0,0,0,1,1,0,0,1,1,1,1,0,0,0,1,0,0,0.542679
1,1,0,1,0,1,1,0,1,1,1,0,0,0,0,1,1,1,1,1,0,0,0,0,1,0,1,0,1,0,0,1,0.627744
0,1,0,1,1,0,0,0,1,1,1,1,1,0,1,1,0,0,0,1,0,0,1,0,0,0,0,0,0,0,1,1,0.619725
1,1,0,1,1,1,1,0,1,1,0,1,0,0,1,1,1,1,0,0,0,1,0,0,0,0,1,0,1,0,0,0,0.643329
1,1,0,1,1,1,0,1,0,0,0,0,1,0,0,1,0,0,0,1,1,1,1,0,0,0,0,1,0,0,1,0,0.600677
0,1,1,0,0,0,0,1,0,0,0,1,1,1,1,1,1,1,1,1,1,0,1,0,0,1,0,0,0,0,1,0,0.640931
1,0,0,1,1,0,0,1,1,1,1,0,1,1,0,0,0,0,1,0,0,0,0,0,1,1,0,0,1,1,1,1,0.690271
0,1,1,0,1,1,0,0,1,0,1,0,1,1,0,1,1,1,1,1,0,0,0,1,0,1,0,0,1,0,0,0,0.637095
0,0,0,0,0,1,0,1,1,1,1,0,0,0,0,0,0,1,1,0,0,1,0,0,0,1,0,1,1,0,1,1,0.604087
0,0,0,0,1,0,0,0,0,1,0,1,1,0,0,0,1,1,0,1,1,1,1,0,1,1,0,0,1,0,1,1,0.578005
0,1,1,1,0,0,0,0,1,1,1,0,1,1,1,1,0,0,0,0,0,0,1,0,0,1,1,1,0,1,0,1,0.717152
0,0,1,1,0,0,1,0,0,0,1,1,1,0,0,1,0,1,1,0,0,0,1,1,1,0,0,0,0,1,1,1,0.613704
1,1,1,0,1,0,0,1,0,0,1,1,0,1,0,1,0,0,0,1,0,1,0,0,1,1,1,0,1,0,0,0,0.623188
1,1,1,0,1,1,0,0,1,0,1,0,0,0,0,1,1,1,0,1,1,0,0,0,1,1,0,1,0,1,1,1,0.632539
0,0,1,1,0,1,0,1,0,0,1,1,0,0,0,1,0,1,1,0,0,0,0,1,0,1,1,0,1,0,0,0,0.529865
0,0,0,1,1,1,1,0,0,0,1,0,0,1,0,0,0,0,1,1,1,0,1,0,1,0,0,1,1,1,1,0,0.578938
1,0,1,1,0,1,1,0,1,1,0,1,1,0,1,0,1,1,1,0,0,1,1,0,1,0,1,0,1,1,1,1,0.688086
1,1,1,1,1,1,0,1,0,1,0,1,1,1,0,0,0,0,0,1,0,1,0,1,0,0,0,0,0,1,1,0,0.724558
0,0,0,1,0,0,1,1,0,1,0,0,1,1,0,1,0,0,0,0,1,0,0,1,1,0,1,1,0,1,1,0,0.748748
1,1,0,1,1,1,0,0,1,0,1,0,0,1,0,1,0,0,0,1,1,0,0,1,0,0,1,0,1,1,0,0,0.599957
1,0,1,0,1,0,1,1,1,0,0,0,0,0,0,0,1,1,0,0,1,0,0,1,0,1,1,1,0,0,0,0,0.591672
1,1,1,0,0,0,1,1,0,1,1,1,1,1,1,1,1,0,0,0,1,0,1,0,0,0,1,1,0,0,0,1,0.666560
0,1,1,0,0,1,0,1,0,1,0,0,0,1,0,1,0,1,0,1,0,0,1,1,0,0,1,1,1,1,1,0,0.583227
