0,0,0,0,0,1,1,0,1,0,0,0,1,0,0,1,1,0,0,1,0,0,1,0,1,1,0,0,1,1,0,0,0.630264
1,1,1,0,0,0,1,1,1,0,0,0,1,0,0,0,1,0,1,0,0,0,1,0,0,1,0,1,0,0,1,0,0.685081
1,1,1,0,0,1,1,0,1,0,1,1,1,0,1,0,1,0,0,1,1,1,0,1,0,0,1,0,0,0,0,0,0.633376
1,1,1,1,1,1,0,0,0,1,1,0,1,1,1,0,1,1,1,0,1,0,1,1,1,0,1,0,1,0,1,0,0.684165
1,0,0,0,1,0,1,0,1,1,0,0,0,1,0,1,0,0,0,1,0,1,1,1,1,0,0,0,0,0,0,0,0.651108
0,0,1,0,0,0,0,0,0,0,0,1,0,1,0,0,1,0,0,1,1,1,0,1,1,1,0,0,1,0,0,1,0.742924
1,0,1,0,1,1,0,0,1,0,1,1,0,1,1,1,0,1,0,1,1,0,1,0,0,0,1,0,1,1,1,0,0.589408
1,1,1,1,1,1,1,0,0,0,0,0,1,0,0,1,0,0,0,0,1,1,1,1,1,0,0,1,1,0,0,1,0.831330
0,0,1,1,1,1,1,0,1,0,0,1,1,0,0,1,0,1,1,1,1,1,1,0,1,1,1,1,0,0,0,1,0.660592
0,0,1,1,1,0,0,1,1,0,1,0,0,0,0,1,1,0,0,0,1,0,1,1,1,1,0,0,0,1,1,1,0.621185
1,1,1,0,1,0,1,1,1,0,1,1,1,0,1,0,0,0,1,0,0,1,1,0,1,1,0,1,1,0,1,1,0.539344
0,0,0,1,0,1,1,1,0,1,0,1,1,1,1,1,1,1,1,0,0,1,0,0,0,0,0,1,0,0,1,1,0.610465
1,1,1,1,0,1,1,0,1,1,1,0,0,1,0,1,0,0,1,0,1,1,0,1,0,0,1,0,1,1,0,1,0.471228
1,1,0,1,0,0,1,0,0,0,1,0,1,0,0,1,1,0,1,0,1,0,0,0,0,1,0,0,1,0,0,1,0.612702
0,1,1,0,1,1,1,1,1,1,1,0,0,1,1,1,1,0,1,1,1,0,0,0,1,0,1,0,1,1,1,1,0.423934
0,1,1,0,0,1,0,0,0,1,1,1,1,0,0,1,1,1,1,1,1,0,0,0,0,0,0,0,0,1,0,0,0.611871
0,1,0,0,0,0,0,0,0,1,1,0,1,1,1,1,1,0,1,1,0,1,0,1,1,0,0,1,0,0,0,1,0.614386
0,0,0,1,1,0,0,1,0,1,1,0,0,1,0,0,0,1,0,0,1,0,0,0,0,0,0,0,0,1,0,1,0.807523
1,1,1,1,0,1,1,0,1,0,1,0,0,1,0,0,1,0,1,0,1,1,0,1,0,0,1,1,0,1,0,0,0.645908
0,0,0,0,1,1,0,1,0,1,0,1,0,1,0,1,0,0,0,0,1,0,0,0,1,1,1,0,1,1,0,1,0.917029
0,0,0,0,1,0,1,0,1,0,0,0,0,1,0,0,1,1,1,1,1,0,1,1,1,0,1,0,1,0,1,1,0.651598
0,1,1,0,0,1,1,0,1,1,1,0,1,1,0,0,1,1,1,1,0,1,0,1,1,0,1,1,0,0,0,0,0.611104
1,1,0,0,0,0,0,1,1,1,0,0,1,0,1,0,0,0,1,0,1,0,0,0,0,1,1,1,0,0,0,1,0.643116
0,0,1,1,1,0,0,1,0,0,1,0,1,0,0,0,1,1,1,0,1,1,1,1,0,1,0,0,0,1,1,1,0.633248
0,1,1,1,1,0,0,0,1,1,1,0,0,1,1,1,0,1,1,0,0,0,0,1,1,0,1,1,1,1,1,1,0.447251
0,1,0,1,0,1,1,1,0,0,1,1,1,1,1,0,1,1,0,1,1,0,0,1,1,1,1,1,1,1,1,0,0.657225
0,1,0,0,1,1,0,0,0,1,0,1,0,1,1,0,1,1,0,1,0,0,0,0,1,0,1,1,0,0,0,0,0.687127
0,0,1,0,1,1,0,0,0,0,0,0,0,0,1,1,1,1,1,1,0,1,1,1,1,0,1,1,0,1,1,1,0.656181
1,0,0,0,1,0,0,0,1,1,1,1,1,0,1,1,1,0,1,0,0,1,1,1,1,0,1,1,1,1,0,1,0.545524
1,0,1,1,0,0,1,0,1,0,0,1,0,0,1,0,0,1,1,0,1,1,0,1,0,0,0,1,1,1,1,1,0.568372
1,0,1,0,1,0,1,0,0,0,1,1,1,1,0,1,0,0,1,1,1,0,1,0,1,1,0,0,0,0,0,1,0.632864
0,0,0,1,1,1,1,0,1,1,1,1,0,1,0,1,0,0,1,1,0,0,0,1,1,1,0,0,0,0,1,0,0.648146
1,1,0,0,0,1,0,1,0,0,0,1,0,0,1,0,0,0,0,0,1,0,1,0,1,0,1,1,0,1,0,1,0.664812
0,1,0,0,1,1,1,1,1,1,1,1,0,0,1,1,0,0,1,1,1,1,0,1,0,0,0,1,1,1,1,0,0.612532
1,0,1,0,1,1,0,0,0,1,0,1,1,0,1,0,1,1,0,1,0,0,0,0,1,1,1,1,1,0,1,1,0.574211
1,1,1,0,0,0,1,1,1,1,1,1,0,1,1,0,0,1,1,1,1,1,0,0,1,0,1,1,0,0,1,0,0.637020
0,0,1,0,1,1,0,0,0,1,0,0,0,0,0,0,1,1,1,0,0,1,1,0,1,1,0,1,1,0,0,0,0.718180
1,1,1,0,1,0,1,1,1,1,0,1,0,0,0,0,0,0,0,0,0,0,0,0,1,0,1,1,0,0,1,0,0.683461
1,1,0,1,1,0,1,0,0,0,0,0,1,0,1,1,1,1,0,0,1,1,1,0,1,1,0,1,0,1,0,0,0.753367
1,1,0,1,1,1,0,0,1,0,1,1,1,0,1,1,0,1,1,0,1,1,1,0,1,1,0,1,1,1,0,0,0.547421
1,0,0,1,1,1,0,0,0,0,0,0,1,1,0,1,1,1,0,1,1,1,0,0,0,1,0,1,0,0,0,0,0.837084
1,1,1,1,0,0,1,0,0,0,0,0,1,1,1,1,1,0,0,0,1,1,1,0,0,1,0,0,0,1,0,1,0.636317
0,1,1,1,1,1,0,1,1,0,1,1,0,0,0,1,1,0,0,1,0,1,1,1,1,1,1,0,1,0,0,1,0.556415
0,0,0,1,1,1,1,1,0,0,1,1,1,0,1,0,1,0,1,0,0,0,1,1,0,0,0,1,1,0,1,1,0.745418
0,1,1,0,1,0,0,1,0,1,1,0,1,0,1,1,0,1,0,0,1,0,1,0,0,0,1,0,1,0,1,0,0.658696
1,1,0,1,0,1,1,0,1,1,1,1,0,0,0,0,0,0,1,0,0,1,0,1,1,1,1,0,1,1,0,1,0.545119
1,0,1,0,0,1,0,1,0,0,0,1,0,1,1,0,0,0,1,1,1,1,0,0,0,0,0,1,1,1,0,1,0.591731
0,0,1,1,0,0,1,1,1,1,1,1,0,1,0,0,0,0,0,1,1,1,0,1,1,0,1,1,1,1,1,0,0.553325
0,0,1,0,1,0,1,0,1,0,1,0,1,0,0,1,1,0,0,0,1,0,1,1,1,1,1,0,1,1,0,0,0.618585
0,0,0,1,1,1,0,0,0,1,1,1,1,0,0,0,1,0,1,1,1,0,1,0,1,0,1,1,1,0,0,1,0.716454
0,0,0,1,0,1,1,1,1,1,0,0,0,1,0,1,0,0,1,1,0,0,0,1,0,0,0,1,0,0,0,1,0.682950
1,1,1,1,0,1,1,0,0,1,1,0,0,1,0,1,1,0,1,1,0,0,0,1,1,0,0,1,0,1,0,1,0.598274
1,0,1,0,1,1,0,1,0,0,1,1,0,1,1,0,1,0,0,0,1,1,1,1,1,1,1,1,1,1,0,1,0.605840
1,1,1,0,1,1,0,0,1,1,1,0,0,0,0,0,1,0,1,1,1,0,1,1,1,0,0,0,1,0,0,1,0.522272
1,0,0,1,0,0,1,0,0,1,1,0,0,0,1,0,0,1,1,1,1,0,1,1,1,1,1,1,0,0,1,0,0.580435
0,0,0,1,1,0,0,1,1,1,1,1,0,0,0,0,1,0,1,0,1,0,1,1,0,1,1,0,0,1,1,1,0.616645
1,0,1,1,0,0,0,1,0,0,1,1,0,0,0,0,1,1,1,1,1,0,1,0,1,1,0,0,1,1,0,0,0.616986
1,0,1,0,0,0,1,1,0,1,1,0,0,0,0,0,0,1,0,1,1,1,0,1,1,1,1,1,1,0,0,1,0.556820
0,1,1,1,1,1,0,0,1,1,0,1,1,0,1,0,0,0,1,0,1,1,0,0,0,0,0,0,0,1,1,1,0.694437
0,1,1,0,1,1,1,1,1,0,0,1,0,0,0,1,0,1,1,0,1,1,1,0,0,1,0,0,1,1,0,0,0.625575
0,0,0,0,0,1,1,1,1,0,0,1,1,1,1,0,1,1,1,0,1,1,1,0,0,1,0,0,0,0,1,0,0.575256
0,0,0,1,0,0,1,0,1,1,1,1,0,1,1,1,0,0,0,1,1,1,0,0,1,0,0,1,0,0,0,0,0.704327
0,1,0,1,1,0,1,1,0,0,0,0,1,0,0,1,0,0,1,1,1,0,1,1,1,1,1,1,1,0,0,0,0.795823
1,1,0,1,1,0,1,1,0,0,1,0,1,0,1,0,1,1,1,0,1,0,1,0,0,1,0,0,1,0,1,1,0.629838
1,1,0,0,0,0,0,1,1,1,0,0,1,0,1,1,0,1,0,1,0,1,0,1,0,1,1,1,1,0,0,1,0.620780
0,0,1,1,0,1,1,1,1,1,1,1,0,0,1,1,1,0,1,1,1,0,0,0,1,0,0,0,1,0,1,0,0.645567
0,1,1,0,0,0,1,1,0,1,0,0,1,1,1,0,0,0,0,0,0,1,0,1,0,1,0,1,0,1,1,0,0.622101
1,1,1,1,1,0,1,0,0,0,0,0,0,1,0,0,0,1,0,1,1,0,1,1,1,1,0,1,1,0,1,1,0.593500
0,0,1,0,1,0,0,0,1,0,0,1,1,1,0,1,1,1,0,0,1,1,1,0,1,0,0,0,0,1,1,0,0.641752
0,1,0,1,0,0,1,0,0,1,1,0,1,0,0,0,1,1,1,0,1,1,1,1,1,0,1,1,1,1,0,0,0.552579
0,0,1,1,1,1,1,0,1,1,0,0,1,1,1,0,0,1,0,0,0,1,0,1,0,1,0,0,1,0,0,1,0.640111
0,0,0,0,1,1,0,0,0,1,0,1,0,0,1,0,1,1,0,1,0,0,1,0,0,0,1,1,1,0,0,1,0.761935
0,0,0,1,0,1,1,1,1,1,1,0,0,1,1,0,1,0,0,1,1,1,0,1,0,1,0,1,0,1,0,1,0.642434
0,0,1,0,1,0,0,0,0,0,1,0,0,0,1,0,0,1,0,0,1,0,1,0,1,1,0,0,0,1,0,0,0.745716
1,1,0,1,1,1,0,0,0,0,0,1,1,0,0,0,1,0,0,1,0,1,0,1,1,1,0,1,1,1,0,0,0.700085
0,0,0,0,1,0,1,1,0,0,0,1,1,1,1,1,0,0,1,0,0,1,0,1,0,1,0,1,1,1,1,0,0.851321
0,1,0,1,0,0,0,0,0,0,1,0,0,0,1,1,0,0,0,1,1,1,0,1,0,0,1,0,0,0,1,1,0.747464
1,1,0,0,0,1,1,1,1,1,1,0,1,0,0,0,0,1,1,1,0,1,1,1,1,0,1,0,1,0,1,1,0.657843
1,1,0,0,1,0,0,1,1,0,0,1,1,1,1,1,1,0,1,1,1,0,0,0,1,0,1,0,1,0,0,0,0.602899
1,0,0,0,0,0,1,1,0,0,0,1,0,0,0,0,1,0,0,0,0,0,0,0,0,0,0,1,0,0,1,0,0.700021
1,0,1,1,0,0,1,0,1,0,0,0,0,1,1,1,0,1,1,1,0,1,1,1,1,0,1,0,1,0,0,0,0.657204
0,1,1,0,0,1,0,0,0,0,1,1,0,1,0,0,1,0,0,0,1,0,0,1,1,1,1,0,0,0,0,0,0.693905
0,1,0,1,1,0,1,0,1,1,1,1,1,0,1,0,0,0,1,0,1,0,0,0,0,0,0,1,0,1,1,1,0.596697
1,0,0,1,0,0,0,0,1,1,0,1,0,0,1,1,0,1,1,1,0,0,1,1,0,1,0,0,1,0,0,0,0.637361
0,0,1,1,0,0,1,0,0,1,0,1,0,0,1,0,0,0,1,0,0,0,0,1,0,0,0,0,0,1,1,0,0.747357
0,0,0,1,0,1,0,1,1,0,0,1,1,0,1,1,0,0,1,1,0,1,1,1,0,0,1,1,1,0,0,0,0.705584
1,1,1,1,0,0,1,0,1,1,0,0,0,0,1,0,1,1,0,1,0,1,1,1,1,1,1,1,1,0,0,0,0.749702
0,0,1,1,0,1,1,1,0,1,1,1,0,1,1,0,1,1,0,0,0,1,0,1,1,1,1,1,0,0,1,0,0.634676
0,1,1,1,0,1,1,0,1,1,1,0,0,1,0,1,1,0,0,1,1,0,0,0,0,1,0,0,0,0,1,0,0.605669
1,1,1,0,1,1,1,1,1,1,0,1,1,1,1,1,1,0,1,0,0,1,0,0,1,1,1,1,0,0,1,1,0.449893
0,1,1,1,1,0,0,0,0,1,0,0,1,0,0,1,0,0,1,0,0,0,1,0,0,1,1,1,1,0,0,1,0.632566
0,1,1,0,0,1,1,0,0,1,1,0,1,1,0,1,0,1,1,1,0,1,0,0,1,1,1,0,1,1,1,0,0.556692
0,0,0,0,1,0,1,1,0,1,0,0,1,1,1,1,1,0,1,1,0,0,0,1,1,0,1,0,1,1,0,1,0.691581
0,0,0,0,0,0,1,0,1,0,0,0,0,1,1,0,0,1,0,0,1,1,1,0,0,0,1,1,1,1,0,1,0.750639
0,1,0,0,0,1,0,0,1,0,1,0,0,1,0,0,0,1,1,0,0,0,0,1,1,1,0,0,0,0,1,0,0.673700
0,0,0,0,1,0,1,1,1,0,1,1,0,1,1,1,1,0,1,0,1,1,0,0,1,1,1,0,1,1,1,0,0.640175
0,0,1,0,1,0,0,1,0,0,0,0,0,1,1,0,1,0,1,1,1,0,0,0,1,1,1,0,0,1,0,0,0.685827
0,1,0,0,1,0,0,1,1,0,0,0,0,0,0,0,0,0,0,0,1,0,1,0,1,0,0,0,0,1,0,0,0.800767
0,0,1,0,1,1,1,0,0,0,1,0,0,0,1,0,1,0,0,1,1,0,1,0,0,1,1,1,0,0,0,0,0.736722
0,0,1,1,0,0,1,0,0,0,0,0,1,1,0,0,1,0,0,0,0,1,0,1,1,0,0,0,1,0,0,1,0.764471
0,1,0,1,0,0,1,0,0,1,0,1,0,0,1,0,0,0,1,0,0,0,0,1,1,1,0,1,1,1,0,1,0.703346
0,0,1,0,0,0,1,1,0,0,1,1,0,0,0,1,0,1,1,1,0,0,0,0,0,1,0,0,0,0,0,0,0.714578
1,1,1,0,0,0,0,0,0,1,0,1,0,0,0,0,1,0,0,0,1,1,1,1,1,1,0,0,1,0,0,1,0.616368
1,1,0,1,1,1,1,0,1,1,0,0,0,1,0,1,1,1,0,0,1,1,0,0,0,1,0,1,1,1,1,1,0.484356
0,1,1,1,0,1,1,0,1,1,0,0,1,1,1,1,0,1,0,1,1,1,0,1,0,1,1,1,0,1,0,0,0.618627
0,1,1,0,1,0,1,1,0,0,1,1,1,0,1,1,0,0,0,1,0,1,1,0,1,0,0,0,0,1,1,1,0.669288
0,1,1,1,1,0,1,0,1,1,1,0,0,1,0,0,1,1,0,1,0,0,0,1,0,1,0,0,0,0,0,1,0.605477
0,1,1,1,0,0,1,0,0,0,1,0,0,0,1,0,1,1,0,0,1,1,0,1,1,0,1,1,1,0,0,0,0.610038
0,1,0,1,1,0,0,0,1,0,0,1,1,0,1,1,0,1,1,0,0,1,0,0,0,1,1,1,0,0,0,0,0.634228
0,0,1,1,1,1,1,0,0,1,1,1,1,1,1,0,1,0,0,0,0,0,0,1,1,1,0,1,0,0,1,1,0.646569
1,0,0,1,0,0,1,0,0,1,0,1,0,0,1,0,1,1,1,1,0,0,1,1,1,1,0,1,0,1,1,1,0.533568
0,1,0,0,1,1,0,1,1,0,1,0,1,0,1,1,1,1,0,1,0,1,0,1,1,0,1,1,0,1,0,0,0.603794
0,0,1,1,0,0,0,1,1,1,0,0,0,1,1,0,0,1,1,1,1,0,1,1,0,0,0,0,0,1,0,1,0.606202
0,1,0,1,0,0,1,1,1,1,1,0,0,1,1,0,0,1,1,0,0,0,0,1,1,0,0,1,0,1,0,0,0.605797
1,0,0,0,0,1,1,1,1,0,0,0,1,0,1,1,1,1,1,0,0,0,1,0,0,1,1,1,1,1,1,0,0.539258
0,0,1,0,1,1,0,1,1,1,1,1,0,1,1,1,0,0,0,0,0,0,1,1,0,1,1,0,0,1,1,0,0.708845
0,1,0,0,1,1,0,1,0,0,1,0,1,0,0,1,0,0,1,0,0,1,0,0,1,0,0,0,1,1,1,0,0.757737
1,1,1,0,0,1,0,0,0,0,0,0,0,1,0,0,0,1,1,0,1,1,0,0,1,0,0,1,1,0,1,1,0.653410
1,0,0,0,0,0,1,0,1,1,1,0,1,1,1,1,0,1,0,0,0,0,1,1,1,0,0,1,1,1,0,1,0.572272
0,0,1,0,1,1,1,0,0,1,0,1,1,0,0,1,1,1,0,1,0,0,1,0,1,1,0,0,1,1,1,1,0.643926
0,1,1,0,0,1,1,1,1,1,0,0,1,0,0,0,1,0,1,0,1,1,1,0,1,1,0,0,1,1,1,1,0.559804
1,1,1,1,0,0,1,0,1,1,0,1,0,1,1,0,1,0,0,0,0,1,1,1,0,1,0,1,0,1,0,0,0.693095
0,0,0,0,1,0,0,1,0,0,0,1,0,1,0,1,1,1,0,0,1,0,1,0,1,0,1,1,1,0,1,0,0.829156
0,1,0,0,0,1,1,1,0,0,0,0,0,1,1,1,0,1,0,1,1,1,1,1,0,1,0,0,1,1,1,0,0.779625
0,0,0,0,1,0,0,1,0,0,0,0,0,1,1,1,1,1,1,0,0,0,1,1,1,0,0,1,0,1,1,0,0.737788
0,0,0,1,1,0,0,0,0,0,0,1,1,0,0,1,0,1,0,0,0,1,0,1,1,0,0,1,1,1,1,0,0.886829
0,0,1,1,1,1,1,1,1,0,0,1,1,1,0,0,0,1,1,1,0,1,1,1,1,0,1,0,0,1,0,0,0.640132
0,1,1,0,1,1,0,0,1,0,0,1,0,1,1,0,1,1,1,1,1,1,0,1,0,0,0,0,0,1,0,0,0.721697
