0,0,1,0,1,1,0,1,1,1,1,1,0,1,1,1,0,0,0,0,0,0,1,1,0,1,1,0,0,1,1,0,0.721521
1,1,0,0,0,1,1,1,1,1,1,0,1,0,0,0,0,1,1,1,0,1,1,1,1,0,1,0,1,0,1,1,0.663150
1,0,0,1,0,0,1,0,0,1,0,1,0,0,1,0,1,1,1,1,0,0,1,1,1,1,0,1,0,1,1,1,0.517130
0,0,0,0,1,0,0,1,0,0,0,1,0,1,0,1,1,1,0,0,1,0,1,0,1,0,1,1,1,0,1,0,0.830509
0,1,1,1,0,1,1,0,1,1,0,0,1,1,1,1,0,1,0,1,1,1,0,1,0,1,1,1,0,1,0,0,0.626625
1,1,0,1,0,1,1,0,1,1,1,1,0,0,0,0,0,0,1,0,0,1,0,1,1,1,1,0,1,1,0,1,0.547341
0,1,0,0,1,1,0,1,1,0,1,0,1,0,1,1,1,1,0,1,0,1,0,1,1,0,1,1,0,1,0,0,0.608163
1,0,1,1,0,0,0,1,0,0,1,1,0,0,0,0,1,1,1,1,1,0,1,0,1,1,0,0,1,1,0,0,0.622576
0,0,0,0,1,1,0,1,0,1,0,1,0,1,0,1,0,0,0,0,1,0,0,0,1,1,1,0,1,1,0,1,0.917093
0,0,1,1,0,1,1,1,1,1,1,1,0,0,1,1,1,0,1,1,1,0,0,0,1,0,0,0,1,0,1,0,0.644075
1,1,1,1,1,0,1,0,0,0,0,0,0,1,0,0,0,1,0,1,1,0,1,1,1,1,0,1,1,0,1,1,0.584559
0,1,0,1,0,0,1,0,0,1,1,0,1,0,0,0,1,1,1,0,1,1,1,1,1,0,1,1,1,1,0,0,0.552936
0,0,1,1,1,1,1,0,1,1,0,0,1,1,1,0,0,1,0,0,0,1,0,1,0,1,0,0,1,0,0,1,0.651455
0,1,0,1,0,0,1,0,0,1,0,1,0,0,1,0,0,0,1,0,0,0,0,1,1,1,0,1,1,1,0,1,0.707348
1,0,0,0,0,1,1,1,1,0,0,0,1,0,1,1,1,1,1,0,0,0,1,0,0,1,1,1,1,1,1,0,0.543585
1,0,0,1,0,0,0,0,1,1,0,1,0,0,1,1,0,1,1,1,0,0,1,1,0,1,0,0,1,0,0,0,0.633925
0,1,1,0,0,1,0,0,0,1,1,1,1,0,0,1,1,1,1,1,1,0,0,0,0,0,0,0,0,1,0,0,0.612692
1,1,0,0,0,0,0,1,1,1,0,0,1,0,1,0,0,0,1,0,1,0,0,0,0,1,1,1,0,0,0,1,0.648124
0,1,0,1,0,0,0,0,0,0,1,0,0,0,1,1,0,0,0,1,1,1,0,1,0,0,1,0,0,0,1,1,0.755009
0,1,0,0,1,1,1,1,1,1,1,1,0,0,1,1,0,0,1,1,1,1,0,1,0,0,0,1,1,1,1,0,0.618979
0,0,1,0,0,0,1,1,0,0,1,1,0,0,0,1,0,1,1,1,0,0,0,0,0,1,0,0,0,0,0,0,0.715686
1,1,1,0,0,0,1,1,1,0,0,0,1,0,0,0,1,0,1,0,0,0,1,0,0,1,0,1,0,0,1,0,0.695199
0,0,0,0,1,0,1,1,1,0,1,1,0,1,1,1,1,0,1,0,1,1,0,0,1,1,1,0,1,1,1,0,0.646553
1,0,0,0,1,0,1,0,1,1,0,0,0,1,0,1,0,0,0,1,0,1,1,1,1,0,0,0,0,0,0,0,0.652440
1,1,0,0,1,0,0,1,1,0,0,1,1,1,1,1,1,0,1,1,1,0,0,0,1,0,1,0,1,0,0,0,0.610321
1,0,0,1,0,0,1,0,0,1,1,0,0,0,1,0,0,1,1,1,1,0,1,1,1,1,1,1,0,0,1,0,0.578991
1,1,1,1,0,0,1,0,0,0,0,0,1,1,1,1,1,0,0,0,1,1,1,0,0,1,0,0,0,1,0,1,0.637894
0,1,1,1,0,1,1,0,1,1,1,0,0,1,0,1,1,0,0,1,1,0,0,0,0,1,0,0,0,0,1,0,0.601263
1,0,1,0,1,1,0,1,0,0,1,1,0,1,1,0,1,0,0,0,1,1,1,1,1,1,1,1,1,1,0,1,0.593057
0,1,1,0,1,1,1,1,1,1,1,0,0,1,1,1,1,0,1,1,1,0,0,0,1,0,1,0,1,1,1,1,0.430307
1,1,1,0,1,0,1,1,1,0,1,1,1,0,1,0,0,0,1,0,0,1,1,0,1,1,0,1,1,0,1,1,0.538177
0,0,0,1,0,1,1,1,1,1,0,0,0,1,0,1,0,0,1,1,0,0,0,1,0,0,0,1,0,0,0,1,0.681479
0,0,1,0,1,1,1,0,0,0,1,0,0,0,1,0,1,0,0,1,1,0,1,0,0,1,1,1,0,0,0,0,0.734655
1,1,1,1,0,1,1,0,1,0,1,0,0,1,0,0,1,0,1,0,1,1,0,1,0,0,1,1,0,1,0,0,0.651694
1,1,0,1,1,1,1,0,1,1,0,0,0,1,0,1,1,1,0,0,1,1,0,0,0,1,0,1,1,1,1,1,0.478554
1,0,1,0,0,1,0,1,0,0,0,1,0,1,1,0,0,0,1,1,1,1,0,0,0,0,0,1,1,1,0,1,0.589221
1,0,1,1,0,0,1,0,1,0,0,1,0,0,1,0,0,1,1,0,1,1,0,1,0,0,0,1,1,1,1,1,0.558451
0,1,0,1,0,0,1,1,1,1,1,0,0,1,1,0,0,1,1,0,0,0,0,1,1,0,0,1,0,1,0,0,0.608642
1,1,1,0,1,1,1,1,1,1,0,1,1,1,1,1,1,0,1,0,0,1,0,0,1,1,1,1,0,0,1,1,0.430200
0,0,0,1,0,1,1,1,0,1,0,1,1,1,1,1,1,1,1,0,0,1,0,0,0,0,0,1,0,0,1,1,0.623721
0,0,1,1,0,0,1,0,0,0,0,0,1,1,0,0,1,0,0,0,0,1,0,1,1,0,0,0,1,0,0,1,0.760204
0,0,1,0,0,0,0,0,0,0,0,1,0,1,0,0,1,0,0,1,1,1,0,1,1,1,0,0,1,0,0,1,0.736893
0,0,1,1,1,0,0,1,1,0,1,0,0,0,0,1,1,0,0,0,1,0,1,1,1,1,0,0,0,1,1,1,0.620737
0,1,1,0,0,1,1,1,1,1,0,0,1,0,0,0,1,0,1,0,1,1,1,0,1,1,0,0,1,1,1,1,0.567429
0,0,0,1,1,1,1,0,1,1,1,1,0,1,0,1,0,0,1,1,0,0,0,1,1,1,0,0,0,0,1,0,0.652813
1,1,1,1,0,0,1,0,1,1,0,0,0,0,1,0,1,1,0,1,0,1,1,1,1,1,1,1,1,0,0,0,0.760177
0,1,0,1,0,1,1,1,0,0,1,1,1,1,1,0,1,1,0,1,1,0,0,1,1,1,1,1,1,1,1,0,0.671462
0,0,1,1,1,1,1,0,0,1,1,1,1,1,1,0,1,0,0,0,0,0,0,1,1,1,0,1,0,0,1,1,0.654572
0,1,0,1,1,0,1,1,0,0,0,0,1,0,0,1,0,0,1,1,1,0,1,1,1,1,1,1,1,0,0,0,0.797927
1,0,1,1,0,0,1,0,1,0,0,0,0,1,1,1,0,1,1,1,0,1,1,1,1,0,1,0,1,0,0,0,0.663896
0,1,0,1,1,0,1,0,1,1,1,1,1,0,1,0,0,0,1,0,1,0,0,0,0,0,0,1,0,1,1,1,0.601050
1,1,0,1,1,1,0,0,0,0,0,1,1,0,0,0,1,0,0,1,0,1,0,1,1,1,0,1,1,1,0,0,0.697943
0,1,0,0,1,1,0,1,0,0,1,0,1,0,0,1,0,0,1,0,0,1,0,0,1,0,0,0,1,1,1,0,0.762734
1,1,1,1,0,1,1,0,0,1,1,0,0,1,0,1,1,0,1,1,0,0,0,1,1,0,0,1,0,1,0,1,0.599504
0,0,1,1,0,0,0,1,1,1,0,0,0,1,1,0,0,1,1,1,1,0,1,1,0,0,0,0,0,1,0,1,0.605445
1,0,1,0,1,1,0,0,1,0,1,1,0,1,1,1,0,1,0,1,1,0,1,0,0,0,1,0,1,1,1,0,0.588182
0,0,1,0,1,1,1,0,0,1,0,1,1,0,0,1,1,1,0,1,0,0,1,0,1,1,0,0,1,1,1,1,0.649616
1,0,0,1,1,1,0,0,0,0,0,0,1,1,0,1,1,1,0,1,1,1,0,0,0,1,0,1,0,0,0,0,0.833387
0,1,0,0,0,0,0,0,0,1,1,0,1,1,1,1,1,0,1,1,0,1,0,1,1,0,0,1,0,0,0,1,0.612345
0,0,0,1,1,0,0,1,0,1,1,0,0,1,0,0,0,1,0,0,1,0,0,0,0,0,0,0,0,1,0,1,0.812207
1,1,0,1,0,0,1,0,0,0,1,0,1,0,0,1,1,0,1,0,1,0,0,0,0,1,0,0,1,0,0,1,0.619192
1,1,1,1,1,1,1,0,0,0,0,0,1,0,0,1,0,0,0,0,1,1,1,1,1,0,0,1,1,0,0,1,0.831255
0,0,1,0,1,1,0,0,0,1,0,0,0,0,0,0,1,1,1,0,0,1,1,0,1,1,0,1,1,0,0,0,0.732843
1,1,1,1,0,1,1,0,1,1,1,0,0,1,0,1,0,0,1,0,1,1,0,1,0,0,1,0,1,1,0,1,0.471174
0,1,1,0,0,1,0,0,0,0,1,1,0,1,0,0,1,0,0,0,1,0,0,1,1,1,1,0,0,0,0,0,0.698822
0,0,1,0,1,0,1,0,1,0,1,0,1,0,0,1,1,0,0,0,1,0,1,1,1,1,1,0,1,1,0,0,0.619219
0,0,1,0,1,1,0,0,0,0,0,0,0,0,1,1,1,1,1,1,0,1,1,1,1,0,1,1,0,1,1,1,0.664749
0,0,1,1,1,1,1,1,1,0,0,1,1,1,0,0,0,1,1,1,0,1,1,1,1,0,1,0,0,1,0,0,0.640878
0,1,1,0,0,1,1,0,0,1,1,0,1,1,0,1,0,1,1,1,0,1,0,0,1,1,1,0,1,1,1,0,0.559969
1,0,1,0,1,1,0,0,0,1,0,1,1,0,1,0,1,1,0,1,0,0,0,0,1,1,1,1,1,0,1,1,0.579923
1,1,0,0,0,0,0,1,1,1,0,0,1,0,1,1,0,1,0,1,0,1,0,1,0,1,1,1,1,0,0,1,0.625746
0,0,0,1,0,0,1,0,1,1,1,1,0,1,1,1,0,0,0,1,1,1,0,0,1,0,0,1,0,0,0,0,0.708653
0,1,1,0,0,1,1,0,1,1,1,0,1,1,0,0,1,1,1,1,0,1,0,1,1,0,1,1,0,0,0,0,0.606511
0,1,1,0,1,0,0,1,0,1,1,0,1,0,1,1,0,1,0,0,1,0,1,0,0,0,1,0,1,0,1,0,0.660513
0,1,1,1,1,0,0,0,1,1,1,0,0,1,1,1,0,1,1,0,0,0,0,1,1,0,1,1,1,1,1,1,0.459346
1,1,1,0,1,1,0,0,1,1,1,0,0,0,0,0,1,0,1,1,1,0,1,1,1,0,0,0,1,0,0,1,0.518595
0,1,0,0,1,0,0,1,1,0,0,0,0,0,0,0,0,0,0,0,1,0,1,0,1,0,0,0,0,1,0,0,0.810822
0,1,1,0,1,1,1,1,1,0,0,1,0,0,0,1,0,1,1,0,1,1,1,0,0,1,0,0,1,1,0,0,0.627877
1,0,0,0,0,0,1,1,0,0,0,1,0,0,0,0,1,0,0,0,0,0,0,0,0,0,0,1,0,0,1,0,0.701007
0,0,0,1,1,0,0,0,0,0,0,1,1,0,0,1,0,1,0,0,0,1,0,1,1,0,0,1,1,1,1,0,0.895460
0,0,0,0,1,0,1,1,0,0,0,1,1,1,1,1,0,0,1,0,0,1,0,1,0,1,0,1,1,1,1,0,0.859921
0,1,0,0,0,1,1,1,0,0,0,0,0,1,1,1,0,1,0,1,1,1,1,1,0,1,0,0,1,1,1,0,0.784607
0,0,1,1,1,1,1,0,1,0,0,1,1,0,0,1,0,1,1,1,1,1,1,0,1,1,1,1,0,0,0,1,0.668398
1,1,1,0,0,0,0,0,0,1,0,1,0,0,0,0,1,0,0,0,1,1,1,1,1,1,0,0,1,0,0,1,0.618180
0,1,1,0,1,0,1,1,0,0,1,1,1,0,1,1,0,0,0,1,0,1,1,0,1,0,0,0,0,1,1,1,0.675858
0,0,0,1,1,1,1,1,0,0,1,1,1,0,1,0,1,0,1,0,0,0,1,1,0,0,0,1,1,0,1,1,0.747496
0,1,1,1,1,1,0,0,1,1,0,1,1,0,1,0,0,0,1,0,1,1,0,0,0,0,0,0,0,1,1,1,0.701540
0,0,1,0,1,0,0,0,1,0,0,1,1,1,0,1,1,1,0,0,1,1,1,0,1,0,0,0,0,1,1,0,0.646553
1,1,1,1,1,1,0,0,0,1,1,0,1,1,1,0,1,1,1,0,1,0,1,1,1,0,1,0,1,0,1,0,0.690590
0,1,0,0,0,1,0,0,1,0,1,0,0,1,0,0,0,1,1,0,0,0,0,1,1,1,0,0,0,0,1,0,0.679135
0,0,0,0,0,1,1,0,1,0,0,0,1,0,0,1,1,0,0,1,0,0,1,0,1,1,0,0,1,1,0,0,0.633818
1,0,0,0,1,0,0,0,1,1,1,1,1,0,1,1,1,0,1,0,0,1,1,1,1,0,1,1,1,1,0,1,0.546276
1,1,1,0,0,0,1,1,1,1,1,1,0,1,1,0,0,1,1,1,1,1,0,0,1,0,1,1,0,0,1,0,0.642397
0,0,1,1,0,0,1,1,1,1,1,1,0,1,0,0,0,0,0,1,1,1,0,1,1,0,1,1,1,1,1,0,0.559383
1,1,1,0,1,0,1,1,1,1,0,1,0,0,0,0,0,0,0,0,0,0,0,0,1,0,1,1,0,0,1,0,0.687793
0,1,1,0,1,1,0,0,1,0,0,1,0,1,1,0,1,1,1,1,1,1,0,1,0,0,0,0,0,1,0,0,0.717897
0,0,0,1,1,0,0,1,1,1,1,1,0,0,0,0,1,0,1,0,1,0,1,1,0,1,1,0,0,1,1,1,0.622363
0,0,1,0,1,0,0,1,0,0,0,0,0,1,1,0,1,0,1,1,1,0,0,0,1,1,1,0,0,1,0,0,0.690857
0,0,0,1,0,1,1,1,1,1,1,0,0,1,1,0,1,0,0,1,1,1,0,1,0,1,0,1,0,1,0,1,0.651055
1,1,1,0,0,1,1,0,1,0,1,1,1,0,1,0,1,0,0,1,1,1,0,1,0,0,1,0,0,0,0,0,0.641331
1,1,1,1,0,0,1,0,1,1,0,1,0,1,1,0,1,0,0,0,0,1,1,1,0,1,0,1,0,1,0,0,0.698077
0,1,1,1,0,0,1,0,0,0,1,0,0,0,1,0,1,1,0,0,1,1,0,1,1,0,1,1,1,0,0,0,0.604939
0,1,1,1,1,1,0,1,1,0,1,1,0,0,0,1,1,0,0,1,0,1,1,1,1,1,1,0,1,0,0,1,0.570332
1,0,0,0,0,0,1,0,1,1,1,0,1,1,1,1,0,1,0,0,0,0,1,1,1,0,0,1,1,1,0,1,0.563379
0,0,0,1,0,1,0,1,1,0,0,1,1,0,1,1,0,0,1,1,0,1,1,1,0,0,1,1,1,0,0,0,0.717498
1,0,1,0,1,0,1,0,0,0,1,1,1,1,0,1,0,0,1,1,1,0,1,0,1,1,0,0,0,0,0,1,0.633685
0,0,1,1,1,0,0,1,0,0,1,0,1,0,0,0,1,1,1,0,1,1,1,1,0,1,0,0,0,1,1,1,0.642903
1,1,1,0,0,1,0,0,0,0,0,0,0,1,0,0,0,1,1,0,1,1,0,0,1,0,0,1,1,0,1,1,0.659260
0,0,0,0,0,1,1,1,1,0,0,1,1,1,1,0,1,1,1,0,1,1,1,0,0,1,0,0,0,0,1,0,0.584772
1,0,1,0,0,0,1,1,0,1,1,0,0,0,0,0,0,1,0,1,1,1,0,1,1,1,1,1,1,0,0,1,0.554721
1,1,0,0,0,1,0,1,0,0,0,1,0,0,1,0,0,0,0,0,1,0,1,0,1,0,1,1,0,1,0,1,0.660939
0,0,0,0,1,1,0,0,0,1,0,1,0,0,1,0,1,1,0,1,0,0,1,0,0,0,1,1,1,0,0,1,0.766224
0,1,1,1,1,0,0,0,0,1,0,0,1,0,0,1,0,0,1,0,0,0,1,0,0,1,1,1,1,0,0,1,0.633312
0,0,1,1,0,1,1,1,0,1,1,1,0,1,1,0,1,1,0,0,0,1,0,1,1,1,1,1,0,0,1,0,0.639733
0,1,0,1,1,0,0,0,1,0,0,1,1,0,1,1,0,1,1,0,0,1,0,0,0,1,1,1,0,0,0,0,0.638987
1,1,0,1,1,0,1,0,0,0,0,0,1,0,1,1,1,1,0,0,1,1,1,0,1,1,0,1,0,1,0,0,0.755435
1,1,0,1,1,1,0,0,1,0,1,1,1,0,1,1,0,1,1,0,1,1,1,0,1,1,0,1,1,1,0,0,0.544864
0,0,0,0,0,0,1,0,1,0,0,0,0,1,1,0,0,1,0,0,1,1,1,0,0,0,1,1,1,1,0,1,0.753490
1,1,0,1,1,0,1,1,0,0,1,0,1,0,1,0,1,1,1,0,1,0,1,0,0,1,0,0,1,0,1,1,0.628064
0,0,0,0,1,0,0,1,0,0,0,0,0,1,1,1,1,1,1,0,0,0,1,1,1,0,0,1,0,1,1,0,0.743127
0,0,0,0,1,0,1,1,0,1,0,0,1,1,1,1,1,0,1,1,0,0,0,1,1,0,1,0,1,1,0,1,0.700048
0,1,1,0,0,0,1,1,0,1,0,0,1,1,1,0,0,0,0,0,0,1,0,1,0,1,0,1,0,1,1,0,0.623641
0,0,1,1,0,0,1,0,0,1,0,1,0,0,1,0,0,0,1,0,0,0,0,1,0,0,0,0,0,1,1,0,0.753090
0,1,0,0,1,1,0,0,0,1,0,1,0,1,1,0,1,1,0,1,0,0,0,0,1,0,1,1,0,0,0,0,0.692429
0,0,0,1,1,1,0,0,0,1,1,1,1,0,0,0,1,0,1,1,1,0,1,0,1,0,1,1,1,0,0,1,0.718564
0,0,1,0,1,0,0,0,0,0,1,0,0,0,1,0,0,1,0,0,1,0,1,0,1,1,0,0,0,1,0,0,0.749307
0,0,0,0,1,0,1,0,1,0,0,0,0,1,0,0,1,1,1,1,1,0,1,1,1,0,1,0,1,0,1,1,0.653319
0,1,1,1,1,0,1,0,1,1,1,0,0,1,0,0,1,1,0,1,0,0,0,1,0,1,0,0,0,0,0,1,0.606458
