1,0,0,1,1,0,1,1,0,0,1,0,0,0,1,1,1,0,1,1,1,1,0,1,1,1,0,1,0,1,0,1,0.522245
1,1,0,0,0,0,0,1,1,0,0,1,0,0,1,1,0,1,0,1,1,0,0,0,1,0,0,1,1,0,1,1,0.616155
1,0,1,1,0,1,0,1,0,0,0,0,0,1,1,0,0,0,0,0,0,0,0,1,1,0,1,1,0,0,1,0,0.659820
0,0,1,0,0,1,0,0,0,1,1,0,1,1,1,0,1,0,0,0,1,0,1,0,1,0,0,0,0,0,0,1,0.637921
1,1,1,0,0,0,0,0,0,0,1,1,1,0,0,1,1,1,1,0,0,0,0,1,1,1,1,1,0,1,1,1,0.566576
1,0,0,1,1,1,0,0,0,1,1,1,0,1,0,1,1,0,0,0,0,0,0,0,1,0,1,1,1,1,0,0,0.608882
1,1,1,1,1,0,0,1,0,1,0,1,0,1,0,0,1,0,0,0,0,1,0,0,1,0,1,1,1,1,1,1,0.552669
1,0,0,1,1,1,0,0,1,1,1,1,0,1,1,1,1,0,0,1,1,0,0,1,0,0,1,0,0,1,1,1,0.506580
1,1,1,1,1,0,1,1,1,0,0,0,1,0,0,0,1,0,0,0,0,1,0,1,0,0,0,1,0,0,1,0,0.639972
0,1,0,0,0,0,1,1,1,1,1,0,1,1,0,0,0,1,1,1,1,0,0,0,1,0,1,0,0,1,0,0,0.625959
0,0,0,0,1,1,0,0,0,0,1,0,1,1,0,1,1,0,1,0,1,1,1,1,1,1,1,0,0,1,1,1,0.583973
0,0,1,0,0,0,1,0,0,0,1,1,1,0,0,0,0,1,0,0,0,0,0,0,1,1,1,1,1,1,1,1,0.687287
1,0,1,1,1,1,0,1,1,1,1,1,1,0,0,1,0,0,1,0,1,1,0,1,1,0,1,1,0,0,0,1,0.576247
1,0,0,1,1,0,0,0,1,1,1,0,1,1,1,0,1,0,1,1,1,0,0,0,1,0,1,1,0,0,0,0,0.708840
1,1,0,1,0,0,0,1,0,1,1,0,0,0,1,1,1,1,0,1,1,0,0,0,0,1,1,0,1,1,0,1,0.586237
0,0,0,0,0,1,0,1,1,0,1,0,1,1,1,0,0,1,1,1,1,0,1,1,0,0,0,0,1,1,1,0,0.632859
0,1,0,1,0,0,0,0,0,1,0,0,0,1,0,1,1,0,0,1,0,1,0,1,1,1,0,1,0,1,1,0,0.709399
0,0,0,0,1,1,1,1,1,0,1,1,1,0,0,1,0,0,1,1,0,0,0,0,0,0,1,0,0,1,0,1,0.647192
1,0,1,1,1,1,0,1,0,1,0,1,0,1,0,1,1,0,1,0,1,0,1,0,1,1,1,0,1,1,1,0,0.551950
1,0,0,1,0,1,0,0,1,0,0,0,1,0,0,1,1,0,0,1,0,0,0,0,1,0,0,1,0,1,0,0,0.671782
1,1,0,1,0,1,1,1,0,0,0,1,1,0,0,1,1,0,1,0,0,1,0,1,0,0,1,0,1,1,0,0,0.594762
1,1,0,0,1,0,1,1,1,0,0,1,0,0,1,1,0,1,1,0,1,1,0,1,0,1,1,0,1,1,0,1,0.496750
0,0,1,0,1,1,1,1,0,0,1,1,1,1,1,0,0,0,0,1,1,0,0,0,1,0,0,0,0,1,0,0,0.603501
1,1,0,0,0,1,1,1,1,0,1,0,1,1,0,1,0,0,0,1,0,0,1,1,1,0,1,1,1,1,1,0,0.526801
0,1,1,0,1,1,0,1,1,1,1,0,0,1,1,1,0,0,1,0,0,1,1,0,1,0,0,1,1,0,1,1,0.552110
0,1,1,0,1,0,0,0,0,0,1,0,1,1,0,1,0,1,0,1,0,0,1,0,0,0,1,0,0,0,1,0,0.674393
1,1,1,1,0,0,1,0,1,0,0,0,0,0,0,0,1,1,1,0,0,1,1,1,1,1,1,1,0,1,0,1,0.545769
0,1,0,1,1,0,0,1,1,1,1,1,1,1,0,0,1,1,0,0,1,0,0,0,1,0,1,1,0,0,0,1,0.625000
1,1,1,0,1,0,0,0,1,0,0,1,1,0,1,1,1,1,1,1,0,1,1,0,1,0,1,0,0,0,0,0,0.641198
0,0,0,1,1,0,0,0,1,0,0,1,0,0,1,1,0,1,0,1,0,0,0,1,1,0,1,1,1,1,1,1,0.638347
1,1,1,1,0,0,1,1,1,0,0,0,1,1,0,0,0,0,0,0,0,1,1,1,0,0,1,1,1,0,0,1,0.612665
1,0,0,0,0,1,0,1,1,1,1,1,1,1,0,1,1,1,1,1,0,0,1,1,0,1,1,0,0,0,1,0,0.562074
1,0,0,0,1,1,1,1,1,0,1,1,0,1,0,0,1,0,1,1,0,1,0,0,0,0,1,1,1,1,0,1,0.598572
0,0,0,0,0,0,0,0,1,1,0,0,0,1,0,0,0,1,1,0,0,1,1,1,1,0,0,0,0,0,0,0,0.722426
0,0,0,1,0,0,0,1,1,1,0,0,1,1,1,1,1,0,1,0,1,0,0,1,1,1,0,1,0,0,0,0,0.598759
1,0,0,0,1,0,0,1,1,0,0,0,1,1,1,1,0,0,1,0,0,0,0,0,0,1,0,1,0,1,1,1,0.609655
0,0,1,1,0,0,0,1,0,0,0,1,1,0,1,0,1,1,1,1,1,1,0,1,0,0,1,1,0,0,1,1,0.631820
1,0,0,1,1,1,1,0,0,1,1,0,0,1,0,1,0,1,1,0,0,1,1,0,1,0,1,0,0,0,0,0,0.616315
1,1,0,0,1,0,0,1,1,1,1,1,0,1,1,1,1,1,0,1,1,1,1,1,0,0,0,0,1,1,0,1,0.493473
1,1,1,1,1,1,1,1,0,0,1,1,0,1,1,1,1,1,1,0,0,0,1,1,1,1,1,0,1,1,0,0,0.602595
0,0,1,0,0,0,1,0,1,1,1,0,0,1,0,0,0,0,0,1,1,1,1,0,0,0,1,0,1,0,0,0,0.652574
1,1,1,1,1,1,1,0,1,1,1,1,0,0,1,0,0,1,0,0,1,0,1,1,1,0,1,0,1,0,1,0,0.579870
1,1,0,0,1,1,0,0,1,1,0,0,0,1,0,0,0,0,0,0,1,0,1,0,0,1,0,1,0,1,0,1,0.633978
0,1,1,0,0,1,1,0,1,0,0,1,1,0,1,1,1,0,1,1,0,0,0,0,0,1,1,1,1,1,1,1,0.526348
0,1,0,1,0,1,0,1,0,0,1,0,0,0,1,1,0,1,1,0,1,0,0,1,0,0,0,0,0,1,0,1,0.782023
1,0,0,0,0,1,0,1,0,0,1,1,0,1,0,1,0,0,1,0,0,0,0,0,0,1,0,0,0,0,0,1,0.652680
1,0,0,0,0,0,1,0,0,0,1,0,0,0,0,0,1,1,1,1,1,1,0,1,0,1,1,1,0,1,1,0,0.642583
0,1,1,1,0,1,1,0,0,1,0,0,1,0,0,0,1,1,0,0,0,0,1,1,1,1,0,1,0,1,1,1,0.569613
1,1,1,1,0,1,1,0,1,0,1,0,1,0,0,1,1,0,0,0,0,0,1,1,0,0,0,1,1,1,1,0,0.560768
1,1,0,0,0,0,1,1,1,0,1,1,0,0,0,0,0,1,1,0,1,1,0,1,0,0,0,1,0,1,1,0,0.621483
0,0,1,1,1,0,1,1,0,1,1,0,0,1,1,0,1,0,1,1,1,1,1,1,0,1,0,0,0,0,0,1,0.589035
0,0,1,1,1,1,0,1,1,1,0,1,1,0,0,1,1,1,1,1,0,0,0,1,1,1,0,0,1,1,1,0,0.572224
1,0,1,0,1,0,1,0,1,1,0,1,0,0,1,1,1,1,0,1,1,0,0,1,0,1,0,0,1,1,1,1,0.445119
0,0,0,1,1,0,0,1,1,0,1,0,1,1,0,1,0,0,1,1,0,0,1,1,1,0,1,0,0,1,0,1,0.616555
1,1,0,0,0,1,1,0,1,1,1,0,1,0,0,1,0,0,0,1,0,0,1,0,0,0,0,1,0,1,0,0,0.626305
1,1,1,0,1,1,1,1,1,1,0,0,1,0,0,1,0,1,0,0,0,1,0,0,0,0,0,0,0,0,0,1,0.611546
0,1,0,1,1,1,1,1,0,1,0,1,1,1,1,1,1,0,0,1,0,1,0,0,1,1,0,0,0,1,1,0,0.583014
0,0,1,1,0,0,1,0,0,1,1,0,0,0,1,0,1,0,0,0,1,0,1,0,0,1,0,1,1,1,1,0,0.639413
1,1,1,0,0,0,1,0,1,1,0,0,0,1,1,0,1,1,0,0,0,0,0,0,1,1,1,0,1,0,0,0,0.732204
0,0,1,1,1,1,1,0,0,1,0,0,1,1,0,0,1,1,1,0,1,1,0,0,0,1,0,1,1,1,1,1,0.565351
0,1,1,1,0,1,1,0,1,0,1,1,0,0,1,0,1,1,1,0,1,0,1,0,1,0,1,1,0,0,1,0,0.568974
1,1,0,0,0,0,0,1,1,0,0,1,0,1,0,0,0,0,1,1,1,1,1,1,0,1,0,0,0,1,1,0,0.584665
1,1,0,1,0,0,0,0,1,0,0,0,0,0,0,0,0,0,1,1,1,0,0,0,1,1,1,1,0,1,1,0,0.630009
0,0,0,0,0,0,1,1,0,1,0,1,0,0,1,1,1,0,1,1,1,1,0,1,0,0,1,1,0,1,1,0,0.664589
0,0,0,0,0,1,0,0,1,0,1,1,1,1,0,1,0,0,1,1,1,0,0,1,0,1,0,1,0,0,1,0,0.713342
0,1,1,1,0,1,0,0,0,1,1,0,0,0,0,0,1,1,1,1,1,1,1,0,0,0,0,0,0,1,0,0,0.649350
1,0,0,1,0,1,1,1,0,0,0,1,1,1,1,1,1,1,0,0,0,0,1,1,0,1,0,0,1,0,1,1,0.490969
1,1,1,0,1,1,1,0,1,1,0,0,1,0,0,0,0,1,0,0,1,0,1,1,0,1,0,0,0,0,1,0,0.589727
0,1,0,1,1,0,0,0,1,1,0,0,1,1,1,1,1,1,1,0,1,1,1,0,0,0,0,1,1,0,1,0,0.572997
0,0,0,0,1,0,1,0,1,1,1,1,1,0,0,0,0,0,1,1,1,0,0,1,0,0,0,1,1,0,0,0,0.640878
1,0,1,0,0,0,0,0,0,1,0,1,1,1,1,1,0,1,1,0,0,0,0,0,0,0,0,1,1,1,1,1,0.621563
0,0,1,1,1,1,0,1,0,1,1,1,1,0,0,1,0,1,1,0,1,0,1,0,1,1,1,1,1,0,0,1,0.577552
0,0,0,1,0,0,0,1,1,0,1,0,1,0,0,0,1,1,0,1,1,1,0,0,1,1,1,0,0,0,1,0,0.661232
0,0,1,0,0,0,1,1,1,1,1,1,1,1,0,0,1,1,1,1,1,1,1,1,1,0,1,0,0,0,0,0,0.611973
1,1,0,1,0,0,1,0,1,1,0,0,0,1,0,0,1,1,1,0,0,0,1,0,1,1,0,1,0,0,1,1,0.596627
0,0,1,1,1,0,1,0,1,0,1,1,1,0,0,1,1,1,0,1,0,0,1,0,0,1,1,0,1,1,0,0,0.569933
1,1,0,0,1,1,0,0,0,0,0,1,1,1,0,0,0,1,1,1,1,0,1,1,0,0,1,1,0,1,0,1,0.579657
0,0,1,1,1,1,1,1,1,1,1,0,0,1,1,1,0,1,0,0,0,1,1,1,0,0,1,0,1,1,1,0,0.579710
0,0,1,1,1,0,1,1,0,0,1,1,0,0,0,0,1,0,1,1,0,1,0,0,1,1,0,0,0,0,1,1,0.673247
0,0,0,1,0,1,0,0,1,0,0,0,1,0,0,1,0,0,0,1,1,1,0,0,0,1,1,0,1,1,0,1,0.719416
1,1,0,0,0,0,1,1,1,0,1,0,1,1,0,1,1,0,1,0,1,0,1,0,1,0,1,0,1,0,1,1,0.476076
0,1,1,0,1,0,1,0,0,0,0,0,1,0,1,1,1,1,1,1,0,0,1,0,1,1,1,0,1,0,1,1,0.573023
0,1,0,1,1,1,1,1,0,1,0,1,0,0,0,0,0,1,1,0,1,1,0,0,0,1,0,1,0,1,1,0,0.644741
1,1,0,0,0,1,1,0,0,1,1,0,1,0,1,1,0,1,1,1,1,0,1,1,1,0,0,1,1,1,1,1,0.469176
0,1,1,1,1,1,0,0,0,1,0,0,1,1,1,0,0,1,1,1,1,1,0,1,0,0,1,0,1,0,1,1,0.584852
1,1,1,1,1,1,0,0,1,1,0,0,1,1,1,1,1,0,1,0,0,0,0,0,0,0,0,1,0,1,0,1,0.555813
0,0,0,0,0,0,0,1,0,1,0,0,0,1,1,1,1,1,0,1,1,0,1,0,1,1,1,1,1,1,1,0,0.652973
1,1,0,0,0,1,0,1,0,0,0,1,0,1,0,0,1,0,1,1,0,1,0,1,1,0,0,0,1,0,1,0,0.624920
1,1,0,1,0,1,1,1,1,0,0,1,0,0,0,1,1,0,1,0,1,1,1,1,1,0,1,0,0,0,0,1,0.572570
1,1,1,0,0,1,1,1,1,1,1,0,0,1,0,0,1,0,1,1,1,0,0,1,0,1,1,1,1,1,1,0,0.530664
0,1,0,1,0,0,0,1,0,1,0,1,1,1,0,1,1,0,1,1,1,0,0,0,0,0,1,1,1,1,1,1,0.606005
1,0,1,0,1,0,0,1,1,0,1,0,1,0,0,0,1,0,1,1,1,1,0,0,0,1,1,1,1,0,0,0,0.673007
1,1,1,1,1,0,1,1,0,0,0,0,1,1,0,1,0,1,0,0,0,0,0,1,0,1,1,1,1,0,1,0,0.579097
0,1,0,0,0,1,0,1,1,1,1,0,1,0,1,0,0,1,1,0,0,1,1,1,1,1,0,0,1,1,0,0,0.621617
0,1,1,0,0,0,1,1,1,0,1,1,0,1,0,1,0,1,1,1,1,1,0,0,0,0,0,0,1,0,0,1,0.614051
0,0,0,0,0,0,1,1,1,1,0,1,0,1,1,1,1,0,0,0,1,1,0,0,1,0,1,1,0,0,1,1,0.642450
1,1,1,0,0,1,1,0,1,1,0,0,0,0,0,0,0,1,0,1,0,0,0,0,0,0,1,0,1,1,0,0,0.626545
0,0,0,1,1,0,0,0,0,0,0,0,1,1,1,0,1,0,0,0,0,1,1,1,0,0,1,1,1,1,1,1,0.703671
0,1,0,1,0,1,0,1,0,1,1,0,1,1,1,1,0,0,1,1,1,0,1,1,0,0,1,0,1,1,0,1,0.622895
1,0,1,1,1,1,1,1,0,1,0,1,0,0,1,0,1,1,1,0,1,0,1,1,1,1,0,1,1,1,1,0,0.518223
1,1,1,0,0,1,0,0,1,1,1,1,0,1,1,1,0,0,1,0,0,1,0,0,1,0,0,1,0,0,0,1,0.588395
1,1,1,1,1,1,0,1,0,0,1,0,0,1,1,1,1,1,0,0,1,0,1,1,0,0,1,1,0,1,0,0,0.574542
1,0,0,0,1,0,0,0,1,1,0,1,1,1,0,0,0,1,1,0,1,0,0,0,0,0,1,0,0,1,0,1,0.634804
0,0,1,0,1,1,0,0,1,1,0,0,0,0,0,0,0,0,1,0,0,1,0,0,0,1,1,0,0,0,0,1,0.732124
1,1,0,0,1,0,1,0,0,1,0,1,1,0,0,0,0,0,0,1,0,0,1,1,1,0,0,1,0,0,0,0,0.627584
1,0,0,1,1,0,1,1,0,1,1,1,0,1,0,1,0,1,1,1,1,0,1,0,0,0,1,0,1,1,1,0,0.566549
0,0,1,1,1,1,0,1,1,0,0,0,1,1,1,1,1,0,1,1,1,0,0,1,1,1,0,0,1,0,1,1,0.504955
0,1,1,0,1,1,1,1,1,1,0,1,1,0,0,0,1,0,1,1,0,0,1,0,1,0,0,1,1,0,0,0,0.621324
0,1,0,0,1,0,0,1,0,0,1,0,1,1,1,0,0,0,0,0,0,0,1,0,0,0,1,1,1,1,1,1,0.653319
1,1,1,0,1,1,1,1,0,0,0,0,1,0,1,0,0,0,0,1,1,1,1,0,1,1,1,1,1,0,0,0,0.574515
1,0,1,1,0,1,1,0,1,0,0,1,1,1,1,0,0,0,1,0,0,0,1,0,1,1,1,1,1,1,1,0,0.553335
1,1,0,1,0,1,1,0,0,0,0,1,0,1,0,0,0,0,0,1,1,0,0,1,0,0,0,1,0,0,0,0,0.647751
1,0,0,1,1,1,1,1,0,0,1,1,1,0,0,1,1,0,0,0,1,1,0,1,0,1,1,1,0,0,1,1,0.532662
0,1,1,1,0,1,0,0,1,1,0,0,0,1,1,1,1,1,0,1,1,0,1,0,0,1,1,1,0,0,1,0,0.584559
1,1,0,0,0,1,0,0,1,1,1,0,1,0,0,1,0,0,1,1,0,0,1,0,0,1,0,1,1,0,0,0,0.614903
0,1,1,0,1,1,0,1,1,0,0,0,0,0,1,0,0,1,0,1,0,1,0,1,0,0,0,0,0,0,0,1,0.658568
1,1,1,0,0,1,1,1,1,0,1,1,1,0,0,1,0,1,0,0,1,0,0,1,1,1,1,0,0,1,1,0,0.565537
0,0,0,1,0,1,0,0,1,0,1,0,0,1,0,1,0,0,1,0,0,1,1,1,1,1,1,1,1,1,1,0,0.640825
1,0,0,0,1,0,0,0,0,1,1,1,1,0,1,1,1,0,0,1,0,1,0,0,1,0,0,0,0,1,1,1,0.616208
0,1,1,1,1,0,1,0,1,0,0,1,0,0,1,0,1,1,0,0,0,1,1,1,0,1,1,1,1,0,0,1,0.559676
0,0,0,1,1,0,0,0,0,0,0,1,0,0,1,1,0,1,1,1,1,0,1,0,1,1,0,1,0,0,0,0,0.700474
0,0,0,1,0,1,1,0,1,1,1,1,1,1,0,0,1,1,1,0,0,0,1,1,1,1,1,0,0,0,0,0,0.623615
1,1,0,1,1,1,0,0,1,0,0,0,1,0,0,0,1,0,0,0,0,1,1,0,1,1,0,0,0,0,1,0,0.682758
1,1,0,0,1,0,0,0,1,1,1,1,0,1,1,1,0,1,0,1,1,1,0,0,1,0,0,0,1,0,0,1,0.597267
1,1,1,1,1,0,1,1,0,0,0,1,0,1,0,0,0,0,0,1,1,0,1,0,1,0,0,1,0,1,1,0,0.603367
1,0,1,1,0,1,0,0,1,1,0,1,0,0,1,0,0,0,0,0,1,0,0,0,0,1,1,1,0,0,0,1,0.629582
1,1,1,0,0,1,0,1,0,1,1,0,0,1,0,0,0,0,0,0,0,1,1,0,0,1,0,0,0,0,0,0,0.677989
1,1,1,0,0,1,0,1,0,1,0,0,1,0,1,0,0,1,0,0,1,1,1,1,1,0,1,0,0,0,1,0,0.595881
