0,0,0,0,0,1,1,1,0,0,1,0,0,1,1,0,0,0,1,1,0,0,1,0,0,1,1,1,1,0,0,0,0.559463
0,0,0,1,0,1,1,1,1,0,1,0,0,1,1,1,0,0,0,0,0,0,1,0,1,0,1,1,0,0,0,0,0.592311
1,0,0,1,0,0,0,1,0,0,0,0,1,0,1,1,1,1,0,0,0,1,0,1,1,1,1,0,0,1,0,0,0.595961
0,0,0,1,1,0,0,0,0,0,1,0,1,0,0,1,1,0,1,1,0,1,0,0,0,1,0,0,1,1,0,1,0.591006
0,1,1,0,1,0,0,0,1,1,0,1,0,1,0,1,0,0,1,0,0,1,0,0,0,1,1,0,1,0,0,1,0.599638
0,0,1,0,0,0,1,0,0,0,1,0,0,0,1,0,1,1,1,1,0,0,0,1,0,1,1,0,1,1,0,0,0.602169
0,1,0,1,1,0,1,1,1,1,1,1,1,0,0,0,0,1,1,0,0,0,1,1,1,1,1,0,1,1,1,0,0.592977
0,1,1,0,1,0,0,0,1,1,1,1,0,1,1,1,0,0,1,1,1,1,0,0,1,0,1,0,0,1,0,0,0.603740
0,1,0,0,0,0,1,1,0,1,1,1,1,1,1,0,1,0,0,1,0,0,1,1,1,1,0,0,0,1,1,1,0.586317
1,1,1,1,1,0,1,0,0,0,0,1,1,1,0,1,0,1,0,1,0,1,1,0,1,0,0,1,0,0,1,0,0.594469
1,0,0,1,0,1,1,0,1,1,0,0,0,0,0,1,1,0,1,0,0,1,1,0,1,0,0,1,0,1,0,0,0.596121
0,1,0,1,1,1,0,0,1,0,1,0,0,1,0,0,0,0,1,1,0,1,1,0,0,1,1,1,0,0,0,1,0.614876
1,0,0,1,0,1,1,1,1,0,1,0,1,1,1,0,1,1,0,1,1,0,0,0,1,1,1,1,1,0,0,1,0.588875
0,0,1,0,0,1,1,1,1,1,1,0,1,0,0,1,0,1,1,0,1,1,0,0,1,1,1,0,0,1,0,1,0.595402
0,0,0,0,1,0,0,1,1,0,1,0,1,0,0,1,0,0,1,0,0,1,1,1,1,1,0,1,0,1,0,0,0.584665
0,0,0,0,1,0,1,0,0,1,0,1,0,1,0,0,0,1,0,0,0,0,0,1,0,0,0,0,0,1,1,1,0.548833
1,1,0,1,1,1,1,0,1,1,0,1,0,0,1,1,0,0,1,1,1,0,0,0,0,1,0,1,1,1,1,0,0.592791
1,0,1,0,1,0,1,1,0,1,0,0,0,1,0,1,0,1,1,1,0,1,0,0,1,1,1,0,0,0,1,0,0.594869
1,0,0,0,1,1,1,1,1,1,1,1,1,0,0,0,1,0,1,1,0,1,1,0,1,1,1,1,0,1,0,0,0.604993
1,0,0,1,1,0,0,0,1,0,1,1,1,1,0,0,0,0,1,0,1,1,0,1,0,1,0,0,0,0,0,1,0.591885
1,0,1,0,0,0,0,1,0,0,0,1,0,1,0,1,0,1,0,1,1,1,1,1,1,0,1,1,1,0,1,1,0.575394
1,0,1,1,0,1,1,0,0,0,0,0,1,1,0,1,1,1,1,1,0,1,0,0,0,1,1,1,1,0,0,0,0.592658
1,0,1,1,0,0,1,0,1,0,1,1,1,1,0,1,0,0,1,1,1,0,0,0,0,1,0,0,1,1,0,1,0.589647
0,0,0,0,0,0,1,0,0,0,0,0,1,0,0,0,1,1,0,1,1,0,0,1,1,1,0,0,1,1,0,0,0.582507
0,1,1,0,0,0,1,1,0,0,0,1,0,0,0,1,0,1,1,0,0,0,1,0,1,1,1,1,1,0,1,1,0.592578
0,0,0,1,0,1,1,0,0,1,1,1,1,1,1,0,0,0,0,0,0,0,1,0,0,0,1,1,0,0,0,0,0.580962
0,0,1,1,0,0,0,1,0,0,0,0,0,1,1,0,0,0,0,0,0,0,0,0,1,1,0,1,1,1,0,1,0.588049
1,0,0,0,1,0,0,0,0,1,0,0,1,0,1,1,0,1,0,1,1,1,0,1,1,1,0,1,1,1,0,0,0.590713
0,1,1,1,1,1,1,0,0,0,0,0,0,1,1,0,0,1,1,0,0,0,0,1,0,1,1,1,1,0,1,1,0.602968
1,1,0,1,1,0,1,0,1,0,1,0,0,0,1,1,1,1,1,1,0,0,0,1,0,1,0,1,0,0,1,1,0.592311
1,1,0,1,1,0,0,1,0,1,0,1,0,1,1,1,1,0,0,0,1,0,0,0,0,1,1,0,1,1,1,0,0.595215
0,1,1,1,0,0,0,1,1,1,0,0,1,0,1,0,0,0,1,1,1,1,1,1,0,0,0,1,0,1,0,0,0.600011
1,1,1,1,0,1,0,0,1,1,0,0,1,1,0,1,1,0,0,1,1,0,0,0,0,0,0,1,1,1,1,1,0.593590
1,1,0,0,0,1,1,1,1,1,0,0,0,1,0,0,1,1,0,1,1,0,1,1,1,0,1,0,1,0,0,0,0.597746
1,1,0,1,1,1,0,1,1,0,0,0,1,0,1,1,1,1,0,0,0,0,1,1,0,1,0,1,0,1,0,1,0.599371
0,0,1,0,0,1,0,0,1,1,0,0,1,0,1,0,0,0,1,0,0,1,0,0,0,1,0,1,0,0,0,1,0.599984
1,1,1,1,1,0,1,0,1,1,1,1,0,0,1,0,1,1,0,1,1,0,1,0,0,0,0,0,1,1,1,0,0.614557
0,1,1,1,1,1,1,1,0,0,1,0,1,0,0,0,0,1,0,1,1,1,1,1,0,1,0,0,1,1,0,1,0.580163
0,0,1,1,0,1,0,0,1,1,0,1,1,1,1,1,0,1,1,0,0,1,1,1,0,0,0,0,1,1,0,1,0.589487
1,1,1,0,0,0,1,1,0,1,0,0,1,1,0,0,0,0,0,1,1,0,1,0,0,0,0,1,0,1,0,1,0.592311
0,1,0,0,0,0,1,0,0,0,1,1,0,0,0,1,0,1,0,1,0,0,0,1,1,0,0,1,0,0,0,1,0.583120
0,0,1,0,1,1,0,0,1,1,1,0,0,1,1,1,0,0,1,0,1,0,0,0,1,1,1,0,0,0,0,1,0.599371
0,0,0,1,0,1,0,0,0,1,1,0,1,0,0,0,1,0,1,0,1,0,0,0,0,0,0,0,0,0,0,0,0.583946
0,1,1,0,1,0,1,1,0,1,0,1,0,1,1,1,0,0,1,1,0,0,0,0,0,0,0,0,0,1,1,0,0.596201
1,0,1,0,1,0,0,0,0,1,0,0,0,0,0,0,1,1,0,0,1,1,0,0,1,0,0,0,1,1,1,1,0.596494
1,0,0,1,0,0,0,1,1,0,0,0,0,0,1,0,1,1,0,1,1,1,0,0,0,1,1,1,0,0,0,0,0.599611
0,1,0,1,0,1,1,1,0,1,0,1,0,1,0,0,0,0,0,1,0,1,1,1,1,0,0,1,1,0,0,0,0.618366
0,0,0,0,0,1,0,1,1,0,1,1,1,1,1,1,0,0,1,1,1,1,0,0,1,0,0,1,1,1,1,1,0.587010
1,0,1,1,1,0,0,1,0,0,0,0,1,0,1,1,1,0,1,0,1,0,1,1,0,1,1,0,0,1,0,1,0.590873
0,0,1,0,1,1,1,1,1,0,1,1,1,1,1,1,0,1,0,0,0,0,1,0,0,1,1,1,0,0,0,1,0.591246
1,1,1,1,0,0,0,0,0,1,1,1,1,1,0,0,1,1,0,0,1,0,0,1,1,1,0,0,0,1,1,0,0.600250
0,1,1,0,0,1,1,1,0,0,0,1,0,1,0,0,0,0,1,1,0,0,1,1,1,1,0,0,1,0,1,0,0.592391
0,0,0,0,1,1,1,0,0,1,1,0,0,1,0,1,0,0,1,0,0,0,1,0,0,1,0,1,1,1,0,0,0.553469
0,1,0,1,1,1,1,0,1,1,0,1,0,1,1,0,0,1,0,0,1,1,0,0,1,0,0,1,1,0,1,0,0.596281
1,0,1,1,0,1,1,1,1,1,1,1,1,1,1,0,1,1,1,0,1,0,0,0,0,1,0,1,1,1,1,1,0.585092
0,0,1,0,0,1,0,1,0,0,0,1,0,1,1,0,0,1,1,0,0,0,1,1,0,1,1,0,1,1,0,1,0.590686
1,0,1,0,0,0,1,1,0,0,0,1,1,0,1,1,0,1,1,0,1,1,0,0,1,1,0,1,0,1,1,1,0.593164
1,1,1,0,1,1,0,1,0,1,0,0,0,0,0,1,1,1,1,1,1,0,1,0,0,0,1,1,0,0,0,0,0.596547
0,0,1,1,0,0,0,0,0,1,1,0,1,1,0,0,0,0,1,0,1,1,1,0,0,1,0,0,0,0,1,1,0.604673
0,1,0,1,0,1,0,1,1,1,0,0,1,0,1,0,1,1,0,1,0,1,0,1,1,0,1,1,0,1,0,0,0.610481
1,0,0,1,0,1,0,1,0,0,0,1,1,1,0,0,0,0,0,1,0,1,1,0,0,0,1,1,0,1,0,0,0.596467
1,1,1,1,0,0,1,1,0,0,1,0,1,1,0,0,1,0,1,0,0,1,1,0,1,0,0,1,0,1,0,1,0.595428
1,1,1,0,0,1,0,1,0,1,1,1,1,1,0,1,1,0,0,1,0,0,1,1,1,1,0,1,1,0,1,0,0.590180
0,0,0,0,1,1,1,0,1,0,0,0,0,1,0,0,1,0,0,1,1,0,0,1,1,1,0,1,1,1,1,0,0.586131
0,0,1,0,1,0,1,0,0,1,0,0,1,0,0,1,0,0,1,1,0,1,0,1,0,0,0,1,0,0,0,1,0.568681
0,1,0,0,0,1,0,1,0,1,0,0,1,1,0,0,0,1,0,0,1,0,0,1,0,1,1,1,1,0,1,1,0.605792
1,1,1,1,0,1,1,1,0,0,1,0,1,0,1,0,1,0,0,0,1,0,0,1,0,0,0,0,1,1,0,1,0.581682
1,0,1,1,1,0,1,0,0,0,1,1,0,0,0,1,1,1,0,1,1,1,1,1,0,0,1,0,1,1,0,1,0.587649
1,0,1,1,1,0,0,0,0,0,0,0,0,1,1,0,1,1,0,0,0,1,0,1,0,0,0,1,1,1,0,0,0.596414
0,1,1,1,1,1,1,1,0,0,1,0,1,1,1,0,1,0,1,0,1,1,0,0,0,1,1,0,0,0,1,0,0.600224
1,1,1,1,0,1,1,1,0,0,1,1,1,0,1,0,0,0,0,0,0,0,0,1,0,0,0,0,1,0,0,0,0.589940
0,1,1,1,1,0,1,1,1,0,1,1,0,1,0,0,1,1,1,0,0,0,0,0,1,1,0,1,1,0,0,1,0.595162
0,1,1,1,0,0,1,1,0,1,1,1,1,1,1,1,1,1,1,1,1,0,1,0,0,0,0,1,0,1,1,0,0.584079
1,0,0,0,0,1,1,1,1,0,1,1,1,0,1,0,1,1,1,0,0,0,1,1,1,1,1,1,0,0,1,1,0.602435
1,0,1,1,0,0,0,1,1,0,0,0,1,1,0,0,1,1,0,1,1,0,1,1,0,0,1,0,0,0,1,1,0.596014
1,0,1,1,1,1,1,0,0,0,1,1,0,1,0,1,0,0,1,1,0,0,1,0,1,1,1,0,0,1,0,0,0.591858
1,1,1,0,0,1,0,1,0,1,1,0,1,0,1,0,0,1,1,0,1,0,0,0,0,1,1,1,0,1,0,1,0.600357
1,1,0,1,1,0,1,1,1,0,1,1,0,1,0,1,1,1,1,1,0,0,1,0,1,1,1,0,0,0,1,1,0.589834
0,0,1,1,0,0,1,0,1,0,0,0,0,1,0,0,0,1,0,1,0,1,1,1,1,0,0,1,0,1,1,1,0.589461
0,0,1,1,1,1,1,1,1,1,1,1,1,1,1,1,1,1,0,0,0,0,1,0,0,1,0,0,0,0,0,1,0.588901
1,1,1,1,0,1,1,0,0,1,1,0,0,0,1,0,1,0,0,0,1,1,1,1,0,1,0,0,1,0,1,0,0.592205
1,1,0,1,0,0,0,0,1,1,1,0,1,1,0,1,0,0,0,1,1,0,0,1,0,1,0,0,1,0,1,0,0.590873
1,1,1,0,0,1,1,1,0,1,1,0,1,0,1,0,1,0,0,1,1,1,0,1,1,1,0,1,0,0,1,1,0.591592
1,0,1,1,0,1,1,0,0,1,1,1,1,1,0,1,1,1,1,1,0,1,1,1,1,0,0,0,0,0,0,0,0.595801
0,0,0,0,1,1,1,0,1,1,0,1,0,1,1,1,1,0,0,0,0,1,1,0,0,0,1,0,1,1,1,1,0.592258
0,1,0,1,0,0,1,0,0,1,0,1,0,0,1,1,1,0,1,1,0,0,1,1,1,0,1,1,0,0,0,0,0.602328
0,1,0,1,0,0,0,0,0,1,1,1,1,1,0,0,1,0,1,1,0,1,1,1,1,1,1,0,1,1,1,0,0.591379
0,0,1,0,0,1,1,1,0,1,1,1,1,0,0,1,1,1,0,0,0,0,1,1,1,1,0,0,1,1,0,1,0.597773
1,0,0,1,1,0,1,0,0,0,1,1,1,1,0,1,0,0,1,1,1,0,1,0,0,0,0,0,1,0,1,0,0.594762
1,0,1,0,1,1,0,0,0,1,1,0,1,0,0,1,1,1,1,0,0,0,0,0,1,0,0,1,1,1,0,1,0.598465
0,1,0,0,0,0,0,0,1,0,1,0,0,0,1,1,0,0,1,1,0,0,0,0,1,0,1,1,1,0,0,0,0.606964
0,0,1,1,0,1,1,0,0,0,1,1,0,1,1,1,1,1,0,1,0,1,0,0,0,0,0,1,1,0,1,0,0.614983
1,1,1,1,1,1,1,0,1,0,0,0,1,0,0,0,0,1,1,0,0,1,1,0,0,1,0,0,0,0,1,1,0.591512
0,0,0,1,1,0,1,1,0,1,0,0,0,0,1,1,0,0,1,1,1,0,0,1,1,1,0,1,0,0,0,0,0.591885
1,1,0,1,1,1,1,0,1,0,1,1,0,1,0,1,1,1,1,0,1,0,1,0,1,0,0,0,0,0,1,1,0.593404
0,0,0,1,0,0,1,1,0,0,1,0,1,0,1,0,0,0,0,0,0,1,0,1,0,0,0,1,1,0,0,0,0.588475
0,1,0,0,1,0,1,0,1,0,0,1,1,1,1,0,1,0,0,0,1,1,1,1,0,0,1,0,0,0,0,0,0.575581
0,0,1,0,1,1,0,0,1,1,1,0,1,0,1,0,0,1,1,0,1,0,1,0,1,1,1,1,1,1,1,1,0.586770
1,1,0,0,0,1,1,0,0,1,0,1,0,1,1,0,0,1,1,0,0,1,0,0,0,0,0,0,0,0,0,1,0.598945
1,1,0,1,0,0,1,0,1,1,0,0,1,0,0,1,0,1,0,0,1,0,1,0,1,1,0,1,0,0,1,0,0.603687
0,0,0,1,0,1,0,1,0,0,1,0,1,1,1,1,1,1,0,0,1,0,0,1,0,1,0,0,0,1,1,0,0.594363
0,1,1,1,0,1,1,1,0,0,1,0,0,0,0,1,1,1,1,1,1,0,1,1,0,1,1,0,0,1,1,0,0.589967
1,0,0,1,0,1,0,0,0,1,1,0,1,0,0,0,0,1,1,0,0,0,0,0,0,1,1,0,0,0,0,1,0.596041
1,1,1,1,1,0,1,0,0,1,1,0,0,0,0,1,1,0,1,0,1,0,1,1,0,0,1,0,0,1,1,1,0.592045
1,0,1,0,0,0,1,1,0,0,1,1,1,0,1,1,1,1,1,0,0,1,1,0,0,1,1,0,1,1,1,1,0.585305
0,1,0,1,0,0,0,0,1,0,0,0,1,0,1,1,1,0,1,0,1,1,0,0,0,0,0,1,0,0,1,1,0.600970
1,0,1,1,0,1,0,0,1,1,1,0,1,1,1,0,1,1,0,0,0,0,1,1,1,0,0,0,0,0,1,1,0.595082
0,1,0,0,0,1,1,1,0,1,1,1,1,0,1,0,0,0,1,0,0,0,0,0,0,0,0,0,0,0,0,1,0.595375
1,1,0,0,0,1,0,1,0,1,1,1,1,1,1,0,1,0,1,1,0,0,1,0,0,0,0,0,1,1,1,1,0.574089
1,0,0,1,0,0,1,0,1,0,1,0,1,1,1,1,0,0,0,1,0,0,0,0,0,0,0,1,0,0,1,0,0.590447
0,1,1,0,1,1,0,0,1,1,1,0,0,1,0,0,1,0,1,0,0,0,1,0,0,0,0,1,0,1,0,0,0.594603
0,1,0,0,1,0,0,1,0,0,0,1,1,0,0,0,1,1,1,0,0,0,0,1,0,1,1,1,0,0,1,0,0.586157
0,1,0,1,0,1,1,0,1,1,1,1,0,1,0,1,1,1,1,1,0,1,1,0,0,1,1,1,0,1,1,0,0.591352
1,1,1,1,1,1,1,0,0,1,1,0,0,0,0,1,0,1,1,1,0,1,1,0,1,1,1,1,0,0,1,1,0.603980
0,0,0,1,1,1,1,1,1,1,0,1,1,1,1,0,1,0,1,1,1,1,0,1,0,1,0,1,0,1,0,1,0.604247
0,1,0,1,0,1,1,0,0,1,0,1,0,1,0,0,1,0,1,1,1,0,0,0,0,1,0,1,0,1,0,1,0.609628
0,1,0,1,1,0,1,0,1,1,1,1,1,0,1,0,0,1,1,0,1,1,1,1,1,0,1,0,1,0,1,0,0.589168
0,0,1,0,0,0,0,1,1,0,0,0,1,1,1,0,1,0,0,0,0,1,0,1,1,0,1,1,1,0,1,1,0.591486
1,0,0,0,0,1,1,0,1,1,0,0,1,0,1,0,1,1,1,1,0,1,1,0,1,0,0,1,0,0,1,0,0.595162
0,0,0,1,0,0,1,1,1,0,1,1,0,0,0,0,0,1,0,1,1,1,0,1,0,0,0,1,1,0,1,0,0.597053
1,0,0,0,1,1,0,1,1,1,0,0,1,1,0,1,0,1,1,0,0,1,1,0,1,0,1,0,1,1,1,1,0.554215
1,1,0,1,1,1,1,1,1,1,0,1,0,1,1,0,0,1,1,0,0,1,0,1,1,0,1,1,1,0,0,1,0.591432
0,1,1,1,0,0,1,1,0,1,1,0,0,0,1,0,1,0,1,1,0,1,1,0,1,1,1,1,1,0,0,0,0.595562
0,1,1,0,0,1,0,0,0,1,1,1,0,0,1,0,1,0,1,0,0,0,0,0,1,1,0,0,1,0,1,1,0.596787
0,1,0,0,0,0,0,0,0,0,1,1,0,1,1,1,1,0,0,0,1,0,1,1,1,1,0,0,1,0,0,0,0.589301
0,0,1,0,1,0,0,1,1,1,1,1,1,1,0,1,1,1,0,1,1,0,1,0,0,1,1,1,1,0,0,0,0.589168
1,0,1,0,0,0,0,0,0,0,0,0,1,0,0,0,0,1,1,0,0,1,0,0,0,0,1,0,0,1,1,1,0.589328
0,0,1,1,1,1,1,0,1,1,1,0,1,0,0,1,0,0,1,1,0,1,0,0,0,0,1,0,0,1,1,1,0.620178
