1,1,1,1,0,0,0,1,0,0,1,0,1,0,1,1,0,0,0,0,0,1,0,0,1,0,1,1,0,0,1,0,0.691390
0,0,0,0,1,0,0,0,1,1,0,0,1,1,1,0,0,1,1,0,0,1,1,1,1,1,0,0,1,0,0,0,0.271792
0,0,0,1,0,1,1,0,1,1,0,1,1,0,1,0,0,0,0,0,1,1,0,1,1,1,1,0,0,0,1,0,0.302909
1,1,0,0,0,0,1,1,0,0,0,1,1,0,1,0,1,0,0,1,0,1,1,1,0,0,1,1,0,1,1,1,0.867008
1,0,0,1,1,1,0,0,0,1,0,0,1,0,1,1,1,0,0,0,1,1,1,1,1,0,0,1,1,0,0,0,0.874547
1,1,0,0,0,1,0,1,0,1,0,1,1,0,0,0,1,0,0,0,1,1,0,1,1,1,1,1,1,1,0,0,0.882513
1,1,0,0,1,0,0,0,0,1,0,0,0,1,1,1,0,1,1,0,0,0,1,0,0,1,0,1,0,1,1,1,0.866368
0,0,1,0,0,0,1,0,1,0,0,1,1,1,0,1,0,0,0,0,0,1,1,1,0,1,1,1,1,1,0,0,0.359122
0,0,0,0,1,1,0,1,0,1,1,1,1,1,0,0,0,0,1,1,1,1,1,1,1,1,0,0,0,0,0,1,0.762841
1,0,0,0,1,1,0,1,0,0,0,1,1,1,1,0,0,0,1,0,0,1,0,0,0,1,1,1,1,0,1,0,0.630328
1,0,1,1,0,1,0,0,1,1,0,1,1,1,0,1,0,0,1,0,0,1,1,1,1,0,1,0,1,1,0,0,0.803229
1,1,1,0,1,0,1,1,0,0,0,0,0,0,0,0,0,0,0,0,1,0,1,1,1,0,0,1,1,0,1,0,0.595668
1,0,0,1,1,0,1,1,1,1,0,0,0,0,1,0,0,1,0,0,1,1,0,1,1,0,1,0,0,1,1,1,0.900922
0,1,1,1,1,1,1,0,1,1,0,0,1,1,0,1,0,1,0,1,0,0,1,1,0,0,0,1,1,1,1,0,0.591565
0,1,1,0,0,1,0,1,0,1,1,1,1,0,1,1,0,1,1,1,1,1,1,0,0,1,1,0,1,0,0,1,0.784447
0,1,1,1,0,1,0,0,0,1,0,0,1,0,0,0,1,0,0,1,0,1,1,0,0,1,1,1,0,1,0,0,0.540361
0,0,0,1,0,0,0,1,1,1,0,0,1,1,0,0,1,0,0,0,1,1,0,1,0,1,1,0,1,1,0,0,0.477968
0,0,1,1,1,0,1,1,1,1,0,0,0,1,1,0,1,0,1,1,0,1,0,0,0,0,1,0,1,0,0,1,0.727701
0,1,0,0,1,1,1,1,1,1,1,0,1,0,1,0,1,0,0,1,0,0,0,1,1,0,0,0,1,1,0,1,0.825714
1,1,1,1,0,0,1,0,0,0,1,0,1,1,0,0,0,0,0,0,0,1,0,1,1,0,1,1,1,1,1,1,0.869539
1,0,0,0,1,1,0,1,0,1,1,0,0,0,0,0,0,1,1,1,0,1,1,1,0,0,0,1,1,1,1,1,0.858243
1,0,1,0,0,0,0,0,0,0,0,0,1,0,0,0,0,1,1,0,1,0,0,0,1,0,1,0,0,1,0,1,0.737932
0,0,0,0,0,1,0,1,0,1,1,1,1,1,1,0,0,0,0,1,0,0,1,0,0,1,0,1,1,1,0,0,0.116102
1,0,1,0,1,0,1,0,0,1,0,1,1,1,1,1,0,1,1,0,1,0,0,0,1,0,1,1,0,1,1,0,0.660592
0,0,0,0,0,1,0,1,1,1,0,1,0,0,1,1,0,1,0,1,0,1,0,1,0,1,1,0,1,0,1,0,0.338741
1,0,1,1,1,0,0,0,1,1,1,1,0,0,0,1,0,0,0,0,0,0,1,0,0,0,1,0,0,1,0,0,0.694826
0,0,0,1,1,1,0,0,0,1,0,0,1,0,0,1,0,0,0,0,0,0,1,1,1,0,0,0,0,1,1,0,0.421595
0,1,0,0,1,1,1,0,1,1,0,1,1,0,0,1,1,1,1,0,0,1,0,0,1,0,1,0,0,0,0,1,0.728767
1,0,0,1,0,1,1,1,1,0,0,1,1,0,0,0,0,0,1,1,0,0,1,1,1,1,1,1,1,1,1,0,0.799073
1,1,0,1,0,1,0,1,0,0,0,0,0,1,1,1,0,1,0,0,0,0,0,0,0,0,1,1,1,1,0,1,0.817109
0,1,1,1,0,1,1,1,0,0,0,0,1,1,0,0,1,0,0,0,1,0,1,0,1,1,0,1,0,0,1,1,0.675671
1,0,0,0,0,0,0,1,1,0,0,1,1,1,0,0,1,0,1,0,0,0,1,0,0,0,0,0,0,1,1,1,0.827579
0,1,0,1,0,1,1,0,0,0,0,0,1,1,0,1,1,0,0,0,1,0,1,1,1,1,0,0,0,0,1,0,0.522885
0,1,0,1,0,0,0,0,0,1,0,1,0,1,0,1,1,1,1,0,0,0,1,0,0,1,1,1,1,0,0,0,0.447570
0,1,1,0,0,1,1,1,0,1,0,0,0,1,1,1,0,0,1,1,0,1,1,1,0,0,1,1,1,0,0,1,0.828671
0,1,1,1,0,1,1,0,0,1,0,0,0,1,0,0,0,1,0,0,0,1,0,0,0,0,0,1,1,1,0,1,0.663123
1,1,0,1,0,0,0,1,1,1,0,1,1,1,0,1,1,1,0,0,0,1,1,1,1,1,0,1,0,0,1,1,0.874254
0,0,0,0,0,0,0,0,0,0,0,0,0,0,0,0,1,1,1,0,0,0,0,1,0,0,1,1,0,1,1,1,0.839194
1,1,1,1,0,0,0,0,1,1,0,1,1,0,0,1,1,0,1,1,0,0,0,1,1,1,0,1,0,1,1,1,0.918265
1,0,0,0,1,0,0,1,0,1,1,0,0,0,0,1,0,0,1,0,1,0,1,0,1,1,1,0,0,0,0,0,0.743819
1,0,1,0,1,1,0,1,0,1,1,0,1,1,0,1,0,0,1,0,1,0,1,1,0,0,0,0,1,1,1,0,0.733882
1,1,1,0,1,0,1,1,1,1,0,1,1,0,0,1,1,1,0,1,1,1,1,0,0,0,0,1,1,0,1,0,0.713901
1,0,0,1,1,1,1,1,1,0,0,1,0,0,1,1,1,0,0,0,1,0,1,1,0,0,1,0,1,1,0,1,0.910592
1,0,0,1,1,1,1,0,1,0,0,1,1,1,0,0,0,1,0,0,0,0,1,0,0,0,1,1,1,0,1,1,0.676710
0,1,0,0,0,0,0,1,1,0,0,0,0,1,1,0,0,1,0,1,1,1,1,0,0,1,1,0,0,1,1,1,0.835145
1,1,1,1,1,1,1,1,1,1,0,0,0,1,1,1,0,0,0,1,0,1,1,1,1,0,1,0,0,1,0,0,0.859388
0,0,0,0,1,1,1,1,0,1,1,0,1,1,0,0,1,0,1,1,0,0,1,1,1,1,1,0,0,0,1,1,0.830296
1,1,1,0,1,0,1,1,0,1,0,0,0,0,0,1,0,0,0,1,0,0,0,1,1,1,0,1,0,1,0,1,0.855286
1,1,1,0,1,0,0,1,0,1,1,1,0,0,0,0,0,0,0,1,0,1,0,1,0,0,1,0,0,0,1,1,0.810688
0,1,0,0,1,0,0,0,0,1,1,1,0,1,0,0,1,1,1,1,1,0,1,0,1,1,0,0,0,0,0,0,0.227089
1,0,1,1,1,1,0,1,0,0,1,1,1,0,0,0,0,0,1,0,0,0,1,0,0,1,1,0,0,0,0,1,0.669624
0,1,0,1,1,1,1,0,0,1,1,1,0,0,0,0,0,0,0,0,1,1,1,0,0,0,1,1,0,1,0,1,0.682571
1,0,1,0,1,1,1,0,0,0,1,0,1,0,0,1,1,1,1,0,1,1,1,1,1,1,0,0,1,1,1,1,0.983669
0,1,1,0,0,1,0,1,1,1,1,1,0,0,1,0,0,0,1,1,1,1,0,0,0,1,0,0,1,1,1,1,0.823077
0,1,0,0,1,1,0,0,0,1,0,1,1,1,0,0,0,0,1,0,1,1,1,0,0,0,1,0,0,1,1,0,0.487106
1,1,0,0,0,1,1,1,1,1,0,0,1,1,1,0,1,0,1,0,1,0,1,1,0,1,1,0,0,1,1,0,0.827605
1,1,1,0,1,0,0,0,0,1,0,1,1,0,0,1,1,1,1,0,0,0,0,1,1,0,1,1,0,0,1,0,0.686941
0,1,0,1,0,1,1,0,0,1,1,0,0,1,1,0,0,0,1,0,1,1,0,1,1,1,0,1,0,0,1,1,0.813939
0,1,0,0,0,0,0,1,1,0,1,1,0,1,1,1,0,0,1,0,1,0,0,1,1,0,1,1,0,0,1,1,0.858616
1,0,0,0,0,1,1,0,1,0,0,0,0,1,0,0,1,0,1,0,1,0,0,0,1,1,0,1,1,1,0,0,0.818095
0,0,1,1,1,0,0,1,0,1,0,1,0,0,0,0,1,1,1,1,1,0,1,0,1,0,1,0,0,0,1,1,0.738624
1,0,0,1,0,1,0,1,0,1,1,1,1,0,0,1,0,1,1,0,0,1,0,1,0,1,0,1,0,0,1,1,0.861653
0,1,0,0,1,1,0,1,0,0,1,1,0,0,1,0,1,1,1,0,0,1,0,1,1,1,0,0,1,0,1,0,0.613704
1,0,0,1,1,1,0,1,1,0,0,0,0,1,1,0,1,0,0,1,0,0,1,1,0,0,0,0,0,1,1,1,0.917972
0,0,0,0,0,1,0,1,1,0,0,1,1,1,0,0,1,0,0,0,1,1,0,1,1,0,0,0,0,0,0,1,0.759244
1,0,0,1,0,0,1,1,1,0,0,0,1,0,0,1,0,0,1,1,1,0,1,1,0,0,0,0,1,0,0,0,0.669038
0,0,1,1,0,1,1,1,0,1,0,1,0,1,0,0,0,1,0,1,1,0,0,0,1,1,0,1,1,0,0,0,0.232816
0,1,0,0,1,1,0,0,0,0,1,0,1,1,1,1,1,0,0,1,1,0,1,1,0,1,1,1,1,0,1,1,0.869219
1,0,0,0,1,0,0,1,0,1,0,1,0,0,0,1,1,0,1,1,1,1,1,1,0,1,0,0,0,1,0,1,0.902334
0,1,1,0,0,1,0,0,0,1,1,1,0,0,1,1,0,1,0,0,0,0,1,1,1,1,1,0,1,0,0,1,0.832827
1,0,1,1,1,1,1,1,1,1,1,1,0,0,0,0,0,1,0,0,1,1,0,0,1,1,1,1,1,0,1,1,0.716565
0,0,1,0,0,0,1,0,0,0,0,0,0,1,1,1,1,0,0,1,1,0,1,1,1,1,0,0,0,0,1,1,0.910726
0,1,1,0,1,1,0,1,1,1,0,1,0,0,1,1,0,1,0,0,1,1,0,1,1,1,1,0,0,1,1,1,0.979220
1,0,0,1,1,1,1,0,0,0,1,1,1,0,0,0,0,1,0,1,1,1,1,1,1,0,0,0,0,0,0,0,0.751732
0,0,0,0,0,0,1,1,0,0,1,1,1,0,1,1,1,0,1,0,0,0,1,0,1,0,0,0,0,0,0,0,0.190457
0,0,0,1,0,1,0,0,1,1,0,1,0,0,0,1,1,0,1,0,0,0,0,1,1,0,1,0,0,0,0,0,0.439471
1,0,1,1,1,1,1,0,0,1,0,0,1,1,1,0,0,0,0,1,0,1,0,1,0,1,1,0,0,1,0,1,0.834452
1,1,1,0,0,1,0,1,0,0,1,0,0,0,1,0,1,0,0,1,1,0,0,1,0,1,0,1,0,0,1,0,0.719922
1,0,1,1,0,1,0,0,0,0,0,1,1,1,1,1,0,0,1,1,0,0,0,0,1,0,1,1,0,0,1,0,0.649750
0,1,1,1,0,1,1,0,1,1,0,1,0,0,0,0,0,1,0,0,1,1,1,0,1,1,1,1,1,0,0,0,0.580909
1,1,0,0,0,0,1,1,0,1,1,1,0,1,0,1,1,0,0,1,1,1,0,1,1,1,1,1,1,1,0,0,0.799153
0,0,1,1,0,1,1,1,0,1,0,1,1,0,1,0,0,1,1,1,1,1,0,0,1,1,1,0,1,0,0,0,0.109362
1,1,0,0,1,0,1,0,0,1,0,0,0,0,0,1,0,1,1,1,1,1,1,0,0,0,1,1,1,1,0,1,0.830962
0,0,1,1,0,1,0,1,1,1,1,1,1,1,1,1,1,1,0,1,0,1,1,0,0,0,0,1,1,0,1,0,0.663923
1,1,1,0,0,1,0,0,0,1,1,0,0,0,0,0,1,1,1,0,0,0,0,1,1,1,1,1,1,0,1,1,0.747469
0,0,1,1,0,0,1,1,0,0,1,0,0,1,1,1,0,1,1,1,0,0,0,1,0,0,1,0,0,1,1,1,0.984575
0,1,1,0,0,1,1,1,0,1,1,0,1,1,0,0,0,1,1,0,0,1,0,0,1,1,0,1,1,1,0,0,0.598545
0,1,0,0,1,0,0,1,0,1,0,1,1,1,1,0,1,1,0,0,1,0,1,0,0,0,1,1,0,0,1,0,0.474798
0,1,1,1,0,1,0,0,1,1,1,0,1,0,0,1,0,1,1,1,0,1,1,1,1,0,0,1,1,0,1,1,0.867647
1,0,0,1,1,0,0,1,1,0,1,1,1,1,0,1,1,1,0,1,0,1,0,1,0,1,0,0,1,0,1,1,0.906863
1,0,0,1,1,0,1,1,1,0,1,0,0,0,1,1,1,1,1,0,1,0,1,1,0,1,0,1,0,1,0,0,0.693867
1,0,0,1,1,1,0,0,1,0,1,0,0,1,0,1,1,1,0,0,1,1,1,0,1,0,0,1,0,0,0,1,0.666933
0,0,1,0,0,1,1,0,1,0,1,0,1,1,0,0,0,0,0,0,0,1,1,0,1,1,1,0,1,0,0,0,0.121670
0,0,1,1,0,0,0,1,1,0,0,0,1,1,0,1,0,0,1,0,0,1,1,0,0,1,1,1,0,1,0,0,0.422981
0,1,1,0,0,0,0,1,1,0,0,0,0,0,1,1,0,0,1,1,1,0,1,0,0,1,0,1,0,1,0,1,0.811408
1,0,1,0,1,0,1,1,1,1,0,1,0,1,0,0,0,0,1,0,1,0,1,1,1,0,0,1,0,0,0,1,0.670556
1,0,1,0,0,0,1,0,1,1,0,1,0,1,1,0,1,1,0,0,0,0,1,0,0,1,1,0,0,0,0,1,0.682092
0,1,1,0,0,1,1,0,0,0,1,0,1,0,0,0,0,0,0,0,1,0,0,1,1,0,0,1,1,1,1,0,0.476662
1,0,0,1,0,0,0,0,0,0,0,0,0,0,0,0,0,1,1,1,1,1,0,0,1,1,1,1,1,1,0,1,0.735347
0,1,1,1,1,1,0,1,1,1,0,0,1,0,0,0,0,1,1,0,0,1,1,1,0,0,0,0,0,0,1,1,0.820119
1,1,1,1,0,1,0,0,0,1,1,0,1,0,1,0,0,0,0,0,0,1,1,0,1,1,0,1,0,1,0,0,0.745418
1,0,0,0,0,0,0,0,1,0,0,0,0,1,1,1,0,1,1,0,0,1,1,0,0,0,1,1,0,0,1,0,0.543265
0,1,1,1,1,1,0,0,0,0,1,0,0,1,0,0,1,0,1,1,0,0,0,1,1,1,1,1,0,0,1,1,0.824835
0,0,1,0,0,1,0,0,0,1,1,1,1,0,1,1,1,1,0,1,0,1,1,0,1,0,1,0,1,1,0,1,0.827899
0,0,1,1,1,1,0,1,0,1,1,0,0,1,1,1,0,0,1,0,1,1,0,0,0,0,0,1,0,0,0,0,0.294144
0,1,1,1,1,0,0,1,0,1,1,1,0,0,1,0,0,0,1,0,0,0,0,1,1,1,1,1,1,1,1,0,0.688033
0,1,1,0,1,1,0,1,1,1,1,0,1,1,0,1,1,1,1,0,1,1,0,0,1,0,1,1,1,1,0,1,0.780477
0,0,0,0,0,0,1,0,1,0,1,0,0,0,0,1,1,1,0,0,1,1,0,0,0,1,1,1,0,1,0,0,0.450527
1,0,0,1,1,1,0,1,0,0,1,1,1,1,0,1,1,0,1,1,1,1,0,0,1,0,1,0,1,1,1,0,0.801977
0,0,0,0,1,0,1,1,0,1,1,1,1,0,1,0,1,1,0,0,0,0,0,1,0,0,0,1,0,1,1,0,0.422022
1,0,0,1,1,0,1,0,0,0,1,0,0,1,1,1,0,0,0,0,1,0,0,0,0,0,0,1,0,1,0,1,0.774936
0,1,0,1,1,0,1,0,0,0,1,0,0,1,1,1,0,0,1,0,1,1,1,0,1,0,0,0,1,1,0,0,0.546462
0,0,0,1,0,1,1,0,0,0,1,1,1,1,0,1,1,1,1,1,0,0,0,0,0,1,0,1,0,1,1,1,0.865090
1,1,1,0,1,1,1,0,1,0,1,0,0,1,1,1,0,1,1,0,0,1,0,0,0,1,0,0,1,0,1,1,0.820679
0,1,0,1,0,1,1,0,0,1,0,1,0,1,1,1,0,1,1,1,0,1,1,0,0,1,1,1,1,0,1,0,0.465793
0,1,1,1,0,0,1,0,0,0,1,1,0,0,0,0,0,1,1,1,1,0,0,1,1,1,0,0,0,0,0,0,0.443947
1,1,1,0,1,1,0,0,0,1,1,1,0,0,0,1,1,0,0,0,0,1,0,1,1,1,0,1,1,0,0,0,0.811434
1,0,1,0,1,0,0,1,0,1,1,0,1,0,0,1,0,1,1,1,0,1,1,0,1,1,1,0,0,1,0,0,0.724345
0,0,0,1,0,0,0,0,1,0,1,0,1,0,1,1,0,1,1,0,1,0,1,0,1,1,1,1,1,1,1,1,0.868127
1,1,1,0,0,0,1,1,1,1,1,0,0,1,0,0,1,0,0,0,1,1,1,0,0,1,0,0,0,1,0,0,0.848039
0,0,0,0,0,1,1,1,0,0,0,1,1,1,0,0,0,1,0,0,0,0,0,1,1,1,0,1,1,0,1,1,0.820865
1,1,1,1,0,1,0,1,0,1,1,1,0,0,0,0,0,1,1,0,1,1,0,1,0,1,0,0,0,1,0,0,0.775762
0,0,1,1,0,1,0,1,0,1,1,0,0,0,1,1,0,0,1,1,1,0,0,1,0,0,0,0,1,1,0,1,0.900336
0,1,1,1,1,0,0,0,0,1,1,1,1,1,1,1,0,0,1,1,0,1,0,1,0,0,1,0,0,1,1,0,0.567109
0,0,0,1,1,1,1,0,1,0,1,1,0,0,0,0,1,1,0,0,1,0,1,0,1,0,0,0,1,1,1,1,0.819720
0,0,0,1,0,0,1,0,0,0,0,0,0,1,0,1,0,1,0,0,0,1,0,1,0,0,1,1,1,1,1,0,0.358562
1,0,0,0,0,1,1,0,1,1,1,1,1,1,0,1,1,1,0,0,1,0,0,1,0,1,1,1,0,0,1,0,0.692535
0,0,0,1,0,0,1,1,0,0,1,0,1,0,0,0,1,0,1,1,1,0,0,1,1,1,1,0,0,0,1,1,0.811461
