1,0,0,0,0,0,1,0,0,0,1,1,1,0,1,0,1,0,0,1,0,0,0,0,0,1,0,0,0,0,0,1,0.723359
0,0,0,0,0,0,0,0,0,0,0,1,1,0,0,1,1,0,0,0,0,1,0,1,0,1,0,0,1,1,1,0,0.725064
1,1,0,0,1,0,1,0,0,0,1,0,1,0,0,1,1,0,0,1,1,1,0,1,0,1,0,0,0,1,0,0,0.651828
0,1,0,0,1,0,0,1,0,0,1,0,1,1,0,1,0,0,0,0,1,0,0,1,1,0,1,1,0,1,1,0,0.646499
1,1,1,1,1,1,0,0,1,1,0,1,0,1,1,1,1,0,1,0,1,1,0,1,1,0,0,1,1,0,1,1,0.817802
1,1,0,0,1,1,0,0,0,1,0,0,1,0,0,1,0,1,1,0,0,0,0,0,0,0,1,1,0,0,1,1,0.619432
1,0,0,0,0,0,0,1,0,0,0,1,0,0,0,1,0,0,0,1,0,0,0,1,0,1,0,1,1,0,0,1,0.567668
1,1,1,0,1,0,1,1,0,0,1,0,1,0,1,0,1,1,1,0,1,1,0,1,0,0,1,1,0,0,0,1,0.627851
1,1,1,0,1,1,0,1,1,1,1,1,1,0,1,1,1,1,0,0,0,0,0,1,0,0,0,0,0,1,1,1,0.714008
1,1,1,0,0,1,1,1,0,1,1,0,0,1,0,1,1,1,0,1,1,1,0,1,0,1,1,0,1,0,1,0,0.595269
0,0,1,0,0,1,0,0,0,1,0,0,0,0,1,0,1,1,0,1,1,0,1,0,0,1,1,0,0,1,0,0,0.586877
0,0,1,0,0,1,1,1,1,0,1,1,0,1,1,0,1,0,1,1,0,1,1,1,0,1,1,1,0,0,1,0,0.585038
0,1,0,0,0,0,0,0,1,1,1,1,0,1,1,1,1,0,1,0,0,0,0,1,0,1,0,0,0,1,1,1,0.759324
1,0,0,1,1,0,0,0,1,0,1,1,1,1,0,1,0,1,0,0,1,0,0,0,1,1,0,1,1,0,0,0,0.763747
0,0,1,1,0,1,0,0,1,1,1,1,0,0,1,0,1,0,1,0,1,1,0,0,1,0,0,0,1,0,0,1,0.572917
1,1,1,0,1,0,0,0,0,1,0,1,0,0,0,1,0,1,0,0,0,0,0,0,0,0,1,1,1,0,0,1,0.630754
1,1,1,0,0,1,1,0,1,1,0,1,0,1,1,1,0,0,1,1,0,0,0,1,0,0,0,1,1,1,1,1,0.579630
0,0,1,1,0,0,0,0,1,0,1,0,0,1,0,1,1,1,0,1,0,0,1,1,1,0,0,1,0,0,0,0,0.709719
1,0,0,0,1,0,0,1,0,1,0,0,1,0,0,0,0,1,0,1,1,0,0,0,0,0,0,1,1,0,0,0,0.541187
1,1,1,1,0,0,0,0,1,1,1,1,1,1,1,0,0,0,0,0,0,0,1,0,0,0,1,1,0,0,1,1,0.861999
0,1,1,1,1,1,1,1,1,0,0,1,1,1,1,1,0,0,0,0,1,0,0,1,0,1,0,1,1,0,1,1,0.621776
1,0,0,1,1,1,0,1,1,1,0,0,1,0,1,1,1,1,1,0,0,0,0,1,0,1,0,0,0,1,1,0,0.594256
1,0,1,1,0,1,0,1,0,1,1,0,1,0,1,0,1,1,1,0,1,1,1,0,1,0,1,1,1,0,0,0,0.620444
0,0,0,0,1,1,1,0,0,1,1,1,0,0,0,0,0,1,0,1,0,1,0,0,0,1,1,0,0,1,0,0,0.519661
0,1,0,0,1,1,1,1,1,0,1,1,0,1,0,0,1,1,1,1,0,1,1,1,0,0,0,0,1,0,1,0,0.601103
1,0,1,0,0,1,0,0,0,0,1,0,0,1,0,0,1,1,1,1,0,0,1,1,1,0,1,1,1,0,0,1,0.658275
0,1,0,1,1,1,1,1,1,1,1,0,1,0,0,1,0,1,1,1,0,1,1,1,0,0,0,1,0,0,0,0,0.569000
0,1,1,0,1,0,1,0,0,0,0,0,0,1,0,0,1,0,1,0,0,0,0,0,0,1,0,0,1,0,1,0,0.615329
1,1,1,0,0,1,1,1,0,1,1,0,1,1,1,1,1,1,0,1,0,1,1,0,1,1,1,0,1,1,1,1,0.572517
0,1,0,0,0,1,1,0,0,0,1,1,1,1,1,1,0,1,1,1,1,1,1,1,1,1,0,1,1,0,1,1,0.581602
1,0,0,0,0,0,1,0,1,0,0,0,0,1,1,0,1,1,0,0,0,1,1,0,0,1,0,1,1,0,1,0,0.798780
0,0,0,0,1,1,0,1,1,1,0,0,1,1,0,1,0,1,0,0,0,0,1,1,1,0,1,0,0,0,0,1,0.618420
0,1,1,0,0,0,0,0,1,1,0,0,0,0,0,0,0,1,1,1,0,1,1,1,1,0,0,1,0,1,1,1,0.704204
1,1,0,0,0,1,0,0,0,0,1,0,0,1,1,1,0,0,0,1,1,0,1,1,1,0,0,0,1,1,0,1,0.593297
0,0,1,0,0,0,0,0,0,0,0,0,1,0,1,1,0,0,0,0,0,1,1,1,1,1,1,1,0,1,1,0,0.715127
0,1,0,1,0,0,1,0,1,0,0,1,1,1,0,0,1,0,0,0,0,0,0,0,0,1,1,0,1,1,1,1,0.558957
1,0,0,0,1,0,1,0,0,0,1,1,0,0,1,0,0,0,1,1,1,0,1,1,1,1,0,1,1,1,0,0,0.721840
1,1,1,0,0,0,0,0,0,0,0,1,0,0,0,1,0,1,0,1,1,1,1,1,1,0,0,1,0,1,0,0,0.764972
0,1,0,0,0,0,0,0,0,1,1,0,0,1,1,0,1,1,1,0,1,1,1,0,1,1,1,1,1,0,1,0,0.591565
0,0,1,1,0,1,0,1,0,0,0,0,1,0,0,1,0,1,0,0,1,0,1,0,0,0,0,0,0,1,1,1,0.629049
1,1,0,1,0,0,0,1,1,0,1,1,0,0,1,0,1,1,0,1,0,0,0,0,1,1,1,0,1,1,1,1,0.771606
1,0,1,1,0,1,0,0,0,1,1,0,1,1,1,0,0,1,0,1,1,0,1,1,1,0,1,1,0,0,1,1,0.694906
0,0,0,0,1,1,1,0,1,0,1,0,0,0,0,0,1,0,0,0,1,0,1,0,0,1,1,0,0,1,1,0,0.694160
1,1,1,0,0,1,0,1,1,0,1,0,0,0,0,0,1,1,0,0,1,1,0,0,0,0,1,1,0,1,1,1,0.590660
1,0,1,0,1,1,1,1,1,1,0,0,0,0,1,0,1,0,0,1,0,0,0,0,1,1,1,1,0,0,1,0,0.630488
0,0,1,0,0,0,0,1,1,1,1,0,0,1,1,1,0,1,1,1,1,1,1,0,1,0,0,0,0,1,1,0,0.615143
1,0,1,1,1,0,1,1,0,0,1,1,0,1,0,0,1,1,0,1,0,1,1,0,0,1,0,0,0,1,1,0,0.593057
1,0,0,1,0,0,1,1,1,1,1,0,0,0,1,1,0,1,1,1,0,0,1,0,0,1,1,1,0,0,0,0,0.754875
1,1,1,0,1,0,0,0,0,1,0,0,1,1,1,1,0,1,0,0,1,1,1,0,0,1,1,1,1,0,0,0,0.774803
0,0,1,1,0,1,0,0,0,0,1,0,0,0,1,0,1,0,1,0,1,1,0,0,0,0,1,1,0,1,1,1,0.625053
0,1,0,0,0,0,1,0,1,1,0,0,1,1,0,0,1,0,1,0,0,1,1,0,1,0,0,0,0,1,1,1,0.770274
1,1,0,1,1,0,0,0,0,0,1,1,1,0,0,0,1,1,1,1,0,0,0,0,0,1,0,0,0,1,1,0,0.731271
0,1,1,1,1,1,1,0,0,1,1,0,1,0,0,0,0,0,0,1,1,1,0,0,1,1,1,0,1,1,1,1,0.548007
1,1,1,0,0,1,0,0,1,0,1,0,0,0,0,0,0,1,1,1,0,1,0,1,1,0,0,1,0,0,1,1,0.614663
0,0,1,0,1,0,1,1,0,0,1,1,1,0,1,0,1,0,0,1,0,0,0,1,0,1,0,1,1,0,0,0,0.807039
1,1,1,1,1,0,1,1,0,0,1,0,1,1,1,1,0,1,0,0,0,0,0,1,1,1,1,1,1,1,1,0,0.716725
0,1,1,0,1,1,1,1,1,1,1,1,0,0,0,0,1,0,0,0,1,1,0,1,0,0,0,1,1,0,1,1,0.622789
0,0,0,1,0,1,1,1,0,0,1,1,0,0,0,1,0,1,0,0,1,1,0,0,1,0,1,1,1,1,1,1,0.531889
0,0,1,1,0,1,1,1,1,1,1,0,1,0,0,0,0,0,1,0,0,0,1,0,1,1,0,0,1,1,0,1,0.680920
1,1,1,0,0,0,0,1,0,0,0,1,0,0,1,0,0,1,0,0,0,0,1,0,0,0,1,0,1,1,0,1,0.584585
0,1,1,1,1,0,0,0,1,0,1,0,0,0,1,1,0,1,1,0,1,0,1,0,0,1,1,1,0,0,1,0,0.639679
0,1,1,0,0,1,1,0,0,0,1,0,1,0,1,0,0,0,1,0,1,1,0,1,1,1,1,1,1,0,1,1,0.602355
0,1,0,0,0,0,1,1,1,0,1,0,1,0,1,0,1,1,0,0,0,0,1,0,0,0,0,0,0,0,1,0,0.713582
0,1,1,1,0,0,0,1,1,0,0,1,0,0,0,1,0,0,1,0,0,0,1,1,0,0,0,1,0,0,1,1,0.578351
0,1,1,0,1,0,0,1,0,0,0,1,0,1,0,0,1,0,1,1,1,0,0,1,0,0,0,0,1,1,1,0,0.658914
1,0,0,1,1,1,0,1,0,0,0,0,0,0,1,0,1,0,0,1,1,0,0,0,0,0,1,1,1,1,1,1,0.558903
1,1,1,1,1,1,1,1,1,0,0,0,1,1,1,1,0,1,0,1,0,1,1,1,1,0,1,1,1,1,1,1,0.831175
0,0,0,1,1,1,0,0,1,1,0,1,0,1,1,1,0,0,0,1,0,1,0,0,1,0,0,0,1,1,0,0,0.784687
0,0,0,0,0,0,0,1,1,0,0,0,0,1,1,0,0,0,1,0,1,1,0,1,1,1,0,0,0,1,0,0,0.864317
1,1,0,1,0,0,0,1,1,0,1,1,0,1,0,1,1,1,0,1,1,0,1,0,0,0,1,0,0,1,1,0,0.720748
1,1,1,0,0,1,0,1,0,0,0,0,0,0,1,1,0,1,1,1,0,1,1,0,1,0,1,0,0,1,1,0,0.776375
0,1,0,1,1,0,1,0,0,0,1,1,1,0,1,1,1,0,1,1,0,0,1,0,0,1,1,1,0,1,1,1,0.767024
0,1,1,0,0,0,1,0,0,1,0,0,1,0,0,0,0,0,1,0,1,1,0,0,0,1,1,0,1,0,1,1,0.723439
0,1,0,1,0,1,0,1,1,0,0,1,1,0,1,1,1,0,1,0,0,1,0,0,1,1,0,0,0,1,1,1,0.778613
0,1,1,0,1,0,1,1,0,0,0,1,1,0,0,0,1,0,1,1,1,1,1,0,0,1,0,1,0,0,1,1,0.766358
1,1,0,0,0,1,1,1,1,1,1,0,1,1,0,0,0,1,1,0,0,0,0,0,0,1,1,0,0,0,1,0,0.760630
0,0,0,0,0,1,0,1,0,0,1,0,0,0,1,0,0,1,1,0,0,1,1,1,0,1,1,0,1,1,0,0,0.587329
1,1,1,1,1,1,0,1,0,0,1,1,0,1,0,1,0,1,1,1,1,1,1,1,0,0,1,1,0,0,0,1,0.557358
0,0,0,0,1,0,1,1,0,1,0,0,1,1,0,0,1,0,0,0,1,0,0,1,0,0,0,0,0,1,0,1,0.653906
1,0,0,0,1,0,0,1,0,1,1,1,0,0,1,0,0,0,0,0,0,0,0,0,0,1,0,0,1,1,1,1,0.764040
1,1,1,1,1,0,0,0,1,1,0,1,1,1,1,0,0,1,0,0,0,0,1,1,1,1,1,1,1,1,0,0,0.601023
1,1,1,0,0,0,1,1,1,0,0,1,1,0,1,1,1,0,0,0,1,1,1,1,1,0,0,1,0,1,1,0,0.752264
0,1,1,0,1,1,1,0,0,0,1,0,0,0,0,1,0,0,1,1,0,0,0,0,0,0,1,1,1,1,0,1,0.686967
0,1,1,1,1,1,0,1,0,0,1,1,1,1,1,0,0,1,0,0,0,0,1,1,0,1,1,0,1,0,1,1,0.731564
0,0,1,0,0,1,1,1,1,0,0,0,1,1,1,1,1,1,1,1,1,1,0,1,1,0,0,0,0,1,1,0,0.958387
0,0,1,0,0,1,0,0,1,1,0,1,1,1,0,1,0,1,0,1,1,0,0,1,0,0,0,1,0,0,0,0,0.606671
1,1,1,1,1,1,0,1,1,1,0,1,0,1,1,0,0,0,1,0,0,0,1,0,1,0,1,1,1,1,0,1,0.593910
1,1,0,0,1,1,0,1,1,0,1,0,1,1,1,1,1,0,1,1,1,0,1,0,0,1,0,0,0,1,0,1,0.630115
1,0,0,0,1,0,0,0,1,1,1,0,1,1,0,1,0,1,0,0,0,0,1,1,1,1,0,1,1,1,1,0,0.784181
1,1,1,1,0,0,1,0,1,1,0,0,1,1,1,0,1,0,0,0,1,0,0,1,0,0,1,1,1,0,0,0,0.574488
0,1,0,1,1,0,0,0,0,0,1,0,0,0,1,1,0,0,1,0,0,1,1,1,0,1,0,1,1,1,0,1,0.602408
1,1,1,1,1,1,1,1,0,1,0,1,0,0,0,1,1,0,0,0,1,1,0,1,1,1,0,1,0,0,1,0,0.761829
1,0,1,0,0,0,1,0,1,1,1,0,0,1,1,1,0,1,1,1,0,1,0,1,0,0,1,1,0,1,0,1,0.611013
1,0,0,1,1,1,0,1,0,0,1,1,1,1,1,1,0,1,0,1,0,0,1,1,0,1,1,1,1,1,0,0,0.641597
0,1,1,1,1,1,1,1,0,1,1,1,0,0,0,1,1,0,1,1,0,0,0,0,1,0,1,1,0,1,1,0,0.809463
1,0,1,1,1,0,0,1,1,1,1,0,1,1,0,1,0,0,1,0,1,1,1,1,0,0,1,1,1,0,0,1,0.631421
1,1,1,0,0,0,1,1,1,0,1,1,0,0,1,0,1,0,1,1,1,0,1,0,1,1,0,1,1,1,0,0,0.754342
0,1,1,1,0,0,0,1,0,0,1,0,0,1,1,1,1,0,0,1,0,1,1,0,1,1,0,1,1,1,1,0,0.599265
1,1,1,1,0,1,1,1,0,1,1,1,0,0,1,0,0,1,1,1,0,0,1,0,1,0,1,0,0,1,0,0,0.752531
1,1,0,1,0,0,0,1,1,0,0,0,1,1,1,1,0,0,1,1,0,0,0,1,0,0,1,0,1,0,0,0,0.623748
1,1,1,1,0,1,1,0,0,1,0,0,1,0,0,1,0,0,0,0,1,0,0,1,1,0,0,0,0,1,0,0,0.589221
0,1,1,0,0,0,1,0,1,1,0,1,1,0,1,1,1,1,0,0,0,1,0,1,0,0,0,0,1,0,1,0,0.683264
0,0,0,1,0,0,1,0,1,0,1,1,1,0,0,0,0,0,0,0,0,0,1,0,0,0,1,0,0,0,0,1,0.818388
0,0,1,1,1,0,0,0,0,0,0,1,1,0,0,1,1,0,0,0,1,0,0,1,0,1,1,1,0,0,1,0,0.604327
1,1,1,1,1,0,1,1,0,1,0,1,1,0,1,1,0,0,1,1,1,0,0,0,1,1,1,1,1,1,1,1,0.545849
1,1,1,1,1,1,1,0,0,0,0,1,0,0,1,1,1,1,0,1,0,1,0,0,1,0,1,0,0,0,0,1,0.750293
1,0,0,1,0,0,0,0,1,1,0,1,1,1,0,1,1,0,0,0,0,0,0,1,1,1,1,0,0,1,1,1,0.591379
0,1,0,1,1,1,1,0,1,0,0,0,1,0,1,1,1,0,0,0,1,1,1,1,1,1,0,1,0,1,0,0,0.870604
1,1,0,0,0,1,0,0,0,1,0,1,1,0,0,1,1,1,1,0,0,1,0,0,1,0,0,0,1,1,1,0,0.753570
1,1,1,1,0,1,0,0,1,1,0,1,1,0,0,1,0,1,0,1,1,0,0,0,1,0,1,0,1,0,0,1,0.594576
1,0,0,1,0,0,1,0,0,0,1,1,1,1,1,0,1,0,1,0,0,1,0,1,0,0,1,0,0,1,1,0,0.579071
1,0,0,0,0,1,0,1,0,0,1,1,0,0,0,0,0,1,0,0,1,1,1,1,0,1,1,1,0,1,0,1,0.593217
0,0,1,0,0,1,0,1,0,0,0,1,1,1,0,1,0,0,1,0,0,0,0,1,0,0,1,1,1,0,0,0,0.622442
1,1,1,1,1,0,0,0,1,0,1,0,0,1,0,0,0,1,1,1,0,1,1,0,1,0,1,1,1,0,1,1,0.654758
0,1,1,1,0,0,1,0,0,1,1,1,1,1,1,0,0,1,1,0,1,1,0,0,1,0,1,1,0,1,1,0,0.578325
0,1,0,0,0,1,1,1,1,1,0,0,1,0,0,0,1,0,0,1,1,1,0,1,1,0,0,0,1,1,1,1,0.843643
0,1,1,1,0,1,0,1,1,0,1,0,0,1,0,0,1,1,0,0,0,1,0,1,1,0,0,1,1,0,0,1,0.651535
0,0,1,1,1,0,0,0,0,1,1,1,0,1,1,0,0,0,1,0,1,0,0,1,0,1,1,1,1,0,0,0,0.714328
1,1,1,1,1,1,0,1,1,0,0,0,0,1,0,1,1,0,0,1,0,0,1,1,0,1,0,1,1,1,1,0,0.607763
0,1,1,1,0,0,1,1,0,1,0,1,0,0,0,1,0,0,0,0,0,0,1,1,0,0,0,1,0,0,0,1,0.537164
0,1,0,1,1,0,0,1,1,1,0,0,1,0,1,1,0,1,0,0,0,1,0,1,1,1,0,1,1,1,0,1,0.718564
0,1,0,0,1,1,1,1,1,0,1,0,0,1,0,0,0,0,1,0,1,0,0,1,1,0,0,0,0,1,0,0,0.719203
1,0,1,1,1,1,1,1,1,0,1,0,1,1,0,0,1,1,0,1,0,1,0,0,0,0,1,0,1,0,0,0,0.659260
0,1,0,0,1,1,1,0,1,0,1,1,1,1,0,0,1,0,0,1,0,1,0,0,1,0,0,1,0,0,0,1,0.605978
0,1,0,1,0,1,0,1,0,0,0,0,0,0,0,1,1,0,1,0,0,0,0,1,0,1,1,1,1,1,1,0,0.605712
0,1,0,1,0,0,1,1,1,0,0,1,0,1,0,0,1,1,0,1,0,1,1,1,1,1,0,1,0,1,1,0,0.761909
0,0,0,0,0,1,0,0,0,0,1,1,0,0,0,1,0,0,0,0,1,1,1,1,1,0,1,1,1,0,0,0,0.567775
1,1,1,0,0,0,0,0,1,1,1,1,0,0,0,0,1,1,0,1,0,0,1,0,1,1,0,1,0,1,1,0,0.784660
