0,1,0,1,1,1,1,1,1,1,1,1,0,0,1,0,1,1,1,0,1,1,0,1,0,0,1,0,1,1,0,0,0.614930
1,1,1,0,1,0,0,1,0,0,0,1,1,0,0,1,0,0,1,1,0,1,0,0,0,1,0,1,0,0,1,0,0.596387
0,1,0,1,0,0,0,1,0,1,0,0,1,0,1,1,0,1,1,1,0,1,1,1,1,1,0,0,0,0,1,0,0.691470
1,0,1,1,0,1,0,1,0,1,0,1,0,1,0,0,0,0,0,1,1,1,1,0,1,1,0,1,0,0,1,0,0.588715
0,0,0,0,1,1,0,0,1,0,1,1,0,0,1,0,1,1,1,1,1,0,1,1,0,1,1,0,0,1,0,0,0.630088
0,0,0,0,1,0,1,1,1,0,0,1,0,0,1,0,1,0,1,0,1,0,1,0,0,1,1,0,0,1,0,1,0.678415
0,1,0,1,0,1,1,1,0,1,0,1,1,1,0,1,0,0,0,1,1,1,0,1,1,0,1,1,1,0,0,1,0.744512
0,0,0,0,1,0,1,1,1,1,1,1,0,1,1,0,1,0,1,1,0,1,0,0,1,1,1,1,0,0,1,1,0.622123
0,1,0,1,0,0,1,1,1,1,0,1,1,0,0,1,1,1,1,0,1,0,1,1,0,0,1,0,1,1,0,0,0.548966
0,1,0,0,0,1,1,0,0,1,1,1,0,0,1,0,1,0,1,0,0,1,1,0,1,0,1,0,0,0,0,1,0.617780
0,1,1,0,1,1,1,1,0,1,1,1,1,0,1,1,1,0,0,0,1,0,0,0,1,1,1,0,1,0,1,0,0.615649
0,0,0,1,1,1,0,1,1,0,1,1,0,0,1,1,0,0,0,1,1,0,1,0,1,0,0,0,0,1,1,1,0.787937
0,1,1,0,1,0,0,1,1,0,0,1,1,0,0,1,0,1,0,1,1,1,0,1,0,0,1,1,0,0,1,1,0.593590
1,1,0,1,1,1,1,1,1,1,0,1,0,1,1,1,0,0,0,1,0,0,0,1,0,0,0,1,1,1,0,0,0.566256
0,0,0,0,0,1,0,1,0,0,1,1,1,0,0,1,0,0,0,1,1,0,0,1,0,0,1,0,1,1,0,0,0.855206
0,0,0,1,1,0,0,1,0,0,0,1,1,0,0,1,1,0,0,1,0,1,1,1,0,1,0,0,1,0,1,0,0.817082
1,1,0,0,1,0,0,1,1,1,1,1,1,1,0,1,0,1,1,1,1,0,0,1,1,1,0,1,0,1,0,1,0.452153
1,0,1,1,0,1,0,0,0,0,1,1,1,0,1,1,0,0,1,0,0,1,0,0,0,1,1,1,1,0,0,1,0.627211
1,1,0,0,1,1,0,0,0,0,1,0,1,1,1,0,1,0,0,0,0,0,1,1,0,0,1,1,0,0,0,1,0.656730
1,1,1,1,0,0,0,0,1,1,1,0,0,0,0,1,0,0,0,1,1,0,1,1,0,1,0,0,0,1,0,1,0.640958
1,0,0,0,1,1,0,1,1,0,0,0,0,0,1,1,1,0,1,1,0,0,1,0,1,1,1,1,0,1,0,0,0.588289
0,0,1,0,1,1,0,1,0,1,0,0,0,1,0,0,1,0,1,0,1,0,0,0,1,0,1,1,0,0,1,0,0.678415
1,1,0,1,1,1,1,1,0,0,0,0,0,1,0,1,0,0,0,0,1,1,1,1,0,1,1,0,1,1,0,0,0.802350
0,1,1,1,0,0,0,0,0,1,0,0,1,0,1,1,0,1,0,0,0,0,0,1,1,0,1,0,1,1,1,1,0.639599
0,1,0,0,1,1,1,1,1,0,1,0,0,1,1,0,1,1,0,0,1,0,0,1,0,1,1,0,0,1,0,0,0.617274
0,0,1,0,1,0,0,0,1,1,1,0,1,1,1,1,0,1,1,1,0,1,1,1,1,0,0,1,1,0,0,1,0.539882
0,0,0,1,1,0,0,0,1,0,0,1,1,1,0,1,0,0,1,0,0,1,0,0,0,1,1,1,1,0,0,0,0.734442
1,0,0,0,0,1,0,0,0,0,0,0,1,1,0,1,1,1,1,1,0,0,0,1,1,0,1,1,0,0,0,1,0.644848
1,1,1,1,1,1,1,0,0,0,0,1,0,0,1,1,0,1,0,0,0,1,0,0,1,0,0,1,0,1,1,0,0.583467
0,1,1,1,1,1,0,0,1,1,0,1,0,1,1,1,1,1,1,0,0,0,0,0,1,0,0,0,1,0,1,1,0.469975
0,0,0,0,1,1,0,1,1,1,0,0,0,1,0,0,1,1,0,0,0,1,1,0,0,0,0,0,1,0,0,0,0.672634
1,1,1,0,0,1,1,1,0,1,0,0,1,0,0,1,0,0,0,0,1,1,1,0,0,0,0,0,1,1,1,0,0.547155
1,0,1,0,0,1,0,0,0,0,1,1,0,0,0,0,1,0,1,1,1,1,1,0,1,1,0,0,1,1,0,0,0.639679
0,0,0,0,1,0,1,0,1,0,1,1,1,1,1,0,0,0,0,1,1,1,1,0,0,1,1,1,1,0,0,0,0.770567
0,0,0,1,1,0,0,0,1,0,0,0,0,0,1,0,0,1,0,1,1,0,1,0,1,0,0,1,0,1,0,1,0.766145
1,0,1,1,0,0,0,0,0,1,0,0,1,0,0,1,0,1,0,1,1,1,1,0,0,0,0,0,0,1,0,0,0.611360
0,1,1,1,1,1,0,1,0,0,1,1,1,0,1,0,0,0,1,1,0,0,1,1,0,0,0,0,1,0,0,0,0.626385
0,0,1,0,0,0,0,1,1,0,0,0,1,1,0,1,0,1,1,1,0,0,1,0,0,0,1,0,0,1,1,1,0.670050
0,1,1,0,1,0,1,0,1,1,1,0,1,0,0,1,0,1,1,0,1,1,1,1,1,1,1,0,1,1,0,1,0.466512
1,0,0,1,0,0,1,0,1,1,0,1,1,1,1,0,1,1,1,0,0,0,1,1,0,1,1,0,1,0,1,1,0.527334
1,1,0,0,1,0,1,0,1,1,1,0,0,1,0,0,0,1,0,1,1,1,1,1,1,1,1,0,0,0,1,0,0.675778
1,1,0,1,0,1,0,0,0,0,1,0,0,1,1,0,1,1,0,0,0,1,0,0,0,0,0,1,1,1,1,1,0.551391
0,0,0,0,1,0,1,1,1,1,0,0,0,0,0,1,1,0,1,1,0,1,0,1,1,1,0,1,1,1,0,0,0.609202
1,0,1,1,0,1,1,0,1,1,1,1,1,1,1,0,1,0,1,1,1,0,1,1,1,1,1,0,0,1,1,1,0.456895
0,0,0,0,0,1,0,0,1,1,0,0,1,0,1,1,1,1,1,0,0,0,1,0,0,0,0,0,1,0,0,0,0.655557
0,1,1,0,0,1,1,0,1,1,1,1,0,1,1,1,0,0,0,0,0,1,1,1,0,1,0,0,0,0,1,0,0.559809
1,1,1,0,0,0,1,0,1,1,0,1,0,0,1,0,0,1,0,0,1,0,0,1,1,0,0,0,0,1,1,1,0.601236
1,0,0,1,0,0,1,0,0,1,0,1,0,1,0,0,1,1,1,1,0,0,0,1,0,1,0,1,1,1,0,1,0.570146
0,1,0,1,1,0,0,1,1,1,1,0,1,0,1,0,1,1,1,0,1,0,0,0,1,1,1,0,0,0,0,1,0.606751
1,0,0,0,1,0,0,0,1,0,1,0,1,1,0,1,1,0,0,0,1,0,1,1,0,0,0,0,1,0,0,0,0.689738
0,0,0,0,0,0,0,1,0,0,1,1,1,0,1,0,0,1,0,0,0,1,1,1,0,0,0,0,0,1,0,1,0.771126
0,0,0,1,1,1,0,0,1,0,1,0,1,1,1,1,0,1,1,0,1,0,0,1,0,1,1,1,1,0,1,1,0.697251
1,1,1,1,0,0,0,1,1,0,1,0,1,0,0,1,1,1,1,1,1,1,1,0,1,0,0,1,1,1,0,1,0.548540
1,0,1,1,0,1,0,0,0,1,0,0,1,1,1,1,1,1,0,1,0,0,0,1,1,0,1,0,0,1,0,1,0.560022
0,0,1,1,1,1,1,1,1,0,1,0,1,1,0,0,1,0,1,1,1,0,1,0,1,1,0,1,0,0,0,0,0.595508
1,0,1,1,0,0,0,0,1,1,0,1,0,0,1,1,1,1,1,1,0,1,1,0,1,1,1,1,1,0,0,0,0.629742
1,0,0,0,0,1,0,1,0,0,1,0,1,0,1,0,1,1,0,0,0,1,0,1,0,0,1,0,1,1,1,1,0.563699
0,1,1,0,0,0,0,0,1,1,1,0,0,0,0,1,1,1,0,0,0,1,0,1,0,1,0,0,1,0,0,1,0.659127
0,0,0,1,1,0,0,1,0,0,0,1,1,0,1,1,0,1,1,0,0,1,0,0,1,0,1,1,0,1,1,1,0.803016
1,0,0,1,0,1,0,0,1,1,1,0,1,1,1,1,1,1,0,0,0,1,1,0,0,1,0,0,0,1,0,0,0.626492
1,0,0,0,0,0,0,0,1,1,0,0,0,1,1,0,0,0,1,0,1,1,1,1,0,1,1,0,1,0,1,0,0.693175
0,0,0,0,0,1,0,0,0,0,0,1,0,1,0,1,1,1,0,0,0,1,0,1,0,1,0,1,0,0,0,0,0.773071
0,1,0,0,0,1,1,0,0,0,1,1,1,1,0,1,0,1,0,1,1,0,1,0,0,1,0,0,1,1,0,0,0.706495
1,1,1,1,1,0,0,1,1,1,1,1,1,1,0,0,0,0,1,1,0,0,1,0,0,1,0,0,1,1,1,0,0.709532
1,1,1,1,0,0,1,1,0,0,1,0,1,0,0,1,1,0,0,0,1,1,1,0,0,1,0,0,1,0,1,1,0.387575
1,0,0,0,0,1,1,1,0,0,0,1,0,1,0,1,0,1,1,1,0,1,1,1,0,1,0,0,0,0,0,0,0.673673
1,1,1,1,1,0,0,0,1,0,0,1,1,0,0,1,1,0,1,1,1,0,0,1,1,0,0,1,0,0,1,0,0.676231
0,0,0,0,0,1,1,1,0,0,0,1,1,0,1,1,0,1,0,0,1,0,1,1,1,1,0,1,1,1,0,0,0.833387
0,0,1,0,1,0,1,0,0,0,0,1,0,0,0,0,1,0,1,0,0,1,0,1,1,0,0,1,1,0,0,1,0.664562
1,0,1,1,1,0,0,0,1,0,1,1,0,0,0,1,1,0,0,0,1,0,1,1,0,1,0,0,0,0,1,1,0.580003
1,0,0,0,0,1,1,1,0,1,1,0,1,1,1,1,0,0,1,1,1,0,1,1,0,0,1,1,1,1,0,1,0.578698
0,1,1,0,1,0,0,0,1,1,0,0,1,0,1,0,1,0,0,1,0,0,1,1,0,0,1,1,0,0,1,0,0.635177
1,1,0,1,1,0,1,1,0,1,0,1,0,0,0,1,1,0,1,0,0,0,1,0,1,1,1,0,1,1,0,1,0.565590
0,1,0,1,1,0,1,1,0,1,0,0,0,1,0,0,0,0,0,1,1,1,0,1,1,1,1,1,0,1,1,1,0.814205
0,0,1,0,1,0,1,1,0,0,0,1,1,0,1,0,1,0,0,0,0,0,1,1,0,0,0,0,1,0,0,1,0.690590
0,1,0,1,1,0,1,0,0,1,0,1,1,1,0,1,1,1,1,0,1,0,1,0,0,0,1,1,0,0,0,0,0.642477
1,0,1,1,1,1,0,1,1,1,0,0,0,0,0,0,1,0,1,1,0,0,0,0,0,1,1,1,1,0,1,0,0.581522
0,0,1,0,1,0,0,1,0,1,0,1,1,0,0,0,1,0,1,1,1,1,1,0,0,1,1,0,0,1,0,0,0.659154
1,1,1,0,0,0,0,0,1,0,1,0,0,0,1,1,1,1,1,0,1,0,1,1,1,0,0,1,0,0,1,0,0.621057
0,0,1,0,1,1,1,1,0,0,0,1,1,0,0,1,1,1,1,0,0,1,0,0,0,1,1,0,1,1,1,0,0.676471
1,1,1,1,1,0,0,1,0,0,0,1,1,1,1,0,1,0,1,0,0,1,0,0,0,1,1,1,1,1,0,0,0.631367
1,1,1,0,1,0,0,1,1,0,1,1,1,0,0,1,0,1,1,0,0,0,0,0,1,1,0,1,0,1,1,1,0.519102
1,0,1,0,0,1,1,1,1,0,0,1,0,0,1,1,0,0,0,0,1,1,1,1,1,0,0,1,0,0,1,1,0.545929
1,0,0,1,1,0,0,1,0,0,1,0,1,0,0,0,0,1,1,0,1,1,0,1,0,0,1,1,0,1,1,0,0.658914
1,1,1,1,1,1,0,0,1,1,0,0,1,0,0,1,0,0,1,1,1,1,0,1,0,1,1,1,0,0,0,0,0.608429
1,0,1,1,0,0,1,1,1,0,1,0,0,1,1,1,0,1,1,0,0,0,1,0,1,1,1,0,1,0,1,1,0.625133
0,0,1,1,0,0,1,0,0,0,1,0,1,1,0,0,0,1,1,0,0,0,0,1,1,0,1,0,0,0,0,1,0.677430
0,0,1,0,0,1,1,0,0,0,1,1,1,1,0,1,1,1,0,1,0,0,1,0,1,0,1,1,0,0,0,0,0.664482
1,1,1,1,0,0,0,1,1,0,0,0,1,0,1,1,1,0,0,0,1,0,1,0,0,1,1,0,0,0,1,1,0.532555
1,1,1,0,1,0,1,0,0,0,1,0,0,0,0,0,1,1,0,0,1,0,0,1,1,1,0,1,1,0,0,0,0.660832
0,0,0,0,0,1,0,0,1,0,0,0,0,0,0,0,0,1,1,0,0,0,0,0,0,1,0,1,0,1,1,0,0.751465
0,0,1,0,0,0,1,0,0,1,1,1,1,1,0,0,0,0,1,0,1,0,0,0,1,0,0,1,0,1,1,1,0.707934
1,0,1,1,0,1,0,0,1,0,0,0,0,1,1,0,0,1,0,0,1,0,1,0,0,0,1,0,0,0,1,1,0.632140
1,0,0,0,1,0,1,1,0,1,1,0,0,0,0,0,1,0,0,0,1,1,1,1,0,0,1,0,1,0,0,0,0.644634
0,0,0,0,0,1,0,1,0,0,1,0,1,0,1,0,1,0,1,0,0,1,1,1,0,0,0,1,1,0,0,0,0.724078
0,0,0,1,0,1,1,0,0,0,1,0,1,1,1,0,1,0,0,0,0,0,1,0,1,1,0,1,0,1,1,0,0.739210
0,0,1,0,0,0,1,0,0,1,1,1,1,0,1,0,0,0,1,1,1,1,1,0,0,1,0,1,0,0,0,1,0.670130
1,0,1,0,1,0,1,1,1,1,0,0,0,1,1,0,0,1,1,1,1,0,0,1,0,1,0,1,1,1,1,0,0.547554
1,1,1,0,0,1,0,1,0,0,1,1,0,1,0,1,1,0,0,0,1,1,0,1,1,1,1,1,0,1,1,1,0.419331
1,1,1,0,0,1,0,1,1,0,1,0,0,1,1,1,1,1,1,0,0,0,1,0,0,0,0,0,0,1,1,1,0.579684
0,0,1,1,1,0,1,0,1,1,1,1,0,0,0,1,0,1,0,0,1,0,0,1,1,0,1,1,1,1,0,1,0.546995
1,1,0,1,1,0,1,1,1,1,1,1,1,1,1,1,1,0,1,1,1,0,1,1,0,0,1,0,1,1,1,0,0.600410
0,1,1,0,1,1,0,1,1,1,0,1,0,0,1,1,1,1,1,1,0,0,0,0,0,0,0,0,1,0,0,0,0.651535
0,0,0,1,0,0,0,1,1,1,0,1,1,1,1,1,1,0,1,1,0,0,0,0,0,0,1,0,1,1,0,1,0.692802
1,0,0,0,1,0,1,0,1,1,0,1,0,1,1,0,1,0,1,0,0,0,1,0,0,0,0,0,0,0,1,0,0.696425
1,0,1,1,0,1,1,1,1,0,1,0,0,1,1,0,1,0,0,0,1,0,0,1,1,1,1,0,1,1,0,0,0.572704
0,0,0,0,0,1,1,0,1,1,0,1,1,0,0,0,1,1,1,0,1,1,0,0,0,1,1,1,0,0,0,0,0.625053
0,0,0,0,1,0,0,0,0,1,1,1,0,0,0,0,1,1,0,0,0,1,0,0,0,0,1,0,1,1,0,0,0.688353
1,0,0,1,1,1,0,1,1,0,1,0,0,0,1,1,0,1,1,1,1,0,1,0,1,1,0,0,1,1,1,0,0.574142
0,1,1,1,1,1,0,0,1,0,0,1,1,1,1,0,1,1,1,0,1,0,0,0,1,0,0,1,1,0,0,0,0.619459
0,0,0,1,0,1,0,0,0,1,0,0,1,1,1,1,1,1,0,1,1,1,0,0,0,0,1,1,0,0,0,1,0.745737
1,1,1,1,1,1,0,0,0,0,0,0,1,0,1,0,1,0,1,0,0,1,1,0,1,1,0,0,0,1,0,1,0.594176
1,0,1,0,0,0,1,0,1,1,0,0,0,1,0,1,1,1,0,1,0,0,1,0,0,1,0,1,0,1,1,0,0.592445
0,0,0,0,0,1,0,0,0,0,1,0,0,1,0,1,0,1,1,1,0,1,1,1,0,0,0,1,1,0,0,1,0.771366
0,1,0,0,1,0,1,0,0,0,0,0,0,0,0,0,0,0,1,0,1,1,0,0,0,0,0,1,1,1,0,1,0.817935
1,0,1,1,1,0,0,0,0,0,0,1,1,0,1,0,0,0,1,0,0,0,1,0,0,0,1,1,0,1,0,1,0.628996
1,1,1,0,1,0,0,1,0,0,1,0,1,0,1,0,0,1,0,1,1,1,1,1,1,0,0,0,1,1,0,0,0.608323
1,0,1,1,1,0,0,0,1,0,1,0,1,0,0,1,0,1,1,0,1,1,1,0,1,1,1,1,0,0,1,0,0.563299
1,1,1,0,0,1,0,1,1,1,1,0,0,1,0,1,1,1,1,1,0,1,0,0,1,0,0,0,0,1,1,0,0.620764
1,0,0,0,1,1,1,0,1,1,1,0,1,1,1,0,0,0,0,1,0,1,0,0,0,1,1,1,1,0,1,0,0.610454
1,0,1,0,1,0,0,0,1,0,1,1,0,1,0,1,0,1,0,1,1,0,0,1,1,0,0,1,0,0,1,0,0.621377
1,0,0,1,1,0,0,1,0,0,0,0,0,0,1,1,1,1,1,1,1,1,1,0,0,1,1,0,1,1,0,0,0.633392
1,1,1,0,0,1,1,0,1,0,1,1,0,0,0,0,0,0,0,1,0,1,1,0,0,1,0,1,1,1,1,1,0.496084
1,0,0,0,0,0,0,1,1,1,1,1,1,0,0,0,0,0,1,0,0,0,0,0,0,0,0,1,0,1,1,1,0.688432
1,1,0,1,1,0,1,0,0,0,0,1,1,1,0,0,1,1,1,0,0,1,1,1,1,0,1,0,0,1,0,0,0.599398
1,1,0,0,0,1,1,1,0,0,0,0,1,0,0,0,0,1,1,0,0,1,1,1,0,1,1,1,0,0,1,1,0.608269
1,0,0,0,1,0,1,0,1,0,1,0,1,0,0,0,0,1,0,1,0,1,1,0,0,0,0,1,1,1,1,0,0.648311
1,1,0,0,0,0,0,0,0,1,0,0,1,1,1,0,1,1,0,0,1,1,1,0,1,1,0,0,1,0,1,1,0.601289
