0,0,0,0,1,0,0,0,0,1,1,1,0,0,0,0,1,1,0,0,0,1,0,0,0,0,1,0,1,1,0,0,0.689844
1,1,1,0,0,1,0,1,0,0,1,1,0,1,0,1,1,0,0,0,1,1,0,1,1,1,1,1,0,1,1,1,0.416134
0,1,0,0,0,1,1,0,0,0,1,1,1,1,0,1,0,1,0,1,1,0,1,0,0,1,0,0,1,1,0,0,0.708227
0,0,1,0,1,0,0,0,1,1,1,0,1,1,1,1,0,1,1,1,0,1,1,1,1,0,0,1,1,0,0,1,0.543585
1,1,0,0,1,1,0,0,0,0,1,0,1,1,1,0,1,0,0,0,0,0,1,1,0,0,1,1,0,0,0,1,0.658648
0,0,1,0,0,0,1,0,0,1,1,1,1,1,0,0,0,0,1,0,1,0,0,0,1,0,0,1,0,1,1,1,0.707987
1,1,1,1,0,0,0,0,1,1,1,0,0,0,0,1,0,0,0,1,1,0,1,1,0,1,0,0,0,1,0,1,0.637601
0,1,0,1,1,0,0,1,1,1,1,0,1,0,1,0,1,1,1,0,1,0,0,0,1,1,1,0,0,0,0,1,0.610214
1,0,0,0,0,0,0,1,1,1,1,1,1,0,0,0,0,0,1,0,0,0,0,0,0,0,0,1,0,1,1,1,0.679508
0,0,0,1,1,0,0,1,0,0,0,1,1,0,1,1,0,1,1,0,0,1,0,0,1,0,1,1,0,1,1,1,0.800805
1,1,0,1,1,0,1,1,1,1,1,1,1,1,1,1,1,0,1,1,1,0,1,1,0,0,1,0,1,1,1,0,0.598705
0,1,1,1,0,0,0,0,0,1,0,0,1,0,1,1,0,1,0,0,0,0,0,1,1,0,1,0,1,1,1,1,0.645007
0,0,0,0,1,0,1,1,1,1,1,1,0,1,1,0,1,0,1,1,0,1,0,0,1,1,1,1,0,0,1,1,0.625613
0,1,1,0,1,1,0,1,1,1,0,1,0,0,1,1,1,1,1,1,0,0,0,0,0,0,0,0,1,0,0,0,0.658461
1,0,1,1,0,1,1,0,1,1,1,1,1,1,1,0,1,0,1,1,1,0,1,1,1,1,1,0,0,1,1,1,0.449915
1,0,0,1,1,0,0,1,0,0,1,0,1,0,0,0,0,1,1,0,1,1,0,1,0,0,1,1,0,1,1,0,0.658887
1,0,1,1,0,1,0,1,0,1,0,1,0,1,0,0,0,0,0,1,1,1,1,0,1,1,0,1,0,0,1,0,0.586957
0,1,1,1,1,1,0,0,1,0,0,1,1,1,1,0,1,1,1,0,1,0,0,0,1,0,0,1,1,0,0,0,0.622869
0,0,0,0,0,0,0,1,0,0,1,1,1,0,1,0,0,1,0,0,0,1,1,1,0,0,0,0,0,1,0,1,0.771046
1,0,1,1,0,0,0,0,0,1,0,0,1,0,0,1,0,1,0,1,1,1,1,0,0,0,0,0,0,1,0,0,0.605818
1,1,1,0,0,0,1,0,1,1,0,1,0,0,1,0,0,1,0,0,1,0,0,1,1,0,0,0,0,1,1,1,0.599238
0,1,0,0,1,0,1,0,0,0,0,0,0,0,0,0,0,0,1,0,1,1,0,0,0,0,0,1,1,1,0,1,0.817535
1,1,1,1,0,0,1,1,0,0,1,0,1,0,0,1,1,0,0,0,1,1,1,0,0,1,0,0,1,0,1,1,0.391278
0,0,1,0,0,0,0,1,1,0,0,0,1,1,0,1,0,1,1,1,0,0,1,0,0,0,1,0,0,1,1,1,0.675192
0,1,1,0,0,0,0,0,1,1,1,0,0,0,0,1,1,1,0,0,0,1,0,1,0,1,0,0,1,0,0,1,0.651908
1,0,1,0,0,1,1,1,1,0,0,1,0,0,1,1,0,0,0,0,1,1,1,1,1,0,0,1,0,0,1,1,0.549686
1,1,1,0,1,0,0,1,0,0,1,0,1,0,1,0,0,1,0,1,1,1,1,1,1,0,0,0,1,1,0,0,0.610081
1,0,1,1,0,0,0,0,1,1,0,1,0,0,1,1,1,1,1,1,0,1,1,0,1,1,1,1,1,0,0,0,0.631580
1,1,1,1,1,1,1,0,0,0,0,1,0,0,1,1,0,1,0,0,0,1,0,0,1,0,0,1,0,1,1,0,0.581788
1,0,1,1,0,1,0,0,1,0,0,0,0,1,1,0,0,1,0,0,1,0,1,0,0,0,1,0,0,0,1,1,0.633898
0,0,1,1,0,0,1,0,0,0,1,0,1,1,0,0,0,1,1,0,0,0,0,1,1,0,1,0,0,0,0,1,0.679241
0,1,1,0,0,1,1,0,1,1,1,1,0,1,1,1,0,0,0,0,0,1,1,1,0,1,0,0,0,0,1,0,0.556293
1,0,1,0,1,0,1,1,1,1,0,0,0,1,1,0,0,1,1,1,1,0,0,1,0,1,0,1,1,1,1,0,0.544038
1,1,1,1,1,1,0,0,0,0,0,0,1,0,1,0,1,0,1,0,0,1,1,0,1,1,0,0,0,1,0,1,0.594309
1,0,1,1,1,0,0,0,1,0,1,0,1,0,0,1,0,1,1,0,1,1,1,0,1,1,1,1,0,0,1,0,0.552456
1,0,1,1,0,0,1,1,1,0,1,0,0,1,1,1,0,1,1,0,0,0,1,0,1,1,1,0,1,0,1,1,0.621803
1,0,1,1,1,0,0,0,1,0,1,1,0,0,0,1,1,0,0,0,1,0,1,1,0,1,0,0,0,0,1,1,0.580136
1,0,0,0,0,0,0,0,1,1,0,0,0,1,1,0,0,0,1,0,1,1,1,1,0,1,1,0,1,0,1,0,0.698503
0,1,0,1,0,0,1,1,1,1,0,1,1,0,0,1,1,1,1,0,1,0,1,1,0,0,1,0,1,1,0,0,0.555866
1,0,1,1,0,1,0,0,0,1,0,0,1,1,1,1,1,1,0,1,0,0,0,1,1,0,1,0,0,1,0,1,0.561674
1,0,0,0,1,1,1,0,1,1,1,0,1,1,1,0,0,0,0,1,0,1,0,0,0,1,1,1,1,0,1,0,0.606937
0,0,0,1,1,0,0,0,1,0,0,0,0,0,1,0,0,1,0,1,1,0,1,0,1,0,0,1,0,1,0,1,0.769475
0,1,1,1,1,1,0,0,1,1,0,1,0,1,1,1,1,1,1,0,0,0,0,0,1,0,0,0,1,0,1,1,0.473199
0,0,0,1,0,1,0,0,0,1,0,0,1,1,1,1,1,1,0,1,1,1,0,0,0,0,1,1,0,0,0,1,0.738491
0,0,0,0,0,1,1,0,1,1,0,1,1,0,0,0,1,1,1,0,1,1,0,0,0,1,1,1,0,0,0,0,0.626758
0,0,0,0,1,0,1,1,1,0,0,1,0,0,1,0,1,0,1,0,1,0,1,0,0,1,1,0,0,1,0,1,0.678256
1,1,1,1,0,0,0,1,1,0,0,0,1,0,1,1,1,0,0,0,1,0,1,0,0,1,1,0,0,0,1,1,0.534260
0,0,1,1,1,0,1,0,1,1,1,1,0,0,0,1,0,1,0,0,1,0,0,1,1,0,1,1,1,1,0,1,0.554241
0,0,1,0,0,1,1,0,0,0,1,1,1,1,0,1,1,1,0,1,0,0,1,0,1,0,1,1,0,0,0,0,0.662697
0,0,1,0,0,0,1,0,0,1,1,1,1,0,1,0,0,0,1,1,1,1,1,0,0,1,0,1,0,0,0,1,0.673833
0,1,0,1,0,1,1,1,0,1,0,1,1,1,0,1,0,0,0,1,1,1,0,1,1,0,1,1,1,0,0,1,0.744192
0,0,1,0,1,0,1,1,0,0,0,1,1,0,1,0,1,0,0,0,0,0,1,1,0,0,0,0,1,0,0,1,0.688646
0,0,1,0,1,1,0,1,0,1,0,0,0,1,0,0,1,0,1,0,1,0,0,0,1,0,1,1,0,0,1,0,0.680067
0,1,0,0,0,1,1,0,0,1,1,1,0,0,1,0,1,0,1,0,0,1,1,0,1,0,1,0,0,0,0,1,0.619539
0,0,0,0,0,1,0,1,0,0,1,0,1,0,1,0,1,0,1,0,0,1,1,1,0,0,0,1,1,0,0,0,0.722267
1,1,1,1,1,1,0,0,1,1,0,0,1,0,0,1,0,0,1,1,1,1,0,1,0,1,1,1,0,0,0,0,0.613784
0,0,1,0,1,0,0,1,0,1,0,1,1,0,0,0,1,0,1,1,1,1,1,0,0,1,1,0,0,1,0,0,0.657236
0,1,1,1,1,1,0,1,0,0,1,1,1,0,1,0,0,0,1,1,0,0,1,1,0,0,0,0,1,0,0,0,0.615596
0,0,1,1,1,1,1,1,1,0,1,0,1,1,0,0,1,0,1,1,1,0,1,0,1,1,0,1,0,0,0,0,0.590207
1,1,0,1,1,0,1,1,0,1,0,1,0,0,0,1,1,0,1,0,0,0,1,0,1,1,1,0,1,1,0,1,0.560422
1,0,1,1,0,1,0,0,0,0,1,1,1,0,1,1,0,0,1,0,0,1,0,0,0,1,1,1,1,0,0,1,0.623934
0,0,0,0,0,1,1,1,0,0,0,1,1,0,1,1,0,1,0,0,1,0,1,1,1,1,0,1,1,1,0,0,0.840447
0,0,0,1,1,0,0,1,0,0,0,1,1,0,0,1,1,0,0,1,0,1,1,1,0,1,0,0,1,0,1,0,0.811408
1,1,0,0,0,1,1,1,0,0,0,0,1,0,0,0,0,1,1,0,0,1,1,1,0,1,1,1,0,0,1,1,0.599584
1,1,0,0,1,0,0,1,1,1,1,1,1,1,0,1,0,1,1,1,1,0,0,1,1,1,0,1,0,1,0,1,0.452206
1,0,0,0,1,0,0,0,1,0,1,0,1,1,0,1,1,0,0,0,1,0,1,1,0,0,0,0,1,0,0,0,0.688033
1,0,1,0,0,0,1,0,1,1,0,0,0,1,0,1,1,1,0,1,0,0,1,0,0,1,0,1,0,1,1,0,0.590473
1,0,1,0,1,0,0,0,1,0,1,1,0,1,0,1,0,1,0,1,1,0,0,1,1,0,0,1,0,0,1,0,0.621190
1,1,1,1,1,0,0,0,1,0,0,1,1,0,0,1,1,0,1,1,1,0,0,1,1,0,0,1,0,0,1,0,0.676231
0,0,0,1,1,1,0,1,1,0,1,1,0,0,1,1,0,0,0,1,1,0,1,0,1,0,0,0,0,1,1,1,0.793132
1,0,0,1,1,1,0,1,1,0,1,0,0,0,1,1,0,1,1,1,1,0,1,0,1,1,0,0,1,1,1,0,0.573876
1,1,1,0,0,1,0,1,1,0,1,0,0,1,1,1,1,1,1,0,0,0,1,0,0,0,0,0,0,1,1,1,0.584985
0,0,0,1,0,0,0,1,1,1,0,1,1,1,1,1,1,0,1,1,0,0,0,0,0,0,1,0,1,1,0,1,0.696425
0,0,0,0,1,0,1,0,1,0,1,1,1,1,1,0,0,0,0,1,1,1,1,0,0,1,1,1,1,0,0,0,0.770247
1,0,1,0,0,1,0,0,0,0,1,1,0,0,0,0,1,0,1,1,1,1,1,0,1,1,0,0,1,1,0,0,0.634218
0,0,0,0,0,1,0,1,0,0,1,1,1,0,0,1,0,0,0,1,1,0,0,1,0,0,1,0,1,1,0,0,0.856777
0,1,0,1,1,0,1,1,0,1,0,0,0,1,0,0,0,0,0,1,1,1,0,1,1,1,1,1,0,1,1,1,0.810102
1,0,0,0,0,1,0,0,0,0,0,0,1,1,0,1,1,1,1,1,0,0,0,1,1,0,1,1,0,0,0,1,0.643063
1,0,0,0,1,0,1,0,1,1,0,1,0,1,1,0,1,0,1,0,0,0,1,0,0,0,0,0,0,0,1,0,0.696265
1,1,0,1,1,1,1,1,0,0,0,0,0,1,0,1,0,0,0,0,1,1,1,1,0,1,1,0,1,1,0,0,0.800378
0,0,0,0,0,1,0,0,0,0,1,0,0,1,0,1,0,1,1,1,0,1,1,1,0,0,0,1,1,0,0,1,0.774750
1,0,0,0,1,1,0,1,1,0,0,0,0,0,1,1,1,0,1,1,0,0,1,0,1,1,1,1,0,1,0,0,0.586477
1,0,0,0,1,0,1,0,1,0,1,0,1,0,0,0,0,1,0,1,0,1,1,0,0,0,0,1,1,1,1,0,0.646419
0,0,1,0,1,1,1,1,0,0,0,1,1,0,0,1,1,1,1,0,0,1,0,0,0,1,1,0,1,1,1,0,0.674499
0,1,1,0,1,1,1,1,0,1,1,1,1,0,1,1,1,0,0,0,1,0,0,0,1,1,1,0,1,0,1,0,0.620871
0,1,1,0,1,0,0,1,1,0,0,1,1,0,0,1,0,1,0,1,1,1,0,1,0,0,1,1,0,0,1,1,0.591885
0,0,0,0,0,1,0,0,0,0,0,1,0,1,0,1,1,1,0,0,0,1,0,1,0,1,0,1,0,0,0,0,0.771233
1,0,0,1,0,0,1,0,0,1,0,1,0,1,0,0,1,1,1,1,0,0,0,1,0,1,0,1,1,1,0,1,0.563246
1,0,0,0,0,1,0,1,0,0,1,0,1,0,1,0,1,1,0,0,0,1,0,1,0,0,1,0,1,1,1,1,0.563646
0,0,0,0,1,0,1,1,1,1,0,0,0,0,0,1,1,0,1,1,0,1,0,1,1,1,0,1,1,1,0,0,0.603660
0,0,0,1,0,1,1,0,0,0,1,0,1,1,1,0,1,0,0,0,0,0,1,0,1,1,0,1,0,1,1,0,0.726636
0,1,0,1,1,1,1,1,1,1,1,1,0,0,1,0,1,1,1,0,1,1,0,1,0,0,1,0,1,1,0,0,0.612985
1,1,1,1,1,0,0,1,0,0,0,1,1,1,1,0,1,0,1,0,0,1,0,0,0,1,1,1,1,1,0,0,0.624014
1,0,0,0,0,1,1,1,0,1,1,0,1,1,1,1,0,0,1,1,1,0,1,1,0,0,1,1,1,1,0,1,0.584133
1,0,0,1,0,1,0,0,1,1,1,0,1,1,1,1,1,1,0,0,0,1,1,0,0,1,0,0,0,1,0,0,0.627957
0,0,1,0,1,0,1,0,0,0,0,1,0,0,0,0,1,0,1,0,0,1,0,1,1,0,0,1,1,0,0,1,0.664349
1,1,0,1,0,1,0,0,0,0,1,0,0,1,1,0,1,1,0,0,0,1,0,0,0,0,0,1,1,1,1,1,0.553149
1,1,0,1,1,0,1,0,0,0,0,1,1,1,0,0,1,1,1,0,0,1,1,1,1,0,1,0,0,1,0,0,0.602755
1,0,0,1,1,0,0,1,0,0,0,0,0,0,1,1,1,1,1,1,1,1,1,0,0,1,1,0,1,1,0,0,0.629636
1,1,1,0,0,0,0,0,1,0,1,0,0,0,1,1,1,1,1,0,1,0,1,1,1,0,0,1,0,0,1,0,0.633392
0,1,0,1,1,0,1,0,0,1,0,1,1,1,0,1,1,1,1,0,1,0,1,0,0,0,1,1,0,0,0,0,0.649297
0,1,0,0,1,1,1,1,1,0,1,0,0,1,1,0,1,1,0,0,1,0,0,1,0,1,1,0,0,1,0,0,0.620711
0,0,0,0,0,1,0,0,1,0,0,0,0,0,0,0,0,1,1,0,0,0,0,0,0,1,0,1,0,1,1,0,0.749654
1,0,0,0,1,0,1,1,0,1,1,0,0,0,0,0,1,0,0,0,1,1,1,1,0,0,1,0,1,0,0,0,0.649883
1,1,1,0,0,1,1,1,0,1,0,0,1,0,0,1,0,0,0,0,1,1,1,0,0,0,0,0,1,1,1,0,0.554268
1,0,1,1,1,0,0,0,0,0,0,1,1,0,1,0,0,0,1,0,0,0,1,0,0,0,1,1,0,1,0,1,0.632539
1,1,1,1,1,0,0,1,1,1,1,1,1,1,0,0,0,0,1,1,0,0,1,0,0,1,0,0,1,1,1,0,0.705616
0,1,0,1,0,0,0,1,0,1,0,0,1,0,1,1,0,1,1,1,0,1,1,1,1,1,0,0,0,0,1,0,0.687580
0,1,1,0,1,0,0,0,1,1,0,0,1,0,1,0,1,0,0,1,0,0,1,1,0,0,1,1,0,0,1,0,0.634990
1,0,1,1,0,1,1,1,1,0,1,0,0,1,1,0,1,0,0,0,1,0,0,1,1,1,1,0,1,1,0,0,0.567722
1,1,0,1,1,1,1,1,1,1,0,1,0,1,1,1,0,0,0,1,0,0,0,1,0,0,0,1,1,1,0,0,0.559303
1,1,1,0,1,0,0,1,0,0,0,1,1,0,0,1,0,0,1,1,0,1,0,0,0,1,0,1,0,0,1,0,0.608722
0,0,0,0,1,1,0,1,1,1,0,0,0,1,0,0,1,1,0,0,0,1,1,0,0,0,0,0,1,0,0,0,0.670503
1,1,0,0,0,0,0,0,0,1,0,0,1,1,1,0,1,1,0,0,1,1,1,0,1,1,0,0,1,0,1,1,0.594309
1,1,1,0,0,1,1,0,1,0,1,1,0,0,0,0,0,0,0,1,0,1,1,0,0,1,0,1,1,1,1,1,0.503197
1,1,1,0,0,1,0,1,1,1,1,0,0,1,0,1,1,1,1,1,0,1,0,0,1,0,0,0,0,1,1,0,0.620817
1,1,1,1,0,0,0,1,1,0,1,0,1,0,0,1,1,1,1,1,1,1,1,0,1,0,0,1,1,1,0,1,0.550245
0,1,1,0,1,0,1,0,1,1,1,0,1,0,0,1,0,1,1,0,1,1,1,1,1,1,1,0,1,1,0,1,0.473759
1,0,1,1,1,1,0,1,1,1,0,0,0,0,0,0,1,0,1,1,0,0,0,0,0,1,1,1,1,0,1,0,0.585118
1,1,1,0,1,0,0,1,1,0,1,1,1,0,0,1,0,1,1,0,0,0,0,0,1,1,0,1,0,1,1,1,0.524590
1,1,1,0,1,0,1,0,0,0,1,0,0,0,0,0,1,1,0,0,1,0,0,1,1,1,0,1,1,0,0,0,0.658887
1,0,0,1,0,0,1,0,1,1,0,1,1,1,1,0,1,1,1,0,0,0,1,1,0,1,1,0,1,0,1,1,0.523684
0,0,0,0,1,1,0,0,1,0,1,1,0,0,1,0,1,1,1,1,1,0,1,1,0,1,1,0,0,1,0,0,0.633632
0,0,0,0,0,1,0,0,1,1,0,0,1,0,1,1,1,1,1,0,0,0,1,0,0,0,0,0,1,0,0,0,0.651908
0,0,0,1,1,0,0,0,1,0,0,1,1,1,0,1,0,0,1,0,0,1,0,0,0,1,1,1,1,0,0,0,0.730792
1,1,0,0,1,0,1,0,1,1,1,0,0,1,0,0,0,1,0,1,1,1,1,1,1,1,1,0,0,0,1,0,0.670157
1,0,0,0,0,1,1,1,0,0,0,1,0,1,0,1,0,1,1,1,0,1,1,1,0,1,0,0,0,0,0,0,0.671649
0,0,0,1,1,1,0,0,1,0,1,0,1,1,1,1,0,1,1,0,1,0,0,1,0,1,1,1,1,0,1,1,0.704364
