1,1,0,0,1,0,0,1,1,1,0,1,0,0,0,0,0,1,0,1,1,1,0,0,0,0,1,1,1,0,1,1,0.597613
1,1,1,1,0,1,0,0,0,1,0,1,0,1,1,1,1,1,1,0,1,1,1,0,1,1,1,0,1,0,1,0,0.597000
0,1,0,0,0,0,0,1,1,1,1,0,1,1,0,0,0,0,1,1,1,0,1,0,1,0,0,0,0,0,0,1,0.598306
1,0,1,0,0,1,1,0,0,0,1,1,1,1,0,1,1,1,1,1,0,0,0,0,1,0,1,1,1,1,0,1,0.593910
0,0,1,0,1,0,1,1,1,0,1,0,0,0,1,1,0,0,1,0,0,0,1,0,0,0,1,1,1,1,1,0,0.578565
0,1,1,1,0,1,1,0,1,1,0,0,0,1,1,0,0,1,0,0,1,0,0,0,0,1,1,0,0,1,0,1,0.592897
0,0,0,1,1,1,1,0,1,0,1,1,1,0,0,0,0,0,0,1,1,1,0,0,1,0,1,0,0,1,1,1,0.592791
0,0,1,0,0,0,0,1,0,0,1,1,1,0,1,0,1,1,1,0,1,0,0,0,1,1,1,0,1,1,0,1,0.596068
1,0,1,1,0,0,0,0,0,0,0,0,1,0,1,0,1,0,1,0,0,1,0,0,0,0,0,1,0,0,1,1,0.605552
1,1,1,1,0,0,0,0,0,0,1,1,1,1,0,0,0,0,1,0,1,0,1,0,0,0,0,1,1,1,1,0,0.596387
0,0,0,1,0,1,1,0,1,1,0,0,0,0,0,0,1,0,0,1,1,1,1,1,0,0,0,0,1,1,0,0,0.561354
1,1,0,0,1,0,0,1,1,0,0,1,1,1,1,1,1,1,0,0,1,0,1,1,0,1,1,0,0,0,0,1,0.593430
0,1,0,0,0,1,0,1,0,1,1,0,1,1,0,1,1,0,0,1,0,1,1,0,0,0,0,0,1,1,0,0,0.570039
0,1,0,1,0,0,1,1,1,0,0,0,0,1,1,0,0,0,0,1,0,1,1,1,0,0,0,0,0,1,1,1,0.587010
1,0,0,0,1,1,0,1,0,0,1,0,0,1,0,0,1,0,0,1,1,1,1,1,0,0,1,0,1,1,1,0,0.581149
1,1,1,0,0,1,1,0,0,1,0,0,0,0,1,1,0,1,1,0,0,1,0,0,0,1,1,0,0,1,1,1,0.606511
0,0,1,1,0,0,1,0,1,0,1,1,0,0,0,0,0,0,1,0,1,0,0,0,0,0,0,0,1,1,0,1,0.594709
0,1,0,0,0,0,0,1,1,0,1,0,1,0,1,0,1,1,1,1,0,0,1,1,1,1,0,1,1,1,1,0,0.596361
1,1,1,0,0,1,0,1,1,1,1,0,1,1,0,0,1,0,1,0,0,0,0,1,0,1,1,0,1,1,1,0,0.597933
0,1,1,1,0,1,1,1,0,0,1,1,1,1,1,0,0,0,0,0,0,1,1,1,0,1,1,0,1,1,1,1,0.575794
0,1,0,0,0,0,1,0,1,1,1,0,1,0,1,0,1,0,1,0,1,0,0,0,0,1,0,1,1,1,0,1,0.592072
0,0,1,1,0,0,1,0,1,0,1,0,1,0,0,1,1,0,0,0,1,1,0,1,0,1,1,1,1,1,1,1,0.580003
1,1,0,1,1,1,0,1,0,1,1,0,1,1,1,1,0,0,0,1,0,0,1,0,0,1,1,0,0,0,0,1,0.597640
0,1,1,1,1,0,1,0,1,0,1,0,0,0,1,1,0,0,0,1,0,0,1,1,1,0,0,1,1,0,1,0,0.596521
0,1,1,1,1,0,0,1,1,0,1,1,1,0,0,0,0,0,0,0,1,1,0,0,0,1,0,0,0,1,0,0,0.587996
0,1,1,0,0,0,1,0,1,1,0,1,1,1,0,0,1,0,0,0,1,1,0,0,1,1,1,0,0,0,1,1,0.597826
1,1,0,1,1,1,1,0,0,1,1,0,1,1,0,1,0,0,0,1,0,1,1,0,1,0,0,0,0,1,1,0,0.581095
0,1,1,1,0,1,0,1,1,1,0,0,1,1,0,1,0,1,0,0,0,0,0,1,1,0,1,1,1,0,1,1,0.583227
0,0,0,1,1,1,0,0,0,0,1,1,0,1,0,0,0,1,0,0,0,0,0,1,0,0,0,1,0,1,1,1,0.556026
0,0,0,0,1,1,1,1,1,0,0,1,1,0,0,0,0,0,1,0,1,1,0,1,1,1,1,0,0,0,0,1,0.587383
1,0,0,0,0,1,1,0,1,1,1,0,0,0,1,1,1,1,1,0,1,0,1,0,0,0,1,0,0,0,1,0,0.593111
1,0,1,1,0,0,0,1,1,1,1,1,0,0,0,1,0,1,0,0,0,0,1,1,1,0,1,1,1,1,1,0,0.595881
1,0,1,0,1,1,0,1,1,1,1,0,0,0,0,0,0,1,0,0,0,1,1,1,1,1,1,1,0,1,1,0,0.590979
0,1,1,0,1,1,1,0,1,0,0,1,1,1,1,1,1,1,1,1,1,1,0,0,0,1,1,0,1,0,1,0,0.594656
1,1,0,0,0,0,1,0,0,1,1,0,0,1,1,0,0,0,0,1,1,0,1,1,1,1,0,0,0,1,0,1,0.602542
1,0,1,1,0,1,1,0,0,1,1,0,0,0,0,1,0,1,0,1,0,1,0,0,1,1,1,1,0,1,0,0,0.576966
1,0,1,1,0,1,1,1,1,1,0,0,0,1,0,1,0,0,0,0,1,1,0,0,1,0,1,0,1,1,1,0,0.588342
1,1,0,0,1,1,0,0,0,0,1,0,1,0,0,0,1,0,1,1,1,1,0,1,1,0,1,1,1,1,0,1,0.604806
1,0,0,0,1,0,0,1,0,0,1,1,0,0,0,0,1,0,1,0,0,1,0,1,1,1,0,0,1,0,1,0,0.592338
1,0,1,1,1,0,0,0,0,0,1,1,0,1,1,0,1,1,1,0,0,1,1,0,0,1,0,0,1,1,1,0,0.593244
0,0,0,0,1,1,0,1,1,1,0,1,0,1,0,0,0,1,1,0,1,0,1,1,0,0,0,0,1,1,0,1,0.564178
0,1,1,1,1,1,1,1,0,1,1,0,1,0,1,1,1,0,0,1,0,1,1,1,0,0,0,0,0,1,1,1,0.586131
0,1,1,1,0,0,1,0,0,1,1,1,0,0,0,1,0,1,0,0,0,0,0,0,0,1,1,1,0,0,1,0,0.593697
1,1,0,1,0,0,1,1,1,1,0,1,0,0,0,0,1,0,0,0,1,0,1,1,0,1,0,0,0,0,1,0,0.590953
0,0,0,1,1,1,1,1,0,0,0,1,0,1,0,1,0,1,1,1,0,1,0,0,0,0,0,0,1,1,0,1,0.593404
1,0,1,0,0,0,0,1,1,0,1,0,1,0,0,0,1,1,1,1,1,0,1,1,0,1,0,1,1,1,0,0,0.594070
0,1,1,0,1,1,1,1,0,1,1,0,1,1,0,1,0,0,1,1,0,0,0,1,1,1,0,1,1,1,0,1,0.581175
1,0,1,1,1,0,0,0,1,0,1,0,0,1,1,1,0,1,1,1,0,1,0,1,1,0,1,0,1,0,0,1,0.598172
1,1,0,0,1,0,0,0,0,0,0,1,0,0,0,0,1,0,0,1,1,1,0,0,1,0,0,1,0,0,0,0,0.600703
0,1,0,1,1,0,0,1,1,1,0,1,0,0,1,0,1,0,1,1,0,0,1,1,0,1,1,0,1,1,0,1,0.593270
0,0,1,1,0,0,1,0,0,0,0,1,0,0,0,1,1,0,0,0,1,0,1,1,0,1,0,0,0,0,1,0,0.582374
1,1,0,0,1,1,1,0,1,0,0,0,0,0,1,0,1,1,0,0,1,0,0,0,1,0,0,1,1,1,1,0,0.593777
0,0,1,0,0,0,1,1,0,0,0,0,0,1,0,1,1,0,1,0,1,1,0,1,0,0,1,0,1,0,0,1,0.589834
0,0,0,0,1,1,0,0,0,0,1,1,0,1,0,0,0,1,1,1,1,0,1,0,0,0,0,1,1,0,1,1,0.569293
0,1,1,0,1,1,0,1,0,0,0,0,1,0,1,0,0,1,1,1,0,1,0,0,0,0,0,0,1,1,0,1,0.598172
1,0,0,1,0,1,0,0,0,1,1,0,0,0,0,1,0,1,0,1,0,0,0,1,1,0,1,1,1,0,1,0,0.591406
0,0,1,1,0,1,1,0,1,0,1,1,1,1,1,1,0,0,1,0,0,0,1,1,1,1,1,0,0,0,0,1,0.587303
0,0,0,1,1,1,1,1,0,1,1,1,0,1,0,1,0,1,0,1,1,0,0,0,0,1,0,1,1,1,1,0,0.590553
0,1,1,0,0,1,1,0,0,1,0,0,0,0,0,0,0,0,0,1,1,1,1,0,1,1,0,0,0,1,0,0,0.578272
1,1,0,0,1,1,1,0,0,1,1,1,0,1,1,1,0,0,0,0,1,0,1,1,1,1,0,0,0,0,1,1,0.584958
1,0,1,1,0,0,0,0,0,0,0,1,0,0,1,1,1,0,0,1,0,0,0,0,1,1,1,0,1,0,1,0,0.593297
0,0,0,1,1,0,0,1,0,0,0,0,0,1,0,1,1,1,1,0,1,0,0,0,0,1,1,0,0,1,1,0,0.586131
1,0,0,1,1,0,1,0,0,0,1,1,1,1,1,1,0,1,0,1,1,0,1,0,1,0,0,0,1,0,1,0,0.585598
1,1,0,0,0,0,0,1,1,1,1,0,1,1,1,0,1,1,1,0,0,0,0,0,1,0,1,1,0,0,0,1,0.599504
0,0,1,1,1,1,1,0,0,0,1,1,1,0,1,1,0,0,0,1,0,0,0,1,0,1,1,1,0,1,1,1,0.578831
0,0,1,1,1,1,0,0,0,1,0,1,1,1,1,1,1,0,0,1,1,0,0,1,1,0,0,1,0,1,0,0,0.591645
0,0,0,1,0,1,1,1,1,1,1,1,0,0,1,1,1,0,1,0,1,1,1,0,0,1,1,0,1,0,0,1,0.588928
0,0,0,1,1,1,1,0,0,0,0,0,1,0,1,1,1,1,0,0,1,1,0,0,1,0,1,0,1,1,1,0,0.569347
1,1,0,1,0,1,0,0,1,0,0,1,0,1,0,1,1,0,1,0,0,0,0,0,0,0,1,0,1,1,0,1,0.596760
1,1,1,1,0,0,1,1,0,1,1,1,0,1,1,1,1,0,0,1,1,0,0,1,1,1,0,0,0,0,0,1,0.594816
0,0,0,0,1,0,1,0,1,1,1,0,0,0,0,0,1,0,0,1,1,0,0,0,0,0,0,1,1,1,1,0,0.590127
0,1,1,1,0,0,1,1,1,1,0,0,1,0,0,1,1,0,1,0,1,0,1,1,0,0,0,0,1,1,0,1,0.591539
0,1,0,0,0,1,0,1,1,0,0,1,0,0,0,0,1,0,0,0,0,0,1,0,1,0,0,0,1,1,1,1,0.586264
1,0,1,0,0,0,0,1,0,0,0,0,1,0,1,1,0,0,0,0,0,0,1,0,0,0,0,1,1,1,1,0,0.575767
1,0,0,0,0,0,0,1,0,1,1,0,1,1,1,0,0,0,0,1,0,1,1,0,1,0,1,0,0,1,0,0,0.598252
0,1,0,0,0,1,1,1,0,0,0,1,0,0,0,1,0,0,1,1,0,1,0,0,1,0,0,1,0,0,1,0,0.580589
1,0,1,1,0,1,1,0,1,1,1,1,1,0,1,0,1,1,0,1,0,1,1,1,0,1,1,0,0,0,1,0,0.590899
1,1,0,1,0,1,0,0,1,1,0,1,0,0,1,0,0,0,1,1,1,1,1,0,0,0,0,0,0,1,0,1,0.604486
1,0,0,0,0,1,1,1,1,0,1,1,0,0,1,1,0,1,0,0,0,1,1,0,0,0,0,0,1,0,0,0,0.587862
0,1,0,0,0,0,1,1,0,1,1,1,0,0,1,1,1,1,0,1,1,1,0,1,0,0,1,0,0,0,0,0,0.596627
0,0,0,0,0,0,1,1,0,0,0,0,1,1,1,1,0,1,1,1,0,1,1,0,1,1,1,0,0,0,1,1,0.570999
1,1,0,1,0,0,1,1,1,1,0,0,0,0,0,0,1,1,1,0,0,0,0,1,0,1,1,0,0,1,0,1,0.597053
1,0,0,1,1,1,1,0,0,1,0,1,1,1,1,1,0,0,1,1,1,0,0,0,0,0,0,0,1,1,1,0,0.590686
1,1,1,1,1,1,1,0,0,1,1,1,0,0,1,0,1,1,0,1,0,0,0,1,1,0,1,1,0,0,1,1,0.595935
0,1,1,0,1,0,0,1,0,1,1,0,1,0,1,1,0,0,1,0,1,1,0,0,1,0,0,0,1,0,0,0,0.593217
1,1,0,1,1,1,1,1,0,1,0,1,1,0,0,1,1,0,0,1,1,1,0,1,0,0,0,0,0,1,0,0,0.594656
1,0,0,1,1,0,0,0,1,0,1,1,1,1,1,1,1,1,0,0,1,0,0,1,0,1,0,1,0,0,1,1,0.596414
0,0,0,0,1,1,0,0,1,0,1,1,1,1,0,0,0,0,0,1,0,1,0,0,0,0,1,1,0,1,0,0,0.584958
1,0,1,1,1,0,0,1,1,1,0,1,1,0,1,1,1,1,0,0,0,1,1,1,1,0,0,0,0,1,1,0,0.585518
0,0,0,0,0,1,0,1,1,1,0,1,0,0,0,0,0,1,1,0,0,0,0,1,1,1,1,0,0,1,1,0,0.582134
0,1,1,0,1,1,0,1,0,1,0,0,1,0,0,1,1,1,1,1,0,0,1,1,1,1,0,0,1,1,0,0,0.583467
0,1,0,0,1,1,1,1,0,0,0,1,1,0,1,0,1,0,0,1,1,1,0,0,0,0,1,0,0,0,1,0,0.577952
0,0,1,1,0,0,1,0,1,1,0,1,0,1,1,0,1,0,0,1,0,1,1,1,0,1,1,1,1,1,1,1,0.578591
1,0,1,0,0,0,0,1,0,1,0,0,1,0,1,0,1,1,1,0,0,1,1,1,0,1,1,0,1,0,1,0,0.594389
1,1,1,1,1,0,0,0,1,0,1,1,1,0,0,1,1,1,1,0,0,0,1,0,1,1,1,0,1,0,1,1,0.596281
0,0,1,1,0,0,1,0,0,0,1,1,0,0,1,1,1,0,1,0,0,0,0,0,0,0,0,0,1,0,0,1,0.591565
0,0,1,1,1,1,0,0,1,0,0,1,0,0,1,0,1,1,0,1,0,0,0,1,0,0,0,1,0,0,0,0,0.602515
1,1,0,0,0,1,1,1,1,1,1,0,0,0,0,0,0,0,1,0,1,0,0,0,1,0,0,1,0,0,1,1,0.592897
1,1,0,0,1,1,0,1,0,0,0,1,0,0,0,0,0,1,1,0,1,0,0,0,1,1,0,0,0,0,0,1,0.599025
0,0,0,0,0,0,0,1,0,0,0,0,0,1,1,1,0,0,0,1,1,0,0,1,1,0,1,0,0,1,1,0,0.556772
0,1,0,1,0,1,1,0,1,1,1,1,0,1,0,0,1,0,0,1,1,1,0,0,1,1,1,1,0,0,1,0,0.594709
1,0,1,0,0,1,1,0,0,0,1,1,1,1,1,1,0,1,1,0,0,0,1,0,0,0,0,0,0,1,0,1,0.574542
0,1,1,0,1,0,0,0,1,1,1,1,0,1,1,1,0,0,1,1,1,1,0,0,1,1,0,0,1,1,1,0,0.594043
0,1,0,0,0,0,0,1,0,0,1,0,0,0,1,0,0,0,1,0,0,1,1,1,1,1,0,0,0,1,0,1,0.572943
1,0,0,1,1,1,0,1,0,0,1,1,1,0,0,1,0,0,1,0,0,0,0,0,1,1,0,0,1,1,1,0,0.592525
1,1,0,1,0,0,1,1,1,0,1,0,1,1,1,0,1,1,1,0,1,0,1,0,1,0,1,0,1,0,0,0,0.582108
1,0,1,0,1,1,1,0,0,1,0,1,1,1,0,1,1,0,0,0,0,0,1,0,1,0,1,1,1,0,1,1,0.590260
0,1,1,0,1,0,0,1,0,0,0,0,0,0,0,0,1,0,0,0,0,0,0,1,0,0,1,1,0,0,0,1,0.588075
1,0,1,0,0,1,0,0,1,1,0,0,0,1,1,1,0,1,0,1,0,1,0,0,0,0,0,1,0,0,0,0,0.599318
1,0,0,0,0,0,0,0,1,1,1,1,1,1,0,1,0,0,1,1,0,1,0,0,1,1,1,1,1,0,0,1,0.600410
0,1,1,1,1,0,0,1,1,0,0,0,0,0,1,0,1,0,1,0,1,1,0,0,0,0,1,0,1,0,0,0,0.599558
0,0,0,1,0,1,1,0,1,0,1,0,1,1,1,1,1,1,1,0,0,0,0,1,1,0,1,0,1,0,1,1,0.582134
0,0,0,1,1,0,0,0,1,1,1,0,0,0,0,0,0,0,0,1,1,0,0,1,0,0,1,1,0,0,1,0,0.581202
1,1,0,1,0,0,1,0,1,0,0,1,1,0,0,0,0,1,1,0,0,1,0,0,1,1,0,0,0,0,0,0,0.586770
1,1,1,1,0,0,1,0,0,1,0,1,0,0,0,0,1,0,0,1,1,0,0,0,1,1,0,0,1,1,0,1,0.594469
0,1,1,1,0,0,1,0,1,0,0,1,1,0,0,0,0,1,1,1,1,0,1,1,0,1,0,1,1,0,0,1,0.594176
0,1,1,0,1,1,1,1,0,1,0,0,1,1,1,0,0,1,1,1,0,0,1,1,0,0,0,0,0,1,0,0,0.562473
1,0,0,0,0,1,0,1,1,0,0,1,0,0,1,1,0,0,0,0,0,0,1,1,0,1,1,1,0,1,1,0,0.591699
0,0,1,1,1,1,1,1,0,1,1,1,0,1,0,1,0,1,0,0,0,1,1,0,1,1,1,1,0,0,1,0,0.593004
0,0,0,0,0,1,1,1,0,1,0,0,0,0,1,1,1,1,1,0,0,0,1,1,1,1,1,0,0,0,1,1,0.592764
1,1,1,1,0,1,0,0,1,1,1,1,0,1,0,0,1,0,1,0,0,0,0,1,1,0,0,0,0,0,0,1,0.594070
0,0,0,1,1,0,1,1,0,1,0,1,1,0,1,0,0,0,0,1,0,0,1,1,0,0,1,0,1,1,0,1,0.581282
1,1,1,0,0,1,0,1,1,0,1,0,0,0,1,1,0,0,1,1,1,0,1,0,0,0,1,0,0,0,0,1,0.605579
1,0,1,0,0,0,0,0,0,1,0,0,0,1,1,1,0,1,1,0,1,1,0,1,1,0,1,1,1,0,0,1,0.607976
1,1,0,0,1,0,1,1,1,0,1,1,1,1,1,0,0,0,1,0,1,0,0,1,1,0,1,1,0,1,1,1,0.583253
0,0,1,0,0,1,0,0,0,0,0,0,1,0,1,0,1,0,1,0,1,0,0,1,1,1,0,1,0,0,0,1,0.602408
1,0,1,0,0,0,0,1,1,1,1,1,1,1,1,0,1,0,1,1,0,1,0,1,0,0,1,1,0,1,0,0,0.598172
0,0,1,0,0,0,1,1,0,1,1,0,1,1,0,1,0,0,1,0,0,0,1,0,1,1,1,0,1,0,1,1,0.593457
