1,1,1,1,1,0,0,0,1,0,1,1,1,0,0,1,1,1,1,0,0,0,1,0,1,1,1,0,1,0,1,1,0.595508
0,0,1,0,0,1,0,0,0,0,0,0,1,0,1,0,1,0,1,0,1,0,0,1,1,1,0,1,0,0,0,1,0.601503
1,1,0,0,1,0,0,1,1,0,0,1,1,1,1,1,1,1,0,0,1,0,1,1,0,1,1,0,0,0,0,1,0.594975
0,0,0,0,1,1,1,1,1,0,0,1,1,0,0,0,0,0,1,0,1,1,0,1,1,1,1,0,0,0,0,1,0.586477
1,1,0,0,1,1,1,0,1,0,0,0,0,0,1,0,1,1,0,0,1,0,0,0,1,0,0,1,1,1,1,0,0.593617
1,1,0,0,1,1,0,0,0,0,1,0,1,0,0,0,1,0,1,1,1,1,0,1,1,0,1,1,1,1,0,1,0.605099
1,1,1,1,0,0,1,0,0,1,0,1,0,0,0,0,1,0,0,1,1,0,0,0,1,1,0,0,1,1,0,1,0.595269
0,0,1,0,0,0,0,1,0,0,1,1,1,0,1,0,1,1,1,0,1,0,0,0,1,1,1,0,1,1,0,1,0.595535
0,1,0,0,0,0,0,1,1,1,1,0,1,1,0,0,0,0,1,1,1,0,1,0,1,0,0,0,0,0,0,1,0.598306
1,0,1,0,1,1,0,1,1,1,1,0,0,0,0,0,0,1,0,0,0,1,1,1,1,1,1,1,0,1,1,0,0.590553
1,1,1,1,0,0,0,0,0,0,1,1,1,1,0,0,0,0,1,0,1,0,1,0,0,0,0,1,1,1,1,0,0.595695
1,0,1,0,0,1,1,0,0,0,1,1,1,1,1,1,0,1,1,0,0,0,1,0,0,0,0,0,0,1,0,1,0.574995
0,0,1,1,0,0,1,0,0,0,1,1,0,0,1,1,1,0,1,0,0,0,0,0,0,0,0,0,1,0,0,1,0.590207
1,1,0,1,0,0,1,1,1,1,0,1,0,0,0,0,1,0,0,0,1,0,1,1,0,1,0,0,0,0,1,0,0.592018
0,1,1,0,0,0,1,0,1,1,0,1,1,1,0,0,1,0,0,0,1,1,0,0,1,1,1,0,0,0,1,1,0.599105
0,1,1,0,0,1,1,0,0,1,0,0,0,0,0,0,0,0,0,1,1,1,1,0,1,1,0,0,0,1,0,0,0.578858
1,0,1,1,0,0,0,0,0,0,0,1,0,0,1,1,1,0,0,1,0,0,0,0,1,1,1,0,1,0,1,0,0.595375
1,1,0,1,0,0,1,1,1,1,0,0,0,0,0,0,1,1,1,0,0,0,0,1,0,1,1,0,0,1,0,1,0.596601
1,1,0,1,1,1,1,1,0,1,0,1,1,0,0,1,1,0,0,1,1,1,0,1,0,0,0,0,0,1,0,0,0.595189
0,1,0,0,0,0,0,1,1,0,1,0,1,0,1,0,1,1,1,1,0,0,1,1,1,1,0,1,1,1,1,0,0.594656
1,0,1,0,0,1,0,0,1,1,0,0,0,1,1,1,0,1,0,1,0,1,0,0,0,0,0,1,0,0,0,0,0.598146
0,1,0,0,0,0,1,1,0,1,1,1,0,0,1,1,1,1,0,1,1,1,0,1,0,0,1,0,0,0,0,0,0.596840
1,0,1,1,1,0,0,0,0,0,1,1,0,1,1,0,1,1,1,0,0,1,1,0,0,1,0,0,1,1,1,0,0.592951
0,0,0,0,1,1,0,0,1,0,1,1,1,1,0,0,0,0,0,1,0,1,0,0,0,0,1,1,0,1,0,0,0.582507
0,0,0,0,0,0,0,1,0,0,0,0,0,1,1,1,0,0,0,1,1,0,0,1,1,0,1,0,0,1,1,0,0.558877
0,1,1,1,0,1,0,1,1,1,0,0,1,1,0,1,0,1,0,0,0,0,0,1,1,0,1,1,1,0,1,1,0.585038
0,1,0,0,0,0,1,0,1,1,1,0,1,0,1,0,1,0,1,0,1,0,0,0,0,1,0,1,1,1,0,1,0.592285
1,0,1,1,0,1,1,0,1,1,1,1,1,0,1,0,1,1,0,1,0,1,1,1,0,1,1,0,0,0,1,0,0.591059
0,1,0,0,1,1,1,1,0,0,0,1,1,0,1,0,1,0,0,1,1,1,0,0,0,0,1,0,0,0,1,0,0.577099
0,1,1,0,1,1,1,1,0,1,1,0,1,1,0,1,0,0,1,1,0,0,0,1,1,1,0,1,1,1,0,1,0.582374
1,0,1,0,0,0,0,1,0,1,0,0,1,0,1,0,1,1,1,0,0,1,1,1,0,1,1,0,1,0,1,0,0.595162
0,0,0,1,0,1,1,0,1,1,0,0,0,0,0,0,1,0,0,1,1,1,1,1,0,0,0,0,1,1,0,0,0.561195
0,0,1,1,1,1,0,0,1,0,0,1,0,0,1,0,1,1,0,1,0,0,0,1,0,0,0,1,0,0,0,0,0.601210
1,0,1,0,0,1,1,0,0,0,1,1,1,1,0,1,1,1,1,1,0,0,0,0,1,0,1,1,1,1,0,1,0.593857
1,0,1,0,1,1,1,0,0,1,0,1,1,1,0,1,1,0,0,0,0,0,1,0,1,0,1,1,1,0,1,1,0.590233
1,0,1,0,0,0,0,1,1,1,1,1,1,1,1,0,1,0,1,1,0,1,0,1,0,0,1,1,0,1,0,0,0.599158
0,0,0,1,1,0,1,1,0,1,0,1,1,0,1,0,0,0,0,1,0,0,1,1,0,0,1,0,1,1,0,1,0.581602
1,0,0,0,0,1,1,0,1,1,1,0,0,0,1,1,1,1,1,0,1,0,1,0,0,0,1,0,0,0,1,0,0.592178
0,1,1,1,1,0,1,0,1,0,1,0,0,0,1,1,0,0,0,1,0,0,1,1,1,0,0,1,1,0,1,0,0.596894
1,0,1,0,0,0,0,0,0,1,0,0,0,1,1,1,0,1,1,0,1,1,0,1,1,0,1,1,1,0,0,1,0.606857
0,0,1,1,0,0,1,0,0,0,0,1,0,0,0,1,1,0,0,0,1,0,1,1,0,1,0,0,0,0,1,0,0.582055
1,0,0,1,1,1,0,1,0,0,1,1,1,0,0,1,0,0,1,0,0,0,0,0,1,1,0,0,1,1,1,0,0.592365
0,1,0,0,0,1,0,1,1,0,0,1,0,0,0,0,1,0,0,0,0,0,1,0,1,0,0,0,1,1,1,1,0.585758
0,0,1,1,0,1,1,0,1,0,1,1,1,1,1,1,0,0,1,0,0,0,1,1,1,1,1,0,0,0,0,1,0.588075
1,0,0,1,1,0,0,0,1,0,1,1,1,1,1,1,1,1,0,0,1,0,0,1,0,1,0,1,0,0,1,1,0.596441
0,0,1,1,1,1,1,0,0,0,1,1,1,0,1,1,0,0,0,1,0,0,0,1,0,1,1,1,0,1,1,1,0.578378
0,0,0,1,1,0,0,0,1,1,1,0,0,0,0,0,0,0,0,1,1,0,0,1,0,0,1,1,0,0,1,0,0.581309
1,0,1,0,0,0,0,1,1,0,1,0,1,0,0,0,1,1,1,1,1,0,1,1,0,1,0,1,1,1,0,0,0.595269
0,0,0,0,1,1,0,0,0,0,1,1,0,1,0,0,0,1,1,1,1,0,1,0,0,0,0,1,1,0,1,1,0.568041
0,1,1,0,1,0,0,1,0,1,1,0,1,0,1,1,0,0,1,0,1,1,0,0,1,0,0,0,1,0,0,0,0.593750
1,0,0,0,0,1,1,1,1,0,1,1,0,0,1,1,0,1,0,0,0,1,1,0,0,0,0,0,1,0,0,0,0.586584
1,0,1,1,0,1,1,0,0,1,1,0,0,0,0,1,0,1,0,1,0,1,0,0,1,1,1,1,0,1,0,0,0.577712
0,0,1,0,0,0,1,1,0,0,0,0,0,1,0,1,1,0,1,0,1,1,0,1,0,0,1,0,1,0,0,1,0.589514
1,0,0,1,0,1,0,0,0,1,1,0,0,0,0,1,0,1,0,1,0,0,0,1,1,0,1,1,1,0,1,0,0.591299
1,1,0,0,1,0,1,1,1,0,1,1,1,1,1,0,0,0,1,0,1,0,0,1,1,0,1,1,0,1,1,1,0.582534
1,1,0,0,0,0,1,0,0,1,1,0,0,1,1,0,0,0,0,1,1,0,1,1,1,1,0,0,0,1,0,1,0.602328
0,1,1,0,1,1,1,0,1,0,0,1,1,1,1,1,1,1,1,1,1,1,0,0,0,1,1,0,1,0,1,0,0.594656
1,0,0,0,1,1,0,1,0,0,1,0,0,1,0,0,1,0,0,1,1,1,1,1,0,0,1,0,1,1,1,0,0.583946
0,0,0,1,1,1,1,0,0,0,0,0,1,0,1,1,1,1,0,0,1,1,0,0,1,0,1,0,1,1,1,0,0.566736
1,0,1,0,0,0,0,1,0,0,0,0,1,0,1,1,0,0,0,0,0,0,1,0,0,0,0,1,1,1,1,0,0.576540
0,1,1,0,1,1,0,1,0,0,0,0,1,0,1,0,0,1,1,1,0,1,0,0,0,0,0,0,1,1,0,1,0.596787
0,1,1,0,1,0,0,0,1,1,1,1,0,1,1,1,0,0,1,1,1,1,0,0,1,1,0,0,1,1,1,0,0.592791
0,0,0,0,0,1,0,1,1,1,0,1,0,0,0,0,0,1,1,0,0,0,0,1,1,1,1,0,0,1,1,0,0.583040
0,1,1,1,1,0,0,1,1,0,1,1,1,0,0,0,0,0,0,0,1,1,0,0,0,1,0,0,0,1,0,0,0.589381
0,1,0,1,0,0,1,1,1,0,0,0,0,1,1,0,0,0,0,1,0,1,1,1,0,0,0,0,0,1,1,1,0.586477
1,0,0,0,0,0,0,1,0,1,1,0,1,1,1,0,0,0,0,1,0,1,1,0,1,0,1,0,0,1,0,0,0.599798
1,1,0,0,1,0,0,0,0,0,0,1,0,0,0,0,1,0,0,1,1,1,0,0,1,0,0,1,0,0,0,0,0.598865
0,1,1,0,1,0,0,1,0,0,0,0,0,0,0,0,1,0,0,0,0,0,0,1,0,0,1,1,0,0,0,1,0.588022
1,1,1,0,0,1,0,1,1,0,1,0,0,0,1,1,0,0,1,1,1,0,1,0,0,0,1,0,0,0,0,1,0.603874
1,1,1,0,0,1,0,1,1,1,1,0,1,1,0,0,1,0,1,0,0,0,0,1,0,1,1,0,1,1,1,0,0.597480
0,1,1,1,1,1,1,1,0,1,1,0,1,0,1,1,1,0,0,1,0,1,1,1,0,0,0,0,0,1,1,1,0.584479
0,1,1,1,0,0,1,1,1,1,0,0,1,0,0,1,1,0,1,0,1,0,1,1,0,0,0,0,1,1,0,1,0.588901
1,1,1,1,0,1,0,0,0,1,0,1,0,1,1,1,1,1,1,0,1,1,1,0,1,1,1,0,1,0,1,0,0.596094
1,0,0,0,1,0,0,1,0,0,1,1,0,0,0,0,1,0,1,0,0,1,0,1,1,1,0,0,1,0,1,0,0.593217
1,0,0,0,0,1,0,1,1,0,0,1,0,0,1,1,0,0,0,0,0,0,1,1,0,1,1,1,0,1,1,0,0.591832
0,0,1,1,1,1,0,0,0,1,0,1,1,1,1,1,1,0,0,1,1,0,0,1,1,0,0,1,0,1,0,0,0.592977
0,0,1,1,0,0,1,0,1,0,1,1,0,0,0,0,0,0,1,0,1,0,0,0,0,0,0,0,1,1,0,1,0.593830
1,1,0,0,1,1,1,0,0,1,1,1,0,1,1,1,0,0,0,0,1,0,1,1,1,1,0,0,0,0,1,1,0.585065
0,0,0,1,1,1,1,1,0,0,0,1,0,1,0,1,0,1,1,1,0,1,0,0,0,0,0,0,1,1,0,1,0.593057
0,0,0,1,1,0,0,1,0,0,0,0,0,1,0,1,1,1,1,0,1,0,0,0,0,1,1,0,0,1,1,0,0.585012
0,0,0,1,0,1,1,1,1,1,1,1,0,0,1,1,1,0,1,0,1,1,1,0,0,1,1,0,1,0,0,1,0.588928
1,1,1,0,0,1,1,0,0,1,0,0,0,0,1,1,0,1,1,0,0,1,0,0,0,1,1,0,0,1,1,1,0.604113
0,1,0,0,0,1,1,1,0,0,0,1,0,0,0,1,0,0,1,1,0,1,0,0,1,0,0,1,0,0,1,0,0.580216
0,0,0,0,1,0,1,0,1,1,1,0,0,0,0,0,1,0,0,1,1,0,0,0,0,0,0,1,1,1,1,0,0.591592
1,1,0,1,1,1,0,1,0,1,1,0,1,1,1,1,0,0,0,1,0,0,1,0,0,1,1,0,0,0,0,1,0.597959
0,0,1,1,1,1,1,1,0,1,1,1,0,1,0,1,0,1,0,0,0,1,1,0,1,1,1,1,0,0,1,0,0.594682
0,0,0,1,1,1,1,0,1,0,1,1,1,0,0,0,0,0,0,1,1,1,0,0,1,0,1,0,0,1,1,1,0.592152
0,0,0,1,1,1,0,0,0,0,1,1,0,1,0,0,0,1,0,0,0,0,0,1,0,0,0,1,0,1,1,1,0.555014
1,1,0,1,0,1,0,0,1,1,0,1,0,0,1,0,0,0,1,1,1,1,1,0,0,0,0,0,0,1,0,1,0.603820
0,1,1,1,0,1,1,0,1,1,0,0,0,1,1,0,0,1,0,0,1,0,0,0,0,1,1,0,0,1,0,1,0.593990
1,0,0,1,1,0,1,0,0,0,1,1,1,1,1,1,0,1,0,1,1,0,1,0,1,0,0,0,1,0,1,0,0.585811
1,0,1,1,0,0,0,1,1,1,1,1,0,0,0,1,0,1,0,0,0,0,1,1,1,0,1,1,1,1,1,0,0.595908
1,1,1,1,0,0,1,1,0,1,1,1,0,1,1,1,1,0,0,1,1,0,0,1,1,1,0,0,0,0,0,1,0.594363
1,0,1,1,1,0,0,0,1,0,1,0,0,1,1,1,0,1,1,1,0,1,0,1,1,0,1,0,1,0,0,1,0.596840
1,1,1,1,0,1,0,0,1,1,1,1,0,1,0,0,1,0,1,0,0,0,0,1,1,0,0,0,0,0,0,1,0.593270
0,0,0,0,0,1,1,1,0,1,0,0,0,0,1,1,1,1,1,0,0,0,1,1,1,1,1,0,0,0,1,1,0.593564
1,0,0,0,0,0,0,0,1,1,1,1,1,1,0,1,0,0,1,1,0,1,0,0,1,1,1,1,1,0,0,1,0.601236
0,1,1,1,0,0,1,0,1,0,0,1,1,0,0,0,0,1,1,1,1,0,1,1,0,1,0,1,1,0,0,1,0.593457
0,1,0,0,0,0,0,1,0,0,1,0,0,0,1,0,0,0,1,0,0,1,1,1,1,1,0,0,0,1,0,1,0.574648
0,1,1,1,1,0,0,1,1,0,0,0,0,0,1,0,1,0,1,0,1,1,0,0,0,0,1,0,1,0,0,0,0.599824
1,0,1,1,0,1,1,1,1,1,0,0,0,1,0,1,0,0,0,0,1,1,0,0,1,0,1,0,1,1,1,0,0.589621
1,1,0,1,0,0,1,0,1,0,0,1,1,0,0,0,0,1,1,0,0,1,0,0,1,1,0,0,0,0,0,0,0.590367
0,0,0,1,1,1,1,1,0,1,1,1,0,1,0,1,0,1,0,1,1,0,0,0,0,1,0,1,1,1,1,0,0.592045
0,0,0,0,0,0,1,1,0,0,0,0,1,1,1,1,0,1,1,1,0,1,1,0,1,1,1,0,0,0,1,1,0.572597
0,0,1,1,0,0,1,0,1,1,0,1,0,1,1,0,1,0,0,1,0,1,1,1,0,1,1,1,1,1,1,1,0.578645
1,1,0,0,1,1,0,1,0,0,0,1,0,0,0,0,0,1,1,0,1,0,0,0,1,1,0,0,0,0,0,1,0.598306
1,1,0,1,0,0,1,1,1,0,1,0,1,1,1,0,1,1,1,0,1,0,1,0,1,0,1,0,1,0,0,0,0.582987
0,1,1,1,0,1,1,1,0,0,1,1,1,1,1,0,0,0,0,0,0,1,1,1,0,1,1,0,1,1,1,1,0.575501
0,1,1,0,1,1,0,1,0,1,0,0,1,0,0,1,1,1,1,1,0,0,1,1,1,1,0,0,1,1,0,0,0.583653
1,1,1,1,1,1,1,0,0,1,1,1,0,0,1,0,1,1,0,1,0,0,0,1,1,0,1,1,0,0,1,1,0.594603
0,0,1,1,0,0,1,0,1,0,1,0,1,0,0,1,1,0,0,0,1,1,0,1,0,1,1,1,1,1,1,1,0.580190
0,0,1,0,0,0,1,1,0,1,1,0,1,1,0,1,0,0,1,0,0,0,1,0,1,1,1,0,1,0,1,1,0.591912
0,0,1,0,1,0,1,1,1,0,1,0,0,0,1,1,0,0,1,0,0,0,1,0,0,0,1,1,1,1,1,0,0.576034
0,1,0,1,1,0,0,1,1,1,0,1,0,0,1,0,1,0,1,1,0,0,1,1,0,1,1,0,1,1,0,1,0.592098
1,1,0,0,0,1,1,1,1,1,1,0,0,0,0,0,0,0,1,0,1,0,0,0,1,0,0,1,0,0,1,1,0.594309
0,1,0,0,0,1,0,1,0,1,1,0,1,1,0,1,1,0,0,1,0,1,1,0,0,0,0,0,1,1,0,0,0.570332
1,1,0,0,1,0,0,1,1,1,0,1,0,0,0,0,0,1,0,1,1,1,0,0,0,0,1,1,1,0,1,1,0.597560
1,1,0,0,0,0,0,1,1,1,1,0,1,1,1,0,1,1,1,0,0,0,0,0,1,0,1,1,0,0,0,1,0.600144
0,1,1,1,0,0,1,0,0,1,1,1,0,0,0,1,0,1,0,0,0,0,0,0,0,1,1,1,0,0,1,0,0.593857
0,0,0,0,1,1,0,1,1,1,0,1,0,1,0,0,0,1,1,0,1,0,1,1,0,0,0,0,1,1,0,1,0.565910
0,1,1,0,1,1,1,1,0,1,0,0,1,1,1,0,0,1,1,1,0,0,1,1,0,0,0,0,0,1,0,0,0.560928
0,1,0,1,0,1,1,0,1,1,1,1,0,1,0,0,1,0,0,1,1,1,0,0,1,1,1,1,0,0,1,0,0.595828
1,0,0,1,1,1,1,0,0,1,0,1,1,1,1,1,0,0,1,1,1,0,0,0,0,0,0,0,1,1,1,0,0.589914
1,1,0,1,0,1,0,0,1,0,0,1,0,1,0,1,1,0,1,0,0,0,0,0,0,0,1,0,1,1,0,1,0.598172
0,0,0,1,0,1,1,0,1,0,1,0,1,1,1,1,1,1,1,0,0,0,0,1,1,0,1,0,1,0,1,1,0.580882
1,0,1,1,1,0,0,1,1,1,0,1,1,0,1,1,1,1,0,0,0,1,1,1,1,0,0,0,0,1,1,0,0.585092
1,1,0,1,1,1,1,0,0,1,1,0,1,1,0,1,0,0,0,1,0,1,1,0,1,0,0,0,0,1,1,0,0.580483
1,0,1,1,0,0,0,0,0,0,0,0,1,0,1,0,1,0,1,0,0,1,0,0,0,0,0,1,0,0,1,1,0.604753
