1,1,1,1,0,0,0,1,0,1,1,1,0,1,1,0,0,1,1,0,0,1,1,0,1,1,1,1,1,0,0,1,0.703005
1,0,0,1,1,0,0,0,0,0,0,1,1,0,0,0,0,0,0,1,1,1,0,1,1,1,0,0,1,1,0,1,0.636909
1,1,0,1,0,0,1,0,0,0,0,1,1,0,1,1,0,0,1,1,1,0,0,1,1,0,1,0,0,0,1,1,0.755754
1,1,0,0,0,0,1,1,0,0,1,0,0,0,1,0,1,0,1,1,1,0,0,1,0,0,0,1,0,1,1,1,0.854673
1,0,0,0,0,1,1,0,1,1,0,1,1,1,0,1,1,0,1,1,1,1,0,0,1,0,0,1,0,1,0,0,0.795050
1,0,0,0,1,1,0,0,0,1,1,1,0,1,1,1,1,0,0,0,1,0,0,1,0,1,1,1,0,0,0,1,0.614477
1,1,1,1,1,0,1,1,0,0,0,0,0,0,0,0,1,1,0,1,1,1,0,1,0,1,0,0,0,0,1,0,0.710704
0,0,1,0,1,1,1,0,0,0,1,1,1,0,0,0,0,0,1,0,0,0,0,0,1,1,0,1,1,1,0,1,0.793025
0,0,0,1,1,0,0,1,0,0,1,0,1,0,1,0,1,0,0,0,0,1,1,1,1,0,0,1,1,1,0,0,0.545743
0,0,1,1,0,1,0,0,0,1,1,0,1,0,0,0,0,0,0,1,0,1,0,1,0,0,0,0,1,0,1,1,0.562980
0,1,0,1,0,1,1,0,0,1,1,1,1,1,1,1,0,1,0,0,0,1,1,1,0,1,1,0,1,0,1,0,0.595269
1,1,0,1,0,0,0,1,1,0,1,1,1,0,1,1,1,1,1,1,0,0,0,1,0,1,0,1,1,0,1,1,0.687846
1,1,1,0,1,1,1,1,0,1,1,1,0,0,0,0,1,1,0,1,0,1,0,1,1,1,1,1,0,1,0,0,0.708600
1,0,1,0,0,1,1,0,1,1,0,1,0,1,1,1,1,0,1,1,0,0,1,0,0,1,1,0,1,0,0,1,0.619618
1,0,1,1,1,1,0,1,1,1,0,1,1,1,0,1,1,1,0,1,1,0,0,0,1,1,0,1,0,0,0,0,0.677723
0,0,0,0,1,1,1,1,0,1,0,1,0,0,0,1,1,1,1,0,0,0,1,1,1,1,0,1,1,0,1,0,0.556612
0,1,1,1,0,1,0,1,0,0,0,0,0,1,0,1,0,0,0,1,1,1,1,0,1,1,1,0,0,0,0,0,0.698183
1,0,1,0,0,1,0,0,1,0,0,0,0,0,0,1,0,0,0,0,1,0,0,0,0,1,1,1,1,0,1,0,0.635656
0,1,1,1,0,0,0,1,0,1,0,1,1,0,0,0,0,0,1,0,0,1,1,0,1,0,1,1,1,1,1,0,0.690111
1,1,0,1,1,1,0,0,0,0,1,1,0,1,1,0,0,1,0,0,1,0,0,1,1,0,0,1,1,1,1,0,0.569373
1,0,0,0,0,0,1,0,0,1,1,0,1,0,1,1,0,1,1,1,1,1,1,0,1,0,0,0,1,0,0,0,0.681692
1,1,0,0,0,1,1,1,0,1,0,0,0,0,1,1,0,1,0,0,1,0,1,1,1,0,0,1,1,0,1,1,0.667706
0,1,1,0,1,0,0,0,0,0,0,1,1,1,1,1,0,0,1,1,0,0,0,1,0,1,1,0,0,1,0,1,0.626545
0,0,1,1,0,0,1,1,1,1,1,0,1,0,1,0,1,0,1,1,1,1,1,1,0,0,0,0,0,0,0,0,0.857630
0,0,1,1,0,1,0,0,1,0,1,0,1,0,1,0,1,0,0,1,0,0,1,0,0,0,0,0,0,0,0,0,0.551071
1,1,0,1,0,1,0,1,1,0,1,1,0,0,1,0,0,0,0,0,0,1,1,1,1,1,1,1,1,0,1,0,0.697490
1,0,0,0,1,1,0,0,1,1,1,0,1,0,0,0,0,1,0,1,1,1,1,0,1,1,0,0,1,0,1,0,0.646046
0,0,0,1,1,0,0,1,1,1,1,1,1,1,1,0,1,0,0,1,1,0,0,0,1,1,1,1,1,0,0,1,0.632699
1,1,0,1,0,0,0,0,1,0,1,1,1,1,1,0,0,0,1,1,0,1,0,1,1,1,1,1,0,0,1,1,0.696798
1,0,1,1,1,0,1,0,1,1,1,1,0,1,1,0,1,0,1,0,0,0,0,1,1,1,1,1,1,0,1,1,0.544011
1,0,1,1,0,1,0,0,0,1,0,1,1,1,0,1,1,1,0,1,1,1,0,1,0,0,1,0,0,1,1,0,0.558584
0,0,0,1,0,1,0,1,0,0,1,0,0,1,0,1,1,0,0,1,0,1,1,1,0,1,1,0,1,0,1,0,0.694720
1,0,1,1,1,0,0,0,0,0,1,1,1,0,1,1,1,1,1,0,1,0,1,1,0,1,1,0,1,0,0,1,0.828458
0,1,1,1,1,0,0,1,1,1,0,0,0,1,1,1,1,0,1,1,1,0,0,0,0,0,1,0,1,1,1,0,0.762361
0,0,0,0,0,0,1,1,1,0,0,1,1,0,0,0,0,0,0,1,0,1,0,1,1,1,1,1,0,0,1,1,0.569853
0,0,1,1,0,1,0,0,0,0,0,1,0,1,1,1,1,1,0,1,1,1,0,0,1,1,1,1,1,1,1,1,0.725011
0,0,0,0,1,0,0,0,1,1,0,1,0,0,1,1,0,0,0,0,1,1,1,0,0,1,0,0,1,0,0,1,0.744485
0,1,1,1,1,0,0,0,0,0,1,1,1,0,1,0,1,0,1,1,0,0,1,1,1,1,1,0,0,0,1,0,0.781090
0,0,1,0,0,0,0,1,1,0,1,1,1,1,1,1,1,1,1,1,0,0,1,0,1,0,0,0,0,1,0,1,0.535592
1,0,0,1,1,0,1,0,1,0,0,0,1,1,0,0,1,0,1,1,0,1,1,1,0,0,1,0,0,1,1,0,0.592471
1,0,1,0,0,1,0,0,0,1,0,1,0,0,1,0,0,0,0,1,0,0,0,1,1,1,0,0,1,0,1,0,0.721094
0,0,0,0,1,0,1,0,0,0,0,1,1,0,0,1,0,1,1,1,0,1,0,1,1,1,0,0,1,0,0,0,0.542493
1,0,1,1,1,1,0,0,1,0,0,1,1,0,1,1,1,1,1,0,0,0,0,0,0,1,0,1,1,0,1,1,0.853474
1,0,0,1,1,0,1,1,0,1,1,1,1,0,1,1,1,1,0,0,1,0,1,1,1,1,0,0,0,0,1,0,0.598519
1,1,0,0,0,1,1,0,0,0,1,0,0,0,1,1,0,1,1,1,1,0,1,0,0,1,0,0,1,1,0,0,0.763134
1,1,0,1,1,0,1,0,1,0,0,1,0,0,0,0,0,1,1,1,1,0,0,1,0,0,1,1,0,0,1,0,0.856271
0,1,0,1,0,0,0,0,1,1,1,0,1,0,0,0,0,1,1,1,0,0,1,1,1,1,0,1,1,1,0,1,0.710358
0,0,1,0,1,1,1,1,0,0,0,0,1,0,0,1,1,1,1,1,0,1,0,1,1,0,0,0,0,0,1,1,0.684436
1,0,1,1,1,0,0,0,1,0,1,1,1,1,0,0,0,1,0,0,0,0,0,0,0,0,0,1,1,1,0,0,0.617088
0,0,0,1,1,1,0,1,0,0,0,1,0,0,0,1,1,0,0,1,1,0,0,1,1,0,1,1,1,1,0,0,0.522485
0,1,1,0,1,1,1,1,1,0,0,0,1,0,1,0,1,1,0,1,1,0,0,0,0,0,1,0,0,0,1,1,0.610614
1,1,0,1,0,1,0,0,1,0,0,0,1,1,0,0,0,0,1,0,0,1,0,1,0,0,0,1,0,0,0,1,0.685981
1,1,1,1,1,1,1,0,1,1,0,1,0,1,0,1,0,0,1,1,0,1,0,1,0,0,1,1,0,0,1,0,0.831149
0,1,0,0,1,1,1,0,1,0,1,1,0,1,0,1,1,0,1,0,0,0,0,0,0,1,1,0,0,0,1,1,0.556532
1,1,0,0,0,0,1,1,0,0,1,0,1,1,1,0,1,1,0,1,0,1,1,0,1,0,1,0,1,1,0,0,0.573929
0,0,1,0,1,0,1,0,0,1,0,0,0,1,1,0,0,0,0,1,0,1,1,0,1,1,0,0,0,1,0,0,0.786125
0,0,1,0,0,0,1,0,0,0,0,0,0,0,1,1,0,0,1,1,0,0,1,0,0,1,1,1,1,0,0,1,0.608642
0,0,1,1,1,0,0,0,1,1,1,0,1,1,0,1,0,1,1,1,1,1,0,0,1,1,1,1,0,1,0,0,0.828325
1,0,0,0,0,0,1,1,1,1,1,1,1,0,1,1,0,1,1,1,1,0,0,1,1,1,1,1,1,1,1,0,0.558344
0,0,1,1,0,0,0,1,1,0,0,0,1,0,0,1,0,1,1,1,0,0,1,0,1,1,1,0,0,0,1,0,0.631234
1,0,0,0,0,0,0,1,1,0,1,0,0,0,0,1,0,1,0,0,1,0,1,0,0,0,1,0,0,1,0,0,0.548167
0,0,0,0,1,1,0,1,1,1,1,1,0,0,1,1,0,0,1,0,0,1,1,1,1,1,0,1,0,1,1,0,0.782662
1,0,1,0,0,0,1,1,1,1,1,0,1,0,0,1,1,0,1,0,1,1,0,1,0,1,0,1,0,0,0,1,0.766837
0,1,0,0,0,1,1,1,0,1,1,1,1,0,1,0,0,0,0,0,1,1,0,1,1,0,1,1,1,0,1,0,0.524243
1,1,0,1,0,1,0,1,0,1,0,1,1,1,1,0,1,1,0,0,0,0,1,0,1,0,0,1,0,1,1,1,0.683131
0,1,1,1,0,1,0,0,0,0,1,1,0,0,1,1,1,0,0,0,0,0,1,0,0,1,0,0,0,1,0,1,0.686168
0,1,0,1,1,1,0,0,1,1,0,0,1,1,0,0,0,0,0,0,1,0,0,0,1,1,1,0,1,0,1,0,0.887548
1,0,0,1,1,1,1,0,0,0,0,0,0,0,0,1,1,0,1,1,0,0,0,1,0,0,0,0,0,1,0,0,0.850490
1,1,0,0,1,0,0,0,0,0,1,0,0,0,1,0,0,1,1,1,0,1,1,1,1,0,0,0,0,0,1,0,0.622469
0,1,1,1,0,0,1,1,1,1,0,1,0,0,0,1,0,0,0,1,1,0,1,0,0,1,0,0,0,0,0,1,0.611893
0,1,0,0,0,1,0,0,1,0,1,0,1,1,0,0,1,1,1,1,1,1,0,1,1,0,1,0,0,0,1,1,0.562553
0,0,0,0,0,1,0,0,0,1,0,1,1,0,1,1,1,0,0,1,0,0,0,1,0,0,1,1,1,1,1,0,0.545610
1,0,0,1,0,0,1,1,1,0,0,0,0,1,0,1,1,0,1,0,1,0,0,1,0,1,1,0,0,1,1,0,0.569720
0,0,1,1,0,1,1,0,1,0,1,0,1,1,1,0,0,0,1,1,1,0,1,0,1,1,0,0,1,1,0,1,0.566576
1,1,1,0,0,0,1,1,1,1,1,0,1,0,0,1,0,0,0,0,0,1,1,0,1,0,1,1,1,0,1,0,0.535406
0,0,0,0,0,0,1,0,1,1,1,0,0,1,0,1,0,1,0,1,0,0,0,0,1,0,1,0,0,1,1,1,0.797395
1,1,1,0,1,1,1,0,1,1,1,1,1,0,0,0,0,0,0,0,1,1,0,0,1,0,0,0,0,1,0,1,0.556186
0,0,0,1,1,0,1,0,1,1,1,1,0,0,1,1,1,0,1,0,1,1,1,0,1,0,1,0,0,1,1,1,0.580136
0,0,1,1,0,1,0,0,1,0,1,1,0,0,1,1,0,0,0,1,1,0,1,1,0,1,1,1,0,1,0,0,0.690191
1,1,0,0,0,1,0,0,0,1,0,1,1,1,1,1,1,1,0,1,1,0,1,0,0,0,1,1,1,0,1,0,0.563113
1,0,1,0,0,1,1,1,1,1,1,1,1,1,0,1,0,1,1,1,1,1,0,1,1,0,1,0,1,0,0,1,0.676178
1,0,1,0,1,1,1,1,1,1,1,1,0,0,0,0,0,1,1,0,1,0,0,1,0,0,0,1,0,0,0,0,0.601423
0,0,0,1,1,1,0,0,0,1,1,0,0,1,1,1,0,1,0,1,0,0,1,1,0,0,0,0,0,1,1,1,0.616555
1,1,0,0,1,0,0,0,1,1,0,0,0,0,1,0,1,1,0,1,1,0,0,1,1,1,1,1,0,1,0,0,0.734974
1,0,1,0,0,1,1,0,1,0,0,0,1,1,0,1,1,0,1,0,1,0,0,1,0,1,0,0,0,1,1,1,0.616555
0,1,0,0,0,1,0,1,1,1,1,1,1,0,0,0,0,0,0,1,0,1,0,1,1,0,1,0,0,0,0,1,0.575261
1,0,0,1,1,0,0,0,0,1,1,1,1,0,0,1,1,0,0,0,0,1,1,0,1,1,1,0,1,1,0,0,0.827499
1,0,1,0,0,0,0,1,1,0,0,0,0,1,0,0,1,1,0,1,1,0,0,0,1,1,0,1,0,0,1,1,0.736013
1,0,0,0,0,0,1,0,0,1,0,0,0,1,1,0,1,0,0,0,1,0,1,1,1,1,1,1,0,1,0,0,0.548540
0,1,1,0,0,1,1,1,1,0,0,1,1,0,0,0,0,1,1,0,1,0,0,1,0,1,1,1,1,0,1,0,0.785379
1,1,1,1,0,0,1,0,1,1,1,1,1,1,1,1,0,0,1,1,0,1,1,1,1,0,0,1,1,1,0,0,0.601316
0,1,1,0,0,1,1,0,1,0,1,1,1,0,0,0,0,0,0,1,0,1,0,0,1,0,1,0,1,1,1,0,0.644528
1,1,1,0,0,0,0,0,0,1,1,0,1,0,1,1,0,0,0,0,1,1,1,0,0,1,0,0,0,0,0,1,0.859681
0,0,1,1,0,0,0,1,1,1,0,1,1,0,0,1,1,1,0,0,0,0,0,1,1,0,1,1,1,1,1,0,0.679454
1,0,1,1,1,1,0,0,0,0,0,0,0,1,0,1,0,1,1,0,0,0,0,0,0,1,1,0,1,1,1,0,0.641544
1,0,0,1,1,1,1,0,0,1,0,1,0,0,1,1,0,0,0,1,0,1,1,1,1,0,1,1,1,1,1,0,0.827526
0,0,1,0,1,0,1,1,0,1,0,1,1,0,1,0,1,1,1,0,0,0,0,1,1,0,1,1,0,0,0,0,0.569054
0,1,1,1,1,1,1,1,1,0,0,1,0,1,1,0,0,1,1,0,1,1,1,1,0,1,0,0,0,0,1,1,0.553549
1,1,1,0,1,0,0,0,1,1,0,0,1,0,1,0,0,0,1,1,0,0,0,1,0,0,1,1,1,0,0,0,0.557678
1,1,1,0,1,1,0,0,0,1,0,0,0,1,1,1,0,1,1,1,1,0,0,0,1,1,0,0,0,0,0,1,0.729353
0,1,1,1,1,1,1,0,1,0,0,1,1,0,0,0,0,0,0,0,0,1,1,1,1,0,1,1,1,1,0,0,0.536791
1,0,1,0,1,1,0,0,1,0,1,0,1,1,0,1,1,1,0,0,0,1,1,0,1,0,1,0,1,1,0,1,0.628996
1,0,0,0,0,1,1,0,0,1,1,1,1,1,1,0,1,1,0,0,0,1,1,1,1,1,0,1,1,0,1,0,0.688059
1,1,1,1,0,0,1,0,1,1,0,1,1,1,1,0,1,0,0,1,0,1,1,1,0,0,0,1,0,0,0,1,0.679428
0,0,0,1,0,1,0,1,0,1,0,1,1,0,0,1,1,0,1,0,1,0,0,0,0,0,0,1,0,0,1,1,0.609442
1,1,1,0,0,0,0,1,1,0,0,1,1,0,0,1,1,0,1,0,0,1,0,0,1,1,1,0,1,1,0,1,0.850517
0,0,1,1,0,1,1,0,0,0,1,1,1,1,0,1,1,1,0,1,0,1,0,1,1,0,1,0,0,0,1,0,0.739237
0,1,1,0,1,1,1,1,1,0,0,0,1,0,1,1,0,0,0,1,0,0,0,0,0,1,1,1,0,0,1,0,0.558824
1,1,1,1,1,0,1,1,0,1,1,0,1,1,0,1,0,0,0,0,1,1,1,0,0,1,0,0,0,0,1,1,0.617061
1,1,1,0,0,1,1,0,0,1,0,0,1,0,0,0,1,0,1,0,0,0,0,0,1,1,1,0,1,1,1,0,0.689019
1,1,0,0,1,0,0,1,1,0,1,0,1,1,0,1,0,1,1,0,1,0,0,0,0,0,1,0,1,1,0,1,0.696398
0,0,1,0,1,1,0,1,0,1,1,1,1,1,0,1,0,0,0,0,1,0,0,0,1,0,1,1,0,0,0,0,0.610587
1,1,1,1,1,1,0,0,1,0,0,1,1,1,0,1,0,1,0,0,0,1,0,1,1,1,0,1,0,0,1,0,0.833200
1,0,0,0,0,0,1,1,1,1,0,1,0,0,0,0,0,0,1,0,0,0,1,0,1,1,1,0,1,0,1,1,0.552083
0,1,0,0,1,0,1,1,0,1,0,1,0,0,1,1,1,0,0,0,1,1,1,0,1,1,1,1,0,0,0,0,0.558983
0,1,0,1,0,1,1,0,0,0,0,0,1,1,1,0,0,1,0,0,0,1,1,1,0,0,0,0,1,0,1,0,0.476103
0,1,0,0,0,0,1,0,1,1,0,0,0,0,0,1,0,0,0,0,1,1,1,0,0,1,1,0,0,0,1,0,0.552296
1,0,0,1,0,0,1,1,0,0,0,1,0,1,1,1,1,1,0,1,0,1,1,1,0,0,0,1,1,1,0,1,0.837836
0,1,0,0,0,0,1,1,1,1,0,0,0,1,0,1,0,1,1,0,1,1,1,1,1,1,0,0,1,1,0,0,0.513960
1,1,1,1,0,0,0,0,0,0,0,1,1,0,1,1,1,0,1,1,1,1,1,1,1,0,0,0,0,0,0,1,0.546462
0,1,0,1,0,1,1,0,1,1,1,1,1,1,1,0,1,1,0,0,1,0,0,1,0,1,0,0,1,0,0,1,0.616422
1,1,0,1,1,1,0,0,0,1,0,0,1,0,1,0,1,0,0,1,1,0,1,0,0,0,1,0,1,1,0,0,0.551923
1,0,0,0,0,1,0,1,0,0,1,1,1,1,0,0,1,0,0,0,0,1,0,1,0,0,0,0,1,0,1,1,0.614743
0,1,1,0,1,0,1,0,1,0,1,1,0,0,0,0,1,0,0,1,1,1,0,1,0,1,1,0,1,1,0,1,0.622309
1,1,0,0,0,1,0,0,1,0,1,1,0,1,0,0,0,0,1,1,0,0,0,1,0,1,0,0,0,1,1,1,0.709239
0,0,1,1,0,0,1,0,0,0,0,0,1,1,0,0,0,1,1,1,0,0,1,0,1,1,1,1,1,0,1,1,0.546675
1,1,1,0,0,1,0,1,1,1,0,0,1,0,1,1,1,1,1,0,0,0,1,1,0,1,0,0,0,0,1,0,0.800938
0,1,0,1,1,0,1,0,1,0,1,1,1,0,0,0,0,0,0,0,1,0,1,1,0,0,1,1,1,0,1,0,0.484761
