0,0,0,1,0,1,1,0,1,1,1,1,1,1,1,1,0,0,0,0,1,1,1,0,0,0,0,0,0,1,1,0,0.592258
1,0,1,0,0,1,0,1,1,0,1,1,1,1,0,1,0,1,1,0,1,0,0,0,0,1,1,0,1,0,1,1,0.620178
1,1,1,0,0,0,1,0,1,1,0,0,0,1,0,0,0,0,1,0,0,1,0,1,1,1,0,0,0,0,0,1,0.581362
1,0,1,0,0,0,1,0,0,0,1,0,0,1,1,1,0,1,0,0,1,0,1,0,0,0,0,0,0,1,1,0,0.590074
1,0,1,1,1,0,0,1,1,0,0,1,1,1,1,1,0,0,1,0,1,1,1,0,0,1,0,0,1,0,1,1,0.643249
1,0,0,1,1,1,0,1,1,1,0,0,0,1,1,0,1,0,0,1,1,0,0,1,1,1,0,1,0,0,1,0,0.613411
0,1,0,0,0,1,0,1,1,1,1,1,1,1,1,1,1,1,1,0,1,0,0,0,1,0,0,1,0,0,0,1,0.638187
1,0,1,1,1,0,0,1,1,1,0,0,1,0,1,1,1,0,1,0,0,1,0,1,0,1,0,0,1,0,1,0,0.636988
1,1,1,0,1,1,1,1,1,0,0,0,0,0,1,0,1,1,0,1,0,1,1,1,1,0,0,1,0,1,0,0,0.661685
0,1,1,1,0,1,0,1,1,1,0,1,0,0,1,1,1,1,1,1,1,1,0,0,0,0,1,0,1,0,0,0,0.659553
1,1,1,0,1,0,0,0,0,0,0,1,1,1,1,0,1,0,1,0,1,1,1,0,1,0,1,0,1,1,1,0,0.708973
0,0,0,0,0,0,1,0,0,1,0,1,0,0,0,0,1,0,1,1,0,1,1,1,1,1,0,0,0,1,0,1,0.549179
0,1,1,1,1,0,1,1,1,0,1,1,1,1,1,1,1,1,0,1,1,0,0,1,0,0,0,1,1,0,1,1,0.675218
0,0,1,0,1,1,0,0,0,0,0,1,0,1,1,0,0,1,0,1,1,1,0,1,0,0,0,1,0,0,0,0,0.505941
1,0,0,0,1,1,0,0,0,0,0,0,1,0,1,1,1,1,0,1,0,0,0,1,0,0,1,1,1,0,0,0,0.547901
1,0,0,1,0,0,0,1,1,1,1,0,1,1,0,1,1,1,1,0,1,1,0,0,0,1,1,1,0,0,1,1,0.649936
0,0,1,1,0,0,1,1,0,1,1,0,0,1,0,0,1,0,1,1,1,1,0,1,0,0,1,1,1,1,0,1,0.708200
0,0,0,1,1,0,0,0,1,1,1,1,0,0,1,0,0,1,1,1,1,0,1,0,1,0,1,1,1,0,1,1,0.660592
0,1,1,1,0,0,1,0,1,1,1,0,0,1,1,1,1,0,1,0,0,0,1,1,1,1,1,1,0,0,1,1,0.630648
1,0,0,1,0,0,1,0,0,1,1,1,1,1,1,1,1,1,1,1,1,1,1,0,0,0,0,1,0,1,0,0,0.643835
1,1,0,0,1,1,1,0,0,0,0,0,1,0,1,1,1,1,1,1,1,0,0,1,1,1,0,1,0,0,0,0,0.641118
0,1,0,0,0,0,1,0,1,1,0,1,1,1,1,0,0,0,1,1,0,1,0,1,0,1,0,1,1,1,0,1,0.655877
1,1,1,0,0,1,0,0,1,0,1,0,0,0,1,1,1,0,1,0,0,0,0,0,0,1,1,1,1,0,0,1,0.631127
0,1,0,1,1,0,1,0,0,1,1,0,1,1,0,0,1,0,1,1,0,1,1,1,0,0,1,0,1,1,0,0,0.621164
0,0,1,0,1,0,1,0,1,1,0,1,1,0,1,0,0,0,0,1,0,0,1,1,0,1,1,0,1,0,1,1,0.628650
1,1,0,1,0,0,1,1,0,0,1,0,0,0,0,1,1,0,1,0,0,1,0,1,0,1,1,1,1,1,1,1,0.628330
1,1,1,0,1,0,0,1,1,1,1,0,0,0,0,0,1,1,1,0,0,1,0,1,0,0,1,1,0,0,1,0,0.641011
0,1,0,0,1,1,1,1,0,0,0,1,1,1,1,0,1,0,1,1,1,1,1,0,0,0,1,1,1,0,0,1,0.630009
1,0,1,1,1,1,0,1,1,0,0,1,0,0,1,1,1,0,0,1,1,1,1,0,1,0,1,0,0,1,0,1,0.594230
1,0,0,0,0,1,0,1,0,1,1,0,1,1,0,0,0,1,0,0,1,0,1,0,1,1,0,1,0,0,1,1,0.623029
1,1,1,1,1,0,1,1,1,1,1,1,0,1,1,0,0,0,1,1,0,0,1,0,0,1,0,1,1,0,0,1,0.636589
1,0,1,1,1,0,1,1,0,0,0,1,0,1,0,0,0,0,0,1,1,0,1,1,1,1,0,0,0,0,0,1,0.661632
1,0,0,1,1,0,1,1,0,1,0,1,0,0,1,0,0,1,1,1,0,0,1,0,0,1,1,1,0,0,1,1,0.674739
1,1,1,1,1,0,1,0,1,0,1,1,1,0,1,1,0,0,1,0,1,1,0,0,0,1,1,0,0,1,1,0,0.717658
0,0,1,1,0,1,0,0,0,1,0,0,1,1,0,1,0,0,0,0,1,0,1,0,1,0,1,1,1,1,1,1,0.647405
0,0,1,0,0,1,1,0,0,0,1,1,0,0,1,1,0,0,1,0,1,1,1,0,1,1,1,0,1,1,0,0,0.609415
0,1,1,0,1,1,1,1,1,1,1,1,0,1,0,0,0,1,0,0,1,1,1,0,0,1,1,1,1,0,1,0,0.644075
0,1,1,0,1,0,1,1,0,1,1,0,0,0,1,1,1,0,1,1,1,0,0,0,1,0,1,0,0,1,0,1,0.651908
0,0,0,0,0,0,0,1,1,0,1,0,1,0,1,0,1,1,1,0,0,0,1,0,1,0,0,1,1,0,1,0,0.657289
0,1,0,0,0,0,0,1,0,1,0,0,1,0,0,0,1,0,1,1,0,0,0,0,0,0,1,0,1,1,0,1,0.592365
0,0,0,0,1,1,1,0,1,0,0,1,1,1,0,0,1,0,0,0,1,1,1,1,0,1,0,1,1,1,1,0,0.642929
0,0,0,0,1,1,1,1,0,1,1,1,1,0,1,0,0,1,0,1,0,0,1,1,1,0,0,1,1,0,0,1,0.588928
0,1,0,0,0,0,1,1,1,1,1,0,1,0,0,0,0,1,0,0,0,0,0,1,0,1,1,0,1,1,0,0,0.629183
0,0,0,0,0,0,1,0,1,0,0,0,1,1,1,0,0,0,0,0,0,0,1,0,0,0,1,0,1,0,1,0,0.499867
0,1,0,1,0,0,0,0,0,0,1,0,1,1,1,1,0,0,0,0,1,0,1,0,0,0,1,0,0,1,1,0,0.566576
1,0,0,1,0,1,0,1,1,0,0,1,1,1,1,1,1,1,0,1,1,0,1,1,0,0,0,1,1,0,1,0,0.638827
0,0,0,1,1,0,1,1,1,0,1,1,0,1,1,1,0,0,1,0,1,0,1,1,1,0,0,0,0,1,1,1,0.591779
1,0,0,0,0,0,0,0,0,0,0,0,0,0,0,1,0,0,0,1,0,1,1,1,1,1,1,0,0,1,0,1,0.605712
1,0,0,1,1,1,0,0,1,1,1,0,1,1,0,0,1,0,0,0,0,1,1,0,1,1,1,1,1,0,1,0,0.647885
1,0,0,1,0,1,0,1,0,0,0,0,0,1,0,1,1,0,1,1,0,1,0,1,0,0,1,1,0,1,0,0,0.616581
1,0,0,1,1,1,1,1,1,1,1,1,0,0,1,0,1,0,0,0,1,0,1,0,0,1,0,1,0,0,1,1,0.649030
0,0,0,0,0,0,0,0,0,1,0,1,0,1,0,0,1,0,1,0,1,1,0,0,0,1,1,1,1,1,0,0,0.589274
0,1,1,1,0,1,0,0,1,0,1,0,1,0,1,0,0,0,0,1,1,0,0,1,1,1,1,0,0,1,1,1,0.632220
0,0,0,0,0,1,1,0,1,0,0,1,0,1,0,1,0,0,0,1,0,0,1,0,1,1,1,1,1,0,1,0,0.512388
0,0,0,1,1,1,1,0,0,1,0,0,0,0,1,0,1,0,1,0,1,1,1,1,1,0,1,0,0,1,0,1,0.632939
0,0,1,1,0,1,1,0,1,0,1,1,0,1,1,1,0,1,0,1,1,1,0,1,1,0,1,0,0,1,0,0,0.638747
0,1,1,0,0,1,1,1,0,1,0,0,0,1,1,1,0,0,1,1,1,0,1,0,0,1,1,0,0,0,1,0,0.601902
0,0,0,1,0,1,1,1,1,1,1,0,1,0,1,0,1,0,1,1,0,0,1,0,1,1,0,1,1,1,1,1,0.657449
1,0,1,1,1,0,0,1,1,0,0,1,0,1,1,1,1,0,1,0,1,1,1,0,1,0,1,0,1,1,0,0,0.635603
1,1,1,1,0,0,1,0,0,0,0,1,0,1,1,1,0,1,1,1,0,0,1,1,0,0,1,0,1,1,1,1,0.547714
0,1,1,1,0,1,0,1,0,0,0,0,1,0,1,0,0,0,1,0,1,0,1,1,0,0,0,1,0,0,0,0,0.610028
1,0,0,1,1,0,0,1,1,0,0,0,0,1,1,1,0,0,1,0,0,1,1,1,1,0,0,0,0,1,1,0,0.596814
1,1,0,0,1,0,1,1,1,0,1,1,0,0,1,0,1,1,1,0,1,0,0,1,1,0,1,1,1,1,0,0,0.941789
1,1,0,1,0,1,0,0,1,0,1,1,0,0,1,0,0,0,0,0,0,0,1,1,0,0,0,1,1,0,1,1,0.629289
0,0,1,1,1,0,0,0,0,1,0,0,1,1,0,1,1,1,1,0,0,0,1,0,0,0,0,0,1,0,0,0,0.610934
1,0,0,0,1,1,1,0,1,1,1,1,1,0,1,0,0,1,1,1,1,1,1,1,0,0,1,0,0,0,0,0,0.653293
0,0,1,1,1,1,0,1,0,0,0,0,1,1,1,1,0,0,1,1,1,0,0,1,0,0,0,1,0,0,1,0,0.600277
0,0,1,1,0,1,1,0,1,0,0,1,0,1,1,1,0,1,0,1,1,0,1,0,0,0,1,0,1,0,1,0,0.612159
0,0,1,0,0,0,1,1,0,0,0,0,1,0,0,1,0,0,0,0,0,1,0,1,0,0,1,0,1,1,0,0,0.491155
1,1,0,0,1,1,1,1,0,1,1,1,0,0,0,1,1,0,0,1,0,1,1,0,0,0,0,0,1,0,1,0,0.636456
0,1,0,0,0,1,1,0,1,1,1,0,0,0,1,0,0,0,0,1,1,1,0,1,0,0,0,1,1,1,1,0,0.628463
0,0,0,0,1,0,1,0,0,0,1,0,0,1,1,1,1,1,0,0,1,1,0,0,0,1,0,1,0,0,1,1,0.618846
1,1,0,0,1,1,1,0,1,1,1,0,0,1,0,1,0,0,0,1,1,1,1,0,0,0,1,1,0,0,1,0,0.626412
0,0,0,0,0,0,0,0,0,1,0,1,1,0,0,1,0,1,1,0,0,0,1,1,1,1,0,1,0,0,1,0,0.515532
0,0,1,0,1,1,0,1,1,1,0,1,0,0,0,1,0,0,0,0,0,1,0,1,1,0,1,0,0,0,0,0,0.603980
0,0,0,0,1,1,0,0,1,0,0,0,0,1,0,0,0,1,1,0,1,1,1,1,0,1,0,0,1,0,1,0,0.534926
1,0,0,1,1,0,0,0,1,1,1,1,1,1,0,0,1,1,0,1,1,0,0,1,0,1,0,1,0,1,1,0,0.656383
0,1,1,0,1,0,1,1,1,0,1,0,0,1,0,0,0,0,1,1,1,1,0,0,0,1,1,0,0,0,0,0,0.638907
0,0,1,1,0,0,1,1,0,1,0,0,0,0,1,1,0,1,0,1,1,1,1,0,0,1,0,1,0,0,0,0,0.632539
0,1,0,0,0,0,0,1,1,1,1,1,1,0,1,1,0,0,1,1,0,0,0,0,1,0,0,0,1,1,0,0,0.596414
1,1,1,0,0,1,1,1,0,0,0,0,0,1,1,0,0,1,0,0,1,0,1,1,1,1,1,0,1,0,0,0,0.648551
0,0,0,1,0,0,0,0,1,0,0,1,1,1,1,1,0,1,0,1,0,1,1,0,0,0,0,1,0,0,0,0,0.563193
1,0,1,1,1,0,1,0,1,0,1,0,0,0,1,1,1,1,0,1,1,1,1,1,1,1,0,1,0,0,0,0,0.678309
0,1,1,1,0,0,0,1,1,1,1,0,1,1,1,1,1,1,1,1,0,0,1,0,1,1,1,1,0,1,1,0,0.650735
0,0,1,1,1,0,0,0,1,1,1,0,1,0,0,0,1,0,1,0,0,0,0,1,0,0,0,1,0,0,1,0,0.647112
1,0,0,0,1,1,1,0,1,0,0,1,1,1,0,0,0,1,0,0,0,0,1,1,1,1,0,0,0,0,0,1,0.617594
0,1,1,0,1,1,1,0,1,0,0,1,1,1,1,1,0,0,0,0,0,1,0,1,1,1,1,0,0,1,1,1,0.714541
0,1,1,1,1,1,1,1,1,0,1,1,0,1,0,0,0,1,1,1,1,0,0,1,1,0,1,0,1,1,0,1,0.647725
1,1,1,1,1,0,0,0,0,0,1,0,0,0,1,1,0,0,1,0,1,1,1,1,0,1,0,0,0,1,0,1,0.628303
1,0,1,0,1,1,1,1,1,0,1,1,0,1,1,0,1,0,0,0,1,0,1,1,1,0,0,0,0,0,0,1,0.620071
0,1,0,0,1,0,0,0,0,0,0,0,1,0,0,1,1,1,1,0,1,0,1,0,1,0,1,1,0,0,1,1,0.672448
0,0,0,0,0,0,0,0,1,0,0,1,1,0,1,0,0,0,1,1,0,1,0,1,0,0,1,1,0,1,0,0,0.532289
0,1,0,0,0,0,0,0,1,1,1,0,1,1,1,0,0,1,1,0,1,0,0,1,0,0,1,0,0,0,0,0,0.621457
1,1,0,1,0,1,0,0,1,0,0,1,1,0,0,1,0,1,0,1,0,1,0,0,1,1,0,0,0,1,1,0,0.617700
1,1,0,0,1,1,1,1,0,0,0,0,0,0,0,0,1,1,0,0,1,1,1,1,0,1,0,0,0,1,1,0,0.588289
1,1,1,0,1,0,1,0,1,0,1,1,0,0,0,1,1,1,1,0,1,0,1,0,0,1,0,0,0,1,1,0,0.643995
1,1,0,0,1,1,1,0,1,0,0,1,0,0,0,0,0,1,0,0,0,0,1,0,0,0,1,1,0,1,0,1,0.636083
1,1,1,0,0,1,0,1,0,0,0,1,1,0,1,1,1,0,1,1,0,0,0,1,1,1,0,1,1,1,0,0,0.627025
1,1,0,0,1,0,1,0,1,0,1,0,1,1,1,1,0,0,0,1,0,0,0,1,1,0,0,1,1,0,1,1,0.642850
0,1,1,0,0,1,0,0,1,1,0,1,1,1,1,1,0,1,0,1,0,1,0,0,0,0,0,0,1,1,0,0,0.616635
0,1,1,1,0,0,1,1,0,0,0,0,1,0,1,1,1,0,1,1,1,0,1,1,0,1,0,0,0,0,0,0,0.619006
1,0,0,1,1,0,0,0,0,0,0,1,0,0,0,1,1,1,0,0,1,1,0,1,0,0,0,0,0,1,0,0,0.552217
0,1,0,1,1,0,0,1,1,0,1,1,1,1,1,0,0,1,1,0,1,1,0,0,0,0,0,0,0,0,1,0,0.622096
1,1,0,0,1,1,1,0,1,1,0,0,0,0,0,0,0,1,0,0,1,0,0,1,0,0,1,1,1,0,0,0,0.656410
1,0,0,1,0,1,0,0,1,1,1,0,0,1,0,1,0,0,0,1,0,0,1,0,0,0,0,0,1,1,0,1,0.612878
1,0,1,0,0,0,1,0,0,1,1,1,1,1,1,1,1,0,1,1,0,1,0,1,1,1,0,1,0,0,1,1,0.677057
0,1,1,0,1,0,0,0,0,0,1,0,0,1,1,1,1,1,1,1,1,0,1,1,1,1,1,0,1,0,1,1,0.645007
0,0,1,0,0,0,0,1,1,1,1,0,0,1,0,1,0,0,0,0,1,0,1,1,1,1,1,0,0,0,0,0,0.581788
1,1,0,1,1,1,1,0,1,1,1,1,0,0,0,0,1,0,0,0,0,0,1,0,1,1,0,0,1,1,1,1,0.629263
1,1,0,1,0,0,1,0,0,1,1,1,1,0,1,0,0,0,0,0,0,1,1,1,1,0,1,1,0,1,0,1,0.638321
0,1,1,0,1,0,0,1,0,0,0,1,0,0,0,1,1,1,0,1,0,0,1,0,1,0,1,0,1,0,1,0,0.603581
0,0,0,1,0,0,0,0,1,0,0,0,1,1,0,0,1,1,1,1,1,0,1,0,0,0,1,1,0,0,0,1,0.593430
1,0,0,0,0,0,0,0,0,1,0,1,0,0,0,1,0,1,0,0,1,0,0,1,0,1,1,0,0,0,1,0,0.601796
0,1,1,0,1,0,1,0,0,0,0,0,1,1,1,0,1,1,0,1,0,1,0,0,1,0,0,0,1,0,0,1,0.636003
0,1,1,1,1,0,1,0,1,1,0,1,1,1,0,0,1,0,0,1,0,1,1,0,1,0,1,0,1,1,0,1,0.627717
1,1,0,1,1,1,1,1,1,0,0,1,1,0,1,1,1,1,0,1,0,1,0,1,0,1,1,0,1,1,1,0,0.641944
0,0,0,1,0,1,1,1,1,1,1,0,0,1,1,0,0,0,1,0,0,1,0,0,1,1,0,1,0,1,1,1,0.636909
1,0,0,0,0,0,1,0,0,1,0,0,0,1,1,1,0,1,1,0,1,1,0,0,0,0,1,1,0,1,1,1,0.633978
0,1,1,0,1,0,0,0,0,0,1,0,0,0,0,1,1,1,0,1,0,1,1,1,1,1,0,1,0,0,1,0,0.630009
0,1,0,1,0,1,0,1,0,0,0,0,1,1,0,0,1,0,1,0,0,1,0,0,0,1,0,0,1,1,1,1,0.655611
0,1,0,0,0,1,1,1,0,1,1,1,0,1,0,0,0,1,0,0,1,0,0,0,1,1,1,1,0,1,0,1,0.654998
0,1,1,0,0,0,0,1,0,1,1,1,0,1,0,0,0,0,1,1,0,0,0,0,1,0,1,0,0,0,0,0,0.555893
1,1,0,0,0,1,1,1,1,0,1,1,0,1,1,0,0,1,0,0,1,0,1,0,1,1,0,1,0,0,0,1,0.654252
1,0,1,1,0,0,0,1,1,1,1,1,1,0,1,1,0,1,0,0,0,0,1,0,1,0,0,0,0,1,1,0,0.608962
0,1,1,1,1,1,1,1,1,1,1,1,0,0,0,0,1,0,1,0,1,0,1,0,0,1,1,0,1,1,1,1,0.662058
0,1,0,1,1,0,0,1,1,1,1,1,1,0,0,0,0,1,0,1,1,1,0,1,0,1,0,1,1,0,0,0,0.687686
1,0,0,1,0,1,1,0,0,1,1,1,1,1,0,1,0,1,0,0,1,0,1,1,0,1,0,0,0,0,1,1,0.628756
0,1,1,1,0,0,0,1,1,0,0,1,1,1,1,1,0,0,0,1,0,1,1,1,0,1,0,0,1,0,0,1,0.703085
