0,0,1,1,0,1,1,0,1,0,0,1,1,0,1,1,1,0,1,1,1,1,0,1,0,0,1,0,0,0,0,0,0.611386
1,0,0,0,1,1,1,0,1,1,1,1,1,1,1,0,1,0,0,0,1,0,0,1,0,0,0,0,0,0,1,0,0.597799
1,0,0,0,1,0,0,0,1,0,0,1,0,1,1,1,0,0,0,0,0,0,1,0,1,1,1,0,1,1,0,0,0.547608
0,0,0,0,1,1,1,0,0,0,1,0,1,1,1,1,1,1,0,0,0,0,0,0,0,0,0,1,1,0,0,1,0.553362
1,0,0,0,1,1,0,1,0,1,1,0,0,1,0,1,1,0,0,1,1,0,1,1,0,0,1,0,1,1,1,0,0.608669
1,0,1,0,1,0,0,1,1,1,1,0,0,0,1,0,1,1,0,0,1,0,1,1,0,1,0,1,1,0,0,0,0.590553
0,0,1,1,1,1,0,0,0,1,0,0,0,0,1,0,1,1,0,1,0,1,0,0,1,0,0,1,0,0,1,0,0.576087
1,1,1,0,0,1,0,0,1,1,0,0,1,1,0,0,1,1,0,0,1,0,1,1,0,0,0,1,0,1,0,1,0.640905
0,1,1,1,1,1,1,0,0,1,0,0,1,0,0,1,0,1,1,0,1,1,0,1,0,1,1,0,1,0,1,1,0.722879
0,1,1,1,1,1,0,1,0,0,0,1,1,1,1,0,1,0,0,1,1,1,1,0,0,1,1,1,0,1,0,0,0.626652
0,0,1,0,0,1,1,0,1,1,1,1,1,1,0,1,0,0,0,1,1,1,0,0,0,1,1,0,0,0,1,0,0.542040
1,1,1,0,0,0,0,1,0,1,0,0,1,0,1,0,0,1,0,1,0,0,1,0,0,1,0,0,0,1,0,0,0.586264
1,0,0,1,1,0,1,1,0,0,1,0,0,0,1,1,0,1,1,0,0,1,0,0,1,1,1,1,1,1,1,0,0.694347
0,1,1,0,0,1,1,0,0,0,1,1,0,1,0,1,1,1,0,1,1,0,1,0,0,0,1,0,1,0,1,0,0.594096
1,0,1,1,1,0,0,1,0,0,1,1,0,0,0,1,0,0,0,0,0,0,0,0,1,0,1,1,1,0,0,0,0.537058
1,0,1,0,1,0,0,1,0,1,0,0,0,1,1,1,0,0,1,0,0,0,0,1,0,1,0,1,1,0,1,1,0.734548
0,0,1,1,0,0,1,1,0,1,1,1,1,0,1,1,1,0,0,1,1,1,0,1,0,0,1,1,0,0,1,1,0.740942
0,1,1,1,0,1,0,0,0,1,0,1,0,0,1,1,0,1,0,0,1,0,0,1,1,1,0,0,1,1,1,0,0.596734
1,1,0,0,1,1,0,0,0,0,1,1,1,1,1,0,0,0,1,0,1,0,1,1,0,1,1,0,1,1,1,1,0.685076
0,0,0,0,0,1,1,1,0,1,0,1,0,1,0,1,1,1,1,0,0,1,1,1,0,0,1,0,1,0,1,0,0.611919
1,0,0,0,1,1,1,1,0,0,0,1,0,0,0,1,1,1,0,1,1,0,0,1,0,1,0,1,0,1,1,1,0.771712
0,0,1,1,1,1,0,0,0,1,0,0,0,1,0,1,0,0,0,0,1,1,1,1,0,0,0,1,1,1,0,0,0.508499
1,0,1,1,1,1,1,0,1,1,0,1,0,0,0,0,1,0,0,1,1,1,0,0,1,1,1,0,1,0,1,0,0.642050
1,1,0,0,1,1,0,0,0,1,0,1,0,0,0,1,1,0,0,0,1,0,0,1,1,0,0,0,1,0,0,1,0.598599
1,1,1,1,1,1,1,0,0,0,1,1,0,0,0,0,0,0,1,1,0,1,0,1,0,0,0,1,1,1,1,0,0.611147
0,0,1,0,1,1,0,1,1,0,0,1,0,0,0,0,0,0,1,0,0,1,1,0,0,1,0,0,1,1,1,0,0.455030
1,0,0,0,0,1,0,1,1,1,1,1,0,1,0,0,1,0,1,0,0,1,0,0,0,1,0,0,0,0,0,0,0.719096
1,1,1,0,0,1,0,0,0,0,0,1,0,1,0,0,0,1,0,1,1,1,1,1,1,0,1,0,1,1,0,0,0.628170
1,1,1,0,0,1,1,1,1,0,0,0,1,1,1,1,1,0,0,0,1,1,1,0,1,1,0,0,0,0,0,1,0.598998
1,0,1,0,1,1,1,1,0,0,0,0,0,1,0,0,0,1,0,1,0,0,1,0,0,1,1,1,1,0,0,1,0.617088
1,0,1,1,1,1,1,1,1,0,0,1,0,0,1,0,1,0,1,0,0,1,0,1,0,0,0,0,0,1,1,1,0.639226
1,0,0,1,0,0,0,1,1,1,0,0,0,1,0,0,0,0,0,0,1,1,0,1,0,0,0,1,1,0,0,1,0.560955
0,0,0,0,1,1,0,0,1,0,0,1,1,1,0,0,1,1,1,1,1,0,0,1,0,1,1,0,1,0,0,1,0.633871
1,1,0,1,0,1,0,0,0,1,0,0,1,0,1,0,0,0,1,0,1,1,0,1,1,0,0,0,0,0,0,1,0.552749
0,1,0,0,1,0,1,1,1,0,1,1,1,0,1,0,0,1,0,0,1,1,1,1,0,1,1,1,0,0,0,1,0.651934
0,0,0,1,1,1,0,0,1,1,0,1,0,0,0,0,1,0,1,1,1,0,0,1,0,1,1,0,0,1,1,0,0.592738
1,1,0,1,0,1,0,1,1,0,1,0,0,1,0,0,0,0,0,0,0,0,1,0,1,0,0,0,0,1,1,1,0.576300
1,1,1,1,1,1,1,0,1,0,1,0,0,1,0,1,0,1,1,1,1,0,1,0,1,1,0,0,0,1,0,0,0.673061
0,1,0,1,1,0,1,0,1,0,0,1,0,1,1,1,1,0,0,1,1,0,1,1,0,1,1,1,1,0,0,0,0.648284
0,0,0,0,0,1,1,1,1,0,1,1,0,1,1,1,0,1,0,0,0,0,1,0,1,0,1,1,1,0,0,1,0.637814
0,0,0,0,0,1,0,1,1,0,1,0,1,0,1,0,1,1,1,1,1,0,1,0,1,0,1,0,1,1,0,0,0.581628
0,0,0,1,1,0,0,1,1,1,1,1,1,1,0,0,0,1,0,1,0,1,0,0,0,0,1,1,1,0,0,1,0.615516
0,0,0,0,0,1,0,1,1,1,1,0,0,0,0,1,0,1,0,1,1,1,1,1,1,1,1,0,0,0,0,0,0.484282
1,0,0,0,1,1,1,1,1,0,0,1,0,1,1,1,1,0,1,1,0,1,1,1,1,1,1,0,0,0,1,0,0.688832
1,1,0,1,0,1,1,1,1,0,1,0,0,1,0,0,0,0,1,0,0,1,0,0,1,0,1,1,0,1,1,1,0.593430
1,1,0,0,0,0,0,1,0,1,0,1,1,0,0,0,1,0,1,1,0,1,0,0,1,0,1,1,1,0,0,1,0.599851
0,1,0,0,0,1,1,0,1,1,1,0,1,0,1,0,0,0,0,1,1,0,0,0,1,0,0,1,0,0,1,0,0.565271
0,0,1,0,0,1,0,0,0,0,1,1,1,1,1,1,0,1,0,0,0,0,1,0,0,1,1,0,1,1,1,1,0.900202
0,0,0,0,1,0,1,1,0,1,0,1,0,0,0,0,1,0,0,0,0,1,0,0,1,0,1,1,0,1,1,1,0.560315
0,0,1,1,1,1,1,1,1,1,1,0,1,0,0,1,1,0,1,1,0,1,0,1,0,0,0,1,1,1,1,1,0.773817
1,0,1,1,0,1,0,0,1,0,1,1,1,0,0,1,0,1,1,1,1,0,1,0,0,1,1,0,1,0,1,1,0.694880
0,0,1,1,0,0,1,0,1,1,1,0,0,1,1,1,1,1,0,1,1,0,0,0,1,1,0,0,1,1,1,1,0.871697
0,0,0,1,0,0,0,0,0,0,1,0,1,1,0,1,1,1,0,1,0,0,0,0,0,0,1,1,0,0,0,1,0.515638
0,1,0,0,0,1,0,1,0,0,0,0,0,1,0,1,1,0,0,0,1,1,1,1,0,1,0,1,0,1,0,0,0.504822
1,0,0,1,1,0,1,1,0,1,0,0,1,0,1,0,0,1,1,1,0,1,1,1,1,1,0,0,1,1,0,1,0.668505
1,0,1,0,1,0,1,1,1,1,1,0,0,0,0,0,1,0,1,1,0,0,1,1,1,1,1,0,0,0,1,0,0.615303
1,0,0,0,1,1,0,0,1,0,1,0,0,1,0,1,0,0,1,1,0,0,1,1,1,1,0,1,0,0,0,1,0.663550
1,1,1,0,0,1,0,1,1,1,1,1,1,1,1,1,1,0,0,0,1,0,0,0,1,1,1,0,0,1,1,0,0.664402
1,1,0,1,1,1,0,1,1,1,1,0,1,0,1,0,0,1,1,1,1,1,0,1,0,1,1,1,0,0,1,1,0.687953
0,1,1,0,0,1,1,0,0,1,0,1,1,1,0,0,1,1,0,0,1,1,0,0,1,0,0,0,1,1,1,0,0.603954
0,1,0,0,1,0,1,0,0,0,1,1,1,0,1,0,0,1,1,0,0,0,1,0,0,1,1,0,0,1,0,0,0.549153
1,1,0,0,1,0,0,0,0,1,1,1,1,0,1,1,0,0,0,0,1,0,1,1,1,1,0,1,1,0,0,1,0.701460
1,0,0,0,0,0,1,0,1,1,1,1,1,1,1,0,0,0,0,1,1,0,1,1,1,0,0,0,0,1,0,0,0.598386
0,0,0,1,1,0,1,1,1,0,0,0,1,1,0,1,0,0,1,0,0,1,1,1,1,1,1,1,1,0,1,0,0.671595
0,1,0,0,0,1,0,1,1,1,1,1,1,0,0,1,0,0,0,0,1,0,0,0,0,1,1,0,0,0,0,0,0.511589
1,0,1,0,1,0,0,1,1,0,0,0,1,1,1,1,0,0,1,0,1,0,1,0,0,0,1,1,1,1,0,0,0.594336
0,0,0,0,1,1,0,1,1,1,0,1,1,1,0,1,0,1,0,1,0,1,0,0,0,0,1,0,1,1,1,1,0.727462
1,0,0,0,1,0,0,0,1,0,0,0,1,0,0,0,0,0,1,1,1,0,0,0,0,1,1,1,0,1,0,1,0.627078
0,0,0,0,0,0,1,1,1,1,0,0,1,1,0,0,0,1,0,0,0,1,0,0,0,0,1,0,1,0,0,1,0.450394
1,0,1,0,0,0,1,0,0,1,0,1,1,1,1,0,1,0,1,1,1,0,0,1,1,0,0,1,0,0,1,0,0.601822
0,1,1,0,1,1,1,0,1,0,0,1,0,1,1,0,0,1,1,0,0,1,0,1,0,0,0,1,0,1,1,0,0.562926
1,0,0,1,1,1,0,0,0,0,1,0,1,0,1,1,1,0,0,1,1,0,1,0,0,1,0,0,1,0,0,1,0.577952
1,0,1,1,1,1,1,0,0,1,0,0,1,0,1,0,1,1,0,0,1,0,1,1,0,0,1,0,0,1,0,1,0.597986
1,1,0,1,0,1,0,1,1,1,0,0,0,1,0,0,0,0,1,0,0,0,1,1,0,1,0,1,1,1,1,1,0.696665
0,1,0,1,1,1,1,1,0,0,1,1,0,0,0,0,1,1,1,1,1,1,0,0,1,1,0,0,0,1,1,0,0.616235
0,1,0,0,0,0,1,1,1,1,1,1,1,0,1,1,0,1,1,1,0,1,0,0,1,1,1,0,1,0,1,1,0.787591
1,1,0,1,1,0,1,0,1,1,1,0,1,1,0,0,1,0,1,0,0,1,1,0,1,0,0,0,0,0,1,0,0.740010
1,1,0,1,1,1,1,1,0,0,0,1,1,1,0,1,1,1,0,1,1,1,1,1,1,0,1,0,0,0,1,0,0.670396
1,1,1,0,1,1,0,0,1,0,1,1,1,0,0,0,0,1,1,0,1,0,0,1,0,0,0,1,0,0,1,0,0.637228
0,0,0,1,0,0,0,0,1,0,0,0,0,1,1,1,1,0,1,0,1,0,1,1,1,1,1,1,1,0,1,0,0.616448
0,0,0,1,1,1,0,0,1,0,0,0,1,1,1,0,1,1,0,1,0,0,1,1,0,1,1,1,0,0,0,0,0.568308
1,0,0,1,1,1,0,0,0,1,0,0,1,1,0,0,0,0,1,1,1,0,1,1,1,0,0,0,0,0,1,0,0.618233
1,1,0,0,1,1,1,0,0,1,0,1,1,1,1,0,1,1,1,0,0,1,1,1,1,1,0,0,1,0,0,1,0.647139
1,1,1,0,1,0,0,0,1,1,1,0,1,1,0,1,1,0,0,1,1,0,0,0,0,0,1,1,1,1,1,1,0.739077
1,1,1,1,1,0,1,0,1,0,0,1,0,0,1,0,0,0,0,0,1,1,1,0,1,1,1,0,1,0,0,1,0.619912
0,1,0,0,0,0,0,0,1,1,1,1,0,1,0,0,0,1,0,1,1,1,0,0,0,1,1,1,0,1,0,0,0.498029
0,1,0,1,1,1,0,0,1,1,0,0,1,1,1,0,0,0,0,0,0,1,1,1,0,1,1,1,1,1,0,1,0.682971
1,1,1,0,0,1,1,1,1,1,1,0,0,0,1,0,0,1,1,0,0,1,0,0,1,1,0,0,1,1,0,0,0.618819
0,1,0,0,0,1,1,1,1,1,1,1,1,0,1,1,0,0,1,1,1,0,0,1,0,1,0,1,0,1,0,0,0.582454
1,1,0,1,0,0,0,1,1,1,0,0,1,0,0,0,1,0,0,1,1,0,1,0,0,1,0,0,1,0,1,1,0.672288
1,1,0,0,1,0,1,0,1,0,1,1,0,1,0,0,0,1,0,0,0,0,1,1,0,1,1,0,1,0,0,0,0.628037
0,0,1,1,0,0,1,0,1,1,0,1,0,0,1,0,1,1,0,0,1,0,1,0,1,0,0,1,1,0,1,0,0.601130
0,1,1,1,0,1,0,1,0,0,0,0,0,1,0,1,0,1,1,0,1,0,0,0,1,0,1,0,1,1,0,0,0.544118
0,0,0,0,1,1,0,0,0,0,1,0,1,0,0,1,1,1,1,1,1,1,1,0,1,0,0,0,0,1,0,0,0.589834
1,0,0,0,1,0,1,1,1,1,0,1,0,1,1,0,0,1,0,1,1,1,0,1,0,1,1,1,0,1,0,0,0.596974
1,0,0,1,1,0,1,0,0,1,1,0,0,0,1,0,0,1,0,1,0,0,0,0,1,1,1,1,1,1,1,1,0.770274
1,0,1,0,0,1,0,0,0,0,1,1,1,0,0,1,1,0,0,0,0,0,1,1,1,0,0,0,1,0,0,0,0.589994
1,1,0,1,1,0,1,0,1,0,1,1,1,1,1,0,0,1,0,0,1,1,1,0,0,1,1,1,1,0,1,1,0.665521
1,0,0,1,0,1,0,1,1,1,0,1,1,1,0,0,0,0,0,0,0,1,1,0,0,1,1,0,1,0,1,1,0.640452
0,1,1,1,1,1,1,0,0,1,1,1,1,1,0,0,1,0,0,1,0,1,0,1,0,0,0,1,1,0,0,1,0.648737
1,1,0,0,1,1,1,0,0,1,1,1,0,0,1,0,0,0,1,1,0,0,0,1,0,1,1,0,1,0,0,1,0.615143
0,1,0,1,0,0,0,1,1,1,0,1,0,1,0,1,1,1,0,0,0,0,1,1,0,1,1,0,1,0,1,1,0.699595
1,0,0,0,1,0,0,1,0,1,0,0,0,0,1,0,1,1,1,1,0,1,1,1,0,1,1,0,1,1,0,1,0.663763
0,1,0,0,0,1,0,1,0,0,1,1,1,1,0,0,1,1,0,0,1,1,1,1,0,0,0,0,1,1,0,1,0.643889
0,0,1,1,0,1,0,0,0,0,1,1,1,1,0,0,0,1,0,0,1,0,0,1,0,0,1,0,0,0,1,1,0.515692
1,1,0,0,0,1,0,0,0,1,0,0,1,1,0,0,0,0,1,1,0,0,1,1,0,0,0,0,0,0,0,1,0.553655
1,1,1,1,0,1,0,0,1,1,0,1,1,0,1,0,0,0,0,0,0,0,1,1,0,1,0,0,1,1,1,0,0.629129
0,0,0,1,0,0,0,0,1,0,0,0,0,0,1,1,0,0,0,0,0,0,1,1,0,0,0,1,1,1,1,1,0.643702
1,1,0,1,1,0,0,1,0,1,0,0,0,0,0,0,1,1,1,0,0,1,0,0,0,1,0,1,0,0,1,0,0.543931
0,1,0,1,1,0,1,0,0,0,1,1,0,0,1,1,1,0,0,0,0,0,1,0,1,0,0,0,0,1,1,0,0.532529
0,0,0,1,1,1,0,1,0,1,1,0,1,0,1,1,1,1,0,1,0,0,0,1,1,1,0,1,0,1,0,0,0.661312
1,1,1,1,0,1,0,1,1,1,0,1,1,0,1,1,0,1,1,0,0,0,1,1,0,1,1,1,0,1,0,0,0.638960
1,1,0,0,0,0,0,1,1,0,0,0,1,0,1,1,1,1,0,1,1,1,1,1,0,1,0,1,0,1,1,1,0.762948
0,0,1,0,0,1,1,1,0,0,0,1,1,1,0,0,1,0,0,1,0,0,0,0,0,1,0,1,1,0,1,0,0.519928
1,0,1,1,1,1,1,0,1,1,1,0,1,0,1,1,1,1,1,0,0,0,1,1,1,0,1,0,1,0,0,0,0.713795
0,0,0,0,0,0,1,0,1,1,0,1,1,1,0,0,1,1,1,1,0,1,1,1,0,0,1,0,1,0,0,0,0.564232
1,0,0,1,0,0,0,1,0,0,1,1,0,0,0,1,0,0,1,0,1,1,1,1,0,1,1,1,0,0,1,0,0.579390
1,1,1,1,1,1,1,1,1,0,0,1,0,1,1,1,0,0,1,0,0,0,0,1,0,1,1,1,1,1,0,1,0.722373
0,0,0,1,1,0,1,0,1,0,1,0,0,0,0,1,1,0,0,1,0,0,1,0,1,0,0,1,0,1,1,0,0.552616
0,1,1,1,0,1,1,1,0,1,0,1,0,0,0,0,1,1,0,1,1,1,1,1,1,1,1,0,0,0,0,1,0.656303
1,0,0,0,0,0,0,1,1,0,1,1,1,0,1,1,0,1,0,1,1,0,1,1,1,0,0,0,0,1,0,0,0.611679
0,1,0,1,0,0,1,0,1,0,1,1,0,1,1,0,1,0,1,1,0,1,1,1,1,0,0,0,0,0,0,0,0.572810
0,0,1,0,1,1,1,1,0,1,1,1,0,0,0,0,1,0,0,1,0,0,1,0,0,1,1,0,0,1,0,1,0.601902
1,0,0,1,0,1,0,1,1,0,1,1,1,0,0,1,1,1,0,1,0,1,0,0,0,1,1,1,0,0,0,0,0.590979
1,1,1,1,0,1,0,1,0,0,0,1,1,0,0,0,1,0,1,1,1,1,0,0,1,0,0,0,0,0,1,1,0.622389
1,0,0,1,1,1,0,0,1,0,1,0,1,0,1,1,1,0,0,0,1,1,0,0,1,0,1,1,0,1,1,1,0.754529
0,0,1,0,1,1,0,0,0,0,1,1,0,1,0,0,1,1,0,0,0,0,0,1,0,1,1,0,1,1,1,1,0.651561
0,0,0,1,1,1,1,0,1,1,1,1,0,0,0,0,0,0,1,0,1,0,0,1,1,0,0,0,1,1,1,0,0.560902
