1,1,0,0,1,0,0,0,0,0,0,1,0,0,0,1,0,1,1,1,0,1,0,0,1,0,0,0,1,0,1,1,0.591953
1,0,1,1,0,1,1,1,1,0,1,1,0,1,1,0,1,0,0,1,0,1,0,0,0,1,1,0,1,1,1,1,0.700289
1,1,1,1,1,1,1,1,1,1,1,0,1,1,0,0,0,0,1,0,0,0,1,1,1,1,0,1,0,1,1,1,0.706526
1,0,1,1,1,1,0,1,0,0,0,1,0,1,1,0,0,0,0,0,1,1,1,0,0,0,1,1,1,1,0,1,0.593311
1,1,0,0,1,1,1,1,0,0,0,1,1,1,0,1,0,1,0,1,1,1,0,1,0,0,0,0,0,0,0,0,0.580184
1,0,0,1,0,0,1,0,0,1,1,1,0,0,1,1,0,0,1,1,0,1,1,1,1,0,0,0,0,1,1,1,0.662316
0,1,1,1,1,0,0,0,0,1,1,0,1,1,1,0,0,0,1,1,0,1,1,1,0,1,1,0,0,0,1,1,0.667899
0,0,1,0,1,1,0,1,1,0,1,1,0,0,0,0,1,1,1,1,1,1,0,1,1,1,0,1,1,0,0,1,0.655199
0,0,0,0,0,0,0,0,0,1,0,0,0,0,0,1,1,1,0,1,1,0,1,1,1,1,1,0,1,1,1,0,0.597058
1,1,1,1,0,1,1,1,1,1,1,1,1,1,1,0,0,0,1,0,1,1,0,1,0,0,0,1,0,0,0,0,0.686860
0,0,0,0,1,1,1,1,0,1,1,1,0,0,0,1,0,1,0,1,0,0,1,0,0,1,0,1,0,1,0,1,0.623161
0,1,0,0,0,0,1,0,0,1,1,1,0,0,1,0,1,0,1,1,1,0,0,1,1,0,0,1,0,0,1,0,0.586395
1,0,0,0,1,1,0,0,1,0,0,0,1,0,0,1,1,1,1,1,0,1,0,0,0,1,1,1,0,0,0,0,0.581215
1,0,1,0,0,0,1,0,0,0,0,1,0,1,1,1,0,0,0,0,0,0,0,1,1,0,0,0,0,1,1,1,0.585993
0,0,0,1,0,0,1,0,0,1,1,0,0,0,0,0,1,1,1,1,1,1,0,0,0,0,1,0,1,0,1,0,0.507808
0,0,1,1,1,1,0,1,1,0,0,1,0,0,0,1,1,0,0,0,0,0,0,0,1,1,0,0,0,0,1,1,0.565950
0,1,1,0,1,0,0,0,0,0,1,0,0,1,1,1,0,0,1,1,0,1,0,1,1,0,1,1,1,0,0,1,0.626807
1,0,0,0,1,1,0,1,1,1,1,0,1,1,1,0,1,1,1,0,1,0,0,1,1,0,0,0,0,0,0,0,0.630529
1,1,0,0,1,1,0,0,1,1,1,1,0,0,0,0,0,0,1,1,1,1,0,1,1,1,1,0,0,1,1,1,0.671646
0,0,1,1,1,1,0,0,1,1,0,1,0,0,0,0,0,1,0,0,1,0,1,1,1,1,1,1,0,1,1,0,0.637219
1,1,1,1,0,0,0,1,0,0,0,1,0,0,1,0,0,0,1,1,0,1,1,0,1,0,0,0,1,0,0,0,0.600352
0,0,1,0,1,1,0,1,1,1,1,0,1,1,0,0,1,1,0,1,1,1,1,0,1,0,0,1,0,0,1,0,0.623086
1,0,0,0,1,1,0,1,0,1,0,0,1,0,1,0,0,1,0,0,0,0,1,0,1,1,1,1,0,1,1,0,0.551565
0,1,1,0,0,1,1,1,0,1,0,1,0,0,1,1,0,0,0,1,0,0,1,1,1,0,0,1,1,1,0,0,0.649868
0,1,1,1,0,0,1,1,0,1,1,0,0,0,0,0,1,1,0,0,1,0,1,1,1,0,1,1,0,1,0,1,0.620621
0,0,0,1,0,0,1,0,0,0,1,0,1,1,0,1,1,0,0,1,0,1,1,0,1,0,0,0,1,0,1,1,0.607243
0,0,0,1,1,0,1,0,0,1,1,1,1,0,1,1,1,0,1,0,0,0,0,1,1,1,1,0,0,1,0,0,0.600528
0,1,0,0,0,1,1,1,0,1,1,0,1,0,0,0,1,1,0,0,0,1,1,0,0,1,0,1,1,0,1,0,0.579706
0,0,1,1,1,0,1,1,0,1,1,1,0,0,0,1,1,0,0,0,1,1,1,0,1,1,1,1,1,0,1,1,0.687061
1,1,1,0,1,0,0,1,1,1,0,0,0,0,0,0,1,0,1,1,0,0,1,1,1,1,0,0,0,1,1,1,0.637370
0,1,1,1,1,1,0,0,0,0,1,1,0,0,0,0,0,0,0,1,1,1,0,1,1,1,1,1,0,1,0,0,0.607997
1,1,0,0,1,0,0,1,0,0,1,0,0,0,0,0,1,1,1,1,0,0,1,1,1,0,0,1,0,0,1,0,0.576235
1,1,1,1,1,0,1,0,1,0,1,0,1,0,0,1,1,1,0,0,1,1,0,1,1,0,1,1,1,0,1,0,0.656507
0,1,1,1,1,0,1,1,0,0,1,0,1,1,1,0,1,0,0,1,0,0,0,1,1,1,1,1,1,0,1,1,0.677883
1,1,0,0,1,1,1,1,0,0,1,1,0,1,1,0,1,1,1,1,1,0,1,1,0,0,0,0,0,0,1,1,0.659424
1,1,1,1,0,1,0,0,1,1,1,1,1,0,0,0,1,0,1,1,1,0,0,1,0,0,1,0,0,1,0,1,0.654244
1,1,0,0,0,0,0,0,1,1,0,1,0,0,1,0,0,0,0,0,1,0,1,0,0,0,0,1,1,0,0,1,0.544298
0,1,1,1,1,1,0,0,1,0,0,0,1,1,0,0,0,1,0,0,0,0,0,0,1,1,0,1,1,0,1,1,0.662216
1,0,1,0,0,0,0,0,1,1,1,1,1,1,0,1,0,1,1,0,0,0,0,1,1,0,0,0,1,0,1,0,0.598189
1,1,1,0,1,1,1,0,0,0,0,0,0,1,0,0,0,1,0,1,1,1,0,1,1,0,0,1,1,0,0,0,0.615592
0,1,0,0,0,1,1,1,1,1,1,0,0,1,0,0,1,0,0,1,0,0,0,1,1,1,1,0,0,0,0,1,0.590318
1,1,1,0,1,0,1,1,0,0,1,1,0,1,1,1,1,1,0,0,1,1,1,1,0,0,0,1,0,0,1,1,0.707733
0,0,1,1,0,0,1,1,0,0,0,1,0,1,1,1,0,1,0,0,0,1,1,0,1,0,1,1,1,1,0,0,0.604325
1,1,0,0,0,0,1,0,1,1,0,0,0,0,0,0,1,1,1,1,0,1,1,0,1,0,1,1,0,1,0,1,0.620370
0,0,1,0,1,1,0,1,1,1,0,0,1,0,1,0,0,1,1,1,1,1,1,0,0,1,1,1,1,1,0,0,0.580938
0,0,1,1,0,1,0,0,0,1,1,0,1,1,1,0,1,1,0,0,0,1,1,1,0,1,1,1,1,0,1,0,0.647303
0,0,0,1,0,0,0,0,0,0,1,1,0,1,1,0,1,1,0,1,0,0,0,0,0,1,1,1,1,0,0,0,0.479894
1,1,1,1,0,1,1,1,0,1,0,1,0,1,0,1,0,0,0,0,0,1,1,0,1,1,1,0,1,1,1,0,0.655224
1,0,1,1,0,0,1,1,0,1,0,0,1,1,0,1,0,0,1,1,1,1,0,0,1,1,0,1,1,1,0,1,0.684144
1,0,0,0,0,1,1,1,1,1,0,1,0,1,1,1,1,1,0,1,1,1,1,0,1,1,0,0,1,1,0,0,0.653037
1,0,1,0,1,1,1,1,0,0,1,1,0,0,1,0,1,1,0,1,1,0,0,0,0,0,0,0,0,1,0,0,0.620722
0,1,0,1,0,0,0,1,1,0,0,0,0,0,1,1,1,0,0,0,1,1,1,1,1,1,0,1,0,0,0,0,0.582397
1,1,0,0,0,1,0,0,0,0,0,0,0,0,0,1,0,1,0,0,0,1,0,0,1,1,0,1,1,1,0,0,0.506752
0,1,1,1,0,1,1,1,0,1,1,1,0,1,1,1,0,0,1,0,0,1,0,0,0,1,0,1,0,0,0,0,0.588206
0,1,1,0,0,1,1,1,1,1,1,0,1,0,0,1,1,0,0,1,1,1,1,1,0,1,0,0,0,1,0,1,0.686735
1,0,1,0,0,0,1,0,0,1,1,0,1,0,0,0,0,0,1,0,1,0,1,0,0,0,1,1,1,0,1,0,0.566554
0,0,0,0,0,0,1,0,1,1,1,0,1,1,0,1,0,1,0,0,0,0,0,0,1,1,1,1,0,1,1,0,0.641569
0,0,0,0,0,1,0,1,0,0,1,0,1,0,1,1,0,0,1,1,1,0,0,1,0,1,0,0,0,0,1,1,0.578046
0,1,1,0,0,0,0,1,1,1,1,0,1,1,1,1,1,1,0,1,0,0,0,1,1,0,1,1,0,1,0,0,0.646398
1,1,1,1,0,0,0,0,0,1,1,0,1,0,1,0,0,1,0,1,0,1,1,1,0,0,1,1,1,0,1,0,0.630982
1,0,1,0,0,1,0,0,0,0,0,0,1,1,0,1,1,0,1,0,1,0,1,1,0,1,1,0,0,1,0,0,0.582019
1,1,0,1,0,1,1,0,1,1,1,0,1,1,0,1,1,0,0,0,1,0,1,1,1,1,1,1,0,0,0,0,0.579479
0,1,1,0,0,1,1,1,0,0,1,0,1,1,1,0,1,0,0,0,0,1,0,0,1,1,1,0,1,1,1,0,0.653816
0,1,1,0,0,0,1,1,1,1,1,1,1,0,1,1,1,0,1,1,0,0,0,1,0,0,1,0,1,1,1,0,0.637194
0,1,1,0,0,1,1,0,1,0,1,0,1,1,0,1,1,1,0,0,0,1,0,0,1,1,1,0,1,1,1,0,0.623111
0,1,1,0,0,0,0,1,0,0,0,0,1,0,0,1,1,1,0,1,1,0,0,0,1,1,0,0,1,0,1,0,0.603395
0,1,1,1,0,0,0,0,1,0,0,0,1,0,0,1,0,0,0,1,1,1,0,1,1,0,1,1,1,0,0,1,0.583101
1,1,0,1,1,0,0,1,0,1,1,1,0,1,0,1,1,0,0,0,1,1,1,0,0,1,1,1,1,0,0,0,0.633044
1,1,0,1,0,1,1,0,1,1,1,0,0,0,1,0,1,1,0,1,1,1,0,0,1,1,0,1,0,1,0,1,0.635157
1,0,1,1,1,1,0,0,1,0,1,1,1,1,0,0,1,1,0,0,0,0,1,0,0,1,0,1,1,1,0,0,0.617503
1,1,0,1,0,0,0,1,1,1,0,1,0,1,0,0,1,1,1,0,0,0,0,1,1,0,1,0,1,1,0,1,0.612297
1,0,0,0,1,1,1,1,1,1,0,0,1,1,1,0,0,0,0,1,1,1,1,1,0,0,0,1,1,0,0,1,0.615038
0,0,0,0,1,1,1,0,1,0,1,0,0,1,1,0,1,1,1,0,1,0,0,0,1,0,1,1,1,1,1,0,0.592380
0,0,1,0,0,1,0,0,0,1,0,0,1,0,0,1,1,1,1,1,0,0,0,1,0,1,0,1,1,0,1,0,0.574048
1,1,0,0,1,0,1,0,0,1,1,0,0,1,0,0,1,0,1,1,1,0,0,0,0,1,1,0,0,1,0,1,0.597133
1,0,0,0,1,1,0,0,1,0,1,1,0,1,1,0,0,0,0,1,0,0,0,1,1,1,0,0,0,0,0,0,0.539369
0,0,0,1,0,1,1,1,1,0,0,1,0,0,0,1,1,0,1,0,1,0,0,0,0,1,0,0,0,1,0,0,0.523928
0,1,0,0,1,1,0,1,1,0,0,1,1,1,1,1,0,1,1,1,0,1,0,1,0,0,1,1,1,0,0,1,0.713768
1,1,0,1,0,0,0,1,0,0,1,0,0,0,0,1,1,1,1,0,0,0,0,0,1,0,1,0,1,1,1,0,0.635458
1,0,1,1,0,1,0,0,0,0,1,0,1,0,1,0,1,1,1,0,0,1,0,0,1,1,0,1,1,0,1,1,0.686533
0,0,0,1,0,1,0,1,1,1,1,0,0,1,1,1,1,0,0,0,1,0,0,0,1,0,1,0,0,1,0,0,0.535245
1,1,0,0,1,1,0,1,0,0,1,1,0,0,1,1,0,0,1,1,0,0,1,0,1,1,0,0,0,0,0,0,0.577996
0,0,1,0,0,0,1,1,0,1,1,1,0,1,1,1,0,1,0,0,0,1,0,0,0,1,1,1,0,0,0,0,0.542009
0,1,0,1,1,1,1,1,0,1,0,1,0,0,1,0,0,1,0,0,0,0,1,0,0,0,0,0,0,0,1,0,0.511228
0,1,1,0,0,0,1,1,0,1,0,1,0,0,1,1,1,0,0,0,1,1,1,1,0,1,1,1,0,0,1,1,0.743040
0,0,0,1,1,0,1,1,0,1,1,1,0,1,0,0,0,0,1,0,1,1,1,1,1,1,0,1,0,0,1,1,0.700365
1,1,0,0,1,0,1,1,0,0,1,1,0,0,1,0,0,0,1,1,0,0,0,0,0,0,0,1,0,1,1,1,0.579857
0,0,1,0,1,0,1,1,0,0,1,0,1,0,1,1,0,1,0,0,1,1,1,1,1,0,1,1,0,0,0,1,0.604401
1,0,0,1,1,0,0,1,0,1,1,1,1,0,0,0,0,1,0,1,1,0,0,0,0,0,0,0,1,0,1,1,0.579178
0,0,1,1,1,1,0,0,1,0,0,1,0,0,1,0,1,0,1,0,1,0,0,0,0,1,1,1,0,0,0,1,0.606991
1,0,1,0,1,0,1,1,0,0,1,1,1,1,1,1,1,0,1,0,0,1,0,0,0,1,1,0,1,0,0,1,0.602590
0,0,1,1,1,1,1,0,1,0,1,1,1,0,0,1,0,1,1,1,0,0,1,0,1,1,1,0,0,0,1,0,0.614561
1,1,0,1,0,1,1,0,0,1,0,1,0,1,1,1,0,1,0,1,1,0,0,1,1,0,1,1,1,1,1,1,0.769345
1,1,0,1,1,1,0,0,0,1,0,1,0,1,1,0,0,0,0,1,1,0,0,0,1,0,0,0,1,1,1,0,0.576587
1,1,0,0,1,1,0,1,0,1,0,1,0,1,1,0,1,0,0,0,1,1,1,0,0,1,0,0,0,0,1,0,0.598692
0,1,1,0,1,0,1,0,0,1,0,0,1,1,0,0,1,1,0,0,0,0,1,1,0,1,0,1,1,1,0,0,0.591073
1,1,0,0,1,0,0,0,1,1,0,0,0,0,0,1,1,1,1,1,1,0,0,0,1,1,1,0,0,1,0,1,0.614284
1,0,0,1,0,0,1,1,0,0,0,0,0,0,0,1,0,0,0,0,0,1,0,0,0,0,0,0,1,0,1,0,0.556872
1,0,0,1,0,1,1,0,1,0,0,0,0,0,0,0,0,1,0,0,0,0,0,0,1,0,0,0,1,1,1,0,0.616924
0,1,0,1,0,1,0,0,1,1,1,0,1,0,0,0,0,0,1,0,0,1,0,1,1,1,0,0,1,0,0,0,0.533308
0,0,0,1,1,0,0,1,0,1,1,1,0,1,1,0,1,0,1,1,0,0,1,1,0,1,1,0,1,1,1,1,0.700289
1,0,1,1,1,0,1,1,1,0,0,1,1,1,1,0,1,1,0,0,1,0,0,0,0,1,1,0,0,1,1,1,0.623438
1,0,1,1,0,0,0,0,1,1,1,0,0,0,0,1,0,0,0,1,0,0,1,1,1,0,1,1,0,0,0,0,0.549352
1,0,1,1,0,0,0,1,0,1,0,0,1,0,1,0,0,1,1,1,0,0,0,1,1,0,1,0,1,0,0,1,0.572061
1,1,1,1,0,1,0,1,1,0,0,0,1,1,0,1,0,0,1,0,1,0,1,1,0,0,0,0,1,1,0,1,0.602641
1,0,0,1,1,0,0,1,0,0,0,0,0,0,1,0,1,1,0,0,0,1,1,1,1,0,0,1,1,1,1,1,0.738539
0,0,1,0,1,1,1,0,0,1,0,1,0,1,0,0,0,1,0,0,1,1,0,0,0,1,0,0,1,1,0,0,0.479995
0,0,1,1,0,1,1,1,0,1,1,1,1,0,0,0,0,0,0,0,0,0,0,0,1,0,0,0,1,0,0,0,0.497674
0,0,0,0,1,1,0,0,0,1,1,0,1,0,0,0,1,0,0,1,1,1,1,0,1,1,0,1,0,0,1,1,0.598466
1,0,0,0,0,0,0,0,0,1,1,1,0,0,0,1,0,1,0,1,0,1,0,0,0,1,0,1,0,0,1,0,0.514598
1,1,1,1,0,1,0,0,0,0,1,0,0,0,0,0,0,0,1,1,0,1,1,1,1,1,1,1,1,0,0,0,0.616849
0,1,0,0,0,1,0,1,1,1,1,1,1,1,0,1,0,0,0,0,0,1,0,0,1,0,1,1,1,1,1,1,0.784182
1,1,1,0,0,1,0,1,0,1,0,0,0,1,0,0,0,0,1,0,1,0,1,0,0,0,0,1,0,1,0,1,0.567962
0,0,0,1,1,0,1,0,0,0,0,0,0,0,1,1,0,0,1,1,0,1,0,0,1,0,1,0,1,1,1,0,0.503558
1,0,0,0,1,0,1,0,1,1,0,0,1,1,1,0,1,0,0,0,1,0,1,1,0,0,1,0,1,0,1,0,0.576839
0,1,1,0,0,0,1,0,0,1,0,1,1,0,0,0,0,0,0,1,0,1,0,0,1,1,0,0,0,1,1,0,0.532931
0,0,1,1,1,0,0,1,1,0,1,1,0,1,0,1,1,0,1,0,0,1,1,1,0,0,1,0,1,1,0,1,0.737508
1,0,1,0,0,0,0,0,1,0,0,0,1,1,1,0,0,1,1,0,1,1,1,0,1,1,0,1,1,0,0,1,0.610461
0,1,1,0,0,0,1,1,1,0,1,0,1,1,0,1,0,0,1,1,0,0,1,0,0,1,0,0,0,0,0,0,0.575808
0,0,1,1,0,0,1,0,1,1,0,1,1,0,1,1,0,1,0,0,0,0,0,0,0,0,1,1,1,0,0,0,0.520307
1,1,0,1,0,0,0,0,1,0,1,0,0,1,0,0,0,1,1,1,0,0,1,1,1,0,0,0,1,1,0,0,0.541381
0,1,0,0,0,1,0,1,0,0,0,1,0,1,1,0,1,1,1,0,0,0,1,0,0,0,0,0,0,1,0,1,0.498026
0,1,0,0,0,1,1,0,1,0,0,1,1,0,1,0,0,0,1,0,0,1,0,1,0,0,1,1,1,0,1,0,0.554910
1,0,1,1,1,0,0,0,1,1,1,1,0,0,1,1,1,0,1,1,1,1,1,0,0,1,0,1,1,0,0,1,0.658871
0,1,0,0,0,0,0,0,0,1,1,1,1,0,0,0,0,0,0,1,0,0,0,0,1,0,0,0,1,1,1,0,0.464680
0,0,0,1,1,0,0,1,1,1,0,0,0,0,1,0,0,0,0,0,0,1,0,1,1,0,0,1,0,0,1,0,0.519904
0,1,0,1,0,0,1,0,1,0,1,1,0,0,1,1,0,1,0,0,1,1,1,1,1,0,0,1,1,0,1,0,0.627989
1,0,0,1,0,0,0,1,1,0,1,0,1,1,1,0,0,0,0,1,0,0,0,1,0,1,0,0,0,0,1,1,0.546460
0,0,1,1,1,1,0,1,0,1,0,0,0,1,1,1,0,1,1,1,0,1,1,0,0,1,0,0,0,0,0,1,0.622381
1,1,0,1,0,0,1,0,0,0,0,0,1,0,1,1,0,0,1,1,1,1,0,1,1,1,0,0,1,0,0,1,0.631812
1,1,1,1,1,1,1,1,1,1,1,1,1,0,1,1,0,0,0,0,0,0,1,0,1,0,0,1,0,0,0,1,0.618207
1,1,1,0,1,0,1,0,0,0,1,0,1,0,1,1,0,0,0,0,1,1,0,0,1,0,1,1,0,0,0,0,0.630303
0,0,0,0,1,0,0,0,1,1,0,1,0,1,1,1,1,1,1,0,0,1,0,1,0,1,0,1,1,1,0,0,0.599371
0,1,0,0,0,0,1,1,1,1,1,0,1,0,0,0,0,1,1,0,1,0,0,1,1,1,1,1,1,1,1,0,0.642751
0,1,1,0,0,0,1,0,0,0,1,0,0,1,0,0,1,1,1,1,1,0,1,1,1,0,0,1,0,0,1,0,0.573067
0,0,0,0,1,0,1,0,0,1,1,1,1,0,0,0,0,1,0,1,1,0,1,1,0,1,1,1,0,1,1,1,0.796630
1,1,0,0,1,1,0,1,1,1,1,0,0,1,1,0,0,1,0,0,0,1,0,1,1,0,0,0,1,1,0,0,0.659349
0,0,1,0,0,1,1,0,0,1,1,0,0,1,0,1,1,1,1,1,0,1,0,1,0,0,0,0,1,0,1,1,0.630177
0,1,1,0,0,0,0,0,1,1,1,1,1,1,1,1,0,0,1,1,0,0,1,1,0,0,0,0,1,0,0,0,0.615089
0,0,0,1,1,0,0,1,1,1,0,1,0,1,0,1,0,1,1,1,0,0,0,0,0,0,0,1,0,1,1,0,0.584811
0,0,1,0,1,1,0,1,1,0,0,1,0,0,0,1,0,0,1,1,1,0,1,1,1,0,0,0,1,1,0,1,0.581868
1,1,0,0,0,0,1,0,0,0,1,1,1,0,1,1,0,1,1,1,1,0,0,0,1,0,0,0,0,0,0,0,0.562580
1,0,1,1,0,1,0,1,1,1,1,1,0,0,0,1,0,0,0,0,1,0,1,0,1,1,1,1,0,1,0,0,0.633623
0,1,1,1,1,1,0,1,0,1,0,1,0,1,0,0,0,1,0,1,0,0,0,1,0,0,1,1,1,1,0,1,0.665736
1,0,0,0,1,0,0,1,1,1,0,1,1,1,0,0,1,1,0,1,1,0,0,1,1,0,1,1,0,1,1,1,0.691613
0,1,1,1,0,1,1,1,1,0,1,0,1,1,0,1,1,1,0,0,0,1,1,0,1,0,0,0,1,0,0,1,0.674840
0,1,0,1,0,0,1,1,0,0,0,1,1,1,1,0,0,0,1,0,1,1,0,0,1,1,0,0,1,0,1,1,0.607746
1,1,1,0,0,0,1,1,0,0,1,0,1,0,0,1,0,0,0,1,1,1,0,0,0,1,1,0,0,1,0,1,0.612775
0,1,0,1,0,1,0,0,1,0,0,0,0,0,0,0,1,1,1,0,0,1,1,0,1,0,1,1,0,0,1,1,0.575707
1,0,0,0,0,1,0,1,0,1,1,1,1,1,1,1,1,0,1,0,1,0,1,0,0,0,1,0,1,0,0,1,0.593587
1,0,0,1,0,0,1,1,1,0,0,1,0,1,0,1,0,0,0,0,0,1,1,0,0,0,1,1,0,1,1,1,0.677505
0,0,0,0,1,0,0,0,0,1,1,0,1,1,0,1,1,0,0,0,0,1,1,1,1,0,0,1,0,0,1,0,0.528077
0,1,0,1,1,0,1,0,1,0,0,1,0,1,0,1,0,1,0,0,0,0,0,1,0,0,1,0,0,1,1,0,0.543644
1,0,1,0,0,1,0,0,0,0,1,1,0,1,0,0,1,1,1,1,1,0,1,0,1,1,0,1,1,0,0,0,0.598793
0,1,1,1,0,1,0,0,0,0,0,1,0,0,0,1,0,0,1,0,1,1,1,1,0,1,1,0,1,0,0,0,0.504162
1,1,0,0,0,1,1,0,1,1,1,0,0,0,1,0,0,0,0,0,0,1,0,0,0,0,1,1,0,1,0,1,0.577141
1,0,1,0,1,1,1,0,1,0,1,0,0,0,1,1,0,1,1,0,1,0,0,1,1,0,0,0,0,1,1,1,0.636188
1,0,1,1,0,1,1,1,0,1,0,1,0,0,0,0,1,0,0,1,1,0,0,0,1,1,0,1,1,1,0,1,0.618081
1,1,1,1,1,1,0,1,1,1,1,1,0,0,0,1,0,0,0,0,0,0,0,1,1,1,1,1,0,0,1,1,0.681051
0,1,0,1,1,0,0,0,0,0,1,0,1,1,1,1,1,1,1,1,0,0,1,0,1,0,0,1,0,0,1,0,0.566126
1,0,0,1,1,0,0,0,0,0,0,0,1,1,0,0,0,1,1,1,1,1,0,1,1,1,1,1,0,1,1,1,0.738463
1,0,0,1,1,0,0,1,1,0,1,0,0,1,1,0,0,1,1,1,1,0,1,0,0,0,1,1,1,1,1,0,0.639205
1,0,1,1,1,1,0,0,1,0,1,1,1,1,0,1,1,0,0,1,0,1,0,1,1,1,0,0,0,1,0,0,0.629926
1,1,1,1,0,0,0,0,1,1,0,1,0,0,0,1,0,1,0,1,0,1,1,1,1,1,0,0,0,1,0,1,0.604476
0,1,1,1,1,1,1,0,1,0,1,0,1,1,1,0,0,1,0,0,1,1,0,0,0,1,1,1,1,1,0,1,0.705872
0,1,1,0,0,0,0,1,1,1,0,1,0,0,1,0,0,0,1,0,0,1,1,1,1,0,0,0,1,1,1,1,0.657764
1,1,1,0,0,1,0,1,1,0,1,1,1,1,1,0,0,0,0,1,1,0,1,1,1,1,1,0,0,1,0,0,0.688319
0,1,0,1,1,1,1,0,1,0,0,0,1,0,1,0,0,1,0,1,0,1,0,0,1,1,1,0,0,0,0,0,0.554709
1,0,1,1,1,0,0,0,0,1,1,0,0,1,1,1,1,1,1,1,0,1,1,0,0,1,0,0,0,1,1,1,0.665560
0,0,1,0,0,1,0,1,1,1,0,0,0,1,1,1,0,1,1,0,0,0,1,1,1,0,0,0,0,1,1,1,0.648938
1,0,1,0,1,0,0,0,0,1,1,0,0,0,1,1,1,1,0,1,0,1,0,0,1,0,0,1,1,1,1,1,0.753074
0,1,1,1,1,0,1,0,1,1,1,0,0,1,0,1,0,1,1,1,1,1,0,0,1,0,1,0,0,0,0,0,0.604401
0,0,0,0,0,0,1,0,0,1,0,1,0,1,1,1,0,1,1,1,1,1,0,0,0,0,0,0,1,1,1,1,0.631485
0,0,1,1,0,1,1,0,1,0,1,0,0,1,0,0,1,1,1,1,1,1,0,0,1,0,0,1,1,1,0,1,0.646020
1,0,0,0,1,0,0,0,1,1,0,1,1,0,0,1,0,1,1,0,1,1,0,0,1,1,0,1,1,1,1,0,0.625173
0,0,0,0,1,0,0,1,0,0,0,1,0,0,0,0,0,0,1,0,0,1,1,0,0,0,0,0,0,1,0,1,0.406111
1,0,0,0,0,1,1,0,1,1,0,1,0,0,0,1,1,0,0,1,0,0,1,0,1,0,1,0,0,0,1,1,0.557324
0,0,1,1,0,1,0,0,1,0,1,1,0,1,0,0,1,0,1,0,1,0,1,0,1,0,0,1,1,1,0,0,0.585968
1,0,0,1,1,0,0,1,0,1,0,1,1,0,1,0,1,0,1,1,1,1,1,0,1,0,1,0,0,1,1,1,0.660606
1,0,1,0,1,0,1,1,1,1,0,1,1,0,0,0,1,0,0,1,1,1,1,0,1,1,0,1,1,1,1,0,0.676022
0,0,0,0,1,0,1,1,1,1,1,1,0,0,0,1,0,0,1,0,1,0,1,1,0,1,0,1,0,0,0,0,0.487740
0,1,0,1,0,0,1,1,1,1,1,1,0,1,1,0,0,1,0,0,1,0,1,1,0,0,0,0,0,0,0,1,0.570678
1,1,1,1,1,1,1,0,0,1,0,0,1,0,1,1,1,1,0,1,0,0,1,0,1,0,1,0,0,1,1,0,0.625173
0,1,0,0,0,0,1,0,1,0,0,1,0,0,1,1,0,1,0,1,1,0,1,1,0,1,0,0,1,0,1,0,0.566981
1,1,0,1,1,0,1,1,1,0,0,1,1,1,1,1,1,0,1,1,1,0,1,0,0,1,0,0,0,0,1,1,0.675896
1,0,0,1,0,0,1,1,1,0,0,1,0,1,1,0,0,0,1,1,0,0,1,1,0,0,0,1,0,0,1,0,0.580938
0,1,1,1,0,1,1,0,1,1,1,0,1,0,0,0,0,0,1,1,0,0,0,0,1,1,0,1,0,0,1,0,0.568691
1,0,1,1,0,1,0,0,1,1,0,1,1,0,0,1,0,1,1,1,0,1,1,1,1,1,0,0,1,0,0,1,0.676600
0,1,0,1,1,0,1,1,1,1,0,1,0,1,1,1,1,0,1,0,1,1,0,1,1,0,0,0,0,0,1,1,0.666465
0,1,0,1,1,0,1,0,1,1,1,1,0,0,0,0,1,1,1,1,1,0,0,0,1,1,0,0,1,0,0,0,0.592833
1,0,1,1,0,1,0,1,1,0,1,0,0,0,1,1,0,1,1,1,1,0,0,0,1,0,1,0,0,0,1,1,0.689953
1,0,1,0,0,1,1,1,1,0,0,1,0,0,1,1,1,1,0,1,1,1,0,1,0,0,1,0,0,1,0,0,0.609833
0,0,0,1,1,0,0,0,1,0,1,0,0,1,0,0,0,1,1,1,0,0,0,0,0,0,1,0,0,1,0,1,0.508538
0,1,1,1,1,0,0,1,0,1,0,0,0,0,0,0,0,0,1,0,1,1,0,1,0,1,0,0,0,0,1,0,0.568314
0,0,0,0,1,1,0,0,0,0,0,1,0,0,1,1,0,0,0,1,1,0,0,1,0,1,0,1,0,1,0,1,0.604677
0,0,0,0,1,1,1,1,0,0,0,1,1,1,1,1,1,0,1,1,0,0,1,1,1,0,1,0,1,0,0,1,0.695134
1,0,0,1,0,0,0,0,1,1,1,0,0,0,0,0,0,0,0,0,0,1,1,0,0,1,1,1,0,0,0,0,0.612574
1,0,1,1,0,1,0,1,0,0,0,1,0,0,1,1,1,1,0,1,0,1,1,0,0,1,0,0,0,1,0,0,0.603093
1,0,1,1,1,0,1,0,0,1,1,1,1,0,0,0,0,1,0,1,0,1,0,0,0,1,0,0,1,0,1,1,0.676675
0,1,1,1,0,0,0,1,1,0,1,1,0,1,1,1,1,1,1,0,1,0,0,0,0,1,1,0,0,1,0,1,0.632692
1,1,0,1,0,1,0,0,0,0,0,0,1,1,0,1,1,0,0,0,1,1,1,1,1,1,1,0,0,0,1,1,0.625550
1,1,1,1,0,0,1,0,0,0,1,1,1,0,0,0,0,0,0,1,1,1,0,0,1,1,0,0,1,1,1,1,0.699937
1,1,1,0,0,1,0,0,0,1,1,1,1,1,0,0,0,1,0,1,1,1,0,0,1,0,1,0,0,1,1,0,0.594669
0,0,0,1,0,0,1,1,0,0,1,1,1,1,0,0,1,1,0,1,1,1,1,1,1,1,0,1,0,0,1,0,0.639381
1,1,0,1,1,1,0,0,1,1,0,0,1,0,1,0,1,0,1,0,1,0,0,1,0,0,1,1,0,1,0,0,0.643707
1,0,0,1,1,1,1,0,1,0,1,0,0,1,1,1,0,0,1,0,0,1,1,1,0,1,1,1,1,1,1,1,0.841443
1,0,1,1,1,0,0,0,1,1,1,0,0,1,1,1,0,0,0,1,1,1,1,1,1,1,1,0,0,0,0,0,0.661134
0,0,0,1,1,0,1,0,0,1,1,0,1,1,1,0,0,1,0,1,1,1,0,0,1,0,1,1,1,1,0,0,0.577920
0,0,0,0,1,1,0,1,1,1,1,0,1,1,1,1,0,0,1,1,0,1,0,1,0,0,1,0,0,1,1,0,0.586118
0,0,0,0,1,1,0,1,0,1,0,0,0,1,1,0,1,1,0,1,0,0,0,1,0,0,0,1,1,0,0,0,0.500742
0,0,1,1,1,0,0,1,1,0,1,1,1,0,0,0,1,0,1,0,1,1,0,0,0,1,0,0,1,0,0,1,0.577417
1,1,0,1,0,0,1,1,0,0,0,0,0,0,0,1,1,0,0,0,0,1,0,0,0,1,0,0,0,1,1,0,0.596479
0,0,0,1,0,0,1,1,1,0,1,1,1,1,1,0,1,1,0,0,0,1,1,1,1,1,0,1,1,0,1,1,0.731648
0,1,0,1,0,0,0,0,0,0,0,1,0,1,1,0,0,0,1,1,0,1,0,1,1,1,0,1,1,1,0,0,0.618006
0,0,0,0,1,0,0,1,0,1,0,0,0,0,1,0,1,1,1,1,0,1,1,1,0,1,1,0,1,0,1,0,0.598868
1,0,0,1,1,1,1,1,1,1,1,1,1,0,1,0,0,0,1,1,0,0,1,1,0,1,1,1,0,1,0,1,0.747391
0,0,0,0,0,0,1,1,1,0,0,1,1,1,1,1,1,0,1,0,1,1,0,0,0,1,0,0,1,0,0,1,0.570728
1,0,0,1,1,0,0,1,1,1,1,1,1,1,0,1,0,1,0,0,0,0,1,0,0,0,0,0,1,1,0,0,0.586823
0,1,0,0,1,1,0,1,0,1,1,1,1,1,0,1,1,1,1,1,1,0,0,1,1,0,1,0,1,0,0,1,0.656683
0,0,0,0,1,1,0,0,1,0,0,0,1,0,1,0,1,0,0,0,1,0,0,1,1,0,1,0,1,0,1,1,0.584081
0,1,0,1,1,1,1,1,1,0,1,0,1,1,1,1,0,0,0,0,0,1,1,1,1,1,1,1,0,0,1,0,0.671948
1,1,1,1,1,0,0,0,0,0,1,1,1,0,1,0,0,0,0,0,1,1,0,1,0,0,0,1,0,1,0,1,0.569496
1,0,1,1,1,0,0,0,0,1,0,0,0,0,0,0,0,0,1,0,0,1,0,1,0,0,0,0,0,0,0,0,0.764265
1,0,0,1,1,1,0,1,1,0,1,0,1,1,0,1,1,0,1,0,1,0,1,0,1,1,0,0,1,1,1,1,0.771231
1,0,0,0,0,0,1,0,1,1,1,1,1,1,0,0,1,0,0,0,0,0,0,0,0,0,1,0,0,1,1,0,0.598089
1,1,0,1,1,0,0,0,0,1,0,0,1,1,0,0,0,1,0,1,0,0,0,1,1,0,1,1,1,0,1,0,0.608223
1,0,1,1,0,1,0,1,1,1,0,0,0,0,0,0,0,0,1,1,1,1,0,0,0,1,1,0,1,1,0,0,0.603370
1,0,0,1,0,0,1,1,1,0,1,1,0,1,0,0,0,0,0,0,1,0,1,0,1,1,0,0,0,1,0,1,0.568943
0,0,0,1,0,0,1,1,0,1,1,0,0,1,0,0,0,1,1,1,0,0,1,1,1,1,1,1,1,0,0,1,0.699610
1,0,0,1,0,0,0,1,0,0,0,1,1,1,1,0,1,0,1,1,0,0,1,0,0,1,1,0,1,0,1,0,0.585515
0,0,1,1,0,0,1,1,0,0,0,0,1,0,1,1,0,1,1,0,1,0,1,1,0,0,1,1,1,1,1,1,0.715604
0,0,0,0,0,1,0,1,1,1,1,1,1,1,0,1,1,1,1,1,1,0,1,1,1,0,0,0,0,0,1,1,0.677103
1,1,0,1,1,1,1,0,0,0,1,1,0,1,1,0,1,1,1,1,1,0,0,1,1,0,0,0,1,0,1,1,0.647202
1,1,0,1,1,1,0,0,1,0,1,1,0,1,0,0,1,0,0,1,1,1,1,0,0,0,0,0,1,1,0,1,0.613379
1,0,1,0,1,0,0,1,1,0,0,0,0,1,1,1,0,1,0,0,1,1,0,0,0,1,1,0,1,0,0,1,0.599497
0,1,1,0,1,0,1,1,1,1,1,1,1,1,1,0,0,1,0,1,0,1,0,0,1,1,0,0,1,1,1,0,0.638451
1,0,0,1,1,1,1,1,0,1,0,1,1,1,0,0,0,1,1,1,0,0,0,1,1,0,1,0,1,1,1,0,0.638149
0,0,0,1,1,1,0,1,1,0,1,0,1,1,1,0,1,1,1,1,1,0,1,1,1,1,1,0,0,0,1,0,0.643430
1,1,1,0,1,0,1,0,1,1,1,1,0,1,0,0,0,0,0,0,0,1,0,1,0,1,0,0,0,0,0,0,0.697498
1,0,1,1,0,0,1,1,1,0,0,0,0,1,0,1,1,0,0,1,1,1,1,0,0,0,0,0,0,1,1,0,0.590972
1,0,1,0,0,1,1,1,0,1,1,1,1,1,0,0,1,0,0,1,0,0,0,1,0,0,1,0,1,1,1,1,0.640815
1,1,1,1,0,0,1,1,0,0,1,1,1,1,0,1,0,0,0,1,1,1,1,1,1,1,1,1,0,0,0,0,0.648686
1,1,1,0,1,1,1,1,1,0,0,0,0,0,0,1,1,1,0,0,0,0,1,1,1,0,1,1,0,0,1,1,0.697724
1,1,1,1,1,1,1,1,0,1,1,0,0,1,0,0,0,0,1,1,0,1,1,0,1,0,0,0,0,1,0,0,0.660581
1,0,1,0,1,1,1,0,0,1,0,1,1,1,0,1,1,1,1,0,1,1,0,0,1,1,0,1,1,1,1,1,0.975204
0,1,1,1,0,0,1,1,0,0,1,1,1,0,1,0,1,0,0,0,0,0,1,1,0,1,1,1,1,0,1,0,0.635131
1,1,1,1,1,1,1,1,1,0,1,0,1,0,1,0,0,1,0,1,0,0,0,0,1,1,1,0,0,1,0,0,0.746511
1,1,0,1,0,1,1,1,1,0,1,1,1,0,0,0,1,1,0,1,1,0,0,1,0,0,0,0,1,0,1,1,0.623387
1,1,1,0,1,1,0,1,0,0,1,1,0,1,1,0,0,0,1,1,1,0,1,1,1,1,1,0,1,1,1,1,0.699484
0,1,0,1,1,0,1,0,0,0,1,1,1,1,1,0,1,1,0,0,0,0,0,1,1,0,0,0,0,1,1,1,0.599598
0,1,0,0,1,1,1,0,1,0,0,0,0,0,1,1,0,0,1,1,0,1,0,0,0,0,0,0,0,0,0,0,0.526694
0,1,0,0,1,1,0,0,1,0,0,1,0,0,0,1,1,1,1,1,0,0,0,1,0,0,1,0,1,0,0,1,0.589337
0,0,0,1,0,1,0,0,1,0,1,1,0,0,0,1,1,0,1,0,0,1,1,1,0,1,1,1,1,1,0,0,0.587225
1,0,1,0,1,1,0,1,1,0,1,0,0,1,1,1,0,1,0,0,0,1,0,0,0,0,0,0,1,1,1,0,0.583050
0,0,0,1,0,0,1,0,1,1,1,1,1,1,0,0,0,0,1,0,0,0,1,0,1,1,1,0,1,0,0,0,0.501371
0,1,0,1,0,0,1,0,0,1,1,0,0,0,1,0,1,0,1,1,1,1,1,0,1,0,0,0,0,1,1,0,0.589287
0,1,1,1,1,1,1,1,0,1,1,0,0,0,0,0,0,0,1,1,1,0,0,0,1,0,0,1,1,1,0,0,0.595297
1,0,0,1,1,1,0,1,0,1,0,0,1,0,0,1,1,0,1,1,1,0,0,1,0,0,0,1,0,1,0,1,0.627009
0,0,1,1,0,1,1,0,1,0,0,1,0,0,0,0,1,0,1,1,1,0,0,1,1,0,1,1,0,0,0,0,0.595825
0,0,0,0,1,1,1,0,0,1,0,0,0,1,1,1,0,0,1,1,0,1,0,1,1,0,1,0,0,1,1,1,0.621300
1,1,1,1,0,1,0,0,1,0,0,0,0,1,0,0,1,1,0,0,1,0,1,1,0,1,1,0,1,1,0,1,0.616547
0,1,1,1,0,1,0,1,0,1,1,0,0,1,1,1,0,1,1,1,1,1,1,0,1,1,1,0,0,1,0,1,0.715101
1,1,1,1,1,1,1,1,1,1,0,0,0,0,0,1,0,0,1,0,1,1,1,1,1,0,0,1,1,0,0,0,0.630479
0,1,0,0,1,1,0,1,1,0,1,1,0,1,1,0,1,0,0,0,1,1,0,0,0,0,1,1,0,1,1,0,0.573369
1,0,1,0,1,0,0,1,0,1,0,1,0,1,1,0,0,0,0,1,0,0,1,0,1,0,1,1,0,1,1,0,0.586823
0,0,0,0,0,1,0,0,1,1,0,0,1,0,0,1,0,0,1,1,1,1,1,0,1,1,0,1,1,1,1,1,0.838551
0,1,0,1,0,0,1,1,1,1,1,0,1,0,0,1,0,0,1,1,0,1,1,0,1,1,1,1,1,1,0,0,0.658519
1,1,0,0,0,0,0,0,0,0,0,0,1,1,0,1,0,0,0,0,1,0,1,1,0,0,1,0,0,0,1,0,0.532705
0,0,1,0,1,0,0,1,1,1,1,0,1,1,0,1,0,1,1,0,0,0,1,0,0,0,0,1,0,0,1,1,0.578574
1,1,1,1,1,0,0,1,1,0,0,1,0,1,1,1,0,1,0,1,0,1,1,1,0,1,1,1,1,0,1,1,0.774299
0,1,0,0,1,0,0,0,0,0,1,1,1,1,1,1,0,0,0,1,0,0,1,0,0,1,1,1,1,1,0,1,0.788155
0,0,1,0,0,1,1,0,0,1,1,0,0,1,1,1,1,1,0,0,1,1,0,0,1,0,1,1,1,0,0,1,0.625475
0,1,1,1,1,1,1,0,1,0,0,1,0,1,1,0,1,0,0,1,0,1,0,0,0,1,1,0,0,1,1,0,0.608877
1,1,0,1,1,0,0,0,1,0,1,1,1,0,0,1,1,1,0,0,0,0,0,1,0,0,1,1,1,0,1,1,0.657538
1,0,0,0,0,1,1,0,1,0,0,0,1,0,0,0,0,1,1,1,1,0,1,0,1,1,0,1,1,1,0,0,0.593135
1,0,0,0,0,0,1,1,0,1,0,0,1,1,0,0,0,1,1,1,0,0,1,0,0,1,0,0,0,1,1,0,0.571030
1,0,1,1,0,1,0,1,0,1,1,1,0,1,1,1,1,0,1,0,0,0,1,1,0,1,0,0,1,0,1,1,0.708412
1,1,0,1,1,0,0,0,0,1,0,0,1,1,1,0,1,0,1,1,0,0,1,1,1,0,1,0,0,1,1,0,0.632114
0,1,0,0,1,0,0,0,0,0,1,1,0,1,0,1,1,0,1,0,0,1,0,1,0,0,0,1,0,0,1,1,0.590620
0,1,1,0,0,0,1,1,1,0,1,0,1,1,0,1,0,0,0,0,0,0,1,0,1,0,1,0,1,0,0,1,0.557752
1,0,1,0,1,0,0,1,1,0,1,1,0,0,1,0,1,1,0,0,1,0,1,1,1,1,0,0,1,0,1,1,0.644989
1,0,0,1,1,0,1,1,1,0,0,0,0,0,0,1,1,0,1,0,1,1,0,1,1,1,0,1,0,0,1,1,0.626103
0,0,0,0,0,0,1,1,0,1,0,0,1,1,0,0,1,0,1,1,1,1,0,1,0,0,0,0,0,0,0,0,0.468578
1,0,0,0,0,1,0,1,1,0,0,1,1,0,1,0,1,0,0,0,1,0,1,1,0,1,0,0,0,1,0,1,0.572136
1,0,0,0,1,0,0,1,0,1,1,1,1,0,0,1,0,1,1,0,1,1,0,0,0,0,0,1,0,0,0,0,0.567232
0,0,0,0,1,1,1,1,1,0,0,0,1,1,0,0,0,0,1,1,1,0,1,1,0,0,1,1,0,1,0,1,0.594518
1,1,0,1,0,1,0,0,1,1,0,0,0,0,0,1,1,1,0,1,1,0,1,0,0,1,0,0,0,0,0,0,0.663397
0,1,1,1,0,1,1,0,1,0,1,0,1,1,1,1,1,0,1,1,0,0,1,0,1,1,1,1,0,0,1,1,0.651427
1,0,1,1,0,1,1,0,1,1,0,1,0,0,0,1,0,1,1,1,0,0,0,1,0,0,0,0,0,1,1,1,0.644512
1,0,0,1,0,1,0,1,0,0,1,0,1,0,1,1,0,1,0,0,1,0,1,1,1,0,0,0,0,0,1,1,0.629901
0,0,0,1,0,0,0,0,1,0,0,0,0,0,0,1,1,1,1,1,1,0,1,0,1,0,1,0,1,0,0,1,0.537558
1,0,1,1,1,1,0,0,1,0,0,1,0,0,0,0,1,0,0,0,0,1,1,1,1,1,0,0,0,0,0,0,0.716937
1,0,0,0,0,1,0,1,0,1,1,0,1,0,0,0,0,1,1,0,1,1,0,1,1,1,0,0,1,0,0,1,0.570301
1,0,1,1,0,0,1,1,1,0,1,0,1,1,0,0,0,1,0,1,0,1,1,1,0,1,1,0,1,1,0,0,0.625952
1,1,1,1,0,0,0,1,0,0,1,1,1,1,1,1,1,1,0,0,1,1,0,0,0,1,1,0,0,0,0,0,0.625877
1,1,0,0,0,1,0,0,1,0,0,0,0,1,0,0,1,0,1,0,1,0,0,0,0,1,1,1,1,1,0,0,0.579228
1,0,1,1,0,0,1,1,0,0,1,0,0,0,1,1,0,1,0,0,0,0,0,1,0,1,1,0,0,1,1,0,0.567006
1,0,1,0,0,1,1,0,0,1,0,0,0,1,1,0,0,0,1,0,1,1,0,1,1,0,0,1,0,0,0,1,0.572564
1,1,1,1,1,0,0,0,0,0,1,0,1,0,1,1,1,0,0,1,0,0,1,0,1,0,0,1,1,0,0,1,0.609556
0,1,1,0,1,1,1,0,0,1,1,1,1,1,1,0,1,1,1,0,1,1,1,0,1,0,1,1,1,1,0,1,0.669986
0,0,1,0,1,0,0,1,0,0,1,0,0,0,1,1,1,1,1,1,0,1,1,0,0,1,0,0,0,0,1,1,0.608424
0,1,1,1,1,1,1,1,0,1,0,0,1,1,1,1,1,0,1,1,0,1,0,0,1,1,1,0,1,0,1,1,0.722444
1,0,0,1,1,1,1,1,1,0,0,1,0,1,0,1,0,0,0,1,0,1,0,1,0,0,1,1,0,1,0,1,0.646523
1,0,0,1,0,0,0,0,1,1,1,1,0,1,0,1,0,0,0,1,0,0,1,0,0,1,0,1,0,1,1,1,0.788885
1,1,1,0,0,0,1,1,1,1,1,0,0,0,0,1,0,1,0,1,0,0,1,1,1,0,1,0,1,0,0,1,0.594040
1,0,0,0,0,1,0,0,1,1,0,0,0,1,0,0,0,0,1,1,1,1,1,0,0,0,0,1,0,1,0,1,0.559236
1,0,1,0,1,0,0,1,1,1,1,0,0,1,0,0,1,1,1,1,0,0,1,1,0,1,1,1,0,1,1,0,0.650522
1,0,0,0,1,1,0,1,1,1,0,0,1,0,0,1,1,0,1,1,0,1,0,1,1,1,1,1,0,1,1,1,0.768867
1,1,0,0,0,1,0,0,0,1,1,1,0,0,0,1,1,1,0,0,0,1,0,0,0,0,0,1,0,0,0,1,0.535924
1,0,1,0,1,0,0,1,0,0,1,1,0,0,1,1,1,0,1,1,1,1,1,0,1,1,0,0,0,0,0,0,0.618785
0,0,1,0,0,0,1,1,1,0,1,1,0,0,0,0,0,1,0,1,1,0,0,0,0,1,0,1,0,0,0,1,0.546586
0,1,0,1,0,1,1,0,1,1,0,1,1,1,0,1,1,1,0,1,1,1,0,1,1,0,1,0,1,0,1,0,0.656054
1,0,0,0,1,1,0,1,1,0,0,0,0,1,1,0,1,1,1,1,1,1,0,0,0,1,1,1,1,1,1,1,0.772715
1,0,0,0,1,1,0,1,1,1,1,1,0,1,0,0,1,0,0,0,0,1,0,0,0,1,1,1,0,1,0,1,0.593059
0,1,0,1,0,1,1,1,1,0,0,0,0,1,0,1,0,1,0,0,1,0,1,1,0,1,1,1,1,1,0,1,0.746008
0,0,0,1,1,0,1,1,0,1,1,1,1,0,1,0,1,1,1,1,0,0,0,0,1,1,1,1,0,0,0,0,0.574576
1,1,1,1,1,0,1,0,1,1,0,1,0,0,1,1,0,1,0,1,1,1,0,0,0,1,0,0,1,0,1,0,0.650849
0,0,0,1,1,1,1,1,0,1,0,0,1,0,0,0,1,1,0,0,1,0,0,1,0,0,0,0,1,0,1,1,0.523098
0,0,1,1,1,0,0,1,0,0,1,1,0,1,1,1,1,1,1,0,1,1,0,1,0,1,0,1,1,0,0,1,0.693223
1,1,0,0,0,0,0,1,0,1,1,1,1,0,1,1,0,1,1,0,1,1,1,0,0,1,1,0,0,0,1,0,0.617075
1,0,1,0,1,0,1,1,1,1,0,0,0,1,0,0,1,1,1,0,0,0,0,1,0,1,0,0,1,1,1,0,0.587879
0,1,1,0,0,1,0,0,0,0,0,1,1,1,0,1,0,1,1,1,1,0,0,1,0,1,0,1,0,1,1,1,0.771684
1,1,1,0,1,0,0,0,1,1,0,1,0,1,1,1,0,0,1,1,1,0,1,1,1,1,0,0,1,0,1,1,0.766252
1,1,1,0,1,1,0,0,0,1,0,0,1,1,1,1,0,1,0,0,0,1,0,1,0,0,1,1,0,0,1,0,0.600981
0,1,1,0,1,1,0,1,0,0,1,1,1,0,1,0,0,0,1,0,0,1,0,1,1,0,0,1,0,1,0,1,0.601987
1,0,0,0,1,1,1,1,1,0,0,1,0,1,0,0,1,0,1,0,0,1,0,0,0,0,0,0,0,0,0,1,0.566176
0,1,1,0,0,0,1,0,1,0,1,0,1,1,1,1,1,1,1,1,0,0,0,0,1,0,0,0,0,1,1,1,0.594694
0,0,0,0,1,1,1,0,1,1,0,1,1,1,0,0,0,1,0,1,1,0,1,1,0,1,0,0,0,0,0,1,0.547969
1,1,0,1,1,0,1,1,0,0,0,0,0,0,0,1,1,0,1,0,1,1,1,0,0,1,1,0,0,0,0,1,0.595197
1,1,1,0,0,1,0,1,1,0,0,0,1,0,0,1,0,1,1,1,0,1,0,0,1,0,0,1,1,1,1,0,0.605683
1,0,1,1,0,1,1,0,0,1,1,0,1,1,0,0,1,0,0,1,0,1,1,1,0,0,1,0,0,1,0,1,0.644939
1,1,1,1,1,0,1,0,1,0,0,1,1,1,0,0,1,1,0,0,0,1,0,0,1,1,0,1,0,1,1,0,0.633623
0,1,1,1,0,1,1,1,1,0,1,1,1,1,1,0,0,0,0,0,0,0,1,0,0,0,1,0,0,0,0,1,0.587401
1,0,1,1,0,0,1,1,1,0,1,0,1,1,1,0,0,0,1,0,0,1,1,0,1,0,1,1,1,1,1,1,0.676877
1,0,0,0,0,1,0,0,1,1,0,0,1,1,0,0,0,0,1,1,1,1,1,1,1,1,0,1,1,1,0,1,0.676751
1,0,0,1,1,0,0,0,0,1,1,1,0,1,0,0,1,0,0,1,0,0,0,1,0,0,0,0,0,1,1,1,0.548749
0,0,0,0,1,1,0,0,1,0,1,1,1,1,1,0,0,0,1,1,0,1,1,1,0,0,1,1,0,0,1,1,0.694757
1,1,0,0,1,1,0,1,1,0,1,1,0,1,1,1,1,1,1,0,0,1,0,1,0,0,0,1,1,1,0,1,0.698655
0,0,1,1,1,0,1,1,0,0,0,0,1,1,0,0,1,0,0,1,0,1,0,1,0,1,0,0,0,0,0,1,0.559588
0,1,0,0,0,1,1,0,1,0,0,1,1,0,1,1,1,1,0,0,1,0,1,0,0,1,1,1,1,0,1,0,0.613353
1,1,0,1,1,1,0,0,0,0,1,0,0,0,1,1,0,1,1,0,0,1,1,1,0,0,0,0,0,1,0,1,0.580812
1,0,1,0,1,1,0,0,1,1,0,1,0,0,0,0,0,1,0,1,0,0,0,1,0,1,1,1,0,1,1,1,0.661260
1,1,1,1,0,1,1,1,0,0,0,0,0,1,0,1,0,0,1,1,0,1,0,0,1,1,0,0,1,1,1,0,0.609355
1,1,1,0,1,1,0,0,0,0,1,0,1,0,1,0,0,1,1,0,1,0,0,0,1,1,0,1,0,1,0,1,0.617453
1,0,0,1,1,0,0,1,1,1,1,1,0,1,0,1,1,1,1,1,1,1,0,1,1,0,1,0,0,1,1,1,0.740551
1,0,1,1,1,1,1,0,0,1,1,0,0,0,0,0,0,1,1,0,1,0,1,1,1,1,0,0,1,1,1,1,0.707481
1,1,1,1,0,1,1,0,1,0,1,1,0,0,1,1,1,1,1,0,1,0,1,1,1,0,1,1,0,1,0,1,0.742185
0,0,0,1,0,0,1,0,0,1,1,0,1,1,0,1,0,1,0,1,1,1,1,1,1,0,0,0,0,1,1,0,0.576185
1,1,0,1,1,1,1,0,1,0,1,1,1,1,1,0,1,0,1,1,0,1,0,0,1,1,0,1,1,0,0,0,0.690331
1,0,0,0,0,1,0,0,1,1,0,1,0,1,0,1,0,0,1,0,1,1,1,1,0,0,1,1,0,1,0,0,0.547441
1,1,0,1,1,0,0,1,0,0,1,1,1,1,0,0,0,1,1,0,0,1,1,0,1,0,0,1,1,0,1,0,0.615063
1,1,0,1,1,0,0,1,0,1,0,0,1,1,0,0,1,1,0,0,0,1,1,1,0,1,0,0,0,0,1,0,0.564567
1,0,0,0,1,1,0,1,1,0,1,0,0,1,1,0,1,1,1,1,1,0,0,1,0,1,1,1,1,0,0,0,0.623186
0,1,1,1,1,0,0,0,1,0,1,0,1,0,0,1,1,0,0,0,0,1,1,0,1,0,1,1,1,1,1,0,0.636188
1,1,0,1,1,1,1,1,0,1,0,0,0,1,1,1,1,0,0,0,1,1,1,1,0,0,1,0,0,1,1,0,0.631812
0,0,1,0,1,1,0,1,1,0,1,1,1,0,1,1,0,1,0,0,1,0,0,1,0,0,0,1,0,1,1,0,0.564793
0,0,1,1,1,0,1,0,1,1,0,0,0,1,0,0,0,1,1,0,1,1,1,1,1,1,1,1,1,0,1,0,0.633949
1,1,1,0,0,1,0,0,1,1,1,0,1,0,1,0,0,0,0,1,0,0,0,0,0,1,1,1,1,1,0,0,0.648711
1,1,0,1,1,0,0,0,1,0,0,0,0,0,0,0,0,1,0,1,1,1,0,1,1,0,0,0,0,0,1,0,0.580058
0,0,1,1,1,0,1,1,0,0,1,0,1,1,1,1,1,1,1,0,1,0,0,0,0,1,1,1,1,0,0,0,0.630127
1,1,1,1,1,1,0,1,1,1,0,0,0,1,1,0,0,0,0,1,0,1,1,0,0,0,0,0,0,1,1,1,0.582522
0,0,1,0,1,1,1,0,0,1,1,0,0,0,1,1,0,1,0,0,0,0,0,1,0,0,1,0,0,1,1,0,0.477002
0,0,0,1,1,0,1,0,1,0,0,1,1,0,0,0,1,0,0,1,0,0,0,1,0,0,0,0,1,1,0,0,0.500993
1,0,0,1,0,0,1,1,0,1,0,0,1,1,0,1,1,1,1,0,1,1,1,0,0,0,1,0,1,0,0,1,0.620697
1,0,0,1,0,1,0,1,1,1,0,0,0,0,0,1,0,0,0,0,0,1,1,0,0,1,0,1,0,1,0,1,0.562983
0,1,1,1,0,0,0,0,1,0,1,0,0,1,0,0,0,0,1,1,1,0,0,0,1,0,0,1,0,0,1,0,0.553804
1,0,1,1,1,0,1,1,1,0,0,0,1,0,1,0,1,1,0,1,1,0,1,1,0,0,1,0,1,0,0,0,0.633019
0,1,1,0,1,0,1,0,0,1,0,0,0,1,0,0,0,1,1,0,0,0,1,1,0,0,1,0,0,0,1,0,0.562882
0,0,1,1,1,1,1,1,0,1,0,0,1,1,0,1,1,0,1,0,1,1,0,1,1,0,1,0,1,1,0,0,0.635584
1,1,0,1,1,1,1,0,1,0,0,1,0,1,0,0,1,1,0,0,0,1,1,1,0,1,0,0,0,0,1,0,0.630806
1,0,1,1,1,1,0,0,0,0,1,0,1,0,1,1,1,1,0,1,0,0,1,0,0,0,0,0,0,0,0,0,0.615944
1,1,1,0,0,1,1,1,0,0,1,1,0,1,1,1,1,0,1,1,0,0,1,0,0,1,1,0,0,1,0,1,0.675418
1,1,0,1,0,0,1,0,0,0,0,0,0,1,1,0,0,1,1,0,0,0,0,1,0,0,1,1,1,0,1,0,0.589337
0,0,1,0,1,1,1,0,0,0,1,1,1,0,1,0,0,1,0,0,0,0,0,0,0,1,0,0,0,0,1,0,0.460329
0,0,0,1,0,0,1,1,1,0,1,1,1,0,0,1,1,0,1,0,1,0,0,0,0,1,1,0,0,1,1,1,0.645819
0,1,0,0,1,1,1,0,1,0,0,0,1,1,1,0,1,1,1,0,1,0,0,1,1,0,1,0,0,1,1,1,0.613806
1,0,0,1,1,0,0,1,1,0,1,1,0,0,0,1,0,1,1,1,0,0,1,1,1,1,0,0,0,0,0,1,0.656909
1,0,0,1,0,1,0,1,0,0,0,1,0,0,0,0,1,1,0,0,0,1,0,0,1,1,1,1,1,0,0,0,0.558733
0,0,1,1,1,0,0,1,1,0,0,0,1,1,1,0,1,1,1,0,0,0,1,0,0,0,0,1,0,1,0,1,0.586370
0,1,1,1,0,1,1,0,1,1,1,0,0,1,1,0,1,1,1,0,1,0,0,0,1,0,0,0,0,1,0,1,0.621677
1,1,1,0,1,0,1,1,0,0,0,1,0,0,1,0,0,0,0,1,0,1,0,0,0,0,0,1,1,0,0,0,0.571583
0,0,1,1,0,1,0,0,1,0,0,0,0,0,1,0,1,0,1,0,1,0,1,0,1,1,0,0,1,0,0,1,0.556167
0,1,1,1,1,0,1,0,0,0,1,0,0,1,0,1,1,0,0,0,0,1,1,0,0,0,1,1,1,0,1,0,0.550509
0,1,1,0,0,1,0,0,1,1,0,1,0,0,1,0,1,1,1,0,1,0,0,0,1,1,0,0,1,0,0,1,0.579479
0,0,1,0,0,0,0,1,1,0,1,1,1,1,1,1,1,1,1,0,0,0,0,1,1,1,1,1,1,1,0,1,0.742965
1,1,1,0,1,1,0,0,1,1,0,1,0,1,0,0,0,0,0,0,1,0,1,0,0,1,1,0,1,0,0,0,0.635483
0,1,0,0,0,1,1,0,0,1,0,1,1,0,0,1,1,1,0,1,1,0,1,0,1,0,0,0,0,0,1,0,0.564994
0,0,1,0,0,1,0,0,0,1,0,1,1,0,0,1,1,1,1,1,1,1,0,0,0,1,1,1,0,0,0,1,0.611291
1,0,0,1,1,0,1,1,0,1,0,0,1,0,1,0,0,1,1,0,1,1,1,0,1,1,1,0,1,0,1,1,0.660883
0,0,0,1,1,1,0,0,1,1,0,0,1,0,1,1,1,0,0,1,1,1,0,1,0,0,1,0,0,0,0,0,0.573042
0,1,1,1,0,0,1,1,1,0,1,0,0,1,1,1,1,1,1,0,0,1,1,0,0,0,0,0,1,1,0,0,0.589111
0,1,1,0,1,1,1,1,1,0,0,0,0,1,1,0,1,1,1,1,1,0,1,0,1,0,0,1,1,1,1,1,0.749101
1,0,1,1,0,0,1,1,1,1,1,1,0,1,0,1,1,1,0,0,0,0,1,1,0,1,0,1,1,0,0,0,0.632918
0,1,0,0,1,1,0,1,0,0,0,1,1,1,0,0,0,0,1,1,0,1,1,1,0,1,1,1,1,0,0,0,0.552295
0,0,0,1,0,0,0,0,0,1,1,1,0,0,0,0,1,1,1,0,1,1,1,0,0,1,1,0,0,0,1,0,0.543895
0,0,0,0,1,0,0,0,0,0,0,1,0,0,1,1,1,0,1,0,0,0,0,0,1,0,1,0,0,0,0,1,0.458142
1,1,0,0,1,0,0,1,1,0,1,0,1,0,1,0,1,0,1,1,1,1,0,0,0,0,1,0,1,1,0,1,0.623589
0,1,0,0,1,0,0,0,0,1,1,1,0,0,0,1,1,1,1,0,0,1,0,0,1,0,0,0,1,1,0,0,0.589513
0,0,1,1,0,1,1,0,1,0,1,0,0,0,0,1,0,1,1,0,0,0,0,1,1,1,0,0,0,1,0,0,0.560845
0,1,0,0,1,1,0,1,0,1,1,0,1,0,1,1,0,1,1,0,0,1,0,1,0,1,1,1,1,0,1,0,0.651276
1,0,1,0,1,0,0,0,0,0,1,0,0,0,0,0,0,0,1,0,0,0,1,0,0,1,1,0,0,0,0,1,0.539645
1,0,1,1,1,0,1,0,1,1,0,1,1,1,1,0,1,0,1,1,1,0,1,0,1,1,1,1,0,1,0,1,0.701018
0,1,0,0,1,1,1,0,1,0,1,0,1,0,0,1,0,1,0,0,0,1,1,1,0,1,1,1,1,0,0,0,0.620797
0,0,1,0,1,0,1,1,0,1,1,1,1,1,1,0,0,1,1,1,0,1,1,0,0,0,1,1,1,0,1,0,0.570904
1,1,0,1,0,0,0,1,1,0,0,0,0,1,1,1,1,1,0,0,0,1,1,1,1,1,1,0,1,0,1,1,0.725487
1,1,1,1,0,0,1,1,1,0,1,1,1,1,0,1,0,0,1,0,0,1,1,0,0,0,0,0,1,1,1,0,0.608198
0,0,0,0,1,1,0,0,0,1,0,1,0,1,0,0,1,0,0,1,0,1,1,1,1,1,1,0,1,0,1,1,0.665258
0,0,0,0,1,1,1,0,0,1,1,1,0,1,1,0,1,1,1,1,1,0,1,0,0,1,0,1,1,0,0,1,0.647580
1,0,1,1,0,0,1,0,0,1,1,1,0,0,1,1,1,1,1,0,1,0,1,0,1,0,1,1,0,0,1,1,0.625273
1,1,1,0,0,1,1,0,0,0,0,0,1,1,0,0,1,0,0,0,1,0,1,0,1,1,0,0,1,0,0,0,0.762806
1,0,0,0,0,0,1,0,1,1,0,1,0,1,0,0,0,1,1,1,0,1,0,0,1,0,0,1,0,1,0,1,0.577543
1,0,0,0,1,1,0,1,0,0,1,1,0,0,0,1,1,1,0,0,0,1,0,0,1,1,1,1,1,0,1,0,0.597862
0,0,1,1,0,0,1,0,1,0,0,0,0,0,0,0,1,1,0,0,1,0,0,1,1,0,0,1,0,1,1,1,0.590670
1,1,0,0,1,1,0,0,1,0,0,1,0,0,1,1,1,1,1,0,1,1,0,1,0,1,0,1,0,0,0,1,0.624418
0,0,0,1,1,0,0,1,1,0,0,1,1,1,0,0,1,1,0,0,0,1,1,0,0,1,0,0,1,0,1,0,0.559713
0,1,0,1,1,1,1,0,1,0,1,0,1,0,1,1,1,0,1,0,0,1,1,0,1,1,1,0,0,0,0,0,0.613379
1,1,0,1,0,0,1,0,1,0,0,1,1,1,1,0,1,0,1,0,0,0,0,0,0,0,0,1,0,1,0,0,0.759110
1,0,0,1,0,1,0,0,0,0,1,1,1,0,0,1,0,1,0,0,0,0,1,1,0,1,1,1,1,1,1,0,0.637470
1,0,1,1,0,0,0,0,0,1,1,1,1,0,0,0,1,0,1,1,1,1,1,0,1,1,1,0,0,1,0,0,0.632868
1,0,1,1,1,1,0,1,0,0,1,0,0,1,1,1,0,1,1,1,1,1,1,1,0,1,1,0,0,0,1,0,0.671897
1,1,1,1,0,1,0,1,0,1,1,1,1,1,1,1,1,0,0,1,0,0,0,0,0,1,1,1,1,0,0,0,0.662492
0,1,1,1,0,1,1,1,0,0,1,0,1,0,0,0,0,1,1,0,1,0,0,0,1,0,1,1,0,1,1,0,0.600025
1,1,1,0,1,1,0,1,0,0,1,1,1,1,0,0,0,1,0,0,1,1,0,0,1,1,1,1,1,0,0,0,0.649793
1,0,1,0,0,1,1,0,0,1,1,0,0,0,1,0,0,0,1,0,1,0,1,0,1,0,1,0,0,0,0,0,0.677707
1,1,1,0,1,1,0,1,0,0,1,0,1,1,0,1,0,0,1,1,0,1,0,0,0,1,0,0,1,1,0,1,0.614510
0,0,1,1,0,1,1,0,0,0,0,0,0,0,0,0,0,1,0,0,0,0,1,0,1,0,0,0,1,0,1,0,0.420244
0,1,0,1,1,1,1,1,1,0,1,1,1,0,0,1,1,1,0,0,1,0,1,0,0,0,0,0,0,0,0,1,0.630127
1,0,1,1,0,1,1,0,1,0,0,1,1,1,0,0,0,0,0,0,0,1,1,0,1,0,1,1,0,1,0,1,0.616799
1,1,0,1,0,1,1,1,1,1,1,0,1,1,0,1,0,0,0,1,1,1,1,1,0,0,0,1,0,0,1,1,0.724506
1,1,1,1,1,0,0,0,1,0,1,0,1,1,0,0,0,0,1,0,1,0,0,1,1,0,1,1,0,0,0,1,0.610814
1,1,0,1,0,1,1,1,0,1,0,0,1,1,1,1,1,1,0,1,1,0,0,0,0,0,1,0,1,0,1,1,0.711153
1,0,0,1,1,0,0,1,0,0,1,0,0,1,0,1,1,1,1,1,0,1,0,0,0,0,0,1,0,1,1,1,0.687791
1,0,0,0,1,1,0,1,1,0,1,0,0,1,1,1,1,0,0,1,1,1,1,0,1,0,0,1,1,1,1,1,0.804325
1,0,0,0,0,0,0,1,1,0,1,0,0,0,1,1,1,1,1,1,1,0,1,1,1,1,1,0,0,0,0,1,0.611945
1,1,0,0,1,0,1,1,1,0,0,1,1,1,0,1,0,1,1,1,1,0,0,0,1,1,0,0,1,0,1,1,0.741230
0,1,1,0,0,1,1,0,1,1,1,0,1,0,1,1,0,0,0,1,1,1,0,1,0,0,0,0,0,1,1,1,0.618785
1,0,1,1,1,1,1,0,1,1,1,1,1,1,1,1,1,1,1,1,1,0,1,0,1,0,0,0,1,1,1,0,0.612172
0,0,1,0,0,1,0,0,1,0,1,1,1,0,0,0,0,1,1,1,0,1,0,0,1,0,0,1,0,1,1,0,0.545379
0,1,1,1,1,0,0,0,0,1,0,0,0,1,0,1,1,0,0,1,1,0,0,0,1,1,1,1,0,0,0,1,0.598466
0,1,0,0,1,1,0,1,1,0,1,1,1,1,1,1,1,1,0,1,0,0,1,0,1,1,0,0,1,1,1,0,0.666591
0,1,1,1,1,0,1,1,0,0,0,1,1,1,0,0,1,1,1,1,0,1,0,0,0,1,1,1,0,0,0,0,0.619992
0,1,1,1,0,0,1,0,0,0,0,1,1,0,0,0,0,1,1,1,1,0,0,1,0,1,0,0,0,0,0,0,0.528228
0,0,0,0,1,1,1,0,0,0,1,1,1,1,0,1,1,0,0,0,0,0,1,1,1,1,0,1,0,0,1,0,0.576009
0,1,0,0,1,0,1,1,1,0,0,1,0,0,1,0,0,1,0,1,1,0,1,0,0,0,1,0,1,1,1,1,0.617830
1,0,1,0,1,1,0,1,0,0,0,1,0,0,0,1,1,0,1,1,1,1,0,1,0,1,1,1,0,1,0,0,0.604225
0,0,1,0,0,0,1,1,0,1,0,0,0,1,1,1,0,1,1,0,0,0,1,0,1,1,1,0,1,1,1,0,0.612423
0,1,1,0,0,1,0,0,0,0,0,0,0,1,1,1,0,1,1,1,1,1,0,0,1,1,0,0,0,0,1,0,0.560191
0,1,1,0,1,0,0,0,1,1,0,1,1,1,1,0,0,0,0,0,1,1,1,1,0,1,1,1,0,1,1,1,0.697372
0,1,0,1,1,0,0,0,0,1,0,1,1,1,0,1,1,0,1,1,0,0,0,0,1,1,1,0,0,0,1,0,0.567660
0,1,1,1,0,1,1,0,0,0,1,0,1,1,0,0,0,1,0,0,0,0,0,1,0,1,0,0,0,1,1,0,0.582799
0,1,1,1,1,1,0,1,1,0,0,0,1,0,0,0,1,0,0,0,0,1,0,0,0,1,0,1,0,0,1,0,0.576688
1,0,1,0,1,0,0,1,0,0,0,1,1,0,1,0,0,0,1,0,1,0,1,1,0,0,1,1,0,1,0,0,0.573293
0,0,1,1,0,0,0,1,1,1,0,1,1,0,0,1,0,1,0,1,1,1,0,1,1,1,1,0,0,1,0,0,0.647328
0,0,1,1,0,0,1,0,0,1,0,0,0,1,0,0,0,1,1,0,1,1,0,1,1,1,1,1,1,1,1,1,0.788608
1,0,0,1,0,0,1,0,0,1,1,0,0,1,1,0,1,0,0,0,1,0,0,1,0,1,1,0,0,1,0,0,0.566352
1,1,0,1,0,0,0,1,0,1,0,0,0,0,1,0,1,0,0,1,0,0,0,1,0,0,1,0,0,0,0,0,0.713768
0,0,1,1,0,0,1,0,0,0,1,0,1,0,1,0,1,1,1,1,1,0,1,0,1,1,0,1,1,1,1,0,0.646548
1,1,1,0,0,0,0,0,1,1,0,0,1,1,0,0,1,0,1,0,0,1,0,0,0,0,0,1,0,1,0,1,0.589840
0,1,0,1,1,1,0,1,1,0,1,0,0,1,1,1,0,0,1,0,1,1,1,1,0,0,1,1,1,1,0,1,0.715328
1,1,1,1,1,1,0,1,1,1,0,1,0,1,1,0,1,1,1,1,0,1,1,1,0,0,0,0,1,0,0,1,0.655853
1,1,0,0,1,0,0,1,1,1,1,1,0,1,0,0,1,0,0,0,0,0,0,0,1,0,0,1,1,1,0,1,0.587426
1,0,1,1,0,1,0,0,1,0,1,0,1,1,1,0,0,1,0,0,1,1,1,1,0,0,1,1,1,0,0,0,0.623589
1,0,0,0,0,0,0,1,1,1,1,1,1,0,1,1,1,0,0,0,0,1,0,0,1,1,1,1,1,0,0,0,0.626782
1,1,0,1,0,1,1,1,1,0,1,1,1,0,0,1,0,1,0,1,1,1,1,1,0,0,0,0,0,1,0,0,0.648837
0,1,1,0,1,0,1,1,1,1,1,0,0,1,1,0,0,0,1,0,0,1,1,1,0,0,1,1,1,0,1,0,0.635182
0,0,1,0,0,0,1,0,0,0,1,1,1,0,0,1,1,1,0,1,0,0,0,0,1,0,0,0,1,1,0,1,0.529435
1,0,0,0,1,1,0,1,0,1,1,1,1,0,1,1,0,0,1,0,1,0,0,0,0,0,1,1,1,0,0,0,0.561272
0,1,0,1,1,0,0,1,0,1,1,1,1,1,0,0,0,0,0,1,1,0,1,1,0,0,0,1,0,1,0,1,0.617905
1,1,1,1,1,0,1,0,0,1,1,1,1,0,1,0,0,1,0,1,0,1,0,0,0,0,1,0,1,1,1,1,0.650446
0,1,0,1,0,1,1,0,1,1,0,1,0,1,0,0,0,0,0,1,1,0,0,1,1,1,0,0,1,1,1,0,0.606714
1,0,0,1,1,1,0,0,0,1,1,0,0,0,0,1,0,0,0,1,1,0,0,1,0,1,1,0,1,1,0,1,0.599723
0,1,1,1,1,0,1,1,1,1,1,1,1,1,1,0,0,1,1,0,0,0,1,1,1,0,0,0,0,0,0,1,0.647479
0,1,1,1,1,0,1,1,1,1,0,0,0,1,0,1,0,1,1,1,1,1,0,1,1,1,1,0,0,1,1,0,0.659625
1,0,0,0,1,0,0,0,0,1,0,0,1,1,0,0,0,0,1,1,1,0,0,0,0,0,1,1,1,0,1,1,0.594141
0,1,0,1,1,1,0,0,1,1,1,0,1,0,1,0,1,0,0,0,0,0,0,0,1,1,1,1,1,0,0,0,0.601886
1,1,1,1,0,0,0,1,0,0,1,1,1,1,1,0,0,0,0,1,0,0,0,1,1,1,1,0,1,0,1,0,0.599044
1,1,1,0,1,1,1,0,1,0,1,1,0,1,1,1,1,1,1,0,1,1,0,1,0,1,1,1,1,1,0,1,0.721640
1,1,0,1,0,1,1,1,0,0,0,1,0,1,1,1,0,0,0,0,0,0,1,0,0,1,0,1,1,1,0,1,0.731221
0,1,1,0,0,1,1,0,1,0,0,0,0,1,0,1,1,1,0,0,1,1,0,0,0,1,0,1,0,0,0,1,0.585037
1,1,1,0,0,1,1,0,1,1,1,0,0,1,1,1,1,0,0,0,0,1,0,0,1,1,1,1,0,1,1,0,0.683792
1,1,1,1,1,1,0,0,1,0,0,1,1,0,1,0,0,0,0,1,0,0,0,0,1,1,0,0,0,0,1,1,0.618811
1,0,1,1,1,1,1,1,0,1,0,1,1,1,0,0,1,1,1,1,0,1,0,0,1,0,0,0,0,0,0,0,0.736276
1,0,1,1,1,1,0,0,1,1,1,0,0,0,1,1,0,1,0,0,0,1,0,1,1,0,0,1,1,1,1,0,0.629599
1,1,0,0,0,0,1,1,0,1,0,0,0,0,1,1,0,1,1,0,1,0,0,1,0,0,1,0,0,0,1,1,0.563787
1,0,0,1,0,0,1,1,1,0,0,1,1,1,0,0,0,0,0,1,1,0,1,0,0,0,1,1,1,1,1,1,0.750182
1,0,1,1,0,0,1,0,1,1,0,0,0,0,1,0,0,1,0,1,0,0,0,0,0,0,1,0,0,1,0,0,0.598717
1,1,0,1,0,1,1,1,1,0,0,1,0,1,1,1,0,1,1,1,1,1,0,1,1,1,1,0,0,1,1,1,0.702150
0,1,1,0,0,0,1,0,0,1,1,1,1,0,1,1,1,0,0,0,1,1,0,0,1,0,1,1,0,1,0,0,0.601232
1,1,0,1,0,0,0,0,1,1,0,1,1,1,0,1,0,1,1,0,1,0,0,1,0,0,1,1,0,1,1,0,0.636841
1,0,0,0,1,0,0,0,0,0,0,0,1,1,0,0,1,0,1,1,0,0,0,1,0,0,0,1,0,0,1,1,0.563209
0,1,1,1,1,1,0,1,0,0,0,0,1,1,0,0,1,1,1,1,1,0,1,1,0,0,1,1,0,0,1,1,0.685402
0,0,0,1,1,1,1,1,0,0,1,0,1,0,0,0,1,1,0,0,0,0,0,1,1,1,1,0,0,0,0,0,0.562228
0,0,0,0,0,0,0,0,0,1,0,0,0,0,0,0,1,1,1,1,0,0,1,0,0,0,1,1,0,0,1,1,0.586898
1,0,1,0,0,0,1,1,1,0,1,1,0,0,0,0,1,1,1,1,1,1,1,0,0,1,1,0,0,0,0,1,0.613605
0,1,0,1,0,1,1,0,0,1,1,0,1,1,0,1,1,0,1,0,1,0,0,1,1,1,1,1,1,0,0,0,0.645341
0,0,1,1,0,1,1,0,0,1,1,1,0,1,0,0,0,0,0,1,0,1,0,0,0,0,1,0,1,0,1,0,0.470741
1,1,1,0,1,0,0,1,1,1,1,0,0,0,0,0,0,1,1,0,0,0,0,0,1,1,0,1,1,1,1,0,0.611593
1,0,1,1,1,1,1,0,1,1,1,1,1,0,1,1,1,1,0,1,0,1,0,1,0,0,1,0,0,1,1,1,0.693625
0,0,1,0,1,1,1,1,1,1,0,0,1,1,1,1,0,1,1,0,1,0,1,1,1,0,0,1,1,0,1,1,0.720231
0,0,1,0,1,0,1,1,0,1,0,1,1,0,1,0,1,1,1,1,1,1,0,1,1,1,0,0,1,1,1,0,0.652232
1,0,1,0,0,0,1,1,1,0,0,0,0,1,1,1,1,1,0,0,1,0,0,0,0,0,0,1,1,1,1,1,0.746888
0,0,0,1,0,1,0,1,0,0,1,1,1,1,1,1,0,1,1,1,0,1,0,0,1,1,0,1,0,0,0,0,0.588507
0,0,1,1,0,1,0,1,0,0,0,0,0,1,0,1,0,0,1,1,1,1,1,0,1,1,0,0,1,0,0,1,0.583905
1,0,1,0,0,0,0,0,1,1,1,1,1,1,0,0,1,0,1,1,0,1,0,1,1,0,0,1,0,0,0,1,0.617302
1,0,0,1,1,0,1,0,1,0,1,0,1,0,1,1,1,1,1,0,1,0,1,0,0,0,0,1,0,1,0,0,0.628467
0,0,0,1,0,0,1,1,1,0,0,1,1,0,1,1,0,1,0,1,1,0,0,1,0,1,0,0,1,1,0,1,0.678335
0,0,0,0,0,0,1,0,1,1,1,0,0,1,0,0,1,0,0,0,0,1,1,1,0,1,0,0,0,1,1,1,0.597410
1,1,0,0,1,1,1,0,1,1,0,1,1,1,1,1,1,1,1,0,0,1,0,0,0,0,0,1,0,1,0,0,0.686181
0,0,0,1,0,0,0,1,0,1,1,0,0,1,0,0,1,1,0,0,0,0,1,1,1,1,1,1,0,0,0,1,0.558984
1,1,1,0,0,1,0,0,1,0,1,1,0,0,0,0,1,0,1,1,1,0,1,0,1,1,1,1,1,0,0,1,0.624569
0,1,1,0,0,0,1,1,0,1,1,0,1,1,0,0,1,1,0,0,0,0,0,0,1,0,1,0,0,1,0,1,0.574903
1,1,1,1,1,1,0,0,1,1,0,0,0,0,0,0,1,1,1,0,0,0,1,0,1,1,1,1,1,0,1,1,0.721464
1,1,0,0,1,1,0,1,1,0,1,0,0,1,1,1,0,0,1,0,0,0,1,0,0,0,0,0,0,0,0,0,0.571105
1,1,0,1,0,1,0,0,1,0,0,1,0,1,0,0,1,1,1,0,1,1,1,1,1,1,1,1,1,1,0,1,0.712209
0,0,0,1,0,0,1,1,0,1,0,1,1,0,1,0,0,1,0,0,1,0,1,1,0,0,1,1,0,1,1,1,0.694908
1,1,1,1,0,0,0,0,1,1,1,0,0,0,0,1,0,0,1,0,0,0,0,0,1,1,1,1,0,1,0,0,0.544474
1,1,1,1,1,0,1,0,0,0,1,0,0,0,1,1,1,0,0,0,0,1,1,1,0,0,0,1,1,0,0,0,0.595172
1,0,0,1,1,1,0,0,0,1,0,0,1,1,0,1,0,0,1,1,0,0,0,0,0,1,1,0,0,1,1,0,0.585037
0,0,0,0,1,0,1,1,1,0,1,1,0,0,1,0,0,0,1,1,0,1,0,0,1,1,1,1,0,0,1,1,0.650849
0,0,0,1,0,1,1,1,0,0,0,0,0,0,0,0,0,0,1,1,1,0,0,0,0,1,0,0,1,0,0,1,0.467999
0,1,0,1,1,0,1,1,1,0,0,1,1,0,0,0,0,1,1,1,0,0,0,0,0,0,0,1,1,1,1,1,0.647429
0,1,1,1,0,1,0,0,1,1,1,0,1,0,1,0,1,0,1,1,1,0,1,0,0,0,0,1,0,1,0,1,0.618961
1,1,1,0,0,0,0,1,1,0,1,1,1,0,0,0,1,1,1,0,1,0,1,1,0,1,1,0,1,1,1,0,0.635609
0,0,1,1,0,1,1,0,1,1,0,0,1,0,1,1,0,0,0,1,1,1,1,1,1,0,0,1,1,1,1,0,0.618232
0,0,0,1,0,1,1,1,0,0,1,0,0,1,1,0,0,1,1,1,0,0,0,0,1,1,0,1,0,0,0,1,0.564843
0,1,0,0,0,0,0,1,1,1,0,1,0,0,1,1,0,1,0,1,1,0,0,1,0,1,1,1,0,1,0,0,0.572840
0,0,0,0,0,0,0,0,1,1,1,0,0,1,1,1,1,1,1,0,1,1,0,0,1,0,0,0,1,0,1,1,0.729637
0,1,0,1,1,0,1,1,1,1,1,1,1,0,1,0,0,1,0,1,0,0,0,0,0,1,0,1,0,1,1,0,0.606890
1,1,0,0,0,0,1,1,1,1,0,1,0,0,0,0,1,0,1,1,0,1,0,0,1,0,0,1,1,0,0,1,0.564969
0,0,0,0,0,0,1,1,1,0,1,1,1,0,1,1,1,0,1,0,1,0,0,1,0,0,0,0,0,1,0,1,0.545681
1,1,0,1,0,0,0,0,1,0,1,1,1,1,0,1,1,0,0,1,1,1,1,0,0,0,1,0,0,1,0,1,0.627562
1,0,1,1,0,0,1,0,0,0,0,1,0,0,1,0,1,1,0,0,0,0,1,0,0,1,0,1,0,0,0,1,0.572866
1,0,0,1,0,0,0,0,1,0,0,1,0,0,1,1,1,0,0,0,0,0,1,0,1,0,0,1,1,1,1,1,0.753527
1,0,1,0,0,0,0,0,1,0,1,1,0,1,0,1,0,0,1,1,1,1,1,1,0,0,0,0,1,1,1,1,0.691311
1,0,1,0,0,0,1,0,0,0,1,1,1,1,1,0,0,1,1,1,0,0,1,0,0,0,1,0,1,1,1,1,0.644788
1,1,1,1,0,0,1,0,1,0,1,1,1,0,1,1,0,1,1,0,0,0,1,0,0,0,1,1,0,1,0,0,0.629423
1,1,0,0,1,0,1,1,0,1,0,1,1,0,1,1,1,1,1,1,0,1,0,0,0,1,0,0,1,1,1,1,0.769672
1,1,1,0,1,1,1,1,1,0,1,0,1,1,0,0,1,0,0,0,0,0,0,1,1,1,1,0,0,0,0,1,0.596706
1,1,1,0,0,0,0,1,0,0,0,0,1,0,1,1,1,0,0,1,1,1,0,0,1,0,1,0,1,0,0,1,0.622130
0,1,1,0,1,0,1,0,1,0,0,0,0,1,0,1,1,1,0,0,0,1,1,1,0,0,1,0,1,1,1,0,0.612247
0,0,1,0,1,0,0,0,0,1,1,1,1,1,0,0,1,1,1,0,1,0,1,0,1,0,0,1,1,0,0,0,0.540199
1,1,0,1,0,1,0,1,1,0,1,0,1,1,0,0,1,0,0,0,0,0,0,0,1,0,0,0,1,0,0,0,0.631762
0,1,0,1,0,1,0,1,0,1,0,0,0,1,1,0,0,1,0,1,1,0,1,0,0,0,1,0,0,0,1,0,0.515981
0,0,1,1,0,1,0,1,0,1,1,1,1,0,1,0,0,0,0,1,1,1,0,0,1,0,1,1,1,0,1,0,0.630228
0,0,1,1,0,1,0,1,0,0,1,1,0,1,0,1,1,1,1,1,1,1,0,0,1,0,1,0,1,1,0,1,0.644134
1,0,1,0,0,0,1,0,1,1,0,1,1,1,0,0,0,0,1,0,1,1,0,0,1,0,0,1,0,1,1,0,0.618760
0,0,0,0,1,0,1,1,0,0,0,0,1,1,1,1,0,0,0,1,0,1,1,0,1,1,1,0,0,1,1,0,0.544776
0,1,1,0,1,1,0,0,1,1,1,1,1,1,0,0,1,0,1,1,0,1,0,0,1,0,0,0,1,1,0,0,0.652006
1,0,0,0,1,0,0,1,0,1,0,0,1,0,0,0,0,1,0,1,1,1,0,1,0,1,0,0,1,0,1,0,0.540601
0,1,1,0,0,1,0,1,1,1,0,1,1,0,1,0,1,1,0,1,0,1,0,1,1,0,1,1,0,0,1,0,0.630228
1,0,0,0,1,0,1,0,1,0,0,1,1,1,0,1,0,1,0,1,1,0,0,1,1,0,0,0,1,0,1,1,0.654244
0,1,1,1,0,0,0,1,0,0,1,1,1,1,0,1,1,1,0,1,0,1,1,0,0,0,1,1,0,1,0,1,0.718018
1,1,1,0,0,0,1,1,0,1,0,0,1,1,0,0,0,0,0,1,0,0,0,0,1,0,0,0,1,1,0,1,0.560468
1,0,0,1,0,0,1,0,0,0,0,0,0,1,0,0,1,1,1,0,1,1,0,1,0,1,0,1,0,1,1,0,0.552420
0,0,0,0,0,1,0,1,0,0,1,1,1,0,1,0,1,0,1,1,0,1,0,0,0,0,0,1,0,1,1,1,0.583453
1,1,1,0,0,0,1,1,0,1,1,0,0,1,1,1,0,0,0,1,0,1,0,1,0,1,0,1,1,1,0,1,0.746561
1,0,0,0,0,1,0,1,0,1,1,1,1,0,1,0,0,0,0,0,0,0,1,0,1,1,1,0,0,0,0,1,0.545203
0,1,1,0,0,0,0,0,0,0,1,1,0,0,0,1,0,1,1,1,0,0,0,1,0,0,0,1,1,1,1,0,0.543619
1,1,0,0,0,1,1,0,0,1,0,1,1,1,0,0,0,0,0,0,0,1,0,1,0,0,0,0,1,0,0,1,0.525135
1,1,0,1,1,0,0,1,1,1,0,1,0,0,0,0,1,0,0,0,1,1,0,0,1,0,0,1,0,0,1,1,0.602691
0,1,1,1,1,0,1,0,0,1,0,0,0,0,1,1,1,1,1,1,0,1,1,1,1,0,1,0,1,1,0,1,0.660078
0,1,1,1,0,0,0,0,0,1,1,1,0,1,0,1,1,0,1,0,0,1,1,1,0,0,1,1,1,0,1,0,0.615541
0,1,0,0,0,1,0,0,0,0,1,0,1,1,0,1,1,1,0,1,1,1,0,1,0,1,0,0,1,1,0,0,0.604024
0,1,0,1,1,1,0,1,0,1,0,1,0,0,0,1,1,1,0,0,0,1,0,0,0,0,0,1,1,1,0,1,0.587627
0,0,1,1,0,0,0,1,0,0,0,1,0,1,1,1,1,1,1,0,0,1,0,1,0,0,0,1,0,1,1,0,0.576336
0,1,0,0,0,0,0,1,1,0,1,0,1,1,0,0,0,0,0,0,0,1,0,0,0,0,1,0,1,1,0,0,0.457815
1,1,0,1,1,1,1,0,0,0,0,1,0,1,0,1,1,0,1,0,1,1,1,0,0,0,0,0,0,1,1,0,0.595800
1,1,1,0,0,0,0,1,1,0,1,1,1,1,1,1,1,1,1,1,1,0,1,0,0,0,1,1,1,0,0,1,0.621149
0,1,1,1,0,1,1,0,0,1,1,0,0,1,1,0,1,0,0,1,0,1,0,0,0,0,1,1,1,1,0,1,0.615063
1,0,1,1,0,1,1,0,1,0,0,1,1,1,1,1,0,0,1,0,0,0,1,0,0,0,1,0,0,0,0,0,0.579806
1,0,1,0,1,0,1,1,1,1,1,0,0,0,0,1,1,0,1,0,0,0,1,1,0,0,1,1,0,0,1,0,0.602691
1,0,0,0,1,0,0,1,1,0,1,0,0,0,0,0,1,1,0,1,0,1,0,0,0,0,1,1,0,1,0,0,0.547592
1,0,1,0,1,1,1,1,0,0,1,0,0,1,1,1,0,0,1,1,1,0,1,1,0,0,1,0,1,1,1,0,0.626330
0,0,0,0,0,1,1,1,0,0,1,1,0,1,1,1,0,1,1,0,0,1,1,1,1,1,1,1,1,1,1,1,0.768188
0,1,0,0,0,0,0,1,0,0,1,0,0,1,0,0,0,0,1,1,1,1,1,1,0,1,1,1,0,0,0,0,0.491186
1,0,1,1,1,1,0,1,1,1,1,1,1,1,1,1,0,0,1,0,0,1,1,1,1,1,0,0,0,0,0,1,0.720986
1,1,1,1,0,1,0,0,0,1,1,1,1,1,1,1,0,0,1,1,0,0,0,0,0,1,1,0,1,1,1,0,0.732755
0,1,0,0,1,0,0,1,0,1,0,1,1,0,1,1,0,1,1,0,0,1,0,1,0,1,0,1,0,0,1,1,0.705545
1,0,0,1,0,1,0,0,1,1,1,0,1,0,0,0,0,0,1,1,1,1,0,0,1,1,1,1,1,1,0,0,0.647051
1,1,0,1,1,0,0,0,1,1,0,0,1,0,0,0,0,1,0,1,0,1,0,1,1,0,1,1,0,1,0,0,0.602590
1,1,1,0,0,0,0,0,0,1,1,1,0,1,1,1,1,1,0,1,0,1,1,1,0,0,0,1,1,1,1,1,0.768037
0,1,1,1,0,1,1,0,1,0,1,0,1,1,1,1,1,0,0,1,1,1,0,0,1,1,1,0,0,0,0,0,0.623060
1,1,1,1,0,0,0,1,1,1,1,1,0,1,1,1,0,1,1,1,1,1,0,1,0,0,0,0,1,0,0,1,0.682686
1,1,1,0,0,0,1,0,1,1,1,0,0,0,0,0,1,0,0,1,1,0,0,0,0,1,0,1,0,0,1,0,0.620043
0,1,0,0,0,0,1,1,0,1,0,1,1,0,1,0,0,0,1,0,0,0,1,1,0,0,0,1,1,0,0,0,0.535245
0,1,0,1,0,0,1,1,1,0,1,0,1,0,1,0,0,0,1,1,0,1,0,0,1,1,1,0,0,0,1,0,0.568138
0,1,0,0,1,1,1,1,1,0,1,0,0,1,1,1,0,1,0,0,0,0,1,0,1,1,0,0,0,1,1,1,0.624695
1,0,0,0,1,1,1,0,1,0,0,0,1,0,1,1,1,0,0,1,0,1,1,0,1,0,1,1,0,0,0,1,0.552244
0,1,1,1,0,1,0,0,1,0,0,0,1,0,0,0,1,0,1,1,1,0,1,0,0,1,0,1,0,1,1,1,0.676047
0,1,0,1,1,1,0,1,1,0,1,0,1,1,0,0,0,1,0,1,0,1,0,0,1,0,1,0,1,1,0,1,0.611895
0,1,0,1,1,1,1,0,1,1,0,0,0,0,0,1,0,1,1,0,0,1,1,0,1,0,0,0,0,0,1,0,0.596278
1,1,1,1,0,0,1,1,0,0,0,1,0,0,0,0,1,1,1,1,0,1,0,0,1,0,0,0,1,1,0,0,0.628945
1,1,0,1,1,1,1,0,0,0,1,1,0,0,0,1,1,0,1,1,1,0,1,0,0,0,1,0,1,0,1,0,0.606413
0,1,1,1,0,1,1,0,1,1,0,1,0,0,1,1,0,0,1,1,1,0,1,1,1,0,0,1,1,1,0,1,0.727851
0,0,1,0,0,1,0,1,1,1,1,1,1,1,1,0,1,1,1,1,1,0,1,0,0,0,1,1,1,0,1,0,0.631183
1,0,1,0,0,0,1,0,1,1,1,0,0,1,1,1,0,1,0,0,1,1,0,0,0,1,0,0,1,0,0,0,0.599572
0,0,0,1,1,0,1,1,1,0,1,0,0,1,0,1,1,0,0,1,0,0,0,0,0,0,0,0,1,0,1,0,0.535295
0,1,1,1,0,0,0,0,1,0,0,1,0,0,0,1,0,0,0,1,0,1,1,0,0,0,0,1,1,0,1,1,0.583503
1,1,0,1,0,0,0,1,0,1,0,1,0,1,0,0,1,0,0,0,0,0,0,1,1,0,1,0,1,1,1,1,0.660832
1,0,1,1,1,0,0,0,0,1,1,0,1,0,1,1,1,0,1,0,1,0,0,1,1,0,1,1,1,1,0,0,0.604300
1,0,1,1,1,0,0,1,1,0,1,0,0,0,0,1,0,0,1,0,1,0,1,1,0,0,0,0,0,1,1,0,0.590167
0,0,0,0,0,1,0,1,1,0,0,1,0,0,0,1,1,0,1,1,0,1,0,1,1,1,0,0,1,0,1,0,0.587401
1,1,1,1,1,0,1,0,0,1,0,0,0,1,0,1,0,1,1,1,0,1,0,1,0,1,0,0,0,0,0,0,0.611040
0,1,1,0,1,0,1,0,0,1,1,1,1,0,0,1,1,0,0,0,1,1,0,1,0,1,0,1,0,0,0,1,0.612624
0,1,1,1,1,1,0,1,1,0,1,1,0,1,0,0,0,0,0,0,0,1,0,1,1,1,0,1,0,1,1,1,0.723475
0,1,0,1,0,1,1,1,1,0,1,1,0,1,1,0,0,1,1,0,1,0,0,0,1,1,0,0,0,1,1,0,0.614435
1,0,0,1,0,1,0,0,0,0,0,1,0,1,1,0,0,1,0,1,1,0,1,0,1,0,0,0,0,1,1,1,0.555061
0,1,0,1,0,0,0,0,1,0,0,1,0,0,1,1,0,0,1,0,1,1,1,1,1,1,1,1,1,0,1,1,0.759236
0,0,0,0,0,0,1,1,0,0,0,0,1,0,0,1,0,1,1,1,1,1,1,1,0,0,1,1,1,0,0,0,0.549931
1,0,0,1,0,0,0,1,0,0,0,1,1,1,1,0,1,0,0,1,0,1,1,0,0,0,1,1,0,0,1,1,0.613504
0,0,0,0,0,1,1,1,1,1,0,0,0,0,1,1,1,0,1,1,1,0,0,1,0,0,0,0,0,0,0,1,0.549805
1,0,1,0,0,0,0,1,0,1,1,0,0,0,0,1,0,0,1,1,1,0,0,0,1,0,0,1,1,1,0,1,0.572715
1,1,1,0,1,1,1,1,1,1,0,1,1,1,1,1,0,1,0,0,0,0,0,1,1,1,0,0,1,0,0,1,0.658971
1,1,1,1,1,1,1,1,0,0,1,1,1,1,0,1,1,1,0,1,0,1,0,1,1,0,0,0,1,0,1,0,0.668930
1,0,0,0,1,1,0,0,1,1,0,0,1,1,0,0,1,0,0,0,1,0,1,1,1,0,0,0,0,1,0,0,0.636489
1,1,1,1,0,1,1,0,1,1,1,0,0,1,1,0,1,0,1,0,1,1,1,1,0,1,0,0,0,0,1,0,0.662014
0,1,1,1,0,0,0,1,1,0,1,1,1,0,0,1,0,1,0,0,0,1,1,1,0,1,1,0,1,0,0,0,0.602138
1,1,0,0,1,0,1,0,0,1,1,1,0,1,1,1,0,1,0,0,0,1,0,0,0,1,0,0,1,1,1,1,0.743744
0,1,0,0,0,0,1,0,0,1,1,1,0,0,0,0,1,1,0,1,0,1,0,1,0,0,1,0,1,0,1,0,0.532277
0,1,1,1,1,0,0,0,1,1,0,1,0,0,0,0,1,0,1,1,0,0,0,1,0,0,1,0,1,0,0,1,0.585238
0,0,0,1,0,1,1,0,0,0,0,1,1,0,1,1,0,1,0,0,0,1,1,1,1,1,0,1,0,1,0,1,0.635911
0,1,0,0,1,0,0,0,0,1,1,1,1,1,0,1,0,0,0,1,1,0,0,1,1,1,0,0,1,0,0,1,0.597586
0,0,0,0,0,1,0,1,1,0,0,0,0,0,0,0,1,1,0,0,1,0,1,1,1,1,0,0,0,1,0,1,0.504187
1,0,1,1,0,0,0,1,1,0,1,1,0,0,1,0,1,1,0,0,0,0,0,0,1,1,1,1,1,0,0,0,0.570124
0,1,1,0,0,1,1,1,1,1,1,1,1,1,1,1,0,1,1,1,1,0,1,0,0,1,0,0,1,1,1,0,0.657739
0,1,0,1,0,1,0,1,1,1,0,1,1,0,0,0,0,1,1,1,1,1,1,1,0,0,1,0,1,0,0,1,0.633044
0,0,1,1,1,1,0,0,1,0,0,0,0,1,1,1,1,1,0,0,1,1,1,1,0,1,1,1,1,1,1,1,0.871193
1,0,0,0,1,0,0,1,1,0,0,1,1,0,1,0,0,1,0,1,0,1,0,0,0,1,1,1,0,1,1,1,0.658594
0,1,1,1,1,1,0,1,1,1,0,1,0,0,1,1,0,1,0,0,0,1,1,1,0,1,1,1,0,0,1,1,0.747190
0,0,1,0,0,1,0,0,1,1,0,1,0,1,0,0,0,0,0,0,0,1,1,1,0,1,1,0,1,0,1,0,0.522947
1,0,0,1,1,1,0,0,0,0,1,0,0,1,0,1,0,0,0,1,0,1,1,0,0,1,1,1,1,0,0,0,0.517742
1,1,0,0,1,0,0,0,0,0,0,1,1,1,0,1,0,1,0,0,0,0,1,1,0,1,0,1,1,1,0,1,0.705218
1,0,0,1,0,0,0,1,0,0,0,0,1,1,1,0,0,0,0,0,1,0,1,0,0,0,0,1,0,0,0,0,0.528555
0,0,0,0,1,1,0,0,0,1,0,1,1,1,0,1,1,0,1,0,0,1,1,1,1,0,1,0,1,1,1,1,0.769169
0,0,1,0,0,1,0,1,1,1,0,1,1,1,1,0,1,0,0,1,1,0,1,0,0,1,1,1,0,0,1,1,0.651377
0,1,1,1,1,1,0,0,0,0,0,1,0,1,1,0,0,0,0,1,1,0,1,1,1,1,0,0,0,1,1,1,0.629649
0,1,0,1,1,0,1,0,1,0,1,0,1,1,0,0,1,0,1,0,0,1,1,0,1,1,1,0,0,0,1,0,0.584685
1,1,0,0,1,1,1,0,1,0,1,0,0,1,1,1,0,1,0,1,0,0,0,0,1,0,0,0,1,1,1,1,0.631158
0,1,1,1,0,1,0,0,0,1,1,1,0,1,1,0,0,0,0,1,0,1,1,1,1,1,0,1,1,0,0,0,0.611442
0,1,1,1,1,0,0,0,0,0,1,1,0,1,0,0,1,0,0,0,1,0,0,1,0,0,0,0,1,0,1,0,0.547517
1,1,1,1,0,0,0,1,0,0,0,0,1,1,0,1,1,0,0,1,1,1,1,1,1,1,0,0,0,1,0,0,0.607167
1,0,1,0,1,0,1,1,0,1,1,0,1,0,0,0,0,0,0,0,0,0,0,1,0,1,0,0,1,0,1,0,0.537860
0,1,1,0,0,0,0,0,1,1,0,1,1,1,0,1,0,1,0,0,0,1,1,0,1,1,0,1,0,0,0,0,0.553175
1,1,0,1,1,0,0,1,1,0,1,0,1,0,0,1,1,0,1,1,0,1,1,0,1,0,0,1,1,1,1,1,0.758255
0,0,0,1,1,1,1,0,1,1,1,1,1,0,1,0,0,0,1,0,0,1,0,1,0,0,0,1,1,0,1,0,0.590419
1,1,0,0,1,1,1,1,1,1,1,1,0,1,1,0,1,1,1,1,1,0,1,1,1,0,0,0,0,1,0,1,0.656432
1,0,1,0,1,1,1,0,0,0,0,0,0,0,1,1,0,0,0,0,0,0,1,0,0,0,0,0,0,0,0,0,0.597209
1,0,0,0,0,0,0,1,0,0,1,0,1,0,0,0,1,0,0,1,1,1,1,1,1,0,1,0,0,1,0,1,0.583654
0,0,0,1,1,0,0,0,1,0,0,1,1,0,0,0,0,0,1,0,0,0,1,0,0,0,0,1,1,1,1,0,0.491211
1,1,1,0,1,1,0,1,0,1,1,0,0,1,0,1,1,0,0,0,1,0,1,1,1,1,1,0,0,1,1,0,0.634201
0,0,0,1,0,1,1,0,0,0,1,0,1,0,1,1,0,1,1,0,1,0,1,0,0,0,1,0,0,0,0,1,0.503734
1,1,0,1,1,1,0,0,0,0,0,0,1,1,1,0,1,1,0,0,1,0,0,1,0,0,0,1,1,0,0,0,0.635383
0,1,0,1,0,0,0,1,0,1,1,0,0,1,1,0,1,0,1,0,1,0,0,0,0,1,0,0,1,1,0,1,0.571935
1,0,1,1,1,1,0,1,1,0,0,0,1,0,0,0,0,1,1,1,0,1,1,1,0,0,0,0,0,0,1,0,0.637319
1,1,1,1,1,1,1,1,0,1,1,0,0,1,0,1,0,0,1,0,1,0,0,1,0,1,0,1,1,1,0,1,0.700842
0,0,0,1,1,1,0,1,0,1,1,1,1,0,1,1,0,0,1,1,1,0,0,1,1,0,1,0,0,0,0,0,0.607871
1,1,1,1,0,0,0,1,1,1,0,0,0,0,0,1,0,0,1,0,0,1,1,1,0,0,0,0,1,1,0,0,0.557274
0,1,1,0,1,0,1,0,0,1,1,0,0,0,1,0,1,1,0,0,0,1,1,1,1,1,1,0,0,1,0,0,0.606714
1,0,1,1,0,1,1,0,0,1,0,1,1,1,0,0,1,0,1,1,0,0,0,1,0,1,1,1,0,0,0,1,0.662794
0,0,0,1,1,0,1,1,1,1,0,1,1,1,0,1,1,0,1,0,0,1,1,1,0,1,1,0,1,0,1,1,0.693826
1,1,1,0,1,0,1,0,0,1,0,0,1,1,0,0,0,0,1,1,0,0,0,1,0,0,1,0,1,0,1,0,0.589891
0,0,1,1,1,0,1,0,1,0,1,0,0,1,1,1,0,0,0,0,0,1,1,1,1,0,0,0,0,0,0,0,0.565070
1,0,1,0,1,1,0,0,0,0,0,0,1,0,1,0,1,1,1,1,1,1,1,1,1,0,0,0,0,0,0,1,0.669307
0,1,0,0,0,1,1,0,0,1,0,1,1,0,1,0,0,0,1,0,1,0,1,0,1,0,0,0,1,0,0,1,0.548749
0,1,1,1,1,0,0,1,0,0,1,0,1,1,0,1,1,0,1,1,0,0,1,0,1,1,0,1,0,0,1,0,0.607469
1,0,1,0,0,1,0,0,0,0,0,0,1,1,0,1,0,1,1,1,1,1,1,0,1,1,0,1,0,1,1,0,0.596504
0,1,0,1,1,0,1,1,0,1,0,0,1,1,0,1,0,0,1,1,1,1,0,1,0,0,1,0,0,1,0,1,0.639507
0,1,0,1,0,0,1,1,0,0,1,1,1,0,1,0,1,0,1,0,0,1,0,1,1,0,0,1,1,1,0,0,0.583176
1,1,0,1,1,0,1,1,0,1,0,0,1,0,1,1,1,1,0,0,0,0,1,1,0,1,0,1,0,1,1,0,0.654797
0,1,0,0,0,1,1,0,0,1,0,0,1,1,1,1,0,0,1,0,0,1,1,0,0,0,0,0,0,0,0,1,0.539771
0,1,0,0,0,1,1,0,0,0,1,0,0,0,1,1,0,1,0,0,1,0,0,1,1,0,0,0,1,0,0,1,0.515780
1,0,0,0,1,1,1,1,1,1,1,0,1,0,0,0,0,1,0,0,1,1,1,1,1,0,0,0,0,0,0,0,0.566704
1,1,0,0,0,0,1,1,1,0,0,0,1,1,1,1,0,0,1,0,0,1,0,0,1,0,0,1,0,1,1,1,0.685854
0,1,0,0,1,0,1,0,1,0,0,0,1,0,0,1,1,1,0,0,1,1,1,0,0,0,0,1,0,1,1,1,0.614385
0,1,0,0,0,0,1,1,1,0,1,0,0,1,1,1,0,1,1,1,1,0,0,0,0,1,0,1,0,0,0,0,0.567660
0,0,1,0,1,0,1,0,1,0,1,1,1,1,0,1,0,1,1,0,1,0,0,0,1,0,1,0,1,1,0,1,0.626581
0,1,0,1,1,1,1,1,1,0,0,1,0,1,1,0,1,0,0,1,1,0,1,0,0,1,1,0,0,1,1,0,0.629146
0,1,1,0,0,1,1,1,0,0,0,0,0,1,0,0,1,0,0,0,1,0,1,0,0,1,0,1,1,0,0,0,0.525160
0,1,0,0,1,1,1,0,0,1,1,1,0,0,0,0,0,0,1,0,1,1,1,1,0,1,0,1,0,1,0,0,0.507934
0,1,0,1,0,0,1,0,1,1,1,1,1,0,1,1,0,1,0,1,0,0,0,0,0,1,1,0,1,1,1,0,0.658670
0,0,0,1,1,0,0,0,0,0,1,1,1,0,0,1,0,1,0,1,0,1,1,0,1,0,1,1,0,1,1,1,0.643757
1,0,1,1,0,1,1,0,1,0,1,0,0,1,1,1,1,0,1,1,0,1,1,0,0,0,1,0,1,0,0,0,0.633346
0,1,0,0,1,0,0,0,1,0,0,1,1,1,0,1,0,1,0,1,0,0,0,1,1,1,0,0,1,0,0,0,0.535798
1,1,0,0,0,0,0,1,0,0,1,0,1,1,0,0,0,0,1,1,0,0,1,0,0,0,0,1,0,1,0,1,0.546611
1,0,1,0,1,1,0,0,0,1,1,0,1,1,1,1,0,1,0,1,1,1,0,0,0,1,0,0,1,0,0,0,0.607444
0,1,0,1,1,1,0,1,0,0,0,0,0,0,1,1,0,0,1,0,0,1,1,0,0,1,0,0,0,1,0,0,0.495511
1,1,1,0,0,0,1,1,1,0,0,1,1,1,0,0,1,1,1,0,0,0,0,1,1,1,0,1,1,0,0,0,0.694103
0,1,0,0,0,1,1,0,1,1,1,0,1,1,0,0,0,1,0,1,1,0,0,0,1,1,0,1,0,1,1,0,0.615692
0,0,1,0,0,1,0,0,0,0,1,0,1,1,0,0,1,0,1,1,1,1,0,0,1,1,0,0,1,1,1,0,0.564592
0,1,1,1,0,0,1,0,1,1,0,0,0,0,1,0,1,1,0,0,1,0,1,1,0,0,0,0,1,1,1,1,0.619892
1,0,0,1,1,1,0,1,1,1,1,0,1,0,0,1,1,1,0,0,1,0,1,1,0,0,0,0,1,1,0,1,0.609380
1,0,0,0,1,1,1,0,0,0,0,0,1,0,1,0,1,1,0,1,1,0,0,0,0,0,1,1,1,1,0,1,0.552194
0,0,1,0,1,0,0,1,1,1,1,1,1,1,0,0,0,0,1,0,0,1,1,0,1,1,1,1,1,0,1,0,0.617528
1,0,1,1,0,1,0,0,0,0,0,1,0,1,1,0,1,1,1,1,1,1,0,0,0,0,1,0,1,1,1,0,0.609280
1,0,0,1,1,1,1,1,0,0,1,0,1,0,0,1,1,1,1,0,0,1,0,0,0,0,0,0,1,0,0,0,0.589136
1,0,1,1,0,0,1,0,1,0,0,0,1,0,0,1,1,1,0,1,0,0,0,0,0,1,1,1,0,0,1,0,0.587627
0,1,0,1,1,1,0,0,1,1,1,0,1,1,1,0,0,1,1,1,1,0,1,1,1,0,1,0,1,0,0,1,0.658242
1,0,1,0,1,1,0,1,1,0,1,0,0,1,1,0,1,1,1,1,0,0,1,1,0,1,0,0,0,0,1,1,0.629976
1,1,1,1,1,1,0,1,0,0,1,0,1,1,0,0,0,0,0,0,1,0,1,1,0,1,1,1,0,0,1,0,0.605583
0,0,0,1,1,1,1,1,1,0,1,1,1,0,1,0,0,0,0,1,1,1,1,0,0,0,0,0,0,1,1,1,0.611794
0,1,1,1,1,0,1,1,1,1,1,1,1,0,0,0,0,1,1,0,1,1,0,1,0,0,0,1,0,1,0,0,0.575481
0,0,1,0,0,0,1,1,0,1,0,0,1,0,0,0,0,1,1,1,0,0,0,1,1,1,1,0,0,1,1,1,0.593763
0,0,1,1,0,1,0,0,1,0,1,1,0,0,0,1,0,0,1,0,1,1,1,0,0,1,1,0,1,0,0,0,0.576411
0,1,0,0,1,1,0,0,0,1,1,0,0,1,1,0,1,1,1,0,1,1,0,1,0,1,1,1,1,0,0,1,0.633094
0,1,1,0,0,1,0,0,1,0,0,1,0,1,0,1,0,0,0,1,0,0,1,1,0,0,1,1,0,0,1,1,0.630555
1,0,1,0,0,1,0,0,1,1,1,0,1,1,1,1,0,0,0,1,0,0,1,1,0,1,1,0,1,1,0,1,0.677883
1,1,1,0,0,1,0,0,0,1,0,0,0,1,1,0,0,0,1,1,0,1,0,0,0,0,1,0,0,0,1,1,0.543493
0,0,0,1,1,0,0,1,0,0,0,0,1,1,1,1,1,0,0,1,0,0,1,0,0,1,1,0,1,1,1,0,0.606061
0,1,0,0,0,1,1,0,0,0,1,1,1,1,1,0,1,1,1,1,1,1,0,0,0,0,0,1,0,1,1,1,0.671671
0,0,0,1,1,1,0,1,1,1,0,0,0,1,1,1,0,1,1,1,1,0,1,0,1,1,1,1,0,1,0,0,0.645417
1,0,0,0,0,1,1,1,0,0,1,1,1,0,1,0,0,1,0,1,0,0,1,0,1,0,1,0,0,0,0,0,0.592028
1,0,0,1,1,0,1,1,1,1,0,1,0,1,1,1,1,1,0,0,1,0,0,0,0,1,1,0,0,1,1,1,0.710348
1,1,1,0,1,1,1,1,1,0,1,0,1,1,1,1,0,1,0,0,1,1,0,0,0,0,1,0,0,1,1,1,0.597359
1,0,0,1,1,0,0,0,0,1,0,1,0,0,0,1,1,0,1,1,0,0,1,0,1,0,1,1,1,0,0,1,0.597611
1,1,1,1,1,1,1,1,1,1,1,1,0,0,1,1,0,1,0,0,1,1,1,1,0,0,0,0,0,1,0,0,0.670238
0,0,1,0,1,1,0,0,1,0,1,0,1,1,0,1,1,0,1,1,1,1,0,0,1,1,1,0,0,0,0,1,0.573519
0,1,1,1,1,1,1,1,1,1,1,1,1,1,1,0,0,1,0,1,0,0,0,0,0,0,1,1,0,0,1,0,0.624167
0,0,1,0,1,0,0,0,0,0,0,0,1,1,0,1,1,0,0,1,1,1,0,1,1,1,1,0,0,0,1,1,0.584081
0,0,0,1,0,1,1,1,1,1,0,0,1,1,1,0,0,1,0,1,0,1,1,1,0,0,0,1,1,1,1,0,0.641318
1,0,0,0,0,1,0,1,1,0,0,0,0,1,0,0,1,0,1,1,1,0,1,1,0,0,0,1,0,1,0,0,0.553728
1,1,1,1,0,1,1,0,1,1,1,0,0,1,0,1,0,0,1,1,0,0,0,1,1,0,1,1,1,0,1,0,0.624796
0,0,0,0,0,0,1,1,0,1,0,1,1,1,1,0,0,1,1,0,1,0,0,1,1,0,1,1,0,0,0,0,0.506978
1,0,1,1,0,1,1,0,0,0,1,1,1,1,1,1,1,1,0,0,0,1,1,0,1,0,1,0,0,0,1,1,0.656281
1,1,0,0,0,0,0,0,1,0,0,0,0,0,0,0,1,0,0,0,0,1,1,0,0,0,0,1,0,0,0,1,0.611316
1,1,1,1,1,1,0,0,1,0,1,0,1,1,1,0,1,0,0,1,0,0,1,1,0,0,1,1,0,0,0,1,0.604250
0,1,0,0,0,1,1,1,0,1,0,1,0,0,0,1,1,0,0,0,1,1,1,1,1,0,1,0,0,0,0,1,0.570124
0,1,0,1,1,1,0,1,0,0,1,0,1,0,1,1,0,1,0,1,0,0,1,1,0,1,1,1,1,0,1,0,0.636313
0,1,0,1,0,0,1,0,0,1,1,0,1,0,1,1,0,1,0,0,1,0,0,0,1,1,1,0,1,0,0,0,0.560065
1,0,1,1,1,0,1,1,0,1,1,0,1,1,0,1,0,0,1,1,0,1,1,1,0,1,1,0,1,1,1,1,0.706677
1,0,0,1,1,0,1,1,0,0,1,0,0,0,0,0,0,0,1,0,1,0,0,1,1,1,1,0,0,1,1,1,0.571508
1,0,0,0,0,1,0,1,1,0,1,1,1,0,1,0,0,1,1,1,1,0,0,1,0,0,1,1,0,1,0,0,0.593587
0,1,0,1,1,1,0,0,1,1,0,1,1,0,0,1,0,0,1,1,0,0,1,1,1,0,0,0,1,0,1,1,0.641117
0,0,0,1,0,0,0,0,0,1,1,0,0,1,0,0,1,0,0,1,1,1,0,0,1,1,0,1,1,1,0,0,0.580360
0,1,0,1,1,1,1,0,0,1,1,0,0,1,0,1,1,0,0,0,1,0,0,1,1,0,0,1,1,1,1,1,0.758858
0,0,0,0,1,1,1,0,1,1,0,0,1,1,1,0,1,1,1,1,1,1,1,1,1,0,0,0,1,1,1,0,0.617201
1,1,1,0,0,0,1,0,1,1,1,1,0,0,0,1,1,0,1,0,1,0,1,0,0,0,0,1,1,1,1,0,0.603043
1,1,0,0,1,0,1,0,1,1,1,1,1,1,0,1,1,1,1,1,1,0,1,0,1,0,0,1,0,1,0,0,0.620244
1,1,1,0,1,1,0,1,0,0,0,0,1,1,0,0,0,0,0,0,0,0,1,0,0,0,1,1,1,1,0,1,0.549277
0,0,1,0,1,0,0,0,1,1,0,1,0,0,0,1,0,1,0,1,0,1,1,1,0,1,1,1,1,0,0,1,0.658946
0,1,1,1,1,1,0,1,0,0,0,1,0,1,0,1,1,1,1,1,1,1,0,1,1,0,1,0,0,1,1,0,0.658469
1,0,1,0,1,0,1,0,1,1,0,0,0,1,0,0,1,1,1,0,1,1,1,0,0,0,1,0,1,0,1,0,0.618609
0,1,1,1,1,1,0,0,0,0,1,0,1,0,1,0,1,1,0,1,1,1,0,0,1,1,1,0,0,0,0,0,0.583302
1,1,0,1,1,0,1,1,1,0,0,1,0,0,0,0,0,0,1,1,0,0,0,1,0,1,0,0,0,1,0,0,0.615441
1,1,1,1,0,1,1,0,0,0,0,1,1,1,1,1,1,0,1,0,0,0,1,1,1,0,1,1,1,0,0,1,0.652685
0,0,1,1,1,1,1,1,0,1,0,1,0,0,1,1,0,0,1,1,0,0,0,1,1,1,1,1,0,1,0,1,0.741858
0,0,0,1,0,0,1,1,1,1,1,1,1,0,0,1,0,0,1,0,1,0,0,0,0,1,1,0,1,0,1,0,0.515328
0,1,0,1,0,1,1,0,1,0,1,1,1,0,1,0,1,0,0,0,0,1,0,0,1,0,1,0,0,1,0,1,0.594166
1,0,0,1,0,0,1,0,0,0,0,1,1,1,0,1,1,1,0,1,0,1,0,1,1,1,1,0,1,1,0,1,0.666390
0,0,1,1,1,0,1,1,1,0,1,1,1,1,0,1,0,0,0,1,1,0,1,1,0,0,1,1,0,0,0,0,0.541456
0,0,1,1,0,1,1,0,0,1,0,0,1,1,0,0,0,0,1,1,0,1,0,1,1,0,0,0,1,1,1,0,0.591576
1,0,1,1,0,1,0,1,0,0,1,0,1,1,0,1,1,0,0,0,1,1,1,1,1,1,0,0,1,0,1,1,0.678209
1,0,0,0,0,1,0,1,1,1,1,0,1,1,0,1,0,1,0,1,1,0,0,1,1,1,1,1,0,1,1,0,0.685704
1,1,0,1,0,1,0,0,1,1,1,0,0,0,1,0,0,1,1,0,0,0,0,1,0,1,1,1,1,0,0,1,0.596982
0,1,0,1,0,1,1,1,1,0,0,0,1,1,0,0,0,1,0,1,1,0,0,1,0,0,1,0,0,0,1,1,0.573695
0,1,1,0,0,0,0,0,1,0,0,0,0,0,1,0,1,1,1,1,0,0,1,1,1,1,1,0,1,0,1,1,0.709996
1,0,0,0,0,1,0,1,1,1,1,0,0,0,1,1,1,1,0,0,0,0,1,1,0,1,1,0,1,0,1,0,0.571130
0,1,1,1,1,0,1,1,1,1,0,1,0,1,0,1,0,0,0,0,0,1,0,0,1,1,1,1,1,1,0,0,0.654696
1,0,1,0,0,0,0,0,1,1,1,1,0,1,0,0,0,1,0,0,1,0,0,1,1,1,0,1,1,0,1,1,0.659424
0,1,1,1,1,0,0,1,1,0,1,0,1,1,0,0,0,1,1,1,0,1,1,1,0,0,1,1,0,1,1,0,0.661235
1,0,0,1,0,1,1,0,1,0,1,0,1,1,0,1,1,0,1,0,1,1,1,1,0,1,0,0,0,1,0,0,0.596680
1,0,1,0,0,1,0,0,1,0,1,1,1,0,0,1,1,1,1,0,0,0,0,0,0,1,0,0,1,0,0,1,0.614007
0,0,0,0,0,1,0,0,1,0,1,1,1,0,1,0,1,0,1,0,1,0,0,1,1,1,0,0,1,0,1,1,0.659701
1,1,0,1,1,1,1,1,1,0,1,0,1,1,0,1,0,1,0,1,0,1,1,0,0,1,1,1,0,0,0,0,0.634075
1,0,0,1,1,0,1,0,1,1,0,0,0,0,0,1,0,0,0,1,1,0,1,1,1,0,0,0,1,0,0,0,0.574903
0,1,0,1,1,1,0,1,1,1,1,1,0,0,0,1,1,0,0,0,0,0,0,1,1,1,1,1,1,0,1,0,0.604300
0,1,1,0,1,0,1,0,1,0,0,1,0,1,1,1,0,0,1,1,1,0,0,1,1,1,0,0,0,0,1,1,0.611995
0,1,0,1,0,0,0,1,0,1,0,1,0,0,0,0,0,1,1,1,1,0,0,1,0,0,1,0,1,1,0,0,0.506903
0,1,0,0,1,1,0,1,1,1,1,0,1,1,0,1,1,1,1,1,0,1,1,1,1,0,1,1,1,1,1,1,0.768088
1,0,1,0,0,0,0,1,0,1,1,1,0,0,0,1,0,1,0,1,0,0,1,1,0,1,1,0,1,0,1,1,0.760367
1,0,0,1,0,1,1,0,1,1,0,1,0,1,1,0,1,0,1,0,1,1,1,1,0,1,1,1,0,0,0,1,0.646800
1,0,0,1,0,1,1,0,0,0,1,1,1,1,0,1,1,0,0,0,1,0,0,1,0,0,1,1,0,0,1,0,0.603445
0,0,1,1,0,1,0,0,1,0,0,0,0,0,1,1,1,1,1,0,0,0,0,0,1,0,0,1,1,1,0,1,0.574601
0,0,1,0,0,1,1,1,0,1,0,1,1,0,0,1,0,0,1,1,0,0,0,1,0,0,0,1,1,1,1,0,0.574676
1,1,1,0,1,1,1,0,1,0,1,1,1,1,1,0,0,1,0,1,1,0,0,0,0,1,0,1,1,0,0,1,0.641267
1,0,1,1,1,0,0,0,1,0,1,1,0,1,0,1,1,0,0,0,1,0,1,1,1,0,0,1,0,1,1,1,0.756872
1,0,1,1,0,1,0,0,0,1,1,1,1,1,0,0,0,0,0,0,1,0,0,0,0,1,0,0,1,1,1,0,0.571432
1,0,0,0,0,1,1,1,0,1,1,0,1,0,0,1,0,0,0,1,1,1,0,1,0,0,0,1,1,0,0,1,0.596982
1,0,1,0,0,1,1,1,1,1,1,1,0,0,0,0,0,0,1,1,0,0,0,0,1,1,0,0,1,1,1,1,0.696819
1,1,1,1,0,0,0,1,0,1,0,1,1,0,1,0,1,0,1,0,1,1,0,1,1,1,1,0,0,0,0,1,0.624896
0,0,1,1,1,0,1,0,1,1,1,1,1,1,1,0,1,1,0,0,0,0,1,1,0,0,1,0,0,0,1,1,0.618358
0,0,0,0,1,0,0,1,0,0,1,0,0,1,1,1,1,0,1,1,0,1,0,1,0,0,0,1,0,1,0,1,0.602037
1,1,1,1,1,1,0,0,1,0,1,0,0,1,1,0,0,1,1,0,0,1,1,0,0,0,1,0,0,0,0,1,0.599598
1,1,0,1,0,0,1,1,1,0,1,1,1,1,0,1,1,0,1,1,0,1,0,1,1,1,1,1,1,0,1,1,0.775959
0,1,0,1,1,0,0,1,0,1,0,1,1,1,1,1,0,1,1,0,0,0,0,0,0,0,0,0,0,1,1,0,0.562454
0,0,1,0,0,1,0,1,0,1,0,0,1,1,1,1,1,1,1,1,1,1,0,1,1,1,0,1,1,0,1,1,0.772061
0,1,0,1,1,0,1,1,0,0,1,0,0,1,0,0,1,0,0,0,0,1,1,0,0,1,0,1,1,1,0,0,0.560644
0,1,1,0,0,1,0,1,0,1,1,1,1,1,0,1,0,0,0,0,0,0,0,0,1,1,0,0,0,0,1,1,0.578700
0,0,1,0,1,0,0,0,0,1,0,1,1,1,1,1,0,0,1,0,1,1,1,1,0,0,1,0,1,0,0,0,0.517616
0,0,1,1,0,1,1,0,0,1,1,0,0,0,0,0,0,1,0,0,0,1,1,1,0,1,1,0,0,0,1,0,0.518572
1,1,1,0,1,0,1,0,1,0,1,1,1,1,0,0,1,0,0,0,1,0,0,0,1,0,1,0,0,1,1,0,0.730416
0,1,1,0,0,1,0,0,1,0,0,0,1,0,0,0,1,0,1,1,1,1,1,1,0,0,0,0,0,0,1,0,0.573067
0,1,0,1,0,1,1,1,0,0,1,1,1,0,1,1,1,0,1,0,1,0,1,1,1,0,1,0,1,0,0,1,0.611216
1,0,1,0,1,1,1,0,1,0,1,1,1,0,0,1,0,0,0,0,0,0,1,0,0,1,0,1,1,0,1,0,0.585615
1,1,1,0,1,0,1,0,0,0,1,1,1,0,0,0,1,0,1,0,1,0,1,0,1,1,1,0,0,0,1,0,0.709342
1,0,0,0,0,0,0,0,1,0,1,1,0,0,1,1,0,1,0,0,1,1,1,0,1,1,1,1,0,0,1,1,0.677807
0,1,1,1,0,0,0,0,1,1,0,0,1,1,1,1,0,1,0,0,0,1,1,1,0,0,0,1,1,0,0,0,0.599019
1,1,1,0,1,1,1,0,0,0,0,1,0,0,1,1,1,1,0,0,1,1,1,0,1,1,0,1,1,0,0,0,0.570376
0,0,1,1,1,0,0,1,0,1,1,0,1,1,1,0,0,1,1,0,0,0,0,1,1,0,0,1,1,0,1,0,0.598567
1,1,0,1,1,0,1,0,1,1,1,1,1,1,1,0,0,0,0,0,1,1,1,1,0,1,0,0,0,1,1,0,0.630655
1,0,0,0,0,1,1,0,1,0,0,1,1,0,1,1,1,0,1,0,1,1,0,1,1,1,0,0,1,0,0,0,0.609908
0,0,1,1,1,1,1,1,0,0,1,0,1,1,0,1,0,1,1,0,0,1,0,0,1,0,0,1,0,0,0,0,0.589186
1,1,1,1,1,1,1,0,1,0,1,1,0,0,0,0,1,1,1,1,0,1,1,0,0,0,1,0,0,0,0,1,0.642776
0,1,0,0,1,0,1,0,1,0,1,0,0,1,0,1,1,1,1,0,0,0,1,0,0,1,1,0,0,1,0,0,0.584786
1,0,1,0,0,1,1,1,1,0,0,0,1,1,1,0,1,1,0,0,1,1,1,0,0,0,1,0,0,1,1,0,0.606488
0,1,1,1,0,0,1,0,0,1,1,1,0,1,1,0,0,1,0,1,0,0,1,1,1,0,1,0,1,0,0,0,0.606111
0,0,0,1,1,1,0,0,0,1,0,0,0,0,0,0,0,0,0,1,1,0,0,1,0,0,1,0,0,1,0,0,0.376110
0,1,0,0,1,1,1,0,1,0,0,1,1,1,0,1,0,1,1,0,1,1,0,1,0,0,1,0,1,1,0,1,0.679517
1,0,0,1,1,1,0,1,1,0,1,1,0,0,1,0,1,1,1,1,1,1,1,0,1,1,0,1,0,1,0,1,0.676424
0,1,0,0,1,0,1,0,0,0,0,0,1,0,1,0,1,1,0,1,1,0,1,0,1,0,1,1,0,0,1,0,0.548925
1,0,0,0,0,0,1,0,1,1,0,1,1,1,0,1,0,0,1,1,0,0,0,1,0,0,1,0,1,0,1,1,0.594518
0,0,1,0,1,1,0,0,1,1,1,1,0,0,0,1,0,0,0,0,0,1,1,1,1,0,1,1,1,0,1,0,0.558355
1,1,1,0,1,0,1,0,1,0,1,0,0,0,0,1,1,1,0,0,1,0,1,1,0,1,0,1,0,0,1,1,0.644009
1,0,0,1,1,1,1,0,1,0,1,1,0,0,0,1,0,0,1,0,0,1,1,0,0,0,1,1,0,0,1,0,0.592808
1,1,1,1,0,0,0,0,0,1,1,1,1,0,0,1,0,0,0,0,1,0,0,0,0,0,0,0,1,1,0,0,0.537332
1,1,0,1,0,0,0,1,1,1,1,1,1,0,1,0,1,0,1,1,1,1,0,0,1,0,0,0,0,0,0,0,0.766453
1,0,1,1,0,0,0,1,1,0,1,1,0,1,0,1,1,0,1,1,0,0,0,0,1,0,1,1,1,1,1,1,0.785439
1,0,1,1,0,0,1,1,0,0,0,0,1,0,0,0,0,0,1,1,0,0,1,0,0,0,1,0,0,0,1,0,0.550560
1,0,0,1,1,1,0,0,1,1,1,0,1,0,0,1,0,1,1,1,1,0,1,1,1,1,1,0,0,1,0,1,0.653565
0,1,1,0,1,1,0,0,1,0,1,0,0,0,1,1,0,0,0,0,0,1,0,1,0,0,1,1,0,1,0,0,0.518345
0,1,1,0,0,1,0,0,0,1,0,0,1,1,0,1,1,1,0,1,0,0,0,0,1,1,0,0,1,0,1,1,0.768213
1,1,1,1,1,0,0,0,0,1,0,1,0,0,0,0,0,0,0,0,1,1,0,1,1,1,0,0,1,1,0,0,0.579505
1,1,1,0,0,0,1,1,0,1,1,1,1,1,1,0,1,0,0,0,0,1,1,1,1,0,0,1,0,1,0,1,0.669785
0,1,0,1,1,0,1,0,1,1,1,1,0,1,0,0,0,0,1,1,0,0,0,0,0,1,1,1,1,1,0,1,0.660329
1,1,1,0,0,0,1,1,0,1,1,1,0,1,0,0,0,1,1,0,0,0,1,1,0,1,1,1,0,1,1,1,0.778851
0,1,1,0,1,1,1,1,0,1,0,0,0,0,1,1,0,1,1,0,0,0,1,0,1,1,1,0,0,1,1,0,0.584308
1,1,0,1,1,0,1,1,0,0,1,1,1,0,0,0,0,0,0,0,1,1,0,1,1,1,0,1,0,1,1,1,0.667371
1,0,1,0,0,0,1,1,0,1,0,0,1,0,1,1,1,1,1,0,1,1,1,1,0,0,1,0,1,1,1,1,0.674588
0,1,0,0,0,0,1,1,1,1,0,1,1,0,0,1,0,0,0,1,1,0,1,0,0,0,0,0,1,0,0,1,0.554231
0,1,1,1,1,0,0,1,0,1,0,1,1,1,1,1,0,1,1,1,1,0,0,0,1,0,1,1,1,0,0,1,0.642223
0,0,0,0,0,0,1,0,1,0,1,1,0,0,0,0,0,1,0,1,0,0,0,0,1,1,0,1,0,0,0,1,0.486005
1,0,0,1,0,0,0,0,1,1,1,1,0,0,0,1,1,1,0,0,0,1,0,0,1,0,0,0,0,0,0,0,0.616044
0,0,0,0,0,1,1,1,0,1,0,0,0,1,1,1,1,0,0,1,0,1,1,1,0,0,0,0,1,1,1,1,0.662165
1,1,0,1,0,0,0,1,1,1,0,1,1,1,0,1,1,0,0,1,1,1,1,1,0,0,1,0,0,0,1,0,0.627889
1,1,0,1,1,0,1,1,0,1,1,1,1,1,1,0,1,0,0,0,0,0,0,0,1,0,0,1,1,0,0,1,0.581416
0,1,0,0,1,1,1,1,0,0,0,0,1,0,1,0,0,1,0,1,1,1,0,1,0,0,1,1,1,1,1,0,0.583126
0,1,0,1,0,1,0,1,1,0,0,1,0,1,0,1,0,1,0,0,1,1,1,1,0,1,1,0,1,1,0,1,0.721941
1,0,1,1,0,1,1,0,1,0,0,1,0,1,0,0,0,1,1,1,0,0,0,1,1,1,1,0,0,0,1,0,0.605256
0,0,0,1,0,1,0,1,1,1,0,0,0,0,1,0,0,0,1,0,1,1,1,0,0,1,0,1,0,0,1,1,0.579932
0,1,1,1,0,0,1,0,0,1,1,0,1,1,0,0,1,0,1,0,1,1,0,0,1,1,1,1,1,1,1,1,0.715780
1,1,0,1,0,1,0,0,1,0,0,0,0,1,0,0,0,1,1,1,0,1,1,0,0,1,1,1,0,1,0,0,0.579982
0,1,0,0,1,0,0,0,1,1,1,1,0,0,0,1,1,1,0,0,0,1,0,1,0,1,1,0,1,0,0,0,0.579505
0,0,1,0,1,1,0,0,0,0,1,1,1,1,1,0,0,1,1,1,1,1,0,1,0,1,1,0,0,0,1,1,0.670313
1,1,0,1,1,1,0,1,1,1,0,1,1,0,0,1,1,0,0,0,1,1,0,1,0,0,1,1,1,1,1,0,0.654143
1,1,0,1,0,1,0,1,0,1,1,1,0,1,0,0,0,1,1,1,1,1,1,1,0,1,0,0,1,1,1,1,0.689803
1,0,0,0,0,1,1,1,0,0,1,0,0,1,1,0,0,0,0,0,1,0,0,0,1,1,0,0,0,0,1,1,0.562329
1,0,0,1,1,1,0,0,0,0,1,1,0,0,1,1,0,1,0,0,1,0,1,0,0,0,0,0,1,0,1,0,0.525311
0,1,1,1,1,1,0,0,1,0,0,0,1,1,0,0,1,1,1,0,0,1,1,0,1,0,1,0,0,0,0,1,0.597963
1,0,0,1,0,1,0,1,1,0,0,0,1,0,0,0,1,1,0,0,0,1,1,1,1,0,1,0,1,0,1,1,0.584861
0,0,1,1,0,0,0,0,0,0,1,1,0,0,0,0,0,0,0,0,0,0,0,1,1,1,1,0,0,1,0,1,0.463724
1,1,1,1,0,1,1,0,0,1,1,0,0,1,1,0,1,0,1,1,0,0,0,1,1,0,1,0,0,0,1,1,0.616095
0,1,0,0,0,1,1,0,1,1,0,1,1,0,0,0,0,1,1,1,1,0,0,1,0,1,0,0,0,1,0,0,0.560065
0,1,0,1,0,1,1,1,0,1,0,0,1,1,1,0,0,1,0,0,0,0,1,1,0,0,1,0,0,1,1,1,0.611442
1,1,1,0,1,0,0,0,1,0,1,0,0,1,1,1,0,1,1,0,1,0,1,1,1,0,1,1,1,0,1,0,0.634553
1,0,1,1,0,1,0,1,1,1,1,0,1,1,1,0,1,0,1,1,1,0,0,1,1,0,0,0,1,1,0,0,0.651729
0,1,0,1,1,0,1,1,1,1,1,1,0,1,1,0,0,1,1,1,0,0,0,1,0,0,0,1,0,1,0,1,0.646222
1,0,0,1,1,1,1,0,1,1,0,0,1,1,1,0,1,0,1,0,0,1,1,0,1,0,1,1,0,0,0,0,0.686785
1,1,1,1,1,0,0,0,1,1,0,0,0,0,1,1,0,0,1,1,1,1,1,0,1,0,0,1,1,1,1,1,0.785012
1,1,0,0,1,1,1,1,0,1,0,1,1,1,1,0,0,1,0,1,1,0,0,0,0,1,0,1,1,0,0,1,0.627612
0,0,0,0,1,0,0,0,0,1,0,1,1,1,1,0,1,0,1,0,1,1,1,0,1,0,1,0,0,1,0,0,0.473658
1,0,1,0,0,0,0,1,1,1,1,1,0,1,0,0,0,1,0,0,1,0,1,1,0,1,1,0,0,0,0,1,0.598743
1,0,0,0,1,0,0,0,1,1,0,1,0,0,1,1,0,1,1,1,0,1,0,0,1,0,1,0,1,0,0,1,0.571231
1,0,0,1,0,0,1,1,0,0,1,0,0,0,0,0,1,1,0,0,0,1,0,0,1,1,1,1,1,0,1,1,0.620747
1,1,0,0,0,1,1,1,0,0,1,1,0,1,1,0,1,0,1,1,0,0,0,0,1,1,0,1,1,1,1,1,0.775079
1,0,0,0,1,1,0,0,1,1,0,0,0,0,0,0,1,1,1,1,0,1,1,1,0,1,1,0,0,0,0,1,0.597812
0,1,0,1,0,1,1,0,0,0,1,0,1,1,0,1,1,0,0,1,0,0,0,1,0,0,0,0,0,0,1,0,0.523475
1,0,1,1,0,0,1,1,0,1,0,1,0,0,0,0,1,0,1,1,1,1,1,1,1,0,1,1,0,1,1,0,0.707255
0,1,0,1,0,0,1,0,0,1,1,0,1,0,0,1,1,1,0,1,0,0,0,1,1,0,1,0,0,0,0,0,0.560694
0,0,0,1,0,1,0,0,0,1,1,0,1,0,1,1,0,1,1,0,1,1,1,0,1,0,0,1,0,1,1,1,0.697347
0,1,1,1,1,0,0,0,1,0,0,0,0,0,0,1,1,1,0,0,1,1,1,0,0,0,0,1,0,1,0,1,0.578851
1,0,0,0,0,0,0,0,0,1,0,0,0,1,0,0,1,0,0,1,0,1,0,1,1,0,0,0,1,1,0,0,0.560392
1,0,0,1,1,1,0,1,1,1,0,0,1,0,0,0,1,0,0,1,0,0,1,0,0,1,1,0,0,1,0,0,0.591500
1,0,1,0,0,0,1,0,0,0,1,0,0,1,1,1,0,0,1,0,0,0,1,1,0,1,1,1,0,1,1,1,0.686885
1,0,0,0,1,1,0,0,1,1,1,0,0,1,0,0,0,1,1,1,0,0,1,1,1,0,1,1,0,0,0,1,0.610587
0,1,1,1,1,1,0,1,1,1,0,1,1,0,0,1,0,1,1,0,1,0,1,0,1,0,0,0,1,0,1,1,0.737935
1,1,1,0,0,1,1,1,1,0,1,1,0,1,0,1,0,0,0,1,1,0,1,0,0,1,0,0,1,0,1,1,0.712159
1,1,0,0,1,0,1,0,0,1,0,1,0,0,1,1,1,0,1,0,1,1,1,0,0,0,0,1,0,0,1,1,0.596806
1,0,0,0,0,1,0,0,1,0,1,1,0,0,1,0,1,0,1,1,1,0,1,0,0,1,1,0,1,0,1,1,0.636263
0,0,1,1,0,1,1,1,0,0,1,1,1,1,0,1,1,1,1,0,1,1,0,1,0,1,1,0,1,0,1,1,0.717138
0,1,0,0,0,0,0,0,1,0,1,0,0,0,1,1,1,1,1,0,0,1,0,0,1,1,0,0,1,0,0,1,0.567509
0,1,0,0,1,0,1,0,1,0,1,1,1,0,1,0,1,0,1,1,0,0,1,0,1,0,0,0,1,0,0,1,0.577241
1,0,1,1,0,1,0,1,1,0,1,0,0,1,1,1,0,1,0,0,1,1,0,0,0,1,0,1,0,0,1,0,0.611291
1,0,0,1,1,1,1,0,1,1,0,0,0,1,1,0,0,0,1,0,0,0,1,1,1,1,1,1,0,0,0,0,0.598642
0,0,1,1,0,0,0,0,1,1,1,1,0,0,1,1,1,1,0,0,1,1,1,1,0,0,1,1,0,0,1,0,0.625726
1,0,0,0,1,0,1,1,0,1,1,0,1,1,1,1,1,1,0,1,1,1,0,1,0,1,1,0,1,1,0,0,0.647504
1,0,0,1,1,0,0,0,0,1,0,1,0,0,0,0,0,0,1,1,0,1,0,0,1,0,1,1,0,1,1,0,0.563460
0,0,0,1,0,0,0,0,1,0,0,1,1,1,0,1,1,1,1,1,0,0,0,1,0,1,1,1,0,1,1,0,0.639230
1,1,0,1,1,1,0,1,0,0,1,0,0,1,1,0,0,0,0,0,1,0,0,1,1,0,1,1,0,1,0,0,0.583855
0,1,0,1,1,1,0,1,1,0,0,1,0,0,0,0,1,1,0,0,0,1,1,1,0,1,0,0,1,1,1,0,0.579153
1,1,0,1,0,0,1,0,0,1,1,0,1,1,0,1,0,1,1,0,1,0,0,1,0,1,1,0,0,1,0,0,0.609430
0,0,1,0,1,1,1,1,0,1,1,1,1,1,1,0,1,0,1,1,1,0,0,0,0,0,1,1,0,0,0,0,0.588306
0,1,0,0,0,0,1,1,0,1,0,0,0,0,0,1,1,1,0,1,1,0,0,1,0,1,1,0,1,0,0,0,0.517188
0,1,1,0,1,1,0,1,1,0,0,1,0,1,1,1,0,1,1,0,1,0,0,1,1,1,1,0,0,1,0,0,0.642022
1,1,1,1,1,1,1,0,1,0,0,1,0,1,1,0,1,0,0,1,0,0,1,1,1,1,0,1,0,0,0,0,0.661285
1,0,1,0,1,1,1,1,1,0,1,0,1,1,1,0,1,1,1,1,1,0,1,0,0,0,1,0,1,1,0,0,0.624393
0,0,1,0,0,1,1,1,0,1,0,1,1,0,1,0,1,1,1,1,1,0,1,1,1,0,1,1,0,1,1,0,0.663724
0,1,0,1,1,1,1,0,0,0,1,1,1,1,0,1,1,0,1,1,1,0,0,1,1,0,0,1,1,0,0,0,0.632491
1,0,0,1,0,1,1,1,1,1,1,0,1,0,1,0,1,0,1,0,0,1,0,1,0,0,0,0,0,0,1,0,0.584006
0,1,0,1,1,0,0,1,0,1,0,0,1,1,0,1,1,1,1,0,0,0,0,1,0,0,1,1,0,0,0,0,0.568465
1,1,0,0,0,1,1,1,1,1,0,0,0,0,0,1,1,1,1,0,1,0,0,1,0,0,1,0,1,0,1,1,0.656507
1,0,0,1,1,0,1,1,1,1,0,0,0,1,1,0,1,1,0,1,0,1,1,0,1,1,0,0,1,1,0,1,0.634327
1,1,1,0,0,0,1,0,0,0,1,1,1,1,1,0,1,0,1,1,0,0,0,1,0,0,1,0,1,0,1,1,0.582321
0,1,0,0,1,0,1,1,1,1,1,0,0,0,1,1,0,1,1,1,1,0,1,0,1,1,1,0,1,0,1,0,0.654520
1,1,1,0,0,0,1,0,0,0,0,0,0,1,0,0,0,0,0,0,1,1,1,1,1,1,0,0,1,0,1,1,0.584635
1,0,0,1,1,1,0,1,0,0,1,1,0,0,1,0,1,1,1,0,1,0,1,1,1,1,1,0,1,1,1,1,0.705168
1,0,1,1,1,0,1,0,0,0,1,1,0,1,1,1,1,0,1,1,0,1,1,1,1,1,1,1,1,0,0,1,0.726770
0,0,0,0,0,1,1,0,0,0,1,0,0,1,0,1,0,0,1,0,1,0,0,1,0,0,1,0,1,0,1,1,0.527524
0,0,0,1,0,1,1,0,0,1,0,1,1,0,1,0,0,1,0,0,0,1,0,0,0,1,0,0,1,1,0,1,0.509116
1,0,0,1,0,1,1,0,0,0,0,1,1,1,0,1,0,1,1,0,0,1,0,0,0,1,0,1,1,0,1,0,0.593210
0,0,1,0,0,0,1,0,0,1,1,1,0,1,1,1,0,0,0,1,0,1,1,1,1,1,0,0,1,1,0,0,0.625676
1,1,0,0,0,0,0,0,0,0,1,1,1,0,0,1,1,1,0,1,0,0,0,1,0,1,1,0,0,0,1,1,0.586772
1,1,1,0,0,1,1,1,1,0,1,0,0,1,0,0,1,0,1,0,1,0,0,0,1,1,1,1,0,0,1,0,0.678536
1,1,0,0,0,0,0,1,1,1,0,0,1,0,1,1,1,0,1,1,1,1,1,0,1,0,0,1,0,1,0,1,0.628794
1,0,0,1,1,1,1,1,0,0,0,0,0,1,0,0,1,1,0,1,0,0,1,0,0,1,1,0,1,0,0,0,0.611643
1,1,0,0,1,0,1,0,1,0,1,1,0,0,0,1,0,0,1,1,1,1,1,0,0,0,1,0,0,0,1,1,0.594367
0,1,0,1,0,0,0,1,0,1,1,0,0,1,1,0,0,0,0,1,0,0,0,1,0,0,0,0,0,1,1,0,0.478763
1,1,0,0,0,0,0,0,0,1,1,1,0,0,1,1,0,0,1,0,1,0,1,1,1,0,0,1,0,1,1,1,0.684823
0,0,1,0,0,0,0,1,1,1,1,0,0,0,0,0,1,0,0,0,1,1,1,0,1,1,1,0,1,1,1,0,0.588734
0,0,0,1,1,1,1,0,1,0,0,1,1,0,0,1,1,1,0,1,0,0,0,0,0,0,1,1,1,1,0,1,0.593034
1,1,1,0,1,0,0,0,0,0,1,0,0,1,0,0,0,0,1,0,0,1,1,0,1,1,0,1,1,0,1,0,0.572363
0,1,1,0,1,0,0,0,0,1,0,0,0,1,0,1,1,1,1,0,0,1,1,1,1,1,1,0,0,0,0,0,0.593663
1,0,1,0,0,0,1,1,1,0,1,1,0,0,0,1,1,1,0,1,0,1,1,0,0,1,1,0,1,0,0,0,0.612674
0,0,1,0,0,1,1,0,1,1,0,1,0,1,0,0,0,0,0,1,0,0,1,1,0,1,0,1,1,0,1,1,0.720910
1,0,1,0,1,0,1,0,1,1,0,1,0,1,0,1,1,1,0,1,1,1,0,1,1,0,1,0,1,0,0,1,0.646347
1,0,1,1,1,1,0,1,0,0,0,0,0,1,0,0,0,0,0,1,1,0,0,1,1,0,1,1,1,0,1,0,0.549428
0,1,1,0,1,1,0,0,1,0,1,1,1,0,1,1,1,0,1,0,1,0,0,1,1,0,0,0,1,1,0,0,0.623211
1,0,0,0,1,1,0,1,0,1,0,0,0,0,1,1,1,0,1,0,0,0,1,0,0,1,0,0,0,0,0,1,0.565120
1,0,1,0,1,1,0,1,0,1,0,0,1,1,0,0,1,1,0,1,1,0,1,1,1,0,1,1,0,0,0,1,0.629624
0,1,1,0,0,1,0,0,0,0,1,1,0,0,0,0,1,1,0,0,0,0,0,0,1,1,1,0,0,0,1,1,0.538187
0,0,1,0,0,1,0,1,0,1,1,0,0,0,1,0,0,0,1,1,0,0,0,0,1,0,1,0,0,0,0,1,0.434276
0,0,0,0,0,0,0,1,1,1,0,1,0,0,1,1,1,0,1,1,0,0,1,1,0,0,1,0,1,0,1,0,0.550786
1,0,1,1,1,1,1,1,0,0,1,0,1,1,0,0,1,1,0,1,0,0,1,1,0,1,1,0,0,1,1,0,0.643304
1,0,0,0,0,1,1,1,0,0,0,1,1,0,0,1,1,1,0,1,1,1,1,0,1,1,1,0,0,0,0,0,0.622180
0,0,0,0,0,0,1,0,1,0,1,1,0,1,0,0,0,0,0,1,1,1,1,0,1,1,0,1,0,1,0,0,0.483440
1,0,0,1,1,1,1,0,0,0,1,1,0,0,0,0,0,0,0,0,0,1,1,1,0,1,0,0,1,0,0,0,0.491689
1,0,1,0,0,1,0,0,0,0,0,0,1,1,0,1,0,0,1,0,1,0,1,1,1,0,0,0,0,1,1,1,0.584911
1,1,1,1,0,1,0,1,0,1,1,0,1,0,1,0,0,0,0,0,0,0,1,0,1,1,0,0,1,1,0,0,0.606614
1,0,1,1,0,0,0,1,1,0,0,0,0,1,0,0,1,1,0,1,1,1,0,0,0,0,1,0,0,0,1,1,0.602188
0,0,0,1,0,1,1,0,1,0,0,1,1,0,1,1,1,0,1,0,1,0,1,1,0,0,0,0,1,0,0,1,0.573343
0,0,1,0,1,1,0,1,1,1,0,0,0,1,0,1,1,0,0,1,1,1,1,0,1,0,1,0,1,0,0,1,0.603496
1,1,0,0,0,0,1,1,1,1,0,1,0,0,0,0,1,1,0,1,0,1,0,0,1,0,1,0,1,1,0,0,0.613756
1,1,0,1,1,1,1,0,0,1,1,1,1,1,0,1,0,1,0,0,1,1,1,1,1,0,0,0,0,0,0,1,0.655727
0,0,0,1,1,1,0,1,0,0,1,1,1,1,0,1,1,0,1,1,1,1,1,0,1,0,1,0,1,1,1,1,0.693550
0,1,1,0,0,1,1,0,1,1,0,1,0,0,0,0,1,1,0,0,1,1,1,0,0,0,0,1,0,1,0,1,0.576889
1,0,1,0,0,0,0,1,0,0,1,0,1,1,0,1,1,1,0,0,1,0,1,0,1,1,0,1,1,1,0,1,0.724154
0,0,1,0,0,0,0,0,1,1,1,0,0,1,1,1,0,0,0,0,1,1,0,1,1,0,0,1,0,1,1,1,0.675343
1,1,0,1,1,1,1,0,0,0,0,0,0,1,0,0,0,1,0,0,0,0,0,1,0,1,0,1,0,0,0,1,0.571181
1,1,0,1,0,1,0,1,1,0,1,1,0,0,0,1,0,0,1,1,0,1,0,0,1,1,1,0,1,1,0,1,0.646901
1,1,0,0,1,0,0,0,1,1,1,1,1,1,0,0,1,0,0,1,0,0,0,0,1,1,0,1,0,1,1,1,0.664730
0,0,0,0,1,1,0,0,1,0,1,1,0,0,0,1,0,1,1,1,1,1,1,0,1,1,0,1,1,1,0,0,0.580385
0,1,1,0,1,0,1,0,1,0,1,0,1,1,0,0,0,1,0,1,1,0,1,0,1,0,1,1,0,0,1,1,0.624871
0,0,0,0,0,1,0,0,0,1,0,1,0,0,0,0,0,0,1,1,0,0,0,1,0,1,1,1,1,1,0,1,0.624066
0,1,0,0,0,0,0,0,1,0,0,1,1,1,0,1,1,1,1,1,0,1,1,0,0,0,1,0,0,1,0,0,0.564215
1,0,0,0,1,0,0,1,1,0,1,0,1,0,0,1,0,1,0,1,1,1,1,0,0,0,1,1,0,0,1,0,0.583076
0,0,1,1,1,1,0,1,1,1,1,0,1,0,1,1,1,0,0,0,0,0,0,1,1,1,1,1,1,0,0,1,0.646372
0,0,1,0,1,1,0,0,1,1,0,0,1,0,0,0,1,0,1,1,1,0,0,1,1,1,0,1,1,1,1,0,0.644562
0,0,0,1,1,0,1,1,0,1,1,1,1,1,1,0,1,0,0,0,1,0,0,0,1,1,1,0,1,0,0,1,0.604300
0,0,0,0,1,1,0,0,1,0,0,0,0,1,0,0,0,0,1,1,0,0,1,1,0,1,1,0,0,0,1,0,0.489199
0,1,1,0,1,1,1,1,1,1,0,1,0,0,1,0,0,1,1,1,1,1,1,0,1,1,0,1,1,0,0,0,0.624871
0,1,0,0,0,0,0,1,1,1,0,1,0,1,0,1,0,0,0,1,1,1,0,1,1,1,0,1,1,1,1,1,0.770351
1,1,1,0,1,1,0,1,1,1,1,1,1,0,0,0,1,0,1,0,1,0,1,1,1,1,0,1,0,0,1,0,0.734289
1,1,1,1,0,1,0,1,1,1,1,0,0,1,0,0,0,0,1,0,0,0,0,0,1,1,1,0,0,0,1,0,0.608777
1,1,0,0,1,0,1,0,0,0,1,0,1,0,0,0,0,1,0,1,1,0,0,0,0,1,0,0,1,1,1,0,0.586219
1,0,1,0,1,0,1,1,1,1,1,0,1,1,1,1,0,0,1,1,1,0,0,1,0,0,0,1,1,0,0,0,0.630278
1,1,0,0,1,1,0,0,0,0,1,0,1,1,0,1,1,1,0,1,1,0,0,1,0,0,0,1,1,0,1,1,0.641469
1,1,0,0,1,1,1,1,0,0,1,1,0,0,0,0,1,0,0,0,0,0,1,1,1,1,1,0,0,0,0,1,0.523752
0,0,0,1,1,1,1,0,0,1,1,0,1,0,0,1,0,0,1,1,0,1,0,0,0,1,0,0,0,1,0,1,0.525789
0,1,1,0,1,1,0,0,1,0,1,1,0,1,1,1,1,1,0,0,0,0,0,0,0,0,0,1,0,1,1,0,0.607569
1,1,1,0,0,1,0,0,0,0,0,1,0,0,1,1,0,0,0,1,0,0,0,1,1,1,1,0,0,1,1,0,0.577895
1,0,0,1,0,1,1,0,0,1,1,1,1,0,0,1,0,1,1,0,0,0,0,1,0,0,1,0,1,0,0,0,0.595172
1,1,0,0,0,0,0,0,0,0,1,0,0,1,1,1,1,1,1,1,1,0,1,1,1,0,0,0,1,1,0,0,0.568465
0,1,0,0,1,1,0,1,0,1,1,1,0,1,0,0,1,0,1,1,0,1,1,0,0,1,1,1,0,0,1,0,0.607947
0,0,1,1,1,1,0,1,0,1,0,0,0,0,1,1,0,1,1,0,0,1,1,0,0,0,0,1,1,1,1,1,0.756620
1,1,0,1,0,1,1,1,0,0,0,1,0,1,1,1,1,1,0,1,0,0,0,0,0,0,1,1,1,0,0,0,0.613529
1,0,0,1,1,0,0,0,0,0,0,1,0,1,0,1,0,0,1,1,0,1,0,0,0,1,0,1,0,0,0,0,0.521514
0,1,0,1,1,0,0,1,1,0,1,1,0,1,0,1,0,1,1,1,0,0,0,1,1,1,1,1,0,0,1,0,0.626103
0,1,0,1,1,0,0,0,0,1,1,1,0,0,1,0,1,1,1,0,0,0,1,1,1,0,1,0,0,1,1,0,0.604225
1,0,1,0,0,1,0,0,0,0,1,1,1,0,0,1,0,0,1,0,1,0,1,0,0,0,0,0,0,0,0,0,0.528178
1,0,0,1,0,0,1,0,1,0,1,0,1,1,0,0,0,1,1,1,1,0,1,1,0,0,1,0,1,1,0,0,0.609179
0,0,0,1,0,0,0,1,0,0,0,1,0,1,1,1,1,1,0,0,0,0,0,0,0,0,1,0,0,1,1,1,0.578926
0,0,0,0,0,1,0,0,0,1,1,0,1,1,1,1,0,0,1,1,0,1,1,0,1,1,1,1,0,0,0,0,0.509946
0,0,1,0,0,1,0,1,0,1,1,1,1,0,1,1,1,1,0,1,0,1,0,0,0,1,1,0,0,0,1,0,0.601207
0,0,0,1,0,0,1,0,0,0,1,0,0,0,0,0,1,1,0,0,0,1,1,0,0,0,0,0,1,0,0,1,0.415013
0,1,0,1,1,0,1,0,1,0,1,0,1,0,1,1,1,1,1,0,0,0,0,1,0,0,1,0,0,1,1,1,0.646196
1,0,1,1,0,0,0,0,1,0,1,0,0,0,1,1,0,1,1,0,0,1,1,1,1,1,1,0,0,1,1,0,0.587627
1,0,1,0,0,0,1,0,0,1,0,1,0,0,1,0,1,1,1,1,1,1,1,0,1,0,1,0,0,0,1,1,0.612197
0,0,1,0,1,1,0,1,0,0,1,1,0,0,1,1,0,0,0,1,0,1,0,1,1,0,0,1,1,1,1,0,0.599975
0,0,1,0,0,1,1,1,0,0,1,1,1,0,0,0,0,0,0,0,1,0,0,0,0,1,1,0,1,1,1,0,0.501245
0,0,0,0,0,1,1,1,0,1,0,0,1,0,0,0,1,1,1,1,0,0,0,1,0,0,0,1,0,0,1,0,0.509845
1,0,1,0,1,1,0,0,0,0,1,0,1,1,1,0,0,1,0,0,0,1,0,0,1,0,0,1,0,0,0,0,0.624368
1,1,0,0,1,1,0,0,0,0,1,0,1,0,0,1,1,1,1,0,1,1,0,1,1,0,0,1,0,1,0,1,0.635383
1,1,1,0,1,0,1,1,1,1,0,0,1,0,0,0,1,0,1,1,0,1,0,0,0,0,1,0,0,0,0,0,0.758003
1,0,1,1,0,1,1,0,0,0,1,0,0,1,1,0,0,1,1,1,0,1,1,0,1,0,1,1,0,1,1,0,0.568817
0,1,1,0,1,1,1,1,1,0,0,0,1,1,1,0,0,0,0,1,0,1,0,0,0,1,0,1,1,0,0,0,0.582422
0,0,1,0,1,1,0,0,0,1,1,1,0,1,1,0,1,0,1,1,1,0,0,1,0,0,0,1,0,0,1,1,0.633522
0,1,1,0,0,1,1,1,0,1,1,0,0,1,0,1,1,0,0,0,1,1,1,0,0,1,1,0,0,1,0,1,0.643833
1,0,0,1,1,1,0,0,0,1,1,1,1,0,1,1,0,0,1,0,0,1,0,1,1,0,1,1,0,1,0,0,0.603546
1,1,0,0,1,0,0,1,1,0,0,0,1,1,0,0,1,0,0,1,0,1,1,1,0,1,0,1,0,0,1,1,0.672149
1,0,1,1,0,1,0,0,1,0,0,1,0,1,0,0,0,1,0,0,1,1,1,1,0,1,0,0,0,1,1,0,0.620973
1,0,0,0,1,1,0,0,1,0,0,0,1,0,0,0,0,0,1,1,1,0,0,1,0,0,0,0,0,1,0,0,0.555740
0,0,1,1,0,0,1,0,0,1,0,0,1,1,1,1,0,1,1,1,1,0,1,1,1,1,1,0,1,0,1,1,0.792053
