0,1,1,1,1,0,0,1,0,0,0,0,1,1,1,0,1,1,1,0,0,1,0,0,0,0,1,1,1,0,0,1,0.606500
0,1,0,1,1,0,1,1,1,0,1,1,0,0,0,0,0,1,0,1,1,1,0,1,0,1,1,0,0,0,1,1,0.598423
1,0,1,1,0,0,1,1,1,0,0,1,1,1,1,0,1,1,1,1,0,0,0,1,0,1,0,1,0,1,1,0,0.655499
1,0,0,0,1,1,1,1,1,0,1,1,1,1,0,1,0,1,0,0,0,0,1,1,1,1,1,0,1,1,0,1,0.660315
0,1,0,1,0,1,0,1,1,1,1,0,0,0,0,1,0,1,0,1,1,0,0,0,1,0,0,0,1,1,0,1,0.590963
0,0,0,0,1,1,0,0,0,0,1,0,0,0,0,1,1,0,1,0,1,1,1,1,1,1,1,0,1,1,0,1,0.651769
1,0,1,1,0,1,0,1,0,1,1,0,1,1,1,0,1,1,0,1,1,0,1,1,1,1,0,0,1,1,0,0,0.627302
1,0,1,1,1,0,1,1,0,1,1,0,1,0,1,0,1,1,0,1,0,1,0,0,1,0,1,0,0,1,0,1,0.632012
0,1,0,0,0,0,0,0,0,1,0,0,0,0,0,1,1,1,0,1,0,0,1,1,0,0,1,1,1,1,0,1,0.630179
1,1,1,0,0,1,1,0,0,1,0,0,1,0,0,1,0,0,1,0,1,0,0,1,1,0,1,1,1,0,0,0,0.577962
1,0,1,0,1,1,0,1,0,0,1,1,0,0,1,0,1,1,0,0,0,0,0,1,1,1,1,0,0,0,1,1,0.606223
0,1,0,0,0,1,1,1,1,1,0,1,1,0,1,1,0,0,0,0,1,0,1,0,1,0,0,1,0,1,1,0,0.578026
1,1,1,0,0,0,0,1,1,1,1,0,0,1,1,1,0,0,1,1,1,0,0,1,1,0,0,1,0,0,0,1,0.614024
0,0,1,1,0,0,1,0,0,0,1,0,1,0,1,1,1,1,1,1,0,0,1,1,0,1,0,1,1,0,1,1,0.746398
0,1,1,1,0,1,1,0,1,0,1,0,0,0,1,0,1,0,1,1,0,0,0,1,0,1,0,1,0,0,1,0,0.581863
0,0,0,1,1,0,0,1,1,0,0,1,1,0,0,1,1,1,1,1,1,0,0,1,1,0,1,1,0,1,0,1,0.659399
0,0,0,1,1,1,0,0,1,1,0,0,1,1,0,1,1,1,0,1,1,0,1,0,1,0,0,0,1,1,1,1,0.686147
1,0,1,0,1,0,1,1,1,1,1,1,0,1,0,0,0,0,0,0,1,0,1,1,1,0,1,0,1,0,0,0,0.635550
0,1,1,0,1,1,1,1,1,1,0,0,1,0,0,1,0,0,0,1,0,1,1,0,1,0,1,0,0,1,1,1,0.712980
1,0,1,0,1,1,1,1,1,0,0,0,1,0,0,1,1,0,0,0,1,1,0,1,0,0,0,0,0,1,0,1,0.536488
1,1,0,1,1,0,1,1,1,0,0,0,0,0,0,1,0,0,1,1,1,0,0,0,1,1,1,1,1,0,1,1,0.688065
0,1,1,0,1,1,0,0,0,0,1,0,1,0,1,0,0,0,0,0,0,0,1,1,0,0,1,1,0,0,1,1,0.595290
1,1,1,1,0,0,0,1,1,0,1,1,0,1,0,1,1,1,1,1,0,0,0,0,0,0,1,1,1,0,1,0,0.592029
1,1,1,1,1,0,1,0,1,0,1,1,0,0,0,0,1,0,1,1,0,0,1,0,1,0,0,1,0,1,1,0,0.609761
1,0,1,0,0,0,0,0,0,1,1,0,0,0,0,0,1,0,0,1,0,0,0,1,1,1,0,1,1,1,0,0,0.581756
0,1,1,1,0,0,0,0,0,0,0,0,0,1,0,0,1,1,1,0,1,0,0,0,1,1,1,1,0,1,0,0,0.541709
1,1,1,1,1,0,0,0,0,1,0,1,0,0,0,0,1,0,1,0,1,0,0,0,1,1,0,0,0,0,1,1,0.639557
1,1,1,0,0,1,0,0,1,1,1,0,0,0,1,1,1,0,1,0,0,1,0,1,1,0,1,1,0,0,0,0,0.655584
0,1,0,0,1,0,0,1,1,1,1,1,1,0,0,0,1,1,1,0,1,1,0,0,0,0,1,1,0,1,1,1,0.677259
1,0,0,1,1,0,0,0,0,1,1,1,0,1,0,0,0,1,0,0,1,1,1,1,0,0,0,0,1,1,0,1,0.599425
0,0,0,0,0,0,0,1,0,1,0,1,1,0,1,1,1,0,0,1,0,0,0,0,1,1,0,1,1,0,1,1,0.689770
0,1,0,0,0,1,0,0,1,0,1,0,1,1,0,1,1,0,1,0,1,1,0,1,0,0,0,1,0,0,1,1,0.621100
0,0,0,0,0,0,1,0,0,0,1,1,0,0,1,1,0,0,1,0,1,0,1,1,0,0,1,0,0,0,0,0,0.353431
0,1,1,0,1,1,1,1,1,1,1,1,0,0,0,0,0,1,1,0,1,0,0,0,1,0,0,1,1,1,0,1,0.662852
1,1,0,1,0,0,1,0,1,0,0,1,1,1,1,1,0,0,0,0,0,1,0,0,1,1,1,0,1,1,1,0,0.670652
1,0,1,0,1,1,1,1,1,1,1,0,1,1,1,0,0,0,0,0,0,0,1,0,0,1,1,1,0,1,1,0,0.605243
0,0,1,0,1,1,0,0,1,1,0,0,0,1,0,0,0,1,1,0,1,1,0,1,0,1,0,0,0,1,0,0,0.550703
1,1,0,0,0,1,1,0,0,0,0,0,0,0,0,1,0,1,1,1,0,0,1,0,1,1,0,0,1,0,0,1,0.571611
1,1,0,0,1,1,0,1,1,0,1,0,1,1,1,0,0,0,0,0,0,0,0,0,1,0,1,1,0,1,0,0,0.638235
0,1,0,0,0,1,1,1,0,1,1,0,1,0,0,1,1,1,0,0,1,1,0,1,0,1,0,0,1,0,1,0,0.581522
0,0,1,0,1,0,1,1,1,0,0,1,0,1,1,0,1,0,1,1,0,0,0,0,0,0,0,1,0,0,0,0,0.562255
1,0,0,0,0,0,0,1,1,1,1,1,0,0,1,1,0,1,1,1,0,0,0,1,0,0,1,0,0,0,1,0,0.569650
0,1,0,1,1,0,0,0,0,0,1,0,1,1,1,0,0,0,0,1,0,1,0,1,0,0,1,0,1,0,0,1,0.521313
1,1,0,0,0,0,0,0,0,0,0,0,1,0,1,0,0,0,0,0,1,0,0,1,1,1,0,1,1,0,1,1,0.642668
1,0,0,1,0,1,1,0,0,0,1,0,0,0,1,1,0,1,1,0,0,1,1,0,1,1,0,0,1,0,0,1,0.581863
1,1,0,1,1,1,1,0,0,0,1,1,1,1,1,0,0,1,1,1,1,0,1,1,1,1,1,1,0,1,1,1,0.797592
1,0,1,1,1,0,0,0,0,1,0,0,0,0,1,1,1,1,1,0,1,1,1,1,0,1,1,0,0,0,0,1,0.614940
0,0,1,0,0,0,0,0,0,0,0,1,0,1,0,1,0,0,1,1,1,0,0,0,0,1,0,1,1,0,1,0,0.535529
0,0,1,1,0,1,1,0,1,0,1,0,0,1,0,1,1,0,1,1,0,1,1,1,1,0,1,1,1,1,0,1,0.745588
0,1,0,1,0,1,0,1,1,1,0,1,0,1,0,1,1,1,1,0,1,1,1,1,1,1,1,0,1,0,0,1,0.677195
1,0,0,0,0,1,0,1,0,1,1,1,1,0,1,0,1,0,0,0,1,0,1,0,0,1,1,0,1,1,1,0,0.598061
1,0,0,1,0,0,1,1,0,0,0,0,0,0,1,0,0,1,0,1,1,1,1,1,1,0,1,1,1,0,0,0,0.616219
0,0,1,0,1,0,0,0,1,0,1,0,0,1,0,1,0,0,1,1,1,0,1,0,0,1,0,0,1,0,1,0,0.524957
1,1,0,0,1,1,0,0,1,0,1,0,1,0,1,1,1,0,1,0,1,1,1,1,1,1,1,0,0,1,0,1,0.630541
0,1,0,0,0,0,0,0,1,1,0,0,0,1,1,0,1,0,1,0,1,0,0,1,1,1,0,1,0,1,0,1,0.618095
1,0,0,0,1,0,0,1,1,0,1,1,1,0,0,1,1,0,1,1,1,1,1,1,0,0,1,1,0,0,1,0,0.608142
0,0,1,0,0,0,1,1,1,1,0,0,0,0,1,0,0,1,0,0,1,0,1,0,1,1,0,1,1,0,0,1,0.563043
1,0,0,1,1,0,0,0,1,0,0,0,1,1,0,1,0,1,0,0,0,1,0,1,0,0,1,0,0,0,1,0,0.536722
1,0,0,0,0,1,0,0,0,1,1,1,0,0,0,1,0,0,0,0,0,0,0,1,0,1,0,1,1,0,1,1,0.688171
0,1,1,1,1,1,1,0,1,1,1,1,1,0,1,1,1,1,0,1,0,1,1,1,0,0,1,0,1,1,1,0,0.666816
1,0,1,0,1,0,1,1,0,1,1,0,1,0,1,1,1,1,0,0,0,0,1,1,1,0,1,0,0,1,1,0,0.598636
0,0,0,1,0,0,1,1,0,0,0,1,1,1,1,0,0,0,1,0,1,1,0,1,1,1,0,0,1,0,1,0,0.570524
1,0,1,0,1,0,1,0,0,0,0,0,1,1,1,1,0,0,0,0,1,0,0,1,0,0,1,1,0,0,1,1,0.600362
1,1,1,1,0,1,1,0,0,1,1,1,1,0,1,0,1,0,0,0,1,1,0,1,0,1,0,1,0,0,0,1,0.615132
0,1,1,0,1,1,0,0,1,0,0,0,0,0,1,1,1,1,1,1,0,0,0,1,1,1,1,0,0,1,1,0,0.593841
0,1,1,1,0,1,1,0,1,1,1,1,1,1,0,0,0,1,0,0,1,0,0,0,0,1,0,0,0,0,0,1,0.556841
0,1,0,1,1,1,1,1,1,0,1,1,1,0,0,0,0,1,1,0,0,1,1,0,1,1,0,1,1,0,0,1,0.635081
1,1,0,0,1,1,0,1,1,1,0,0,0,1,0,1,1,0,0,1,0,0,1,1,1,0,0,1,1,1,1,0,0.656650
0,0,0,0,1,0,1,0,0,1,0,1,1,0,0,0,0,1,0,0,0,1,0,1,0,1,1,1,0,1,1,0,0.478218
1,0,1,0,0,1,0,0,0,1,0,0,0,1,0,0,0,0,0,1,0,0,0,0,0,0,0,1,0,1,1,1,0.591773
1,0,0,1,1,1,1,0,1,1,1,1,0,1,1,1,1,1,0,1,0,0,1,1,1,1,0,0,0,0,0,0,0.701833
1,1,0,0,0,0,1,0,0,0,1,0,0,1,0,0,0,0,1,1,0,0,0,0,0,1,0,1,1,1,0,1,0.611211
1,1,1,0,0,1,1,1,0,0,0,1,0,1,1,1,0,0,0,0,0,0,1,1,1,0,0,1,1,1,0,1,0.680541
0,0,1,0,1,1,0,1,1,0,0,0,0,0,0,1,0,0,0,1,1,1,0,1,0,1,0,0,0,0,0,0,0.419395
0,1,1,1,1,1,1,1,0,1,1,0,1,1,0,1,0,1,1,0,1,1,0,1,1,1,1,0,1,0,0,0,0.648338
0,1,0,0,1,1,1,0,1,1,1,0,1,0,1,1,1,0,1,1,0,0,0,0,0,0,0,0,1,0,0,0,0.568265
0,1,0,1,0,1,1,1,1,0,1,1,0,0,0,1,0,0,0,0,0,0,1,1,0,0,1,0,1,1,1,1,0.671931
0,0,1,0,0,1,0,0,1,0,1,1,1,1,0,1,1,1,1,0,0,0,0,1,0,1,1,1,1,1,1,1,0.872570
1,1,1,0,0,1,1,1,1,1,0,1,1,1,0,0,1,0,1,1,1,0,0,1,0,1,0,1,1,1,0,1,0.691603
1,0,0,0,0,1,1,1,1,0,0,1,1,1,0,1,0,1,0,1,0,0,0,1,0,1,0,1,0,0,1,1,0.737830
1,1,0,1,0,0,1,1,0,0,0,0,0,0,1,1,0,1,0,1,0,0,1,1,1,0,1,1,0,1,1,0,0.655627
0,1,1,1,0,0,0,0,1,1,0,1,0,1,0,1,0,1,1,1,1,1,0,0,1,0,1,1,0,1,0,0,0.645524
0,0,1,1,1,1,1,0,1,1,1,0,0,0,1,0,0,0,1,0,1,1,0,0,0,1,1,0,0,0,1,0,0.625853
1,1,0,1,0,1,0,0,0,0,1,0,1,0,0,0,1,1,1,1,1,1,1,0,0,0,1,0,0,1,0,1,0.583014
1,0,1,1,1,0,1,1,0,0,0,1,1,1,1,0,1,1,1,1,0,0,0,1,0,0,1,0,1,0,1,0,0.613235
1,1,0,0,0,0,0,0,0,1,0,1,1,0,1,0,0,0,1,0,1,1,1,1,1,0,1,1,1,1,1,1,0.761125
1,0,0,1,1,0,1,0,0,1,1,1,1,1,1,0,1,1,0,0,0,0,1,0,1,1,1,1,1,0,1,0,0.609378
1,0,1,1,0,0,0,0,1,0,1,1,0,1,0,0,0,1,1,1,1,0,1,0,1,1,1,1,0,0,1,0,0.630520
1,0,0,1,0,1,0,1,0,0,1,1,0,1,1,1,1,0,1,0,1,0,0,1,0,1,0,1,1,1,1,0,0.679412
1,0,1,1,1,0,1,1,1,1,1,0,1,1,0,1,1,0,0,1,1,1,0,1,0,0,0,0,0,1,1,1,0.681181
0,1,1,0,0,0,0,0,0,1,0,0,0,0,1,0,1,1,0,1,1,0,0,1,1,1,1,1,1,1,0,1,0.711466
0,1,0,1,0,0,0,0,1,1,0,1,1,0,1,0,0,0,0,1,0,0,1,0,0,0,1,0,1,0,1,1,0.565857
0,0,1,1,1,1,0,0,0,0,0,1,0,0,0,1,0,1,1,0,0,0,0,0,1,1,1,1,1,1,0,0,0.601598
0,0,1,1,0,0,0,1,1,1,0,0,1,1,0,1,1,1,1,0,1,1,1,1,0,0,1,0,1,1,0,0,0.604412
1,0,1,0,1,0,0,1,0,0,1,1,1,1,1,0,1,1,1,0,0,1,1,0,0,1,0,0,1,0,1,1,0.629540
1,1,1,0,0,0,1,0,1,1,1,1,0,1,0,0,1,1,0,0,0,1,1,0,1,1,1,1,1,1,0,0,0.611765
0,0,1,1,1,1,1,1,0,0,1,0,1,0,0,1,0,0,0,0,1,1,1,0,0,0,1,1,1,0,1,1,0.611530
0,0,0,1,1,1,0,1,1,0,0,0,0,0,1,0,1,0,0,0,1,0,0,1,0,1,1,1,1,1,0,0,0.550064
1,1,0,0,0,0,1,1,0,0,1,1,0,0,0,1,1,0,1,0,1,0,0,0,0,1,1,0,0,1,0,1,0.583355
0,0,0,0,0,0,1,1,0,1,1,1,1,1,1,1,1,0,0,1,0,1,1,1,0,1,1,0,1,1,1,0,0.626172
1,0,0,0,1,0,0,1,0,0,1,1,0,1,1,1,1,0,0,1,1,1,1,0,1,1,1,1,1,0,1,0,0.647421
0,1,0,0,1,0,1,1,1,1,0,1,1,0,0,0,1,1,0,0,1,1,0,1,1,1,1,1,1,1,1,1,0.779582
1,0,0,1,0,0,1,1,0,0,0,0,1,0,1,1,0,0,0,0,1,0,1,1,1,0,1,1,1,0,1,1,0.699425
1,0,0,0,1,0,0,1,0,0,1,0,0,1,1,0,0,0,0,0,0,1,1,0,1,0,1,1,0,0,0,0,0.490090
1,0,0,1,1,1,1,0,1,1,1,1,1,1,1,0,1,1,1,0,1,1,0,1,1,1,1,1,1,0,0,0,0.707033
1,0,0,1,0,1,1,1,1,0,0,1,1,0,1,1,1,0,1,1,1,0,0,0,0,0,0,0,0,1,0,1,0.610358
0,1,1,0,0,1,0,1,1,1,0,0,0,1,0,0,1,1,1,0,1,0,0,1,0,0,0,0,0,1,1,1,0.577323
1,1,0,0,0,0,1,0,0,0,1,0,1,0,0,0,0,0,1,0,0,0,1,0,1,0,0,0,0,1,0,1,0.522272
0,0,1,1,1,0,0,0,1,1,1,0,1,1,1,1,0,0,0,1,1,0,0,0,1,0,0,1,0,0,0,1,0.582545
1,0,0,0,0,0,1,0,0,1,0,1,1,0,0,1,0,1,1,0,0,1,0,1,1,0,1,0,1,0,0,1,0.555627
1,0,1,0,0,0,1,0,1,1,0,0,1,0,1,1,0,1,1,1,1,0,1,0,0,1,1,0,0,1,1,1,0.700533
1,1,1,1,1,0,0,1,0,0,0,0,0,1,0,0,0,0,0,0,1,1,1,0,1,0,0,0,0,0,0,0,0.761616
0,0,1,1,0,0,1,1,1,1,1,0,1,1,1,0,1,1,0,1,0,0,1,1,0,0,1,1,1,1,0,1,0.692860
0,1,1,1,0,1,0,1,1,0,1,0,1,0,1,1,0,1,0,0,1,1,1,0,0,1,1,1,0,0,0,1,0.627131
0,1,1,1,0,1,0,0,0,0,0,0,0,1,1,0,0,1,0,0,0,0,1,1,1,1,1,1,1,1,0,1,0.681692
1,0,0,1,1,0,0,0,1,0,1,1,0,1,0,0,1,1,1,0,0,0,1,1,0,0,1,0,0,0,1,0,0.612553
0,0,0,0,0,1,1,1,1,0,0,1,0,0,1,1,1,1,1,0,0,1,0,1,1,1,0,1,0,1,1,0,0.622101
0,0,1,0,0,0,1,1,0,1,0,1,0,1,1,0,0,1,0,1,1,0,0,1,0,0,0,0,0,1,0,1,0.513981
1,0,0,1,0,0,0,0,0,0,1,1,0,0,0,0,1,1,0,1,1,1,1,1,0,0,1,1,0,0,1,0,0.570354
1,1,0,0,0,1,1,1,1,0,1,0,1,1,0,1,0,0,0,0,1,1,1,1,1,1,1,1,0,0,1,1,0.750128
0,0,0,1,1,0,0,0,0,0,1,0,1,0,0,1,0,1,0,1,1,0,1,1,1,0,1,0,1,0,0,0,0.544246
1,0,1,0,0,1,0,0,1,1,0,1,0,0,1,1,0,0,0,1,1,0,0,1,1,1,0,1,1,1,0,1,0.701684
1,1,0,1,1,0,0,0,1,0,1,0,1,1,1,1,0,1,1,1,1,0,0,1,1,0,0,1,0,0,0,1,0.605925
0,0,0,1,0,0,1,0,0,1,1,0,0,1,1,0,1,1,0,0,0,0,1,0,1,1,1,1,0,0,0,1,0.540985
0,0,0,1,0,1,0,0,0,0,0,1,0,1,0,0,1,1,0,0,1,1,1,1,0,1,1,1,0,0,1,0,0.534569
0,0,1,1,0,1,1,0,0,0,1,1,1,1,1,1,0,0,1,1,0,1,0,1,1,1,1,1,1,0,1,1,0.764003
0,0,0,1,1,0,1,1,1,0,0,0,0,0,1,0,1,0,1,1,1,0,0,1,0,1,1,1,1,0,1,1,0.696292
0,0,0,0,0,1,0,1,0,1,0,0,0,0,0,0,0,0,1,0,1,0,1,1,1,0,0,1,0,0,0,1,0.488555
