0,0,1,0,0,1,0,0,1,0,1,1,1,1,0,1,1,1,1,0,0,0,0,1,0,1,1,1,1,1,1,1,0.880088
1,0,1,0,1,1,0,1,0,0,1,1,0,0,1,0,1,1,0,0,0,0,0,1,1,1,1,0,0,0,1,1,0.609282
1,0,0,0,1,0,0,1,0,0,1,1,0,1,1,1,1,0,0,1,1,1,1,0,1,1,1,1,1,0,1,0,0.648098
0,1,0,1,0,0,0,0,1,1,0,1,1,0,1,0,0,0,0,1,0,0,1,0,0,0,1,0,1,0,1,1,0.571238
0,1,1,1,1,0,0,1,0,0,0,0,1,1,1,0,1,1,1,0,0,1,0,0,0,0,1,1,1,0,0,1,0.602515
1,0,0,0,0,0,1,0,0,1,0,1,1,0,0,1,0,1,1,0,0,1,0,1,1,0,1,0,1,0,0,1,0.559223
0,0,0,0,1,0,1,0,0,1,0,1,1,0,0,0,0,1,0,0,0,1,0,1,0,1,1,1,0,1,1,0,0.470775
0,1,0,1,1,1,1,1,1,0,1,1,1,0,0,0,0,1,1,0,0,1,1,0,1,1,0,1,1,0,0,1,0.634138
1,0,0,0,1,1,1,1,1,0,1,1,1,1,0,1,0,1,0,0,0,0,1,1,1,1,1,0,1,1,0,1,0.662004
1,0,1,0,1,0,1,1,0,1,1,0,1,0,1,1,1,1,0,0,0,0,1,1,1,0,1,0,0,1,1,0,0.599478
0,1,0,0,0,0,0,0,0,1,0,0,0,0,0,1,1,1,0,1,0,0,1,1,0,0,1,1,1,1,0,1,0.628330
1,1,0,0,1,1,0,0,1,0,1,0,1,0,1,1,1,0,1,0,1,1,1,1,1,1,1,0,0,1,0,1,0.628970
0,0,1,1,1,1,0,0,0,0,0,1,0,0,0,1,0,1,1,0,0,0,0,0,1,1,1,1,1,1,0,0,0.602994
1,0,0,0,1,0,0,1,1,0,1,1,1,0,0,1,1,0,1,1,1,1,1,1,0,0,1,1,0,0,1,0,0.608616
0,1,1,1,0,0,0,0,1,1,0,1,0,1,0,1,0,1,1,1,1,1,0,0,1,0,1,1,0,1,0,0,0.643649
1,0,1,0,0,1,0,0,1,1,0,1,0,0,1,1,0,0,0,1,1,0,0,1,1,1,0,1,1,1,0,1,0.700980
0,1,1,0,1,1,1,1,1,1,1,1,0,0,0,0,0,1,1,0,1,0,0,0,1,0,0,1,1,1,0,1,0.658168
1,1,0,1,1,0,1,1,1,0,0,0,0,0,0,1,0,0,1,1,1,0,0,0,1,1,1,1,1,0,1,1,0.694160
1,1,0,1,0,0,1,1,0,0,0,0,0,0,1,1,0,1,0,1,0,0,1,1,1,0,1,1,0,1,1,0,0.653106
0,1,1,1,1,1,1,0,1,1,1,1,1,0,1,1,1,1,0,1,0,1,1,1,0,0,1,0,1,1,1,0,0.669677
1,1,1,0,0,0,0,1,1,1,1,0,0,1,1,1,0,0,1,1,1,0,0,1,1,0,0,1,0,0,0,1,0.616075
1,0,1,1,0,0,1,1,1,0,0,1,1,1,1,0,1,1,1,1,0,0,0,1,0,1,0,1,0,1,1,0,0.653906
1,1,1,0,0,1,1,1,1,1,0,1,1,1,0,0,1,0,1,1,1,0,0,1,0,1,0,1,1,1,0,1,0.689205
1,0,0,1,0,0,1,1,0,0,0,0,0,0,1,0,0,1,0,1,1,1,1,1,1,0,1,1,1,0,0,0,0.610507
0,0,0,0,0,0,1,1,0,1,1,1,1,1,1,1,1,0,0,1,0,1,1,1,0,1,1,0,1,1,1,0,0.625373
0,0,1,1,0,0,1,1,1,1,1,0,1,1,1,0,1,1,0,1,0,0,1,1,0,0,1,1,1,1,0,1,0.691709
1,0,1,0,1,0,1,0,0,0,0,0,1,1,1,1,0,0,0,0,1,0,0,1,0,0,1,1,0,0,1,1,0.599025
0,1,1,0,1,1,1,1,1,1,0,0,1,0,0,1,0,0,0,1,0,1,1,0,1,0,1,0,0,1,1,1,0.716379
0,1,1,0,0,1,0,1,1,1,0,0,0,1,0,0,1,1,1,0,1,0,0,1,0,0,0,0,0,1,1,1,0.578485
0,1,1,1,0,1,1,0,1,0,1,0,0,0,1,0,1,0,1,1,0,0,0,1,0,1,0,1,0,0,1,0,0.579630
1,0,1,1,0,1,0,1,0,1,1,0,1,1,1,0,1,1,0,1,1,0,1,1,1,1,0,0,1,1,0,0,0.625746
1,0,0,1,0,0,1,1,0,0,0,0,1,0,1,1,0,0,0,0,1,0,1,1,1,0,1,1,1,0,1,1,0.693707
1,1,1,0,0,1,0,0,1,1,1,0,0,0,1,1,1,0,1,0,0,1,0,1,1,0,1,1,0,0,0,0,0.661605
1,1,0,0,0,1,1,1,1,0,1,0,1,1,0,1,0,0,0,0,1,1,1,1,1,1,1,1,0,0,1,1,0.756261
1,0,0,1,1,0,0,0,0,1,1,1,0,1,0,0,0,1,0,0,1,1,1,1,0,0,0,0,1,1,0,1,0.599078
1,1,1,1,1,0,1,0,1,0,1,1,0,0,0,0,1,0,1,1,0,0,1,0,1,0,0,1,0,1,1,0,0.613944
0,0,0,1,1,1,0,0,1,1,0,0,1,1,0,1,1,1,0,1,1,0,1,0,1,0,0,0,1,1,1,1,0.691816
0,0,0,1,0,0,1,1,0,0,0,1,1,1,1,0,0,0,1,0,1,1,0,1,1,1,0,0,1,0,1,0,0.573982
1,1,0,1,1,1,1,0,0,0,1,1,1,1,1,0,0,1,1,1,1,0,1,1,1,1,1,1,0,1,1,1,0.797048
1,1,1,0,0,1,1,1,0,0,0,1,0,1,1,1,0,0,0,0,0,0,1,1,1,0,0,1,1,1,0,1,0.681026
0,1,1,1,1,1,1,1,0,1,1,0,1,1,0,1,0,1,1,0,1,1,0,1,1,1,1,0,1,0,0,0,0.645327
1,1,1,1,0,1,1,0,0,1,1,1,1,0,1,0,1,0,0,0,1,1,0,1,0,1,0,1,0,0,0,1,0.612878
1,0,1,0,0,0,1,0,1,1,0,0,1,0,1,1,0,1,1,1,1,0,1,0,0,1,1,0,0,1,1,1,0.704737
0,1,0,0,0,0,0,0,1,1,0,0,0,1,1,0,1,0,1,0,1,0,0,1,1,1,0,1,0,1,0,1,0.618553
1,1,0,1,0,0,1,0,1,0,0,1,1,1,1,1,0,0,0,0,0,1,0,0,1,1,1,0,1,1,1,0,0.673354
0,1,0,0,0,1,0,0,1,0,1,0,1,1,0,1,1,0,1,0,1,1,0,1,0,0,0,1,0,0,1,1,0.622069
1,0,0,1,1,1,1,0,1,1,1,1,0,1,1,1,1,1,0,1,0,0,1,1,1,1,0,0,0,0,0,0,0.706255
1,0,0,1,0,1,1,0,0,0,1,0,0,0,1,1,0,1,1,0,0,1,1,0,1,1,0,0,1,0,0,1,0.583253
1,0,0,0,0,1,0,0,0,1,1,1,0,0,0,1,0,0,0,0,0,0,0,1,0,1,0,1,1,0,1,1,0.694880
1,1,1,0,0,0,1,0,1,1,1,1,0,1,0,0,1,1,0,0,0,1,1,0,1,1,1,1,1,1,0,0,0.610347
1,0,1,1,1,0,1,1,0,0,0,1,1,1,1,0,1,1,1,1,0,0,0,1,0,0,1,0,1,0,1,0,0.607816
1,0,1,1,1,0,1,1,1,1,1,0,1,1,0,1,1,0,0,1,1,1,0,1,0,0,0,0,0,1,1,1,0.684703
1,0,1,0,1,0,1,1,1,1,1,1,0,1,0,0,0,0,0,0,1,0,1,1,1,0,1,0,1,0,0,0,0.636829
0,1,1,1,0,1,0,1,1,0,1,0,1,0,1,1,0,1,0,0,1,1,1,0,0,1,1,1,0,0,0,1,0.624867
0,1,1,0,0,0,0,0,0,1,0,0,0,0,1,0,1,1,0,1,1,0,0,1,1,1,1,1,1,1,0,1,0.714727
1,0,1,0,0,1,0,0,0,1,0,0,0,1,0,0,0,0,0,1,0,0,0,0,0,0,0,1,0,1,1,1,0.596361
1,0,0,0,0,1,1,1,1,0,0,1,1,1,0,1,0,1,0,1,0,0,0,1,0,1,0,1,0,0,1,1,0.739743
0,1,0,1,0,1,0,1,1,1,0,1,0,1,0,1,1,1,1,0,1,1,1,1,1,1,1,0,1,0,0,1,0.678415
0,0,0,0,0,0,0,1,0,1,0,1,1,0,1,1,1,0,0,1,0,0,0,0,1,1,0,1,1,0,1,1,0.702366
0,0,1,1,0,0,0,1,1,1,0,0,1,1,0,1,1,1,1,0,1,1,1,1,0,0,1,0,1,1,0,0,0.602968
1,1,0,1,0,1,0,0,0,0,1,0,1,0,0,0,1,1,1,1,1,1,1,0,0,0,1,0,0,1,0,1,0.585891
1,0,1,1,1,0,1,1,0,1,1,0,1,0,1,0,1,1,0,1,0,1,0,0,1,0,1,0,0,1,0,1,0.633765
1,0,1,1,0,0,0,0,1,0,1,1,0,1,0,0,0,1,1,1,1,0,1,0,1,1,1,1,0,0,1,0,0.630355
1,0,1,0,0,0,0,0,0,1,1,0,0,0,0,0,1,0,0,1,0,0,0,1,1,1,0,1,1,1,0,0,0.575474
1,0,0,0,0,0,0,1,1,1,1,1,0,0,1,1,0,1,1,1,0,0,0,1,0,0,1,0,0,0,1,0,0.565137
0,0,1,1,0,1,1,0,0,0,1,1,1,1,1,1,0,0,1,1,0,1,0,1,1,1,1,1,1,0,1,1,0.768382
1,1,1,0,0,1,1,0,0,1,0,0,1,0,0,1,0,0,1,0,1,0,0,1,1,0,1,1,1,0,0,0,0.573503
0,0,0,1,0,0,1,0,0,1,1,0,0,1,1,0,1,1,0,0,0,0,1,0,1,1,1,1,0,0,0,1,0.543478
0,0,1,0,1,1,0,0,1,1,0,0,0,1,0,0,0,1,1,0,1,1,0,1,0,1,0,0,0,1,0,0,0.541400
1,0,0,1,0,1,1,1,1,0,0,1,1,0,1,1,1,0,1,1,1,0,0,0,0,0,0,0,0,1,0,1,0.612452
0,1,0,1,1,0,0,0,0,0,1,0,1,1,1,0,0,0,0,1,0,1,0,1,0,0,1,0,1,0,0,1,0.523790
0,0,1,1,0,1,1,0,1,0,1,0,0,1,0,1,1,0,1,1,0,1,1,1,1,0,1,1,1,1,0,1,0.748668
0,0,1,0,0,0,1,1,0,1,0,1,0,1,1,0,0,1,0,1,1,0,0,1,0,0,0,0,0,1,0,1,0.516065
0,1,0,1,0,1,1,1,1,0,1,1,0,0,0,1,0,0,0,0,0,0,1,1,0,0,1,0,1,1,1,1,0.673300
1,1,0,0,0,0,1,0,0,0,1,0,1,0,0,0,0,0,1,0,0,0,1,0,1,0,0,0,0,1,0,1,0.525123
1,1,0,0,0,1,1,0,0,0,0,0,0,0,0,1,0,1,1,1,0,0,1,0,1,1,0,0,1,0,0,1,0.579284
1,0,0,1,0,0,0,0,0,0,1,1,0,0,0,0,1,1,0,1,1,1,1,1,0,0,1,1,0,0,1,0,0.570013
0,1,1,1,0,1,1,0,1,1,1,1,1,1,0,0,0,1,0,0,1,0,0,0,0,1,0,0,0,0,0,1,0.555307
1,0,1,0,1,1,1,1,1,0,0,0,1,0,0,1,1,0,0,0,1,1,0,1,0,0,0,0,0,1,0,1,0.534447
0,0,0,0,0,1,1,1,1,0,0,1,0,0,1,1,1,1,1,0,0,1,0,1,1,1,0,1,0,1,1,0,0.615969
0,1,0,0,1,0,0,1,1,1,1,1,1,0,0,0,1,1,1,0,1,1,0,0,0,0,1,1,0,1,1,1,0.679401
0,1,0,0,1,1,1,0,1,1,1,0,1,0,1,1,1,0,1,1,0,0,0,0,0,0,0,0,1,0,0,0,0.565937
1,0,0,1,0,1,0,1,0,0,1,1,0,1,1,1,1,0,1,0,1,0,0,1,0,1,0,1,1,1,1,0,0.675645
0,0,1,1,1,0,0,0,1,1,1,0,1,1,1,1,0,0,0,1,1,0,0,0,1,0,0,1,0,0,0,1,0.579923
1,1,1,1,0,0,0,1,1,0,1,1,0,1,0,1,1,1,1,1,0,0,0,0,0,0,1,1,1,0,1,0,0.596547
1,0,1,1,1,0,0,0,0,1,0,0,0,0,1,1,1,1,1,0,1,1,1,1,0,1,1,0,0,0,0,1,0.618873
1,0,0,1,1,1,1,0,1,1,1,1,1,1,1,0,1,1,1,0,1,1,0,1,1,1,1,1,1,0,0,0,0.709958
1,1,0,1,1,0,0,0,1,0,1,0,1,1,1,1,0,1,1,1,1,0,0,1,1,0,0,1,0,0,0,1,0.609335
0,0,1,0,1,1,0,1,1,0,0,0,0,0,0,1,0,0,0,1,1,1,0,1,0,1,0,0,0,0,0,0,0.418292
1,1,0,0,0,0,0,0,0,1,0,1,1,0,1,0,0,0,1,0,1,1,1,1,1,0,1,1,1,1,1,1,0.762681
0,1,1,0,1,1,0,0,1,0,0,0,0,0,1,1,1,1,1,1,0,0,0,1,1,1,1,0,0,1,1,0,0.595082
0,0,1,1,1,1,1,0,1,1,1,0,0,0,1,0,0,0,1,0,1,1,0,0,0,1,1,0,0,0,1,0,0.631580
1,0,0,0,1,0,0,1,0,0,1,0,0,1,1,0,0,0,0,0,0,1,1,0,1,0,1,1,0,0,0,0,0.498029
0,0,0,1,1,0,1,1,1,0,0,0,0,0,1,0,1,0,1,1,1,0,0,1,0,1,1,1,1,0,1,1,0.699116
0,0,1,0,0,0,1,1,1,1,0,0,0,0,1,0,0,1,0,0,1,0,1,0,1,1,0,1,1,0,0,1,0.566336
0,0,0,1,1,1,0,1,1,0,0,0,0,0,1,0,1,0,0,0,1,0,0,1,0,1,1,1,1,1,0,0,0.547821
0,0,0,0,0,0,1,0,0,0,1,1,0,0,1,1,0,0,1,0,1,0,1,1,0,0,1,0,0,0,0,0,0.347693
0,0,1,0,1,0,1,1,1,0,0,1,0,1,1,0,1,0,1,1,0,0,0,0,0,0,0,1,0,0,0,0,0.565351
0,1,0,0,1,0,1,1,1,1,0,1,1,0,0,0,1,1,0,0,1,1,0,1,1,1,1,1,1,1,1,1,0.779012
1,1,0,0,0,0,0,0,0,0,0,0,1,0,1,0,0,0,0,0,1,0,0,1,1,1,0,1,1,0,1,1,0.643356
0,1,1,1,0,0,0,0,0,0,0,0,0,1,0,0,1,1,1,0,1,0,0,0,1,1,1,1,0,1,0,0,0.541587
1,0,0,1,1,0,0,0,1,0,1,1,0,1,0,0,1,1,1,0,0,0,1,1,0,0,1,0,0,0,1,0,0.614610
1,0,1,0,1,1,1,1,1,1,1,0,1,1,1,0,0,0,0,0,0,0,1,0,0,1,1,1,0,1,1,0,0.613837
0,1,0,1,0,1,0,1,1,1,1,0,0,0,0,1,0,1,0,1,1,0,0,0,1,0,0,0,1,1,0,1,0.595375
0,1,0,1,1,0,1,1,1,0,1,1,0,0,0,0,0,1,0,1,1,1,0,1,0,1,1,0,0,0,1,1,0.603234
1,0,0,1,1,0,1,0,0,1,1,1,1,1,1,0,1,1,0,0,0,0,1,0,1,1,1,1,1,0,1,0,0.607896
1,1,0,0,0,0,1,1,0,0,1,1,0,0,0,1,1,0,1,0,1,0,0,0,0,1,1,0,0,1,0,1,0.585545
1,1,0,0,1,1,0,1,1,1,0,0,0,1,0,1,1,0,0,1,0,0,1,1,1,0,0,1,1,1,1,0,0.658355
1,1,0,0,0,0,1,0,0,0,1,0,0,1,0,0,0,0,1,1,0,0,0,0,0,1,0,1,1,1,0,1,0.614743
0,1,1,0,1,1,0,0,0,0,1,0,1,0,1,0,0,0,0,0,0,0,1,1,0,0,1,1,0,0,1,1,0.594762
1,1,0,0,1,1,0,1,1,0,1,0,1,1,1,0,0,0,0,0,0,0,0,0,1,0,1,1,0,1,0,0,0.642423
0,0,0,1,0,1,0,0,0,0,0,1,0,1,0,0,1,1,0,0,1,1,1,1,0,1,1,1,0,0,1,0,0.528746
0,1,0,0,0,1,1,1,0,1,1,0,1,0,0,1,1,1,0,0,1,1,0,1,0,1,0,0,1,0,1,0,0.580216
0,0,0,1,1,0,0,1,1,0,0,1,1,0,0,1,1,1,1,1,1,0,0,1,1,0,1,1,0,1,0,1,0.662404
0,0,1,1,1,1,1,1,0,0,1,0,1,0,0,1,0,0,0,0,1,1,1,0,0,0,1,1,1,0,1,1,0.613997
0,0,0,0,0,1,0,1,0,1,0,0,0,0,0,0,0,0,1,0,1,0,1,1,1,0,0,1,0,0,0,1,0.488091
1,1,1,1,1,0,0,1,0,0,0,0,0,1,0,0,0,0,0,0,1,1,1,0,1,0,0,0,0,0,0,0,0.761722
1,0,0,1,1,0,0,0,1,0,0,0,1,1,0,1,0,1,0,0,0,1,0,1,0,0,1,0,0,0,1,0,0.540095
0,0,1,0,0,0,0,0,0,0,0,1,0,1,0,1,0,0,1,1,1,0,0,0,0,1,0,1,1,0,1,0,0.537058
1,0,0,0,0,1,0,1,0,1,1,1,1,0,1,0,1,0,0,0,1,0,1,0,0,1,1,0,1,1,1,0,0.601742
0,1,0,0,0,1,1,1,1,1,0,1,1,0,1,1,0,0,0,0,1,0,1,0,1,0,0,1,0,1,1,0,0.579897
0,0,1,0,1,0,0,0,1,0,1,0,0,1,0,1,0,0,1,1,1,0,1,0,0,1,0,0,1,0,1,0,0.525815
0,0,1,1,0,0,1,0,0,0,1,0,1,0,1,1,1,1,1,1,0,0,1,1,0,1,0,1,1,0,1,1,0.750480
1,1,1,1,1,0,0,0,0,1,0,1,0,0,0,0,1,0,1,0,1,0,0,0,1,1,0,0,0,0,1,1,0.642290
0,0,0,0,1,1,0,0,0,0,1,0,0,0,0,1,1,0,1,0,1,1,1,1,1,1,1,0,1,1,0,1,0.653639
1,0,1,0,1,0,0,1,0,0,1,1,1,1,1,0,1,1,1,0,0,1,1,0,0,1,0,0,1,0,1,1,0.634964
0,0,0,1,1,0,0,0,0,0,1,0,1,0,0,1,0,1,0,1,1,0,1,1,1,0,1,0,1,0,0,0,0.544277
0,1,1,1,0,1,0,0,0,0,0,0,0,1,1,0,0,1,0,0,0,0,1,1,1,1,1,1,1,1,0,1,0.683797
