0,0,0,1,1,0,0,0,0,0,0,1,1,0,0,1,1,1,1,0,1,0,0,1,0,0,1,1,1,1,0,1,0.595189
1,1,0,1,1,0,1,1,0,1,0,0,1,1,0,0,0,1,0,1,1,0,1,0,0,0,1,1,1,0,0,1,0.618686
0,1,0,1,0,1,0,0,0,1,0,0,1,0,0,0,0,1,1,0,1,0,1,1,0,0,1,1,0,1,0,0,0.596947
1,0,0,0,0,0,0,1,1,1,0,1,0,1,1,1,0,1,0,0,0,0,0,0,0,0,1,0,1,1,1,1,0.574488
0,1,1,0,1,0,0,0,1,1,0,1,1,0,0,0,1,0,1,0,0,0,1,0,0,1,1,1,0,1,0,0,0.607284
0,1,0,1,1,1,0,0,1,1,0,0,1,0,1,1,1,0,1,0,0,0,0,0,0,0,1,1,1,1,1,0,0.607737
1,0,0,0,0,1,1,1,0,1,0,1,1,1,1,0,1,1,1,0,1,0,0,1,0,0,0,1,0,1,1,0,0.607124
0,1,1,1,1,1,0,0,0,0,0,0,0,1,1,0,1,0,0,1,0,1,0,0,0,1,0,0,0,0,1,1,0.583866
0,1,0,1,0,1,0,0,1,0,1,1,0,1,0,1,1,0,0,0,0,0,0,0,1,1,1,0,1,1,1,0,0.601716
0,0,1,0,0,1,0,0,0,0,1,0,0,0,0,0,0,1,0,1,1,1,0,0,1,1,0,0,0,0,1,1,0.542199
0,0,0,1,0,1,0,1,1,0,0,0,1,0,1,1,1,1,1,1,0,1,1,1,1,1,0,0,0,1,1,0,0.616874
0,0,0,0,0,0,0,1,1,1,0,1,0,1,1,1,1,0,1,1,1,1,0,0,0,1,0,0,1,1,0,0,0.569853
1,0,0,0,0,1,1,1,0,1,1,0,0,0,1,0,0,0,1,1,0,0,1,0,0,0,0,1,1,0,0,0,0.591326
0,1,1,0,1,0,0,1,0,0,0,1,0,0,1,1,1,0,1,1,0,0,0,1,0,1,1,1,1,0,0,0,0.600543
1,1,1,1,0,1,0,1,0,0,1,1,0,1,1,1,0,1,0,0,1,1,1,1,0,0,1,1,0,1,0,1,0.701114
0,0,1,1,1,1,1,0,0,1,0,0,1,0,0,1,0,0,1,1,0,0,0,0,1,1,1,0,0,1,0,0,0.603367
0,0,0,0,0,1,1,1,0,1,1,0,0,0,0,0,0,0,0,0,0,1,0,1,0,0,1,1,1,0,0,1,0.541107
1,1,0,1,1,1,1,1,0,0,1,0,1,1,1,0,1,1,0,0,0,0,1,0,1,1,1,0,1,0,1,0,0.717631
0,0,1,0,0,0,1,0,1,0,0,1,0,0,1,0,0,0,0,0,0,0,1,0,0,1,1,0,0,1,0,0,0.535113
1,1,1,0,1,1,0,0,0,0,1,0,0,1,1,0,0,1,1,1,1,0,1,1,1,0,0,0,0,1,1,1,0.594949
1,0,1,0,1,1,1,1,0,0,0,0,0,0,1,0,0,1,1,0,0,0,1,1,1,0,1,1,0,0,0,1,0.597986
1,1,0,0,0,1,1,1,1,1,0,0,0,1,1,1,0,0,1,0,0,0,1,0,1,0,1,1,0,1,1,1,0.606458
1,1,0,0,0,1,0,0,0,1,1,1,1,1,1,1,1,1,0,0,0,1,0,1,1,0,1,1,0,1,0,0,0.614210
1,0,1,0,1,0,1,0,1,0,0,0,1,1,1,1,0,0,1,0,0,1,1,0,1,1,1,0,0,0,1,1,0.604220
0,1,0,1,1,1,1,1,1,1,0,0,1,0,1,0,1,1,0,0,0,1,0,1,1,0,0,0,1,1,0,1,0.573822
0,1,1,1,0,1,1,1,1,0,1,1,0,0,1,1,1,0,1,1,1,0,1,1,1,1,1,0,0,1,0,1,0.645114
0,1,1,0,0,0,1,0,1,1,0,1,0,0,0,1,0,1,1,1,0,0,1,1,0,0,0,1,0,0,0,1,0.641491
0,0,1,1,1,0,1,1,1,1,1,0,0,1,0,0,1,1,0,1,0,1,0,0,0,0,0,1,1,1,1,1,0.612132
0,0,0,0,1,0,1,0,1,0,0,0,1,1,1,0,1,0,1,0,1,1,0,1,0,0,0,1,0,0,1,1,0.593430
0,0,0,1,0,0,1,0,1,0,0,1,0,0,1,0,0,1,1,1,1,0,1,0,1,0,0,0,1,0,1,0,0.600810
0,0,0,1,0,1,0,0,1,0,1,1,1,0,1,0,0,1,0,1,1,0,1,1,1,0,1,0,0,1,1,1,0.598519
0,1,0,1,0,0,0,0,1,0,1,1,0,0,1,0,0,0,1,1,0,1,0,0,1,0,1,1,1,1,0,0,0.616821
1,0,1,0,1,1,1,1,0,1,1,0,1,0,0,1,1,0,0,0,1,0,0,1,1,0,0,0,1,0,1,1,0.538337
1,1,0,0,1,0,0,0,1,1,1,0,0,0,1,1,0,1,1,0,1,1,0,1,0,1,1,0,0,1,1,1,0.609735
0,0,1,1,1,0,1,1,0,1,0,1,1,0,0,1,1,1,1,0,0,1,0,1,0,0,0,0,0,0,1,0,0.606165
0,1,0,0,0,1,1,1,1,0,0,0,0,1,0,0,1,1,1,0,1,0,1,1,0,0,0,0,1,0,1,0,0.579897
1,0,1,0,1,0,1,0,0,0,0,1,0,1,1,1,0,0,1,0,1,1,1,0,0,1,1,0,0,1,1,1,0.600144
1,0,1,0,1,1,0,0,1,0,0,0,1,0,1,1,0,1,1,1,0,0,1,1,0,0,1,0,0,0,0,1,0.601662
1,1,1,0,0,0,0,0,1,1,1,0,0,0,0,0,1,1,1,1,1,1,1,0,1,0,0,0,0,1,0,0,0.836317
0,1,1,1,1,0,0,1,0,1,1,0,0,0,0,0,0,0,0,1,0,0,0,0,1,0,0,1,0,0,0,1,0.607257
0,1,1,1,1,1,1,0,0,1,1,1,1,1,0,0,0,1,0,1,1,0,1,1,1,0,0,1,0,0,1,1,0.632566
1,0,1,1,1,0,1,1,1,1,0,0,1,1,0,0,1,0,0,1,1,1,0,0,1,0,0,1,1,1,1,0,0.663576
0,0,1,1,1,1,0,1,0,1,1,0,0,0,1,0,1,0,1,0,0,1,1,1,0,0,0,1,0,0,1,0,0.600916
1,1,0,0,0,1,0,0,1,1,0,0,1,1,0,0,0,0,0,0,1,1,0,0,0,1,0,1,0,1,1,1,0.591379
1,1,0,0,0,0,1,0,0,0,1,1,0,1,0,0,1,0,0,1,1,0,1,0,0,1,1,1,0,1,0,1,0.615835
1,0,0,0,1,1,1,1,0,0,0,0,1,0,0,1,0,0,1,0,0,0,1,0,0,0,0,0,1,0,0,1,0.567615
0,1,0,1,0,1,0,1,1,1,0,0,0,0,0,1,1,1,0,1,1,0,0,1,0,1,0,0,1,1,0,1,0.652920
1,1,0,1,0,1,1,0,1,0,0,0,0,1,1,1,1,0,0,1,0,1,1,0,1,1,0,1,1,1,0,0,0.639173
0,1,0,1,1,0,0,0,0,1,0,1,0,0,0,1,1,0,0,0,1,0,1,1,1,1,0,1,1,0,0,1,0.604939
1,0,1,0,0,1,0,0,0,1,1,0,0,1,0,0,0,0,0,1,0,0,1,1,1,0,0,1,1,1,1,1,0.607444
1,1,0,0,0,0,1,1,0,0,1,0,0,1,0,1,1,0,1,0,1,0,0,0,0,0,0,0,0,1,1,1,0.606431
1,1,0,1,0,0,0,1,0,1,1,0,0,1,0,0,0,1,1,1,1,0,0,1,1,0,0,1,0,0,1,1,0.619778
1,0,0,1,1,0,1,1,1,0,0,1,0,1,0,1,1,0,1,0,0,0,1,0,0,1,1,0,1,1,0,0,0.606218
0,1,1,0,0,1,0,1,1,1,0,1,0,0,0,0,1,1,1,1,0,1,0,1,1,0,1,1,0,1,1,1,0.609548
0,1,0,1,0,1,0,1,1,0,1,1,0,0,0,1,0,0,0,0,0,1,1,0,1,0,0,0,1,1,1,0,0.584346
0,0,1,0,0,1,1,0,0,1,1,0,1,1,0,0,1,1,1,0,1,0,0,1,1,0,0,1,1,1,0,1,0.595588
0,1,1,1,1,0,1,1,0,0,1,1,1,1,0,0,1,0,0,1,1,0,1,0,0,0,0,0,1,1,1,1,0.597240
0,1,1,0,0,0,1,0,0,1,0,0,0,0,1,1,1,1,0,1,0,0,1,0,1,1,1,1,0,0,1,0,0.588528
0,1,1,1,0,1,0,1,1,0,0,0,1,0,0,1,1,0,0,1,0,1,0,0,1,1,0,1,0,0,1,1,0.636029
0,0,0,1,1,0,0,1,1,0,0,1,0,0,0,0,1,1,1,0,0,0,1,1,1,1,1,1,0,1,0,1,0.615223
1,1,0,1,0,0,0,0,1,0,1,0,1,1,0,1,1,1,1,0,0,1,0,0,0,0,1,0,0,1,1,0,0.630355
1,1,1,0,0,1,1,1,1,1,1,1,1,1,1,1,1,1,0,1,1,0,0,0,0,0,1,1,1,0,0,1,0.600064
1,0,1,0,1,1,0,1,1,0,1,0,1,0,1,1,1,0,1,1,0,0,0,0,0,0,0,1,0,1,1,1,0.611600
1,1,0,1,0,1,1,1,1,0,1,1,0,1,1,0,1,0,1,0,1,1,1,1,1,1,0,1,1,1,1,0,0.715153
1,1,1,1,0,1,0,1,0,0,0,1,0,1,0,1,0,1,0,0,1,0,0,0,0,1,1,0,1,1,0,0,0.605525
1,1,1,1,0,1,1,1,1,0,0,0,0,0,0,0,0,0,0,1,1,1,1,1,0,1,0,1,1,0,1,1,0.602888
1,1,0,1,1,0,0,1,0,0,1,0,0,0,1,1,1,0,1,1,0,0,1,1,0,1,1,0,1,0,0,0,0.612692
1,1,0,1,0,0,0,0,1,0,1,1,0,0,0,0,1,1,0,0,1,1,1,1,0,0,1,1,0,0,0,1,0.661338
1,1,0,0,1,1,1,0,1,1,0,1,1,0,1,1,1,0,1,1,0,0,1,0,1,1,0,1,0,0,0,1,0.622629
0,0,0,1,1,1,0,0,0,0,0,0,0,0,1,1,0,1,0,0,0,0,0,0,0,1,0,1,1,0,1,1,0.546062
1,0,1,1,1,1,0,1,1,1,0,1,1,1,1,0,0,1,0,0,0,0,0,0,0,0,1,0,1,1,1,0,0.610214
0,0,1,1,0,1,1,0,1,0,1,1,1,0,1,0,1,0,0,0,0,0,1,0,1,0,1,0,1,1,1,0,0.642903
1,0,1,1,1,0,1,0,0,0,0,1,0,0,1,1,1,1,0,0,0,1,1,1,0,1,1,1,0,0,0,1,0.614663
0,1,1,1,1,0,0,1,0,1,1,0,1,1,0,1,1,1,1,0,1,1,0,0,1,0,1,1,1,1,1,1,0.620658
1,0,0,1,0,0,1,0,1,0,0,0,1,0,1,0,0,0,0,0,1,1,1,0,1,1,0,0,1,0,0,0,0.680627
0,1,1,1,1,1,0,0,0,0,1,1,0,1,0,0,1,0,1,0,1,0,0,0,1,1,0,0,0,1,1,0,0.611173
0,1,0,1,1,0,0,1,1,1,0,1,1,0,1,1,1,0,1,0,0,0,0,0,1,1,0,1,1,0,1,1,0.616448
0,0,1,1,1,0,1,0,1,1,0,0,0,0,1,0,1,1,1,1,1,1,0,0,1,0,1,0,1,1,1,1,0.618952
1,1,0,1,0,0,0,1,1,0,1,0,0,0,1,0,0,0,0,1,1,1,1,1,0,1,0,0,0,0,1,1,0.611679
0,0,0,0,0,1,1,1,1,1,1,0,0,0,1,0,1,1,1,1,0,0,0,0,0,1,1,0,1,1,1,1,0.594096
1,1,0,0,1,1,0,1,0,1,0,0,1,1,1,1,0,0,1,0,1,0,0,0,1,0,0,0,1,0,1,0,0.604247
0,1,1,0,1,0,0,1,1,1,1,1,1,0,1,1,0,1,0,0,0,1,1,1,0,0,0,0,0,1,0,1,0.623668
0,0,0,0,1,1,1,1,1,1,0,1,1,1,1,1,0,1,0,0,0,0,1,0,0,1,1,1,1,1,0,1,0.608429
1,0,1,1,0,1,0,0,1,0,0,0,1,0,0,0,0,1,1,1,1,1,1,1,0,1,0,1,1,1,1,1,0.591006
1,1,0,1,0,0,0,1,1,1,0,0,1,0,1,1,0,0,1,0,0,1,1,1,1,0,1,0,1,1,0,0,0.602462
0,1,1,0,1,0,1,0,1,1,1,0,1,0,0,0,1,0,0,0,1,0,0,0,0,1,0,0,1,0,0,1,0.605792
0,1,1,0,1,0,0,0,1,0,1,1,0,1,0,1,1,1,1,0,1,0,1,1,1,0,0,1,1,0,1,0,0.614956
0,0,1,0,1,0,0,0,1,1,1,1,0,0,1,1,1,1,0,1,1,1,0,0,0,1,1,1,1,0,0,0,0.605366
0,0,0,0,0,1,0,0,1,1,1,0,0,0,0,1,1,1,1,1,0,0,1,0,1,1,0,1,0,0,1,0,0.572544
1,0,1,1,1,0,0,1,1,0,1,0,1,1,1,0,1,0,1,0,1,1,0,0,1,0,0,1,1,0,0,0,0.718244
0,0,1,1,0,0,0,1,1,1,1,0,1,1,1,0,0,0,1,0,1,0,1,1,0,1,1,0,1,1,0,1,0.612692
0,0,1,0,1,1,1,0,0,0,1,1,0,0,1,0,0,0,0,0,0,0,1,1,1,0,0,0,0,0,0,1,0.550325
0,0,1,0,1,1,0,1,0,1,1,0,1,1,0,1,0,0,0,1,1,0,1,0,1,1,0,1,0,1,1,0,0.580989
0,0,0,0,1,0,1,1,1,1,1,1,0,0,0,1,1,1,1,1,1,0,0,0,1,1,0,0,1,0,0,1,0.618766
1,0,0,1,1,0,1,0,0,1,0,0,0,1,0,1,0,0,0,1,1,1,0,0,1,1,0,1,1,0,1,1,0.617008
1,0,1,1,0,1,0,1,0,0,1,0,1,1,0,0,1,1,1,1,0,1,0,1,1,0,0,0,0,0,1,0,0.613864
0,0,0,0,1,1,1,1,1,0,1,0,0,0,1,1,0,1,0,1,1,1,1,0,0,1,0,0,0,1,0,1,0.569453
0,1,0,1,0,0,1,0,1,0,0,0,0,1,1,0,0,0,0,1,1,1,0,0,1,0,0,1,1,0,1,0,0.582481
1,0,1,0,0,0,0,0,0,1,1,1,1,0,1,1,1,1,0,0,0,0,1,0,0,0,0,0,0,1,1,0,0.587569
1,0,1,0,1,1,1,0,1,1,1,1,0,1,1,0,1,0,0,1,0,1,0,1,1,1,0,1,0,1,1,0,0.641571
0,1,1,0,1,1,0,0,1,1,1,0,0,0,1,1,0,0,0,1,0,1,1,1,1,0,0,0,1,1,0,1,0.597240
0,0,1,0,1,0,1,0,1,1,0,1,1,0,0,1,1,0,1,0,0,1,0,0,1,0,0,1,0,1,0,1,0.597586
0,1,0,0,0,1,1,0,0,1,1,0,1,0,0,0,1,1,0,1,0,0,0,0,1,1,1,1,0,1,0,0,0.607683
1,0,1,1,1,1,1,0,0,0,0,0,1,1,0,0,0,0,0,1,1,0,0,1,1,1,0,1,0,1,1,1,0.598013
1,1,1,1,1,0,0,0,0,0,1,0,1,0,0,1,0,1,0,1,1,1,0,1,1,0,1,0,1,0,0,0,0.661205
0,0,0,0,0,1,1,0,1,1,1,0,1,0,1,1,1,0,0,1,1,1,1,1,0,1,0,1,1,1,1,1,0.619725
0,1,1,1,0,0,0,1,0,0,0,0,1,0,0,1,1,1,1,0,1,0,1,0,1,0,0,1,0,0,1,1,0.638720
0,1,0,0,1,0,0,1,1,1,1,1,0,0,0,0,0,1,1,0,0,0,1,1,0,0,0,1,0,1,1,0,0.591725
0,0,0,0,0,0,0,1,0,1,0,1,0,0,0,1,0,1,1,0,1,0,1,0,1,1,0,0,0,1,0,1,0.554215
0,0,1,0,1,0,1,0,1,1,1,1,0,0,0,0,0,1,1,1,0,1,1,0,1,1,1,1,0,1,0,0,0.604859
1,0,1,1,1,0,1,1,0,1,0,0,1,1,1,1,1,0,0,1,1,0,0,0,0,1,1,1,1,1,0,0,0.629902
0,0,0,1,0,0,0,0,0,0,1,1,1,1,0,1,1,1,0,1,1,1,1,0,0,1,0,1,0,1,1,0,0.603021
1,0,1,1,0,1,0,0,0,0,0,0,1,0,1,0,1,0,0,1,1,0,0,1,0,1,0,1,0,0,1,0,0.603394
0,0,1,1,0,0,1,1,0,1,0,0,1,1,1,0,1,0,0,1,0,1,1,1,1,1,1,1,1,0,0,1,0.629929
0,0,0,0,0,1,1,1,1,0,1,1,1,1,1,0,0,1,0,0,0,0,1,1,1,1,1,1,1,0,0,0,0.591539
0,0,1,0,1,0,0,1,0,1,0,0,0,0,1,0,1,0,0,0,1,0,0,1,0,1,1,1,1,0,1,1,0.594816
1,0,1,1,1,1,0,0,1,1,1,0,0,0,1,0,1,1,1,0,1,1,0,0,0,1,1,0,1,0,0,1,0.612159
1,0,0,1,1,0,0,0,1,1,1,0,0,0,1,0,0,1,0,0,1,0,1,1,0,0,0,0,0,1,0,0,0.607150
1,0,1,1,1,1,0,1,0,0,1,1,1,0,0,0,1,0,1,1,0,1,1,1,0,1,0,1,0,0,0,1,0.620444
1,0,0,0,1,1,1,0,0,1,1,0,1,0,0,0,0,0,1,0,0,1,0,1,1,0,1,1,1,1,1,0,0.641517
0,1,0,1,0,0,0,1,1,1,0,1,1,1,0,1,0,0,1,1,0,1,0,0,1,1,0,1,1,1,0,0,0.654625
1,1,1,0,1,1,0,0,0,1,1,0,1,0,0,1,0,1,0,0,1,0,1,0,1,0,1,1,1,0,0,0,0.641677
0,0,1,0,1,0,0,1,1,0,0,0,0,0,0,1,1,1,0,1,0,0,1,0,1,0,1,1,0,1,1,0,0.589141
0,1,1,0,1,1,0,1,1,0,0,0,0,1,0,0,0,1,1,1,1,0,0,1,0,1,1,0,0,1,1,0,0.600037
0,1,0,1,0,1,0,1,1,0,0,0,0,1,0,1,0,1,0,1,0,0,0,0,0,0,1,0,0,1,0,1,0.676577
0,1,1,0,0,1,0,1,1,0,0,1,0,0,0,1,0,1,0,1,0,1,0,0,1,1,0,1,0,1,1,0,0.600197
1,0,1,1,1,1,1,0,1,0,0,1,1,0,1,0,1,1,1,1,0,0,0,1,1,0,0,1,0,1,0,1,0.617141
0,1,1,1,1,1,0,1,1,1,1,1,1,1,0,1,1,1,1,1,0,0,0,1,0,0,1,0,1,0,1,0,0.599584
