0,0,0,1,1,1,0,1,0,1,0,0,0,1,1,1,0,0,1,0,1,0,1,0,0,1,0,0,1,0,1,1,0.584689
1,1,0,1,1,0,1,1,0,1,0,0,0,0,0,0,1,1,1,0,1,1,0,0,0,1,1,1,1,1,1,1,0.610333
0,0,0,0,0,0,1,0,0,1,1,1,0,0,1,0,1,1,0,1,1,0,0,1,1,1,1,1,1,0,0,1,0.605971
0,0,0,1,1,0,1,1,0,0,1,0,1,0,0,0,0,0,1,0,0,1,1,1,0,1,1,1,1,1,1,1,0.608177
1,1,1,0,1,1,0,1,0,0,0,1,1,0,1,1,1,0,1,0,1,0,1,0,0,1,0,1,0,0,0,0,0.621337
1,1,1,0,0,0,0,0,1,1,0,1,1,0,0,1,1,1,1,0,1,0,1,0,1,0,0,0,1,0,0,0,0.704961
1,1,1,1,0,1,1,1,0,0,0,1,0,1,1,1,1,1,1,1,0,0,0,1,1,1,1,0,0,0,1,0,0.636678
0,1,1,1,0,0,0,0,0,1,0,1,1,0,1,1,1,1,1,1,1,0,0,1,1,0,0,1,1,0,1,0,0.612137
1,0,1,0,0,0,0,1,0,0,0,0,0,0,0,0,0,1,1,1,1,1,0,1,0,0,1,0,1,0,1,1,0.587446
0,0,0,1,0,0,0,1,1,1,0,1,1,0,0,0,1,0,1,1,1,0,0,0,1,0,0,0,0,1,0,1,0.588950
1,0,0,1,0,1,1,1,0,1,0,1,0,1,0,1,0,1,1,0,0,0,1,1,1,1,1,0,1,1,0,0,0.608929
1,1,0,1,0,0,1,1,1,1,0,0,1,0,0,1,0,1,1,0,1,1,0,0,1,1,1,0,0,1,1,1,0.613817
1,1,1,0,1,1,0,1,0,1,1,0,0,0,0,0,1,0,1,1,0,0,1,0,0,0,1,0,1,1,1,0,0.632066
1,1,1,0,1,1,1,0,1,0,0,0,1,1,1,1,1,0,1,1,1,1,0,0,0,1,0,1,0,0,1,0,0.628306
0,0,1,0,0,0,1,0,0,1,1,1,0,1,0,1,1,0,0,0,0,0,1,0,1,1,1,0,0,1,1,0,0.583636
1,0,0,0,0,0,0,1,0,1,1,0,0,0,1,0,1,1,1,1,1,0,1,1,1,0,0,0,0,1,1,1,0.600256
1,0,1,1,1,0,1,1,1,1,1,0,1,1,1,1,0,1,0,0,0,0,1,1,1,1,0,0,1,0,0,0,0.624370
0,1,1,0,1,0,0,1,1,0,0,1,0,1,1,1,1,1,0,0,0,1,1,0,0,1,1,1,0,0,0,0,0.610558
0,0,1,0,0,0,0,0,0,1,0,0,1,1,1,0,0,0,0,0,1,1,0,1,1,0,0,0,1,0,1,1,0.570777
1,1,0,1,0,0,0,0,0,1,0,1,0,0,1,0,0,1,0,0,1,1,0,0,0,1,0,0,1,1,1,0,0.611912
1,0,1,1,0,1,0,1,0,1,1,0,0,0,1,0,1,0,1,0,1,0,0,1,1,0,0,1,1,0,0,1,0.610132
1,1,0,0,0,0,0,1,0,0,1,0,1,1,1,0,1,0,1,0,0,0,1,0,1,0,0,1,1,0,1,0,0.644048
0,0,1,1,1,1,1,1,1,1,0,1,0,1,1,1,0,0,1,1,0,1,0,0,1,1,1,0,0,0,0,1,0.632918
0,0,0,1,1,1,0,1,1,1,1,1,1,0,1,0,0,1,1,0,0,0,1,1,1,0,0,1,0,1,1,1,0.631590
1,1,1,1,0,0,1,1,0,0,1,1,1,0,0,1,0,0,1,1,1,1,0,1,1,1,0,1,0,0,1,1,0.657333
1,1,1,0,1,0,1,0,0,1,0,1,0,1,1,0,0,1,0,1,1,1,0,1,1,0,1,1,1,1,1,0,0.643847
0,0,1,0,1,0,1,1,1,1,0,1,0,1,0,0,0,0,1,1,1,0,0,0,1,0,1,0,1,0,1,1,0.605871
0,0,0,1,1,1,0,1,0,0,0,1,1,1,0,1,0,0,0,0,0,0,1,1,1,0,0,1,1,0,1,1,0.601735
1,1,1,0,0,1,0,1,1,0,0,0,0,0,0,0,1,1,1,0,1,0,0,1,0,1,0,0,1,1,0,0,0.635224
0,0,1,1,1,1,1,1,0,0,1,0,1,0,1,0,1,1,0,1,0,0,1,1,1,1,1,1,0,1,1,1,0.622490
1,0,1,1,0,0,1,1,1,1,1,1,0,0,0,0,0,0,0,1,1,1,1,0,1,0,1,1,0,1,1,1,0.626350
0,0,0,1,1,0,1,0,0,0,0,1,1,1,0,0,0,1,1,1,0,1,0,1,0,0,1,1,1,1,0,1,0.583110
1,1,0,1,1,1,1,1,1,0,0,1,0,0,0,0,1,1,0,1,1,1,1,1,0,0,0,0,0,0,1,1,0.617026
1,0,0,1,0,0,1,1,0,1,1,0,0,1,1,1,1,1,0,1,0,1,1,0,0,1,0,0,1,1,0,0,0.606071
0,1,1,0,1,1,1,0,1,0,0,1,1,0,1,1,1,0,0,1,0,1,1,0,0,0,1,1,1,1,0,0,0.614544
0,1,0,0,1,1,1,1,1,0,0,1,0,1,1,1,1,0,0,0,0,1,1,1,1,1,1,1,0,1,1,0,0.622064
1,0,0,1,0,0,0,1,1,1,1,1,0,0,1,0,0,0,0,0,0,0,0,1,1,1,1,0,0,0,0,1,0.573810
1,0,1,0,1,0,0,0,0,1,1,1,0,0,0,0,0,1,1,1,0,0,0,0,1,1,1,1,1,1,0,0,0.624370
1,0,1,1,0,0,1,1,0,0,1,0,0,0,1,0,0,0,0,0,0,0,1,1,0,1,1,0,0,1,0,0,0.592034
0,0,0,1,1,0,1,1,0,0,1,0,1,1,1,0,1,0,1,1,0,1,0,1,0,0,0,1,0,0,0,1,0.634648
1,0,0,0,1,1,0,0,0,0,1,0,1,0,0,1,0,0,1,1,0,0,0,1,1,1,0,0,1,0,0,1,0.610483
0,1,1,1,1,1,0,0,0,1,1,1,1,1,1,1,1,0,0,1,0,1,1,0,1,1,1,0,0,0,1,1,0.615847
0,1,1,1,0,1,1,1,1,0,1,0,0,0,1,0,0,1,0,0,1,0,0,0,1,1,1,0,0,1,0,0,0.623342
0,1,1,1,0,0,1,0,1,1,1,0,1,0,0,1,1,1,0,1,0,0,1,0,1,1,0,0,1,1,0,1,0.612338
1,0,0,1,1,0,0,0,0,0,0,0,0,1,1,0,0,1,1,0,0,1,0,1,1,0,0,1,0,1,1,0,0.604693
0,0,0,1,0,0,0,0,0,0,0,0,0,0,0,0,1,0,1,1,0,1,1,1,1,1,0,1,0,0,0,0,0.564159
0,1,0,1,0,0,0,1,0,1,1,1,1,0,0,0,1,1,1,0,1,0,1,1,1,0,1,1,0,1,0,1,0.614719
0,1,1,0,1,0,1,0,0,0,1,1,0,1,0,0,0,1,0,1,0,1,1,0,0,0,1,1,1,0,1,1,0.605896
1,0,0,0,1,0,1,1,0,0,1,1,1,0,1,1,1,1,1,0,1,0,1,1,1,1,1,0,0,0,0,1,0.600431
0,1,1,0,1,1,0,1,1,1,1,0,1,1,0,1,0,0,1,0,1,1,1,0,0,1,0,0,1,1,0,0,0.615547
0,1,0,1,1,1,1,0,0,0,1,0,0,0,1,1,1,1,0,1,1,0,0,1,1,1,0,0,1,0,0,1,0.618128
0,1,0,1,0,0,1,0,0,1,1,0,1,0,1,1,0,0,0,1,1,1,1,0,1,1,0,0,0,1,0,0,0.602086
0,1,1,1,1,1,0,0,0,1,1,1,1,0,0,0,1,0,0,1,0,0,0,1,0,0,0,1,1,1,0,0,0.621638
1,0,0,1,0,1,1,1,1,1,0,1,0,0,1,0,0,0,0,1,1,0,0,0,1,1,0,0,0,1,0,0,0.610458
0,0,0,1,1,0,0,0,0,1,1,0,0,0,0,0,0,0,0,1,1,0,1,1,1,0,0,0,0,0,1,1,0.558344
1,0,1,1,0,1,0,0,1,0,0,0,1,0,0,0,0,1,1,1,0,1,1,1,1,1,1,0,1,0,1,1,0.604191
1,0,0,1,1,1,0,0,1,1,1,1,0,0,0,0,1,0,0,1,0,0,1,1,1,0,1,0,0,0,1,1,0.598376
1,1,0,0,0,1,0,0,0,1,0,1,0,1,0,1,0,1,0,1,0,1,1,0,0,1,0,0,1,1,1,1,0.597975
1,0,0,0,1,0,0,1,0,1,0,0,0,1,0,0,0,0,1,1,1,1,0,1,0,1,1,1,1,1,1,1,0.614895
0,1,1,1,1,0,0,0,1,0,1,0,1,1,1,0,1,0,1,1,1,0,1,0,1,1,1,1,0,0,0,0,0.630060
0,1,0,1,0,0,1,1,1,1,1,0,0,0,1,1,1,1,1,0,0,0,0,1,0,1,1,1,0,0,1,0,0.601835
0,0,0,0,0,0,1,0,0,0,1,1,1,1,1,1,0,0,1,0,0,0,0,0,1,1,1,0,0,1,0,1,0.554182
0,1,0,1,1,0,1,1,0,0,0,0,1,0,0,1,1,0,0,0,0,1,1,0,1,1,0,0,0,1,0,0,0.581130
0,1,1,0,0,0,1,1,1,0,1,0,0,1,1,1,0,0,1,0,1,0,1,1,0,0,1,1,0,0,0,1,0.623368
0,0,0,0,0,0,0,1,1,1,0,1,1,0,0,1,1,0,0,1,1,1,1,1,0,1,1,1,0,1,1,0,0.598476
1,1,1,0,0,0,0,1,0,1,1,0,0,0,1,1,0,1,1,0,0,0,0,1,0,0,0,1,0,0,1,1,0.613466
1,0,0,0,0,1,0,0,0,1,0,1,1,1,0,0,0,1,1,0,0,0,0,1,1,0,0,1,0,0,0,1,0.599479
1,1,1,1,1,1,0,0,0,0,0,0,1,1,0,0,0,0,0,0,1,1,1,0,0,0,1,0,1,1,1,1,0.569398
0,0,1,0,1,0,0,1,1,0,0,0,0,0,1,1,0,0,1,1,0,0,1,1,1,1,1,1,1,1,1,0,0.616950
0,0,0,1,1,0,0,1,0,1,0,0,1,1,0,1,1,1,1,1,0,1,0,0,0,0,1,0,0,1,1,1,0.631138
0,0,0,0,0,0,0,1,1,1,0,0,1,0,1,1,0,1,0,1,1,1,1,1,0,1,1,0,1,1,0,0,0.557466
1,1,1,0,1,0,0,0,0,0,0,0,1,1,1,0,1,1,0,0,0,1,0,0,0,1,0,1,1,0,0,1,0.614669
0,0,1,1,1,1,0,0,0,1,1,0,1,1,1,1,1,1,1,0,1,1,1,0,0,1,1,1,1,1,1,1,0.624821
0,1,1,1,1,1,1,0,1,1,0,1,0,0,1,0,0,1,1,1,0,0,0,1,1,0,1,1,1,0,0,0,0.622365
1,1,1,0,1,1,0,1,0,1,1,0,0,1,0,1,1,1,1,1,0,1,1,0,0,1,1,1,1,1,1,0,0.628256
0,0,1,0,0,0,0,0,1,1,0,0,1,0,0,0,0,1,1,0,0,0,1,1,1,0,0,1,1,1,1,0,0.578899
0,1,0,0,1,0,0,1,0,1,1,1,0,1,0,1,1,1,0,1,1,1,0,1,0,1,0,0,0,0,0,0,0.619307
1,0,1,1,1,0,1,0,1,0,1,1,0,1,1,1,1,1,1,1,0,0,0,1,1,1,0,0,1,1,0,1,0.612413
1,1,1,1,0,0,0,0,0,0,0,0,0,1,0,0,0,0,0,0,0,1,1,0,1,1,0,1,1,0,1,0,0.631364
1,0,1,1,0,1,1,1,1,1,0,1,1,1,1,1,0,1,0,0,0,0,1,0,0,0,1,1,0,1,0,1,0.632392
0,1,1,1,1,0,1,0,1,0,0,1,1,1,0,0,1,1,1,1,0,1,1,0,1,1,1,0,1,0,0,1,0.626551
0,0,0,1,1,1,0,0,1,0,0,1,0,0,1,0,1,0,0,0,0,0,0,1,0,0,0,1,1,1,1,1,0.586870
0,1,0,0,1,0,0,1,0,1,1,0,1,1,0,0,1,0,1,0,1,1,1,1,0,1,0,0,0,0,0,1,0.597172
0,0,1,0,0,1,0,0,1,1,1,1,0,1,1,0,0,0,1,1,0,0,0,0,0,0,0,1,0,1,0,0,0.548116
0,1,0,1,0,0,1,1,0,1,1,1,0,0,0,1,0,0,0,0,0,0,1,1,0,1,0,0,1,0,1,0,0.597548
1,1,0,0,0,1,0,1,0,1,1,1,1,1,1,0,0,0,0,0,1,0,0,1,1,1,1,0,1,0,0,0,0.624320
0,1,1,1,1,0,1,1,0,0,0,1,1,0,0,0,0,1,1,1,1,0,1,1,0,1,0,0,1,0,1,0,0.626701
0,1,1,0,0,0,0,0,0,1,0,0,0,0,1,0,1,0,0,0,0,0,1,0,1,0,1,1,1,0,1,0,0.590805
0,1,0,1,0,0,1,1,0,0,0,0,1,0,1,1,1,1,1,0,1,0,1,0,0,1,0,1,0,1,1,0,0.606522
1,1,0,1,0,1,0,0,0,1,1,0,1,1,1,1,1,0,1,0,1,0,0,1,0,1,1,0,1,0,1,1,0.613717
1,1,1,1,1,0,0,0,0,0,1,0,0,1,0,1,1,0,0,0,1,1,0,1,0,0,0,0,1,1,1,0,0.611511
0,1,0,1,1,1,0,0,1,1,0,0,1,1,0,0,1,1,0,0,1,1,1,1,1,0,0,1,1,1,0,0,0.613692
0,1,1,0,0,1,0,0,1,0,0,0,0,0,0,1,0,0,1,1,1,0,1,0,1,0,0,1,1,0,0,1,0.587898
1,0,1,1,0,1,1,1,1,1,1,1,0,1,0,0,0,1,1,0,0,0,0,1,0,0,0,0,1,1,1,0,0.600406
1,1,1,0,0,1,1,1,1,1,0,0,0,0,0,1,1,1,0,1,0,1,1,0,0,0,1,1,0,0,1,0,0.608252
0,0,0,0,1,1,1,0,1,0,0,0,1,1,1,0,0,0,1,0,1,1,1,0,1,0,0,1,1,1,1,0,0.602086
0,0,1,0,1,1,1,0,0,0,1,0,1,0,0,1,0,0,0,0,1,1,0,0,1,1,0,0,1,1,0,0,0.586268
1,1,1,0,0,0,0,0,1,1,0,1,1,1,1,1,0,0,0,0,1,1,1,1,0,1,1,1,0,1,1,1,0.612814
1,1,0,0,0,1,0,1,1,1,0,0,0,1,1,1,1,0,1,0,0,0,0,1,0,1,1,0,0,1,1,0,0.605871
1,1,0,0,1,1,0,0,1,0,1,1,1,0,0,1,0,1,0,1,0,1,0,0,1,1,1,1,1,0,1,1,0.611887
0,0,1,0,0,0,0,0,0,0,0,0,0,1,0,1,1,0,0,1,1,0,0,0,1,0,0,0,0,0,1,0,0.543328
1,0,0,0,0,0,0,0,1,0,0,0,1,0,0,1,0,1,1,1,0,1,1,1,1,0,1,1,0,0,1,0,0.591858
0,0,0,1,1,1,0,0,0,0,0,1,1,1,0,0,0,0,0,0,1,1,1,0,1,1,1,1,1,1,0,1,0.615998
1,0,1,0,0,0,1,0,1,0,1,0,1,1,0,0,0,0,1,0,0,1,0,1,0,0,0,1,1,0,0,0,0.611887
1,0,1,1,1,0,1,0,0,0,0,1,1,0,1,0,1,1,1,0,0,1,1,0,1,1,1,0,0,0,0,1,0.615346
1,1,0,1,1,0,1,1,1,1,0,1,1,0,0,0,0,0,1,1,1,0,1,0,0,0,0,1,0,1,1,0,0.622841
0,0,1,0,0,0,0,0,0,1,0,1,1,1,1,0,1,0,1,1,0,0,0,1,0,1,0,0,1,1,0,0,0.583586
0,1,1,0,1,1,1,1,0,1,1,1,1,0,1,0,0,0,1,1,1,1,1,0,1,0,1,1,1,1,1,0,0.631890
0,0,0,0,1,0,0,1,0,0,1,1,1,1,0,1,1,1,1,0,0,1,0,0,0,1,0,1,1,0,0,1,0.600932
0,1,0,0,1,1,0,0,0,1,0,0,0,1,1,0,1,0,0,1,1,1,1,0,0,0,1,1,0,1,1,1,0.610408
0,1,1,1,0,0,1,1,0,1,1,0,0,0,1,1,0,0,1,1,0,1,1,0,0,0,1,0,0,0,0,0,0.644800
0,0,1,0,0,0,1,0,1,1,0,1,1,1,1,0,0,0,1,1,0,0,1,0,1,0,1,1,1,1,0,0,0.590354
0,1,1,1,1,1,0,1,1,0,0,0,0,1,1,0,1,1,1,1,0,1,0,0,1,1,0,1,1,1,1,1,0.631239
1,0,0,0,0,0,1,0,1,0,1,1,0,1,0,1,1,1,1,1,0,0,0,1,0,0,0,1,1,0,1,0,0.585642
1,1,0,0,0,1,1,1,1,1,1,0,1,1,0,0,0,1,0,0,1,0,1,0,0,0,0,0,0,1,0,1,0.568746
1,1,0,0,1,0,1,0,0,1,0,0,0,1,1,0,0,1,0,0,1,1,1,0,0,1,0,1,0,1,1,1,0.568646
1,0,0,0,1,0,0,0,1,0,1,0,0,0,1,1,1,1,1,1,0,1,0,1,1,0,1,1,1,0,0,0,0.630787
0,1,1,1,0,1,1,1,1,1,0,0,0,1,0,0,0,0,0,0,0,1,0,0,1,1,0,1,0,0,0,1,0.590931
1,1,1,0,1,0,1,0,1,0,0,1,0,1,1,0,0,0,1,0,0,0,0,1,1,0,0,1,1,1,1,1,0.618705
1,0,0,0,0,1,1,0,0,0,0,1,1,0,0,0,0,1,0,1,1,0,1,1,0,0,0,0,1,1,1,0,0.603088
0,1,1,1,0,0,0,0,0,0,1,1,0,1,1,1,0,1,0,1,1,0,0,1,1,0,1,0,0,1,1,0,0.610533
0,1,1,1,0,0,0,1,1,1,0,0,0,1,1,1,0,1,0,0,0,0,1,0,0,0,1,0,0,0,1,1,0.671396
0,0,1,0,0,1,1,0,0,1,1,1,1,0,0,1,0,1,1,0,0,1,1,1,1,1,0,0,0,0,0,1,0.578573
0,0,1,1,0,1,0,1,1,0,1,1,1,0,1,0,0,0,1,1,1,1,1,0,0,0,1,1,1,1,1,0,0.619081
0,1,0,1,1,1,0,1,0,1,1,1,0,1,0,0,0,1,0,0,0,0,0,1,1,0,0,1,1,0,0,1,0.613491
0,0,1,0,0,1,1,0,1,0,1,0,1,1,1,1,0,0,1,0,0,1,1,0,1,0,1,1,1,0,1,1,0.612639
0,0,1,0,1,1,1,1,1,0,0,0,0,0,1,0,0,1,1,0,0,1,0,1,0,1,0,0,0,0,0,0,0.584313
1,0,1,0,0,1,1,0,0,0,0,1,0,0,1,1,0,0,1,0,0,0,0,0,1,1,0,0,1,0,1,1,0.608578
1,1,0,1,1,1,1,1,1,0,1,0,0,0,1,0,1,0,1,0,1,1,0,1,1,0,1,1,0,0,1,1,0.610884
0,0,0,1,0,1,1,0,0,0,1,1,0,1,1,0,1,0,1,1,1,0,1,1,0,0,1,1,0,0,1,0,0.595017
1,1,1,0,1,1,0,0,1,1,0,1,1,1,0,0,0,1,0,0,0,0,1,1,0,1,1,0,1,1,1,0,0.631264
0,1,0,0,0,1,1,1,0,1,1,0,1,0,1,0,0,0,0,0,0,1,1,0,0,0,0,0,1,0,0,0,0.564736
1,0,1,0,0,0,0,1,0,0,1,0,0,0,0,0,1,0,0,1,0,0,0,0,1,1,0,1,1,0,0,1,0.610483
1,1,0,1,0,1,0,0,0,1,1,0,1,0,1,1,0,1,1,1,0,1,1,1,1,1,0,0,1,1,1,1,0.582057
1,0,1,0,0,1,0,1,0,1,0,0,1,1,1,1,0,1,1,0,0,1,0,1,1,0,1,1,1,1,1,0,0.619683
0,0,1,0,0,1,0,0,1,0,0,0,1,0,0,1,1,0,0,1,0,0,0,1,0,0,0,1,1,1,1,0,0.570376
1,1,1,0,1,1,1,0,1,0,1,0,1,0,0,1,1,0,0,0,1,0,1,1,0,0,0,1,1,0,1,1,0.601158
1,1,1,1,1,1,0,1,1,1,1,1,1,0,1,0,0,0,0,1,1,1,0,0,0,0,1,1,1,0,1,0,0.625498
1,1,0,1,1,0,0,1,0,0,0,1,0,1,1,0,1,0,0,0,1,1,1,0,0,1,1,0,0,1,1,1,0.605018
0,1,0,1,0,1,1,0,1,0,1,1,1,0,1,1,1,0,1,1,0,1,1,1,1,0,1,1,0,0,1,1,0.659765
0,1,1,1,0,1,1,0,1,0,0,1,0,0,1,1,0,0,0,1,1,1,1,0,1,1,0,0,1,0,1,0,0.601534
0,0,0,0,0,0,1,1,1,1,1,0,1,0,0,0,0,1,0,0,1,1,1,0,0,0,0,0,1,0,0,1,0.548943
1,1,1,1,1,0,1,0,1,1,1,0,0,0,0,1,0,0,0,0,1,1,1,0,0,1,0,1,1,1,1,0,0.612789
0,1,0,1,0,0,1,0,0,0,0,0,0,0,0,1,0,0,0,0,0,1,1,0,0,0,1,1,0,1,0,0,0.583260
1,0,0,1,1,1,0,1,0,1,1,0,0,0,0,0,1,0,0,0,1,1,1,0,1,1,0,0,1,1,0,0,0.634472
1,1,1,0,1,0,1,1,0,1,0,1,0,1,1,1,0,0,0,0,1,1,1,1,0,1,1,1,1,1,1,0,0.619181
0,0,1,0,1,0,1,0,0,1,0,1,0,1,0,1,0,0,1,1,1,1,0,1,0,0,0,1,0,0,1,1,0.580678
0,1,1,0,1,0,1,0,0,0,1,1,0,1,0,1,1,0,0,0,0,1,1,0,0,1,0,0,0,0,1,0,0.590404
0,1,0,1,1,1,1,0,1,1,1,0,0,1,1,1,1,0,0,1,0,0,0,0,1,0,1,0,0,1,1,0,0.603790
1,1,0,1,1,0,1,1,1,1,1,1,0,1,1,1,0,0,0,0,1,1,1,1,0,1,0,1,0,1,0,0,0.630286
1,1,1,1,0,0,1,1,1,0,0,1,0,1,1,1,0,0,0,1,0,1,0,0,0,1,0,1,1,0,1,0,0.617527
1,0,0,0,1,0,1,0,1,1,0,1,0,1,1,1,1,0,1,0,1,1,1,0,1,1,0,1,0,1,1,1,0.615923
1,0,0,0,1,0,1,1,1,0,1,1,0,0,0,0,1,1,1,1,1,0,0,1,0,1,0,0,0,0,0,0,0.639310
1,0,0,0,1,0,0,0,1,0,0,1,1,1,0,0,1,0,0,1,0,0,0,1,1,0,0,0,1,0,0,0,0.686787
1,1,0,1,0,1,0,1,0,0,0,0,1,0,1,0,1,1,1,0,1,1,0,1,1,0,1,0,0,1,0,1,0.607776
1,0,1,0,1,1,0,0,0,1,0,0,1,1,0,1,1,0,0,1,1,0,1,0,0,0,1,0,0,0,0,1,0.599002
0,0,0,1,0,0,0,0,1,1,0,0,1,0,1,1,0,1,1,0,0,1,0,1,0,0,1,0,1,0,0,1,0.571128
0,1,1,0,1,0,0,1,0,0,1,1,0,0,0,1,1,0,1,0,0,1,0,1,0,0,1,1,1,1,0,1,0.616675
0,1,0,1,1,0,0,1,0,1,0,1,1,1,1,0,0,1,0,1,0,1,0,1,1,0,1,0,0,0,1,1,0.617000
0,0,1,1,0,1,0,1,1,1,0,0,1,1,0,1,0,0,1,1,1,1,0,1,1,0,0,1,1,1,1,0,0.591257
1,0,1,1,1,0,1,1,0,1,0,1,1,1,0,0,0,1,1,1,0,0,0,0,0,1,0,0,1,0,0,0,0.623794
1,1,0,1,1,0,0,1,0,1,0,1,0,0,0,1,1,1,1,1,0,0,1,1,0,0,1,1,1,0,1,1,0.646805
0,0,0,1,0,0,0,0,0,0,1,1,0,1,0,1,0,1,1,1,1,0,1,0,0,0,0,0,0,0,0,0,0.522297
1,1,0,0,1,0,1,0,1,0,1,1,1,1,1,0,1,1,1,0,1,1,0,0,0,0,1,1,0,1,1,0,0.664302
1,1,1,0,1,0,1,0,0,1,0,1,1,0,1,1,1,0,1,0,0,1,0,0,0,0,1,0,1,1,1,1,0.602161
0,1,1,0,0,1,1,0,0,1,1,1,1,0,1,0,1,1,0,0,0,1,1,1,1,0,0,1,1,1,0,0,0.617402
1,1,0,1,0,1,1,0,0,0,0,1,1,1,1,0,1,0,1,1,1,1,0,0,0,0,0,1,1,1,0,1,0.595744
1,0,1,1,0,1,1,1,0,0,0,0,0,0,0,1,0,1,1,1,1,1,0,0,0,0,1,1,1,1,1,1,0.611486
0,1,0,1,1,1,0,0,1,0,1,0,1,1,1,1,0,0,1,1,1,0,0,1,1,0,1,1,0,0,1,1,0.618254
1,1,0,0,0,0,0,0,0,1,0,1,1,1,0,0,1,0,1,0,0,1,1,0,1,1,1,0,0,0,1,0,0.674981
1,0,0,0,0,0,1,1,0,1,0,1,1,1,0,0,0,1,0,0,0,0,1,1,1,1,1,0,0,1,1,0,0.607199
0,1,0,1,0,1,0,0,1,0,1,0,0,0,0,0,0,1,0,0,1,0,1,0,0,1,1,1,1,1,0,1,0.600782
1,1,1,0,1,1,1,1,1,1,0,1,0,1,1,1,0,1,1,0,0,1,0,1,1,0,0,0,0,1,0,0,0.615321
1,0,1,0,0,1,0,0,1,0,0,1,1,0,0,1,1,1,0,0,1,1,0,1,1,1,0,0,1,0,1,0,0.638959
0,1,0,0,0,1,1,1,1,0,0,0,0,0,1,1,1,1,0,1,0,1,1,0,1,0,0,1,0,1,0,1,0.608177
0,1,0,0,0,0,0,0,1,0,1,0,1,1,0,0,1,0,0,1,0,1,0,1,1,0,0,0,1,0,1,0,0.594089
1,1,0,0,1,1,0,0,0,0,1,1,0,1,1,0,0,0,0,1,0,1,0,1,0,0,0,0,0,1,0,1,0.599930
0,0,1,0,1,0,0,0,1,0,1,1,0,0,1,0,1,0,0,1,1,0,0,1,1,1,1,1,1,1,0,1,0.604718
0,1,0,1,0,0,1,0,1,1,1,1,0,1,0,0,0,0,0,1,0,1,0,1,0,0,0,0,1,1,0,0,0.579199
1,0,1,0,0,1,0,0,1,0,0,0,0,0,0,1,1,1,0,0,1,1,0,1,1,0,1,0,0,0,0,1,0.619658
1,1,1,1,0,1,1,0,1,0,0,0,1,1,0,0,0,1,0,1,1,0,0,0,1,1,1,1,0,1,1,1,0.621688
1,0,1,1,1,1,1,0,1,0,1,0,0,0,0,0,0,1,0,0,0,0,1,0,1,1,1,0,0,1,1,0,0.621788
0,0,0,0,0,1,1,1,0,0,0,1,0,1,1,1,0,0,1,1,1,1,0,1,0,0,1,1,1,1,0,1,0.558845
0,1,1,1,1,1,0,1,1,0,0,1,1,1,0,1,1,1,0,0,0,0,0,1,0,1,1,0,1,0,1,0,0.614143
1,0,0,1,0,1,0,0,0,1,0,0,1,1,0,0,1,1,1,1,1,0,1,1,0,1,0,0,1,0,0,0,0.625874
1,1,1,0,1,1,1,0,0,1,1,1,0,0,0,1,1,0,1,0,0,0,0,1,1,1,0,1,1,0,0,1,0.620134
0,1,0,0,0,1,1,1,0,1,0,0,1,1,0,0,0,1,0,0,0,0,1,1,0,1,1,1,1,1,1,0,0.575013
1,1,0,0,1,1,0,0,0,0,1,0,1,1,0,1,1,0,0,1,1,0,0,1,0,0,0,0,0,0,1,1,0.593162
1,0,0,1,0,1,0,1,0,0,0,1,1,0,0,0,1,1,1,1,1,0,1,0,0,1,1,1,0,1,1,0,0.622666
1,0,1,1,1,0,1,0,1,0,1,0,0,1,0,1,1,1,0,1,1,0,1,1,1,0,1,0,0,0,0,1,0.616950
0,0,0,1,1,1,0,0,0,1,1,0,1,0,1,0,1,0,0,0,1,1,0,0,1,0,0,0,0,0,0,0,0.585993
0,1,0,0,0,0,0,1,1,1,1,0,1,0,0,0,0,1,1,1,0,1,0,0,1,1,0,1,1,0,0,1,0.607525
1,1,0,0,1,1,1,0,0,1,1,0,1,0,0,0,0,1,0,0,1,0,0,0,1,0,1,1,0,0,0,1,0.598551
0,0,1,0,0,1,1,1,1,0,1,1,0,1,0,1,1,1,1,0,1,0,1,1,1,1,0,0,1,1,1,0,0.603740
0,1,0,1,1,0,1,1,1,0,0,0,0,0,0,0,0,0,1,1,0,1,1,0,1,1,0,1,0,0,1,1,0.607525
1,0,0,0,1,0,0,1,1,0,0,1,0,0,0,1,0,1,0,1,0,1,0,0,0,1,0,1,1,0,0,0,0.587522
0,1,1,0,1,0,0,1,1,0,1,0,1,1,1,1,0,1,0,1,1,1,1,1,0,1,0,1,1,0,1,1,0.615948
0,1,1,0,1,0,1,0,1,0,1,1,1,1,1,1,0,0,0,1,1,1,0,1,0,1,1,1,1,1,0,1,0.635274
0,0,0,0,1,1,1,1,0,0,1,1,0,1,0,1,1,1,1,0,1,0,1,1,0,1,0,1,0,1,1,1,0.627779
1,0,0,1,1,1,1,1,1,0,0,1,1,0,1,0,1,0,1,0,0,1,0,1,0,1,1,1,0,0,1,1,0.611110
0,1,1,1,0,0,1,0,0,1,0,1,1,1,0,0,1,0,0,0,1,0,1,0,1,0,0,1,1,0,0,0,0.619532
0,1,1,0,0,0,0,1,1,1,1,1,0,0,0,0,0,0,1,1,1,0,1,1,1,1,0,1,1,0,1,0,0.604342
0,1,1,0,1,0,0,0,1,1,0,1,1,0,0,0,0,0,1,0,0,1,0,0,1,1,1,0,1,1,1,0,0.640062
0,0,1,1,0,0,0,1,0,0,0,0,1,1,0,0,0,1,1,0,1,1,0,0,0,1,1,0,1,0,1,1,0.585441
0,0,0,1,0,1,1,0,1,1,0,1,1,0,1,1,1,1,1,1,0,0,1,1,1,1,1,0,1,1,1,1,0.586945
1,0,1,1,0,0,1,0,1,0,1,0,1,1,1,1,0,1,0,0,0,0,0,0,1,1,0,1,1,0,0,1,0.607676
0,1,1,0,1,0,1,1,1,0,1,1,1,0,1,0,0,1,1,1,1,0,0,1,1,1,0,1,1,1,1,0,0.631188
0,1,1,0,1,1,0,1,0,0,1,0,1,0,1,0,1,0,0,0,1,0,0,0,0,1,1,0,1,1,1,0,0.606447
0,0,1,0,0,0,1,1,0,0,1,1,1,0,0,1,1,0,1,1,1,0,0,0,0,1,1,1,0,1,1,1,0.606146
0,1,0,0,1,0,0,1,0,0,0,1,1,1,0,1,1,0,1,1,1,1,1,1,1,1,1,1,1,1,1,0,0.634347
1,0,1,0,0,0,0,1,1,0,0,1,1,0,0,1,1,1,1,0,1,1,0,1,0,0,1,0,1,0,1,1,0.598025
1,0,1,1,0,1,0,1,0,1,1,1,1,1,1,0,1,0,0,1,1,0,0,1,0,1,1,1,0,1,0,0,0.618805
0,1,0,1,0,0,0,0,0,1,1,0,0,0,1,1,1,1,1,1,1,1,1,1,1,1,1,1,1,0,0,1,0.617552
0,1,0,0,0,1,0,0,1,0,1,1,0,0,0,1,1,0,1,1,0,0,1,1,1,0,1,0,1,1,0,0,0.587998
1,1,1,1,0,1,0,1,1,0,1,0,0,0,1,0,1,1,0,1,1,0,0,1,0,1,0,0,0,0,0,0,0.630161
1,1,1,0,0,1,1,1,0,1,1,1,1,1,1,1,1,1,1,1,0,0,1,0,0,1,1,1,1,0,1,0,0.598376
1,1,0,1,1,1,1,1,0,1,0,1,1,1,0,0,0,0,0,0,1,0,1,0,1,1,1,1,1,0,0,1,0.616123
0,0,1,1,1,0,0,1,0,1,1,1,0,0,1,1,0,0,0,1,0,0,0,0,1,0,1,1,0,1,0,1,0.633244
1,1,1,0,1,0,1,1,0,1,0,0,0,1,1,0,0,1,1,1,1,1,1,1,1,0,1,1,1,0,0,1,0.613065
1,1,1,1,0,1,1,0,1,0,0,0,0,1,0,0,0,0,1,1,0,0,0,1,1,0,1,1,1,0,0,1,0.606121
1,1,0,1,0,1,1,0,0,1,0,0,0,1,1,0,0,0,0,1,1,0,0,1,0,1,1,1,1,1,0,1,0.618254
1,0,0,0,0,1,0,0,0,1,0,1,0,1,1,0,0,0,1,0,1,1,0,1,1,0,1,1,0,1,0,0,0.612839
1,1,1,1,0,0,0,0,1,0,0,0,1,1,1,0,0,1,0,0,0,0,0,1,1,1,0,1,0,1,1,0,0.649688
1,1,0,1,0,1,0,1,0,0,1,0,0,0,0,0,0,0,0,0,0,1,1,1,0,0,1,0,1,0,1,1,0.602662
1,0,1,0,1,0,0,1,0,1,0,1,1,1,0,0,0,0,1,1,0,0,0,0,1,0,1,0,0,0,0,1,0.592660
0,0,0,0,1,1,0,1,0,1,0,1,1,0,1,1,1,0,0,0,0,0,0,1,1,0,0,1,1,1,0,0,0.580904
1,0,1,0,1,0,0,1,0,0,0,1,1,0,1,1,1,0,1,0,1,1,1,0,0,1,0,1,0,1,0,0,0.600406
0,1,0,0,1,1,1,0,1,0,0,1,1,0,0,0,1,0,1,1,1,0,0,1,0,0,1,1,1,0,1,1,0.598852
0,1,1,1,1,1,1,0,0,1,0,0,0,0,0,0,0,1,1,1,1,0,1,0,0,0,1,0,0,0,1,0,0.606071
0,0,1,0,1,0,0,0,0,0,0,1,1,1,1,1,1,1,1,0,1,0,1,1,1,1,1,0,1,1,1,0,0.629108
0,0,1,0,0,0,0,0,1,0,0,0,0,1,0,1,1,1,1,1,0,0,0,0,1,1,0,0,0,1,0,1,0.589928
0,1,0,1,0,0,0,1,0,0,0,1,0,1,1,0,1,1,0,0,1,1,1,1,0,0,0,0,1,1,0,1,0.602086
0,1,0,0,0,0,1,1,1,1,0,1,1,1,1,1,1,1,0,1,0,0,1,0,1,1,0,1,1,1,0,1,0.622992
0,1,1,1,1,0,0,0,1,0,1,1,1,1,0,1,0,0,0,1,1,0,0,1,1,1,0,0,1,1,1,1,0.589377
0,1,1,0,1,1,1,0,0,1,1,0,0,0,1,0,0,1,1,1,1,1,0,1,0,1,0,0,1,1,0,1,0.613616
1,1,1,0,1,1,1,1,1,0,0,1,1,0,0,0,1,0,0,1,1,1,0,1,0,1,1,1,1,0,1,0,0.641366
1,1,0,1,1,1,1,1,0,1,1,1,0,1,1,1,0,0,1,1,0,0,1,0,1,1,0,1,1,1,1,1,0.610383
0,1,0,1,1,0,0,0,0,1,1,1,1,1,0,1,0,0,1,1,1,0,0,0,1,1,1,1,1,0,0,1,0.612288
1,1,0,1,1,1,1,1,1,1,0,1,1,1,1,0,0,0,1,0,0,0,0,1,0,1,0,0,0,1,0,1,0.616424
1,1,1,1,0,0,0,1,0,1,0,1,0,1,1,1,1,0,0,1,1,0,1,0,0,1,0,0,0,0,0,0,0.621487
0,0,0,1,1,0,0,0,1,0,1,1,1,1,1,1,1,1,1,0,1,1,0,1,1,1,0,1,0,1,0,0,0.619683
0,1,0,1,0,1,0,1,1,1,0,0,0,1,1,1,0,1,1,1,1,0,1,0,0,1,1,0,0,1,0,0,0.645803
0,1,1,1,0,1,0,1,0,0,1,1,0,1,1,1,1,1,0,0,0,1,1,0,1,1,1,1,0,0,1,1,0.633871
1,1,0,0,1,1,0,0,1,0,0,1,1,1,0,0,0,1,1,1,1,0,0,0,0,0,1,0,1,0,1,1,0.600732
1,0,0,0,0,1,0,0,1,0,1,1,1,0,0,0,0,0,0,0,1,0,1,1,1,0,1,1,0,0,0,0,0.627629
0,0,1,0,0,0,0,0,1,1,0,0,0,1,0,1,0,1,0,1,0,1,0,1,1,1,0,0,0,0,1,0,0.571704
0,0,1,1,0,1,0,0,1,0,1,1,1,0,1,0,1,1,1,0,0,1,0,1,0,1,1,1,1,0,1,1,0.613391
0,0,1,1,1,1,1,0,1,1,0,0,0,1,1,1,1,0,0,0,0,1,0,0,1,0,0,0,0,1,0,0,0.583260
0,0,1,0,0,1,0,0,1,0,1,1,1,0,0,1,0,0,0,1,1,1,1,0,1,1,1,0,0,1,0,0,0.592334
1,1,0,0,0,1,1,1,1,0,0,1,0,1,1,1,1,0,1,1,0,0,1,0,0,1,0,1,1,0,0,0,0.618078
1,1,0,1,0,1,0,0,1,0,1,0,1,1,1,1,1,1,1,1,1,0,1,1,0,0,1,0,1,0,0,0,0.619332
0,1,1,0,0,0,0,1,0,1,0,0,1,1,0,1,0,1,1,0,0,0,0,0,1,1,0,1,0,1,1,1,0.612789
1,1,0,0,1,1,1,1,0,0,0,0,1,0,1,0,0,0,0,1,0,0,1,0,1,1,0,0,0,0,1,1,0.597097
0,0,0,0,1,1,1,0,1,1,0,1,1,0,0,0,0,0,1,0,1,1,1,0,1,1,0,0,1,0,1,0,0.595242
0,1,0,1,0,1,0,1,1,1,0,1,1,1,1,0,1,0,0,0,1,0,1,0,0,1,0,1,1,0,0,0,0.615973
1,1,0,1,0,0,0,0,1,0,1,1,1,1,1,0,0,1,1,1,0,0,1,0,0,1,0,0,1,1,0,1,0.597924
0,1,1,1,1,0,0,1,0,0,1,1,0,0,0,0,0,0,1,0,1,1,0,1,0,0,0,0,1,0,1,1,0.596345
0,1,1,1,0,0,1,1,1,0,0,0,0,1,0,0,1,1,1,0,0,1,1,1,1,1,0,0,0,1,0,0,0.617878
1,1,0,0,0,0,0,1,1,1,0,1,1,1,0,1,1,1,0,1,0,1,0,1,0,1,1,1,1,1,0,1,0.622816
0,1,1,0,1,1,0,1,0,1,0,1,0,0,1,0,0,0,1,0,0,1,1,0,1,1,1,1,0,1,1,1,0.615045
0,1,0,0,1,0,1,1,0,1,1,0,1,0,0,0,1,0,0,0,1,0,0,1,0,1,0,0,1,1,1,0,0.579149
1,1,1,1,1,1,0,0,0,1,1,0,0,0,0,0,0,1,0,1,0,1,1,0,1,0,0,0,1,0,1,0,0.666332
1,0,0,1,0,0,0,0,1,1,0,1,0,0,1,0,1,0,1,0,1,0,0,1,0,0,1,1,1,0,1,0,0.615271
0,0,0,0,1,0,0,0,0,0,1,0,1,1,1,1,1,0,0,0,0,0,0,0,0,0,1,0,0,1,0,1,0.544080
1,1,0,0,1,1,1,1,0,1,0,0,0,1,1,1,0,1,1,1,0,1,1,1,1,0,0,0,1,1,1,0,0.575264
0,1,1,1,0,0,0,0,1,0,1,1,1,0,1,1,1,0,0,0,1,0,1,1,1,1,0,0,0,1,1,0,0.604066
0,1,1,1,1,0,0,1,0,0,1,1,1,1,0,1,1,1,0,0,1,1,1,1,0,1,1,0,1,0,0,0,0.624596
1,1,0,0,0,1,0,0,0,1,0,1,0,0,1,1,1,0,1,0,1,1,0,1,0,0,1,0,0,0,0,0,0.607425
1,1,1,1,0,1,0,1,0,1,1,0,0,1,1,0,0,0,0,0,1,1,1,1,0,1,1,0,0,1,1,1,0.620635
0,1,0,0,0,1,0,0,0,0,0,0,0,0,0,0,1,1,0,0,1,1,1,1,1,1,0,0,1,1,1,1,0.567443
0,0,1,0,1,1,1,0,1,1,0,0,1,0,0,0,0,0,1,1,0,1,1,1,0,1,1,0,1,0,0,1,0.583386
0,1,1,0,1,0,0,1,1,1,0,1,0,0,0,0,0,0,1,0,0,0,1,0,0,1,1,1,0,0,1,0,0.592435
0,0,1,0,1,0,1,1,1,0,0,0,1,1,1,0,0,1,0,1,1,1,1,1,1,0,0,1,0,1,1,1,0.607625
1,1,0,0,1,1,1,1,1,1,1,0,1,0,0,1,0,1,1,1,1,1,1,0,0,1,1,0,0,0,0,1,0.628306
1,1,0,1,0,0,0,0,1,1,1,1,0,0,1,1,1,0,1,0,1,0,0,1,0,1,0,1,1,0,0,0,0.624320
0,1,1,0,0,1,0,1,1,0,1,1,0,0,1,0,0,1,1,1,0,0,0,0,1,1,1,1,0,0,0,0,0.606472
0,0,0,1,1,0,0,1,1,0,1,0,1,1,1,1,0,1,0,0,1,1,0,1,1,0,0,0,0,1,1,0,0.603414
1,0,1,1,0,0,0,0,0,0,0,0,0,0,0,1,0,0,1,0,1,0,1,0,0,0,1,0,1,0,1,1,0.580127
0,1,0,1,0,1,0,1,1,0,1,1,1,0,1,0,1,0,1,1,1,1,1,0,0,1,0,0,0,1,0,1,0.619557
0,0,0,0,1,0,0,0,0,0,0,0,1,1,0,0,0,0,1,1,1,0,0,1,0,1,1,1,1,0,0,1,0.540220
1,1,1,0,1,1,0,0,1,0,0,0,0,0,0,1,1,0,1,0,0,0,1,0,0,1,0,1,0,0,1,1,0.621763
1,0,0,1,1,0,0,1,1,1,0,0,0,1,1,1,0,0,1,0,1,1,0,1,1,1,0,0,1,0,1,1,0.579224
1,1,1,1,0,0,1,1,1,1,0,0,0,0,1,0,1,1,0,0,0,0,0,1,1,1,1,0,0,1,0,0,0.646379
0,1,1,1,0,0,0,1,1,0,1,1,0,0,0,0,0,0,0,0,0,1,0,1,1,0,0,1,0,1,0,1,0.616424
0,0,1,0,0,0,0,1,0,1,0,1,0,1,0,1,1,1,1,1,1,0,0,0,0,1,1,0,0,0,1,1,0.616148
0,0,0,0,1,1,1,1,1,0,0,1,1,0,1,0,0,0,0,0,0,0,0,0,0,0,0,1,1,0,0,1,0.512070
0,1,1,1,0,1,1,1,1,1,1,0,0,0,1,1,1,1,0,1,0,1,1,1,1,0,1,0,0,0,1,0,0.630060
0,0,0,1,1,1,0,1,0,0,1,1,1,0,1,0,1,0,1,0,1,0,1,0,1,1,1,0,0,1,0,1,0.605194
1,1,0,0,1,1,0,1,1,0,0,0,0,0,0,0,0,0,1,1,0,1,0,0,1,0,1,0,0,0,1,0,0.620259
0,0,0,1,0,0,0,0,0,0,1,1,1,0,0,1,0,1,0,0,0,0,0,0,1,0,1,1,0,1,0,1,0.562630
1,0,1,1,0,1,1,0,1,0,1,1,1,1,0,1,1,1,1,0,1,0,1,0,1,0,0,1,1,1,1,1,0.611035
0,1,0,0,1,1,1,1,1,0,1,0,0,1,0,1,0,0,0,0,1,0,1,0,1,0,1,1,1,0,1,1,0.568897
0,0,0,0,0,1,0,1,1,0,1,0,0,0,1,1,0,1,1,1,0,1,1,0,1,0,1,1,0,1,1,1,0.624420
0,0,1,1,1,1,1,1,0,1,1,0,0,0,1,1,1,0,0,0,1,0,0,1,0,0,0,0,1,1,0,1,0.606873
1,1,1,0,0,1,1,0,0,0,0,1,1,1,1,1,0,1,0,1,1,1,1,1,1,1,1,1,0,0,1,1,0.622565
1,1,0,0,0,1,0,0,0,0,0,1,1,1,1,1,1,0,1,0,1,0,0,0,1,1,1,0,0,0,1,1,0.611135
0,0,0,0,0,1,1,0,1,1,0,0,1,1,0,0,0,1,1,0,1,1,0,0,1,1,1,1,1,1,1,0,0.595568
0,1,1,1,1,1,0,0,0,0,0,1,1,1,1,0,0,0,0,0,1,0,0,1,0,1,1,1,0,0,0,1,0.613767
0,0,0,1,1,0,0,0,0,1,1,0,1,1,0,1,0,0,0,1,0,1,1,0,0,1,1,1,1,1,1,0,0.566415
0,0,1,0,1,1,1,1,0,1,0,1,1,1,0,1,0,1,0,0,0,1,1,0,1,1,1,0,0,0,0,1,0.593713
1,0,1,1,1,0,1,0,0,0,1,0,1,0,0,1,0,1,0,1,0,1,0,0,0,1,0,1,0,0,0,1,0.605846
1,1,1,0,0,1,0,0,1,0,0,1,0,1,1,1,1,0,1,1,1,0,0,1,1,1,0,0,0,1,0,0,0.623718
0,0,1,1,0,1,0,0,1,0,1,0,0,0,0,1,1,0,1,1,1,0,1,1,0,1,1,1,1,1,1,1,0.615747
0,0,0,0,0,1,1,1,0,0,0,0,1,1,1,1,1,0,1,1,0,1,0,0,1,1,1,1,0,0,1,1,0.629359
1,1,0,1,1,1,1,1,1,0,0,1,0,1,1,1,1,0,1,1,1,1,1,1,0,1,0,0,1,1,0,1,0.616775
0,1,0,0,0,1,0,0,0,1,0,0,0,0,0,1,1,0,0,1,0,0,0,1,0,0,1,1,0,1,1,0,0.558469
1,1,0,1,1,0,0,0,0,0,1,0,1,1,0,0,1,0,0,1,1,0,1,1,0,0,0,0,0,0,1,1,0.586168
0,1,0,1,1,1,1,0,1,0,1,0,1,1,0,0,1,1,0,0,0,1,1,1,0,0,0,1,1,1,0,1,0.611260
0,1,0,1,0,1,0,1,1,1,0,0,1,1,1,1,0,1,1,1,0,1,0,0,0,1,0,1,0,0,0,1,0.672248
1,0,1,0,0,1,0,0,0,0,0,0,1,0,1,1,0,0,1,0,0,1,0,0,1,1,1,0,0,0,0,0,0.593212
0,1,0,1,1,1,1,1,1,0,0,0,1,1,1,0,0,0,1,1,0,0,1,0,0,1,1,1,0,0,1,1,0.625473
1,0,1,0,1,1,0,0,0,0,0,0,0,1,0,0,0,1,0,0,1,1,0,0,1,1,1,0,1,0,0,1,0.602361
0,0,1,1,1,1,0,1,0,1,1,1,0,0,0,0,0,1,0,0,1,1,1,0,0,0,0,0,1,1,1,1,0.594591
0,1,0,0,0,1,1,0,1,0,0,1,0,0,0,0,0,1,1,1,1,0,0,0,1,0,1,1,1,0,0,1,0.589126
0,0,0,1,0,0,0,0,1,1,1,0,0,1,0,1,1,1,0,0,1,0,0,1,0,0,1,1,1,1,1,0,0.598952
0,0,1,0,0,1,1,0,1,0,0,0,1,0,0,1,0,0,0,0,0,0,0,1,0,1,1,1,0,1,0,0,0.547866
1,0,0,0,1,0,1,0,1,0,1,0,1,1,1,1,1,0,1,1,0,1,0,1,1,0,0,0,0,1,1,0,0.613616
0,1,0,1,1,0,0,0,1,0,0,1,1,0,0,0,0,1,1,1,1,1,1,1,1,0,1,0,0,0,0,1,0.604291
0,0,0,0,0,0,1,0,0,0,1,0,1,0,0,0,1,0,1,1,0,0,0,0,1,0,0,1,1,1,0,1,0.577996
1,1,0,0,1,1,1,0,1,0,1,0,1,0,0,1,1,1,0,0,1,1,1,1,1,0,0,0,0,1,0,1,0.611335
1,0,0,1,1,0,0,1,1,0,1,0,0,1,1,1,0,1,1,0,0,1,1,0,0,1,0,1,0,0,0,0,0.596069
0,1,1,1,1,1,0,0,1,0,1,1,1,1,1,1,1,1,1,1,0,1,0,0,1,1,0,1,1,1,1,1,0.613015
0,1,0,0,1,1,1,0,0,1,0,0,1,1,0,1,1,1,1,1,1,0,1,1,1,1,1,0,1,1,0,1,0.609706
1,0,0,1,1,1,1,1,1,1,1,1,0,0,0,1,1,1,0,0,1,0,0,0,0,0,0,1,1,0,0,1,0.614093
0,1,1,0,1,1,0,0,0,0,1,1,1,1,0,1,0,0,1,0,1,0,0,1,1,1,0,1,1,0,0,0,0.612864
0,1,0,1,0,0,0,0,1,0,1,1,0,1,0,1,1,1,0,1,1,1,1,0,1,0,0,1,0,0,1,1,0.611686
0,0,1,0,0,1,0,0,1,0,1,1,0,0,1,1,0,1,0,1,0,0,0,1,0,0,1,1,0,1,1,0,0.585892
1,0,1,0,1,1,1,0,0,1,1,1,1,1,0,0,0,0,1,1,1,1,0,1,1,1,0,0,0,1,0,1,0.612915
0,0,1,1,0,1,1,0,0,1,1,0,1,1,1,0,1,1,0,1,0,0,0,1,0,0,1,0,0,0,1,1,0.600782
0,1,0,1,1,1,0,1,1,1,0,1,1,1,1,0,0,0,0,1,1,0,1,0,1,1,0,0,0,0,0,1,0.610257
0,0,0,1,1,0,1,0,1,1,1,1,1,0,0,0,1,1,1,1,1,0,1,0,1,0,1,0,1,0,1,1,0.616975
0,1,0,0,0,0,1,1,0,0,0,1,1,0,1,1,1,0,0,0,1,1,1,0,1,1,1,1,0,1,0,0,0.603414
1,0,0,0,1,1,1,0,0,0,1,1,0,0,1,0,0,0,0,0,0,0,0,1,1,0,0,0,0,1,0,0,0.580653
0,1,0,0,0,1,1,0,1,0,1,0,0,0,1,0,1,1,0,0,1,0,0,1,0,0,0,0,1,0,1,0,0.590780
1,1,0,1,1,1,1,0,0,0,0,0,1,0,1,1,1,1,1,1,0,1,0,0,0,0,1,1,0,0,0,1,0.602963
0,1,1,1,0,0,1,0,0,1,1,1,1,0,0,1,1,1,0,1,0,1,1,1,0,1,0,0,0,0,1,1,0.623819
1,1,0,1,1,0,1,1,0,0,1,0,1,0,1,0,0,1,0,0,0,1,1,1,0,1,0,0,1,0,1,0,0.601760
1,0,1,1,1,1,0,0,0,1,0,1,1,0,1,1,1,1,1,1,1,0,0,1,0,0,1,1,1,1,1,0,0.627704
1,0,0,1,1,0,0,1,1,0,1,0,1,0,0,1,0,0,1,0,1,0,0,0,0,0,0,1,0,1,1,1,0.605144
1,0,0,1,0,0,1,0,0,1,0,1,1,1,1,1,0,0,1,1,1,0,1,0,1,0,1,0,0,1,0,0,0.608854
0,1,1,0,1,1,0,1,0,1,1,0,1,0,0,0,1,0,0,0,0,1,1,1,1,1,0,1,1,1,1,1,0.605545
0,0,1,0,1,1,1,0,0,1,0,0,1,1,1,1,1,1,0,1,1,0,1,0,1,1,0,1,1,1,0,0,0.620535
0,1,0,0,1,0,1,1,0,0,0,1,0,1,0,1,1,1,1,1,1,0,1,1,0,0,0,1,0,0,1,0,0.610207
0,1,1,0,1,1,0,1,1,0,1,0,0,1,0,0,0,0,0,1,0,1,1,0,1,1,1,1,0,1,1,1,0.613742
1,1,1,1,1,1,0,0,0,0,0,1,0,1,0,0,0,1,1,1,0,1,1,0,0,1,1,0,1,0,1,1,0.611035
0,1,1,0,0,1,1,1,0,0,0,0,0,0,1,0,0,0,1,1,1,1,1,0,1,1,1,0,0,1,0,0,0.613692
0,0,0,1,1,0,1,0,0,0,0,1,0,0,0,0,0,1,1,0,0,1,1,1,0,1,0,0,0,0,1,0,0.565137
1,0,1,0,1,1,0,1,0,0,1,1,0,0,0,1,0,0,0,1,1,0,0,1,1,0,1,1,0,0,0,0,0.590555
0,0,0,1,0,0,0,1,1,1,1,1,1,1,1,0,0,0,1,1,0,0,1,0,1,0,1,1,1,0,1,0,0.593011
0,1,0,0,1,1,0,1,0,0,1,0,0,0,0,0,0,1,1,0,0,1,1,1,1,0,0,1,0,0,1,1,0.610684
0,1,1,1,1,0,0,1,1,0,0,1,1,1,0,0,0,1,1,1,1,0,1,0,1,1,1,0,1,0,0,0,0.624596
0,1,0,0,1,1,1,0,1,1,1,1,1,1,0,0,1,0,0,1,1,0,1,0,0,0,0,0,0,0,1,0,0.610333
0,1,0,1,1,1,1,0,1,0,1,1,0,1,0,1,0,0,1,1,1,0,1,1,0,1,1,0,1,1,1,1,0.613466
1,0,1,0,1,1,1,1,1,1,0,1,0,0,1,1,0,1,1,1,0,1,1,0,0,1,1,0,1,1,1,0,0.622916
0,0,0,0,1,0,1,1,1,1,1,1,0,1,0,1,0,0,1,0,1,1,1,0,1,0,0,0,0,0,1,1,0.594515
1,1,0,0,1,1,0,0,0,0,0,1,1,0,1,0,1,1,1,1,0,1,1,0,0,1,0,1,0,0,0,1,0.604642
1,1,1,1,1,0,1,0,1,0,0,0,0,1,1,1,1,0,1,0,0,0,1,1,1,1,0,0,1,0,0,0,0.652997
1,0,0,0,0,1,1,1,1,1,0,0,0,1,0,0,1,0,1,0,1,1,0,0,1,1,0,1,1,0,1,0,0.646680
1,0,0,1,1,0,1,1,0,1,0,1,1,1,1,0,1,1,1,0,1,1,1,0,1,1,0,1,0,1,0,1,0.612639
0,0,1,1,0,1,0,1,0,1,1,1,1,0,0,1,0,0,0,0,0,0,1,0,0,1,0,1,1,1,0,1,0.608979
1,1,1,1,1,1,1,0,1,0,0,0,0,0,0,0,1,0,0,0,0,0,1,0,1,1,1,0,0,1,0,1,0.620761
0,1,1,0,0,0,0,0,0,1,0,0,1,1,1,0,0,1,0,0,0,0,1,1,1,1,0,0,1,0,0,1,0.592485
1,0,1,0,0,1,1,0,1,0,1,1,0,1,1,0,1,0,1,1,1,1,1,0,0,1,1,1,1,1,1,1,0.629609
0,0,1,0,0,0,1,1,1,0,0,0,1,1,1,0,0,0,0,1,1,0,1,1,0,0,1,1,1,1,1,0,0.559421
0,1,0,0,0,0,0,1,1,0,0,0,1,0,1,0,0,1,0,1,1,0,1,1,1,1,0,1,1,0,0,0,0.610107
1,1,1,1,0,0,0,1,0,0,1,1,1,1,1,0,1,0,1,1,1,1,1,0,1,1,1,0,1,1,1,0,0.746572
1,0,0,1,0,1,1,1,1,0,0,1,1,0,1,0,1,1,0,0,0,0,1,1,1,0,0,0,0,0,1,1,0.615797
1,1,1,0,1,0,1,1,0,0,0,0,0,0,1,1,0,1,0,1,1,1,1,1,0,0,0,0,0,0,1,0,0.608703
0,1,1,1,0,1,1,0,0,0,0,1,0,0,0,1,1,1,0,1,1,0,0,0,0,1,0,0,0,1,1,0,0.609054
1,0,1,0,0,0,0,0,0,0,0,0,1,1,1,1,0,1,1,0,0,1,0,0,0,1,0,0,1,1,1,0,0.601434
0,1,1,1,1,0,0,0,1,0,1,1,1,0,1,0,1,0,0,0,1,1,1,0,1,0,1,1,0,1,1,1,0.629233
1,0,0,1,0,1,1,1,0,1,1,0,1,1,0,1,0,0,1,1,1,0,0,0,0,1,1,0,0,1,0,1,0.638057
1,1,1,0,1,1,0,0,1,0,1,0,0,1,1,1,0,0,1,0,0,1,0,1,1,1,1,0,1,1,0,0,0.616875
1,1,1,0,1,1,0,1,0,1,0,0,1,1,1,1,1,1,1,0,1,0,1,0,0,0,0,0,1,1,1,1,0.560374
1,0,1,0,0,1,0,0,0,1,1,0,0,1,1,0,0,0,0,0,0,1,0,1,1,0,1,0,1,0,0,0,0.624019
0,1,0,0,1,1,0,1,0,1,0,1,1,0,1,1,0,0,1,0,0,1,1,0,1,1,0,0,0,0,0,0,0.595744
0,1,0,0,0,1,0,1,1,0,0,0,0,1,1,1,0,0,1,1,0,1,0,0,0,0,1,0,1,1,1,1,0.578197
1,1,0,0,1,0,0,1,0,0,0,0,1,1,1,1,1,0,1,0,1,1,0,0,1,0,0,0,1,1,0,0,0.622515
0,1,1,0,1,1,1,0,0,0,1,1,0,0,1,0,0,1,0,0,0,0,1,0,0,0,0,1,1,1,1,1,0.597022
0,1,1,0,1,1,0,0,0,0,0,1,0,1,1,0,0,1,0,1,0,0,0,0,1,0,1,0,1,0,1,1,0.593137
0,1,0,0,0,1,0,0,0,1,0,0,1,1,1,1,1,1,0,1,0,0,1,0,0,1,0,1,1,0,0,0,0.577069
0,1,1,1,0,1,0,0,0,0,0,0,0,0,0,1,1,0,1,1,1,1,0,1,0,1,1,1,1,1,1,0,0.610483
0,1,1,1,1,0,1,0,0,1,0,1,0,0,1,1,1,0,0,1,0,1,0,0,0,0,1,1,1,0,0,0,0.605871
1,0,0,1,0,1,0,0,0,0,1,1,1,0,0,0,0,1,1,0,0,0,0,1,1,1,0,0,0,1,1,0,0.605770
1,1,0,0,0,1,1,0,1,1,1,0,1,1,0,0,0,0,1,1,0,1,0,0,1,1,1,1,0,0,1,1,0.610232
1,1,0,0,0,0,0,0,1,0,1,1,1,1,0,1,0,1,0,0,1,1,0,1,1,1,1,0,1,1,1,0,0.629534
0,1,1,0,0,0,1,1,1,0,1,1,0,0,1,1,1,0,0,0,0,1,0,0,0,1,1,0,0,0,1,1,0.616950
1,1,0,0,0,0,1,1,0,0,1,0,1,1,0,1,0,1,1,0,0,0,1,0,1,0,1,0,0,0,1,1,0.594114
1,0,0,1,1,0,0,0,0,1,1,1,1,1,1,0,0,0,0,0,1,1,0,0,0,0,0,1,0,1,1,1,0.577169
1,0,1,0,0,1,0,1,0,0,0,1,0,0,1,0,1,0,0,1,0,1,1,1,1,0,0,1,0,0,0,0,0.626250
1,0,1,0,1,1,1,1,0,0,0,0,1,1,0,1,1,0,0,0,1,0,1,0,1,0,0,0,1,1,0,0,0.591407
0,0,1,1,0,0,1,1,1,1,0,1,1,0,1,0,1,1,0,0,0,0,0,0,1,1,1,1,1,0,0,0,0.606823
0,0,0,0,0,1,1,1,0,1,1,0,1,0,0,1,0,1,1,0,1,1,1,0,1,1,0,1,1,0,1,0,0.591958
1,0,1,0,0,0,1,0,0,0,0,1,0,0,1,0,1,0,1,1,0,1,0,0,1,1,1,0,1,1,1,0,0.680921
1,1,0,0,1,0,1,0,0,1,0,1,1,1,0,1,0,0,1,0,0,0,0,0,0,0,0,1,0,1,1,1,0.607951
0,0,1,1,0,1,1,1,0,0,0,1,0,0,1,0,1,1,1,1,0,1,0,0,1,0,1,0,0,1,1,1,0.617828
1,0,0,1,1,1,1,1,0,0,1,1,1,0,0,0,1,0,0,0,1,1,0,0,0,0,0,0,1,1,0,0,0.585742
0,1,0,1,0,0,1,1,0,1,0,0,0,0,0,0,0,1,0,0,1,1,1,0,0,1,1,1,1,1,1,0,0.620184
1,0,0,0,1,0,1,1,1,1,1,0,1,0,1,0,1,0,0,0,0,1,1,0,0,0,0,1,1,0,0,1,0.581831
1,0,0,1,1,0,1,0,1,0,1,1,0,1,1,1,1,0,0,1,0,1,1,0,1,1,1,0,1,1,0,1,0.610659
0,0,1,1,0,0,0,1,1,1,0,1,1,1,0,1,1,1,0,1,0,0,1,1,0,1,1,0,0,1,1,0,0.614569
0,0,0,0,0,0,0,0,0,1,1,0,1,0,1,0,1,0,0,1,1,0,0,1,1,0,0,1,0,0,0,1,0.577470
1,0,0,1,0,1,1,0,0,0,1,1,0,1,1,0,0,0,1,0,1,1,1,0,0,0,1,0,0,0,0,1,0.603214
0,1,1,1,0,0,1,1,1,0,0,0,0,0,1,1,0,1,1,0,1,1,0,0,0,0,0,1,1,0,0,1,0.621914
0,1,0,1,0,0,0,0,1,0,1,0,1,0,0,0,1,1,1,1,0,0,1,1,0,1,0,0,0,0,0,0,0.592485
1,0,0,0,1,1,0,1,1,0,1,0,1,0,1,0,1,0,0,1,1,0,0,0,0,0,1,1,0,0,0,0,0.632517
0,1,0,0,1,1,1,1,0,0,1,1,0,0,0,1,0,1,0,0,1,1,0,0,1,0,1,0,0,1,0,0,0.602086
0,1,0,0,1,1,1,0,0,1,1,1,0,1,1,0,0,1,1,0,0,0,1,0,0,0,1,1,1,1,0,1,0.614820
1,1,1,0,0,0,1,0,0,0,0,0,0,1,0,1,0,1,1,1,1,0,1,1,1,0,0,0,0,0,0,1,0.592936
0,0,0,0,0,1,1,1,0,0,1,0,1,1,1,0,1,0,1,1,0,0,0,1,1,1,1,0,1,0,1,0,0.612564
0,0,1,0,1,0,1,1,1,1,1,0,0,1,0,1,0,1,1,1,0,1,1,1,1,0,1,1,0,1,1,1,0.638483
0,1,0,0,0,1,1,1,0,1,0,0,0,1,1,1,1,0,1,1,0,0,1,0,1,1,1,0,1,1,0,0,0.616173
1,1,0,1,1,1,0,1,1,1,1,0,0,1,0,0,0,0,0,1,0,0,0,0,1,1,1,0,0,1,0,1,0.601760
0,1,1,1,1,0,0,0,1,1,1,1,0,1,0,0,1,0,0,0,0,1,0,0,1,0,0,0,1,0,0,0,0.607500
1,0,1,0,0,1,0,0,0,1,1,1,1,0,0,1,1,1,1,1,1,1,1,0,1,0,0,0,1,0,1,1,0.620385
0,0,0,1,0,1,0,0,0,0,1,1,0,1,0,1,1,1,0,0,0,1,0,0,1,1,0,1,1,0,1,1,0.603590
0,1,1,0,0,1,1,0,1,1,1,1,1,0,0,0,0,0,0,0,0,1,1,0,1,0,1,0,1,1,0,1,0.611009
1,1,1,1,0,0,1,1,0,0,0,1,0,0,1,0,1,1,1,0,0,0,1,0,1,0,1,1,1,0,1,0,0.674580
0,0,1,1,0,1,1,1,0,1,1,1,1,1,0,1,0,0,0,1,0,0,1,1,0,1,1,0,1,1,1,1,0.624496
1,1,1,0,0,1,1,1,1,0,0,1,0,1,0,0,1,1,0,1,1,1,0,1,1,0,1,0,0,0,0,0,0.686712
0,0,0,1,1,1,0,0,0,0,1,1,0,1,1,1,0,1,0,1,1,0,1,1,1,0,0,0,0,1,0,1,0.609455
1,0,0,1,1,0,1,0,0,0,0,1,1,1,1,1,0,0,1,0,0,1,1,0,1,0,0,1,1,1,0,0,0.612112
1,1,0,0,0,0,1,0,0,0,0,0,0,0,0,0,0,0,1,1,1,0,0,1,1,1,1,0,0,0,1,0,0.605645
0,0,1,1,1,0,0,1,1,1,1,0,0,0,1,1,1,1,0,1,1,0,0,1,0,0,0,1,1,1,1,0,0.631790
1,1,1,1,0,1,0,0,1,0,1,0,0,0,1,0,0,1,1,0,0,1,1,1,1,1,1,1,0,1,0,0,0.635776
0,1,0,1,1,0,1,0,0,0,0,1,1,1,1,1,1,0,0,0,1,0,1,1,0,1,1,1,0,0,1,1,0.622666
0,1,0,0,0,1,1,0,0,0,0,0,1,1,1,0,1,0,1,1,1,1,0,1,1,0,1,1,0,1,0,0,0.604592
0,1,1,1,1,1,1,1,1,1,0,1,0,0,0,1,1,0,1,0,1,1,1,0,0,0,1,0,1,1,0,1,0.618254
1,0,1,1,1,1,0,0,0,1,0,0,0,0,1,0,0,1,0,0,0,0,0,1,0,0,1,1,0,1,1,0,0.599479
0,0,1,0,1,0,0,0,1,1,0,0,1,1,0,1,1,1,0,0,0,1,1,1,0,0,0,0,1,0,1,1,0.602361
1,1,0,1,0,0,0,1,1,0,1,1,0,0,1,0,0,0,1,0,0,1,1,0,0,0,0,1,1,0,1,0,0.609631
0,0,0,0,1,1,0,1,0,1,1,1,1,0,0,1,0,1,1,1,1,1,0,1,0,1,0,1,1,0,1,0,0.561327
1,0,0,0,0,1,1,1,0,0,1,1,0,1,1,0,1,0,1,1,1,1,0,1,0,0,1,0,0,1,0,1,0.599629
1,0,0,0,0,1,1,0,1,1,0,1,0,1,1,0,0,1,0,0,0,1,1,0,0,1,0,0,1,1,0,0,0.607676
0,0,0,1,1,1,0,0,1,0,0,1,0,0,1,0,0,1,0,1,1,1,1,0,0,1,1,0,1,0,1,0,0.584163
0,1,0,0,0,1,1,1,1,0,0,1,1,0,0,1,0,1,0,0,0,0,1,0,1,1,0,0,1,1,1,0,0.588073
1,0,0,0,0,1,1,1,0,0,0,0,1,1,1,0,0,1,0,0,0,0,0,1,0,1,0,0,0,1,1,0,0.587572
0,1,1,0,0,1,1,0,0,0,1,0,1,0,1,1,1,0,0,0,1,0,1,1,1,0,1,0,0,0,1,0,0.594315
1,0,0,1,0,1,0,0,0,0,1,0,1,1,0,0,1,1,0,1,0,1,1,0,1,0,0,0,1,0,1,0,0.639887
1,1,0,0,0,0,0,1,0,1,1,1,1,0,0,1,1,0,1,1,0,0,1,0,0,1,1,0,0,1,0,0,0.609781
1,1,1,1,1,0,1,0,1,0,0,0,0,0,0,0,0,0,1,0,0,0,0,1,1,0,1,1,1,0,0,1,0.605620
0,0,0,1,0,0,0,1,0,1,1,1,1,0,0,0,1,1,1,0,1,1,1,0,0,0,0,1,0,0,1,0,0.597022
1,1,0,0,0,1,1,1,0,0,1,0,1,0,1,1,1,0,1,0,0,1,1,0,1,1,1,1,0,1,1,1,0.603890
0,0,0,1,1,0,0,0,0,1,0,1,1,1,1,0,0,1,0,1,1,1,0,0,1,1,0,1,1,0,1,0,0.591181
0,1,1,0,1,0,0,1,1,0,0,0,0,1,0,0,0,1,0,0,1,1,1,1,1,1,0,0,1,1,0,0,0.597097
0,1,1,0,1,0,0,1,1,0,0,1,1,0,1,1,1,1,0,1,0,1,0,0,1,0,0,0,1,1,1,1,0.608227
0,0,1,1,0,1,1,0,1,0,1,1,0,1,1,1,0,1,0,0,0,1,1,0,0,1,0,0,0,0,0,0,0.605470
0,1,1,0,1,0,0,0,1,1,0,1,0,0,0,0,0,0,1,0,0,1,1,1,0,1,0,1,0,1,1,0,0.612363
1,1,0,1,0,0,0,0,0,0,0,1,1,0,1,1,1,1,1,1,1,1,0,1,1,1,1,1,1,0,0,1,0.623618
1,0,1,1,0,1,1,0,1,0,0,1,0,0,0,0,0,0,0,0,1,0,0,0,1,0,1,1,1,1,0,1,0.596345
0,1,0,0,0,1,0,1,1,1,0,0,1,1,1,0,1,1,1,0,0,0,0,0,1,1,1,0,0,0,0,1,0.597899
1,1,0,0,1,1,0,1,0,0,0,0,1,1,1,0,0,0,0,0,0,1,1,1,0,0,1,0,1,1,1,0,0.564460
0,0,1,1,0,0,1,0,1,0,0,0,1,0,1,0,1,0,1,1,1,1,1,1,1,0,1,1,1,0,1,0,0.620159
0,1,0,1,1,0,0,1,1,0,0,1,1,1,1,0,1,1,1,1,1,0,0,0,1,0,0,1,0,1,0,0,0.616850
0,0,0,1,0,0,1,1,0,0,1,0,0,0,0,1,0,1,0,1,1,0,1,0,0,0,1,0,0,1,1,1,0.665681
0,1,0,0,0,1,0,0,1,1,0,0,1,1,0,1,0,0,1,0,0,1,0,0,1,1,1,1,1,1,1,1,0.608653
0,1,0,0,1,1,0,0,1,1,0,0,1,0,0,0,1,0,0,0,0,0,0,0,1,0,0,1,0,1,0,0,0.609731
1,0,1,1,0,1,1,0,0,1,0,1,1,0,0,1,0,1,1,1,0,0,1,0,0,0,0,0,1,0,0,1,0.604166
0,0,1,0,0,0,0,1,0,1,0,0,0,0,1,0,1,1,1,1,0,1,0,1,1,0,1,0,1,0,1,1,0.596897
1,1,0,0,1,1,1,0,1,0,1,0,1,0,0,1,0,1,0,1,0,1,0,1,1,0,1,1,0,1,1,1,0.606297
0,0,0,0,0,0,0,1,1,1,1,1,1,1,0,0,1,0,1,0,0,0,0,1,1,0,0,0,1,1,0,0,0.585742
0,0,1,1,0,1,1,0,0,1,1,1,0,0,1,1,0,1,1,1,1,1,0,0,0,0,0,1,0,1,0,1,0.647632
0,0,1,0,0,1,1,1,0,1,1,0,1,0,1,0,1,0,1,1,0,1,0,0,0,1,1,1,0,0,0,0,0.601584
0,1,0,0,0,0,1,1,0,1,1,0,1,0,0,1,1,1,1,1,1,1,0,1,0,1,1,1,0,1,0,1,0.651443
1,1,1,0,1,0,0,0,1,0,1,1,0,0,0,1,0,1,1,1,0,0,1,1,0,1,1,0,1,0,1,1,0.605419
1,0,1,0,0,1,1,1,1,1,0,1,0,1,0,0,1,0,0,1,1,1,0,1,1,0,1,0,0,0,1,1,0.606222
0,1,1,0,0,0,0,1,0,1,0,0,1,0,0,1,1,1,0,1,1,1,1,0,1,1,0,0,0,1,1,0,0.607776
0,0,0,0,1,1,1,1,1,0,1,0,1,1,0,1,1,1,1,0,0,1,0,1,0,0,0,1,1,1,1,0,0.581681
1,0,0,0,1,1,1,1,0,1,0,1,0,1,1,0,1,0,1,0,1,1,1,0,1,1,0,0,1,0,1,0,0.641416
0,0,0,1,0,0,0,0,0,1,0,0,1,0,0,0,0,1,0,1,0,1,1,1,0,1,0,0,1,1,1,0,0.542501
0,0,1,1,1,0,0,1,0,0,0,1,1,1,0,0,0,0,1,1,1,0,0,1,0,0,1,0,1,1,1,1,0.596721
0,0,0,0,0,0,0,0,0,1,1,0,1,0,1,1,0,0,0,0,1,1,0,1,0,0,0,1,0,0,1,0,0.510115
0,0,0,1,1,1,1,0,0,0,1,0,1,0,1,0,0,0,1,1,1,1,1,1,1,1,1,1,0,1,0,1,0.619307
0,0,0,0,0,1,1,1,1,0,1,1,1,1,1,1,1,0,0,1,1,1,1,0,1,1,0,0,1,1,1,0,0.626877
0,1,1,1,0,0,1,1,1,0,0,1,1,0,1,1,1,1,1,1,0,0,0,1,1,0,0,1,1,0,1,1,0.637480
0,1,0,0,0,1,0,1,0,1,0,1,0,0,0,0,1,1,0,1,1,1,1,1,0,0,1,0,0,1,0,1,0.591933
1,0,1,1,0,0,1,1,1,1,1,1,0,0,1,1,0,0,1,0,1,0,1,1,0,0,1,0,0,0,0,0,0.622766
1,1,1,1,0,1,1,1,0,0,1,0,1,1,1,0,0,0,1,0,1,1,0,1,0,0,0,0,1,0,1,0,0.601885
0,0,0,1,1,1,0,1,1,1,1,0,0,1,0,0,1,0,1,0,0,1,0,0,1,1,1,1,1,0,0,0,0.606121
0,0,0,1,1,0,1,0,0,1,1,0,1,1,0,0,1,1,1,1,0,1,1,1,0,0,1,1,0,1,1,0,0.618429
1,1,1,0,0,0,0,0,0,1,1,1,1,1,0,0,0,1,1,0,0,1,0,1,0,0,0,1,1,0,1,0,0.611210
1,1,1,1,0,1,1,0,0,0,1,1,1,1,1,1,0,1,0,1,1,1,0,1,1,0,0,1,0,0,1,0,0.613591
0,1,0,0,1,1,0,1,0,0,0,0,0,0,1,1,1,0,1,1,1,1,0,0,0,0,0,1,0,1,1,0,0.564234
1,1,1,0,0,0,1,1,0,1,0,1,1,0,1,0,0,1,1,1,1,0,1,1,0,1,0,0,1,0,1,0,0.634447
1,0,1,1,1,1,1,1,1,0,0,0,1,0,0,0,0,0,0,1,0,0,1,1,0,0,1,1,1,1,1,0,0.607876
0,0,1,1,0,1,1,1,0,1,0,0,0,0,1,0,1,0,0,1,1,0,0,1,1,0,0,1,0,1,0,1,0.612915
0,0,0,0,0,1,0,0,0,0,0,0,1,0,1,1,1,0,1,0,1,0,1,0,0,1,0,1,1,0,1,1,0.581756
1,1,1,0,0,1,0,1,1,1,0,1,0,1,0,0,1,0,1,0,1,0,1,0,1,0,1,0,1,0,1,0,0.692678
0,0,0,1,1,0,0,1,0,1,1,0,0,0,1,0,1,1,0,1,0,0,1,0,0,0,1,1,0,0,1,0,0.584012
1,0,0,0,1,1,0,1,0,0,0,0,1,0,1,0,0,0,0,0,1,0,1,1,1,1,0,1,1,0,1,0,0.583260
0,0,1,0,0,0,1,1,0,0,1,0,1,0,0,0,0,0,0,1,0,1,0,1,1,0,1,0,0,0,1,1,0.568847
0,0,1,0,1,1,0,1,1,1,1,1,1,0,1,0,1,1,1,0,0,0,0,1,1,0,1,0,1,1,1,0,0.617778
0,1,0,1,0,1,1,1,0,1,1,0,0,1,0,1,0,0,1,1,0,1,1,1,1,1,1,1,0,0,0,1,0.676234
0,0,1,0,0,1,1,1,1,1,0,1,0,1,0,1,0,0,1,1,1,1,1,0,1,1,0,1,1,0,0,1,0.624771
0,1,0,1,0,0,0,1,0,0,0,1,0,0,0,0,1,1,0,0,0,1,0,0,1,0,1,0,1,0,1,1,0.603163
1,1,1,0,0,1,1,1,1,1,0,1,1,1,0,1,0,1,0,1,1,1,0,0,1,0,1,0,1,0,1,1,0.610734
1,0,0,1,0,0,0,0,0,0,1,0,0,0,0,1,0,0,0,0,1,1,0,0,0,1,1,0,0,0,0,0,0.598626
0,1,1,1,0,0,0,0,1,0,0,0,0,0,0,0,0,0,1,1,0,1,1,1,1,1,1,0,1,1,0,1,0.584463
1,0,0,1,0,1,1,1,0,1,0,1,0,1,1,0,1,1,0,1,1,0,1,0,1,0,0,0,0,0,0,0,0.672474
1,1,0,0,0,1,1,0,0,1,0,1,1,1,0,0,1,1,1,1,1,0,1,1,1,1,0,0,0,1,0,0,0.699195
1,0,0,0,0,0,0,1,1,1,0,1,1,1,1,0,0,0,0,1,0,1,0,0,1,1,1,1,1,0,1,1,0.600932
1,0,0,0,1,0,1,1,1,0,0,0,1,1,0,1,1,1,0,0,0,1,1,1,0,0,1,1,0,0,0,1,0.590755
0,1,1,0,0,0,0,1,1,1,1,1,0,1,0,1,0,1,0,1,1,0,0,0,1,0,1,0,0,1,0,1,0.626927
1,1,1,1,1,0,1,0,0,0,1,1,0,1,1,0,1,1,1,0,1,0,1,0,1,0,1,0,0,0,0,0,0.676460
1,1,1,1,1,1,0,0,1,1,1,0,0,0,1,0,1,1,1,0,1,1,1,0,1,0,1,0,0,0,1,1,0.638408
0,1,1,0,0,0,1,0,1,0,1,1,1,1,0,0,0,1,0,1,1,0,1,1,0,1,0,0,0,0,0,1,0.610809
1,0,1,1,1,1,1,0,1,1,0,0,1,0,0,1,1,0,0,0,0,1,1,1,0,1,1,0,0,0,1,1,0.593588
1,0,0,1,1,0,1,0,1,0,0,0,1,0,1,1,1,1,0,0,1,1,0,1,1,1,1,0,0,0,1,1,0.616198
0,0,0,0,0,0,1,1,0,1,0,0,0,0,0,1,1,1,0,1,0,0,0,0,1,0,0,0,0,1,0,0,0.556990
0,1,1,0,0,0,0,0,0,0,1,1,1,0,0,1,1,1,1,0,0,0,0,1,1,0,0,1,0,1,0,1,0.594716
0,1,1,1,0,1,0,0,1,0,0,0,0,0,1,0,0,0,0,1,0,1,1,0,1,0,0,1,0,0,1,1,0.590780
1,1,0,0,0,1,1,1,1,1,0,1,0,0,1,1,1,0,1,0,0,1,0,1,0,0,1,1,0,0,1,1,0.654626
1,0,0,0,0,0,1,1,0,0,0,0,0,1,1,0,1,1,0,1,0,1,1,0,1,0,1,0,1,1,1,0,0.648234
0,0,1,0,0,1,0,0,1,0,0,1,0,1,1,1,0,1,1,0,0,1,0,1,0,0,1,1,0,1,1,1,0.576066
1,0,1,1,1,0,0,0,1,0,0,0,0,0,1,1,0,1,1,0,0,1,1,1,0,0,1,0,1,1,1,0,0.607676
1,1,0,0,0,1,1,1,1,0,0,1,0,0,1,1,0,0,1,0,0,0,1,0,0,1,0,0,0,0,1,1,0.596295
1,1,1,0,1,0,0,1,0,0,0,0,0,1,1,1,0,1,1,0,0,0,1,0,0,0,0,1,0,1,1,1,0.618479
0,0,1,0,1,1,0,1,1,1,1,1,1,1,1,0,1,0,0,0,1,1,0,1,0,1,1,1,0,1,0,0,0.615146
0,1,1,1,1,0,0,1,1,1,0,0,0,0,1,0,1,1,1,1,0,0,1,1,1,1,1,1,1,1,0,1,0.625473
0,1,1,1,1,0,1,0,1,0,0,0,1,1,1,1,0,0,0,0,1,0,1,1,1,0,0,1,1,1,1,0,0.628506
1,1,1,0,1,0,1,1,1,0,0,1,0,0,0,1,0,0,1,0,1,0,0,0,1,1,0,1,0,0,0,0,0.616374
1,0,0,1,0,1,0,0,0,0,0,0,0,1,1,0,0,1,1,0,0,0,1,0,1,0,0,1,1,1,1,1,0.610057
0,0,1,0,0,0,0,1,0,0,1,0,0,0,1,0,0,0,0,0,1,0,0,0,1,0,0,1,0,1,1,1,0.557466
1,0,0,1,1,1,0,1,1,0,0,1,1,1,1,1,1,0,1,0,1,1,1,1,0,1,0,1,1,0,1,1,0.624145
1,0,0,0,0,1,0,1,0,1,1,1,0,0,0,0,1,1,0,0,0,1,1,0,0,1,0,1,1,1,0,1,0.595343
1,0,1,0,0,1,1,0,1,1,1,1,0,1,1,1,1,0,1,1,1,0,0,0,0,0,1,1,1,1,0,1,0.604216
0,0,1,0,0,0,0,0,1,0,1,1,1,1,0,0,0,0,1,0,0,1,0,0,0,0,1,1,1,1,1,1,0.597248
0,1,1,1,1,1,1,0,1,0,1,1,0,0,1,1,0,1,1,1,0,0,1,1,1,0,1,1,1,0,1,1,0.645627
1,1,1,0,1,0,0,0,1,0,1,1,0,1,1,1,1,1,1,0,1,0,1,1,0,0,1,0,1,0,0,0,0.652821
1,0,0,1,1,0,0,0,1,1,1,0,1,0,1,0,0,0,0,0,0,1,0,0,1,1,0,0,0,0,1,0,0.625273
0,1,0,1,1,1,1,0,0,1,1,1,1,1,0,0,1,1,0,1,1,1,0,0,0,1,0,0,0,1,0,0,0.633946
0,1,0,1,0,1,1,1,0,1,0,1,1,1,1,0,1,1,1,0,1,0,1,0,0,1,0,0,1,0,1,0,0.615346
1,0,1,1,0,0,0,0,0,1,1,1,0,0,1,0,0,1,1,1,1,0,0,0,1,1,0,1,1,1,1,1,0.615522
1,1,1,1,0,1,0,0,0,1,0,0,1,0,0,1,0,1,0,1,0,1,1,0,1,0,0,0,0,0,0,1,0.613491
1,1,0,1,1,1,1,0,1,1,1,0,1,0,0,1,0,1,1,0,1,0,0,1,1,1,0,0,0,0,0,1,0.618454
1,1,1,1,0,0,1,1,0,0,0,0,1,0,0,0,1,1,1,0,1,0,1,1,0,0,0,1,0,1,1,0,0.611461
1,0,1,1,1,1,0,0,0,1,0,0,1,0,0,1,1,0,1,1,1,0,0,1,1,1,0,1,1,1,1,1,0.603464
1,0,0,0,0,1,1,1,0,1,0,1,0,1,1,0,1,0,0,0,1,0,0,0,0,1,1,0,1,1,1,1,0.597398
1,0,1,1,0,0,0,0,0,0,0,1,1,0,0,0,1,0,1,0,1,0,1,0,0,1,1,1,0,1,1,0,0.612137
1,1,0,0,1,1,0,1,1,0,1,1,0,0,1,1,1,0,0,1,1,1,1,1,1,1,1,0,0,1,1,1,0.568671
0,0,0,1,1,1,1,0,0,0,1,1,0,0,1,1,0,1,1,0,0,0,0,1,0,0,1,0,0,1,0,1,0.622114
1,1,1,0,0,1,0,0,0,1,1,1,1,1,1,1,1,1,0,0,1,0,1,0,0,0,1,0,0,1,1,0,0.616424
0,1,1,0,0,1,1,1,0,0,1,0,0,0,1,1,1,1,1,0,1,1,1,1,0,0,1,0,0,1,0,1,0.614644
0,0,1,1,1,0,1,1,1,1,0,1,1,0,1,1,0,1,1,1,0,1,0,0,1,0,1,0,0,0,0,0,0.618755
0,0,0,0,1,0,0,1,0,0,0,0,1,0,1,0,0,0,1,1,1,1,0,0,1,1,1,0,1,1,0,1,0.574788
0,1,1,0,1,1,0,1,1,1,1,0,1,0,1,1,1,1,1,1,1,1,0,1,0,0,1,0,0,1,0,0,0.622590
1,1,1,0,0,1,0,1,0,0,0,1,0,0,0,0,0,0,0,1,1,0,1,0,0,1,1,1,1,0,0,1,0.602863
0,1,1,1,1,1,0,1,1,1,1,0,1,0,0,1,1,1,1,0,1,0,0,0,0,1,0,0,0,0,0,0,0.628306
0,1,1,1,0,0,0,0,1,1,0,1,0,1,0,0,0,0,1,0,1,0,0,0,0,1,1,0,0,0,0,1,0.609255
1,0,1,0,1,0,1,0,0,0,0,1,1,1,1,1,1,1,1,1,1,1,1,1,1,0,0,0,1,1,0,0,0.643221
0,0,1,0,0,0,1,0,0,0,1,1,0,1,0,0,1,0,0,0,0,1,1,1,1,0,0,1,1,1,0,0,0.579625
0,1,0,1,0,1,1,0,0,0,1,0,1,1,0,1,0,1,1,0,1,1,0,0,0,0,0,1,0,1,1,0,0.619457
0,1,0,1,0,1,1,0,0,1,1,1,0,1,1,0,0,0,1,1,0,0,0,0,0,1,1,0,1,0,0,1,0.599428
1,1,1,1,0,0,0,1,1,1,0,1,1,1,1,1,0,1,1,1,0,1,1,1,0,1,0,1,1,0,0,1,0.661871
0,0,1,0,0,1,0,0,1,0,1,0,0,1,0,0,1,1,0,1,1,0,0,0,1,0,0,0,1,0,0,0,0.581104
1,0,0,0,0,1,1,0,1,0,1,0,1,0,1,1,0,1,0,0,0,1,0,1,0,1,0,1,0,1,0,0,0.591206
0,1,1,0,1,1,1,0,0,1,1,1,0,1,0,1,0,0,0,0,1,1,0,0,1,0,1,0,1,1,1,1,0.612789
0,0,0,1,0,1,1,0,1,0,0,1,1,1,0,0,0,1,0,1,0,1,1,0,0,0,0,1,0,1,0,1,0.576693
0,1,1,0,0,0,0,1,0,0,0,1,0,0,1,0,0,1,0,0,1,1,1,1,0,0,0,1,0,0,0,0,0.567844
0,0,1,1,1,0,0,0,0,1,1,1,0,1,1,0,0,1,1,0,0,0,0,1,1,1,0,1,1,1,0,0,0.614870
0,0,1,1,0,1,0,0,1,0,0,0,0,1,1,0,1,0,1,0,1,0,1,1,1,0,1,0,1,1,1,0,0.620284
1,0,0,0,1,0,0,0,1,1,1,1,1,1,1,0,0,1,1,1,0,0,1,1,0,1,0,1,0,1,0,0,0.623819
0,0,0,1,0,0,1,1,1,0,1,0,0,1,1,1,0,0,1,1,0,0,1,1,1,0,0,0,0,0,1,0,0.647783
0,1,0,0,0,0,1,1,1,0,1,0,1,1,1,0,1,0,1,1,0,0,1,1,0,0,1,0,1,0,0,0,0.604743
0,0,1,1,0,1,0,0,1,1,0,1,1,1,1,0,0,0,1,1,1,1,0,0,0,1,1,1,0,1,0,1,0.635500
1,0,0,0,1,1,1,0,0,1,0,1,0,0,0,1,1,0,0,0,1,0,0,0,1,1,1,1,1,0,0,0,0.610809
1,0,1,0,0,1,1,1,0,0,1,1,0,0,0,1,0,0,0,1,0,0,1,0,1,0,0,0,0,1,1,0,0.587948
1,0,1,1,0,0,1,1,1,0,0,0,0,1,0,1,0,1,0,0,0,1,0,0,0,1,1,1,1,1,0,1,0.620961
0,1,1,1,1,0,1,1,0,0,0,1,0,0,0,1,0,1,0,0,1,0,0,0,0,0,1,0,1,0,0,1,0.612463
1,0,1,0,0,0,0,1,1,1,1,1,1,0,1,0,1,1,1,1,0,1,0,0,0,1,1,0,0,0,0,1,0.607926
1,0,0,0,1,1,1,1,0,0,0,1,1,0,1,0,0,0,1,0,1,1,1,0,1,1,0,1,0,1,0,0,0.606924
1,1,0,1,1,1,1,0,0,1,0,0,1,0,0,0,0,1,1,1,0,0,0,0,0,0,0,1,1,0,1,1,0.608578
0,0,0,1,1,0,1,1,0,1,1,0,1,0,0,0,0,1,0,1,1,0,0,1,0,1,0,0,1,1,0,1,0.595092
1,0,0,1,1,0,1,0,1,0,1,0,1,0,0,1,1,1,1,0,0,1,0,0,1,1,0,0,0,1,0,0,0.651994
0,0,0,1,1,1,0,1,1,0,1,1,1,0,1,1,1,0,0,0,1,0,0,1,1,0,1,1,1,0,0,1,0.599479
1,1,1,1,1,1,0,1,0,1,1,0,1,0,0,1,0,0,0,0,1,0,0,1,0,0,0,0,1,1,1,0,0.605144
0,1,0,0,1,1,0,0,1,0,1,0,1,0,1,1,1,1,0,0,1,0,1,1,1,0,1,1,1,0,0,0,0.597599
1,0,1,0,0,0,0,1,1,1,1,0,0,1,0,1,0,1,1,0,0,0,0,0,0,0,1,0,0,1,0,0,0.594741
0,0,0,0,1,1,0,1,1,1,0,0,1,0,0,0,0,0,1,1,0,0,0,1,1,0,1,0,1,0,1,1,0.583586
0,0,1,0,1,1,0,1,1,0,1,0,1,1,1,0,1,0,0,0,0,0,0,1,1,0,0,0,1,1,0,1,0.574562
1,1,0,1,0,1,0,0,0,0,0,0,1,1,1,1,1,1,1,0,0,1,0,1,1,0,1,1,1,1,0,0,0.651167
0,0,0,0,0,0,0,1,0,0,1,0,1,1,0,1,1,1,1,1,0,1,0,1,0,0,0,0,1,0,1,1,0.604016
0,1,0,0,1,1,0,1,1,0,0,1,0,1,0,1,1,0,1,1,0,0,1,1,0,1,1,1,0,0,0,1,0.648284
0,0,1,1,0,0,1,0,0,1,1,1,1,1,1,1,1,1,0,0,1,0,0,0,0,1,1,1,1,1,0,1,0.604291
1,1,0,0,0,1,1,0,0,0,0,0,0,1,0,1,1,0,0,0,0,1,0,1,0,0,0,1,0,0,0,1,0.632141
1,1,1,0,0,0,1,0,0,0,1,0,1,0,0,1,0,1,1,1,1,0,0,1,0,0,1,0,1,0,1,0,0.603840
0,0,0,0,1,0,0,0,1,0,0,0,0,1,0,0,1,0,0,1,0,1,1,0,1,1,0,0,1,0,1,1,0.601559
1,0,0,1,1,1,0,1,1,1,1,0,1,0,1,0,1,1,1,0,0,0,1,0,1,1,0,1,1,1,0,1,0.622691
1,0,1,1,0,1,1,1,0,0,1,1,0,1,0,1,1,0,1,1,1,1,1,1,1,1,0,0,1,1,1,0,0.613667
0,1,0,1,1,0,0,1,1,0,1,0,1,1,0,0,1,1,1,0,1,0,1,1,1,0,0,0,0,0,0,1,0.604918
0,1,0,0,0,0,0,1,0,1,0,0,1,1,1,1,1,0,1,0,0,1,1,1,0,1,1,1,1,0,1,1,0.634297
0,1,0,1,1,0,0,1,0,0,0,1,1,0,1,0,1,1,0,0,0,1,0,0,0,0,0,0,1,1,0,1,0.580879
0,1,0,1,1,1,0,0,1,0,1,0,1,0,1,1,1,1,1,0,1,0,0,1,1,1,0,0,0,0,1,1,0.613316
1,1,0,0,1,1,0,0,1,1,0,0,1,1,1,0,1,0,0,1,0,1,1,0,0,1,1,0,1,0,0,0,0.708295
1,0,1,0,0,0,0,1,0,1,1,0,0,0,0,0,0,0,1,0,1,1,0,1,1,0,1,0,0,0,1,0,0.591933
0,0,0,0,0,0,1,0,1,1,0,0,1,1,1,0,0,0,0,0,0,1,0,0,0,0,1,0,0,1,1,0,0.527661
0,1,1,1,1,1,0,0,0,1,0,0,1,0,1,1,1,0,1,0,1,1,1,0,0,1,1,0,1,0,1,0,0.619557
0,1,0,0,1,0,0,1,0,0,1,0,0,1,1,1,1,0,1,0,0,1,1,1,0,1,1,1,1,1,0,0,0.609255
0,0,0,0,1,1,1,0,1,0,1,1,0,0,0,0,1,1,0,1,0,0,0,1,0,0,1,0,0,0,0,1,0.587271
0,1,0,1,0,1,0,0,1,1,0,1,1,0,0,0,1,1,0,1,1,0,1,1,0,1,1,0,0,0,0,0,0.615421
0,0,1,1,0,1,0,1,0,1,0,1,0,1,0,1,0,0,1,1,1,1,0,0,1,1,1,0,1,1,0,0,0.618279
1,0,1,0,0,0,1,0,1,1,1,1,1,1,0,1,1,0,0,0,0,0,1,0,1,0,0,0,1,1,1,1,0.611887
1,0,1,1,1,1,0,0,1,0,0,1,1,1,1,0,1,0,0,0,0,1,1,1,1,1,1,0,0,1,1,1,0.616023
1,0,1,0,0,1,1,0,1,1,1,1,0,0,0,1,0,0,1,0,1,0,0,1,1,1,0,1,0,1,0,1,0.614118
1,0,1,1,1,1,1,1,1,1,1,1,0,0,0,0,1,1,1,1,0,1,0,0,0,0,0,0,1,1,0,1,0.612087
0,1,0,1,1,0,0,0,0,0,1,1,0,1,1,1,1,1,0,1,1,0,1,1,0,0,1,0,1,1,0,1,0.606021
1,1,0,0,0,0,0,1,1,0,1,0,1,1,0,0,1,0,1,1,0,0,0,0,0,1,0,1,1,0,0,1,0.614895
0,1,1,1,0,0,1,1,0,0,0,1,0,0,0,1,0,1,1,1,0,1,1,1,1,0,0,0,1,0,0,0,0.618504
1,0,1,1,0,0,1,1,0,1,1,1,1,0,1,1,0,0,0,1,1,0,1,1,0,0,0,0,0,0,1,0,0.651743
0,1,0,0,0,0,1,1,0,0,1,1,1,0,0,1,1,1,1,1,1,0,0,0,0,1,1,1,0,0,0,1,0.605695
0,1,1,0,0,0,1,1,0,1,1,0,1,1,1,0,1,0,0,0,0,1,1,0,1,1,0,0,1,1,0,1,0.611310
1,1,0,0,0,0,0,1,1,0,0,0,0,0,1,1,0,0,0,0,0,0,1,1,1,1,1,0,1,1,1,0,0.620134
1,1,1,0,0,0,0,1,0,1,0,0,0,0,1,0,0,0,0,0,0,1,0,1,1,1,0,0,0,1,1,1,0.594340
0,1,0,1,1,1,1,1,1,1,0,1,0,0,0,1,1,0,0,1,1,1,1,0,0,1,1,1,0,0,1,0,0.625222
1,1,0,0,0,1,1,0,1,0,0,1,0,0,0,1,0,1,1,1,0,0,0,1,0,1,1,1,1,1,1,1,0.606497
1,1,1,0,1,0,1,0,0,1,0,0,0,0,0,0,1,0,0,1,1,0,1,1,0,0,0,1,1,0,0,0,0.638834
0,0,0,0,1,0,1,0,0,0,0,0,0,1,0,0,0,1,1,1,1,1,1,0,0,1,0,1,1,1,0,0,0.512972
0,0,1,0,0,0,1,1,1,0,1,0,1,1,1,1,1,0,1,1,0,0,1,1,1,0,1,1,1,0,1,0,0.620159
1,0,0,0,0,0,0,1,1,1,1,1,1,1,0,0,0,0,0,0,0,0,1,0,0,1,0,1,1,0,1,1,0.584940
0,1,0,0,0,1,0,1,0,1,1,1,1,1,0,1,0,0,0,1,0,0,0,1,0,0,1,0,0,1,0,1,0.643572
1,1,0,0,0,0,1,0,0,0,0,1,0,0,0,1,1,0,0,1,1,1,1,1,0,1,1,0,0,1,1,1,0.605896
1,1,0,1,0,1,0,1,1,0,0,0,1,1,1,0,1,1,0,0,1,1,0,0,1,0,0,0,1,1,1,1,0.626651
1,1,0,1,0,1,1,0,0,1,1,1,0,0,0,0,0,1,1,0,0,1,0,0,1,0,0,0,1,1,0,0,0.635299
1,1,1,1,1,0,1,1,1,1,1,0,1,0,1,1,1,1,1,0,1,1,0,1,1,1,0,1,1,1,1,1,0.572807
1,1,0,1,0,1,0,0,1,0,0,1,1,0,1,0,1,1,0,1,1,0,0,0,0,1,0,1,1,1,1,1,0.623668
1,0,0,1,1,0,0,1,1,1,1,0,1,0,1,0,1,1,1,1,1,0,0,0,1,0,0,1,1,1,0,1,0.626376
0,0,1,1,1,0,1,1,0,1,0,0,1,1,1,1,1,0,0,1,0,0,0,0,0,0,0,0,0,1,0,0,0.606046
0,1,1,0,0,0,0,1,0,0,1,0,1,0,1,0,1,0,0,0,0,1,0,0,0,0,1,1,0,1,0,1,0.582132
1,1,0,0,0,1,0,0,1,0,1,1,1,0,0,1,0,0,1,0,0,1,1,1,0,0,0,1,0,0,1,1,0.620485
0,0,0,0,1,0,0,0,0,1,1,0,0,1,1,1,0,0,0,1,1,1,1,0,1,0,1,0,0,0,1,0,0.535733
0,0,1,1,1,0,0,0,1,0,0,0,0,1,0,1,1,1,1,1,0,1,0,1,0,0,1,0,1,0,0,1,0.603189
0,1,1,0,1,1,1,0,0,0,1,0,0,0,0,0,0,0,0,1,1,1,1,0,0,1,0,0,1,0,1,1,0.596746
0,0,1,0,0,0,0,1,0,0,1,0,1,0,1,1,0,1,1,0,0,0,0,1,1,0,1,1,1,1,0,0,0.573033
1,0,0,0,1,0,0,0,0,1,0,0,1,1,1,1,0,0,1,0,1,1,1,1,0,1,1,0,1,0,0,1,0.601384
0,1,0,1,0,1,0,1,1,0,1,1,1,1,0,1,0,0,1,1,1,0,0,0,1,0,1,0,0,1,0,1,0.628757
1,1,0,0,1,1,1,1,0,0,0,0,0,1,1,0,1,0,1,1,1,1,0,0,1,0,1,1,1,0,1,1,0.609330
1,0,0,0,1,0,0,0,1,1,1,0,1,0,1,0,1,0,1,1,0,1,1,0,0,1,1,1,0,1,1,0,0.630888
0,1,0,0,0,0,1,0,1,0,0,0,1,0,1,1,0,1,0,1,1,0,0,1,0,1,1,1,1,0,1,0,0.588449
1,0,0,1,0,0,1,1,0,1,1,1,1,0,1,1,1,1,0,0,1,1,0,1,0,0,0,0,1,1,0,1,0.606021
1,0,0,1,1,0,0,1,1,0,0,1,0,0,0,1,1,0,0,0,1,0,0,1,1,0,1,0,1,0,1,0,0.615196
1,1,1,1,0,1,1,0,1,0,0,1,1,0,1,0,1,1,1,0,0,1,0,1,1,1,1,0,0,1,0,1,0.621237
0,1,1,0,1,1,1,0,0,1,1,0,1,1,0,0,1,1,0,0,0,1,1,0,0,1,0,1,0,1,0,0,0.622992
0,1,1,0,0,1,0,1,1,1,0,0,1,1,1,1,1,0,0,0,1,1,1,0,1,1,1,1,1,1,0,0,0.627128
1,0,0,0,1,0,0,0,1,1,0,1,0,1,1,0,1,1,0,0,1,1,1,0,1,1,0,0,1,0,0,0,0.743489
0,0,1,0,1,0,0,0,1,1,1,0,0,0,0,1,1,1,0,1,1,0,1,0,0,0,1,1,0,0,0,0,0.621838
0,1,0,1,1,0,0,0,0,1,1,0,0,0,1,1,0,0,0,1,0,1,0,1,1,0,1,1,1,0,0,1,0.604542
1,1,0,0,1,1,1,1,0,1,1,1,1,1,0,0,0,0,0,0,1,1,0,1,0,1,1,0,0,0,1,0,0.602963
1,0,0,0,1,0,1,0,1,0,0,1,0,1,0,1,1,1,1,1,1,1,0,0,0,1,0,1,1,1,1,0,0.615973
1,1,0,0,1,1,0,0,1,0,1,0,1,0,1,0,0,0,1,1,1,0,0,0,0,1,0,0,1,1,0,1,0.611887
1,1,1,1,0,1,1,0,0,1,0,0,0,1,0,0,1,1,0,1,0,0,1,0,1,1,1,0,0,0,1,1,0.623468
1,1,1,1,0,1,1,1,1,0,0,0,0,1,1,1,1,0,1,1,0,1,1,1,1,1,0,1,1,0,1,0,0.680646
1,1,1,1,1,0,0,1,1,1,1,1,1,1,0,1,1,0,0,0,1,0,1,0,1,1,0,1,0,0,0,0,0.640263
1,1,1,0,1,1,0,1,1,0,0,0,0,0,1,1,0,0,0,1,0,0,0,0,0,0,1,1,0,1,1,1,0.627504
0,1,1,0,1,1,1,1,1,1,0,1,1,1,1,1,0,1,1,0,0,0,0,0,1,1,1,0,0,0,1,0,0.616750
0,0,0,1,0,0,1,0,1,0,1,0,1,1,0,1,0,0,1,0,1,1,0,0,0,1,1,0,1,0,0,0,0.556313
1,1,0,0,0,1,1,0,0,0,1,1,1,0,0,0,1,1,0,0,1,1,0,1,1,1,0,0,1,0,0,0,0.730153
0,0,1,1,1,1,0,0,1,0,1,1,1,0,0,0,1,0,1,0,1,1,0,1,0,0,1,0,1,1,1,1,0.617602
1,0,0,0,1,0,1,1,1,1,1,0,0,0,1,0,1,1,1,1,1,1,0,0,0,0,1,1,1,0,1,0,0.637555
0,1,0,0,0,1,0,1,1,1,0,0,0,0,0,1,1,1,0,0,1,1,1,0,1,1,0,1,1,0,1,0,0.583085
1,0,0,1,1,1,1,1,1,0,0,1,0,1,0,0,1,1,1,1,0,1,0,1,1,1,1,1,1,1,0,1,0.607776
1,0,0,1,1,1,0,1,1,0,0,0,1,1,1,1,0,0,1,0,1,1,1,0,1,1,0,0,1,1,1,1,0.591883
0,0,1,0,1,1,1,0,1,1,1,0,1,0,1,1,0,0,0,0,0,1,0,0,1,1,1,0,0,1,1,0,0.604943
1,1,1,0,0,1,0,1,0,0,0,1,0,0,1,1,0,0,0,1,1,1,0,1,1,0,1,0,0,0,1,1,0.620986
0,0,1,0,1,1,1,1,1,0,0,0,1,0,0,0,0,1,1,0,1,0,0,0,1,1,1,1,0,1,1,1,0.606748
0,1,1,1,1,1,1,1,0,0,1,0,1,0,0,1,1,0,0,1,1,0,0,1,1,1,0,0,1,0,1,1,0.613817
0,0,1,1,1,1,1,1,1,1,1,1,0,1,0,1,1,1,0,0,0,1,1,0,1,1,1,0,1,0,1,0,0.621813
0,0,1,0,1,1,0,0,0,1,0,0,0,0,1,1,1,0,1,0,0,0,0,0,1,0,0,1,0,1,0,0,0.564134
0,0,0,0,0,0,1,0,1,1,1,1,1,0,1,1,1,1,1,0,1,1,1,0,0,0,0,0,1,0,1,0,0.598376
0,1,0,1,0,0,0,0,0,1,1,1,0,0,1,1,0,0,0,0,0,0,0,0,0,1,1,0,0,1,1,1,0.589753
0,1,0,0,1,1,1,1,0,1,0,0,0,0,1,0,0,0,1,1,0,0,0,0,1,1,0,0,1,0,1,0,0.592109
1,0,0,0,1,0,0,1,0,0,1,0,0,0,1,1,1,1,1,1,0,0,0,0,0,1,1,0,0,1,0,1,0.604542
1,1,0,0,1,0,0,0,0,0,0,0,0,0,1,0,0,1,0,0,0,1,0,0,0,1,1,0,0,1,0,1,0.589853
0,1,0,0,0,0,1,0,0,1,1,1,1,1,0,0,1,1,0,0,1,1,0,1,0,0,0,1,0,1,0,1,0.599378
1,1,0,0,0,0,0,1,0,1,0,1,1,0,0,1,0,0,1,1,1,0,0,0,0,0,0,0,1,0,1,0,0.598526
0,0,0,1,1,0,0,1,0,1,1,0,0,0,0,0,1,1,0,1,0,1,0,0,1,1,0,0,1,0,1,0,0.598952
0,0,1,0,1,1,0,0,0,0,1,0,1,1,1,1,0,1,0,1,0,0,1,1,1,0,0,0,0,1,0,0,0.554458
1,0,0,1,0,0,1,1,0,0,0,1,0,1,0,0,1,0,1,0,0,0,1,1,0,0,1,0,1,0,1,1,0.603915
1,1,1,1,1,0,1,0,0,0,1,0,1,0,0,0,0,1,0,0,0,0,0,0,0,1,1,0,0,1,0,0,0.630787
0,0,0,1,0,1,1,0,1,1,1,0,1,1,0,1,0,0,1,0,1,0,0,0,1,1,1,1,0,1,0,0,0.613240
0,0,0,0,1,0,1,1,1,0,0,1,0,0,0,1,0,1,0,0,1,0,1,0,1,1,0,1,1,0,0,0,0.570702
1,0,1,0,0,1,0,1,0,0,1,0,0,0,1,0,0,1,1,1,1,1,1,0,0,0,0,0,1,1,0,1,0.596395
0,0,1,0,0,1,1,1,1,1,1,0,1,1,0,1,1,1,1,1,0,0,0,0,0,1,1,1,0,1,1,1,0.619557
0,1,1,0,1,0,0,0,1,1,0,1,0,1,0,0,0,1,1,1,0,1,1,1,1,0,0,0,1,1,0,1,0.602462
0,0,0,1,1,0,0,1,1,1,0,1,0,1,0,0,1,1,0,0,0,0,1,0,1,1,0,1,1,0,0,0,0.608152
0,0,1,0,1,1,0,0,0,0,0,1,1,0,0,0,1,1,0,1,0,0,1,0,0,0,1,1,1,1,0,1,0.584263
1,1,1,1,1,1,1,1,1,0,1,1,1,1,1,1,1,1,1,0,0,0,1,1,1,0,1,1,1,1,1,0,0.635650
1,1,1,1,0,0,1,0,0,1,0,0,1,1,1,0,1,0,0,0,1,0,0,1,0,1,0,1,0,0,0,0,0.631615
1,0,1,0,0,0,1,1,0,0,1,1,1,0,1,1,0,0,0,1,1,1,1,0,1,0,1,0,1,0,1,0,0.617201
1,1,1,0,0,1,0,0,0,1,1,0,0,1,0,0,0,1,0,0,0,1,0,1,0,0,0,1,0,0,0,1,0.608503
1,1,1,1,1,1,1,0,0,0,0,1,0,1,1,1,1,1,0,1,0,1,1,1,1,0,0,1,0,1,0,0,0.631966
0,1,0,1,0,1,0,1,0,0,1,1,1,0,0,1,0,1,0,1,1,1,1,1,0,1,1,1,1,1,1,1,0.639786
0,1,0,0,0,1,0,1,1,1,0,0,0,1,0,1,0,1,1,0,0,1,1,1,1,1,1,1,1,1,0,0,0.617201
0,0,0,1,1,1,0,0,1,1,0,1,0,1,0,0,0,1,1,1,1,1,1,1,1,1,1,0,1,0,0,1,0.616825
1,0,1,1,0,1,1,0,1,1,1,1,0,0,0,1,1,0,0,0,0,1,0,1,1,1,1,1,1,0,1,0,0.626376
0,1,1,1,1,1,0,1,0,1,0,1,1,1,1,0,0,0,0,0,1,0,1,1,1,0,1,1,0,1,1,0,0.620786
0,1,1,1,0,0,0,0,1,1,1,1,0,0,1,0,0,1,1,0,0,0,0,1,1,1,0,0,1,0,0,1,0.600857
0,0,1,0,0,0,1,1,1,0,1,1,1,1,0,0,1,1,0,1,1,1,0,0,1,0,1,0,1,0,1,0,0.613842
1,1,0,1,0,1,1,1,1,0,0,0,0,0,0,0,0,0,1,0,0,0,0,0,1,0,1,0,1,0,1,1,0.607300
1,0,1,0,1,1,0,1,0,0,0,1,0,0,0,0,1,0,0,1,1,1,0,1,0,1,1,0,0,0,0,1,0.596521
1,1,1,0,0,1,1,1,0,0,0,0,0,0,0,1,0,0,1,0,0,0,1,1,0,1,1,1,0,0,1,1,0.614995
1,1,1,0,0,1,1,0,0,1,1,0,1,1,1,1,0,1,0,0,1,1,1,0,1,0,0,0,0,1,1,0,0.610458
1,0,1,1,0,1,0,0,0,1,1,1,1,0,1,0,0,1,1,1,1,0,1,1,1,0,0,1,0,1,1,0,0.623368
1,0,1,0,1,1,0,1,0,0,1,1,1,1,0,0,1,1,0,0,1,0,0,0,0,1,1,1,0,1,1,0,0.608578
0,1,1,1,0,1,1,0,1,1,1,1,1,1,0,1,1,1,1,0,0,0,1,1,0,1,1,1,1,0,0,1,0.636051
0,1,1,1,1,0,0,1,0,0,0,0,0,1,0,0,0,0,0,0,0,0,1,1,1,0,0,1,1,1,1,1,0.611887
0,1,0,0,0,0,1,0,1,1,0,0,0,1,1,0,0,0,0,1,1,1,1,1,0,0,1,1,1,0,0,0,0.567719
1,0,0,0,1,0,0,1,0,0,1,1,0,0,1,1,0,1,1,1,0,1,0,1,1,1,1,1,1,0,0,1,0.624470
0,1,0,1,1,1,0,0,0,1,1,1,1,1,0,1,0,1,0,1,1,1,0,1,1,0,1,0,0,1,0,1,0.647332
0,1,0,0,0,1,1,0,1,1,0,0,1,1,1,0,0,1,1,0,1,0,0,1,0,1,1,1,0,0,1,0,0.609230
0,1,1,0,1,0,1,1,1,1,0,0,0,1,1,0,0,0,0,0,0,1,1,1,0,0,0,0,0,0,0,1,0.598676
0,0,1,0,1,1,0,1,1,0,0,0,0,1,0,1,0,1,1,1,0,0,1,0,0,0,1,0,1,1,0,0,0.563758
1,1,0,0,0,0,0,0,1,0,1,0,0,1,1,0,1,1,1,1,1,1,1,0,0,1,0,0,1,0,1,0,0.662623
0,1,1,1,0,0,0,1,0,0,0,1,1,0,0,1,0,0,1,0,1,1,0,1,1,0,1,0,1,1,0,0,0.585942
0,0,1,1,0,0,1,0,1,1,1,0,0,0,1,1,1,1,0,1,1,1,0,0,0,1,0,0,0,1,0,1,0.611686
1,0,0,0,1,1,1,1,1,1,1,0,1,1,0,1,1,0,0,0,1,0,1,0,1,1,0,1,0,1,0,0,0.653298
0,1,1,1,1,1,0,0,1,1,0,1,0,0,1,0,1,0,1,0,0,0,1,0,0,0,1,1,1,0,1,1,0.606422
0,1,1,1,0,0,0,0,1,0,1,1,1,0,0,0,0,0,1,0,0,0,1,0,0,1,0,1,0,0,1,1,0.597824
1,1,0,1,0,1,0,1,0,0,1,0,0,0,0,0,0,0,1,1,1,0,1,1,0,0,1,1,0,0,1,0,0.601133
0,0,0,1,1,0,1,0,0,1,0,1,1,0,1,0,0,1,0,1,1,0,0,1,1,0,1,0,1,1,1,0,0.609330
0,1,1,1,1,1,1,1,0,0,1,1,0,0,0,0,0,1,1,0,1,0,1,1,1,0,1,1,1,1,1,0,0.638784
0,0,0,1,0,0,1,0,0,0,0,1,1,0,0,1,1,0,1,0,0,0,1,1,0,0,0,0,0,0,1,1,0.572607
0,1,0,1,0,1,0,0,1,0,0,1,1,0,1,0,0,1,1,1,0,0,1,0,1,1,0,1,0,0,1,1,0.614669
0,1,0,1,0,1,0,1,1,1,0,0,0,0,1,1,1,0,0,1,0,0,1,1,1,1,0,1,0,1,1,0,0.615547
0,1,0,0,0,1,0,0,1,0,0,1,1,1,0,0,0,1,1,0,1,1,0,1,0,1,0,0,1,1,1,0,0.602813
0,0,0,0,0,0,1,0,0,1,1,0,1,0,0,0,0,1,1,1,0,0,0,1,0,1,0,0,0,1,1,0,0.512872
1,1,1,1,0,1,0,1,1,1,1,1,0,0,0,1,0,1,1,1,0,1,1,1,0,0,0,1,1,0,1,0,0.624120
0,0,1,1,0,0,0,0,1,1,1,1,1,1,1,0,1,0,1,1,0,0,1,0,1,0,1,1,1,1,1,1,0.623217
0,0,0,0,1,1,1,1,0,0,0,1,0,0,0,1,1,0,0,0,0,1,1,0,1,1,1,0,1,0,0,0,0.543980
0,1,0,1,0,0,1,1,0,0,1,1,1,1,1,1,0,0,1,0,1,0,1,0,1,0,0,1,1,1,1,0,0.593262
0,0,1,1,0,0,1,1,0,0,1,1,1,0,1,0,0,0,0,0,0,1,1,0,0,1,0,1,1,1,1,1,0.623493
1,1,0,0,1,0,0,0,1,0,1,1,0,1,0,0,1,1,0,1,0,1,1,1,1,1,0,0,1,0,1,0,0.695485
0,0,0,0,1,1,1,0,0,0,1,0,0,0,1,0,1,0,1,0,0,0,1,0,0,1,0,1,0,0,0,0,0.576216
1,1,1,1,1,1,1,1,1,1,0,1,0,1,1,1,0,0,0,0,1,1,1,1,1,1,1,1,0,1,0,0,0.638157
1,0,1,0,1,1,1,0,1,0,0,1,0,0,0,1,1,1,1,1,0,1,0,0,1,0,1,1,0,1,0,1,0.606272
0,0,1,0,1,1,1,0,1,0,1,1,0,1,0,1,0,1,1,1,1,0,0,0,0,0,1,0,0,1,1,1,0.564259
0,0,1,0,1,0,0,0,0,0,1,1,0,1,1,0,1,1,1,0,0,1,1,1,1,0,0,0,0,0,0,0,0.594340
1,1,1,0,1,0,1,1,0,1,0,1,0,1,1,1,0,1,1,0,1,0,1,1,0,0,1,0,1,1,0,0,0.612789
1,1,1,1,0,0,0,1,1,0,0,0,1,1,1,1,1,1,0,1,1,0,1,0,0,0,1,1,1,1,0,1,0.622916
0,0,1,0,1,0,0,1,0,1,1,1,1,1,0,1,1,1,0,1,0,1,0,0,1,0,1,0,1,0,0,1,0.606422
0,1,1,1,1,0,1,0,0,0,1,1,1,1,1,1,0,0,1,1,1,1,0,0,1,1,0,1,0,0,1,1,0.618881
0,0,1,1,1,1,1,1,0,1,0,1,1,1,0,0,1,0,0,1,0,0,0,0,0,0,1,1,1,0,1,1,0.613190
0,1,1,1,0,1,0,0,0,0,1,1,0,1,1,1,0,1,1,1,1,1,0,1,1,0,0,0,1,0,0,0,0.617151
1,1,0,1,0,0,0,0,1,0,0,1,1,0,1,0,1,0,1,1,1,1,1,1,0,1,1,1,1,1,0,0,0.652646
1,1,0,1,1,1,1,0,0,0,0,1,1,0,0,0,0,0,1,1,0,0,1,0,1,0,0,1,1,0,1,1,0.619006
1,0,0,0,0,0,0,1,1,1,0,1,1,1,0,1,1,1,1,0,0,0,1,1,1,1,1,0,1,1,1,0,0.624145
1,1,0,1,0,0,0,1,0,0,0,1,1,0,1,1,0,1,1,1,0,1,0,1,1,0,1,0,0,1,0,0,0.619607
1,0,0,0,1,1,1,0,1,1,1,1,0,1,0,1,1,0,0,1,1,0,1,0,1,1,1,1,0,1,1,0,0.640388
1,1,1,0,0,1,1,1,0,0,0,1,0,1,1,1,0,0,0,0,1,0,1,1,0,0,1,0,1,0,0,1,0.584589
1,0,1,0,0,0,1,0,1,1,1,1,1,0,1,1,0,0,0,1,1,1,0,1,1,1,0,1,1,1,0,0,0.623844
1,1,1,0,1,0,1,1,0,0,1,0,0,1,0,1,1,0,0,1,1,1,0,1,0,1,0,1,0,1,0,0,0.620034
1,1,0,0,0,1,0,0,0,0,0,0,0,1,1,1,0,0,0,0,1,0,0,0,1,0,0,1,0,0,0,0,0.599654
0,1,0,0,1,1,1,1,0,1,0,0,1,0,0,1,0,1,0,0,1,0,1,0,0,0,0,1,0,1,0,1,0.588825
1,0,0,0,1,0,1,1,0,0,1,0,0,0,1,1,0,1,1,1,0,1,1,1,1,1,0,0,0,0,0,1,0.607676
1,0,1,1,1,0,0,0,0,0,1,0,0,0,0,0,1,0,1,0,0,1,1,0,1,0,1,1,1,1,1,0,0.664603
0,0,1,0,1,0,0,0,1,1,1,0,0,0,1,0,1,0,1,1,1,1,1,0,0,1,0,0,1,1,1,1,0.596120
0,1,1,1,0,1,1,0,0,1,0,1,1,0,0,0,0,1,1,1,0,1,0,1,0,0,1,0,0,0,0,0,0.630436
0,0,0,0,0,0,0,0,0,0,0,1,0,0,1,1,0,1,0,1,1,1,1,0,1,0,1,0,1,0,1,0,0.548216
1,0,1,0,1,1,0,0,1,0,0,1,1,0,1,1,1,0,1,0,0,0,0,0,0,1,1,0,1,0,1,1,0.608954
1,1,0,1,1,0,0,0,0,1,1,1,1,1,0,0,0,1,0,0,0,1,0,0,1,0,1,1,0,0,1,1,0.600682
0,1,0,0,1,0,1,1,1,0,0,0,0,1,0,0,1,0,1,1,0,1,1,1,0,1,1,1,0,0,1,1,0.615146
1,1,0,1,0,1,0,0,1,0,0,1,0,1,1,0,0,0,0,0,0,0,0,1,0,0,1,0,0,0,0,0,0.611035
0,1,1,1,0,0,1,1,1,0,1,0,1,0,1,1,1,0,0,0,0,0,0,0,1,1,1,0,1,0,1,1,0.576617
0,0,1,0,1,0,0,1,0,1,1,1,1,0,0,0,1,1,1,0,1,1,0,0,1,1,1,0,1,1,0,0,0.623618
1,1,0,0,0,1,0,0,1,1,0,0,1,1,0,0,0,1,1,0,0,1,1,1,1,1,0,1,1,1,1,0,0.645076
1,1,0,0,0,0,0,1,0,1,0,1,0,1,0,0,1,0,0,1,0,1,1,0,0,0,0,1,0,1,1,0,0.616549
0,0,1,1,1,0,0,1,1,1,0,0,1,0,1,1,1,1,0,0,1,1,1,0,1,1,0,1,0,0,0,1,0.613867
1,1,1,1,1,1,1,0,0,0,1,0,1,0,0,1,1,0,1,1,1,1,1,0,1,1,0,0,0,0,1,1,0.619307
1,1,1,0,0,0,0,1,1,0,1,1,0,0,1,1,1,0,1,0,0,1,0,0,0,1,1,1,1,0,1,0,0.618254
0,1,1,1,1,1,1,1,0,1,0,1,1,0,1,0,0,0,0,0,0,0,0,0,0,0,0,0,0,1,0,1,0.614569
0,0,0,1,1,0,0,1,1,1,1,1,1,0,1,0,0,0,0,1,0,0,1,1,0,1,1,1,0,1,0,0,0.582784
1,1,1,1,0,0,1,1,1,1,1,0,0,0,0,0,0,0,0,1,0,0,1,0,1,0,0,1,1,0,0,0,0.646229
1,1,0,0,1,0,0,0,1,0,1,0,0,0,1,0,0,1,0,1,1,0,0,0,1,1,0,1,0,1,0,1,0.606823
0,0,1,0,1,1,0,0,1,1,1,1,0,1,0,1,1,0,0,0,1,1,1,0,1,0,1,1,0,1,1,1,0.609957
1,1,0,1,0,0,0,1,0,1,0,0,0,0,0,0,0,1,1,1,0,0,0,0,1,0,1,1,1,1,1,0,0.623393
1,1,0,0,0,1,1,1,0,1,1,0,1,1,1,0,0,1,1,1,1,0,1,0,0,1,1,1,0,0,1,0,0.616048
1,0,0,0,1,1,1,0,1,0,0,1,1,1,1,0,1,1,0,1,0,1,0,1,0,1,1,0,1,0,0,1,0.605294
0,1,0,0,0,1,1,0,0,1,1,1,1,1,0,0,1,1,1,1,1,0,0,1,0,0,0,1,1,0,0,1,0.609706
1,1,0,0,1,1,1,0,1,1,0,0,1,1,0,0,0,0,1,0,1,0,0,1,1,0,0,0,1,0,0,0,0.654175
1,0,1,1,1,0,1,1,0,1,1,1,0,1,0,0,1,1,0,0,1,0,1,1,0,0,1,1,0,1,1,1,0.632893
1,0,1,1,0,0,0,1,0,1,1,1,1,0,1,1,0,1,0,1,1,0,1,1,0,1,0,0,1,0,0,1,0.642318
1,1,1,0,1,0,0,1,1,0,0,0,1,1,0,1,1,1,1,1,1,1,1,0,1,1,1,0,1,0,0,0,0.666458
0,1,0,0,0,0,1,0,0,0,1,1,1,0,0,0,0,1,0,1,0,0,0,1,0,1,0,0,0,1,0,0,0.543604
1,1,0,0,1,1,0,0,0,0,0,0,1,0,0,1,1,1,1,1,0,1,1,0,1,1,1,0,0,0,1,1,0.618906
0,1,0,0,1,0,0,1,1,1,1,0,1,0,0,1,0,0,1,0,0,1,1,1,1,0,1,1,0,1,1,0,0.607976
1,1,1,0,1,0,1,1,0,0,1,1,0,0,0,0,1,0,0,1,1,1,1,0,0,0,0,0,1,0,0,1,0.600757
0,0,1,0,1,1,0,1,0,1,1,1,1,0,1,0,1,0,0,0,1,0,0,0,1,1,0,1,0,0,1,1,0.594365
0,1,1,0,1,1,1,0,0,1,0,1,0,1,0,0,1,1,0,1,0,0,1,0,1,1,1,1,0,1,0,0,0.622590
0,1,1,0,0,0,0,0,1,0,0,1,1,0,1,1,1,0,0,0,0,0,1,0,0,1,1,1,0,0,1,1,0.596245
0,0,0,1,1,0,0,1,1,0,1,1,0,0,0,1,1,1,0,0,1,0,0,1,0,0,1,0,1,1,1,0,0.608653
1,1,1,0,1,0,0,1,0,1,0,0,0,1,0,0,1,0,1,0,0,0,1,1,0,0,1,1,0,1,1,0,0.619457
0,1,0,1,1,1,0,1,1,1,0,0,1,0,0,1,1,0,0,0,0,1,1,1,0,0,0,0,1,1,1,1,0.559271
1,0,0,0,0,0,0,0,1,0,0,1,0,1,1,0,0,1,1,0,1,0,1,0,0,1,1,1,1,0,1,0,0.611486
1,1,0,1,0,0,0,1,1,0,0,0,1,0,1,1,0,0,1,0,0,0,0,0,0,0,0,1,0,0,0,1,0.624345
0,1,1,1,1,1,0,0,1,1,0,1,1,1,0,1,0,0,1,0,0,1,1,0,0,1,1,1,0,0,0,1,0.650515
0,1,0,0,1,0,1,0,1,0,1,1,0,0,0,0,0,0,0,1,0,0,0,0,1,0,0,1,0,1,0,1,0.573559
1,0,1,0,1,0,0,1,0,1,0,1,1,0,0,1,0,1,0,1,0,0,0,0,1,0,1,1,0,1,1,1,0.606698
0,0,1,1,1,1,0,0,0,1,1,0,0,1,0,1,0,0,1,0,0,1,0,0,1,1,1,1,0,0,1,0,0.616474
0,1,0,1,0,0,1,1,1,0,0,0,1,1,0,0,1,1,0,1,0,0,1,1,1,0,0,1,1,1,1,0,0.641792
1,1,0,1,1,1,1,1,0,1,0,0,0,1,1,0,1,1,1,1,1,0,1,0,0,0,1,1,1,0,0,0,0.640739
0,0,1,1,0,0,0,1,1,1,0,0,1,1,0,1,1,0,1,0,1,1,0,0,1,1,1,0,0,1,1,1,0.611962
1,0,0,0,0,0,1,0,0,0,1,1,1,1,1,1,0,1,1,1,0,0,1,1,1,0,1,1,1,1,1,1,0.603615
1,1,1,0,1,1,0,0,1,0,0,1,0,1,1,1,1,1,1,0,1,0,1,0,0,1,1,1,1,1,0,1,0.612940
0,0,1,1,0,1,1,1,0,0,1,0,1,0,1,0,1,0,0,1,0,1,0,0,1,0,1,1,0,1,0,1,0.602612
0,1,1,1,0,0,0,1,0,1,0,1,0,1,0,0,1,0,1,0,0,0,0,0,1,0,0,0,0,1,0,1,0.594666
0,1,1,0,0,0,0,0,0,1,1,0,0,1,1,1,1,0,1,1,0,0,0,1,1,0,0,0,0,1,0,1,0.594290
1,0,0,1,0,0,0,1,0,0,0,1,1,0,0,1,1,0,1,1,0,1,1,1,1,0,1,0,0,1,0,1,0.616524
1,1,0,1,0,0,1,1,1,0,0,1,1,0,1,1,0,1,1,1,0,0,1,0,1,1,1,0,1,0,0,1,0.632316
0,0,1,1,1,0,0,0,1,1,1,1,1,0,0,0,1,1,0,1,1,1,0,0,0,0,0,1,1,1,0,1,0.614920
0,0,1,0,0,1,0,0,0,1,1,0,0,0,0,0,0,1,1,1,1,1,0,1,0,1,0,1,1,0,1,0,0.537638
0,0,0,0,1,1,0,1,1,0,1,0,1,1,1,0,0,0,1,0,0,1,0,0,0,0,0,1,1,0,0,1,0.556088
1,1,1,1,0,1,1,0,0,1,0,1,1,0,0,0,1,0,0,0,0,0,1,0,0,1,1,0,1,0,0,0,0.664001
1,0,1,1,1,1,1,0,0,1,1,0,0,1,1,0,0,0,0,0,0,1,0,0,1,1,0,1,1,1,1,0,0.624220
0,0,1,0,1,1,1,0,1,0,0,1,1,1,0,1,0,1,0,0,0,1,0,0,1,0,1,1,1,0,0,1,0.593463
0,1,1,1,0,0,1,1,0,1,0,1,1,0,1,0,1,0,0,1,0,0,0,1,0,1,1,1,1,1,0,1,0.639009
1,1,0,0,0,1,0,1,0,0,1,1,0,0,0,0,1,1,1,1,0,1,0,1,1,0,1,0,1,1,1,1,0.616274
1,0,1,0,1,1,1,1,0,0,0,1,1,0,0,0,0,0,1,1,0,0,1,0,1,1,1,0,0,0,1,0,0.630888
1,0,0,0,0,0,0,0,0,1,0,0,0,0,0,0,0,0,0,0,1,0,0,0,1,0,0,0,0,1,1,0,0.631289
0,0,0,0,1,1,0,0,0,1,0,0,1,1,1,0,1,1,1,1,0,1,1,1,0,0,1,0,1,1,0,0,0.605670
0,0,1,1,0,0,0,0,0,1,1,0,1,1,0,0,1,0,0,0,0,1,0,1,0,0,1,0,0,1,0,1,0.584062
1,1,0,0,0,1,1,0,1,1,0,1,1,0,1,1,1,0,0,1,1,0,0,1,0,1,0,0,1,0,1,0,0.627128
1,0,1,0,1,0,1,0,1,1,0,0,0,1,1,0,1,1,0,0,1,0,1,1,1,0,0,0,0,1,1,0,0.653398
0,0,0,0,1,0,1,0,1,0,0,0,1,1,1,0,0,1,1,1,0,1,1,1,0,1,0,1,0,1,1,0,0.536836
1,0,0,1,0,0,0,0,0,0,0,0,0,0,1,1,0,1,0,0,0,0,1,1,0,1,1,1,0,1,1,0,0.596345
1,1,1,1,0,0,0,1,0,1,0,0,1,1,0,0,0,1,0,0,1,0,0,1,0,1,1,1,1,1,0,0,0.624445
0,1,0,0,1,0,0,0,1,0,0,1,1,1,0,1,0,1,0,0,0,1,0,0,1,0,0,1,0,0,1,0,0.575389
1,1,0,1,1,1,1,0,0,0,0,1,0,0,0,1,1,1,1,0,0,0,1,1,1,1,1,1,1,0,1,1,0.617101
1,0,0,1,1,1,1,1,1,1,1,1,0,0,0,0,0,0,1,1,0,0,0,1,1,1,1,1,0,0,1,0,0.648234
1,0,1,0,1,1,0,0,0,0,0,0,0,1,0,0,0,1,1,0,1,1,1,1,1,0,0,0,1,0,1,0,0.616725
1,0,0,1,1,0,1,0,0,0,0,0,0,1,1,0,0,1,1,1,0,0,0,1,0,0,0,1,0,0,0,0,0.599830
1,1,0,0,0,1,0,0,0,0,1,1,1,0,1,0,0,1,0,1,1,0,0,1,0,1,1,1,1,0,0,1,0.599830
0,1,0,0,0,0,0,1,1,0,0,1,1,0,0,0,1,0,1,1,0,1,1,0,0,1,0,0,1,1,1,1,0.595744
1,0,0,0,1,1,1,1,1,0,1,0,0,1,0,0,0,0,0,0,0,0,1,1,0,1,1,0,0,1,0,1,0.569473
1,0,1,1,1,1,0,1,1,1,1,0,0,0,0,1,0,1,1,1,1,1,1,0,1,1,1,1,1,1,0,1,0.618329
1,1,1,1,0,1,0,0,1,1,0,1,1,1,0,1,0,1,0,0,0,0,0,0,1,0,1,0,1,0,0,1,0.608202
0,0,0,1,0,0,0,1,1,0,0,0,1,0,1,1,0,1,0,0,1,1,0,0,1,1,0,1,0,0,0,1,0.600206
1,1,0,1,0,1,0,0,0,1,1,0,1,1,1,0,0,0,1,0,0,1,0,0,1,0,0,0,0,1,1,1,0.597448
1,0,1,0,1,1,1,0,1,0,0,0,1,0,0,0,1,0,0,1,1,1,0,0,0,0,1,0,0,0,1,0,0.676660
0,0,1,1,1,1,0,1,0,0,1,1,0,0,0,1,1,0,0,0,1,1,0,0,1,0,1,0,0,0,1,0,0.591858
1,1,0,1,1,1,1,0,0,1,0,0,1,0,1,1,1,0,0,1,0,0,0,0,1,1,1,1,0,0,0,1,0.611461
1,0,1,0,1,1,0,0,0,0,1,0,1,1,0,0,1,0,1,0,1,1,0,0,1,0,1,0,1,0,0,0,0.740531
0,1,0,1,0,1,1,1,1,1,0,1,0,0,0,0,1,1,1,1,1,0,0,1,1,0,0,0,1,1,1,0,0.614995
0,1,0,0,1,0,0,1,0,0,1,1,0,1,1,1,0,0,0,0,1,0,0,1,0,1,0,1,1,0,1,1,0.575765
0,0,1,0,0,1,1,1,0,1,0,1,1,0,0,1,0,0,0,1,1,1,1,1,0,0,0,0,1,1,0,1,0.586719
0,1,0,0,1,0,0,0,1,1,1,0,1,0,0,1,1,1,1,1,1,0,1,1,0,1,0,1,1,1,1,1,0.614494
1,1,1,1,1,1,1,0,0,0,0,1,1,0,1,1,0,0,0,1,0,0,1,1,0,0,0,1,1,0,1,1,0.624270
0,0,0,0,1,0,1,0,1,1,0,1,1,1,1,0,0,1,0,0,0,1,0,1,1,1,1,1,0,0,0,0,0.573334
1,1,1,0,0,0,0,0,0,1,0,1,0,0,0,0,0,0,1,0,1,0,0,1,1,0,1,1,0,0,0,1,0.593262
1,1,0,0,0,1,0,1,0,0,1,1,0,0,0,0,0,0,0,0,0,0,0,0,1,0,0,0,0,1,1,1,0.603915
1,0,0,1,0,0,1,1,0,0,1,1,0,0,0,1,0,0,1,0,1,1,0,1,0,1,1,1,1,0,1,0,0.609205
1,0,1,1,1,1,0,1,0,1,1,1,0,0,1,1,0,0,1,1,0,0,1,0,0,0,0,0,1,0,0,1,0.626701
1,0,0,1,0,1,0,1,1,1,1,1,0,1,1,1,1,0,0,1,0,0,0,0,0,1,1,1,0,0,0,1,0.613516
0,0,0,0,0,0,0,1,0,1,1,1,1,0,0,0,0,1,1,1,1,0,1,1,1,0,0,1,0,0,1,1,0.582433
1,0,0,0,1,1,0,0,1,1,0,1,1,1,0,0,0,0,1,0,0,1,0,0,1,0,0,0,1,0,0,1,0.610984
0,1,1,1,0,1,0,1,0,0,1,1,0,0,0,0,0,0,1,1,0,0,1,0,0,0,0,1,0,0,0,0,0.626300
1,0,0,1,0,0,0,1,0,0,1,1,0,0,0,1,0,0,0,1,0,1,1,0,0,1,0,1,0,0,0,1,0.628205
1,0,1,1,1,0,1,1,1,0,1,1,0,1,0,1,1,0,0,0,0,1,0,0,1,0,1,0,0,0,1,0,0.617853
0,0,0,0,0,0,0,1,1,0,1,0,1,0,0,0,0,0,0,0,1,0,1,0,0,1,0,0,0,0,0,0,0.506329
1,0,1,1,1,1,0,1,0,1,1,1,1,1,1,0,1,0,0,0,0,1,1,0,0,1,1,1,1,0,0,0,0.635650
0,1,0,0,0,0,0,1,1,0,1,0,1,1,1,1,1,1,1,1,0,1,0,0,0,1,1,0,0,1,0,0,0.604016
1,0,0,1,1,0,0,1,0,0,0,1,0,1,1,1,0,0,0,0,0,0,0,0,0,0,0,0,1,1,1,1,0.546687
0,1,1,0,1,0,0,1,0,0,0,0,1,0,1,0,1,0,1,0,1,0,1,1,0,1,1,0,0,1,0,0,0.599729
0,1,0,0,1,0,0,1,1,1,0,0,1,0,0,0,1,0,1,1,0,1,1,1,0,1,0,1,1,1,1,1,0.609606
1,0,1,0,1,1,1,1,1,0,0,0,0,1,1,0,0,1,1,0,1,1,0,0,1,1,1,0,1,1,0,1,0.615597
0,0,0,0,1,1,0,1,0,0,0,0,1,0,1,0,1,0,0,1,1,0,0,1,0,1,0,1,1,0,1,0,0.527185
0,0,1,1,1,1,0,1,1,0,0,0,1,1,1,1,1,1,0,0,0,0,0,0,1,1,0,1,0,0,1,1,0.613291
0,1,1,0,0,1,0,0,0,0,1,1,1,1,0,0,1,0,1,1,1,0,0,1,0,0,1,1,0,0,0,0,0.605144
1,0,0,0,0,0,1,1,0,1,0,1,0,0,0,0,1,1,0,0,0,1,0,1,0,0,0,0,1,1,1,0,0.576542
0,1,1,1,0,1,1,1,1,1,1,1,0,1,0,0,1,0,1,0,0,1,0,0,1,1,1,0,1,0,1,0,0.624019
1,0,1,0,1,1,1,1,0,0,0,0,1,0,0,0,0,0,0,0,1,1,1,1,1,1,1,1,1,0,1,1,0.594891
0,0,1,1,1,1,1,0,1,1,1,0,1,1,0,1,0,1,0,1,0,0,1,0,0,0,0,1,0,0,1,0,0.605971
1,1,0,1,1,1,0,0,1,1,0,1,1,0,0,0,0,0,1,0,1,1,0,1,0,1,1,0,0,0,1,0,0.616098
1,1,0,0,0,0,0,1,1,1,1,0,1,0,0,1,1,0,1,1,1,0,1,1,0,1,0,1,1,1,0,0,0.619783
0,1,1,1,1,1,1,1,0,1,1,1,1,0,1,0,0,1,1,0,0,0,1,1,0,1,0,0,0,1,0,0,0.646680
1,1,0,1,0,1,1,0,1,0,0,1,1,0,1,1,0,1,1,0,1,0,0,0,0,1,0,0,1,0,0,1,0.610032
0,1,0,1,0,0,0,1,0,0,0,1,1,0,0,1,0,0,1,1,0,1,1,0,1,1,0,1,0,0,0,1,0.635124
0,0,1,0,1,1,1,1,0,1,1,0,0,1,0,1,0,0,0,1,1,0,0,1,1,0,0,0,0,0,0,1,0.608377
0,1,0,1,0,1,1,0,0,1,0,0,1,0,0,1,1,1,1,1,1,1,0,1,0,1,1,1,0,0,0,1,0.632617
1,0,1,0,1,1,1,1,0,1,1,0,1,0,0,0,1,1,1,0,1,1,1,0,0,0,1,1,0,0,0,0,0.647156
0,1,1,1,1,1,1,1,0,1,0,1,1,0,0,0,1,1,1,0,0,1,1,0,1,1,1,1,1,0,1,1,0.610232
1,0,0,0,0,1,0,1,0,1,1,1,1,0,0,0,0,0,0,1,1,0,0,1,0,1,0,1,1,0,1,1,0.601735
1,0,0,0,1,0,1,0,0,1,1,1,0,0,1,0,1,0,0,1,1,1,0,0,0,0,1,1,1,0,0,1,0.601133
1,1,0,1,0,0,1,0,0,1,1,1,0,1,0,1,0,0,1,0,0,1,0,0,1,1,1,0,1,0,1,1,0.609982
1,0,1,1,0,0,1,0,1,0,0,0,1,1,0,0,1,0,0,0,0,0,0,0,0,1,1,1,0,1,0,0,0.646078
0,1,0,1,1,1,1,1,1,0,0,1,0,1,1,1,1,0,0,1,1,1,0,1,0,0,1,0,1,1,1,0,0.621187
1,1,1,0,0,0,0,0,1,0,1,1,0,1,0,1,0,1,0,0,0,1,0,1,1,1,0,1,1,0,0,0,0.612313
1,1,0,1,0,1,1,1,1,1,1,0,1,0,0,1,1,0,1,1,0,0,0,0,0,0,0,1,0,0,1,1,0.649512
0,1,0,1,0,1,0,0,1,0,1,0,0,1,0,0,1,0,1,1,0,1,1,0,0,1,1,1,1,1,1,1,0.622440
0,0,1,1,1,0,1,0,0,0,1,0,0,0,0,1,0,1,0,1,0,1,1,0,0,0,1,1,0,1,0,0,0.613917
1,1,1,1,0,1,1,0,0,0,1,0,1,1,1,1,1,0,0,0,0,1,0,1,0,0,0,0,1,0,1,1,0.581430
1,1,0,0,0,1,0,1,0,1,0,1,0,0,0,0,0,0,1,1,1,1,1,1,1,0,1,0,0,0,1,0,0.605745
0,1,1,0,1,1,0,0,1,0,0,1,1,1,1,1,1,1,0,0,1,0,0,1,1,0,1,0,1,1,1,0,0.631815
0,0,1,1,1,1,0,0,0,0,0,1,1,1,0,0,0,0,1,1,1,0,1,0,1,1,0,0,1,1,0,0,0.615346
0,1,1,1,1,1,1,0,1,0,0,0,0,1,1,1,0,1,0,0,1,1,1,1,1,0,1,1,0,0,1,1,0.651869
1,1,1,1,1,0,1,0,0,0,0,1,1,0,1,0,1,1,1,0,0,0,0,0,0,0,0,0,1,1,0,1,0.614318
1,0,1,0,0,0,0,0,0,1,1,1,1,0,0,1,0,0,0,1,0,0,0,0,0,1,0,0,0,1,1,0,0.576417
0,1,1,1,1,1,1,0,1,1,1,1,0,0,0,1,1,1,1,1,1,0,0,1,0,1,0,1,1,1,1,0,0.633745
0,0,0,1,1,0,0,1,0,1,1,0,0,0,0,1,0,0,1,1,0,0,1,1,1,0,1,1,0,0,1,0,0.609556
0,0,0,0,0,1,0,1,0,0,1,0,0,0,1,0,0,0,0,1,1,0,1,0,0,0,0,0,1,0,1,0,0.491164
1,0,0,1,1,0,1,1,0,1,1,0,1,1,0,0,0,0,0,0,1,0,0,1,1,1,0,0,0,0,1,0,0.593788
0,0,1,0,0,0,1,1,1,0,1,0,0,1,0,0,0,1,0,0,0,1,1,0,1,0,0,0,0,1,0,1,0.579826
0,1,0,0,1,0,1,0,1,0,1,0,0,0,0,1,1,0,1,1,0,1,0,0,1,1,1,0,1,0,0,0,0.605043
1,0,0,1,0,0,1,1,0,1,0,1,0,0,0,1,0,0,0,0,0,1,0,1,0,0,1,0,0,0,1,1,0.652395
0,0,1,1,0,0,0,1,0,1,0,0,1,1,1,1,0,0,0,0,0,1,0,1,0,0,0,0,0,1,1,1,0.647507
1,0,1,0,0,0,1,0,0,0,1,1,1,1,1,0,0,0,0,1,1,0,0,1,0,0,0,1,0,1,1,1,0.585642
1,0,0,0,0,1,1,1,1,0,0,0,0,0,0,1,1,1,1,1,0,1,0,0,0,0,0,1,0,1,0,1,0.602161
1,0,0,0,0,1,0,1,0,0,0,1,1,0,1,1,0,1,0,0,0,0,0,0,1,0,0,0,0,0,1,1,0.610132
1,0,0,1,1,1,0,1,0,0,1,0,1,0,0,0,1,0,0,0,0,0,0,1,1,1,0,0,1,0,1,0,0.619081
0,1,1,0,1,1,0,1,0,0,1,0,1,0,1,1,1,1,1,1,0,0,1,0,0,1,1,1,0,0,0,1,0.620761
1,0,1,0,0,1,1,1,0,1,0,1,1,0,1,1,0,0,0,1,1,0,1,1,0,0,0,0,0,1,1,1,0.637280
1,0,1,0,1,0,1,1,1,0,1,0,0,0,0,0,1,0,1,0,1,0,0,0,1,0,1,0,1,0,1,1,0.625172
0,1,0,0,0,0,1,0,0,0,1,0,1,1,1,1,0,1,0,1,0,1,0,0,1,1,0,0,1,0,1,1,0.594540
0,0,0,0,0,1,1,0,0,1,0,0,0,0,1,0,1,0,1,1,0,1,1,0,0,1,1,0,1,1,0,0,0.571378
1,0,1,1,0,1,1,1,0,1,1,0,0,0,1,0,0,1,1,1,1,1,1,1,1,1,1,1,1,1,0,0,0.635951
0,1,1,1,1,0,1,1,0,0,0,1,0,1,1,0,0,0,0,1,0,0,0,1,0,1,0,0,0,0,1,0,0.623819
0,0,0,0,0,1,1,1,0,0,1,1,0,0,1,1,0,0,1,1,1,0,0,1,0,1,1,1,0,1,1,1,0.590780
0,0,0,0,0,0,1,0,0,1,1,1,0,0,0,1,0,0,0,1,1,1,0,0,0,0,0,0,1,1,0,0,0.500589
1,0,1,1,1,1,0,0,1,1,0,1,0,0,1,0,0,0,0,1,1,1,1,1,1,0,0,0,0,0,1,1,0.598777
1,1,0,0,1,0,1,0,1,0,0,0,0,0,1,0,0,1,0,1,1,1,0,0,1,1,0,0,0,0,0,1,0.608177
1,1,1,0,0,0,0,1,0,1,0,0,1,0,0,0,0,1,0,0,1,0,1,1,0,1,1,0,0,0,1,0,0.590053
0,1,1,1,0,1,1,0,1,0,0,0,1,1,0,1,1,0,1,0,0,1,0,1,0,0,0,0,1,1,1,0,0.586494
0,1,0,1,1,0,0,0,1,1,0,1,1,0,0,1,1,0,0,1,0,1,1,0,1,0,1,0,0,0,1,1,0.608854
1,1,1,0,1,0,1,0,1,0,1,0,1,0,1,1,1,0,1,0,0,0,0,1,1,0,0,0,0,0,1,0,0.657058
0,1,0,1,0,1,1,1,0,1,0,1,0,1,0,0,1,0,1,1,0,1,0,1,1,1,0,0,0,0,0,0,0.636979
0,1,1,0,0,1,0,0,0,1,0,1,1,1,1,1,0,1,0,0,0,0,1,0,0,0,1,1,1,0,0,1,0.602487
0,0,0,1,0,0,1,1,0,1,1,0,0,0,0,1,1,0,0,0,1,1,1,0,1,1,1,1,0,1,0,1,0.614293
0,0,1,0,1,1,1,0,0,1,1,0,1,1,1,1,0,1,0,1,0,0,0,1,1,1,1,1,0,0,1,1,0.597498
0,1,1,1,1,0,1,0,0,1,1,1,1,1,0,0,1,1,0,0,1,0,0,0,0,1,0,1,0,1,0,1,0.615797
0,1,0,1,0,1,0,1,0,1,1,0,0,0,0,0,1,0,0,0,0,0,0,0,0,1,1,0,1,0,0,0,0.572181
1,0,0,0,0,1,1,1,0,1,0,0,1,0,1,0,0,1,1,0,1,0,0,0,1,1,0,0,1,0,0,1,0.609530
0,0,1,0,0,1,0,1,0,0,0,1,1,0,1,1,0,0,0,1,1,1,1,1,1,1,0,1,1,0,1,1,0.623242
0,0,1,1,1,1,0,0,0,0,1,1,0,1,0,0,0,1,0,0,0,1,0,1,1,1,1,0,0,1,0,1,0.608653
0,0,0,1,0,1,0,1,1,1,1,1,1,1,0,0,1,1,0,1,0,1,1,1,0,1,1,1,1,0,0,0,0.627679
0,0,0,1,0,1,0,0,1,0,0,1,0,1,0,1,0,1,0,1,0,0,1,0,0,1,1,1,1,0,0,1,0.594941
1,0,1,0,1,0,0,0,0,1,1,0,0,1,1,1,1,0,1,0,0,1,0,1,1,1,0,1,1,1,0,1,0.617452
0,0,0,0,0,1,1,0,1,0,0,0,0,1,0,0,0,1,0,0,1,0,1,1,1,1,1,0,1,0,0,1,0.581355
1,0,0,1,1,1,1,1,1,1,1,1,1,0,0,1,0,0,1,0,1,0,1,1,0,0,0,1,0,0,1,1,0.684381
0,1,0,1,1,0,1,0,1,0,1,1,0,0,0,1,1,1,0,0,1,0,1,1,0,1,0,0,0,0,1,0,0.600481
1,1,1,0,1,0,0,0,1,1,0,0,1,0,0,0,1,0,0,0,0,0,0,0,0,0,0,1,0,1,1,1,0.627228
0,1,1,0,0,1,1,0,0,1,1,1,1,0,0,1,0,0,1,0,0,0,1,1,0,1,0,0,1,0,1,1,0.610207
1,1,1,1,0,0,0,0,1,1,0,0,0,1,1,1,0,0,0,1,1,1,0,1,0,0,0,1,1,1,1,1,0.588173
1,0,0,0,0,0,1,0,1,1,0,0,1,1,1,0,0,0,1,1,1,0,1,0,1,1,1,1,0,0,1,0,0.639435
1,1,0,0,0,1,1,1,0,0,1,0,0,0,0,0,1,0,0,0,0,1,1,0,0,1,0,1,0,1,1,1,0.606472
1,1,1,1,1,0,0,1,0,1,1,1,0,0,1,0,1,0,0,1,1,1,1,0,1,1,0,0,1,0,0,0,0.686386
1,0,1,1,0,1,0,1,0,1,1,0,1,0,0,1,0,0,1,0,0,0,0,1,1,1,1,1,0,0,0,1,0.612037
0,0,0,0,0,1,0,0,1,1,0,1,0,1,1,0,0,0,1,1,1,1,1,1,0,0,1,0,0,0,0,1,0.541248
0,0,0,1,0,0,1,1,0,0,0,0,0,0,0,1,0,1,1,0,1,0,0,1,1,0,1,1,0,0,0,0,0.580152
1,0,0,0,1,0,0,0,1,1,1,1,1,0,1,0,0,0,1,1,1,1,1,1,0,1,1,0,1,1,1,1,0.624120
1,1,1,1,0,1,0,0,1,0,1,1,0,0,1,1,1,1,1,0,0,0,0,1,0,0,0,0,0,0,1,1,0.625147
0,0,1,1,0,0,1,1,0,0,0,0,1,0,0,0,0,0,0,0,1,1,1,0,0,0,0,0,1,0,0,0,0.567142
0,1,0,1,0,0,1,1,1,1,0,1,0,1,1,0,0,1,1,1,0,1,1,1,0,1,1,0,0,1,1,1,0.654927
1,0,0,1,1,1,1,1,1,1,0,0,1,0,1,1,0,0,0,1,1,0,1,0,0,1,0,1,1,1,0,1,0.622315
0,1,0,1,1,0,0,1,0,1,0,0,1,0,1,0,1,0,0,1,0,0,1,0,0,0,0,0,0,1,0,0,0.577495
1,0,0,0,1,1,1,1,0,0,1,0,1,1,1,0,0,1,1,1,0,0,1,0,1,0,1,1,0,1,0,0,0.632291
0,1,1,0,0,0,1,1,1,1,0,1,0,1,0,1,1,0,0,0,0,1,1,0,1,0,1,0,0,0,0,0,0.591733
0,1,0,1,0,1,1,1,0,1,0,0,1,0,1,0,1,0,0,1,0,1,0,1,0,0,1,1,0,1,1,1,0.637706
0,1,0,1,0,1,1,0,0,1,0,1,1,1,1,1,0,0,0,1,0,1,0,1,0,1,0,0,0,0,1,0,0.611611
0,0,0,0,1,1,0,0,0,0,0,0,1,1,0,1,0,1,0,1,1,0,0,0,0,1,0,0,0,0,1,1,0.527611
0,0,0,0,0,0,1,0,0,0,0,1,0,0,0,0,0,0,0,1,0,1,1,0,1,1,1,1,1,0,0,0,0.516055
0,1,1,1,1,1,0,1,1,1,1,0,1,0,0,1,1,0,0,0,1,0,0,1,0,1,1,0,1,0,1,0,0.609581
1,0,1,1,1,1,1,0,0,1,0,0,1,0,0,0,0,0,1,0,0,0,0,1,0,1,0,1,0,1,0,1,0.605445
0,0,0,1,1,0,0,1,1,1,1,1,1,0,0,0,1,1,1,0,1,0,0,1,0,1,1,1,0,1,0,0,0.608302
0,1,0,0,0,0,1,0,0,1,1,1,0,0,1,1,0,0,1,1,0,1,1,1,0,1,0,0,1,0,1,0,0.615446
0,1,1,1,0,1,0,0,1,1,0,0,1,1,0,1,1,0,1,0,1,0,0,0,0,1,1,0,0,0,0,1,0.609581
1,0,0,0,0,0,1,1,0,0,0,0,1,0,0,0,1,1,0,0,0,1,1,1,0,1,0,1,0,0,1,0,0.592109
0,1,1,1,0,0,0,0,1,1,0,0,1,1,1,1,1,0,0,1,1,0,0,0,1,1,0,1,1,1,0,1,0.620234
0,1,1,0,1,1,1,1,0,0,1,1,1,0,1,0,1,1,0,0,0,1,1,1,1,1,0,0,1,0,0,1,0.600281
1,1,1,0,0,0,0,1,1,1,1,1,0,0,1,1,1,0,0,1,1,1,0,1,1,1,1,1,1,1,1,1,0.579325
1,0,0,1,0,0,0,0,1,1,1,1,1,0,1,1,1,0,1,0,0,0,0,1,0,1,0,1,0,1,1,0,0.596471
1,0,0,0,0,1,1,1,1,1,1,0,1,1,0,1,1,1,0,1,0,0,1,0,0,1,0,1,0,1,1,0,0.610859
1,1,1,0,1,0,0,1,1,1,1,0,0,0,1,1,0,0,1,0,1,0,1,0,1,1,1,0,1,1,0,1,0.610533
1,1,0,1,0,1,0,0,1,0,0,1,1,1,0,1,0,1,0,1,1,0,0,1,1,0,0,0,1,0,1,1,0.594816
1,1,0,0,0,0,1,1,0,1,1,0,1,0,0,1,0,0,0,1,0,0,0,1,1,0,1,0,0,1,0,1,0.607049
1,1,1,0,0,1,0,1,0,0,1,1,0,1,0,0,1,0,0,0,1,0,1,1,0,1,1,0,1,0,0,1,0.606623
1,0,0,0,0,1,0,0,0,0,1,0,0,0,0,0,1,1,0,0,0,0,0,1,1,1,1,0,0,0,1,1,0.597950
1,0,1,0,0,0,1,0,0,1,0,0,0,1,1,0,1,1,1,0,1,0,1,1,0,0,0,0,0,0,1,0,0.616424
0,0,0,1,1,0,0,1,0,0,1,1,1,0,0,1,1,0,0,1,1,0,0,1,1,0,0,0,1,0,1,0,0.570326
0,0,1,1,0,0,1,0,1,0,1,0,1,1,1,0,1,0,1,1,0,0,0,0,1,0,0,0,0,0,1,0,0.586168
1,1,1,0,0,1,0,0,0,1,0,1,0,0,1,0,1,1,1,0,1,1,1,0,0,1,1,1,1,0,0,1,0.605043
0,1,0,1,1,0,1,0,1,1,0,0,0,1,1,1,1,1,0,1,1,0,1,1,1,0,0,0,1,0,1,0,0.615722
0,1,0,0,0,1,0,0,0,1,0,0,0,1,0,1,1,0,0,0,0,0,1,1,1,1,0,0,0,1,0,0,0.553079
0,0,1,0,1,0,0,1,1,0,0,0,1,1,0,0,0,1,1,0,1,0,0,0,1,0,1,0,1,1,1,0,0.617953
0,0,1,1,0,1,1,0,1,0,1,1,1,1,0,0,0,0,1,1,0,0,0,1,1,0,1,0,1,1,1,1,0.596345
1,1,0,0,1,0,1,1,1,1,1,1,1,1,0,1,1,1,1,0,0,1,1,0,0,0,0,0,0,1,1,0,0.601133
1,0,0,1,1,0,1,1,1,1,1,1,0,0,0,0,0,0,0,1,1,1,1,0,1,1,1,1,1,1,0,0,0.630512
0,1,1,1,0,0,0,0,1,1,0,0,1,0,1,0,1,0,1,0,0,1,0,0,0,0,0,1,0,1,1,1,0.588775
0,1,0,0,0,0,1,0,1,1,0,0,1,0,1,0,1,1,0,0,0,0,1,1,0,0,1,0,1,1,0,1,0.584238
1,1,1,1,0,1,1,0,1,1,1,0,1,1,1,0,1,0,0,0,0,0,0,1,0,0,1,0,0,1,1,1,0.604342
1,1,0,1,0,1,1,0,0,1,1,0,0,1,0,0,1,1,0,1,0,0,1,0,1,0,0,1,0,1,0,1,0.623693
1,1,1,0,1,1,0,0,0,0,1,0,1,1,0,0,1,0,1,1,0,1,1,1,0,0,1,0,1,1,1,1,0.611185
0,1,1,1,0,0,0,0,0,1,1,1,0,0,1,0,0,1,1,1,1,0,0,1,1,0,1,0,1,1,1,0,0.611561
1,1,1,0,0,1,0,0,0,1,1,1,0,1,1,0,1,0,0,0,1,1,0,0,0,1,1,0,0,0,0,1,0.617928
0,1,1,0,1,1,0,1,0,1,0,0,0,1,0,0,1,1,1,0,1,0,0,1,0,1,0,0,1,0,1,0,0.605470
1,1,1,0,0,1,0,0,1,1,0,0,1,0,0,0,0,1,0,1,1,0,1,1,0,0,1,0,1,1,0,0,0.620234
1,1,1,1,1,1,1,1,1,1,0,0,0,1,1,1,0,0,0,0,0,0,1,0,0,0,0,1,1,0,0,0,0.599729
1,0,1,0,0,0,0,0,1,0,1,0,0,1,0,1,0,0,0,0,1,0,1,1,0,0,1,1,1,0,0,1,0.599754
1,0,1,0,0,0,1,1,0,0,1,0,1,1,1,0,1,0,0,1,0,0,1,0,0,1,1,1,0,1,1,0,0.610884
1,0,1,1,1,0,1,1,1,1,0,1,0,1,0,0,1,1,0,1,1,0,0,0,0,0,1,0,0,1,1,0,0.627353
0,1,1,0,1,1,0,0,0,1,1,1,0,1,1,1,0,1,0,1,1,1,1,0,0,1,1,0,0,0,1,1,0.631915
1,0,0,0,1,1,1,0,0,1,0,0,0,0,0,0,0,0,0,0,0,1,1,1,0,0,0,0,0,1,1,1,0.568471
0,1,1,0,0,1,1,0,1,1,0,0,1,0,0,0,1,1,0,1,0,0,0,1,1,0,0,1,0,1,0,1,0.606121
