0,0,0,1,0,0,0,1,1,0,0,1,1,0,0,0,0,0,1,0,0,0,1,0,1,1,1,0,1,1,0,1,0.622709
0,1,1,1,1,0,1,0,1,1,1,1,1,0,1,1,1,0,0,1,1,1,1,0,1,0,1,1,1,0,1,0,0.656996
1,1,1,1,1,0,0,1,0,1,1,1,1,0,0,1,0,1,0,1,1,1,0,1,1,1,1,1,0,0,0,0,0.573689
1,0,1,0,1,0,1,1,1,0,1,0,0,1,0,0,1,0,1,0,0,0,0,0,0,1,0,0,0,1,1,1,0.838795
0,1,1,1,1,0,0,1,1,0,0,0,1,0,0,0,1,0,1,0,0,1,1,1,0,0,0,0,1,1,0,1,0.771846
1,0,0,1,0,1,1,0,0,0,0,1,1,0,1,0,1,0,1,0,1,0,1,1,1,0,1,1,1,1,0,1,0.605366
1,1,1,0,0,0,0,1,1,0,1,1,0,1,1,0,1,1,0,0,1,1,0,1,1,1,0,1,1,1,0,0,0.578112
0,0,1,0,1,1,0,1,1,0,0,1,0,0,1,0,0,1,1,1,0,0,1,0,1,0,0,1,0,1,1,1,0.584879
1,1,0,1,1,1,1,1,1,1,0,0,1,0,0,1,0,1,0,0,1,1,0,0,0,0,1,0,1,1,0,1,0.821798
0,1,0,0,1,1,0,1,1,0,1,0,0,0,1,1,0,1,1,0,0,1,1,0,0,1,0,0,1,1,0,0,0.611440
0,0,1,0,0,0,1,1,1,1,1,1,1,0,0,0,1,0,0,0,0,0,1,1,1,0,1,0,0,0,0,0,0.706682
1,0,0,0,1,0,1,1,0,1,0,0,1,0,0,1,1,1,1,0,1,1,1,1,1,1,0,0,0,1,1,0,0.862798
0,0,0,0,1,1,1,1,0,0,0,1,1,0,1,0,1,1,1,1,1,0,0,1,0,0,1,1,0,0,1,0,0.657928
1,1,1,1,0,0,0,1,1,1,0,0,1,0,0,1,0,1,1,1,1,1,0,0,1,1,1,0,1,1,1,1,0.699329
1,0,1,1,1,0,1,0,0,0,0,0,1,1,1,0,1,1,1,1,0,1,0,0,0,0,0,0,0,1,0,1,0.750559
1,0,0,0,1,1,1,1,0,0,0,1,0,1,1,0,1,1,0,0,0,0,1,1,1,0,0,0,1,0,1,1,0.657023
0,0,1,1,0,1,0,0,1,0,0,0,1,1,0,1,0,0,1,0,1,1,0,1,0,0,0,1,1,1,1,1,0.871004
1,1,1,0,1,1,0,1,1,0,1,1,1,0,0,0,0,0,1,1,1,0,0,0,1,0,0,0,0,1,1,1,0.622709
0,0,0,1,1,0,0,0,0,1,0,1,0,0,1,0,1,0,1,1,1,0,1,1,1,1,0,1,0,0,0,0,0.599132
0,1,1,0,0,1,0,1,0,0,0,0,0,0,0,0,0,1,0,1,1,1,1,0,0,1,1,1,0,1,0,1,0.830509
1,0,0,0,1,0,0,1,1,1,0,1,0,1,1,1,1,1,1,1,0,0,0,1,1,1,0,1,1,1,0,0,0.585838
0,0,1,1,0,0,0,1,1,1,1,1,1,1,0,0,1,1,0,0,0,0,1,1,1,0,1,1,0,1,0,1,0.651428
1,0,1,1,0,1,1,1,1,0,1,0,1,1,0,0,1,0,1,1,1,1,0,0,0,1,0,1,0,1,0,0,0.581975
0,0,1,1,1,0,1,0,1,1,0,0,1,1,0,0,1,1,0,1,0,0,1,1,0,1,0,1,1,1,1,0,0.621030
1,1,0,0,0,0,0,1,1,1,0,1,1,0,1,1,1,1,0,0,0,0,1,1,1,0,0,1,0,0,1,1,0.607150
1,0,1,1,0,0,0,1,1,0,0,1,0,0,1,0,0,1,1,0,0,1,1,0,0,1,1,0,0,0,0,0,0.684836
1,0,1,0,1,1,0,1,1,1,1,0,1,0,0,1,0,0,1,0,1,0,1,0,0,0,0,1,1,0,0,1,0.640478
0,1,1,0,0,1,0,0,1,0,1,0,1,1,0,0,1,0,1,1,1,0,1,1,1,1,1,1,1,1,1,1,0.620764
0,1,1,1,0,1,1,0,0,1,1,0,0,0,1,0,1,0,1,0,0,1,1,0,0,0,1,0,0,1,0,1,0.595961
0,0,1,1,0,0,1,0,1,1,1,1,0,1,1,1,0,1,1,1,1,1,1,1,1,1,0,1,1,1,0,1,0.561328
1,0,1,1,1,0,1,0,0,0,0,0,0,1,1,1,0,1,1,1,1,0,0,0,1,0,1,1,1,0,0,0,0.619459
1,1,0,0,0,1,0,1,1,0,0,0,0,1,1,0,1,1,0,0,1,1,0,0,1,1,0,0,0,1,1,1,0.862372
1,0,1,0,1,1,1,0,0,0,0,0,1,1,0,1,1,0,1,0,1,1,1,1,1,1,1,0,0,1,1,0,0.811727
0,1,1,1,1,0,1,0,0,0,1,1,0,1,1,1,1,0,0,1,1,1,0,1,1,1,1,0,1,1,0,1,0.623481
0,0,0,1,0,1,1,1,1,0,1,1,0,1,0,1,0,1,0,0,1,0,1,0,1,1,0,0,0,1,0,0,0.609095
1,0,1,1,0,1,1,1,0,0,1,1,1,1,1,1,1,1,0,1,1,1,0,1,1,0,1,1,0,0,1,1,0.583546
1,0,0,1,1,0,1,0,0,0,1,1,0,1,0,1,1,1,0,1,1,1,1,0,0,0,1,1,0,0,1,1,0.586717
0,1,1,0,0,0,0,1,1,1,0,1,0,1,0,0,0,1,1,0,0,1,0,1,1,1,1,1,0,0,1,1,0.632166
0,1,0,1,0,1,0,1,0,1,1,0,0,0,0,0,0,0,0,1,0,0,1,0,1,1,1,0,0,1,0,1,0.848865
1,0,0,0,1,0,0,0,0,0,1,1,1,1,1,1,1,1,0,0,1,0,0,0,0,1,0,0,0,0,1,1,0.753597
1,0,1,1,1,0,0,1,0,0,1,1,0,0,0,1,1,1,1,1,0,0,1,0,1,0,0,0,0,1,0,1,0.697863
0,0,0,0,1,0,1,1,1,0,0,0,0,0,0,0,1,1,1,1,0,1,1,0,0,1,0,0,1,0,0,0,0.767716
0,1,1,0,0,0,1,1,0,0,0,0,1,1,1,1,1,0,1,1,1,0,1,0,0,0,0,0,1,1,0,1,0.657582
1,1,0,0,1,1,0,1,1,0,1,1,1,0,1,1,1,1,1,1,0,1,0,1,0,0,1,1,1,0,0,0,0.605286
0,1,0,0,0,0,1,0,0,1,1,1,1,0,0,1,0,1,0,0,1,1,0,0,1,0,0,0,1,0,1,1,0.587782
0,0,0,0,0,0,0,0,1,1,0,1,0,1,0,1,0,1,1,0,0,1,1,1,1,0,1,0,1,0,0,1,0.672341
0,0,0,1,1,1,0,0,0,0,1,0,1,1,0,0,0,1,1,1,1,0,1,0,1,0,1,1,1,1,0,0,0.606245
1,1,1,0,0,0,0,0,1,0,1,0,1,1,1,0,1,0,0,1,0,1,0,0,1,0,0,0,0,0,0,1,0.594096
1,0,0,1,0,0,1,0,0,0,0,0,0,0,0,1,0,0,1,0,0,1,1,0,1,1,0,1,1,0,0,1,0.749014
1,0,1,1,0,0,1,1,1,1,0,0,0,0,1,0,1,1,0,1,1,1,0,0,0,0,1,0,1,1,0,0,0.754529
1,0,0,1,0,0,1,1,0,1,1,0,1,0,0,0,0,0,0,1,1,1,1,1,1,0,0,1,0,0,0,0,0.629769
0,0,0,0,0,0,1,1,0,0,0,1,1,0,1,0,1,0,1,1,0,1,1,0,1,1,1,0,1,1,1,1,0.664189
1,0,0,0,0,0,0,0,1,0,1,1,1,1,1,0,0,1,0,0,1,0,0,0,0,0,0,0,0,1,1,1,0.765878
0,1,0,1,0,1,0,1,0,0,0,1,1,1,1,1,0,0,1,0,0,0,1,0,0,0,1,0,1,1,1,0,0.585758
0,0,1,0,1,0,0,0,0,1,0,0,1,0,0,0,1,1,0,0,1,0,0,1,0,0,0,0,0,1,0,1,0.641118
0,1,1,1,0,1,0,0,0,1,1,1,1,1,1,0,0,0,0,1,0,1,1,1,0,0,0,0,0,1,0,0,0.605179
1,1,1,0,0,0,0,1,1,0,0,1,1,0,0,0,0,1,1,1,0,1,1,0,1,1,0,1,1,1,1,1,0.692588
0,0,0,1,0,1,0,0,0,1,0,0,1,1,1,1,1,1,1,0,0,1,1,1,0,0,0,1,0,0,1,0,0.792945
0,0,0,1,0,0,0,1,1,0,1,0,0,0,1,0,0,0,0,0,0,1,0,0,1,0,1,0,1,1,1,1,0.607417
1,1,1,1,0,1,1,0,1,1,1,0,1,1,0,1,1,1,0,1,1,0,0,0,1,1,0,0,1,1,1,1,0.573423
0,1,1,1,0,0,0,1,1,1,1,1,1,1,0,0,1,1,0,0,1,0,0,1,0,1,0,0,1,0,1,1,0.682571
0,0,1,1,1,0,1,1,0,1,1,1,0,1,1,1,0,0,1,0,1,0,1,0,0,0,1,1,1,0,1,0,0.872869
1,1,0,1,1,1,0,0,1,1,1,1,0,0,1,1,1,0,1,0,0,1,1,1,1,1,1,0,0,1,1,1,0.490249
0,0,1,0,0,1,0,1,1,0,0,0,0,0,0,0,0,0,1,0,0,1,1,0,1,0,1,0,1,0,0,1,0.741448
1,1,0,1,0,0,1,0,1,0,0,1,1,1,0,1,0,1,0,0,0,1,0,1,1,1,1,1,0,1,0,0,0.661525
1,0,0,0,1,0,1,0,0,0,0,1,1,0,1,1,0,1,0,0,0,0,0,0,0,0,0,1,0,1,0,0,0.560822
1,1,1,0,0,1,0,0,0,1,0,0,0,0,1,0,1,0,1,0,0,0,1,0,0,1,0,0,1,1,0,0,0.613438
1,0,0,0,1,0,0,1,0,0,1,1,1,0,0,1,1,0,0,0,1,0,0,1,1,1,1,0,0,0,1,1,0.781490
0,0,1,1,0,0,0,0,0,1,0,0,0,0,0,1,0,1,0,1,0,0,0,0,1,0,0,0,0,1,1,0,0.565697
0,1,1,1,0,1,0,1,1,0,0,1,0,0,1,1,0,0,0,0,1,0,0,1,1,1,0,1,1,0,0,0,0.605952
1,1,0,0,0,1,0,1,1,0,1,0,1,0,1,1,0,1,0,1,1,1,0,1,0,0,1,1,0,1,0,1,0.630328
0,0,0,0,1,1,0,1,0,1,0,0,0,0,0,1,0,1,0,0,0,0,0,0,0,1,0,0,1,1,0,1,0.566310
1,1,0,0,0,1,0,1,0,1,0,1,0,0,1,1,0,1,0,1,1,1,0,1,0,0,1,1,1,1,0,1,0.735081
0,0,0,0,0,0,1,1,1,0,0,0,1,1,1,1,1,0,0,1,1,0,1,0,0,1,1,0,0,1,1,1,0.585438
0,1,1,1,0,1,0,1,1,1,0,0,1,1,0,1,1,0,1,1,0,1,1,0,1,1,1,1,1,1,0,0,0.721041
1,1,0,1,1,0,0,0,1,0,0,0,0,0,0,1,0,1,1,1,1,0,0,1,1,0,1,1,1,0,1,0,0.661685
0,1,1,0,1,1,1,0,1,0,1,1,0,1,0,0,0,0,0,0,1,0,0,1,1,0,1,1,1,0,0,1,0.787910
1,1,1,1,0,0,0,0,0,0,1,0,1,0,1,1,1,0,0,0,1,0,0,0,1,0,1,1,0,1,1,0,0.727568
1,0,0,1,0,1,1,1,1,1,1,1,0,0,1,1,0,1,0,0,0,1,0,1,0,0,0,0,0,1,0,1,0.573343
0,1,1,0,1,0,0,0,0,0,1,1,0,1,1,0,0,1,1,0,0,1,1,0,0,1,1,1,1,0,0,1,0.582081
1,1,1,1,0,0,0,0,1,1,0,0,0,1,0,0,0,0,1,1,1,0,0,1,0,1,0,0,0,0,1,1,0.588795
1,1,1,1,0,1,0,0,1,1,1,0,1,1,0,1,1,1,0,1,1,1,1,1,1,0,1,1,1,0,0,1,0.624201
0,1,1,0,0,1,0,0,0,0,1,1,0,1,0,0,0,1,0,1,0,1,0,1,1,0,1,0,1,1,0,0,0.559410
0,0,1,1,0,1,0,1,0,0,0,1,1,0,1,0,0,1,1,1,1,0,1,0,1,0,1,1,1,1,0,1,0.614077
0,1,1,0,1,0,0,0,0,0,1,0,1,0,1,1,0,0,1,0,0,1,1,0,0,0,1,1,1,0,1,0,0.598812
1,0,0,1,1,1,1,1,1,0,0,0,0,0,0,1,0,0,0,1,1,1,0,0,1,1,1,0,1,1,0,0,0.813219
0,1,0,0,0,1,1,0,0,0,0,0,0,0,1,0,1,1,0,0,1,0,0,1,0,0,0,1,1,1,1,1,0.689445
0,1,1,1,0,1,1,1,0,1,1,0,1,1,0,1,1,1,1,0,0,1,1,0,1,0,0,0,1,1,0,0,0.641198
1,1,0,0,1,0,0,1,0,1,1,1,1,0,1,0,1,1,1,0,0,0,1,0,1,1,0,0,0,1,0,0,0.701939
1,0,0,0,1,1,0,0,0,0,0,0,1,1,0,1,1,0,1,0,1,0,0,0,1,0,1,1,1,1,0,1,0.603154
0,0,1,0,0,1,1,1,0,1,0,0,1,1,0,1,1,0,1,1,0,0,1,1,0,1,1,1,1,0,0,0,0.608989
0,1,1,1,0,0,1,0,0,0,1,0,0,1,0,1,0,0,0,1,0,0,0,1,1,0,0,0,1,0,1,0,0.709319
1,1,1,1,0,0,0,0,1,1,0,1,0,1,0,0,0,0,0,1,0,0,1,1,1,1,0,1,0,1,0,0,0.620684
0,0,0,1,1,0,1,0,0,0,1,1,0,1,1,0,1,0,1,0,0,1,1,1,1,0,0,0,1,0,0,1,0.596814
0,1,1,1,1,1,0,1,1,1,1,0,0,1,0,0,0,1,1,0,1,0,0,0,0,0,0,0,0,0,1,1,0.596228
0,1,1,0,0,0,1,0,1,1,0,1,1,0,1,0,1,0,1,0,0,0,1,0,1,0,0,1,0,1,1,1,0.619139
1,0,0,0,0,1,0,0,0,0,0,1,0,0,1,0,1,0,1,1,1,0,0,1,1,1,1,1,1,0,1,1,0.606111
1,1,1,0,1,0,1,1,0,0,1,1,1,1,0,0,1,0,1,1,0,1,1,0,0,1,1,1,0,1,1,0,0.622096
0,0,0,0,0,1,1,1,0,0,0,1,0,1,0,1,1,0,0,0,0,1,0,0,1,0,1,1,0,1,1,0,0.730552
0,1,1,1,0,1,1,1,1,1,0,1,1,0,1,1,0,0,0,0,1,1,1,0,1,1,0,1,0,1,1,0,0.857816
0,0,0,1,0,0,1,0,1,0,1,0,1,1,1,0,1,1,1,1,1,1,1,0,0,1,0,1,1,1,0,1,0.615596
1,1,1,1,0,0,0,1,0,1,1,0,0,1,0,1,1,0,0,0,1,1,0,1,1,1,0,0,0,0,0,1,0.592924
1,1,0,0,1,0,1,0,1,0,0,0,1,1,0,0,0,1,0,1,1,0,0,0,1,1,0,1,1,1,1,1,0.618606
1,1,1,0,1,1,1,0,0,0,1,0,1,1,0,0,1,0,0,1,1,1,1,0,0,1,0,1,1,0,0,0,0.653106
0,1,0,0,1,1,0,0,0,1,0,1,1,1,1,1,1,0,0,1,1,1,1,0,1,0,1,0,0,1,0,0,0.815137
1,0,0,0,1,0,1,1,1,1,1,1,0,0,1,0,0,1,1,1,0,0,1,0,0,1,0,1,0,0,0,0,0.669864
0,0,0,1,0,1,1,1,0,1,1,1,1,1,1,0,0,1,1,0,0,0,1,0,1,0,1,0,0,0,0,0,0.765745
1,1,0,0,1,1,0,1,1,0,1,0,0,0,0,1,1,1,0,0,0,0,1,1,0,0,1,0,1,0,1,1,0.824275
1,1,0,1,0,1,0,1,1,1,0,0,0,0,0,0,0,1,1,0,1,0,1,0,0,1,0,0,0,1,0,0,0.633818
1,0,1,0,1,0,1,0,1,1,0,1,0,1,1,1,0,1,0,1,0,1,0,0,1,0,0,1,1,0,1,1,0.709399
0,1,1,0,0,1,1,1,1,1,1,1,0,1,0,1,0,1,0,0,0,1,0,1,1,0,1,1,1,1,0,0,0.596574
1,1,1,1,0,0,1,0,0,1,0,1,1,0,1,1,1,0,0,0,0,1,1,0,0,0,0,0,1,0,0,1,0.777227
0,1,0,0,1,0,1,0,1,0,0,0,1,0,0,0,1,0,0,1,0,0,0,0,0,0,0,0,1,0,0,1,0.545743
0,0,0,1,1,1,1,0,1,1,1,0,1,0,0,1,1,0,1,0,1,1,1,0,1,0,0,1,0,0,0,0,0.630648
0,0,1,0,0,1,1,1,1,1,0,0,1,1,1,1,0,1,0,0,1,1,1,0,0,1,0,0,1,1,0,1,0.906303
0,0,1,0,1,0,0,0,0,0,0,1,1,1,0,0,1,1,1,1,1,0,0,0,1,1,0,1,0,0,0,1,0.643569
1,1,0,0,1,0,0,0,1,0,1,0,0,0,0,0,1,0,1,0,0,1,0,1,0,0,1,1,1,0,0,0,0.572038
0,1,1,1,1,0,0,0,1,0,0,0,0,1,0,0,0,1,0,0,0,0,0,1,0,1,1,0,1,1,1,1,0.548220
0,1,1,1,0,1,0,0,1,0,0,1,0,1,0,1,0,1,0,1,1,0,0,0,0,0,1,1,1,0,0,0,0.619965
1,1,0,0,1,1,1,1,0,1,1,0,1,0,0,1,1,1,0,0,0,0,1,1,0,0,0,0,0,1,1,0,0.729433
1,0,1,1,0,1,1,1,1,1,0,0,0,1,0,1,0,1,0,0,0,0,1,1,0,1,1,0,1,0,0,1,0.615436
1,1,0,0,1,0,1,1,1,0,1,1,1,1,0,1,1,1,1,0,0,1,1,1,1,0,0,0,0,0,0,0,0.594283
0,1,1,1,1,0,0,1,0,0,0,0,1,0,1,0,0,0,0,1,0,1,0,1,1,1,0,0,1,0,1,1,0.758472
0,0,0,1,1,1,0,0,1,0,1,0,1,1,0,0,0,0,0,1,0,1,1,0,1,0,0,1,0,0,1,1,0.646100
0,0,0,1,1,0,0,0,0,1,0,1,1,1,0,0,1,1,0,0,1,0,0,0,0,0,1,1,1,1,1,0,0.611333
0,1,1,0,0,0,1,0,0,0,0,0,1,0,0,1,0,0,0,1,0,0,0,0,0,0,0,0,1,1,0,0,0.516597
1,0,0,0,1,0,0,0,0,0,1,0,0,1,0,1,0,1,1,0,1,1,0,1,0,1,1,0,0,1,0,1,0.605046
0,1,0,1,1,1,0,0,1,1,0,1,1,0,1,0,1,0,1,1,1,0,1,1,1,1,0,1,0,0,1,1,0.625666
