0,0,0,1,1,1,1,0,0,1,1,0,0,0,1,1,1,0,1,1,1,1,0,1,1,1,1,1,0,1,0,0,0.010177
0,1,1,1,0,1,1,0,0,0,0,1,0,1,0,1,1,1,0,1,1,1,1,1,0,0,1,0,0,1,0,0,0.008898
0,0,1,1,0,1,0,1,1,0,0,0,1,0,1,1,0,0,0,1,1,1,0,0,1,0,0,1,0,0,1,1,0.992620
0,1,0,0,1,1,0,1,0,1,1,0,0,1,0,1,1,1,0,1,0,1,0,0,0,0,0,0,1,1,1,1,0.996670
0,1,1,0,1,1,0,1,0,1,0,1,1,0,0,1,0,1,1,1,1,0,1,0,1,0,1,0,1,0,1,0,0.009458
1,0,0,0,0,0,0,1,0,0,0,0,1,1,0,1,0,1,1,0,1,0,0,1,1,1,0,0,1,1,1,1,0.995977
0,1,1,1,1,0,0,1,0,1,0,1,0,1,1,0,1,1,0,1,0,1,0,1,0,0,0,0,0,0,1,0,0.008259
1,0,0,0,1,1,0,0,0,1,1,0,0,0,1,1,1,0,1,0,1,1,0,0,1,0,1,0,1,0,1,1,0.994725
0,1,1,1,0,0,1,1,0,1,1,1,1,0,1,1,0,0,0,1,1,1,0,1,0,1,0,1,0,0,1,1,0.996910
1,0,1,0,1,0,1,0,0,0,0,0,0,1,0,1,0,0,0,1,0,1,1,0,1,0,1,1,0,1,0,1,0.992674
1,1,1,1,0,0,1,1,1,1,0,1,0,0,0,1,0,0,0,1,0,1,0,0,1,0,1,0,0,0,0,1,0.993500
1,0,1,1,1,0,1,1,1,1,1,1,0,1,0,0,1,1,1,0,0,1,0,0,1,0,1,1,1,1,0,1,0.995471
0,1,0,1,1,0,0,1,1,0,1,1,0,1,0,0,0,1,1,0,1,1,0,0,1,1,1,0,1,1,0,0,0.009351
1,1,0,0,0,0,0,1,0,0,1,0,0,1,0,1,0,0,1,0,0,1,1,0,0,0,1,1,0,0,0,0,0.992221
1,1,1,0,1,1,1,1,1,0,0,0,0,1,1,0,0,0,0,0,0,1,1,0,0,0,1,0,1,1,0,0,0.993233
0,1,1,0,1,0,1,0,1,0,0,0,0,1,1,1,1,0,0,0,1,1,0,1,0,0,1,1,1,0,1,1,0.995338
1,0,0,1,1,0,0,1,0,0,0,0,1,0,0,0,0,0,0,0,0,0,1,1,1,0,0,1,1,1,0,1,0.992647
0,1,0,0,0,0,1,0,0,1,0,0,1,1,0,0,0,0,0,1,0,0,0,0,0,0,0,0,1,0,1,0,0.003650
1,1,1,1,0,1,1,0,0,1,1,1,0,1,0,0,1,1,1,0,0,0,1,1,0,0,0,0,0,1,1,1,0.994405
1,0,0,0,1,0,0,1,0,1,1,0,1,0,1,1,1,1,0,1,0,0,0,1,0,0,1,0,1,1,0,1,0.993873
1,0,1,1,0,0,0,0,1,0,0,0,1,0,0,1,1,0,1,0,1,0,0,1,1,1,0,0,0,0,0,1,0.993686
0,0,1,1,1,1,0,1,0,1,1,1,1,1,0,1,1,1,0,0,1,0,0,0,0,1,1,1,1,1,1,1,0.995791
1,1,0,1,0,0,0,0,0,1,1,0,1,1,0,0,0,1,1,0,0,1,1,0,1,0,1,0,1,0,1,1,0.994086
1,1,1,1,0,0,1,1,0,1,1,1,1,1,0,0,0,0,0,0,0,0,0,0,1,1,1,0,0,1,0,0,0.993579
1,0,1,0,1,1,0,0,1,0,1,0,0,1,1,1,0,0,1,0,1,0,0,0,1,1,1,1,1,0,1,1,0.993979
1,1,1,1,1,0,0,0,0,0,0,1,1,0,1,1,0,0,1,1,1,0,0,1,0,1,1,0,1,1,1,0,0.995471
1,1,0,0,0,1,0,0,1,1,0,1,1,0,0,0,0,0,0,1,1,0,1,1,0,0,1,0,1,1,1,1,0.993233
1,0,0,1,0,1,0,1,1,1,0,0,1,0,1,1,1,1,0,0,0,0,0,1,1,0,1,0,1,0,1,0,0.994059
1,1,1,1,1,0,0,1,0,1,0,1,0,0,0,1,0,0,0,0,0,0,0,0,1,0,0,1,1,0,0,1,0.993713
0,1,0,1,1,1,1,0,0,1,0,0,1,0,0,1,0,1,0,1,1,1,1,0,1,1,1,0,0,1,0,0,0.008978
0,0,0,1,1,1,1,0,0,0,1,0,0,1,1,0,0,0,1,1,1,1,0,1,1,1,1,0,1,1,0,1,0.995764
0,0,0,1,0,0,0,0,1,1,1,0,0,0,0,1,0,0,0,1,0,0,1,0,0,1,1,1,1,1,1,1,0.992061
0,1,0,0,1,1,0,0,1,0,1,0,1,1,0,0,1,0,0,1,1,1,1,1,1,1,1,0,1,1,0,0,0.008845
0,1,0,1,1,1,1,0,1,1,0,0,1,0,1,1,1,1,1,1,0,0,0,1,0,0,1,0,0,1,0,0,0.008898
0,0,1,1,0,1,0,0,1,0,0,1,1,1,1,0,1,1,0,0,1,1,0,0,0,0,0,0,1,1,1,0,0.008499
1,1,1,0,1,0,1,1,1,1,1,1,1,1,1,0,1,1,1,0,0,1,0,1,0,1,0,1,1,0,0,1,0.995471
1,1,1,0,0,1,0,0,1,0,0,1,1,0,1,0,1,0,1,1,1,0,1,1,1,0,0,0,1,0,1,1,0.995444
1,0,1,1,1,1,0,1,1,1,1,0,0,0,0,1,1,0,0,1,1,0,0,1,0,1,1,1,1,0,1,1,0.998561
1,0,1,0,1,1,1,1,1,0,0,1,0,1,1,0,1,1,0,1,1,1,1,0,0,1,1,1,1,1,1,0,0.996324
1,0,0,0,0,0,0,0,0,0,1,1,0,0,0,1,0,1,1,1,0,0,1,0,1,1,0,0,0,0,1,1,0.992354
0,1,0,1,0,0,1,0,1,1,0,0,0,1,1,1,1,0,0,0,1,0,1,0,1,0,0,0,0,0,1,1,0.993260
1,1,0,1,1,0,1,0,0,0,1,1,1,0,0,1,1,0,0,0,0,1,0,0,1,1,0,0,1,0,0,0,0.994086
0,0,1,1,0,0,0,0,0,1,0,1,1,1,0,0,1,0,1,1,0,0,0,0,1,0,0,0,1,0,1,1,0.992008
0,0,1,0,1,0,1,1,0,1,0,0,0,1,0,1,1,0,0,0,1,1,0,1,1,0,1,0,0,1,1,0,0.008365
1,0,0,0,0,1,0,0,0,1,0,0,0,1,0,1,0,0,0,0,1,1,0,1,1,1,1,1,0,1,1,0,0.992700
1,0,1,1,1,0,0,0,1,0,0,1,0,1,1,0,0,1,0,1,0,1,0,0,1,1,0,0,1,0,1,1,0.993526
0,1,1,0,1,1,0,1,0,1,0,0,1,1,0,1,1,0,1,1,1,0,0,1,1,0,0,1,1,1,1,1,0.999387
1,1,1,1,0,1,1,0,0,0,1,1,1,1,1,1,1,0,1,1,1,1,0,1,1,1,0,0,0,0,1,0,0.995524
0,0,1,1,0,0,1,1,1,0,1,1,1,0,1,0,1,1,1,0,0,0,0,0,1,1,0,0,0,0,1,0,0.008472
0,0,1,1,0,0,0,1,1,1,0,0,0,0,0,0,0,0,0,1,1,1,1,1,0,0,1,1,0,1,1,1,0.992940
0,0,1,0,0,0,1,1,1,1,1,0,0,0,0,1,1,0,1,0,0,1,0,0,0,0,0,0,0,1,0,0,0.007460
1,1,0,0,1,0,1,1,0,1,0,0,0,0,0,0,0,1,1,0,1,0,0,0,1,1,0,0,1,0,0,1,0.994698
0,0,0,0,1,0,0,0,1,1,0,0,1,0,1,0,1,0,0,0,0,1,0,0,1,1,1,1,1,1,0,1,0.992514
0,0,1,0,1,0,1,1,1,0,0,0,0,0,0,0,0,0,1,1,0,1,0,0,0,1,0,0,0,1,0,1,0.990809
0,1,0,1,0,0,1,1,0,1,1,0,1,0,1,0,1,1,0,0,0,1,0,0,0,0,1,0,1,1,0,1,0.993073
1,1,1,1,1,0,0,0,0,0,0,1,1,1,0,0,1,0,1,0,0,1,1,1,0,1,1,1,1,0,0,0,0.994618
1,0,1,0,0,0,1,0,1,0,0,1,1,1,1,1,1,1,0,0,0,0,0,0,1,1,1,1,0,1,0,1,0.994965
1,1,1,1,1,1,0,1,0,1,1,1,0,1,0,1,0,0,1,0,0,0,0,1,0,0,0,1,1,1,0,0,0.994192
0,0,0,0,1,0,0,1,0,0,0,0,1,1,0,1,0,0,0,0,0,1,1,1,0,1,1,0,0,1,0,1,0.990862
0,0,0,0,1,1,0,1,0,1,0,1,0,1,1,1,1,0,0,0,0,1,1,0,1,1,1,1,0,1,1,0,0.009378
0,1,0,1,0,1,1,0,0,0,0,1,1,1,1,1,0,1,1,0,0,0,0,0,0,1,0,1,0,0,1,1,0.992514
0,0,0,1,0,0,0,1,0,1,0,1,0,0,0,0,0,1,0,0,0,1,0,0,0,1,0,1,1,1,0,1,0.990649
1,1,0,0,0,1,1,0,0,1,1,1,0,0,0,1,0,0,0,1,1,1,0,1,0,1,0,1,1,0,1,0,0.993606
1,0,0,1,0,0,0,0,0,1,1,1,0,1,1,0,1,0,1,0,0,0,0,1,1,1,0,1,0,0,1,1,0.993073
0,0,1,1,0,0,0,1,0,0,0,1,0,1,1,1,0,1,0,1,0,0,1,1,0,0,0,1,1,0,1,0,0.007380
0,0,0,0,1,0,1,0,0,0,0,0,0,0,1,0,1,1,1,1,0,1,1,1,1,1,1,1,0,0,1,0,0.006873
0,0,1,1,0,1,1,0,0,0,1,1,1,0,0,0,1,1,0,1,0,1,0,1,0,1,1,1,0,1,1,0,0.008632
0,1,0,0,1,1,0,1,0,0,1,0,0,1,1,0,1,0,1,0,0,1,1,0,1,1,1,1,1,1,0,0,0.008632
0,1,1,1,1,0,1,1,1,0,0,1,1,1,1,1,1,0,1,0,0,1,0,1,1,0,0,1,1,0,0,1,0.996483
0,0,1,1,0,1,0,0,1,0,0,1,0,1,0,1,1,1,0,0,0,1,1,0,1,0,0,1,1,1,0,1,0.993420
1,0,0,0,1,1,1,0,1,0,1,1,0,1,1,0,1,0,0,0,1,0,1,1,0,1,1,0,1,0,0,1,0.994432
1,0,1,1,1,1,0,1,0,0,0,1,0,1,1,1,1,1,1,1,1,1,0,1,0,1,0,1,0,1,1,1,0.999893
0,0,0,1,0,1,0,1,0,0,1,1,0,0,1,0,0,1,1,1,1,1,1,0,0,0,1,1,1,0,1,1,0.993606
1,1,0,1,0,1,0,0,1,0,0,1,1,1,0,0,1,1,0,1,0,0,1,1,0,0,1,1,1,0,1,0,0.994432
1,1,0,1,0,1,1,0,1,1,1,1,1,0,1,0,1,0,0,0,0,1,0,1,0,0,0,1,0,1,0,1,0.993739
1,0,1,1,1,0,1,1,0,1,1,1,0,1,1,1,0,1,1,1,0,0,0,0,1,1,0,0,1,1,0,0,0.995151
1,0,1,1,1,1,1,1,0,0,0,0,0,0,1,1,1,0,1,0,1,1,1,1,1,0,1,0,1,1,1,0,0.994885
0,0,0,1,1,1,0,0,1,0,1,1,1,0,1,1,0,1,1,0,1,0,1,0,1,1,1,1,1,1,1,0,0.010683
0,0,1,0,1,0,0,0,0,0,1,0,1,1,1,0,1,1,0,0,0,0,0,1,0,1,1,0,0,0,1,1,0.992034
1,1,0,0,1,0,1,1,1,1,0,1,0,1,0,0,1,1,1,1,1,0,1,0,0,0,0,1,0,1,0,0,0.994299
1,1,0,1,1,0,1,1,1,1,0,1,1,0,1,1,0,1,0,1,0,0,0,0,1,0,1,0,0,1,1,1,0.996110
1,0,0,0,0,1,0,0,1,0,0,0,1,0,0,1,1,0,0,0,1,1,0,0,1,1,0,0,0,1,0,1,0.992327
0,1,1,1,1,1,0,0,1,1,0,1,0,0,0,1,1,1,0,0,0,0,0,0,0,0,0,1,1,0,0,1,0.994112
1,0,1,0,0,0,0,1,0,1,0,0,0,0,1,1,0,1,1,0,1,0,0,1,0,0,1,1,0,0,1,1,0.993286
1,1,0,1,0,0,0,0,1,0,0,0,1,1,1,1,0,1,1,1,1,0,1,0,0,0,1,0,0,0,0,0,0.993207
1,0,1,1,0,1,0,0,1,0,0,1,1,1,0,0,1,1,1,0,0,0,0,0,0,0,1,0,1,0,0,0,0.993926
1,0,1,0,0,0,0,1,1,1,0,1,0,1,0,0,0,0,1,1,1,0,0,1,0,1,1,0,1,1,1,1,0.994166
0,0,0,1,1,0,0,1,0,1,1,1,1,0,0,0,1,1,0,1,1,0,1,1,1,0,0,1,1,0,1,0,0.009085
0,1,1,1,1,1,0,1,1,0,0,1,1,1,1,1,1,1,1,0,0,1,1,0,0,1,0,1,1,1,1,0,0.011056
1,0,0,0,0,0,1,0,1,0,1,1,1,0,0,1,0,0,1,1,1,0,0,1,0,1,0,0,1,0,0,1,0.991874
1,0,1,1,1,0,0,1,0,1,0,1,1,0,1,1,0,1,1,1,1,0,0,1,0,0,0,1,0,0,1,0,0.994991
1,0,1,0,0,1,1,1,1,1,0,0,1,0,0,1,0,0,1,0,1,1,1,1,0,0,0,1,1,1,1,0,0.994752
1,1,1,0,1,0,1,1,0,0,1,0,1,0,1,1,0,0,1,1,1,0,1,0,1,1,0,1,0,1,1,1,0.996324
1,1,0,1,0,0,1,0,0,0,0,1,1,0,1,0,1,0,1,1,0,1,0,0,0,0,0,1,0,1,0,1,0.993286
0,0,1,0,0,0,0,1,0,0,1,0,1,1,1,0,1,0,1,1,1,0,1,1,1,0,1,0,0,1,1,1,0.994938
0,1,1,1,1,0,1,1,1,1,0,0,0,1,0,1,1,0,1,0,1,1,1,1,0,0,1,1,0,0,0,1,0.994698
0,0,0,1,0,0,0,1,1,1,1,1,0,1,0,1,1,0,1,1,1,1,1,1,1,0,1,0,0,1,1,0,0.009990
1,0,1,0,1,1,1,1,1,0,1,1,0,1,1,0,0,1,1,0,1,0,0,1,0,0,1,1,1,1,0,0,0.995045
1,0,0,1,1,1,1,0,1,0,1,0,0,1,1,1,0,0,0,1,0,0,1,1,0,0,1,0,0,1,1,0,0.993473
0,0,0,0,1,0,1,0,1,1,0,0,1,1,1,1,1,0,0,0,1,1,1,1,1,0,1,1,1,0,1,0,0.008792
0,1,0,1,0,1,1,0,0,1,1,1,0,1,1,1,0,1,0,0,1,1,1,0,0,0,1,0,0,1,0,0,0.007673
0,1,1,1,1,1,1,1,0,1,0,1,0,0,1,1,1,0,1,0,0,1,0,1,1,0,1,1,1,1,0,1,0.997149
0,1,0,1,1,1,0,1,0,1,0,1,0,1,0,0,1,0,1,1,1,0,1,1,1,0,0,1,1,0,1,1,0.995711
0,1,1,1,1,1,1,0,0,1,0,0,0,1,0,0,1,0,1,1,0,1,1,1,0,0,1,1,1,1,0,1,0.995285
1,1,0,1,0,0,1,1,0,1,0,0,1,1,1,1,0,0,1,0,0,0,1,0,0,1,0,0,0,1,1,0,0.994752
0,1,0,0,0,1,1,1,0,0,0,0,1,1,1,1,0,1,1,1,1,0,1,1,0,0,0,0,1,0,1,1,0.994459
1,0,0,0,1,1,1,0,0,1,1,1,0,1,0,0,0,0,1,0,0,1,0,1,1,1,1,1,1,0,0,0,0.993739
1,1,1,0,0,0,0,1,1,0,1,0,0,0,0,0,0,1,1,0,0,0,1,1,1,1,1,1,0,1,1,0,0.992940
0,1,0,1,1,0,1,1,1,0,1,0,0,0,1,0,1,1,0,0,0,1,1,1,0,0,1,0,1,1,1,1,0.995631
1,1,0,1,1,1,1,1,0,0,0,0,1,0,0,0,0,1,0,1,1,1,0,0,1,0,0,1,1,0,0,0,0.992567
1,1,0,0,1,0,1,1,1,0,0,1,1,1,0,1,0,1,1,1,1,1,0,1,1,1,1,1,1,0,1,1,0.998695
0,0,1,1,0,1,0,0,0,1,1,1,0,1,0,1,1,0,1,1,1,1,1,1,1,1,1,1,1,0,0,0,0.010097
1,0,0,1,1,0,0,1,1,1,0,0,1,1,0,0,0,1,0,1,1,1,1,1,0,0,1,1,0,0,0,1,0.994512
1,0,0,1,1,1,0,1,1,1,1,1,0,0,0,1,0,0,1,0,1,0,0,0,0,0,1,0,1,1,0,1,0.995285
1,0,1,0,0,1,0,1,1,0,0,1,1,0,0,0,1,1,0,0,0,1,0,1,0,0,0,1,0,1,1,0,0.993233
1,0,1,0,0,1,0,1,1,0,1,0,0,0,1,1,0,1,0,1,1,1,0,0,0,1,0,0,0,1,1,1,0.994965
1,0,0,1,1,0,0,0,1,0,1,1,0,1,1,0,0,0,1,0,1,1,0,0,1,0,1,0,0,0,1,0,0.994006
1,0,1,0,0,0,0,0,1,0,0,1,1,0,1,0,0,1,1,1,1,0,0,0,0,1,0,1,1,0,1,1,0.992860
1,1,0,1,0,0,0,1,0,1,0,0,1,0,0,0,1,1,1,0,1,0,0,1,1,1,1,1,0,1,0,1,0.994112
1,1,1,1,0,0,0,1,0,1,0,1,1,1,0,0,0,0,0,1,0,1,0,0,0,1,1,1,0,1,1,0,0.994405
1,1,0,1,1,0,1,0,0,1,1,1,1,0,0,1,1,0,1,1,1,1,0,0,0,1,0,1,0,1,0,0,0.994752
1,0,1,0,0,1,0,1,0,1,1,0,0,1,0,1,0,1,0,0,0,1,1,0,0,0,1,1,1,1,1,0,0.993553
0,0,1,0,0,0,1,0,1,0,0,0,1,1,1,1,1,1,0,0,0,1,1,0,0,1,1,1,1,0,1,1,0.994325
1,1,1,1,0,1,1,1,1,0,1,1,1,0,1,1,1,1,0,0,0,0,0,0,0,0,1,0,1,1,1,0,0.995151
0,1,0,0,1,1,1,1,1,0,1,1,0,1,0,0,1,0,1,0,1,0,1,0,0,1,0,1,0,1,0,0,0.008632
0,0,1,0,1,0,1,0,1,0,1,1,1,1,0,1,0,1,0,1,0,1,1,1,0,1,0,1,0,0,1,0,0.007673
0,0,1,0,0,0,0,1,0,0,0,0,1,1,1,1,0,0,0,0,1,0,0,1,1,1,1,0,0,1,0,0,0.005728
1,1,1,1,0,0,1,1,1,1,0,1,1,0,0,0,0,1,0,0,1,0,0,0,0,1,0,1,1,0,1,0,0.993420
