0,0,0,0,0,1,0,1,1,1,1,1,0,0,1,0,0,1,0,1,1,0,0,1,0,0,0,1,0,0,1,1,0.692668
1,1,0,0,0,0,0,0,1,1,0,0,0,1,0,0,1,0,0,1,0,1,1,1,1,0,1,0,1,1,1,0,0.630382
1,1,1,0,1,1,1,0,1,1,1,1,0,0,1,0,0,0,1,1,1,0,1,0,1,0,0,0,1,0,0,0,0.830909
0,1,1,1,0,0,0,0,1,0,0,0,0,1,0,1,0,0,0,1,1,1,0,1,0,0,1,1,0,0,0,0,0.513800
1,1,1,0,1,0,0,0,1,1,0,1,0,0,0,1,1,1,1,0,0,0,1,1,0,0,1,1,1,0,1,0,0.648684
0,1,1,1,0,0,1,1,0,0,0,1,0,1,1,1,0,0,1,0,1,0,1,1,0,0,0,1,1,0,1,1,0.978048
1,1,1,1,1,0,0,1,1,1,0,1,1,1,0,1,0,1,1,0,0,0,1,1,0,1,0,1,1,1,1,0,0.715233
1,1,0,1,1,1,0,1,0,1,1,1,1,1,1,0,1,1,0,1,0,0,0,0,1,0,1,1,0,1,0,1,0.693201
1,1,1,0,0,1,1,1,0,1,0,0,0,0,0,0,0,1,1,1,0,0,0,0,0,0,1,0,0,0,0,0,0.828298
0,1,1,1,1,1,0,0,1,1,1,0,0,1,0,0,1,1,0,1,1,0,1,1,0,0,0,1,1,1,1,0,0.642130
1,1,1,0,1,1,0,1,0,1,0,0,0,0,0,0,0,0,0,1,0,0,0,1,1,1,1,1,0,0,1,0,0.552190
0,0,1,0,1,0,1,0,1,1,1,0,1,0,1,0,0,1,0,0,1,0,0,0,0,0,1,0,1,0,1,1,0.523391
0,1,1,1,0,1,0,0,1,1,1,0,0,0,1,1,0,1,0,1,1,1,1,0,0,0,0,0,1,0,0,0,0.551977
1,0,0,0,1,0,0,0,1,1,0,0,0,1,0,0,1,1,1,0,1,0,1,0,1,1,0,0,1,1,1,1,0.621963
1,1,1,1,1,0,1,0,0,0,0,1,0,1,1,1,0,0,1,0,0,1,1,0,1,0,0,1,0,0,1,1,0.670903
0,1,0,1,0,1,1,0,1,0,0,1,0,1,0,1,0,0,0,0,1,1,1,0,0,1,1,0,1,0,1,0,0.474052
1,0,0,0,1,0,1,0,1,0,1,0,1,1,0,1,0,0,0,0,0,0,1,0,0,0,1,0,0,0,1,0,0.528399
1,1,0,1,1,1,0,0,1,1,1,1,0,0,0,0,1,1,1,0,1,1,0,0,1,1,1,1,0,0,0,1,0.655451
1,0,0,1,1,1,1,0,1,0,1,0,0,1,0,1,0,1,0,0,1,1,1,0,0,0,1,1,1,1,1,0,0.621483
0,1,1,1,0,0,0,0,1,1,1,1,1,0,1,0,0,1,0,0,1,0,1,0,0,1,0,1,1,0,1,1,0.632513
1,0,0,1,1,0,0,0,1,0,0,0,1,0,0,0,0,1,1,1,0,1,1,0,0,0,1,0,0,1,1,1,0.567642
0,0,0,1,1,1,1,1,0,1,1,0,1,1,0,1,1,0,0,1,1,1,1,1,0,1,1,0,1,1,0,0,0.627504
0,0,1,1,1,1,0,1,0,0,1,1,0,0,1,1,1,0,0,0,1,1,0,1,0,1,0,1,0,1,0,1,0.844203
0,0,0,0,0,0,1,0,0,1,1,1,1,1,0,1,1,0,0,1,1,0,0,1,0,0,1,1,0,1,0,0,0.557438
1,1,1,0,1,0,0,1,1,0,1,1,1,0,0,1,0,1,0,0,1,1,0,0,1,1,1,1,1,1,1,1,0.785965
1,1,0,0,1,0,0,0,0,1,0,0,1,1,1,1,0,0,1,1,0,0,1,1,0,0,1,1,0,1,1,1,0.830509
0,1,0,0,1,0,1,1,1,1,1,0,1,1,1,1,0,0,1,0,0,1,1,0,0,1,0,1,0,0,0,1,0.644688
0,0,0,0,1,1,1,0,0,1,1,0,1,0,1,1,1,1,0,0,0,0,0,1,1,1,1,1,1,0,0,0,0.606511
0,1,1,1,1,0,1,1,0,0,0,0,0,0,1,1,0,0,1,0,1,1,0,1,0,0,0,0,1,1,1,0,0.594682
0,1,0,0,1,1,0,1,1,0,0,1,0,0,0,0,1,0,0,1,0,0,0,0,1,0,0,1,1,1,0,0,0.534127
1,1,1,0,0,0,1,0,1,0,0,1,1,0,1,0,0,0,0,0,1,0,0,1,0,0,1,1,1,1,1,1,0.769182
1,1,0,0,0,0,0,1,0,1,1,0,1,0,1,0,1,0,1,1,1,1,1,1,1,0,0,1,1,1,1,0,0.676071
0,0,1,0,0,1,0,1,0,1,0,1,0,0,0,0,1,1,0,1,0,0,0,1,1,0,1,0,1,1,0,1,0.556506
1,0,1,1,0,0,0,0,1,1,0,0,0,1,1,0,0,0,1,0,1,1,1,0,0,0,0,1,0,1,0,0,0.594682
0,1,1,0,1,1,0,1,0,0,0,0,1,1,1,0,0,1,0,0,0,0,0,1,0,0,1,1,0,0,0,0,0.547261
1,0,0,1,1,0,1,0,1,0,1,1,1,0,0,1,0,1,1,1,1,1,0,0,1,0,1,1,1,0,0,1,0.695013
1,1,0,1,0,1,1,0,1,1,1,1,0,0,0,1,0,1,1,0,1,0,0,0,1,1,0,0,1,0,0,1,0.695812
1,1,1,1,1,0,0,0,1,1,1,0,1,1,0,1,1,1,1,1,0,0,0,0,0,0,0,1,1,1,1,1,0.752238
1,1,1,1,1,1,1,0,0,0,1,1,0,0,1,0,1,0,1,0,1,1,0,0,0,1,0,0,1,0,1,1,0.675884
0,0,0,0,0,0,1,0,1,1,0,1,0,0,0,0,1,1,1,0,1,0,0,0,0,0,1,1,0,1,0,1,0.568947
1,1,1,1,0,0,0,1,1,0,1,0,0,1,1,1,0,0,1,1,0,1,0,1,1,0,0,1,0,0,0,1,0.726982
1,1,0,1,1,0,1,0,1,0,1,1,0,1,1,0,0,1,1,1,1,1,0,1,1,1,1,0,0,1,1,1,0.772938
0,0,1,1,1,0,1,1,1,1,1,0,1,0,1,0,1,0,1,1,1,1,1,1,1,0,0,0,1,0,0,0,0.721041
1,0,0,0,0,0,0,0,0,1,1,0,0,1,0,0,1,1,1,1,0,1,1,1,0,0,0,0,1,1,0,1,0.691976
1,1,0,0,0,0,1,0,0,0,1,0,1,0,0,0,0,1,1,1,0,0,0,1,1,1,0,0,0,1,0,1,0.574568
0,1,1,0,1,0,0,1,0,1,1,0,1,1,0,1,1,1,1,1,0,1,1,0,0,0,1,1,1,0,1,1,0.686461
1,1,1,1,0,0,0,1,0,0,0,1,0,1,1,0,0,1,1,0,1,0,1,1,1,1,0,0,1,0,1,1,0.668238
1,0,1,0,1,1,0,0,0,0,1,0,1,0,0,0,0,1,0,0,1,1,0,0,1,0,1,1,0,0,0,1,0.550538
1,0,0,0,1,0,0,1,1,0,1,1,0,1,0,1,0,1,0,1,1,1,1,0,0,1,1,0,0,1,0,0,0.602435
0,0,1,1,0,0,0,0,1,1,0,0,0,0,0,1,1,1,0,1,1,0,0,1,1,0,0,0,1,0,1,1,0.673913
1,1,1,0,0,0,0,1,1,1,1,1,1,1,0,1,0,1,1,1,0,1,0,0,1,1,0,0,1,0,1,0,0.666454
0,0,1,1,0,1,1,1,1,1,0,1,1,0,1,0,0,0,0,1,1,1,0,1,0,1,0,1,0,1,1,0,0.621137
0,0,0,0,0,0,0,0,0,1,1,1,0,0,0,0,1,0,1,0,1,1,0,1,0,0,0,1,0,1,1,1,0.740143
1,1,1,0,0,0,0,0,0,0,1,1,1,1,0,0,0,1,1,1,1,1,1,1,1,0,0,1,0,0,1,1,0.711077
0,0,1,0,0,0,0,1,1,1,0,0,0,1,1,0,0,0,0,1,0,1,0,0,0,1,1,0,0,0,1,0,0.460864
0,1,1,0,0,0,1,0,0,1,1,1,1,1,1,1,0,1,0,0,0,0,0,0,0,1,1,1,1,1,0,1,0.726316
0,1,1,0,0,1,1,0,1,1,0,1,1,1,0,0,0,0,1,0,0,1,1,0,0,1,1,1,1,0,1,0,0.583467
0,1,1,1,0,0,1,0,1,0,1,1,0,1,0,0,0,1,1,1,1,0,0,0,0,1,0,0,1,0,0,0,0.258285
1,1,0,1,0,0,1,1,1,1,0,0,0,0,1,0,1,1,0,0,1,0,0,1,0,1,1,0,0,1,0,0,0.702286
0,1,1,0,0,0,0,1,0,0,0,0,0,0,1,0,0,1,1,0,1,0,1,0,1,0,0,0,1,1,0,0,0.469016
1,0,1,0,1,0,1,0,0,0,0,0,0,0,0,1,0,0,1,0,0,0,0,0,1,1,0,0,1,1,0,1,0.536978
0,1,1,1,1,0,0,0,0,0,1,0,0,0,1,1,0,1,1,0,1,1,0,0,1,1,1,0,0,1,0,1,0.597000
0,1,0,0,1,1,1,0,0,0,0,0,0,0,1,1,1,0,1,0,1,1,1,0,0,0,1,0,1,0,0,1,0.580723
0,0,0,0,0,0,0,1,1,1,1,1,0,0,1,1,1,1,0,1,0,0,1,1,0,1,1,1,1,1,0,1,0.850783
0,1,0,1,1,0,0,0,1,0,1,1,0,0,0,0,1,1,0,1,0,1,0,1,0,0,1,0,1,0,1,0,0.555067
0,0,0,0,0,1,0,0,1,1,1,1,0,1,0,0,1,0,1,0,1,1,1,1,1,0,1,1,0,1,1,1,0.787298
1,1,1,1,1,0,1,1,1,1,0,1,0,0,0,0,1,0,0,0,0,0,0,1,0,1,0,1,0,0,1,0,0.617274
0,1,0,1,1,1,1,0,1,0,0,1,1,1,0,1,1,1,1,0,0,0,1,0,1,0,1,1,0,0,0,1,0.644848
0,0,1,0,0,1,0,1,0,0,1,0,0,1,0,0,1,0,0,1,0,0,1,0,0,0,0,0,0,1,1,1,0.526215
1,0,0,1,1,0,1,1,1,0,0,0,1,1,1,0,1,0,1,0,0,0,1,1,0,1,0,0,1,1,0,1,0.647485
0,1,0,1,1,1,1,0,0,1,1,1,0,1,1,1,1,0,0,1,0,1,0,1,0,0,1,0,1,0,1,0,0.634724
0,1,1,0,1,1,1,1,0,1,1,1,1,1,1,0,1,1,1,1,1,0,0,1,1,0,1,0,0,0,0,1,0.720109
0,0,0,1,1,0,0,1,1,1,1,0,0,0,1,0,1,1,1,1,1,0,0,0,0,1,0,0,1,1,0,1,0.629289
0,0,0,0,0,0,1,0,1,1,1,0,1,0,1,0,0,0,1,1,1,1,1,0,1,1,1,1,1,0,0,1,0.664216
0,0,1,1,1,0,0,0,0,0,1,1,0,0,0,0,0,1,1,0,1,0,0,0,0,1,1,0,1,1,1,0,0.418372
0,0,1,1,1,0,1,1,1,0,1,0,1,0,1,1,1,0,0,1,0,0,1,1,1,1,1,1,0,1,1,1,0.835518
0,0,1,0,1,1,1,0,1,0,0,1,0,0,0,0,1,1,1,1,0,0,1,1,1,1,0,0,1,0,0,1,0.735614
0,1,1,1,1,1,1,1,0,1,1,1,1,1,0,1,0,0,0,0,0,1,0,1,1,1,0,0,0,0,0,1,0.663576
0,0,1,0,1,0,1,1,1,1,0,0,0,1,0,0,0,0,1,1,1,0,1,0,0,0,0,0,1,1,1,0,0.534474
1,1,0,1,0,0,0,0,1,0,0,1,0,1,1,1,0,1,0,0,1,0,0,1,0,0,1,1,0,1,0,1,0.862852
1,0,0,0,1,1,1,1,0,0,0,0,1,0,0,0,0,0,1,1,0,1,1,0,0,1,1,0,1,1,0,0,0.512841
0,1,0,1,0,1,1,1,0,0,0,0,1,0,0,1,1,1,0,0,0,1,1,1,0,1,1,0,1,0,0,1,0.646313
0,0,1,1,0,1,1,1,0,0,0,0,0,1,1,0,1,1,1,0,0,0,0,1,1,0,0,0,1,0,1,1,0.619112
1,1,0,1,1,1,1,0,0,0,1,1,1,1,1,1,1,1,0,0,0,1,1,1,0,0,0,0,1,0,0,1,0.668851
0,0,0,0,0,1,1,1,0,1,1,0,1,1,0,1,1,0,0,0,1,1,1,0,0,1,0,1,0,0,0,0,0.439764
0,0,0,1,1,0,0,1,0,0,1,1,1,1,1,1,0,0,0,0,1,1,1,0,0,1,1,1,0,1,1,1,0.799766
1,0,0,0,0,0,1,0,0,1,0,1,1,0,0,0,1,0,1,0,0,1,1,1,0,1,0,0,1,1,1,1,0.623641
0,0,0,0,0,1,1,0,0,0,1,1,1,0,1,0,1,0,1,0,1,0,1,1,0,1,0,0,1,1,1,1,0.642743
1,0,1,1,1,0,1,0,1,0,0,0,0,0,1,0,0,1,1,0,1,1,1,1,0,0,1,0,0,1,0,0,0.642663
1,1,0,1,1,1,1,1,1,0,1,0,1,0,0,1,1,1,1,1,1,0,1,1,1,0,1,0,1,1,0,0,0.684356
1,0,1,1,0,0,1,0,0,1,1,1,1,0,0,0,1,0,0,1,1,0,0,1,0,1,1,1,1,0,0,1,0.707667
1,0,0,0,1,1,1,1,1,0,0,0,0,1,0,1,1,0,0,0,0,0,0,0,1,1,0,1,1,0,1,0,0.569000
0,1,1,0,0,0,0,1,0,1,1,0,0,0,0,0,0,1,0,0,0,0,0,0,1,0,1,0,0,0,1,0,0.467578
1,0,0,0,1,0,0,1,0,0,0,1,0,1,1,0,0,1,1,0,0,1,1,0,1,0,0,1,0,0,1,1,0.591672
1,0,0,0,1,1,1,0,1,0,0,1,0,1,0,0,0,0,0,0,0,1,0,1,1,1,1,1,1,0,0,1,0.654385
1,0,1,0,1,1,1,0,1,0,1,1,1,0,1,1,1,0,0,0,1,1,1,0,0,1,1,1,1,1,0,0,0.690377
1,1,0,1,0,1,1,0,0,0,1,0,0,0,1,1,1,0,1,1,0,1,1,1,0,1,1,1,0,1,0,1,0.850890
0,0,0,0,1,1,1,1,1,0,1,1,0,0,0,0,0,0,0,1,1,0,1,0,0,1,0,0,1,0,0,0,0.194400
1,1,0,0,1,0,0,0,1,0,1,1,0,0,0,0,0,1,1,0,0,0,0,1,1,0,0,0,0,1,1,1,0.615676
0,1,0,1,0,0,1,0,1,1,0,1,1,1,0,1,0,1,1,0,0,1,0,1,0,1,0,1,0,1,1,0,0.672128
1,0,0,0,1,1,1,0,1,0,0,0,0,0,1,1,1,1,1,1,1,0,0,1,1,1,0,1,1,1,0,1,0.850570
1,0,0,1,0,1,1,1,1,0,1,0,1,1,0,0,0,0,1,0,1,0,1,0,0,1,0,0,0,1,1,0,0.588475
0,1,1,0,1,1,1,1,1,1,0,0,0,0,0,0,1,1,1,0,1,0,1,1,1,1,1,1,0,1,1,0,0.646419
1,1,0,1,0,0,0,0,1,1,1,1,1,0,1,1,1,1,0,1,1,1,1,1,0,0,0,0,1,1,0,1,0.720562
0,1,1,0,0,1,1,0,1,0,0,1,0,1,1,1,1,1,1,1,0,0,0,0,1,0,0,0,0,1,1,1,0.660672
1,0,1,0,1,1,1,0,1,1,1,1,1,1,1,0,0,1,1,1,0,1,1,0,0,1,0,0,1,1,1,0,0.646712
1,0,0,0,0,1,0,1,1,0,1,1,0,0,1,0,0,0,1,1,0,1,0,0,0,0,0,1,0,1,1,0,0.548327
0,0,1,0,0,1,1,1,0,0,0,1,0,0,0,0,0,1,1,0,0,1,1,1,1,0,1,1,1,0,1,0,0.575261
0,0,1,1,1,1,0,0,0,1,0,0,0,1,1,1,0,0,0,0,1,0,1,1,1,1,0,0,1,0,0,1,0.604593
1,0,1,0,1,1,0,0,0,1,1,1,1,0,0,1,1,1,1,1,0,0,1,0,0,1,0,0,0,0,0,1,0.591699
0,1,0,1,0,1,1,1,0,0,1,0,1,0,0,0,0,1,1,1,1,1,0,1,0,1,1,1,1,1,1,1,0.783887
0,1,0,1,0,0,1,1,1,0,0,1,0,0,1,1,0,0,1,0,0,1,1,0,1,1,0,0,0,0,0,0,0.419384
1,1,0,0,0,0,1,1,0,0,1,0,0,0,1,0,1,0,1,1,1,0,0,0,0,0,1,1,0,1,0,1,0.615010
0,1,0,0,1,0,1,0,1,1,1,0,1,0,1,1,0,0,1,1,0,0,0,0,0,0,1,0,0,1,0,0,0.605552
0,1,1,1,0,0,1,1,1,0,1,0,0,0,1,0,1,0,1,0,0,0,0,0,1,0,0,0,1,0,1,1,0.721867
0,1,0,0,0,1,0,0,0,1,1,0,1,0,0,1,0,0,1,1,0,0,0,0,1,0,0,1,0,1,1,1,0.691549
0,1,1,1,1,0,1,1,1,1,0,0,1,1,1,0,1,1,0,0,1,1,1,1,0,1,1,1,0,1,1,1,0.811461
0,1,1,1,1,1,0,0,0,1,0,0,0,1,1,0,0,0,0,0,0,1,1,1,1,0,1,1,0,0,1,1,0.850384
1,1,1,1,1,1,1,0,1,1,0,0,0,1,1,0,0,1,0,0,0,0,1,0,0,1,0,0,1,0,0,1,0.649030
0,1,1,0,1,0,1,0,1,0,1,1,1,0,0,0,0,1,0,0,1,0,0,1,0,0,1,1,1,0,1,1,0.644848
1,0,0,1,0,0,1,1,1,1,1,1,1,1,1,0,0,1,0,1,0,1,1,1,1,1,0,0,0,1,0,0,0.617114
0,1,1,1,0,0,0,0,0,0,1,1,1,1,1,0,1,1,0,1,0,1,0,1,0,1,0,1,1,1,0,1,0.825208
0,0,1,1,1,1,0,0,1,0,0,1,1,1,0,0,1,1,1,0,1,0,1,1,0,1,0,0,0,0,1,0,0.644448
0,0,0,0,0,0,0,0,1,0,1,1,0,1,0,1,1,1,1,0,1,0,1,1,0,0,1,1,0,0,0,1,0.659047
0,0,1,0,0,1,0,1,0,1,0,0,1,0,0,0,0,1,1,1,1,1,0,1,1,0,1,0,1,0,0,0,0.409181
1,0,0,1,1,0,1,0,0,0,0,1,0,0,1,0,0,1,0,1,1,1,1,1,0,1,1,1,1,1,0,1,0.790175
1,1,0,0,0,0,0,0,0,0,0,0,0,0,1,1,1,0,1,1,0,1,1,0,0,0,1,0,0,1,0,0,0.568494
1,1,0,0,1,0,1,1,1,1,1,1,1,1,1,0,1,0,0,0,0,1,0,1,0,0,1,1,0,0,1,0,0.652307
