1,1,1,1,1,1,1,0,1,1,0,0,0,1,1,0,0,1,0,0,0,0,1,0,0,1,0,0,1,0,0,1,0.642770
0,0,1,1,1,1,0,0,0,1,0,0,0,1,1,1,0,0,0,0,1,0,1,1,1,1,0,0,1,0,0,1,0.604113
0,1,0,1,0,1,1,0,1,0,0,1,0,1,0,1,0,0,0,0,1,1,1,0,0,1,1,0,1,0,1,0,0.490356
0,0,1,1,1,1,0,1,0,0,1,1,0,0,1,1,1,0,0,0,1,1,0,1,0,1,0,1,0,1,0,1,0.841619
0,0,1,1,1,1,0,0,1,0,0,1,1,1,0,0,1,1,1,0,1,0,1,1,0,1,0,0,0,0,1,0,0.629236
1,0,0,1,1,0,1,0,1,0,1,1,1,0,0,1,0,1,1,1,1,1,0,0,1,0,1,1,1,0,0,1,0.691869
0,1,1,1,1,0,1,1,0,0,0,0,0,0,1,1,0,0,1,0,1,1,0,1,0,0,0,0,1,1,1,0,0.591113
1,1,0,1,1,1,1,1,1,0,1,0,1,0,0,1,1,1,1,1,1,0,1,1,1,0,1,0,1,1,0,0,0.682625
1,0,0,0,0,0,1,0,0,1,0,1,1,0,0,0,1,0,1,0,0,1,1,1,0,1,0,0,1,1,1,1,0.627904
0,0,0,0,0,0,0,0,1,0,1,1,0,1,0,1,1,1,1,0,1,0,1,1,0,0,1,1,0,0,0,1,0.660726
0,0,0,0,0,0,0,0,0,1,1,1,0,0,0,0,1,0,1,0,1,1,0,1,0,0,0,1,0,1,1,1,0.726529
0,1,1,1,0,0,0,0,1,1,1,1,1,0,1,0,0,1,0,0,1,0,1,0,0,1,0,1,1,0,1,1,0.625719
0,1,1,0,1,1,0,1,0,0,0,0,1,1,1,0,0,1,0,0,0,0,0,1,0,0,1,1,0,0,0,0,0.537697
1,0,0,0,1,1,1,1,1,0,0,0,0,1,0,1,1,0,0,0,0,0,0,0,1,1,0,1,1,0,1,0,0.580696
1,1,0,1,0,1,1,0,1,1,1,1,0,0,0,1,0,1,1,0,1,0,0,0,1,1,0,0,1,0,0,1,0.706282
1,0,0,0,0,1,0,1,1,0,1,1,0,0,1,0,0,0,1,1,0,1,0,0,0,0,0,1,0,1,1,0,0.541427
0,0,1,1,0,0,0,0,1,1,0,0,0,0,0,1,1,1,0,1,1,0,0,1,1,0,0,0,1,0,1,1,0.655877
0,0,1,1,1,0,0,0,0,0,1,1,0,0,0,0,0,1,1,0,1,0,0,0,0,1,1,0,1,1,1,0,0.411099
0,1,0,0,1,1,1,0,0,0,0,0,0,0,1,1,1,0,1,0,1,1,1,0,0,0,1,0,1,0,0,1,0.582641
1,0,0,0,1,1,1,1,0,0,0,0,1,0,0,0,0,0,1,1,0,1,1,0,0,1,1,0,1,1,0,0,0.519741
0,0,1,1,0,1,1,1,0,0,0,0,0,1,1,0,1,1,1,0,0,0,0,1,1,0,0,0,1,0,1,1,0.618766
1,1,1,0,1,1,0,1,0,1,0,0,0,0,0,0,0,0,0,1,0,0,0,1,1,1,1,1,0,0,1,0,0.551018
0,1,0,1,1,1,1,0,0,1,1,1,0,1,1,1,1,0,0,1,0,1,0,1,0,0,1,0,1,0,1,0,0.626838
0,1,1,0,0,0,1,0,0,1,1,1,1,1,1,1,0,1,0,0,0,0,0,0,0,1,1,1,1,1,0,1,0.718883
0,1,1,0,0,1,1,0,1,0,0,1,0,1,1,1,1,1,1,1,0,0,0,0,1,0,0,0,0,1,1,1,0.652467
0,0,0,0,0,1,1,0,0,0,1,1,1,0,1,0,1,0,1,0,1,0,1,1,0,1,0,0,1,1,1,1,0.635124
1,0,1,0,1,1,0,0,0,0,1,0,1,0,0,0,0,1,0,0,1,1,0,0,1,0,1,1,0,0,0,1,0.541693
0,1,1,1,1,1,1,1,0,1,1,1,1,1,0,1,0,0,0,0,0,1,0,1,1,1,0,0,0,0,0,1,0.665388
1,0,0,1,1,0,1,1,1,0,0,0,1,1,1,0,1,0,1,0,0,0,1,1,0,1,0,0,1,1,0,1,0.650948
1,1,1,1,1,1,1,0,0,0,1,1,0,0,1,0,1,0,1,0,1,1,0,0,0,1,0,0,1,0,1,1,0.670316
0,0,1,0,1,0,1,0,1,1,1,0,1,0,1,0,0,1,0,0,1,0,0,0,0,0,1,0,1,0,1,1,0.507007
0,1,1,0,1,0,1,0,1,0,1,1,1,0,0,0,0,1,0,0,1,0,0,1,0,0,1,1,1,0,1,1,0.634191
0,0,0,0,1,1,1,0,0,1,1,0,1,0,1,1,1,1,0,0,0,0,0,1,1,1,1,1,1,0,0,0,0.597933
0,1,1,1,0,1,0,0,1,1,1,0,0,0,1,1,0,1,0,1,1,1,1,0,0,0,0,0,1,0,0,0,0.555600
0,0,0,1,1,1,1,1,0,1,1,0,1,1,0,1,1,0,0,1,1,1,1,1,0,1,1,0,1,1,0,0,0.622309
1,1,0,0,0,0,0,1,0,1,1,0,1,0,1,0,1,0,1,1,1,1,1,1,1,0,0,1,1,1,1,0,0.669890
1,0,0,0,1,0,0,1,1,0,1,1,0,1,0,1,0,1,0,1,1,1,1,0,0,1,1,0,0,1,0,0,0.593590
1,1,0,1,0,0,1,1,1,1,0,0,0,0,1,0,1,1,0,0,1,0,0,1,0,1,1,0,0,1,0,0,0.683664
0,0,1,0,1,0,1,1,1,1,0,0,0,1,0,0,0,0,1,1,1,0,1,0,0,0,0,0,1,1,1,0,0.535166
0,1,1,0,0,0,0,1,0,0,0,0,0,0,1,0,0,1,1,0,1,0,1,0,1,0,0,0,1,1,0,0,0.467684
1,0,0,1,1,1,1,0,1,0,1,0,0,1,0,1,0,1,0,0,1,1,1,0,0,0,1,1,1,1,1,0,0.614717
0,0,0,0,0,1,1,1,0,1,1,0,1,1,0,1,1,0,0,0,1,1,1,0,0,1,0,1,0,0,0,0,0.453938
0,1,0,0,1,0,1,0,1,1,1,0,1,0,1,1,0,0,1,1,0,0,0,0,0,0,1,0,0,1,0,0,0.602941
0,0,1,1,1,0,1,1,1,0,1,0,1,0,1,1,1,0,0,1,0,0,1,1,1,1,1,1,0,1,1,1,0.834452
1,0,1,0,1,1,0,0,0,1,1,1,1,0,0,1,1,1,1,1,0,0,1,0,0,1,0,0,0,0,0,1,0.585305
0,0,0,0,0,1,0,0,1,1,1,1,0,1,0,0,1,0,1,0,1,1,1,1,1,0,1,1,0,1,1,1,0.783488
1,0,0,0,1,1,1,0,1,0,0,1,0,1,0,0,0,0,0,0,0,1,0,1,1,1,1,1,1,0,0,1,0.642556
0,1,1,0,1,1,1,1,1,1,0,0,0,0,0,0,1,1,1,0,1,0,1,1,1,1,1,1,0,1,1,0,0.645141
1,1,1,1,1,0,1,1,1,1,0,1,0,0,0,0,1,0,0,0,0,0,0,1,0,1,0,1,0,0,1,0,0.606325
1,1,1,0,1,1,1,0,1,1,1,1,0,0,1,0,0,0,1,1,1,0,1,0,1,0,0,0,1,0,0,0,0.829364
1,1,0,1,0,0,0,0,1,0,0,1,0,1,1,1,0,1,0,0,1,0,0,1,0,0,1,1,0,1,0,1,0.866848
1,0,0,1,1,0,0,0,1,0,0,0,1,0,0,0,0,1,1,1,0,1,1,0,0,0,1,0,0,1,1,1,0.564178
1,0,1,1,0,0,1,0,0,1,1,1,1,0,0,0,1,0,0,1,1,0,0,1,0,1,1,1,1,0,0,1,0.699036
1,1,0,1,0,0,0,0,1,1,1,1,1,0,1,1,1,1,0,1,1,1,1,1,0,0,0,0,1,1,0,1,0.723599
1,0,1,1,1,0,1,0,1,0,0,0,0,0,1,0,0,1,1,0,1,1,1,1,0,0,1,0,0,1,0,0,0.633365
1,1,1,1,0,0,0,1,0,0,0,1,0,1,1,0,0,1,1,0,1,0,1,1,1,1,0,0,1,0,1,1,0.667226
1,1,1,0,1,0,0,1,1,0,1,1,1,0,0,1,0,1,0,0,1,1,0,0,1,1,1,1,1,1,1,1,0.780477
0,1,0,1,1,0,0,0,1,0,1,1,0,0,0,0,1,1,0,1,0,1,0,1,0,0,1,0,1,0,1,0,0.548993
1,0,1,1,0,0,0,0,1,1,0,0,0,1,1,0,0,0,1,0,1,1,1,0,0,0,0,1,0,1,0,0,0.590393
0,0,0,0,0,1,0,1,1,1,1,1,0,0,1,0,0,1,0,1,1,0,0,1,0,0,0,1,0,0,1,1,0.674366
0,1,1,1,1,0,1,1,1,1,0,0,1,1,1,0,1,1,0,0,1,1,1,1,0,1,1,1,0,1,1,1,0.811594
1,1,1,0,1,0,0,0,1,1,0,1,0,0,0,1,1,1,1,0,0,0,1,1,0,0,1,1,1,0,1,0,0.647565
0,0,1,0,0,1,0,1,0,1,0,0,1,0,0,0,0,1,1,1,1,1,0,1,1,0,1,0,1,0,0,0,0.389173
0,1,1,0,1,1,1,1,0,1,1,1,1,1,1,0,1,1,1,1,1,0,0,1,1,0,1,0,0,0,0,1,0.712063
1,0,0,0,1,0,0,0,1,1,0,0,0,1,0,0,1,1,1,0,1,0,1,0,1,1,0,0,1,1,1,1,0.615596
0,0,0,1,1,0,0,1,0,0,1,1,1,1,1,1,0,0,0,0,1,1,1,0,0,1,1,1,0,1,1,1,0.791587
0,0,1,1,0,1,1,1,1,1,0,1,1,0,1,0,0,0,0,1,1,1,0,1,0,1,0,1,0,1,1,0,0.627451
1,0,0,1,0,0,1,1,1,1,1,1,1,1,1,0,0,1,0,1,0,1,1,1,1,1,0,0,0,1,0,0,0.611120
0,1,0,1,1,1,1,0,1,0,0,1,1,1,0,1,1,1,1,0,0,0,1,0,1,0,1,1,0,0,0,1,0.643675
1,1,0,1,1,1,0,0,1,1,1,1,0,0,0,0,1,1,1,0,1,1,0,0,1,1,1,1,0,0,0,1,0.659154
1,1,0,1,0,1,1,0,0,0,1,0,0,0,1,1,1,0,1,1,0,1,1,1,0,1,1,1,0,1,0,1,0.849211
1,1,1,1,1,0,1,0,0,0,0,1,0,1,1,1,0,0,1,0,0,1,1,0,1,0,0,1,0,0,1,1,0.667546
0,1,1,0,0,1,1,0,1,1,0,1,1,1,0,0,0,0,1,0,0,1,1,0,0,1,1,1,1,0,1,0,0.593537
1,1,1,1,0,0,0,1,1,0,1,0,0,1,1,1,0,0,1,1,0,1,0,1,1,0,0,1,0,0,0,1,0.717018
0,1,0,1,0,0,1,0,1,1,0,1,1,1,0,1,0,1,1,0,0,1,0,1,0,1,0,1,0,1,1,0,0.668025
1,0,1,0,1,1,1,0,1,1,1,1,1,1,1,0,0,1,1,1,0,1,1,0,0,1,0,0,1,1,1,0,0.640558
0,1,0,0,0,1,0,0,0,1,1,0,1,0,0,1,0,0,1,1,0,0,0,0,1,0,0,1,0,1,1,1,0.696931
0,1,0,0,1,1,0,1,1,0,0,1,0,0,0,0,1,0,0,1,0,0,0,0,1,0,0,1,1,1,0,0,0.538123
1,0,0,1,0,1,1,1,1,0,1,0,1,1,0,0,0,0,1,0,1,0,1,0,0,1,0,0,0,1,1,0,0.592152
1,1,1,0,0,0,0,0,0,0,1,1,1,1,0,0,0,1,1,1,1,1,1,1,1,0,0,1,0,0,1,1,0.714408
0,0,0,0,0,0,0,1,1,1,1,1,0,0,1,1,1,1,0,1,0,0,1,1,0,1,1,1,1,1,0,1,0.848759
1,1,0,0,0,0,1,1,0,0,1,0,0,0,1,0,1,0,1,1,1,0,0,0,0,0,1,1,0,1,0,1,0.605925
0,1,1,1,1,1,0,0,0,1,0,0,0,1,1,0,0,0,0,0,0,1,1,1,1,0,1,1,0,0,1,1,0.857976
0,0,1,0,0,1,1,1,0,0,0,1,0,0,0,0,0,1,1,0,0,1,1,1,1,0,1,1,1,0,1,0,0.587010
0,0,1,0,0,1,0,1,0,1,0,1,0,0,0,0,1,1,0,1,0,0,0,1,1,0,1,0,1,1,0,1,0.551151
1,1,1,0,0,1,1,1,0,1,0,0,0,0,0,0,0,1,1,1,0,0,0,0,0,0,1,0,0,0,0,0,0.826646
0,0,0,0,1,1,1,1,1,0,1,1,0,0,0,0,0,0,0,1,1,0,1,0,0,1,0,0,1,0,0,0,0.202845
0,1,1,1,1,0,0,0,0,0,1,0,0,0,1,1,0,1,1,0,1,1,0,0,1,1,1,0,0,1,0,1,0.595295
0,1,0,1,0,1,1,1,0,0,1,0,1,0,0,0,0,1,1,1,1,1,0,1,0,1,1,1,1,1,1,1,0.777813
0,1,1,1,0,0,1,0,1,0,1,1,0,1,0,0,0,1,1,1,1,0,0,0,0,1,0,0,1,0,0,0,0.282289
1,0,1,0,1,1,1,0,1,0,1,1,1,0,1,1,1,0,0,0,1,1,1,0,0,1,1,1,1,1,0,0,0.684063
0,0,1,0,0,0,0,1,1,1,0,0,0,1,1,0,0,0,0,1,0,1,0,0,0,1,1,0,0,0,1,0,0.460145
0,1,0,1,0,0,1,1,1,0,0,1,0,0,1,1,0,0,1,0,0,1,1,0,1,1,0,0,0,0,0,0,0.417786
0,1,0,0,1,0,1,1,1,1,1,0,1,1,1,1,0,0,1,0,0,1,1,0,0,1,0,1,0,0,0,1,0.632593
0,1,1,1,0,0,1,1,1,0,1,0,0,0,1,0,1,0,1,0,0,0,0,0,1,0,0,0,1,0,1,1,0.728980
0,0,0,0,0,0,1,0,1,1,1,0,1,0,1,0,0,0,1,1,1,1,1,0,1,1,1,1,1,0,0,1,0.653639
1,1,1,0,0,0,1,0,1,0,0,1,1,0,1,0,0,0,0,0,1,0,0,1,0,0,1,1,1,1,1,1,0.757406
1,1,0,0,1,0,1,1,1,1,1,1,1,1,1,0,1,0,0,0,0,1,0,1,0,0,1,1,0,0,1,0,0.635497
0,0,0,0,0,0,1,0,0,1,1,1,1,1,0,1,1,0,0,1,1,0,0,1,0,0,1,1,0,1,0,0,0.564685
0,1,1,1,0,0,1,1,0,0,0,1,0,1,1,1,0,0,1,0,1,0,1,1,0,0,0,1,1,0,1,1,0.972959
0,1,1,1,1,1,0,0,1,1,1,0,0,1,0,0,1,1,0,1,1,0,1,1,0,0,0,1,1,1,1,0,0.635816
1,0,0,1,1,0,1,0,0,0,0,1,0,0,1,0,0,1,0,1,1,1,1,1,0,1,1,1,1,1,0,1,0.781596
1,1,0,0,1,0,0,0,0,1,0,0,1,1,1,1,0,0,1,1,0,0,1,1,0,0,1,1,0,1,1,1,0.828724
1,1,0,0,0,0,0,0,0,0,0,0,0,0,1,1,1,0,1,1,0,1,1,0,0,0,1,0,0,1,0,0,0.544331
1,1,1,1,1,0,0,0,1,1,1,0,1,1,0,1,1,1,1,1,0,0,0,0,0,0,0,1,1,1,1,1,0.755382
0,0,1,1,1,0,1,1,1,1,1,0,1,0,1,0,1,0,1,1,1,1,1,1,1,0,0,0,1,0,0,0,0.704763
1,1,0,1,1,1,0,1,0,1,1,1,1,1,1,0,1,1,0,1,0,0,0,0,1,0,1,1,0,1,0,1,0.688219
0,0,1,0,0,1,0,1,0,0,1,0,0,1,0,0,1,0,0,1,0,0,1,0,0,0,0,0,0,1,1,1,0.527387
1,0,0,0,1,1,1,0,1,0,0,0,0,0,1,1,1,1,1,1,1,0,0,1,1,1,0,1,1,1,0,1,0.849318
0,0,0,1,1,0,0,1,1,1,1,0,0,0,1,0,1,1,1,1,1,0,0,0,0,1,0,0,1,1,0,1,0.622069
0,0,0,0,0,0,1,0,1,1,0,1,0,0,0,0,1,1,1,0,1,0,0,0,0,0,1,1,0,1,0,1,0.564631
1,0,1,0,1,0,1,0,0,0,0,0,0,0,0,1,0,0,1,0,0,0,0,0,1,1,0,0,1,1,0,1,0.532795
1,1,1,1,1,0,0,1,1,1,0,1,1,1,0,1,0,1,1,0,0,0,1,1,0,1,0,1,1,1,1,0,0.716779
1,1,0,0,0,0,0,0,1,1,0,0,0,1,0,0,1,0,0,1,0,1,1,1,1,0,1,0,1,1,1,0,0.636243
0,0,1,0,1,1,1,0,1,0,0,1,0,0,0,0,1,1,1,1,0,0,1,1,1,1,0,0,1,0,0,1,0.724132
0,1,1,1,0,0,0,0,0,0,1,1,1,1,1,0,1,1,0,1,0,1,0,1,0,1,0,1,1,1,0,1,0.824169
1,1,0,1,1,0,1,0,1,0,1,1,0,1,1,0,0,1,1,1,1,1,0,1,1,1,1,0,0,1,1,1,0.783248
1,1,1,0,0,0,0,1,1,1,1,1,1,1,0,1,0,1,1,1,0,1,0,0,1,1,0,0,1,0,1,0,0.659660
0,1,1,1,0,0,0,0,1,0,0,0,0,1,0,1,0,0,0,1,1,1,0,1,0,0,1,1,0,0,0,0,0.520460
1,0,0,0,0,0,0,0,0,1,1,0,0,1,0,0,1,1,1,1,0,1,1,1,0,0,0,0,1,1,0,1,0.684543
0,1,0,1,0,1,1,1,0,0,0,0,1,0,0,1,1,1,0,0,0,1,1,1,0,1,1,0,1,0,0,1,0.644395
1,0,0,0,1,0,1,0,1,0,1,0,1,1,0,1,0,0,0,0,0,0,1,0,0,0,1,0,0,0,1,0,0.517423
0,1,1,0,1,0,0,1,0,1,1,0,1,1,0,1,1,1,1,1,0,1,1,0,0,0,1,1,1,0,1,1,0.688273
0,1,1,0,0,0,0,1,0,1,1,0,0,0,0,0,0,1,0,0,0,0,0,0,1,0,1,0,0,0,1,0,0.470908
1,0,0,0,1,0,0,1,0,0,0,1,0,1,1,0,0,1,1,0,0,1,1,0,1,0,0,1,0,0,1,1,0.585012
1,1,0,0,1,0,0,0,1,0,1,1,0,0,0,0,0,1,1,0,0,0,0,1,1,0,0,0,0,1,1,1,0.618393
1,1,0,1,1,1,1,0,0,0,1,1,1,1,1,1,1,1,0,0,0,1,1,1,0,0,0,0,1,0,0,1,0.666853
1,1,0,0,0,0,1,0,0,0,1,0,1,0,0,0,0,1,1,1,0,0,0,1,1,1,0,0,0,1,0,1,0.568574
