0,1,1,0,1,0,1,0,0,1,1,0,1,0,0,0,0,0,0,0,1,0,0,1,1,1,0,1,0,0,1,1,0.614865
1,1,1,1,1,1,0,1,1,1,0,0,1,1,0,0,0,0,1,1,0,0,1,0,0,1,1,0,1,1,0,1,0.648377
0,0,1,0,1,0,0,0,0,1,0,1,0,1,1,1,0,0,0,1,0,1,1,0,1,0,1,0,0,1,0,1,0.581203
0,0,0,1,0,1,0,0,1,0,0,1,1,0,0,1,0,1,0,1,0,0,0,1,0,0,1,1,1,1,0,0,0.539239
1,1,1,1,0,0,0,1,0,0,0,0,0,0,0,1,0,0,1,1,1,1,1,0,0,0,1,1,0,0,0,1,0.626044
0,1,1,0,1,0,1,0,1,1,0,1,0,0,0,0,0,1,1,1,1,0,1,0,1,0,0,1,0,0,0,0,0.642575
0,1,0,0,0,0,0,1,1,1,0,1,1,0,1,0,1,0,1,0,0,1,0,1,1,1,0,1,0,1,0,1,0.616341
0,1,1,1,1,0,1,1,0,0,0,0,1,0,0,1,0,0,0,1,0,0,0,1,0,0,0,1,0,1,1,1,0.643050
0,0,0,1,0,1,0,0,0,0,1,1,0,1,1,1,0,0,1,0,0,1,0,1,1,0,1,1,1,0,1,1,0.651378
1,1,1,0,1,0,0,1,1,0,1,1,1,0,0,1,0,0,0,0,0,0,0,0,1,0,0,1,1,0,0,1,0.657855
0,0,1,1,1,0,0,1,0,0,0,1,1,0,1,1,1,0,0,0,0,1,1,0,1,1,1,0,0,0,0,1,0.621843
0,1,1,0,1,1,0,0,0,1,0,1,1,0,0,0,1,0,1,0,0,1,0,0,1,0,1,0,0,1,1,0,0.612814
1,0,0,0,0,0,1,1,0,1,1,1,1,1,1,1,0,0,1,1,1,1,1,0,1,1,0,1,0,1,0,1,0.626694
1,0,1,1,1,1,0,0,1,0,0,0,0,0,0,1,0,0,0,0,1,1,1,1,0,0,0,1,1,0,1,0,0.664308
1,0,0,0,0,0,0,0,1,0,0,1,0,0,1,1,1,1,0,0,0,1,0,1,0,1,0,0,0,1,1,0,0.655004
0,0,0,1,0,0,0,1,1,1,0,1,0,0,0,0,0,0,1,0,1,1,0,0,0,0,0,1,1,0,1,1,0.597109
0,0,0,1,1,1,0,0,0,0,0,1,0,1,1,0,0,1,1,0,0,1,1,0,1,1,0,1,1,0,1,0,0.580803
0,1,0,1,1,1,0,1,0,1,1,1,0,0,0,0,0,1,1,1,1,0,0,1,1,0,0,1,1,0,0,0,0.659906
1,1,1,1,1,0,0,1,1,0,1,1,1,0,0,1,0,0,1,0,0,0,0,1,0,1,0,0,0,1,0,0,0.701596
1,1,1,0,1,0,0,1,0,1,0,0,0,0,1,1,0,0,1,0,0,1,0,0,1,0,1,0,0,1,0,0,0.714950
1,1,0,1,0,0,1,0,1,1,1,1,0,0,1,1,0,0,0,1,1,0,1,1,0,0,1,1,1,0,1,1,0.612139
0,0,1,0,0,1,1,0,0,0,0,0,1,0,0,0,1,0,0,0,1,0,1,0,0,1,1,1,0,1,1,1,0.602836
0,1,0,1,0,0,0,0,1,0,1,0,0,1,0,0,0,1,0,1,0,1,0,1,0,1,1,1,0,0,0,0,0.544766
1,1,0,1,1,0,0,1,1,0,1,0,0,0,1,0,1,0,0,1,1,1,0,1,1,0,1,1,1,1,0,0,0.888286
0,0,1,0,1,0,0,0,1,0,0,0,1,0,1,1,0,1,1,1,0,1,1,0,1,1,0,1,0,1,0,1,0.614490
0,1,1,0,0,1,1,0,0,1,0,0,1,0,1,0,1,0,1,1,1,0,1,1,0,1,1,0,0,0,1,0,0.653029
1,0,1,0,0,1,1,0,1,1,0,0,0,1,0,1,0,1,0,1,1,1,0,1,0,0,0,0,0,1,1,0,0.651978
0,1,0,1,1,0,1,0,0,0,1,1,1,1,1,1,1,1,1,0,1,0,0,0,0,1,0,1,1,0,1,0,0.609238
1,0,0,1,0,1,0,0,1,0,0,0,1,0,1,0,1,1,0,0,1,1,0,0,0,0,1,1,0,0,0,1,0.621292
0,1,0,0,0,1,1,1,0,1,1,0,1,0,1,1,1,1,0,0,1,1,0,1,1,0,1,1,1,0,0,0,0.661256
1,0,0,1,0,1,0,0,1,1,1,1,0,0,0,0,1,1,1,1,1,1,0,0,0,1,1,0,1,1,0,1,0.625019
1,0,0,0,1,0,0,1,1,1,1,1,0,0,0,1,0,0,1,0,1,0,0,1,1,1,0,1,1,0,1,0,0.666483
1,1,1,0,0,1,0,0,1,1,0,0,1,0,0,1,1,0,1,0,0,0,0,1,1,0,0,0,0,1,0,0,0.784725
0,1,1,0,1,0,1,1,1,1,0,1,1,0,1,1,0,0,1,1,0,0,0,1,0,0,1,0,1,0,1,1,0.679988
1,0,0,1,1,0,1,0,0,1,0,1,1,1,0,1,0,0,1,0,1,1,0,1,0,0,0,0,0,1,1,1,0.607062
0,0,1,0,1,0,1,1,0,0,1,0,0,1,1,1,1,1,0,0,0,1,1,1,1,0,0,1,0,0,0,1,0.639824
0,0,0,1,1,1,0,1,0,1,0,0,1,1,1,0,1,1,0,0,0,1,0,1,0,0,0,0,1,0,0,1,0.612414
0,0,1,1,1,0,1,1,0,0,1,1,1,1,1,0,0,0,0,1,0,0,1,1,1,0,0,0,0,0,1,0,0.610964
1,0,1,1,0,1,0,1,1,0,1,0,1,1,1,1,0,1,0,0,1,0,0,1,0,1,1,0,1,0,1,1,0.586555
1,0,0,0,0,1,0,0,1,0,1,0,1,0,1,0,0,0,1,0,0,0,1,1,1,1,0,0,0,0,0,1,0.623868
1,1,0,1,0,0,0,0,0,1,0,1,1,0,0,0,0,1,0,0,0,0,0,0,1,0,1,1,1,1,1,0,0.717176
0,1,0,0,1,0,0,1,1,0,1,0,1,1,0,1,0,0,0,1,0,1,0,0,1,0,1,1,0,1,1,0,0.598660
1,1,1,1,0,1,1,0,0,0,0,0,0,1,0,1,0,1,1,1,1,0,1,0,0,0,1,0,0,1,1,0,0.664508
0,1,1,1,0,0,1,0,0,0,1,1,1,1,0,1,0,0,1,1,0,0,0,0,0,1,1,0,1,0,0,1,0.610564
1,0,0,0,0,0,1,0,1,1,1,0,1,0,0,0,1,0,0,0,1,0,0,0,0,0,0,0,1,1,0,0,0.717701
0,0,1,0,1,1,0,1,0,1,0,1,1,0,1,0,0,0,1,1,1,0,1,0,0,1,1,0,0,0,1,0,0.532236
0,0,0,0,1,0,1,0,0,0,1,1,1,1,1,0,0,0,1,0,0,0,0,0,1,0,0,0,1,1,0,1,0.608538
0,1,1,1,0,1,1,1,0,1,1,0,0,0,1,1,0,0,0,0,1,1,0,0,1,0,0,0,0,1,1,0,0.620367
0,0,0,0,1,1,0,0,0,1,1,0,0,0,1,0,1,1,1,1,0,1,1,1,0,1,1,0,1,1,0,0,0.607563
1,0,0,1,1,1,1,1,0,0,0,0,0,1,1,1,0,1,1,0,1,0,1,0,1,1,0,1,0,0,0,0,0.694943
1,0,0,0,1,0,0,1,0,1,0,1,0,0,0,0,0,0,0,0,1,0,1,0,0,0,0,0,0,1,1,1,0.645726
0,1,0,1,1,0,1,0,0,0,0,1,0,0,1,0,1,1,1,1,1,1,0,0,1,1,0,1,0,0,1,1,0.597134
0,1,0,0,1,1,1,0,1,0,1,0,0,0,0,0,0,0,1,0,1,1,1,0,0,0,0,0,1,1,0,0,0.637923
0,0,1,0,1,0,0,1,0,1,0,1,1,1,0,0,1,1,1,1,0,1,0,0,0,1,0,1,1,1,1,0,0.662482
0,0,0,1,0,1,1,0,0,1,0,1,0,0,0,0,0,0,0,0,1,1,0,1,1,0,0,1,1,1,1,1,0.593483
0,1,1,1,1,0,0,1,0,1,1,1,1,1,1,1,0,1,1,1,0,1,1,0,1,0,0,0,0,0,0,1,0.630546
0,1,0,0,1,0,1,0,0,0,1,0,0,0,0,1,0,1,1,1,0,0,0,0,1,1,1,0,1,1,0,1,0.602486
0,1,1,1,1,1,0,1,0,1,0,0,1,0,1,1,1,1,0,1,1,0,0,0,1,1,0,1,1,1,1,0,0.691567
1,1,0,0,1,1,0,0,0,0,0,1,1,0,1,1,1,0,1,1,0,0,1,0,0,1,1,0,0,0,1,0,0.662182
0,0,0,0,0,1,0,1,0,0,0,0,1,0,1,0,0,0,1,0,0,1,0,1,0,1,0,0,1,1,1,0,0.573726
1,1,1,1,0,0,0,1,0,0,0,1,0,1,0,0,1,0,1,1,1,1,1,0,0,0,0,0,0,1,0,1,0.663207
0,1,0,0,0,0,1,0,1,1,1,1,1,0,0,0,1,0,1,1,0,0,0,1,0,1,1,1,0,1,0,1,0.604337
0,0,1,1,0,1,0,1,0,0,1,0,0,1,1,0,1,0,1,1,1,0,0,0,0,0,0,0,0,1,1,1,0.626169
0,1,1,1,1,1,0,0,1,0,0,0,1,1,0,1,0,0,1,0,1,1,0,0,1,0,1,1,0,0,0,0,0.634347
0,1,0,1,0,1,1,0,1,1,1,1,0,0,1,1,1,0,1,1,0,1,0,0,0,1,0,1,0,1,1,0,0.633497
1,1,1,0,1,1,0,0,1,1,1,0,1,0,0,1,0,0,1,0,0,0,1,0,0,0,1,0,0,0,1,1,0.639999
1,0,1,1,0,0,0,0,0,0,1,0,1,0,0,1,0,1,0,1,0,0,1,1,1,0,1,1,1,0,0,1,0.644125
1,1,0,0,0,1,1,0,0,0,0,0,0,1,0,0,1,1,1,1,0,1,1,0,1,0,1,1,0,1,1,0,0.739184
1,1,0,0,1,0,0,0,0,0,0,0,1,0,1,1,0,1,0,0,0,0,1,1,1,1,0,1,1,0,1,1,0.625219
0,1,1,1,0,1,0,0,0,0,1,1,0,1,1,0,1,1,1,1,1,1,0,0,0,0,0,0,0,0,0,1,0.593283
1,0,1,1,0,1,0,0,0,1,1,1,0,0,0,0,1,0,0,0,1,0,0,1,0,0,0,1,0,1,0,1,0.645151
0,1,0,0,1,0,0,1,0,1,0,1,1,0,0,0,1,1,1,1,1,1,0,0,0,0,0,0,1,1,0,0,0.647076
1,0,0,0,1,0,0,1,1,0,0,1,0,0,1,0,0,1,0,1,1,0,1,0,1,1,1,0,1,1,0,0,0.732907
0,1,1,0,0,0,0,0,1,0,0,0,1,0,1,0,1,1,1,1,1,0,0,1,1,1,1,1,0,1,1,0,0.646526
1,0,1,1,0,0,1,1,1,0,0,0,0,0,1,1,1,1,1,0,1,0,0,1,1,1,1,0,0,0,1,0,0.706272
0,1,1,1,1,1,1,1,0,1,0,0,0,0,1,1,0,1,0,1,1,0,0,0,1,1,0,0,1,0,1,0,0.681138
1,0,0,1,1,1,1,0,0,0,1,1,0,0,1,0,0,1,0,1,0,1,1,1,0,0,0,1,0,1,1,1,0.606237
1,1,0,0,1,1,0,1,1,1,1,0,1,1,0,1,0,1,0,0,1,0,1,1,1,1,0,1,1,0,0,1,0.612464
0,0,1,1,1,1,0,0,0,1,1,0,0,1,0,0,0,1,1,1,1,1,1,0,0,1,0,0,1,1,0,0,0.614840
0,0,1,1,1,0,1,0,0,1,1,1,1,1,1,1,0,1,1,1,0,0,0,0,1,0,0,1,0,1,1,0,0.587931
0,0,1,1,1,1,1,1,1,0,1,1,0,1,0,1,1,0,0,0,0,0,1,1,0,0,0,0,1,0,0,0,0.628720
0,1,0,0,0,1,1,1,1,0,0,1,1,0,1,1,0,1,0,0,0,1,0,1,1,0,0,1,1,0,1,1,0.662757
1,0,1,1,0,1,1,1,0,1,0,0,0,0,0,1,0,1,0,1,0,0,1,0,0,0,1,1,0,1,1,0,0.646176
0,0,0,1,0,1,0,1,1,1,0,0,1,1,0,1,1,1,0,1,0,1,0,1,1,1,1,0,0,0,0,1,0.605912
0,0,1,0,0,1,0,1,0,1,1,1,1,1,1,1,1,1,0,1,1,0,0,1,1,0,1,1,1,0,0,0,0.686315
1,0,0,1,0,1,1,0,1,0,0,1,0,1,0,0,0,1,0,1,0,0,1,0,0,1,1,1,1,1,0,0,0.728630
1,0,0,1,0,1,1,0,0,1,0,1,1,1,1,1,0,0,1,1,1,1,0,1,1,0,1,1,0,1,1,1,0.625494
0,0,1,0,0,0,0,0,0,1,1,0,0,0,0,0,0,1,1,0,0,0,1,1,1,1,1,0,1,0,0,0,0.536138
1,1,0,1,1,0,1,0,1,0,0,0,1,0,0,0,1,0,0,1,1,0,0,0,1,0,1,0,0,1,0,0,0.864903
0,1,1,0,0,0,1,1,0,0,1,0,1,1,1,1,1,1,0,1,1,1,1,1,1,1,1,1,0,1,0,1,0.659356
1,0,0,1,0,0,1,0,1,1,0,1,0,0,1,1,1,1,0,1,1,1,0,1,1,1,0,0,1,1,0,1,0.609863
0,0,0,1,0,0,1,0,0,0,1,0,0,0,1,1,0,1,1,1,1,0,0,1,1,1,0,1,0,0,0,1,0.588381
0,1,0,1,1,0,0,1,0,1,1,0,0,0,1,0,1,1,1,1,1,0,0,0,1,0,0,0,1,0,1,1,0.632596
1,0,1,1,0,1,0,0,0,1,0,0,1,0,1,1,1,1,1,0,1,1,1,1,1,1,1,0,0,0,1,0,0.683089
1,0,0,0,1,1,1,1,1,1,0,0,0,1,0,0,1,1,0,0,1,0,0,1,1,1,1,1,0,1,0,1,0.650053
1,0,0,0,1,0,0,0,1,1,1,0,1,1,1,1,0,0,0,0,0,1,0,0,0,1,0,0,0,1,0,0,0.682589
0,1,1,0,1,1,1,0,1,0,1,1,0,0,0,1,1,0,1,1,0,0,1,1,1,1,0,1,0,0,1,1,0.607463
0,1,1,1,1,0,0,1,1,0,1,0,1,1,0,0,1,1,1,1,1,1,0,1,0,1,1,1,0,0,1,0,0.658105
1,1,0,0,0,1,1,0,0,1,1,0,1,1,0,1,0,1,1,1,1,0,1,0,1,1,1,1,0,0,1,0,0.687241
0,1,0,1,0,0,1,1,1,0,1,1,0,1,0,0,0,1,1,1,1,0,1,0,0,0,1,0,0,1,0,1,0.598985
0,1,0,0,1,1,0,0,0,1,0,1,0,0,1,0,1,0,0,0,1,0,0,0,1,0,1,0,0,0,1,1,0.586530
0,0,1,0,0,0,0,0,1,1,1,0,1,0,1,0,0,0,1,1,0,1,0,0,0,1,1,1,0,1,0,0,0.604036
1,0,0,0,0,0,0,0,1,1,0,0,0,0,1,1,1,0,0,1,1,0,0,0,1,0,0,1,0,0,1,1,0.635923
1,1,1,0,1,0,0,1,1,0,1,0,0,1,1,0,1,1,1,1,0,0,1,0,0,1,0,0,0,0,0,0,0.800705
1,0,1,1,1,1,0,1,0,0,1,1,1,1,0,0,1,0,1,0,0,1,1,0,0,0,0,0,0,0,0,0,0.777647
0,0,0,0,1,0,0,1,0,1,0,1,0,1,1,1,1,0,1,0,0,1,1,1,0,1,1,1,1,1,1,1,0.677037
0,0,1,1,1,1,1,1,1,1,1,1,1,1,0,0,1,1,0,1,0,1,1,1,1,0,1,1,0,0,1,0,0.688841
1,0,0,0,0,0,1,0,1,1,1,1,1,1,0,1,1,0,1,0,0,0,1,0,0,1,0,0,1,1,1,0,0.660331
0,1,1,0,1,1,1,1,1,1,1,1,0,1,1,0,1,0,0,0,0,1,0,0,0,0,1,1,0,1,1,0,0.659831
0,1,1,1,1,1,0,0,1,1,0,1,1,0,1,0,1,1,0,0,0,1,1,1,0,1,1,1,0,0,1,1,0.610314
0,0,1,1,0,0,1,1,1,1,0,0,0,1,1,1,1,1,1,1,0,1,0,1,0,0,0,0,0,1,1,0,0.639299
1,1,0,1,1,0,1,0,1,1,0,0,0,1,1,0,1,0,1,0,0,1,1,1,1,0,0,1,0,1,0,1,0.644701
0,0,0,1,0,1,0,0,0,0,0,1,1,0,1,1,1,0,1,1,1,0,1,0,1,0,0,0,0,0,0,0,0.543440
1,0,0,0,0,0,0,1,0,1,1,1,1,0,1,0,0,0,1,0,0,0,1,0,1,0,0,0,1,1,0,0,0.697369
0,1,0,1,1,0,1,1,0,0,1,1,0,1,0,0,1,0,0,1,1,0,0,1,0,1,1,0,1,0,0,0,0.649402
1,1,0,1,1,0,1,1,0,1,1,0,1,1,1,1,0,0,1,0,0,1,0,0,0,0,1,0,1,0,1,1,0.557870
1,0,0,0,0,1,1,0,1,0,0,0,1,0,1,0,0,1,1,0,0,1,1,1,1,1,1,1,0,0,1,1,0.589281
1,0,0,0,1,1,0,0,0,0,1,0,1,0,0,1,1,0,0,1,0,0,1,1,1,0,0,0,1,0,0,0,0.703096
0,0,1,1,0,0,1,0,1,0,1,0,1,1,1,1,0,0,1,1,1,1,0,1,0,0,1,1,0,0,1,0,0.613815
0,0,0,0,0,1,0,0,0,1,0,1,0,0,0,0,0,1,0,1,0,1,0,1,0,0,1,1,1,0,0,1,0.566998
1,0,0,1,1,1,1,1,0,0,0,1,1,1,0,0,1,0,1,0,0,1,0,0,0,0,0,1,0,0,0,1,0.622518
0,0,1,1,0,0,1,0,0,0,1,1,1,0,1,1,1,1,0,1,1,1,0,1,1,1,0,0,1,1,1,0,0.667934
1,1,1,1,1,1,0,1,0,1,0,1,1,1,0,0,1,0,0,0,0,0,1,0,0,1,1,0,1,0,0,1,0.655880
0,0,1,1,1,1,1,0,1,1,0,1,1,0,0,1,0,1,1,1,1,0,0,0,1,0,1,1,1,0,0,1,0.632746
0,0,1,0,1,1,1,0,0,1,1,0,0,1,1,0,0,1,0,0,1,1,1,0,1,1,1,0,0,0,0,1,0.589231
1,1,0,0,0,0,1,1,1,1,0,0,1,1,1,0,0,0,0,0,1,0,0,1,1,0,0,1,1,0,1,1,0.631296
0,1,1,0,1,1,0,0,0,1,1,1,0,0,0,1,0,0,0,0,0,0,1,1,1,0,1,1,0,1,0,1,0.612814
0,0,1,1,1,1,0,1,0,1,1,1,1,1,0,1,1,1,0,0,0,0,0,1,1,1,0,1,1,1,1,0,0.682464
1,1,1,0,0,1,0,0,1,1,0,0,1,1,0,1,1,1,1,1,1,1,0,1,0,0,0,1,0,1,0,0,0.776997
1,1,1,1,0,0,0,0,0,1,0,0,1,0,0,0,1,1,0,0,0,0,0,0,1,0,1,0,0,0,1,0,0.783774
1,1,1,1,1,1,1,0,0,0,0,1,0,0,0,0,0,1,1,1,0,1,0,1,1,0,0,1,1,1,1,0,0.748462
0,1,0,0,0,1,0,1,1,1,1,0,1,1,1,1,1,0,0,1,1,1,0,1,1,1,0,0,1,0,0,0,0.680213
0,1,0,0,1,1,0,0,0,1,1,0,0,1,1,0,1,0,1,0,0,1,0,1,1,1,1,0,1,1,1,1,0.643625
1,0,1,1,1,1,0,0,1,0,0,1,1,1,0,1,1,1,0,1,1,1,0,0,0,0,0,0,0,1,1,0,0.681213
0,0,1,0,1,0,0,0,1,0,1,0,0,1,0,1,1,1,1,1,1,1,1,1,1,0,0,1,1,0,0,0,0.614340
1,0,1,1,0,1,0,0,0,0,0,1,1,1,1,0,1,0,1,0,0,1,1,1,0,0,0,1,1,0,0,0,0.763042
1,0,0,1,0,0,0,1,1,1,1,0,1,0,0,1,0,1,1,0,1,0,0,0,1,1,0,1,1,1,1,0,0.701846
0,0,1,1,1,0,0,1,0,1,0,0,0,0,0,0,0,1,1,1,1,0,1,0,0,1,1,1,1,0,1,1,0.618541
0,0,0,0,0,1,1,1,0,0,1,0,0,0,0,0,0,0,0,0,0,0,1,1,1,0,0,1,0,0,1,1,0.582079
0,0,0,0,0,1,0,1,1,0,0,0,1,0,0,0,0,0,1,0,1,0,1,0,1,1,1,1,1,0,1,0,0.563297
0,1,0,1,1,1,1,1,1,1,0,0,1,0,0,0,1,0,1,0,1,0,1,1,1,1,1,0,0,1,0,0,0.679463
1,1,1,0,1,1,1,1,0,1,1,0,1,0,0,0,1,1,0,0,1,0,1,0,1,0,0,1,0,1,0,1,0.660106
1,1,0,1,1,1,1,0,1,1,0,0,0,0,0,1,0,0,0,0,0,0,0,1,0,0,1,0,0,1,0,1,0.648302
0,0,0,1,0,1,1,1,1,0,0,0,1,1,0,1,0,1,0,0,1,1,1,0,1,1,0,0,1,1,0,0,0.632721
1,0,1,1,0,0,1,0,0,0,0,0,1,1,1,0,0,1,0,0,1,1,0,0,0,0,0,1,0,0,0,1,0.614840
1,1,0,0,1,1,0,0,0,1,0,1,1,0,0,1,0,0,0,1,1,1,1,0,1,1,0,0,1,0,1,0,0.673761
1,1,1,0,1,1,1,1,0,1,0,1,0,1,1,0,1,1,1,1,1,1,1,1,0,1,1,0,1,1,1,1,0.617866
0,0,1,0,1,1,1,1,0,1,1,1,1,1,0,1,1,0,0,0,1,0,1,0,1,1,1,0,0,1,1,1,0.643750
0,0,0,0,0,1,1,1,0,1,0,1,1,0,1,0,1,0,0,1,0,0,0,1,0,1,0,0,1,1,0,1,0.626794
1,0,0,1,1,1,1,0,1,0,1,1,1,1,0,1,0,0,0,1,1,1,1,1,0,0,1,1,0,1,1,1,0.627970
1,0,0,0,0,0,0,0,1,1,1,1,0,1,0,0,1,0,1,0,1,0,0,0,1,0,1,1,1,1,0,0,0.725229
1,0,0,0,1,1,1,1,1,1,1,0,1,1,1,1,0,1,0,0,1,1,0,0,1,0,0,0,0,1,1,0,0.681889
1,1,1,0,1,0,1,1,1,0,0,1,0,0,1,0,1,0,0,1,0,1,1,1,0,1,1,0,0,0,0,0,0.787551
0,1,0,1,1,0,1,0,1,1,0,1,1,1,1,0,1,0,0,1,1,1,1,1,1,1,1,1,1,1,0,0,0.708548
1,0,1,1,1,0,1,0,1,1,1,1,0,0,1,1,1,1,1,1,1,1,1,1,1,1,1,0,0,1,1,0,0.715025
0,0,0,0,0,1,1,0,0,1,0,1,1,1,0,1,1,1,1,0,1,1,1,0,1,1,1,0,1,0,1,0,0.621593
1,0,0,1,1,1,0,0,1,0,1,0,0,1,0,1,1,0,0,0,0,1,1,1,0,1,0,0,0,1,1,1,0.571050
0,1,0,0,0,0,0,0,1,0,1,1,0,0,1,0,1,1,0,1,0,0,0,1,1,0,0,1,1,1,1,0,0.604512
0,0,0,0,1,1,0,1,0,0,1,1,0,1,1,0,0,0,1,0,1,1,1,1,1,1,0,0,0,0,0,1,0.586830
1,0,0,1,0,1,0,0,0,0,0,1,1,1,0,1,0,1,0,1,1,1,0,0,0,0,1,1,0,1,0,0,0.668209
0,0,1,1,1,0,0,0,0,1,0,1,0,1,0,1,1,1,1,1,1,1,0,1,1,1,1,1,1,1,0,0,0.679763
1,1,0,1,0,1,0,0,1,0,0,1,0,0,1,1,1,1,1,0,0,0,1,0,1,1,0,0,1,1,1,0,0.725904
1,1,1,1,0,1,1,1,0,0,1,1,1,0,0,0,0,0,0,1,0,1,0,1,0,1,1,1,1,0,1,1,0.634447
0,0,0,0,0,0,1,0,0,1,0,0,1,1,1,1,1,1,0,0,0,1,1,0,1,0,0,1,1,1,1,0,0.621593
1,1,0,1,1,0,1,1,0,1,1,0,1,0,0,0,1,1,0,1,0,0,0,1,1,0,0,1,1,1,1,0,0.879508
0,0,1,1,1,0,1,0,0,0,1,0,1,1,0,0,0,0,1,1,1,1,1,1,1,1,1,1,0,0,0,0,0.641475
1,0,1,0,0,0,0,0,1,1,0,1,0,0,0,0,0,1,1,1,0,0,1,0,1,1,0,1,1,0,0,0,0.732882
1,1,0,0,1,0,0,0,0,1,0,0,0,1,0,1,0,1,1,0,1,0,0,1,0,0,0,1,0,1,1,0,0.658380
0,1,1,0,0,1,0,0,1,0,0,0,0,0,1,0,0,0,1,0,1,0,1,0,0,1,1,1,0,0,0,0,0.599735
0,1,0,0,1,0,0,0,0,1,0,1,0,1,0,0,0,1,1,1,1,0,0,1,0,1,1,1,1,0,1,1,0.613615
1,1,1,1,1,0,0,1,1,1,1,0,1,1,1,1,1,1,1,1,0,1,0,1,1,0,0,1,0,1,1,0,0.791602
1,1,0,1,1,1,1,1,0,1,0,0,1,1,1,0,1,0,1,0,1,1,0,1,1,1,1,1,1,0,0,1,0.642125
1,0,1,0,1,1,1,1,1,1,1,0,1,0,0,1,1,0,0,0,1,1,1,0,1,0,0,1,1,0,1,0,0.748187
1,1,0,1,1,0,0,1,0,0,1,0,1,0,1,1,0,1,1,1,0,1,0,1,0,0,1,1,0,0,0,0,0.691867
1,0,0,1,0,1,1,0,1,0,1,0,0,0,1,1,0,0,1,0,1,0,1,1,0,0,1,0,0,1,0,1,0.623568
1,1,0,0,0,1,1,0,1,0,1,1,0,0,0,1,1,1,1,1,1,1,1,0,1,1,0,1,1,1,1,1,0.604787
1,1,1,0,1,0,0,0,0,0,1,0,0,0,0,0,0,1,1,1,0,0,1,1,1,1,1,0,1,1,0,1,0.643500
0,1,0,1,0,0,0,1,1,1,1,1,0,0,1,0,1,0,0,1,0,1,1,1,0,1,1,1,1,0,0,0,0.650528
0,1,1,1,0,0,0,1,0,1,0,0,0,1,1,0,1,1,1,1,1,1,1,0,1,0,1,1,1,1,0,1,0.631646
1,1,1,1,0,0,0,0,1,1,0,1,1,1,1,1,0,0,1,0,1,1,1,1,0,1,0,1,1,1,1,0,0.714000
0,0,0,1,0,0,1,1,0,0,1,0,1,0,1,1,1,0,0,0,0,0,1,1,1,1,0,1,1,1,1,0,0.711049
1,0,1,1,1,1,0,1,0,1,0,0,1,0,1,1,1,0,1,1,0,1,0,0,0,0,0,1,1,1,1,0,0.701145
0,1,0,1,0,0,1,0,1,0,1,1,0,0,1,1,1,1,1,1,1,1,0,0,0,0,1,0,1,1,0,0,0.652378
1,0,0,0,1,0,0,1,1,1,0,0,1,0,1,1,1,0,1,0,1,0,1,0,1,0,1,1,1,0,0,1,0.633322
1,0,1,0,1,0,1,1,0,1,0,1,1,0,0,0,1,1,1,0,1,1,1,0,1,0,1,0,0,1,0,0,0.781098
1,1,1,0,1,0,1,0,0,0,1,0,1,0,0,1,1,0,1,1,1,0,0,1,1,1,1,0,1,0,1,1,0.617591
0,0,1,0,1,0,0,0,1,1,0,0,0,1,0,1,0,1,1,1,1,1,1,1,0,1,1,1,1,0,0,0,0.577002
0,0,1,0,1,0,0,0,1,0,0,1,0,1,1,1,0,1,1,1,0,1,0,0,1,0,1,0,1,0,1,0,0.596334
1,1,1,1,0,0,0,1,1,0,1,0,0,0,1,1,1,1,0,0,0,0,0,1,0,1,0,1,0,1,0,0,0.744536
1,0,0,0,1,1,1,0,0,1,0,1,0,0,1,0,1,0,1,1,0,1,1,0,0,1,0,0,0,1,1,1,0.623243
0,0,1,0,0,1,1,0,1,0,0,0,1,1,0,0,1,1,1,0,1,0,1,1,0,0,1,1,0,1,1,0,0.639849
1,1,0,1,1,1,0,0,1,0,1,0,0,0,0,0,0,0,0,0,0,1,0,1,1,1,1,1,1,0,1,0,0.720577
0,1,1,0,0,1,1,0,0,1,0,1,1,0,0,0,1,1,1,0,0,1,1,0,0,1,1,1,1,1,1,0,0.649302
0,1,0,0,0,1,0,0,1,1,1,0,1,0,1,0,0,1,0,0,0,1,1,0,0,1,0,0,1,1,0,1,0.617941
0,0,1,1,0,0,1,0,1,1,0,0,0,0,1,1,1,0,0,1,1,1,1,1,1,1,1,0,1,1,0,1,0.619692
0,1,0,0,0,0,0,1,0,1,0,1,1,0,1,0,0,0,1,0,1,0,0,0,1,1,0,0,1,0,1,0,0.600035
0,0,1,0,1,0,1,1,1,0,0,0,0,0,0,1,1,1,1,0,0,1,1,0,1,1,0,1,1,1,0,1,0.633172
1,0,0,0,1,1,0,1,0,1,1,0,0,0,0,0,1,1,0,0,1,0,1,0,0,1,0,1,1,0,1,1,0.628345
0,0,1,0,1,0,0,1,1,0,0,0,0,0,1,0,1,1,0,0,0,1,0,1,0,0,1,0,1,0,0,1,0.627995
1,1,1,1,1,1,0,1,1,1,1,0,1,1,0,0,0,1,1,0,1,1,1,1,1,0,1,0,0,1,0,0,0.825839
0,0,0,1,0,1,0,1,0,1,0,1,0,0,0,0,1,0,0,0,1,1,0,1,0,0,0,0,0,0,1,0,0.537013
1,0,0,1,0,1,1,0,0,1,0,0,1,1,0,0,0,1,1,1,0,0,0,0,0,1,0,1,1,1,1,0,0.713675
0,0,0,1,1,0,0,0,1,1,1,1,1,0,0,0,0,1,1,1,1,1,1,0,1,1,0,0,1,0,1,1,0.626319
1,0,1,1,0,1,1,0,1,0,0,0,0,1,0,1,0,0,0,1,1,1,0,0,0,0,1,0,0,0,0,0,0.698419
1,0,1,0,1,1,1,0,1,1,0,0,0,0,0,0,0,1,1,0,1,1,0,0,1,0,1,0,0,0,0,0,0.777222
0,0,0,0,0,1,1,0,1,0,0,0,1,0,1,1,0,1,0,0,0,1,0,0,1,1,1,1,1,0,1,1,0.619442
1,1,0,1,0,0,0,1,0,0,0,1,0,0,0,0,1,0,1,0,0,1,1,0,0,1,0,1,1,0,0,0,0.812384
1,0,0,1,1,1,1,1,1,0,0,1,1,1,0,1,0,1,1,1,1,1,1,1,1,1,0,1,1,0,1,0,0.726204
0,1,0,1,0,1,1,1,1,0,1,0,0,0,0,0,1,1,0,0,0,0,1,1,1,1,0,0,0,0,1,1,0.609838
0,0,0,0,1,1,0,0,0,0,1,1,0,0,0,1,1,0,0,0,0,0,1,0,1,0,0,0,1,0,1,0,0.548417
0,0,0,0,0,0,1,0,1,0,1,0,0,0,1,1,0,1,1,0,0,0,1,1,0,1,0,0,0,1,1,1,0.599635
1,1,1,0,1,0,0,1,0,0,0,1,0,0,1,1,1,0,0,1,0,0,0,0,0,0,1,1,0,1,0,1,0.650328
0,1,0,1,1,1,0,0,0,1,0,1,0,0,1,0,1,0,0,1,1,1,1,0,0,1,0,1,1,0,0,1,0.599460
1,0,0,1,0,0,1,1,1,0,1,1,0,0,1,0,0,0,0,0,0,0,0,1,1,0,0,0,0,1,1,1,0.650628
0,0,1,1,0,0,1,0,0,0,1,1,1,1,0,1,1,0,1,1,1,0,0,1,1,0,1,1,1,1,0,0,0.648402
1,1,0,1,1,1,0,0,1,1,1,1,0,1,1,1,0,1,0,0,1,1,1,1,1,1,1,0,0,1,0,0,0.723603
1,1,1,1,1,0,0,1,1,0,0,1,0,1,1,1,1,1,0,0,1,0,0,1,1,1,1,1,1,0,1,0,0.841244
0,0,1,0,0,0,0,0,1,0,1,1,0,0,0,0,1,0,1,1,1,1,1,1,1,0,1,0,1,1,0,0,0.624118
1,1,1,0,1,1,1,0,0,0,1,0,1,0,1,0,0,0,1,0,1,0,1,1,0,1,0,1,1,1,1,1,0.619817
1,0,1,1,0,1,0,0,1,1,1,0,1,1,1,0,0,1,1,0,0,1,1,0,0,0,1,0,0,1,1,0,0.683789
0,1,0,0,0,0,0,0,0,0,1,1,0,1,1,0,1,1,0,1,1,1,1,0,0,1,1,1,1,1,0,1,0.613890
1,0,1,1,1,0,1,0,1,1,1,1,1,0,0,0,1,0,1,1,1,0,1,0,1,1,0,1,1,1,0,1,0.648577
1,1,0,0,1,1,1,0,1,0,0,1,0,0,0,1,0,0,1,0,0,0,0,1,0,0,0,1,0,1,1,1,0.628045
0,0,1,0,0,1,1,1,1,1,1,0,0,0,0,0,1,1,0,1,0,0,0,1,1,1,0,1,0,1,1,0,0.623418
0,1,0,0,0,0,1,0,1,1,0,0,0,1,1,1,1,0,0,0,1,0,0,1,0,0,1,0,0,1,0,0,0.584455
0,0,1,1,1,1,0,0,1,0,1,1,0,1,0,1,0,0,1,0,1,1,0,0,1,1,1,1,0,0,0,1,0.631996
1,1,0,0,0,1,0,0,1,1,1,1,0,1,1,0,1,1,1,1,0,1,1,0,1,0,1,0,0,1,0,0,0.821262
0,1,1,1,1,1,0,1,1,1,1,1,0,0,0,0,1,1,0,0,0,0,1,1,0,0,0,0,0,1,1,1,0.636373
0,0,1,0,1,1,1,1,0,0,0,0,1,1,1,0,1,0,0,1,0,0,0,1,0,1,0,0,1,1,0,1,0.672911
1,1,0,1,0,0,0,0,1,1,0,0,1,1,1,1,1,0,0,1,0,1,0,1,1,1,1,1,0,1,0,0,0.773871
0,1,0,0,1,0,0,0,0,0,0,0,0,1,0,1,1,1,0,1,1,1,0,1,1,1,0,1,1,1,1,0,0.599610
0,1,0,0,1,1,1,0,0,1,1,1,0,1,0,1,0,1,1,1,1,0,1,1,0,0,0,0,0,0,1,1,0.627195
1,0,1,0,1,0,0,1,1,1,0,1,1,1,1,0,0,1,0,1,1,1,1,0,1,0,1,0,1,0,1,1,0.627145
0,0,0,1,1,1,0,0,1,1,0,1,0,1,0,0,0,0,1,1,1,0,0,0,1,1,1,1,1,0,0,1,0.633622
0,1,0,0,1,0,0,0,0,1,1,1,1,0,0,1,1,0,0,1,0,1,1,0,0,0,1,1,0,1,1,0,0.614565
1,0,1,1,0,0,1,0,0,1,1,1,1,0,1,1,0,1,0,0,1,0,1,1,0,1,0,1,1,0,0,0,0.710999
1,1,1,0,1,1,0,1,1,0,1,1,0,0,1,0,1,1,1,0,0,0,1,1,1,1,1,0,0,0,0,1,0.650653
0,0,1,1,1,1,1,0,0,1,1,1,0,0,0,0,0,1,1,1,0,1,1,0,0,0,0,0,1,1,0,0,0.594433
0,0,1,0,0,0,1,1,0,0,0,1,1,0,1,0,1,0,1,0,1,1,0,1,1,0,1,0,1,0,1,0,0.607688
1,0,1,1,1,0,0,0,0,1,1,0,0,0,1,0,1,0,1,1,0,1,1,0,1,1,1,1,1,0,0,1,0.627695
1,0,1,0,1,1,0,0,0,0,1,1,1,0,0,1,1,1,0,1,0,0,0,0,1,0,0,1,0,1,0,0,0.695468
0,1,1,0,0,1,1,0,0,0,0,1,0,0,0,0,1,1,0,0,0,1,1,0,0,0,1,0,0,0,1,0,0.589806
0,0,1,1,1,0,0,0,1,0,0,1,0,0,0,1,0,0,1,0,0,1,0,1,1,0,1,0,1,1,0,1,0.608013
1,1,0,0,0,1,0,0,1,0,0,1,1,0,1,1,0,1,0,1,0,0,1,1,0,1,0,0,1,0,0,1,0.640124
0,1,1,0,1,1,1,0,1,1,0,1,1,1,0,1,1,0,0,1,0,0,1,0,1,1,0,1,1,0,1,0,0.651903
1,0,1,1,0,0,1,0,0,1,1,1,1,0,0,1,0,0,0,1,1,0,0,0,1,1,0,1,0,0,1,0,0.665908
0,1,1,0,1,1,1,1,0,1,0,0,0,0,1,1,1,1,1,1,1,1,0,0,1,1,1,1,1,1,0,0,0.694093
1,1,1,1,0,0,0,1,1,1,0,0,1,0,0,0,1,0,1,0,0,0,1,0,1,0,0,1,1,0,0,0,0.903316
1,1,0,0,1,1,1,1,1,1,0,1,1,0,0,1,1,1,0,0,1,1,0,0,0,1,1,0,1,1,0,1,0.650628
0,1,1,0,1,1,1,1,0,0,1,1,1,0,0,1,1,0,1,1,1,0,0,0,0,1,1,1,1,1,1,1,0.657705
1,0,0,0,1,0,0,0,1,0,1,0,1,1,1,1,0,0,1,1,1,0,0,1,0,0,1,0,1,1,1,1,0.617116
1,0,0,1,0,1,1,1,1,0,0,0,1,0,1,0,1,1,0,0,1,0,0,1,1,1,1,1,1,1,1,1,0.625094
0,1,1,1,1,0,0,1,0,1,0,0,1,0,0,1,1,0,0,1,1,1,0,0,1,0,0,1,1,1,1,0,0.632221
0,1,0,0,1,1,0,0,0,0,1,1,1,0,1,0,0,0,0,0,1,1,1,0,1,1,1,1,0,0,1,0,0.636598
1,0,0,0,0,0,1,1,1,1,0,0,0,1,0,1,1,0,1,1,0,0,0,1,0,1,1,1,0,1,1,1,0.625444
0,1,0,0,1,1,0,0,0,0,1,1,1,0,0,1,0,1,1,0,1,1,1,1,1,1,0,0,0,1,0,0,0.635672
0,0,1,1,0,0,1,0,0,1,0,1,0,1,1,0,1,1,0,1,0,0,0,0,1,0,0,1,0,1,1,1,0.611489
1,0,1,0,1,1,1,1,0,0,0,1,1,0,0,0,0,0,1,1,1,0,0,0,1,1,0,1,1,0,1,0,0.704096
0,0,1,0,1,0,0,0,0,1,1,1,1,0,0,1,1,0,0,1,0,0,1,1,0,1,0,0,0,1,0,0,0.579028
1,1,1,0,0,1,0,0,1,1,0,1,0,0,0,0,1,1,0,1,1,1,1,0,0,1,0,1,0,1,0,1,0.654604
0,1,0,0,1,0,0,1,1,0,1,1,1,1,1,0,0,0,0,1,1,0,0,1,1,1,1,0,1,1,1,1,0.676362
0,1,1,0,1,0,1,0,0,1,1,1,0,1,1,0,1,0,0,0,1,1,0,0,1,0,0,1,0,1,1,0,0.629495
0,1,0,1,1,0,0,0,0,1,0,0,1,1,1,1,0,1,0,0,0,0,1,0,1,1,0,0,0,0,0,0,0.548667
0,0,1,0,0,0,1,1,1,1,0,1,1,1,0,1,0,1,0,1,1,0,0,0,0,0,0,1,0,0,1,0,0.584054
0,1,1,0,0,0,0,0,1,0,1,1,1,1,1,0,0,1,1,1,1,0,1,0,0,0,1,0,1,0,1,1,0.627970
1,1,0,1,0,0,1,0,0,1,0,0,1,0,1,1,1,1,0,1,0,1,0,0,1,0,0,0,0,0,1,1,0.640849
1,0,1,0,0,0,0,0,0,1,0,1,1,1,0,0,1,1,1,1,1,0,0,1,1,0,1,1,1,0,1,1,0.635572
1,1,0,1,1,0,0,1,0,0,0,1,0,0,0,0,0,0,0,0,0,1,0,1,1,1,0,0,1,0,1,0,0.758090
0,0,0,0,1,0,0,1,0,0,1,1,1,0,1,1,0,0,1,0,0,1,1,1,1,1,1,0,0,1,1,1,0.548492
0,1,1,1,0,0,1,1,1,1,1,0,1,1,0,1,0,0,1,1,1,1,1,0,0,0,0,0,1,1,0,0,0.659031
1,1,1,1,0,1,1,0,0,1,1,1,1,0,1,1,0,1,1,1,0,1,1,1,1,0,1,1,1,0,0,0,0.763442
1,1,1,0,1,1,0,1,1,1,1,1,1,0,1,0,0,0,1,1,0,0,0,1,1,0,0,0,1,0,0,1,0.668134
1,0,1,1,1,0,0,1,0,0,1,0,1,1,0,1,1,1,0,0,1,0,0,0,1,1,0,1,1,0,1,0,0.749937
0,1,0,0,1,0,0,0,1,1,0,0,1,0,1,0,0,0,0,1,0,1,1,0,0,0,0,0,0,1,1,0,0.587656
0,1,0,1,0,1,1,1,0,1,1,1,0,0,0,1,1,1,0,1,1,0,1,1,0,0,1,1,1,0,1,1,0.652303
1,1,0,0,0,1,1,0,0,0,1,0,0,1,1,0,0,0,0,0,1,0,1,0,1,0,1,0,0,1,1,1,0.626769
1,0,0,1,1,0,1,0,0,0,0,0,0,1,1,1,0,1,0,1,0,0,1,1,0,1,1,1,1,0,1,1,0.615165
0,1,0,0,0,0,1,1,1,1,0,0,0,1,1,0,1,1,0,0,0,0,1,1,1,0,0,0,0,0,1,1,0.624919
0,0,0,0,0,0,0,0,1,1,0,1,0,1,1,0,1,1,0,1,1,0,1,1,1,1,1,0,1,0,1,0,0.591357
1,1,1,1,0,1,0,0,1,0,1,1,0,1,0,0,1,1,1,1,0,0,0,0,1,0,0,0,1,1,0,1,0.666008
0,1,0,1,0,0,1,1,1,1,1,1,0,0,0,1,0,1,0,1,1,0,0,1,1,1,0,1,0,1,1,1,0.640249
0,1,0,0,0,1,0,1,0,1,0,0,1,1,0,1,1,1,0,1,1,1,0,1,1,1,0,0,1,1,0,1,0.634347
1,0,0,1,0,1,1,0,0,1,1,1,1,0,0,0,0,0,1,1,0,1,1,1,1,1,0,0,1,1,1,0,0.722878
0,0,1,1,0,1,1,1,1,1,1,1,0,1,0,1,1,0,0,0,0,1,1,0,1,0,1,0,0,0,0,1,0.625744
1,0,0,1,1,0,1,0,1,0,0,0,1,1,0,1,0,0,1,0,1,0,0,1,0,1,0,1,1,0,0,1,0.620892
0,0,0,0,0,1,0,1,1,1,0,1,1,1,0,0,1,1,0,1,0,0,0,1,0,1,0,1,0,1,1,1,0.602611
1,1,1,0,0,0,1,1,1,1,1,0,1,0,0,0,0,0,0,0,0,1,1,0,0,0,1,0,1,1,0,1,0.641199
0,0,0,0,1,1,1,0,0,1,1,1,1,0,1,0,1,0,1,0,0,1,1,0,1,0,1,0,1,1,0,1,0.618592
0,0,1,1,0,0,0,0,1,0,1,0,1,0,1,0,0,0,0,0,0,1,0,1,1,0,1,0,1,0,0,1,0.618792
1,1,1,0,0,0,0,0,1,0,1,1,0,0,0,0,1,0,0,1,0,0,1,0,1,1,1,1,1,1,1,0,0.737683
1,0,1,1,1,0,0,1,0,0,1,0,1,1,0,0,0,0,1,0,1,1,0,0,0,1,1,0,0,0,0,1,0.625069
1,1,1,1,0,1,0,0,0,1,1,0,1,1,1,1,1,0,0,1,0,1,0,1,1,0,1,0,1,1,0,0,0.793253
0,0,1,1,1,1,0,0,1,1,1,1,0,1,1,0,1,0,1,0,1,0,1,0,1,0,1,1,0,0,1,0,0.660881
1,1,1,1,1,0,1,0,0,1,1,0,0,1,1,1,0,0,0,0,0,1,0,0,1,1,1,0,1,0,1,0,0.705222
1,1,1,0,0,1,0,1,0,0,0,1,0,0,0,0,1,1,1,1,1,1,0,1,1,0,1,1,1,0,1,1,0.659206
0,0,0,1,0,1,0,0,1,0,1,1,1,0,1,0,0,0,0,1,0,1,1,1,0,0,1,1,1,1,1,1,0.616566
0,0,1,1,0,1,0,1,1,1,1,1,0,0,0,0,1,1,1,0,0,0,0,0,1,1,1,1,0,0,1,1,0.619592
0,1,1,1,1,0,1,0,0,1,1,1,0,0,0,0,0,0,1,1,0,1,1,0,0,0,0,0,1,0,0,1,0.605762
1,0,0,0,1,0,0,1,1,1,0,0,0,0,1,0,0,0,1,1,0,0,1,1,1,0,0,0,0,0,0,0,0.715150
1,0,1,1,1,1,1,0,1,0,1,0,1,1,0,1,1,0,1,1,0,1,1,0,1,0,0,1,0,1,1,1,0.602711
1,0,0,0,1,0,1,1,1,0,1,1,1,1,0,0,1,0,0,1,1,0,1,1,1,0,1,0,1,0,0,0,0.821713
0,0,1,0,1,0,0,1,0,1,1,0,0,1,1,1,0,1,0,0,1,1,1,0,1,1,0,1,1,1,0,0,0.595734
0,0,1,0,1,0,0,1,1,0,1,0,1,0,0,0,0,1,0,0,1,0,1,0,1,0,1,1,1,0,1,1,0.640824
0,0,1,0,0,1,0,1,0,1,1,0,0,1,0,0,0,0,0,0,0,1,0,1,0,1,1,1,0,1,1,1,0.569674
1,0,0,1,1,0,1,0,0,1,1,0,0,0,1,1,1,0,0,0,1,0,0,0,0,0,0,0,1,1,1,0,0.695493
1,0,0,0,0,0,1,1,0,0,0,1,0,1,1,1,0,1,0,1,1,1,1,0,1,1,0,0,0,1,1,0,0.648077
0,1,0,1,0,0,1,0,1,0,1,1,1,0,1,1,1,0,0,0,1,1,0,0,0,1,1,0,1,1,0,0,0.634297
1,1,1,1,1,0,1,0,1,0,1,1,0,0,1,0,0,1,0,1,0,1,0,1,0,0,0,1,0,1,0,1,0.633397
0,0,0,1,1,0,0,0,1,1,0,1,1,1,1,1,0,0,1,0,0,0,1,0,0,1,0,1,1,0,1,0,0.554094
1,1,1,1,1,1,0,0,0,1,0,0,0,1,0,1,0,0,0,1,0,0,1,0,0,0,1,0,0,1,1,0,0.666683
1,0,0,1,1,1,1,1,0,1,0,1,0,0,1,0,0,0,1,1,1,0,0,1,1,0,1,1,0,1,1,1,0.610939
1,0,0,0,1,1,1,0,1,1,1,0,0,1,1,0,0,1,0,0,1,1,0,0,1,1,1,1,1,1,0,0,0.711274
0,0,0,1,0,0,1,1,1,0,0,1,0,1,1,1,1,0,0,1,0,0,0,1,1,0,1,1,0,0,0,0,0.657705
1,0,1,0,1,1,1,0,1,1,1,1,1,1,1,0,1,0,1,0,0,1,1,1,0,0,1,0,0,0,1,1,0.624919
0,0,0,0,0,1,0,0,1,1,0,0,1,0,0,0,1,1,0,1,0,0,0,1,1,1,1,0,1,0,0,0,0.587631
1,0,1,0,1,1,1,1,0,0,1,0,1,0,0,1,0,0,1,0,1,1,0,1,0,1,0,0,1,0,0,0,0.716401
0,1,1,0,1,0,1,1,1,0,0,0,0,1,1,0,0,1,0,1,0,0,0,0,1,0,1,0,0,1,1,0,0.608113
0,1,0,0,0,0,1,1,0,1,0,1,1,1,0,1,1,1,0,1,0,0,1,0,0,1,0,1,0,0,1,1,0.610039
1,1,1,0,1,1,0,1,1,1,1,0,1,0,0,0,0,0,0,1,1,0,0,0,0,1,0,0,1,1,1,0,0.725504
0,0,0,0,0,0,1,0,0,0,0,1,1,1,0,1,1,1,1,1,1,0,0,0,0,0,0,1,0,0,1,0,0.520857
1,0,1,0,0,1,1,0,0,0,0,1,0,0,0,0,1,1,1,1,0,1,0,1,1,0,1,1,0,1,0,0,0.752788
1,0,0,1,0,0,0,1,1,1,1,0,0,1,1,1,1,1,1,1,0,1,1,1,0,0,1,1,0,0,0,1,0.630796
1,1,1,1,1,1,1,1,1,1,0,0,1,1,0,1,1,0,0,1,1,0,0,0,0,0,1,0,0,0,1,0,0.739584
0,1,0,0,0,1,0,0,1,0,0,1,1,1,0,0,0,1,1,1,0,0,0,1,0,1,0,0,1,1,0,1,0.624519
1,0,0,0,1,0,0,1,1,1,0,0,0,1,0,0,0,1,0,1,0,0,1,1,1,1,1,1,1,0,1,1,0.622393
1,1,0,1,0,0,0,0,1,1,0,1,1,1,0,0,1,1,0,1,1,1,1,1,1,0,1,0,0,0,1,0,0.799405
0,0,1,0,0,0,1,1,0,1,0,0,0,1,1,0,1,1,0,1,0,1,1,1,0,0,0,1,0,0,0,1,0.613915
1,0,1,1,0,1,0,1,0,0,1,1,0,1,1,1,1,1,1,0,0,0,0,1,1,0,1,1,0,0,1,0,0.702396
0,1,1,0,0,1,1,1,0,0,1,0,0,0,0,0,0,0,0,1,1,1,0,1,1,1,0,1,1,1,0,1,0.644451
1,1,1,0,1,1,0,1,1,1,0,0,0,0,0,1,0,1,0,1,1,1,1,0,0,0,0,1,0,0,0,0,0.714100
0,0,0,0,0,0,1,0,1,0,0,0,0,1,0,0,1,1,0,1,0,1,0,1,1,1,0,0,0,1,1,1,0.597234
1,1,0,1,1,1,1,1,1,0,1,0,1,1,0,0,0,1,0,0,1,1,1,1,1,0,1,0,0,1,1,1,0.609463
0,0,1,1,1,0,0,1,1,0,0,0,0,0,1,0,0,0,1,1,1,1,0,0,0,1,1,1,1,1,0,0,0.642350
1,0,0,1,1,0,1,0,0,1,1,0,1,1,0,1,1,1,0,0,0,0,1,0,1,0,0,1,1,0,1,0,0.703571
0,0,0,0,1,1,1,0,1,0,1,0,0,1,1,0,0,1,0,1,0,0,1,0,0,0,1,0,0,0,0,0,0.516906
1,0,0,1,1,1,0,0,1,1,0,0,0,1,1,0,0,0,0,1,0,1,1,0,0,1,0,1,0,0,1,1,0.593433
1,1,1,0,0,1,1,0,0,1,1,0,1,0,1,1,1,0,1,0,1,1,0,0,1,0,0,1,1,1,0,0,0.753889
1,0,0,0,0,1,0,1,1,1,0,1,1,0,1,0,1,1,0,1,0,1,0,0,0,1,1,1,1,1,0,0,0.737858
1,1,0,0,1,0,1,1,0,1,1,0,0,0,0,0,1,0,0,0,1,0,1,1,0,0,1,1,0,1,1,1,0.643750
1,1,0,0,1,1,0,0,0,0,0,1,0,1,0,0,0,1,1,1,0,1,0,1,1,0,0,0,0,1,0,0,0.736483
1,1,1,1,0,0,0,0,0,1,0,0,1,1,1,1,0,1,0,1,0,1,0,1,0,1,1,1,0,1,0,0,0.692492
1,1,0,0,0,1,1,1,1,0,0,0,0,0,0,0,0,0,0,0,0,1,1,0,0,1,1,0,1,1,0,0,0.730006
1,0,0,0,0,0,1,0,0,0,1,1,0,0,1,0,1,0,0,0,1,1,0,0,0,1,1,1,0,0,1,0,0.673511
0,0,0,1,0,1,1,0,0,0,1,0,1,0,1,0,1,1,0,0,0,0,1,0,1,1,0,1,1,0,0,0,0.594983
1,1,0,0,1,0,1,1,1,0,1,0,0,1,1,1,1,1,0,0,0,0,1,0,1,0,1,0,0,1,1,1,0.592357
1,1,0,0,1,1,1,1,0,0,0,0,1,0,1,1,0,0,0,0,0,0,0,1,1,1,1,1,0,0,0,1,0.636848
0,1,1,0,1,0,0,0,0,1,1,1,1,1,1,1,1,0,0,1,0,1,1,0,0,1,1,1,0,0,1,0,0.660656
0,1,0,0,0,1,1,1,1,0,1,1,0,1,1,1,1,1,0,1,1,1,1,1,0,0,1,0,0,1,0,0,0.673661
1,0,0,1,1,1,1,0,1,0,0,0,1,1,1,0,1,0,0,0,1,1,1,1,1,0,1,1,0,0,1,0,0.695093
1,1,0,0,0,1,0,1,0,1,1,1,1,1,1,1,1,1,0,0,0,0,0,0,0,0,1,1,1,1,1,0,0.689116
1,1,0,1,1,0,1,0,0,1,1,0,1,1,0,1,0,0,0,0,0,0,1,0,0,1,0,1,1,1,1,1,0.617341
0,1,1,0,1,1,1,1,0,1,1,1,1,0,0,1,1,0,0,1,1,1,0,1,0,1,1,0,0,1,0,0,0.663357
0,0,0,0,1,0,1,0,0,0,0,1,1,0,1,0,1,0,1,1,0,0,0,1,1,0,0,1,1,0,0,1,0.599960
1,1,1,1,1,1,0,0,0,0,1,1,1,1,0,0,1,0,1,1,1,1,0,0,0,0,0,1,1,1,0,0,0.822513
1,1,1,1,0,1,0,1,0,1,1,0,0,0,1,1,1,0,0,0,0,0,0,0,0,0,0,1,0,1,1,1,0.621868
0,1,0,1,0,1,1,1,0,0,1,1,0,1,0,1,0,0,1,1,0,0,0,1,0,0,0,0,1,0,0,0,0.590407
1,1,0,1,1,0,0,1,1,1,1,1,0,1,0,0,1,1,0,0,0,0,0,1,1,1,1,1,1,0,1,0,0.852498
1,0,0,0,0,1,0,0,1,1,1,1,0,0,1,0,0,0,0,0,1,1,0,0,0,1,1,0,1,0,1,0,0.670760
0,1,0,0,1,0,0,1,0,0,1,0,0,0,1,1,0,1,1,0,0,1,1,1,0,1,1,1,0,1,1,0,0.612439
0,0,1,0,1,0,0,0,1,1,1,0,0,0,0,0,1,1,1,1,0,1,1,1,0,1,1,1,1,0,0,1,0.606312
0,1,1,1,0,1,0,0,0,0,1,0,1,1,0,1,0,1,0,0,1,1,0,0,0,0,1,1,1,1,0,0,0.606237
0,1,1,1,0,1,1,0,1,1,1,0,0,0,1,0,0,0,1,0,1,0,0,0,0,1,1,0,0,0,0,1,0.605262
0,1,0,1,0,1,1,1,0,0,0,0,1,1,0,0,0,0,1,0,0,1,1,0,1,0,0,0,1,0,1,0,0.618191
1,1,1,1,0,0,1,0,0,1,0,1,1,0,1,0,1,1,1,0,0,1,0,1,1,0,1,0,0,1,1,1,0.620792
1,1,0,1,0,1,0,1,0,1,1,1,0,1,1,1,1,1,1,0,0,1,1,1,0,0,1,1,0,0,1,0,0.700445
0,0,1,0,1,1,0,1,1,0,1,1,1,1,1,0,1,1,1,1,0,1,0,0,0,0,0,1,1,1,0,1,0.635622
1,0,1,0,1,0,1,0,0,1,1,1,0,0,1,1,0,0,1,0,0,1,1,1,0,1,1,0,1,0,0,1,0.628245
1,0,0,1,0,1,0,1,0,1,1,1,0,1,0,1,0,0,0,0,1,1,1,1,1,1,0,0,1,0,1,0,0.685865
1,0,1,0,1,0,0,0,1,1,1,1,1,1,0,0,1,0,0,1,0,1,0,0,1,1,1,0,1,0,1,1,0.628970
0,1,0,0,0,0,0,1,1,0,0,1,0,1,1,0,1,0,1,1,0,0,1,1,1,1,0,0,1,0,1,1,0.663157
0,1,1,0,1,1,1,0,1,1,0,0,0,0,0,0,0,0,1,0,1,1,1,0,0,1,1,1,1,0,0,0,0.642650
0,1,0,0,1,1,0,1,1,0,0,0,0,1,1,0,1,1,0,0,0,0,1,1,0,1,0,0,0,0,1,1,0.636148
0,1,0,0,1,0,0,1,0,0,1,0,0,1,1,1,0,1,0,0,1,0,1,1,0,0,0,0,1,0,0,0,0.590157
0,0,0,1,0,0,0,0,0,0,1,1,1,0,1,1,0,1,0,0,0,1,1,1,1,0,0,1,0,1,1,0,0.569574
0,0,0,1,0,1,1,1,1,0,1,0,0,0,1,1,0,1,1,0,1,0,0,1,0,0,1,0,0,1,0,1,0.630421
0,0,0,1,0,1,1,1,1,1,1,1,1,0,0,1,1,1,1,0,0,1,1,1,1,0,1,1,1,0,1,0,0.678012
1,0,0,1,1,1,1,1,0,1,1,1,0,0,0,0,1,1,1,1,0,1,1,1,0,1,0,0,0,0,0,0,0.749137
0,1,1,1,0,1,0,1,0,0,1,0,0,0,1,0,1,1,0,1,0,0,0,1,0,1,0,1,0,0,1,0,0.620792
0,1,1,1,0,1,0,0,1,0,0,1,0,0,0,1,1,1,0,1,1,1,1,0,1,0,0,0,1,0,1,0,0.632746
1,1,0,0,0,1,1,0,1,1,0,0,1,1,0,1,1,1,1,1,1,0,1,1,0,0,1,1,0,0,0,0,0.772470
0,1,0,1,1,0,0,1,0,1,1,0,1,0,0,0,0,0,1,0,0,1,0,1,0,0,0,1,0,0,1,0,0.566248
1,1,1,0,1,0,0,0,1,1,1,1,0,1,1,1,1,0,1,1,1,1,0,0,1,0,0,0,1,1,0,1,0.634097
0,0,0,1,0,1,0,1,0,1,1,0,1,0,1,0,0,0,0,0,1,0,1,0,1,1,0,1,0,1,0,1,0.579653
0,1,1,0,1,0,0,1,1,0,1,0,1,1,1,1,1,1,1,0,0,0,0,1,0,0,1,1,0,1,1,0,0.636148
1,1,0,1,1,0,0,0,0,0,1,1,0,0,1,1,0,0,1,0,1,0,1,1,0,1,1,0,0,1,1,1,0.600335
1,1,1,1,1,1,0,1,1,1,0,1,1,0,1,0,0,0,1,1,0,0,1,1,0,1,0,0,0,1,0,1,0.647202
1,1,1,1,0,1,1,0,0,0,1,0,1,1,1,1,0,0,0,1,0,1,1,1,0,1,1,0,0,1,1,0,0.683889
1,1,1,1,0,0,0,1,1,0,1,1,0,0,1,1,0,0,0,1,1,1,0,1,0,0,0,0,0,1,0,1,0.637823
1,0,0,1,0,1,1,1,1,1,1,1,1,0,0,0,1,1,0,0,1,0,1,0,0,1,0,1,0,1,1,1,0.622118
0,0,0,1,0,0,1,1,0,0,1,0,0,0,0,0,1,0,1,0,1,1,0,1,0,0,0,0,1,0,1,0,0.562122
1,0,0,1,1,1,0,0,1,0,0,1,1,1,0,1,0,0,1,1,0,0,0,0,1,1,0,1,1,0,1,0,0.668109
0,0,1,1,1,0,1,0,1,0,1,0,1,1,1,1,0,0,0,1,1,0,1,1,1,0,1,1,0,1,0,1,0.632146
1,1,1,1,1,0,1,0,1,1,0,1,1,1,1,0,0,0,1,1,1,1,0,0,1,0,1,1,1,0,1,1,0.613815
0,0,1,0,0,0,0,0,1,0,1,1,1,1,1,0,1,0,0,1,0,0,0,0,1,1,0,1,0,0,0,0,0.620042
0,0,1,1,1,1,1,1,1,1,1,0,1,0,0,0,0,1,0,0,0,1,1,0,0,0,0,1,0,1,1,1,0.616716
0,1,1,1,0,0,0,1,0,0,1,1,1,1,1,0,1,1,0,1,0,0,0,1,0,0,1,1,0,0,1,0,0.637273
1,0,0,1,1,0,1,1,0,1,0,0,1,0,1,1,0,1,0,0,1,1,1,0,0,0,1,1,1,1,1,0,0.695769
1,1,0,0,1,0,1,1,0,1,1,1,1,0,0,1,0,1,1,1,1,1,1,0,1,0,0,1,1,1,1,1,0.615240
1,0,1,1,0,0,0,0,0,1,0,0,1,0,0,1,1,0,1,0,1,0,0,1,1,0,0,1,1,1,1,1,0.617241
1,0,1,1,1,0,1,1,0,1,1,0,0,0,1,1,1,1,1,0,1,0,1,1,0,0,1,0,1,1,1,0,0.709698
1,0,1,0,0,1,0,1,1,1,0,1,1,1,1,1,1,1,1,1,0,1,1,0,0,1,1,1,0,1,0,1,0.612239
0,0,0,1,0,0,0,0,0,0,1,1,0,1,1,1,1,1,1,1,1,1,0,0,0,0,1,0,1,0,0,0,0.619092
0,0,1,1,1,1,1,0,1,0,0,1,0,0,0,0,0,1,0,0,1,0,1,1,0,0,0,1,0,1,0,1,0.584355
1,0,0,0,1,0,0,1,1,1,0,1,1,1,1,0,1,1,1,1,1,0,1,1,0,1,1,1,0,1,0,1,0.619392
0,0,1,1,0,1,0,1,1,0,1,1,1,0,1,0,0,0,1,0,0,1,0,1,1,1,1,1,1,0,0,0,0.663032
1,1,0,0,1,0,1,1,0,1,0,1,1,0,0,0,0,0,0,1,0,1,1,1,1,0,1,1,1,0,1,1,0.606437
1,0,0,0,0,0,0,0,0,1,1,1,1,1,1,1,0,0,1,0,0,1,1,1,1,1,0,1,1,0,0,1,0.625319
1,1,1,1,1,0,1,0,1,0,1,0,1,1,0,0,0,1,1,0,0,1,1,0,1,0,0,0,0,1,1,1,0.643875
1,1,1,1,1,1,0,1,0,1,1,1,1,1,0,1,1,1,1,0,0,1,1,0,0,0,0,0,0,0,1,0,0.725054
1,0,1,0,1,0,0,1,0,0,0,1,0,0,1,1,0,0,0,1,0,0,0,1,0,1,0,1,1,1,1,0,0.681464
1,1,1,1,0,1,1,1,1,0,0,0,1,0,0,1,1,0,1,0,1,1,0,1,1,1,0,1,1,0,0,0,0.851873
0,0,1,1,1,1,0,0,0,1,0,1,0,1,0,0,1,1,0,1,0,1,1,1,1,0,1,0,1,1,0,0,0.653054
0,1,0,0,1,1,0,0,0,1,1,1,1,0,1,0,1,0,1,1,1,1,0,0,1,1,0,0,0,1,1,1,0.625319
0,0,1,0,1,0,0,0,1,1,0,1,1,0,0,0,0,0,1,1,1,0,1,0,0,1,0,1,0,1,0,0,0.504201
0,1,0,0,0,0,0,1,1,0,0,0,1,1,0,1,1,1,1,0,1,0,0,1,1,1,0,1,1,1,0,1,0.620717
1,1,0,0,0,0,1,1,0,0,0,0,1,0,0,1,1,0,0,0,0,0,0,1,1,0,0,0,0,0,0,0,0.791602
0,1,0,1,1,0,1,1,0,1,0,1,0,1,1,1,1,1,1,1,1,1,1,0,1,0,0,1,0,0,1,1,0.633547
0,0,0,1,1,0,1,0,0,1,0,1,1,1,1,0,0,1,0,0,0,1,0,1,0,1,1,1,1,0,0,0,0.540989
1,1,0,1,0,0,0,0,1,1,0,1,1,0,0,0,0,0,0,1,0,1,1,1,1,0,0,1,0,1,1,0,0.709098
1,1,0,0,1,0,1,0,0,0,0,1,1,0,1,1,1,1,0,0,0,0,1,1,0,0,1,0,1,0,0,0,0.709898
1,0,0,1,0,0,1,0,0,1,1,1,0,1,1,1,0,1,0,0,0,0,0,0,1,1,1,1,0,0,0,1,0.597384
0,0,1,0,0,1,0,0,1,1,1,1,1,0,0,0,1,0,0,0,1,1,1,0,0,1,1,1,1,0,1,1,0.624294
1,1,0,1,1,1,0,0,1,1,1,0,1,0,0,1,0,1,0,1,1,1,1,0,1,0,1,1,0,0,0,0,0.784575
0,0,1,1,0,1,1,1,0,0,1,1,0,1,1,1,0,1,0,0,0,0,1,1,1,0,0,0,0,0,1,0,0.589931
1,1,0,1,1,1,0,1,0,0,0,0,1,1,0,1,1,1,1,1,0,1,1,1,1,0,0,0,0,0,1,1,0.619567
1,0,0,1,0,0,0,1,1,0,1,1,1,1,1,1,0,0,1,1,0,1,0,0,1,1,1,0,1,1,0,1,0.615065
1,1,1,0,1,0,1,1,1,1,1,0,0,0,0,0,1,0,1,0,1,1,0,1,0,1,0,1,1,0,0,1,0.658030
1,1,1,1,0,0,1,0,1,0,1,0,1,0,0,1,1,1,1,0,1,1,0,0,0,0,0,1,0,0,0,1,0.639524
1,0,0,1,0,0,0,0,0,0,0,0,0,0,0,1,1,0,0,1,0,1,1,0,1,0,1,0,1,1,1,0,0.683164
1,1,1,1,1,0,0,1,0,0,1,0,0,1,1,0,0,0,1,1,1,0,1,1,1,0,1,1,1,0,1,1,0.609363
1,1,0,0,1,1,0,1,1,0,1,1,0,0,1,0,1,1,1,1,1,1,1,1,0,1,1,0,1,0,0,1,0.645826
0,0,0,0,1,0,0,0,0,0,0,1,0,0,1,1,1,0,1,0,0,1,0,1,0,1,1,0,0,0,0,0,0.534762
1,0,1,0,1,0,1,1,0,0,1,0,0,0,0,1,0,0,1,1,1,1,0,0,1,0,0,1,1,1,0,1,0.643700
0,1,1,1,1,0,1,0,1,0,1,0,0,0,0,0,0,1,0,0,1,0,1,1,0,0,0,0,0,0,0,0,0.560996
0,0,0,0,0,1,0,1,0,1,0,0,1,0,1,1,1,0,0,1,1,1,0,0,0,1,0,0,1,0,1,0,0.597484
1,0,1,0,1,1,0,1,0,1,1,0,1,0,1,1,1,0,0,1,0,1,0,0,1,1,1,0,0,1,0,0,0.706547
1,1,0,0,1,0,0,0,1,0,1,0,1,0,1,0,0,0,1,0,1,0,0,0,1,0,0,0,0,0,1,0,0.738258
1,1,1,1,1,0,1,1,0,1,1,1,1,0,1,0,1,1,0,0,0,1,1,1,1,1,0,0,0,0,0,1,0.652753
0,0,0,1,1,1,0,1,1,0,1,0,0,1,1,0,1,1,1,1,0,0,0,0,0,1,1,0,0,0,1,1,0.621918
0,1,1,1,1,0,0,1,1,0,1,1,0,1,0,1,0,0,1,0,0,1,1,0,1,1,0,0,1,1,1,1,0.657905
1,0,1,1,1,1,1,1,1,1,0,0,0,0,1,1,1,1,0,0,1,0,1,1,1,1,0,1,0,1,0,0,0.743235
0,1,0,0,1,0,0,0,1,1,1,0,0,0,0,0,0,1,1,0,0,0,1,1,0,1,0,1,0,0,0,0,0.593408
0,1,0,0,0,0,1,1,0,1,1,0,1,1,1,1,0,0,0,0,0,1,0,0,0,1,1,0,0,1,1,0,0.561972
1,0,1,0,1,0,1,1,0,1,0,0,0,1,1,0,1,1,1,0,0,0,1,1,0,1,0,0,0,1,1,0,0.697944
0,0,1,1,0,1,1,0,0,1,0,0,0,1,1,1,1,1,0,0,1,0,1,0,1,1,0,0,1,1,1,0,0.637573
0,1,1,1,0,1,0,0,1,1,0,1,0,0,1,0,0,1,0,1,1,1,0,1,0,0,1,0,1,1,1,0,0.572700
1,1,0,0,0,0,1,0,1,0,0,0,1,1,1,1,1,1,0,0,0,1,1,0,1,1,0,1,0,1,0,0,0.720702
0,1,0,0,1,0,0,0,0,0,0,0,0,1,0,0,1,0,0,0,1,1,1,1,0,0,1,1,0,1,0,0,0.587381
0,1,0,1,0,1,1,1,0,1,1,0,0,0,0,0,1,0,0,1,1,0,0,1,0,0,0,0,1,0,0,0,0.632371
0,1,1,1,0,1,1,0,0,1,0,1,1,0,0,1,1,1,0,1,0,1,0,1,0,1,0,0,0,1,1,0,0.626319
1,0,1,0,0,1,1,1,1,1,1,1,1,1,1,0,0,0,0,0,0,0,0,0,1,0,1,1,0,0,0,0,0.752813
1,0,1,1,0,0,1,0,0,1,0,0,0,0,1,1,0,0,0,1,1,1,1,1,0,0,0,0,0,1,1,0,0.630346
0,1,0,1,0,0,0,1,0,1,1,1,0,0,1,0,1,0,1,0,0,1,1,0,0,1,0,1,1,0,0,0,0.599435
1,1,0,1,1,0,0,1,1,0,0,0,1,0,0,0,0,1,1,1,0,0,0,1,1,0,1,1,0,0,1,1,0.654654
1,1,1,1,1,0,0,0,1,1,1,0,0,1,0,0,1,1,0,1,0,1,0,0,0,1,0,1,1,0,1,0,0.790502
1,0,1,0,0,1,0,1,1,0,1,1,0,0,1,1,0,1,1,0,0,0,0,1,1,0,1,1,0,0,1,0,0.662782
1,0,0,0,1,1,1,0,0,1,0,0,1,0,1,1,0,1,0,0,1,1,0,1,0,0,1,1,1,1,1,0,0.649877
1,1,0,0,0,0,1,1,0,1,1,1,0,1,1,0,1,1,0,0,0,0,1,1,1,0,1,0,0,1,0,0,0.752313
0,1,1,1,0,1,0,0,0,0,1,0,0,1,1,0,1,0,1,1,1,0,0,1,0,0,0,0,1,1,0,0,0.635172
0,1,1,0,0,1,1,0,1,0,0,1,0,0,1,1,0,1,1,0,0,1,0,0,0,1,0,0,1,1,1,1,0.637373
1,0,1,0,0,0,0,0,1,1,0,0,0,0,0,0,1,1,0,0,1,1,0,0,0,1,1,0,1,0,1,1,0.641900
0,1,1,0,0,0,1,1,0,0,1,0,0,1,1,0,0,0,0,0,1,1,1,0,0,1,1,1,1,1,0,1,0.647352
1,1,1,1,0,1,0,0,0,1,0,0,0,1,0,1,0,1,0,1,0,1,0,0,0,1,1,1,1,0,0,0,0.714550
0,1,0,1,0,0,0,1,1,0,1,1,1,1,0,0,1,0,1,0,1,1,0,1,1,0,0,1,0,0,1,0,0.636348
1,0,0,0,1,0,0,1,1,1,1,0,1,1,1,0,1,1,0,1,1,0,1,0,1,0,1,0,0,1,0,0,0.779423
1,1,0,1,0,0,0,0,0,0,1,1,0,1,0,1,1,1,0,1,1,0,1,1,0,0,1,1,0,1,1,1,0.597384
0,0,0,1,1,1,0,1,0,0,0,0,0,0,1,1,0,0,0,1,1,0,0,1,0,0,1,0,1,0,1,0,0.604312
0,0,1,0,1,1,0,0,0,0,1,0,1,1,0,0,0,1,0,0,0,1,0,1,1,0,1,0,1,1,1,0,0.555870
0,1,1,0,0,1,1,1,0,1,1,1,0,0,0,0,0,0,0,0,1,0,0,1,0,1,1,1,1,0,1,0,0.635447
0,0,1,1,0,0,1,0,0,1,1,1,1,0,1,1,1,1,1,0,1,1,0,0,0,1,0,1,0,0,1,0,0.647552
1,0,0,1,1,1,1,1,0,0,0,1,0,1,1,0,0,0,0,1,1,0,1,1,0,1,0,0,0,0,1,0,0.661356
0,1,1,1,0,1,0,0,1,1,1,0,0,0,0,0,1,1,1,0,0,0,0,1,0,1,1,1,0,1,0,1,0.610864
0,1,0,1,0,1,0,1,0,0,0,1,1,0,1,0,1,0,0,0,1,1,0,0,1,1,1,1,1,0,0,0,0.660681
0,1,1,0,0,1,0,0,0,1,1,1,0,0,1,0,1,0,0,1,0,0,0,0,0,1,1,1,0,0,0,1,0.593358
1,1,1,1,1,0,0,1,1,0,0,1,1,1,0,1,1,1,1,1,0,1,0,1,0,0,0,1,1,1,0,0,0.783324
0,1,0,0,0,1,1,1,1,1,0,1,1,0,0,1,0,0,0,0,0,0,1,0,0,0,1,1,0,1,1,0,0.593033
1,1,1,1,1,1,1,1,1,0,1,0,1,0,1,1,1,1,1,0,0,0,0,0,0,0,1,0,1,1,1,1,0.565323
0,0,0,1,1,0,0,0,0,1,1,1,1,1,1,0,0,1,1,0,1,0,0,1,1,0,1,1,0,1,0,0,0.561346
1,0,1,0,0,1,0,1,1,1,1,1,0,1,0,1,0,1,1,1,1,1,1,1,0,1,0,1,0,1,1,0,0.680338
1,1,1,1,1,0,0,1,0,0,0,0,0,1,1,0,1,1,1,0,0,0,1,1,1,1,0,1,0,0,0,1,0.657230
0,1,0,0,0,0,1,1,0,0,1,0,1,0,0,1,0,1,1,1,1,1,0,0,1,0,0,0,1,1,1,1,0.618842
1,0,0,1,1,1,1,1,1,0,1,0,0,0,0,1,1,0,1,0,1,1,0,1,1,0,1,0,1,1,1,0,0.739784
1,0,0,1,1,0,1,1,1,0,0,1,0,0,1,0,0,1,1,0,1,0,0,1,1,0,1,0,1,1,0,0,0.764192
1,0,1,1,1,0,1,0,1,1,0,1,0,1,1,0,1,0,1,0,1,0,1,1,0,1,1,0,0,0,0,0,0.780223
0,0,1,0,0,1,0,0,1,0,0,1,1,0,1,1,1,0,1,1,1,0,1,1,0,1,0,0,0,1,0,1,0.644351
0,0,0,1,0,1,1,0,1,1,1,1,1,1,1,1,0,0,0,0,0,1,0,1,0,1,1,0,0,1,0,0,0.624218
1,0,0,0,0,0,1,0,0,1,0,1,1,0,0,1,1,0,0,1,1,0,0,1,0,0,1,0,1,1,1,0,0.648902
0,0,0,1,1,1,0,0,1,1,0,0,0,0,1,1,0,0,1,1,1,1,1,1,1,0,1,0,1,1,1,1,0.645951
1,1,1,1,1,1,0,1,0,1,1,1,0,0,0,0,1,1,1,1,0,1,1,1,1,1,1,0,0,1,1,0,0.832316
0,0,0,0,1,1,0,0,0,1,0,1,0,1,1,0,0,0,1,1,1,0,0,0,1,1,0,1,0,1,1,0,0.513730
0,0,0,0,0,1,0,1,0,1,1,0,1,0,0,0,1,0,0,1,1,0,1,0,0,0,0,1,0,0,1,1,0.591682
0,1,1,0,0,0,0,0,0,1,1,0,0,1,1,1,0,0,0,1,0,0,0,1,1,1,0,0,1,1,0,1,0.626569
0,1,1,1,0,1,0,0,1,1,1,0,1,1,1,0,0,0,1,1,1,0,1,1,1,0,0,1,0,0,1,1,0.615966
0,0,1,0,0,0,1,1,1,0,1,1,1,0,1,1,0,0,0,1,1,0,0,0,1,0,1,0,1,1,0,1,0.652503
1,1,1,1,0,0,0,0,0,1,1,1,0,0,0,1,0,0,1,0,1,1,1,0,0,0,1,0,1,1,0,0,0.718301
0,1,1,1,1,0,0,0,1,1,0,1,0,0,0,0,0,1,0,0,0,0,1,0,1,0,1,1,1,0,0,0,0.633922
1,1,0,1,0,0,1,0,0,1,0,1,0,1,0,1,1,0,0,0,1,0,1,1,1,1,0,1,1,0,0,0,0.797029
1,1,1,0,1,0,0,1,1,1,0,1,1,0,1,1,1,1,1,1,1,1,1,0,1,1,1,1,1,0,1,0,0.775096
0,1,0,0,1,0,0,1,0,1,0,0,0,0,0,1,1,0,0,0,0,1,1,0,0,1,1,1,0,0,0,0,0.555895
0,0,0,0,1,0,1,0,1,1,1,1,1,1,1,0,1,1,0,0,0,1,0,0,0,0,1,0,1,1,0,0,0.637298
0,1,0,0,1,0,0,0,0,0,0,0,1,1,0,0,1,1,1,1,0,0,1,0,1,1,0,1,1,0,1,0,0.600835
1,1,0,0,1,1,0,1,1,0,1,1,0,0,1,0,1,0,0,0,1,0,0,0,1,0,0,1,1,0,0,0,0.838043
1,1,1,0,1,0,0,0,0,0,0,1,0,0,0,0,1,1,0,1,0,0,0,1,0,0,0,0,1,1,0,0,0.793403
0,0,0,0,0,0,1,0,0,0,0,0,0,1,1,1,0,0,1,0,0,0,1,1,1,0,0,0,1,1,1,0,0.596134
1,1,0,0,0,1,0,1,0,1,0,1,1,0,1,1,0,1,1,1,1,1,1,1,1,1,1,0,1,1,1,0,0.725179
0,0,1,0,0,0,1,0,1,1,0,1,1,1,0,1,0,1,0,0,1,1,1,0,1,0,1,1,1,0,1,0,0.607738
0,1,0,1,0,0,1,0,1,0,0,0,1,0,0,0,1,0,0,1,1,1,1,0,0,0,1,1,1,1,0,0,0.623718
1,1,0,1,1,0,1,0,0,1,1,1,0,1,0,0,0,0,0,0,1,0,1,1,0,1,1,0,1,1,1,1,0.629470
0,1,1,0,1,1,1,1,1,1,0,0,1,1,1,0,0,1,1,1,1,0,1,0,1,1,1,0,0,0,1,1,0.643075
0,0,1,1,1,0,0,0,0,0,1,0,0,1,0,1,1,0,1,0,0,1,0,0,0,1,1,0,1,0,1,0,0.597059
1,0,1,1,0,1,1,1,0,1,1,0,1,0,0,1,0,0,1,0,1,1,0,1,1,0,1,1,0,0,0,1,0.622018
1,0,1,0,1,1,0,1,1,1,1,0,0,0,0,1,0,0,0,1,1,1,0,1,0,0,1,0,0,0,0,0,0.677712
0,0,1,0,1,1,0,0,0,0,0,1,0,0,0,0,0,0,0,1,0,1,0,1,1,0,0,1,0,1,0,0,0.514480
0,1,1,0,0,1,1,0,0,1,1,0,1,1,1,0,0,1,0,0,1,0,1,0,1,0,1,0,0,0,0,1,0.605862
1,1,1,1,1,0,0,0,0,1,1,1,1,0,1,0,1,0,1,1,0,0,0,1,1,0,1,0,1,0,0,1,0.646701
0,1,1,1,0,0,1,0,1,0,0,1,1,1,0,0,0,0,0,1,0,1,1,1,0,0,0,1,0,1,1,1,0.611414
1,1,1,1,1,0,0,0,0,0,1,1,1,0,1,0,0,1,1,1,0,1,1,0,1,1,0,0,0,0,1,1,0.619142
1,0,0,1,0,1,1,1,1,1,1,1,1,0,0,0,0,0,1,0,0,1,0,1,1,0,0,1,0,1,0,0,0.737958
0,1,1,0,0,0,1,1,1,1,1,0,1,0,1,1,1,0,1,0,1,1,1,1,0,1,1,1,0,1,0,0,0.680513
1,0,1,0,1,1,1,1,1,1,1,1,0,0,0,1,1,0,0,1,0,0,1,1,1,0,1,1,1,0,1,0,0.728680
0,0,1,0,0,0,0,0,1,0,0,0,1,1,1,1,1,1,0,0,1,0,1,0,0,0,0,1,1,0,0,0,0.605787
0,1,0,0,1,1,1,0,0,0,1,1,0,1,1,0,0,1,0,1,1,0,1,0,0,0,0,1,0,0,1,1,0.615690
1,1,0,1,0,0,1,1,1,0,0,0,0,0,0,1,1,0,1,1,0,1,0,0,1,1,0,1,0,0,0,1,0.615365
0,0,1,1,1,0,0,0,0,1,1,1,0,0,1,0,0,0,1,0,1,0,1,1,0,0,0,1,0,0,0,0,0.533237
0,1,0,1,0,0,0,1,1,0,1,0,0,0,1,0,0,1,0,1,0,0,0,1,0,1,1,0,1,1,1,1,0.684139
1,0,1,0,1,1,0,0,1,1,1,0,0,1,0,0,0,1,1,1,0,1,0,1,0,1,1,1,0,1,1,1,0.615290
0,0,0,0,0,0,1,1,1,0,0,1,0,0,1,0,0,0,0,0,1,0,1,0,1,1,0,0,0,0,0,1,0.576802
0,1,0,0,1,1,0,1,0,0,1,1,1,1,0,1,0,0,0,1,0,0,0,0,0,0,1,1,1,0,0,1,0.642325
0,0,0,0,0,0,0,0,0,0,0,0,0,1,0,1,0,0,1,1,1,1,0,0,0,1,1,1,1,1,1,0,0.543265
0,0,0,1,0,1,1,1,1,1,0,1,1,1,0,0,0,1,0,0,1,1,0,1,1,1,1,1,1,0,0,1,0.631846
1,1,0,0,1,1,0,1,1,0,1,0,1,1,1,0,1,0,0,1,0,1,1,0,0,0,1,1,0,1,0,1,0.636373
1,0,1,0,1,0,0,0,0,1,1,0,0,1,1,0,1,0,1,0,1,0,0,0,1,0,0,1,1,0,1,1,0.631746
1,0,1,0,1,1,0,0,0,1,1,0,0,0,0,1,1,0,0,1,1,1,0,0,0,0,0,0,1,0,0,1,0.644776
1,1,1,1,1,0,1,0,0,0,0,0,1,0,1,0,0,0,0,1,1,0,1,1,1,1,0,0,0,0,0,0,0.778673
0,0,0,1,1,0,0,0,1,1,1,0,0,1,1,1,0,1,1,1,0,0,0,0,0,1,0,1,1,1,0,0,0.552093
0,0,0,0,0,1,1,1,0,1,1,0,1,1,1,0,1,0,1,0,1,1,0,0,0,0,1,0,1,0,1,1,0.659456
0,1,0,0,1,0,1,0,0,0,1,0,0,1,0,1,0,0,1,0,1,0,0,0,0,0,1,0,0,0,1,0,0.549467
1,0,0,1,0,0,1,1,1,1,1,1,1,1,1,1,1,0,1,1,0,0,0,0,0,0,1,0,1,1,0,1,0.637898
0,0,1,1,0,1,0,0,1,1,0,0,0,0,0,0,1,1,0,1,1,1,0,1,0,1,0,1,0,1,0,0,0.628845
0,0,1,0,0,0,1,0,0,0,1,1,1,0,1,1,0,1,0,0,0,1,1,0,0,0,1,0,0,0,0,0,0.523983
1,0,1,1,0,0,1,0,1,1,0,0,0,0,0,1,0,0,1,0,0,0,1,1,0,0,1,0,1,1,1,1,0.610289
1,1,1,0,0,1,1,1,1,1,0,1,1,0,1,0,0,0,0,0,0,0,1,1,1,1,0,1,0,1,1,1,0.611139
0,1,0,1,1,0,0,1,1,0,1,1,0,0,1,0,0,0,0,1,0,0,1,0,0,1,0,0,0,0,1,0,0.568549
0,0,0,0,0,1,1,1,0,1,0,1,1,0,1,1,1,1,1,0,1,1,1,1,1,0,0,1,1,0,0,0,0.657580
0,1,0,0,1,0,1,0,1,1,0,1,0,1,1,1,1,1,1,0,1,0,0,1,1,0,1,1,0,0,1,1,0.622643
0,1,1,0,1,1,0,0,1,0,1,0,0,0,0,0,1,0,0,1,1,0,0,1,1,0,1,1,1,0,0,1,0.617241
0,0,0,0,1,0,1,1,1,1,0,1,0,1,0,0,1,0,1,1,0,1,1,1,1,1,0,1,1,0,0,1,0.642300
0,0,1,1,0,0,1,0,1,1,0,1,0,0,0,1,1,0,1,1,1,1,0,1,0,1,0,0,0,0,0,1,0.608938
1,1,0,0,1,0,0,0,1,0,0,0,0,0,1,1,1,1,0,0,0,0,1,0,0,1,1,0,1,0,1,0,0.673486
1,1,0,1,0,0,0,0,0,1,1,1,0,0,1,1,0,0,0,1,0,0,1,1,0,1,1,1,1,0,0,1,0.602436
1,1,0,0,0,1,1,0,0,1,1,0,0,1,0,0,1,0,0,0,1,0,1,1,0,1,1,0,0,1,0,0,0.819012
1,1,1,1,1,1,1,1,0,1,0,0,1,1,0,1,0,1,1,1,0,0,0,0,0,0,0,0,1,0,0,1,0.633622
0,1,0,0,0,0,1,0,1,0,0,1,1,0,0,1,1,0,0,0,0,0,1,1,1,0,1,1,1,0,1,1,0.630996
0,1,1,0,0,1,1,1,1,1,1,0,0,1,1,0,1,1,1,1,0,1,1,1,1,1,0,1,0,0,0,1,0.628995
0,1,0,1,1,0,0,1,1,1,0,1,0,1,1,1,0,1,1,0,0,0,0,1,1,0,1,1,0,1,0,0,0.644125
0,0,1,1,1,0,1,1,0,1,0,1,1,1,1,1,1,1,1,1,1,0,1,1,0,1,1,1,0,1,0,1,0.664908
1,1,0,1,0,0,1,1,1,0,1,0,1,0,1,0,0,1,0,0,0,0,1,1,1,0,0,1,0,0,1,0,0.722553
0,1,0,1,1,1,1,0,0,0,0,0,0,1,1,1,1,1,0,0,0,0,1,0,1,1,0,0,1,0,0,1,0.615716
0,1,1,1,0,0,0,0,1,0,0,0,0,1,0,1,0,0,0,1,0,1,0,1,1,1,0,1,1,0,0,1,0.601636
1,1,1,0,1,0,0,0,1,0,0,0,0,1,0,1,0,0,0,0,1,1,0,1,0,0,1,1,1,1,0,1,0.620292
1,0,0,1,1,0,1,1,0,0,0,1,0,0,1,0,1,1,1,0,1,0,1,0,1,0,0,1,0,1,1,0,0.732381
1,0,0,1,1,1,0,1,0,0,0,1,1,1,1,0,1,0,0,0,0,0,1,0,0,0,1,0,1,1,0,0,0.758340
1,1,1,0,1,0,1,0,0,1,1,0,1,0,0,0,0,0,0,0,0,1,1,0,0,0,0,0,1,1,1,0,0.741059
0,0,0,1,0,0,0,1,0,1,1,1,1,0,0,0,0,0,0,0,0,0,1,0,1,1,1,0,0,0,1,1,0.576152
1,0,0,1,1,1,0,1,1,1,1,1,0,1,1,1,1,1,1,0,1,1,0,1,0,1,1,0,1,1,0,0,0.736233
0,1,1,1,0,0,0,0,1,0,0,1,0,1,1,1,0,0,0,1,0,0,0,1,0,0,1,0,0,0,0,1,0.611039
1,1,0,0,0,1,0,1,0,1,1,0,0,0,1,0,0,0,0,0,1,1,1,1,0,0,0,1,1,1,0,1,0.628445
1,0,1,1,1,0,0,1,0,0,0,0,1,1,1,0,0,0,0,0,0,1,1,0,1,1,0,0,0,1,0,1,0.635072
0,1,0,1,0,1,0,0,0,0,0,1,1,1,0,1,0,0,1,1,1,1,1,1,0,1,0,1,0,1,1,1,0.626294
0,0,0,0,1,0,1,1,1,0,1,0,1,1,0,1,1,0,1,0,1,0,0,0,1,1,0,1,1,1,1,1,0.663357
1,1,0,1,0,0,1,0,0,0,1,1,1,1,0,0,0,0,1,0,1,0,1,0,1,0,0,1,1,0,1,1,0.628395
1,0,1,1,0,1,0,0,1,1,1,0,1,0,1,0,1,0,1,0,1,0,0,1,1,0,0,1,1,0,1,1,0.642225
0,0,0,0,1,0,1,1,1,1,1,1,1,0,0,1,0,1,0,0,1,1,1,1,0,1,1,1,0,1,0,1,0.570750
1,1,1,0,0,0,0,0,0,0,1,1,1,0,0,1,1,0,0,1,1,0,0,1,0,0,1,1,0,1,1,0,0.688766
0,1,1,0,1,1,1,0,0,1,1,0,1,0,1,0,1,1,0,0,1,0,1,1,1,1,1,1,1,1,1,0,0.675286
0,0,0,1,0,1,0,0,1,1,1,1,0,1,0,0,1,1,0,0,0,1,1,0,1,1,1,0,1,1,0,0,0.638198
0,0,1,1,1,0,0,1,0,0,0,0,1,1,0,1,0,1,1,0,1,1,0,1,1,1,1,1,1,1,0,1,0.640549
1,1,1,1,1,0,1,1,1,0,1,1,0,1,0,0,0,1,1,1,1,1,1,1,1,0,0,0,0,0,0,0,0.794178
0,1,1,1,0,0,1,0,1,0,1,0,1,1,1,1,1,0,0,1,0,0,0,0,1,0,0,1,0,1,1,0,0.623993
0,1,0,0,1,1,1,0,0,1,0,0,1,1,1,1,0,0,0,0,0,1,1,0,1,0,0,1,1,0,0,1,0.620992
1,0,1,0,1,0,1,1,1,0,1,1,0,1,1,1,0,1,0,0,0,0,0,1,0,0,0,0,0,1,1,1,0.622543
1,0,1,0,0,1,0,0,1,1,1,1,0,1,0,0,1,0,1,0,0,1,0,0,0,1,0,0,1,0,1,0,0.695443
1,1,0,1,0,1,0,1,1,1,1,1,0,0,1,0,1,1,0,1,1,1,1,1,1,1,0,1,1,0,0,0,0.930226
0,1,0,0,1,0,1,0,0,0,0,1,1,1,1,1,1,0,1,1,1,1,0,1,0,0,1,1,1,0,1,1,0.659031
1,1,1,0,0,0,0,0,0,1,1,0,0,0,1,0,0,0,1,1,1,1,1,1,0,1,1,1,0,0,0,0,0.772795
0,0,0,1,0,0,0,1,0,0,1,1,1,1,0,0,0,0,1,0,1,0,0,0,1,1,1,0,1,0,1,0,0.563347
0,0,0,1,0,1,1,0,1,1,0,0,0,1,0,1,1,1,0,0,0,1,1,0,1,1,0,1,0,0,0,0,0.605062
1,0,0,1,1,1,0,0,0,0,1,1,0,1,0,1,0,0,0,0,0,1,1,1,1,1,1,0,1,1,0,1,0.608713
1,0,0,1,1,0,0,1,1,0,0,1,1,1,1,1,0,1,1,0,0,1,1,0,1,1,1,1,0,0,1,1,0.611089
1,0,1,1,0,0,0,0,0,0,1,0,0,1,0,0,1,1,0,0,0,0,0,0,0,0,1,0,1,1,1,0,0.708848
1,1,1,1,0,0,0,0,1,1,1,1,1,1,0,0,0,1,0,0,1,0,0,0,0,0,0,0,0,0,1,0,0.729605
0,1,0,0,0,0,1,1,1,0,1,0,0,0,0,1,0,0,1,0,1,0,0,1,1,1,1,1,1,1,0,0,0.618767
0,0,1,1,0,1,0,1,0,0,0,0,1,0,1,0,0,0,0,1,1,1,0,0,1,0,1,0,0,1,1,0,0.569174
1,1,0,0,1,0,1,1,0,1,1,0,1,1,0,1,0,0,1,1,1,1,0,0,1,1,1,0,1,0,1,0,0.703996
1,1,0,1,0,0,0,1,1,0,1,1,1,1,1,1,0,0,1,1,0,1,0,1,0,0,0,1,0,1,1,0,0.684590
0,0,1,0,0,1,0,1,1,0,0,0,1,1,0,1,1,1,0,1,1,1,0,1,1,0,0,0,1,1,1,0,0.633797
1,1,1,1,0,0,0,1,1,0,0,1,1,0,0,0,1,1,1,1,1,1,1,1,0,1,1,0,0,1,1,0,0.769769
0,1,1,0,0,1,1,1,1,0,1,0,1,1,0,0,1,1,1,0,0,0,0,0,0,1,0,1,0,0,1,1,0.619317
0,1,0,1,1,1,0,1,1,0,0,0,1,1,0,1,1,0,1,1,1,0,1,1,1,1,1,1,1,0,1,1,0.649827
1,1,0,0,1,1,1,0,1,0,0,0,0,1,0,1,1,0,0,1,1,1,1,1,1,1,0,0,0,1,0,0,0.769394
1,1,0,1,0,1,0,0,1,0,1,0,1,1,1,0,0,0,1,0,1,0,1,1,0,0,0,0,0,0,1,0,0.686015
0,1,1,0,1,1,0,1,0,0,0,0,0,1,0,0,0,0,1,1,1,1,0,1,0,1,1,1,0,0,0,0,0.614565
1,0,1,1,0,0,0,0,1,1,0,0,1,1,0,1,1,0,1,1,0,0,0,0,0,1,1,0,0,0,1,0,0.682214
1,1,0,0,0,1,1,1,1,1,1,1,1,1,0,0,0,0,1,1,0,0,1,0,1,0,1,0,0,0,1,1,0.619667
1,1,0,1,0,1,0,1,0,0,0,1,1,1,1,0,0,0,1,1,0,0,1,1,0,1,1,0,1,0,1,1,0.625669
1,0,0,1,1,1,1,1,0,0,1,0,1,1,0,1,0,0,0,1,0,0,1,1,0,0,1,0,0,0,0,0,0.664182
0,1,0,0,0,0,0,0,0,1,0,1,0,0,1,0,1,1,0,1,1,0,1,0,1,1,1,1,1,0,0,1,0.589356
0,1,1,1,0,1,0,0,0,0,1,0,1,0,0,0,0,0,1,0,0,1,0,0,0,0,0,1,1,1,1,0,0.558696
1,1,0,0,1,0,1,0,0,0,0,1,0,1,1,0,0,0,0,0,0,1,1,1,0,0,1,0,1,0,1,0,0.696219
1,0,0,0,0,0,0,1,0,1,0,0,0,1,1,0,0,0,1,0,1,0,0,1,1,1,1,0,1,1,0,1,0.665808
0,1,1,0,0,0,0,0,1,0,0,1,0,1,1,1,0,1,0,0,0,1,0,1,1,1,1,1,1,1,0,1,0.626244
0,0,0,0,0,1,1,0,1,0,1,1,1,1,1,0,1,0,1,1,0,1,1,0,0,1,0,0,1,0,1,1,0.637148
1,0,0,0,1,0,0,0,0,0,0,0,0,0,0,0,1,1,1,0,1,0,1,0,1,0,1,1,0,0,1,1,0.615816
1,1,0,0,0,0,1,0,0,0,0,1,1,1,0,1,1,1,0,0,0,1,1,0,0,1,0,1,1,1,1,0,0.673386
1,0,1,0,0,1,0,0,1,1,1,1,1,0,0,1,0,1,0,0,1,0,0,1,0,0,1,1,0,0,1,0,0.656105
1,1,1,1,0,1,1,0,1,0,1,1,1,1,1,1,1,1,0,0,1,0,0,0,1,1,0,1,1,1,0,0,0.822338
0,0,1,0,1,1,0,1,1,1,1,1,0,1,0,1,0,0,1,1,1,1,1,1,0,1,0,1,0,0,1,0,0.566823
0,0,1,1,0,1,0,1,0,0,1,1,1,0,1,0,1,0,0,0,1,1,0,1,1,0,1,1,0,0,1,0,0.627320
1,1,0,0,1,1,1,1,0,0,0,1,0,1,0,1,1,1,1,0,0,1,1,1,0,1,0,1,1,0,0,0,0.739984
1,1,0,0,0,0,1,1,0,1,1,0,1,1,1,1,1,0,1,0,1,0,0,0,1,0,1,0,0,0,0,1,0.628795
1,0,0,1,0,1,1,1,0,0,0,0,1,0,1,0,1,0,0,1,0,1,1,1,1,1,1,1,0,1,0,0,0.776847
0,1,1,1,1,1,1,0,1,0,1,0,1,0,0,0,0,0,0,0,1,0,0,0,0,0,0,0,0,0,0,0,0.553094
1,0,0,0,1,0,0,0,1,0,1,0,0,1,0,0,0,1,0,1,1,1,0,0,1,1,1,1,1,1,0,0,0.719152
0,0,1,0,0,0,0,1,1,0,1,0,0,1,0,1,0,1,1,1,1,1,0,0,1,0,0,1,0,0,1,1,0.622943
0,1,1,1,0,1,1,0,0,0,0,1,1,0,0,1,0,0,0,1,1,0,1,0,1,0,0,0,0,1,0,1,0.611639
0,1,0,1,1,1,1,1,0,1,1,1,1,0,1,0,1,0,1,1,0,0,1,1,0,0,1,0,0,1,1,1,0.652428
0,1,0,0,0,1,1,1,1,0,0,0,1,0,1,0,0,1,1,0,0,0,0,1,0,1,0,0,1,1,1,0,0.630996
0,1,0,0,1,1,1,0,0,1,0,0,0,1,1,0,1,1,1,0,0,1,1,0,0,0,0,1,0,1,0,0,0.623743
1,0,1,0,1,1,0,1,1,0,0,0,0,0,0,0,0,1,1,0,0,1,0,1,1,0,1,1,0,1,1,0,0.696569
1,0,0,0,1,0,0,1,0,1,0,0,0,0,0,0,0,0,1,0,1,1,1,0,0,0,0,1,0,0,0,0,0.715400
0,1,1,1,1,1,1,1,0,0,1,1,0,1,0,0,0,1,1,1,1,1,0,0,1,0,0,1,0,1,1,1,0.622168
0,1,1,1,1,1,0,1,1,1,0,1,1,0,1,0,1,1,1,0,0,1,0,1,0,1,0,1,1,0,1,0,0.679388
0,1,0,1,0,1,0,1,0,0,1,1,1,0,0,0,1,1,1,1,1,0,1,0,1,0,1,0,0,1,1,1,0.620667
0,0,1,0,0,0,0,1,1,1,0,0,1,1,0,1,1,0,0,1,1,1,0,1,1,0,0,0,0,0,0,1,0.616916
0,1,1,1,1,0,0,1,1,0,0,1,1,0,1,1,0,1,0,1,0,1,0,1,1,1,0,0,0,0,1,0,0.652803
0,0,1,0,1,1,0,1,1,0,0,0,0,0,1,1,0,1,0,0,0,0,1,1,0,1,0,1,1,0,1,1,0.566323
0,0,0,1,0,0,0,1,0,1,1,1,0,1,1,1,0,0,0,0,1,0,1,1,0,1,1,0,1,1,0,0,0.616766
1,0,1,1,0,0,0,0,0,0,0,0,1,0,1,0,1,0,1,1,1,1,1,0,0,1,1,0,0,1,1,1,0.612339
1,1,1,1,1,1,0,0,1,1,1,0,0,0,1,1,1,0,0,1,1,1,1,0,0,0,1,1,0,1,0,0,0.812134
0,0,1,1,1,1,0,1,1,0,1,1,1,1,1,1,0,1,1,0,1,0,0,1,0,1,0,0,0,1,0,0,0.598209
0,1,0,1,0,1,0,0,1,0,1,1,1,1,1,0,1,1,0,0,1,1,1,1,0,0,0,0,1,1,0,1,0.655554
0,1,1,0,1,0,1,0,0,0,0,0,1,1,1,1,0,1,1,0,1,1,1,1,1,0,0,1,1,1,1,0,0.650503
1,0,1,0,1,0,1,1,1,0,1,0,1,1,0,1,1,0,0,1,1,0,0,0,1,1,0,0,0,0,1,1,0.629495
0,1,0,0,1,1,0,0,0,0,0,0,0,1,1,1,1,0,1,0,1,1,0,1,1,0,1,1,0,0,0,1,0.604837
1,1,1,1,0,0,1,1,1,0,0,1,1,1,0,1,1,1,1,1,0,1,0,1,1,1,1,0,0,1,0,1,0.614815
0,0,0,1,1,0,0,0,1,1,1,0,1,1,0,0,1,1,1,0,0,0,0,1,1,1,1,0,1,0,0,0,0.647126
0,1,0,0,1,0,0,1,0,1,1,1,0,1,0,0,0,0,1,1,0,1,0,1,1,1,1,0,1,0,0,0,0.650278
0,1,1,0,0,0,0,0,0,0,0,1,1,1,1,1,0,1,0,0,0,1,0,0,1,1,0,1,0,0,1,0,0.587781
1,1,0,0,1,0,1,0,0,1,1,0,1,0,0,1,0,1,0,0,1,0,1,1,0,1,0,1,1,0,1,1,0.603461
1,0,0,1,1,1,1,1,0,1,0,0,1,0,1,1,1,0,0,1,1,0,1,1,1,0,0,1,1,1,1,1,0.610489
1,1,0,1,1,0,1,1,0,0,1,0,0,1,1,1,1,1,0,1,1,0,0,1,1,0,1,1,1,0,0,1,0.640324
0,0,0,1,1,1,0,1,1,0,1,0,0,1,1,0,1,0,1,0,0,1,1,1,0,0,1,1,0,1,1,1,0.633922
0,0,0,0,1,1,1,1,1,1,0,1,1,0,1,1,1,1,1,1,1,1,1,0,0,1,0,1,0,1,0,0,0.661432
1,1,1,0,1,1,0,0,0,1,0,0,0,0,0,0,0,1,0,0,0,0,1,0,0,0,1,0,1,0,1,0,0.740884
0,0,0,1,0,1,0,1,0,0,1,1,0,1,1,1,0,1,1,0,1,0,1,1,0,1,0,0,0,1,0,0,0.576727
0,0,0,0,1,0,0,0,0,1,0,1,1,0,0,1,0,1,0,0,1,0,0,0,0,1,0,0,1,0,0,0,0.488496
0,0,0,1,1,1,1,0,0,0,1,0,1,1,1,1,1,1,1,1,0,0,0,0,1,0,0,0,1,0,0,0,0.618366
0,0,1,1,0,0,1,1,0,0,0,1,0,1,0,0,1,0,1,0,1,0,1,1,1,0,0,0,0,1,0,0,0.593883
0,0,1,1,0,0,1,1,0,1,1,1,1,1,0,0,1,0,1,0,0,0,0,1,1,1,1,0,1,1,0,0,0.661206
0,0,0,1,1,0,0,1,1,0,1,0,0,1,1,1,1,1,1,0,0,0,1,1,0,1,0,0,0,0,0,1,0.631821
1,1,0,0,0,0,1,1,1,1,0,0,1,0,0,1,0,1,1,1,0,1,1,0,0,0,1,1,0,0,1,0,0.655229
0,0,0,1,1,0,0,1,0,0,0,1,1,1,1,1,1,1,1,0,1,0,1,0,0,0,1,0,1,1,0,0,0.627770
0,1,0,0,0,0,1,0,1,1,1,1,1,0,1,1,1,0,0,0,1,0,0,1,1,0,0,0,1,1,1,0,0.603586
1,1,0,1,1,0,0,1,0,1,1,1,1,0,1,1,1,1,0,1,0,1,0,0,0,0,1,1,0,1,1,0,0.717526
0,0,1,1,1,0,1,1,0,1,1,0,0,1,1,1,0,1,0,0,0,1,0,1,1,1,0,0,1,1,0,1,0.661106
1,0,1,0,1,0,1,0,1,1,0,0,0,0,0,0,1,1,0,1,0,1,0,1,1,0,1,0,0,1,0,0,0.765968
0,1,1,1,1,0,1,1,0,0,0,0,0,1,1,1,1,1,1,1,0,1,0,1,0,0,0,0,0,0,1,0,0.656830
1,1,1,0,0,0,1,1,1,1,1,0,0,0,1,1,1,0,1,1,1,0,1,0,1,1,0,0,0,0,0,1,0.622043
1,1,0,1,0,0,1,0,1,1,1,1,0,1,1,1,1,0,0,0,1,0,0,1,1,1,1,1,1,1,1,0,0.786150
1,1,0,0,1,0,1,1,0,1,1,0,1,1,0,0,0,1,1,0,1,1,1,1,1,0,1,0,0,0,1,0,0.722903
0,1,0,1,0,1,1,0,1,0,1,0,1,1,1,1,1,0,1,0,0,1,0,1,0,0,0,0,1,1,1,1,0.601761
1,1,0,1,1,1,0,0,1,1,1,0,1,0,0,1,0,0,1,0,1,1,1,1,1,0,1,0,0,1,0,0,0.740884
0,0,0,1,1,0,0,0,1,0,0,1,1,0,0,0,1,0,0,1,0,0,1,1,1,1,1,1,0,1,1,1,0.604136
1,0,1,1,0,0,1,0,0,0,1,1,1,1,0,0,1,1,1,1,0,0,1,0,1,1,0,1,1,0,0,0,0.834842
1,0,0,0,0,1,0,1,0,0,0,1,1,1,0,0,1,0,0,1,0,1,1,1,1,0,0,0,1,1,1,1,0.643475
1,1,0,1,0,1,0,0,0,0,0,1,0,0,1,1,1,0,1,0,0,1,0,1,1,0,1,1,0,1,0,1,0.630871
1,1,1,1,1,0,0,0,0,0,0,1,0,0,1,1,1,1,0,1,1,0,0,1,0,0,0,0,0,0,1,1,0.626544
0,0,0,1,1,0,0,1,1,1,1,0,1,1,0,1,0,0,0,0,1,0,1,1,0,1,1,1,0,0,0,1,0.593583
0,1,0,1,1,0,0,1,1,0,1,0,1,1,0,1,1,1,1,1,1,1,0,0,1,1,1,1,0,0,0,1,0.614340
0,0,0,0,0,0,0,0,1,0,1,1,0,0,1,1,0,1,0,0,0,0,0,1,0,0,0,0,0,0,1,0,0.528335
0,1,1,1,1,1,0,0,0,0,1,0,1,0,0,1,0,1,1,0,0,0,1,1,0,0,1,0,0,0,1,1,0.615916
1,1,0,0,1,1,1,0,1,0,1,1,1,0,0,1,0,1,1,0,0,1,0,1,0,1,0,1,1,0,1,0,0.683164
1,1,0,0,0,1,0,0,1,1,0,1,1,0,0,1,0,1,0,0,0,1,0,1,1,0,0,0,0,0,1,0,0.660356
1,1,1,0,0,1,1,1,1,0,0,0,0,0,0,0,1,0,1,0,1,1,0,1,1,1,0,1,1,0,0,0,0.878683
1,0,1,1,1,1,0,0,0,0,1,0,1,0,0,0,0,0,0,0,0,1,1,0,1,1,1,1,0,0,1,0,0.704021
0,0,0,1,0,1,0,1,1,1,1,1,1,0,1,1,0,1,0,0,1,1,1,0,1,0,1,1,0,1,1,0,0.664583
0,0,0,0,0,0,1,0,0,1,1,0,1,0,0,0,0,1,0,0,0,0,1,1,0,0,1,1,1,1,1,0,0.534512
1,0,1,1,0,0,1,0,1,1,1,1,0,0,0,1,1,1,1,1,1,0,1,1,0,1,1,0,0,1,0,1,0.617866
1,0,1,0,1,1,0,1,1,0,0,1,0,1,0,0,1,1,0,1,1,1,0,0,1,0,0,0,1,1,1,1,0.645301
0,0,0,0,0,0,0,0,1,0,1,0,1,1,0,1,1,0,0,1,0,0,0,0,0,0,1,0,1,1,1,0,0.566973
0,1,1,1,0,0,0,0,0,0,1,0,0,0,0,0,1,0,0,0,1,0,0,0,0,0,0,1,1,1,1,1,0.603186
1,1,1,0,0,1,0,0,0,1,1,0,1,0,1,0,0,0,1,1,0,0,0,1,0,0,0,1,1,1,0,1,0.635823
0,1,0,1,0,1,1,1,1,1,0,0,0,0,0,1,1,0,0,1,0,0,1,1,1,0,1,0,0,0,0,0,0.610889
1,0,0,0,0,0,0,1,1,1,0,1,0,0,1,1,1,0,1,1,1,0,1,1,0,1,0,0,0,1,0,1,0.629570
1,0,1,0,1,0,0,1,1,0,0,1,0,1,1,1,1,1,0,1,1,0,1,1,1,0,1,0,0,0,1,0,0.685790
0,1,1,0,0,1,0,0,0,0,1,0,0,1,0,1,0,1,1,0,0,0,0,1,1,1,0,1,1,0,1,1,0.629720
1,1,0,0,0,0,0,1,0,1,1,0,1,0,0,1,0,1,1,0,1,0,0,1,1,1,0,1,0,0,0,1,0.626444
0,0,1,1,1,0,1,1,1,1,1,1,1,1,1,0,0,0,0,0,1,1,1,0,1,1,0,1,0,0,1,0,0.664383
1,1,0,0,1,0,0,1,1,0,0,1,0,0,1,0,1,1,0,0,1,1,1,1,1,0,1,1,1,1,1,1,0.616566
0,0,0,0,0,1,0,1,1,1,0,0,0,0,0,1,1,1,0,0,0,0,1,1,0,0,1,0,1,1,0,1,0.628495
0,1,0,1,1,1,1,1,1,0,0,1,0,1,0,0,1,0,1,1,1,0,1,0,0,1,0,0,0,1,0,1,0.618692
1,0,1,1,0,0,1,1,1,0,0,1,1,0,1,1,1,1,0,1,0,0,1,1,0,1,1,1,1,0,1,1,0.617891
1,1,0,1,0,1,0,1,1,0,0,0,0,0,0,1,1,0,1,0,1,0,1,0,1,0,1,0,1,0,0,0,0.801155
0,1,1,1,1,0,1,1,0,1,0,0,1,0,1,1,1,0,0,0,0,0,1,1,0,0,1,0,1,0,1,1,0.612089
1,0,1,0,0,0,0,1,1,0,0,0,1,1,1,0,1,0,0,0,0,1,1,1,1,0,1,1,1,1,1,0,0.720752
0,0,1,0,0,1,0,1,0,0,0,0,1,0,0,1,1,1,1,1,1,0,0,1,0,1,0,0,1,1,1,1,0.599985
1,0,0,0,1,1,0,0,0,0,0,1,1,1,1,1,1,1,0,0,0,0,1,0,1,1,1,1,0,0,0,1,0.617766
0,0,1,1,1,1,1,1,0,1,0,1,1,0,1,0,1,1,0,0,1,1,1,0,1,0,1,0,1,0,1,0,0.655755
1,0,0,1,1,0,0,0,1,0,1,1,1,0,1,0,0,1,1,1,1,1,0,0,0,1,1,1,1,0,1,0,0.686090
0,0,1,0,0,0,0,0,0,0,0,0,0,0,0,1,1,0,0,1,0,0,1,1,0,0,1,0,1,1,0,0,0.542490
0,0,0,0,1,1,0,0,0,1,1,1,0,1,1,0,0,1,0,1,1,0,1,0,1,1,1,0,1,1,1,1,0.598835
0,0,1,0,0,1,1,1,1,0,0,1,0,0,1,1,1,1,0,1,0,0,1,1,0,0,0,0,0,1,1,1,0.620417
1,1,0,1,1,1,0,1,1,1,1,0,0,1,1,1,0,1,0,0,0,0,1,0,0,0,0,1,1,0,1,0,0.708223
0,0,1,1,1,1,0,0,1,0,1,0,1,0,0,1,1,1,0,0,1,1,1,0,0,1,0,1,1,1,1,1,0.637898
0,1,0,1,0,0,0,0,1,0,1,1,1,1,1,0,0,1,1,0,1,0,1,0,1,0,1,0,0,0,0,0,0.615415
1,0,0,1,0,1,1,1,1,0,0,0,0,0,1,1,1,0,1,0,1,0,0,1,1,1,0,0,0,0,1,1,0.636973
1,0,0,1,0,1,0,1,1,1,0,1,1,0,0,0,1,0,0,0,0,0,0,1,0,0,0,0,1,1,1,1,0.664358
1,1,0,1,1,0,0,0,1,1,0,0,1,1,0,0,0,1,1,1,1,1,1,1,0,1,1,0,1,1,0,1,0.623043
1,1,1,1,0,1,0,1,0,1,1,0,1,1,0,1,1,0,0,1,0,0,0,0,0,0,1,1,0,0,0,1,0.628670
1,1,1,0,1,0,0,0,1,0,0,0,1,1,0,1,1,0,1,1,0,0,0,0,0,0,0,1,1,1,0,0,0.757090
0,1,1,1,1,0,0,0,0,0,1,1,0,1,0,0,0,1,0,0,1,0,0,1,1,1,1,0,0,0,0,0,0.625769
0,1,1,1,1,1,0,1,1,0,1,0,1,0,0,0,0,1,0,1,0,0,1,0,0,1,0,0,1,1,1,0,0.641099
0,1,0,0,1,0,0,1,1,1,0,1,0,0,1,0,0,1,0,0,1,1,0,0,0,1,1,1,1,1,1,1,0.636698
0,0,1,0,0,1,1,0,0,1,1,1,1,1,1,1,1,1,0,0,1,1,1,0,0,0,1,0,0,0,0,1,0.643775
0,0,0,0,1,0,0,1,0,0,0,0,0,1,0,1,1,1,1,0,1,0,1,0,0,0,0,1,0,0,1,1,0.592407
0,1,0,0,0,0,0,1,1,1,0,0,0,1,1,0,1,0,0,1,1,0,1,1,0,1,1,0,1,0,1,1,0.672710
0,0,0,0,0,0,1,1,1,0,0,1,0,0,1,0,0,0,0,1,1,0,0,1,1,1,1,1,1,0,1,1,0.669834
1,0,1,0,1,1,0,1,1,0,0,1,1,1,0,1,1,1,1,1,0,1,0,0,0,0,1,1,0,0,0,0,0.715150
0,0,1,0,0,1,0,0,0,1,0,1,0,1,1,1,1,1,1,0,1,1,1,0,1,1,0,1,0,0,1,1,0.633347
0,0,1,1,1,1,1,1,0,0,0,1,1,0,0,1,1,1,0,0,1,0,1,1,1,0,0,1,1,1,1,0,0.660006
1,0,0,1,1,1,0,1,1,1,1,0,1,0,0,1,0,1,1,1,0,1,1,0,1,0,1,1,0,0,1,0,0.689116
0,0,0,0,1,1,0,0,0,0,1,1,1,1,1,1,1,0,1,1,1,0,1,1,1,1,1,1,0,1,0,0,0.627620
0,1,0,0,1,1,1,0,0,0,1,0,0,1,1,1,0,1,0,1,0,1,0,0,0,1,0,0,0,0,1,0,0.570600
1,0,0,1,0,0,0,1,0,1,0,0,0,0,0,0,0,1,0,1,0,1,0,0,1,1,1,0,1,1,0,0,0.797879
0,0,1,0,0,1,1,0,1,0,1,0,1,1,1,0,0,1,0,1,0,1,0,1,1,1,0,1,0,0,1,1,0.627745
1,0,0,1,0,0,1,0,0,0,1,0,0,1,1,0,0,0,0,0,0,0,0,1,1,1,1,1,1,0,0,0,0.720152
0,0,0,1,1,1,0,0,1,1,0,1,1,1,0,0,1,1,0,0,0,0,1,0,1,1,0,1,1,1,1,1,0.641675
1,1,0,0,0,0,1,0,0,1,0,0,1,1,1,0,1,0,0,1,1,1,0,0,1,0,1,1,1,0,0,0,0.775772
1,0,1,1,0,0,1,1,1,0,1,1,1,1,1,1,1,1,1,1,1,1,1,0,0,0,1,1,0,0,0,0,0.731656
0,0,0,1,1,0,0,1,1,0,0,0,1,0,1,1,1,0,0,0,0,1,0,0,0,1,1,1,1,0,1,1,0.632446
0,0,1,0,1,0,1,1,0,0,0,0,1,0,1,1,1,0,0,1,0,0,0,0,1,1,1,0,1,1,1,0,0.672936
1,0,0,0,1,0,0,1,0,0,1,0,0,0,1,0,1,0,1,1,0,1,1,0,0,0,0,0,1,1,0,1,0.651753
1,0,1,1,1,0,1,0,0,0,0,1,1,1,0,1,0,1,0,0,0,1,0,1,1,1,1,1,1,1,1,1,0.615265
0,0,0,1,1,0,0,0,0,0,1,0,1,0,0,1,0,1,0,1,0,1,1,1,1,1,1,1,0,0,1,0,0.552843
0,1,1,0,1,1,1,1,0,1,0,0,1,1,1,1,0,0,0,1,1,0,1,1,0,0,1,1,0,0,1,1,0.672060
1,1,1,0,1,0,0,0,0,0,1,1,1,0,0,0,1,0,0,0,1,0,1,1,0,1,0,0,1,0,0,0,0.778748
1,0,0,0,1,0,0,0,1,0,1,0,1,1,1,0,0,0,0,0,0,0,0,1,0,0,0,0,0,0,0,0,0.762042
1,1,0,0,0,0,0,1,0,1,0,0,0,1,0,1,0,0,0,0,1,1,1,1,1,1,1,1,0,0,1,0,0.662682
0,1,0,0,0,0,0,1,1,0,0,0,1,1,1,0,0,1,1,0,0,0,1,0,1,0,0,1,0,1,1,0,0.583554
1,0,1,1,0,1,0,0,0,1,0,1,0,1,1,1,1,1,1,1,0,1,0,1,0,1,1,1,0,0,0,0,0.695193
0,0,0,0,1,0,0,1,1,0,1,0,1,0,1,0,1,1,1,1,0,1,0,0,1,1,1,1,1,1,0,1,0.631021
0,0,1,1,1,0,1,0,1,0,1,1,1,0,0,0,0,1,0,0,1,0,1,0,0,0,0,0,0,0,0,1,0.565048
1,1,1,1,1,1,0,1,1,1,0,1,0,1,0,0,1,1,1,0,1,0,0,1,1,1,0,1,1,0,1,1,0.666058
0,0,0,1,0,0,0,0,1,1,1,0,1,1,1,1,0,0,0,0,1,0,0,1,0,0,1,0,1,0,1,1,0.578552
0,1,1,1,1,1,1,1,1,0,1,0,0,1,1,1,0,1,1,1,1,1,0,0,0,0,0,1,1,1,0,1,0.635723
0,1,0,1,1,1,0,0,1,0,0,0,1,0,0,1,0,1,0,0,1,1,0,1,1,1,0,0,0,0,0,1,0.603686
1,0,0,1,0,1,0,1,0,0,0,1,0,0,0,0,0,1,0,1,0,1,1,0,1,0,0,1,0,1,1,0,0.697094
1,1,0,1,0,0,0,1,1,1,1,0,1,1,0,0,1,1,1,0,0,0,1,1,1,1,1,0,1,1,1,0,0.828990
1,0,0,1,0,0,1,0,1,0,1,0,1,1,0,0,0,0,0,1,0,0,1,1,1,0,0,1,0,0,1,0,0.673086
1,1,0,0,0,1,0,1,1,0,1,0,1,0,1,0,1,0,0,1,1,1,1,1,0,0,1,0,0,1,0,1,0.622868
1,0,0,0,1,1,0,0,0,0,0,0,1,0,1,0,0,0,0,0,0,1,1,0,0,0,0,1,1,0,0,0,0.715901
1,1,0,1,1,0,0,1,1,0,0,1,1,1,0,0,0,1,1,1,1,1,1,0,0,0,0,0,1,0,1,0,0.756165
0,0,0,0,1,1,1,1,1,0,1,0,1,0,1,1,1,1,1,1,1,0,0,0,1,0,1,0,0,1,1,0,0.637173
1,0,1,0,1,1,1,1,1,1,1,0,1,0,0,1,1,1,1,1,0,0,0,0,1,1,0,0,1,0,1,0,0.745811
1,0,0,0,0,1,0,0,0,0,1,1,1,0,1,1,0,1,1,1,0,1,0,1,0,1,1,0,1,1,1,1,0.643350
1,1,0,1,1,1,0,1,0,0,1,1,0,1,1,1,0,1,0,0,0,1,0,1,1,0,1,0,0,0,0,0,0.711024
1,1,1,0,1,1,1,0,0,1,1,1,1,1,0,0,0,1,0,1,1,0,1,1,0,1,0,0,1,1,1,1,0.618141
1,1,0,1,1,1,0,0,0,1,0,1,1,1,0,1,1,0,0,1,1,1,1,1,1,0,1,0,1,0,1,1,0.602836
1,0,1,1,0,1,1,1,0,1,0,0,0,0,1,0,1,1,0,1,0,0,0,1,1,0,1,0,1,1,1,1,0.649252
1,1,1,1,1,1,0,0,1,0,1,1,0,1,1,1,0,0,1,1,1,0,0,0,0,1,0,0,0,1,0,1,0.617366
1,0,0,1,0,0,0,0,0,1,0,1,0,0,0,1,1,1,0,1,0,0,0,0,0,1,0,0,1,1,0,1,0.650778
1,0,0,1,1,0,0,0,0,0,1,1,0,0,1,0,0,1,0,0,0,1,1,1,0,1,0,0,1,1,0,1,0.630846
1,1,0,1,1,0,1,0,0,0,0,1,1,0,1,1,0,1,0,1,1,1,1,1,1,0,1,0,1,0,1,0,0.712699
0,0,0,0,0,0,0,1,0,0,1,0,1,0,1,0,1,1,1,0,1,1,1,0,1,0,1,1,0,1,0,0,0.577477
1,0,0,0,0,0,0,1,0,0,0,1,0,0,1,0,1,0,0,0,0,0,0,0,0,0,1,1,1,1,1,0,0.688966
1,0,0,1,0,0,0,1,0,1,1,1,0,0,1,0,0,0,1,0,1,0,1,1,0,1,0,0,1,1,0,0,0.696269
1,0,1,0,1,1,0,1,0,1,0,0,1,0,0,1,0,1,0,1,0,0,0,0,0,1,0,1,0,0,0,0,0.667509
1,0,1,1,1,0,1,0,0,1,0,1,0,0,1,1,1,0,0,0,1,1,1,1,0,1,1,0,1,0,0,0,0.696769
1,1,0,0,0,1,0,1,1,1,1,1,0,1,0,0,0,0,0,0,1,0,1,0,1,0,1,1,1,0,0,1,0.640174
0,0,1,1,0,0,1,0,0,0,0,1,0,0,1,1,1,1,1,0,1,1,0,0,0,0,1,0,0,1,1,0,0.562997
1,0,0,0,0,1,0,1,0,0,0,0,1,0,0,1,1,1,0,0,0,0,0,0,0,1,1,0,1,1,0,1,0.653679
0,0,1,0,0,1,0,1,0,0,1,0,1,0,0,0,0,0,0,1,0,1,0,0,1,1,1,0,1,1,0,1,0.608288
0,0,1,0,1,0,0,1,0,0,1,1,1,1,0,0,1,0,0,0,1,1,1,0,0,0,1,0,1,1,0,1,0.648377
0,1,0,0,0,1,0,0,0,1,1,1,0,1,1,1,1,0,0,1,1,1,0,0,1,1,0,1,1,0,1,1,0.635422
1,1,1,0,0,1,1,1,0,0,1,0,1,0,0,0,0,1,0,1,1,1,1,1,1,0,1,1,1,0,1,0,0.736133
0,1,1,0,1,1,0,0,0,0,1,0,1,0,0,1,1,0,0,0,1,0,0,0,0,0,0,0,0,0,1,1,0.616241
0,1,0,1,0,0,0,0,1,1,1,1,0,1,0,0,0,1,0,0,1,1,0,1,0,0,0,1,0,0,1,0,0.548767
0,0,1,0,0,0,1,1,0,1,0,1,1,0,1,1,0,1,0,0,1,1,1,0,0,0,1,0,1,0,1,0,0.592507
1,0,0,0,0,0,0,0,0,1,1,1,0,1,0,0,1,1,0,1,1,0,0,0,1,0,0,0,0,0,0,0,0.763967
1,1,1,0,0,0,1,1,1,1,1,0,0,1,0,0,1,1,0,1,0,1,1,0,0,1,1,0,1,0,1,0,0.780023
0,0,0,0,1,0,0,1,1,1,0,0,1,0,0,1,1,0,1,0,1,0,1,1,0,0,0,0,0,0,0,0,0.593433
1,0,0,0,0,1,0,1,1,1,1,1,0,0,0,0,0,0,1,1,1,0,0,1,0,0,0,1,0,1,0,0,0.708548
1,1,1,0,1,1,1,0,1,1,1,1,0,1,1,0,1,0,1,0,0,1,1,1,0,1,0,1,1,1,1,1,0.625419
0,1,0,0,0,1,0,0,1,1,0,1,0,1,1,1,1,1,1,1,1,0,1,1,1,0,0,0,0,1,1,0,0.646676
0,1,0,0,0,1,0,0,0,0,1,0,1,0,0,0,1,0,0,0,0,1,1,1,1,1,0,0,1,0,1,1,0.618592
0,0,1,0,0,1,0,1,1,1,0,1,1,1,1,0,0,0,1,0,1,0,0,0,1,0,0,1,0,0,0,0,0.603886
0,1,1,0,0,0,0,1,1,0,1,1,0,0,0,0,1,1,0,1,0,0,1,1,0,0,1,1,0,0,0,1,0.603786
1,1,1,1,0,0,1,1,0,1,1,0,1,1,0,0,1,1,0,0,1,0,1,1,1,1,0,1,1,0,0,0,0.938629
1,1,1,0,1,0,1,0,0,0,0,0,0,0,0,1,0,1,0,0,1,0,0,1,1,1,1,1,1,1,0,1,0.644351
0,1,0,0,0,1,0,0,1,0,0,1,0,0,1,1,0,1,1,1,0,1,0,1,0,1,1,1,1,0,1,0,0.614590
0,1,1,1,1,1,1,0,1,1,1,0,0,0,1,0,1,1,1,0,1,0,1,1,0,0,1,0,1,0,1,1,0.634922
0,1,0,0,0,0,1,1,0,1,1,1,1,0,1,0,0,0,1,0,1,0,0,0,0,1,0,1,1,0,1,1,0.645001
0,1,1,1,1,1,0,0,0,1,1,1,1,0,1,1,0,1,0,0,0,0,1,0,0,1,0,1,0,1,0,1,0.593983
0,0,0,0,0,0,1,0,0,1,1,1,0,0,0,0,1,1,1,0,1,0,1,0,0,0,1,0,1,0,1,0,0.608463
0,1,1,0,1,0,0,0,1,0,0,0,0,1,1,1,1,0,1,1,0,1,0,0,1,0,1,0,1,0,0,0,0.626494
1,1,0,1,0,0,1,0,1,1,1,0,0,0,0,0,1,0,1,0,1,0,0,0,0,0,0,0,1,0,1,1,0.655079
0,0,1,1,1,1,0,0,0,0,0,0,1,1,0,0,1,0,0,1,1,1,1,0,0,0,1,1,1,1,0,1,0.590657
0,0,1,0,0,1,0,0,0,1,0,0,0,0,0,0,1,1,1,1,0,1,1,0,0,0,0,0,0,1,1,1,0.608863
1,0,1,0,0,1,1,1,0,0,0,0,1,0,0,1,0,1,1,0,0,1,0,0,1,1,1,1,0,1,0,1,0.619517
0,1,0,1,1,1,0,0,1,1,0,1,1,1,1,1,1,1,1,1,1,1,0,0,0,0,0,1,0,0,0,0,0.656230
0,1,1,1,1,1,1,0,1,0,0,0,0,0,0,1,0,0,1,0,1,1,0,1,1,1,0,1,0,1,0,1,0.605962
1,0,1,0,1,0,0,0,0,1,1,1,0,1,0,1,0,0,0,0,0,0,1,1,1,1,0,1,0,1,0,1,0.603936
1,0,1,0,0,0,0,0,1,0,1,0,0,1,0,0,1,0,1,1,1,1,0,0,1,1,0,0,0,1,1,0,0.700220
1,1,0,0,1,0,1,1,0,1,1,1,0,0,0,0,0,1,1,0,1,0,1,1,0,0,1,0,1,0,0,0,0.746686
0,1,1,0,1,0,1,1,0,0,0,0,0,0,1,1,1,0,0,0,0,1,0,0,0,1,1,1,0,0,0,1,0.609513
0,1,1,0,1,1,0,0,1,0,0,0,1,0,1,1,0,0,0,0,1,1,0,1,0,0,1,0,1,0,1,0,0.607763
0,0,0,1,0,0,0,0,1,0,1,0,1,1,1,1,0,0,0,0,0,0,1,0,0,0,1,0,1,1,1,0,0.573826
1,0,1,1,1,1,1,0,0,0,1,0,0,1,1,0,1,1,0,0,0,1,0,1,1,0,1,0,0,0,0,0,0.800755
0,0,1,0,0,0,1,1,1,0,0,1,1,0,0,0,0,1,0,0,0,0,0,0,0,0,0,0,1,1,0,0,0.592832
0,1,1,1,1,0,0,0,1,1,0,0,0,1,0,0,0,1,1,1,1,0,0,1,0,1,1,0,0,1,0,1,0.582204
1,0,1,1,0,0,0,0,1,1,0,1,1,1,0,0,0,0,1,1,0,1,0,1,0,0,0,0,0,0,1,0,0.683564
0,1,0,0,1,0,0,1,1,0,0,0,1,1,0,0,0,1,1,0,1,0,0,0,1,1,1,0,1,1,0,1,0.628370
0,0,0,0,0,1,0,0,0,1,1,1,1,1,1,0,1,1,0,0,1,1,1,0,0,1,0,1,1,1,1,1,0.641625
0,0,1,1,0,0,0,1,0,0,1,0,0,1,1,0,0,1,0,0,1,1,1,0,1,1,0,0,1,0,1,0,0.584279
1,0,0,1,0,1,1,1,0,0,0,1,0,0,1,1,0,0,0,1,0,0,0,0,1,0,0,1,0,0,1,1,0.628570
1,0,1,1,0,0,1,0,1,1,1,0,0,0,1,0,0,1,1,1,1,0,0,0,1,1,0,0,0,0,1,1,0.630021
1,1,0,0,1,1,0,0,1,0,1,0,0,1,0,0,1,1,1,1,0,0,0,0,0,0,1,0,0,1,1,1,0.640774
1,0,1,1,1,1,0,1,0,1,1,0,0,1,0,0,1,1,0,1,1,1,1,1,1,0,1,1,0,0,0,1,0.640249
1,1,1,1,0,1,0,0,0,1,0,0,0,0,1,1,1,0,0,1,1,1,0,1,0,0,0,0,1,1,0,1,0.625869
0,0,1,1,1,0,0,1,0,0,0,0,0,1,1,1,0,1,0,0,1,1,0,0,1,0,1,1,0,1,1,0,0.633722
1,1,1,0,0,0,1,1,0,0,0,1,0,0,1,0,1,0,1,0,1,1,1,1,1,0,1,0,0,0,1,1,0.643200
1,0,1,1,0,1,1,1,1,0,1,1,1,1,1,1,1,1,0,1,0,1,0,1,0,0,0,0,1,0,0,0,0.733532
1,1,0,1,1,1,1,0,1,1,1,1,1,1,1,0,0,1,0,1,1,0,1,0,1,0,1,1,1,1,1,0,0.754614
1,1,0,1,1,0,1,0,1,1,1,1,1,1,0,1,0,0,0,0,0,1,1,0,1,1,0,0,1,0,1,1,0.612940
1,0,0,0,1,1,0,0,1,1,1,1,1,0,0,1,0,0,1,1,1,0,0,1,0,1,1,0,1,0,1,0,0.662532
0,1,1,0,1,1,1,1,1,1,0,1,1,1,0,0,0,0,0,0,0,1,0,1,0,0,0,0,0,0,1,0,0.626294
1,0,1,1,1,0,0,1,1,1,1,1,0,1,0,1,1,0,0,1,1,1,0,0,1,0,1,1,1,1,1,1,0.608638
0,0,0,1,0,0,0,1,1,0,1,0,0,0,0,1,0,1,0,1,1,0,0,1,1,0,1,1,0,1,1,0,0.567048
1,1,0,0,1,0,0,1,1,1,0,0,0,1,0,0,0,1,1,0,1,1,1,0,0,0,0,0,0,0,0,0,0.792802
0,1,1,0,1,0,0,1,0,1,0,1,1,1,0,1,1,0,1,0,0,1,0,1,1,1,1,0,1,1,0,0,0.668359
0,1,0,1,1,1,0,0,1,1,1,0,0,0,1,1,0,1,0,0,0,0,0,1,0,0,1,1,1,0,0,0,0.595358
0,0,1,1,1,1,0,1,0,0,1,1,1,0,0,1,0,0,1,1,1,0,1,0,0,1,1,0,0,1,1,1,0.628420
0,0,0,0,1,0,0,0,0,0,1,0,1,0,0,1,0,1,0,0,1,1,1,0,0,1,0,0,0,0,0,0,0.464413
1,0,1,0,1,1,1,0,0,1,1,1,1,1,1,0,0,0,0,0,0,1,0,1,1,1,0,1,1,1,0,1,0.613165
0,0,0,0,0,0,0,0,1,1,1,0,1,0,0,1,1,1,1,0,1,0,1,1,1,1,0,1,0,1,1,0,0.583204
1,0,0,1,1,1,0,0,1,1,0,0,1,1,1,0,0,0,0,1,1,0,1,0,1,0,1,1,0,0,0,1,0.613615
0,0,1,1,0,1,0,0,1,1,0,0,1,1,0,0,1,1,1,1,1,0,0,0,1,1,0,1,0,1,0,1,0.623468
0,0,1,0,1,1,0,1,1,0,1,1,1,0,1,0,0,0,1,0,0,0,1,1,1,0,0,1,0,0,1,1,0.623293
0,0,0,1,1,1,0,0,0,1,0,0,0,1,1,1,0,1,1,1,0,1,1,0,1,1,0,1,1,0,0,0,0.556195
0,0,1,1,0,0,1,1,0,0,1,1,1,0,0,1,0,0,0,0,1,1,0,1,0,1,0,0,1,0,1,1,0.633722
0,1,1,1,0,1,1,0,1,1,0,0,1,1,1,0,0,1,0,0,1,1,0,1,1,0,0,1,0,1,0,1,0.621067
1,0,0,0,0,0,1,1,1,0,0,1,1,1,1,0,0,1,1,0,0,1,1,0,1,1,1,0,0,1,0,1,0.615315
0,0,1,1,0,0,1,0,0,0,1,0,1,1,0,0,0,0,0,0,0,1,1,0,1,0,0,0,0,1,0,0,0.512404
0,0,1,0,1,0,1,1,1,0,1,0,0,0,1,0,0,1,0,0,1,0,1,0,1,1,1,1,0,0,1,0,0.636448
0,1,0,0,1,1,0,1,0,0,1,1,0,1,1,0,0,1,1,0,1,1,1,1,0,0,1,1,1,0,0,1,0.646451
0,0,1,0,1,0,0,0,0,1,1,0,1,1,0,0,1,0,0,1,1,1,0,0,0,0,1,1,1,0,1,1,0.612564
0,1,0,1,0,0,1,0,0,0,0,0,0,1,0,1,0,1,0,1,1,1,0,0,1,1,0,1,1,0,0,0,0.557245
1,1,0,0,0,0,1,0,1,0,1,0,0,0,1,0,1,1,1,0,1,1,1,1,1,1,0,0,1,1,0,1,0.634647
1,1,0,1,1,1,0,1,0,1,0,0,0,1,0,0,0,0,1,0,1,0,1,1,1,0,1,1,0,0,0,1,0.645201
1,1,0,0,1,1,0,1,0,1,0,0,0,1,0,0,1,0,0,0,0,0,1,0,1,0,1,1,0,0,1,0,0.728930
1,1,0,0,1,1,1,1,1,1,0,0,0,1,0,1,0,0,0,0,0,1,0,1,0,1,0,0,1,0,1,0,0.680013
0,1,0,1,1,1,0,1,1,0,1,1,1,1,1,1,0,1,1,0,0,0,1,0,1,0,1,0,1,1,1,1,0.623193
1,1,1,1,0,0,0,1,1,1,1,1,1,1,1,0,1,0,1,1,0,0,1,1,1,1,0,0,1,0,1,1,0.638999
1,1,0,1,1,0,0,1,1,1,0,0,0,0,1,0,1,0,0,0,1,0,0,0,1,0,0,1,1,0,1,0,0.797854
0,1,1,1,0,1,0,1,1,1,0,1,1,1,1,1,1,1,1,1,0,1,1,0,0,1,0,0,1,0,0,1,0.628745
0,0,0,0,0,1,0,0,0,1,1,0,1,1,1,0,1,1,0,1,1,1,1,0,0,1,1,1,1,0,0,0,0.602336
0,0,1,1,0,0,0,1,0,0,0,1,1,1,0,1,1,0,0,0,0,0,0,1,1,1,0,0,1,1,1,0,0.590357
0,1,1,0,1,1,1,0,0,1,0,0,0,0,1,0,1,1,0,1,1,1,1,0,1,1,1,0,1,1,0,1,0.626169
0,1,0,0,0,1,0,1,1,1,1,0,1,1,0,0,0,0,0,1,0,0,1,0,0,1,1,1,1,0,0,1,0.626544
1,1,0,1,0,1,0,0,1,1,1,0,1,1,0,0,1,1,1,1,1,1,1,0,1,0,1,1,0,0,0,0,0.907818
0,0,1,1,1,1,0,1,1,0,0,1,1,0,1,0,1,0,1,0,0,1,1,1,1,0,0,1,0,0,0,1,0.621292
1,0,1,0,0,0,1,1,0,0,0,0,0,1,0,0,1,0,0,0,0,0,0,1,0,1,0,0,0,1,1,1,0.666958
0,0,0,0,0,1,0,0,1,1,0,0,0,1,0,1,1,0,0,1,0,1,1,0,0,1,1,1,0,0,1,0,0.534012
0,0,0,0,0,0,1,1,0,1,0,0,1,0,0,0,0,0,1,1,0,1,1,0,1,0,1,1,0,1,0,0,0.531186
1,1,0,1,1,0,1,0,0,0,1,1,0,0,1,1,0,0,1,1,0,1,0,0,1,1,0,1,1,1,0,1,0.614940
0,1,1,1,1,0,0,1,0,0,1,1,0,1,0,0,0,0,1,0,1,0,0,0,1,1,0,0,0,1,0,1,0.594833
0,1,1,0,0,1,0,0,1,0,1,1,0,0,1,1,1,0,0,0,0,1,0,0,0,1,1,0,0,1,1,1,0.624268
1,0,0,1,1,0,1,0,1,0,0,0,1,0,0,0,1,0,1,1,1,1,1,0,0,0,1,0,1,1,0,0,0.736308
1,0,1,0,1,0,0,0,1,1,0,0,1,0,0,1,1,0,1,1,1,1,0,0,1,0,0,1,0,1,0,1,0.642025
0,0,0,0,1,1,1,1,0,1,1,1,1,1,1,1,1,0,1,1,1,0,1,1,0,0,0,1,1,0,0,0,0.630496
1,0,1,0,1,0,0,1,0,1,0,1,0,1,1,0,0,0,1,1,0,0,0,0,0,1,0,0,1,1,1,1,0.646676
0,1,0,0,0,0,1,0,1,1,1,1,0,1,1,1,0,1,1,0,1,1,0,1,0,0,0,0,0,0,0,1,0.630721
0,1,0,1,0,1,0,1,0,1,0,1,0,0,1,1,0,0,1,1,0,1,1,1,0,0,0,1,1,1,0,0,0.614565
0,0,1,1,1,0,0,0,0,0,0,0,0,1,1,1,0,0,1,0,1,1,0,1,1,1,0,1,0,1,1,1,0.572425
1,1,0,0,0,1,0,1,0,1,1,0,1,0,0,0,1,0,1,1,1,0,1,1,0,1,1,1,1,0,0,1,0.641700
1,1,1,0,0,1,1,0,1,0,0,0,1,0,0,0,0,0,0,1,1,0,0,1,1,0,0,1,0,0,1,0,0.727004
1,1,1,0,0,0,0,1,1,1,1,1,1,0,1,1,0,1,1,1,0,1,0,0,0,0,0,0,0,0,0,0,0.697119
0,0,0,1,1,0,1,0,0,1,0,1,1,1,1,0,1,1,1,0,0,0,0,1,0,0,0,1,0,0,0,0,0.555019
1,0,1,0,1,1,0,1,0,0,1,0,0,1,0,0,0,0,1,1,0,1,0,0,0,0,0,1,0,1,0,1,0.645151
1,1,1,0,0,1,0,1,0,0,0,1,1,1,1,1,0,0,1,0,0,1,1,0,0,0,0,1,0,0,1,0,0.647702
1,1,0,1,0,1,1,1,1,0,1,1,0,0,0,1,0,0,0,1,0,1,0,0,1,1,1,0,0,0,1,1,0.629720
0,0,1,1,1,0,1,1,1,0,0,1,0,0,0,1,1,0,0,0,0,1,0,0,1,0,0,1,0,1,0,0,0.599060
1,1,0,0,1,0,0,1,1,1,1,0,0,1,1,0,1,0,1,0,0,1,0,1,0,1,1,1,1,0,0,1,0.642675
0,1,0,0,0,0,1,0,1,0,1,1,0,0,0,1,1,0,1,0,1,0,0,1,1,0,0,0,1,1,1,1,0.631021
1,0,1,0,0,0,1,0,0,1,1,0,0,1,0,0,1,0,1,0,1,0,1,1,1,0,0,0,0,0,1,0,0.683864
0,0,0,1,0,0,0,0,1,0,1,0,0,1,0,1,1,0,0,1,1,0,0,0,0,1,1,0,0,1,1,1,0.599035
0,0,0,1,1,0,1,1,0,1,0,0,1,1,0,1,0,0,1,1,0,0,0,0,1,0,0,1,1,1,0,1,0.647627
0,0,0,0,1,1,0,0,1,1,1,0,0,0,1,1,0,1,0,1,0,0,1,1,0,0,0,1,0,1,0,1,0.563347
0,1,1,1,1,0,0,0,0,0,1,0,1,1,1,1,0,0,0,0,1,1,1,1,1,0,0,1,0,0,1,0,0.613090
0,0,1,0,0,0,1,0,1,0,1,0,1,0,0,0,0,1,0,0,1,1,0,0,1,1,1,0,1,0,1,0,0.582904
1,1,1,1,0,0,1,0,1,0,1,0,0,0,1,0,1,0,0,0,0,1,1,0,1,0,0,1,0,1,1,0,0.775496
1,0,0,1,1,1,1,1,0,1,0,0,1,0,1,1,1,1,1,1,1,0,1,1,1,1,0,0,1,1,0,0,0.806382
1,1,1,1,0,0,0,1,0,1,1,0,0,1,1,1,1,0,1,1,0,1,1,1,0,0,1,0,0,1,1,1,0.611489
0,0,0,0,0,1,0,1,1,1,1,1,1,0,0,1,1,0,1,0,1,0,0,1,0,0,1,0,1,0,0,0,0.637223
1,1,1,0,1,0,1,1,1,0,0,0,1,0,0,0,0,0,1,1,1,0,0,0,0,0,1,1,0,1,0,0,0.736683
0,1,0,1,1,0,1,0,1,0,0,0,1,1,0,1,1,0,0,1,1,0,1,1,1,1,1,0,0,1,0,1,0.621693
0,1,0,1,0,0,1,0,0,0,0,0,0,1,1,0,0,0,0,1,1,0,0,1,0,0,0,1,1,1,1,0,0.581729
1,1,0,0,0,0,0,1,1,1,1,1,1,0,1,0,1,0,1,1,1,1,0,0,1,0,1,0,1,1,1,0,0.756515
1,0,1,1,0,0,1,0,1,0,1,1,0,1,1,0,1,0,1,0,1,0,0,0,1,0,0,0,0,1,0,1,0.618892
0,0,1,0,0,1,0,0,0,1,1,0,0,1,1,1,1,1,1,0,0,1,0,1,0,0,0,0,0,1,1,0,0.606562
0,0,1,1,1,0,1,0,0,1,1,0,0,1,0,1,1,1,1,1,1,1,1,1,1,1,1,1,1,0,0,0,0.673936
0,0,1,0,0,0,1,0,1,1,1,0,0,0,0,1,0,0,0,0,0,0,0,1,1,1,0,1,0,1,1,0,0.590907
0,1,1,1,0,0,1,1,0,1,1,1,0,1,0,0,0,0,0,0,0,1,1,0,0,1,0,0,0,0,1,0,0.562922
0,0,1,0,0,1,1,0,0,0,1,1,0,0,0,1,0,1,0,0,0,1,0,0,0,0,1,0,1,0,0,0,0.517331
1,0,0,0,1,0,0,1,1,0,0,0,1,0,0,0,1,0,0,0,0,0,0,0,1,1,0,1,1,0,0,1,0.665208
0,0,0,1,1,1,1,1,1,0,1,0,0,1,0,0,0,0,0,1,1,0,0,0,0,1,1,1,1,0,0,1,0.604637
1,1,0,1,0,0,1,0,1,1,0,1,1,1,0,0,0,1,0,1,0,1,0,1,0,0,0,1,0,0,1,0,0.688041
1,0,1,0,1,1,1,0,0,1,0,1,0,1,1,0,0,0,1,1,1,0,1,0,0,1,0,1,0,0,1,1,0.610814
0,1,1,1,0,0,1,0,1,0,1,1,1,1,0,1,0,1,0,1,1,0,0,1,0,1,0,0,0,0,1,0,0.615841
1,1,0,1,0,0,1,0,1,0,0,0,0,1,0,1,1,1,1,0,0,0,1,1,1,1,0,1,0,0,1,1,0.609888
1,1,1,0,0,1,1,1,0,0,0,0,0,1,0,0,1,0,0,0,1,0,0,1,1,1,0,1,1,0,1,1,0.643325
0,1,0,0,1,0,1,1,0,1,0,0,0,0,1,1,0,0,1,0,1,0,1,0,0,1,1,1,0,1,0,0,0.568324
1,1,0,1,1,1,0,0,1,1,1,1,0,1,0,1,1,0,1,1,1,1,0,0,1,1,0,0,0,1,1,1,0.620967
0,0,0,0,1,0,0,1,0,0,0,1,0,1,0,1,0,1,1,1,0,0,1,1,1,1,1,0,1,0,0,1,0.586405
1,1,1,1,1,1,0,0,1,0,1,0,1,0,1,0,0,1,0,1,0,1,1,1,1,1,0,0,0,0,1,0,0.747862
0,1,1,1,1,0,1,0,0,0,0,1,1,1,0,0,0,0,1,1,1,1,1,0,0,0,0,0,0,1,1,1,0.608563
1,0,0,1,1,1,1,1,0,0,1,1,0,1,1,0,1,0,0,1,1,1,0,1,1,1,1,1,0,0,0,1,0.617391
0,0,1,1,0,1,0,0,0,1,1,1,0,1,0,0,0,0,1,1,1,1,0,0,1,1,1,1,1,0,0,1,0.609963
1,1,1,0,1,1,1,0,0,1,0,1,1,1,1,0,0,0,1,1,0,0,1,1,0,0,1,0,1,1,1,0,0.729155
1,1,0,0,1,0,1,1,1,0,1,0,1,1,1,0,0,1,1,1,0,1,0,1,1,1,0,0,0,0,0,1,0.626594
0,0,0,0,1,1,0,0,0,0,0,1,1,1,1,1,1,0,1,1,0,1,1,1,1,1,1,1,0,1,1,0,0.623693
1,1,0,0,0,0,1,0,1,0,1,1,0,1,1,1,1,0,1,0,1,0,0,1,0,0,0,1,0,0,0,0,0.731281
1,1,0,0,0,0,1,0,0,0,0,0,0,0,1,0,0,0,0,1,0,0,0,1,1,0,0,0,0,1,0,1,0.657930
1,0,0,1,1,1,1,1,1,1,0,1,0,0,0,1,0,0,0,0,1,0,1,0,0,0,1,1,0,0,0,0,0.674461
0,1,1,1,1,1,0,0,1,1,1,0,0,0,0,1,1,1,1,1,1,0,0,0,1,0,1,0,0,0,0,1,0.643875
0,1,1,1,1,0,1,0,0,0,1,0,0,1,1,1,0,1,1,0,0,1,1,0,1,1,1,1,1,0,0,1,0.626644
0,1,1,1,0,1,0,1,1,1,1,0,0,0,1,1,0,0,0,0,0,1,0,1,1,0,0,1,1,0,1,0,0.648477
1,0,0,1,1,1,0,1,1,0,1,1,0,0,0,0,1,1,1,0,1,0,1,1,1,1,0,1,0,0,0,0,0.802856
0,1,1,0,0,1,1,0,1,1,1,0,1,0,0,1,1,0,0,1,1,1,1,1,1,0,1,1,0,0,0,1,0.616191
0,0,0,1,0,0,0,0,0,1,0,0,1,0,1,0,1,0,1,0,0,1,1,0,0,0,1,0,0,1,1,1,0.601611
1,0,0,0,0,0,0,1,1,0,0,0,1,1,0,1,0,1,1,0,1,1,1,1,0,1,1,1,0,1,0,1,0.615816
1,0,0,1,0,1,1,0,0,1,1,1,1,1,0,0,1,0,0,1,0,1,1,1,0,1,0,1,1,1,0,1,0.619892
0,1,0,1,0,1,1,0,1,1,0,1,0,1,0,1,0,1,0,0,1,0,0,0,1,0,0,0,1,1,0,1,0.615791
1,1,1,1,1,1,1,1,1,1,1,0,1,0,0,0,0,1,1,1,1,0,0,1,0,0,1,0,1,1,1,1,0.649677
0,0,1,1,1,1,1,1,1,0,0,0,0,1,0,0,1,0,1,1,1,1,1,1,0,1,0,0,1,0,1,1,0.624093
0,1,1,0,1,1,1,0,0,0,0,1,1,1,1,0,1,1,0,1,0,0,0,1,0,0,0,0,1,0,0,1,0.629895
1,0,0,0,1,1,1,0,0,1,1,0,0,0,0,1,1,0,0,0,1,1,0,0,0,0,1,0,0,1,1,0,0.664032
0,0,1,1,1,0,1,1,0,1,0,1,1,1,1,0,0,1,0,0,1,1,0,1,0,1,0,1,1,0,0,1,0.633722
1,0,0,1,0,1,1,1,0,0,1,0,1,1,0,0,0,0,0,1,1,0,0,1,1,0,0,1,0,0,0,0,0.740459
0,1,0,1,1,0,0,0,1,1,1,1,1,0,1,0,0,1,0,0,1,0,0,1,1,0,1,1,0,1,1,1,0.618441
1,1,1,1,0,1,1,0,1,1,1,1,0,1,1,0,0,1,0,0,0,1,1,1,0,0,0,0,1,0,0,0,0.768244
1,1,1,0,1,1,1,1,0,1,0,0,1,1,1,0,0,1,1,0,1,0,0,1,1,1,1,0,0,1,1,0,0.729830
0,0,1,0,0,0,1,1,0,1,1,1,1,0,0,1,1,0,0,1,1,1,0,0,0,1,0,1,1,0,1,0,0.666158
1,1,1,1,0,0,0,1,1,0,0,1,1,1,1,0,1,0,1,0,0,1,1,1,0,0,1,0,1,0,1,0,0.762742
0,0,0,0,0,0,1,1,1,1,0,0,0,1,0,1,0,0,0,1,1,0,1,0,1,1,1,1,0,0,0,0,0.536113
1,1,0,1,1,1,0,1,1,1,0,0,0,1,1,0,1,1,0,1,1,0,1,1,0,1,0,1,1,1,1,0,0.804156
1,0,0,1,0,0,1,1,0,1,0,1,0,1,0,0,0,1,1,1,1,1,1,1,0,1,1,1,1,0,0,0,0.735307
1,1,0,0,1,1,0,0,0,0,1,1,1,1,0,0,1,1,1,1,1,0,1,0,0,1,0,1,1,1,0,0,0.782374
0,0,1,1,1,0,1,0,1,1,1,0,0,0,1,0,1,0,0,1,0,1,0,1,1,0,0,0,0,1,0,0,0.613815
0,0,0,1,1,1,0,0,1,0,1,1,1,1,0,0,0,1,1,0,1,1,0,1,1,0,0,0,1,0,1,0,0.627370
0,0,1,1,0,1,1,0,0,0,1,0,0,1,0,0,0,1,1,0,1,1,0,0,0,1,1,0,0,0,0,1,0.546741
1,1,0,1,1,1,0,0,0,1,0,1,1,1,1,0,0,0,1,1,0,1,0,0,1,0,1,0,1,1,0,1,0.621468
1,0,1,0,0,1,1,0,0,1,1,1,0,0,0,0,1,1,0,1,0,1,0,1,0,0,1,0,1,0,0,0,0.745436
1,1,1,1,0,1,0,1,0,1,0,1,1,1,1,0,1,1,0,1,1,0,1,1,1,1,0,0,0,1,1,1,0.619292
1,1,1,1,0,1,1,1,1,0,0,0,1,0,1,1,0,1,0,0,1,1,1,1,0,1,0,0,0,0,0,0,0.709973
0,1,1,0,1,1,1,1,1,0,0,0,1,1,0,0,0,1,0,1,1,0,0,1,0,0,1,1,1,1,1,1,0.632721
1,1,1,1,0,1,0,0,0,0,0,0,1,1,1,1,1,1,1,0,0,0,0,0,0,0,0,1,0,0,1,0,0.685390
0,0,1,1,0,1,0,1,1,0,0,1,1,1,0,0,0,1,1,1,0,0,0,0,1,1,1,1,1,1,0,0,0.701921
0,1,0,0,0,0,1,1,0,1,1,0,0,1,1,1,1,0,0,0,0,0,1,1,1,1,0,0,0,1,1,1,0.580228
1,0,1,0,1,1,0,1,0,1,1,1,1,0,1,0,1,1,1,0,0,0,0,1,1,0,0,0,1,0,1,0,0.739184
1,0,0,1,1,0,0,1,0,1,1,0,0,1,1,1,0,0,1,1,0,1,1,1,0,0,0,0,0,1,0,1,0.634372
0,0,0,0,1,1,0,0,1,1,0,1,1,1,0,1,1,0,0,1,1,1,1,1,1,0,1,1,0,1,0,0,0.580253
0,0,0,1,1,0,0,1,0,1,1,1,1,0,0,0,1,0,0,0,1,1,1,0,1,1,1,0,1,1,0,0,0.655529
1,0,0,1,1,0,1,0,1,1,0,1,0,0,0,1,1,1,1,1,1,1,1,0,1,0,1,0,0,0,1,0,0.712749
0,0,1,1,1,1,0,0,1,0,0,0,0,0,1,1,1,0,1,1,1,0,1,1,1,0,0,0,0,1,0,0,0.610339
0,1,0,1,1,1,0,1,0,0,1,0,1,0,1,0,0,0,0,0,0,1,1,0,1,0,1,1,0,1,0,1,0.600810
0,1,1,0,0,0,1,1,0,1,0,1,1,1,1,0,0,0,0,1,1,1,0,1,1,1,0,1,0,0,0,0,0.650853
1,1,1,0,1,1,0,1,0,1,1,0,0,1,0,0,1,1,0,0,1,1,0,1,0,0,0,0,1,0,0,1,0.675036
0,1,1,0,0,1,0,0,0,0,1,1,1,1,0,1,0,1,1,1,1,1,0,1,0,1,0,1,1,0,0,1,0.649777
0,0,1,1,0,1,1,1,0,1,1,0,0,0,0,1,0,0,0,0,1,0,0,0,1,0,0,1,1,0,1,1,0.607438
0,1,1,0,0,0,0,1,1,0,0,1,0,0,1,0,1,0,0,0,0,1,1,0,1,1,1,0,1,1,0,1,0.625519
0,1,0,1,1,0,1,1,1,1,1,1,1,0,1,0,0,1,1,0,1,1,1,0,0,0,0,0,1,0,1,0,0.643950
1,0,0,1,1,0,1,1,0,1,0,1,1,0,0,0,0,0,1,1,1,1,0,1,0,0,1,1,1,0,1,1,0.621643
1,0,1,0,0,0,0,0,1,1,0,0,1,1,0,0,1,0,1,1,1,1,1,1,1,1,0,1,1,0,0,1,0.638423
1,1,1,0,1,1,0,1,1,1,0,0,0,0,1,0,0,1,0,0,0,0,1,1,1,0,1,0,1,0,1,1,0.656930
0,0,1,1,0,0,0,0,0,1,1,1,1,0,0,1,0,1,0,0,1,1,1,0,0,0,0,0,0,0,0,0,0.534612
0,0,0,1,1,1,1,0,1,1,0,1,0,1,0,0,0,0,0,1,1,0,0,1,1,0,1,0,0,0,1,0,0.609663
0,1,0,0,0,1,0,1,1,0,1,0,1,0,1,1,1,1,0,1,1,0,0,1,1,0,0,1,0,0,1,1,0.614740
0,0,1,0,0,1,0,0,1,0,0,1,1,1,1,0,0,1,0,0,1,0,0,1,1,1,1,1,1,0,1,1,0.607663
0,0,1,0,0,1,0,0,0,1,0,1,1,1,1,0,0,0,0,1,1,0,0,0,0,0,1,1,0,0,1,0,0.524233
1,0,0,1,1,0,1,1,1,1,1,0,0,0,1,0,1,1,0,0,1,1,0,1,0,1,1,1,1,1,1,0,0.732406
1,1,0,0,1,1,1,1,0,0,0,1,1,0,0,0,1,0,1,0,1,1,0,0,0,1,1,0,1,0,0,0,0.812134
0,0,1,1,1,1,1,1,1,0,0,0,1,1,0,1,0,1,1,0,1,0,0,0,1,1,0,0,0,0,0,1,0.628195
0,1,0,1,1,1,1,0,0,1,0,1,1,1,1,0,0,0,1,0,1,0,1,0,1,0,0,1,0,1,1,0,0.615515
0,1,1,0,1,1,1,1,0,0,0,0,1,1,0,1,1,0,0,0,1,1,1,0,1,1,0,0,1,0,1,1,0.615315
1,0,0,0,0,1,0,1,0,0,0,0,0,0,0,1,1,1,1,0,0,1,1,0,1,0,0,0,1,1,1,1,0.581554
1,1,1,1,1,0,0,0,1,1,0,0,0,1,1,0,1,0,0,1,1,0,1,0,0,0,1,1,0,0,1,1,0.628370
1,1,0,1,1,0,0,0,0,0,1,0,1,1,1,0,1,0,1,0,1,0,1,0,1,1,1,0,1,1,0,0,0.814760
1,0,1,1,1,1,0,0,0,1,1,0,1,0,0,0,0,1,0,1,0,1,1,0,1,0,1,1,0,1,0,1,0.620917
1,1,0,1,1,0,0,1,0,0,1,1,0,1,0,0,1,0,0,1,0,0,0,1,1,0,1,0,0,0,1,1,0.656655
