1,0,0,0,0,0,1,1,1,1,0,0,1,1,1,1,0,0,1,1,1,0,0,1,0,0,1,1,1,1,0,1,0.646686
1,1,1,1,1,1,1,0,1,0,1,1,0,0,0,0,0,0,1,0,1,0,0,0,1,1,1,0,0,1,1,1,0.622016
0,0,1,0,0,0,0,0,0,0,1,1,0,0,0,0,0,0,0,0,0,1,0,0,1,0,0,1,1,1,1,1,0.625506
0,1,0,1,0,1,0,0,0,0,1,1,0,1,0,0,0,1,0,0,1,0,0,1,1,0,1,0,0,0,0,0,0.540335
1,1,0,0,1,0,1,1,0,1,1,1,1,0,1,0,0,0,1,0,1,0,0,1,0,0,0,0,0,1,1,1,0.629955
0,1,1,0,1,0,1,0,0,1,0,0,0,1,1,1,0,0,1,0,1,0,1,1,1,0,0,0,0,1,1,1,0.625719
0,1,0,1,0,1,0,0,1,1,0,1,1,0,1,1,1,1,0,1,1,0,1,0,0,0,0,0,1,1,0,1,0.656623
0,1,1,0,1,1,1,1,0,0,0,1,1,0,0,1,1,0,0,0,1,1,1,1,1,1,1,0,1,1,0,0,0.702899
1,1,1,1,0,1,0,1,0,1,0,0,0,0,1,1,1,0,1,0,0,0,1,1,0,1,1,1,1,0,0,0,0.778959
1,0,0,0,1,0,0,1,1,0,0,1,0,0,0,1,1,0,0,1,0,0,0,1,1,0,1,1,0,0,1,0,0.685848
0,1,1,0,1,0,1,1,0,0,1,1,0,0,1,0,0,1,0,0,0,0,1,1,0,1,0,0,1,1,1,1,0.708893
0,0,0,0,1,1,1,0,0,0,0,0,1,1,1,0,0,1,0,0,1,1,0,1,0,0,0,1,0,0,0,0,0.447091
1,1,0,1,0,1,0,0,1,1,1,0,1,0,1,0,1,0,1,1,0,1,1,1,1,0,1,0,0,0,1,1,0.622176
0,0,0,1,1,0,1,0,1,1,0,0,0,0,0,1,0,0,1,0,1,0,1,1,0,1,1,1,1,1,0,0,0.606831
1,0,1,1,0,1,0,0,0,1,0,1,1,1,1,1,0,0,0,1,1,0,0,1,0,0,1,0,1,0,0,1,0.637814
1,0,1,1,0,0,0,1,1,0,1,1,1,0,1,0,0,1,1,0,0,0,1,0,0,1,1,0,0,0,0,1,0.618926
0,0,0,1,1,1,1,1,1,0,1,1,0,0,1,1,0,0,0,0,1,0,1,0,1,1,0,0,1,1,0,0,0.633232
1,1,1,0,1,0,1,1,0,0,0,0,0,0,0,0,1,1,0,0,0,0,1,1,0,0,0,1,1,0,0,0,0.797767
0,1,0,0,0,0,1,0,0,0,1,1,0,0,0,0,1,0,0,1,1,0,1,0,1,0,0,0,0,0,0,1,0.595935
1,1,0,0,0,0,0,1,1,1,0,0,0,1,1,0,0,1,0,1,0,1,0,0,0,1,0,0,0,0,0,0,0.766757
1,1,1,1,1,1,1,1,0,0,1,0,0,0,0,0,0,1,1,1,0,0,1,1,1,0,1,1,0,0,1,1,0.637042
0,0,1,1,1,0,1,1,1,0,1,0,1,1,0,1,0,0,1,1,0,1,1,0,0,0,0,0,0,1,1,1,0.649163
0,0,0,1,0,0,0,1,1,1,1,0,1,0,0,0,1,0,0,0,1,1,0,0,0,0,1,1,1,1,1,1,0.663097
0,0,1,0,1,1,0,1,0,1,1,0,0,0,1,0,1,0,1,0,0,0,0,1,1,1,1,0,0,0,1,1,0.641464
1,1,1,1,1,1,0,0,0,1,0,1,1,0,0,1,0,0,1,0,1,1,1,1,1,0,1,1,0,0,0,0,0.723812
0,1,0,1,1,0,0,1,0,1,1,0,0,1,1,1,0,1,1,0,0,1,0,0,0,1,1,0,1,1,1,1,0.720562
0,1,0,1,0,1,1,1,0,1,0,0,0,0,0,0,0,1,0,1,0,1,1,0,0,1,0,1,1,1,1,1,0.634191
0,0,0,1,0,0,1,0,1,0,0,1,1,0,0,1,0,1,1,1,0,1,0,0,0,1,0,0,1,0,0,1,0.594656
1,0,1,0,0,1,0,0,0,0,1,1,0,1,1,0,1,0,0,0,1,0,0,1,1,0,1,1,0,1,1,1,0.627931
0,1,0,0,0,0,1,1,1,0,0,1,0,1,0,0,0,1,0,1,1,1,1,1,0,1,1,1,1,0,0,0,0.655318
1,1,0,1,0,0,1,1,0,1,0,1,1,1,1,0,0,1,0,0,0,0,1,1,1,0,0,0,1,1,0,1,0.692029
0,1,1,0,0,1,0,1,0,1,1,1,1,0,1,1,1,0,1,1,1,1,1,0,1,1,1,1,1,1,1,1,0.707214
0,1,0,1,1,1,0,1,1,1,1,1,0,0,1,0,1,1,0,1,1,0,1,1,0,1,0,0,0,1,0,1,0.651641
1,0,0,1,1,1,0,1,0,1,1,0,0,0,1,0,0,1,0,1,0,0,1,1,0,1,0,0,1,0,0,1,0.667253
0,1,0,0,0,0,1,1,1,1,0,1,1,0,1,0,1,1,0,1,0,1,0,0,0,1,0,0,0,0,1,1,0.658781
0,1,1,1,1,1,0,1,0,0,0,1,0,1,0,0,1,1,1,1,0,0,1,0,0,0,1,0,0,0,1,1,0.646153
1,0,0,1,1,0,0,1,0,0,1,0,1,1,1,1,0,1,0,0,0,1,0,0,0,0,0,0,0,0,1,0,0.619405
1,1,1,1,0,1,1,0,1,0,0,1,0,0,1,1,0,1,0,0,0,1,1,1,1,0,0,0,0,1,1,1,0.558291
0,1,0,0,1,0,0,1,0,0,0,1,1,0,0,1,1,1,1,0,1,0,0,1,1,0,1,0,0,0,1,1,0.658994
1,0,1,1,1,1,0,1,1,0,0,0,1,0,0,1,0,0,0,1,1,0,1,1,0,1,1,0,1,0,0,0,0.708600
1,0,0,0,1,1,0,1,0,1,0,0,0,1,1,1,1,1,1,0,0,0,0,0,0,0,0,1,0,1,0,0,0.677856
1,0,0,0,1,0,0,1,0,1,1,1,0,0,1,1,1,0,1,0,0,1,0,1,0,1,1,0,1,0,1,0,0.664509
1,0,1,0,0,1,0,1,0,1,0,0,1,1,0,0,0,0,0,0,1,0,0,0,0,0,0,1,1,0,0,1,0.665388
1,0,0,0,1,0,1,0,1,0,1,1,0,1,1,1,1,1,0,1,0,0,1,1,0,1,1,1,1,1,1,0,0.697544
1,1,0,0,0,1,1,1,1,1,0,1,1,1,1,1,1,0,1,1,1,1,0,0,0,1,0,1,0,1,0,0,0.715979
1,0,0,1,1,1,1,1,0,0,0,0,0,1,0,1,0,0,0,1,0,1,0,1,1,1,0,1,0,0,0,1,0.618846
0,0,0,1,0,1,0,0,1,0,0,1,0,1,0,1,1,0,1,1,1,0,1,0,0,1,0,1,0,0,1,0,0.577899
1,1,0,1,1,1,1,1,1,1,1,0,1,0,1,0,0,0,0,1,1,1,0,1,1,0,0,1,1,1,0,1,0.649510
0,0,0,1,1,1,0,1,1,0,1,0,0,0,1,1,0,0,0,0,1,1,0,1,0,1,1,1,0,0,1,0,0.577712
1,1,0,0,1,0,0,1,0,0,1,0,1,1,0,1,1,1,0,1,0,1,1,0,0,1,0,1,1,1,0,0,0.751332
1,1,1,1,1,0,1,1,0,1,1,1,0,1,1,1,1,0,1,1,0,0,1,1,0,0,0,1,0,1,1,0,0.734255
1,1,1,0,1,0,1,1,0,1,0,0,1,1,1,1,1,1,1,0,0,0,0,0,0,0,1,1,0,1,1,1,0.635017
1,0,1,0,1,1,1,1,0,1,1,1,0,0,0,1,1,0,1,1,0,1,1,1,1,0,0,0,0,0,1,1,0.634724
0,1,1,1,1,1,0,1,0,1,0,0,1,0,0,1,1,0,1,0,1,0,0,0,0,0,1,1,0,1,0,1,0.636056
0,0,0,0,0,1,1,1,0,0,1,0,0,0,1,1,1,1,0,1,0,0,1,0,0,1,0,0,0,0,1,1,0.625826
0,1,0,0,0,1,0,0,0,1,1,0,0,1,1,1,1,1,1,0,1,1,1,1,0,1,0,0,0,1,0,0,0.662324
1,1,0,1,0,0,0,1,1,1,0,1,1,0,0,1,0,1,1,0,0,1,1,1,0,0,0,1,1,1,1,1,0.600970
0,1,1,1,0,1,1,0,1,0,1,1,0,1,0,1,1,1,0,0,1,1,1,1,0,0,0,1,0,1,0,0,0.653692
1,1,1,0,1,1,1,1,1,1,0,0,1,1,1,1,0,0,0,0,0,0,0,1,1,0,1,0,1,0,0,0,0.772139
1,0,0,1,0,0,0,0,0,0,0,1,0,0,0,1,0,1,1,0,0,1,1,0,0,1,0,1,1,0,1,1,0.623402
1,0,1,0,0,1,1,1,1,0,0,0,1,0,0,1,1,1,0,0,0,0,1,1,0,1,0,1,0,0,0,0,0.710172
0,0,0,1,1,1,1,1,1,0,0,0,1,1,0,0,1,1,0,1,0,0,0,0,0,1,0,0,0,1,0,0,0.653240
0,0,1,0,1,0,0,1,1,1,0,1,1,0,0,1,1,0,0,0,0,1,0,0,1,0,0,0,1,1,0,1,0.673673
0,0,1,1,0,0,0,1,1,1,1,0,0,1,0,1,1,1,1,1,1,1,1,0,0,1,1,1,1,0,1,0,0.692695
1,0,0,0,0,1,0,0,0,0,0,1,0,1,0,0,0,1,0,1,1,1,1,0,1,1,1,1,1,0,1,0,0.677057
0,0,0,0,1,1,0,0,1,0,1,1,1,1,0,1,0,0,1,1,1,1,1,1,1,0,1,1,0,0,0,0,0.531357
1,0,0,0,0,1,1,1,1,1,1,0,1,1,1,1,0,0,0,1,1,0,0,1,0,0,1,0,0,0,0,1,0.646633
0,0,0,0,0,1,0,0,0,0,1,0,1,0,0,0,1,0,1,0,0,0,1,1,0,0,0,1,1,1,1,0,0.551977
1,0,1,0,1,0,0,0,1,0,1,1,1,1,0,0,1,1,1,0,1,0,0,0,1,1,0,1,0,1,1,0,0.707694
0,1,0,0,1,1,0,1,0,0,0,1,1,0,0,1,1,0,1,0,1,0,0,0,1,1,1,0,1,1,0,0,0.650842
1,1,1,0,1,1,0,1,1,0,1,1,1,1,0,0,1,1,1,0,1,0,1,0,1,1,1,1,1,1,0,1,0.670610
0,0,1,1,0,0,0,0,0,1,1,0,1,1,1,1,0,1,1,1,0,0,0,1,1,1,0,0,0,0,0,0,0.578778
1,0,0,0,0,0,0,0,1,1,1,0,0,0,0,0,0,1,0,0,1,0,1,0,0,1,1,0,1,0,0,0,0.720055
0,1,0,1,0,0,1,1,0,1,0,1,0,0,0,1,0,1,0,0,1,0,1,1,0,0,1,0,0,1,1,0,0.585971
0,0,0,1,0,0,0,1,1,0,0,1,1,0,0,0,0,1,1,0,1,1,0,0,1,0,1,1,1,0,1,1,0.613518
0,1,1,0,1,0,0,1,0,0,1,0,0,1,0,1,1,0,0,0,1,0,1,0,1,0,0,0,1,1,0,0,0.617301
1,0,1,0,0,1,1,1,0,0,0,0,1,0,1,1,0,0,0,0,0,1,1,0,0,1,0,1,1,1,0,1,0.648524
0,0,0,1,1,0,1,1,1,0,0,0,0,1,1,0,0,0,1,1,1,0,0,1,0,1,1,1,1,0,0,1,0.667572
1,1,0,0,1,0,1,0,1,1,0,0,1,1,1,0,1,1,1,0,0,1,0,0,0,1,0,1,1,1,0,0,0.779678
0,1,0,1,1,0,0,1,1,1,0,0,0,0,0,1,1,1,1,1,0,1,1,1,0,0,1,1,1,0,0,1,0.659474
0,1,1,0,1,1,1,0,1,1,1,0,0,0,1,1,1,1,0,1,1,0,0,1,1,0,0,1,0,1,0,0,0.664402
0,1,1,1,0,1,0,1,1,1,1,1,1,1,1,1,0,1,1,1,0,0,0,1,1,1,1,1,1,1,0,1,0.670823
0,0,1,1,1,1,1,1,0,1,0,0,1,1,0,1,0,1,0,1,1,0,0,1,1,0,0,1,1,1,0,1,0.669890
1,1,0,1,0,1,0,0,0,1,0,1,1,1,1,0,0,0,0,0,1,0,1,1,0,1,1,1,0,1,0,1,0.634298
0,1,1,1,0,0,0,0,0,1,1,1,0,1,0,0,1,1,0,0,0,0,0,1,1,0,0,0,1,1,0,0,0.639599
0,0,1,0,1,1,0,0,0,1,1,1,1,0,0,0,1,0,1,1,1,1,1,0,0,0,0,0,0,0,1,1,0.640052
1,0,0,1,1,0,0,1,1,0,1,1,0,0,0,0,1,0,1,0,1,1,1,0,0,0,1,0,0,0,0,1,0.663203
0,1,1,1,0,1,1,1,0,0,1,0,0,1,1,1,1,1,0,1,1,1,0,0,0,0,1,0,1,0,0,0,0.664242
1,1,0,1,0,1,0,1,0,1,1,0,1,1,1,1,0,1,0,0,1,1,0,1,1,0,1,0,0,0,0,0,0.717951
0,0,0,0,0,1,0,1,0,0,0,0,0,1,1,1,0,0,0,0,1,1,1,1,1,1,0,1,0,1,0,1,0.580509
0,0,1,1,0,0,1,1,0,1,0,1,1,1,1,1,1,1,1,1,0,0,1,0,0,1,1,1,1,0,0,1,0.676950
1,1,1,1,0,1,1,1,1,0,1,1,0,1,0,0,0,1,0,0,1,1,0,1,1,0,1,1,0,0,0,1,0.665921
0,0,0,0,1,0,1,1,1,1,1,1,1,1,1,1,0,0,1,0,1,0,1,1,1,1,1,1,0,0,1,0,0.668878
1,0,1,1,1,1,0,1,1,1,1,0,1,1,1,1,0,1,1,0,0,1,0,0,1,1,1,1,0,0,1,1,0.607896
1,0,1,1,1,1,0,1,0,0,1,0,1,1,0,0,0,0,1,1,1,1,0,1,0,0,0,0,1,0,1,0,0.728074
1,1,1,1,0,1,1,0,0,1,1,1,0,0,1,1,0,1,1,1,1,0,1,1,1,1,0,0,1,1,1,1,0.545903
0,0,0,1,0,1,0,1,0,0,0,1,0,1,0,1,0,0,1,1,1,1,1,1,1,1,0,0,1,1,0,0,0.601955
0,1,1,0,0,0,1,0,1,1,1,1,0,1,1,0,1,0,1,1,1,0,0,1,0,1,0,1,1,0,1,1,0.673913
0,1,0,0,0,1,0,0,1,0,0,1,1,1,0,0,0,0,1,0,0,1,1,1,0,1,1,0,0,1,0,0,0.582987
0,0,0,0,1,0,0,1,1,1,0,0,0,0,1,0,0,0,1,1,1,0,0,1,1,0,0,0,0,1,1,0,0.558957
0,0,1,0,1,0,0,0,0,1,0,1,1,0,1,0,1,0,0,1,0,1,1,1,1,0,0,1,0,1,0,1,0.621563
1,0,0,0,1,1,1,1,1,0,1,1,0,0,1,1,1,1,1,0,1,0,1,0,1,1,0,1,1,1,0,0,0.755994
0,1,0,1,0,1,1,1,1,1,1,0,1,1,1,0,0,1,0,1,1,0,0,1,0,0,0,0,0,0,0,0,0.591912
0,0,0,0,1,1,1,1,0,1,0,0,0,1,0,0,0,1,0,0,1,1,1,0,0,1,1,1,0,1,0,0,0.512948
1,1,1,1,0,0,0,1,1,1,1,0,0,1,0,1,0,1,0,0,0,1,0,0,1,1,1,0,1,0,1,1,0.611893
1,1,0,1,0,0,0,1,0,1,1,1,0,0,0,0,0,0,0,0,1,0,0,1,0,0,1,1,1,0,0,0,0.776908
0,1,0,0,1,0,0,1,1,1,0,1,1,0,1,0,0,0,0,0,1,1,1,1,0,0,1,1,0,0,1,0,0.619112
0,0,1,0,0,1,1,0,1,0,1,0,0,1,0,0,1,1,0,1,0,0,0,0,1,0,0,0,0,0,0,0,0.590100
1,0,1,0,0,1,1,1,0,0,1,1,0,0,0,0,1,1,1,1,0,1,0,0,1,0,0,1,1,1,0,1,0.677643
0,1,1,0,0,0,1,0,1,0,1,0,1,0,1,1,1,0,0,0,1,1,0,0,0,0,0,0,1,1,1,0,0.609255
1,1,1,0,1,1,1,0,1,0,1,1,1,1,0,0,0,0,1,0,0,0,1,1,0,1,1,0,0,0,1,0,0.738678
0,0,0,1,1,0,0,1,1,0,0,1,1,0,0,1,1,0,1,0,0,0,1,1,1,0,1,0,0,0,1,1,0.640612
0,1,1,1,1,0,1,0,1,0,0,1,0,1,0,1,0,0,0,0,0,1,0,1,0,1,1,0,0,1,1,1,0.630328
0,1,1,1,0,0,1,0,1,1,0,0,1,0,0,1,0,1,0,1,0,0,0,1,1,1,1,0,1,1,0,1,0.649670
0,0,0,0,0,0,0,1,0,1,0,1,1,1,0,0,1,1,1,1,1,0,0,1,0,1,1,0,0,1,1,1,0.654758
1,0,0,1,0,1,1,1,1,1,1,1,0,1,0,0,0,1,1,1,0,1,0,1,0,0,1,1,1,0,1,1,0.628144
1,1,1,1,1,0,0,0,1,0,1,1,1,0,0,1,1,1,0,0,0,1,0,1,1,0,1,1,0,1,0,0,0.807918
1,0,1,1,0,0,0,0,1,0,0,1,1,1,1,0,1,0,0,0,1,1,0,1,0,1,1,0,0,1,1,1,0.622363
1,1,1,1,1,1,1,1,0,1,0,0,1,1,1,0,1,0,1,1,0,0,0,0,1,1,1,1,0,0,0,0,0.845242
0,0,1,1,1,0,1,1,1,1,1,0,1,0,1,0,1,0,1,1,0,0,0,1,0,1,1,1,0,1,0,1,0.646846
0,0,0,0,1,0,0,0,1,0,1,0,0,1,0,1,1,1,1,1,1,0,0,0,0,0,0,0,1,1,0,1,0.661685
1,0,1,0,0,0,1,0,0,1,1,0,0,0,0,1,0,0,1,1,1,0,1,1,0,0,0,1,0,0,0,0,0.664535
0,1,0,0,1,1,0,0,0,1,0,0,1,1,1,0,0,0,1,0,0,0,1,0,1,1,0,1,0,0,1,1,0.595269
0,0,1,0,0,1,0,0,1,1,0,1,1,0,0,0,1,0,1,0,1,1,1,0,0,1,1,0,1,1,0,0,0.594789
0,1,0,1,1,1,1,1,0,1,0,1,0,0,0,0,1,1,1,1,0,1,0,0,1,1,1,0,0,0,1,1,0.622176
1,0,1,1,0,0,0,0,1,0,0,0,1,1,0,1,1,1,1,1,1,0,0,1,0,0,0,1,1,0,0,1,0.663896
1,1,0,1,1,0,0,0,0,0,0,1,0,1,1,0,0,1,0,1,1,1,0,1,0,0,1,1,1,1,0,0,0.763400
0,0,0,1,0,0,1,0,0,1,0,0,1,1,1,0,0,0,1,0,1,0,0,0,1,1,1,0,0,1,1,0,0.505195
