0,1,0,1,0,1,1,1,0,1,0,0,0,0,0,0,0,1,0,1,0,1,1,0,0,1,0,1,1,1,1,1,0.612212
0,0,0,0,0,1,1,1,0,0,1,0,0,0,1,1,1,1,0,1,0,0,1,0,0,1,0,0,0,0,1,1,0.608269
0,1,0,1,0,1,0,0,0,0,1,1,0,1,0,0,0,1,0,0,1,0,0,1,1,0,1,0,0,0,0,0,0.537404
1,0,0,0,0,0,0,0,1,1,1,0,0,0,0,0,0,1,0,0,1,0,1,0,0,1,1,0,1,0,0,0,0.753970
1,0,1,0,0,1,1,1,1,0,0,0,1,0,0,1,1,1,0,0,0,0,1,1,0,1,0,1,0,0,0,0,0.740782
0,0,1,0,1,0,0,1,1,1,0,1,1,0,0,1,1,0,0,0,0,1,0,0,1,0,0,0,1,1,0,1,0.673673
0,0,1,1,0,0,0,1,1,1,1,0,0,1,0,1,1,1,1,1,1,1,1,0,0,1,1,1,1,0,1,0,0.700021
0,0,1,1,1,0,1,1,1,0,1,0,1,1,0,1,0,0,1,1,0,1,1,0,0,0,0,0,0,1,1,1,0.620871
0,0,0,1,1,1,0,1,1,0,1,0,0,0,1,1,0,0,0,0,1,1,0,1,0,1,1,1,0,0,1,0,0.568574
0,0,0,1,0,0,0,1,1,1,1,0,1,0,0,0,1,0,0,0,1,1,0,0,0,0,1,1,1,1,1,1,0.654758
1,1,0,1,0,1,0,0,0,1,0,1,1,1,1,0,0,0,0,0,1,0,1,1,0,1,1,1,0,1,0,1,0.645753
0,0,0,1,0,0,0,1,1,0,0,1,1,0,0,0,0,1,1,0,1,1,0,0,1,0,1,1,1,0,1,1,0.602542
1,1,1,1,1,1,1,1,0,1,0,0,1,1,1,0,1,0,1,1,0,0,0,0,1,1,1,1,0,0,0,0,0.862612
1,0,1,0,0,0,1,0,0,1,1,0,0,0,0,1,0,0,1,1,1,0,1,1,0,0,0,1,0,0,0,0,0.704177
0,0,1,1,0,0,0,0,0,1,1,0,1,1,1,1,0,1,1,1,0,0,0,1,1,1,0,0,0,0,0,0,0.583467
0,1,0,0,0,0,1,1,1,0,0,1,0,1,0,0,0,1,0,1,1,1,1,1,0,1,1,1,1,0,0,0,0.654945
0,0,0,0,0,0,0,1,0,1,0,1,1,1,0,0,1,1,1,1,1,0,0,1,0,1,1,0,0,1,1,1,0.635976
0,0,1,0,0,1,0,0,1,1,0,1,1,0,0,0,1,0,1,0,1,1,1,0,0,1,1,0,1,1,0,0,0.580376
1,1,1,1,0,1,0,1,0,1,0,0,0,0,1,1,1,0,1,0,0,0,1,1,0,1,1,1,1,0,0,0,0.803176
0,0,1,0,1,0,0,0,0,1,0,1,1,0,1,0,1,0,0,1,0,1,1,1,1,0,0,1,0,1,0,1,0.611946
1,0,0,0,0,0,1,1,1,1,0,0,1,1,1,1,0,0,1,1,1,0,0,1,0,0,1,1,1,1,0,1,0.632753
0,1,1,1,0,1,1,1,0,0,1,0,0,1,1,1,1,1,0,1,1,1,0,0,0,0,1,0,1,0,0,0,0.681426
1,1,0,0,1,0,0,1,0,0,1,0,1,1,0,1,1,1,0,1,0,1,1,0,0,1,0,1,1,1,0,0,0.780770
0,0,1,0,1,1,0,0,0,1,1,1,1,0,0,0,1,0,1,1,1,1,1,0,0,0,0,0,0,0,1,1,0.638667
1,0,1,1,0,0,0,0,1,0,0,1,1,1,1,0,1,0,0,0,1,1,0,1,0,1,1,0,0,1,1,1,0.613571
0,0,0,0,1,0,0,0,1,0,1,0,0,1,0,1,1,1,1,1,1,0,0,0,0,0,0,0,1,1,0,1,0.649483
0,1,1,1,0,0,0,0,0,1,1,1,0,1,0,0,1,1,0,0,0,0,0,1,1,0,0,0,1,1,0,0,0.631181
0,1,0,1,0,0,1,1,0,1,0,1,0,0,0,1,0,1,0,0,1,0,1,1,0,0,1,0,0,1,1,0,0.580696
1,0,0,1,1,1,0,1,0,1,1,0,0,0,1,0,0,1,0,1,0,0,1,1,0,1,0,0,1,0,0,1,0.681532
0,1,0,0,1,1,0,0,0,1,0,0,1,1,1,0,0,0,1,0,0,0,1,0,1,1,0,1,0,0,1,1,0.591912
0,0,0,1,1,1,1,1,1,0,1,1,0,0,1,1,0,0,0,0,1,0,1,0,1,1,0,0,1,1,0,0,0.632007
0,0,0,1,1,0,1,0,1,1,0,0,0,0,0,1,0,0,1,0,1,0,1,1,0,1,1,1,1,1,0,0,0.598119
0,1,1,1,1,1,0,1,0,0,0,1,0,1,0,0,1,1,1,1,0,0,1,0,0,0,1,0,0,0,1,1,0.647485
1,1,1,0,1,0,1,1,0,1,0,0,1,1,1,1,1,1,1,0,0,0,0,0,0,0,1,1,0,1,1,1,0.635283
0,1,1,0,0,0,1,0,1,0,1,0,1,0,1,1,1,0,0,0,1,1,0,0,0,0,0,0,1,1,1,0,0.626705
1,1,0,0,0,1,1,1,1,1,0,1,1,1,1,1,1,0,1,1,1,1,0,0,0,1,0,1,0,1,0,0,0.746830
1,0,1,1,1,1,0,1,1,0,0,0,1,0,0,1,0,0,0,1,1,0,1,1,0,1,1,0,1,0,0,0,0.741262
0,0,0,1,0,1,0,0,1,0,0,1,0,1,0,1,1,0,1,1,1,0,1,0,0,1,0,1,0,0,1,0,0.579604
1,0,0,0,0,1,0,0,0,0,0,1,0,1,0,0,0,1,0,1,1,1,1,0,1,1,1,1,1,0,1,0,0.710624
0,0,1,1,1,0,1,1,1,1,1,0,1,0,1,0,1,0,1,1,0,0,0,1,0,1,1,1,0,1,0,1,0.644874
1,0,0,0,1,1,1,1,1,0,1,1,0,0,1,1,1,1,1,0,1,0,1,0,1,1,0,1,1,1,0,0,0.783142
0,0,0,0,1,0,1,1,1,1,1,1,1,1,1,1,0,0,1,0,1,0,1,1,1,1,1,1,0,0,1,0,0.661658
1,1,1,1,1,1,0,0,0,1,0,1,1,0,0,1,0,0,1,0,1,1,1,1,1,0,1,1,0,0,0,0,0.753650
1,1,1,0,1,1,0,1,1,0,1,1,1,1,0,0,1,1,1,0,1,0,1,0,1,1,1,1,1,1,0,1,0.666214
1,0,0,0,1,0,1,0,1,0,1,1,0,1,1,1,1,1,0,1,0,0,1,1,0,1,1,1,1,1,1,0,0.726982
0,0,0,0,0,1,0,0,0,0,1,0,1,0,0,0,1,0,1,0,0,0,1,1,0,0,0,1,1,1,1,0,0.553442
0,1,0,0,0,1,0,0,0,1,1,0,0,1,1,1,1,1,1,0,1,1,1,1,0,1,0,0,0,1,0,0,0.671062
0,1,0,0,0,1,0,0,1,0,0,1,1,1,0,0,0,0,1,0,0,1,1,1,0,1,1,0,0,1,0,0,0.587223
1,0,0,1,0,0,0,0,0,0,0,1,0,0,0,1,0,1,1,0,0,1,1,0,0,1,0,1,1,0,1,1,0.609735
1,0,0,0,1,1,0,1,0,1,0,0,0,1,1,1,1,1,1,0,0,0,0,0,0,0,0,1,0,1,0,0,0.710731
0,0,0,0,1,0,0,1,1,1,0,0,0,0,1,0,0,0,1,1,1,0,0,1,1,0,0,0,0,1,1,0,0.552296
0,1,0,0,1,0,0,1,0,0,0,1,1,0,0,1,1,1,1,0,1,0,0,1,1,0,1,0,0,0,1,1,0.656410
0,0,1,0,0,1,1,0,1,0,1,0,0,1,0,0,1,1,0,1,0,0,0,0,1,0,0,0,0,0,0,0,0.593004
1,1,0,1,0,1,0,1,0,1,1,0,1,1,1,1,0,1,0,0,1,1,0,1,1,0,1,0,0,0,0,0,0.750186
0,1,0,0,0,0,1,0,0,0,1,1,0,0,0,0,1,0,0,1,1,0,1,0,1,0,0,0,0,0,0,1,0.607417
1,0,1,1,0,1,0,0,0,1,0,1,1,1,1,1,0,0,0,1,1,0,0,1,0,0,1,0,1,0,0,1,0.636589
1,1,1,1,1,1,1,1,0,0,1,0,0,0,0,0,0,1,1,1,0,0,1,1,1,0,1,1,0,0,1,1,0.643223
0,0,0,1,1,0,0,1,1,0,0,1,1,0,0,1,1,0,1,0,0,0,1,1,1,0,1,0,0,0,1,1,0.635443
1,1,0,1,0,0,0,1,1,1,0,1,1,0,0,1,0,1,1,0,0,1,1,1,0,0,0,1,1,1,1,1,0.592498
0,0,1,0,1,1,0,1,0,1,1,0,0,0,1,0,1,0,1,0,0,0,0,1,1,1,1,0,0,0,1,1,0.636243
1,0,1,0,0,1,1,1,0,0,0,0,1,0,1,1,0,0,0,0,0,1,1,0,0,1,0,1,1,1,0,1,0.650282
0,0,1,1,1,1,1,1,0,1,0,0,1,1,0,1,0,1,0,1,1,0,0,1,1,0,0,1,1,1,0,1,0.657689
1,0,0,0,1,0,0,1,1,0,0,1,0,0,0,1,1,0,0,1,0,0,0,1,1,0,1,1,0,0,1,0,0.715926
0,0,0,0,1,1,1,1,0,1,0,0,0,1,0,0,0,1,0,0,1,1,1,0,0,1,1,1,0,1,0,0,0.510949
0,1,1,1,0,0,1,0,1,1,0,0,1,0,0,1,0,1,0,1,0,0,0,1,1,1,1,0,1,1,0,1,0.647565
0,1,1,1,1,0,1,0,1,0,0,1,0,1,0,1,0,0,0,0,0,1,0,1,0,1,1,0,0,1,1,1,0.601236
1,0,0,1,0,1,1,1,1,1,1,1,0,1,0,0,0,1,1,1,0,1,0,1,0,0,1,1,1,0,1,1,0.630355
1,0,0,0,0,1,1,1,1,1,1,0,1,1,1,1,0,0,0,1,1,0,0,1,0,0,1,0,0,0,0,1,0.639386
1,1,0,1,1,1,1,1,1,1,1,0,1,0,1,0,0,0,0,1,1,1,0,1,1,0,0,1,1,1,0,1,0.647112
1,0,1,1,0,0,0,0,1,0,0,0,1,1,0,1,1,1,1,1,1,0,0,1,0,0,0,1,1,0,0,1,0.670157
1,1,1,1,0,1,1,0,0,1,1,1,0,0,1,1,0,1,1,1,1,0,1,1,1,1,0,0,1,1,1,1,0.536019
0,0,0,1,0,1,0,1,0,0,0,1,0,1,0,1,0,0,1,1,1,1,1,1,1,1,0,0,1,1,0,0,0.594736
1,1,0,1,0,0,0,1,0,1,1,1,0,0,0,0,0,0,0,0,1,0,0,1,0,0,1,1,1,0,0,0,0.799100
0,0,0,1,1,1,1,1,1,0,0,0,1,1,0,0,1,1,0,1,0,0,0,0,0,1,0,0,0,1,0,0,0.650016
1,1,1,0,1,0,1,1,0,0,0,0,0,0,0,0,1,1,0,0,0,0,1,1,0,0,0,1,1,0,0,0,0.822331
1,1,0,1,1,0,0,0,0,0,0,1,0,1,1,0,0,1,0,1,1,1,0,1,0,0,1,1,1,1,0,0,0.788523
1,1,0,0,1,0,1,0,1,1,0,0,1,1,1,0,1,1,1,0,0,1,0,0,0,1,0,1,1,1,0,0,0.805174
1,1,1,0,1,1,1,1,1,1,0,0,1,1,1,1,0,0,0,0,0,0,0,1,1,0,1,0,1,0,0,0,0.798913
1,0,1,1,1,1,0,1,0,0,1,0,1,1,0,0,0,0,1,1,1,1,0,1,0,0,0,0,1,0,1,0,0.759085
0,0,0,0,1,1,1,0,0,0,0,0,1,1,1,0,0,1,0,0,1,1,0,1,0,0,0,1,0,0,0,0,0.452792
1,1,0,0,0,0,0,1,1,1,0,0,0,1,1,0,0,1,0,1,0,1,0,0,0,1,0,0,0,0,0,0,0.799073
0,1,1,0,1,1,1,0,1,1,1,0,0,0,1,1,1,1,0,1,1,0,0,1,1,0,0,1,0,1,0,0,0.674100
1,0,1,0,0,1,0,1,0,1,0,0,1,1,0,0,0,0,0,0,1,0,0,0,0,0,0,1,1,0,0,1,0.687127
0,0,1,1,0,0,1,1,0,1,0,1,1,1,1,1,1,1,1,1,0,0,1,0,0,1,1,1,1,0,0,1,0.673886
0,0,1,0,0,0,0,0,0,0,1,1,0,0,0,0,0,0,0,0,0,1,0,0,1,0,0,1,1,1,1,1,0.609921
1,1,1,1,0,0,0,1,1,1,1,0,0,1,0,1,0,1,0,0,0,1,0,0,1,1,1,0,1,0,1,1,0.601076
1,0,0,1,1,1,1,1,0,0,0,0,0,1,0,1,0,0,0,1,0,1,0,1,1,1,0,1,0,0,0,1,0.616182
1,1,0,0,1,0,1,1,0,1,1,1,1,0,1,0,0,0,1,0,1,0,0,1,0,0,0,0,0,1,1,1,0.642317
0,1,1,1,1,1,0,1,0,1,0,0,1,0,0,1,1,0,1,0,1,0,0,0,0,0,1,1,0,1,0,1,0.638267
1,1,1,0,1,1,1,0,1,0,1,1,1,1,0,0,0,0,1,0,0,0,1,1,0,1,1,0,0,0,1,0,0.769315
0,0,0,0,0,1,0,1,0,0,0,0,0,1,1,1,0,0,0,0,1,1,1,1,1,1,0,1,0,1,0,1,0.569906
0,1,0,0,0,0,1,1,1,1,0,1,1,0,1,0,1,1,0,1,0,1,0,0,0,1,0,0,0,0,1,1,0.665921
1,0,0,1,1,0,0,1,0,0,1,0,1,1,1,1,0,1,0,0,0,1,0,0,0,0,0,0,0,0,1,0,0.649829
0,1,1,1,0,1,0,1,1,1,1,1,1,1,1,1,0,1,1,1,0,0,0,1,1,1,1,1,1,1,0,1,0.661978
1,0,1,0,1,0,0,0,1,0,1,1,1,1,0,0,1,1,1,0,1,0,0,0,1,1,0,1,0,1,1,0,0.740249
0,1,1,0,1,0,0,1,0,0,1,0,0,1,0,1,1,0,0,0,1,0,1,0,1,0,0,0,1,1,0,0,0.625107
1,1,0,1,0,1,0,0,1,1,1,0,1,0,1,0,1,0,1,1,0,1,1,1,1,0,1,0,0,0,1,1,0.627851
0,1,0,1,1,1,1,1,0,1,0,1,0,0,0,0,1,1,1,1,0,1,0,0,1,1,1,0,0,0,1,1,0.631580
0,1,0,0,1,0,0,1,1,1,0,1,1,0,1,0,0,0,0,0,1,1,1,1,0,0,1,1,0,0,1,0,0.621537
1,0,0,1,1,0,0,1,1,0,1,1,0,0,0,0,1,0,1,0,1,1,1,0,0,0,1,0,0,0,0,1,0.686861
1,0,1,0,0,1,0,0,0,0,1,1,0,1,1,0,1,0,0,0,1,0,0,1,1,0,1,1,0,1,1,1,0.616102
0,0,0,1,1,0,1,1,1,0,0,0,0,1,1,0,0,0,1,1,1,0,0,1,0,1,1,1,1,0,0,1,0.653533
1,0,1,0,0,1,1,1,0,0,1,1,0,0,0,0,1,1,1,1,0,1,0,0,1,0,0,1,1,1,0,1,0.688592
1,1,1,1,0,1,1,1,1,0,1,1,0,1,0,0,0,1,0,0,1,1,0,1,1,0,1,1,0,0,0,1,0.668505
1,0,1,1,0,0,0,1,1,0,1,1,1,0,1,0,0,1,1,0,0,0,1,0,0,1,1,0,0,0,0,1,0.635337
0,0,0,0,1,1,0,0,1,0,1,1,1,1,0,1,0,0,1,1,1,1,1,1,1,0,1,1,0,0,0,0,0.526481
0,0,0,1,0,0,1,0,1,0,0,1,1,0,0,1,0,1,1,1,0,1,0,0,0,1,0,0,1,0,0,1,0.594230
0,1,0,1,0,1,1,1,1,1,1,0,1,1,1,0,0,1,0,1,1,0,0,1,0,0,0,0,0,0,0,0,0.589754
0,1,1,0,0,1,0,1,0,1,1,1,1,0,1,1,1,0,1,1,1,1,1,0,1,1,1,1,1,1,1,1,0.705616
0,1,0,0,1,1,0,1,0,0,0,1,1,0,0,1,1,0,1,0,1,0,0,0,1,1,1,0,1,1,0,0,0.659847
0,1,1,0,1,0,1,1,0,0,1,1,0,0,1,0,0,1,0,0,0,0,1,1,0,1,0,0,1,1,1,1,0.691523
1,1,1,1,1,0,1,1,0,1,1,1,0,1,1,1,1,0,1,1,0,0,1,1,0,0,0,1,0,1,1,0,0.764839
0,1,1,0,1,0,1,0,0,1,0,0,0,1,1,1,0,0,1,0,1,0,1,1,1,0,0,0,0,1,1,1,0.618633
1,0,1,1,1,1,0,1,1,1,1,0,1,1,1,1,0,1,1,0,0,1,0,0,1,1,1,1,0,0,1,1,0.610720
0,1,1,0,0,0,1,0,1,1,1,1,0,1,1,0,1,0,1,1,1,0,0,1,0,1,0,1,1,0,1,1,0.675645
1,0,1,0,1,1,1,1,0,1,1,1,0,0,0,1,1,0,1,1,0,1,1,1,1,0,0,0,0,0,1,1,0.621483
0,1,1,0,1,1,1,1,0,0,0,1,1,0,0,1,1,0,0,0,1,1,1,1,1,1,1,0,1,1,0,0,0.711317
0,1,0,1,1,1,0,1,1,1,1,1,0,0,1,0,1,1,0,1,1,0,1,1,0,1,0,0,0,1,0,1,0.653559
1,0,0,0,1,0,0,1,0,1,1,1,0,0,1,1,1,0,1,0,0,1,0,1,0,1,1,0,1,0,1,0,0.702552
0,1,0,1,1,0,0,1,1,1,0,0,0,0,0,1,1,1,1,1,0,1,1,1,0,0,1,1,1,0,0,1,0.652440
0,1,1,1,0,1,1,0,1,0,1,1,0,1,0,1,1,1,0,0,1,1,1,1,0,0,0,1,0,1,0,0,0.665361
0,0,0,1,0,0,1,0,0,1,0,0,1,1,1,0,0,0,1,0,1,0,0,0,1,1,1,0,0,1,1,0,0.502424
1,1,1,1,1,1,1,0,1,0,1,1,0,0,0,0,0,0,1,0,1,0,0,0,1,1,1,0,0,1,1,1,0.622149
0,1,0,1,0,1,0,0,1,1,0,1,1,0,1,1,1,1,0,1,1,0,1,0,0,0,0,0,1,1,0,1,0.660060
0,1,0,1,1,0,0,1,0,1,1,0,0,1,1,1,0,1,1,0,0,1,0,0,0,1,1,0,1,1,1,1,0.709026
1,1,0,1,0,0,1,1,0,1,0,1,1,1,1,0,0,1,0,0,0,0,1,1,1,0,0,0,1,1,0,1,0.701300
1,1,1,1,0,1,1,0,1,0,0,1,0,0,1,1,0,1,0,0,0,1,1,1,1,0,0,0,0,1,1,1,0.558877
1,1,1,1,1,0,0,0,1,0,1,1,1,0,0,1,1,1,0,0,0,1,0,1,1,0,1,1,0,1,0,0,0.828005
