0,1,1,0,1,1,0,0,1,1,1,0,1,0,1,0,0,1,1,1,0,1,0,1,0,1,0,1,0,0,1,1,0.592924
0,0,0,1,0,0,0,1,1,1,1,0,1,0,1,1,0,0,0,0,0,0,1,0,1,1,1,0,1,1,0,0,0.630797
0,0,1,1,1,1,0,0,0,1,0,1,1,0,0,1,0,1,1,1,1,0,0,1,0,0,1,1,1,0,0,1,0.592263
0,0,1,0,1,1,0,0,1,0,1,1,1,1,1,0,1,1,1,1,0,0,1,0,1,1,0,1,1,1,1,0,0.613789
1,0,0,1,1,0,0,1,0,1,0,0,1,0,1,1,0,1,1,1,0,0,0,1,0,0,0,0,1,0,0,1,0.600043
0,1,0,0,1,0,0,1,0,1,1,1,0,0,0,0,0,1,0,0,1,0,0,0,0,0,1,1,1,0,1,0,0.587298
0,1,1,0,1,1,1,1,1,0,0,1,1,0,0,1,0,0,0,1,0,0,0,1,1,1,1,0,1,0,1,1,0.579838
0,1,0,1,0,1,0,1,0,1,1,0,1,0,0,0,1,1,0,1,1,1,0,0,1,0,1,1,0,0,0,0,0.593393
0,1,1,0,0,1,1,0,1,1,1,0,1,0,1,0,1,0,1,0,0,0,0,1,0,1,0,0,1,1,1,0,0.598700
1,1,1,0,0,1,0,1,0,0,1,1,0,1,1,1,1,0,0,0,0,1,1,1,0,1,0,0,1,0,0,1,0.592519
1,1,1,0,0,0,0,1,0,0,1,0,1,1,1,1,0,1,0,1,0,0,0,1,0,0,0,0,1,0,1,0,0.592221
1,0,1,0,1,0,0,1,1,1,1,0,1,0,1,0,0,1,0,0,0,0,1,0,1,0,0,0,1,0,1,1,0.596824
0,0,0,1,0,1,0,0,0,0,1,1,0,0,0,0,1,0,0,1,0,0,0,0,1,1,0,0,1,0,1,0,0.591390
1,1,1,1,0,1,1,1,1,0,0,1,0,1,0,1,0,1,1,0,0,0,1,0,1,0,1,0,0,0,1,0,0.589898
1,0,0,0,1,1,0,1,0,1,0,1,1,0,0,0,1,1,0,0,0,1,1,1,0,1,0,0,1,0,1,0,0.571377
1,0,0,0,1,1,1,0,0,1,1,1,1,0,1,1,1,0,0,1,1,0,1,1,1,1,1,1,0,0,1,1,0.587234
1,1,1,0,1,0,0,0,0,1,0,0,1,1,0,1,0,1,0,1,1,0,1,1,0,0,1,0,1,1,0,0,0.589535
1,0,1,0,1,0,0,1,1,0,1,0,0,1,0,0,1,0,1,0,0,0,1,0,0,0,1,0,0,0,0,0,0.584996
0,1,0,0,0,1,0,1,1,0,0,1,1,0,1,1,1,0,1,0,1,1,0,1,1,1,1,0,1,1,0,1,0.591560
0,0,1,0,0,0,0,0,0,1,0,0,1,1,0,1,1,1,1,0,1,1,1,0,1,0,0,0,1,1,0,1,0.602089
1,1,0,0,1,1,1,0,1,1,1,1,1,0,1,0,0,0,0,0,0,0,1,1,1,0,1,0,1,1,0,1,0.582118
1,0,1,0,1,0,0,0,1,0,1,1,1,0,0,0,0,0,0,0,1,1,0,0,0,0,1,0,0,1,0,0,0.581053
1,0,1,0,1,0,0,1,1,1,1,0,1,0,0,1,1,0,1,0,1,0,1,1,0,1,0,0,0,0,1,1,0.590239
1,1,1,0,1,1,1,1,1,0,1,0,0,1,0,1,1,0,0,0,0,1,0,0,1,1,1,0,0,0,1,0,0.599702
1,0,0,0,0,1,0,0,0,1,0,0,1,1,0,1,1,1,1,0,0,0,1,0,0,1,1,0,0,0,1,0,0.587681
1,0,1,0,1,0,1,0,1,0,1,1,0,0,1,0,0,1,0,0,0,0,0,0,1,1,1,1,0,0,1,0,0.570375
0,1,1,0,0,0,1,0,1,0,1,1,1,0,1,1,1,0,1,0,0,1,1,0,1,1,1,1,0,0,1,1,0.594309
0,1,0,0,1,1,1,0,1,1,1,1,0,0,1,0,1,0,1,0,1,0,0,1,1,0,1,0,1,1,0,1,0.598061
0,1,1,0,1,0,0,0,1,1,1,1,1,0,0,0,0,0,1,1,0,1,0,0,0,1,0,0,1,0,0,1,0.595226
1,0,0,0,0,0,1,0,0,1,0,1,0,0,1,0,0,1,0,1,0,1,0,0,0,0,1,0,1,1,1,0,0.586040
1,1,0,1,0,1,0,0,1,1,0,1,1,0,1,1,1,0,1,0,0,0,0,1,1,0,1,1,0,0,1,0,0.598061
1,0,1,1,1,0,0,0,0,1,1,0,1,0,1,0,1,0,1,0,0,1,0,0,0,0,0,1,1,0,0,1,0.594224
0,0,1,1,0,1,0,1,0,1,1,1,1,0,0,1,0,0,1,0,1,1,1,1,1,1,1,1,0,1,1,0,0.601108
1,0,0,1,0,0,0,0,1,0,1,0,1,1,1,1,0,1,1,0,0,1,0,0,1,0,1,0,0,0,1,0,0.597379
1,1,0,1,1,1,1,0,0,1,0,0,0,1,1,1,0,0,0,1,0,1,1,0,0,1,1,0,1,0,1,1,0.591837
0,0,1,1,1,0,0,0,0,1,0,0,0,1,1,0,1,0,1,1,0,0,0,1,1,1,0,1,0,0,0,0,0.602685
1,1,0,1,1,0,1,0,0,0,0,0,1,0,1,0,1,1,1,1,1,0,1,1,1,0,0,1,0,1,0,1,0.601876
0,1,0,0,0,1,1,0,0,1,0,1,1,1,1,1,0,1,1,1,0,0,1,1,0,1,0,1,0,1,1,0,0.597123
0,1,1,0,0,0,1,0,0,1,0,0,1,0,0,0,0,1,0,1,1,1,0,0,0,1,1,1,1,1,0,0,0.590878
0,1,1,0,1,0,1,0,0,1,0,0,0,1,1,0,0,1,1,0,1,1,0,1,0,1,0,0,0,0,0,1,0.588534
0,0,0,1,1,1,0,0,0,1,1,0,0,0,1,1,0,1,1,1,0,0,0,0,0,1,0,1,0,1,1,1,0.579092
0,0,1,0,1,1,1,1,0,0,0,0,1,1,0,1,0,0,0,1,0,1,1,1,0,1,0,1,1,0,1,0,0.540942
1,1,1,0,0,0,0,1,0,1,1,0,1,0,1,1,0,0,1,0,1,0,1,1,1,0,1,0,0,1,1,0,0.589408
0,1,0,0,0,1,0,0,0,0,0,0,1,1,1,0,1,0,0,0,1,0,1,0,0,0,1,0,0,0,1,0,0.576705
1,1,1,1,1,1,1,0,1,0,0,1,0,0,0,1,1,0,1,0,0,0,1,1,0,0,0,0,0,1,1,0,0.597869
0,0,1,0,1,0,0,0,0,1,1,0,0,0,0,1,0,0,1,0,1,1,1,1,0,1,1,0,0,1,1,0,0.559122
0,0,0,1,1,1,0,0,1,0,1,0,0,1,0,0,1,1,0,1,1,1,0,0,0,1,1,1,0,1,1,0,0.597954
0,1,1,1,0,0,0,1,1,1,0,0,1,0,0,0,1,0,1,1,1,1,1,0,1,1,1,0,0,0,1,0,0.597954
1,0,1,1,1,0,0,1,1,0,0,0,1,1,1,0,0,1,1,0,0,0,0,1,1,1,0,0,1,0,1,0,0.602046
0,0,0,0,1,0,0,1,0,0,1,1,1,1,1,0,1,1,1,0,1,1,1,1,0,0,0,1,0,1,0,0,0.588193
0,1,0,0,0,1,0,0,0,0,0,0,1,1,1,0,1,1,1,1,1,1,1,1,1,0,1,1,0,0,1,0,0.629348
1,0,1,0,1,0,1,0,1,0,0,0,0,0,1,0,0,1,0,1,1,0,1,0,1,1,1,0,1,1,1,1,0.615367
0,0,1,1,0,1,0,0,1,0,1,0,1,0,1,1,1,0,1,1,1,1,0,1,0,0,1,0,1,0,0,0,0.600895
1,1,1,0,0,0,1,1,1,0,0,1,1,0,1,0,1,1,0,1,1,0,0,0,1,0,1,1,0,1,0,0,0.596270
1,0,1,0,0,0,0,1,1,1,1,0,1,0,1,0,0,0,0,0,0,0,0,0,1,1,0,0,1,0,1,0,0.611402
0,1,1,0,1,1,0,0,0,1,1,0,1,1,1,0,1,0,1,0,0,0,0,0,0,0,0,1,0,0,1,1,0.585550
0,0,1,0,1,1,1,0,1,0,0,0,0,0,0,1,1,0,0,1,1,1,1,0,0,0,0,0,0,0,0,0,0.584015
1,0,1,1,0,0,1,1,1,0,0,0,1,0,1,0,0,0,0,1,0,0,1,0,1,1,0,1,0,0,1,0,0.584292
1,1,1,0,1,0,0,0,1,1,0,1,0,0,0,0,0,1,0,0,0,1,1,1,0,0,0,0,0,1,0,1,0.598167
1,1,0,0,1,0,0,1,1,0,1,0,0,1,0,1,0,1,1,0,1,0,0,0,0,1,0,0,1,0,1,1,0.597805
0,0,1,1,0,0,0,0,0,1,0,0,1,0,0,0,0,0,0,0,1,0,0,1,0,0,0,0,1,0,0,1,0.583099
0,1,0,0,0,0,1,1,1,0,1,0,1,0,1,1,0,1,1,1,0,1,0,0,1,1,0,0,0,1,1,0,0.596846
1,1,1,1,0,1,0,0,1,0,1,1,1,1,0,1,0,0,0,1,0,0,0,1,0,1,0,1,0,0,1,0,0.600128
0,0,1,1,0,0,0,0,0,0,0,1,1,1,1,1,1,1,1,0,0,0,1,1,1,1,1,1,0,1,1,0,0.602558
1,0,0,1,1,0,1,0,1,0,1,0,1,0,1,1,1,0,1,1,1,0,0,0,0,1,0,0,0,1,0,0,0.591560
0,0,1,0,1,0,0,0,1,1,1,1,0,0,1,1,0,0,1,1,1,1,0,1,1,0,0,1,1,0,1,1,0.594970
0,0,0,1,1,0,1,1,0,1,0,0,1,0,0,0,0,0,1,1,1,1,0,1,1,1,0,1,1,1,0,1,0.596441
0,0,0,0,0,1,1,0,0,0,1,1,1,0,0,0,1,0,0,1,0,0,1,0,1,1,0,1,0,1,0,0,0.587660
0,1,0,0,1,0,0,0,1,0,0,1,1,1,1,1,1,1,1,0,1,0,1,1,1,0,0,1,0,0,1,1,0.608845
1,0,0,0,0,0,1,1,1,1,1,1,1,1,1,1,0,0,0,1,1,1,1,0,0,0,1,0,1,0,0,0,0.577749
0,1,0,1,1,1,0,1,1,0,0,1,1,1,1,0,0,0,1,0,1,1,1,0,1,0,0,0,1,1,0,1,0.587532
0,0,0,1,0,0,1,1,0,1,1,0,1,0,1,1,0,1,0,0,1,0,0,1,1,0,0,0,0,0,0,1,0.583142
0,0,0,0,0,1,1,1,1,0,1,0,1,1,0,1,1,0,1,0,1,0,1,1,1,0,0,1,1,0,1,0,0.571228
0,0,1,0,1,0,1,1,0,0,1,1,1,0,1,0,0,0,1,1,1,1,0,1,0,1,0,0,0,1,0,0,0.567668
0,0,0,0,1,1,1,0,1,0,0,0,1,1,1,1,0,0,0,1,1,1,0,0,0,0,1,1,0,0,0,0,0.538448
1,0,1,1,0,1,0,0,1,1,0,1,1,0,1,0,0,0,1,1,1,1,1,1,0,1,0,0,1,1,1,0,0.600043
0,1,0,1,1,1,1,1,0,1,0,0,1,0,1,1,0,0,0,1,0,0,1,0,1,1,0,1,0,1,1,1,0.586381
0,0,0,0,1,1,1,0,1,0,1,0,1,0,1,1,0,1,1,1,1,0,0,0,1,1,0,0,0,1,0,0,0.587937
1,0,1,0,1,1,1,0,1,1,1,1,0,1,1,0,0,0,1,0,0,1,1,0,0,0,1,0,1,1,0,0,0.588619
0,1,1,0,1,0,1,0,1,0,0,1,1,1,1,1,1,0,0,0,1,1,0,1,0,1,0,1,1,1,1,0,0.590644
0,0,0,0,1,1,1,0,0,1,0,1,0,1,1,1,1,0,1,0,1,0,0,1,0,0,0,1,0,1,1,0,0.584569
0,1,0,0,1,1,1,0,0,1,0,1,1,1,0,0,1,1,1,1,1,1,0,0,0,0,1,1,0,1,0,1,0.597570
1,0,0,1,0,0,1,0,1,1,0,1,1,1,1,1,1,0,0,0,0,0,0,0,0,1,0,1,1,1,0,1,0.629945
0,1,1,1,0,0,1,1,1,0,1,1,1,1,0,0,0,1,1,1,0,0,1,1,1,1,0,0,1,0,1,1,0.596014
0,1,0,1,1,0,0,0,1,0,0,0,1,0,1,0,0,0,0,1,1,0,0,1,0,1,1,1,0,0,0,0,0.587916
0,0,0,0,1,0,1,0,0,1,1,1,1,1,0,1,0,0,1,1,1,0,1,0,0,0,0,1,1,0,0,0,0.539450
1,0,1,0,1,0,1,1,1,1,1,1,1,0,0,0,1,0,1,1,0,1,0,0,1,0,1,1,1,0,0,1,0.598870
1,0,0,0,1,0,1,0,0,0,1,0,1,1,0,1,1,0,0,1,1,1,0,0,0,0,1,0,1,1,0,0,0.562127
1,1,1,1,0,1,1,1,1,1,0,0,0,1,1,1,0,0,0,1,0,1,1,0,0,0,1,0,1,1,1,1,0.560379
1,1,1,1,0,1,1,1,0,0,1,0,0,1,0,0,1,1,1,0,1,1,1,0,1,0,1,0,0,1,1,0,0.597293
1,0,1,1,0,0,0,0,1,1,1,1,1,0,1,0,1,0,0,0,0,1,1,1,1,1,1,0,0,0,1,0,0.598295
0,0,0,1,1,1,0,1,1,1,0,1,1,1,1,0,0,0,0,0,0,1,0,0,0,1,0,1,0,1,0,1,0.592242
1,1,0,0,0,0,0,1,1,1,0,0,1,0,0,0,1,1,0,0,0,1,1,0,0,0,1,0,1,1,1,0,0.593286
0,0,1,1,0,1,1,1,1,0,0,0,0,1,0,0,0,1,0,1,0,1,1,1,1,1,1,0,1,1,0,0,0.591049
0,1,1,0,1,1,1,1,1,1,0,1,1,0,1,0,1,0,0,1,0,1,0,0,1,1,0,1,1,0,0,0,0.594864
1,1,1,1,0,0,0,1,0,0,0,0,0,0,1,1,1,1,1,1,1,0,1,1,0,1,0,0,0,1,0,1,0.603303
0,0,0,0,0,1,1,0,1,0,0,1,1,0,0,0,1,1,1,1,0,1,1,0,0,0,0,0,1,0,1,0,0.594246
1,0,0,1,1,1,0,0,1,1,0,0,1,0,0,0,0,1,1,0,0,1,1,0,1,0,1,1,0,0,0,1,0.589834
1,0,1,1,0,1,1,0,0,0,0,0,1,0,1,1,0,0,0,1,0,1,1,1,0,0,0,0,1,0,1,0,0.579902
0,0,1,0,0,1,0,1,0,1,1,0,0,0,0,1,0,0,0,0,0,0,0,1,0,0,0,1,0,1,0,0,0.548124
0,0,0,1,0,1,1,1,0,0,1,0,0,1,0,1,1,0,0,1,1,0,0,1,0,0,0,1,0,1,0,1,0.584484
0,0,0,0,1,0,1,1,0,0,0,0,0,0,1,0,0,0,0,0,0,1,1,0,0,0,0,0,0,0,1,0,0.490558
1,0,0,0,0,1,0,0,1,0,1,0,1,1,0,0,1,0,0,1,0,0,1,0,1,1,1,0,0,1,1,0,0.594224
0,0,1,0,1,1,0,0,0,1,1,0,0,0,1,1,0,1,1,0,0,1,1,0,1,0,1,1,0,1,0,1,0.572805
1,1,1,1,1,1,1,1,1,0,0,0,1,0,1,1,0,1,1,1,1,1,0,1,0,0,1,1,0,1,0,0,0.604071
0,0,0,1,1,0,0,1,1,0,1,1,0,1,0,1,0,1,0,0,1,0,1,1,0,1,1,1,0,0,0,0,0.574595
1,0,0,1,1,0,0,1,1,1,1,1,0,0,0,0,0,0,0,1,0,1,0,1,0,0,1,0,1,0,0,1,0.593862
1,0,0,1,1,0,0,0,0,0,1,1,0,1,0,0,1,1,0,0,1,1,0,0,0,1,0,1,0,0,1,1,0.591667
0,1,0,1,0,1,0,0,1,0,0,0,1,0,0,1,1,1,0,0,0,1,1,1,1,1,1,0,1,1,1,0,0.598529
1,1,0,0,1,1,0,1,0,1,1,1,1,0,1,1,0,0,1,0,1,0,0,0,0,0,1,0,1,0,0,1,0.585678
1,0,0,0,1,0,0,0,0,0,0,1,1,0,0,0,1,0,0,0,1,1,0,1,0,1,0,0,1,0,0,0,0.582651
0,1,1,0,1,0,0,0,0,0,1,1,0,1,1,0,0,1,0,0,1,0,0,1,1,0,1,1,0,1,0,1,0.590686
0,0,1,1,1,0,1,0,1,1,1,0,1,0,0,1,1,0,1,1,0,1,1,0,0,0,0,1,1,1,0,1,0.597762
1,0,1,1,0,1,1,1,0,0,1,0,0,1,1,1,0,1,1,1,0,0,0,0,1,0,1,1,1,0,0,1,0.598508
0,0,1,1,0,1,0,0,0,1,0,0,0,0,0,0,0,1,1,0,0,1,0,1,0,0,1,1,0,0,1,1,0.570183
0,0,1,1,1,1,0,1,1,0,1,0,1,1,1,1,0,0,0,1,1,1,1,0,0,1,1,1,1,1,1,0,0.590409
1,0,0,0,0,1,0,0,0,1,1,0,0,0,1,0,0,0,1,1,0,0,0,1,1,0,0,0,0,0,1,0,0.583738
0,1,1,0,1,1,1,1,1,1,1,0,1,0,1,0,1,0,1,1,1,0,1,1,0,1,0,1,0,0,0,0,0.590516
0,1,0,1,0,1,0,1,0,1,1,1,1,1,1,1,0,1,0,1,1,1,0,0,0,1,1,1,1,0,1,1,0.600107
0,0,1,0,1,0,1,0,1,0,0,0,0,0,1,0,1,1,1,0,1,1,1,1,1,0,1,1,1,1,0,1,0.628090
0,1,0,1,0,0,0,0,1,0,1,1,0,0,1,1,0,1,1,0,1,1,0,1,1,0,1,0,1,1,1,0,0.591411
0,1,0,1,1,0,1,0,0,0,1,0,1,1,1,0,0,1,0,0,1,0,1,0,1,1,0,1,0,1,1,1,0.588683
1,0,0,1,1,1,0,1,0,1,0,0,0,1,0,1,0,0,0,0,0,1,0,1,1,1,1,1,0,1,0,0,0.591922
0,0,1,0,1,1,0,0,0,1,1,0,0,0,0,1,0,0,1,0,0,1,0,1,1,1,0,1,1,1,0,0,0.588811
0,1,1,1,0,1,1,1,1,1,1,1,1,0,0,1,0,1,1,0,1,1,0,0,1,1,0,1,1,0,1,1,0.593564
0,0,0,1,1,0,0,1,1,0,1,0,1,0,1,0,1,1,0,1,1,0,0,0,1,1,1,1,1,0,1,1,0.599318
0,0,1,0,0,1,0,0,0,0,1,0,1,1,1,0,1,0,0,0,1,1,1,1,1,0,0,0,1,1,0,1,0.583887
1,1,1,1,1,0,0,1,1,0,1,0,0,1,0,0,0,0,0,0,0,1,0,1,0,1,1,0,1,1,1,0,0.591347
