0,0,1,1,0,1,0,0,1,0,1,0,1,0,1,1,1,0,1,1,1,1,0,1,0,0,1,0,1,0,0,0,0.601449
1,0,0,0,1,0,1,0,0,0,1,0,1,1,0,1,1,0,0,1,1,1,0,0,0,0,1,0,1,1,0,0,0.560315
0,1,0,0,0,1,0,1,1,0,0,1,1,0,1,1,1,0,1,0,1,1,0,1,1,1,1,0,1,1,0,1,0.593564
0,1,0,0,0,0,1,1,1,0,1,0,1,0,1,1,0,1,1,1,0,1,0,0,1,1,0,0,0,1,1,0,0.598599
1,0,0,1,1,0,0,1,0,1,0,0,1,0,1,1,0,1,1,1,0,0,0,1,0,0,0,0,1,0,0,1,0.600730
0,0,1,0,1,1,0,0,0,1,1,0,0,0,1,1,0,1,1,0,0,1,1,0,1,0,1,1,0,1,0,1,0.573689
0,0,1,1,1,1,0,1,1,0,1,0,1,1,1,1,0,0,0,1,1,1,1,0,0,1,1,1,1,1,1,0,0.591539
0,1,0,1,0,1,0,0,1,0,0,0,1,0,0,1,1,1,0,0,0,1,1,1,1,1,1,0,1,1,1,0,0.598359
0,1,0,0,0,1,1,0,0,1,0,1,1,1,1,1,0,1,1,1,0,0,1,1,0,1,0,1,0,1,1,0,0.597373
0,0,1,0,1,1,1,0,1,0,0,0,0,0,0,1,1,0,0,1,1,1,1,0,0,0,0,0,0,0,0,0,0.583733
0,0,1,0,0,1,0,1,0,1,1,0,0,0,0,1,0,0,0,0,0,0,0,1,0,0,0,1,0,1,0,0,0.545210
0,1,1,0,1,1,1,1,1,1,0,1,1,0,1,0,1,0,0,1,0,1,0,0,1,1,0,1,1,0,0,0,0.595642
1,0,1,0,1,1,1,0,1,1,1,1,0,1,1,0,0,0,1,0,0,1,1,0,0,0,1,0,1,1,0,0,0.590766
0,1,0,0,1,0,0,0,1,0,0,1,1,1,1,1,1,1,1,0,1,0,1,1,1,0,0,1,0,0,1,1,0.608030
1,1,1,1,1,1,1,0,1,0,0,1,0,0,0,1,1,0,1,0,0,0,1,1,0,0,0,0,0,1,1,0,0.594682
0,1,1,0,1,0,0,0,1,1,1,1,1,0,0,0,0,0,1,1,0,1,0,0,0,1,0,0,1,0,0,1,0.594762
0,0,1,0,1,0,1,1,0,0,1,1,1,0,1,0,0,0,1,1,1,1,0,1,0,1,0,0,0,1,0,0,0.566283
0,0,0,1,0,1,1,1,0,0,1,0,0,1,0,1,1,0,0,1,1,0,0,1,0,0,0,1,0,1,0,1,0.581735
0,0,0,1,0,0,0,1,1,1,1,0,1,0,1,1,0,0,0,0,0,0,1,0,1,1,1,0,1,1,0,0,0.632273
0,0,0,0,1,1,1,0,1,0,1,0,1,0,1,1,0,1,1,1,1,0,0,0,1,1,0,0,0,1,0,0,0.587702
0,0,0,0,0,1,1,0,0,0,1,1,1,0,0,0,1,0,0,1,0,0,1,0,1,1,0,1,0,1,0,0,0.581229
1,0,1,0,0,0,0,1,1,1,1,0,1,0,1,0,0,0,0,0,0,0,0,0,1,1,0,0,1,0,1,0,0.610054
0,0,0,0,1,0,1,0,0,1,1,1,1,1,0,1,0,0,1,1,1,0,1,0,0,0,0,1,1,0,0,0,0.537750
1,1,0,0,1,1,0,1,0,1,1,1,1,0,1,1,0,0,1,0,1,0,0,0,0,0,1,0,1,0,0,1,0.584905
1,1,0,1,1,0,1,0,0,0,0,0,1,0,1,0,1,1,1,1,1,0,1,1,1,0,0,1,0,1,0,1,0.603660
0,1,0,1,0,0,0,0,1,0,1,1,0,0,1,1,0,1,1,0,1,1,0,1,1,0,1,0,1,1,1,0,0.592125
1,1,1,0,1,0,0,0,1,1,0,1,0,0,0,0,0,1,0,0,0,1,1,1,0,0,0,0,0,1,0,1,0.598732
1,0,0,1,1,0,0,1,1,1,1,1,0,0,0,0,0,0,0,1,0,1,0,1,0,0,1,0,1,0,0,1,0.593963
0,1,1,0,1,0,1,0,0,1,0,0,0,1,1,0,0,1,1,0,1,1,0,1,0,1,0,0,0,0,0,1,0.588395
1,1,1,0,0,0,0,1,0,0,1,0,1,1,1,1,0,1,0,1,0,0,0,1,0,0,0,0,1,0,1,0,0.591805
1,0,1,1,1,0,0,0,0,1,1,0,1,0,1,0,1,0,1,0,0,1,0,0,0,0,0,1,1,0,0,1,0.594016
1,1,0,1,1,1,1,0,0,1,0,0,0,1,1,1,0,0,0,1,0,1,1,0,0,1,1,0,1,0,1,1,0.592418
1,0,1,0,1,0,1,1,1,1,1,1,1,0,0,0,1,0,1,1,0,1,0,0,1,0,1,1,1,0,0,1,0.598439
0,0,0,0,1,1,1,0,1,0,0,0,1,1,1,1,0,0,0,1,1,1,0,0,0,0,1,1,0,0,0,0,0.538576
1,0,1,0,1,0,0,0,1,0,1,1,1,0,0,0,0,0,0,0,1,1,0,0,0,0,1,0,0,1,0,0,0.581175
0,0,1,0,1,0,0,0,1,1,1,1,0,0,1,1,0,0,1,1,1,1,0,1,1,0,0,1,1,0,1,1,0.595855
1,0,1,0,1,0,0,1,1,1,1,0,1,0,0,1,1,0,1,0,1,0,1,1,0,1,0,0,0,0,1,1,0.586903
0,1,1,0,1,1,0,0,0,1,1,0,1,1,1,0,1,0,1,0,0,0,0,0,0,0,0,1,0,0,1,1,0.583893
0,0,1,1,1,1,0,0,0,1,0,1,1,0,0,1,0,1,1,1,1,0,0,1,0,0,1,1,1,0,0,1,0.593484
0,0,1,1,1,0,1,0,1,1,1,0,1,0,0,1,1,0,1,1,0,1,1,0,0,0,0,1,1,1,0,1,0.600517
1,1,1,1,0,0,0,1,0,0,0,0,0,0,1,1,1,1,1,1,1,0,1,1,0,1,0,0,0,1,0,1,0.603954
0,0,1,1,1,0,0,0,0,1,0,0,0,1,1,0,1,0,1,1,0,0,0,1,1,1,0,1,0,0,0,0,0.602888
1,0,0,0,1,1,1,0,0,1,1,1,1,0,1,1,1,0,0,1,1,0,1,1,1,1,1,1,0,0,1,1,0.585918
1,1,1,0,1,0,0,0,0,1,0,0,1,1,0,1,0,1,0,1,1,0,1,1,0,0,1,0,1,1,0,0,0.588981
1,0,1,0,1,0,0,1,1,0,1,0,0,1,0,0,1,0,1,0,0,0,1,0,0,0,1,0,0,0,0,0,0.584585
1,1,0,0,1,1,1,0,1,1,1,1,1,0,1,0,0,0,0,0,0,0,1,1,1,0,1,0,1,1,0,1,0.582880
0,1,1,0,1,1,1,1,1,0,0,1,1,0,0,1,0,0,0,1,0,0,0,1,1,1,1,0,1,0,1,1,0.582028
1,0,1,1,0,1,1,1,0,0,1,0,0,1,1,1,0,1,1,1,0,0,0,0,1,0,1,1,1,0,0,1,0.599638
0,0,1,1,0,1,0,0,0,1,0,0,0,0,0,0,0,1,1,0,0,1,0,1,0,0,1,1,0,0,1,1,0.566896
0,1,1,0,1,0,1,0,1,0,0,1,1,1,1,1,1,0,0,0,1,1,0,1,0,1,0,1,1,1,1,0,0.590606
0,1,1,0,0,0,1,0,0,1,0,0,1,0,0,0,0,1,0,1,1,1,0,0,0,1,1,1,1,1,0,0,0.589408
0,1,1,0,0,0,1,0,1,0,1,1,1,0,1,1,1,0,1,0,0,1,1,0,1,1,1,1,0,0,1,1,0.595855
0,0,1,1,0,1,1,1,1,0,0,0,0,1,0,0,0,1,0,1,0,1,1,1,1,1,1,0,1,1,0,0,0.590473
0,1,0,0,1,1,1,0,1,1,1,1,0,0,1,0,1,0,1,0,1,0,0,1,1,0,1,0,1,1,0,1,0.597133
0,0,1,0,1,0,1,0,1,0,0,0,0,0,1,0,1,1,1,0,1,1,1,1,1,0,1,1,1,1,0,1,0.632353
1,1,1,1,0,1,1,1,0,0,1,0,0,1,0,0,1,1,1,0,1,1,1,0,1,0,1,0,0,1,1,0,0.596601
1,1,1,1,0,1,1,1,1,0,0,1,0,1,0,1,0,1,1,0,0,0,1,0,1,0,1,0,0,0,1,0,0.590793
1,0,0,1,1,1,0,0,1,1,0,0,1,0,0,0,0,1,1,0,0,1,1,0,1,0,1,1,0,0,0,1,0.590180
0,0,1,0,0,0,0,0,0,1,0,0,1,1,0,1,1,1,1,0,1,1,1,0,1,0,0,0,1,1,0,1,0.600357
1,0,1,1,0,1,0,0,1,1,0,1,1,0,1,0,0,0,1,1,1,1,1,1,0,1,0,0,1,1,1,0,0.599052
0,0,0,1,1,0,0,1,1,0,1,1,0,1,0,1,0,1,0,0,1,0,1,1,0,1,1,1,0,0,0,0,0.572810
1,0,0,1,1,0,1,0,1,0,1,0,1,0,1,1,1,0,1,1,1,0,0,0,0,1,0,0,0,1,0,0,0.590367
1,0,0,1,0,0,0,0,1,0,1,0,1,1,1,1,0,1,1,0,0,1,0,0,1,0,1,0,0,0,1,0,0.598146
0,1,1,0,1,1,1,1,1,1,1,0,1,0,1,0,1,0,1,1,1,0,1,1,0,1,0,1,0,0,0,0,0.589780
0,1,1,0,0,1,1,0,1,1,1,0,1,0,1,0,1,0,1,0,0,0,0,1,0,1,0,0,1,1,1,0,0.596681
0,1,0,0,1,0,0,1,0,1,1,1,0,0,0,0,0,1,0,0,1,0,0,0,0,0,1,1,1,0,1,0,0.586344
0,0,0,1,1,1,0,1,1,1,0,1,1,1,1,0,0,0,0,0,0,1,0,0,0,1,0,1,0,1,0,1,0.594629
0,0,1,0,0,1,0,0,0,0,1,0,1,1,1,0,1,0,0,0,1,1,1,1,1,0,0,0,1,1,0,1,0.582934
1,0,0,0,0,1,0,0,0,1,0,0,1,1,0,1,1,1,1,0,0,0,1,0,0,1,1,0,0,0,1,0,0.586317
0,1,1,1,0,0,0,1,1,1,0,0,1,0,0,0,1,0,1,1,1,1,1,0,1,1,1,0,0,0,1,0,0.599078
0,1,0,1,0,1,0,1,0,1,1,0,1,0,0,0,1,1,0,1,1,1,0,0,1,0,1,1,0,0,0,0,0.593777
1,0,0,1,0,0,1,0,1,1,0,1,1,1,1,1,1,0,0,0,0,0,0,0,0,1,0,1,1,1,0,1,0.632619
1,0,1,0,1,0,0,1,1,1,1,0,1,0,1,0,0,1,0,0,0,0,1,0,1,0,0,0,1,0,1,1,0.596760
0,0,0,0,0,1,1,1,1,0,1,0,1,1,0,1,1,0,1,0,1,0,1,1,1,0,0,1,1,0,1,0,0.570066
1,1,1,1,0,1,1,1,1,1,0,0,0,1,1,1,0,0,0,1,0,1,1,0,0,0,1,0,1,1,1,1,0.565484
0,0,0,0,1,0,0,1,0,0,1,1,1,1,1,0,1,1,1,0,1,1,1,1,0,0,0,1,0,1,0,0,0.590819
0,1,0,1,1,1,1,1,0,1,0,0,1,0,1,1,0,0,0,1,0,0,1,0,1,1,0,1,0,1,1,1,0.589541
1,0,0,0,1,1,0,1,0,1,0,1,1,0,0,0,1,1,0,0,0,1,1,1,0,1,0,0,1,0,1,0,0.573476
0,0,1,1,0,0,0,0,0,0,0,1,1,1,1,1,1,1,1,0,0,0,1,1,1,1,1,1,0,1,1,0,0.602915
0,0,0,0,1,0,1,1,0,0,0,0,0,0,1,0,0,0,0,0,0,1,1,0,0,0,0,0,0,0,1,0,0.490676
1,1,1,0,0,0,0,1,0,1,1,0,1,0,1,1,0,0,1,0,1,0,1,1,1,0,1,0,0,1,1,0,0.588688
1,1,1,1,0,1,0,0,1,0,1,1,1,1,0,1,0,0,0,1,0,0,0,1,0,1,0,1,0,0,1,0,0.599691
0,0,0,1,1,0,1,1,0,1,0,0,1,0,0,0,0,0,1,1,1,1,0,1,1,1,0,1,1,1,0,1,0.599025
1,1,1,0,0,1,0,1,0,0,1,1,0,1,1,1,1,0,0,0,0,1,1,1,0,1,0,0,1,0,0,1,0.592711
1,1,0,0,0,0,0,1,1,1,0,0,1,0,0,0,1,1,0,0,0,1,1,0,0,0,1,0,1,1,1,0,0.590873
1,0,1,1,0,0,1,1,1,0,0,0,1,0,1,0,0,0,0,1,0,0,1,0,1,1,0,1,0,0,1,0,0.583573
1,1,1,1,1,0,0,1,1,0,1,0,0,1,0,0,0,0,0,0,0,1,0,1,0,1,1,0,1,1,1,0,0.590766
0,0,0,1,0,1,0,0,0,0,1,1,0,0,0,0,1,0,0,1,0,0,0,0,1,1,0,0,1,0,1,0,0.587996
0,1,1,1,0,0,1,1,1,0,1,1,1,1,0,0,0,1,1,1,0,0,1,1,1,1,0,0,1,0,1,1,0.598039
1,1,1,1,1,1,1,1,1,0,0,0,1,0,1,1,0,1,1,1,1,1,0,1,0,0,1,1,0,1,0,0,0.601076
0,1,0,1,1,0,0,0,1,0,0,0,1,0,1,0,0,0,0,1,1,0,0,1,0,1,1,1,0,0,0,0,0.587329
1,1,0,0,1,0,0,1,1,0,1,0,0,1,0,1,0,1,1,0,1,0,0,0,0,1,0,0,1,0,1,1,0.601130
0,0,1,0,1,1,0,0,0,1,1,0,0,0,0,1,0,0,1,0,0,1,0,1,1,1,0,1,1,1,0,0,0.586290
1,0,0,0,0,1,0,0,0,1,1,0,0,0,1,0,0,0,1,1,0,0,0,1,1,0,0,0,0,0,1,0,0.582268
0,0,0,1,0,0,1,1,0,1,1,0,1,0,1,1,0,1,0,0,1,0,0,1,1,0,0,0,0,0,0,1,0.581175
0,0,0,1,1,1,0,0,0,1,1,0,0,0,1,1,0,1,1,1,0,0,0,0,0,1,0,1,0,1,1,1,0.579044
1,1,0,1,0,1,0,0,1,1,0,1,1,0,1,1,1,0,1,0,0,0,0,1,1,0,1,1,0,0,1,0,0.598386
0,1,0,0,0,1,0,0,0,0,0,0,1,1,1,0,1,0,0,0,1,0,1,0,0,0,1,0,0,0,1,0,0.573396
1,0,0,0,0,1,0,0,1,0,1,0,1,1,0,0,1,0,0,1,0,0,1,0,1,1,1,0,0,1,1,0,0.592365
0,0,0,1,1,0,0,1,1,0,1,0,1,0,1,0,1,1,0,1,1,0,0,0,1,1,1,1,1,0,1,1,0.598519
1,0,0,0,1,0,0,0,0,0,0,1,1,0,0,0,1,0,0,0,1,1,0,1,0,1,0,0,1,0,0,0,0.580243
0,1,1,0,1,0,0,0,0,0,1,1,0,1,1,0,0,1,0,0,1,0,0,1,1,0,1,1,0,1,0,1,0.588821
0,1,0,1,0,1,0,1,0,1,1,1,1,1,1,1,0,1,0,1,1,1,0,0,0,1,1,1,1,0,1,1,0.603128
0,0,0,0,0,1,1,0,1,0,0,1,1,0,0,0,1,1,1,1,0,1,1,0,0,0,0,0,1,0,1,0,0.593697
1,0,1,1,0,0,0,0,1,1,1,1,1,0,1,0,1,0,0,0,0,1,1,1,1,1,1,0,0,0,1,0,0.599531
0,0,1,0,1,0,0,0,0,1,1,0,0,0,0,1,0,0,1,0,1,1,1,1,0,1,1,0,0,1,1,0,0.558451
0,1,0,0,1,1,1,0,0,1,0,1,1,1,0,0,1,1,1,1,1,1,0,0,0,0,1,1,0,1,0,1,0.598013
0,0,1,0,1,1,1,1,0,0,0,0,1,1,0,1,0,0,0,1,0,1,1,1,0,1,0,1,1,0,1,0,0.541320
1,0,0,0,0,0,1,0,0,1,0,1,0,0,1,0,0,1,0,1,0,1,0,0,0,0,1,0,1,1,1,0,0.585225
0,1,0,1,1,0,1,0,0,0,1,0,1,1,1,0,0,1,0,0,1,0,1,0,1,1,0,1,0,1,1,1,0.588662
0,0,0,0,1,1,1,0,0,1,0,1,0,1,1,1,1,0,1,0,1,0,0,1,0,0,0,1,0,1,1,0,0.584053
0,1,1,0,1,1,0,0,1,1,1,0,1,0,1,0,0,1,1,1,0,1,0,1,0,1,0,1,0,0,1,1,0.593537
0,0,1,1,0,0,0,0,0,1,0,0,1,0,0,0,0,0,0,0,1,0,0,1,0,0,0,0,1,0,0,1,0.582401
1,0,1,1,0,1,1,0,0,0,0,0,1,0,1,1,0,0,0,1,0,1,1,1,0,0,0,0,1,0,1,0,0.579390
0,1,0,1,1,1,0,1,1,0,0,1,1,1,1,0,0,0,1,0,1,1,1,0,1,0,0,0,1,1,0,1,0.588342
1,0,0,1,1,0,0,0,0,0,1,1,0,1,0,0,1,1,0,0,1,1,0,0,0,1,0,1,0,0,1,1,0.592658
1,0,1,0,1,0,1,0,1,0,0,0,0,0,1,0,0,1,0,1,1,0,1,0,1,1,1,0,1,1,1,1,0.618073
1,1,1,0,1,1,1,1,1,0,1,0,0,1,0,1,1,0,0,0,0,1,0,0,1,1,1,0,0,0,1,0,0.599504
1,1,1,0,0,0,1,1,1,0,0,1,1,0,1,0,1,1,0,1,1,0,0,0,1,0,1,1,0,1,0,0,0.595109
1,0,0,1,1,1,0,1,0,1,0,0,0,1,0,1,0,0,0,0,0,1,0,1,1,1,1,1,0,1,0,0,0.592471
1,0,1,1,1,0,0,1,1,0,0,0,1,1,1,0,0,1,1,0,0,0,0,1,1,1,0,0,1,0,1,0,0.602462
0,0,1,1,0,1,0,1,0,1,1,1,1,0,0,1,0,0,1,0,1,1,1,1,1,1,1,1,0,1,1,0,0.603394
1,0,1,0,1,0,1,0,1,0,1,1,0,0,1,0,0,1,0,0,0,0,0,0,1,1,1,1,0,0,1,0,0.567988
0,1,0,0,0,1,0,0,0,0,0,0,1,1,1,0,1,1,1,1,1,1,1,1,1,0,1,1,0,0,1,0,0.628756
0,0,0,1,1,1,0,0,1,0,1,0,0,1,0,0,1,1,0,1,1,1,0,0,0,1,1,1,0,1,1,0,0.600357
0,0,1,0,1,1,0,0,1,0,1,1,1,1,1,0,1,1,1,1,0,0,1,0,1,1,0,1,1,1,1,0,0.610054
0,1,1,1,0,1,1,1,1,1,1,1,1,0,0,1,0,1,1,0,1,1,0,0,1,1,0,1,1,0,1,1,0.593830
1,0,0,0,0,0,1,1,1,1,1,1,1,1,1,1,0,0,0,1,1,1,1,0,0,0,1,0,1,0,0,0,0.580616
