1,0,0,1,1,0,1,0,0,1,0,1,1,1,1,1,0,0,0,0,0,0,1,1,0,1,0,0,0,0,0,1,0.718191
1,0,1,1,1,0,0,0,1,0,1,0,0,0,1,1,0,1,1,1,0,1,0,0,0,1,1,0,1,0,0,0,0.717258
0,1,0,0,1,0,0,0,1,1,0,1,1,0,0,0,1,0,0,1,0,1,1,1,1,1,1,1,1,0,1,1,0.680707
1,0,1,1,1,0,1,1,0,1,0,0,0,0,1,0,1,0,1,1,0,1,1,0,1,1,1,0,1,0,1,0,0.625613
0,1,1,1,0,1,1,1,1,0,1,0,0,1,1,0,0,0,1,0,1,1,1,1,0,1,1,1,1,0,1,1,0.693308
0,0,0,1,1,0,1,1,1,0,1,0,0,1,1,0,1,0,1,1,0,1,0,1,0,0,1,0,1,1,0,0,0.628756
0,0,0,0,0,0,0,0,0,1,1,1,0,1,1,1,1,0,1,1,0,0,1,0,0,1,1,1,0,0,0,0,0.569080
0,1,0,0,1,0,1,0,0,0,0,1,1,1,1,0,0,0,1,1,1,0,0,1,0,0,1,1,0,0,1,1,0.632806
1,0,1,0,0,0,0,1,1,0,0,1,0,1,1,1,0,1,1,1,1,1,0,0,1,1,1,0,1,1,1,1,0.700980
1,0,0,1,0,1,0,0,0,0,0,0,1,1,0,1,0,0,0,0,1,0,0,1,0,0,1,0,0,0,0,1,0.585678
1,1,1,1,0,1,1,0,1,1,0,1,1,1,1,0,1,1,0,0,1,1,1,1,0,1,1,0,1,0,1,0,0.763827
1,0,1,0,1,1,0,0,0,1,0,1,1,1,1,0,0,1,0,1,0,1,1,1,0,0,1,0,1,1,0,1,0.754369
0,1,0,1,1,1,0,1,0,0,1,1,1,1,0,0,1,1,1,0,0,0,0,1,0,1,0,1,1,0,0,1,0.611786
0,0,0,1,0,0,0,0,1,1,1,0,0,0,1,1,1,1,1,1,1,1,1,1,1,1,0,0,1,0,1,0,0.640425
1,1,0,1,1,1,0,0,1,1,1,1,0,1,1,1,1,0,0,0,1,0,0,0,1,0,1,0,1,0,1,1,0.647858
1,1,1,0,0,1,0,0,1,0,0,1,1,0,1,1,0,1,0,1,0,0,0,1,1,1,0,0,0,0,1,0,0.601902
1,1,1,0,1,1,0,1,0,0,0,0,1,1,1,1,0,0,1,0,1,1,1,1,1,0,0,1,1,0,0,0,0.607017
1,0,0,1,0,1,0,1,1,0,1,1,0,0,1,1,1,0,0,1,0,0,0,1,0,1,1,0,1,0,1,0,0.603687
1,1,1,0,0,1,0,1,1,0,1,1,1,1,1,1,0,0,0,1,0,0,1,1,1,1,1,1,0,0,0,1,0.660646
0,0,0,0,0,0,0,0,1,1,1,0,0,1,1,0,0,0,1,0,0,1,0,1,0,1,1,1,1,0,0,0,0.413949
0,0,0,1,1,1,1,1,1,0,1,0,0,1,0,1,1,0,1,0,0,1,1,0,1,1,1,1,1,1,0,0,0.647325
0,1,0,1,0,0,1,0,1,0,0,1,0,1,1,1,1,1,1,1,0,0,0,0,0,0,0,0,0,1,1,1,0.690271
0,1,1,0,1,1,0,0,1,0,0,1,1,1,1,0,0,1,0,1,1,0,1,0,0,0,0,1,0,0,1,0,0.570785
0,1,0,1,1,0,1,1,0,1,0,0,0,0,0,0,0,1,0,0,1,1,0,0,0,1,0,0,0,1,0,1,0.597080
0,1,0,0,1,0,0,0,1,0,0,1,1,1,1,0,0,1,0,0,1,0,0,1,0,0,1,1,0,0,0,1,0.559889
0,0,0,0,0,1,0,0,0,1,0,1,0,0,1,1,1,0,0,1,1,1,0,1,0,0,1,1,0,0,1,0,0.561301
1,0,1,0,0,1,1,0,0,1,1,0,0,0,0,0,1,1,1,0,1,0,0,0,0,1,1,1,0,0,1,0,0.690484
1,0,1,1,0,1,0,0,1,1,0,1,0,1,1,1,1,1,1,0,0,1,1,0,0,1,1,1,0,0,1,0,0.695226
1,0,0,1,0,0,1,0,0,0,1,0,1,1,0,0,0,0,1,0,0,0,0,1,0,0,1,0,0,0,0,0,0.523631
1,0,0,0,0,1,1,1,0,1,0,1,1,1,1,1,0,1,0,0,1,0,1,0,1,1,0,1,0,1,0,0,0.610108
1,1,1,1,0,1,1,1,1,1,1,0,0,0,1,1,1,1,1,0,0,0,1,1,0,1,1,0,0,0,0,1,0.651668
1,1,0,1,0,0,1,0,0,0,1,0,1,1,0,0,1,1,0,0,1,0,1,1,0,0,0,1,1,0,1,0,0.584372
0,1,0,0,1,0,0,1,0,0,0,0,0,1,1,1,1,0,1,1,0,1,1,1,1,1,1,1,0,0,1,0,0.648764
1,1,0,0,1,1,1,0,0,1,0,1,1,0,1,0,0,1,0,1,1,1,1,1,0,1,0,1,0,0,1,1,0.715127
0,0,0,0,0,1,1,1,0,0,0,0,1,1,1,0,0,1,1,0,0,0,0,1,1,0,0,1,0,0,1,0,0.500053
1,1,0,1,1,1,0,1,0,1,0,1,1,1,0,1,1,1,0,1,0,0,0,0,0,1,1,0,0,1,0,0,0.601716
0,1,0,0,1,0,0,1,1,1,0,1,1,0,0,0,0,1,0,0,0,0,1,0,1,0,1,1,0,1,0,0,0.571558
1,0,1,1,0,1,0,1,0,1,1,0,0,0,1,0,1,1,0,0,0,1,0,0,0,0,1,0,0,0,1,1,0.579843
1,0,1,0,0,0,0,1,1,0,0,0,1,1,1,0,0,1,1,0,0,0,0,1,0,0,0,0,1,0,1,1,0.709585
0,1,1,0,1,1,0,0,1,1,1,0,0,1,0,0,1,1,1,0,1,0,1,0,0,0,1,1,0,0,0,0,0.534926
0,0,0,0,1,1,0,0,0,0,1,1,1,1,1,1,1,1,1,0,0,0,0,0,0,1,0,1,1,0,0,0,0.573210
1,0,0,1,0,0,1,1,0,1,0,1,0,1,0,1,1,0,1,1,0,0,1,1,0,0,1,1,1,0,0,0,0.624068
0,0,0,0,0,0,0,1,1,1,0,0,0,1,0,1,0,1,1,1,1,1,1,1,0,0,1,0,1,0,0,1,0.702819
0,1,0,0,1,0,0,1,0,1,1,0,0,1,0,1,1,1,1,1,0,1,0,1,0,0,0,0,0,1,0,1,0.724451
1,1,1,1,1,1,1,1,0,1,0,0,1,1,0,0,0,0,1,1,0,1,0,0,1,0,0,0,0,1,0,0,0.704657
1,0,1,1,1,1,1,1,0,1,0,0,1,1,1,1,0,0,1,1,0,0,0,0,1,1,0,1,0,0,1,0,0.613864
0,0,0,0,0,0,1,1,1,1,0,0,0,0,0,1,1,0,0,0,1,1,1,1,1,1,0,1,0,0,1,1,0.599238
0,1,0,1,0,1,1,0,0,0,0,1,1,0,0,0,0,1,1,0,1,0,0,1,0,1,0,1,0,0,0,0,0.532795
0,1,1,1,1,0,1,1,0,0,0,0,1,1,1,0,1,1,0,0,0,1,1,0,1,0,0,1,1,0,0,1,0.576593
1,1,0,0,1,0,0,1,0,0,0,1,0,0,1,1,0,1,1,0,0,0,1,0,0,1,1,0,1,1,0,1,0.655211
1,1,1,1,0,1,1,1,1,1,1,1,0,1,0,1,0,1,1,1,0,0,0,0,0,0,0,0,1,0,1,1,0.646899
1,1,0,1,1,1,1,0,1,1,1,0,0,1,0,0,0,1,1,1,1,1,0,1,0,0,1,1,0,0,1,0,0.635870
1,0,0,1,0,1,0,0,1,0,1,0,1,1,1,1,1,0,0,0,1,1,1,0,0,1,1,1,0,1,0,0,0.586157
0,1,1,1,1,0,1,0,1,0,1,0,1,1,0,0,1,0,1,0,1,1,0,0,1,1,1,1,0,1,0,0,0.637042
1,1,0,1,0,1,1,0,0,0,1,1,1,1,0,0,0,1,1,1,0,1,0,0,0,1,1,0,1,1,0,0,0.604380
1,0,0,0,1,0,1,1,1,0,1,1,1,1,0,0,1,1,1,0,0,1,0,1,0,1,1,1,0,1,0,0,0.626678
1,0,1,1,1,1,1,1,1,1,1,1,0,0,1,0,1,1,1,0,0,1,1,1,0,0,1,0,0,0,0,1,0.612399
0,1,0,0,1,1,1,1,0,0,1,1,0,0,0,1,0,0,0,0,1,0,0,1,0,0,1,0,0,0,1,1,0.606484
1,1,0,1,1,0,0,0,1,1,0,1,1,1,1,1,0,1,0,1,0,1,0,0,1,0,1,0,1,0,0,1,0.596281
1,0,0,1,1,0,0,1,0,0,1,0,1,0,0,0,1,1,1,1,0,1,0,1,0,1,1,0,1,1,0,1,0.635204
0,0,0,1,0,1,0,1,1,0,1,1,1,0,1,0,0,1,0,1,0,1,1,1,0,1,0,1,1,1,1,1,0.690084
1,1,1,1,1,0,1,0,1,0,0,0,1,0,1,1,0,1,0,0,1,0,0,0,1,0,1,0,0,0,1,1,0.690644
0,0,0,0,1,1,0,1,0,1,0,1,0,0,1,0,1,0,1,1,1,0,0,1,0,0,0,0,0,1,1,1,0.684889
1,0,1,0,1,1,0,0,0,1,1,1,0,0,1,0,0,0,1,1,1,0,1,0,1,0,0,0,0,0,1,0,0.670343
1,0,1,0,1,1,0,0,0,1,0,0,0,1,0,0,0,1,1,1,0,0,1,0,1,1,0,0,0,0,1,0,0.592258
0,0,1,1,1,1,1,0,1,0,1,0,1,0,1,1,1,0,0,0,0,0,1,0,0,1,0,1,1,1,1,0,0.596467
1,1,0,1,1,1,0,1,1,1,0,1,0,0,0,1,1,0,0,1,0,0,1,1,1,1,0,1,1,0,1,0,0.663363
0,1,1,1,1,1,0,0,1,1,1,0,0,1,0,1,1,0,1,1,0,0,1,1,1,0,1,0,1,1,1,1,0.780451
0,0,0,1,1,1,0,0,0,0,0,1,0,1,0,0,0,0,0,0,1,1,0,1,0,0,1,1,1,1,0,1,0.653506
1,0,1,1,1,1,0,1,0,0,0,0,0,0,0,0,1,1,1,0,0,0,1,0,1,0,1,1,1,0,0,1,0.619006
1,1,1,1,0,0,0,0,0,0,1,1,1,1,0,0,0,0,1,0,0,1,0,0,0,1,0,0,0,0,1,0,0.580270
0,0,1,0,1,0,1,1,0,1,0,1,0,0,0,0,0,1,1,1,1,0,1,0,0,0,0,0,0,1,1,1,0.620604
1,1,1,1,1,0,1,0,0,1,1,0,1,0,0,0,0,1,0,1,0,1,0,1,1,1,0,0,1,1,0,1,0.614317
1,0,0,1,0,0,1,1,0,0,1,0,1,0,0,0,0,1,0,1,1,1,1,0,0,1,1,0,0,0,0,0,0.593963
0,0,1,1,1,0,1,1,0,1,1,1,0,1,0,0,1,1,0,0,1,1,1,0,0,0,1,1,0,0,1,0,0.589274
1,1,1,0,1,0,0,0,1,0,0,1,0,1,1,0,1,0,0,1,0,0,0,1,0,0,1,1,0,0,0,1,0.605152
0,0,0,1,1,1,0,0,1,0,1,1,0,1,1,1,1,0,0,1,0,0,0,0,1,1,1,0,1,0,0,0,0.617034
0,1,1,0,0,1,0,1,0,0,1,1,1,0,0,1,1,1,0,0,1,0,1,0,0,1,0,1,0,0,0,0,0.600863
1,0,0,0,0,1,1,0,1,0,0,1,0,1,1,0,1,0,1,1,0,0,0,1,1,0,0,1,1,0,0,1,0.596228
1,0,1,0,0,1,1,0,1,0,0,1,0,0,1,0,0,1,1,1,1,1,1,1,1,1,0,0,0,1,1,0,0.643382
0,1,0,0,1,0,0,0,1,1,0,1,1,1,1,0,0,0,1,0,1,1,1,0,1,0,1,1,1,0,0,1,0.591326
0,0,1,0,0,0,0,1,0,1,1,1,0,1,1,0,1,0,1,1,0,0,0,1,1,1,1,1,0,1,1,0,0.627877
1,0,0,0,1,1,0,0,1,1,1,1,1,0,0,1,1,1,1,1,1,1,1,0,0,1,1,1,0,0,1,0,0.645807
1,0,0,0,0,1,1,1,0,0,1,1,1,0,0,1,0,1,0,1,0,0,1,1,1,1,1,0,0,0,0,1,0.620205
0,0,0,0,1,1,1,1,0,1,1,1,1,0,1,1,1,0,0,1,1,1,0,0,0,1,1,1,1,0,1,1,0.748854
1,1,0,1,1,1,0,0,1,1,0,0,0,1,1,1,0,0,1,0,0,1,0,1,0,1,0,1,1,0,1,0,0.614930
1,1,1,1,1,1,0,1,0,0,0,1,0,1,1,0,0,1,0,1,0,0,1,1,1,1,1,0,1,1,0,1,0.700954
1,1,1,0,1,1,1,0,1,1,1,0,0,0,0,1,1,0,0,0,1,0,0,0,1,0,0,1,1,0,1,0,0.645087
1,0,1,0,0,0,1,0,0,0,0,0,1,0,0,1,1,1,0,0,1,1,0,0,1,1,1,1,1,0,0,0,0.598226
1,1,0,1,1,0,0,0,0,1,1,1,1,1,0,0,0,1,0,1,0,1,0,0,0,0,1,1,1,1,0,1,0.649883
1,0,0,1,1,0,1,0,0,0,1,1,0,0,0,1,1,0,1,0,0,1,1,0,0,0,0,0,0,0,1,1,0.579870
1,1,0,1,1,0,1,1,0,1,0,0,0,1,0,0,1,1,0,0,1,1,0,0,1,1,0,1,1,0,0,1,0.600357
0,0,0,0,1,1,1,0,0,1,0,1,0,1,1,1,0,0,0,1,0,0,1,1,0,1,1,0,1,1,0,1,0.801950
0,0,0,1,1,1,1,0,0,0,0,1,0,0,0,1,1,1,1,1,0,1,1,0,0,1,1,1,1,1,1,0,0.637868
0,0,0,0,1,0,0,0,0,1,0,1,0,0,0,1,0,0,0,1,0,1,0,1,1,0,0,0,0,1,0,0,0.495924
0,0,0,0,1,1,1,1,1,1,0,1,0,1,0,1,0,0,0,0,0,0,1,1,0,1,1,0,0,0,0,0,0.588395
0,0,0,1,0,0,1,1,0,1,0,1,1,0,1,1,1,1,1,0,0,1,1,1,0,1,0,1,1,0,0,1,0.652014
1,1,1,1,1,1,1,0,1,1,0,0,0,0,0,1,0,0,1,1,1,1,1,1,0,1,1,1,1,1,1,1,0.713342
1,1,1,0,0,1,1,1,0,1,1,0,0,0,0,1,0,0,0,0,0,1,1,0,1,0,1,1,1,1,0,0,0.640026
1,1,1,0,0,1,0,1,1,1,1,1,0,0,0,1,0,1,0,0,1,0,1,1,1,0,0,0,0,0,0,1,0.602728
0,1,1,0,1,1,0,0,1,0,0,1,0,0,1,1,0,0,0,1,0,0,1,1,0,0,1,0,1,0,1,1,0.684037
0,1,1,0,1,0,0,0,1,1,0,0,0,0,1,0,0,1,0,0,1,1,0,0,1,0,1,1,0,1,1,0,0.573396
0,0,1,1,1,0,0,0,1,1,1,1,0,0,1,0,1,1,0,1,0,1,0,1,0,0,1,1,0,1,1,1,0.634617
0,1,1,1,1,0,1,1,0,0,1,1,0,1,0,0,1,0,1,1,0,1,1,1,1,1,1,0,0,0,0,1,0.624467
0,1,1,1,1,0,1,1,1,0,1,0,1,1,1,1,0,1,1,1,1,0,1,1,0,0,1,0,1,1,1,0,0.841779
1,1,0,0,0,1,0,1,1,0,0,1,1,1,1,1,1,0,0,0,1,1,0,0,0,1,0,1,1,1,0,1,0.663017
0,1,0,1,0,0,1,0,1,1,1,0,1,1,1,1,1,0,1,1,0,0,1,1,1,0,1,0,0,1,1,0,0.844736
1,0,0,1,1,0,1,0,0,1,1,0,1,0,0,0,1,1,1,0,1,1,1,0,1,0,0,1,1,1,1,1,0.616928
1,0,0,1,1,1,1,1,0,1,0,0,1,1,0,1,0,1,0,0,1,0,1,1,1,0,0,0,1,0,0,0,0.698236
1,0,1,0,1,1,0,0,0,0,1,1,0,0,1,0,1,0,0,1,1,1,0,1,1,1,1,0,1,0,1,0,0.591246
1,1,1,1,0,1,0,1,1,0,0,1,0,0,1,0,0,0,0,0,0,1,1,0,1,1,1,0,0,1,0,0,0.618366
1,0,0,0,1,1,0,0,0,1,1,0,1,0,0,1,0,0,0,1,0,1,1,1,0,0,0,0,0,0,1,0,0.605206
1,1,1,0,0,1,0,1,0,0,1,1,0,0,1,1,0,0,1,1,1,1,0,1,0,0,1,0,1,0,0,1,0.608403
0,0,1,1,0,0,0,0,1,0,0,1,1,1,0,0,0,1,0,0,0,1,0,1,0,1,0,1,0,1,0,1,0.592525
1,1,0,0,0,0,1,0,1,1,1,0,1,1,0,1,1,1,1,0,0,0,0,0,1,1,0,0,1,0,0,1,0.606351
1,0,1,1,1,0,1,0,0,0,0,0,0,1,0,1,1,0,0,1,0,1,1,0,0,1,0,0,0,1,0,1,0.662804
1,0,0,1,1,0,0,1,1,0,0,0,1,0,1,1,0,0,1,0,0,0,1,1,1,0,0,0,0,1,0,0,0.664056
0,1,0,0,1,0,1,1,1,1,1,1,0,1,1,1,1,0,0,1,0,0,0,1,0,1,1,1,1,0,0,0,0.609308
1,1,0,1,0,0,0,0,0,1,1,0,1,0,1,0,0,1,0,0,1,0,1,0,1,0,1,1,1,0,0,0,0.579630
0,1,0,0,1,0,0,1,1,0,0,1,1,1,1,1,0,1,1,0,0,0,0,0,0,0,0,0,0,1,1,1,0.744485
0,0,0,1,1,0,0,0,1,1,0,1,1,0,1,1,1,0,1,1,1,1,1,0,1,1,1,1,0,0,1,0,0.668052
0,1,1,1,1,1,1,0,1,0,0,0,1,0,0,1,0,1,1,1,1,1,1,0,0,0,1,1,0,0,0,0,0.619885
1,0,1,0,1,0,1,1,1,1,0,0,1,1,0,1,1,0,1,1,0,0,1,0,0,0,1,1,1,0,0,0,0.588635
0,0,0,1,1,1,1,1,1,1,0,0,1,0,1,1,1,1,0,1,1,1,1,0,1,0,0,0,1,1,1,0,0.736919
1,0,1,0,0,1,0,1,0,0,1,0,0,1,0,1,1,0,0,0,0,1,0,1,1,0,1,0,0,0,0,1,0.595748
0,1,1,1,1,1,1,0,0,1,0,1,0,0,0,0,1,1,0,1,1,1,1,0,0,1,1,1,0,1,1,0,0.649536
1,1,0,0,0,1,0,0,1,1,1,1,1,1,0,1,1,1,0,1,1,1,0,1,1,1,1,0,0,0,0,1,0.625400
1,0,1,1,0,0,0,1,1,0,0,1,0,0,0,0,1,1,1,0,1,1,0,1,1,0,0,1,1,1,0,0,0.616422
