1,1,0,1,1,1,0,1,0,1,0,1,1,1,0,1,1,1,0,1,0,0,0,0,0,1,1,0,0,1,0,0,0.602648
1,0,0,0,0,1,1,1,0,0,1,1,1,0,0,1,0,1,0,1,0,0,1,1,1,1,1,0,0,0,0,1,0.628756
1,0,0,0,0,1,1,1,0,1,0,1,1,1,1,1,0,1,0,0,1,0,1,0,1,1,0,1,0,1,0,0,0.598332
1,0,1,0,0,0,1,0,0,0,0,0,1,0,0,1,1,1,0,0,1,1,0,0,1,1,1,1,1,0,0,0,0.595642
1,0,0,0,1,1,0,0,0,1,1,0,1,0,0,1,0,0,0,1,0,1,1,1,0,0,0,0,0,0,1,0,0.604300
0,0,0,0,0,1,1,1,0,0,0,0,1,1,1,0,0,1,1,0,0,0,0,1,1,0,0,1,0,0,1,0,0.502824
0,0,0,0,0,0,0,0,1,1,1,0,0,1,1,0,0,0,1,0,0,1,0,1,0,1,1,1,1,0,0,0,0.408195
0,0,0,0,1,1,0,1,0,1,0,1,0,0,1,0,1,0,1,1,1,0,0,1,0,0,0,0,0,1,1,1,0.680946
0,0,1,1,1,0,1,1,0,1,1,1,0,1,0,0,1,1,0,0,1,1,1,0,0,0,1,1,0,0,1,0,0.600837
1,0,1,0,0,1,1,0,1,0,0,1,0,0,1,0,0,1,1,1,1,1,1,1,1,1,0,0,0,1,1,0,0.627931
1,1,1,0,0,1,0,1,0,0,1,1,0,0,1,1,0,0,1,1,1,1,0,1,0,0,1,0,1,0,0,1,0.613171
0,1,1,1,1,1,1,0,1,0,0,0,1,0,0,1,0,1,1,1,1,1,1,0,0,0,1,1,0,0,0,0,0.623775
1,0,1,1,1,0,1,0,0,0,0,0,0,1,0,1,1,0,0,1,0,1,1,0,0,1,0,0,0,1,0,1,0.668905
1,1,1,0,0,1,0,1,1,1,1,1,0,0,0,1,0,1,0,0,1,0,1,1,1,0,0,0,0,0,0,1,0.605845
1,0,1,0,0,1,1,0,0,1,1,0,0,0,0,0,1,1,1,0,1,0,0,0,0,1,1,1,0,0,1,0,0.672821
1,0,1,1,1,1,1,1,1,1,1,1,0,0,1,0,1,1,1,0,0,1,1,1,0,0,1,0,0,0,0,1,0.613891
0,1,1,1,1,0,1,0,1,0,1,0,1,1,0,0,1,0,1,0,1,1,0,0,1,1,1,1,0,1,0,0,0.624867
0,1,0,1,1,0,1,1,0,1,0,0,0,0,0,0,0,1,0,0,1,1,0,0,0,1,0,0,0,1,0,1,0.595189
1,1,0,0,0,1,0,1,1,0,0,1,1,1,1,1,1,0,0,0,1,1,0,0,0,1,0,1,1,1,0,1,0.653666
0,0,0,1,1,1,1,0,0,0,0,1,0,0,0,1,1,1,1,1,0,1,1,0,0,1,1,1,1,1,1,0,0.633605
0,0,0,1,1,1,0,0,1,0,1,1,0,1,1,1,1,0,0,1,0,0,0,0,1,1,1,0,1,0,0,0,0.606111
1,0,1,0,1,1,0,0,0,1,0,0,0,1,0,0,0,1,1,1,0,0,1,0,1,1,0,0,0,0,1,0,0.592871
1,0,0,1,0,0,1,1,0,0,1,0,1,0,0,0,0,1,0,1,1,1,1,0,0,1,1,0,0,0,0,0,0.599318
1,0,0,0,1,1,0,0,1,1,1,1,1,0,0,1,1,1,1,1,1,1,1,0,0,1,1,1,0,0,1,0,0.650762
0,0,0,0,1,1,1,0,0,1,0,1,0,1,1,1,0,0,0,1,0,0,1,1,0,1,1,0,1,1,0,1,0.794650
1,0,1,1,0,0,0,1,1,0,0,1,0,0,0,0,1,1,1,0,1,1,0,1,1,0,0,1,1,1,0,0,0.616741
0,1,1,1,1,0,1,1,1,0,1,0,1,1,1,1,0,1,1,1,1,0,1,1,0,0,1,0,1,1,1,0,0.824755
1,0,0,1,1,0,0,1,1,0,0,0,1,0,1,1,0,0,1,0,0,0,1,1,1,0,0,0,0,1,0,0,0.641944
0,0,0,1,1,0,1,1,1,0,1,0,0,1,1,0,1,0,1,1,0,1,0,1,0,0,1,0,1,1,0,0,0.612639
0,0,0,1,1,1,1,1,1,1,0,0,1,0,1,1,1,1,0,1,1,1,1,0,1,0,0,0,1,1,1,0,0.723785
1,1,0,0,0,0,1,0,1,1,1,0,1,1,0,1,1,1,1,0,0,0,0,0,1,1,0,0,1,0,0,1,0.600570
1,0,1,1,1,1,0,1,0,0,0,0,0,0,0,0,1,1,1,0,0,0,1,0,1,0,1,1,1,0,0,1,0.621457
0,1,0,0,1,0,0,0,1,1,0,1,1,0,0,0,1,0,0,1,0,1,1,1,1,1,1,1,1,0,1,1,0.678096
0,0,0,1,0,1,0,1,1,0,1,1,1,0,1,0,0,1,0,1,0,1,1,1,0,1,0,1,1,1,1,1,0.690431
1,0,1,1,0,1,0,1,0,1,1,0,0,0,1,0,1,1,0,0,0,1,0,0,0,0,1,0,0,0,1,1,0.575234
1,0,1,1,0,1,0,0,1,1,0,1,0,1,1,1,1,1,1,0,0,1,1,0,0,1,1,1,0,0,1,0,0.691603
0,0,0,0,0,0,0,1,1,1,0,0,0,1,0,1,0,1,1,1,1,1,1,1,0,0,1,0,1,0,0,1,0.709559
0,0,0,1,0,0,1,1,0,1,0,1,1,0,1,1,1,1,1,0,0,1,1,1,0,1,0,1,1,0,0,1,0.646766
1,0,1,0,0,0,0,1,1,0,0,1,0,1,1,1,0,1,1,1,1,1,0,0,1,1,1,0,1,1,1,1,0.701034
0,0,1,0,0,0,0,1,0,1,1,1,0,1,1,0,1,0,1,1,0,0,0,1,1,1,1,1,0,1,1,0,0.624068
0,1,0,0,1,1,1,1,0,0,1,1,0,0,0,1,0,0,0,0,1,0,0,1,0,0,1,0,0,0,1,1,0.617780
1,1,0,0,1,0,0,1,0,0,0,1,0,0,1,1,0,1,1,0,0,0,1,0,0,1,1,0,1,1,0,1,0.652867
1,0,0,1,1,0,1,0,0,0,1,1,0,0,0,1,1,0,1,0,0,1,1,0,0,0,0,0,0,0,1,1,0.585704
1,1,0,1,1,1,0,0,1,1,1,1,0,1,1,1,1,0,0,0,1,0,0,0,1,0,1,0,1,0,1,1,0.648604
1,0,0,1,0,0,1,0,0,0,1,0,1,1,0,0,0,0,1,0,0,0,0,1,0,0,1,0,0,0,0,0,0.528639
1,1,1,1,0,0,0,0,0,0,1,1,1,1,0,0,0,0,1,0,0,1,0,0,0,1,0,0,0,0,1,0,0.583520
1,1,0,1,1,1,0,1,1,1,0,1,0,0,0,1,1,0,0,1,0,0,1,1,1,1,0,1,1,0,1,0,0.650549
0,1,0,0,1,0,1,1,1,1,1,1,0,1,1,1,1,0,0,1,0,0,0,1,0,1,1,1,1,0,0,0,0.611280
0,1,1,1,1,1,0,0,1,1,1,0,0,1,0,1,1,0,1,1,0,0,1,1,1,0,1,0,1,1,1,1,0.778213
1,1,0,1,0,0,1,0,0,0,1,0,1,1,0,0,1,1,0,0,1,0,1,1,0,0,0,1,1,0,1,0,0.586397
1,0,1,0,0,0,0,1,1,0,0,0,1,1,1,0,0,1,1,0,0,0,0,1,0,0,0,0,1,0,1,1,0.710971
1,1,1,0,0,1,0,1,1,0,1,1,1,1,1,1,0,0,0,1,0,0,1,1,1,1,1,1,0,0,0,1,0.657875
0,1,0,1,0,0,1,0,1,1,1,0,1,1,1,1,1,0,1,1,0,0,1,1,1,0,1,0,0,1,1,0,0.827499
0,1,1,0,1,1,0,0,1,1,1,0,0,1,0,0,1,1,1,0,1,0,1,0,0,0,1,1,0,0,0,0,0.529652
1,0,0,0,1,0,1,1,1,0,1,1,1,1,0,0,1,1,1,0,0,1,0,1,0,1,1,1,0,1,0,0,0.622576
1,1,0,1,1,0,1,1,0,1,0,0,0,1,0,0,1,1,0,0,1,1,0,0,1,1,0,1,1,0,0,1,0.603581
0,0,0,0,1,0,0,0,0,1,0,1,0,0,0,1,0,0,0,1,0,1,0,1,1,0,0,0,0,1,0,0,0.484095
1,0,0,1,0,1,0,0,0,0,0,0,1,1,0,1,0,0,0,0,1,0,0,1,0,0,1,0,0,0,0,1,0.589168
1,0,1,0,0,1,0,1,0,0,1,0,0,1,0,1,1,0,0,0,0,1,0,1,1,0,1,0,0,0,0,1,0.599584
0,0,0,0,0,1,0,0,0,1,0,1,0,0,1,1,1,0,0,1,1,1,0,1,0,0,1,1,0,0,1,0,0.552643
1,1,1,1,1,1,1,0,1,1,0,0,0,0,0,1,0,0,1,1,1,1,1,1,0,1,1,1,1,1,1,1,0.711797
0,0,0,1,1,1,1,1,1,0,1,0,0,1,0,1,1,0,1,0,0,1,1,0,1,1,1,1,1,1,0,0,0.624121
1,0,1,1,1,0,0,0,1,0,1,0,0,0,1,1,0,1,1,1,0,1,0,0,0,1,1,0,1,0,0,0,0.702872
0,1,0,1,1,1,0,1,0,0,1,1,1,1,0,0,1,1,1,0,0,0,0,1,0,1,0,1,1,0,0,1,0.606911
0,1,1,0,1,1,0,0,1,0,0,1,0,0,1,1,0,0,0,1,0,0,1,1,0,0,1,0,1,0,1,1,0.685742
1,0,0,1,0,1,0,1,1,0,1,1,0,0,1,1,1,0,0,1,0,0,0,1,0,1,1,0,1,0,1,0,0.603181
1,0,0,1,1,0,1,0,0,1,0,1,1,1,1,1,0,0,0,0,0,0,1,1,0,1,0,0,0,0,0,1,0.712596
1,0,0,1,0,1,0,0,1,0,1,0,1,1,1,1,1,0,0,0,1,1,1,0,0,1,1,1,0,1,0,0,0.595242
0,1,0,0,1,0,0,1,1,0,0,1,1,1,1,1,0,1,1,0,0,0,0,0,0,0,0,0,0,1,1,1,0.746803
1,0,0,0,0,1,1,0,1,0,0,1,0,1,1,0,1,0,1,1,0,0,0,1,1,0,0,1,1,0,0,1,0.588448
0,0,0,1,1,0,0,0,1,1,0,1,1,0,1,1,1,0,1,1,1,1,1,0,1,1,1,1,0,0,1,0,0.658301
1,0,1,0,1,1,0,0,0,1,1,1,0,0,1,0,0,0,1,1,1,0,1,0,1,0,0,0,0,0,1,0,0.669784
0,1,1,1,1,1,1,0,0,1,0,1,0,0,0,0,1,1,0,1,1,1,1,0,0,1,1,1,0,1,1,0,0.642263
0,1,1,1,0,1,1,1,1,0,1,0,0,1,1,0,0,0,1,0,1,1,1,1,0,1,1,1,1,0,1,1,0.680147
1,0,0,1,1,1,1,1,0,1,0,0,1,1,0,1,0,1,0,0,1,0,1,1,1,0,0,0,1,0,0,0,0.686807
1,1,1,0,1,1,0,1,0,0,0,0,1,1,1,1,0,0,1,0,1,1,1,1,1,0,0,1,1,0,0,0,0.603767
0,0,1,1,1,1,1,0,1,0,1,0,1,0,1,1,1,0,0,0,0,0,1,0,0,1,0,1,1,1,1,0,0.588555
0,0,1,1,0,0,0,0,1,0,0,1,1,1,0,0,0,1,0,0,0,1,0,1,0,1,0,1,0,1,0,1,0.596014
1,0,0,1,0,0,1,1,0,1,0,1,0,1,0,1,1,0,1,1,0,0,1,1,0,0,1,1,1,0,0,0,0.624627
1,0,1,0,1,1,0,0,0,0,1,1,0,0,1,0,1,0,0,1,1,1,0,1,1,1,1,0,1,0,1,0,0.598759
1,1,0,1,0,1,1,0,0,0,1,1,1,1,0,0,0,1,1,1,0,1,0,0,0,1,1,0,1,1,0,0,0.606218
0,1,1,0,1,0,0,0,1,1,0,0,0,0,1,0,0,1,0,0,1,1,0,0,1,0,1,1,0,1,1,0,0.569693
0,1,1,0,1,1,0,0,1,0,0,1,1,1,1,0,0,1,0,1,1,0,1,0,0,0,0,1,0,0,1,0,0.574409
0,1,0,0,1,0,0,1,0,0,0,0,0,1,1,1,1,0,1,1,0,1,1,1,1,1,1,1,0,0,1,0,0.637548
1,1,1,0,0,1,0,0,1,0,0,1,1,0,1,1,0,1,0,1,0,0,0,1,1,1,0,0,0,0,1,0,0.601103
1,1,0,1,1,0,0,0,0,1,1,1,1,1,0,0,0,1,0,1,0,1,0,0,0,0,1,1,1,1,0,1,0.637521
1,0,1,1,1,1,1,1,0,1,0,0,1,1,1,1,0,0,1,1,0,0,0,0,1,1,0,1,0,0,1,0,0.607923
1,1,0,1,1,1,0,0,1,1,0,0,0,1,1,1,0,0,1,0,0,1,0,1,0,1,0,1,1,0,1,0,0.614184
1,1,1,0,0,1,1,1,0,1,1,0,0,0,0,1,0,0,0,0,0,1,1,0,1,0,1,1,1,1,0,0,0.628570
0,1,0,0,1,0,0,0,1,0,0,1,1,1,1,0,0,1,0,0,1,0,0,1,0,0,1,1,0,0,0,1,0.556106
0,1,0,0,1,0,0,0,1,1,0,1,1,1,1,0,0,0,1,0,1,1,1,0,1,0,1,1,1,0,0,1,0.595935
1,1,1,1,0,1,0,1,1,0,0,1,0,0,1,0,0,0,0,0,0,1,1,0,1,1,1,0,0,1,0,0,0.620658
0,1,0,1,0,0,1,0,1,0,0,1,0,1,1,1,1,1,1,1,0,0,0,0,0,0,0,0,0,1,1,1,0.691896
1,1,0,1,1,0,0,0,1,1,0,1,1,1,1,1,0,1,0,1,0,1,0,0,1,0,1,0,1,0,0,1,0.589621
1,0,1,1,1,0,1,1,0,1,0,0,0,0,1,0,1,0,1,1,0,1,1,0,1,1,1,0,1,0,1,0,0.616182
0,1,1,1,1,0,1,1,0,0,0,0,1,1,1,0,1,1,0,0,0,1,1,0,1,0,0,1,1,0,0,1,0.577632
0,1,0,0,1,0,0,1,1,1,0,1,1,0,0,0,0,1,0,0,0,0,1,0,1,0,1,1,0,1,0,0,0.566842
1,1,1,1,0,1,1,1,1,1,1,1,0,1,0,1,0,1,1,1,0,0,0,0,0,0,0,0,1,0,1,1,0.657049
1,1,1,1,1,0,1,0,1,0,0,0,1,0,1,1,0,1,0,0,1,0,0,0,1,0,1,0,0,0,1,1,0.680680
1,0,1,0,1,1,0,0,0,1,0,1,1,1,1,0,0,1,0,1,0,1,1,1,0,0,1,0,1,1,0,1,0.742221
0,0,0,1,0,0,0,0,1,1,1,0,0,0,1,1,1,1,1,1,1,1,1,1,1,1,0,0,1,0,1,0,0.633365
1,0,0,1,1,0,0,1,0,0,1,0,1,0,0,0,1,1,1,1,0,1,0,1,0,1,1,0,1,1,0,1,0.630994
1,1,1,1,0,1,1,0,1,1,0,1,1,1,1,0,1,1,0,0,1,1,1,1,0,1,1,0,1,0,1,0,0.748988
0,0,0,0,0,0,0,0,0,1,1,1,0,1,1,1,1,0,1,1,0,0,1,0,0,1,1,1,0,0,0,0,0.558211
1,1,1,0,1,0,0,0,1,0,0,1,0,1,1,0,1,0,0,1,0,0,0,1,0,0,1,1,0,0,0,1,0.604140
1,1,1,1,1,0,1,0,0,1,1,0,1,0,0,0,0,1,0,1,0,1,0,1,1,1,0,0,1,1,0,1,0.615729
1,1,1,1,0,1,1,1,1,1,1,0,0,0,1,1,1,1,1,0,0,0,1,1,0,1,1,0,0,0,0,1,0.650043
1,1,0,0,0,1,0,0,1,1,1,1,1,1,0,1,1,1,0,1,1,1,0,1,1,1,1,0,0,0,0,1,0.623748
0,0,0,0,0,0,1,1,1,1,0,0,0,0,0,1,1,0,0,0,1,1,1,1,1,1,0,1,0,0,1,1,0.606671
1,1,1,1,1,1,1,1,0,1,0,0,1,1,0,0,0,0,1,1,0,1,0,0,1,0,0,0,0,1,0,0,0.703218
0,1,1,0,0,1,0,1,0,0,1,1,1,0,0,1,1,1,0,0,1,0,1,0,0,1,0,1,0,0,0,0,0.603794
1,0,0,1,1,0,1,0,0,1,1,0,1,0,0,0,1,1,1,0,1,1,1,0,1,0,0,1,1,1,1,1,0.619991
0,0,1,0,1,0,1,1,0,1,0,1,0,0,0,0,0,1,1,1,1,0,1,0,0,0,0,0,0,1,1,1,0.627051
1,0,1,0,1,0,1,1,1,1,0,0,1,1,0,1,1,0,1,1,0,0,1,0,0,0,1,1,1,0,0,0,0.590260
1,1,0,1,0,0,0,0,0,1,1,0,1,0,1,0,0,1,0,0,1,0,1,0,1,0,1,1,1,0,0,0,0.584079
1,1,1,1,1,1,0,1,0,0,0,1,0,1,1,0,0,1,0,1,0,0,1,1,1,1,1,0,1,1,0,1,0.685502
0,0,0,0,1,1,1,1,1,1,0,1,0,1,0,1,0,0,0,0,0,0,1,1,0,1,1,0,0,0,0,0,0.578218
1,1,1,0,1,1,1,0,1,1,1,0,0,0,0,1,1,0,0,0,1,0,0,0,1,0,0,1,1,0,1,0,0.649110
0,1,1,1,1,0,1,1,0,0,1,1,0,1,0,0,1,0,1,1,0,1,1,1,1,1,1,0,0,0,0,1,0.626412
1,1,0,0,1,1,1,0,0,1,0,1,1,0,1,0,0,1,0,1,1,1,1,1,0,1,0,1,0,0,1,1,0.717764
1,1,0,1,1,1,1,0,1,1,1,0,0,1,0,0,0,1,1,1,1,1,0,1,0,0,1,1,0,0,1,0,0.635736
0,1,0,1,0,1,1,0,0,0,0,1,1,0,0,0,0,1,1,0,1,0,0,1,0,1,0,1,0,0,0,0,0.540228
0,1,0,0,1,0,0,1,0,1,1,0,0,1,0,1,1,1,1,1,0,1,0,1,0,0,0,0,0,1,0,1,0.729220
0,0,1,1,1,0,0,0,1,1,1,1,0,0,1,0,1,1,0,1,0,1,0,1,0,0,1,1,0,1,1,1,0.631687
0,0,0,1,1,1,0,0,0,0,0,1,0,1,0,0,0,0,0,0,1,1,0,1,0,0,1,1,1,1,0,1,0.650975
0,0,0,0,1,1,1,1,0,1,1,1,1,0,1,1,1,0,0,1,1,1,0,0,0,1,1,1,1,0,1,1,0.749441
0,1,0,0,1,0,1,0,0,0,0,1,1,1,1,0,0,0,1,1,1,0,0,1,0,0,1,1,0,0,1,1,0.635843
0,0,0,0,1,1,0,0,0,0,1,1,1,1,1,1,1,1,1,0,0,0,0,0,0,1,0,1,1,0,0,0,0.564232
