0,0,1,1,0,1,1,1,0,1,0,0,0,1,1,0,0,1,0,0,1,1,1,0,1,0,1,0,0,1,1,1,0.641757
0,1,0,0,1,1,0,1,1,1,0,1,0,0,1,1,1,1,0,1,0,1,0,0,0,1,0,0,1,0,0,1,0.599718
0,0,1,0,1,1,0,0,1,0,0,1,1,0,1,0,0,0,1,0,1,1,1,0,1,1,0,0,0,1,1,0,0.521473
1,0,1,0,0,1,0,1,1,1,1,0,0,1,1,0,1,0,0,1,0,1,0,0,1,0,1,0,1,0,0,0,0.619086
1,0,1,1,0,0,1,0,1,1,1,0,1,0,1,1,1,1,0,0,0,1,0,0,0,1,0,0,0,0,1,0,0.607417
0,0,1,0,1,1,0,0,0,1,1,0,1,0,0,1,0,0,1,1,1,0,0,1,0,0,1,1,0,1,1,0,0.569693
0,1,1,1,0,0,1,1,0,0,1,1,0,0,1,0,1,1,1,0,1,0,0,1,1,1,0,0,0,0,1,1,0.596947
0,1,0,0,0,1,1,1,0,0,0,0,0,0,1,0,1,1,0,0,0,0,1,1,1,0,0,1,1,1,0,0,0.536232
0,1,1,0,0,1,1,0,1,1,0,1,0,0,0,1,1,0,0,1,0,1,1,1,0,1,1,0,0,1,1,1,0.709639
1,0,1,0,0,0,0,1,1,0,1,1,1,0,1,0,1,0,0,1,1,1,1,0,1,1,1,0,0,1,0,0,0.599504
1,0,0,1,1,0,1,1,1,1,1,1,0,0,1,0,1,0,0,1,1,1,1,1,1,1,0,1,1,0,0,0,0.651614
0,0,1,1,0,1,0,1,0,1,0,0,1,0,1,1,0,1,0,1,1,0,1,0,1,1,1,0,0,1,0,1,0.672954
0,1,1,1,1,0,1,1,0,0,0,1,0,0,0,1,0,1,0,1,1,1,1,0,0,0,0,1,1,1,1,0,0.603687
1,0,0,1,1,0,0,0,0,1,0,1,1,0,1,0,0,1,0,1,0,1,1,1,0,1,0,1,1,1,1,0,0.642876
1,0,1,1,1,1,0,0,0,0,1,1,0,1,0,1,1,0,0,1,0,1,0,1,0,1,0,1,0,1,1,1,0.732364
0,0,0,0,0,1,1,0,0,0,0,1,0,0,1,0,1,1,0,0,1,1,0,0,0,0,0,1,1,1,1,1,0.557944
0,1,1,1,0,1,0,1,1,1,1,1,0,1,1,0,0,1,1,1,0,0,1,1,1,0,0,0,0,1,1,1,0.645887
0,1,1,1,1,1,0,1,1,1,1,1,0,0,0,0,0,1,1,1,0,0,1,0,1,0,1,0,1,1,0,1,0.621990
0,0,1,0,1,1,0,0,1,1,0,0,0,0,0,0,1,1,1,1,1,0,1,1,0,0,1,0,0,0,0,0,0.590100
1,1,1,0,0,0,1,0,1,1,0,1,1,0,1,1,1,0,0,0,1,0,1,1,1,0,1,0,0,0,1,1,0.626172
0,1,1,1,1,1,1,0,1,1,1,0,0,1,1,0,0,1,1,0,0,0,0,1,1,0,0,1,1,0,1,0,0.609681
1,1,0,0,1,1,1,0,0,1,0,0,1,1,1,0,1,1,1,1,1,1,1,0,1,1,1,0,0,0,1,1,0.650043
1,1,1,1,0,1,0,1,1,0,0,1,0,1,0,1,1,1,0,1,1,0,0,0,0,1,0,0,0,0,1,1,0.696158
1,0,0,1,1,1,0,0,0,1,1,1,1,0,1,0,0,0,1,0,1,1,0,1,0,0,0,0,1,0,0,1,0.589940
1,0,0,1,0,1,1,0,0,0,1,0,0,0,0,0,1,1,0,1,0,1,1,1,0,1,0,0,1,0,1,0,0.581042
0,1,1,1,1,1,1,0,1,1,1,0,1,1,0,1,1,0,0,0,0,1,0,0,1,1,0,0,1,1,1,0,0.659340
0,1,0,1,0,1,1,1,1,0,1,0,0,1,1,1,0,1,1,0,0,0,0,0,1,1,1,0,1,0,0,1,0.619912
1,0,1,0,0,0,1,0,0,0,1,0,0,0,1,0,1,0,0,0,0,1,0,1,1,1,1,0,1,1,1,1,0.667493
0,0,1,0,0,0,0,0,1,1,1,0,0,0,0,1,1,0,0,1,0,0,1,1,0,1,0,1,1,1,0,1,0.674153
1,0,1,1,1,1,1,1,1,1,0,1,1,1,0,1,1,1,1,0,0,1,0,1,0,0,0,1,1,0,1,0,0.641304
0,1,1,1,0,0,1,0,1,1,0,0,0,0,1,1,0,0,0,0,1,0,1,0,0,0,0,0,0,0,1,0,0.539455
0,1,0,0,1,1,0,0,0,0,0,0,1,1,0,1,1,1,0,0,1,1,1,1,0,0,0,0,0,1,1,0,0.533781
0,1,0,1,1,0,1,1,1,1,1,1,1,0,1,1,1,0,0,0,1,1,1,1,0,0,0,1,0,1,1,0,0.632380
1,1,1,1,1,0,0,1,1,1,1,0,1,1,1,1,0,1,0,0,1,0,0,1,0,1,1,0,0,0,0,0,0.603394
0,0,0,1,0,1,1,0,0,0,0,0,0,0,0,0,0,1,0,0,0,1,1,1,1,1,1,1,1,1,1,0,0.579337
0,0,0,1,1,0,1,1,0,0,0,0,0,1,0,0,1,0,0,1,1,0,0,0,0,0,1,1,1,1,1,0,0.576487
0,1,0,0,0,1,1,0,0,1,1,0,0,0,1,0,1,1,1,1,0,0,0,1,1,1,0,0,0,1,1,1,0.621057
0,1,1,1,1,1,1,0,1,0,0,0,0,0,0,1,1,0,1,0,1,1,0,0,0,0,1,1,1,0,1,0,0.596654
0,0,1,0,0,1,1,0,0,1,0,1,1,1,0,1,1,1,1,1,0,1,0,1,0,0,1,1,1,1,0,0,0.649243
1,0,1,1,1,1,1,1,0,1,0,1,1,0,1,0,1,0,1,0,0,0,0,1,0,0,0,0,0,0,1,1,0.608136
1,0,0,0,1,1,1,0,1,0,1,1,1,0,0,0,1,0,0,1,0,0,1,1,1,1,0,0,1,0,0,0,0.592525
1,0,1,1,0,1,1,0,0,0,1,0,1,0,0,0,0,1,1,0,1,1,0,1,0,0,1,0,0,0,1,1,0.577099
1,0,0,1,1,1,1,0,0,0,1,0,0,1,0,0,0,1,0,0,0,1,1,1,1,1,0,0,0,0,0,1,0.577632
0,0,0,1,0,1,0,0,1,1,0,1,1,0,0,0,0,0,1,0,1,0,0,0,0,0,1,1,1,1,0,1,0.548247
1,1,0,0,0,0,1,0,1,1,1,0,1,0,1,1,0,0,0,1,1,1,0,0,1,0,1,0,0,1,0,1,0.595029
1,1,1,1,0,0,0,0,1,1,1,1,0,1,0,1,0,1,1,1,1,0,1,0,0,1,0,0,1,0,0,0,0.609628
1,1,1,0,0,1,0,1,0,1,0,1,0,1,0,0,0,0,1,1,1,1,1,0,0,1,1,0,1,0,1,1,0.638134
0,0,1,1,1,0,1,0,1,0,0,0,1,1,0,1,1,1,1,0,0,1,0,1,0,1,1,1,1,0,0,1,0.636243
0,1,1,0,1,0,0,1,1,0,1,1,0,0,0,1,0,1,0,0,0,1,0,1,1,0,0,0,0,1,1,1,0.665574
0,1,0,0,1,0,0,0,0,1,0,0,0,1,1,1,1,1,0,1,0,0,0,0,0,1,1,1,0,0,1,1,0.613251
0,1,1,0,0,1,1,0,1,0,0,0,1,0,1,1,0,0,1,1,0,0,0,0,1,0,0,0,1,1,1,1,0.640985
1,0,1,1,0,1,0,0,0,0,1,1,1,1,0,0,1,0,0,0,1,1,1,0,0,0,1,0,1,1,0,0,0.578698
0,0,1,0,0,1,1,1,1,1,0,0,1,0,0,0,0,0,0,1,0,0,0,1,1,0,1,1,0,0,0,1,0.562660
0,0,1,1,0,0,0,0,0,0,0,0,1,0,0,1,0,1,1,0,0,1,0,1,1,0,0,1,1,1,1,0,0.537964
0,1,1,0,1,1,1,0,0,0,1,1,0,0,1,1,1,1,0,1,1,0,1,0,0,1,0,0,1,1,1,1,0.776774
1,0,1,0,0,1,1,0,0,1,1,1,1,1,0,1,1,0,0,0,0,1,0,0,1,0,0,0,1,1,1,0,0.579604
1,0,0,1,1,1,0,0,1,0,0,1,1,0,0,0,1,1,1,0,0,0,0,0,0,1,0,1,1,1,0,1,0.607923
0,1,0,1,0,1,1,0,1,0,1,1,1,1,0,1,1,1,0,1,0,0,1,1,0,0,0,0,0,1,1,1,0.643382
1,1,1,1,1,0,1,1,0,0,1,1,1,1,0,0,1,0,0,0,1,1,1,1,0,1,1,0,0,0,1,0,0.630675
1,1,0,0,1,0,1,0,0,0,1,1,0,1,0,0,0,1,1,0,0,1,1,1,1,1,1,1,1,1,0,0,0.641757
1,0,0,0,1,0,1,0,1,1,1,1,0,1,0,0,1,0,0,0,0,1,1,0,0,0,0,0,0,0,0,1,0.575021
0,0,0,1,1,0,0,0,1,0,0,1,0,1,1,1,0,0,1,1,1,0,1,1,1,0,1,1,1,0,1,1,0.706468
1,1,1,0,0,0,1,1,1,0,1,0,1,1,1,0,1,0,0,1,0,1,1,0,0,1,0,1,1,0,1,1,0.653026
0,0,0,0,1,0,0,0,1,1,0,1,1,1,0,1,1,1,0,0,1,1,0,1,1,0,0,1,0,1,1,0,0.549126
0,0,0,1,1,0,1,0,1,0,1,1,0,0,0,1,1,0,0,0,1,0,0,1,0,1,0,1,0,0,1,1,0.585944
0,0,0,1,1,1,0,1,0,0,0,1,1,1,0,1,0,0,0,0,1,1,1,0,1,0,1,1,0,0,0,1,0.502717
1,1,1,0,1,0,1,0,1,0,0,1,1,0,1,1,1,1,1,1,0,1,0,0,0,1,1,0,1,0,0,1,0.649856
0,0,0,1,0,1,0,1,0,0,1,1,0,1,0,1,0,0,0,0,1,0,0,1,0,1,0,1,0,0,0,1,0.539828
0,0,1,0,1,0,0,1,1,0,0,1,1,1,0,0,1,1,0,1,1,1,1,1,0,1,1,1,1,1,0,1,0.678708
0,0,0,0,0,0,1,0,0,0,1,1,1,1,1,1,0,1,0,1,0,0,0,1,0,0,1,1,1,0,1,0,0.551710
0,0,0,1,1,0,1,0,0,1,1,1,0,1,0,1,1,0,0,1,0,1,0,1,0,0,0,0,1,0,1,0,0.558264
1,0,1,0,1,1,0,0,1,1,1,1,1,1,0,0,1,1,1,1,1,1,0,1,1,0,1,0,1,1,1,0,0.641864
1,0,0,1,1,0,1,0,1,0,0,0,1,0,1,0,0,0,1,1,0,0,0,0,1,1,1,0,0,0,1,0,0.551311
1,0,1,1,1,0,1,1,1,0,1,1,0,1,0,0,1,1,1,0,0,0,1,1,1,0,0,0,0,1,1,0,0.632886
1,0,0,0,0,0,1,0,0,0,0,1,1,1,0,0,1,0,0,1,1,0,0,0,0,0,1,1,1,0,1,1,0.593137
1,1,0,0,1,1,0,1,0,0,0,0,1,0,1,0,0,0,0,1,1,1,0,1,0,0,1,0,0,1,0,1,0.531730
1,0,1,0,0,0,0,1,1,0,0,0,0,1,1,1,1,0,0,0,1,0,1,0,1,1,1,1,1,0,1,1,0.663470
0,1,1,1,0,0,0,1,1,1,0,0,1,0,0,1,1,0,1,0,0,0,0,1,0,1,0,1,0,0,1,0,0.569853
0,1,1,1,0,1,1,0,0,1,0,0,1,0,1,1,0,1,1,1,1,1,0,0,1,0,0,1,0,0,1,0,0.608349
0,0,0,0,0,1,1,1,0,1,0,1,1,0,1,1,0,1,1,1,0,0,1,0,0,1,1,1,0,0,0,1,0.650922
0,1,1,1,0,1,0,1,0,0,1,1,0,1,1,1,1,0,0,0,0,0,0,1,1,0,1,1,1,0,1,0,0.620258
1,0,1,1,1,1,1,0,0,1,1,1,1,0,1,1,0,1,0,1,1,0,1,0,0,0,1,1,1,1,1,0,0.654545
1,1,1,0,0,0,1,1,1,0,0,0,1,1,0,1,1,1,0,1,0,1,0,1,0,0,1,1,0,0,0,0,0.609362
1,1,0,1,0,0,0,1,1,0,1,1,0,1,0,0,0,1,1,1,1,0,1,0,1,0,0,1,1,0,0,0,0.598306
1,1,0,1,1,0,1,1,1,1,1,1,0,1,1,0,1,0,0,1,0,0,0,1,0,1,1,0,1,1,1,0,0.660886
0,1,0,1,0,1,0,1,0,0,1,1,0,0,1,1,1,0,1,1,0,0,0,0,0,1,0,1,0,0,0,0,0.590606
1,0,0,1,0,1,0,1,1,0,1,0,0,1,0,0,0,1,0,0,1,1,1,0,0,0,1,1,1,1,1,0,0.596254
0,1,1,1,1,1,0,1,1,1,1,0,0,0,1,1,0,0,1,1,1,1,0,1,0,1,0,1,1,0,1,0,0.642157
1,1,1,1,1,1,1,0,0,1,0,0,1,1,0,0,1,0,0,0,0,0,0,0,1,1,0,1,0,0,1,1,0.638001
1,0,1,1,1,1,1,0,1,0,1,1,1,1,0,1,1,1,0,1,1,0,1,0,1,1,0,1,1,1,1,0,0.652627
1,1,0,1,1,0,1,1,0,0,0,0,1,0,0,1,0,0,1,1,1,0,1,0,1,1,0,0,0,0,0,1,0.652707
0,1,1,1,0,0,1,1,1,0,0,1,0,0,0,0,1,1,0,0,1,0,0,1,0,1,1,1,1,0,0,0,0.584532
1,0,0,0,0,1,1,1,1,0,0,0,1,0,0,0,0,0,1,0,1,1,0,0,0,0,0,0,0,0,0,0,0.646153
0,0,0,1,0,0,1,0,1,0,1,1,0,1,1,1,0,0,1,1,1,1,0,0,1,1,0,0,0,1,1,0,0.628330
0,1,0,1,0,1,1,1,1,0,0,0,1,1,1,0,1,0,1,1,0,0,0,0,0,0,1,1,1,1,0,1,0.619698
0,0,1,0,1,1,0,0,0,0,1,1,1,0,0,0,0,1,1,0,0,1,0,1,1,0,0,1,0,0,1,1,0.510417
0,1,1,1,0,0,1,1,1,1,1,0,1,0,0,0,1,0,0,0,1,1,1,0,1,1,0,0,1,1,0,0,0.595828
0,0,1,1,1,0,0,0,1,0,0,0,1,1,1,1,1,1,1,0,0,1,0,0,1,0,0,1,0,1,0,1,0.612665
1,0,1,1,1,1,1,1,1,1,0,0,1,0,1,1,0,1,0,0,0,1,1,0,0,1,1,1,1,0,0,1,0.610774
1,0,1,0,1,1,0,0,1,1,1,0,0,0,1,0,1,0,1,0,0,1,1,1,1,0,1,0,1,1,1,1,0.655930
1,1,1,0,0,1,0,1,0,1,0,1,1,1,0,0,0,0,1,1,0,0,1,0,0,0,1,1,0,1,0,1,0.591752
0,0,1,0,0,0,0,0,0,1,0,0,1,1,0,0,0,1,1,1,1,0,1,1,0,0,0,0,0,0,1,1,0.558451
1,1,0,0,1,1,0,1,1,1,1,1,0,1,0,0,0,1,0,1,1,0,0,1,0,0,0,1,0,0,0,1,0.593510
0,0,0,0,0,0,0,1,1,1,1,1,0,1,1,0,0,0,0,0,0,0,0,0,0,1,0,1,1,1,1,1,0.656783
0,1,0,0,1,0,1,0,1,0,1,0,0,0,1,0,0,0,1,0,1,0,1,1,1,1,0,1,1,0,1,0,0.582321
1,0,1,0,1,0,1,0,0,0,0,0,0,0,0,1,1,0,1,0,0,0,0,1,0,1,1,0,1,0,0,1,0.570119
0,0,0,0,0,0,1,1,0,0,1,1,1,1,1,1,1,0,1,1,0,1,1,0,0,0,1,0,1,0,1,0,0.564525
0,0,0,0,1,1,0,0,0,1,1,1,1,0,0,1,1,0,1,1,1,0,0,0,0,0,1,1,1,0,1,0,0.586264
1,1,0,0,0,0,0,0,1,0,0,1,1,1,0,0,0,1,1,1,0,0,1,0,0,1,1,0,0,1,1,0,0.592871
0,0,1,0,1,0,0,1,0,1,1,1,0,0,0,1,0,0,1,1,1,0,0,0,1,0,0,0,1,0,1,1,0.657875
1,0,0,0,1,1,0,1,0,0,1,0,0,1,1,1,0,1,0,0,1,0,1,0,1,1,0,1,1,1,1,1,0.756714
0,0,1,0,0,0,1,0,0,0,0,0,1,0,1,0,0,1,1,1,0,0,1,1,0,1,1,1,1,1,1,1,0.804934
0,1,0,0,0,1,1,1,0,1,0,1,0,0,1,0,0,1,1,0,1,0,1,1,0,0,1,0,1,0,0,1,0.590287
1,1,0,1,0,1,1,1,1,0,0,1,0,1,1,0,1,0,0,1,1,1,0,0,0,1,0,0,1,1,1,0,0.649696
0,0,1,0,1,0,1,0,0,1,0,1,0,1,0,0,1,0,1,1,0,0,1,0,0,1,1,0,1,1,1,0,0.581948
0,1,0,0,1,1,1,0,1,1,1,0,1,1,1,1,0,0,1,1,1,0,0,0,0,0,0,0,0,0,1,0,0.625133
0,0,0,1,1,0,0,0,1,0,1,0,0,1,1,0,1,1,0,0,1,0,0,1,0,1,0,0,1,1,1,1,0.636456
0,0,0,1,1,0,0,1,1,0,1,1,1,1,0,0,1,0,0,1,1,1,0,1,0,0,1,1,1,1,1,0,0.661685
1,0,1,0,1,1,0,1,1,1,0,1,1,0,0,0,0,1,0,0,0,0,1,1,1,1,0,0,1,1,0,1,0.600783
0,0,0,1,1,0,1,1,1,1,0,0,1,0,0,1,1,1,1,1,1,1,0,0,0,1,1,1,0,0,1,0,0.604433
0,0,1,1,0,0,1,1,0,1,0,1,1,0,1,0,1,1,0,1,0,1,1,1,0,0,0,1,0,0,1,1,0.667253
0,1,0,0,0,1,1,0,1,0,0,1,0,0,0,1,1,0,0,1,1,1,1,1,0,1,1,1,0,0,1,1,0.681852
0,1,1,0,0,0,0,1,0,0,0,1,0,0,0,0,1,0,0,1,0,0,0,0,0,0,0,1,0,0,0,1,0.494512
1,0,1,1,1,1,1,1,0,0,1,0,0,0,1,1,1,1,1,1,1,0,1,1,0,0,1,1,1,1,0,0,0.664402
1,1,0,0,1,1,1,1,1,1,1,0,0,1,0,0,0,0,0,0,1,1,0,0,0,1,0,0,1,1,1,1,0.612932
1,0,0,1,0,0,1,0,1,1,1,1,1,0,1,1,0,0,1,1,1,0,1,0,1,1,1,0,1,0,0,0,0.597640
0,0,0,0,0,1,0,0,1,1,1,1,0,0,0,0,1,1,1,1,0,1,1,0,1,1,0,0,1,0,1,1,0.727994
1,1,0,1,1,1,1,1,1,1,0,1,0,1,1,0,0,0,0,0,1,0,0,1,0,1,0,1,1,1,1,0,0.664029
