0,1,0,1,1,1,1,0,1,0,1,0,0,0,0,1,0,1,1,0,1,1,1,0,1,1,0,0,1,0,0,0,0.624174
0,1,1,1,1,1,1,1,1,1,1,0,1,1,0,0,0,1,0,1,0,1,0,0,1,0,1,1,0,0,1,1,0.555973
1,0,0,1,1,0,0,1,1,0,1,1,1,1,1,0,1,0,1,0,0,0,1,1,1,0,0,0,0,0,1,1,0.713209
1,1,0,1,1,0,0,1,0,0,1,0,1,1,1,1,1,1,0,1,0,0,1,1,1,1,0,0,1,0,0,0,0.593004
1,1,0,1,1,1,1,0,0,0,1,1,0,1,0,1,0,0,1,1,0,0,1,1,0,0,1,0,0,1,0,1,0.582321
0,1,0,1,0,0,0,1,0,0,1,1,0,0,0,0,0,1,0,1,1,1,1,0,0,0,0,1,1,0,0,0,0.612292
0,1,0,1,0,0,1,0,1,0,0,1,0,0,0,0,0,1,0,0,1,1,1,0,0,0,0,0,1,0,0,1,0.757380
0,1,1,1,1,1,0,1,0,1,1,0,0,1,1,1,0,0,0,1,1,1,1,0,1,1,0,0,0,0,1,0,0.605925
0,1,0,0,0,0,1,0,0,1,1,0,1,0,1,1,0,0,1,1,0,1,0,0,0,1,1,1,0,0,0,0,0.756500
1,0,1,1,0,1,0,1,0,0,1,1,0,0,1,1,1,1,0,1,1,0,0,0,0,0,1,0,0,0,1,0,0.605525
1,0,1,0,1,1,0,1,1,1,1,0,0,0,0,1,0,1,0,1,0,0,0,0,0,1,1,1,0,1,0,0,0.681133
1,1,1,0,0,0,1,1,1,1,0,1,0,0,1,1,0,1,0,1,1,1,0,1,1,1,1,1,1,1,1,0,0.608483
1,1,0,1,0,1,0,1,0,1,0,0,0,1,1,1,1,0,1,1,0,0,1,1,0,0,1,0,0,0,1,0,0.604087
1,1,1,0,1,0,0,1,0,1,0,1,0,1,0,1,1,0,1,0,1,1,0,1,0,0,1,1,0,1,0,1,0.602089
1,0,1,1,0,1,0,1,0,1,0,1,1,1,0,1,0,1,1,1,0,1,0,1,0,0,0,0,1,1,0,0,0.612985
1,0,1,1,1,1,0,1,0,1,0,0,0,0,1,0,1,0,1,0,1,0,0,1,0,0,1,0,0,0,0,0,0.592125
1,1,1,1,1,1,0,0,1,0,0,1,0,1,1,0,0,1,0,1,0,0,1,1,0,0,0,1,1,0,0,0,0.675485
1,1,0,0,1,1,0,0,0,1,1,0,0,0,0,0,0,0,0,0,1,1,0,0,0,0,1,0,1,0,1,0,0.667413
0,1,1,0,0,0,0,1,0,1,1,1,1,1,1,0,0,0,0,0,1,0,0,1,1,1,0,0,1,1,0,1,0.638134
1,1,0,0,0,0,0,0,0,1,1,1,0,0,1,0,0,0,1,1,1,0,1,1,1,0,0,0,1,0,1,1,0.604673
1,0,0,1,0,1,1,1,1,0,0,0,0,1,0,0,1,1,1,1,1,1,0,1,1,1,1,0,0,0,1,1,0.708493
0,1,0,0,1,1,1,0,0,0,1,1,1,1,0,0,1,0,1,0,0,0,0,0,1,0,0,1,1,0,1,0,0.627051
1,0,1,1,0,1,1,1,1,1,0,1,1,1,0,0,0,1,0,1,1,0,0,1,0,0,0,0,1,1,1,0,0.592977
1,1,0,1,0,1,1,0,0,0,1,0,0,1,0,1,1,1,1,1,0,0,1,1,0,0,0,0,1,0,1,0,0.666187
1,1,0,0,0,0,1,0,1,1,0,0,0,0,1,1,1,1,0,0,0,1,1,0,0,1,1,1,0,0,0,0,0.681026
1,1,0,1,0,1,0,0,1,0,1,0,1,0,0,0,1,0,0,1,1,0,0,0,0,0,0,1,0,0,1,0,0.607390
0,1,1,0,1,1,0,0,0,0,0,0,1,1,1,0,1,0,1,1,1,1,1,0,0,1,0,0,0,0,1,0,0.794864
0,1,0,1,1,0,1,0,1,0,1,0,1,0,1,1,0,0,0,1,1,0,1,1,1,0,0,1,0,1,1,0,0.639493
0,0,0,0,0,1,1,1,0,1,1,0,1,0,0,0,0,0,1,1,1,1,1,1,0,0,0,1,0,1,0,0,0.602462
1,0,1,0,1,1,1,0,0,1,1,1,1,0,0,1,1,1,1,1,0,0,1,0,0,1,0,1,1,1,0,1,0.592924
1,0,1,1,1,1,0,1,1,0,1,1,0,0,1,1,0,1,1,0,0,1,1,0,0,0,0,0,0,1,1,0,0.636056
0,1,1,0,0,0,0,1,0,1,0,1,0,1,0,0,0,0,1,0,0,0,1,0,0,0,1,0,0,1,1,0,0.616208
1,0,1,0,0,0,0,1,0,1,0,0,0,1,0,0,1,1,0,1,1,1,0,0,1,1,0,1,0,1,0,0,0.651268
0,1,1,0,1,1,0,1,0,0,1,0,0,0,1,1,0,0,0,1,1,0,0,1,1,1,0,1,1,0,1,1,0.622283
1,1,1,0,1,1,0,0,0,1,0,1,0,0,0,1,1,1,1,0,0,1,0,0,1,1,1,1,1,0,0,0,0.602462
1,0,0,0,0,1,0,1,0,0,0,0,0,1,1,0,0,0,0,0,0,1,1,0,1,0,0,1,1,1,1,0,0.794757
0,1,0,0,0,0,0,0,1,0,1,0,0,1,1,0,1,1,0,1,1,0,1,0,0,0,1,0,0,1,0,1,0.590180
1,0,0,0,0,0,1,1,1,1,0,0,1,1,1,1,0,0,1,0,1,1,1,0,1,1,0,1,0,0,0,0,0.606138
0,0,1,1,0,1,1,0,1,0,0,0,0,1,0,1,0,1,1,1,0,1,0,1,1,1,0,1,0,1,1,1,0.640052
0,1,1,0,1,1,1,0,1,1,1,1,1,0,0,1,1,1,1,1,1,0,1,1,1,0,1,1,0,0,0,1,0.537191
0,1,0,1,0,1,0,1,0,0,1,0,0,0,1,1,1,1,0,0,0,0,1,1,1,0,1,0,0,0,1,0,0.605845
1,1,0,1,0,1,0,0,1,1,1,1,1,0,1,1,1,1,1,0,0,0,1,0,1,0,0,1,0,0,0,1,0.649510
1,0,0,1,1,1,1,1,1,1,1,0,0,0,1,1,1,1,0,1,0,1,1,0,0,1,0,0,1,0,0,0,0.569773
1,0,0,1,1,1,0,1,1,0,0,0,1,1,1,1,1,0,1,0,0,0,0,1,1,1,0,1,0,1,1,0,0.594070
1,1,0,1,1,1,0,0,1,1,1,1,0,1,0,0,1,1,1,0,1,0,1,0,1,0,1,0,0,0,0,0,0.675112
0,1,0,1,1,0,0,1,0,1,0,0,0,0,0,0,1,1,1,1,1,0,0,1,0,1,0,0,0,0,1,1,0.604646
1,1,0,0,1,0,0,1,1,0,0,0,1,0,1,1,0,0,1,0,0,1,1,0,1,0,1,0,1,0,1,0,0.638534
1,0,0,0,0,0,1,0,1,1,0,0,1,0,0,0,0,1,1,1,1,0,0,0,1,1,0,0,1,0,1,0,0.585092
1,1,0,0,1,1,0,0,0,1,1,1,0,0,1,1,1,0,1,0,1,1,0,0,1,0,0,0,1,1,1,0,0.589727
0,0,0,0,1,1,0,1,0,1,0,1,0,0,0,0,0,0,0,0,1,0,0,1,0,1,1,0,1,1,0,1,0.646553
1,0,0,1,1,1,1,1,1,0,1,0,1,0,0,1,0,1,0,0,0,1,0,0,1,1,0,0,0,0,0,1,0.660779
1,1,1,0,0,1,1,0,0,0,0,1,1,1,1,0,1,1,0,0,0,1,1,0,1,1,0,0,0,0,1,0,0.760017
1,1,0,1,1,1,1,1,1,1,1,0,0,1,1,1,1,0,1,0,0,1,0,0,0,1,1,1,1,1,1,0,0.577233
1,1,0,0,1,0,1,1,0,1,1,1,0,1,1,1,1,1,0,1,0,0,0,0,0,1,0,1,0,0,0,1,0.611280
0,0,0,1,1,1,0,1,0,0,0,1,1,1,1,0,0,0,1,0,1,0,0,1,0,1,1,0,0,1,0,0,0.677296
1,1,1,1,0,0,0,1,0,1,1,1,0,1,1,0,1,0,1,1,1,1,0,1,0,0,0,0,0,0,1,0,0.601955
1,0,1,0,1,1,0,1,0,1,0,1,1,0,1,0,0,1,0,1,1,1,1,1,1,0,1,1,1,0,1,0,0.758605
1,0,1,1,1,1,0,1,0,0,1,0,0,1,1,0,0,0,0,0,1,1,1,0,0,1,1,0,1,1,0,1,0.741635
1,0,1,1,1,0,1,1,0,1,0,1,1,0,0,0,0,1,1,1,0,1,0,0,1,1,1,0,1,0,1,1,0.550991
1,1,1,1,0,0,0,1,0,0,0,1,0,0,0,1,0,1,0,0,0,1,1,1,0,1,1,1,1,0,0,1,0.657103
1,0,1,0,0,0,1,0,1,0,0,0,0,0,1,1,1,0,1,1,1,0,1,1,0,1,0,0,1,1,1,1,0.629955
0,1,1,1,0,0,0,1,0,1,1,1,0,1,0,0,0,1,1,0,0,0,1,0,1,0,0,1,1,0,0,1,0.698316
1,0,1,1,0,0,0,0,1,0,0,0,1,0,0,0,1,1,1,1,0,0,1,1,1,0,1,0,1,0,1,1,0.843936
0,1,1,1,0,1,1,0,0,1,0,1,1,1,0,0,1,1,0,1,0,1,1,1,0,1,1,1,0,1,0,0,0.620924
1,0,1,0,0,1,1,0,1,1,1,0,1,0,1,1,1,0,1,1,1,1,0,1,1,0,1,0,0,0,0,0,0.589008
1,0,1,1,1,0,1,1,1,0,0,0,0,0,0,1,1,0,0,1,0,0,1,0,1,1,1,0,1,1,1,1,0.600703
1,1,0,0,0,1,1,0,0,0,0,0,1,0,1,0,1,1,0,0,0,0,0,1,0,1,0,1,1,1,1,1,0.674499
1,1,0,0,0,1,0,1,1,0,1,0,0,1,0,0,1,0,0,0,1,1,0,1,1,0,0,1,0,1,0,1,0.667013
1,0,0,0,1,0,0,0,0,1,0,0,1,1,1,1,0,0,1,0,1,1,1,0,1,1,1,1,1,1,0,1,0.602675
0,1,1,0,1,0,0,0,0,0,0,0,0,1,0,0,0,1,0,0,1,0,1,1,1,1,1,0,1,1,0,0,0.749734
0,0,1,0,0,1,1,0,1,1,1,1,1,1,0,1,1,1,0,0,1,0,1,1,0,1,1,1,1,0,0,0,0.575368
0,0,1,0,0,0,0,1,1,0,1,0,1,0,1,1,0,1,0,1,0,0,0,1,1,1,1,1,0,0,1,0,0.859175
0,0,0,1,1,0,1,0,1,1,1,1,1,0,1,0,1,1,1,0,0,0,0,1,1,0,0,1,0,1,0,0,0.694906
1,0,0,1,0,0,0,0,1,0,1,0,0,1,0,1,1,0,1,1,1,1,1,1,0,1,0,1,1,1,1,1,0.575261
0,0,0,1,0,1,0,0,1,0,1,0,0,0,1,1,0,1,0,0,1,1,1,1,1,0,1,0,0,1,0,1,0.648817
1,1,0,0,1,1,1,0,0,0,1,0,1,1,1,1,1,1,0,1,0,1,1,0,1,0,0,0,1,0,1,0,0.696691
0,0,1,0,1,0,1,0,0,1,1,0,0,1,1,1,1,0,1,1,1,0,0,0,1,1,1,0,1,0,0,0,0.738518
1,1,0,1,1,0,0,0,1,0,0,0,1,0,0,0,0,1,0,0,1,0,0,0,0,1,1,1,0,0,0,0,0.709372
0,1,0,1,1,0,0,0,0,1,0,0,1,1,0,0,1,0,0,0,1,1,0,1,1,1,1,0,0,1,1,1,0.706389
0,1,1,0,1,1,1,0,0,0,1,0,0,0,0,1,1,1,1,0,0,1,0,1,1,1,0,0,0,0,0,1,0.607017
1,1,0,0,1,1,0,0,1,0,1,1,0,1,0,1,1,0,1,1,1,1,1,0,1,0,0,1,1,0,1,1,0.598119
0,1,0,1,1,1,0,0,0,1,0,0,1,0,1,0,0,0,0,0,1,0,0,0,0,0,0,0,1,0,1,0,0.690137
0,0,0,0,1,0,0,0,0,0,1,0,0,1,0,1,1,0,1,0,0,1,1,1,1,0,1,1,1,1,1,0,0.601716
1,1,0,0,1,1,1,1,0,1,1,1,1,0,1,1,1,1,0,0,0,0,1,1,1,1,1,0,1,1,0,1,0.819906
0,1,0,0,1,0,1,1,1,1,0,0,0,1,0,1,1,1,1,1,1,1,1,1,0,1,0,1,0,1,1,1,0.639466
0,1,0,1,1,1,1,0,1,0,1,1,0,0,1,1,1,1,0,0,1,0,0,0,0,1,0,1,1,1,0,1,0.677643
1,1,1,0,0,1,1,1,0,0,0,1,1,1,0,1,1,1,0,1,0,0,0,0,1,1,1,1,1,1,1,1,0.613038
0,1,0,1,1,0,1,0,1,0,1,0,1,1,0,0,1,0,1,0,1,0,1,0,1,0,1,1,1,1,1,0,0.572943
0,0,0,1,0,0,0,1,1,0,1,0,0,0,0,1,0,0,1,1,0,0,1,1,0,0,0,1,1,0,0,1,0.650336
0,1,0,0,0,1,0,0,1,0,0,0,0,0,1,0,1,1,0,1,0,0,0,0,0,0,0,1,1,0,1,1,0.662937
1,1,1,1,0,1,1,1,0,0,1,0,0,1,0,1,1,0,1,1,0,0,1,0,1,1,1,1,0,1,0,1,0.535779
0,1,0,1,1,0,1,1,1,1,0,1,0,1,1,1,0,1,1,0,1,1,1,0,0,0,1,1,0,1,1,0,0.578645
0,0,0,0,0,0,0,1,0,0,1,1,0,0,1,0,1,0,0,0,0,1,0,0,0,1,0,1,1,1,1,0,0.598625
1,0,1,1,1,0,1,1,0,0,1,0,0,0,0,0,1,1,1,0,0,1,1,0,1,0,1,1,0,1,0,0,0.602701
0,0,0,1,1,0,1,0,0,1,1,0,0,1,0,0,0,1,1,0,1,0,0,1,1,1,0,1,0,0,1,1,0.604380
1,1,0,1,1,0,1,0,0,0,1,0,1,0,0,1,0,1,1,0,0,1,0,1,1,0,0,0,1,1,0,1,0.588235
1,1,0,1,1,1,1,1,1,0,1,0,1,0,1,1,1,0,1,0,0,1,1,0,0,0,0,1,0,0,1,0,0.592684
0,0,0,0,0,0,0,1,1,1,1,1,1,0,1,0,1,1,0,0,0,1,1,1,0,0,1,1,0,0,0,1,0.600943
0,1,1,0,1,0,1,1,0,0,0,1,0,1,1,0,1,1,0,0,0,1,1,0,1,1,0,1,0,0,1,1,0.736626
0,1,1,0,0,0,0,0,0,1,1,1,1,1,1,1,0,0,0,1,0,1,1,0,0,1,1,0,0,0,1,0,0.654332
0,0,0,0,1,1,0,0,0,0,1,0,1,1,0,1,1,1,1,0,1,0,0,0,0,0,1,1,0,0,1,0,0.655158
1,1,1,0,0,1,1,0,0,0,0,0,0,1,1,0,1,0,1,0,0,0,0,0,0,1,0,0,0,0,0,1,0.590393
1,1,0,1,0,1,1,1,1,1,1,1,1,1,1,1,0,1,1,0,1,0,0,0,0,0,0,1,1,0,0,0,0.673780
1,0,1,1,1,1,0,1,1,0,0,0,0,1,0,1,0,0,1,1,0,0,0,0,1,0,0,0,1,0,0,0,0.613464
1,1,1,0,0,1,0,0,0,0,0,1,0,0,0,1,1,1,1,1,0,1,0,0,0,0,1,0,0,1,1,0,0.667572
0,1,0,0,0,1,0,0,1,1,0,0,0,0,1,0,0,0,1,1,1,0,0,1,0,0,0,0,1,1,0,1,0.609308
0,0,0,0,0,1,1,1,1,1,0,1,0,0,0,1,1,0,0,0,1,0,1,1,0,0,1,0,1,0,1,1,0.601955
0,1,1,0,0,0,0,0,1,1,1,0,1,1,0,1,1,0,1,0,0,1,1,1,0,1,1,1,0,0,1,1,0.550059
0,0,0,0,0,1,1,0,1,0,0,1,0,1,0,0,1,0,1,1,1,0,1,0,0,0,0,0,0,0,1,1,0.624520
0,0,1,1,0,0,0,0,1,0,1,1,0,1,1,0,1,1,1,1,0,0,0,1,0,0,0,0,0,1,1,1,0.687420
0,0,0,0,0,0,0,1,0,1,1,1,0,1,1,1,0,1,1,1,1,0,1,0,0,1,1,1,1,1,1,0,0.661152
1,0,1,0,0,1,0,0,0,0,1,0,0,0,1,0,0,1,1,1,0,1,0,0,1,0,0,0,1,0,1,1,0.682358
1,1,0,1,1,1,0,1,0,1,0,0,0,1,1,1,0,1,0,1,1,0,1,1,0,1,1,1,0,1,0,0,0.663470
1,0,1,1,1,0,1,1,1,0,1,1,1,1,1,0,0,0,0,0,1,1,1,1,1,0,0,1,1,0,0,0,0.661605
0,0,1,1,1,0,0,0,0,0,1,1,1,0,1,0,1,1,0,0,0,1,0,1,1,0,1,1,0,0,0,1,0.594896
0,0,1,1,1,1,0,0,0,1,1,0,1,0,0,1,0,0,0,1,1,1,0,0,1,0,0,0,0,0,0,1,0.656250
1,0,0,1,0,1,0,1,0,0,0,1,0,0,1,1,0,1,1,1,1,0,1,1,1,0,1,1,0,1,1,1,0.592338
0,1,0,0,1,1,0,1,1,0,1,0,1,0,0,0,1,1,1,0,0,0,0,0,0,0,1,0,0,0,0,0,0.655531
1,1,1,0,0,0,1,0,1,0,1,1,1,1,0,0,0,1,1,1,1,1,0,1,1,0,1,0,1,1,0,0,0.576167
1,1,0,1,1,0,0,0,0,0,1,1,0,0,0,1,0,1,0,0,1,0,1,0,0,0,1,1,0,1,1,0,0.655504
1,0,0,1,0,0,1,0,1,0,1,1,0,1,0,0,1,1,0,1,0,1,0,1,0,1,0,0,0,1,1,1,0.595855
1,1,0,0,1,1,0,0,1,0,1,0,0,1,0,0,1,1,0,1,0,1,0,0,1,0,0,0,1,0,0,0,0.649883
1,1,1,1,1,1,0,1,0,0,1,0,0,1,1,0,0,1,0,1,0,0,1,0,0,1,0,1,0,1,0,0,0.584186
1,0,0,1,1,1,0,1,1,0,0,1,1,1,0,0,0,1,0,1,1,0,0,0,0,0,1,0,1,0,1,0,0.765292
1,0,1,1,1,1,0,1,0,0,1,1,0,0,0,1,1,0,0,0,0,1,1,0,1,0,0,0,0,1,1,0,0.682705
1,0,0,1,1,1,1,1,1,1,1,1,0,0,0,0,0,0,0,0,0,1,0,0,1,1,0,0,0,0,0,1,0.647165
1,0,0,1,1,1,1,1,0,1,0,0,0,1,0,1,1,1,0,0,1,1,0,0,0,1,1,0,0,1,0,0,0.794144
0,0,1,1,1,0,0,0,0,1,0,1,0,1,0,0,0,0,0,0,0,0,1,1,0,1,1,0,0,1,0,0,0.624014
