0,0,0,1,1,0,1,0,1,0,1,1,1,0,0,1,0,1,1,1,1,0,1,1,1,0,1,0,1,1,1,0,0.618073
1,1,1,1,1,0,0,1,0,0,1,0,1,1,1,0,1,0,1,1,0,1,1,1,1,0,0,1,0,1,0,0,0.680120
1,1,1,1,0,0,1,1,1,1,0,0,1,1,1,0,1,0,1,1,0,0,1,1,0,0,1,0,1,1,1,1,0.710997
1,1,0,0,1,0,0,1,1,0,1,0,1,1,0,1,1,1,1,1,1,1,1,1,0,1,1,1,1,0,1,1,0.822597
0,0,1,1,0,0,0,1,0,1,0,0,0,0,1,0,0,1,1,0,1,0,0,0,1,1,1,0,0,0,0,0,0.196158
0,0,0,1,1,0,1,0,1,0,1,1,0,1,1,0,1,1,0,1,0,1,1,1,1,0,1,1,1,0,1,1,0.786738
1,1,0,0,0,0,1,1,0,1,0,0,0,1,0,0,1,1,1,1,1,1,1,1,0,0,1,1,1,1,0,0,0.657262
1,0,0,0,0,1,1,0,0,1,0,1,0,0,1,0,1,0,0,1,1,0,1,1,1,0,1,1,1,0,1,0,0.644368
0,1,1,0,0,1,1,0,1,1,1,0,1,0,0,1,1,1,1,1,1,0,0,1,0,1,0,0,0,1,1,1,0.739876
0,1,0,0,1,1,0,1,0,1,0,1,1,0,0,1,0,1,0,0,1,0,1,0,1,1,0,1,0,1,0,1,0.659820
0,1,1,1,0,1,1,0,1,1,0,0,1,1,1,0,0,0,0,0,0,1,0,1,1,0,0,0,0,0,0,0,0.536525
1,1,0,1,1,0,0,0,0,1,0,0,0,1,0,1,1,0,0,1,1,0,1,1,1,0,0,0,0,0,1,0,0.585678
1,0,0,1,0,0,0,0,1,0,0,0,0,0,1,1,1,1,0,1,1,0,0,1,0,1,1,1,0,0,0,1,0.640692
1,1,0,1,0,1,0,1,0,1,0,0,1,0,1,1,0,0,1,0,1,0,1,0,0,1,0,1,0,0,0,0,0.601076
0,0,0,1,1,1,1,0,0,1,1,0,0,0,0,1,0,0,0,1,0,0,0,0,1,1,0,1,0,1,1,0,0.523124
0,0,1,0,1,1,0,0,1,0,0,1,0,1,1,0,1,0,0,0,1,0,0,0,0,1,0,0,0,0,0,1,0.483269
1,1,1,0,0,0,0,1,1,0,1,0,0,0,0,1,1,1,1,0,1,1,0,0,0,1,0,0,0,0,0,0,0.872363
0,1,1,1,1,1,1,0,0,0,0,1,1,1,0,0,1,0,0,0,1,0,1,0,0,0,0,0,1,0,0,1,0.553229
1,0,1,1,1,1,1,0,1,0,1,0,1,1,0,0,0,1,1,1,1,1,1,0,0,1,0,1,0,1,0,0,0.655611
1,0,1,1,0,1,0,0,1,1,1,0,0,0,0,0,1,0,0,0,0,0,1,1,1,1,1,1,1,1,1,1,0.903186
0,0,1,0,0,0,1,1,0,1,1,0,0,0,0,0,0,0,0,1,1,0,1,0,0,1,1,0,1,0,0,1,0.387095
0,1,1,1,0,0,0,1,0,0,0,0,1,0,1,0,0,0,1,0,1,1,1,1,0,1,1,1,0,0,1,0,0.590953
0,1,0,1,0,1,0,0,1,0,0,0,1,1,0,1,1,0,1,1,0,1,0,1,1,0,1,1,0,1,0,0,0.592391
0,0,1,0,1,1,1,1,1,1,0,0,1,0,1,0,1,1,0,0,0,1,0,1,0,1,1,0,0,0,1,1,0.592045
0,1,0,1,0,1,0,1,0,1,1,0,0,1,0,0,1,0,1,1,1,0,0,0,1,0,0,1,1,1,0,0,0.562127
0,1,0,1,0,0,1,1,1,1,1,1,1,1,0,0,0,1,0,0,1,0,1,1,1,1,0,0,0,1,1,0,0.628357
0,1,0,1,0,0,1,0,1,0,1,0,1,1,0,0,1,0,1,1,1,1,1,1,1,0,1,1,1,1,0,1,0.729566
1,0,1,1,0,0,0,0,1,0,1,0,0,0,1,1,0,0,0,1,0,1,0,1,0,1,1,1,0,1,1,0,0.628250
1,0,1,0,1,1,1,1,1,1,0,1,0,1,0,1,1,1,0,1,0,1,1,1,1,0,0,0,1,1,1,1,0.742168
0,1,0,0,1,1,0,1,1,1,0,0,0,1,0,0,0,0,1,1,0,1,1,0,0,1,1,1,1,0,1,0,0.607603
1,1,0,0,1,0,1,0,1,0,0,0,1,1,1,0,1,1,1,0,1,0,0,0,1,1,1,1,1,0,1,1,0.673247
1,1,0,0,0,0,0,0,0,1,0,1,0,1,0,1,0,1,0,1,0,0,1,0,1,1,1,0,0,0,1,0,0.505515
0,0,1,1,1,0,1,1,1,1,0,0,0,1,0,1,1,1,1,0,1,1,1,1,0,0,1,0,0,1,0,0,0.656117
1,1,1,1,0,1,1,1,0,0,1,1,0,1,1,0,1,0,1,1,1,0,0,1,0,1,0,0,1,0,0,0,0.698743
1,0,0,1,0,0,1,1,0,0,0,0,0,1,1,1,0,1,0,0,1,0,0,1,1,1,0,0,1,1,0,1,0.657689
1,0,0,0,0,1,1,0,1,0,1,1,1,1,1,0,0,1,1,1,1,0,1,1,0,1,0,1,0,1,0,0,0.622069
0,0,0,0,1,1,0,0,0,0,1,0,0,1,0,1,0,1,1,1,0,1,0,1,1,1,0,0,0,0,1,1,0.633419
0,1,0,0,1,1,0,0,1,0,0,1,1,1,1,0,1,1,1,0,0,1,0,0,0,1,1,0,1,0,1,0,0.625266
0,0,0,1,1,1,0,1,1,0,0,0,1,0,1,1,0,1,0,0,1,1,0,1,0,0,0,1,1,1,1,0,0.618100
0,1,1,0,1,1,0,0,0,0,1,1,0,1,1,1,0,0,1,1,0,0,1,0,0,0,0,0,0,0,1,1,0.572144
1,0,0,1,1,0,1,1,0,0,0,0,0,1,1,0,0,0,0,1,0,1,0,0,0,1,0,1,1,1,0,0,0.587463
1,0,0,0,0,1,1,1,1,1,1,0,0,0,0,0,1,0,0,1,0,0,0,0,1,0,0,0,0,1,0,1,0.522325
1,0,0,1,0,1,1,0,1,1,1,0,1,0,1,1,0,1,0,0,0,1,0,1,1,1,1,0,0,0,1,1,0.672474
0,0,0,1,0,1,1,1,1,0,1,0,1,1,1,1,0,0,1,1,1,0,1,1,1,1,1,0,0,1,0,0,0.622149
1,1,0,1,1,1,1,0,0,1,1,0,1,1,1,1,1,1,1,0,0,1,1,0,0,1,1,1,1,1,0,1,0.829923
1,0,0,0,1,0,0,0,0,0,0,0,1,1,0,0,0,1,0,0,0,0,1,1,1,0,1,1,1,0,0,0,0.531756
0,1,1,0,0,0,0,0,1,1,1,0,0,1,0,0,1,1,1,1,0,0,0,0,1,0,0,0,1,1,0,1,0.597640
1,1,1,1,0,0,0,1,0,0,1,0,0,1,1,0,0,0,0,0,0,0,0,1,1,0,0,0,0,1,0,1,0.593164
1,1,1,0,0,1,1,0,1,1,1,0,0,0,0,0,1,0,1,1,1,0,0,1,1,1,1,0,0,0,1,0,0.786179
0,0,0,1,1,0,0,0,0,0,0,1,1,1,0,1,1,0,1,1,0,1,1,0,1,0,0,1,0,1,1,1,0.864264
0,1,0,1,0,1,0,0,1,1,1,0,1,0,1,1,0,1,0,0,0,0,1,0,0,0,1,0,1,1,0,0,0.550645
0,1,0,0,0,1,1,1,1,1,0,1,0,1,0,1,0,1,1,1,0,0,0,1,1,0,1,1,0,1,0,1,0.792306
1,1,0,1,1,0,0,1,0,0,1,1,0,0,1,1,1,1,1,0,0,0,0,1,1,0,1,1,0,0,0,0,0.787218
1,0,1,1,0,1,1,0,1,1,0,1,1,1,1,1,0,0,1,1,1,0,1,1,0,0,0,1,1,1,0,1,0.819107
1,1,0,0,1,1,0,1,0,0,1,0,0,1,0,0,1,0,0,0,1,1,1,0,0,0,0,0,0,1,0,1,0.567961
1,0,0,0,0,0,0,1,0,1,1,1,1,0,1,0,1,0,1,1,0,1,0,0,1,1,1,1,1,1,0,1,0.673087
1,0,0,0,1,0,1,0,0,1,0,1,1,1,1,0,0,1,0,1,1,1,1,1,1,0,1,1,1,0,1,1,0.787111
1,0,1,1,0,0,1,0,0,1,0,1,1,1,0,0,1,1,1,0,0,0,1,1,1,1,0,0,1,0,1,1,0.697091
1,0,0,0,1,0,0,1,0,1,1,0,1,1,0,1,0,1,1,1,0,0,0,1,0,1,0,1,1,1,0,1,0.790628
0,0,1,1,0,1,0,1,1,0,0,0,0,1,1,1,1,0,0,1,0,1,0,1,0,0,0,1,1,0,0,0,0.588448
0,1,1,0,0,0,0,0,1,1,0,1,1,0,0,0,1,1,0,0,1,0,0,1,0,0,1,0,0,1,1,0,0.551844
1,1,0,1,0,1,1,1,1,0,0,1,0,1,0,0,1,0,1,1,1,1,1,0,1,0,1,0,0,1,1,0,0.694507
0,1,0,0,0,0,1,0,1,1,1,1,1,0,0,1,0,1,1,0,0,1,0,1,0,1,1,1,0,0,1,1,0.742354
1,1,0,1,1,1,0,0,1,0,0,0,0,0,1,1,0,0,1,1,1,1,0,0,0,0,0,1,0,1,0,1,0.652787
0,1,1,0,0,0,1,1,0,1,1,1,0,1,0,0,0,1,0,1,0,0,1,0,0,1,0,1,0,1,0,0,0.502158
0,1,0,1,1,0,1,0,0,0,1,1,1,0,1,0,1,0,1,0,0,0,1,0,0,0,0,0,1,1,1,0,0.571238
1,0,1,0,1,0,0,0,0,0,1,1,1,0,0,0,1,0,0,1,1,1,1,0,0,1,0,0,1,1,1,1,0.608243
1,1,0,1,0,1,0,1,1,1,0,0,1,1,0,0,1,1,0,1,1,1,1,1,1,1,0,1,1,0,0,1,0.685502
1,1,1,1,0,1,1,1,1,1,1,0,1,1,1,0,1,1,0,0,0,1,1,0,1,1,0,0,0,1,1,0,0.836237
0,1,0,1,0,1,1,0,1,1,1,0,1,1,0,1,0,1,0,0,0,0,0,1,0,0,0,0,0,0,0,0,0.528692
0,0,0,1,0,0,1,0,0,1,0,1,1,1,1,0,0,0,1,1,1,1,0,0,1,1,0,0,0,1,0,0,0.326353
0,1,0,1,1,0,0,0,1,1,1,0,1,1,0,0,0,0,1,0,1,1,0,1,1,0,0,1,0,0,1,0,0.601902
0,1,1,0,1,1,0,0,1,1,0,1,0,1,0,1,1,1,1,1,1,0,1,0,0,1,0,1,1,0,0,1,0.708227
0,1,0,1,0,1,1,0,1,0,1,1,0,1,0,0,0,0,0,1,0,0,1,1,0,1,0,0,1,1,0,0,0.573023
1,1,1,1,0,1,0,0,0,1,1,1,1,0,1,1,0,0,0,1,0,1,0,0,1,0,0,0,0,1,1,0,0.627771
0,1,0,0,0,1,0,1,0,0,1,0,0,1,1,0,1,1,0,0,1,1,0,1,0,0,1,0,1,0,0,1,0.589274
0,0,0,1,0,1,1,1,0,0,1,1,1,1,0,1,1,0,0,1,1,1,1,1,1,1,1,1,1,1,1,1,0.839381
0,0,0,0,1,1,0,0,0,0,1,0,1,1,0,0,1,0,1,0,1,0,0,0,1,1,0,1,0,0,0,0,0.485401
0,1,1,0,0,0,1,0,0,0,0,0,0,1,0,0,0,1,0,0,1,0,1,1,0,1,1,0,1,1,1,1,0.659074
0,1,0,0,1,0,1,0,0,1,1,1,1,1,0,1,0,0,1,0,0,0,1,0,0,0,1,1,0,1,0,0,0.551311
0,1,0,0,0,1,0,1,1,0,1,0,0,1,1,0,1,1,1,1,1,0,1,0,1,0,0,0,0,0,1,0,0.579790
0,0,1,0,1,1,0,0,0,0,0,1,0,1,0,1,1,1,0,0,0,1,0,1,1,0,1,0,1,1,0,0,0.545769
1,1,0,0,0,1,0,1,0,0,0,1,0,1,0,0,1,0,1,0,0,1,1,1,0,0,1,1,1,0,1,1,0.735481
1,0,0,1,0,1,0,0,0,0,1,1,1,1,1,0,0,1,0,0,1,0,0,0,1,0,0,1,0,1,0,0,0.640372
0,1,0,0,1,0,0,0,1,0,0,1,1,0,0,1,1,0,0,1,0,1,0,0,0,0,1,0,0,1,0,0,0.508578
1,0,0,1,0,1,0,1,0,0,1,1,1,0,1,1,1,1,1,1,1,0,1,1,1,1,0,1,0,0,0,1,0.728714
1,0,0,1,0,0,1,0,1,0,0,0,1,0,0,1,0,1,1,1,1,1,1,1,1,0,0,0,0,1,1,0,0.586104
0,0,1,0,1,0,1,0,1,0,0,1,1,0,0,0,0,0,1,0,1,1,1,0,0,1,0,1,1,1,0,0,0.429721
1,1,0,0,1,1,1,1,1,0,0,0,1,1,1,0,1,1,0,1,1,0,0,0,0,0,1,1,1,1,0,0,0.717018
1,1,1,1,0,1,0,0,1,0,0,1,0,0,1,1,1,1,1,1,1,1,1,0,1,1,1,1,1,1,0,0,0.733296
0,1,0,1,1,0,0,0,1,0,1,0,1,0,0,1,1,0,0,0,0,0,0,0,1,1,1,1,0,1,1,1,0.806293
0,1,1,1,1,1,1,1,1,1,0,0,0,1,1,0,0,0,0,0,1,1,0,0,0,0,1,1,0,1,1,0,0.632060
0,0,0,0,0,1,0,0,0,1,1,0,0,1,1,1,0,0,1,0,1,1,1,0,1,0,1,0,1,1,0,1,0.637468
0,0,0,1,0,1,0,1,1,1,0,1,1,0,0,1,1,1,1,1,0,1,0,1,0,1,1,0,1,1,0,0,0.652201
0,1,1,0,0,1,1,1,1,0,1,1,1,1,1,0,1,0,0,0,1,1,0,1,0,1,0,0,0,0,1,1,0.663869
0,0,0,1,0,0,1,0,0,1,1,1,1,1,0,0,0,1,0,0,0,0,0,0,0,1,0,0,0,0,1,1,0.452046
0,1,0,1,0,0,0,0,1,1,0,0,0,0,1,0,1,1,0,1,1,0,0,0,0,1,1,1,1,0,1,1,0.665601
1,1,0,1,0,0,1,1,1,1,0,1,0,1,1,1,1,1,0,0,0,1,0,0,1,1,0,1,0,0,0,1,0.593057
1,0,0,0,0,0,0,0,1,0,1,0,1,0,1,0,1,0,1,0,0,1,0,1,0,0,0,1,1,1,1,0,0.564871
0,0,1,0,1,0,1,0,0,1,1,0,1,1,0,1,0,0,0,1,0,0,0,1,0,0,1,1,0,0,1,1,0.723732
0,0,1,1,1,0,0,0,1,1,0,0,0,0,0,1,1,1,1,1,0,0,1,1,0,1,0,1,0,1,0,0,0.572837
1,0,1,0,0,0,1,1,0,0,0,1,0,1,1,1,0,1,0,0,1,1,1,1,0,1,1,0,0,0,0,0,0.554961
0,0,0,1,0,1,1,1,0,1,0,0,0,1,0,0,1,0,1,1,0,1,1,0,0,0,0,1,1,0,1,1,0.630754
1,0,0,1,0,0,0,1,0,0,0,0,1,0,0,0,1,0,0,1,1,0,1,1,0,1,0,0,1,1,0,1,0.588262
0,1,1,0,0,1,0,1,0,1,0,0,1,1,1,0,1,0,0,1,1,0,0,1,0,0,0,1,1,1,1,1,0.875693
0,1,0,1,0,0,1,0,0,0,1,0,0,1,1,0,1,0,0,1,1,0,0,0,1,1,1,1,1,1,1,0,0.689871
0,0,1,1,0,0,0,0,0,1,1,1,1,1,0,0,1,0,0,0,1,0,1,0,1,0,0,0,0,0,1,1,0.566549
1,1,0,0,1,1,0,1,0,1,0,1,0,0,1,0,0,0,1,0,0,1,1,0,0,1,1,1,0,1,0,1,0.625266
0,0,1,0,0,1,0,0,1,0,0,0,0,0,1,1,1,1,0,1,0,1,0,0,1,1,1,0,1,0,0,1,0.585624
1,1,0,0,1,0,0,0,1,1,0,0,0,1,0,0,0,0,1,0,0,1,0,1,0,0,0,0,0,0,0,0,0.665468
1,0,0,1,1,0,1,0,1,1,1,1,0,1,0,0,0,1,1,1,0,0,0,0,1,0,1,0,1,1,1,1,0.727835
1,0,1,1,1,0,0,1,1,0,0,0,0,1,1,1,1,1,1,0,1,1,0,0,1,1,0,1,1,0,0,0,0.624441
1,0,1,1,0,0,1,1,0,0,0,1,1,0,1,0,0,0,1,0,1,1,1,1,1,1,1,0,1,0,1,0,0.584452
1,1,1,1,1,0,0,1,1,0,0,0,0,1,1,1,1,1,1,0,0,1,0,1,1,0,0,0,1,0,0,1,0.748215
0,0,0,1,0,1,0,1,0,1,0,1,1,0,0,1,0,0,1,1,0,0,0,1,0,0,1,1,1,1,1,0,0.601742
1,0,1,1,0,1,1,1,0,1,1,1,1,0,0,1,1,0,0,1,0,0,1,0,0,1,1,1,1,0,0,0,0.618873
1,1,0,0,1,1,0,0,1,1,1,1,0,1,1,0,0,0,0,1,0,0,0,1,1,1,1,0,0,0,1,0,0.628330
1,0,1,0,1,0,1,1,0,0,1,0,1,0,1,0,1,1,0,1,1,0,0,0,0,0,1,1,0,1,1,0,0.623561
1,0,1,0,1,0,1,0,0,1,0,1,1,1,1,0,1,1,0,1,0,1,0,0,0,0,0,0,1,1,0,1,0.583653
1,1,1,1,0,1,1,1,0,1,1,1,1,0,1,0,0,1,1,0,0,0,1,1,1,1,0,0,0,0,1,0,0.647751
1,0,0,1,1,0,1,0,1,1,1,1,1,0,1,0,0,0,1,1,1,0,1,0,0,1,0,0,0,0,0,1,0.598465
0,1,0,1,0,1,0,1,0,1,0,0,1,1,0,1,0,0,0,0,0,0,1,1,1,0,1,0,1,0,1,0,0.472133
1,1,0,0,0,1,1,0,0,1,1,0,1,0,1,0,0,0,1,1,1,0,1,0,0,0,1,1,0,0,0,0,0.614530
1,1,0,0,0,1,0,0,0,1,0,0,1,0,0,0,1,1,0,1,0,0,1,0,0,1,0,1,0,1,1,1,0.707108
0,1,1,0,0,0,1,1,1,1,1,1,1,1,0,0,0,1,0,0,1,1,1,1,1,1,0,1,1,1,0,1,0.729327
1,1,0,1,0,1,1,1,0,1,1,0,1,1,1,0,1,1,0,1,1,1,0,1,1,0,1,0,1,0,1,0,0.663816
0,0,0,0,0,0,0,1,0,0,0,0,1,0,1,1,0,0,0,0,1,0,1,0,0,0,0,1,1,0,0,0,0.379982
1,0,1,1,0,0,0,0,0,1,0,0,1,0,1,1,0,1,1,1,1,0,0,1,0,0,1,1,0,0,0,0,0.562074
